outputs/dr0.5_c0.1/nircam6_matched_f277w_f410m_dr0.5_c0.1.ecsv
# %ECSV 1.0
# ---
# datatype:
# - {name: label, datatype: int64}
# - {name: xcentroid, datatype: float64}
# - {name: ycentroid, datatype: float64}
# - {name: sky_centroid.ra, unit: deg, datatype: float64}
# - {name: sky_centroid.dec, unit: deg, datatype: float64}
# - {name: bbox_xmin, datatype: int64}
# - {name: bbox_xmax, datatype: int64}
# - {name: bbox_ymin, datatype: int64}
# - {name: bbox_ymax, datatype: int64}
# - {name: area, unit: pix2, datatype: float64}
# - {name: semimajor_sigma, unit: pix, datatype: float64}
# - {name: semiminor_sigma, unit: pix, datatype: float64}
# - {name: orientation, unit: deg, datatype: float64}
# - {name: eccentricity, datatype: float64}
# - {name: min_value, datatype: float64}
# - {name: max_value, datatype: float64}
# - {name: local_background, datatype: float64}
# - {name: segment_flux, datatype: float64}
# - {name: segment_fluxerr, datatype: float32}
# - {name: kron_flux, datatype: float64}
# - {name: kron_fluxerr, datatype: float64}
# - {name: kron_radius, unit: pix, datatype: float64}
# - {name: gini, datatype: float64}
# - {name: equivalent_radius, unit: pix, datatype: float64}
# - {name: kron4_2_flux, datatype: float64}
# - {name: kron4_2_fluxerr, datatype: float64}
# - {name: kron4_2_mag, datatype: float64}
# meta:
#   PHOTMJSR: 0.8704000115394592
#   PIXAR_SR: 2.11539874851881e-14
#   __serialized_columns__:
#     area:
#       __class__: astropy.units.quantity.Quantity
#       unit: !astropy.units.Unit {unit: pix2}
#       value: !astropy.table.SerializedColumn {name: area}
#     eccentricity:
#       __class__: astropy.units.quantity.Quantity
#       unit: !astropy.units.Unit {unit: ''}
#       value: !astropy.table.SerializedColumn {name: eccentricity}
#     equivalent_radius:
#       __class__: astropy.units.quantity.Quantity
#       unit: !astropy.units.Unit {unit: pix}
#       value: !astropy.table.SerializedColumn {name: equivalent_radius}
#     kron_radius:
#       __class__: astropy.units.quantity.Quantity
#       unit: !astropy.units.Unit {unit: pix}
#       value: !astropy.table.SerializedColumn {name: kron_radius}
#     orientation:
#       __class__: astropy.units.quantity.Quantity
#       unit: &id001 !astropy.units.Unit {unit: deg}
#       value: !astropy.table.SerializedColumn {name: orientation}
#     semimajor_sigma:
#       __class__: astropy.units.quantity.Quantity
#       unit: !astropy.units.Unit {unit: pix}
#       value: !astropy.table.SerializedColumn {name: semimajor_sigma}
#     semiminor_sigma:
#       __class__: astropy.units.quantity.Quantity
#       unit: !astropy.units.Unit {unit: pix}
#       value: !astropy.table.SerializedColumn {name: semiminor_sigma}
#     sky_centroid:
#       __class__: astropy.coordinates.sky_coordinate.SkyCoord
#       dec: !astropy.table.SerializedColumn
#         __class__: astropy.coordinates.angles.Latitude
#         unit: *id001
#         value: !astropy.table.SerializedColumn {name: sky_centroid.dec}
#       frame: icrs
#       ra: !astropy.table.SerializedColumn
#         __class__: astropy.coordinates.angles.Longitude
#         unit: *id001
#         value: !astropy.table.SerializedColumn {name: sky_centroid.ra}
#         wrap_angle: !astropy.coordinates.Angle
#           unit: *id001
#           value: 360.0
#       representation_type: spherical
#   astropy version: '5.1'
#   kernelfile: kernel_f277w_f410m.fits
#   make_catalog parameters:
#     ab_zpt: 31.4
#     coadd_bands: !!python/tuple [f277w, f356w]
#     deblend_contrast: 0.001
#     deblend_nlevels: 32
#     deblend_npixels: 1
#     detect_kernel_fwhm: 4.0
#     detect_kernel_npix: 7
#     detect_npixels: 4
#     detect_threshold_nsigma: 3.0
#     flag_isolated_buffer: 4
#     hst_bands: !!python/tuple [f606w, f814w, f125w, f140w, f160w]
#     jwst_bands: !!python/tuple [f115w, f150w, f200w, f277w, f356w, f410m, f444w]
#     near_border_kernelsize: 21
#     reference_band: f200w
#   make_catalog version: 1.4.0
#   photutils version: 1.5.0
# schema: astropy-2.0
label xcentroid ycentroid sky_centroid.ra sky_centroid.dec bbox_xmin bbox_xmax bbox_ymin bbox_ymax area semimajor_sigma semiminor_sigma orientation eccentricity min_value max_value local_background segment_flux segment_fluxerr kron_flux kron_fluxerr kron_radius gini equivalent_radius kron4_2_flux kron4_2_fluxerr kron4_2_mag
[from data line 3188]
3189 8381.309289666404 3806.2032208675078 214.81260010075746 52.820102043858746 8379 8384 3804 3809 27.0 1.3277248488360132 1.2754289861291261 47.71105084654215 0.27789165130943316 1.0994725205758156 4.913196826830918 0.0 73.51244404618626 1.1520754 83.87260442706419 2.0306494272270794 1.6561606343687059 0.2231375017122917 2.9316150714175193 92.74931039881082 3.1534188476024094 26.4817232768188
3190 3567.3921637020662 3810.2755810424155 214.85551400117916 52.85071591118573 3562 3573 3805 3815 95.0 2.5409880675823797 2.2081310713374287 47.286376372231274 0.4948034870283225 0.1609382792469007 1.0447696879301602 0.0 44.882929237146016 1.9909794 74.63485912847892 4.7912525305389835 2.2349244595204736 0.2798087221885166 5.499039842323396 85.4325878540341 7.588462908071416 26.570941095361913
3191 4346.362801389494 3819.617502648583 214.84846051548067 52.845817061256525 4340 4353 3806 3833 271.0 6.0816840665188705 2.7879904741920134 72.68324828620165 0.8887335681549271 0.19770959782368674 0.9824848413482352 0.0 109.15139667722359 3.4179854 170.25328389208235 7.136096156737948 1.8823471507744818 0.23202337972696188 9.287732724180174 170.35877822087087 11.164961771773509 25.82158870815099
3192 2655.3226416306397 3815.2311878381993 214.86360748704305 52.85653699163592 2648 2662 3808 3822 180.0 4.039150650743552 2.8011390170232087 46.99550198310007 0.7204594760792654 0.19874512298094743 0.8729966656499466 0.0 85.11800986125834 2.639512 132.82041697867396 5.995971289823696 2.066880615536462 0.21786652659560385 7.569397566060481 155.2787750455633 9.51241767200127 25.922219759109943
3193 8242.35210653157 3811.682627120586 214.81378159512457 52.82101484666379 8239 8243 3810 3814 17.0 1.4478882432532756 0.5645566454144078 -68.12947495784653 0.9208498872412413 -0.02244952288638966 0.00928483559858627 0.0 -0.08217710236861865 0.8087976 -0.03282813837295995 2.6261340408440503 3.292504647217359 -0.5674257709142873 2.326213245840639 -3.5744165555053105 4.221900746592422 nan
3194 7735.412100678751 3815.1291631940376 214.81826632822634 52.82425565387758 7732 7739 3812 3818 46.0 1.9691848779579348 1.6245812559448103 -29.61729173534078 0.5651299613594702 0.23822637352697532 0.5337483632087427 0.0 16.558597928568272 1.2623 52.515107174824394 4.506545195612861 2.8756691236461367 0.13476501285769663 3.826519928662906 73.14658766437057 7.569684812617869 26.73951482296154
3195 2627.3714844723404 3818.3839048784953 214.86382398139855 52.856731559573454 2626 2629 3817 3820 13.0 1.0562429261509372 0.8983676602831268 44.64823009301221 0.5259244450599624 0.2492103573953428 0.3217202582358603 0.0 3.6390146716545844 0.6862154 15.534917997401795 2.5832542479905216 3.0995165449496027 0.05239591725688471 2.0342144725641096 16.936502745660363 4.22413285796302 28.32794065783866
3196 6240.593325917194 3834.543698642619 214.8313970758459 52.83386073957014 6230 6257 3818 3849 583.0 4.992972170159238 4.072929226332327 87.87052712146985 0.5784294543613256 0.17622425428373084 9.6980263248436 0.0 750.3099420723586 4.594127 831.053366101383 6.239656805218372 1.7094585819674681 0.5696894091355733 13.622579184763433 938.6516565568006 9.75325747672232 23.96873887264459
3197 8638.682413000277 3822.1850312148317 214.8101370459236 52.81855214955776 8634 8643 3818 3826 51.0 3.119552144620682 1.3419989309795883 -44.827159829812985 0.9027385538178895 0.2531771017996262 0.3749002926105798 0.0 15.912982717494744 1.5093297 139.7504570087313 6.8040310145629315 3.5481103295817076 0.054316540874578344 4.029119531035698 277.5837299147701 10.836117308978821 25.29151498220823
3198 1034.262664723913 3820.015983566463 214.87804006831016 52.866859981678964 1034 1035 3819 3821 4.0 0.697156594239959 0.4400132696644393 -89.1772702954055 0.7756574330236569 0.23242690295764867 0.259656713537798 0.0 0.9885480991489768 0.37146804 20.486392676008833 1.9596049627745886 4.034693325383086 0.02754850271800064 1.1283791670955126 46.53479583067485 3.2738970662029026 27.230555467986154
3199 1011.5242192856388 3822.3963192928627 214.87821822258914 52.867017247683656 1010 1013 3820 3825 15.0 1.301911074132348 0.9269212245214511 -79.46526659760345 0.702210196305353 0.2718895000547385 0.31818959307759753 0.0 4.452070916630999 0.7443809 79.3049201749759 3.884138059007746 3.8844887086812547 0.030887635378621905 2.1850968611841584 186.56653703466839 6.176440341726833 25.722915623933986
3200 6684.425850606994 3823.097457860293 214.8275575359456 52.83097838138037 6681 6688 3820 3826 42.0 1.980417813198001 1.4497987250334294 38.580228417865165 0.6812325309994082 0.11547162052286676 0.3619320080200396 0.0 10.182061567937767 1.1118155 28.7188269614198 3.5998030835951473 2.8371415685588746 0.16169439649326178 3.656366395715726 39.411598061394244 5.82142802716145 27.410939887514097
3201 7835.638005829619 3834.4616152751328 214.81716908901453 52.823722794304295 7821 7849 3822 3849 456.0 7.3088400320094635 3.282952561303536 43.52677385699058 0.8934434990206295 0.1820413347096739 2.5432751276905434 0.0 356.03337457068164 4.2593064 436.9431725219534 8.229713486999197 1.9527445287923964 0.3756161481910806 12.047792665040703 554.1826686939905 13.233539081939062 24.540867650770338
3202 613.8319432620992 3827.7697962873717 214.8817158303428 52.86957215514907 610 618 3824 3832 48.0 2.4080882336731015 1.506468332237897 45.06717816117932 0.7801545316849265 0.22085838690900292 0.4236514786038281 0.0 15.398519436727371 1.3083149 54.96328045776946 4.857175401993032 2.9783401767482607 0.10202225460541582 3.9088200952233594 65.40983838408971 7.936645094471853 26.86089230982506
3203 10208.101459801675 3825.746467151436 214.79610909384746 52.80859421479601 10207 10210 3824 3827 10.0 0.9702381500244135 0.864176316176138 -30.063843840959883 0.45462148063690266 0.27089441280550103 0.32513437607984974 0.0 3.014641352147598 0.59271187 67.09732656643428 3.106107463314069 3.9577713469513416 0.034078660815345885 1.7841241161527712 162.86543932324403 4.980578410080109 25.870427662212634
3204 10016.276109024473 3826.777252549175 214.79780792320338 52.80981933028778 10015 10018 3825 3828 13.0 1.1591454725038874 0.8424572909695576 43.925895485792324 0.6868579524217866 0.33494823707710464 0.5018022923918587 0.0 5.591782230191863 0.7059322 20.466069274972206 2.646887008767659 2.9591062241414416 0.07227215443161673 2.0342144725641096 24.66282790437931 4.249338190094849 27.91989281885867
3205 4301.499852556415 3826.4899899194415 214.84878874053223 52.8461391677811 4301 4302 3826 3827 4.0 0.5006788407010659 0.49921986641342875 43.03115360434555 0.07628560318371382 0.28626701925341225 0.29970336012099735 0.0 1.1715952703359969 0.4063627 12.088884182077916 1.930365809509163 3.977639099003102 0.014318997093135201 1.1283791670955126 15.22769482589307 2.9697813451160124 28.443414588371304
3206 3683.7785667371304 3832.6624993764417 214.85423919776034 52.85009719297304 3678 3690 3829 3836 62.0 3.242951747368119 1.3618793829305063 19.03881026572646 0.907546986214952 0.20771186432333605 0.4623626741449728 0.0 21.459570051443443 1.8485861 39.89409560350907 4.189448160401953 2.0793796148406813 0.12377820987750106 4.442433223290478 39.66619526326075 6.508969120699954 27.403948636413276
3207 6424.110873650812 3834.350786126184 214.8297616695744 52.832693417966134 6420 6428 3829 3840 84.0 2.632137455984126 2.0393431663532215 -75.27786757778028 0.6322236186826568 0.192636651835895 0.7784824770865855 0.0 38.01764922293538 1.5917051 63.7979171008751 3.967887036765585 2.287925991458692 0.20402316990985406 5.170882945826411 63.55047883086594 6.4295675378948465 26.892202932097533
3208 9788.534933205672 3835.3953174354424 214.79974717967812 52.81131363309881 9781 9795 3829 3842 165.0 2.9653676300299243 2.8099383076146003 26.84810840298695 0.3195033616882173 0.22409225892150492 2.7692121765542814 0.0 154.09346710671466 2.715167 202.05111649310152 4.978483233395854 1.850335187320561 0.36997690758832996 7.247146419131151 210.15124141730882 8.012464847538629 25.59367010040505
3209 708.391334782233 3831.564028852679 214.8808308006137 52.86899204555797 707 709 3830 3833 9.0 1.0128297069894803 0.6347043391045352 -84.22814562810761 0.779289231873934 1.0354424036110128 1.6894718620010318 0.0 12.11338518068642 0.9279313 27.788283339897017 2.0277311464520174 2.3582346660867293 0.11144605811810686 1.692568750643269 28.87230285255351 2.8917742088562117 27.748796438612107
3210 6939.012975808473 3831.971336415646 214.82519295387567 52.829408192021184 6938 6940 3831 3833 9.0 0.8109401695735355 0.8009980492819764 -57.169030273210865 0.15610790283402143 0.20060425718934394 0.24419902936332072 0.0 1.9927820692534786 0.50708187 11.639279695539098 2.0454871096211567 3.3131003195996103 0.04137180807731862 1.692568750643269 13.918759603030198 3.3144003656011645 28.540998664967766
3211 436.2156546031842 3853.953804143906 214.88302780044398 52.870841504530425 419 456 3833 3873 1155.0 8.284380809982375 6.412732839525333 40.183838991024004 0.6330937936789174 0.18243937012223008 5.321314079159487 0.0 1127.4526763796957 7.5457234 1356.6197955380042 11.992006005186267 1.777662060934913 0.45706276565232984 19.174147139893297 1477.2107074536402 18.73092968544117 23.47639388264475
3212 248.49692464482774 3853.158121142515 214.8847140294262 52.87202944087674 229 267 3834 3874 1190.0 6.216654895163529 5.577187380454306 -88.2639317319544 0.4417536455156562 0.198525590366528 25.65973894596557 0.0 2301.8558433724315 7.198722 2351.588348123708 7.822410385058001 1.4468118590481582 0.6414824090723493 19.46249635988947 2519.8998271599594 12.122737554373664 22.89654180814174
3213 3235.2141346761105 3841.9410185206452 214.85814726334405 52.852997061160224 3230 3241 3835 3848 126.0 2.8520037694432276 2.2894846624600356 83.82355989592968 0.5962974822668581 0.12338498517197573 1.719011716434792 0.0 79.97049019660392 2.3918238 107.03035610696185 4.686502924089524 1.9697554355701767 0.3592247208098127 6.333012368467128 119.19625420524719 7.519330622105578 26.209343480691473
3214 3586.8825438360186 3839.7591653355776 214.85502977410772 52.85075107587028 3581 3593 3835 3845 105.0 2.7583054699550122 2.176811293611325 26.824628820328662 0.6141564826646824 0.1784248087084504 1.069023935314559 0.0 51.793347503543366 2.035194 72.6132731713808 4.189551969674792 1.935349148269066 0.2849625637505665 5.781222885281108 75.02249234928021 6.7365407766328325 26.712021280229983
3215 7216.294911865564 3839.623711787604 214.82263894901757 52.82768712982267 7213 7220 3835 3843 55.0 2.1667704850488754 1.7720918202618245 -84.37653923622725 0.5754324027780806 0.19013179038070524 0.5782931338610923 0.0 21.08879161999074 1.5770518 86.95883657060642 5.754301532502648 3.1407493203890193 0.16683818579890597 4.1841419359420025 173.65512940043186 8.815967556522274 25.80078096008831
3216 7923.441566836098 3841.8018693733598 214.816308806084 52.82320425630023 7920 7927 3839 3845 46.0 1.948478864755523 1.6175611513998833 -9.310883495240125 0.5575161008309928 0.2140746313007626 0.5730384983814352 0.0 17.82023340688026 1.2578744 33.14649246574657 3.3168691830745516 2.2200254836155358 0.14212043554786002 3.826519928662906 34.22370860298996 5.323330267459207 27.564182326368915
3217 9017.607731197675 3845.318005448311 214.80651523204634 52.81626804067067 9014 9021 3842 3848 38.0 1.6768101196997545 1.5802988370073139 -39.81218070856752 0.3343653772609454 0.32643890353667676 0.7512778626285805 0.0 19.802263981479452 1.2364784 49.007764419253874 3.8285910539018584 2.6959773960977036 0.1398943978494548 3.477898169151024 64.5033949099689 6.5148534166299426 26.876043567990678
3218 3010.239406988719 3848.4751175476554 214.86008774143718 52.85446156543113 3007 3013 3844 3853 54.0 2.409602992699488 1.592765264346944 78.7525805119395 0.7503794351113713 0.19230796069021913 0.4075084277022647 0.0 15.877967485224648 1.4222215 55.76968497511123 5.09366754308793 2.9879980773649417 0.11825444893294287 4.145929793656026 89.50544816198834 8.354370612694028 26.52037632135618
3219 3742.066508880484 3852.5212883791455 214.85350979967393 52.84983395406808 3736 3748 3844 3862 182.0 4.498190957340196 2.508575148484944 64.45907843733991 0.8300524457978902 0.1772636406228575 0.9035869437451818 0.0 83.16125669150458 2.8252661 110.55917401379654 5.767255111108966 1.874011269792043 0.23798851510413804 7.611333607551958 121.85372565397101 9.02355181606961 26.185402969517277
3220 7137.126282185276 3845.4691878205767 214.82328366759808 52.82822180920525 7134 7140 3844 3847 22.0 1.787635867369718 0.91031396292808 -21.035168900669813 0.8606317449571725 0.24008098404117104 0.35677502485367835 0.0 6.5589569917126855 1.0052636 34.57293655462841 3.729017006322054 3.3103901009326346 0.06868665787582703 2.6462837142006137 55.726611225029615 6.056398459853731 27.034843414744994
3221 3512.328801250171 3866.226873429504 214.85541706381798 52.851367467608995 3500 3525 3847 3879 588.0 5.717423887766355 4.295629559240532 -64.90121148779491 0.6599351550887804 0.16833580256891797 5.584317456442513 0.0 574.5815657452403 5.176043 679.017018018231 8.241850422942056 1.8034906108092994 0.49181253329066754 13.680870333281758 735.7299861004631 13.054594564143466 24.233203857710194
3222 7242.690180046719 3855.4739117587274 214.82223677019564 52.82760479543289 7236 7249 3848 3862 164.0 3.2692994488474505 2.7536273779505787 -63.58857363358167 0.5390584986510398 0.1723430288168419 1.4873342510534209 0.0 84.73209622439515 2.472181 139.96094930474862 6.062001756953269 2.372263094209099 0.33060052866045814 7.225151993843567 189.37510549828525 9.865416985098683 25.706692780535064
3223 7777.034162492025 3849.272032263789 214.8175359687369 52.824175105562574 7776 7778 3848 3851 10.0 0.970571905084239 0.7578553710018268 -89.08158691729246 0.6247387782800656 0.23419535805046293 0.3331980384313052 0.0 2.92318169390364 0.61927986 16.34087467691273 2.6039309721394033 3.3499177591003235 0.06394336989141565 1.7841241161527712 20.065616632626092 4.049735160883553 28.143868723761067
3224 2287.5655400109877 3855.2547896139895 214.86647141790607 52.85908905727961 2283 2293 3849 3861 83.0 3.5203411831035814 1.6500911276679306 53.16968799003849 0.8833412476019157 0.20220794648112114 0.45724790657600756 0.0 26.325891461337463 1.8035024 53.5661790547162 5.331515307567534 2.392045828792035 0.13319680791466607 5.140011726956917 59.67794265142941 8.457311886008743 26.960465393066542
3225 2427.1296528518315 3855.249959099953 214.86522475999138 52.85820244985806 2423 2430 3851 3861 56.0 2.762433231243955 1.53127018724111 -66.36060418841048 0.8323040673886009 0.2165929356779058 0.4997029150806588 0.0 18.162482796007556 1.5583018 41.72683103055217 4.486353300640082 2.4648460061899304 0.14153896060241644 4.222008245644752 51.25276847928505 7.113812753155394 27.12570667676328
3226 324.6942390085818 3858.3438164704016 214.8839783917747 52.8715734809402 318 331 3852 3865 131.0 2.700990140681094 2.621425447553149 -26.027028333953606 0.24093039261434615 0.16316708041163805 1.3186777299638057 0.0 66.38575064970667 2.2009013 110.3245725820669 5.517885550958423 2.38665334051624 0.32718291503516633 6.457444935117649 142.4104063595781 8.775800204220864 26.016145685817193
3227 3673.6208878007187 3855.2326541058105 214.85409244921948 52.85028343794568 3671 3676 3853 3858 26.0 1.5606590558046374 1.2801778604673215 27.369932559657396 0.5719617542988401 0.24051619575819888 0.35791686144021234 0.0 7.893840738661163 0.9959496 35.318047207212004 3.9414773851864537 3.112430351120134 0.06636492729905509 2.876813695875796 48.91055974081759 6.274725716617336 27.176493417524725
