outputs/dr0.5_c0.1/nircam2_matched_f277w_f160w_dr0.5_c0.1.ecsv
# %ECSV 1.0
# ---
# datatype:
# - {name: label, datatype: int64}
# - {name: xcentroid, datatype: float64}
# - {name: ycentroid, datatype: float64}
# - {name: sky_centroid.ra, unit: deg, datatype: float64}
# - {name: sky_centroid.dec, unit: deg, datatype: float64}
# - {name: bbox_xmin, datatype: int64}
# - {name: bbox_xmax, datatype: int64}
# - {name: bbox_ymin, datatype: int64}
# - {name: bbox_ymax, datatype: int64}
# - {name: area, unit: pix2, datatype: float64}
# - {name: semimajor_sigma, unit: pix, datatype: float64}
# - {name: semiminor_sigma, unit: pix, datatype: float64}
# - {name: orientation, unit: deg, datatype: float64}
# - {name: eccentricity, datatype: float64}
# - {name: min_value, datatype: float64}
# - {name: max_value, datatype: float64}
# - {name: local_background, datatype: float64}
# - {name: segment_flux, datatype: float64}
# - {name: segment_fluxerr, datatype: float32}
# - {name: kron_flux, datatype: float64}
# - {name: kron_fluxerr, datatype: float64}
# - {name: kron_radius, unit: pix, datatype: float64}
# - {name: gini, datatype: float64}
# - {name: equivalent_radius, unit: pix, datatype: float64}
# - {name: kron4_2_flux, datatype: float64}
# - {name: kron4_2_fluxerr, datatype: float64}
# - {name: kron4_2_mag, datatype: float64}
# meta:
#   PHOTMJSR: 2.251199960708618
#   PIXAR_SR: 2.11539874851881e-14
#   __serialized_columns__:
#     area:
#       __class__: astropy.units.quantity.Quantity
#       unit: !astropy.units.Unit {unit: pix2}
#       value: !astropy.table.SerializedColumn {name: area}
#     eccentricity:
#       __class__: astropy.units.quantity.Quantity
#       unit: !astropy.units.Unit {unit: ''}
#       value: !astropy.table.SerializedColumn {name: eccentricity}
#     equivalent_radius:
#       __class__: astropy.units.quantity.Quantity
#       unit: !astropy.units.Unit {unit: pix}
#       value: !astropy.table.SerializedColumn {name: equivalent_radius}
#     kron_radius:
#       __class__: astropy.units.quantity.Quantity
#       unit: !astropy.units.Unit {unit: pix}
#       value: !astropy.table.SerializedColumn {name: kron_radius}
#     orientation:
#       __class__: astropy.units.quantity.Quantity
#       unit: &id001 !astropy.units.Unit {unit: deg}
#       value: !astropy.table.SerializedColumn {name: orientation}
#     semimajor_sigma:
#       __class__: astropy.units.quantity.Quantity
#       unit: !astropy.units.Unit {unit: pix}
#       value: !astropy.table.SerializedColumn {name: semimajor_sigma}
#     semiminor_sigma:
#       __class__: astropy.units.quantity.Quantity
#       unit: !astropy.units.Unit {unit: pix}
#       value: !astropy.table.SerializedColumn {name: semiminor_sigma}
#     sky_centroid:
#       __class__: astropy.coordinates.sky_coordinate.SkyCoord
#       dec: !astropy.table.SerializedColumn
#         __class__: astropy.coordinates.angles.Latitude
#         unit: *id001
#         value: !astropy.table.SerializedColumn {name: sky_centroid.dec}
#       frame: icrs
#       ra: !astropy.table.SerializedColumn
#         __class__: astropy.coordinates.angles.Longitude
#         unit: *id001
#         value: !astropy.table.SerializedColumn {name: sky_centroid.ra}
#         wrap_angle: !astropy.coordinates.Angle
#           unit: *id001
#           value: 360.0
#       representation_type: spherical
#   astropy version: '5.1'
#   kernelfile: kernel_f277w_f160w.fits
#   make_catalog parameters:
#     ab_zpt: 31.4
#     coadd_bands: !!python/tuple [f277w, f356w]
#     deblend_contrast: 0.001
#     deblend_nlevels: 32
#     deblend_npixels: 1
#     detect_kernel_fwhm: 4.0
#     detect_kernel_npix: 7
#     detect_npixels: 4
#     detect_threshold_nsigma: 3.0
#     flag_isolated_buffer: 4
#     hst_bands: !!python/tuple [f606w, f814w, f125w, f140w, f160w]
#     jwst_bands: !!python/tuple [f115w, f150w, f200w, f277w, f356w, f410m, f444w]
#     near_border_kernelsize: 21
#     reference_band: f200w
#   make_catalog version: 1.4.0
#   photutils version: 1.5.0
# schema: astropy-2.0
label xcentroid ycentroid sky_centroid.ra sky_centroid.dec bbox_xmin bbox_xmax bbox_ymin bbox_ymax area semimajor_sigma semiminor_sigma orientation eccentricity min_value max_value local_background segment_flux segment_fluxerr kron_flux kron_fluxerr kron_radius gini equivalent_radius kron4_2_flux kron4_2_fluxerr kron4_2_mag
[from data line 3784]
3785 9339.953662745233 6030.434299565826 214.83677197423305 52.89918405933148 9337 9343 6029 6032 20.0 1.604899165081753 0.9531649287754289 -15.895323950537994 0.8045318237422098 0.21365240955667275 0.2849396401308878 0.0 5.070453226503984 2.8739433 77.68249713504318 13.998624667707807 3.8788765491269146 0.05091843634597335 2.5231325220201604 160.14237579217502 21.977703046444596 25.88873433201345
3786 7480.732316444568 6068.2050525045215 214.85299436547228 52.91120131911939 7443 7516 6031 6097 3029.0 11.581269510302981 6.867552679374615 37.678275994107544 0.8052113704844941 0.2042542860847387 28.71716535125585 0.0 7753.995882043448 34.873528 7758.593136884721 35.049474489445075 1.4 0.6737055347787992 31.050936302319485 8268.061934882271 56.25003372019513 21.606490696985098
3787 6826.090382868956 6033.676001938589 214.85921240582363 52.91517419969747 6825 6828 6032 6035 12.0 1.0781602099346512 0.8738626492812424 54.56577279209929 0.5857209258879343 0.1648338298944737 0.1855515107768714 0.0 2.1018496567097893 2.2316504 19.129635236854625 9.655678393377615 3.609673992731998 0.021871141415906452 1.9544100476116797 22.099038267487266 15.123053594641528 28.039066565132433
3788 8365.59222181489 6037.615817340514 214.84540539445646 52.90541421128523 8362 8370 6032 6044 95.0 3.3392089586290337 2.090009538578784 -73.84765551352842 0.7799036450562996 0.18862889392044857 0.36230643001743956 0.0 25.843436471536183 8.333896 111.5155244993447 31.131478141137116 3.17432838885804 0.09413727855404398 5.499039842323396 220.3337939129582 49.182987270780664 25.542297218489963
3789 9714.591662149342 6034.600667889834 214.83338014059447 52.89682576869286 9713 9716 6033 6036 13.0 1.060625028039777 0.9136924675066068 43.87920742418296 0.507815145344566 0.23004361871773008 0.2791866577876437 0.0 3.372641092325372 2.3115058 29.439883198464457 9.860408751524503 3.5903046607030364 0.03179251537282674 2.0342144725641096 52.40549467144044 15.824247451737211 27.101557938056853
3790 2700.5324793324367 6036.685927743472 214.8961001231838 52.94139430484071 2699 2702 6035 6039 15.0 1.2622153562081864 0.8981684200634458 58.708731288374885 0.7026041072614524 0.1836725241129874 0.22248442563225435 0.0 3.098392694024686 2.3903258 25.484345520616827 10.499607423774885 3.5570298942950163 0.03128424874775543 2.1850968611841584 37.009496273309615 16.89629517635489 27.479217064836575
3791 9703.483519646055 6038.644797210213 214.83343680016762 52.89691816063049 9700 9707 6035 6043 58.0 2.263175142075807 1.8505211581839474 -62.194233746224 0.5756930279293195 0.19116138755137618 0.3710253134173621 0.0 16.40366343707425 4.8637047 69.78845736711841 17.79571706464199 3.1291789557661738 0.09582305000844714 4.296739856991561 106.60195980524688 28.71924509890212 26.330587027561126
3792 6116.2755801971725 6039.4107267448935 214.86550090806324 52.919714402815714 6112 6120 6036 6043 59.0 2.1936352017487346 1.8812720165585337 28.634915088580033 0.5143092993760479 0.17936825856603675 0.37978488345119893 0.0 15.9135230321781 4.653186 41.42279663540007 14.815984966400146 2.6947373953050002 0.12162258438894369 4.3336224206596095 54.48961921363136 23.809940242670166 27.059215567595047
3793 1219.8897109036204 6043.002624914763 214.90929464576743 52.950830034906375 1216 1224 6039 6047 69.0 2.3592397446063877 2.17481423644615 -44.19848063681848 0.38759820907798553 0.19310351002577333 0.32141647196149187 0.0 18.32684182315507 7.1599236 72.53482986986313 27.43790346714192 3.060622172824208 0.07057156252305809 4.686510657907603 81.44216284620093 43.46339259986397 26.62287675341657
3794 7244.504670804386 6040.024636167663 214.8554036403412 52.912550196577996 7244 7245 6039 6041 6.0 0.8112024680367004 0.499975035005703 -89.84086418343514 0.7874816028676634 0.17956821965279446 0.19769253410501664 0.0 1.1478739569082888 1.4654185 11.35133932916235 6.300359306324765 3.742609804188387 0.022699334453317434 1.381976597885342 15.182443320405287 10.084028767185647 28.446645828811892
3795 485.04110881343524 6045.302451773485 214.91585407162296 52.95550796915352 481 489 6040 6050 77.0 2.6768049753209398 1.9884569657354942 57.190043864401964 0.6694610529007347 0.22654976464184085 0.5097079976731587 0.0 26.981367034026626 13453815000000.0 52.830344340147064 34461231327348.957 2.1986157749149444 0.133455792493598 4.950743503369154 41.32075136226848 55137970123758.32 27.359579475049465
3796 1969.704137784463 6045.878794953366 214.9025480534352 52.946084642400244 1963 1977 6040 6052 134.0 3.7448136751000125 2.446292751972093 -31.671594005320227 0.7571438458900376 0.21016040091433422 0.563113634728481 0.0 48.13847545176782 9.383497 121.93853928112785 29.296930480925877 2.7329426238390124 0.15259126475033297 6.530966601401967 174.51529617942714 45.879657776214685 25.795416253349664
3797 2668.324139751478 6043.78183588032 214.89631375653752 52.94163712488217 2665 2671 6040 6047 40.0 1.812338714059791 1.616072762356027 85.0578301864227 0.4526156690840626 0.16062442318636064 0.2819796610534286 0.0 8.913724126321346 3.9248552 25.055683725464846 12.92694731100018 2.7335118993276475 0.08604523635004505 3.5682482323055424 20.04534762411815 20.715900334034664 28.144966019657716
3798 9186.418615739683 6045.700542539062 214.83798331728823 52.90024201803672 9181 9191 6040 6051 108.0 3.0408441492541454 2.410630739095094 -59.590307613568974 0.6095462530929815 0.19715541963357253 0.5527886879968178 0.0 38.42941598685687 13.390664 80.69611188444378 7857019362442.128 2.456346893956172 0.1544577876625178 5.863230142835039 89.23634554047473 30196478672239.176 26.52364555877036
3799 536.5179625975135 6043.626278452026 214.91541049783234 52.95517210901968 534 539 6041 6047 33.0 1.6221067140908152 1.4982547035141354 77.48772618826008 0.38324328876406366 0.21088381743774973 0.32137244933960757 0.0 8.718888768957681 8807589000000.0 35.60292610734945 33300873863142.688 3.144185109213112 0.07000063068144895 3.2410224072142872 40.78558198164254 53281398181028.305 27.373733340587545
3800 nan nan nan nan 116 124 6043 6050 51.0 nan nan nan nan -1.3061723850660694 -0.005145424745355373 0.0 -3.9639671612806286 6.532314 nan nan nan -0.6784609558568113 4.029119531035698 nan nan nan
3801 7766.936383034577 6057.185099930555 214.85055138720682 52.90932348595641 7756 7777 6044 6070 436.0 5.782585988142691 4.202576201856337 74.04599026046075 0.686887084908275 0.23389870651530864 1.9093811950591866 0.0 341.51749747876704 13.377094 438.14634514911154 25.115120902528727 1.80127352458676 0.30670955515322684 11.780624362746345 450.352324549203 40.25051004618757 24.76611897812444
3802 10242.135504434089 6049.49194892831 214.828509513557 52.8935534379724 10237 10248 6044 6055 110.0 2.97004885471284 2.67386943926456 66.82217831958451 0.4353155707310785 0.263961531231066 0.47879580818159956 0.0 39.99005753680094 6.6404595 137.33555979085284 23.32653904841478 2.9545397786003402 0.09559836766253027 5.917270272703197 185.01976179513676 36.97286194344771 25.73195470628675
3803 3568.906822034402 6046.827851904921 214.88821850619433 52.935934419021805 3568 3570 6045 6049 12.0 1.2000908765190585 0.7408059566713425 80.97373763849698 0.7867344805923036 0.15339450387043166 0.17729898569085584 0.0 1.9848774929621007 2.6646888 15.211227365910311 11.763714602476577 3.5278853584939025 0.0300956987883751 1.9544100476116797 20.969777209960927 19.393001182690746 28.09601545900576
3804 639.2633368740959 6047.9520336345495 214.9144443227177 52.95454315131412 637 642 6046 6050 25.0 1.5698885869377592 1.2037118753949998 -26.451022790585355 0.641945972442563 0.20764941623307417 0.2684842348263337 0.0 6.005268156517327 7666021700000.0 57.79302867200314 33646204902283.25 3.602677680420563 0.03885683814896365 2.8209479177387813 129.88891742428012 53833927843653.2 26.1160697571675
3805 9272.001474429215 6048.831068927401 214.83718546285226 52.8997150487169 9271 9273 6048 6050 5.0 0.8344151011719888 0.514953431835116 -57.33900665488727 0.7868510200971054 0.26569831720167564 0.3040981445452134 0.0 1.4133923886391968 2.8778737 31.797926227510533 13.841982668157582 3.8960146229780213 0.03292302891706171 1.2615662610100802 66.8537338316614 20.592721367673953 26.837185830122316
3806 1164.730595630427 6052.382942527925 214.90968992727187 52.9512308794818 1161 1168 6049 6056 47.0 2.0070316098713694 1.7727208249436592 -36.88996332814186 0.46889284387049246 0.217168513120516 0.3185756590613777 0.0 12.470204196603852 10511119000000.0 51.8041475975223 37552133955820.43 3.1009760794787784 0.06346434048730368 3.8678889139475245 56.28013638318535 55439124241367.69 27.024112147034547
3807 9299.2582139392 6051.666184664074 214.83691199960515 52.899557125583435 9295 9303 6050 6054 22.0 2.368706536473564 0.7784683127544755 -28.46200740674344 0.9444528283852655 0.2851479130560706 0.3669092837127734 0.0 7.462021020481693 5.6926208 120.78402889311428 25.82040023070234 3.842925082453792 0.03735876597087899 2.6462837142006137 236.4782056221825 40.78791355545583 25.465522196661887
3808 9266.485362405234 6052.039805134311 214.83720095807408 52.89976739988939 9265 9268 6051 6053 8.0 1.2263505270168835 0.4979267767771669 -26.50526751111737 0.9138627651144879 0.24579160261597688 0.2995997336089746 0.0 2.2053283764930907 3.6023002 47.98599206366893 17.56708194667488 4.0213190372179985 0.041309412137083855 1.5957691216057308 106.29640673771446 27.09377386893352 26.333703540487583
3809 624.5356885481818 6054.568381831681 214.9145065535226 52.95467236811011 623 627 6053 6056 17.0 1.2481067671179233 1.0882147130107296 32.41610098128611 0.48969763205439343 0.24994124660795133 0.3515758334510106 0.0 5.477150587675565 6321563000000.0 86.08825391159294 30392158497071.555 3.8410600673624047 0.054122264295203164 2.326213245840639 198.95423202136408 48646334449216.28 25.65311704599393
3810 883.7265880792631 6072.936979649395 214.91199076804094 52.95312593812016 870 898 6053 6089 752.0 6.769717915973241 5.131686081754651 -70.98597857927673 0.6522133666146878 0.3150382302922727 7.105447196964387 0.0 1446.9091244767715 42044475000000.0 1653.8123604372558 67339251047002.125 1.6816591199669066 0.4350061254594967 15.471555655790098 1759.5838817199729 107742801675203.4 23.2864750623394
3811 815.5186300485276 6059.589673693548 214.91274251584284 52.953486944790505 809 822 6055 6064 97.0 3.0464153725393843 2.2368385501964365 23.79538439066093 0.6788763148265271 0.293824748350212 0.7355052463305255 0.0 49.26934303446365 15100311000000.0 149.0905148706385 50780777871545.766 2.8633371163251398 0.13463816883149884 5.556622981616415 216.81884059431636 81249244594473.23 25.559757455580534
3812 3549.6108233652494 6059.4202194901245 214.88825855820252 52.93612490592522 3545 3554 6055 6063 61.0 2.8331870665326133 1.5839538937585138 33.33088828940014 0.8291195066331483 0.20626724921351441 0.38311135494664406 0.0 17.987585709235184 5.302805 47.12723495583545 18.265936763652665 2.629043180541844 0.09252071038665825 4.406461512053774 42.574318980705186 29.768611171648292 27.327130725723286
3813 9998.482402862446 6060.94354201394 214.8305658976095 52.89516363456701 9996 10001 6055 6066 54.0 2.8796728551061332 1.4140344817511257 74.04862835334204 0.8711370412666815 0.20268631239249538 0.31504205783733047 0.0 14.232011069237085 4.532009 51.8125789895206 16.572699958713574 2.9515501342968036 0.06423294739979103 4.145929793656026 47.49633793268945 26.627795909508446 27.20834968525025
3814 1885.3036577170808 6065.2352218100605 214.90310000108818 52.94672502176285 1869 1900 6056 6074 339.0 6.366784881322027 3.418524558814488 -24.371663470297882 0.8436261234600172 0.22292359793308808 1.0263193610754655 0.0 178.12583468505414 15.57518 442.7399104625779 47.99111470213619 2.7188372536324756 0.2255168039975321 10.387831891992912 697.6065739368399 75.93776136850329 24.290973588641123
3815 163.87132918514192 6071.902995718475 214.9184516105719 52.957690541037906 146 184 6058 6081 655.0 7.204430209665217 4.252938087884808 -8.794304588381033 0.8071673984272719 0.15152381392962114 6.843937348967967 0.0 1201.1874522114758 24.042763 1380.290844489562 39.46837772966623 1.703577569145594 0.443051931128873 14.439285835884782 1459.4297434874056 64.00717835356133 23.489542017448986
3816 4400.466169384236 6060.63727617461 214.88062971888172 52.93072762076381 4398 4403 6059 6063 21.0 1.598979470415391 1.0276826483817638 -24.720485812231818 0.7661082192350025 0.18728046084385563 0.23551761381428388 0.0 4.559292546263598 4.2295065 34.054367070283035 18.685111559412764 3.4971568811879803 0.034214862856666535 2.5854414729132054 46.027010184442105 30.149931198926563 27.2424680875625
3817 3494.75085762379 6066.984529398879 214.8886699687555 52.9365141226624 3490 3499 6060 6074 107.0 3.405124059389191 2.1722138038686833 -69.85195421370733 0.7700984872280844 0.2003921094141875 0.5006619378764858 0.0 36.0562172974065 6.969033 95.63871581604229 23.914800973007853 2.7495802670429375 0.13949508731478114 5.836022431559495 120.68281959202359 38.639477004662176 26.19588637917782
3818 9132.034008398312 6069.223365215625 214.83822156845653 52.90071442216561 9125 9139 6061 6077 215.0 3.7286785733972208 3.3851659749997247 -87.52626284133227 0.41924565761222277 0.2417970469885435 1.325595806508953 0.0 129.0379591831383 22481190000000.0 196.3080361417331 51450511609044.71 2.1587091027690577 0.2653776879472081 8.272643200907131 248.99400493103343 76086232044456.73 25.40952777339233
3819 6703.483397798068 6066.64967911825 214.85996156297202 52.91613094232495 6700 6707 6062 6071 58.0 2.489238017591797 1.7406109647745176 -70.48043109934486 0.714872785619748 0.1732148963993407 0.2895431099901078 0.0 13.531476292913716 4.546963 56.6049841692883 17.27740844856975 3.1062656331432916 0.08206794630081031 4.296739856991561 62.35086506587247 27.66104860849846 26.91289379168137
3820 1961.6502588111098 6072.703863878935 214.90233750751486 52.946280550248446 1950 1972 6063 6083 335.0 4.952111183622305 3.844197592824853 -35.19837507882662 0.6303950453870596 0.2710704265714678 2.0061121346373283 0.0 273.05464378698764 15.306437 411.6580528342046 37.14686023009359 2.1878247651136236 0.29350121653089967 10.32636489145962 585.6159857672079 60.37184053993319 24.48096769174348
3821 7923.291503697151 6065.502392425502 214.84906581134786 52.908374901082574 7922 7925 6064 6067 14.0 1.0443758356873003 1.0254750825792558 -84.57836954293668 0.18938791942729907 0.20319522771447787 0.21994593034225324 0.0 2.978840923927066 2.385854 36.83220477915738 11.277838193550615 3.7339948220692 0.013869748567291776 2.111004122822376 61.933644471628384 18.078718757366023 26.92018340818906
3822 2285.458175800668 6068.0616009732585 214.89948644771144 52.94419937036242 2283 2288 6065 6071 36.0 1.7544228690232673 1.4915735660175529 71.8015331232537 0.5264936703744173 0.2007069504070685 0.3448880840631402 0.0 9.909275742277673 3.767064 33.771993513057026 13.98908657758724 2.959762018251809 0.08654819115775493 3.385137501286538 36.725477013046095 22.59872777504854 27.48758138654417
3823 5992.602692784142 6065.784758527723 214.86632935254954 52.920642281159175 5992 5993 6065 6067 5.0 0.7635616206161997 0.45031553887437026 71.90786372818202 0.8075810181266376 0.13155295949756018 0.14483033354934727 0.0 0.697073356475226 1.3474259 7.032757337148433 5.956700540374967 3.803494136487814 0.023267472933983284 1.2615662610100802 10.032520586466575 9.53656873007377 28.89647485108108
