outputs/dr0.5_c0.1/nircam1_f356w_dr0.5_c0.1.ecsv
# %ECSV 1.0
# ---
# datatype:
# - {name: label, datatype: int64}
# - {name: xcentroid, datatype: float64}
# - {name: ycentroid, datatype: float64}
# - {name: sky_centroid.ra, unit: deg, datatype: float64}
# - {name: sky_centroid.dec, unit: deg, datatype: float64}
# - {name: bbox_xmin, datatype: int64}
# - {name: bbox_xmax, datatype: int64}
# - {name: bbox_ymin, datatype: int64}
# - {name: bbox_ymax, datatype: int64}
# - {name: area, unit: pix2, datatype: float64}
# - {name: semimajor_sigma, unit: pix, datatype: float64}
# - {name: semiminor_sigma, unit: pix, datatype: float64}
# - {name: orientation, unit: deg, datatype: float64}
# - {name: eccentricity, datatype: float64}
# - {name: min_value, datatype: float64}
# - {name: max_value, datatype: float64}
# - {name: local_background, datatype: float64}
# - {name: segment_flux, datatype: float64}
# - {name: segment_fluxerr, datatype: float32}
# - {name: kron_flux, datatype: float64}
# - {name: kron_fluxerr, datatype: float64}
# - {name: kron_radius, unit: pix, datatype: float64}
# - {name: gini, datatype: float64}
# - {name: equivalent_radius, unit: pix, datatype: float64}
# - {name: kron4_2_flux, datatype: float64}
# - {name: kron4_2_fluxerr, datatype: float64}
# - {name: radius_kron20, unit: pix, datatype: float64}
# - {name: radius_kron50, unit: pix, datatype: float64}
# - {name: radius_kron80, unit: pix, datatype: float64}
# - {name: near_border, datatype: bool}
# meta:
#   PHOTMJSR: 0.4047000110149384
#   PIXAR_SR: 2.11539874851881e-14
#   __serialized_columns__:
#     area:
#       __class__: astropy.units.quantity.Quantity
#       unit: !astropy.units.Unit {unit: pix2}
#       value: !astropy.table.SerializedColumn {name: area}
#     eccentricity:
#       __class__: astropy.units.quantity.Quantity
#       unit: !astropy.units.Unit {unit: ''}
#       value: !astropy.table.SerializedColumn {name: eccentricity}
#     equivalent_radius:
#       __class__: astropy.units.quantity.Quantity
#       unit: !astropy.units.Unit {unit: pix}
#       value: !astropy.table.SerializedColumn {name: equivalent_radius}
#     kron_radius:
#       __class__: astropy.units.quantity.Quantity
#       unit: &id001 !astropy.units.Unit {unit: pix}
#       value: !astropy.table.SerializedColumn {name: kron_radius}
#     orientation:
#       __class__: astropy.units.quantity.Quantity
#       unit: &id002 !astropy.units.Unit {unit: deg}
#       value: !astropy.table.SerializedColumn {name: orientation}
#     radius_kron20:
#       __class__: astropy.units.quantity.Quantity
#       unit: *id001
#       value: !astropy.table.SerializedColumn {name: radius_kron20}
#     radius_kron50:
#       __class__: astropy.units.quantity.Quantity
#       unit: *id001
#       value: !astropy.table.SerializedColumn {name: radius_kron50}
#     radius_kron80:
#       __class__: astropy.units.quantity.Quantity
#       unit: *id001
#       value: !astropy.table.SerializedColumn {name: radius_kron80}
#     semimajor_sigma:
#       __class__: astropy.units.quantity.Quantity
#       unit: !astropy.units.Unit {unit: pix}
#       value: !astropy.table.SerializedColumn {name: semimajor_sigma}
#     semiminor_sigma:
#       __class__: astropy.units.quantity.Quantity
#       unit: !astropy.units.Unit {unit: pix}
#       value: !astropy.table.SerializedColumn {name: semiminor_sigma}
#     sky_centroid:
#       __class__: astropy.coordinates.sky_coordinate.SkyCoord
#       dec: !astropy.table.SerializedColumn
#         __class__: astropy.coordinates.angles.Latitude
#         unit: *id002
#         value: !astropy.table.SerializedColumn {name: sky_centroid.dec}
#       frame: icrs
#       ra: !astropy.table.SerializedColumn
#         __class__: astropy.coordinates.angles.Longitude
#         unit: *id002
#         value: !astropy.table.SerializedColumn {name: sky_centroid.ra}
#         wrap_angle: !astropy.coordinates.Angle
#           unit: *id002
#           value: 360.0
#       representation_type: spherical
#   astropy version: '5.1'
#   make_catalog parameters:
#     ab_zpt: 31.4
#     coadd_bands: !!python/tuple [f277w, f356w]
#     deblend_contrast: 0.001
#     deblend_nlevels: 32
#     deblend_npixels: 1
#     detect_kernel_fwhm: 4.0
#     detect_kernel_npix: 7
#     detect_npixels: 4
#     detect_threshold_nsigma: 3.0
#     flag_isolated_buffer: 4
#     hst_bands: !!python/tuple [f606w, f814w, f125w, f140w, f160w]
#     jwst_bands: !!python/tuple [f115w, f150w, f200w, f277w, f356w, f410m, f444w]
#     near_border_kernelsize: 21
#     reference_band: f200w
#   make_catalog version: 1.4.0
#   photutils version: 1.5.0
# schema: astropy-2.0
label xcentroid ycentroid sky_centroid.ra sky_centroid.dec bbox_xmin bbox_xmax bbox_ymin bbox_ymax area semimajor_sigma semiminor_sigma orientation eccentricity min_value max_value local_background segment_flux segment_fluxerr kron_flux kron_fluxerr kron_radius gini equivalent_radius kron4_2_flux kron4_2_fluxerr radius_kron20 radius_kron50 radius_kron80 near_border
[from data line 2619]
2620 9633.080994209886 3228.3852843367727 214.93579854823764 52.95458732360441 9614 9653 3173 3273 2717.0 16.232011502630737 5.818808155461611 -85.23899163003836 0.93353843165104 0.11141540280025236 25.13530738202645 0.0 6488.218572215084 6.7746015 6607.102759777612 7.596668848906407 1.4 0.5762652966755136 29.408297481516325 6858.479101178778 11.442784874913064 5.487434769352703 12.312244361148892 22.724691395515446 False
2621 8129.454456670461 3183.72946310675 214.94974887877166 52.96388920164567 8121 8137 3174 3194 261.0 4.627006174824721 3.6693796254704467 -81.68629380488206 0.609175571881041 0.14249856326001564 0.9862184704546818 0.0 104.84632669293788 1.7722733 201.31196185227293 4.657204794760673 2.4013021245229487 0.23628919034463303 9.114761669619748 234.30479396105457 7.509177750647175 4.44945213263519 8.967315448860068 14.970838715545492 False
2622 6098.879352000276 3175.929744126406 214.96804437530605 52.97673199395894 6097 6101 3175 3177 12.0 1.1762533426838593 0.7265944959214024 10.241499786192586 0.7863985991185021 0.20976811270273757 0.33853308924849335 0.0 3.2781141974285206 0.31708175 12.806898990682965 1.1708452024302463 3.134991014146294 0.09478511761100751 1.9544100476116797 10.541668620275036 1.8667886100781297 1.7066115088955587 3.150376087971905 4.693337212626047 False
2623 6883.5373599112345 3181.165026673768 214.96094991023838 52.97178159688482 6881 6886 3179 3184 30.0 1.5195327000174441 1.2900690688916008 32.9479368803377 0.5284078541586585 0.1674769754657976 0.6644299205314392 0.0 11.522753257997406 0.56375694 17.808901074648315 1.2517504766611016 1.9320955660428978 0.19364700506591886 3.0901936161855166 20.555524738540345 1.9682545937342453 1.431723582886524 2.5389406335453866 3.8382700351097774 False
2624 7408.4845223446 3186.9185111570896 214.9561808008708 52.96848163334382 7403 7414 3181 3192 104.0 2.6422494125317244 2.2494147911193023 -45.907609336673055 0.5246375682544223 0.07909122459651077 1.1167738734735204 0.0 48.93052673788219 1.1537119 76.35677754321094 2.411184293430736 2.0688409822779326 0.3193445482827448 5.753627391751592 82.20879003157171 3.8127992727895386 2.2856286449880963 4.489616230895324 7.618081653073562 False
2625 3813.447469723989 3183.668287544219 214.98847504618882 52.991272556407985 3813 3814 3183 3185 5.0 0.7732027392602249 0.463849680405632 -73.1689939095375 0.8000697951778569 0.12662760602484976 0.24556600383154023 0.0 0.9649288861226362 0.237024 18.23524941614837 1.0898611125897921 3.966332297425053 0.16187188856327128 1.2615662610100802 41.496287234020244 1.711941013912844 2.4342975342236466 3.9864362859564606 5.261407861001601 False
2626 9156.568281054764 3185.308767494091 214.94052363151195 52.95737915402278 9153 9160 3183 3188 39.0 1.9275972654664721 1.3671970274196013 12.051071755069673 0.7049316444701581 0.11906498594596832 0.5229113836859417 0.0 13.418584584363424 0.67839885 24.557916727897897 1.6423077316683001 2.13330216767056 0.17260731748086 3.523362819972964 22.426882999547896 2.6207977522333374 1.8690905223825562 3.3332561940704584 5.288054837398393 False
2627 2565.470323304936 3186.562007959059 214.99965119232257 52.99920384714013 2564 2567 3185 3188 14.0 1.1749943896215498 0.8433261675881545 -47.7935112433678 0.6963237532187619 0.3181675826002005 0.5083120685717574 0.0 5.883122054124075 0.3628218 20.68010398998247 1.2864978459502532 3.0550276156084193 0.09035055760431536 2.111004122822376 27.817990440024108 2.0925406733681275 1.7464701404944396 3.3230648947166603 5.237097197057076 False
2628 9610.042199069745 3189.6212970263755 214.93641344895255 52.95452424060161 9608 9612 3188 3191 15.0 1.1896762030678194 0.933902704975401 -8.111074651866344 0.6194884286040371 0.25461799404991414 0.39650397203627163 0.0 4.847549811202288 0.4916905 24.825373427789994 1.7837815173041673 3.2715796776346378 0.07397970246512833 2.1850968611841584 41.32967380460521 2.753884764180501 2.2241473489147787 4.286678662930656 6.635647244427857 False
2629 8328.744922310745 3191.7994384278954 214.94787689313063 52.96266804507407 8325 8331 3189 3195 43.0 2.2831317620490053 1.1080998649850238 -9.169989428417464 0.8743243608932162 -0.09747282971571614 0.2131532304339789 0.0 1.28873425304405 0.7353106 3.4810676465010775 1.0988422931438504 1.4 0.5433847780919323 3.6996385101659595 0.061716889196738345 1.7435476542526747 2.517159936885167 3.762883384944809 5.489930291287496 False
2630 9945.84459416915 3192.7402980693832 214.9333709472799 52.95240965191388 9944 9948 3190 3195 22.0 1.4721060461299682 1.1093223193126975 63.033079576442574 0.6573775091705515 0.14572741234778822 0.4496057743584273 0.0 7.103147252776985 0.5133796 19.980651195139295 1.652943065874718 2.712594663998501 0.132409774766276 2.6462837142006137 26.904385660850025 2.5816099792146674 1.9055953397498162 3.440472912135515 6.351182172121976 False
2631 4199.817400096022 3193.357472910783 214.9849042299977 52.98887404048505 4198 4202 3191 3195 16.0 1.1318600742984486 1.0137417288036445 -86.69350551664786 0.4447751343935454 0.13176779112582104 0.37321844157067674 0.0 4.517221450987578 0.4008508 10.591765958649997 1.0785804427513233 2.2959197186173355 0.12454291714969193 2.256758334191025 11.44861538144536 1.7385292424602847 1.446912681057063 2.5115567116701563 3.573196486361332 False
2632 3979.3669474376757 3196.353646373085 214.9868517446771 52.99028863905874 3975 3983 3193 3200 61.0 2.1491616777726064 2.0119964331425955 -16.044479209026314 0.35152811245277404 0.13737114867074732 0.43280007059727105 0.0 19.66989505845381 0.7956489 52.8434389052629 2.581794720802464 2.7820758875288747 0.13834713758466166 4.406461512053774 64.50146311282 4.147211059630146 2.9782929704889494 5.695691295429426 9.554033074419275 False
2633 2027.000139361167 3208.3104269070213 215.00425863176855 53.00273648586479 2016 2039 3194 3221 524.0 5.282470258512213 4.2911161823937265 81.3006816146956 0.5831961780779906 0.04704688980747213 3.987461097360007 0.0 474.2925205753105 2.4062057 522.7319347631568 3.420737603382874 1.5974856678563176 0.46513582511164914 12.914889870235298 551.1536320098069 5.395931162917134 3.240265650306917 6.1973079067073 10.27094746633633 False
2634 2287.8931899072304 3201.548823903995 215.00198640623591 53.001045326525706 2282 2294 3196 3207 126.0 2.8326501490797957 2.440676953160697 -47.26466344693048 0.5075485612160745 0.10898354712808166 1.1741223282066768 0.0 59.50874613450197 1.1346682 99.69089731361879 2.804319120817964 2.3448941125307066 0.3227589960460227 6.333012368467128 115.16593629963918 4.399068262527189 2.5807462468700084 5.18417908429521 9.940856462028343 False
2635 7531.5879742356265 3199.744044881308 214.95494159896285 52.967769730930236 7528 7535 3196 3204 54.0 2.457964582055285 1.4802338336250513 -53.96592759931512 0.7983306671700556 0.08116130145156626 0.5465396970536739 0.0 17.345562703766106 0.7945375 36.96797391199429 2.2726695267052657 2.558740750428935 0.19513815065564707 4.145929793656026 57.829110950263455 3.6743424096751065 2.3838428465364703 4.667590805128458 8.243105751801357 False
2636 2346.010463082757 3211.800109763515 215.00135635345922 53.00073214802041 2327 2364 3203 3225 474.0 7.853216038382245 3.062016162406872 -22.7330578388822 0.9208546575146666 0.11397703765914555 2.2556661223416774 0.0 281.5285648958642 2.182521 373.23450525438204 3.970754012660953 1.8694171192691775 0.39057979307775686 12.283276682185287 393.09820466181077 6.323337542097541 3.956174136067328 8.415515267627887 15.758360283110123 False
2637 2705.116579197478 3207.097973027923 214.99818056742185 52.9984291544837 2703 2707 3205 3209 22.0 1.3491164808574105 1.0835173913452132 43.138823845117564 0.5958023585428082 0.07544686949533735 0.3853095079539323 0.0 5.524818307804874 0.4523714 10.988663958678517 1.2710965802520489 2.465720506253451 0.18309515664749143 2.6462837142006137 9.23962316523393 2.0379504690977437 1.4523452632107274 2.695490448947961 4.461742435016709 False
2638 408.8204356801518 3209.383403044096 215.01878669977674 53.01300390278383 408 410 3207 3211 13.0 1.2768916373180186 0.7887909614335038 77.80329020237711 0.7863799960394855 0.14198801498157035 0.3064772224490672 0.0 3.0246953238387757 0.34256715 14.993700979899115 1.360778063759617 3.180150068621509 0.11470957399338037 2.0342144725641096 21.034157065478567 2.2052239991592284 2.0492381164964875 3.7763919872032554 6.0395759195682075 False
2639 1326.3763968680946 3209.716209445225 215.01053808868156 53.00718728036891 1320 1332 3207 3212 63.0 3.0996872644600493 1.4683921270640274 6.2840724685148075 0.880674078155185 0.13008616176959184 0.43513954505956315 0.0 18.610818782258765 0.8295796 44.838321937974115 2.4871809742366744 2.592213440837245 0.14077072555292652 4.478115991081385 54.78403028438885 3.96095815583457 2.9137355661743682 5.543764303923838 9.060975790557938 False
2640 9297.8565663708 3213.5592211324747 214.93895948432163 52.95663496377981 9282 9317 3207 3221 434.0 7.419118037599733 2.7746372996256743 3.012829667601935 0.9274348370721965 0.12944164800797114 3.757536226750568 0.0 451.99636490441725 2.5603912 486.3122301384898 3.567153833989884 1.483390272512201 0.42344195951754166 11.753573524837677 503.34798974939383 5.505359794816935 3.4154154392177802 6.552478845598911 11.250534127556184 False
2641 2800.849742854094 3209.994947454707 214.99729025953505 52.99783762493082 2799 2803 3208 3212 18.0 1.5471138783237397 0.8101270251142799 38.51401303147226 0.8519411045538964 0.09850395710624461 0.28132999618722015 0.0 3.3785642360762673 0.41732678 14.416245734394586 1.5216759105659847 3.0794288794858646 0.1677389540897508 2.393653682408596 15.305251552979913 2.422509388674988 2.2211454413753966 3.986701346410954 7.334374602368019 False
2642 3632.263182513655 3212.6088353135106 214.98979681803573 52.99257824311507 3627 3638 3208 3217 86.0 2.779698471250013 1.9845595169538888 30.173460644493066 0.7001989615483905 0.158087463192634 0.7433299075925593 0.0 36.2863432858839 1.0844183 53.605805227510864 2.125191035368846 1.9310084896554531 0.22334602928933142 5.232078956954491 54.82013805733325 3.3509528879213484 2.322604691406678 4.10133067779668 6.489941416896173 False
2643 7665.404429484878 3210.62078640794 214.95362689610474 52.96697930649043 7663 7668 3208 3213 23.0 1.5617437846698834 1.0796546743585493 -45.017172279572556 0.7225548734472585 0.20096959350566188 0.5071204424051302 0.0 7.53782724356936 0.53367794 23.478897103082573 1.7441762666407004 2.881867398821526 0.15320327960208255 2.7057581899030048 19.592789537170894 2.773450875413879 2.0166622496305546 3.922221623655465 6.059065056128232 False
2644 7838.712219430544 3212.242700946957 214.9520556092655 52.96588827032913 7835 7843 3209 3217 65.0 2.276372752951458 1.8283135124071288 -47.129157324330016 0.595750375312551 0.09667202905749409 0.7438021298566658 0.0 26.798628294486114 0.8635131 48.37544377968432 2.0225023462002794 2.07891944138554 0.23430939688051686 4.54864184146723 39.63458890459559 3.19661595662096 2.217359907662891 4.213910287357298 6.990862482561592 False
2645 967.2084549492769 3214.7505438110206 215.01371222813475 53.009492129398275 964 970 3212 3217 31.0 1.7473384553866893 1.3293663555456638 6.011900469363234 0.6489922742208386 0.19727469442807963 0.41945614219538685 0.0 9.316116746931076 0.55602586 40.89135180905151 2.063810869081179 3.0713710818975413 0.11113400283763325 3.141274657157109 80.28910249377574 3.2828766079089284 2.918894406369588 5.783359137946303 9.448282658215183 False
2646 6251.631961191175 3218.649842227083 214.966223733251 52.97599359766311 6248 6255 3213 3224 64.0 3.376329777204492 1.4422609269397306 65.59120556813882 0.904172148934826 0.17720301071746344 0.4514176489470097 0.0 19.881787205844965 0.75478965 43.07699647807545 2.142672878484516 2.338241149238588 0.13045794260046928 4.51351666838205 52.72151505050626 3.4193861196531468 3.0290185991454126 5.17089756665055 8.51755380514565 False
2647 4442.329916219534 3215.1308064290515 214.98249778299484 52.98745330586435 4441 4444 3214 3216 9.0 0.9317881040093483 0.7060654707232696 -17.642444113027732 0.6525411874983396 0.2972856477992353 0.4101221389504689 0.0 3.1923246622253605 0.39171132 26.712534864878936 1.559178030450511 3.5890811833007596 0.06697436023205108 1.692568750643269 52.89674728429823 2.3903073866277578 2.298369285619377 4.317544497218816 6.141883880734903 False
2648 9027.936324682003 3216.5230775406944 214.94134786039925 52.95836411913867 9025 9031 3214 3219 31.0 1.6457190273446958 1.4166461481950292 31.853462476372535 0.5089318556056135 0.13520879358858395 0.42940541213418604 0.0 8.887494188285356 0.61294156 43.903044667003456 2.4335207927733435 3.305653359891612 0.13866237436012993 3.141274657157109 51.84015934816654 3.9315303407383997 3.116638251293233 6.200465478216698 9.687082209269766 False
2649 3788.8853296834336 3218.1266397828845 214.98833244427286 52.99161458335745 3788 3790 3217 3219 8.0 0.8833385196699569 0.6568197419740087 43.64343743559828 0.6686634897279877 0.23970574526310623 0.31177249543235197 0.0 2.201679427922134 0.28586674 19.71688660831569 1.2308134988404995 3.6249108367420906 0.05738900262507665 1.5957691216057308 37.71713128988894 1.988006780495047 2.206150823816343 3.7653886637231135 5.447620347281116 False
2650 649.4453581174391 3225.0825865058346 215.01645878282827 53.01156298593309 645 654 3218 3232 122.0 3.3736875409511957 2.101828508270801 76.03506418691796 0.7822168376955221 0.12303005276607759 0.8629204059303714 0.0 51.11076355445464 1.1054307 80.65876846140108 2.6016562488379797 2.2546564370560924 0.28258138559675766 6.231677632421503 93.11187054381034 4.139717954157662 2.655882125314405 5.063050443495332 8.887636753916643 False
2651 2317.4053058293593 3220.838266747302 215.0015180362958 53.0009624238071 2314 2322 3218 3224 44.0 1.8683231380835827 1.6319990029050777 29.844005373462423 0.4868061473977506 0.09804743957529345 0.584462548511039 0.0 14.19909798080253 0.7406815 45.84739974669559 2.2718445085419745 2.9199447428523655 0.18748862928193727 3.742410318509555 56.37812541376581 3.5694041444717555 2.7562581474744294 5.5432986617477304 9.119969599287268 False
2652 6454.724813928596 3223.0199775441283 214.96435563394044 52.974728588276264 6450 6460 3218 3228 62.0 3.473036127602494 1.4578038216217724 -47.59636453727071 0.9076401738147506 0.14265786223729246 0.37363295441822914 0.0 14.528688666539336 0.72878206 210.80578602706382 3.51190160289724 3.8340959881179564 0.11290634983127161 4.442433223290478 416.51897285162454 5.801259385935969 8.231876712231696 14.075455478691136 18.443722467830177 False
2653 8176.868616880645 3225.0757467187955 214.94888808879523 52.963811609023374 8171 8182 3218 3233 146.0 3.424106675403291 2.26652988457524 -79.33400199332307 0.7495628328350654 0.11894823853810198 1.5903049949709531 0.0 88.37535899031604 1.3939161 112.26941552824766 2.6456595098277256 1.9020585296800328 0.35239575329235256 6.817128675830715 127.09238508713275 4.105115625957299 2.3238489050527806 4.337748060911615 7.201547992926461 False
2654 1297.497603349483 3219.888893684655 215.01069034597728 53.00742541232087 1297 1298 3219 3221 6.0 0.7841763999522392 0.4998642648454305 88.9188460221754 0.7705011998776047 0.19896607459164256 0.3042093349835627 0.0 1.5630808240626188 0.2654187 12.095109529699965 1.0984967043938314 3.7456077216822172 0.10546264946469126 1.381976597885342 18.29895717194122 1.7219751753731196 1.8189528372170662 3.2900278624246377 4.810277589189333 False
2655 793.4857963974555 3223.4126503731372 215.0151819897484 53.010640578030674 790 797 3220 3227 55.0 1.8865969721670108 1.8297692401310868 19.538151911696126 0.24359046270494375 0.1294329009595648 0.653839303575809 0.0 17.498140261037232 0.7278119 35.689136494518635 2.018353418489479 2.51052827163959 0.22909938276910966 4.1841419359420025 46.491533392606485 3.2036925379298187 2.1473633161135224 4.270370334500372 7.490778202746777 False
