outputs/dr0.5_c0.1/nircam1_f200w_dr0.5_c0.1.ecsv
# %ECSV 1.0
# ---
# datatype:
# - {name: label, datatype: int64}
# - {name: xcentroid, datatype: float64}
# - {name: ycentroid, datatype: float64}
# - {name: sky_centroid.ra, unit: deg, datatype: float64}
# - {name: sky_centroid.dec, unit: deg, datatype: float64}
# - {name: bbox_xmin, datatype: int64}
# - {name: bbox_xmax, datatype: int64}
# - {name: bbox_ymin, datatype: int64}
# - {name: bbox_ymax, datatype: int64}
# - {name: area, unit: pix2, datatype: float64}
# - {name: semimajor_sigma, unit: pix, datatype: float64}
# - {name: semiminor_sigma, unit: pix, datatype: float64}
# - {name: orientation, unit: deg, datatype: float64}
# - {name: eccentricity, datatype: float64}
# - {name: min_value, datatype: float64}
# - {name: max_value, datatype: float64}
# - {name: local_background, datatype: float64}
# - {name: segment_flux, datatype: float64}
# - {name: segment_fluxerr, datatype: float32}
# - {name: kron_flux, datatype: float64}
# - {name: kron_fluxerr, datatype: float64}
# - {name: kron_radius, unit: pix, datatype: float64}
# - {name: gini, datatype: float64}
# - {name: equivalent_radius, unit: pix, datatype: float64}
# - {name: kron4_2_flux, datatype: float64}
# - {name: kron4_2_fluxerr, datatype: float64}
# - {name: radius_kron20, unit: pix, datatype: float64}
# - {name: radius_kron50, unit: pix, datatype: float64}
# - {name: radius_kron80, unit: pix, datatype: float64}
# - {name: near_border, datatype: bool}
# meta:
#   PHOTMJSR: 1.891700029373169
#   PIXAR_SR: 2.11539874851881e-14
#   __serialized_columns__:
#     area:
#       __class__: astropy.units.quantity.Quantity
#       unit: !astropy.units.Unit {unit: pix2}
#       value: !astropy.table.SerializedColumn {name: area}
#     eccentricity:
#       __class__: astropy.units.quantity.Quantity
#       unit: !astropy.units.Unit {unit: ''}
#       value: !astropy.table.SerializedColumn {name: eccentricity}
#     equivalent_radius:
#       __class__: astropy.units.quantity.Quantity
#       unit: !astropy.units.Unit {unit: pix}
#       value: !astropy.table.SerializedColumn {name: equivalent_radius}
#     kron_radius:
#       __class__: astropy.units.quantity.Quantity
#       unit: &id001 !astropy.units.Unit {unit: pix}
#       value: !astropy.table.SerializedColumn {name: kron_radius}
#     orientation:
#       __class__: astropy.units.quantity.Quantity
#       unit: &id002 !astropy.units.Unit {unit: deg}
#       value: !astropy.table.SerializedColumn {name: orientation}
#     radius_kron20:
#       __class__: astropy.units.quantity.Quantity
#       unit: *id001
#       value: !astropy.table.SerializedColumn {name: radius_kron20}
#     radius_kron50:
#       __class__: astropy.units.quantity.Quantity
#       unit: *id001
#       value: !astropy.table.SerializedColumn {name: radius_kron50}
#     radius_kron80:
#       __class__: astropy.units.quantity.Quantity
#       unit: *id001
#       value: !astropy.table.SerializedColumn {name: radius_kron80}
#     semimajor_sigma:
#       __class__: astropy.units.quantity.Quantity
#       unit: !astropy.units.Unit {unit: pix}
#       value: !astropy.table.SerializedColumn {name: semimajor_sigma}
#     semiminor_sigma:
#       __class__: astropy.units.quantity.Quantity
#       unit: !astropy.units.Unit {unit: pix}
#       value: !astropy.table.SerializedColumn {name: semiminor_sigma}
#     sky_centroid:
#       __class__: astropy.coordinates.sky_coordinate.SkyCoord
#       dec: !astropy.table.SerializedColumn
#         __class__: astropy.coordinates.angles.Latitude
#         unit: *id002
#         value: !astropy.table.SerializedColumn {name: sky_centroid.dec}
#       frame: icrs
#       ra: !astropy.table.SerializedColumn
#         __class__: astropy.coordinates.angles.Longitude
#         unit: *id002
#         value: !astropy.table.SerializedColumn {name: sky_centroid.ra}
#         wrap_angle: !astropy.coordinates.Angle
#           unit: *id002
#           value: 360.0
#       representation_type: spherical
#   astropy version: '5.1'
#   make_catalog parameters:
#     ab_zpt: 31.4
#     coadd_bands: !!python/tuple [f277w, f356w]
#     deblend_contrast: 0.001
#     deblend_nlevels: 32
#     deblend_npixels: 1
#     detect_kernel_fwhm: 4.0
#     detect_kernel_npix: 7
#     detect_npixels: 4
#     detect_threshold_nsigma: 3.0
#     flag_isolated_buffer: 4
#     hst_bands: !!python/tuple [f606w, f814w, f125w, f140w, f160w]
#     jwst_bands: !!python/tuple [f115w, f150w, f200w, f277w, f356w, f410m, f444w]
#     near_border_kernelsize: 21
#     reference_band: f200w
#   make_catalog version: 1.4.0
#   photutils version: 1.5.0
# schema: astropy-2.0
label xcentroid ycentroid sky_centroid.ra sky_centroid.dec bbox_xmin bbox_xmax bbox_ymin bbox_ymax area semimajor_sigma semiminor_sigma orientation eccentricity min_value max_value local_background segment_flux segment_fluxerr kron_flux kron_fluxerr kron_radius gini equivalent_radius kron4_2_flux kron4_2_fluxerr radius_kron20 radius_kron50 radius_kron80 near_border
[from data line 41]
42 9686.37596548703 229.65929672321647 214.96690277553222 52.93805280387069 9673 9704 223 239 385.0 5.974288032961029 2.6450777736272273 -15.754295769892227 0.8966482628412403 -0.2712124715472602 7.532582630794697 0.0 553.4147390845127 inf 610.3011252758388 inf 1.6624914473187573 0.5767879862010388 11.070199012698888 658.0028362045207 inf 3.0551034388050855 5.528306695068076 9.750185830048562 False
43 7685.675997396994 227.57939152610214 214.98486425400736 52.95073439117222 7685 7687 227 228 5.0 0.6592192909528702 0.3063390658217399 -41.54272253708157 0.8854682973001402 -0.041646334314149894 0.45260343145696275 0.0 1.1255715948856269 0.8721228 17.646810450950976 3.1793141451444367 3.832473719041589 0.5331050672720935 1.2615662610100802 32.500860606060854 4773903.764530896 1.8187319589500117 3.0448098747007664 4.025801150061076 False
44 3543.114854675881 235.86185050677668 215.0219553343519 52.97705171658059 3538 3547 229 242 115.0 3.2532743682629985 2.1484089784606613 78.88252504656954 0.7509284423098896 -0.10301313836719449 1.1181884537092268 0.0 49.91562370201505 2.7359662 86.60153565390357 7.155083453481602 2.3595644597884653 0.30270860267205385 6.050259243299904 122.65243649420383 11.859161975957274 2.684176803436979 5.35419824465861 9.786865919098279 False
45 2825.897399260629 231.15454974487363 215.02844630022517 52.981573741364436 2825 2827 230 232 7.0 0.8904028403866413 0.5943168711796694 26.17621730704367 0.7446370041210708 0.22061984716926247 0.5635549284672998 0.0 2.778767717845702 0.6892129 15.58633802027648 2.6650052025905193 3.2292262994239276 0.18813692260340717 1.4927053303604616 18.24511027320872 4.219740688444032 1.5407872903722455 3.0563172089769233 4.672609328808111 False
46 2941.3033162464603 233.39261873503202 215.02738616948113 52.98085414306088 2940 2943 231 236 17.0 1.4232882848846187 0.9441362607773208 86.17315365137867 0.7483105392899578 0.3610705180556238 0.5951628418397424 0.0 8.312234180774803 1.0575655 65.46867649748935 4.6052585456180815 3.4326762215597624 0.0751702141634461 2.326213245840639 84.7341018293593 7.486322577394774 3.126507696605605 6.009898424915943 8.579519026548402 False
47 nan nan nan nan 2430 2436 235 241 31.0 nan nan nan nan 0.0 0.0 0.0 0.0 5567764.0 nan nan nan nan 3.141274657157109 nan nan nan nan nan True
48 3200.455716933742 241.1212213141921 215.0249772342201 52.9792528137819 3195 3206 235 246 91.0 3.4327269991585343 2.027744853026135 52.799794005114066 0.8068842219706769 0.02160386097171567 0.9888692558889453 0.0 34.87228115194243 2.3377423 57.05246437254388 6.253708882273357 2.1786005505780004 0.2970464178897558 5.382025607773058 74.28376976776866 10.262114804358246 3.0486129164107987 5.068299823891024 8.339676825155916 False
49 3235.065238803295 238.49204984097003 215.02469409272805 52.97901915560177 3231 3239 235 243 68.0 1.8859281997949282 1.4056695415582707 -47.643001216487924 0.6666775411255853 -0.05093345684517933 2.176591941311766 0.0 35.552614204133256 2.096156 50.45357628697504 4.086019689205117 2.254613997449601 0.5383813556992354 4.652426491681278 59.41959490312705 6.513555188020601 1.368634391020288 2.6983960407158465 6.163449128340457 False
50 6389.904718586149 243.39055674211846 214.99632210866554 52.95903901975825 6386 6393 239 247 64.0 1.9484465925079701 1.601347419327255 -61.70826641015268 0.5696916573761223 -0.20618808224716492 2.2182556568462646 0.0 45.294565089592226 3.6322236 60.884357579870425 6.790065800119344 1.9961957858164758 0.4209518834946471 4.51351666838205 61.094526672713094 10.540289917035155 1.4664107576183265 2.818881237129966 5.060208937786424 False
51 7553.191160886307 248.12356228317094 214.98583626576766 52.951685827363654 7544 7562 239 258 292.0 3.9449257818847023 3.180933710492384 -54.2433930815747 0.5914584163698065 -0.1628019705433133 5.680880013330604 0.0 306.0648736312928 7.8382773 413.5058275879311 14.684475473443419 2.1370314674379998 0.5032587887816884 9.640875829802336 559.0838283406679 10325401.648651158 2.514144127465156 5.41174958556117 10.9174936278007 False
52 2906.664686854993 242.41303876364182 215.02760229462442 52.98112254184478 2903 2909 240 246 39.0 1.422769847036092 1.282701274076754 -51.552324960606526 0.4326703657423922 -0.2871103070528054 1.6370498046367508 0.0 17.43650029192962 1.6358423 30.793621772525277 3.7843572432629973 2.4508455048631843 0.47425687787105764 3.523362819972964 49.73850372314123 5.966150132111255 1.2535251499727345 2.843927617320066 6.31513676070814 False
53 6315.795479870666 241.8413599519035 214.9970033855744 52.959500692707984 6314 6317 240 243 12.0 0.9482799784494138 0.8216060112528537 19.174396033560207 0.49932090684331926 0.7838340020067307 2.784361113184518 0.0 21.588457415038356 1.8324083 58.46058055565835 5.29660177750528 2.912312777181214 0.21949885129801067 1.9544100476116797 75.01103646934547 7.820266900184007 1.2810423611390576 2.6838704406516727 4.732178697013707 False
54 7989.028560087158 252.01641187023588 214.98188623471603 52.94894209144675 7975 8001 241 263 469.0 4.299288399779621 3.2564580962821865 -13.855070594857672 0.6529034022282852 -0.3039630042512679 23.224125358296153 0.0 933.1298169627191 10.445104 950.2670450108267 11.330378959704522 1.4602251420864096 0.6495314973810064 12.218319713454786 1017.5414548362783 inf 2.111362305893014 3.9409873424449224 7.271589247506142 False
55 3936.0491599826137 252.75511844458597 215.01824903801074 52.97465152881691 3928 3943 243 263 279.0 3.668639291927813 2.777879045927546 76.51287201577838 0.6531877199603132 -0.19222718347503542 4.355194956022281 0.0 221.19190805504948 4.609813 253.7679390306958 7.030471296655268 1.8519152274442694 0.5595440124732792 9.423823971471327 278.8447283267667 11.198189781430834 2.081545693446201 4.033092907246926 7.659495673582442 False
56 666.2739530231764 252.41471676242261 215.04762633528722 52.99537960170183 658 678 244 261 270.0 3.4537156702677785 2.3032926552268265 -31.199751102713414 0.7451447199593323 -0.1132347490367147 14.971583389190224 0.0 353.4911795935368 4.262608 369.2294406673439 5.0284863588576165 1.5893280472104314 0.6663462362986469 9.27058084855655 408.88640132749606 7.87723695873845 1.3969460269241138 2.7788159926378744 5.586874228254994 False
57 2143.2903845277865 284.82623903602655 215.03401289204135 52.986191724381655 2063 2219 245 323 8422.0 20.885519549587222 6.81747225253988 3.998376010969599 0.9452244857146417 -0.09891154276529011 292.47777420497926 0.0 65813.78216332631 33.28112 64415.3755266294 30.375618529207564 1.4 0.8019228147387202 51.77649912305664 66508.49703109998 37.94559642794307 5.358757549132056 13.530779064995139 27.03822781463142 False
58 4138.753595356686 250.80390387521456 215.01644953343512 52.97335562095522 4131 4144 245 256 137.0 3.2244091457654642 2.295716465019634 -31.658180294825222 0.7021992272273896 -0.07628060230797612 2.178981623807077 0.0 70.69140257023979 2.9568257 123.80053054680201 6.927507632766271 2.3184118701774428 0.4000122104767398 6.6036697681803656 139.60529817438385 11.080190296127187 2.479243079287427 5.739172084372442 10.814617899472038 False
59 7016.523261118707 250.74306038335243 214.99062276775504 52.95510420584569 7006 7027 245 258 209.0 4.329407691362914 2.12270781521187 18.596403805857875 0.871553834098088 -0.2042137205347107 3.968819389521513 0.0 151.71401739308988 6.3429885 242.3972188726769 13.964679706965843 2.394096645952371 0.492323585041313 8.156394191823509 259.7110513687868 20.93457363004043 2.4959925267544394 6.294146796298282 13.60868573825477 False
60 930.1952486627715 266.61684693145855 215.04510481051963 52.99378347323633 907 954 246 289 1179.0 11.349295631136739 6.149238309965572 41.24413131065761 0.8404966537995432 -0.006095196540822657 2.618394372577319 0.0 1009.0247004453576 8.922979 1395.5743413938906 17.424882733507147 1.8598569843282362 0.3074720638063031 19.37233480535295 1451.73684880638 27.806663996988053 7.06470694798382 14.198800476681308 23.554253474698264 False
61 6465.748904183165 254.0050223843816 214.9955298291445 52.95861533610419 6462 6469 250 257 47.0 1.7260436610726155 1.4583655832724043 -34.055768366277995 0.5348956466029419 0.08067215028722337 1.9798909638720696 0.0 33.67456874599804 3.205936 47.2116009697658 6.154028936258156 1.9806149162390416 0.388760243493897 3.8678889139475245 50.64558037129891 9.223990145456849 1.3586631104452793 2.603076053500016 4.477841561169587 False
62 2917.468192732337 271.38957955059897 215.02720011535584 52.98121074297457 2900 2932 251 292 1004.0 7.934627095896707 4.332738290309692 -62.9288477884851 0.8377496986112785 -0.301730548067708 14.022289573517941 0.0 1279.912958822863 8.622527 1335.0947471222103 10.401331217614688 1.5064078368156304 0.5945205033131918 17.876888032555495 1419.5681089934458 16.161612708944222 3.357645135077274 7.1582923999141395 12.566159810415959 False
63 6868.9400568271185 253.92242149179924 214.99191329290053 52.956057512994335 6865 6872 251 256 33.0 1.8258064849424998 1.1902913036296676 -11.218020929893632 0.7582823172609964 0.008680290249759203 1.477899774373382 0.0 24.44875630469453 2.3444898 77.77403255530038 8.102561318617747 2.8927455503137707 0.26777602165283754 3.2410224072142872 122.39208735317592 12.774739590813448 2.3428592871573235 4.746080225946739 8.038295368553594 False
64 2575.6534184418283 260.78030673050483 215.03038209808918 52.983320534479844 2564 2587 252 271 373.0 3.996027375583447 3.06313215377953 8.097673101277808 0.6421913889001927 -0.14995546970753962 14.278151293920292 0.0 460.09854439903256 5.0794053 487.65841253051707 6.277977285542007 1.56929097592055 0.6092199611277003 10.896310731002211 533.0315262687348 9.848266444731872 1.7636021561484834 3.894150687144709 7.458909078923957 False
65 9385.54393297634 254.91484616629108 214.96933367076895 52.94009796139757 9381 9390 252 258 58.0 2.325404405814657 1.6467993526509512 -5.974081970790972 0.70603432039408 0.15161582651435315 2.1285349956052895 0.0 61.98564972727181 3.6681523 100.4127305360894 8.39270598645185 2.000998026389743 0.2430723974635294 4.296739856991561 96.450300756163 12.808788431800334 2.0297965391669397 3.675775033150255 5.925671776116096 False
66 6414.656879374408 260.5347673123978 214.99591950057484 52.95897468996035 6407 6422 253 267 186.0 2.588945002697331 2.4751503385104696 9.362072473340076 0.29321694277380583 -0.5489729132771906 6.152946325902762 0.0 183.46286292959573 5.529271 193.38564595593851 6.438972020382317 1.4885119996449276 0.5904559943345555 7.694520051971082 203.0828514149021 9.91283108764378 1.5447679610071725 2.8935152951057654 5.0557213481272765 False
67 7714.4204465362445 255.55292413460663 214.98431191347237 52.95070321870306 7713 7716 254 258 11.0 0.8465400213765784 0.6431279406250451 18.719389397969618 0.6502578670381342 -0.10181481968951468 0.3690435638712373 0.0 1.0162696260766053 1.3886359 23.071980783345964 5.537944518306619 3.965753810307583 0.6424127385599413 1.8712051592547776 64.08452449254364 inf 3.0118322020798947 5.487640549822811 6.710379623118688 False
68 2472.5529987381738 263.547123454526 215.03127909289415 52.983989156263135 2467 2478 256 268 110.0 3.863925833966264 2.111219720030189 -55.37732444769617 0.8375293083475223 -0.4634712019677086 4.451481613388299 0.0 53.01401878537753 4.4834895 250.56265483830975 17.388503933618896 3.256875048034309 0.4654556101859992 5.917270272703197 377.82069055046674 8595126.732927602 5.704135778166705 12.831355486191121 17.798348098299847 False
69 8434.578824753105 259.8643553341781 214.97780796414972 52.9461579758018 8430 8440 256 263 61.0 2.6330168771354305 1.5255251192932575 -22.778415285050354 0.8150554474721368 -0.019870138440719644 0.8361629671060579 0.0 25.478985659440685 3.2644434 59.46761034361487 8.7895070469051 2.2844084610525095 0.2979630044454392 4.406461512053774 36.79043686051757 13.800809739396332 2.63518018931549 4.705682679199261 7.487788753837596 False
70 570.9997835800002 266.3221411148469 215.04833617387933 52.99605875067982 567 576 258 273 116.0 3.610527720016037 1.6439401250438646 -82.63213437083297 0.8903286183127606 -0.1848009661799906 1.9821806729722993 0.0 64.22653535186001 2.6495194 85.76458934947411 5.358630958763301 2.0550708044080412 0.4310681807805263 6.076507779746499 112.02252480025902 8.57948777364788 2.066010104051324 4.23189388431461 7.689163958267519 False
71 1350.6057001817805 272.52208395705577 215.04126462309458 52.99115040060477 1341 1361 258 288 519.0 6.203622117216411 3.800361453792574 79.72159345761827 0.790390275400354 -0.0808918301977494 4.945934945607098 0.0 558.527316856874 5.9733844 635.8402409394246 9.21763094655042 1.7196219653939957 0.4434113690122283 12.85312533702941 678.9498540518955 14.680279034486624 3.5395805874016775 6.804563227970462 11.261968140479526 False
72 1457.243188362787 259.6525875926128 215.04044193830575 52.99040478775046 1456 1459 258 262 15.0 1.0562629639417 0.9388821986578695 -77.27568969176225 0.4581563031672999 0.23108025022734663 1.039172582692662 0.0 9.23165410161765 0.94844997 20.015298617383948 2.632654108142792 2.433101461458957 0.23262197525267747 2.1850968611841584 20.1074293829573 4.21567681053902 1.254582745035506 2.2497421034360943 3.511806561200153 False
73 1722.3079332739796 266.8154483432627 215.03798482603014 52.988763183805816 1715 1731 258 277 249.0 3.9288829181996454 2.459022785100892 67.74871709322214 0.7799166047249989 -0.18686348143400822 4.585941231093911 0.0 192.36204936644646 4.0435915 216.02302896480182 5.903982518873565 1.6956715602316268 0.552108522123859 8.902761462589227 232.78369347551697 9.242507652995274 2.0236045761710475 3.952513678295603 7.33047431391922 False
74 3331.843047473893 265.1524894655787 215.02354419866313 52.97854969875703 3325 3337 258 270 124.0 3.0614258364826976 2.9313986945930735 47.00938155995013 0.2883427566250022 -0.0722855782688998 0.9322747883527496 0.0 43.005778215854804 2.7703893 98.81139449290478 8.24677638508531 2.55746178263927 0.25361658887830374 6.282549314314218 128.84175937685552 13.332888428325374 3.8651213975554066 7.063157420773503 11.207558630164343 False
75 2250.5939575818566 259.65059209606187 215.03331403884812 52.98537528289017 2250 2251 259 260 4.0 0.5051529812010278 0.46185978283354767 35.34061586173594 0.4050447604171544 0.3720520638077314 0.934980744456274 0.0 2.3018990883155923 0.4859851 14.485918411707443 1.8319794435445882 3.537457829073753 0.2634278493202875 1.1283791670955126 20.26099006895248 2.921625455088431 1.2705423639056266 2.2380360333498994 3.2436789771174515 False
76 2895.334334898622 260.0636104050067 215.0275181885325 52.98128982974321 2894 2896 259 261 8.0 0.7753205331806152 0.645198626277329 -53.50277727883106 0.5545203282795879 0.10613008744630438 0.5188296901514772 0.0 2.807242663785882 0.7158581 8.188135463814357 2.2317239429819185 2.8337174850676825 0.2475449550707655 1.5957691216057308 14.968818093132219 3.5763013497500253 1.1110987103525103 2.114310285697486 3.2754634171031536 False
77 7751.590869348152 261.1405072726984 214.98391969661603 52.95049762064613 7751 7752 260 262 6.0 0.8399464876906583 0.4898235880878007 -86.41970721654225 0.81235698239904 0.34393161558771007 0.8351106618077874 0.0 3.4128785584367822 0.9848919 12.723088899351612 3.341827760067404 3.0146455365026643 0.19204516540372388 1.381976597885342 12.731699101791182 5.28345879943717 1.2596925711730549 2.23932240303298 3.085731998569793 False
