outputs/dr0.5_c0.1/nircam1_matched_f277w_f160w_dr0.5_c0.1.ecsv
# %ECSV 1.0
# ---
# datatype:
# - {name: label, datatype: int64}
# - {name: xcentroid, datatype: float64}
# - {name: ycentroid, datatype: float64}
# - {name: sky_centroid.ra, unit: deg, datatype: float64}
# - {name: sky_centroid.dec, unit: deg, datatype: float64}
# - {name: bbox_xmin, datatype: int64}
# - {name: bbox_xmax, datatype: int64}
# - {name: bbox_ymin, datatype: int64}
# - {name: bbox_ymax, datatype: int64}
# - {name: area, unit: pix2, datatype: float64}
# - {name: semimajor_sigma, unit: pix, datatype: float64}
# - {name: semiminor_sigma, unit: pix, datatype: float64}
# - {name: orientation, unit: deg, datatype: float64}
# - {name: eccentricity, datatype: float64}
# - {name: min_value, datatype: float64}
# - {name: max_value, datatype: float64}
# - {name: local_background, datatype: float64}
# - {name: segment_flux, datatype: float64}
# - {name: segment_fluxerr, datatype: float32}
# - {name: kron_flux, datatype: float64}
# - {name: kron_fluxerr, datatype: float64}
# - {name: kron_radius, unit: pix, datatype: float64}
# - {name: gini, datatype: float64}
# - {name: equivalent_radius, unit: pix, datatype: float64}
# - {name: kron4_2_flux, datatype: float64}
# - {name: kron4_2_fluxerr, datatype: float64}
# - {name: kron4_2_mag, datatype: float64}
# meta:
#   PHOTMJSR: 2.251199960708618
#   PIXAR_SR: 2.11539874851881e-14
#   __serialized_columns__:
#     area:
#       __class__: astropy.units.quantity.Quantity
#       unit: !astropy.units.Unit {unit: pix2}
#       value: !astropy.table.SerializedColumn {name: area}
#     eccentricity:
#       __class__: astropy.units.quantity.Quantity
#       unit: !astropy.units.Unit {unit: ''}
#       value: !astropy.table.SerializedColumn {name: eccentricity}
#     equivalent_radius:
#       __class__: astropy.units.quantity.Quantity
#       unit: !astropy.units.Unit {unit: pix}
#       value: !astropy.table.SerializedColumn {name: equivalent_radius}
#     kron_radius:
#       __class__: astropy.units.quantity.Quantity
#       unit: !astropy.units.Unit {unit: pix}
#       value: !astropy.table.SerializedColumn {name: kron_radius}
#     orientation:
#       __class__: astropy.units.quantity.Quantity
#       unit: &id001 !astropy.units.Unit {unit: deg}
#       value: !astropy.table.SerializedColumn {name: orientation}
#     semimajor_sigma:
#       __class__: astropy.units.quantity.Quantity
#       unit: !astropy.units.Unit {unit: pix}
#       value: !astropy.table.SerializedColumn {name: semimajor_sigma}
#     semiminor_sigma:
#       __class__: astropy.units.quantity.Quantity
#       unit: !astropy.units.Unit {unit: pix}
#       value: !astropy.table.SerializedColumn {name: semiminor_sigma}
#     sky_centroid:
#       __class__: astropy.coordinates.sky_coordinate.SkyCoord
#       dec: !astropy.table.SerializedColumn
#         __class__: astropy.coordinates.angles.Latitude
#         unit: *id001
#         value: !astropy.table.SerializedColumn {name: sky_centroid.dec}
#       frame: icrs
#       ra: !astropy.table.SerializedColumn
#         __class__: astropy.coordinates.angles.Longitude
#         unit: *id001
#         value: !astropy.table.SerializedColumn {name: sky_centroid.ra}
#         wrap_angle: !astropy.coordinates.Angle
#           unit: *id001
#           value: 360.0
#       representation_type: spherical
#   astropy version: '5.1'
#   kernelfile: kernel_f277w_f160w.fits
#   make_catalog parameters:
#     ab_zpt: 31.4
#     coadd_bands: !!python/tuple [f277w, f356w]
#     deblend_contrast: 0.001
#     deblend_nlevels: 32
#     deblend_npixels: 1
#     detect_kernel_fwhm: 4.0
#     detect_kernel_npix: 7
#     detect_npixels: 4
#     detect_threshold_nsigma: 3.0
#     flag_isolated_buffer: 4
#     hst_bands: !!python/tuple [f606w, f814w, f125w, f140w, f160w]
#     jwst_bands: !!python/tuple [f115w, f150w, f200w, f277w, f356w, f410m, f444w]
#     near_border_kernelsize: 21
#     reference_band: f200w
#   make_catalog version: 1.4.0
#   photutils version: 1.5.0
# schema: astropy-2.0
label xcentroid ycentroid sky_centroid.ra sky_centroid.dec bbox_xmin bbox_xmax bbox_ymin bbox_ymax area semimajor_sigma semiminor_sigma orientation eccentricity min_value max_value local_background segment_flux segment_fluxerr kron_flux kron_fluxerr kron_radius gini equivalent_radius kron4_2_flux kron4_2_fluxerr kron4_2_mag
[from data line 325]
326 1474.269491521005 545.9930659863966 215.03727328887604 52.991845602323714 1473 1475 545 547 7.0 0.748527760278495 0.7006644204797651 -87.74052245050405 0.3518492092535428 0.15846615488481777 0.17646747991089173 0.0 1.1774379122277088 1.5461363 12.146222210280403 7.145132402029453 3.710751587663088 0.021332531016536458 1.4927053303604616 16.0824905574681 11.368658796885084 28.384116737288394
327 10087.014779337913 549.0097956922948 214.9599494999563 52.93723586978486 10086 10088 547 551 11.0 1.1171644036973354 0.7352816320733833 -89.81918537649334 0.7528712730700041 0.20547159471781037 0.22939669631586657 0.0 2.3900052485319776 1.9027311 32.07112973160502 8.197755709232036 3.6955502787928536 0.022212307353115603 1.8712051592547776 63.391560251090574 12.762559030395222 26.894921397108156
328 3300.0391412864856 554.5803519401676 215.02078186200052 52.98031638189926 3296 3304 549 560 84.0 2.7706272620259615 2.0747002992516808 75.18812561476884 0.6627737501368695 0.1852979850799738 0.46898303594689217 0.0 26.216830507941673 5.6786838 54.392393738736224 15.499404051670531 2.4066941212988615 0.14293387687426215 5.170882945826411 58.28856481513026 24.815175416095546 26.986041594440394
329 nan nan nan nan 10309 10313 549 553 18.0 nan nan nan nan -0.10978288765572067 -0.07517834782309837 0.0 -1.70001398008975 2.6265295 nan nan nan -0.05303110819809219 2.393653682408596 nan nan nan
330 8273.6281353406 551.6048490386509 214.97617958781106 52.948755433415585 8272 8275 550 553 13.0 1.0607141524886727 0.9100776493398167 45.824901710529595 0.5136734543677899 0.25613581432599536 0.30113872170626294 0.0 3.6010372002495616 2.2234654 25.147649871647133 9.537934480446479 3.490533393535502 0.034765393272451144 2.0342144725641096 34.815423978680016 15.240687616504495 27.5455707791558
331 10025.972711511526 554.2087515798215 214.96044187792313 52.937651288770155 10024 10028 550 558 40.0 2.315490456225772 1.2876505869182397 87.30357757640175 0.8311135558251325 0.1606934750188315 0.23856030288355246 0.0 8.019328308956998 3.1557496 34.510654222902474 12.535266041340803 3.172740715905437 0.06364333603156956 3.5682482323055424 36.37677074279965 20.41328908383188 27.49793964243026
332 6346.769743877689 556.637650310938 214.99341075480652 52.96100568385907 6345 6348 555 559 15.0 1.1768483063446475 0.9820824402860224 84.93194686876825 0.5510046859052996 0.21670794551925568 0.26648254595892634 0.0 3.63259616407645 2.3725882 29.23361135764106 10.461678155245483 3.54284094391999 0.039157191794910895 2.1850968611841584 39.96915464351402 16.76454511426381 27.395687592668448
333 6961.902330256168 558.9811612577412 214.98786720367272 52.95711652004692 6959 6965 556 562 41.0 1.9882599158212506 1.527035082735123 40.97689051794431 0.6404187996801837 0.17221696836374223 0.2551666516534134 0.0 8.664620865094918 4.078878 26.402805930936257 13.877072329685983 2.78546949046046 0.06686505835371317 3.6125759969217834 31.48717327923071 22.490514905734784 27.654665814614955
334 1270.788455613597 560.3867366348886 215.03895011594923 52.99321341378257 1269 1273 557 563 26.0 1.7229888110455462 1.165297073930783 -76.68670741633088 0.7366051259163506 0.15155832865751054 0.1899089745567862 0.0 4.4748345404672785 2.971381 27.30817786740764 12.397714088774338 3.3471515984209868 0.03732292301343994 2.876813695875796 39.947479557336905 19.99977904494116 27.396276542055922
335 10093.089875892105 560.8224596345157 214.95977068005615 52.93726113068567 10090 10096 557 565 47.0 2.0522936900909428 1.7457122845996302 82.0108735491249 0.525788662626695 0.2417076513498347 0.39181019906140957 0.0 15.201833873594659 3.9218047 124.88130207443947 16.796370080244813 3.5436281093289153 0.07042889876257544 3.8678889139475245 189.12878147969565 27.112806950101668 25.708105938772228
336 3682.73441417879 564.8501781125451 215.01723704680876 52.977945272797285 3678 3687 558 572 105.0 3.4279656541836867 2.1720233632750667 74.63641390582451 0.7736454362343932 0.2129176617631145 0.4501942052832952 0.0 33.822763544526495 6.047162 108.31884545389971 21.450922516177023 2.9449398623706187 0.1158475999318013 5.781222885281108 138.8278753685746 34.032177951832324 26.04380830690621
337 6409.5616928078425 559.8871440868677 214.99281313224188 52.960624964573704 6408 6411 558 562 15.0 1.1403076734778823 0.999372437194421 75.84298808420834 0.4815730469418189 0.1280224184097832 0.15517765892770544 0.0 2.1175646402896553 2.1039166 10.77096146485497 8.136942420963697 3.3261164997083013 0.03734378293329022 2.1850968611841584 7.7025375756826815 12.944312377809766 29.18341543591222
338 456.8729253823803 562.4587018988025 215.0462429954061 52.998384129748764 455 459 560 565 27.0 1.6656369984165653 1.2319647356136416 -67.3267475400811 0.6730073547440402 0.1553467778282009 0.20272191205633802 0.0 4.879331064937062 3.0415258 22.53890486193078 12.343544960051714 3.2143086267375343 0.04514600024756883 2.9316150714175193 14.48659004238809 19.69852693293847 28.497584574634033
339 6188.936732266735 565.3942918258628 214.99473475932564 52.96205411681351 6182 6196 560 571 125.0 3.6415389991663076 2.3339317844033856 -23.345138412505488 0.7676084595858957 0.20963849474813456 0.5978597261195614 0.0 45.72848434385854 6.6270447 119.22910119619621 21.205436243000186 2.7469532107809327 0.16733063887848604 6.3078313050504 144.77281216931055 34.10301505132448 25.99828247368765
340 9133.092621706459 562.6549207018206 214.968356879185 52.94336229461243 9130 9136 560 565 28.0 1.9039445953457461 1.154949641179423 -35.5995010911893 0.7950004423091838 0.20962122507089648 0.276105474510263 0.0 6.956179868919812 3.245467 50.51893655493563 14.59052497755823 3.4863046237203528 0.04249083384579067 2.985410660720923 68.88338142416549 23.339703431252026 26.804713854749426
341 10082.67585176963 564.6049459221356 214.95982419518515 52.93734764419954 10077 10089 560 569 107.0 3.144490364946472 2.343403709900895 17.188323012640808 0.6667950087643113 0.2853516647882654 0.6726848930315731 0.0 46.98493084450092 5.7397385 147.48982308882722 20.202553001221393 2.957790833323239 0.13927556476466907 5.836022431559495 183.58069665310674 32.63350542017054 25.740432466031013
342 4379.999698341749 564.9936452612931 215.01097498020363 52.97352448842246 4379 4381 564 566 9.0 0.8121219604257722 0.8110160285272351 -63.34397730525399 0.05216997867440114 0.16901848171715522 0.18374259519207756 0.0 1.5762731077196632 1.8868032 15.94025673858889 7.731740418095509 3.5766430550179917 0.01593389855911587 1.692568750643269 27.648866480218683 12.353558887738371 27.795806671881664
343 1682.4089272881579 574.0734423835343 215.03510737436562 52.99067795368825 1678 1687 565 582 149.0 4.193605063974952 2.4600102529279217 -84.30439742718141 0.8098696337216964 0.19486141133701193 0.4972265860957458 0.0 50.336982602337685 7.326692 108.57206874379938 20.804235334288062 2.450512211579183 0.13411668371262758 6.886811529393324 105.7863862231602 33.21668492567591 26.338925546455748
344 9905.398647193078 570.4110309377631 214.96135201488568 52.93850389365456 9900 9910 565 575 90.0 2.52793550003701 2.4579596214849757 -36.54535764935637 0.2336575187513902 0.24573536068126514 0.5846536408229801 0.0 34.88132637657463 6.080625 180.3012919088559 22.778841685569475 3.318077077414391 0.13477660998831834 5.352372348458314 366.84607051780915 35.04896218597434 24.98879032130518
345 828.8140152422117 571.072039976351 215.04280940581265 52.99607299700963 824 833 567 575 74.0 2.3641205934140257 2.1764885776241587 0.39845176157026635 0.39042795600296265 0.19848663494689855 0.4461544106646056 0.0 22.930582670055397 5.031589 50.14800769862721 14.274854573239478 2.426612217541528 0.12840745876522275 4.853342309955121 45.322920733791705 22.82028624228304 27.25920527693684
346 1802.5781474115192 574.5225187078313 215.034022955667 52.9899185418545 1799 1807 568 582 109.0 3.525159982042076 2.217978076596621 -84.96550795540472 0.777255512092282 0.19192380643405765 0.4413426719616897 0.0 33.95170831032408 6.1364393 111.99862836408967 21.46964068446274 2.880791656602369 0.11954906060098865 5.890312181373172 150.59135486104742 34.08754522796295 25.955499898424456
347 2560.653912070904 571.321151834363 215.0272464340642 52.98509500493907 2558 2564 568 574 37.0 1.805971040435614 1.5207115340838961 -51.97996120377303 0.5394049938874751 0.20225062844922614 0.31698028221943747 0.0 9.728158944529905 3.582806 36.3894559993087 13.26253115446258 3.028935318392476 0.07114840377523451 3.431831258788849 42.574115750310426 21.520765975676788 27.32713590854545
348 3193.6764038864217 577.1224418960453 215.02149968323118 52.981112691691614 3190 3197 568 585 115.0 4.181190704460699 1.9284174878640687 -83.1281165028412 0.8872897014969416 0.20205365998627994 0.48986434348586405 0.0 39.648649489269445 6.3256516 97.18472160244329 20.106730888901954 2.661462839517351 0.12688171936202303 6.050259243299904 98.9316084454452 32.13554631618856 26.411662325095243
349 6026.584028961005 573.0495101619749 214.99611098352545 52.963125248565476 6024 6029 569 576 29.0 1.9909155887211911 1.1055085056893368 55.0482915937927 0.8316658484103597 0.029278071905016582 0.1251161788119484 0.0 2.396905820879976 3.3269413 12.239845358409934 13.348050054685778 3.344023101450395 0.14235796581796586 3.0382538898732494 -0.49500642443058673 21.33672054054916 nan
350 248.79669637963627 585.4531799457872 215.04787107349892 52.99982746781272 238 260 570 600 534.0 6.244259396850298 4.268079007779487 64.3706114138436 0.7299313605838046 0.21808538630993918 3.0315512628097814 0.0 443.1029779527528 14.005149 756.1823775788234 33.72165045648354 2.4532598539398665 0.3861043029710074 13.037541149394091 972.4338703140909 53.60045792869943 23.93034980722721
351 7460.768049977006 575.4061440028513 214.98321923800992 52.95404074866593 7455 7467 572 579 82.0 3.015177746500085 1.9346360933981128 -7.007817284946554 0.7670121969518707 0.18423553694167544 0.36343684779034957 0.0 21.65298315462578 5.797294 52.60209298091928 17.035977182412914 2.526033408631872 0.10806321846227589 5.108953969950291 39.71193072019258 27.276549605842025 27.40269749458266
352 9933.120765366444 582.5554575326437 214.96097566966097 52.938393591717116 9924 9942 574 590 254.0 4.188356960594428 3.6980185150104754 -16.637515289776488 0.46950801439901757 0.2808813842184686 1.3396081581941293 0.0 167.70372823940517 9.206926 304.2951199390735 24.57672170740114 2.4198080683751764 0.2380138759636024 8.991702346646203 435.42955084238287 39.554005614573164 24.80270525121225
353 1568.991107441071 577.3807535182198 215.03609160556974 52.991414870857746 1567 1571 576 579 14.0 1.0580130972500152 1.0365009774807576 4.740383961693906 0.20062830369193468 0.15849951808044654 0.1913403912358001 0.0 2.480667681367826 2.577248 26.324589147790647 11.582664621916702 3.6675742339560857 0.036438353284790656 2.111004122822376 46.63447142376209 18.48434241503873 27.228232353409368
354 2248.68069976889 578.7451066477931 215.0299707012526 52.987113120632365 2246 2251 576 581 25.0 1.4380601644317024 1.2801285160834561 30.879183851738038 0.4556142803892608 0.1858297977872825 0.2792613621238018 0.0 5.684305936221296 3.1782985 19.40475180269108 10.615218480609308 2.922017227604599 0.07641995985646939 2.8209479177387813 26.87931795899494 16.96744687769556 27.826454388376156
355 2476.0923475988884 585.1009211820568 215.02786089996746 52.985705665642065 2468 2484 577 593 216.0 3.881506354540798 3.2286146948357706 -43.19205965221236 0.5550840600811792 0.2822269310378414 1.5311224391355227 0.0 147.45582041498204 8.635457 217.58147209152511 19.392720691954874 2.0889637711657523 0.27251547264050197 8.291859587312052 252.408986963952 31.141304589826735 25.394737965493587
356 7912.657435452036 611.3573927787626 214.9787876343533 52.95136832124903 7883 7942 577 653 3297.0 14.294177280305194 11.090429827734935 83.559222863432 0.6308922549364794 0.23708337832121446 5.357968360943323 0.0 3408.9713733306135 35.712376 3750.210229830085 50.13223404946871 1.4408538922632876 0.40918263932061705 32.39548880242368 3812.561781575973 81.1005789750863 22.446957774896415
357 724.2541369073724 581.4112777313381 215.04364021666916 52.9967917362186 723 726 580 583 11.0 1.1176005846609447 0.7556947302637017 -47.39370123889586 0.7367400978994212 0.14408174074650565 0.1934044687856788 0.0 1.8818912840894984 2.3301933 22.414975390882216 10.550749276193816 3.7924242491826905 0.051943145301966885 1.8712051592547776 34.737638677287855 16.478069035279624 27.547999266124002
358 3094.415842970187 588.2077601729695 215.02227440246006 52.98180201418672 3087 3102 581 595 160.0 4.0028924400363755 2.9306624785560165 -39.530362498288135 0.6811582619938915 0.22011354747313827 0.47836404013970396 0.0 53.68359230393399 7.7963815 144.87837094480932 24.93477440133112 2.7147489126264346 0.11476809279672269 7.136496464611085 159.03245257061616 39.97359167268393 25.89628560847217
359 220.81131017104974 584.5853121149904 215.04813176666542 53.000000164214164 219 223 582 587 27.0 1.565115020982718 1.3323652784052542 80.30079123288435 0.5246970119804388 0.20218496469841196 0.2552720147281557 0.0 6.2077981009209475 3.032165 55.64302149784364 13.820499699825785 3.5757898807272577 0.03846709886515492 2.9316150714175193 120.65814057818946 22.09598684250095 26.19610842933368
360 496.35551930653907 583.35967464214 215.04566798199278 52.99824691664385 495 498 582 585 13.0 1.0730377220570062 0.91500545942815 44.95685861085817 0.5223610619424216 0.14684014417239724 0.16534255527021666 0.0 2.047066422543592 2.100159 23.832331401240275 9.65113005472353 3.7599261358088696 0.024822459392203292 2.0342144725641096 39.09339772770374 15.447959712471915 27.41974145513799
361 950.6267601458845 585.3760860057805 215.04156402102416 52.995378179130164 948 953 583 588 26.0 1.483380951357061 1.314325090484427 -47.034408970163206 0.4636213832606685 0.17257204790475797 0.23875672437630788 0.0 5.3823799202396065 2.9458225 24.925285161494685 11.646170346935175 3.1980759474798144 0.056689682973209046 2.876813695875796 26.81434604301764 18.63691414833301 27.829081975716676
362 1987.9047105786024 586.9438171591456 215.0322270985812 52.98881077859408 1984 1991 583 591 57.0 2.3041753789533637 1.784001568764105 61.8659903768133 0.6328831776127662 0.1996889201775735 0.35853064881534824 0.0 15.23448119789916 4.4929667 38.885493826835365 13.88809948919645 2.6211876202565336 0.10103845327607654 4.259537945889915 42.974073342818286 22.192166103319913 27.316983698262515
363 2585.567068144085 589.4168380300123 215.02683207139893 52.98503490460507 2579 2592 584 594 115.0 3.2994174527278215 2.288408994102118 19.546962806891035 0.7203798917025295 0.23783000299126825 0.7050842612901985 0.0 47.28295283272277 6.3611135 100.59868398771178 18.874948325335925 2.523864074726112 0.18058603724214833 6.050259243299904 137.37462921203166 30.14158844661679 26.055233666928608
364 6725.159379600597 590.5807037307164 214.98965836433393 52.9587890063608 6716 6734 584 597 209.0 4.188010731136996 3.111597508374596 -10.276418089442949 0.6693164556016904 0.22531046352044154 0.9252155070102496 0.0 103.09117732077894 9.119257 166.21823681202645 21.459360899393616 2.125229751297678 0.21852154694585996 8.156394191823509 183.36335759843473 34.344351981556905 25.741718617994646
