outputs/dr0.5_c0.1/nircam1_f115w_dr0.5_c0.1.ecsv
# %ECSV 1.0
# ---
# datatype:
# - {name: label, datatype: int64}
# - {name: xcentroid, datatype: float64}
# - {name: ycentroid, datatype: float64}
# - {name: sky_centroid.ra, unit: deg, datatype: float64}
# - {name: sky_centroid.dec, unit: deg, datatype: float64}
# - {name: bbox_xmin, datatype: int64}
# - {name: bbox_xmax, datatype: int64}
# - {name: bbox_ymin, datatype: int64}
# - {name: bbox_ymax, datatype: int64}
# - {name: area, unit: pix2, datatype: float64}
# - {name: semimajor_sigma, unit: pix, datatype: float64}
# - {name: semiminor_sigma, unit: pix, datatype: float64}
# - {name: orientation, unit: deg, datatype: float64}
# - {name: eccentricity, datatype: float64}
# - {name: min_value, datatype: float64}
# - {name: max_value, datatype: float64}
# - {name: local_background, datatype: float64}
# - {name: segment_flux, datatype: float64}
# - {name: segment_fluxerr, datatype: float32}
# - {name: kron_flux, datatype: float64}
# - {name: kron_fluxerr, datatype: float64}
# - {name: kron_radius, unit: pix, datatype: float64}
# - {name: gini, datatype: float64}
# - {name: equivalent_radius, unit: pix, datatype: float64}
# - {name: kron4_2_flux, datatype: float64}
# - {name: kron4_2_fluxerr, datatype: float64}
# - {name: radius_kron20, unit: pix, datatype: float64}
# - {name: radius_kron50, unit: pix, datatype: float64}
# - {name: radius_kron80, unit: pix, datatype: float64}
# - {name: near_border, datatype: bool}
# meta:
#   PHOTMJSR: 2.962800025939941
#   PIXAR_SR: 2.11539874851881e-14
#   __serialized_columns__:
#     area:
#       __class__: astropy.units.quantity.Quantity
#       unit: !astropy.units.Unit {unit: pix2}
#       value: !astropy.table.SerializedColumn {name: area}
#     eccentricity:
#       __class__: astropy.units.quantity.Quantity
#       unit: !astropy.units.Unit {unit: ''}
#       value: !astropy.table.SerializedColumn {name: eccentricity}
#     equivalent_radius:
#       __class__: astropy.units.quantity.Quantity
#       unit: !astropy.units.Unit {unit: pix}
#       value: !astropy.table.SerializedColumn {name: equivalent_radius}
#     kron_radius:
#       __class__: astropy.units.quantity.Quantity
#       unit: &id001 !astropy.units.Unit {unit: pix}
#       value: !astropy.table.SerializedColumn {name: kron_radius}
#     orientation:
#       __class__: astropy.units.quantity.Quantity
#       unit: &id002 !astropy.units.Unit {unit: deg}
#       value: !astropy.table.SerializedColumn {name: orientation}
#     radius_kron20:
#       __class__: astropy.units.quantity.Quantity
#       unit: *id001
#       value: !astropy.table.SerializedColumn {name: radius_kron20}
#     radius_kron50:
#       __class__: astropy.units.quantity.Quantity
#       unit: *id001
#       value: !astropy.table.SerializedColumn {name: radius_kron50}
#     radius_kron80:
#       __class__: astropy.units.quantity.Quantity
#       unit: *id001
#       value: !astropy.table.SerializedColumn {name: radius_kron80}
#     semimajor_sigma:
#       __class__: astropy.units.quantity.Quantity
#       unit: !astropy.units.Unit {unit: pix}
#       value: !astropy.table.SerializedColumn {name: semimajor_sigma}
#     semiminor_sigma:
#       __class__: astropy.units.quantity.Quantity
#       unit: !astropy.units.Unit {unit: pix}
#       value: !astropy.table.SerializedColumn {name: semiminor_sigma}
#     sky_centroid:
#       __class__: astropy.coordinates.sky_coordinate.SkyCoord
#       dec: !astropy.table.SerializedColumn
#         __class__: astropy.coordinates.angles.Latitude
#         unit: *id002
#         value: !astropy.table.SerializedColumn {name: sky_centroid.dec}
#       frame: icrs
#       ra: !astropy.table.SerializedColumn
#         __class__: astropy.coordinates.angles.Longitude
#         unit: *id002
#         value: !astropy.table.SerializedColumn {name: sky_centroid.ra}
#         wrap_angle: !astropy.coordinates.Angle
#           unit: *id002
#           value: 360.0
#       representation_type: spherical
#   astropy version: '5.1'
#   make_catalog parameters:
#     ab_zpt: 31.4
#     coadd_bands: !!python/tuple [f277w, f356w]
#     deblend_contrast: 0.001
#     deblend_nlevels: 32
#     deblend_npixels: 1
#     detect_kernel_fwhm: 4.0
#     detect_kernel_npix: 7
#     detect_npixels: 4
#     detect_threshold_nsigma: 3.0
#     flag_isolated_buffer: 4
#     hst_bands: !!python/tuple [f606w, f814w, f125w, f140w, f160w]
#     jwst_bands: !!python/tuple [f115w, f150w, f200w, f277w, f356w, f410m, f444w]
#     near_border_kernelsize: 21
#     reference_band: f200w
#   make_catalog version: 1.4.0
#   photutils version: 1.5.0
# schema: astropy-2.0
label xcentroid ycentroid sky_centroid.ra sky_centroid.dec bbox_xmin bbox_xmax bbox_ymin bbox_ymax area semimajor_sigma semiminor_sigma orientation eccentricity min_value max_value local_background segment_flux segment_fluxerr kron_flux kron_fluxerr kron_radius gini equivalent_radius kron4_2_flux kron4_2_fluxerr radius_kron20 radius_kron50 radius_kron80 near_border
[from data line 671]
672 8817.227096182223 965.4326724984621 214.96694776196574 52.947542409857604 8812 8821 961 970 77.0 2.3916241460383594 2.084955705201489 10.946741761810149 0.4899082815541733 -0.09507032811070736 0.9114950465702922 0.0 21.037835258517728 2.528593 65.59473136100816 8.121788995840955 2.8636653620671777 0.4077184845384408 4.950743503369154 87.89275944986153 13.014798676089496 3.4434761347833924 7.434024409418349 12.184245360963516 False
673 8618.332625290437 965.7463299966157 214.9687277983934 52.94880604931926 8612 8624 962 970 89.0 3.0423418349513818 1.8095144829793641 19.538620173680542 0.8038908524833706 0.05497215044785526 1.2916940482333061 0.0 54.02100453698628 2.733578 89.01284197512446 6.705537978935873 2.2977171823614686 0.2635320525795617 5.322553886092406 92.70281702651802 10.644625647326816 2.448598971537956 4.704679883536699 8.565205294586129 False
674 1755.7654594842702 969.8920009020724 215.0302792910316 52.99235356087844 1744 1768 963 978 243.0 6.194733814585662 2.122464492061337 -23.992514877154505 0.9394726143547842 -0.31024407130495685 2.260214572813662 0.0 72.51136313678094 4.462988 107.26159473810293 9.065027137649983 1.9766121308520652 0.4748889012931733 8.79484521425256 96.32526091134154 14.430990348915264 3.3067588500294245 7.6847852261128 12.671490416747393 False
675 6072.514811049654 966.512532101984 214.99155535849792 52.964960510200484 6068 6081 963 970 83.0 3.0254967457165667 1.4792516288676787 6.217186553297173 0.8723238549505048 0.033981331386875244 5.574032624070874 0.0 66.72519937119097 2.4810274 108.2288343475725 5.937439294430079 2.3535015805065833 0.4862971259787139 5.140011726956917 125.8422032435658 9.412123775499564 2.096549179433655 4.061836311307081 8.029485771779788 False
676 7160.726782532434 972.8788831153205 214.98172512539432 52.95809198349562 7147 7176 963 982 431.0 4.655372648693407 2.5485682399514977 5.014691986414801 0.8368405743282408 -0.22678265207582343 28.705142923936748 0.0 490.8706069447356 5.53338 496.7102972819638 5.806432124479932 1.4318627667255475 0.6879976744270705 11.71288013023329 533.129883993154 9.036736436097566 1.8991639516167147 3.416889495109562 7.189509062260179 False
677 3092.6827728885587 975.7168082041549 215.0182087039345 52.98390831695627 3080 3105 964 987 426.0 5.570022569406882 3.463501485999079 -36.918246880719146 0.7831673126624076 -0.09894896222583069 5.023315097887883 0.0 392.4187280022343 6.0320377 498.42607616807044 10.580212772370338 1.907612129469465 0.4523356433832237 11.64474179680661 551.1068370852224 16.780424733504613 2.9071411999319574 6.461739827630559 12.822294870511508 False
678 7074.969432639406 968.4396168566907 214.98254115713112 52.95861201464654 7072 7079 964 972 61.0 1.9465831697864608 1.677870024977841 -87.9805007196506 0.5069822325745724 -0.1385992804685304 0.6950250764016312 0.0 11.084649499677061 1.9456445 15.162139699913013 3.9923700228476355 1.9994390578469752 0.4778303721140315 4.406461512053774 16.89428276003907 6.395010400503836 1.3152064154115652 2.8702353880833864 5.219187488742186 False
679 9366.062611025065 968.8591750946468 214.96199121821093 52.944078530902644 9363 9370 964 971 52.0 2.0582555761746373 1.525804957202086 32.82458134394479 0.671163044661047 -0.27887064189209837 0.48619514020463206 0.0 -1.321091830893851 2.12733 7.660266718160983 11.978816794890333 5.204635047709535 -0.3115776089991328 4.068428945128219 9.430586701584417 19.11250690672332 7.4993318771991655 9.060744328756961 10.628218304869835 False
680 701.7031769026286 972.5778890257387 215.03972272308195 52.99905051983299 696 708 967 978 109.0 2.5600860076159506 1.822651462032353 -18.170541452820235 0.702230861302718 -0.21323424303955568 2.3964683322993574 0.0 39.90272314461604 2.956373 44.01432479732948 3.9682622839487562 1.4532546933935464 0.5232878632392267 5.890312181373172 44.99901730204384 6.322666514327781 1.461987380505688 2.8809297940656924 4.606160540831852 False
681 8406.69706057587 973.1251262620995 214.97054779053968 52.950188670258626 8403 8410 969 978 57.0 1.86825540736122 1.7238893856860908 -73.70541085682271 0.3854545383417847 -0.04844696852170559 0.9887918638246695 0.0 20.728026266942184 2.1403942 46.911982091012604 6.10035512699428 2.7473499119116975 0.38542950715928304 4.259537945889915 54.034869366619056 9.726979970540755 2.1484265823889728 4.978431370907057 9.000660377071343 False
682 3519.5234898977656 975.3173210421143 215.01437968446103 52.981199509835214 3515 3523 971 980 56.0 2.909767643745587 1.4064144457740637 -57.32655697731388 0.8754313231994216 0.014758612639066717 0.7520025110872413 0.0 22.94595208661394 2.2462187 72.44125244568266 7.6333260114153365 2.8307512202954643 0.252900628039051 4.222008245644752 70.22313886469729 12.173555248251374 3.3363013936985473 6.463441772486221 10.85703769480624 False
683 6572.121683541204 974.5725453480802 214.98698773268762 52.96183497813578 6566 6576 972 977 42.0 2.703834102848967 1.0170578840550786 -22.864571869930533 0.9265571780497659 -0.14327969935910084 0.9399755142751844 0.0 16.451510697991612 1.6729873 27.87939018411435 4.48324209991948 2.387059100823253 0.33240987414459283 3.656366395715726 27.65017184458018 7.196213390031269 1.6926299952529 3.686399558365442 6.030301846431691 False
684 3410.1194259514527 987.1048387940497 215.01523798662186 52.981956997271496 3393 3428 974 1000 640.0 6.306539420950486 3.3755850845385353 -21.624361836691232 0.8446927038317148 -0.1891535291421436 7.591613814200207 0.0 376.82782426609646 7.290522 386.69576692697154 8.210010830282505 1.4 0.6288307227897848 14.27299292922217 398.75062968775876 12.95491099335857 2.4995908850258886 5.315592176200942 9.639785927626464 False
685 6986.031381384635 980.8836970360442 214.9832079446978 52.95924345291404 6980 6992 975 986 138.0 1.9501859581566008 1.6754150990558074 0.3568472754103616 0.5117988646503892 -0.24045753626945826 7.812552652922297 0.0 87.13447786900602 3.0206404 87.36802927958033 2.8887147288349593 1.4 0.7267299756822881 6.627726932618989 91.72813906090077 4.561661338276224 0.9651875166264552 1.799898519769857 3.1957408108691436 False
686 631.0719020323571 979.4324601104103 215.04028531152653 52.99953534910891 629 634 977 981 23.0 1.4486680514348222 1.0447123622487986 -17.318495069701925 0.6927750747922969 0.09559377097134203 1.0432706642131575 0.0 10.301763780822396 1.3375225 24.84801567090829 4.123488023499237 2.7181176270399603 0.29464153534920917 2.7057581899030048 39.0370979179901 6.640561750555207 1.6392611597528715 3.5469491318767217 5.929719954156783 False
687 3893.7434849184965 995.7282247792431 215.01080443684657 52.978936782286354 3881 3907 979 1012 665.0 4.859877173112368 3.250646725481498 66.08259206746496 0.7433755648852479 -0.3993115936162559 17.589455193407673 0.0 808.4082904885272 8.40507 803.3437976605304 8.066866246186104 1.4 0.7176891509517577 14.549091872423544 844.9560758471237 12.535665639857145 1.9036053648089912 3.806446026309276 7.2037243857131505 False
688 10138.106189398302 986.2686709797193 214.95488765623358 52.93927356260742 10129 10149 979 993 206.0 4.935105031531926 2.3282045025002156 23.68636739406606 0.8817249017733386 -0.17427008674623273 1.1047115927323279 0.0 58.02645797499603 4.1187024 78.7369061023326 6.490535608203578 1.5158985193030121 0.43472003387966207 8.097643889049511 77.20780551115408 10.37205413928386 2.859227571101443 5.814966947861226 9.568050513432844 False
689 10204.496925431831 984.4522893235153 214.9543117591817 52.9388424494177 10203 10206 983 986 10.0 0.7658340960382702 0.6737354740386376 76.58630530044195 0.47545366250224724 -0.052377467451176704 0.6478466238077499 0.0 2.5968095237279254 0.91465044 5.011726817158699 2.273677658309257 2.5062312988534057 0.46636051734428025 1.7841241161527712 9.908672961217842 3.663661070161633 0.8073515829938974 1.571506772341172 2.9557289844854484 False
690 1112.4706070555849 989.934620163677 215.0358484258123 52.99654034407411 1107 1117 985 994 92.0 2.434546734300325 2.267985575523092 -57.76919540995201 0.36352530296696606 -0.006361999852889021 0.970257962656203 0.0 36.50561086024858 2.8140543 44.54543856618171 4.2739265228251595 1.4 0.3172937242930938 5.4115163798060095 40.66560464685314 6.819105329000491 1.9402273445580056 3.494591299026548 5.308860241606761 False
691 8760.917116581872 988.1372936385601 214.96721355741516 52.94802234905601 8759 8762 987 990 13.0 0.9510798146079525 0.7384834038620008 -14.366773495682885 0.6301562134013475 0.11279243553713054 2.1162421278057817 0.0 11.049968270017242 1.0470035 16.377907479678942 2.1877355158580123 2.0600913639596294 0.37402962732963774 2.0342144725641096 19.602074897553937 3.4646225267407957 0.8042098016844109 1.5110521549666232 2.5462282027144894 False
692 1554.418151689048 1002.9380345741306 215.03174027568753 52.993808818039845 1536 1574 989 1015 720.0 6.082179716593315 3.8299812800226354 -13.043015820293482 0.7768340468824732 -0.24826153143113888 12.066217559438957 0.0 502.18221326400214 7.916237 534.7013895433472 10.27768245923798 1.6361952958402524 0.6417003735637363 15.138795132120961 587.4443829410495 16.310571945140563 3.071352225446717 5.534819457794931 10.34240752448314 False
693 4109.983492321818 996.0612826660888 215.00885939081402 52.97756727335704 4104 4115 989 1004 148.0 3.219114262497457 2.1428844086876224 76.36225268817425 0.7462416354561009 -0.14955998486450806 2.0151910117980103 0.0 65.23720350604992 3.475394 100.6218496607757 7.252378550159365 2.186296287824471 0.46639393263222223 6.863662517577698 123.76717185060335 11.513031152617572 2.1786438592890947 4.8732917183913225 9.164834755696399 False
694 6171.889732416407 991.029858406004 214.99040546155808 52.96446267630798 6170 6174 989 993 20.0 1.2507717574595123 0.9978397299413189 -45.557318128843015 0.6029496659831751 0.15254316504133533 0.8152373482594996 0.0 8.808702182301317 1.1897804 23.304936516116182 3.7437371676988316 2.906428955828638 0.2732176242420435 2.5231325220201604 23.8670054810748 6.047558073795425 1.5482709488830995 3.33466128947623 5.332932745830307 False
695 9549.063146114355 990.7517784593192 214.9601202173651 52.94303559784946 9547 9551 989 992 15.0 1.0207759012829427 0.8050860115740512 -4.5550680391062075 0.6147781876531342 0.15193323217365867 1.552352676108925 0.0 9.996855664262492 1.1615298 19.873217105579428 3.1806638574948236 2.695105457182911 0.34703263199581513 2.1850968611841584 24.113043865681057 5.089470595124986 1.0482097510829347 2.1212067134697974 4.558641238420717 False
696 8808.921780375365 991.6451798925859 214.9667462053455 52.94773671728081 8808 8810 991 993 8.0 0.7842026132214166 0.6634915986395064 -17.34820212713061 0.5330691921635338 0.2051772094310415 0.8200924275024248 0.0 4.161811818796579 0.8312475 14.437968763094055 3.0501190694718843 3.298411382306215 0.2325440590837956 1.5957691216057308 18.98223675781864 4.835143903028941 1.250093031674695 2.556620073191841 3.7972291804660583 False
697 8826.530096960698 992.1035028171385 214.96658350320158 52.947627470586276 8825 8828 991 993 8.0 0.8170892120375626 0.6902487189092279 0.9511300045816042 0.5351367765466788 0.7857270084638172 1.4862799306679313 0.0 9.09192683260014 0.8601586 26.67094433861763 2.7855920148862765 2.881615158920442 0.13673810116759338 1.5957691216057308 32.34457421838438 4.439168144428481 1.1661316848719814 2.195630997032509 3.8003413288703696 False
698 1601.2100695890952 998.7571098751373 215.03136388933854 52.993489548336434 1593 1609 992 1006 207.0 3.3611040694657435 2.4175701787994375 -0.4944832347708648 0.6947217553084899 -0.268944996958168 3.49240802516669 0.0 111.18650097568488 4.311107 124.08080138517168 6.572970764485402 1.7491384410722368 0.5587259969750176 8.117274569709014 142.95091883510702 10.375364366324588 1.7411069652035274 3.5395045026864937 6.637615429315438 False
699 8029.6088935397975 996.1793911040402 214.97368658048418 52.952705655300264 8028 8031 994 998 19.0 1.1899565922756792 0.8996435566676028 82.19128165623022 0.654536310980435 0.06448294935395571 0.9099998653549422 0.0 7.587298284592833 1.1461076 9.693664037360126 2.066736337297769 1.731942208559979 0.33503369317423676 2.4592453796829674 10.913738745410228 3.23191603253213 0.9410211254581046 1.6529010026254145 2.621393225372332 False
700 2723.9598660012093 999.3135192184589 215.02127185344122 52.98637392512253 2720 2728 995 1004 74.0 1.7019043342520341 1.384188276670328 -70.48132871467831 0.581820361067876 -0.1928466085559548 5.505973400911538 0.0 45.848835723809 2.520443 47.45820072391837 3.047761715731389 1.5405454804651955 0.6352424074476244 4.853342309955121 52.033142444921225 4.8170820482458545 0.8803508915214906 1.6558149288117883 3.0414798969962735 False
701 3100.8387697321896 996.1295033330717 215.01792045645476 52.98396697018761 3100 3102 995 998 8.0 0.7737608316504061 0.6727694954148181 -18.963947187933005 0.4939683112424798 0.1673377974572641 1.450692695846957 0.0 5.5068767817844435 0.79909253 14.946378234359754 2.255274629594656 2.519151543916963 0.3823634333290926 1.5957691216057308 16.181963633342747 3.6018264810368783 1.0509634380192245 1.8171742467899825 2.7683677811115186 False
702 10201.918951442223 1000.8045716293494 214.95416268058676 52.938947132696015 10195 10208 996 1006 123.0 3.162024358209821 2.189277197299963 -21.88680395222947 0.7215467706476796 -0.10588360598565691 1.3061182052336409 0.0 48.09446557588084 3.2290206 74.68363121897087 6.9330239505327045 2.0632911291222173 0.3651454542156085 6.257165172872317 70.88977059287761 11.104779130767279 2.342796822485351 4.927611160456376 9.108229751396257 False
703 2820.2085464730485 1000.4448664704693 215.0203954454966 52.98576975158186 2818 2822 997 1004 32.0 1.979425291568856 0.9139515891515869 -61.68790114891876 0.8870227446874204 -0.329767926677719 0.4537706036747907 0.0 4.636841560580846 1.6113099 13.17336856117683 5.600494102168456 3.3312927406492925 0.4671608408836871 3.1915382432114616 15.901257488576418 9.003761287561007 1.921771542145438 5.249889789195446 8.865130276950225 False
704 666.0503342169532 999.7537084345654 215.0397568887829 52.999423525020354 665 667 999 1001 9.0 0.8110959750725129 0.7941213270755514 -59.517832434838176 0.20351435992506225 -0.031833348833728146 0.26831092435049864 0.0 1.1643191703132079 0.8785997 8.544606663510784 3.5227800226140853 3.4151414941026004 0.37564405638768683 1.692568750643269 10.415901276812594 5.604567928814851 1.9538751516923347 3.629774188138089 5.611437717808106 False
705 3598.227717430332 1001.5233695475937 215.01339692428644 52.980842107645 3596 3600 1000 1003 13.0 1.1657287353531973 0.8595670759537594 10.29241016217018 0.6754949892058959 0.11607289061937542 0.5906109006258717 0.0 4.71786068488345 1.1451784 26.64420326707197 4.352658278270529 3.200045770035975 0.23232592545970698 2.0342144725641096 41.16791229704586 6.95642944629374 2.169138910210633 3.7429362612997226 6.256030032545341 False
706 7610.249783895028 1006.270303348334 214.97734138060008 52.95542068246272 7606 7615 1000 1011 90.0 2.721386241039747 1.7940645063657548 55.90570798987608 0.7519268439720729 -0.12061020240492693 2.135346393102339 0.0 42.65087425714264 2.4056182 61.60322412622671 5.480337864562115 2.231586272967881 0.45023556725997366 5.352372348458314 67.13669548141242 8.740927228399926 2.145421192304301 3.8071255893164073 7.384571195486427 False
707 7430.816685096144 1004.6777592140262 214.9789675556097 52.95655040333295 7427 7435 1001 1008 58.0 1.971224409896587 1.515650592883951 -23.628621892926922 0.6393836097436204 0.03254748030983642 1.6793474461328648 0.0 27.462292743701735 1.9486208 34.4040559610397 3.186044727087035 1.6397160551445649 0.40131540110434544 4.296739856991561 36.091607225679745 5.0564870357948 1.3501401479565232 2.656106481933937 4.346478779505342 False
