outputs/dr0.5_c0.1/nircam6_f444w_dr0.5_c0.1.ecsv
# %ECSV 1.0
# ---
# datatype:
# - {name: label, datatype: int64}
# - {name: xcentroid, datatype: float64}
# - {name: ycentroid, datatype: float64}
# - {name: sky_centroid.ra, unit: deg, datatype: float64}
# - {name: sky_centroid.dec, unit: deg, datatype: float64}
# - {name: bbox_xmin, datatype: int64}
# - {name: bbox_xmax, datatype: int64}
# - {name: bbox_ymin, datatype: int64}
# - {name: bbox_ymax, datatype: int64}
# - {name: area, unit: pix2, datatype: float64}
# - {name: semimajor_sigma, unit: pix, datatype: float64}
# - {name: semiminor_sigma, unit: pix, datatype: float64}
# - {name: orientation, unit: deg, datatype: float64}
# - {name: eccentricity, datatype: float64}
# - {name: min_value, datatype: float64}
# - {name: max_value, datatype: float64}
# - {name: local_background, datatype: float64}
# - {name: segment_flux, datatype: float64}
# - {name: segment_fluxerr, datatype: float32}
# - {name: kron_flux, datatype: float64}
# - {name: kron_fluxerr, datatype: float64}
# - {name: kron_radius, unit: pix, datatype: float64}
# - {name: gini, datatype: float64}
# - {name: equivalent_radius, unit: pix, datatype: float64}
# - {name: kron4_2_flux, datatype: float64}
# - {name: kron4_2_fluxerr, datatype: float64}
# - {name: radius_kron20, unit: pix, datatype: float64}
# - {name: radius_kron50, unit: pix, datatype: float64}
# - {name: radius_kron80, unit: pix, datatype: float64}
# - {name: near_border, datatype: bool}
# meta:
#   PHOTMJSR: 0.3925000131130219
#   PIXAR_SR: 2.11539874851881e-14
#   __serialized_columns__:
#     area:
#       __class__: astropy.units.quantity.Quantity
#       unit: !astropy.units.Unit {unit: pix2}
#       value: !astropy.table.SerializedColumn {name: area}
#     eccentricity:
#       __class__: astropy.units.quantity.Quantity
#       unit: !astropy.units.Unit {unit: ''}
#       value: !astropy.table.SerializedColumn {name: eccentricity}
#     equivalent_radius:
#       __class__: astropy.units.quantity.Quantity
#       unit: !astropy.units.Unit {unit: pix}
#       value: !astropy.table.SerializedColumn {name: equivalent_radius}
#     kron_radius:
#       __class__: astropy.units.quantity.Quantity
#       unit: &id001 !astropy.units.Unit {unit: pix}
#       value: !astropy.table.SerializedColumn {name: kron_radius}
#     orientation:
#       __class__: astropy.units.quantity.Quantity
#       unit: &id002 !astropy.units.Unit {unit: deg}
#       value: !astropy.table.SerializedColumn {name: orientation}
#     radius_kron20:
#       __class__: astropy.units.quantity.Quantity
#       unit: *id001
#       value: !astropy.table.SerializedColumn {name: radius_kron20}
#     radius_kron50:
#       __class__: astropy.units.quantity.Quantity
#       unit: *id001
#       value: !astropy.table.SerializedColumn {name: radius_kron50}
#     radius_kron80:
#       __class__: astropy.units.quantity.Quantity
#       unit: *id001
#       value: !astropy.table.SerializedColumn {name: radius_kron80}
#     semimajor_sigma:
#       __class__: astropy.units.quantity.Quantity
#       unit: !astropy.units.Unit {unit: pix}
#       value: !astropy.table.SerializedColumn {name: semimajor_sigma}
#     semiminor_sigma:
#       __class__: astropy.units.quantity.Quantity
#       unit: !astropy.units.Unit {unit: pix}
#       value: !astropy.table.SerializedColumn {name: semiminor_sigma}
#     sky_centroid:
#       __class__: astropy.coordinates.sky_coordinate.SkyCoord
#       dec: !astropy.table.SerializedColumn
#         __class__: astropy.coordinates.angles.Latitude
#         unit: *id002
#         value: !astropy.table.SerializedColumn {name: sky_centroid.dec}
#       frame: icrs
#       ra: !astropy.table.SerializedColumn
#         __class__: astropy.coordinates.angles.Longitude
#         unit: *id002
#         value: !astropy.table.SerializedColumn {name: sky_centroid.ra}
#         wrap_angle: !astropy.coordinates.Angle
#           unit: *id002
#           value: 360.0
#       representation_type: spherical
#   astropy version: '5.1'
#   make_catalog parameters:
#     ab_zpt: 31.4
#     coadd_bands: !!python/tuple [f277w, f356w]
#     deblend_contrast: 0.001
#     deblend_nlevels: 32
#     deblend_npixels: 1
#     detect_kernel_fwhm: 4.0
#     detect_kernel_npix: 7
#     detect_npixels: 4
#     detect_threshold_nsigma: 3.0
#     flag_isolated_buffer: 4
#     hst_bands: !!python/tuple [f606w, f814w, f125w, f140w, f160w]
#     jwst_bands: !!python/tuple [f115w, f150w, f200w, f277w, f356w, f410m, f444w]
#     near_border_kernelsize: 21
#     reference_band: f200w
#   make_catalog version: 1.4.0
#   photutils version: 1.5.0
# schema: astropy-2.0
label xcentroid ycentroid sky_centroid.ra sky_centroid.dec bbox_xmin bbox_xmax bbox_ymin bbox_ymax area semimajor_sigma semiminor_sigma orientation eccentricity min_value max_value local_background segment_flux segment_fluxerr kron_flux kron_fluxerr kron_radius gini equivalent_radius kron4_2_flux kron4_2_fluxerr radius_kron20 radius_kron50 radius_kron80 near_border
[from data line 5104]
5105 8650.129753777072 3953.5558795710854 214.80865314716345 52.819187278276296 8560 8739 3873 4032 20256.0 16.584316989942316 15.771908045432932 -14.000186197814383 0.3091495947673512 -0.14644882474899995 414.61291993573 0.0 94920.28615016093 31.735807 91432.47293178446 25.43190406798074 1.4 0.8412124564474542 80.29747850673061 95606.79568583342 34.744582775583304 4.759268075048675 11.030904378185298 23.322101287137794 False
5106 8729.433893989231 4012.3466930919485 214.80732764204072 52.81899994331519 8719 8739 3998 4023 349.0 6.098467862393328 3.8621306406383966 -60.37421543432606 0.7739102950533803 -0.21066819542050413 1.0085443461344061 0.0 111.9790389246533 3.558429 379.34413520047656 12.228418833041209 3.0054246543147163 0.26862335810321303 10.539931227391522 600.0380222685953 18.523571028327332 8.106597139470956 17.5480587515481 28.907567971428445 False
5107 7433.500426102799 3896.8211722465526 214.82009983500038 52.82661487707819 7428 7439 3890 3904 117.0 3.207525018824199 2.258123553139164 -77.86653853676683 0.7101919551509475 0.023752933714228885 0.9737116154493396 0.0 51.86343412990847 1.9585108 106.85418608539658 5.541538100802218 2.536524099143422 0.2997898497176233 6.102643417692329 134.4189179124112 8.997960414268734 3.1197588028467007 6.328940353132188 10.388606458424166 False
5108 7430.051541870235 3904.364634036408 214.82005124728454 52.82667745330733 7425 7435 3899 3911 66.0 2.5188484050335584 2.097307405544518 -61.30499763917141 0.553806577482711 0.021570013371030927 0.9496955587389251 0.0 28.400311546814372 1.446808 102.40769061962706 5.564477627950208 2.940771165055388 0.29672858471011526 4.583497844237541 117.12997304232158 8.914088539343352 3.541716915720222 7.8527149573018695 12.641647561398603 False
5109 8085.70091673615 3951.2278673100723 214.81371072504857 52.82276258443539 8035 8125 3904 3987 5006.0 13.531898112651083 11.780068562346717 -4.972521743038308 0.49209635683106356 -0.10494127998231836 35.85901012563718 0.0 7746.887969531746 13.897776 7892.273878523769 15.35571941783298 1.4106845899967313 0.6413036065864437 39.91815740031166 8468.704955961099 23.86055610737406 5.311020111331705 12.034696900029857 24.399928511659322 False
5110 8068.022845476169 3918.1557143409796 214.81421625925952 52.82269672944132 8053 8080 3908 3928 390.0 6.432783149399162 4.903497931300659 24.17439770990089 0.6472627836961824 -0.04313682128112712 0.9988521113909855 0.0 124.24860730916004 3.6777864 495.6708471158031 13.86641765283641 3.1647602498345746 0.28339114769980145 11.141851534268367 853.228224304695 22.998862523723844 9.625788171871099 22.91075151621632 35.831478488202805 False
5111 8038.2440957499375 3925.554918762225 214.81440399397783 52.82292588829892 8033 8044 3918 3936 133.0 3.8937184140322265 2.431024229073457 -75.81888272564761 0.781148594492876 -0.03776186489581213 0.6125513411802048 0.0 31.203317616392816 2.1024296 187.26689554097936 8.877986634400264 3.5050618039065555 0.32517392499888137 6.506551687525748 306.57504100630933 14.164964455047038 8.12332874325003 14.158636775534358 22.9987026815575 False
5112 8118.878996924882 3929.0473554405453 214.81364816312865 52.822432161821176 8113 8125 3921 3938 140.0 4.089015381424142 2.4326415360211437 60.300290651899104 0.8037841019982761 -0.0035623563359490087 0.9793614518902581 0.0 62.40553291396847 2.6728842 219.12848319140926 8.548333455918419 3.155067081207215 0.21844740195944026 6.6755811781245455 330.9087024410878 13.315253785831937 5.333645621086147 13.574058801796433 20.179070295309 False
5113 6847.209481364449 3924.3093544179364 214.82504060606198 52.83048934969652 6842 6852 3916 3933 147.0 3.6831162485967694 2.5603388453213665 84.98437893216361 0.7188593096127408 -0.10870792099961203 0.7970580008812929 0.0 54.84071359737047 2.2874584 118.9712902741739 6.897439187345111 2.7338911671213135 0.27883774074767714 6.840435166640879 177.66436475547056 11.012870791474617 3.7892286178704526 7.739896522478351 15.906817686171058 False
5114 6858.44426110141 3937.865175791787 214.82479778000373 52.830491010831786 6849 6867 3931 3944 184.0 4.42553743362287 2.669569108162993 33.03213045220349 0.797575456137423 -0.07101676788096394 0.7479252621585855 0.0 68.29454310786551 2.6351428 137.57766527224484 7.091668306795225 2.4417373283396886 0.29262951662067177 7.653039857325812 204.35765212460416 11.231079642965874 3.8911681252388504 8.038686750404077 13.113383147307669 False
5115 769.3765487311895 3938.276156869235 214.87916295222823 52.8691803894472 758 779 3921 3961 620.0 7.383354499309135 3.736566912846743 84.84850902357024 0.8624866310874605 0.06612324912826267 3.965479136515142 0.0 478.101541895692 3.9642138 645.8263109722839 7.683954118059773 2.0702157490363593 0.4719208319402219 14.048207338801282 769.5139638533494 12.127532885693386 3.781688336246917 8.674265724479849 16.9885150531578 False
5116 813.7013948301901 3950.3193121936897 214.8786401053303 52.868963828211626 807 821 3944 3958 176.0 3.875797102633996 3.357308254065382 62.98372086231998 0.49965595972732907 -0.11261197183100424 0.48609776769435187 0.0 34.63657522145118 2.0145962 115.26212742585983 7.291495686825334 2.8856993775391846 0.2510572525940633 7.48482063701911 185.93288321897828 11.568398263549215 5.758858177173465 11.045047594294175 19.174794470567637 False
5117 790.059890770696 3958.958294022409 214.87876048690646 52.869160592416165 775 807 3948 3969 474.0 4.6905023032285245 3.7237853265047907 6.339736845830144 0.6080495843863044 0.01443659549811546 7.905591924170373 0.0 532.7114345128464 3.4744034 612.257682733393 5.541748799661853 1.8780959686063323 0.5542543540917974 12.283276682185287 728.2237133188617 8.821858779371489 2.486051817652026 5.044404724260698 10.251682091590215 False
5118 6641.793108876688 3931.8986784104427 214.826793369026 52.83183577999985 6638 6645 3929 3935 39.0 2.0058645544694795 1.2874224715275115 -65.31787892201837 0.7668476115405047 -0.006033664578557672 0.33208969762204926 0.0 6.316518116354486 0.98432606 27.596129073775323 3.798403225313719 3.0699757781409573 0.3076047674849853 3.523362819972964 52.549719530666415 6.03252116566512 3.10951623083317 5.286455825617586 8.619316629037769 False
5119 6631.495560087236 3943.7018161101073 214.8267610767458 52.83196484517324 6622 6642 3934 3953 317.0 4.855628011840159 4.249495322320784 -48.66796953850056 0.4838172645131895 -0.07411223846782973 0.5581752692179799 0.0 72.33083270243286 2.902724 154.00136619725242 8.211375761561307 2.3850899849529803 0.3030102726568207 10.045109950630787 164.31151034059422 12.974966677056504 5.459468381862564 10.764037920813175 15.900055630874709 False
5120 6989.622599410913 3953.9229739617203 214.8234586310597 52.829743838157626 6974 7006 3941 3969 685.0 5.1433435462949975 4.618259913771037 -23.1126976009674 0.4401789677179502 0.030983004174881364 13.365154409376693 0.0 1147.049084397287 4.5713234 1257.3750032075736 6.398775887459006 1.6982703710281042 0.572797535132312 14.766254502611575 1393.0788220788086 10.054697701646495 2.7254376760552472 5.6813960679328455 10.742931651884154 False
5121 6982.13387456285 3971.189028369789 214.82334380663272 52.82988449428736 6976 6988 3966 3976 108.0 2.8344440136275457 2.426872455827313 51.065228542301945 0.516631954257833 0.05894957449144815 0.7876114287617406 0.0 42.611591082494805 1.6927235 140.96851290920574 5.645434473654009 2.9133379249981703 0.24501247701789355 5.863230142835039 237.8696869517375 9.152651042849595 4.202908136765772 9.437448248898118 16.29643863004028 False
5122 9423.188082109584 3971.4362696470703 214.8015729553338 52.81436924292613 9388 9455 3945 3995 2121.0 10.46618343390697 8.458272757079051 15.130854859090398 0.5889732314168574 0.02455664412262378 14.778606068704077 0.0 4193.646248887015 9.783781 4709.816500575695 13.892952034540153 1.5815040671768044 0.520490780127 25.98336522846531 4972.44545865926 21.597707574375928 6.1303544837911215 12.03880662160217 19.835224885710613 False
5123 9399.772289876852 3977.879688709778 214.801713918557 52.81455282076637 9378 9412 3955 3995 760.0 8.878088882301451 4.900809546029131 42.188956019473075 0.8338363192420137 -0.005987259015400308 3.6883055264455944 0.0 713.7712389045895 5.480995 1102.4989313017204 11.646937548962553 2.037220250062135 0.4518373453773242 15.553633450087505 1197.9803700167959 18.984307005111702 6.199932494121392 11.147154991746257 20.793346622258376 False
5124 9413.039096011502 3998.8882983791736 214.8013746743517 52.81458167040328 9408 9420 3995 4002 73.0 3.2572884336292693 1.8613489709060649 14.46361372234603 0.8206429789667307 0.18788678016508636 0.6415927311193074 0.0 26.781338157595908 1.6866901 119.47655519894505 6.95373524614613 3.2115216673043103 0.17066599306493163 4.820437914901168 168.11370693315445 11.3125852172969 4.788801333332472 10.74210957579568 18.270920361155717 False
5125 1534.0211455870992 3992.678143668347 214.8717576883949 52.864617000397345 1527 1539 3985 3998 108.0 3.3151738999473346 2.545570178691249 50.987197863569236 0.640624647287859 0.18152500022083007 1.084723617167096 0.0 62.00827049711017 1.7296345 248.88014364808407 6.211241647025806 3.2213764416251407 0.21384603167401847 5.863230142835039 462.2487043669349 10.504610650701647 5.148676571534951 14.214049408813013 19.626388240427033 False
5126 1561.6001773827452 4060.9284974954194 214.8707931446655 52.864809958389884 1516 1615 3971 4125 8938.0 21.44740610140792 9.2057195102882 68.66266427374187 0.9031985581445137 0.018450682277720107 162.45253788605123 0.0 38432.69503356162 17.626986 38553.84229340859 16.599925394186283 1.4 0.7591181006854297 53.33904538619642 41312.3620587744 24.155024044268735 5.780056083105327 12.504280424968682 28.514783449587817 False
5127 1649.6591816789723 4085.702497871252 214.8697456864356 52.86438422149854 1616 1672 4057 4121 2262.0 12.006409890864507 5.592001814919787 -53.63412394871895 0.8849156256320384 0.027075712594053655 24.21872994207317 0.0 4014.112754041995 7.972491 4193.289911244847 9.54667477217265 1.5945144148955317 0.6582744611663082 26.83313180655092 4680.345022858623 14.860560806261034 4.031015581510244 8.997698287513789 18.663447173097875 False
5128 1614.455567482503 4092.350460792124 214.86999026868676 52.86464370018472 1608 1622 4083 4104 200.0 4.86601510816455 3.5093763418469934 -70.92307829547303 0.6927255651313562 0.1300963040866231 0.6470379572267964 0.0 72.8780968474095 2.294058 421.3963345882886 7.093361607675382 3.398582934057337 0.14165482444835983 7.978845608028654 969.1220290127488 11.862688720722156 9.998462933010861 25.46202442549107 33.973873453604995 False
5129 1562.094083933059 4117.226349236753 214.8701963592087 52.86511048789869 1521 1605 4084 4224 6548.0 18.144548947277492 8.838671363358296 78.28339147224877 0.8733320142482024 -0.0688643351477105 175.24017234056151 0.0 18270.098680715437 14.337118 18556.005803809458 13.789994547134885 1.4 0.7974959002549431 45.654059345598846 20626.617160936315 19.675103192558307 5.342880741370178 9.069305987091795 18.61234225365527 False
5130 1545.9459832359796 4173.453147365059 214.86974900676262 52.865516344752315 1524 1564 4153 4204 1084.0 12.443446648124084 8.160455949207796 61.08956357250989 0.7549316263054321 -0.01801824273006888 0.7595486025781262 0.0 419.416330290115 5.2734766 2020.7275764200378 22.411749353968993 3.228007639053891 0.1974484300992715 18.575465448360347 2891.0505908336436 36.156806222980634 17.985126938386024 44.126246583356064 66.81770658244012 False
5131 1609.9130620596668 4169.507076063754 214.86921899706215 52.86508872677311 1600 1621 4157 4182 248.0 5.673570991392982 5.242125268637794 -44.11369520195355 0.38250076825296736 -0.0034238058967882836 0.5552563644098581 0.0 67.29727690312552 2.498568 837.5518365676872 13.804626579635089 3.657229882549757 0.22837677186964012 8.884866446580956 1535.8974771787111 22.292520502780718 16.30871253911758 29.62279963817704 41.81183114821241 False
5132 1540.5424232598414 4181.596496267609 214.8697115996349 52.86559459343187 1531 1547 4174 4191 180.0 4.682880041115843 3.046831819263695 -48.61650111472042 0.7593931403220446 0.07357695559042024 0.5553048266922943 0.0 53.753609640132396 2.1546085 362.6733571561557 8.85706126212737 3.607810098460263 0.2162611680573802 7.569397566060481 651.4214780868325 14.915151638511682 11.197141739354024 21.169221082224066 28.109362277233966 False
5133 1897.7322211232163 3995.5700935746954 214.868477686277 52.862322240693906 1880 1912 3985 4011 510.0 5.6386962948866035 5.082115039885878 -23.14971104791463 0.43321093535343924 0.04973854306351691 2.484330651433388 0.0 337.27359982646897 3.6415823 536.9694283140963 8.835258445429227 2.2391179861297035 0.3784985437655196 12.741194683142286 623.139741824815 13.998867938006383 4.970377497896523 9.693708853620967 19.624447104711614 False
5134 1883.4488890064 3998.905730047261 214.86857019736843 52.86243096433897 1876 1890 3989 4007 179.0 3.988496131432337 2.8242379377448055 52.68451014532769 0.7061162315951228 0.10554097115264484 1.2459039601497715 0.0 91.22488514634534 2.1396446 202.03651660456137 6.489942261835048 2.591635916689469 0.3071202753907381 7.54834217738561 277.74663568921466 10.08264426521021 3.977847605860434 8.604968928493527 14.074199306085324 False
5135 1886.3199581535193 4018.3830639022917 214.8683396111577 52.862517782369224 1878 1895 4008 4028 239.0 5.009498746458862 2.615168461083082 -50.87701387893105 0.8529198141247514 0.04421498754106635 1.7485177301894765 0.0 123.49792605724639 2.7347167 200.60752866164373 6.306821515000337 2.3665957851053383 0.3536044697083477 8.722159296752494 299.3055578430348 9.930525275410037 3.466269206936149 7.2317744522772305 14.415951160350692 False
5136 194.9539284641362 3994.3046074452755 214.8837074401939 52.87313100464531 192 198 3992 3997 29.0 1.8111230118083943 1.3557521985493692 -28.349840907326985 0.663055866977036 0.09881262394756606 0.3352523146804513 0.0 6.223551673280256 0.9084442 34.73413557545861 3.756490933099101 3.45974382693654 0.1949700217319559 3.0382538898732494 37.27549818909075 6.062158681550737 3.2793385627556306 6.456235978258818 9.531437226259886 False
5137 197.72142333856706 3997.669706022987 214.88364729394027 52.873131582876475 196 200 3995 4000 21.0 1.6256856620727311 0.9226762722670852 81.09182196130024 0.8233311409107691 -0.050591655309432826 0.312765480456699 0.0 3.1949148780051955 0.7460081 24.387993626024645 2.888948049027865 3.3646997272848584 0.40967008561936935 2.5854414729132054 25.465242546627735 4.5233540830204495 2.9237567846829946 4.62074267285362 6.484577358047653 False
5138 2227.956417389867 4003.312152527259 214.86544614179428 52.860266276183836 2220 2234 3997 4013 150.0 3.797410590273131 3.082102438320363 79.29299852462677 0.5841681554531528 0.04485729283969879 0.592536580936455 0.0 51.26324038110347 1.9300109 250.2783353214526 8.049532334010301 3.24526458662113 0.1928236210218431 6.90988298942671 408.21839938793187 12.91966781784284 6.713801257571945 16.02669471025053 22.45257027545777 False
5139 2217.9971175080113 4009.0005993878235 214.865475258179 52.86036022352423 2211 2225 4001 4018 159.0 4.537460136732194 2.675410732364423 -52.6241574779983 0.8076754005981084 -0.05907504042076729 0.6470374557893992 0.0 51.36183472029652 1.9501373 207.9895422367718 8.110377546968433 3.1908757935125633 0.20228144395886852 7.1141599576634995 314.07161680553565 12.872424053777541 6.477104821694872 13.2263354768459 22.29997175317648 False
