outputs/dr0.5_c0.1/nircam3_f140w_dr0.5_c0.1.ecsv
# %ECSV 1.0
# ---
# datatype:
# - {name: label, datatype: int64}
# - {name: xcentroid, datatype: float64}
# - {name: ycentroid, datatype: float64}
# - {name: sky_centroid.ra, unit: deg, datatype: float64}
# - {name: sky_centroid.dec, unit: deg, datatype: float64}
# - {name: bbox_xmin, datatype: int64}
# - {name: bbox_xmax, datatype: int64}
# - {name: bbox_ymin, datatype: int64}
# - {name: bbox_ymax, datatype: int64}
# - {name: area, unit: pix2, datatype: float64}
# - {name: semimajor_sigma, unit: pix, datatype: float64}
# - {name: semiminor_sigma, unit: pix, datatype: float64}
# - {name: orientation, unit: deg, datatype: float64}
# - {name: eccentricity, datatype: float64}
# - {name: min_value, datatype: float64}
# - {name: max_value, datatype: float64}
# - {name: local_background, datatype: float64}
# - {name: segment_flux, datatype: float64}
# - {name: segment_fluxerr, datatype: float32}
# - {name: kron_flux, datatype: float64}
# - {name: kron_fluxerr, datatype: float64}
# - {name: kron_radius, unit: pix, datatype: float64}
# - {name: gini, datatype: float64}
# - {name: equivalent_radius, unit: pix, datatype: float64}
# - {name: kron4_2_flux, datatype: float64}
# - {name: kron4_2_fluxerr, datatype: float64}
# - {name: radius_kron20, unit: pix, datatype: float64}
# - {name: radius_kron50, unit: pix, datatype: float64}
# - {name: radius_kron80, unit: pix, datatype: float64}
# - {name: near_border, datatype: bool}
# meta:
#   PHOTMJSR: 0.3925000131130219
#   PIXAR_SR: 2.11539874851881e-14
#   __serialized_columns__:
#     area:
#       __class__: astropy.units.quantity.Quantity
#       unit: !astropy.units.Unit {unit: pix2}
#       value: !astropy.table.SerializedColumn {name: area}
#     eccentricity:
#       __class__: astropy.units.quantity.Quantity
#       unit: !astropy.units.Unit {unit: ''}
#       value: !astropy.table.SerializedColumn {name: eccentricity}
#     equivalent_radius:
#       __class__: astropy.units.quantity.Quantity
#       unit: !astropy.units.Unit {unit: pix}
#       value: !astropy.table.SerializedColumn {name: equivalent_radius}
#     kron_radius:
#       __class__: astropy.units.quantity.Quantity
#       unit: &id001 !astropy.units.Unit {unit: pix}
#       value: !astropy.table.SerializedColumn {name: kron_radius}
#     orientation:
#       __class__: astropy.units.quantity.Quantity
#       unit: &id002 !astropy.units.Unit {unit: deg}
#       value: !astropy.table.SerializedColumn {name: orientation}
#     radius_kron20:
#       __class__: astropy.units.quantity.Quantity
#       unit: *id001
#       value: !astropy.table.SerializedColumn {name: radius_kron20}
#     radius_kron50:
#       __class__: astropy.units.quantity.Quantity
#       unit: *id001
#       value: !astropy.table.SerializedColumn {name: radius_kron50}
#     radius_kron80:
#       __class__: astropy.units.quantity.Quantity
#       unit: *id001
#       value: !astropy.table.SerializedColumn {name: radius_kron80}
#     semimajor_sigma:
#       __class__: astropy.units.quantity.Quantity
#       unit: !astropy.units.Unit {unit: pix}
#       value: !astropy.table.SerializedColumn {name: semimajor_sigma}
#     semiminor_sigma:
#       __class__: astropy.units.quantity.Quantity
#       unit: !astropy.units.Unit {unit: pix}
#       value: !astropy.table.SerializedColumn {name: semiminor_sigma}
#     sky_centroid:
#       __class__: astropy.coordinates.sky_coordinate.SkyCoord
#       dec: !astropy.table.SerializedColumn
#         __class__: astropy.coordinates.angles.Latitude
#         unit: *id002
#         value: !astropy.table.SerializedColumn {name: sky_centroid.dec}
#       frame: icrs
#       ra: !astropy.table.SerializedColumn
#         __class__: astropy.coordinates.angles.Longitude
#         unit: *id002
#         value: !astropy.table.SerializedColumn {name: sky_centroid.ra}
#         wrap_angle: !astropy.coordinates.Angle
#           unit: *id002
#           value: 360.0
#       representation_type: spherical
#   astropy version: '5.1'
#   make_catalog parameters:
#     ab_zpt: 31.4
#     coadd_bands: !!python/tuple [f277w, f356w]
#     deblend_contrast: 0.001
#     deblend_nlevels: 32
#     deblend_npixels: 1
#     detect_kernel_fwhm: 4.0
#     detect_kernel_npix: 7
#     detect_npixels: 4
#     detect_threshold_nsigma: 3.0
#     flag_isolated_buffer: 4
#     hst_bands: !!python/tuple [f606w, f814w, f125w, f140w, f160w]
#     jwst_bands: !!python/tuple [f115w, f150w, f200w, f277w, f356w, f410m, f444w]
#     near_border_kernelsize: 21
#     reference_band: f200w
#   make_catalog version: 1.4.0
#   photutils version: 1.5.0
# schema: astropy-2.0
label xcentroid ycentroid sky_centroid.ra sky_centroid.dec bbox_xmin bbox_xmax bbox_ymin bbox_ymax area semimajor_sigma semiminor_sigma orientation eccentricity min_value max_value local_background segment_flux segment_fluxerr kron_flux kron_fluxerr kron_radius gini equivalent_radius kron4_2_flux kron4_2_fluxerr radius_kron20 radius_kron50 radius_kron80 near_border
[from data line 152]
153 9847.646432157571 456.8603331893464 214.78256972616563 52.81113122758404 9846 9849 456 458 10.0 0.981899047912835 0.7489596398370733 -3.692420435521187 0.646674075676372 0.3808968103415648 0.6873669085664524 0.0 5.564982626410609 4.0371943 28.025618193834948 16.431621693250744 3.33516800110592 0.10718965282289918 1.7841241161527712 24.185062235148415 26.29079750925386 1.77643300134577 3.0590936855737385 4.392935912758981 False
154 8033.972999569209 459.2479220050879 214.79871041740205 52.82267568488582 8030 8036 457 463 36.0 1.382821726595471 1.3664185948787586 -58.55705431392731 0.1535689956921335 -0.07199395055124432 0.1827512596262199 0.0 3.2077900114121105 5.7503133 3.8735499674067952 8.184988597069776 1.4 0.35442390142334007 3.385137501286538 -5.1378303865647785 13.085092232101665 1.2189658270533452 2.0196038705347608 2.72407354801327 False
155 348.3425477936061 461.9955229714408 214.8672811055034 52.87153243808142 342 353 458 468 87.0 2.838792437415981 2.146588825666114 -49.558716780484716 0.6543837097695946 -0.08447203055599017 0.3381530736554827 0.0 15.508093612087503 7.8898883 21.697263632345 12.922389800893873 1.4 0.31980695141049376 5.262410103554244 -3.2044734778727193 20.99514847572669 2.4619661797018666 3.9743015240975126 5.321851218793127 False
156 3938.6819975738904 476.9753315922981 214.83505799966025 52.84880161797615 3920 3957 458 499 1186.0 7.8764967753786745 6.147188106977628 63.458865460611605 0.625221971984287 -0.30843759209318444 5.420680303875045 0.0 1304.619680856803 45.345665 1634.7988621745008 74.41324637725711 1.8431244255560832 0.522535045363082 19.429758748218564 1889.2678136181194 120.63957543668293 5.037831015121788 9.748874459587153 19.349120272899082 False
157 6129.838827296507 463.07665074747916 214.81565148115587 52.83480071500082 6125 6134 459 467 76.0 2.2997909215336256 2.1977348924786995 -32.21750425098958 0.29458987095334116 0.39354370214916673 1.8636926930043796 0.0 88.92555151305365 9.016378 181.54595105599748 24.157503202333977 2.3986191971973225 0.18062911154177919 4.918490759365935 165.52686802405054 39.0646770675534 2.70192359953712 4.959755957308359 8.072271857044283 False
158 1985.452979854221 465.6541356284311 214.85261732045998 52.86115169834729 1984 1991 461 470 63.0 2.1219412375747746 1.2756998929944536 -73.22423606922716 0.7991025557356428 -0.15186184154799826 0.44099913364061316 0.0 6.238329295308815 7.360838 31.949364608964125 22.81502163826539 3.433402335448584 0.532538558216937 4.478115991081385 5.151448378266821 36.61104027925508 2.790242486377616 7.51347792529615 10.095143076364963 False
159 615.1350758409252 469.2226926090942 214.86482115206704 52.869876622618314 612 620 465 474 71.0 2.3028829426172757 2.011668824894015 76.31471168894751 0.4867457763784016 -0.03347289379166354 0.6029738644123303 0.0 21.942572656713903 7.032086 40.5954138233041 13.304190960139742 1.668745008503749 0.2956889007339519 4.753945931439391 33.64850054453167 21.4621269386152 2.3793958923378318 4.17278517402131 6.103040203018245 False
160 8050.0 467.1730233785204 214.79848414811744 52.82261648958941 8050 8054 465 469 21.0 0.4758357093988578 0.28867513459481287 90.0 0.7949539640235708 -0.2219045663125796 0.004282370608375107 0.0 -1.7866436774387775 4.4774904 -0.08558857180150153 2.308042728474353 1.4 -0.42376229354542927 2.5854414729132054 -0.5418638838532449 3.688313204640239 0.8895575679054356 1.0886459076672383 1.2411196814298846 False
161 2373.9849498842623 467.23971511341557 214.84913067642051 52.85869166124246 2372 2377 466 469 15.0 1.2706312910680857 0.8181394978309457 21.7014047786635 0.7651228988540248 0.09298698058471651 0.6593596722453623 0.0 6.285709839980113 6.043351 40.16935720241298 25.140412538787064 3.473754977079821 0.25279108728165317 2.1850968611841584 54.6845342610968 39.18404933260042 2.31787121528066 4.289416189739043 6.799365007601943 False
162 4100.862749980366 470.5756775865607 214.83367769293355 52.84773648216033 4098 4104 466 473 38.0 2.0738484446289416 0.94269642305826 86.52032748782041 0.8907141823299539 -0.10009836306299354 0.2586399375408174 0.0 2.3669748451036954 7.9146347 4.61734959953177 11.152307240666968 1.4 0.47383363752329266 3.477898169151024 -1.0196304368392815 18.01165295923654 1.7353031639323906 3.00095384084649 4.173677083627332 False
163 nan nan nan nan 6415 6416 466 467 4.0 nan nan nan nan -0.0628610898297898 -0.0031661669372741925 0.0 -0.13805883607574518 2.5756614 nan nan nan -0.5468008433960007 1.1283791670955126 nan nan nan nan nan False
164 8236.492827108332 485.80605542873616 214.79662546161055 52.82153122323374 8207 8262 468 501 1363.0 9.204304753957068 5.652376015767412 -12.861204922595583 0.789227170412388 -0.04176538665284752 8.654977943573796 0.0 2236.4598786428946 34.79783 2433.11163730971 49.43166644126554 1.6326051554127927 0.5286832062521393 20.829219257295907 2637.270350334374 79.63852995989382 4.763443130314846 9.105711195639172 15.818631861975916 False
165 8629.194007837155 469.3759864058761 214.79329753751935 52.818945986805154 8627 8631 468 472 19.0 1.3093462360101684 0.8406869545187368 9.527501159231825 0.7666492042580496 -0.013775470464276096 0.2549369791202172 0.0 1.424186531513134 5.14776 58.390635655304095 24.60762853366117 4.117696085314187 0.552679627437523 2.4592453796829674 62.305310174011126 39.83010540376012 4.444850940123057 6.924611044026502 9.571947977092181 False
166 6480.509804144466 472.0559973349333 214.8124289595163 52.83262010246149 6478 6481 469 473 14.0 1.0936422325136397 0.4020449239221165 -58.26486011519485 0.9299760339535509 -0.1242388737472651 0.06888763688965843 0.0 -0.37914966000233835 4.7636943 0.5032932109940873 5.246869896845326 1.4 -0.5565891025560694 2.111004122822376 -0.04405260052878894 8.366432726686348 0.9199028913520986 1.5067941268328768 1.9598827325688368 False
167 1975.462997634629 490.32264557264426 214.85244694781488 52.86134819087053 1957 1999 470 513 904.0 10.782519796290458 5.074397808459943 47.047434709976784 0.8823395439476387 -0.1261957722845738 1.5100107212738576 0.0 434.69256551803153 27.608667 612.0607173581636 54.10622454139254 1.7657626188497877 0.3576977883573689 16.96325844612841 684.380745536958 87.44394367858928 6.620648135427087 12.796210092305618 20.80423752101451 False
168 2253.0190546616327 479.1694227742629 214.8500854339724 52.859524570856834 2249 2259 473 485 108.0 2.586134517742608 2.4153318112138553 -7.206284314869943 0.3573920913273232 -0.05656226850772402 0.6050236291812493 0.0 23.473186320841954 10.940816 62.30649337864002 32.051603966990236 2.768491462388669 0.4128609117795844 5.863230142835039 48.47995611532427 51.73047487062972 3.228805965868927 7.07494711968691 10.090892618507198 False
169 4373.520759222256 475.05586007059037 214.83119692262665 52.846027888310246 4372 4376 473 478 26.0 1.3861721817369508 1.169715674700322 81.94616841096557 0.5365856341480305 0.042663427989128054 0.2764303310928446 0.0 3.7449252987155175 6.546047 47.46535510382364 29.378780257389508 3.9666828516707175 0.31271774892220044 2.876813695875796 37.145349096641986 46.85694783647942 5.040436838459906 8.06369049325295 10.13256716189938 False
170 186.21233664246006 475.4853544112838 214.86858792310207 52.87263510501232 186 187 474 477 5.0 0.9992667571282178 0.391004375700495 82.5110118824773 0.9202668789672207 0.28976870011456834 0.43694682867234735 0.0 1.9676163757070815 1.9043177 30.422032593807234 9.225946594955799 3.8193633172273547 0.08556023132991505 1.2615662610100802 90.95468490895693 14.904328288235064 2.288210835591908 3.9577317907147203 5.30856488781063 False
171 8748.699653210966 481.7606009589954 214.79210197778934 52.81825288785437 8740 8756 475 487 166.0 3.6807931220258734 2.875546874216187 -33.32957833770031 0.6242429980020077 0.06584934167647846 1.442738222043518 0.0 117.88048611625624 17.030989 241.63004483146102 48.49641830542994 2.502682319458635 0.2661497267440449 7.269074295019226 202.89626206585294 76.9600505624022 3.842918619101559 7.093785658553385 14.32952730350158 False
172 9688.783641290267 479.12723941662006 214.78375112480956 52.81226132324116 9684 9693 475 484 83.0 2.281688241128968 2.202169057082301 -7.886917383223351 0.26170109784235895 0.11105071945729109 1.8513067017920783 0.0 83.32508104020715 11.849236 114.75700979182363 20.603798365731446 1.614023777959937 0.2514639924357714 5.140011726956917 108.33694730820264 32.827207963486025 2.1033317810211636 3.6958877214670443 5.673951679356948 False
173 8273.682762932684 478.5558642624492 214.79637018796046 52.82125572095203 8271 8275 476 481 22.0 1.4551585087070342 1.063009410650314 -84.53133318732692 0.6829008457501298 0.014813124196040773 0.26114877772913575 0.0 3.4461967179754653 4.6089993 55.29125780743856 21.271476346979036 4.019779364180996 0.28265516390756323 2.6462837142006137 36.820790650094324 34.16969418035952 4.229891424801693 6.575814340766482 9.080142480963792 False
174 6096.268578154741 485.4322645259685 214.81571573218335 52.835134572924325 6086 6104 478 492 228.0 3.7471943239548597 3.2243698529207876 29.238821313578846 0.5094913940604059 -0.10519003037686381 2.4403659482807134 0.0 230.42845822648974 18.980549 278.78082306657996 27.24251012049444 1.4 0.3536317200353033 8.51907589177983 242.20014459772153 43.61125879721357 2.8764895928220677 5.096570620988778 7.812930934195373 False
175 1049.9399119891254 484.59186091357157 214.86077465966278 52.86719731489974 1045 1055 480 488 74.0 2.4345486522784467 2.1075862652544677 -15.86680103910564 0.5005649709043303 0.033563257822913785 0.603434234122629 0.0 28.635020830970007 7.292678 145.86025308973 28.20338468431183 3.2997434744478853 0.20810173182600872 4.853342309955121 195.4977417843574 45.09817697949631 4.767429687081504 11.43120991296675 15.7926629441428 False
176 9048.305428931584 494.58817503145707 214.78929652120678 52.81641705333829 9032 9073 480 505 737.0 7.99895184014012 4.375082624234849 -20.97715440913154 0.8371607078303439 -0.470936418385099 1.581398222803651 0.0 310.41027934384863 35.64483 318.2984905133934 48.274108286825296 1.4 0.4841693039379703 15.316474337048122 280.87240611066557 77.95954968374544 4.269728519771699 7.374973236040134 11.239359203787059 False
177 8609.797953297659 485.6461066766208 214.79329926536303 52.81915695480541 8606 8615 481 490 81.0 2.6098228924799347 2.247301978624273 69.59985142504543 0.5084463466955704 0.056687310959139633 0.650684479233916 0.0 32.91279266902606 10.770903 86.85611533325053 33.9363335932893 2.5775962266630974 0.19262124155471422 5.077706251929807 141.59985682804358 54.97935796249181 3.4526135937448905 5.919962907035435 9.694851501540937 False
178 8868.02608357959 492.8849215467765 214.79092131256814 52.8175541272918 8858 8882 481 502 380.0 5.912205861997417 4.05514849582565 -37.71909595431419 0.727701150241208 0.007500633212780452 1.3705334278616004 0.0 220.97292880385433 25.64349 463.0558691704033 76.65825119121367 2.6895625638842056 0.2580616885268639 10.998079684646791 620.7727051875172 123.62624298127449 5.8137877061708005 11.886369731870968 23.57545718903057 False
179 3962.6364540697664 484.1630330608167 214.83476854131214 52.84868813898987 3962 3964 483 486 8.0 0.8228902897105222 0.5413176080438948 -66.11765451462684 0.7531710190904838 -0.030056908810756653 0.15674964920998086 0.0 0.6685377427275248 3.6107242 14.863502143045825 14.269771891517149 3.7688006021687555 0.3903874738156311 1.5957691216057308 38.90081451834149 23.17756163321533 3.6630724456120403 5.363942704411692 6.249665945282336 False
180 6234.048367279992 502.2165713121561 214.81431006498747 52.83434925195779 6222 6249 483 521 821.0 7.37652856845043 4.858133442549589 71.88204125682671 0.7524989434054228 -0.01836022866440523 4.753274168851154 0.0 852.1284044259605 26.509338 1029.1652776391832 48.27977768183788 1.9617235909537922 0.4831447233758907 16.165779181867237 1158.8168815744543 77.6473768845765 4.298896713802186 8.289340048413095 15.447238781347453 False
181 3050.007224869174 488.4430401168868 214.84287097551928 52.85451054438451 3045 3055 484 493 81.0 2.2528388401386743 1.9972121681517299 55.88777918256769 0.46266860321586256 -0.09730179200064053 0.8032511152826297 0.0 29.203041167392247 11.649066 35.918609707991415 17.46552063636144 1.430929710296668 0.3604023213143049 5.077706251929807 35.42343664720484 28.01613774901073 1.8239524097646114 3.138007389273363 4.575092733046015 False
182 7554.804712008433 506.96902342700037 214.80248074327585 52.8259790581495 7542 7568 484 536 991.0 9.472028511027696 4.454508744282417 -86.5677670063499 0.8825170855092304 -0.16403606502107718 2.956062745528788 0.0 728.261125943687 30.199593 986.2070229683623 60.74295806189249 2.1660845010705714 0.48614831150754995 17.76077411624101 1041.4290025423377 99.77744456896156 5.295346005557486 11.307952981784391 23.983017517338716 False
183 2737.133068069906 486.8722387029958 214.84568118119995 52.856490115729954 2735 2739 486 488 10.0 1.1907228971931274 0.6747692342595111 -7.45917275546595 0.8239319722158212 0.1231132476347335 0.245751539167647 0.0 1.6897097011622166 4.079346 30.300484985611533 20.610037572424016 3.990181678510389 0.14236997370158974 1.7841241161527712 26.11627072423688 33.58957357257188 2.9947788938002766 4.409271298893392 5.576441901506324 False
184 7744.718472586224 491.11965898793875 214.80095410124036 52.82468632262713 7740 7749 486 495 75.0 2.393209102171206 1.761147606796968 35.75645706669732 0.6770970368271424 -0.18015660444514756 0.8072163061907685 0.0 29.387659449838793 8.441667 42.986987389078166 19.17856930484173 2.1793061865845877 0.30229076752497386 4.886025119029199 29.726494702047475 30.79784235405575 1.9898587307328823 3.5398713361750946 6.26043040408406 False
185 10039.900439581346 488.75999369392787 214.7805210293148 52.81008053213605 10038 10041 487 490 14.0 1.0629162928198304 0.9569965991934143 -71.23932073093096 0.4351666595444342 0.23049292100664448 0.7947070892935929 0.0 7.473304847367701 4.710155 62.2859157170565 19.760500499046124 3.463661154718396 0.19796991235969827 2.111004122822376 103.83975001468347 31.672955757360114 2.7107103962356622 5.004306477211879 7.453115825665733 False
186 188.66748691283684 489.690231969368 214.86841648810335 52.87269612681669 188 190 489 491 6.0 0.9327377007833715 0.5239624307367625 -45.218664637605094 0.8273092034641165 0.23247735876720718 0.26802770803440285 0.0 1.4860342661700907 2.167056 56.3246834285039 11.947667377928312 4.114496489808004 0.03323828643790436 1.381976597885342 157.10025641511285 18.86751402779 3.5677133560332854 5.281767604449089 6.498907579710847 False
187 7903.650497358628 504.8932445878298 214.79939212112285 52.82375013167301 7896 7911 490 519 362.0 6.918754551440939 2.9509825743404985 -79.18332394278974 0.904478445757526 0.01790820849798178 1.5883565413180372 0.0 219.17099589976553 17.757298 227.2606830441468 26.218333568405235 1.4 0.3226165278947735 10.734438914006276 160.68167711805793 42.23276288679223 3.3315596658630615 6.294569146708126 10.363957423013535 False
188 3607.471771871198 493.7219204353674 214.83783841973764 52.85099664242765 3605 3615 491 497 59.0 1.9265233978446932 1.4642026228004317 -65.09982247547129 0.6498958539487957 -0.19483593995442883 0.5612889820242714 0.0 10.622345794144481 10.143093 23.587183504114318 19.051431459728782 1.9386228244409491 0.45445120689998253 4.3336224206596095 14.555511412667652 30.242069858025737 1.9620359788907464 3.495173360689079 5.49444423391691 False
189 2552.843647190699 497.107868985638 214.84721912257626 52.85771627162604 2548 2557 492 499 59.0 2.077015221271257 1.3196766885430065 5.489716395948229 0.7722064523130493 -0.40322554128055665 0.6976729116520025 0.0 14.872377914965526 11.690318 26.350756059193564 21.173574883766367 1.905443105196021 0.3934736858740147 4.3336224206596095 22.668694940170024 34.1384374844746 1.6654956444274152 2.911892561278712 9.126279160379589 False
