outputs/dr0.5_c0.1/nircam2_matched_f277w_f410m_dr0.5_c0.1.ecsv
# %ECSV 1.0
# ---
# datatype:
# - {name: label, datatype: int64}
# - {name: xcentroid, datatype: float64}
# - {name: ycentroid, datatype: float64}
# - {name: sky_centroid.ra, unit: deg, datatype: float64}
# - {name: sky_centroid.dec, unit: deg, datatype: float64}
# - {name: bbox_xmin, datatype: int64}
# - {name: bbox_xmax, datatype: int64}
# - {name: bbox_ymin, datatype: int64}
# - {name: bbox_ymax, datatype: int64}
# - {name: area, unit: pix2, datatype: float64}
# - {name: semimajor_sigma, unit: pix, datatype: float64}
# - {name: semiminor_sigma, unit: pix, datatype: float64}
# - {name: orientation, unit: deg, datatype: float64}
# - {name: eccentricity, datatype: float64}
# - {name: min_value, datatype: float64}
# - {name: max_value, datatype: float64}
# - {name: local_background, datatype: float64}
# - {name: segment_flux, datatype: float64}
# - {name: segment_fluxerr, datatype: float32}
# - {name: kron_flux, datatype: float64}
# - {name: kron_fluxerr, datatype: float64}
# - {name: kron_radius, unit: pix, datatype: float64}
# - {name: gini, datatype: float64}
# - {name: equivalent_radius, unit: pix, datatype: float64}
# - {name: kron4_2_flux, datatype: float64}
# - {name: kron4_2_fluxerr, datatype: float64}
# - {name: kron4_2_mag, datatype: float64}
# meta:
#   PHOTMJSR: 0.8704000115394592
#   PIXAR_SR: 2.11539874851881e-14
#   __serialized_columns__:
#     area:
#       __class__: astropy.units.quantity.Quantity
#       unit: !astropy.units.Unit {unit: pix2}
#       value: !astropy.table.SerializedColumn {name: area}
#     eccentricity:
#       __class__: astropy.units.quantity.Quantity
#       unit: !astropy.units.Unit {unit: ''}
#       value: !astropy.table.SerializedColumn {name: eccentricity}
#     equivalent_radius:
#       __class__: astropy.units.quantity.Quantity
#       unit: !astropy.units.Unit {unit: pix}
#       value: !astropy.table.SerializedColumn {name: equivalent_radius}
#     kron_radius:
#       __class__: astropy.units.quantity.Quantity
#       unit: !astropy.units.Unit {unit: pix}
#       value: !astropy.table.SerializedColumn {name: kron_radius}
#     orientation:
#       __class__: astropy.units.quantity.Quantity
#       unit: &id001 !astropy.units.Unit {unit: deg}
#       value: !astropy.table.SerializedColumn {name: orientation}
#     semimajor_sigma:
#       __class__: astropy.units.quantity.Quantity
#       unit: !astropy.units.Unit {unit: pix}
#       value: !astropy.table.SerializedColumn {name: semimajor_sigma}
#     semiminor_sigma:
#       __class__: astropy.units.quantity.Quantity
#       unit: !astropy.units.Unit {unit: pix}
#       value: !astropy.table.SerializedColumn {name: semiminor_sigma}
#     sky_centroid:
#       __class__: astropy.coordinates.sky_coordinate.SkyCoord
#       dec: !astropy.table.SerializedColumn
#         __class__: astropy.coordinates.angles.Latitude
#         unit: *id001
#         value: !astropy.table.SerializedColumn {name: sky_centroid.dec}
#       frame: icrs
#       ra: !astropy.table.SerializedColumn
#         __class__: astropy.coordinates.angles.Longitude
#         unit: *id001
#         value: !astropy.table.SerializedColumn {name: sky_centroid.ra}
#         wrap_angle: !astropy.coordinates.Angle
#           unit: *id001
#           value: 360.0
#       representation_type: spherical
#   astropy version: '5.1'
#   kernelfile: kernel_f277w_f410m.fits
#   make_catalog parameters:
#     ab_zpt: 31.4
#     coadd_bands: !!python/tuple [f277w, f356w]
#     deblend_contrast: 0.001
#     deblend_nlevels: 32
#     deblend_npixels: 1
#     detect_kernel_fwhm: 4.0
#     detect_kernel_npix: 7
#     detect_npixels: 4
#     detect_threshold_nsigma: 3.0
#     flag_isolated_buffer: 4
#     hst_bands: !!python/tuple [f606w, f814w, f125w, f140w, f160w]
#     jwst_bands: !!python/tuple [f115w, f150w, f200w, f277w, f356w, f410m, f444w]
#     near_border_kernelsize: 21
#     reference_band: f200w
#   make_catalog version: 1.4.0
#   photutils version: 1.5.0
# schema: astropy-2.0
label xcentroid ycentroid sky_centroid.ra sky_centroid.dec bbox_xmin bbox_xmax bbox_ymin bbox_ymax area semimajor_sigma semiminor_sigma orientation eccentricity min_value max_value local_background segment_flux segment_fluxerr kron_flux kron_fluxerr kron_radius gini equivalent_radius kron4_2_flux kron4_2_fluxerr kron4_2_mag
[from data line 4475]
4476 314.0475455201968 3768.364584644417 214.94137499284292 52.94430008420006 311 317 3764 3772 47.0 2.3037610559220423 1.4704667245120573 83.96417386789129 0.7697963273668582 0.21553719939166152 0.4930051223889293 0.0 16.776190947075815 1.3467094 42.430643403436775 4.298922983515479 2.6755356000554 0.12064610787471165 3.8678889139475245 51.92373081524255 6.935103769808737 27.111585275579806
4477 316.36947539715214 3781.8408072193524 214.94121224559956 52.944358121341565 309 323 3772 3792 225.0 4.225718650238896 2.7292719412816377 71.04206317373091 0.7634459981533205 0.17976535640738914 2.213508499846202 0.0 147.78022537796645 3.0263512 198.56282756594356 6.052712207899127 2.002895852440115 0.3766149508518475 8.462843753216344 213.50399640250822 9.616858940039672 25.576484978420424
4478 3960.431406388177 3786.5495887227753 214.90852352798646 52.921250888507366 3946 3975 3772 3803 644.0 6.537545481537421 4.478306049394966 50.05502097995283 0.7285304973221561 0.16392851066903977 4.28928272367525 0.0 545.4787416487737 5.4925647 699.269307500797 10.0838376932806 1.9955172813180333 0.4459150824279039 14.317526556719258 820.057506038093 15.940498509783769 24.115389229774436
4479 3977.838850385497 3800.875175881308 214.9082168331203 52.921217682726095 3968 3986 3790 3809 224.0 3.719660034799297 2.9803729384420183 57.0718949010484 0.5983313856283388 0.21409333709820044 2.800221762491393 0.0 163.5742640225929 3.0836918 213.49842146511696 6.096046126407183 1.9751061401021026 0.40152354525928946 8.444016491289505 254.8375584954402 9.733575780410415 25.384341410962875
4480 3947.3686020899645 3798.509444209255 214.90851451674948 52.9213983786132 3944 3951 3796 3801 32.0 2.0539947460010493 1.2056476191504413 -15.957490402277557 0.8096036269888451 0.20203283313053158 0.3099362093042517 0.0 8.44063835238794 1.1518185 36.027115967968605 4.459740568044862 3.0613806974661397 0.06602168083234804 3.1915382432114616 53.577705421611284 7.110690652330868 27.077539724769846
4481 10113.480917620569 3794.666970069015 214.85340542044622 52.8822144737416 10106 10121 3790 3799 119.0 3.2209150904311823 2.2235931986179174 2.5320206079736414 0.7234653433130204 0.1603646667589018 1.1507065108322072 0.0 62.33189159479396 2.1288998 128.61931390665575 6.001458607201928 2.6575755671106305 0.2904362096660019 6.154581744998688 147.24110144568698 9.917764750253008 25.97992735611975
4482 10122.244815954515 3793.491590423884 214.85333948206662 52.88215245475299 10119 10128 3790 3798 59.0 2.1209585228770638 1.8071005720389604 -1.1855605809286407 0.5235080910391795 0.19812248539860577 0.9506221171804297 0.0 31.995789912990016 1.4716371 69.88475684696857 4.526143104729267 2.6453193533275576 0.23536751892343893 4.3336224206596095 96.02759658583739 7.304333395713376 26.44400985170729
4483 10103.387261728596 3797.8566211447487 214.85346203450993 52.88229580302206 10101 10106 3795 3801 33.0 1.65605194988881 1.4431182243910066 80.06925969745936 0.49053610898466576 0.2727146803949232 0.48589751275845344 0.0 12.23203986668092 1.1043843 41.72962712575887 4.007018979081352 2.967253895670965 0.09614229316350581 3.2410224072142872 57.56163065515117 6.398803667633589 26.999667278738208
4484 3274.0309417892136 3796.3955897984015 214.91456512467659 52.9256620222851 3271 3277 3793 3800 48.0 2.027853019074685 1.5983954431297223 65.52764179067196 0.6153928405032191 0.1704309121266078 0.4660285395682468 0.0 14.630795872279544 1.3915501 40.74535909219277 4.682996046237109 2.8880175223092803 0.15211698547740696 3.9088200952233594 73.10114663353134 7.638866451854545 26.740189527074914
4485 3275.86367463294 3803.9347768798175 214.9144693167948 52.92569108171836 3273 3279 3800 3807 44.0 1.932632459450025 1.623011535344296 55.50089843887832 0.5429064701131028 0.16767664222047343 0.3517618998450921 0.0 11.096758932324269 1.3772503 57.63242768794956 5.538454398518228 3.3890898099653968 0.11749965366022064 3.742410318509555 76.94041290658049 8.861625936216024 26.684613718371413
4486 1510.993929337238 3841.2844313222367 214.9298823296602 52.93709653762442 1504 1517 3834 3847 135.0 3.79412279552533 2.7940335067033195 -41.16480888006638 0.6765345062684511 0.21307565085173072 0.4005626015714043 0.0 41.94060280815008 2.3833425 86.38244823936012 6.429146476990832 2.2057002253535916 0.09082612801759253 6.555290583552474 93.89188346161062 10.33661393731671 26.468429872374905
4487 1525.4094456881398 3841.9069949060813 214.92974663273245 52.93700839405771 1517 1533 3838 3846 129.0 4.1119517638380625 2.06622286754816 2.379130972687036 0.8645818581764523 0.1520048868253082 0.6578401497352101 0.0 49.11419156701598 2.3485992 120.62381106537427 7.52619190132547 2.8504507109896995 0.18737226694845513 6.407961869245868 121.67900003866579 11.999791173599213 26.18696091996066
4488 1600.6447809056635 3848.5949056426384 214.92900221503228 52.93656693160497 1596 1606 3843 3854 93.0 3.1421380792282867 1.831163294577259 55.48611083875909 0.812632696179468 0.16936315106318578 0.7409778298651982 0.0 38.03716575840505 2.0280075 60.85756242630619 4.873792921517477 2.2349212592878027 0.22834541187001361 5.440847306724618 63.77308325877206 7.902866531892652 26.888406463808288
4489 1609.4725441778137 3854.929789895678 214.92885641411476 52.936545097895504 1606 1612 3853 3857 30.0 1.6537490021623167 1.2591049645890529 13.606349722639639 0.6483246493344206 0.1819893073795329 0.49451107340445055 0.0 10.258649501052755 1.1256986 27.855689882348187 3.6123386470375105 2.7678877620336158 0.14631805123130964 3.0901936161855166 32.356893476085645 5.804747773100006 27.62508295211761
4490 3221.5547359803004 3863.286308690667 214.91433053316013 52.926356247957514 3209 3231 3847 3879 532.0 7.251323622328477 4.7236506301098915 -89.38125470673245 0.758718109791473 0.19506895423557738 1.1673334717806478 0.0 225.63806204128002 4.9312167 569.3746474332868 14.97124437800396 2.742000250952109 0.23414201533708576 13.013103375051497 647.6428903935425 23.786686028803302 24.371660994127893
4491 3213.652848173722 3882.0754058463617 214.91420340722166 52.92650783542732 3209 3218 3877 3886 66.0 2.2310930453654634 1.9125842267839728 -54.59495012369012 0.5149155528994431 0.1928367000056967 0.7344270416778914 0.0 26.82093769588682 1.6342597 104.9831225891784 5.891857290431686 3.1294228061780855 0.22080016026697363 4.583497844237541 197.446151686314 9.409349987667126 25.66137831609595
4492 9720.968908791607 3867.950300584687 214.85614149489368 52.88510341490104 9698 9744 3851 3888 1157.0 6.869733976320335 5.073592550338516 3.24685274530851 0.6742065973889935 0.14464670700221782 26.491049168032777 0.0 3654.974789149742 8.064031 3742.152113772838 8.758476611739736 1.4509072312541202 0.6359295240235971 19.190740952726287 3947.0327646186215 13.06751632344685 22.40932317119514
4493 9739.04510109219 3879.9775053983185 214.85585331822605 52.885053431087385 9721 9754 3865 3893 558.0 5.8495926811845225 4.062503929524855 -28.91832630985857 0.7194990046454535 0.17517084824271495 7.489024544115437 0.0 788.7442136814961 5.005111 951.056732703151 8.198297145308802 1.8708803249531616 0.5193797314999044 13.327299669871433 1140.5063982726774 13.178924750813668 23.75725568494088
4494 9725.127956469707 3900.3025168388 214.85576369507277 52.88525145552481 9715 9735 3892 3908 304.0 4.295746373076904 3.610160385171496 1.7209492219277576 0.5419611783089301 0.18327157204842628 2.50844526106898 0.0 214.99489853581673 3.65462 307.8731789430151 7.615550626722993 2.099122625707401 0.3702168759733067 9.83698151873187 393.3588796737684 12.323248575642678 24.913027604077843
4495 6286.823532084094 3880.1776338923123 214.88671878923793 52.90698331507471 6267 6304 3863 3901 910.0 9.263160879544797 6.16003500225831 57.395170966827955 0.7468401832863142 0.14939682624059195 1.9817717442247011 0.0 548.3219616486615 5.544524 900.5292295770132 13.654232867400642 2.3605470874847665 0.27873194906938903 17.019459345914886 1138.7621939871447 22.354196850041976 23.758917398805924
4496 6302.116897168033 3871.1150961867083 214.88667740783674 52.906837292437714 6295 6309 3860 3882 238.0 5.09599968381802 3.2532941284653347 -87.43272639956399 0.7697034838567127 0.18036847483693644 1.0385512771676382 0.0 98.75178438684912 2.8390212 310.1887884572743 9.549715172370922 2.9298765044264345 0.24942369749554 8.703892974511014 412.7143539266953 15.0996368942347 24.860876065977333
4497 6272.675361371291 3886.864379050786 214.88677494394946 52.90710924639086 6266 6280 3878 3893 155.0 3.881887540430915 2.8351806637817285 49.58995539670964 0.6830609662935446 0.1981923609262321 0.6991267242958206 0.0 63.68432087170602 2.2031128 222.89782620591672 6.868369753851949 3.019950479874593 0.18594530643183946 7.024103669400641 454.35998867682304 11.628970499549654 24.756499799877442
4498 6280.735483162902 3911.8179957569687 214.88644006867614 52.907192690661525 6259 6301 3893 3930 1026.0 8.16654933975168 5.104790811481293 34.71919677300874 0.780556362427886 0.21144068067444033 7.807679854648703 0.0 1205.6179929788584 6.160274 1431.5918896139349 9.819586801910644 1.8433843830189374 0.5012310926893953 18.071688997561054 1613.860843853368 15.309637318807681 23.380334788272854
4499 6301.955938595511 3921.5310758794476 214.88614795102276 52.907110325752555 6297 6309 3915 3927 120.0 2.985318116324619 2.5750004746090895 -10.196183544937488 0.5059636496570693 0.16728188608072164 1.0079194099209754 0.0 66.3369352224069 2.0301554 143.84431771786217 5.706428665107317 2.6007454294566683 0.24493754554896396 6.180387232371033 218.99358547210295 9.17805751726167 25.548921514667608
4500 7891.301763634602 3883.647185952226 214.87233214794233 52.89681124673808 7888 7894 3881 3888 36.0 1.738436443633558 1.540389182791767 -73.55196800525319 0.4635373810659727 0.27690145793585547 0.6006081043313573 0.0 16.290958099351705 1.2531719 55.866506095302185 4.462321744269837 2.875790026472869 0.1153514217908547 3.385137501286538 90.42008101346237 6.924867235430934 26.509337770469422
4501 7885.240957128239 3889.749913318964 214.8723220823831 52.89688266368978 7878 7893 3884 3895 124.0 3.325259895750483 2.5895213600510534 -4.516858825698519 0.6273436424912695 0.2235968064371573 0.830895679641273 0.0 51.69652034516094 2.2528849 121.22648578688751 7.061092561445417 2.6278853634398387 0.2129475953777445 6.282549314314218 152.99737240745804 11.340925297922054 25.938290069340653
4502 7897.40993523224 3899.724614635719 214.87210824126927 52.8968591705129 7892 7902 3892 3906 101.0 3.557097051518203 2.0119196562704067 56.62142393032542 0.8246747906344948 0.21226756088121682 0.6332580505938965 0.0 41.95463334005993 2.2164025 160.03435681855484 7.859622712486044 3.100272453565447 0.14467570881521122 5.670035141386943 206.74721749132888 12.391200845801304 25.611400816727457
4503 9300.32073064417 3901.635493407651 214.85954634585173 52.88795749160768 9287 9311 3892 3912 310.0 5.8423015030348475 2.9438410707071454 -37.746670543277546 0.8637714501312788 0.22364552232678037 2.3924404386448885 0.0 229.9519614185883 3.938706 303.3091295373557 7.811944811278208 1.9289963499197709 0.3390807084931817 9.933582672781009 348.4152430840335 12.16318239302337 25.044757132421058
4504 9279.23604862993 3909.8821091354134 214.85964797182712 52.88813591559006 9270 9291 3903 3918 223.0 3.7772663429403153 3.0740160270816643 28.93452462933268 0.5811166146930947 0.22232786363300994 2.717869283240768 0.0 205.2498989501275 3.3242667 274.52840407232895 6.728490869754294 2.059900279599241 0.37256850684142484 8.42514715711158 308.92700655768476 10.48150533937251 25.175360309480315
4505 7149.748956802082 3902.592568616578 214.87876410388424 52.9016236134414 7144 7156 3897 3909 128.0 2.7646126714989014 2.4504959325985487 73.30205384597849 0.4629594189224313 0.1745164521309629 2.043489934906673 0.0 96.87530044487612 2.3334303 141.73151473868748 4.857924275450205 2.1463606763040066 0.35390411230080476 6.383076486422923 165.5137323226397 7.7859716331074855 25.8529149197579
4506 7158.294312352155 3904.8707805106105 214.87866368807408 52.90158162756927 7155 7163 3900 3909 71.0 2.212095569635231 2.0164748953763247 57.418913446618596 0.4111499822336999 0.1306381519962412 1.030330444427445 0.0 39.203555696450856 1.7242476 85.53582027621403 4.826008805331228 2.6092408716343387 0.2449135445869902 4.753945931439391 103.61073192161048 7.641309899094783 26.361488145913608
4507 3136.4136322074482 3914.3331478567893 214.91455528181734 52.92717233521086 3126 3147 3903 3926 349.0 4.591774614795647 4.0866850553006255 68.76887381402791 0.4559581236272492 0.17582481094582908 3.1459251316363375 0.0 369.95806129158007 4.058047 511.9402851454031 8.473760511554632 2.100904640146812 0.39419219827537216 10.539931227391522 573.1476381685443 13.692895488008247 24.50433373224115
4508 3130.279270897677 3924.649948314321 214.91450155584067 52.92726696935445 3122 3139 3914 3934 242.0 3.9129301344131546 3.360913301583736 62.472643263035266 0.5121014922614733 0.16291151341973928 2.6722763598184485 0.0 245.41954013079342 3.288563 295.1011792587185 6.045885201117897 1.7966212297507886 0.3913987199406465 8.77673016883152 335.69753243104793 9.731522635239505 25.08512962763301
4509 3147.5466017025033 3927.7302098482446 214.91431450163282 52.92717396864181 3139 3156 3919 3935 210.0 3.5766971421858385 2.8601461704279973 -8.487726526027453 0.6004513778410121 0.20433512895204245 2.7722058424870255 0.0 167.71405913813464 3.0457144 210.50975629547366 5.879570804814707 1.9611634762695829 0.4058656899155709 8.175883811466258 248.4834462309939 9.487235223354253 25.411756345797432
4510 2395.1158815257354 3934.6444855016102 214.9209797549192 52.93198816358976 2361 2430 3909 3962 2738.0 7.251231993159164 5.934984614788009 20.790314935397763 0.5745357564816662 0.04843502627831569 101.44302565988626 0.0 10250.639071620784 13.269948 9928.13957148877 11.401456147470524 1.4 0.8070514572702336 29.521728749706018 10480.044582224396 15.433239706830518 21.349092174637203
4511 2367.137287638966 3959.137265304406 214.92097237260046 52.93229800246453 2354 2384 3944 3973 598.0 7.034013439594938 5.224323450226549 -43.45477017869734 0.6695988121822056 0.19170649436508527 1.5932457614741542 0.0 351.84665911498735 5.017126 528.6068017757268 11.546281120219016 2.1182454275596334 0.27087645553898876 13.796713809378915 623.0310220141151 18.593441012963588 24.41372582093584
4512 8973.925528585076 3922.314544370353 214.8622460671368 52.89014256084564 8971 8977 3920 3926 34.0 1.6741537355863623 1.433179475203602 -20.209552609176292 0.5168730698452745 0.23941545705194117 0.6485208156091415 0.0 15.12229369371552 1.2621177 37.957535882289775 4.032112996271525 2.721829096605137 0.15688916663020114 3.2897623212397704 52.35215706723509 6.35875149117134 27.10266354842524
4513 8975.99614655623 3928.645311618448 214.862160899965 52.89016354976816 8972 8980 3923 3933 71.0 2.4354162600926235 1.8602601017918203 -63.185990353090965 0.6454096622532639 0.18697762977909316 0.8538667793222964 0.0 33.31904205802385 1.8430338 61.07470701803493 4.96755194221703 2.4293997598946335 0.21733811963446534 4.753945931439391 67.87541394474455 7.9041908005285615 26.820718772020808
4514 7118.539483980313 3927.8031579445487 214.87877776254297 52.90195784361414 7108 7126 3922 3935 142.0 4.736613054585992 2.8137458321386286 8.954027247582264 0.8044342224756599 0.19810791464783425 0.4801953303661554 0.0 50.04125221595027 2.260648 240.4695107614098 9.755739662232463 3.1718023704036806 0.09852576799113891 6.723094811029982 316.77385576121026 15.728714526895534 25.148126672876643
