outputs/dr0.5_c0.1/nircam2_f115w_dr0.5_c0.1.ecsv
# %ECSV 1.0
# ---
# datatype:
# - {name: label, datatype: int64}
# - {name: xcentroid, datatype: float64}
# - {name: ycentroid, datatype: float64}
# - {name: sky_centroid.ra, unit: deg, datatype: float64}
# - {name: sky_centroid.dec, unit: deg, datatype: float64}
# - {name: bbox_xmin, datatype: int64}
# - {name: bbox_xmax, datatype: int64}
# - {name: bbox_ymin, datatype: int64}
# - {name: bbox_ymax, datatype: int64}
# - {name: area, unit: pix2, datatype: float64}
# - {name: semimajor_sigma, unit: pix, datatype: float64}
# - {name: semiminor_sigma, unit: pix, datatype: float64}
# - {name: orientation, unit: deg, datatype: float64}
# - {name: eccentricity, datatype: float64}
# - {name: min_value, datatype: float64}
# - {name: max_value, datatype: float64}
# - {name: local_background, datatype: float64}
# - {name: segment_flux, datatype: float64}
# - {name: segment_fluxerr, datatype: float32}
# - {name: kron_flux, datatype: float64}
# - {name: kron_fluxerr, datatype: float64}
# - {name: kron_radius, unit: pix, datatype: float64}
# - {name: gini, datatype: float64}
# - {name: equivalent_radius, unit: pix, datatype: float64}
# - {name: kron4_2_flux, datatype: float64}
# - {name: kron4_2_fluxerr, datatype: float64}
# - {name: radius_kron20, unit: pix, datatype: float64}
# - {name: radius_kron50, unit: pix, datatype: float64}
# - {name: radius_kron80, unit: pix, datatype: float64}
# - {name: near_border, datatype: bool}
# meta:
#   PHOTMJSR: 2.962800025939941
#   PIXAR_SR: 2.11539874851881e-14
#   __serialized_columns__:
#     area:
#       __class__: astropy.units.quantity.Quantity
#       unit: !astropy.units.Unit {unit: pix2}
#       value: !astropy.table.SerializedColumn {name: area}
#     eccentricity:
#       __class__: astropy.units.quantity.Quantity
#       unit: !astropy.units.Unit {unit: ''}
#       value: !astropy.table.SerializedColumn {name: eccentricity}
#     equivalent_radius:
#       __class__: astropy.units.quantity.Quantity
#       unit: !astropy.units.Unit {unit: pix}
#       value: !astropy.table.SerializedColumn {name: equivalent_radius}
#     kron_radius:
#       __class__: astropy.units.quantity.Quantity
#       unit: &id001 !astropy.units.Unit {unit: pix}
#       value: !astropy.table.SerializedColumn {name: kron_radius}
#     orientation:
#       __class__: astropy.units.quantity.Quantity
#       unit: &id002 !astropy.units.Unit {unit: deg}
#       value: !astropy.table.SerializedColumn {name: orientation}
#     radius_kron20:
#       __class__: astropy.units.quantity.Quantity
#       unit: *id001
#       value: !astropy.table.SerializedColumn {name: radius_kron20}
#     radius_kron50:
#       __class__: astropy.units.quantity.Quantity
#       unit: *id001
#       value: !astropy.table.SerializedColumn {name: radius_kron50}
#     radius_kron80:
#       __class__: astropy.units.quantity.Quantity
#       unit: *id001
#       value: !astropy.table.SerializedColumn {name: radius_kron80}
#     semimajor_sigma:
#       __class__: astropy.units.quantity.Quantity
#       unit: !astropy.units.Unit {unit: pix}
#       value: !astropy.table.SerializedColumn {name: semimajor_sigma}
#     semiminor_sigma:
#       __class__: astropy.units.quantity.Quantity
#       unit: !astropy.units.Unit {unit: pix}
#       value: !astropy.table.SerializedColumn {name: semiminor_sigma}
#     sky_centroid:
#       __class__: astropy.coordinates.sky_coordinate.SkyCoord
#       dec: !astropy.table.SerializedColumn
#         __class__: astropy.coordinates.angles.Latitude
#         unit: *id002
#         value: !astropy.table.SerializedColumn {name: sky_centroid.dec}
#       frame: icrs
#       ra: !astropy.table.SerializedColumn
#         __class__: astropy.coordinates.angles.Longitude
#         unit: *id002
#         value: !astropy.table.SerializedColumn {name: sky_centroid.ra}
#         wrap_angle: !astropy.coordinates.Angle
#           unit: *id002
#           value: 360.0
#       representation_type: spherical
#   astropy version: '5.1'
#   make_catalog parameters:
#     ab_zpt: 31.4
#     coadd_bands: !!python/tuple [f277w, f356w]
#     deblend_contrast: 0.001
#     deblend_nlevels: 32
#     deblend_npixels: 1
#     detect_kernel_fwhm: 4.0
#     detect_kernel_npix: 7
#     detect_npixels: 4
#     detect_threshold_nsigma: 3.0
#     flag_isolated_buffer: 4
#     hst_bands: !!python/tuple [f606w, f814w, f125w, f140w, f160w]
#     jwst_bands: !!python/tuple [f115w, f150w, f200w, f277w, f356w, f410m, f444w]
#     near_border_kernelsize: 21
#     reference_band: f200w
#   make_catalog version: 1.4.0
#   photutils version: 1.5.0
# schema: astropy-2.0
label xcentroid ycentroid sky_centroid.ra sky_centroid.dec bbox_xmin bbox_xmax bbox_ymin bbox_ymax area semimajor_sigma semiminor_sigma orientation eccentricity min_value max_value local_background segment_flux segment_fluxerr kron_flux kron_fluxerr kron_radius gini equivalent_radius kron4_2_flux kron4_2_fluxerr radius_kron20 radius_kron50 radius_kron80 near_border
[from data line 3352]
3353 1112.504846946231 5614.842393019671 214.91476842861576 52.94920078865581 1108 1118 5611 5619 76.0 2.206440714843738 1.6769996669474245 8.712622458571001 0.6498675668326004 -0.17029043872487104 1.1276764957607592 0.0 22.96311287593301 2.3905542 23.54251562622413 3.2264641729001946 1.4 0.443945655719713 4.918490759365935 14.91795373924732 5.078946728768739 1.3336070798502186 2.470022028752118 3.6580938056260224 False
3354 6203.827363717044 5613.466162076513 214.86920524061773 52.91686084664639 6199 6209 5611 5616 54.0 2.3191527493081736 1.3947286267161887 -19.806751742528807 0.798951276157986 -0.06760513989468031 0.6876719184782241 0.0 14.163906135474477 2.0101757 21.94334945030555 4.050630745391033 1.8704777888011062 0.3362082586526971 4.145929793656026 24.798142568547444 6.422741767590773 1.7837508894064416 3.255258864022156 5.773829873591311 False
3355 10203.166385654999 5631.902570645334 214.8332564673871 52.89155010599807 10194 10213 5613 5647 533.0 6.509560351106468 3.357067446217215 -88.30311056488986 0.8567611672854236 -0.3040538524098575 1.957364105793723 0.0 132.47075647728514 6.1134253 140.80833665555886 7.907355755313138 1.4466655964854065 0.5996028485950856 13.02532799341193 153.96666861310945 12.674512857123297 3.055223876839939 5.62184107150235 9.711972771336459 False
3356 1823.827074010485 5622.765638868164 214.90831307793334 52.94472734416684 1817 1831 5614 5632 222.0 3.2027963733330345 2.3102187664208245 -73.91508397711975 0.6926092031538845 -0.13337973714304627 8.085737600310422 0.0 174.41312639111828 4.0457983 183.53079527034362 5.211442348902838 1.6189049256986603 0.6188499451292555 8.406235467365967 203.84519552681337 8.220628555374777 1.5861614175313439 3.0155231829196625 5.68281755490606 False
3357 4310.424915929646 5615.478245300406 214.8861259060521 52.92889782738652 4309 4312 5614 5617 15.0 1.0623971522261728 0.8480551021638268 30.805684716420338 0.6023305435991956 0.2023214743240748 1.3754893858412964 0.0 11.184006247650649 0.9490822 21.786991205986332 2.4335610190290824 2.38042599376634 0.2745276656508076 2.1850968611841584 30.72247725714137 3.9078487705975795 1.1002591134995667 2.105872167959193 3.490124422744628 False
3358 7073.044691529267 5617.766159939323 214.86138547017936 52.91136231065391 7069 7077 5614 5621 53.0 1.763307061112703 1.3619360113795194 1.3297616391807117 0.6351656103074552 -0.03689651937972846 1.8300834043539829 0.0 25.278882362459782 1.8831238 28.927278969732477 2.7832847956780493 1.5863469054787436 0.4833244075412967 4.1073621666150775 32.47691946135524 4.390789787107893 1.1199729279301376 2.0791960200726898 3.654644180171776 False
3359 10277.661251467194 5615.555122934025 214.83276306206687 52.89098857129438 10277 10279 5614 5617 7.0 1.1309051147179112 0.6059787333962375 -86.15797002492245 0.8443226110563815 -0.03617681643976584 0.29975349808261037 0.0 1.0452006769482205 0.70713377 24.35819180864811 3.661930130810604 3.7965583665100504 0.4750281472264994 1.4927053303604616 28.201981850545444 5.848265073371372 2.683481752670441 4.10656258630415 5.986663635810138 False
3360 2982.3927195062975 5617.2128405562235 214.89799625737956 52.93734086689872 2980 2985 5615 5619 26.0 1.3921866899392839 1.0552162537346086 32.88733452353173 0.6523056823147452 0.10313001384651811 1.4258708876892245 0.0 15.273098435370754 1.3610431 20.809882078079436 2.7374503048558867 1.9556841357076005 0.32132930628257333 2.876813695875796 19.04225216213104 4.353104769413721 1.1016990294082014 2.008015726809166 3.3077206286237297 False
3361 3018.6410671718972 5628.4170372997305 214.89755364819928 52.93717114866336 3010 3027 5616 5641 343.0 4.764662615317369 2.4370649275710847 -66.01768039310103 0.859290772798 -0.22679112350634065 7.05860677606648 0.0 173.01582801390208 4.889859 189.51784430315297 6.707477189408044 1.6943536188607453 0.6333452855899887 10.448937312523231 209.102646003835 10.620866609325688 1.7892692055148047 4.18613829962294 8.195021057424443 False
3362 3367.2193152434184 5630.010546432255 214.8944159518885 52.93496620169506 3356 3378 5619 5642 439.0 4.964612158033397 4.017065018995186 -67.6708660849849 0.5876162624932151 -0.05353281314335714 4.774847340259184 0.0 409.9873447938188 5.5317125 473.12660585428836 8.840088020345787 1.7188308370750571 0.4494650767872059 11.821084554078958 503.12963838238625 13.978263154049808 3.0582313891827306 6.09846198515961 10.360806292421428 False
3363 3091.1561157242822 5627.2912212475285 214.8969162387338 52.93670459434849 3083 3099 5620 5635 219.0 2.9390225255488374 2.5232193672341228 42.95334653688664 0.5127745257399329 -0.20973823356393742 3.091035127044867 0.0 90.31302928040333 3.8495464 101.57715091112334 5.153920742440266 1.6511285212563243 0.6325282475839948 8.349243383340204 108.5171335326043 8.26777504665152 1.6083054412472972 3.0292253831796287 6.5204877453675145 False
3364 9599.348399416089 5622.115604828284 214.8387550752216 52.895334448643474 9598 9601 5620 5623 12.0 0.8761425675243117 0.7417238779207367 17.030313377413847 0.5322631274674483 0.052312764266508445 1.5349475129956633 0.0 8.331327028083432 0.9084793 14.607123366556793 2.0782305957823306 2.2454826287231775 0.41319293520723277 1.9544100476116797 14.389101913170357 3.31452756241269 0.8718355120034524 1.591824930458357 2.802771089788171 False
3365 3516.3638814585797 5632.047426919466 214.89305926058088 52.93403006769814 3511 3521 5626 5638 107.0 3.2055514549876594 1.4812768695026564 -54.71279279036254 0.8868291991666889 0.0036443824315671924 2.3144718044173347 0.0 68.31242506030803 2.617086 79.0498569611594 3.7915133778035957 1.5696829085714523 0.492996791310862 5.836022431559495 81.50013978273023 6.03411350104451 1.7770114206582224 3.3877218675578784 5.632959171846376 False
3366 4391.050714899909 5631.889781036425 214.88523138112737 52.92847431827271 4386 4396 5626 5638 100.0 3.4491467753543756 1.784048061027706 47.626068085987534 0.8558384008546541 -0.10250132402826832 0.5666049361975277 0.0 16.793954944078187 2.477097 22.287060685760473 5.365315502920925 2.0008564663016624 0.38645784751019263 5.641895835477563 31.075124585806876 8.55684914241107 2.378364149794742 4.2024963079020585 6.396473984710338 False
3367 2392.2553435689283 5637.29280407515 214.90306911466678 52.94119652463461 2389 2396 5630 5645 94.0 3.7739095485397876 1.5494988094628979 -83.93710977692622 0.9118237409695882 -0.3214728355127849 1.2255309925327635 0.0 40.22189849198986 4.2700434 46.00149840538981 6.7922962528013375 1.4 0.354671649930517 5.4700209598571305 45.70995257457688 11.048153115745235 1.8128558111753095 3.9552970285493925 7.998704879152393 False
3368 3724.027861293838 5634.9239490346345 214.89116991982655 52.932726817892295 3718 3728 5631 5637 53.0 2.243427426666517 1.5452953280398098 1.747306772272091 0.7249418827573827 -0.2060680868364283 0.35768340213861494 0.0 2.4175638605865677 1.7909328 12.472548769416077 6.440716511294483 3.1723583974282348 0.5218651304722026 4.1073621666150775 4.3151420417943775 10.297230871798412 2.9273912013532235 6.55837695690801 8.29689585411032 False
3369 6623.159279480343 5648.725294519904 214.8650829503756 52.91438726185549 6606 6641 5632 5665 871.0 6.649953687272429 4.627081137124509 50.09284070121676 0.7182292711423056 -0.1868794112581636 17.028068147337883 0.0 988.5723711426867 7.801271 1046.3625481801007 9.775758622513461 1.5298908758727783 0.6150970534315622 16.65076307158569 1118.57854098094 15.350249445851569 2.8356379293521763 6.531811598664015 11.971240674959724 False
3370 3949.094688006081 5642.651624333989 214.8890738035397 52.931339192010846 3943 3955 5635 5652 173.0 3.9327919178852833 2.019932157811877 58.62408776254468 0.8580220979997482 -0.11257235028295931 2.230289180759034 0.0 70.37127846828754 3.3996859 77.99454586742473 4.734064914880155 1.4875079657556796 0.5014517399891139 7.420755373261929 79.66825096552287 7.505953560347351 2.4423974930048455 4.023174039675697 6.360600739915166 False
3371 9451.320856324352 5638.666752602729 214.83990360480132 52.89636431747972 9449 9455 5635 5641 41.0 1.587018110498175 1.1787852707245208 43.574851307989505 0.6695495736576591 -0.19015633460795622 1.4990672285319167 0.0 17.52657770797948 1.6808228 29.051484914034678 3.674955696930996 2.3264003137580413 0.4960996331428932 3.6125759969217834 42.29407123221196 5.886589661525648 1.2746095233988808 2.5832063871471047 5.241890421608819 False
3372 1079.9554096308643 5639.5849958381 214.91479931569916 52.94954099462166 1074 1084 5636 5644 76.0 2.4431893013066497 1.769791668768775 27.776052381757818 0.689403403878025 -0.17346887188237253 0.7017769937288925 0.0 10.558472315347105 2.3400724 23.28526511080025 5.636491359336857 2.3074041437944874 0.4985066348835162 4.918490759365935 21.700503404444678 8.970119734411876 2.315058717707848 4.983240433251226 6.840305215678212 False
3373 3271.232144764201 5641.507796637194 214.8951541796374 52.93563778922779 3267 3276 5636 5647 95.0 2.3990975254861424 1.6142193334245079 -46.662897837793174 0.7397840322118772 -0.2863334054557408 2.361334570907335 0.0 41.55218657273488 2.5223515 55.9254856945481 5.022406006319566 2.2659937405303525 0.5419185472225244 5.499039842323396 77.52959678761037 8.039998533391218 1.4394516282195446 3.06959767836155 6.801009073103724 False
3374 8858.601462817662 5639.840463613392 214.84518874150567 52.90013692811649 8855 8862 5637 5642 44.0 2.1167187032935115 1.2227357209920453 13.08743835682644 0.8162801563522132 -0.11860527162118828 0.8333166318421393 0.0 15.23440689663683 1.7552794 19.39784190291912 3.326569108534923 1.829598959526755 0.37943361701762107 3.742410318509555 24.527829229790402 5.278542510094607 1.4912075045299586 2.677277387501918 3.8792209799534403 False
3375 7759.577345254797 5642.715916831647 214.8549835436599 52.90713527445615 7756 7763 5639 5645 38.0 2.2310628777768247 0.9567105257704425 -32.88943701636955 0.9033929015088481 -0.07873715247323775 1.028548083562913 0.0 13.492299880849195 1.5546801 27.909265942735786 4.101533323558412 2.5372058253309415 0.39712192193610746 3.477898169151024 33.52776556030212 6.5560093191342625 1.8068166053793102 3.9191567795509954 8.643189599720587 False
3376 9212.20763579881 5656.942898830953 214.8418480822702 52.89798226324878 9201 9224 5641 5669 498.0 6.024177191297123 3.6756115000751706 70.55365803046024 0.7922910597280494 -0.0810940223575471 4.922709679168416 0.0 445.17693968554465 5.974273 502.1377286548352 9.015603927470073 1.6569610475671017 0.4917975421012166 12.590406002966217 534.6619441767054 14.191857303992723 3.4702548034681397 6.829304908087011 10.615418683133619 False
3377 123.2678831173086 5643.493735948023 214.92333008525134 52.95563559379156 121 125 5642 5645 14.0 1.2281892309994027 0.7353242910208949 -11.396048007111293 0.8009688489646247 -0.134872214989044 0.48090313805578655 0.0 3.099086059249126 1.1906259 8.839351679352019 3.323736887398765 2.5131637855237057 0.37014338536438507 2.111004122822376 15.988976341060438 5.3276292625731925 1.472992098564591 2.767251119953515 3.948281606846362 False
3378 2516.325712775213 5644.647912190682 214.9018805449517 52.9404484059848 2514 2518 5643 5647 23.0 1.285306731368898 1.0793058125998054 -80.06228044273112 0.5430099545404404 0.08250338792125819 1.0834236614481532 0.0 12.407523040214656 1.2044625 19.349053265353227 2.792818776617439 2.148264873968407 0.3050926417572939 2.7057581899030048 26.266116382604253 4.455067540473885 1.2509055456443792 2.1146066798237815 3.6180231480170817 False
3379 6331.499011849633 5644.994952571726 214.86773104181802 52.91621989770075 6330 6333 5644 5646 9.0 0.9346607644686445 0.6212070705472601 -2.868235540809831 0.7471693278063899 0.09309769246648383 0.7989489382034326 0.0 4.571449726676101 0.79652834 10.550407320754388 2.3945263005536495 2.67437303554019 0.2494344560359829 1.692568750643269 12.41312819913719 3.86798081364656 1.0566060401173685 1.968425511552677 3.8226259151486257 False
3380 7881.401892524442 5646.847880296924 214.85385076966014 52.906383562317494 7880 7883 5644 5649 20.0 1.4157545862927003 0.907972264784162 -78.30663487729679 0.7672613990838549 0.28358331122515207 1.0978581442645607 0.0 12.50647571112139 1.1568464 27.561098433465887 3.4334550904054364 2.7106226170941463 0.22980424397573873 2.5231325220201604 31.68817103187982 5.434134558266997 1.4658411085340812 3.019378387527854 5.631488462367181 False
3381 2191.147020438893 5646.925241936679 214.90476866784564 52.94252546958298 2190 2192 5645 5648 10.0 1.2663428385177307 0.5142725635262781 53.42551593134587 0.9138248757916977 0.04496523240049792 1.047965370735688 0.0 3.0359325157389954 0.8110147 13.06118517568026 2.5951838925791018 2.778978342489233 0.4467948061542991 1.7841241161527712 17.91205136717771 4.1956253642256645 1.68016060327762 2.6486614717648624 3.9723280390633895 False
3382 3542.850349018731 5653.094396419901 214.89260039141843 52.933975433943196 3534 3552 5645 5661 238.0 3.221265311093827 2.2160448347939945 15.675903284835199 0.7257653341210961 -0.21524319594432006 5.064241477131494 0.0 106.09727092455105 3.8697875 108.28531012075399 4.156526768079726 1.4 0.6673254438340216 8.703892974511014 111.50126507431598 6.561017660140496 1.3406900524838827 2.630717522724657 5.200338178740683 False
3383 7121.963638061926 5652.162408931977 214.86058563882912 52.91123703768091 7114 7130 5645 5659 197.0 3.2810722467680775 2.7624310423070613 9.758264614539403 0.5395877687882585 -0.2165686777458724 1.6625836966789949 0.0 42.215099522531865 3.5652292 61.0754277266428 7.358599597592108 2.1757353092516376 0.5477989821259437 7.918778161951929 105.24338774306992 11.813509815855081 1.932491348973052 5.016941130441749 11.364748372098406 False
3384 1099.7288843088456 5649.024625257842 214.91452270326332 52.949466410211 1097 1103 5646 5651 34.0 1.7377096569131343 1.290760196019403 3.927773001540881 0.6695201030250293 -0.012628870146374583 0.8345991279102267 0.0 10.42332866875473 1.6006529 14.756937321277183 3.5152019297044133 1.9817815820470308 0.32749790399367756 3.2897623212397704 12.468368749003918 5.5889472181242965 1.4518947704959126 2.5886095133620155 4.08019162783324 False
3385 4331.967873478728 5653.148529698257 214.88553620637362 52.928964250170715 4323 4340 5646 5661 202.0 3.7710616074238423 1.854694566976844 -41.23866707391009 0.8706952429220439 -0.12414453755414687 3.6449328489637707 0.0 109.37432821893114 3.5640266 121.14720484714363 4.701040836909475 1.621475824874451 0.5984027967317226 8.018640596081465 127.639238129995 7.476009256372628 1.6640524413952278 3.4031076407913976 6.593086313457037 False
3386 999.8953630422789 5650.3449911488515 214.9154031847897 52.95010735811682 997 1003 5647 5653 38.0 1.4914104270197814 1.2456853488499144 -53.611656421155686 0.549885873777154 -0.2929957082899033 0.40510238177243185 0.0 2.456106178800603 1.6353986 2.158884346266495 2.234555286986685 1.4 0.5835412175399647 3.477898169151024 1.951592853560507 3.5663950799659827 0.7379526662600235 1.2632885547804862 1.704862641112995 False
3387 3068.5159349835685 5647.7171046690555 214.8969037357974 52.93695858599425 3068 3069 5647 5648 4.0 0.5036789617646334 0.44600352291053935 -15.570347341765764 0.46465525897832377 0.1262610698201881 0.37154057073900526 0.0 1.0283776427987181 0.49482575 8.435997917039385 1.9522215139894268 3.6764883069683303 0.30374385778342355 1.1283791670955126 11.10977001584829 3.149060609635034 1.448389852974091 2.5640348115613323 3.4031873878392664 False
