outputs/dr0.5_c0.1/nircam2_f160w_dr0.5_c0.1.ecsv
# %ECSV 1.0
# ---
# datatype:
# - {name: label, datatype: int64}
# - {name: xcentroid, datatype: float64}
# - {name: ycentroid, datatype: float64}
# - {name: sky_centroid.ra, unit: deg, datatype: float64}
# - {name: sky_centroid.dec, unit: deg, datatype: float64}
# - {name: bbox_xmin, datatype: int64}
# - {name: bbox_xmax, datatype: int64}
# - {name: bbox_ymin, datatype: int64}
# - {name: bbox_ymax, datatype: int64}
# - {name: area, unit: pix2, datatype: float64}
# - {name: semimajor_sigma, unit: pix, datatype: float64}
# - {name: semiminor_sigma, unit: pix, datatype: float64}
# - {name: orientation, unit: deg, datatype: float64}
# - {name: eccentricity, datatype: float64}
# - {name: min_value, datatype: float64}
# - {name: max_value, datatype: float64}
# - {name: local_background, datatype: float64}
# - {name: segment_flux, datatype: float64}
# - {name: segment_fluxerr, datatype: float32}
# - {name: kron_flux, datatype: float64}
# - {name: kron_fluxerr, datatype: float64}
# - {name: kron_radius, unit: pix, datatype: float64}
# - {name: gini, datatype: float64}
# - {name: equivalent_radius, unit: pix, datatype: float64}
# - {name: kron4_2_flux, datatype: float64}
# - {name: kron4_2_fluxerr, datatype: float64}
# - {name: radius_kron20, unit: pix, datatype: float64}
# - {name: radius_kron50, unit: pix, datatype: float64}
# - {name: radius_kron80, unit: pix, datatype: float64}
# - {name: near_border, datatype: bool}
# meta:
#   PHOTMJSR: 0.3925000131130219
#   PIXAR_SR: 2.11539874851881e-14
#   __serialized_columns__:
#     area:
#       __class__: astropy.units.quantity.Quantity
#       unit: !astropy.units.Unit {unit: pix2}
#       value: !astropy.table.SerializedColumn {name: area}
#     eccentricity:
#       __class__: astropy.units.quantity.Quantity
#       unit: !astropy.units.Unit {unit: ''}
#       value: !astropy.table.SerializedColumn {name: eccentricity}
#     equivalent_radius:
#       __class__: astropy.units.quantity.Quantity
#       unit: !astropy.units.Unit {unit: pix}
#       value: !astropy.table.SerializedColumn {name: equivalent_radius}
#     kron_radius:
#       __class__: astropy.units.quantity.Quantity
#       unit: &id001 !astropy.units.Unit {unit: pix}
#       value: !astropy.table.SerializedColumn {name: kron_radius}
#     orientation:
#       __class__: astropy.units.quantity.Quantity
#       unit: &id002 !astropy.units.Unit {unit: deg}
#       value: !astropy.table.SerializedColumn {name: orientation}
#     radius_kron20:
#       __class__: astropy.units.quantity.Quantity
#       unit: *id001
#       value: !astropy.table.SerializedColumn {name: radius_kron20}
#     radius_kron50:
#       __class__: astropy.units.quantity.Quantity
#       unit: *id001
#       value: !astropy.table.SerializedColumn {name: radius_kron50}
#     radius_kron80:
#       __class__: astropy.units.quantity.Quantity
#       unit: *id001
#       value: !astropy.table.SerializedColumn {name: radius_kron80}
#     semimajor_sigma:
#       __class__: astropy.units.quantity.Quantity
#       unit: !astropy.units.Unit {unit: pix}
#       value: !astropy.table.SerializedColumn {name: semimajor_sigma}
#     semiminor_sigma:
#       __class__: astropy.units.quantity.Quantity
#       unit: !astropy.units.Unit {unit: pix}
#       value: !astropy.table.SerializedColumn {name: semiminor_sigma}
#     sky_centroid:
#       __class__: astropy.coordinates.sky_coordinate.SkyCoord
#       dec: !astropy.table.SerializedColumn
#         __class__: astropy.coordinates.angles.Latitude
#         unit: *id002
#         value: !astropy.table.SerializedColumn {name: sky_centroid.dec}
#       frame: icrs
#       ra: !astropy.table.SerializedColumn
#         __class__: astropy.coordinates.angles.Longitude
#         unit: *id002
#         value: !astropy.table.SerializedColumn {name: sky_centroid.ra}
#         wrap_angle: !astropy.coordinates.Angle
#           unit: *id002
#           value: 360.0
#       representation_type: spherical
#   astropy version: '5.1'
#   make_catalog parameters:
#     ab_zpt: 31.4
#     coadd_bands: !!python/tuple [f277w, f356w]
#     deblend_contrast: 0.001
#     deblend_nlevels: 32
#     deblend_npixels: 1
#     detect_kernel_fwhm: 4.0
#     detect_kernel_npix: 7
#     detect_npixels: 4
#     detect_threshold_nsigma: 3.0
#     flag_isolated_buffer: 4
#     hst_bands: !!python/tuple [f606w, f814w, f125w, f140w, f160w]
#     jwst_bands: !!python/tuple [f115w, f150w, f200w, f277w, f356w, f410m, f444w]
#     near_border_kernelsize: 21
#     reference_band: f200w
#   make_catalog version: 1.4.0
#   photutils version: 1.5.0
# schema: astropy-2.0
label xcentroid ycentroid sky_centroid.ra sky_centroid.dec bbox_xmin bbox_xmax bbox_ymin bbox_ymax area semimajor_sigma semiminor_sigma orientation eccentricity min_value max_value local_background segment_flux segment_fluxerr kron_flux kron_fluxerr kron_radius gini equivalent_radius kron4_2_flux kron4_2_fluxerr radius_kron20 radius_kron50 radius_kron80 near_border
[from data line 659]
660 1689.0823600496199 2574.508605474613 214.94162674365026 52.92912597600982 1686 1695 2572 2578 54.0 1.9291201183036009 1.6175681197783942 -27.976764218858257 0.5449008782498495 -0.030307514788141806 0.33441285127012654 0.0 8.531756477098297 4.4094777 46.367463720608114 15.371496876918432 3.2097976979377565 0.4054949836935555 4.145929793656026 90.66970478548167 24.86330320951579 3.661900569379817 6.713098306324705 10.698372593901148 False
661 6867.505810160062 2584.9800505117487 214.8951608001899 52.896307086889315 6857 6878 2573 2597 337.0 5.975614914229076 3.3100586897171493 -50.09230399614039 0.8325647670131535 0.023073400138218667 1.0781858391939583 0.0 155.94403899861973 11.079097 210.17872472858062 17.589917909719603 1.4948960821312651 0.28658752788310277 10.357143990692485 201.38043275232764 28.145322739914025 3.932522926642704 7.353157637792794 11.71255641226826 False
662 9462.194176755405 2574.4587286174533 214.87207107539123 52.87977103952431 9459 9463 2573 2577 20.0 1.269217333757427 0.6943225277510482 80.73085209878337 0.8371013820481501 -0.08933180733335477 0.10243975039617477 0.0 0.16771264111334308 2.875441 8.927243609117419 9.885239272463288 3.916239400230482 0.4434994845950138 2.5231325220201604 5.157628229419988 15.836557641605667 3.4720063834886497 5.87165636412048 nan False
663 7231.179570586276 2577.590634249479 214.89198572559803 52.89395773611664 7228 7234 2575 2580 31.0 1.6001500738317715 1.446323859837861 -30.98553210438675 0.4278122273096212 0.13308730046692413 0.26310204322439357 0.0 6.415701341176438 3.2207377 31.952575021688872 14.209898859759328 3.555720918917575 0.0910726208527976 3.141274657157109 60.21372814587974 22.685405638651055 3.117030581802438 5.5834519111674705 7.628600094214746 False
664 7389.087171418752 2580.7793393008155 214.8905398717667 52.89297213600875 7383 7394 2575 2587 130.0 3.0264194593229226 2.5123943098699644 -83.35107245956097 0.5575341127592658 0.004116299005717281 0.6062325869883605 0.0 39.17746102617899 7.0186543 70.2809457151531 16.894948189159763 2.3373812724032246 0.2991411464437809 6.432750982580687 107.69519070384446 26.78624707926836 2.9676509293239346 5.6873011639843964 9.657354800281714 False
665 7512.4985898961895 2582.7045696588843 214.88941588916987 52.89219877724891 7506 7519 2575 2589 160.0 2.90008118305698 2.5034275624627655 12.040585224287218 0.5048164347638752 -0.058700530828402105 0.2748976429804906 0.0 12.914982204738505 7.320735 17.354343308726484 9.88076483943144 1.4223126512098971 0.48441469329729414 7.136496464611085 18.997092922816783 16.076785746371346 2.1915717111634567 3.989093004904572 7.927303533493758 False
666 1838.1318455508253 2578.4224436043596 214.9402503068493 52.92820111905187 1836 1840 2576 2580 16.0 1.1444120860242353 0.988231273926527 -89.74706888622457 0.5043018020814771 0.04759108470356585 0.1876476905071518 0.0 2.0668091937602817 2.4451632 5.873232392329145 7.761398138686376 2.623455135459318 0.18676726335062274 2.256758334191025 15.348777976987504 12.252599970057098 1.5709419786117778 2.8285079427592463 6.722835948263767 False
667 3353.002821778976 2580.1190951166677 214.92666509226032 52.91859478928614 3351 3355 2578 2583 23.0 1.4065607584244484 1.208960831935076 -70.22726525238484 0.5111096104687948 0.22244430209701818 0.36764807497030866 0.0 7.084526721972004 2.869514 50.562267441216605 12.403336431120069 3.562627158909053 0.08250236450231507 2.7057581899030048 60.84455391972352 19.94049169945489 3.372828234026531 6.324215128043642 9.199342996809555 False
668 1517.8173173793057 2585.4147401617215 214.94304622825967 52.93027184467387 1510 1524 2579 2591 141.0 3.583159188318192 2.6949125436591843 -5.043135466903764 0.6590431064181166 0.08283500072875843 0.6119051088729773 0.0 49.1640487446582 7.434954 127.8969301907739 22.898116796651305 2.7132332269327373 0.21845998013276394 6.699380116989518 159.8302585339341 36.70783976361177 4.335431416493435 8.135189549807238 12.771881813893259 False
669 1329.5814837039322 2582.198672309656 214.94476652879294 52.93144913580319 1329 1330 2581 2583 5.0 0.7636821319651945 0.4479860697395171 -70.4890662572407 0.8098671964995533 0.28252893930326817 0.3268973137146935 0.0 1.5208168289637762 1.339732 15.521769215771087 6.016458682981284 3.815701735044469 0.036358715389681044 1.2615662610100802 19.812749030971947 9.655275485238453 1.858728049447381 3.2172098694943965 4.585880217088971 False
670 4027.943760762939 2586.315088145405 214.920556952979 52.91434361721704 4021 4032 2582 2592 93.0 2.6936562146739838 1.8039394799538795 -39.71307742713527 0.7426324445853634 -0.04617496983033045 0.2793932706639184 0.0 8.593806297172685 5.9629893 43.49367868903559 19.761049335199438 3.307287765370042 0.502784165013871 5.440847306724618 134.38426973980341 31.58358579484446 4.835985012162834 10.334788273243914 15.56913237408691 False
671 2033.2473015868916 2585.1897477300927 214.9384312429283 52.926999273659746 2032 2034 2584 2586 7.0 0.7334556428437811 0.510146611665037 -38.302138895437544 0.7184888616271164 -0.02060215798869358 0.1510972443568782 0.0 0.38791670714721516 1.6020476 9.364767494280294 6.841411465186451 4.023827817775724 0.49513444031141335 1.4927053303604616 24.01814002978844 10.729264899682892 2.7796743827429764 4.621146643138856 5.687853723717095 False
672 1639.3434515551476 2595.990216833133 214.9418461552179 52.92955766295065 1630 1646 2586 2605 235.0 4.487263381087551 3.1432320013203006 -61.91964397566422 0.7136733997289282 -0.016737860274398223 0.6766185781216213 0.0 76.64920393127747 9.367633 136.9098145776244 25.636154644397518 2.5124972348871935 0.3000268715656832 8.6488625410045 162.4880417691021 40.794375014191246 4.047288530797997 7.629870544465469 16.700451046623588 False
673 8552.906459446662 2605.837826303171 214.87986919751768 52.88571586787648 8535 8568 2587 2624 955.0 6.628803398819232 5.673760977367616 61.87026147730816 0.5170993785508935 -0.0037846816656719206 5.855094275832367 0.0 1171.5107358054192 18.916553 1277.468710229638 26.28297412762058 1.5865340746155474 0.5177637598112635 17.435192608787553 1353.3076719021606 41.573865350192584 4.169345002585577 7.6780136339567315 12.949580475486766 False
674 1998.1220882518637 2622.2176938735056 214.93835602289812 52.92742216234881 1966 2028 2588 2655 2686.0 12.343575240663203 7.923487046993537 -51.48343719997643 0.7667784521305677 -0.040797322916737655 9.256397231163023 0.0 3084.336691806813 31.52299 3300.3326874918903 42.5737373345473 1.5922187163753783 0.5521664789895251 29.2400470979385 3561.697704837577 68.10002633809981 5.751652694958773 11.931376591487377 21.40501877647075 False
675 4144.663103183691 2590.2129242095516 214.91947102224026 52.91362367607366 4143 4147 2588 2592 19.0 1.2717838168727986 1.1047720372047636 37.61867550312418 0.4953752110080717 0.10957301740367366 0.3104966730092535 0.0 4.4528206606730345 2.6414928 13.485058053767137 8.738180918162811 2.6766334263686797 0.13598900882284193 2.4592453796829674 6.263668340909969 13.89320917894382 1.834724943242955 3.0565178185784854 4.21119273629661 False
676 8612.525593663533 2591.1060657211165 214.87949124293732 52.88525772541135 8609 8616 2588 2595 48.0 2.1055785242863814 1.79327132468913 86.67541825042086 0.5240682034105877 0.12545691302796969 0.31152401121780043 0.0 10.703628658363678 4.0954957 61.91015992457076 16.30194276432908 3.1940571574019816 0.10411924653194721 3.9088200952233594 98.83324089345831 26.35914354513247 4.203506034856028 6.963651456679034 9.749697700461834 False
677 3690.5713747338027 2595.5433562826142 214.92348022378027 52.91653516469373 3685 3695 2590 2602 106.0 3.0343593449880504 2.4130687529728556 79.0085447821807 0.6062840331473097 0.02971846353863846 0.4793621859004086 0.0 34.97706756535382 6.148415 106.39849835453339 21.980903950897268 3.0234728501646853 0.1758113616854253 5.808687281605183 139.5267654397974 35.277561624354966 4.171531697412862 8.105633769344859 12.500412359814908 False
678 7453.949796981647 2591.428335355987 214.88984767919695 52.89261767365861 7453 7455 2590 2593 10.0 0.9643806176629792 0.7418998694451557 82.95443365389663 0.6388853903932347 0.06063972772431997 0.14956544240023933 0.0 1.168227353409804 1.8274585 12.395557878410687 8.333421073579483 3.809032208067634 0.1424462956219132 1.7841241161527712 14.157152181445458 13.382211381867904 2.7675711658719426 4.989484542291306 6.767846716500114 False
679 1427.416025000632 2597.007038787968 214.94373408301684 52.93090819247032 1424 1431 2592 2599 58.0 1.9727974708131328 1.7301679608717122 0.7170822325176744 0.48046763352082733 0.0593573834404324 1.3232216499328087 0.0 29.886674821052786 4.547899 81.99162747244839 12.615979384124476 2.5620391316055207 0.40278847581256805 4.296739856991561 76.75787496852854 20.41781333597652 2.5020794345209505 4.415780952908884 6.930741298851604 False
680 771.0 2594.7124317169064 214.9496397475394 52.935061677686775 771 772 2594 2595 4.0 0.5368483016509265 0.28867513459481287 90.0 0.8431222132482661 -0.07900000138505361 0.03521268471387429 0.0 -0.0992278310979775 1.2019747 0.66747771728562 4.045741463893637 3.845127734515753 -0.6275203988414887 1.1283791670955126 -0.2475121009060377 6.5237606161498265 1.2482614634603104 2.149568697253945 nan False
681 7269.333538840022 2598.763097355676 214.89142160795265 52.89382967984297 7265 7273 2594 2603 72.0 2.963827811813683 1.872202065159673 52.37590879571381 0.7752261317278277 0.10361697690701525 0.34230550035414814 0.0 14.888000816526745 4.9389596 28.53221971068792 13.298056570261826 2.161610435182246 0.18994732397183295 4.787307364817192 43.13380272444778 21.56699221355142 2.9326401231797785 4.811207862404398 7.053008784130969 False
682 8830.378938170747 2596.8418506673797 214.87748324610064 52.88390496204174 8829 8833 2594 2599 21.0 1.4272199183946477 0.975699536531005 -77.35897212277885 0.7298227354387212 -0.0030709874571121206 0.19977191121822122 0.0 2.5748023392498207 2.78239 23.13183893646749 11.69717371797652 3.6080340968332165 0.27597238572543326 2.5854414729132054 49.92078868010758 18.757805109510244 3.441882557441048 6.962903132620192 9.327818203425798 False
683 6260.421933176842 2615.204667883726 214.90027342564196 52.90032523118818 6249 6273 2596 2633 728.0 7.089075030367775 4.52716033275798 -78.08239668612795 0.7695298330168953 -0.0566509382141734 3.918948034218561 0.0 739.5172647288537 16.05594 814.9306598182177 25.132801848628656 1.6922463946702848 0.45327657264441157 15.222667215103916 893.1052385177402 40.26717441601629 4.030979577278684 7.575464657971177 12.454414824583045 False
684 2316.5562291808274 2620.923304936502 214.9355173599098 52.925394028163005 2301 2327 2597 2643 614.0 10.783055440631765 3.596979851660906 72.34373214670745 0.9427228383751003 0.061137426959577024 0.9492401951769643 0.0 271.8603905440191 14.90628 356.2514480270048 32.83740798548309 1.9611501432913852 0.2649012532825335 13.980066885278035 403.378251528324 52.428554638114804 6.03918239999245 11.066896113175666 17.137444819634503 False
685 2700.07556429471 2600.6636517221136 214.93229574107298 52.92285029838605 2694 2708 2598 2604 79.0 3.125225396517289 1.6692440947101321 11.243866535301956 0.8454089353273352 0.0031138255875703446 0.2870076685910604 0.0 12.367345879614959 5.302759 45.55105842532756 17.512148551001268 2.828821427869828 0.3048751815870803 5.014626706796775 48.851695396979046 28.02107456956443 3.583704087208829 7.243461471172553 18.48319060017726 False
686 9187.898690887128 2602.4480678089612 214.87422825713227 52.881664329733255 9185 9190 2599 2606 38.0 2.131818922308839 1.4486101791532153 -62.63630137203481 0.7336584672902126 0.10957858799693332 0.3328586524561555 0.0 7.292698854192069 3.8622255 51.2003941987991 16.26919469120602 3.3519915703781895 0.18545510471392654 3.477898169151024 68.66495019002882 26.120877568976304 4.054681694273615 7.203004266049627 11.225873545488236 False
687 6414.607799238194 2609.2075434989574 214.89895716485825 52.8993137944094 6402 6428 2601 2618 344.0 5.541555304246339 3.4987841524266208 17.97267062295593 0.7754799172768146 0.10450645187540542 1.8186596161569704 0.0 256.29507506885113 10.982296 362.7426943079838 23.610476274652665 2.05255075350771 0.30233074611879457 10.464157913908982 394.2100348935443 37.89774544888659 3.9336171252607812 7.444480027757324 13.287362493635861 False
688 3399.215069932144 2627.808573129517 214.9257492217117 52.91855890463435 3383 3420 2605 2644 861.0 11.444235913616621 4.64032429881903 -47.670356102465 0.9141071906054062 -0.07410420682997415 0.5749119215177774 0.0 183.21028298324296 17.773659 266.20152758955294 37.21719214809937 1.8926275759724123 0.3484358552254246 16.554902959674628 290.48555192030676 59.51637812569981 7.296810679357455 13.815678363303205 21.81659650156515 False
689 3775.6123023238197 2608.3689639834697 214.922583813821 52.91606454889656 3773 3778 2605 2611 30.0 1.4495988192730238 1.387774913063681 -84.50625091160687 0.288927357842064 0.048733084508701924 0.37868998379143304 0.0 7.484509116066584 3.268621 25.160106062967635 11.50243192307286 3.0224781361079835 0.21013348628804882 3.0901936161855166 7.196264286322441 18.460274634014418 2.2930148721338597 4.538550532984899 7.328578489127174 False
690 8860.60585577148 2609.9914359537324 214.87707461491493 52.8837839074384 8854 8866 2605 2617 128.0 3.0233641040642336 2.927656551878978 48.42851112590578 0.24961942636133308 0.04694636558805176 0.5007677947680336 0.0 37.930501298546275 6.930335 98.02554901689771 21.608374088543446 2.6573546719181054 0.19760072249559324 6.383076486422923 148.71332105669188 34.50637415839844 4.082228599739244 7.66464682358705 12.098364941587338 False
691 9909.357119528073 2608.470501099855 214.8677165484891 52.877114028928546 9906 9913 2605 2612 45.0 1.7845764354082883 1.669922674639428 21.461023969022467 0.35265621409408276 0.05475740390891941 0.4263879104342542 0.0 12.257586255470793 4.1966805 39.91847031887569 14.893511542613314 3.1278307003942154 0.196698301174042 3.7846987830302403 48.55310907514992 23.564860148713485 2.7574500883555344 5.941924078009794 9.395060765891591 False
692 nan nan nan nan 281 282 2608 2610 4.0 nan nan nan nan -0.12351524259275957 -0.05722566089653564 0.0 -0.3493642252405025 1.241949 nan nan nan -0.1930917283477267 1.1283791670955126 nan nan nan nan nan False
693 2937.4440559410054 2621.722182920147 214.92994827130258 52.92145728488572 2922 2957 2609 2633 639.0 6.660763989762968 4.232984645384735 24.97463020864685 0.7720923251782089 0.0020549848342650352 3.3672966677784744 0.0 560.0085721179115 15.163509 610.1004097714597 23.71014999912367 1.6591336444677547 0.4647755840555541 14.261837794318172 656.8556420442384 38.61213412078156 3.6919509444803498 6.825669387039579 11.21463346501456 False
694 4323.494305511189 2612.316324335124 214.917637459259 52.9126076796412 4319 4328 2609 2616 65.0 2.356935134611831 1.9292826650071195 6.81791537679356 0.574427177838698 0.18887142605775784 0.559281891829758 0.0 24.90932023856808 4.9344873 66.87867142935156 15.031148952022793 2.596295041524017 0.13627943603775658 4.54864184146723 86.65334640685072 24.08819748868187 3.058523942418178 5.629628549248382 8.428428773445 False
695 2827.912200664053 2618.099432251575 214.93096730826076 52.92213299207093 2821 2835 2611 2624 153.0 3.1353016206920454 2.822940541917309 50.70912321426863 0.435119157863972 -0.017255894510380263 0.5258846505054651 0.0 34.19243839282549 7.491255 57.726569431615296 11.640666316573085 1.4644002999861587 0.3252642866253025 6.978639737521917 55.069535157120725 18.559155017735513 2.9258668253461804 5.853102814287821 8.743119443431027 False
