outputs/dr0.5_c0.1/nircam2_matched_f277w_f444w_dr0.5_c0.1.ecsv
# %ECSV 1.0
# ---
# datatype:
# - {name: label, datatype: int64}
# - {name: xcentroid, datatype: float64}
# - {name: ycentroid, datatype: float64}
# - {name: sky_centroid.ra, unit: deg, datatype: float64}
# - {name: sky_centroid.dec, unit: deg, datatype: float64}
# - {name: bbox_xmin, datatype: int64}
# - {name: bbox_xmax, datatype: int64}
# - {name: bbox_ymin, datatype: int64}
# - {name: bbox_ymax, datatype: int64}
# - {name: area, unit: pix2, datatype: float64}
# - {name: semimajor_sigma, unit: pix, datatype: float64}
# - {name: semiminor_sigma, unit: pix, datatype: float64}
# - {name: orientation, unit: deg, datatype: float64}
# - {name: eccentricity, datatype: float64}
# - {name: min_value, datatype: float64}
# - {name: max_value, datatype: float64}
# - {name: local_background, datatype: float64}
# - {name: segment_flux, datatype: float64}
# - {name: segment_fluxerr, datatype: float32}
# - {name: kron_flux, datatype: float64}
# - {name: kron_fluxerr, datatype: float64}
# - {name: kron_radius, unit: pix, datatype: float64}
# - {name: gini, datatype: float64}
# - {name: equivalent_radius, unit: pix, datatype: float64}
# - {name: kron4_2_flux, datatype: float64}
# - {name: kron4_2_fluxerr, datatype: float64}
# - {name: kron4_2_mag, datatype: float64}
# meta:
#   PHOTMJSR: 0.3925000131130219
#   PIXAR_SR: 2.11539874851881e-14
#   __serialized_columns__:
#     area:
#       __class__: astropy.units.quantity.Quantity
#       unit: !astropy.units.Unit {unit: pix2}
#       value: !astropy.table.SerializedColumn {name: area}
#     eccentricity:
#       __class__: astropy.units.quantity.Quantity
#       unit: !astropy.units.Unit {unit: ''}
#       value: !astropy.table.SerializedColumn {name: eccentricity}
#     equivalent_radius:
#       __class__: astropy.units.quantity.Quantity
#       unit: !astropy.units.Unit {unit: pix}
#       value: !astropy.table.SerializedColumn {name: equivalent_radius}
#     kron_radius:
#       __class__: astropy.units.quantity.Quantity
#       unit: !astropy.units.Unit {unit: pix}
#       value: !astropy.table.SerializedColumn {name: kron_radius}
#     orientation:
#       __class__: astropy.units.quantity.Quantity
#       unit: &id001 !astropy.units.Unit {unit: deg}
#       value: !astropy.table.SerializedColumn {name: orientation}
#     semimajor_sigma:
#       __class__: astropy.units.quantity.Quantity
#       unit: !astropy.units.Unit {unit: pix}
#       value: !astropy.table.SerializedColumn {name: semimajor_sigma}
#     semiminor_sigma:
#       __class__: astropy.units.quantity.Quantity
#       unit: !astropy.units.Unit {unit: pix}
#       value: !astropy.table.SerializedColumn {name: semiminor_sigma}
#     sky_centroid:
#       __class__: astropy.coordinates.sky_coordinate.SkyCoord
#       dec: !astropy.table.SerializedColumn
#         __class__: astropy.coordinates.angles.Latitude
#         unit: *id001
#         value: !astropy.table.SerializedColumn {name: sky_centroid.dec}
#       frame: icrs
#       ra: !astropy.table.SerializedColumn
#         __class__: astropy.coordinates.angles.Longitude
#         unit: *id001
#         value: !astropy.table.SerializedColumn {name: sky_centroid.ra}
#         wrap_angle: !astropy.coordinates.Angle
#           unit: *id001
#           value: 360.0
#       representation_type: spherical
#   astropy version: '5.1'
#   kernelfile: kernel_f277w_f444w.fits
#   make_catalog parameters:
#     ab_zpt: 31.4
#     coadd_bands: !!python/tuple [f277w, f356w]
#     deblend_contrast: 0.001
#     deblend_nlevels: 32
#     deblend_npixels: 1
#     detect_kernel_fwhm: 4.0
#     detect_kernel_npix: 7
#     detect_npixels: 4
#     detect_threshold_nsigma: 3.0
#     flag_isolated_buffer: 4
#     hst_bands: !!python/tuple [f606w, f814w, f125w, f140w, f160w]
#     jwst_bands: !!python/tuple [f115w, f150w, f200w, f277w, f356w, f410m, f444w]
#     near_border_kernelsize: 21
#     reference_band: f200w
#   make_catalog version: 1.4.0
#   photutils version: 1.5.0
# schema: astropy-2.0
label xcentroid ycentroid sky_centroid.ra sky_centroid.dec bbox_xmin bbox_xmax bbox_ymin bbox_ymax area semimajor_sigma semiminor_sigma orientation eccentricity min_value max_value local_background segment_flux segment_fluxerr kron_flux kron_fluxerr kron_radius gini equivalent_radius kron4_2_flux kron4_2_fluxerr kron4_2_mag
[from data line 4313]
4314 8521.70683860162 3176.747928138483 214.87413831520846 52.888993815372764 8492 8551 3152 3206 1595.0 12.658611520024944 5.956842420685861 -42.301675482209404 0.8823593129476722 0.20111623380506094 6.342428631804667 0.0 2032.9831230963941 8.369912 2476.8205891745683 14.538525119556715 1.8179886458631132 0.4467625828029228 22.532293901490505 2743.3337291610833 22.86351103565118 22.804303392110707
4315 8504.988695053815 3207.2372291151987 214.8739668041407 52.88926447376942 8499 8509 3201 3214 110.0 3.521059003867088 2.4786601907462606 -76.76890795439809 0.7102465185363727 0.23388185124201782 0.5469537297488863 0.0 41.1551447732633 2.0122514 166.84605628435736 7.952086199770093 3.0725940923267254 0.11054310839981861 5.917270272703197 256.05915355136995 12.848866799103158 25.37914923619968
4316 3890.000155823173 3220.905454085384 214.91511045369478 52.9186449509284 3825 3952 3167 3287 8565.0 13.950987654088324 11.762143673542894 33.89763482578438 0.537749397909021 0.17134804305497886 304.7156448797003 0.0 40714.030402466284 20.795183 40421.02514480254 19.314216120352693 1.4 0.7819057882593996 52.21421430189453 43130.17146721217 24.921915622535163 19.81304703820131
4317 3947.9009829270562 3215.997633161972 214.91464378123453 52.9182508585136 3940 3960 3202 3228 336.0 6.008086111271153 4.350560600570214 67.78811711659255 0.6896765709078742 0.22139098970517698 0.7572205070481369 0.0 136.18586496515667 2.9610162 919.036566096164 12.779270076759927 3.4535812799407815 0.1922647469811569 10.341765891652821 1542.8977824843157 20.38046377310593 23.429157112861397
4318 3849.7025365909376 3269.706300452591 214.9149573614999 52.9191642121471 3784 3916 3210 3324 9712.0 16.04102795926683 14.113654919825025 -52.72706445760889 0.4752565125765893 0.19302423229956764 114.99103121851515 0.0 54301.41106224954 18.631777 54242.981100806486 17.954025122412812 1.4 0.7240891847436371 55.60059005637418 56646.288464479905 26.207375197094954 19.517071350962247
4319 9883.29855401775 3172.6020415061703 214.86201129638465 52.88032217444544 9879 9888 3169 3177 79.0 2.3355512941438215 2.1546990852136756 -4.982969234496942 0.3858404701189206 0.19117238591353403 0.7675691835175734 0.0 32.81871865379629 1.732522 82.85610827772938 5.482980733333702 2.7880436877318586 0.220168725233371 5.014626706796775 108.34901287112754 8.830455062313794 26.31293760256726
4320 9883.318578661081 3179.737721094681 214.86193600081157 52.88036053123025 9880 9886 3178 3182 30.0 1.8557656135932468 1.2300687827331587 12.175350213104458 0.7487643561296368 0.21091242843679175 0.3143742962936992 0.0 7.903817251172895 1.0742224 40.0571567018807 4.382607653808592 3.2489396497990723 0.07117808769553673 3.0901936161855166 64.10104606656913 6.868999594765866 26.882837207902185
4321 9350.869154362796 3241.8294670726473 214.86604109721867 52.88407787207167 9333 9369 3221 3268 1032.0 6.947140063287114 4.97296989868163 79.20049620166056 0.6982747983492185 0.23275066505214703 20.974644377722576 0.0 2432.8892995950405 7.5431995 2687.4212935990463 9.878799576290609 1.667173227511947 0.61870753700835 18.12445316531431 2989.6984988371123 14.863645835357042 22.710931516558116
4322 9334.047218252208 3254.979561224257 214.8660530190121 52.88425565865483 9308 9358 3235 3277 1203.0 5.383333220582081 4.973601162013074 -4.347555434884944 0.382661105957989 0.22882387315137448 69.61465229753553 0.0 4821.9709808961925 8.518581 4790.26509189949 7.972249596240953 1.4012072799874884 0.745835941209167 19.568515351939713 5214.070218876932 11.5257669629212 22.10705781100446
4323 1661.7985262961095 3248.337074604417 214.9347759432663 52.9329377573512 1646 1676 3226 3272 1003.0 8.707902188468264 5.022133718228243 -67.12180401335117 0.8169327740201249 0.2145821002712555 4.674420036788643 0.0 1024.4345386046994 5.06269 1212.6487266132417 8.38142940097315 1.801656457065677 0.4579580397613601 17.86798298192446 1325.483614505103 13.702607495158386 23.59406409150583
4324 1641.0959693240009 3273.133728768285 214.93470027828738 52.93320305463141 1635 1649 3267 3279 166.0 3.089768635458177 2.6304163971695202 -6.578537195767079 0.5246286416027208 0.15844107964316065 2.2355727188420604 0.0 109.59856296130013 2.1915612 164.33426812289855 4.8473468649085945 2.2857043487674544 0.4095444181098675 7.269074295019226 224.1296950399542 7.633174173536553 25.523751499474148
4325 7270.507142513367 3236.22821307785 214.8847002950683 52.89726165818886 7265 7277 3231 3243 106.0 3.55135245453955 2.25573502864784 -48.14267658542964 0.7723671576507057 0.22044022029654056 0.4935382404652103 0.0 38.07109410642351 1.9061532 108.98954876412404 6.573097458233596 2.7409132636510796 0.09533661415472827 5.808687281605183 133.25101006881016 10.779487111957724 26.088323725628747
4326 7277.321620591224 3254.692010008868 214.88444495865488 52.89731799424181 7262 7290 3234 3272 757.0 7.617440938574985 5.375419163437856 -75.38032965851852 0.7085380841090207 0.19080315041455578 2.8147873188537855 0.0 559.5391279014025 5.4241395 695.1032115337542 9.948928311905302 1.7790007500771388 0.34588991812455605 15.522905135351744 712.194336694207 15.684468738946897 24.26850371029747
4327 9214.438581031312 3239.860041189692 214.8672812898026 52.8849339162319 9209 9219 3236 3245 80.0 2.446271291430826 2.3269261554724974 -18.90973186089033 0.3085335832342147 0.2355275737143713 0.6619686172951226 0.0 33.141896140135216 1.7821754 85.54168911128335 5.583998003463446 2.6711535881769057 0.15751941048606333 5.046265044040321 130.32115019151425 8.89211719327658 26.1124627391901
4328 9197.959843822791 3249.766837468161 214.86732429269753 52.88509202933895 9180 9219 3235 3263 791.0 8.075608358298467 5.98087592735725 0.6243232508093687 0.6719351883881268 0.1910643411461073 1.5951180900092996 0.0 400.8284688446461 5.557852 694.9237275155283 13.757376936285494 2.27146499059735 0.2628039849942225 15.867675317177952 829.937427962016 22.12983620761344 24.102386623623644
4329 9175.653072808076 3252.013589784493 214.86750003073917 52.885245848620734 9171 9180 3248 3256 66.0 2.3532282422747386 1.9488791097404845 -0.6490811786893814 0.5604731699305044 0.2029516792051383 0.5602058817815332 0.0 24.05562095245709 1.7204142 104.05492040009182 5.975427174817642 3.2516532047716007 0.1405750710241676 4.583497844237541 164.41506694975612 9.508215213488388 25.86014596587515
4330 6610.418842938011 3254.5772723601976 214.89041123372752 52.90155278867195 6599 6622 3236 3269 589.0 5.8143274881658185 4.14762412306324 -78.38487881979832 0.700812566325958 0.1634142226013051 7.244124934966973 0.0 764.6577859210786 4.7952285 875.1587212550448 7.560311033473184 1.7975094444530486 0.5082890515817308 13.692498784453214 997.7803779478915 12.034579088949869 23.90241260254738
4331 6621.660095335742 3266.312363243611 214.89018712427918 52.90154471814591 6616 6629 3260 3272 92.0 2.766061418654561 2.307880728643264 -26.05292986258237 0.5512255347021128 0.2040770851615165 0.8422750668454689 0.0 42.46935235501629 1.7714658 102.84999891053351 4.817580104678688 2.7277446198404336 0.2038024520747105 5.4115163798060095 213.91916487395704 8.360409697884466 25.574375763838127
4332 6633.265908126412 3271.341060682525 214.8900303624687 52.90149814662566 6623 6644 3265 3279 227.0 4.687440850156276 3.5057111627707966 -6.531970449854367 0.6638176245117811 0.21061873328906724 0.6547655438594404 0.0 101.07820380344145 2.8097246 290.139933555031 9.814724498182901 2.9109571040982054 0.15564211653861407 8.500373177909337 398.926647092905 15.880291811312503 24.89776738290998
4333 6648.862374874642 3270.027377017478 214.88990467983527 52.90139201028858 6641 6658 3264 3277 199.0 4.368761775740816 3.309380983840613 15.523254995352273 0.652823492854405 0.18244939388274692 0.617352331356279 0.0 75.27962698558974 2.7001631 151.48690229897267 7.903863162370786 2.4487005983501606 0.17659903972827823 7.958873497585845 205.84591179673703 12.687290348220014 25.616144384718808
4334 7851.7316150052175 3254.7909519240197 214.8793070787197 52.89367028385787 7848 7855 3252 3258 42.0 1.9494259906421114 1.5644102443025367 23.32302319714345 0.5966549559522025 0.26164836966910976 0.5149455860599658 0.0 16.569689088761255 1.2769996 74.07483004156425 4.916675104655964 3.233996342652441 0.10409958328166692 3.656366395715726 110.76198318141023 7.762059989320751 26.28902319215201
4335 7846.863215222127 3257.0876110248664 214.879326433058 52.89371359522263 7844 7850 3254 3260 30.0 1.7354948941282915 1.3223925329207276 69.54426634503113 0.6476140243231032 0.26841973483577264 0.4363505779547587 0.0 10.390380200942753 1.0804299 59.24179794446273 4.365186425727792 3.326986139942626 0.08490760197713342 3.0901936161855166 100.58086126962891 6.99388494507059 26.393711624635067
4336 9259.336448294329 3283.4602884096726 214.8664209759349 52.884883868768114 9237 9278 3256 3308 1601.0 10.34443958247363 6.992742455872889 68.58790768757689 0.7369103745167493 0.21764239690245138 9.283385366730007 0.0 2157.5436143173974 8.300342 2471.4038644950256 12.938402055419711 1.6530106569163765 0.4592354485472795 22.57463461011604 2656.0261176330796 20.392753959617433 22.839419146783996
4337 9244.489390773508 3293.3152721116144 214.86644993650097 52.88503133756674 9235 9250 3283 3302 164.0 4.453413432246174 2.432817237447053 51.383146853870336 0.8376016686048305 0.23718097691151038 1.493978557963512 0.0 105.29505139432158 2.432159 266.45373997359764 7.874032860556703 2.784790933307823 0.29384209082658164 7.225151993843567 363.5109422672212 12.847455287532542 24.998706279104866
4338 9252.406640160101 3306.578704785308 214.8662395383015 52.88505258074394 9247 9259 3302 3312 86.0 2.5560220973269376 2.2660460771485464 25.678360575417347 0.4626292752430125 0.24565422610412457 0.8969713478703562 0.0 45.99011541931114 1.7721362 110.06203866222043 5.648209178838293 2.730931789766339 0.2033976874179999 5.232078956954491 153.71637368214428 9.103706998096204 25.933199673783772
4339 7809.324516091616 3291.994790359915 214.87929460391 52.89414033570488 7782 7830 3263 3315 1748.0 8.573040539497633 6.4565642573276705 55.77969665365941 0.6578783675563925 0.19974683994372597 20.513211090719903 0.0 3122.0108917374964 8.171644 3278.3407152106056 9.853128497487036 1.5549836563871025 0.613772344823554 23.58825303088947 3561.9813293464063 15.476684100029793 22.52077090321442
4340 7813.703633418839 3319.753626916704 214.87896319651264 52.89426227216155 7809 7818 3315 3325 91.0 2.6583359231792154 2.402406905328215 79.74750672019194 0.42811164293552423 0.2185850362131658 0.5839443019553037 0.0 35.308743272951766 1.8070698 114.65788695336772 6.333132825840794 2.9562723376954327 0.144491303648343 5.382025607773058 168.9088342504262 10.05054777746328 25.830869088537284
4341 3646.6330131741997 3282.2517540245135 214.91664330012367 52.92052116508287 3635 3659 3274 3290 341.0 5.180218703348093 3.430123326433389 -5.771419570476948 0.7493642405890867 0.21335160073538995 2.4440373204499948 0.0 269.103131287874 3.136624 386.54744690833985 6.769486290955477 2.1718159375902992 0.36133800946678585 10.418429401242426 466.60364824452313 10.811308862086355 24.727629674752198
4342 3683.656742728609 3378.815503365539 214.91529501398102 52.92080735758204 3628 3746 3289 3479 11706.0 29.10126470576127 8.053019818853866 61.55883609443048 0.9609494265329845 0.16675682801281808 123.04696208467102 0.0 56777.92446463237 20.881453 55724.51086227878 19.015347355992144 1.4 0.7685510351494735 61.04207997494396 57779.41361633895 27.43384166250128 19.495567174941932
4343 8171.973257875008 3293.1862757140016 214.87603937224537 52.89184336112977 8166 8177 3285 3302 167.0 3.9649063019192443 2.442455165501187 -81.35430571310108 0.7877317772237912 0.21801197620907917 1.241775939538309 0.0 88.05508331681197 2.4788525 174.55540165342742 6.742409784192202 2.5448822168344223 0.28370783441779623 7.2909362219603215 218.88930408084954 10.806506770653883 25.549438648754407
4344 8170.508843169068 3304.0813410055425 214.87593776306264 52.89191143521493 8170 8171 3303 3305 6.0 0.8062614430931805 0.4997177913181024 88.70674846404117 0.7847627991736502 0.27548628119621543 0.37317651685825154 0.0 1.9374137509668399 0.44760188 20.1733280491886 1.9585202080669581 3.7601278238197566 0.06988162222020067 1.381976597885342 37.71616603334834 3.114053862130688 27.45868115272036
4345 1830.7826206386596 3292.6747391931954 214.93279527312083 52.93210455467167 1826 1834 3288 3298 57.0 2.502605318380267 1.7294948928803393 64.04478207442409 0.7227804100755011 0.23705597218048802 0.4382013451436047 0.0 19.052481934472336 1.2191111 101.89336212029883 4.719628632592446 3.243244267919821 0.09705330698197182 4.259537945889915 166.85537481795495 7.726651075992769 25.844149497752475
4346 1821.3341267773512 3304.825108799022 214.93275195957852 52.93223013349364 1812 1832 3292 3317 449.0 4.578975883096383 3.4981270676084892 78.62203967969464 0.6452706749130068 0.23183713100279504 9.19279165072463 0.0 676.5901886112574 3.6672668 744.7266190723628 5.200697039932244 1.7559486719302901 0.5576599707333841 11.954962939989485 841.3227271773976 8.104542325044822 24.087593447643172
4347 403.58188641151554 3306.1821708037846 214.94544028970648 52.94123588952705 389 415 3293 3320 574.0 5.2784363994031365 4.177179122816325 33.448567475963685 0.6113416783620008 0.17981635932370915 10.172268888332626 0.0 1011.6181318063523 4.20241 1098.4884951094057 5.707728451938188 1.6395520708330842 0.5261253180137061 13.517021664164627 1196.5335109184016 8.796807518378161 23.705187834345654
4348 431.0710953809574 3310.2143221623564 214.94515148108067 52.941083205052834 409 451 3293 3330 1176.0 7.187946544483574 6.093753892043152 -26.28440347541267 0.5303577246589621 0.17514486052835496 11.968535425666742 0.0 1936.4689525721506 5.8497896 2079.6664145383456 7.893800511193982 1.6185918655641853 0.5475236067847825 19.347672370394786 2254.9479944703444 12.449485821453207 23.017158674348643
4349 2877.0267627995195 3296.672677798994 214.92338254997665 52.92548479042244 2874 2880 3293 3300 36.0 1.8027487360905001 1.4583188162186014 -57.94280380302203 0.5878887279127423 0.2275138062101573 0.4371829124440995 0.0 12.254911966714898 0.9778912 46.86702823292228 3.4642406474996448 3.0729716444842103 0.09907782308202882 3.385137501286538 62.451661881390315 5.672792774185364 26.91114000065799
4350 2881.976428605697 3301.8596496919195 214.92328360546858 52.925481371501576 2877 2886 3297 3306 57.0 2.5791006007837574 1.6043457227365518 44.88376304591348 0.7829725319772052 0.2164964344210217 0.45424610840857854 0.0 18.661666913758715 1.2774428 60.26569873258327 4.367710255350899 3.0187946623418767 0.11715511319608188 4.259537945889915 71.42190863360065 7.034388207602649 26.765421370447527
4351 920.2114909340373 3311.175442325566 214.94075825355503 52.93798397990322 907 938 3298 3325 534.0 5.79589415162988 4.694350784116246 14.032036854106037 0.5865069580478892 0.1676727930994975 3.1469187565777172 0.0 418.5752637909775 3.8133726 510.13418668012895 7.224641497479693 1.838255623110167 0.41341925286832376 13.037541149394091 554.9919324082701 11.370812808536751 24.539283324788066
4352 926.4555403051462 3325.881513478706 214.9405474346466 52.938023764408634 913 936 3317 3334 263.0 4.98978668289813 3.486511178168431 -22.443188298844 0.7153859651087011 0.18230905803911074 0.9966649300467569 0.0 135.05772209494745 2.495999 224.25773562301492 6.717414078595552 2.2648236337539625 0.2588031424587711 9.149617481968136 269.819117280534 10.870597756061862 25.322318207126262
