outputs/dr0.5_c0.1/nircam6_f356w_dr0.5_c0.1.ecsv
# %ECSV 1.0
# ---
# datatype:
# - {name: label, datatype: int64}
# - {name: xcentroid, datatype: float64}
# - {name: ycentroid, datatype: float64}
# - {name: sky_centroid.ra, unit: deg, datatype: float64}
# - {name: sky_centroid.dec, unit: deg, datatype: float64}
# - {name: bbox_xmin, datatype: int64}
# - {name: bbox_xmax, datatype: int64}
# - {name: bbox_ymin, datatype: int64}
# - {name: bbox_ymax, datatype: int64}
# - {name: area, unit: pix2, datatype: float64}
# - {name: semimajor_sigma, unit: pix, datatype: float64}
# - {name: semiminor_sigma, unit: pix, datatype: float64}
# - {name: orientation, unit: deg, datatype: float64}
# - {name: eccentricity, datatype: float64}
# - {name: min_value, datatype: float64}
# - {name: max_value, datatype: float64}
# - {name: local_background, datatype: float64}
# - {name: segment_flux, datatype: float64}
# - {name: segment_fluxerr, datatype: float32}
# - {name: kron_flux, datatype: float64}
# - {name: kron_fluxerr, datatype: float64}
# - {name: kron_radius, unit: pix, datatype: float64}
# - {name: gini, datatype: float64}
# - {name: equivalent_radius, unit: pix, datatype: float64}
# - {name: kron4_2_flux, datatype: float64}
# - {name: kron4_2_fluxerr, datatype: float64}
# - {name: radius_kron20, unit: pix, datatype: float64}
# - {name: radius_kron50, unit: pix, datatype: float64}
# - {name: radius_kron80, unit: pix, datatype: float64}
# - {name: near_border, datatype: bool}
# meta:
#   PHOTMJSR: 0.4047000110149384
#   PIXAR_SR: 2.11539874851881e-14
#   __serialized_columns__:
#     area:
#       __class__: astropy.units.quantity.Quantity
#       unit: !astropy.units.Unit {unit: pix2}
#       value: !astropy.table.SerializedColumn {name: area}
#     eccentricity:
#       __class__: astropy.units.quantity.Quantity
#       unit: !astropy.units.Unit {unit: ''}
#       value: !astropy.table.SerializedColumn {name: eccentricity}
#     equivalent_radius:
#       __class__: astropy.units.quantity.Quantity
#       unit: !astropy.units.Unit {unit: pix}
#       value: !astropy.table.SerializedColumn {name: equivalent_radius}
#     kron_radius:
#       __class__: astropy.units.quantity.Quantity
#       unit: &id001 !astropy.units.Unit {unit: pix}
#       value: !astropy.table.SerializedColumn {name: kron_radius}
#     orientation:
#       __class__: astropy.units.quantity.Quantity
#       unit: &id002 !astropy.units.Unit {unit: deg}
#       value: !astropy.table.SerializedColumn {name: orientation}
#     radius_kron20:
#       __class__: astropy.units.quantity.Quantity
#       unit: *id001
#       value: !astropy.table.SerializedColumn {name: radius_kron20}
#     radius_kron50:
#       __class__: astropy.units.quantity.Quantity
#       unit: *id001
#       value: !astropy.table.SerializedColumn {name: radius_kron50}
#     radius_kron80:
#       __class__: astropy.units.quantity.Quantity
#       unit: *id001
#       value: !astropy.table.SerializedColumn {name: radius_kron80}
#     semimajor_sigma:
#       __class__: astropy.units.quantity.Quantity
#       unit: !astropy.units.Unit {unit: pix}
#       value: !astropy.table.SerializedColumn {name: semimajor_sigma}
#     semiminor_sigma:
#       __class__: astropy.units.quantity.Quantity
#       unit: !astropy.units.Unit {unit: pix}
#       value: !astropy.table.SerializedColumn {name: semiminor_sigma}
#     sky_centroid:
#       __class__: astropy.coordinates.sky_coordinate.SkyCoord
#       dec: !astropy.table.SerializedColumn
#         __class__: astropy.coordinates.angles.Latitude
#         unit: *id002
#         value: !astropy.table.SerializedColumn {name: sky_centroid.dec}
#       frame: icrs
#       ra: !astropy.table.SerializedColumn
#         __class__: astropy.coordinates.angles.Longitude
#         unit: *id002
#         value: !astropy.table.SerializedColumn {name: sky_centroid.ra}
#         wrap_angle: !astropy.coordinates.Angle
#           unit: *id002
#           value: 360.0
#       representation_type: spherical
#   astropy version: '5.1'
#   make_catalog parameters:
#     ab_zpt: 31.4
#     coadd_bands: !!python/tuple [f277w, f356w]
#     deblend_contrast: 0.001
#     deblend_nlevels: 32
#     deblend_npixels: 1
#     detect_kernel_fwhm: 4.0
#     detect_kernel_npix: 7
#     detect_npixels: 4
#     detect_threshold_nsigma: 3.0
#     flag_isolated_buffer: 4
#     hst_bands: !!python/tuple [f606w, f814w, f125w, f140w, f160w]
#     jwst_bands: !!python/tuple [f115w, f150w, f200w, f277w, f356w, f410m, f444w]
#     near_border_kernelsize: 21
#     reference_band: f200w
#   make_catalog version: 1.4.0
#   photutils version: 1.5.0
# schema: astropy-2.0
label xcentroid ycentroid sky_centroid.ra sky_centroid.dec bbox_xmin bbox_xmax bbox_ymin bbox_ymax area semimajor_sigma semiminor_sigma orientation eccentricity min_value max_value local_background segment_flux segment_fluxerr kron_flux kron_fluxerr kron_radius gini equivalent_radius kron4_2_flux kron4_2_fluxerr radius_kron20 radius_kron50 radius_kron80 near_border
[from data line 550]
551 10054.756783510844 863.5506602867039 214.8286200328555 52.7936062795829 10046 10063 850 879 407.0 6.435213849295307 3.3925785617191524 -82.0993079341856 0.849747611544648 0.117605187895173 2.8666361377243397 0.0 339.4319943058834 2.292882 410.5325822890987 4.117426744630437 1.7794349676713366 0.36802395102125207 11.382096629215674 438.0356742322846 6.484959574199535 3.8129850080372623 7.228116224936831 11.826384597408424 False
552 840.192557331157 861.0048991638113 214.91089682761302 52.852125418587335 837 844 852 870 100.0 4.474120359311545 1.6311122375427325 78.75852967445833 0.9311775445541048 0.05608408753989868 0.38699659217925436 0.0 23.22964266282448 0.9942831 148.75038474817782 4.084538933604536 3.4490488319257366 0.16026209029636143 5.641895835477563 282.58250011294746 6.7049987249835095 7.2352054770991225 13.83496760409591 19.439341021166253 False
553 6636.792549714417 857.3085662460971 214.8591688602868 52.81529089036075 6632 6642 852 863 102.0 3.000220890793121 2.0877205333546063 -51.128707407553016 0.7181817125433188 0.09098413928002187 0.844060011526115 0.0 45.85485045975883 1.0509125 72.44274058684925 2.4049225378568555 2.113956141702315 0.24094326003518596 5.698035485213008 82.90288548270922 3.8113413660131865 2.4958067585921095 4.682788273692226 7.957505824996106 False
554 7282.467358744288 859.4619236147709 214.85338542113354 52.81120038592585 7278 7287 855 865 83.0 2.7228454735349468 2.284331654935695 -85.9482677125932 0.5442082536407757 0.08440053125995474 0.4061811127578111 0.0 20.35878338050917 0.94013846 43.14692526503895 2.088026007932137 1.8491448774174886 0.16073037917259986 5.140011726956917 33.70014614986707 3.345886755078207 3.105600909026066 5.379363224750993 7.770799158739677 False
555 380.888844503193 860.9334777197381 214.91500316408462 52.85504113650227 375 387 856 865 100.0 2.8615496285621425 2.0978918589331865 2.7013273560532864 0.680087026691269 0.1141287332158977 0.845264768599087 0.0 42.05692170896904 1.0453123 71.85657643889664 2.567078687044717 2.318605940452688 0.2670941537817563 5.641895835477563 106.09060947626456 4.006982201577037 2.5413040534817477 4.9161123914050835 9.287173935184352 False
556 1218.885419285468 858.0452800073592 214.90754333097283 52.849705030219305 1214 1224 856 860 45.0 2.6345297186721006 1.180248670638703 -7.4882113059727535 0.894037482830578 0.11386402696646793 0.45590185275781103 0.0 12.451754762982294 0.7314726 50.17274796301113 2.52211194279325 3.159639384839618 0.17649980505880472 3.7846987830302403 92.26966825925732 4.056803462215528 3.381285551410182 6.7338938677549836 11.148451421157713 False
557 2034.324872156482 861.7909878538168 214.9002171318943 52.84454749172239 2031 2037 859 864 32.0 1.4295895280423214 1.3742323487950123 -19.21761369731449 0.27558198748574475 0.005512405587983554 0.4612492769162242 0.0 7.699305585566817 0.55576175 10.104829293325132 0.9383151704115659 1.5683655059596986 0.25449672393093486 3.1915382432114616 9.749067566006046 1.5087205324737836 1.277706390304651 2.2356669658604784 3.415919162470151 False
558 1249.707097027519 869.3583302706518 214.90714893164443 52.84957039011653 1241 1261 860 878 306.0 4.819535363394638 3.1344777302201345 -32.10572248186028 0.7596181958143019 0.06530371512932849 2.4043338512282757 0.0 203.65256212687558 1.8732876 272.2311072112781 3.714178023949889 2.0287542143119386 0.40453805467903514 9.869286963719311 324.78324978606383 5.89799371670006 3.077718016840726 6.1798521672450315 11.388585128976842 False
559 2756.4552702132314 872.0890483847246 214.89365731438508 52.840017411694134 2746 2768 864 880 292.0 4.599418148840686 3.210976447389721 -15.878520222718375 0.7159742742424251 0.12085916154777385 1.8725103254292916 0.0 163.3012911377486 1.7878611 232.67335683825067 3.636808592600206 2.0792463363329143 0.3752847560600661 9.640875829802336 281.8562795089353 5.751104691861586 3.169195316946577 6.544811041129359 12.412059926674772 False
560 3951.0485880618035 876.0370340397131 214.88294624311894 52.83245206624067 3945 3957 864 887 154.0 5.7093923123132155 1.7534809035593952 63.72734733263962 0.9516700995475132 0.013714593432859539 0.7131094657119196 0.0 54.67664033472522 1.376316 82.92024587136902 3.243285832195231 2.1785019225100024 0.22234653344248945 7.001408606295148 106.84190383068915 5.110945695232441 3.359038672117827 6.695851764525311 10.464210397017077 False
561 3537.278260461594 868.2106910609084 214.88672370744175 52.835037730126835 3535 3540 865 871 28.0 1.529801450086323 1.2603063252105335 -78.18821598787306 0.5668274555075031 0.17656106357746446 0.5230366192595776 0.0 9.372919983304284 0.5181089 21.43199038562716 1.5890957780120307 2.592097551013597 0.15903365491354254 2.985410660720923 24.453648634748077 2.6782122059830047 1.790077426639915 3.4166382719245307 5.681829880218249 False
562 1107.539330750436 874.674009781178 214.90836362899438 52.850501753859994 1097 1117 866 883 275.0 4.544345679314068 3.0678676815345107 -30.86886923817589 0.7377302745798051 0.11014295790256382 2.250775527406761 0.0 195.2859854026562 1.7270445 240.68547122090513 3.2093596447273685 1.8783467990697231 0.3731434381221844 9.356025796273888 261.71501408353186 5.123822073569408 2.8884063962761672 5.584614924034838 9.469700117759935 False
563 1407.9427536234914 870.750044453414 214.9057201733229 52.84857319101854 1405 1410 868 873 27.0 0.9378940840663046 0.7810797130110441 7.511915144306172 0.5535715500216156 -0.07176363142560284 8.290289083474995 0.0 44.09774875686769 0.6716048 44.78574916087725 0.722655094769284 1.4614315289383117 0.7390442538619214 2.9316150714175193 47.40633348665444 1.1235539264557932 0.5998044170416288 1.0790518968674092 1.590481915514405 False
564 2311.765887741402 878.7699325635828 214.89755979168194 52.842877360584005 2305 2319 870 887 193.0 4.302219544611991 2.423771318481061 -60.154232650946646 0.8261999842578939 0.1354529403918983 1.4658111571408423 0.0 116.70646199813308 1.4545779 176.71185793941137 3.1756156120981593 2.1900109326830735 0.33508130799014474 7.837972188868215 189.6730540420063 5.081406243224799 3.1171336798044944 6.039516396717814 11.366302002316269 False
565 2711.3064305508783 872.4223651942493 214.89405713223616 52.840305923557054 2710 2713 871 874 13.0 1.1164153160809454 0.8769277414607911 32.32701558717898 0.6188804030376907 0.10451986273982537 0.27546973342594494 0.0 2.902812925180363 0.3564175 23.64152722043928 1.5081099349169285 3.4784780023227992 0.11322978282934676 2.0342144725641096 37.56641555978377 2.4751171666714877 2.6294724949962287 4.777688757119312 6.996614323589627 False
566 3113.456901744573 876.3403535273746 214.89042365277962 52.837773198369206 3110 3117 873 880 48.0 1.82559774811091 1.7505794986620578 27.582146855998595 0.2837186530048326 0.15025516073836612 0.5931628898103197 0.0 16.704939826393947 0.71144795 33.38629319170769 1.9517815665361682 2.464844068990591 0.1765891230567015 3.9088200952233594 28.990861409835492 3.0816240469098344 2.115133964858363 3.9381401182840965 6.892765855867291 False
567 840.6617893445506 875.4357298076583 214.91074090785045 52.85220032971587 839 842 874 877 11.0 0.9963796890120391 0.8589718524107512 76.82392857612335 0.5067502711306628 0.1633885585717384 0.21989237163739145 0.0 2.1811525552103146 0.3165642 29.343052659337893 1.4803112806139695 3.713676233088305 0.04717784256469925 1.8712051592547776 67.15062819785697 2.3675678955765784 3.2012834962383607 5.759532878219348 7.587393124232474 False
568 1450.4705185477253 874.9986805050595 214.90529545172302 52.84832608988423 1450 1451 874 876 6.0 0.8116747436615458 0.4982081983280431 87.28772612193161 0.7894594170325616 0.2644378955738716 0.3375294888697815 0.0 1.7596147593505567 0.26618087 8.302665255078871 0.9870538146794516 3.282611043615843 0.060580998621499224 1.381976597885342 9.857731288974271 1.573936474004976 1.3451762198683932 2.244745535546415 3.2142099084330282 False
569 7549.569346316223 880.1621930776257 214.85078503303944 52.80961496538201 7544 7555 874 886 113.0 3.0893269531294654 2.379943531628785 -77.2720484287947 0.6375897767947615 0.08102426769316382 0.638479102924925 0.0 38.870061962858124 1.1802448 90.12953779359674 3.4613412891705653 2.6792582091665023 0.20378067616424847 5.997417539138688 96.53211263925736 5.529043380323481 3.502478123972023 6.913749768141437 11.732125027600311 False
570 8310.74927141554 887.350051967864 214.84392005812865 52.804817265524264 8299 8323 874 899 477.0 4.626111699013893 3.6903586024605315 52.907085977931715 0.6030232294574669 0.13098657519423007 9.20693639299243 0.0 695.9212991216606 2.5829675 748.445773938074 3.4347063180379855 1.6416662413898573 0.5561345719742502 12.322086499845234 815.9613830394981 5.382977525721852 2.5247116216238066 4.872788265240019 8.780556898228134 False
571 2946.1034270448777 882.1344121315461 214.8918576058735 52.83886725774389 2941 2951 875 889 132.0 3.12953131409381 2.164345684977575 -74.66945396734594 0.7222924000460472 0.06802300796675596 1.512035143191992 0.0 70.23687133739568 1.187598 107.05622286452319 2.659100098197498 2.2557384596621213 0.37215684254277737 6.4820448144285745 134.47609594960414 4.348447940070957 2.3905278539506774 4.7528312897814535 8.824692246755172 False
572 207.38448680499707 885.3660938260474 214.9162973223842 52.856274559751185 203 212 882 889 44.0 2.66465243527956 1.4046427410297324 30.87784988758296 0.8497789527659024 0.20192416669976287 0.6141828451889434 0.0 15.339747251011492 0.84299827 79.92228172881941 11146913.767456679 3.2622603301141617 0.12910686258989207 3.742410318509555 80.76857253827322 23525802.42282715 3.903756540518054 7.027723420363416 10.09107117633786 False
573 6543.949549911583 885.3228004204844 214.85970283481382 52.8160318003135 6541 6547 882 888 37.0 1.7176330654014238 1.5183735821699518 -47.04433127445292 0.46750236309936655 0.1998593332664477 0.5734342377715514 0.0 14.62952555894892 0.61907786 46.951025425045685 2.1417595274909136 2.9625752420579254 0.14748835826814322 3.431831258788849 67.41545764408909 3.4029969938573457 2.555876546788227 5.218849987393905 8.626772564322971 False
574 307.6113754627813 886.9782746367083 214.91538438036042 52.85564694697144 303 311 883 891 54.0 2.270715920251869 1.6028585030145557 -40.94174678185799 0.7083290023025023 0.1500015242143321 0.5307326707894313 0.0 16.49602979085554 0.7222785 34.17208700031638 2.0880594158651844 2.4910540294010013 0.1870937795229974 4.145929793656026 55.59069656260088 3.3135589442258127 2.324718311390142 4.427030054490383 7.643438146526809 False
575 3233.464470984119 888.462303726822 214.889224304917 52.837076471358735 3230 3237 883 893 62.0 2.628310637442353 1.66038694402575 -84.46038054179822 0.7751871753615082 0.03486229870066219 0.5399962881430963 0.0 19.662220847730797 0.8262992 46.34825291498005 2.4354111666289526 2.5757712200707945 0.20794334537707398 4.442433223290478 52.89954575177043 3.8308155852573322 2.705343523963251 5.369909867616333 8.544723831007625 False
576 553.1682042725035 884.9453199942541 214.91321067951912 52.854076966582156 552 554 884 886 8.0 0.8693813406052758 0.6783744502773683 51.47338153854952 0.6254108640177092 0.23984966688662757 0.35201155494663605 0.0 2.316363616710528 0.28204545 14.262305510062491 1.0526148260106112 3.243000670495747 0.07673933006742512 1.5957691216057308 23.896326404521446 1.6894471802754225 1.8281250962339486 3.205463433716176 5.028770891216415 False
577 7593.464621414227 887.1098337571607 214.8503204357439 52.809373532891726 7589 7598 884 890 54.0 2.2014483372597384 1.634635218162113 3.6669841157139937 0.6698159389719764 0.167900234911609 0.6145292772331948 0.0 19.34075612273557 0.7850757 77.51867043482164 2.84352514129797 3.1566084768549927 0.18950151647978658 4.145929793656026 149.4457851788225 4.615773412367335 3.5243887631692465 8.126528648319105 12.446798967562104 False
578 6529.039882966441 886.260057559614 214.85982602522154 52.81613157548465 6528 6530 885 887 7.0 0.7621508086167217 0.6818728109178794 2.328232585719433 0.4467293635349612 0.3100838201647155 0.41614425178850306 0.0 2.4788483788013402 0.25898293 18.4853781617602 1.1076184733615013 3.5007247932309182 0.06383717798512985 1.4927053303604616 30.619315133960274 1.7611463764396815 1.8888530115735782 3.3739074988973283 5.027005809051019 False
579 10099.147639290097 894.0596956618758 214.8279036801042 52.79348861119636 10094 10105 886 902 148.0 3.6479682788072956 2.2746110133385766 85.1970190801155 0.7818008771829631 0.08984816777975424 1.2632901603750517 0.0 79.12036740494898 1.6085136 124.33966387327706 3.3930193983886485 2.2251460958319007 0.3139756278915431 6.863662517577698 148.37356986642789 5.261923432930836 2.7910561939685836 5.48835052665239 10.210049578279552 False
580 8251.923540177759 893.4083452661318 214.84438102833664 52.80522371598821 8246 8258 887 899 136.0 2.5567995460574147 2.4694078201839544 -30.144497341757152 0.2592141342303706 0.14322972145760732 2.623512694209123 0.0 98.87909524241982 1.3494922 117.24793129919195 2.128983855190908 1.6990142462351718 0.42608340141814743 6.579524642479541 124.13094178210702 3.271938144363276 1.8649283147433764 3.463075196925627 6.035668564814535 False
581 2598.753727178779 900.3104256036662 214.8947694119131 52.84117115905183 2592 2606 888 913 274.0 5.015127726507922 2.627076321731272 -70.52790099811958 0.8518225875513493 0.10345099148228463 2.5213418079768584 0.0 190.4925595236512 1.7858907 263.5045876081638 3.4863767729997233 2.1091615118435745 0.40744229476695415 9.338999347593866 317.5909774574387 5.525631446653975 2.9373026167465355 6.140379355079648 12.550000653179822 False
582 7717.957580783748 889.9760225620602 214.84917979214728 52.80859799506785 7716 7721 888 892 14.0 1.8911104569335222 0.6096771659086588 -36.35898327192918 0.9466065621960835 0.2721847759930325 0.3991519784652956 0.0 4.802175634188508 0.3795304 18.160375191570985 1.4946838552913388 2.8939043312112642 0.054453216608634517 2.111004122822376 30.054229896913156 2.41319928644765 1.9267620329484612 3.3842927131945855 4.840176055494593 False
583 9552.255142627117 891.5300653376613 214.83280562716166 52.79695056836617 9549 9555 888 895 40.0 1.8482835818722263 1.4438960945854185 47.17489576701495 0.6242693511985884 0.17303293491812574 0.6827895309582557 0.0 16.774108269677708 0.7472921 27.570410448253703 1.8561080465259037 2.200282015219378 0.18859104004124277 3.5682482323055424 33.299272200842964 2.9077194220589684 1.7226761435477262 3.1138195491940164 5.122089408307298 False
584 340.4014072236123 890.0209946690043 214.9150592634312 52.85545519405294 339 341 889 891 7.0 0.8449582141183453 0.6179490925576374 69.26701005068429 0.6820164131711964 0.08972782425404836 0.18663941998061828 0.0 0.9795540689050575 0.30115077 19.055192707521737 1.3244925538415933 3.990728750262709 0.16545758635711702 1.4927053303604616 34.36739779215844 2.074251992462939 2.8877766728127003 4.665639244609683 6.249071901447195 False
585 540.5795200781963 898.402672267691 214.9131817150569 52.85422953029046 531 550 889 906 208.0 5.446740419576174 2.2282693454337625 -41.94566731248377 0.9124889107922655 0.12154541694486823 1.334583246703637 0.0 101.56194570622196 1.4185991 190.3513224936708 3.7791407506505617 2.487852512606253 0.30697836511475174 8.136857890256438 223.12175832648106 6.131092210038702 4.163956284610032 8.317239389977182 18.234330957073592 False
586 2621.0036630550517 891.5461793193621 214.89466278386686 52.840982571932514 2619 2623 889 894 19.0 1.6438752450087928 0.9599756170418894 -51.04538753424098 0.8117744558607546 0.14124234438494435 0.309468700699469 0.0 4.389150938546251 0.42019108 48.70761099430807 2.054679130382303 3.6860930767088464 0.11247893037654821 2.4592453796829674 82.91293474692932 3.255693503876574 3.862550600166782 6.637365778457466 9.072983937883341 False
