outputs/dr0.5_c0.1/nircam6_f606w_dr0.5_c0.1.ecsv
# %ECSV 1.0
# ---
# datatype:
# - {name: label, datatype: int64}
# - {name: xcentroid, datatype: float64}
# - {name: ycentroid, datatype: float64}
# - {name: sky_centroid.ra, unit: deg, datatype: float64}
# - {name: sky_centroid.dec, unit: deg, datatype: float64}
# - {name: bbox_xmin, datatype: int64}
# - {name: bbox_xmax, datatype: int64}
# - {name: bbox_ymin, datatype: int64}
# - {name: bbox_ymax, datatype: int64}
# - {name: area, unit: pix2, datatype: float64}
# - {name: semimajor_sigma, unit: pix, datatype: float64}
# - {name: semiminor_sigma, unit: pix, datatype: float64}
# - {name: orientation, unit: deg, datatype: float64}
# - {name: eccentricity, datatype: float64}
# - {name: min_value, datatype: float64}
# - {name: max_value, datatype: float64}
# - {name: local_background, datatype: float64}
# - {name: segment_flux, datatype: float64}
# - {name: segment_fluxerr, datatype: float32}
# - {name: kron_flux, datatype: float64}
# - {name: kron_fluxerr, datatype: float64}
# - {name: kron_radius, unit: pix, datatype: float64}
# - {name: gini, datatype: float64}
# - {name: equivalent_radius, unit: pix, datatype: float64}
# - {name: kron4_2_flux, datatype: float64}
# - {name: kron4_2_fluxerr, datatype: float64}
# - {name: radius_kron20, unit: pix, datatype: float64}
# - {name: radius_kron50, unit: pix, datatype: float64}
# - {name: radius_kron80, unit: pix, datatype: float64}
# - {name: near_border, datatype: bool}
# meta:
#   PHOTMJSR: 0.3925000131130219
#   PIXAR_SR: 2.11539874851881e-14
#   __serialized_columns__:
#     area:
#       __class__: astropy.units.quantity.Quantity
#       unit: !astropy.units.Unit {unit: pix2}
#       value: !astropy.table.SerializedColumn {name: area}
#     eccentricity:
#       __class__: astropy.units.quantity.Quantity
#       unit: !astropy.units.Unit {unit: ''}
#       value: !astropy.table.SerializedColumn {name: eccentricity}
#     equivalent_radius:
#       __class__: astropy.units.quantity.Quantity
#       unit: !astropy.units.Unit {unit: pix}
#       value: !astropy.table.SerializedColumn {name: equivalent_radius}
#     kron_radius:
#       __class__: astropy.units.quantity.Quantity
#       unit: &id001 !astropy.units.Unit {unit: pix}
#       value: !astropy.table.SerializedColumn {name: kron_radius}
#     orientation:
#       __class__: astropy.units.quantity.Quantity
#       unit: &id002 !astropy.units.Unit {unit: deg}
#       value: !astropy.table.SerializedColumn {name: orientation}
#     radius_kron20:
#       __class__: astropy.units.quantity.Quantity
#       unit: *id001
#       value: !astropy.table.SerializedColumn {name: radius_kron20}
#     radius_kron50:
#       __class__: astropy.units.quantity.Quantity
#       unit: *id001
#       value: !astropy.table.SerializedColumn {name: radius_kron50}
#     radius_kron80:
#       __class__: astropy.units.quantity.Quantity
#       unit: *id001
#       value: !astropy.table.SerializedColumn {name: radius_kron80}
#     semimajor_sigma:
#       __class__: astropy.units.quantity.Quantity
#       unit: !astropy.units.Unit {unit: pix}
#       value: !astropy.table.SerializedColumn {name: semimajor_sigma}
#     semiminor_sigma:
#       __class__: astropy.units.quantity.Quantity
#       unit: !astropy.units.Unit {unit: pix}
#       value: !astropy.table.SerializedColumn {name: semiminor_sigma}
#     sky_centroid:
#       __class__: astropy.coordinates.sky_coordinate.SkyCoord
#       dec: !astropy.table.SerializedColumn
#         __class__: astropy.coordinates.angles.Latitude
#         unit: *id002
#         value: !astropy.table.SerializedColumn {name: sky_centroid.dec}
#       frame: icrs
#       ra: !astropy.table.SerializedColumn
#         __class__: astropy.coordinates.angles.Longitude
#         unit: *id002
#         value: !astropy.table.SerializedColumn {name: sky_centroid.ra}
#         wrap_angle: !astropy.coordinates.Angle
#           unit: *id002
#           value: 360.0
#       representation_type: spherical
#   astropy version: '5.1'
#   make_catalog parameters:
#     ab_zpt: 31.4
#     coadd_bands: !!python/tuple [f277w, f356w]
#     deblend_contrast: 0.001
#     deblend_nlevels: 32
#     deblend_npixels: 1
#     detect_kernel_fwhm: 4.0
#     detect_kernel_npix: 7
#     detect_npixels: 4
#     detect_threshold_nsigma: 3.0
#     flag_isolated_buffer: 4
#     hst_bands: !!python/tuple [f606w, f814w, f125w, f140w, f160w]
#     jwst_bands: !!python/tuple [f115w, f150w, f200w, f277w, f356w, f410m, f444w]
#     near_border_kernelsize: 21
#     reference_band: f200w
#   make_catalog version: 1.4.0
#   photutils version: 1.5.0
# schema: astropy-2.0
label xcentroid ycentroid sky_centroid.ra sky_centroid.dec bbox_xmin bbox_xmax bbox_ymin bbox_ymax area semimajor_sigma semiminor_sigma orientation eccentricity min_value max_value local_background segment_flux segment_fluxerr kron_flux kron_fluxerr kron_radius gini equivalent_radius kron4_2_flux kron4_2_fluxerr radius_kron20 radius_kron50 radius_kron80 near_border
[from data line 4629]
4630 9443.586705078935 2614.424453350914 214.8156623192224 52.80692736018748 9391 9497 2552 2675 8851.0 14.858656706283702 11.23442798108935 -72.54819384615988 0.6544718358380045 -0.4149902245140495 67.34052891073588 0.0 11830.566201037369 25.538286 11597.515673866268 21.67506034116928 1.4 0.7793495524110601 53.07881689160688 12270.71029961371 35.1545244455262 4.53344339701869 11.148962641438949 21.24197714758727 False
4631 1635.8261130261694 2529.3641352151653 214.88624202032594 52.85607626595986 1614 1656 2505 2558 1213.0 11.848153186817134 5.001086497800775 52.85426067894506 0.9065500212871648 -0.5829702640231175 1.4713629700347848 0.0 143.7550075011529 10.450271 150.59048060549642 16.34051728754965 1.5979476366741485 0.6757286616398867 19.649679181628848 200.69677858604223 26.107088454835853 3.68592114395717 7.937123402834691 14.385140260746848 False
4632 1544.582284871054 2610.2580359530375 214.8862064706287 52.857092201810296 1445 1642 2492 2726 28840.0 47.50244909235309 34.72609437597491 -68.11944073562591 0.6823367742147465 -0.8499446395890823 4.98224203324109 0.0 1553.2686637551415 50.822044 1962.2666644535896 110.85635141419034 2.0548898850597075 0.6308411302141441 95.81261460549192 3685.6549746180062 176.79964839466143 9.739190472574311 28.676180697995157 103.00278550399965 False
4633 1455.1100200840224 2609.7717740479543 214.8870110779549 52.857657811578875 1438 1468 2588 2632 675.0 7.227906798867445 6.411424472458224 -70.74881426931849 0.46169735778793636 -0.5427258978622028 0.8018271598727755 0.0 24.565648636405836 7.873692 6.799591758452268 12.499316235173461 1.4 0.5400598367761801 14.658075357087599 -32.989864422279865 19.628684869785367 3.6732047473277274 4.409492799705045 4.90367076471957 False
4634 1611.1170381540605 2639.7020933185477 214.88530225266405 52.85682849805384 1587 1635 2619 2669 1547.0 13.984236950018673 10.435806045053154 55.768286416521974 0.6656602359263148 -0.5595266734415751 0.675501285784227 0.0 66.8960948084875 11.586759 852.7498583104273 64.69133036106024 4.090706493483302 0.5068435211259028 22.190660060627405 1077.0116440856439 103.89773978913829 43.85445822157743 66.991664897826 86.3819087127516 False
4635 653.0209353840509 2502.6699057654123 214.89530574864432 52.86217366387823 649 659 2499 2506 66.0 1.8727506449578049 1.7333038656289157 -13.969571971575288 0.3786521547086912 0.06547761997895653 2.952478909412303 0.0 55.089684937259484 2.1158369 77.13618603310039 4.447726046901012 2.1306255960456175 0.41971211837818656 4.583497844237541 89.12096199979851 7.091553626113652 1.4549904163988783 2.936822795859974 5.68961633697203 False
4636 661.0527441609822 2501.1826431085997 214.8952496047138 52.86211463409767 659 663 2500 2503 16.0 1.3699700221700695 0.8187096882604232 -27.866918933867677 0.8017858987089012 0.23937546541496457 0.7932862395954962 0.0 8.213093967403225 1.0324613 21.809132735890145 3.271108917484712 2.678574668292507 0.19033745086872142 2.256758334191025 33.56355743042045 5.228387682520906 1.5280026190944418 2.9043187648741697 4.545863393593871 False
4637 8153.009155937442 2508.506572875954 214.8282836330655 52.81455914764865 8138 8164 2499 2519 340.0 6.436925715257025 2.948730201477837 18.180367871545773 0.8889027028138785 -0.24161402346858998 1.3550002047313774 0.0 90.80068968680206 4.9412417 152.64266020795233 11.354174895157016 2.164852233433706 0.47215581382036226 10.403141895720198 157.8531990763941 18.134782695536956 4.112570094834677 9.43032517669138 14.264006025742466 False
4638 8148.783667915965 2520.108556701766 214.82819932053445 52.81464853902965 8146 8154 2517 2525 60.0 2.504798037474607 1.5542650045363 5.363434312145676 0.7841944980390779 -0.38413993127594426 0.3319219019221206 0.0 -1.6210414857754316 2.0293477 38.55711688229088 12.611801930916918 5.3121791384493955 -0.5202425891361552 4.370193722368317 73.45880042493707 20.15490739151391 18.22671837622558 19.481330086571052 21.934307917207526 False
4639 7470.556200286178 2558.6057237758255 214.83384375818395 52.81916627151636 7460 7482 2509 2577 781.0 14.365106950830254 3.4959805018483525 -88.40776102861399 0.9699344958399523 -0.2901740882457577 3.2123453524871093 0.0 483.1161052165918 7.4758635 1021.7007302780128 21.503308011547933 2.590464399096007 0.501677536830011 15.767054928221077 621743.1485985813 7009935308969.645 9.411282443754368 18.256426397221023 29.555295528532543 False
4640 7613.613566271956 2593.688241348751 214.83219878914014 52.81844626316872 7594 7640 2579 2610 463.0 13.30033182152969 4.710788582037829 -34.637477640464674 0.9351750764297571 -0.47035411215635947 0.40501287187811574 0.0 9.065637073220534 5.7280903 989.5187978978527 38.71140106160159 4.202013076537559 0.536672460249431 12.139912573947766 526034.1587876595 6174563626375.54 43.20046632058736 65.37282103362388 74.40443710265336 False
4641 7368.481587938907 2613.2311798717838 214.83417986115154 52.82010941489776 7308 7392 2581 2641 1572.0 16.41160195751267 7.639199491354021 33.62651853136191 0.8850607379539833 -0.4009184140720552 1.2657523535906663 0.0 491.7716722155272 12.374654 629242.732971786 6573324940468.184 3.6899762003076737 0.4318568200608125 22.36924542940416 641138.2640510672 6573324940468.1875 116.60801407680802 118.96199453175835 121.42865328473495 False
4642 7457.957815688264 2621.151079484775 214.83329843105417 52.81958349484045 7447 7467 2594 2634 439.0 8.961518550188627 3.9572554632519976 66.26034972764386 0.8972203375673856 0.7996966520425315 10.306477583952962 0.0 1731.0663430842724 5.760923 530761.1241740558 6174563626375.538 5.458915838840345 0.26854361352691813 11.821084554078958 541034.5608808326 6174563626375.539 53.248265713100096 56.1491672290192 58.68179446394315 False
4643 7408.039023994107 2637.9564029098947 214.83356699305546 52.81999131741429 7374 7427 2614 2656 1431.0 10.944270568725784 8.613356247465516 13.90381033611166 0.6169279000373491 0.04438872863363036 8.573133114119013 0.0 3046.418822456233 12.128633 1016489.8480656282 8683504159392.268 2.937559041483722 0.4069285196512398 21.3424798729905 1040574.4613130359 8683504159392.268 69.83750406824043 72.06124057086159 74.44386640895834 False
4644 7469.822284766217 2634.755450165573 214.8330495388605 52.819581432879524 7453 7495 2562 2652 2267.0 16.56977886464383 5.495724365574661 -82.3891234860917 0.9433949214730528 -0.11715773462076531 453.25080212771206 0.0 22404.77557309123 12.991608 552661.7053333262 6174563626375.539 2.6194504948603714 0.765722219630357 26.862771859557856 562717.2891021996 6174563626375.538 38.03422623119455 41.195897473208795 43.88539641168227 False
4645 7371.252015728506 2660.345698251754 214.83365970006724 52.820345789482054 7361 7380 2652 2667 226.0 4.070740861524026 2.9943683483811174 26.187107599732613 0.6774344565657123 -0.010257903615981844 3.3996424806642813 0.0 246.86959976842928 4.354636 1058.6029315731903 14.771323709473117 3.4304065022753725 0.3625233669389122 8.481629223064205 1905.3855319792865 23.72316656190381 7.050034004768501 15.666376285316456 22.964286272162877 False
4646 7513.965258030802 2649.037048991978 214.83250560175344 52.8193778913029 7490 7601 2591 2666 4358.0 19.761923573816198 10.379988467050932 -32.47749729112882 0.850946773692904 -0.36248979753653854 27.560130445036997 0.0 9349.57989754414 17.760668 541392.2150786589 6174563626375.539 2.6291138574194415 0.6527558767489573 37.24505986018763 553483.5095220652 6174563626375.54 49.32463633792763 51.91675929774459 54.511640933196894 False
4647 7433.501297218776 2649.0625707481395 214.83322307466256 52.819889375731364 7393 7451 2610 2667 1516.0 13.667983445500285 10.939563994986035 89.54803777643924 0.5994946198072492 1.4349742999518178 38.60619879296864 0.0 8878.98634361169 11.924961 1072477.2752799364 8732151622155.887 3.772824950309912 0.35086896457716177 21.967197988242077 1081961.6949750062 8732151622155.885 42.17789411194057 44.60331840212532 47.12208173284978 False
4648 7470.048567850298 2659.896961892515 214.83278313707288 52.819715523050235 7437 7509 2613 2669 1773.0 9.313774727818855 8.038973770966274 -44.535887828644384 0.5049863012029279 1.6028534196759185 3602.1982355448267 0.0 107231.50056949026 2910717200000.0 1147415.36423138 9296085280695.434 1.8042185879446526 0.7785683710468312 23.756334485855785 1153141.6208926025 9296085280695.434 12.679703702226071 16.030662028973172 18.77370777377584 False
4649 7456.840599962866 2675.575609548915 214.83273607830657 52.81988397685013 7324 7465 2661 2695 2349.0 14.34562714802658 4.367636320497092 0.48455032569840484 0.9525258646095605 -0.04066882940651874 2569.690272845987 0.0 106034.7923081553 14.713555 635628.0640367632 6174563626375.537 1.4 0.8882987979223482 27.34428500885924 639944.1232818853 6174563626375.538 9.323549873156036 12.332140683024951 15.181742547613148 False
4650 7489.863591083833 2675.280117712333 214.83244461979245 52.81967252285416 7477 7611 2664 2690 2118.0 18.268480479643436 4.776770268696427 1.6608991687421562 0.9652099620734521 -0.3035010140921394 663.4525297657053 0.0 40688.485836443186 12.67891 565901.0845466035 6174563626375.537 1.4 0.7919779295405667 25.964982937357547 568147.1714104235 6174563626375.537 17.489984312332957 20.444686388514693 23.031788973839628 False
4651 7468.676543813729 2686.7142120698345 214.8325133686736 52.81986880307645 7436 7510 2681 2741 1714.0 6.690044748511487 5.817332389997333 -88.75054469382299 0.49384386516733003 2.828490104255707 7285.657503569153 0.0 279528.8212536023 4218030000000.0 907490.3939713035 7810273846790.247 1.5800527849512547 0.8725620608157844 23.357721312641292 914325.1903787329 7810273846790.247 6.099546821261293 10.273520643557193 14.31366018645443 False
4652 7431.372820747096 2698.5640462828396 214.8327215086748 52.820169745749645 7386 7453 2683 2734 1829.0 14.934183570718886 11.195865758747615 -17.26526547786907 0.6617999643864796 1.3109107692685702 39.99415962188856 0.0 8999.88118941212 13.0728245 1071240.7316578918 8732151622155.887 3.0838047856584696 0.35887015130807903 24.128588475709748 1082858.3607432845 8732151622155.888 42.34908057695794 45.04023035920438 47.66305424060962 False
4653 7515.945210736347 2703.2224356465954 214.83191813455284 52.81965739779688 7488 7615 2684 2763 4343.0 21.628262788859647 10.307870435691127 31.844365575082975 0.8791242655328253 -0.39013341352235775 33.99605417947798 0.0 11843.993272639278 19.886988 544954.5241104177 6174563626375.538 2.503622137237111 0.6029551848573168 37.180906870276885 558174.4073525318 6174563626375.538 51.28639004847437 53.99335755542803 56.29056790108585 False
4654 7469.028574105448 2713.1857023162315 214.83223185577532 52.82000926224199 7447 7492 2700 2751 1077.0 10.253638123506427 4.593872039874397 -86.23444581118238 0.8940217215357426 2.624002467833751 656.2132876566538 0.0 28480.592236310687 11.863869 1085507.2377826981 8732151622155.887 3.625078469434881 0.7353483508244629 18.515392175699183 1097456.6541446003 8732151622155.885 34.28369629134868 36.96942091441835 39.93316924407689 False
4655 7390.561153658884 2720.1158812226186 214.8328589167549 52.820545280690496 7319 7417 2695 2762 2762.0 18.260287692342622 10.881498925410929 -24.523794920658478 0.8030507837890225 -0.3339814389445905 3.3106630468539318 0.0 1989.085843252258 15.79818 943529.010417351 8284046399983.989 4.967830290502348 0.4846300741254359 29.650833135674784 948444.3266314045 8284046399983.989 87.55628614203258 90.26900066243239 92.80660013287782 False
4656 7486.428580901964 2729.7727796965924 214.8319022181534 52.819988097802 7475 7499 2716 2749 460.0 6.763045185074455 5.41102229045023 71.63495312441964 0.5998844247256256 2.6282106877202285 8.642502015749635 0.0 2461.126291097748 6.3382874 9386.650587814182 17.587662390023027 3.0221973828372835 0.10931592364530923 12.100518486599809 539164.3326586914 6174563626375.535 10.369445128024244 28.11130872161665 42.67121301315006 False
4657 7459.619576240489 2751.459665575609 214.83191329398886 52.82027537411538 7446 7466 2734 2784 614.0 11.658502781215402 4.784651578470523 -89.92670093459957 0.9119055305149381 0.4584525863771205 13.185721029386732 0.0 1911.099638057337 7.393925 533253.7370421193 6174563626375.537 3.3595164104010378 0.27908679092530886 13.980066885278035 538977.6504588397 6174563626375.534 73.32516769338527 75.9761155722912 78.84342776463933 False
4658 7473.132793832492 2757.6475527297007 214.83172768360035 52.82022285274642 7465 7488 2745 2788 670.0 8.457547419972492 6.014668335620578 77.47101722603941 0.7030303245934476 0.38509993809396376 13.830783714660276 0.0 2270.214385019661 7.659008 10844.834303818965 28.162966028006487 3.2797002051736714 0.4089973551661745 14.60368527951557 576389.9835570437 6174563626375.538 13.21273386515107 34.09878951114352 47.595682588231554 False
4659 7635.417924696489 2772.0278380126283 214.83012891264997 52.819269026500734 7610 7681 2749 2798 601.0 19.78949150556606 4.101504444956546 26.283461700313172 0.9782865969303769 -0.5022504213892304 0.598733946045555 0.0 8.507890942816346 6.8838725 525227.2195267644 6174563626375.542 4.6635152599054726 0.5742059402235272 13.831277655967225 531326.0350752006 6174563626375.549 189.21498612339195 191.79044338516067 193.99530723938915 False
4660 7285.249232510131 2783.103008560048 214.83313595404863 52.82155407454642 7233 7321 2760 2811 698.0 29.800312636956836 3.5063490986809893 -25.598228471706232 0.9930537621251996 -0.5864911857567267 0.6419948741197992 0.0 32.63632543777233 7.6864753 960304.3105695613 8585382318447.39 4.805090659403745 0.5336146120362876 14.905713688256792 967057.9466245421 8585382318447.38 211.09424277663223 213.57443853150767 215.95003165996738 False
4661 7468.732017074597 2791.1241880869916 214.83141489349114 52.8204312756738 7457 7482 2772 2842 907.0 13.75024027858149 4.306950185592468 89.1782289235083 0.949678197650147 -0.3693055823905581 5.228047642538684 0.0 911.9050219037937 9.013088 167103.78728813436 3894632689382.151 3.3175823476383832 0.46884592126811026 16.991382132383997 532911.3915601072 6174563626375.538 111.02850508071235 111.94750998183876 112.80965391272429 False
4662 6012.98486476271 2530.9464348048327 214.84713905467177 52.82827915543245 6011 6016 2526 2534 29.0 2.6756073791072197 0.9840772462879397 -78.24186903884777 0.9299065677868823 -0.0780877973792094 0.46710295961958165 0.0 5.6200059395108 1.5725985 65.170219325664 7.89448115506485 3.7494622978903225 0.39204557537132245 3.0382538898732494 106.2742460368763 12.64314319676861 4.491001424807369 6.861008429818285 10.552202082516054 False
4663 6015.4796275900635 2542.5670771121986 214.84699458729662 52.828325960854976 6011 6021 2532 2553 164.0 5.163091442235027 2.4397926955398184 80.83293044397696 0.8813065794871002 -0.4828403865119134 0.4502626393720447 0.0 8.197308938334606 3.6209145 124.39868998074093 17.711442926852015 3.931382091215063 0.47458157336215095 7.225151993843567 149.24808598426762 28.49165354115267 12.58783583228597 17.125431223927972 25.03023887745002 False
4664 1501.0 2530.0 214.88744007147437 52.85693596742717 1501 1503 2530 2532 6.0 0.28867513459481287 0.28867513459481287 0.0 0.0 -0.5243506784772982 0.2665370992540647 0.0 -1.503251937525982 0.8119196 0.310281105750624 0.5308031177615096 1.4 -0.3058915431638276 1.381976597885342 0.14948653035671194 0.8683859547979622 0.2722318241436773 0.4304363079382188 0.5694248742342527 False
4665 1504.0 2532.0 214.88739222831936 52.856927705635314 1504 1504 2532 2533 2.0 0.28867513459481287 0.28867513459481287 0.0 0.0 -0.032546907956783624 0.018242991464004873 0.0 -0.014303916492778752 0.5004574 -0.18061159334141086 0.6271230634837306 1.4 -1.0 0.7978845608028654 -0.43197444950427494 0.9876833151397868 0.6930327153923868 0.8095471706380397 0.929223183867038 False
