outputs/dr0.5_c0.1/nircam6_matched_f277w_f356w_dr0.5_c0.1.ecsv
# %ECSV 1.0
# ---
# datatype:
# - {name: label, datatype: int64}
# - {name: xcentroid, datatype: float64}
# - {name: ycentroid, datatype: float64}
# - {name: sky_centroid.ra, unit: deg, datatype: float64}
# - {name: sky_centroid.dec, unit: deg, datatype: float64}
# - {name: bbox_xmin, datatype: int64}
# - {name: bbox_xmax, datatype: int64}
# - {name: bbox_ymin, datatype: int64}
# - {name: bbox_ymax, datatype: int64}
# - {name: area, unit: pix2, datatype: float64}
# - {name: semimajor_sigma, unit: pix, datatype: float64}
# - {name: semiminor_sigma, unit: pix, datatype: float64}
# - {name: orientation, unit: deg, datatype: float64}
# - {name: eccentricity, datatype: float64}
# - {name: min_value, datatype: float64}
# - {name: max_value, datatype: float64}
# - {name: local_background, datatype: float64}
# - {name: segment_flux, datatype: float64}
# - {name: segment_fluxerr, datatype: float32}
# - {name: kron_flux, datatype: float64}
# - {name: kron_fluxerr, datatype: float64}
# - {name: kron_radius, unit: pix, datatype: float64}
# - {name: gini, datatype: float64}
# - {name: equivalent_radius, unit: pix, datatype: float64}
# - {name: kron4_2_flux, datatype: float64}
# - {name: kron4_2_fluxerr, datatype: float64}
# - {name: kron4_2_mag, datatype: float64}
# meta:
#   PHOTMJSR: 0.4047000110149384
#   PIXAR_SR: 2.11539874851881e-14
#   __serialized_columns__:
#     area:
#       __class__: astropy.units.quantity.Quantity
#       unit: !astropy.units.Unit {unit: pix2}
#       value: !astropy.table.SerializedColumn {name: area}
#     eccentricity:
#       __class__: astropy.units.quantity.Quantity
#       unit: !astropy.units.Unit {unit: ''}
#       value: !astropy.table.SerializedColumn {name: eccentricity}
#     equivalent_radius:
#       __class__: astropy.units.quantity.Quantity
#       unit: !astropy.units.Unit {unit: pix}
#       value: !astropy.table.SerializedColumn {name: equivalent_radius}
#     kron_radius:
#       __class__: astropy.units.quantity.Quantity
#       unit: !astropy.units.Unit {unit: pix}
#       value: !astropy.table.SerializedColumn {name: kron_radius}
#     orientation:
#       __class__: astropy.units.quantity.Quantity
#       unit: &id001 !astropy.units.Unit {unit: deg}
#       value: !astropy.table.SerializedColumn {name: orientation}
#     semimajor_sigma:
#       __class__: astropy.units.quantity.Quantity
#       unit: !astropy.units.Unit {unit: pix}
#       value: !astropy.table.SerializedColumn {name: semimajor_sigma}
#     semiminor_sigma:
#       __class__: astropy.units.quantity.Quantity
#       unit: !astropy.units.Unit {unit: pix}
#       value: !astropy.table.SerializedColumn {name: semiminor_sigma}
#     sky_centroid:
#       __class__: astropy.coordinates.sky_coordinate.SkyCoord
#       dec: !astropy.table.SerializedColumn
#         __class__: astropy.coordinates.angles.Latitude
#         unit: *id001
#         value: !astropy.table.SerializedColumn {name: sky_centroid.dec}
#       frame: icrs
#       ra: !astropy.table.SerializedColumn
#         __class__: astropy.coordinates.angles.Longitude
#         unit: *id001
#         value: !astropy.table.SerializedColumn {name: sky_centroid.ra}
#         wrap_angle: !astropy.coordinates.Angle
#           unit: *id001
#           value: 360.0
#       representation_type: spherical
#   astropy version: '5.1'
#   kernelfile: kernel_f277w_f356w.fits
#   make_catalog parameters:
#     ab_zpt: 31.4
#     coadd_bands: !!python/tuple [f277w, f356w]
#     deblend_contrast: 0.001
#     deblend_nlevels: 32
#     deblend_npixels: 1
#     detect_kernel_fwhm: 4.0
#     detect_kernel_npix: 7
#     detect_npixels: 4
#     detect_threshold_nsigma: 3.0
#     flag_isolated_buffer: 4
#     hst_bands: !!python/tuple [f606w, f814w, f125w, f140w, f160w]
#     jwst_bands: !!python/tuple [f115w, f150w, f200w, f277w, f356w, f410m, f444w]
#     near_border_kernelsize: 21
#     reference_band: f200w
#   make_catalog version: 1.4.0
#   photutils version: 1.5.0
# schema: astropy-2.0
label xcentroid ycentroid sky_centroid.ra sky_centroid.dec bbox_xmin bbox_xmax bbox_ymin bbox_ymax area semimajor_sigma semiminor_sigma orientation eccentricity min_value max_value local_background segment_flux segment_fluxerr kron_flux kron_fluxerr kron_radius gini equivalent_radius kron4_2_flux kron4_2_fluxerr kron4_2_mag
[from data line 1896]
1897 10227.532114256577 2357.988542613144 214.81137053402213 52.80056235961696 10224 10231 2355 2361 48.0 1.9025101487678977 1.5930223678703093 -27.85842252307753 0.5467029842764045 0.31790046424811264 1.0703508725357886 0.0 29.319753599326237 0.6972271 52.519912031631925 1.8465274849133486 2.331086278346645 0.20550795469239164 3.9088200952233594 55.45795341907845 2.998466941757049 27.040090403393812
1898 3460.4162319091606 2360.2059438797655 214.8717220958901 52.84357479433531 3457 3464 2356 2365 65.0 2.4875692972004497 1.751787691158576 73.28612781057687 0.709985157985955 0.2365268271565933 0.6531519772845651 0.0 28.177928137144857 0.89424205 53.34844215277569 2.2946649542917967 2.4012724326306234 0.16637603763154438 4.54864184146723 50.46987360537311 3.5940419976409017 27.142419457234425
1899 7743.868869294989 2359.72759136941 214.8334971276245 52.81635730297525 7740 7747 2356 2363 48.0 1.9460955428021738 1.5586349161497166 -39.91265778197101 0.5987933130539125 0.2869676355564999 1.0664687436680975 0.0 29.434254902618058 0.77040714 47.218193122543596 1.7566943335821472 2.0887513232977137 0.21396857426279428 3.9088200952233594 56.01153110585578 2.8162509514012326 27.02930638872915
1900 8942.474165248774 2357.6014840825383 214.82283045065472 52.80872830825518 8941 8944 2356 2359 12.0 1.1005360769228014 0.8519835106473377 51.058851467950184 0.6329982970418803 0.26051332904126107 0.3490023248920983 0.0 3.7774608645902386 0.38022378 53.59608770567066 1.8041751293569754 3.767427120197912 0.047822429831670156 1.9544100476116797 120.39317694076992 2.981794030904472 26.198495313030598
1901 2664.958664086511 2361.4581820885182 214.87881369230328 52.84863413449411 2661 2669 2357 2366 67.0 2.538057872666929 1.6646352587408881 49.72113218283485 0.7548741186196276 0.16906712015986866 0.7491693780899816 0.0 27.20107241693636 0.7922214 64.78605823786444 2.434119154547963 2.703217707655316 0.21442627155200558 4.61809077155419 87.53371754852145 3.968186644526155 26.54456156674043
1902 7345.885412548633 2359.1610354841036 214.83705308688147 52.81888335368678 7344 7348 2357 2361 20.0 1.2544432281866236 1.1292437957321988 69.39826395698731 0.43548658856611844 0.24325559498602323 0.4566766796076171 0.0 6.749525138728001 0.5131285 23.17851747225297 1.7133748927920442 2.9793190429254457 0.11453223136635209 2.5231325220201604 23.56022520745543 2.7432420764492944 27.969551406328666
1903 4115.024174756331 2371.665108697789 214.86575608117954 52.8394783444821 4108 4123 2360 2383 262.0 5.6051723975239005 2.9363947665999817 73.01074381563113 0.85179679142777 0.19856534429771688 1.0855837550113325 0.0 119.849564612598 1.5997986 241.04913158653017 4.561954084666529 2.501672876558112 0.22894332349429877 9.13220620552083 291.8222213630886 7.2431029539379255 25.237204102491543
1904 1735.9761802609698 2363.7149037804643 214.88708941604787 52.854546481218 1732 1740 2361 2366 38.0 1.9520506697434832 1.3307756268746431 -9.80733703794644 0.7316018908723851 0.19305853760610878 0.5439305761826455 0.0 13.836255696229236 0.6745474 40.41948384404349 2.0449033475096785 2.8013205603943203 0.1604984503683157 3.477898169151024 66.42134091245674 3.171632569322187 26.844230902806054
1905 3288.5976444867706 2363.027324579967 214.87322691122878 52.844681406065014 3287 3290 2362 2364 11.0 0.9749933120684301 0.7455826122941213 17.254456664549284 0.6443800985907536 0.5210736735952914 1.2730299873462967 0.0 10.119828159089689 0.3949282 19.468859475259208 0.9004287011087367 2.2427810812551705 0.17507145878554778 1.8712051592547776 27.980245966135392 1.3842355065620022 27.782871180180006
1906 6496.1229599125145 2364.2368283350547 214.84458095420453 52.824310435486346 6494 6499 2362 2367 29.0 1.5468299574983273 1.3576051993806513 -30.054267119981745 0.4792666919117748 0.21075140078023366 0.43291886325889023 0.0 9.556417503805365 0.5311077 22.51991315695257 1.6317774234988707 2.4805482975401367 0.12104385563048303 3.0382538898732494 21.73999704798631 2.69453990525565 28.056851298053395
1907 8410.202186566128 2364.6161515933595 214.8275029754952 52.812149001455445 8407 8413 2362 2367 35.0 1.372524808999676 1.2435545886200745 4.180369056362194 0.4232042086851455 -0.10709338529285414 3.7585139193338013 0.0 51.51690377071039 0.8482363 48.73629425836371 1.1682068541811539 1.4361178230654312 0.4048997569391673 3.3377905890622728 50.14012904870377 1.7480286736317707 27.149536381515514
1908 7759.375535924301 2370.605626816888 214.8332444349561 52.816317398740544 7751 7768 2364 2376 135.0 4.7766798840554845 1.863764673862991 -33.65266656701194 0.9207386240850262 0.16798183974145992 1.0043382335658353 0.0 73.77909228851198 1.3762627 106.94604402161366 3.0292648025941173 2.0331680580514924 0.21860934605347265 6.555290583552474 116.44575301320775 4.980388832368446 26.234690865860244
1909 6361.864832257932 2369.4784842974022 214.8457238048189 52.8251917808957 6357 6366 2365 2374 77.0 2.622822046855363 1.895753245413453 51.582311921568234 0.6910662613939039 0.15331402707705113 0.7528493823957466 0.0 31.766110444762578 0.8705023 58.617275109494116 2.2652387138204224 2.258405833965564 0.19539093498014895 4.950743503369154 63.35175700334183 3.710239084207716 26.89560333962796
1910 9634.574216772891 2373.736595654645 214.81649043630148 52.8044163011334 9623 9647 2365 2383 364.0 5.544675244056799 4.007415130405956 11.800377663430595 0.6911093627728424 0.23942857706385515 1.4642396907586752 0.0 230.7157923707799 2.248785 365.4425644985138 4.936207086848051 2.0624973593019145 0.24296746653231183 10.764051215546116 387.3970417821921 7.751632014741019 24.929609249843608
1911 9110.758296373559 2367.4019968731805 214.82122696473945 52.80771155075195 9110 9112 2367 2368 5.0 0.7705884770160843 0.4494312783572506 -18.245253408216204 0.8123061692170388 0.28726494600148994 0.3305487485846628 0.0 1.5439508232458163 0.25457916 28.320384891006867 1.3553266434007 4.020221631673998 0.040705189850739946 1.2615662610100802 68.28187983923065 2.144627535751519 26.814236327542694
1912 7244.232050414705 2370.8847404609005 214.837836621695 52.8195925265113 7242 7246 2369 2373 19.0 1.267867346662131 1.0950134802420226 49.524489920557926 0.5040651141711885 0.2884164796241438 0.454316780895941 0.0 7.137889541440957 0.483169 24.615309367446695 1.6523146900625718 2.9156345403375004 0.0784762540927962 2.4592453796829674 29.07326344739247 2.705921257527921 27.741265540831378
1913 9090.245780130135 2370.763418680936 214.82137450927175 52.807860041823986 9089 9091 2370 2371 4.0 0.8606267649165872 0.3517988986836303 -17.671574406886965 0.9126371765068348 0.28741765574192407 0.3139585208643969 0.0 1.2148789130043367 0.23120083 24.273555538561737 1.288927117791849 4.057463039505158 0.024024115294520403 1.1283791670955126 59.14656325434041 2.065303230034835 26.970176213094682
1914 9101.70229174842 2372.299461696503 214.82125621334336 52.807795504652574 9100 9103 2371 2374 10.0 0.9949927288468537 0.7787090896294417 46.006099563666034 0.6224897903524558 0.31780555416236744 0.350780325979243 0.0 3.3440093956649233 0.37968606 47.94160212965761 1.9097598405838128 3.7428049080730825 0.020513013474937756 1.7841241161527712 125.06632398605514 3.090452276472009 26.157149037435023
1915 3272.080084434231 2379.423423306353 214.873201995272 52.8448747682284 3263 3281 2372 2386 204.0 4.239469319077844 2.8097712358787983 14.115308596464793 0.7488275884256869 0.1778845400179052 1.3227329813466686 0.0 107.59138483968243 1.5154681 147.4471184001468 3.165332865410958 1.9099517780806086 0.2926059821759591 8.058239062071396 162.1414861544029 4.919820944030933 25.875264626623938
1916 8337.726989796447 2379.1659749424316 214.82799630818494 52.81268803348196 8333 8340 2374 2382 53.0 2.2911541050778292 0.7595612502817692 -52.69512580734747 0.9434485223311574 -0.05858018774397582 0.04364156347174841 0.0 -0.5442198474499085 1.0774273 13.900677846536084 2.979083186160357 4.024494467548775 -0.47513690423928545 4.1073621666150775 41.3690956643873 4.449308122214939 27.358309931883717
1917 3541.7504984210423 2381.0166397267876 214.8707768766099 52.843170403927246 3539 3544 2378 2384 30.0 1.5768759992898902 1.3205054046876916 -68.3742096895819 0.5465619529074605 0.18360805265762709 0.4496923469685507 0.0 9.398072774673057 0.54607344 31.04105514020186 1.9740276085312516 3.015559001309229 0.13850767713088902 3.0901936161855166 41.79408886021085 3.164103681429719 27.34721284561789
1918 873.36416991369 2392.524023616565 214.89449493179106 52.860180056716814 846 895 2380 2404 536.0 11.28407230306951 2.8244154441798885 21.77427336141166 0.9681680490125522 0.18871774897808916 1.5538414284988697 0.0 300.40522235691094 2.2844923 441.51337997430664 5.223890013182277 2.116107168054081 0.2885720063309678 13.061933202803933 506.65640991646177 8.396281984275408 24.638216146353855
1919 2769.0843137513393 2389.629202149644 214.87758730424494 52.8481247442563 2762 2776 2382 2397 195.0 2.8945906422071737 2.7339951245914262 -74.28708376964171 0.32845751290239417 0.17207658099316644 4.683656848571096 0.0 195.57525704773576 1.5483028 221.28349980496233 2.2241129148427423 1.733995475895041 0.49657465048762955 7.878478774854901 243.72239814530633 3.4324845004980244 25.432761393042263
1920 1678.479324614462 2389.7053646972768 214.88732980570404 52.855051867161336 1667 1690 2383 2396 235.0 5.198578552568104 2.3566258498439545 21.991951551481392 0.8913472346692053 0.15698525209560976 1.9202383772430132 0.0 131.58782430974742 1.5998309 181.90917303458403 2.987625849772486 1.9407039977974063 0.35494783642604893 8.6488625410045 184.00588935378389 4.787115742894678 25.73792069148542
1921 6331.053720446691 2383.7205241566307 214.84584897183174 52.82546434457928 6330 6332 2383 2385 7.0 0.7444854928084534 0.6863547592585632 -7.805928787383498 0.38738449735573216 0.2718098043252734 0.36227771816629323 0.0 2.263139266228329 0.2601104 11.982267229286812 1.0145434600380518 3.3060004273641375 0.06267243932320266 1.4927053303604616 15.898996277131609 1.6192145336892658 28.396575730875384
1922 10033.256384678478 2387.6686593709574 214.81279010236833 52.80195721972549 10030 10037 2384 2391 44.0 1.8568336757326052 1.5267985295712228 29.227263748656057 0.5691132103974982 0.23586554411576405 0.7533252875223344 0.0 18.701167748905544 0.6919033 39.220187910011674 1.9797882348867961 2.532452627055514 0.19973206257013817 3.742410318509555 44.84736696553284 3.1839204003299746 27.27065762435393
1923 6975.975808422716 2386.3246747927838 214.84006740735114 52.821380406062126 6975 6977 2385 2387 7.0 0.7497082384301301 0.6935816020445359 1.8179613934318954 0.37963741021607444 0.2718936722345555 0.3516631207011045 0.0 2.182048365527523 0.2732635 29.217018412354 1.310712651866188 3.791747437150458 0.04978519438659733 1.4927053303604616 67.64242677390325 2.1080359219665685 26.82445204956595
1924 2131.4023116190915 2396.9926512485176 214.8832064383984 52.852214649472906 2126 2137 2391 2403 129.0 3.2144186832914077 2.158407229481865 -52.97628381314922 0.741025674236128 0.1391698114391784 1.4579444997284141 0.0 68.58941174699432 1.1400598 100.22408570445339 2.439826649843912 2.086535115351794 0.3327213684429666 6.407961869245868 106.18110051481776 3.9439712485146314 26.334881944307746
1925 7185.477188385145 2394.6834705756023 214.83811051441592 52.82009419038223 7181 7189 2391 2399 64.0 2.3146123963229757 1.9251357162886547 43.35612908911909 0.5551782999871995 0.26151098770660836 0.6078038090411763 0.0 25.77142662854707 0.8741202 111.89723839647765 3.2549377719190407 3.183006135818816 0.14197091596533368 4.51351666838205 173.54033817059587 5.193311632085244 25.801498901481004
1926 8627.363029209851 2393.4292109376242 214.82526350055193 52.810924146683355 8625 8630 2391 2396 30.0 1.41110089851653 1.2611592811595205 -46.347933240372804 0.44858257254879624 0.639618472788982 2.819119772307406 0.0 44.822754324158154 0.6070789 48.23796413769666 1.0110343061411866 1.554761930670231 0.260611037269957 3.0901936161855166 50.68016736038931 1.6196940280335417 27.137904899054483
1927 237.38055730691946 2393.9708318303587 214.90016426850312 52.86422644751161 235 240 2392 2396 23.0 1.4950111672786024 1.1039977191598838 -16.830982019139903 0.674303311750779 0.25456056422388434 0.47024790962275265 0.0 8.303363662547646 0.5145406 25.373485692041598 1.7714761763934617 2.7657505829961466 0.10228890802131015 2.7057581899030048 33.07918646240453 2.754415264512911 27.601112949675475
1928 6969.960299102272 2417.224841901524 214.83979614733127 52.82158522135636 6943 6996 2392 2442 1865.0 7.523532890189293 6.81607893943086 3.2904713011850566 0.42334648852582235 0.1362266453203778 22.887066803778843 0.0 3955.3874940708374 5.3199487 4050.0316975393052 5.863222292063085 1.5293563126116958 0.6593430401316099 24.364891498481366 4417.436747692859 8.706402134086805 22.287074150860086
1929 8762.814236142192 2394.980775520428 214.82403937362972 52.81007163640503 8761 8765 2393 2397 19.0 1.2452784071794907 1.0680002883997308 -44.83927778316014 0.5142509334943339 0.2489238453655444 0.5221986729498369 0.0 7.225247337893303 0.48089123 18.5918118548216 1.502395808430056 2.6753653476601205 0.12821778582521157 2.4592453796829674 21.102622306637492 2.5257630364146646 28.089158934914526
1930 9906.913519456635 2430.9751601447683 214.8134609464027 52.80299368572532 9871 9940 2396 2465 3631.0 8.592872660810166 7.790614065741669 61.147915059888106 0.4219120995155882 0.16579992920156333 147.49606219222264 0.0 15398.905776577958 9.11511 15064.292588728724 8.38518492299318 1.4 0.7704467619947434 33.996811567165295 15799.267845188959 10.946984977153429 20.903407595614222
1931 8344.654433646214 2398.0322178291885 214.8277361560628 52.812745699338 8343 8346 2397 2399 9.0 1.0403793863750381 0.6389991359718623 -36.00838871736059 0.7891518126845419 0.36044866986878676 0.4643612960775844 0.0 3.702863837297982 0.37080622 25.40476343993025 1.386095736171346 3.418116036915923 0.05593398069219286 1.692568750643269 48.98653567205674 2.234934459301915 27.174808181911757
1932 2180.7734586175743 2409.2935884241506 214.88263598097225 52.85196744632501 2174 2188 2401 2420 205.0 3.578760515317019 2.6018339250549327 -79.16149667136496 0.6866152603588325 0.12704144757980343 3.3132172675504035 0.0 175.83515203732287 1.6097777 200.23269800482393 2.3251711376064073 1.6219067737839834 0.4408629607407723 8.07796550300118 211.42217764689414 3.6462303238831244 25.587123645640503
1933 2214.890139106554 2405.4907885133107 214.88237118131616 52.8517302465664 2211 2219 2401 2409 63.0 1.8530745741908003 1.751047701319632 51.74409872002351 0.32723831594237707 0.18505499178880838 1.8012819205535555 0.0 43.68418397001939 0.9503652 53.48181286257205 1.5340083808821703 1.7247059671457796 0.3621405035883033 4.478115991081385 54.17786546424879 2.283690440947476 27.065445273975083
1934 7228.797747347299 2401.785513078936 214.83764937882228 52.819857192879105 7228 7230 2401 2403 6.0 0.7747175206733881 0.5696460719537634 46.21473538758123 0.6777469832644193 0.2596490862420723 0.3223907018134759 0.0 1.7594249031965281 0.24871266 26.730266622946957 1.2250903018289965 3.8379939388414797 0.05456669686868821 1.381976597885342 56.86351602301841 2.0330313626753758 27.01291572556992
1935 4066.277456109814 2407.5208010209485 214.8658142598699 52.83998139682881 4061 4071 2402 2413 100.0 2.483977628234138 2.074703193369298 -40.244174144455506 0.549894304624828 0.13737088280158766 1.4809811234196495 0.0 57.054681339767484 1.0247034 69.6202864907487 1.650529413942741 1.6317728764692478 0.3593807795524722 5.641895835477563 69.85027602500612 2.643322852875823 26.789579683398472
