outputs/dr0.5_c0.1/nircam1_matched_f814w_f277w_dr0.5_c0.1.ecsv
# %ECSV 1.0
# ---
# datatype:
# - {name: label, datatype: int64}
# - {name: xcentroid, datatype: float64}
# - {name: ycentroid, datatype: float64}
# - {name: sky_centroid.ra, unit: deg, datatype: float64}
# - {name: sky_centroid.dec, unit: deg, datatype: float64}
# - {name: bbox_xmin, datatype: int64}
# - {name: bbox_xmax, datatype: int64}
# - {name: bbox_ymin, datatype: int64}
# - {name: bbox_ymax, datatype: int64}
# - {name: area, unit: pix2, datatype: float64}
# - {name: semimajor_sigma, unit: pix, datatype: float64}
# - {name: semiminor_sigma, unit: pix, datatype: float64}
# - {name: orientation, unit: deg, datatype: float64}
# - {name: eccentricity, datatype: float64}
# - {name: min_value, datatype: float64}
# - {name: max_value, datatype: float64}
# - {name: local_background, datatype: float64}
# - {name: segment_flux, datatype: float64}
# - {name: segment_fluxerr, datatype: float32}
# - {name: kron_flux, datatype: float64}
# - {name: kron_fluxerr, datatype: float64}
# - {name: kron_radius, unit: pix, datatype: float64}
# - {name: gini, datatype: float64}
# - {name: equivalent_radius, unit: pix, datatype: float64}
# - {name: kron4_2_flux, datatype: float64}
# - {name: kron4_2_fluxerr, datatype: float64}
# - {name: kron4_2_mag, datatype: float64}
# meta:
#   PHOTMJSR: 0.3925000131130219
#   PIXAR_SR: 2.11539874851881e-14
#   __serialized_columns__:
#     area:
#       __class__: astropy.units.quantity.Quantity
#       unit: !astropy.units.Unit {unit: pix2}
#       value: !astropy.table.SerializedColumn {name: area}
#     eccentricity:
#       __class__: astropy.units.quantity.Quantity
#       unit: !astropy.units.Unit {unit: ''}
#       value: !astropy.table.SerializedColumn {name: eccentricity}
#     equivalent_radius:
#       __class__: astropy.units.quantity.Quantity
#       unit: !astropy.units.Unit {unit: pix}
#       value: !astropy.table.SerializedColumn {name: equivalent_radius}
#     kron_radius:
#       __class__: astropy.units.quantity.Quantity
#       unit: !astropy.units.Unit {unit: pix}
#       value: !astropy.table.SerializedColumn {name: kron_radius}
#     orientation:
#       __class__: astropy.units.quantity.Quantity
#       unit: &id001 !astropy.units.Unit {unit: deg}
#       value: !astropy.table.SerializedColumn {name: orientation}
#     semimajor_sigma:
#       __class__: astropy.units.quantity.Quantity
#       unit: !astropy.units.Unit {unit: pix}
#       value: !astropy.table.SerializedColumn {name: semimajor_sigma}
#     semiminor_sigma:
#       __class__: astropy.units.quantity.Quantity
#       unit: !astropy.units.Unit {unit: pix}
#       value: !astropy.table.SerializedColumn {name: semiminor_sigma}
#     sky_centroid:
#       __class__: astropy.coordinates.sky_coordinate.SkyCoord
#       dec: !astropy.table.SerializedColumn
#         __class__: astropy.coordinates.angles.Latitude
#         unit: *id001
#         value: !astropy.table.SerializedColumn {name: sky_centroid.dec}
#       frame: icrs
#       ra: !astropy.table.SerializedColumn
#         __class__: astropy.coordinates.angles.Longitude
#         unit: *id001
#         value: !astropy.table.SerializedColumn {name: sky_centroid.ra}
#         wrap_angle: !astropy.coordinates.Angle
#           unit: *id001
#           value: 360.0
#       representation_type: spherical
#   astropy version: '5.1'
#   kernelfile: kernel_f814w_f277w.fits
#   make_catalog parameters:
#     ab_zpt: 31.4
#     coadd_bands: !!python/tuple [f277w, f356w]
#     deblend_contrast: 0.001
#     deblend_nlevels: 32
#     deblend_npixels: 1
#     detect_kernel_fwhm: 4.0
#     detect_kernel_npix: 7
#     detect_npixels: 4
#     detect_threshold_nsigma: 3.0
#     flag_isolated_buffer: 4
#     hst_bands: !!python/tuple [f606w, f814w, f125w, f140w, f160w]
#     jwst_bands: !!python/tuple [f115w, f150w, f200w, f277w, f356w, f410m, f444w]
#     near_border_kernelsize: 21
#     reference_band: f200w
#   make_catalog version: 1.4.0
#   photutils version: 1.5.0
# schema: astropy-2.0
label xcentroid ycentroid sky_centroid.ra sky_centroid.dec bbox_xmin bbox_xmax bbox_ymin bbox_ymax area semimajor_sigma semiminor_sigma orientation eccentricity min_value max_value local_background segment_flux segment_fluxerr kron_flux kron_fluxerr kron_radius gini equivalent_radius kron4_2_flux kron4_2_fluxerr kron4_2_mag
[from data line 2437]
2438 1564.1288182135895 2959.7509497321753 215.011036343989 53.00432818475611 1560 1568 2957 2965 65.0 2.1184520677811727 1.0292585795724492 74.69740572122102 0.8740399380659005 -0.4301604806906834 0.3952838984432463 0.0 -0.9003589443622888 2.9111314 0.9843752325154532 3.280050413543186 1.4 -0.25967535075841647 4.54864184146723 -0.3535155948976699 5.291596744590479 nan
2439 6919.173987416635 2964.0666259947334 214.96291769838638 52.97038271090931 6914 6924 2957 2971 127.0 3.515513803513736 2.2547698284491435 -78.78703163817912 0.7672258440761683 -0.1250587230758145 1.066000540426296 0.0 40.175296039625 4.7713885 94.78697939583526 13.807622347769474 2.6677590025859996 0.3592581026108698 6.358093703724522 172.07323463966137 22.16293346561523 25.810716693331205
2440 7404.239970965471 2961.1588816417243 214.95859753468653 52.967289106454864 7402 7406 2957 2964 29.0 1.7968158516324966 1.1285528811621908 68.99398017002954 0.7781448288727324 -0.1427564517080682 0.3158566896565769 0.0 4.588643147914889 1.8304087 43.39164073598615 7.765213499731545 3.65572817853244 0.3050718989512424 3.0382538898732494 72.0848647585751 12.488229853090216 26.755389780013083
2441 6628.75778340053 2960.760312625056 214.96555771876652 52.97220755560173 6625 6631 2958 2963 31.0 1.4691231693186302 1.03184651731206 -71.85137748284072 0.7118264976619664 -0.1217631736351182 0.3411585253063233 0.0 3.9423956878208393 2.307627 8.69106346138323 7.118622675955297 3.1786147605619575 0.4465873078512649 3.141274657157109 14.218353792151717 11.449352285703243 28.517876708799555
2442 2838.530737760891 2962.9237947545835 214.99955554601797 52.99626316490067 2837 2840 2961 2965 16.0 1.1692644198469133 0.9982954837298489 62.18653086264049 0.5206326790812741 0.4549226812215655 0.9634368886775629 0.0 11.833057674056642 1.7905872 40.364317571513055 5.7186745917081705 2.896240717798158 0.1294218028101434 2.256758334191025 46.74353431593224 9.033411823751823 27.22569613337486
2443 7430.21964942114 2970.732362696639 214.95826366134847 52.96717596549401 7421 7439 2964 2979 219.0 3.876648989896406 2.8737315642915204 35.9234272373762 0.671181901804958 -0.07794337345723527 2.026389400877069 0.0 109.0836405242988 5.0704985 132.97545042243217 9.44298440717973 1.8704032567489413 0.4282739621768368 8.349243383340204 155.91115230111177 15.102138117247192 25.91780704670387
2444 3986.0591029936613 2968.6938856357388 214.98919068271445 52.989015850083156 3983 3990 2965 2972 45.0 1.5379482662491255 1.3423083485234713 -4.118294623594152 0.4880930236073952 -0.14009151191274347 0.49864463725527913 0.0 7.812274257352565 2.2647667 12.600169804644423 5.062171707940912 2.353572027304326 0.435372907495611 3.7846987830302403 29.184365164493627 8.095581366738088 27.737124373201322
2445 943.7659011476117 2975.1069202716253 215.01644849062137 53.00834510889998 937 949 2970 2979 94.0 2.909327942055198 1.8542468895684865 -19.081558953581954 0.7705782202433108 -0.060104900559759644 1.2072873505266537 0.0 43.27999465409788 3.5344985 87.97650560534655 9.806469203072174 2.668655388816558 0.3336846984533608 5.4700209598571305 106.07712459475096 15.534384034645342 26.335945652720564
2446 4380.234908748558 2974.2103014255845 214.98559391092857 52.986545288958666 4376 4384 2971 2977 47.0 1.8554138054710314 1.4988081215158746 -0.6306153646968066 0.5894530832332089 0.07982072807958827 1.020677418633477 0.0 20.08055265010057 2.1841154 21.69717150701109 3.351086159474351 1.4 0.31004097528352237 3.8678889139475245 19.481786867433698 5.46253379015599 28.17592803046631
2447 3183.0809261744485 2977.5821781756235 214.99630687808883 52.99415708862455 3178 3187 2973 2980 65.0 2.2835514330083093 1.6203091644725978 -9.509234728994857 0.704648368638144 -0.14981272437721782 1.0472408552700956 0.0 22.35245457895986 3.3392088 29.600825714848835 6.31229125909275 1.7881266625928434 0.42163722304317613 4.54864184146723 41.09010369669514 10.052895277403533 27.365656906832807
2448 1942.215051321545 2983.0733432771585 215.0073939463201 53.00205658444436 1929 1958 2974 2992 397.0 6.029840095286064 4.214173139641728 -0.13016445482630795 0.7152327050759801 -0.3013846415105928 0.6397783866710051 0.0 60.38327316803611 6.974759 159.36533698698474 23.110570775599868 2.9308840845961837 0.4160500554039959 11.24139781410501 317.6514715970611 37.26590687258313 25.145122820875294
2449 9410.896345453797 2980.0042365084064 214.94040685170353 52.95465630631615 9404 9417 2974 2986 135.0 2.773653314981868 2.630334947879745 63.97655897088279 0.3172896806119552 -0.12551166570453784 0.9213335607463978 0.0 38.00280093090207 3.8999195 47.36394571793416 6.856238492446526 1.702142177312471 0.42381698752993774 6.555290583552474 51.1496315049192 11.059172351856363 27.127893726773816
2450 658.9797563461633 2995.961790199756 215.0187878527049 53.01026369646519 647 672 2975 3020 730.0 10.669810911581818 3.9795596539834315 -65.88420432634074 0.9278418847947143 -0.3029136816103105 1.2020538795921265 0.0 260.39493564083256 9.164136 294.98699803507895 13.6658776726485 1.4 0.36475061238203843 15.243563130520608 268.34430971385837 21.76808879017944 25.328269023916775
2451 684.2051761430218 2977.387507011683 215.0187569152048 53.01000331335024 682 687 2975 2980 25.0 1.5315978670517685 1.0708376767230166 -37.30666813890784 0.7149615929839637 0.057090777038185 0.4031949530412895 0.0 5.834307595138129 1.6360946 10.132640658917364 2.667629856020948 1.4292709017446785 0.22981897298140272 2.8209479177387813 9.467449046232764 4.344836813305871 28.959417558929378
2452 1902.665606878954 2980.9716667107928 215.00777137749176 53.00229603579606 1898 1908 2977 2985 73.0 2.362901776706976 1.7677687690698545 -1.44344732894235 0.6635469069653646 -0.13159594009830303 0.6743094592621425 0.0 15.718625511547797 3.1401238 19.140857815319922 4.66032251722607 1.4 0.39553868185410257 4.820437914901168 19.707987862698566 7.438327211138387 28.16339428465081
2453 6825.835744532872 2978.2232675419173 214.9636058088174 52.97105142956312 6825 6826 2977 2979 5.0 0.8586620923739152 0.3576347717597609 -82.87589068055749 0.909134643376973 0.03296838554715245 0.24377560619654828 0.0 0.6269055701707549 0.9713097 6.272004893660137 3.3505901060673287 3.1205675986146213 0.4190602275921907 1.2615662610100802 10.768458073433653 5.266216870666926 28.819616196290863
2454 7135.663552953067 2982.358507528351 214.96078309324366 52.969107846525496 7130 7141 2978 2987 97.0 2.3155126090420937 1.9994468927729674 -10.166560614677303 0.5043475400478159 -0.2609136995658053 1.5794465056134384 0.0 46.5254869604962 4.2973366 66.74137467045732 8.859170711488446 2.14061946537369 0.43816859333003666 5.556622981616415 73.13806561627861 14.042258517623608 26.739641325584405
2455 642.4938030144506 2981.669250965494 215.0190866328682 53.01029095224469 640 645 2979 2984 29.0 1.609516911643765 1.1028552599072348 -26.925173481231834 0.7283466264017474 -0.20679207711122322 0.33610069911838736 0.0 5.073184408457742 1.7636878 11.906707012658035 5.3250009430367635 2.7032611229856105 0.2647916662969374 3.0382538898732494 15.43369223653919 8.552247593472721 28.428825410679302
2456 546.2315705947144 2985.2711273721666 215.0199137580688 53.01092081233551 543 549 2982 2989 50.0 2.08257601039829 1.4745906241999756 76.57994761688349 0.7061513828626368 -0.25047735190818726 0.5308306380233773 0.0 10.238766421023907 2.3562472 17.753051107913787 5.8912976528020415 2.2385025136270045 0.33881569014920054 3.989422804014327 11.97290270931866 9.516908715020445 28.704501366295222
2457 1124.4688905099924 2983.969657881067 215.01473136431375 53.00724716255529 1122 1128 2982 2987 26.0 1.4572751293987947 1.1007796957163019 55.24385517397654 0.6553002848148409 -0.05568118164121006 0.5151109752804768 0.0 8.20179583047864 1.843009 19.496120709184016 5.574253539371792 2.726714022721324 0.2755883187151656 2.876813695875796 17.77033642583081 8.946052741767762 28.275760875267437
2458 7271.775779059086 2985.715670245698 214.95952687923514 52.96826230002391 7267 7275 2984 2988 34.0 1.7790735712786074 1.1619405267626834 -8.284342059643546 0.7572583062579727 -0.09268478255668866 0.9632560567665774 0.0 17.406219520572442 2.4573548 43.070619494838745 7.740304001977722 2.875041645282028 0.2777357077093455 3.2897623212397704 27.40215229595165 12.522062881322137 27.805538310691258
2459 7092.364753619433 2989.5206987186803 214.96109600484417 52.96942127996548 7087 7097 2985 2996 99.0 2.5733988530079355 2.2437166259486165 -67.21723286011495 0.4897046110967064 -0.07066638837406698 1.2104728352183018 0.0 50.55101428235262 4.1011376 73.44652628260833 9.185220846250754 2.0717040944753196 0.3222147869297554 5.613615477764332 84.63844570096856 14.666546046908794 26.58108080153104
2460 7810.989208826519 2988.972002063001 214.9546566382588 52.96485825968938 7805 7816 2985 2993 76.0 3.513507303468657 1.4626431308529573 -24.85581340022351 0.9092312189343286 -0.07913493707767694 0.540366552007284 0.0 15.164300112809375 2.9599645 26.970142849880695 6.391802544242073 1.8799252761812655 0.37864621848538643 4.918490759365935 32.70085938163776 10.21103896137728 27.613602084725514
2461 554.9203024531349 2990.484340289987 215.0197807319279 53.01089390692092 552 557 2988 2993 31.0 2.09538275093094 1.0200792282012057 -66.29117749731309 0.8735009819725377 -0.14789573829003733 0.2959381089400891 0.0 3.473095705445584 1.947903 5.1101450526230145 3.194551122526066 1.4 0.4205599223117596 3.141274657157109 3.386098303210474 5.034760427366427 30.075751094656496
2462 1204.4653400284171 2988.7618685691164 215.01396207246756 53.006765795150834 1203 1205 2988 2990 7.0 0.5778309852917963 0.49617622375086917 80.07009406894723 0.5124995981163933 -0.09628015501306243 0.16047622227328462 0.0 0.3329107326202165 1.0078847 0.6113993850226854 1.2601184690524314 1.4 0.45529270569341473 1.4927053303604616 0.27891901652099566 2.01573757835363 32.786304687007984
2463 9712.483480469029 2993.03117678859 214.9375664281652 52.95281248800657 9706 9717 2989 2996 58.0 3.383119182412593 1.021731966207049 22.81425985576637 0.9533051183732976 -0.2612365385794311 0.39169661026731584 0.0 4.741655045992745 2.8375337 11.71970825232463 7.544615448567022 2.481801589741426 0.48600700894667787 4.296739856991561 18.650116383978066 11.858615705068978 28.223296134201
2464 2357.6819736369775 3000.599914185628 215.00347724894513 52.99951647111518 2350 2366 2992 3008 210.0 4.11501541858173 2.679970660358683 -39.50590416646627 0.758849307576143 -0.11121659965504069 1.7417517820265522 0.0 93.05465961981977 6.0855374 148.4917932732177 13.064161122363899 2.149218622956106 0.43425983537863105 8.175883811466258 207.48127991392872 20.66618836195758 25.607552703968132
2465 6979.761437350357 2993.031920113471 214.96206904124537 52.97015474403934 6978 6982 2992 2995 16.0 1.3217386229597414 0.8517911025747303 17.742106641080685 0.7646485906480789 0.04133093448434766 0.5875433564278469 0.0 6.383639127284747 1.6763479 19.148442795752715 4.7392214672374475 2.438300264981908 0.2503468789617219 2.256758334191025 22.709061451602615 7.585371851929174 28.009502036182596
2466 9439.61108163645 2992.7433902496614 214.9400152563722 52.95454284992326 9439 9441 2992 2994 7.0 0.7847463569816822 0.589032437418608 49.209991681842496 0.6607542317736215 0.039571249738182754 0.2391718497934073 0.0 0.8574459880393354 0.86749244 1.9035069964320073 1.418026296587222 1.4 0.2884072032749767 1.4927053303604616 1.7150994158204225 2.278908076666924 30.814276752477433
2467 2142.157861649283 3003.92440851709 215.0053781365885 53.00090129607383 2128 2156 2994 3017 440.0 6.167264757638314 5.467921408441396 -11.6588322278855 0.4625293538527591 -0.18090633732791675 0.8691796890616326 0.0 109.08822918472299 8.504663 303.97589596316107 28.274302972038278 2.766647065026742 0.344286114064072 11.834540545406394 307.4928360606903 44.422173051425155 25.18041249480721
2468 4311.386175869863 3001.2509352734255 214.9859270220683 52.98712815526609 4304 4317 2995 3005 102.0 3.5096661900840833 1.7799331378209855 39.23784219469151 0.8618568116891451 -0.14477944493587866 1.0983255318196916 0.0 27.10391168897813 3.3781347 57.25589214609742 9.655440042358903 2.622592723162185 0.5465601727356536 5.698035485213008 62.42298394061853 15.398016379908968 26.91163868762389
2469 435.4492070585938 3006.741761680059 215.02068308310157 53.011739354625924 424 447 2996 3020 407.0 3.7571575085023334 2.9900477664988614 30.450698566435538 0.6055239268157708 -0.32806979401760505 4.714204964509398 0.0 232.42117787097362 6.896573 232.44030865061427 7.099441960604405 1.4 0.6728267216372898 11.382096629215674 232.99249610512942 11.282673167605369 25.48164516473767
2470 9887.523032218367 2999.568008984198 214.9359287595801 52.95173678560413 9882 9891 2996 3003 60.0 2.1065669301223298 1.399463367391443 18.937862319515503 0.7474361226851539 -0.11229059748539273 1.2116019323265632 0.0 24.712241877350817 2.7295866 44.54492150597843 6.577511386216677 2.4414494862874228 0.4352324037858329 4.370193722368317 74.8921141509585 10.678678377947824 26.713909773542575
2471 2749.5664808966053 3011.0916017723 214.99984693949696 52.99708777037463 2743 2756 2997 3024 271.0 6.195842418184743 2.3391524069249834 -71.39374281511309 0.9259949835800102 -0.2679948863767633 1.4659313926977124 0.0 109.64881197166707 6.859461 122.80294713438948 12.0979886095215 1.7433643964181653 0.4030197948266365 9.287732724180174 141.75074369254574 19.308304640506574 26.021186634778616
2472 8346.436953567796 3006.7821099561393 214.94966759273802 52.96155652020486 8339 8354 2997 3014 234.0 3.7832784198467104 2.9732433191042533 -65.84261266721693 0.6183654343351865 -0.23594000245232655 1.7054446306700728 0.0 85.5982028094785 5.2111745 98.22414591962921 7.950710306010314 1.5711549921673182 0.48920378799364483 8.63044108762739 97.08478003758316 12.72093014805577 26.432122122546808
2473 1826.9108602527222 3003.5866282244374 215.00821358811146 53.00289870930578 1818 1833 2998 3008 124.0 3.753494017544767 1.878934181057801 20.81543570425874 0.8656887185593715 -0.23865975716409954 0.5164581577965964 0.0 21.219053493108206 4.022327 42.92769199234313 8.82473962081597 2.0450278323067352 0.4114237087586521 6.282549314314218 50.62564323571423 14.191958819194554 27.13907361428533
2474 2048.9294646746075 3001.718597481445 215.00623883393646 53.00148061635353 2047 2052 2998 3004 28.0 1.9336920335719798 0.9213213987230775 -63.607086943198276 0.8791976925150301 -0.03197789073610821 0.6487407218491047 0.0 8.432502212824753 1.7969843 22.05932526181248 5.391362167626113 2.668322749585059 0.33026393683152633 2.985410660720923 31.600255792005257 8.594832528821602 27.650773504798387
2475 9215.856697310572 3002.320529920111 214.9419200482817 52.956014695792156 9212 9218 2999 3005 41.0 1.6562266368307859 1.476250418102303 78.28177800481807 0.4533480434651406 -0.09598898986048841 0.6244886346697859 0.0 10.8567943054898 2.3327358 19.547837516858856 4.814125343921603 1.8951734068795325 0.39797333724077194 3.6125759969217834 14.325321429055059 7.699576418255232 28.509739061569174
2476 773.392842887998 3001.5962865432475 215.0177003065367 53.00956867457699 773 776 3000 3004 13.0 0.8573510516495079 0.49634570585647825 85.29262528040897 0.8153776930445823 -0.10544307568105771 0.38118336564819255 0.0 1.3655339304999379 1.219166 2.240792944365349 1.3667430006672525 1.4 0.5943732294455696 2.0342144725641096 2.0507868804175526 2.1643080212364456 30.620198673881326
2477 787.5944281643324 3005.455643538786 215.01753201419336 53.00949948953304 786 789 3002 3009 23.0 2.011759178497046 0.8224038448967136 84.30377312788119 0.9126247334516162 -0.052073240271099705 0.3012833412466937 0.0 3.7870631445233385 1.6344664 24.272789697088527 6.084424613032885 3.159607458815792 0.2485993865143575 2.7057581899030048 43.2189409932354 9.662381958214851 27.310814697428153
