outputs/dr0.5_c0.1/nircam1_f140w_dr0.5_c0.1.ecsv
# %ECSV 1.0
# ---
# datatype:
# - {name: label, datatype: int64}
# - {name: xcentroid, datatype: float64}
# - {name: ycentroid, datatype: float64}
# - {name: sky_centroid.ra, unit: deg, datatype: float64}
# - {name: sky_centroid.dec, unit: deg, datatype: float64}
# - {name: bbox_xmin, datatype: int64}
# - {name: bbox_xmax, datatype: int64}
# - {name: bbox_ymin, datatype: int64}
# - {name: bbox_ymax, datatype: int64}
# - {name: area, unit: pix2, datatype: float64}
# - {name: semimajor_sigma, unit: pix, datatype: float64}
# - {name: semiminor_sigma, unit: pix, datatype: float64}
# - {name: orientation, unit: deg, datatype: float64}
# - {name: eccentricity, datatype: float64}
# - {name: min_value, datatype: float64}
# - {name: max_value, datatype: float64}
# - {name: local_background, datatype: float64}
# - {name: segment_flux, datatype: float64}
# - {name: segment_fluxerr, datatype: float32}
# - {name: kron_flux, datatype: float64}
# - {name: kron_fluxerr, datatype: float64}
# - {name: kron_radius, unit: pix, datatype: float64}
# - {name: gini, datatype: float64}
# - {name: equivalent_radius, unit: pix, datatype: float64}
# - {name: kron4_2_flux, datatype: float64}
# - {name: kron4_2_fluxerr, datatype: float64}
# - {name: radius_kron20, unit: pix, datatype: float64}
# - {name: radius_kron50, unit: pix, datatype: float64}
# - {name: radius_kron80, unit: pix, datatype: float64}
# - {name: near_border, datatype: bool}
# meta:
#   PHOTMJSR: 0.3925000131130219
#   PIXAR_SR: 2.11539874851881e-14
#   __serialized_columns__:
#     area:
#       __class__: astropy.units.quantity.Quantity
#       unit: !astropy.units.Unit {unit: pix2}
#       value: !astropy.table.SerializedColumn {name: area}
#     eccentricity:
#       __class__: astropy.units.quantity.Quantity
#       unit: !astropy.units.Unit {unit: ''}
#       value: !astropy.table.SerializedColumn {name: eccentricity}
#     equivalent_radius:
#       __class__: astropy.units.quantity.Quantity
#       unit: !astropy.units.Unit {unit: pix}
#       value: !astropy.table.SerializedColumn {name: equivalent_radius}
#     kron_radius:
#       __class__: astropy.units.quantity.Quantity
#       unit: &id001 !astropy.units.Unit {unit: pix}
#       value: !astropy.table.SerializedColumn {name: kron_radius}
#     orientation:
#       __class__: astropy.units.quantity.Quantity
#       unit: &id002 !astropy.units.Unit {unit: deg}
#       value: !astropy.table.SerializedColumn {name: orientation}
#     radius_kron20:
#       __class__: astropy.units.quantity.Quantity
#       unit: *id001
#       value: !astropy.table.SerializedColumn {name: radius_kron20}
#     radius_kron50:
#       __class__: astropy.units.quantity.Quantity
#       unit: *id001
#       value: !astropy.table.SerializedColumn {name: radius_kron50}
#     radius_kron80:
#       __class__: astropy.units.quantity.Quantity
#       unit: *id001
#       value: !astropy.table.SerializedColumn {name: radius_kron80}
#     semimajor_sigma:
#       __class__: astropy.units.quantity.Quantity
#       unit: !astropy.units.Unit {unit: pix}
#       value: !astropy.table.SerializedColumn {name: semimajor_sigma}
#     semiminor_sigma:
#       __class__: astropy.units.quantity.Quantity
#       unit: !astropy.units.Unit {unit: pix}
#       value: !astropy.table.SerializedColumn {name: semiminor_sigma}
#     sky_centroid:
#       __class__: astropy.coordinates.sky_coordinate.SkyCoord
#       dec: !astropy.table.SerializedColumn
#         __class__: astropy.coordinates.angles.Latitude
#         unit: *id002
#         value: !astropy.table.SerializedColumn {name: sky_centroid.dec}
#       frame: icrs
#       ra: !astropy.table.SerializedColumn
#         __class__: astropy.coordinates.angles.Longitude
#         unit: *id002
#         value: !astropy.table.SerializedColumn {name: sky_centroid.ra}
#         wrap_angle: !astropy.coordinates.Angle
#           unit: *id002
#           value: 360.0
#       representation_type: spherical
#   astropy version: '5.1'
#   make_catalog parameters:
#     ab_zpt: 31.4
#     coadd_bands: !!python/tuple [f277w, f356w]
#     deblend_contrast: 0.001
#     deblend_nlevels: 32
#     deblend_npixels: 1
#     detect_kernel_fwhm: 4.0
#     detect_kernel_npix: 7
#     detect_npixels: 4
#     detect_threshold_nsigma: 3.0
#     flag_isolated_buffer: 4
#     hst_bands: !!python/tuple [f606w, f814w, f125w, f140w, f160w]
#     jwst_bands: !!python/tuple [f115w, f150w, f200w, f277w, f356w, f410m, f444w]
#     near_border_kernelsize: 21
#     reference_band: f200w
#   make_catalog version: 1.4.0
#   photutils version: 1.5.0
# schema: astropy-2.0
label xcentroid ycentroid sky_centroid.ra sky_centroid.dec bbox_xmin bbox_xmax bbox_ymin bbox_ymax area semimajor_sigma semiminor_sigma orientation eccentricity min_value max_value local_background segment_flux segment_fluxerr kron_flux kron_fluxerr kron_radius gini equivalent_radius kron4_2_flux kron4_2_fluxerr radius_kron20 radius_kron50 radius_kron80 near_border
[from data line 2940]
2941 460.64424387375334 3561.3957705381713 215.01461074058798 53.01457854940773 459 463 3559 3563 15.0 1.2776136604937498 0.8366096290906707 3.4197746752156175 0.7557830701946685 -0.0625896337794611 0.23726916519013272 0.0 2.28831704705212 4.9792504 8.004199654795173 15.350592476507254 2.604312529509953 0.24062703743230418 2.1850968611841584 11.391507034763764 24.722152798234838 1.7067991836955636 2.8912512677507327 3.911058135779807 False
2942 nan nan nan nan 847 880 3559 3587 652.0 nan nan nan nan 0.0 0.0 0.0 0.0 24385060000000.0 nan nan nan nan 14.406180819073164 nan nan nan nan nan True
2943 nan nan nan nan 1008 1009 3561 3562 4.0 nan nan nan nan 0.0 0.0 0.0 0.0 1909985200000.0 nan nan nan nan 1.1283791670955126 nan nan nan nan nan True
2944 10283.353152602527 3565.8490511704417 214.92641529216684 52.95228174108171 10280 10287 3562 3573 64.0 2.4360944963327253 1.6287929614070336 -60.73749146674135 0.743614794274214 -0.10688324645704292 0.6845970516120623 0.0 17.25984847513628 11.141161 146.70588382621017 44.54479359216965 3.72872158040816 0.38942199129279687 4.51351666838205 154.99015912044982 70.68630040865136 5.355561597941366 9.57243133923959 12.878821593120668 False
2945 6261.582143049173 3573.6829695182846 214.96239326370375 52.97784842272546 6256 6267 3565 3584 177.0 4.754083918790973 2.5474834324528555 79.487194493285 0.8443121888482054 -0.23453684634602492 0.6894991110837108 0.0 37.69284837175282 17.958473 54.679996529185466 28.862142486663107 1.4 0.35594144159508234 7.506054213402069 -19.417326167017247 45.88027355851227 3.5041536043890624 5.996260254683933 8.893090938422706 False
2946 6524.112144844191 3572.208869343386 214.9600535721004 52.97617463454929 6518 6527 3567 3575 70.0 2.1715933574618833 0.9135828050257744 -58.16652621996533 0.9072012105322116 -0.47835834169929836 0.44649607382129775 0.0 -4.658489961076539 11.400808 8.887446112904325 12.421084517679736 1.4 -0.4121707382728962 4.720348719413148 -3.0587351942164487 19.44174186498714 1.3465511373143704 2.420016529375055 nan False
2947 6692.165595251832 3571.942862044923 214.95854881854456 52.97510682768411 6689 6693 3570 3575 24.0 1.1947790615166745 0.64829617945373 68.9435905796843 0.8399863155234946 -0.36960447144664066 0.17697333467265813 0.0 -0.8098516643675746 6.4974856 1.6722075818537598 7.168482329976896 1.4 -0.8579221283192731 2.763953195770684 -1.7789479715855951 11.501658996185196 1.017260506402965 1.7101398250673625 nan False
2948 5999.770154750413 3576.9675940479156 214.96470761416347 52.979527389660575 5997 6004 3572 3580 57.0 1.7067050483714639 1.3389552511468823 26.237530130846796 0.6200953561884295 -0.07040290314743451 0.7442773040915746 0.0 14.211721564535917 10.1195345 15.778330368704026 12.574575987662628 1.4 0.5114302069213456 4.259537945889915 7.609338589877483 20.162035449045167 1.2289450757246936 2.098398402785241 2.979807745536605 False
2949 8400.534017314812 3577.6297026513457 214.9431678480564 52.964296130903115 8399 8403 3572 3583 45.0 3.4913932082677177 1.041224648428814 87.10251973241793 0.9544952496478953 -0.058296824731407036 0.47666978489196776 0.0 8.846966194672582 8.710691 98.04934490354533 41.037460699580876 3.6691643427799225 0.3412556833414044 3.7846987830302403 85.26435025809837 65.80243663412512 6.015821138176193 9.369716112475563 11.87000905572801 False
2950 2660.806633444365 3585.135093685774 214.99459434415346 53.00075349454397 2651 2673 3573 3600 427.0 4.755094101321469 3.991984285156928 17.536642985060322 0.5433327875122514 -0.2543573846161557 2.340099290476917 0.0 216.62118286717345 27.64133 328.297941052634 57.777694396900124 2.215741339376124 0.5113143434519452 11.65840132267193 529.721571870261 91.8851633842035 3.382286974341212 7.406754274524075 16.99393473720354 False
2951 3185.1205408893966 3578.38033304493 214.98995699830573 52.99739130794112 3182 3189 3575 3580 38.0 1.7816173727481983 0.9495374976526134 35.55474879517741 0.8461380669006038 -0.12017641537021692 0.3645421110067613 0.0 2.6495391923287603 8.671543 97.50895537601423 30.98876908308691 3.999623895814474 0.5659941230313129 3.477898169151024 123.77339604376692 49.17058698278578 9.290488766385616 11.642568641314352 14.251353677937336 False
2952 7708.163264097932 3583.5177197956414 214.94931422058232 52.96872199964469 7700 7716 3576 3592 153.0 5.566493759309006 1.9500951535963815 -44.75792604639594 0.9366273161997765 -0.09336927497090455 0.8285120465863778 0.0 80.61268897189277 16.407999 121.14337532075658 27.46634084442064 1.4 0.21150025620181806 6.978639737521917 126.7762269257855 43.97312732794216 3.5857118363200526 6.504548731662134 8.93267473180761 False
2953 nan nan nan nan 1853 1856 3580 3582 11.0 nan nan nan nan -0.38736939401770126 -0.1458677352540531 0.0 -3.0545237812183723 4.9936867 nan nan nan -0.16360157558829197 1.8712051592547776 nan nan nan nan nan False
2954 9156.287182956454 3581.706078993515 214.9363495716232 52.959521451425125 9154 9159 3580 3585 28.0 1.5521327450753817 0.9754123602539421 52.974965017861194 0.7778632381097166 -0.21832595775736782 0.21937183127948603 0.0 1.8573144201991232 7.1084146 4.885711226453723 10.26851207909833 1.4 0.28846016266052865 2.985410660720923 3.829265207634176 16.462799209547512 1.4043217797024807 2.7837522654707785 nan False
2955 10054.624892462667 3584.6340606710137 214.9282670787246 52.953835091421965 10049 10059 3581 3587 31.0 1.2217764217818592 0.6947355815188261 19.92109297097894 0.8225951924994017 -0.26377570531747274 0.3190660979030083 0.0 -0.7920486842235632 7.2894797 2.5108765901891634 7.471292687259714 1.4 -0.35143177396234737 3.141274657157109 1.2944817758169511 12.013177908069144 0.7952688318550664 1.3299862384115366 1.8284566918703582 False
2956 3255.600253172603 3584.1836493600154 214.98926295555933 52.99697561030772 3253 3258 3582 3589 29.0 1.7846177117517616 1.1526783127638938 -76.2022554646725 0.7634249973357109 0.06754194654391471 0.515653939833772 0.0 8.252932450513441 7.090156 15.66329736826448 11.800360104249004 1.4 0.2652250782838062 3.0382538898732494 1.2154661158649016 19.17568635821913 1.6460132918749397 2.8124416550137576 3.9953562332729833 False
2957 3364.204441091879 3587.2895852592906 214.9882550249245 52.99630349952855 3360 3368 3583 3592 70.0 2.7964245275114963 1.9669429907193299 71.2781814230953 0.7108161794315899 -0.07404366366558679 0.5493597279520775 0.0 18.20451550617932 11.411211 71.79236151507968 37.75752558840851 2.7019745077909745 0.31439044087799745 4.720348719413148 81.90811731504667 60.74379220897299 4.173274441560391 6.523229490671352 8.81289123162441 False
2958 9214.918339363894 3584.5890994278298 214.9357936283623 52.95916487625829 9213 9217 3584 3588 18.0 1.2501458909264087 0.5890506493471593 0.19748979199503572 0.8820341263079452 -0.2458457069365524 0.31481830830696167 0.0 0.9083105435635902 5.50752 22.081655582066492 17.058329751216448 3.4516239049232906 0.46148177578698124 2.393653682408596 33.04800326867505 27.5976013867411 2.835202649994788 4.7062997101297555 6.007809251045695 False
2959 8124.392238802693 3597.7062860890455 214.94543227868581 52.96615710321723 8114 8134 3585 3611 434.0 5.054171638911859 3.717620150196282 65.35748986980934 0.6774652414111599 -0.03991450952120353 3.391353831288548 0.0 399.0372539534433 27.705467 461.7799252624476 38.55628050748208 1.5019237282471076 0.4711105632106682 11.753573524837677 468.5811445236711 62.23496872654372 3.1744493249290784 5.872701761725068 10.077089148519482 False
2960 254.50840625379828 3588.7901089886923 215.01617455859005 53.016033802057514 253 256 3587 3590 11.0 1.143156376030071 0.7486412682206032 36.93554500704356 0.7557245256481455 0.18800957924755446 0.2990316213710143 0.0 2.581620128445458 4.240278 25.97225240204368 19.145103807324663 3.6062060425870732 0.07300747399865579 1.8712051592547776 35.35475166074967 30.65751427559153 2.6749936181380214 4.756415960053964 6.753715780281131 False
2961 3927.4032607947584 3590.0 214.98316979239695 52.99274554267828 3927 3929 3588 3590 7.0 0.569187894725951 0.28867513459481287 0.0 0.8618459230183488 -0.13287459605941923 0.11351630185124414 0.0 -0.19688576885921638 3.6729937 1.2401307647053172 8.38028230371902 3.4240774330842503 -0.1241271815502264 1.4927053303604616 -0.8783012194180583 13.202763209908053 0.9208087866406444 1.5215433578252417 2.0416651929742966 False
2962 7766.464008741302 3589.732316650523 214.94872590927747 52.968385575508805 7765 7769 3588 3591 17.0 1.1821694093681478 1.023461277643604 -14.921780054721046 0.5004794736755064 0.10686189451369456 0.3164673481566554 0.0 3.524380652973969 5.600667 5.822678159115096 9.297238824448517 1.4 0.18975989938379761 2.326213245840639 3.465163272003388 14.767282419020193 1.2078603081736212 2.0234357280169366 2.827510806621342 False
2963 9988.80543969196 3595.3613721180286 214.92874390615282 52.95431081440991 9983 9994 3588 3601 121.0 4.032996723785182 2.0124732279906423 62.1014287954093 0.8666008621463374 -0.3147133184942712 0.5551039371486896 0.0 30.77976373055128 14.636447 109.44827958205839 51.41507655199079 3.0153673573074458 0.28145317337776243 6.206085419025319 187.30632056779606 82.61829033103547 5.104329049407832 10.505257756911766 21.885789649246263 False
2964 nan nan nan nan 10063 10067 3589 3592 12.0 nan nan nan nan -0.480984110456123 -0.16132204212408888 0.0 -3.711733422593612 4.557996 nan nan nan -0.1818037293015117 1.9544100476116797 nan nan nan nan nan False
2965 3999.1671869939214 3593.21041356419 214.98249168688858 52.99230764708293 3996 4003 3590 3597 48.0 2.2746198998113227 1.512484304145782 3.195323028630488 0.7468973459229188 -0.0864025911407886 0.31180238586761994 0.0 7.7769470060076324 9.198852 21.980975309298948 31.56437279274291 2.888115339196999 0.26807349587425144 3.9088200952233594 -2.858446179090066 50.8401955175457 2.8508452991199147 4.850368634640216 7.304036208627816 False
2966 7320.020253237975 3592.566530573694 214.9526998554507 52.97123404759337 7316 7324 3590 3598 61.0 2.123461206132997 1.474598227879574 54.002373732748126 0.7195588732355778 -0.1810387969274145 0.6870853117828768 0.0 16.80640437403297 10.748979 22.2631793280174 15.028812865302198 1.4 0.4015260686781753 4.406461512053774 6.603561802068208 23.73800112340863 1.6337800373582656 2.786991431922171 4.155422935825768 False
2967 7487.2298734105 3593.8723980871514 214.95118645857843 52.970179991933854 7484 7490 3590 3597 46.0 2.0996477128728603 1.5837175764229414 -69.14971238335572 0.6565554498902385 0.19046225894865065 0.7105166727159461 0.0 22.135856621312833 9.1744 112.78266316553055 34.08215204036874 3.105535719378375 0.16166162842709642 3.826519928662906 177.48463966312835 53.950169756176585 3.908512928743725 7.594235613930437 12.975558029181284 False
2968 3250.4418816675798 3597.4047509423863 214.98916993292755 52.99707978263291 3247 3256 3591 3601 78.0 2.409978385051451 1.49149983894038 -52.9997920065444 0.7854814884777548 -0.3186417292736302 0.5170408156181995 0.0 12.416968152921966 12.092974 19.975299757335826 16.064109526688192 1.4 0.4523027129523364 4.982787485166879 13.937614975707355 25.7420260698488 1.8219455515932848 3.1526221303890236 4.793562696614964 False
2969 3307.1213620521094 3592.710975569206 214.9887104525568 52.99669488816227 3306 3309 3592 3594 9.0 0.8732497603475547 0.6844694362103353 6.494161038382355 0.6209898111552302 0.05861996589111102 0.3262916003967894 0.0 2.0972933082707788 4.0151596 9.784056458102576 13.96013627631056 3.030871492659388 0.2248631596606161 1.692568750643269 19.958342333647426 22.16382094393545 1.5479217798019866 2.8008354472546158 4.410009821822187 False
2970 2589.8561694256255 3598.1808648959163 214.9950940635904 53.001274024472266 2585 2596 3593 3601 83.0 3.1841571351517395 1.4857290949608635 28.04988631415915 0.8844682226148382 -0.3044980409575121 0.5474665507349582 0.0 18.43732501807162 11.941803 69.24247166104615 38.77872636135112 3.0251865438447143 0.344001148181526 5.140011726956917 71.25490741570724 61.807858248347166 3.8190691533425865 7.275416611107571 9.768552569858281 False
2971 9381.408310753859 3594.0231291032187 214.93420186965128 52.958159060647006 9380 9383 3593 3595 9.0 0.8852781595792777 0.7205713948326412 -23.040395242642354 0.580936141788181 0.1252913961865177 0.2551912445686035 0.0 1.8511484946715266 3.9961388 4.37909428797151 12.660927530423638 2.6705735189416133 0.12379138146973653 1.692568750643269 2.537837958277735 20.613408729332665 1.1018681042186347 1.8454817569969024 2.5118436446764285 False
2972 9663.686789288011 3597.076329053906 214.9316396269319 52.95638380588449 9660 9668 3593 3601 57.0 2.5942635382436956 1.7021603365147475 -27.61145504108706 0.7546525047695753 0.0906168591043451 0.47539267892777826 0.0 16.87791251768654 10.763639 159.70506054882765 47.074359087040264 3.677522988812587 0.21460168247007222 4.259537945889915 118.49096697964956 75.05291649884018 6.045024782745628 11.163499375895165 14.945224939871734 False
2973 8349.302889317698 3599.703632539377 214.9433945911422 52.96474048305954 8345 8354 3596 3605 77.0 2.520287473877788 2.1976495620694507 -23.629102332631586 0.4895349331599448 0.14957249181840804 0.6991445233125534 0.0 35.926099670653166 12.51732 137.4954927052201 46.256827954605754 3.110542167762148 0.18614886560580204 4.950743503369154 298.57329053038137 74.6012806899567 4.1129774846076055 7.231754348794904 10.614105957602579 False
2974 320.5898848860901 3600.4297772939303 215.0154579746103 53.01567770372046 316 324 3597 3606 71.0 2.3250521161263813 1.8463230140422522 -20.8019394872684 0.6077876152235138 -0.2738375696353097 0.3936773549343995 0.0 10.778596053616262 10.995895 7.7085783431937465 16.716652161440454 1.4 0.331835395170751 4.753945931439391 -30.361769337530188 26.707821370850038 1.3905784622686923 2.207831671770579 2.8315303291529195 False
2975 3328.224227490427 3605.8287856082266 214.98838270930784 52.99663192146934 3322 3334 3600 3612 131.0 3.0457893622404595 2.582701573206079 -33.14827435803023 0.5300633594106745 0.06474821532374182 1.5434482138660195 0.0 107.11139109371072 15.863965 156.64632346489392 31.69926006639784 1.8629750581270972 0.26396605222749797 6.457444935117649 152.8417954429467 50.73991590139706 2.6924026101246845 4.798233432230314 7.756830445398774 False
2976 6975.4574312036975 3610.6013134699633 214.955600285322 52.973517989758946 6962 6989 3600 3622 478.0 5.030248342013599 3.8246272014412046 -43.32874713686839 0.64954199000484 -0.33466225290796175 2.8484910183531365 0.0 340.3548371484436 30.223013 390.8380796749424 51.532353141892806 1.884346906622601 0.5202432860424565 12.334995970645954 418.7407492875625 85.35828041968836 3.2899586636175795 5.935744747879649 9.352983930673126 False
2977 7744.7430723540265 3605.8363089360146 214.94875099964963 52.968610396255094 7732 7760 3600 3617 370.0 5.5965136288764565 3.0012342028767036 -6.119321104719554 0.8440474222958495 -0.7217394357107432 0.8424353688368665 0.0 62.46974653542749 25.67592 90.60526709902989 33.99064977326253 1.4 0.4113574784262248 10.852403323135505 25.184470633906894 54.26805119556937 2.995361587980128 5.015938944891822 8.079359206764911 False
2978 2899.7802705464414 3616.097070577917 214.99212185543385 52.999405066326894 2888 2914 3604 3628 468.0 5.346368980128061 4.177319455720229 43.331611638915064 0.6241085266915476 -0.19355426910306656 2.7766956719654043 0.0 436.58027527704894 28.859741 548.5288860628727 53.86922655997169 1.924673699889071 0.42696686094314085 12.205286835384658 710.1501960967316 86.05089795834462 3.971209617344432 7.118361283778573 11.86110943326292 False
2979 nan nan nan nan 1402 1404 3605 3607 7.0 nan nan nan nan 0.0 0.0 0.0 0.0 2526673000000.0 nan nan nan nan 1.4927053303604616 nan nan nan nan nan True
