outputs/dr0.5_c0.1/nircam2_matched_f814w_f277w_dr0.5_c0.1.ecsv
# %ECSV 1.0
# ---
# datatype:
# - {name: label, datatype: int64}
# - {name: xcentroid, datatype: float64}
# - {name: ycentroid, datatype: float64}
# - {name: sky_centroid.ra, unit: deg, datatype: float64}
# - {name: sky_centroid.dec, unit: deg, datatype: float64}
# - {name: bbox_xmin, datatype: int64}
# - {name: bbox_xmax, datatype: int64}
# - {name: bbox_ymin, datatype: int64}
# - {name: bbox_ymax, datatype: int64}
# - {name: area, unit: pix2, datatype: float64}
# - {name: semimajor_sigma, unit: pix, datatype: float64}
# - {name: semiminor_sigma, unit: pix, datatype: float64}
# - {name: orientation, unit: deg, datatype: float64}
# - {name: eccentricity, datatype: float64}
# - {name: min_value, datatype: float64}
# - {name: max_value, datatype: float64}
# - {name: local_background, datatype: float64}
# - {name: segment_flux, datatype: float64}
# - {name: segment_fluxerr, datatype: float32}
# - {name: kron_flux, datatype: float64}
# - {name: kron_fluxerr, datatype: float64}
# - {name: kron_radius, unit: pix, datatype: float64}
# - {name: gini, datatype: float64}
# - {name: equivalent_radius, unit: pix, datatype: float64}
# - {name: kron4_2_flux, datatype: float64}
# - {name: kron4_2_fluxerr, datatype: float64}
# - {name: kron4_2_mag, datatype: float64}
# meta:
#   PHOTMJSR: 0.3925000131130219
#   PIXAR_SR: 2.11539874851881e-14
#   __serialized_columns__:
#     area:
#       __class__: astropy.units.quantity.Quantity
#       unit: !astropy.units.Unit {unit: pix2}
#       value: !astropy.table.SerializedColumn {name: area}
#     eccentricity:
#       __class__: astropy.units.quantity.Quantity
#       unit: !astropy.units.Unit {unit: ''}
#       value: !astropy.table.SerializedColumn {name: eccentricity}
#     equivalent_radius:
#       __class__: astropy.units.quantity.Quantity
#       unit: !astropy.units.Unit {unit: pix}
#       value: !astropy.table.SerializedColumn {name: equivalent_radius}
#     kron_radius:
#       __class__: astropy.units.quantity.Quantity
#       unit: !astropy.units.Unit {unit: pix}
#       value: !astropy.table.SerializedColumn {name: kron_radius}
#     orientation:
#       __class__: astropy.units.quantity.Quantity
#       unit: &id001 !astropy.units.Unit {unit: deg}
#       value: !astropy.table.SerializedColumn {name: orientation}
#     semimajor_sigma:
#       __class__: astropy.units.quantity.Quantity
#       unit: !astropy.units.Unit {unit: pix}
#       value: !astropy.table.SerializedColumn {name: semimajor_sigma}
#     semiminor_sigma:
#       __class__: astropy.units.quantity.Quantity
#       unit: !astropy.units.Unit {unit: pix}
#       value: !astropy.table.SerializedColumn {name: semiminor_sigma}
#     sky_centroid:
#       __class__: astropy.coordinates.sky_coordinate.SkyCoord
#       dec: !astropy.table.SerializedColumn
#         __class__: astropy.coordinates.angles.Latitude
#         unit: *id001
#         value: !astropy.table.SerializedColumn {name: sky_centroid.dec}
#       frame: icrs
#       ra: !astropy.table.SerializedColumn
#         __class__: astropy.coordinates.angles.Longitude
#         unit: *id001
#         value: !astropy.table.SerializedColumn {name: sky_centroid.ra}
#         wrap_angle: !astropy.coordinates.Angle
#           unit: *id001
#           value: 360.0
#       representation_type: spherical
#   astropy version: '5.1'
#   kernelfile: kernel_f814w_f277w.fits
#   make_catalog parameters:
#     ab_zpt: 31.4
#     coadd_bands: !!python/tuple [f277w, f356w]
#     deblend_contrast: 0.001
#     deblend_nlevels: 32
#     deblend_npixels: 1
#     detect_kernel_fwhm: 4.0
#     detect_kernel_npix: 7
#     detect_npixels: 4
#     detect_threshold_nsigma: 3.0
#     flag_isolated_buffer: 4
#     hst_bands: !!python/tuple [f606w, f814w, f125w, f140w, f160w]
#     jwst_bands: !!python/tuple [f115w, f150w, f200w, f277w, f356w, f410m, f444w]
#     near_border_kernelsize: 21
#     reference_band: f200w
#   make_catalog version: 1.4.0
#   photutils version: 1.5.0
# schema: astropy-2.0
label xcentroid ycentroid sky_centroid.ra sky_centroid.dec bbox_xmin bbox_xmax bbox_ymin bbox_ymax area semimajor_sigma semiminor_sigma orientation eccentricity min_value max_value local_background segment_flux segment_fluxerr kron_flux kron_fluxerr kron_radius gini equivalent_radius kron4_2_flux kron4_2_fluxerr kron4_2_mag
[from data line 3083]
3084 9592.793881800602 5320.151896897744 214.84199424461562 52.893748131789145 9592 9594 5319 5321 8.0 0.8678744254130427 0.5859079665328111 -39.43541285583958 0.7377199643195234 0.1031118743089867 0.5707319593739879 0.0 2.4939182882557445 1.0789202 12.510243274821104 3.7875989856817034 3.125799098183495 0.2918619946453371 1.5957691216057308 21.732171093586803 6.0830869874700575 28.05724221125066
3085 1743.2443920796366 5324.170376466537 214.91218097545377 52.94362732689468 1737 1748 5320 5328 81.0 3.4064481635648427 1.9484558122380256 -25.466136772645346 0.820260280055557 -0.11469694904088673 0.394084977606267 0.0 13.27862834970365 3.3752031 30.60837415265868 11.348470705504818 2.639534511113989 0.3412820993754538 5.077706251929807 72.47868282054533 17.960128958010035 26.749474269597656
3086 813.1251505521749 5326.917012184963 214.92048441459954 52.94954717869108 808 819 5322 5334 126.0 3.2864325476542757 2.3763877750318345 51.59149180342532 0.6907534260623939 -0.22443404640133807 0.6869905476725952 0.0 30.71493262247424 4.6405344 88.16603188632683 15.215875602753858 2.977939103552786 0.34668989617707463 6.333012368467128 143.49664287549103 24.140950565337157 26.007895647981833
3087 1139.8963332713963 5329.507401936586 214.91752951676986 52.94748666395907 1133 1146 5322 5337 179.0 2.8350255546939342 2.5623699975608947 -81.92334890767968 0.42790003530925247 -0.10121549402618799 1.7717569157890196 0.0 64.04773461858315 4.5671973 62.92239401418648 5.778190854420574 1.4 0.5420460408560791 7.54834217738561 58.190662365096884 9.251975430563668 26.98786674836939
3088 6061.931130178583 5332.446738280473 214.8734349967654 52.91624636387658 6055 6068 5323 5340 193.0 3.255797608856099 2.276127244035595 72.11274469643334 0.71502416824867 -0.23931444167934007 1.9692095456522065 0.0 71.93381849474716 4.5188055 74.36416245839551 5.492581873426229 1.4 0.544168727355012 7.837972188868215 83.20905526436005 8.815959587376268 26.59957352209321
3089 9548.505882522013 5324.980848858773 214.84233917004312 52.894055584718394 9548 9549 5324 5325 4.0 0.5776712114050864 0.31892382967011423 2.3955260802448546 0.8337875834555982 -0.0804107796458391 0.07774192748552339 0.0 0.07326507216317865 0.7364215 0.5089179264646057 1.776600041761364 2.497472289565381 0.28226834483135477 1.1283791670955126 1.117901131351506 2.8785175150115636 31.278991510818017
3090 3859.7712778976984 5332.3366116146535 214.89314270870153 52.93023206723201 3854 3864 5325 5338 112.0 2.633092009588908 2.2434961029604494 -80.53197894087225 0.5234789170366907 -0.2832131308625352 0.8265653706783137 0.0 20.835163352432772 5.4419723 20.575390904295883 10.883932048825127 1.9932584231813586 0.5051640261805704 5.970821321441846 45.44904500888471 17.550137797882535 27.256188094731492
3091 6113.503631379275 5349.796570354725 214.8727908737426 52.91601236613779 6100 6125 5328 5369 795.0 9.21208938585688 4.916981920137615 72.30488410995117 0.8456403210436402 -0.2752012956368159 1.6236520366811462 0.0 254.21896349510885 9.429543 372.98350431812776 21.066263364587417 2.1222971139480133 0.4313628782491558 15.907745268142609 392.4016729920428 33.76336939191805 24.915672874218604
3092 314.0 5329.069453700931 214.92493403242267 52.95272734165719 313 317 5329 5331 12.0 0.46627987156097356 0.28867513459481287 90.0 0.785310020215328 -0.2913498016227682 0.15022387715751448 0.0 -1.2305010017746507 1.8705792 7.126146992764541 3.38081561027828 4.262511618437313 -0.41315325962640853 1.9544100476116797 5.499331877904239 5.33288963779231 29.549225175975664
3093 3684.282338072727 5332.097395813716 214.8947161803254 52.931345195996514 3682 3687 5329 5334 28.0 1.6271538692890293 0.9707359665880898 46.4991538003125 0.8025497258374552 -0.17848053036476147 0.6524051178013182 0.0 8.33810486220813 2.018945 11.480577582288003 2.9472692151888142 1.4 0.3373485124936334 2.985410660720923 8.757979969143122 4.7333466477518416 29.043990131103783
3094 7752.991957546756 5337.708735444314 214.85825533487633 52.90553230014978 7743 7764 5329 5346 288.0 3.962413257541073 3.3672154463644492 16.298446772613644 0.5271228980834033 -0.405919051156011 1.759701303898662 0.0 74.09828721422531 6.5998864 91.74476082785075 11.652426708777682 1.8670130002675733 0.5175200824088126 9.574614729634384 100.53306042860714 18.6994588299756 26.394227741115262
3095 6995.383037552022 5336.056926418327 214.86504758616044 52.91033633309654 6991 7002 5331 5342 102.0 3.315425832669638 1.888089689608737 71.0281613278881 0.8220008029318433 -0.29250141346935954 0.3227264603767399 0.0 -0.7777150728530723 3.239395 5.027915726591513 10.013749124104297 2.789402253691899 0.14873556166123658 5.698035485213008 42.60407171591217 15.963254065385463 27.32637223233419
3096 1025.8006564402237 5334.854438950775 214.91849535128964 52.9482398698517 1022 1028 5332 5337 22.0 2.372966669032493 0.6514312405106193 -33.6234618944292 0.9615808569708424 -0.08523258560251781 0.27005450872136477 0.0 1.6759018030856867 1.5641879 6.1086903585197305 5.648505200074709 3.2267426807050197 0.38504923211519454 2.6462837142006137 4.150279269202354 9.340280959150416 29.854806697380692
3097 8727.426728099523 5341.387244907148 214.84950500132675 52.89936117219419 8703 8747 5333 5350 607.0 10.433615397995789 3.1521838655833276 -3.590207828913961 0.9532705098352551 -0.31572155079216613 1.6128619322849345 0.0 170.23698875002646 9.521566 191.36074872619463 15.234765741710365 1.5575369469245355 0.5012560082663045 13.900147514093545 206.29058757900683 24.22991522968218 25.613801467824675
3098 7881.0 5335.521418528741 214.85713382255838 52.90470725615403 7879 7881 5334 5337 8.0 0.7422102232463774 0.28867513459481287 90.0 0.9212631498673584 -0.3926770319147185 0.3087498676857377 0.0 -0.46575233406251637 1.0955904 2.6251953271994806 2.61213613104136 3.3552963641241265 -0.4651995411760428 1.5957691216057308 8.623086622017727 4.237787327249653 29.060843128081547
3099 9609.159205457989 5344.339963508786 214.84159322958865 52.89377454897291 9600 9618 5334 5354 300.0 3.7994414237651704 3.467095367689336 -58.334265812939464 0.40901501352084696 -0.41706492358643155 1.3526869447981344 0.0 66.22461087567083 6.6052775 96.2037674381074 13.288124614058619 2.1716756579771404 0.5353337747408567 9.772050238058398 92.08140087184711 21.334207947627906 26.489570205573017
3100 7022.898875015609 5337.1336591162135 214.86479015978372 52.91016734442189 7020 7025 5335 5339 22.0 1.76617498049471 1.1085194032127237 -41.12190083963869 0.7785049274393315 -0.050794400314814324 0.27809194088773975 0.0 2.139835187796764 1.4755868 34.50776004244531 6.587761811119138 3.3305992416018206 0.4611723660214293 2.6462837142006137 45.89295376913808 10.576262856481367 27.24563497319882
3101 7990.2045419799615 5338.704484533269 214.8561239025349 52.90403062504135 7989 7992 5336 5340 14.0 1.1590090662054078 0.7678957924051821 69.14236892248275 0.7490220114384369 -0.009233340782792015 0.428536452384856 0.0 2.926437766676005 1.6072757 15.899065540978736 5.688190886788223 3.067039022053037 0.3616151375064897 2.111004122822376 18.71526521891122 9.311022154338477 28.21951003501356
3102 834.6659679168129 5338.405404052515 214.9201703710925 52.94947244756622 834 836 5337 5340 11.0 1.0391656273215433 0.7252362240761606 -84.87232962016671 0.7161928427436222 0.0760602782521422 0.43048357182537006 0.0 3.3037179474235954 1.399784 8.773402523818865 4.125209728399623 2.6081589337207265 0.21115692747518142 1.8712051592547776 -1.2539139373421158 6.671489597373928 nan
3103 2256.9656343935962 5340.499897248676 214.90740778381297 52.94045376007936 2256 2259 5339 5343 18.0 1.3926191891684887 0.8148386433174313 -84.71208110333451 0.8109522637644784 -0.07307434299978467 0.23856568736097375 0.0 1.112228366753154 1.4694004 1.6417497697214014 2.3186766862049524 1.4 0.509740469677854 2.393653682408596 0.08942188856783345 3.7705041467987668 34.0213904054518
3104 1499.9528869958422 5343.3993589130305 214.91415765909295 52.94527575608158 1497 1503 5340 5346 42.0 1.7157925184021734 1.3248684700723716 -57.35566163511135 0.6354266496693388 0.00492303706858745 0.9735474365558617 0.0 16.02750322337429 2.5165787 18.618690156481875 3.6224064245308605 1.4 0.3661441812705108 3.656366395715726 14.119888920454608 5.796519282838141 28.525421799539036
3105 1609.3695665585028 5364.6900952352935 214.91295321862006 52.9446960036097 1577 1641 5345 5388 1920.0 12.409634536789875 6.6760040129399405 18.978642593631204 0.8429643485030562 -0.39507686328895036 3.4693323009320247 0.0 577.7606442628235 17.162262 854.9919535496326 36.35221469731367 2.290667997001059 0.5663137112109677 24.721548929484133 1096.9974627720133 58.13470819756032 23.79948594224232
3106 2985.114370991261 5348.500057277741 214.9008030211719 52.935873482631564 2981 2989 5345 5351 55.0 2.4318476273893204 1.6118556500371668 -5.894517001676187 0.7487866311271425 -0.09370510964745775 0.4058411862435559 0.0 7.3275614983712964 2.4015732 10.601226080211026 7.34082700271942 2.583719085397347 0.3968069739266856 4.1841419359420025 -9.34788710915668 11.792735950259587 nan
3107 1379.0179398191858 5351.913410170835 214.9151512843132 52.94608950551563 1368 1390 5346 5359 224.0 4.4922253501742615 2.388843696872589 -19.77839173638829 0.8468869960151444 -0.10144578192337253 1.0017977602990933 0.0 70.15152216360708 5.895687 72.84116634614082 10.40863736607773 1.8135069348823196 0.4666102993706796 8.444016491289505 71.08763681344077 16.844625798355032 26.770514807267404
3108 7020.737248774062 5349.802512932868 214.864676040612 52.91024940472499 7016 7025 5346 5352 52.0 2.1158369170390072 1.3260966721482341 26.006612652216106 0.7792219682050293 -0.08978077960426294 1.013833527542831 0.0 20.137256821399767 2.4109404 39.340043981242786 5.738521268491874 2.3889386489075535 0.3911020541254642 4.068428945128219 59.24787347412616 9.093538490069891 26.968318081861156
3109 9622.826140467087 5346.523553446756 214.84144809539575 52.89369947742448 9622 9624 5346 5347 5.0 0.7503942620504677 0.44541190915637496 21.971740397893367 0.8047819846443953 0.16650650008405393 0.2990792458737319 0.0 1.1198519011384136 0.8368943 5.254601314892709 2.9821164903451547 3.0839490744528866 0.1309708541198903 1.2615662610100802 2.1242161654251404 4.805716726010981 30.582003226186337
3110 1689.757260644865 5348.644546786602 214.91240221128945 52.94409901779132 1687 1691 5347 5350 17.0 1.0752328759985097 0.9897121898135571 34.39789400216212 0.39082947107437765 0.08662872390381335 0.7138857597754286 0.0 6.760062407389734 1.7136317 32.77513275853313 6.0108092207915025 3.325906109662202 0.32966375239522433 2.326213245840639 40.55952022581877 9.564891373994705 27.379767977167063
3111 8185.98022969962 5364.494220571034 214.8541019098781 52.902925876837095 8171 8200 5347 5380 660.0 7.295034283517971 3.388473078004014 53.27397859928679 0.8855781774298103 -0.33937370787784155 2.6424463671717886 0.0 231.78496372618457 11.14743 245.87409773063968 14.262982010696772 1.4940094588140769 0.6078779045770604 14.494292838262302 268.335165534177 22.840696745085946 25.32830602241365
3112 996.5429029897152 5350.415721357081 214.91859351457842 52.948509615299045 995 999 5349 5352 10.0 1.0667779578132754 0.49744449207594416 -61.01041174521015 0.8846237197435803 -0.015965195505790848 0.12006308159451631 0.0 0.6777332608643104 1.058348 0.6337016787515224 1.5082138916551027 1.4 0.38539579946717517 1.7841241161527712 -0.9980859965447876 2.436885930950739 nan
3113 6878.2735888131965 5353.780790096886 214.86590826040347 52.91117586611419 6874 6882 5350 5359 72.0 3.0473192079470808 1.629369487555767 57.03023936501401 0.8450486212681649 -0.11308201351050481 0.5717823958143446 0.0 9.867825914058713 2.6465497 15.203177149752442 4.360887554811766 1.4 0.4840708374905293 4.787307364817192 8.643822854437351 7.036234130756543 29.05823535520333
3114 2414.8246768172194 5353.859801624838 214.90585330149617 52.93952355331164 2412 2416 5352 5355 14.0 1.0046337318661578 0.7924813991349641 22.358223320853654 0.6146163371096608 0.013688332801499314 0.4730829210728447 0.0 3.6643733629372526 1.1718659 14.95299826173535 4.160146234606398 3.2764136408533227 0.3283461231354221 2.111004122822376 20.749888816832023 6.692782669282429 28.10746056501414
3115 2451.9572086089097 5355.585588194408 214.90550258393375 52.93929709511401 2449 2455 5352 5358 43.0 1.5914876803268725 1.4928287119415542 64.76021100756425 0.3466126948549576 -0.018299028419910927 0.7266384213124593 0.0 13.761816041525012 2.1164336 29.938531895590543 5.987110998939619 2.7014483867068098 0.3549350375288584 3.6996385101659595 35.74000052654183 9.58614704108265 27.517113613580257
3116 475.15443073477195 5354.208888453865 214.92322508918758 52.951840037968445 474 476 5353 5356 11.0 0.9876851550116922 0.7400748113640578 79.20694112492252 0.6622280443629533 0.2913870977480231 0.7144063250442966 0.0 5.282185078834724 1.3388969 8.587228713410648 3.4397036126827922 2.2200074544816273 0.17625313231907455 1.8712051592547776 17.44118758890106 5.446645374654724 28.296059867065583
3117 3220.342146458665 5357.700353409855 214.89859995578522 52.934429451420314 3215 3226 5353 5362 90.0 2.4209494913209264 1.8612046217547418 12.55063230865491 0.6394998967915979 -0.1891763754999559 0.8192124871049535 0.0 21.47210851272557 3.0226505 31.522899985943248 6.9277030439510785 2.299557643775117 0.45346698540906405 5.352372348458314 27.484733198883404 11.169878280012174 27.802271186204884
3118 2686.251277380328 5366.26861278526 214.9032919275233 52.93786708200998 2671 2700 5354 5379 561.0 4.1919562763185345 3.3925361231840685 -18.98796092508242 0.5874001624997088 -0.2728918662301289 8.272663183107785 0.0 393.1739904577248 7.7999325 395.17405264587444 7.704389335510746 1.4 0.7055611719900785 13.363077719938119 407.830393382273 12.464883587285332 24.87380102936217
3119 8478.18737661463 5358.910936214786 214.85154841949793 52.90103924055259 8474 8482 5355 5362 58.0 1.9744570658127183 1.9278241136146963 -7.780670553738143 0.2160518752966779 -0.09442684062645576 0.7201001206568106 0.0 20.593642870186894 3.0081317 84.26393202324729 10.580958173940358 3.1779225989522404 0.27799296107672755 4.296739856991561 110.41205270734613 16.886935284644178 26.292458789828096
3120 3048.8291033332766 5361.557239790193 214.9000949659378 52.93553936592266 3043 3055 5356 5367 109.0 2.748438395326289 2.2979230089332305 -57.233342490789006 0.5486027522716804 0.02574873605894236 1.1254362408228518 0.0 51.10978580367382 3.3926837 82.79175467335027 8.303699432014385 2.2945553698663597 0.3215187692264373 5.890312181373172 84.31234353659401 13.246797646207598 26.585272097323116
3121 6428.115495192305 5362.198908008654 214.86984592949614 52.914080825959665 6424 6433 5356 5367 91.0 3.0102183698527716 1.8756218220983278 -38.34537552584886 0.7821541538584765 -0.2752089029670741 0.7534676575883401 0.0 24.791072812766025 3.0774772 38.1902442116624 7.699057324178527 2.2982951247759567 0.37682485103501423 5.382025607773058 61.955843065602124 12.27525511848585 26.91979432243354
3122 4451.904067324663 5358.714281265933 214.88756473139577 52.926613970911184 4449 4455 5357 5361 30.0 1.8667246952427623 1.1803744836178443 1.0287126525372872 0.77470419587681 -0.0876789053727078 0.2813515383750941 0.0 3.308481581640975 2.1228552 4.973042260552767 3.603797419521872 1.4 0.3671116206024372 3.0901936161855166 2.9790509641662446 5.713184522268128 30.21480516755248
