outputs/dr0.5_c0.1/nircam1_f606w_dr0.5_c0.1.ecsv
# %ECSV 1.0
# ---
# datatype:
# - {name: label, datatype: int64}
# - {name: xcentroid, datatype: float64}
# - {name: ycentroid, datatype: float64}
# - {name: sky_centroid.ra, unit: deg, datatype: float64}
# - {name: sky_centroid.dec, unit: deg, datatype: float64}
# - {name: bbox_xmin, datatype: int64}
# - {name: bbox_xmax, datatype: int64}
# - {name: bbox_ymin, datatype: int64}
# - {name: bbox_ymax, datatype: int64}
# - {name: area, unit: pix2, datatype: float64}
# - {name: semimajor_sigma, unit: pix, datatype: float64}
# - {name: semiminor_sigma, unit: pix, datatype: float64}
# - {name: orientation, unit: deg, datatype: float64}
# - {name: eccentricity, datatype: float64}
# - {name: min_value, datatype: float64}
# - {name: max_value, datatype: float64}
# - {name: local_background, datatype: float64}
# - {name: segment_flux, datatype: float64}
# - {name: segment_fluxerr, datatype: float32}
# - {name: kron_flux, datatype: float64}
# - {name: kron_fluxerr, datatype: float64}
# - {name: kron_radius, unit: pix, datatype: float64}
# - {name: gini, datatype: float64}
# - {name: equivalent_radius, unit: pix, datatype: float64}
# - {name: kron4_2_flux, datatype: float64}
# - {name: kron4_2_fluxerr, datatype: float64}
# - {name: radius_kron20, unit: pix, datatype: float64}
# - {name: radius_kron50, unit: pix, datatype: float64}
# - {name: radius_kron80, unit: pix, datatype: float64}
# - {name: near_border, datatype: bool}
# meta:
#   PHOTMJSR: 0.3925000131130219
#   PIXAR_SR: 2.11539874851881e-14
#   __serialized_columns__:
#     area:
#       __class__: astropy.units.quantity.Quantity
#       unit: !astropy.units.Unit {unit: pix2}
#       value: !astropy.table.SerializedColumn {name: area}
#     eccentricity:
#       __class__: astropy.units.quantity.Quantity
#       unit: !astropy.units.Unit {unit: ''}
#       value: !astropy.table.SerializedColumn {name: eccentricity}
#     equivalent_radius:
#       __class__: astropy.units.quantity.Quantity
#       unit: !astropy.units.Unit {unit: pix}
#       value: !astropy.table.SerializedColumn {name: equivalent_radius}
#     kron_radius:
#       __class__: astropy.units.quantity.Quantity
#       unit: &id001 !astropy.units.Unit {unit: pix}
#       value: !astropy.table.SerializedColumn {name: kron_radius}
#     orientation:
#       __class__: astropy.units.quantity.Quantity
#       unit: &id002 !astropy.units.Unit {unit: deg}
#       value: !astropy.table.SerializedColumn {name: orientation}
#     radius_kron20:
#       __class__: astropy.units.quantity.Quantity
#       unit: *id001
#       value: !astropy.table.SerializedColumn {name: radius_kron20}
#     radius_kron50:
#       __class__: astropy.units.quantity.Quantity
#       unit: *id001
#       value: !astropy.table.SerializedColumn {name: radius_kron50}
#     radius_kron80:
#       __class__: astropy.units.quantity.Quantity
#       unit: *id001
#       value: !astropy.table.SerializedColumn {name: radius_kron80}
#     semimajor_sigma:
#       __class__: astropy.units.quantity.Quantity
#       unit: !astropy.units.Unit {unit: pix}
#       value: !astropy.table.SerializedColumn {name: semimajor_sigma}
#     semiminor_sigma:
#       __class__: astropy.units.quantity.Quantity
#       unit: !astropy.units.Unit {unit: pix}
#       value: !astropy.table.SerializedColumn {name: semiminor_sigma}
#     sky_centroid:
#       __class__: astropy.coordinates.sky_coordinate.SkyCoord
#       dec: !astropy.table.SerializedColumn
#         __class__: astropy.coordinates.angles.Latitude
#         unit: *id002
#         value: !astropy.table.SerializedColumn {name: sky_centroid.dec}
#       frame: icrs
#       ra: !astropy.table.SerializedColumn
#         __class__: astropy.coordinates.angles.Longitude
#         unit: *id002
#         value: !astropy.table.SerializedColumn {name: sky_centroid.ra}
#         wrap_angle: !astropy.coordinates.Angle
#           unit: *id002
#           value: 360.0
#       representation_type: spherical
#   astropy version: '5.1'
#   make_catalog parameters:
#     ab_zpt: 31.4
#     coadd_bands: !!python/tuple [f277w, f356w]
#     deblend_contrast: 0.001
#     deblend_nlevels: 32
#     deblend_npixels: 1
#     detect_kernel_fwhm: 4.0
#     detect_kernel_npix: 7
#     detect_npixels: 4
#     detect_threshold_nsigma: 3.0
#     flag_isolated_buffer: 4
#     hst_bands: !!python/tuple [f606w, f814w, f125w, f140w, f160w]
#     jwst_bands: !!python/tuple [f115w, f150w, f200w, f277w, f356w, f410m, f444w]
#     near_border_kernelsize: 21
#     reference_band: f200w
#   make_catalog version: 1.4.0
#   photutils version: 1.5.0
# schema: astropy-2.0
label xcentroid ycentroid sky_centroid.ra sky_centroid.dec bbox_xmin bbox_xmax bbox_ymin bbox_ymax area semimajor_sigma semiminor_sigma orientation eccentricity min_value max_value local_background segment_flux segment_fluxerr kron_flux kron_fluxerr kron_radius gini equivalent_radius kron4_2_flux kron4_2_fluxerr radius_kron20 radius_kron50 radius_kron80 near_border
[from data line 3301]
3302 764.4192134304741 3933.4440872851765 215.00795917565415 53.01466358723587 763 765 3933 3935 9.0 0.5944341938409006 0.370128744760539 45.45024557679341 0.7824947168361 -0.07398618321562496 0.12254073829974811 0.0 -0.00819959522811075 0.7725788 0.2538300381076506 0.7409227277368815 1.4 5.865038119601854 1.692568750643269 -0.43838859059589735 1.211664539483588 0.462015534673453 0.7400301566970602 0.9424522833386239 False
3303 1588.4612978508158 3936.901207625541 215.0005188599074 53.009456198476165 1585 1593 3933 3941 67.0 2.2586285025572153 1.7916879373427956 82.31083763155291 0.6088782704993966 -0.2799841772666 0.8804886271001046 0.0 19.16144544658326 2.3428223 24.822368423056083 5.048981983507845 1.9404045141058155 0.40901428343452284 4.61809077155419 26.673593343134463 8.11805965600436 1.6094281866532436 3.113654358162001 5.015626655527454 False
3304 2554.255108936592 3939.946639347784 214.99181154556763 53.00334699890113 2549 2562 3933 3946 89.0 4.748723245040565 1.5884379700730396 47.7036287343182 0.9423964943223743 -0.10952445095434306 0.7637959402507196 0.0 27.728400825516218 2.84887 71.18810808263055 7.181108510442298 1.974252115200268 0.35759260159189094 5.322553886092406 78.2348341783154 11.512856222270042 4.135200306622236 7.930452831681562 13.309432844249226 False
3305 8240.776052753541 3937.0073383309923 214.94081324923852 52.967250793999284 8238 8244 3933 3940 37.0 2.5218109088383622 1.2072011568565402 -48.06947945081816 0.8779763147031359 -0.2593678636370819 0.35348456179082005 0.0 4.600712671163043 1.5541893 8.24155626585948 2.7724283483065357 1.4 0.39243017836952554 3.431831258788849 6.761359382986081 4.44305418654656 2.2717648861713964 3.3231599249372934 4.364112686912453 False
3306 1841.8800037689668 3939.4959932741344 214.99821494526037 53.0078629479986 1835 1848 3934 3945 130.0 2.989701857695605 2.722535702775076 -28.939173875103076 0.41320538149683794 -0.32410305073222134 0.7543437726968899 0.0 30.216023795055023 3.279561 32.63369204805474 5.13134861982599 1.4 0.36473690329798314 6.432750982580687 16.37947368301094 8.194282912105951 2.327050444684341 3.980726114981797 5.34899580335021 False
3307 9360.682395760929 3940.335481205253 214.93073845845808 52.96016049334302 9357 9365 3937 3945 64.0 2.058333148514294 1.641624370241987 -80.86953897608413 0.6032523540076662 -0.20280877268299513 0.8996559643822729 0.0 20.25821642583917 2.7206426 63.169709341733274 8.816988660598335 3.0877344088783607 0.44162289225416057 4.51351666838205 107.25711938615564 14.01580377787789 2.7963982514325614 7.878669335735716 11.192242390401 False
3308 10121.757552457355 3937.515071916403 214.92394718316515 52.955314082385065 10121 10123 3937 3938 6.0 0.7334575315126639 0.49967277821935063 -1.0669178703227609 0.7320447090152139 0.2199426747559132 0.5505736601354103 0.0 2.538532302417111 0.7626819 9.003509361823038 2.60299789866119 3.2111105838019043 0.2050665477287359 1.381976597885342 12.26723039097138 4.118343302195344 1.0877237700435773 2.127173568875759 3.1052643522541197 False
3309 2999.318659087088 3950.3707744751077 214.98770472721637 53.00058025102712 2991 3009 3938 3963 352.0 5.838478662986699 3.338924097400713 -72.2594825421061 0.820335506263331 -0.28531960552578867 0.8539373777547615 0.0 78.36453931243841 4.837556 89.37836347215045 7.592499961517757 1.4997027868203594 0.43396733320632475 10.585134856802455 92.31157519099891 12.15758904211831 3.848459458602896 6.243422051026469 9.449367817330508 False
3310 6620.017185735444 3943.70904934617 214.9552782081482 52.97757276460911 6615 6625 3940 3949 86.0 3.0493667465027507 1.6933104815777584 46.26264445579103 0.8316507417636321 -0.20942405839419462 0.9249545539299981 0.0 22.676582694636128 2.6991825 42.09202855839938 7.2295170887778 2.4465172813660736 0.3940913745016428 5.232078956954491 54.462924219978035 11.604364564797994 2.4900202093798343 4.855725839775428 10.044187802517596 False
3311 8136.865781615812 3946.256109850787 214.94164748360302 52.967960235378584 8124 8150 3940 3952 248.0 6.928771045119767 2.8328628568429743 14.426536340164002 0.9125993473434413 -0.3347711323788449 0.7241402198192022 0.0 34.94964491418105 4.059049 107.79334052087322 14.495126749165797 2.8688205755894223 0.4415896746032758 8.884866446580956 165.27225519770826 23.335618856269022 7.788488541526699 16.173672716886433 25.5451240193627 False
3312 3039.1549645249925 3942.496461385074 214.98742999684507 53.000285003845036 3037 3041 3941 3945 17.0 1.1714109367804473 0.9972283228628019 5.558019626363729 0.5246706677407099 0.01313346072347404 0.4282913306991199 0.0 4.465501923611867 1.0714378 13.009883448181252 3.693316916920549 2.9460187037161476 0.2394357860725384 2.326213245840639 9.104202731335263 5.85273435385622 1.6520829310620997 3.145281642136909 4.374189886715949 False
3313 9166.910489912592 3956.2243446351144 214.932307911995 52.961476253997986 9158 9176 3941 3969 386.0 7.171163775004994 3.5024278563425204 72.3516870733376 0.8726174153484357 -0.5755515340064051 0.7593698217534076 0.0 39.28667797553295 5.731718 50.27154326845001 9.03400142489089 1.4 0.48667064710209895 11.084566571000565 50.43506405891286 14.42141039332418 4.327125245679668 8.064749225007885 12.02743335736408 False
3314 2419.064108315055 3943.630509789653 214.99298691636454 53.00422441245256 2418 2421 3942 3946 17.0 0.9307683501610737 0.4997336088256425 -69.11887916596095 0.8436431005652385 -0.2334141106021395 0.20614992681294056 0.0 0.04771672339992411 1.2023101 -0.01954448774398734 1.2435899410523925 1.4 0.11182895897429806 2.326213245840639 -0.6757016035607352 1.9934633177936165 2.3781039658765732 2.3819711858597525 2.385825576115491 False
3315 10343.201043840383 3954.6630898954654 214.9217821279869 52.954000893673644 10333 10352 3942 3968 375.0 3.62984657907216 2.4540576908888716 62.224107234212404 0.736830496346555 -0.3499964929234396 12.553754564275833 0.0 345.7498759544129 5.7782264 342.9067684944231 5.544774832672224 1.4 0.7335548343512763 10.925484305920792 362.21900460946904 8.872137915237737 1.4971324114619102 2.866879203078237 5.1832465136056785 False
3316 4309.62358921933 3950.844113761464 214.97593542644768 52.99227061747464 4299 4320 3943 3961 332.0 4.5576936415181875 3.8394333027067065 52.82046343043013 0.5388416693297976 -0.32611035503339086 0.7121934919419804 0.0 33.9110652529177 4.7848763 55.651605363388285 12.264059990085666 2.5078496878135543 0.5454568775513975 10.280023453913834 52.19281287389955 19.619657460559033 3.001380205342391 7.104332471112933 23.25554523220157 False
3317 3372.294289181184 3945.9916588494666 214.98440173729372 52.99819065746895 3370 3374 3944 3947 15.0 1.3811360330760125 0.7569270019866583 33.236100965766134 0.8364477562267835 -0.015382754790923438 0.4892550744667445 0.0 2.8809708447761424 0.9981684 6.553932511501618 1.6438319066186544 1.4 0.38644701441796087 2.1850968611841584 6.189736283004831 2.6615634836260518 1.3145847653725526 2.214095815029118 2.926615622333263 False
3318 3620.9403803772643 3946.3363353693717 214.98216558129684 52.99661520960371 3619 3623 3945 3948 13.0 1.204218951990716 0.7123817601353678 37.96161957192346 0.8062524509152301 0.017180436412340096 0.43133475886856304 0.0 3.4833302387549603 0.95970434 11.477843165441966 3.1073658349232667 2.819499646186475 0.2548229020133036 2.0342144725641096 22.45229708142863 4.9410197852277475 1.580979587327808 2.806946484249748 4.622055843072536 False
3319 3097.4489165136984 3950.0305717164606 214.98682711373422 52.99995594346164 3093 3101 3947 3954 52.0 2.553291999250325 1.3094229585591024 46.74585804538062 0.8584859177753968 -0.25716204507583734 0.30381780589930774 0.0 0.01582178494041911 1.8729545 14.213548583953173 8.15365654407336 3.808921079513081 9.670343014520796 4.068428945128219 16.928438341474948 12.940108544773436 7.234078241701861 8.59073839561973 12.544887389589928 False
3320 8480.0 3947.3751944414985 214.938559123826 52.96578844891662 8479 8480 3947 3948 4.0 0.5636993045059194 0.28867513459481287 90.0 0.8589208419071469 -0.1788667879007638 0.059593565718399986 0.0 -0.110657476857265 0.52913374 0.17775491796071483 0.6412105619515088 1.4 -1.0519063906015262 1.1283791670955126 0.007954522096119597 1.036586615146481 0.4679221416093882 0.8434201992727584 1.1952432318154058 False
3321 7129.164345833086 3953.623542024682 214.95060675338704 52.974395317585056 7124 7135 3948 3959 102.0 2.8940643975646663 2.2800465685539604 -62.22688346157487 0.6158857695147303 -0.35587656269247003 0.5027491760824938 0.0 9.013706860821928 2.640459 55.8997529273277 10.029952109411868 3.378516130486849 0.43138534301633863 5.698035485213008 66.87593671005354 16.144747479524217 7.0617819083025255 12.696420135866495 19.588242389027297 False
3322 2909.0756845960145 3952.001120904493 214.98849793732234 53.0011614938449 2907 2911 3950 3954 19.0 1.3196022098634335 0.9123429790159818 -14.773015080758634 0.7224939200997759 -0.13495451916887913 0.36560052766591766 0.0 2.59109491729867 1.1620109 3.5394971988679917 1.8068312793189083 1.4 0.40333770012792997 2.4592453796829674 1.8821652572824963 2.906132928026936 1.0231137152151177 1.8528642601825245 2.57464485092843 False
3323 4441.294445015552 3997.624769802699 214.97426043231002 52.99168803155781 4395 4483 3952 4044 6181.0 19.779152167649 16.263732250073602 57.36685340313161 0.5691027738941823 -0.5717787156343754 3.7494951616150427 0.0 368.5678739773098 20.587692 421.55511806467206 39.39736909306144 1.9449456518629922 0.6945038694639931 44.356210461467626 903.8710472734765 60.3163872064166 3.9502541295402835 9.756013759517966 29.12487235441304 False
3324 4469.031086108743 3956.663471350445 214.9744431909563 52.991290745495604 4466 4474 3952 3963 73.0 2.3987578397892624 1.5736870677194936 44.04810674974588 0.7547239564509638 -0.18997394695471487 0.3076124768015499 0.0 1.8992156455389553 2.162453 -0.9410074707371698 3.0259688539519147 1.4 0.7027792284334551 4.820437914901168 -4.100165027338299 4.771999502972262 6.381500916863586 6.47378087430043 6.5800052288378215 False
3325 6445.961229723687 3954.5969222722433 214.95672487145518 52.97873607641822 6444 6447 3952 3957 16.0 1.33766965764007 0.6604683338652089 69.94020848175224 0.8696064689377179 -0.2483205531032242 0.30894308462964537 0.0 1.7530899233978907 1.1495776 20.78572692459631 5.325225185403856 4.395638662110035 0.38935790945765447 2.256758334191025 28.039069118701853 8.534429011091367 4.645650964365691 6.627244014763291 8.153127759585788 False
3326 620.1024767735283 3957.271963388857 215.00900484046892 53.01570761323711 613 625 3953 3961 53.0 3.6415556858145717 1.1862344746402347 -40.37109069318596 0.9454561582639559 -0.31168686414231966 0.25822875206581614 0.0 -1.4688396241073252 1.9561605 -2.1169091205722683 3.540189527429205 1.4 -0.46207751292714055 4.1073621666150775 0.5934053232533727 5.66309631954306 2.389620136315706 7.8945972803749385 8.22336266349782 False
3327 3458.542406773428 3960.3290328953926 214.9834762018344 52.99772101661322 3448 3467 3953 3967 207.0 4.720197695738722 3.276986921773996 15.477298366398262 0.7197360458801133 -0.3106083070419462 0.452115885830677 0.0 12.736806292746548 3.8093772 67.30944197972389 15.558601275881145 3.451105625679371 0.48611899008010384 8.117274569709014 91.02460022192571 24.929388034009275 8.491534413790934 15.56920932535995 24.339453853561658 False
3328 3852.931808351555 3954.494323100939 214.97999675654538 52.99518759388668 3852 3855 3953 3956 14.0 1.199163020807395 0.74727285254489 52.156897923829774 0.7820927659518201 0.011915569675364054 0.6745020473714942 0.0 4.452172327646968 0.9890971 15.622504313560546 3.300418137882311 2.9601713553244053 0.3715705909768238 2.111004122822376 29.527531226545133 5.198021920340848 1.6155764224728144 3.256529831965752 5.503840564956785 False
3329 8036.413562061268 3957.7490956865418 214.94242708739412 52.96865984302243 8027 8047 3953 3963 184.0 5.148297514736838 2.1312195233344466 -0.18825877838551489 0.9102923971135717 -0.2332543639836109 1.5495389067756153 0.0 63.64671476546906 3.4638548 77.56902600309698 6.85881059107138 1.8109695508216708 0.39248602691445894 7.653039857325812 84.23357283096254 11.024662507732893 3.402687559494838 5.394571665424609 8.908244994184221 False
3330 8941.161187827258 3953.758301508353 214.93435754101728 52.96289585681306 8939 8943 3953 3955 12.0 1.0697939942243548 0.7002368696813986 -13.662036971440717 0.7560161165626438 -0.012903569457267028 0.4545583238546237 0.0 3.2229693509103954 0.9094232 10.389965818166655 2.848884164405054 2.88985655681232 0.2751468245610305 1.9544100476116797 13.695191936075833 4.572724536677824 1.353084629891813 2.7367109007348183 5.2968387216426365 False
3331 9374.215826220834 3957.4954522305834 214.9304363269773 52.96016723914907 9370 9378 3954 3961 63.0 2.2968140005489426 1.8742500739870183 79.15480932103073 0.5780212616891682 -0.3106801829863661 0.827101717394643 0.0 13.692715474692248 2.6892767 57.62894667049836 10.655851431481691 3.288881321309306 0.43917158838082365 4.478115991081385 98.73242980048872 16.862722758426287 3.987140680778988 10.578887440993968 13.654020965400525 False
3332 2932.258152925415 3956.731854055018 214.9882398892479 53.001040008958064 2931 2934 3955 3958 14.0 1.3411703309712006 0.5463093175249887 -21.923978108061977 0.9132775863927839 -0.2821971170266347 0.26151205082027384 0.0 0.06946997161412342 1.0106376 5.655577677050989 3.498576903524571 3.514042570750892 -0.6668608179132662 2.111004122822376 9.73886584552167 5.598382450014138 3.668371735863182 4.607678966919088 5.363275718890933 False
3333 6775.545111987699 3960.3625221463194 214.9537075666999 52.97667576911071 6770 6782 3956 3966 105.0 2.722082057808701 2.0400730695453673 -0.13698645194855313 0.6620573409254572 -0.27958591169502867 0.8050497080918315 0.0 15.344589954456387 3.1370332 70.89880261545585 10.173209124216811 3.48547116673363 0.526479773446319 5.781222885281108 127.09679639276634 16.22665599477302 4.362476513225649 10.932262943713187 17.055085733856437 False
3334 118.86910775938695 3983.382584849256 215.01323414377094 53.01902733602517 111 133 3957 4008 939.0 9.917490251262757 4.692070217514189 -89.22248365996289 0.8810030174910931 -0.34906062661400244 2.464798598220003 0.0 307.57559934541416 8.106382 532.4063518487596 18.528865158806536 2.3017077162004074 0.5226962218816261 17.288521716057144 709.7725569140609 29.71720026288604 5.770180887599889 13.305602440525261 24.080696850839423 False
3335 8469.856364736952 3957.8109287412963 214.9385400947913 52.96590918268049 8469 8471 3957 3959 6.0 0.657481771280271 0.5881461335815088 34.28891891152797 0.44698063180138903 0.10865822182830163 0.37551248479723964 0.0 1.6131647912392155 0.67081934 13.590662508271405 2.713731486439938 3.7063494674108037 0.25370688481453424 1.381976597885342 18.70036708106874 4.366662872294851 2.0917802310831974 3.643505559996337 4.6710587886873265 False
3336 3664.928384767415 3959.116257867164 214.98163593986263 52.996405222282256 3663 3666 3958 3961 14.0 1.0087654294972206 0.7017706901316398 -76.17928628269644 0.7183587744221818 -0.11712966922627754 0.6179122014844293 0.0 2.404220339901953 0.9759666 11.616783192559456 3.465128127267786 3.496860243383364 0.48252555076716597 2.111004122822376 15.176648609419008 5.501530561871236 1.9081676675529988 3.407123422322062 4.898186380712552 False
3337 866.812671411596 3960.8227081394357 215.00675048417585 53.01416224041911 866 868 3959 3962 11.0 1.2122832649445159 0.6137901185541673 -60.450100960181146 0.8623520377477036 -0.013730969107695858 0.3190830348778335 0.0 1.5591280776461138 1.0527936 4.614732126509408 1.7272092723473909 1.4 0.4140785992900789 1.8712051592547776 3.648098555328175 2.6976952220586212 1.4116526964245184 2.0988481816490983 2.7243002188902135 False
