outputs/dr0.5_c0.1/nircam1_matched_f606w_f277w_dr0.5_c0.1.ecsv
# %ECSV 1.0
# ---
# datatype:
# - {name: label, datatype: int64}
# - {name: xcentroid, datatype: float64}
# - {name: ycentroid, datatype: float64}
# - {name: sky_centroid.ra, unit: deg, datatype: float64}
# - {name: sky_centroid.dec, unit: deg, datatype: float64}
# - {name: bbox_xmin, datatype: int64}
# - {name: bbox_xmax, datatype: int64}
# - {name: bbox_ymin, datatype: int64}
# - {name: bbox_ymax, datatype: int64}
# - {name: area, unit: pix2, datatype: float64}
# - {name: semimajor_sigma, unit: pix, datatype: float64}
# - {name: semiminor_sigma, unit: pix, datatype: float64}
# - {name: orientation, unit: deg, datatype: float64}
# - {name: eccentricity, datatype: float64}
# - {name: min_value, datatype: float64}
# - {name: max_value, datatype: float64}
# - {name: local_background, datatype: float64}
# - {name: segment_flux, datatype: float64}
# - {name: segment_fluxerr, datatype: float32}
# - {name: kron_flux, datatype: float64}
# - {name: kron_fluxerr, datatype: float64}
# - {name: kron_radius, unit: pix, datatype: float64}
# - {name: gini, datatype: float64}
# - {name: equivalent_radius, unit: pix, datatype: float64}
# - {name: kron4_2_flux, datatype: float64}
# - {name: kron4_2_fluxerr, datatype: float64}
# - {name: kron4_2_mag, datatype: float64}
# meta:
#   PHOTMJSR: 0.3925000131130219
#   PIXAR_SR: 2.11539874851881e-14
#   __serialized_columns__:
#     area:
#       __class__: astropy.units.quantity.Quantity
#       unit: !astropy.units.Unit {unit: pix2}
#       value: !astropy.table.SerializedColumn {name: area}
#     eccentricity:
#       __class__: astropy.units.quantity.Quantity
#       unit: !astropy.units.Unit {unit: ''}
#       value: !astropy.table.SerializedColumn {name: eccentricity}
#     equivalent_radius:
#       __class__: astropy.units.quantity.Quantity
#       unit: !astropy.units.Unit {unit: pix}
#       value: !astropy.table.SerializedColumn {name: equivalent_radius}
#     kron_radius:
#       __class__: astropy.units.quantity.Quantity
#       unit: !astropy.units.Unit {unit: pix}
#       value: !astropy.table.SerializedColumn {name: kron_radius}
#     orientation:
#       __class__: astropy.units.quantity.Quantity
#       unit: &id001 !astropy.units.Unit {unit: deg}
#       value: !astropy.table.SerializedColumn {name: orientation}
#     semimajor_sigma:
#       __class__: astropy.units.quantity.Quantity
#       unit: !astropy.units.Unit {unit: pix}
#       value: !astropy.table.SerializedColumn {name: semimajor_sigma}
#     semiminor_sigma:
#       __class__: astropy.units.quantity.Quantity
#       unit: !astropy.units.Unit {unit: pix}
#       value: !astropy.table.SerializedColumn {name: semiminor_sigma}
#     sky_centroid:
#       __class__: astropy.coordinates.sky_coordinate.SkyCoord
#       dec: !astropy.table.SerializedColumn
#         __class__: astropy.coordinates.angles.Latitude
#         unit: *id001
#         value: !astropy.table.SerializedColumn {name: sky_centroid.dec}
#       frame: icrs
#       ra: !astropy.table.SerializedColumn
#         __class__: astropy.coordinates.angles.Longitude
#         unit: *id001
#         value: !astropy.table.SerializedColumn {name: sky_centroid.ra}
#         wrap_angle: !astropy.coordinates.Angle
#           unit: *id001
#           value: 360.0
#       representation_type: spherical
#   astropy version: '5.1'
#   kernelfile: kernel_f606w_f277w.fits
#   make_catalog parameters:
#     ab_zpt: 31.4
#     coadd_bands: !!python/tuple [f277w, f356w]
#     deblend_contrast: 0.001
#     deblend_nlevels: 32
#     deblend_npixels: 1
#     detect_kernel_fwhm: 4.0
#     detect_kernel_npix: 7
#     detect_npixels: 4
#     detect_threshold_nsigma: 3.0
#     flag_isolated_buffer: 4
#     hst_bands: !!python/tuple [f606w, f814w, f125w, f140w, f160w]
#     jwst_bands: !!python/tuple [f115w, f150w, f200w, f277w, f356w, f410m, f444w]
#     near_border_kernelsize: 21
#     reference_band: f200w
#   make_catalog version: 1.4.0
#   photutils version: 1.5.0
# schema: astropy-2.0
label xcentroid ycentroid sky_centroid.ra sky_centroid.dec bbox_xmin bbox_xmax bbox_ymin bbox_ymax area semimajor_sigma semiminor_sigma orientation eccentricity min_value max_value local_background segment_flux segment_fluxerr kron_flux kron_fluxerr kron_radius gini equivalent_radius kron4_2_flux kron4_2_fluxerr kron4_2_mag
[from data line 2158]
2159 9769.966427138737 2642.4342466773483 214.9407446230182 52.950554428439865 9765 9774 2638 2646 63.0 2.2250666281890052 1.526775512490313 -29.269505054930377 0.727440567109979 -0.053752980491501026 0.4564255882165013 0.0 12.462465770268551 1.9996237 20.945718998312802 4.9534353520389995 2.4354093595763198 0.3610738361572403 4.478115991081385 23.15864466768468 7.928450637607435 27.988217151930726
2160 3776.3008853619585 2654.0370658275797 214.99438949009073 52.98864573742362 3763 3788 2639 2668 569.0 5.30219685326237 3.437586259544247 55.080757290797536 0.7613573657385584 -0.1027412577757821 6.370322756711377 0.0 280.7681158084214 5.81105 305.18740924125217 7.735912796386906 1.6773268277374256 0.6468037925380897 13.458020851469092 349.56849131820076 12.425463047611192 25.04116929952866
2161 9219.56891974594 2641.4683769753733 214.9456882925718 52.954042392000325 9216 9223 2639 2644 38.0 1.7063431728439127 1.495109113874944 -50.304025502978796 0.4819357126476665 -0.05224638854453175 0.35672753315773026 0.0 6.4138191397071 1.5010821 14.132429401397397 5.666128814540791 3.153016496175562 0.28725804676843564 3.477898169151024 28.610026360600806 8.993453651934518 27.75870435511475
2162 1835.3195389822151 2659.8522054334658 215.01176031406231 53.000987079921416 1811 1862 2640 2677 1358.0 6.699438592906311 4.576284802699358 22.69839308007028 0.7303390508683851 -0.23136857347940532 7.103965600819924 0.0 418.8973456790803 10.026027 419.30571666983644 9.35168450394427 1.4 0.7652743056384105 20.790979424682902 457.63121066289125 14.95061902300021 24.74871091029477
2163 7452.370545733269 2641.014758061949 214.9615387510215 52.96525433688154 7452 7454 2640 2642 7.0 0.7987444240035412 0.6907072777930208 -82.69664878341587 0.5022175961949457 0.006922654703741702 0.056331312002337014 0.0 0.1954241571256196 0.6605812 0.4396752789333996 1.1426228528481293 1.4 0.4519855168865916 1.4927053303604616 0.09403293369587504 1.8338827930458965 33.96680003575082
2164 9838.33226235407 2643.8186424036753 214.940117297149 52.95012799595512 9834 9841 2640 2648 54.0 1.935688721268128 1.4087056945625727 -57.372203921726694 0.6858379917065456 -0.0591203347290021 1.0700472764429445 0.0 23.273378631198355 1.8825943 38.28419412109071 4.424585812598113 2.408548743277348 0.39272566332666525 4.145929793656026 45.760632172900216 7.162759983859749 27.248769961231105
2165 1880.2442485996237 2650.5163329113407 215.01145510664546 53.000651718691984 1873 1886 2641 2662 217.0 5.2456689853401 2.458442391138818 -70.27592217752186 0.8833779056656104 -0.13717581085635103 0.6356526932805551 0.0 47.59383133206302 4.084024 70.80448772590154 8.241512624509989 1.8788874309010966 0.3832225807871496 8.311031542587394 67.85582661753558 13.021814860801689 26.821032136436617
2166 10107.62052031086 2643.014497319506 214.93771233751337 52.948414487924786 10106 10109 2641 2645 16.0 1.0833372131758117 0.9806563333798962 85.14293402751461 0.4249475174944775 0.5492743429567979 1.3866526731242446 0.0 14.5111754811888 1.0909421 30.26562143724146 3.1713814707585537 2.5333226051824482 0.17222119669172656 2.256758334191025 27.79195091232922 5.101167021102197 27.790202414927688
2167 10089.208566144713 2649.07248059891 214.93781352924626 52.948564062006156 10082 10096 2642 2657 189.0 4.164146407261679 2.7420960844496864 -84.9226096575029 0.7525795340519112 -0.15438694694178348 0.54403900840125 0.0 33.2207659968618 3.7891414 38.57579491247336 6.11250853198602 1.4820766178159521 0.40127575061713155 7.756324418739616 38.70581686288134 9.821300745432753 27.430559406469786
2168 1558.051120139882 2649.46634862656 215.01436073296284 53.00268918371016 1553 1563 2643 2655 111.0 3.1641210820776586 2.225343887154959 86.38704121116793 0.7108876964793253 -0.16276627181358866 0.5059271980083657 0.0 30.919513724025645 2.5548246 52.81283949533572 6.08146290147373 2.1263068917310255 0.2559766768264138 5.944106103225343 61.358242206178396 9.888177864333866 26.93031772642425
2169 1763.0611452149362 2648.363625176898 215.0125305246067 53.00138318837778 1761 1767 2644 2651 44.0 1.680026676967224 1.287381242401305 68.334062990703 0.6424993961819551 -0.13214618942148804 0.34397854829178054 0.0 3.290841557483806 1.7358519 18.602954689049923 6.012794726558002 3.437913261199616 0.5190362707156491 3.742410318509555 25.938042166088593 9.611042072028877 27.865157020182018
2170 1222.949103838002 2664.5234875839765 215.01721288863695 53.00489552182023 1209 1238 2645 2685 853.0 9.72241044526809 3.986235269093481 59.284915145768785 0.9120833498507019 -0.11276168375031971 1.3428103497566972 0.0 270.1028051316663 7.082644 296.0574540181435 11.118314368370728 1.6649533341048233 0.5059179835110352 16.4778133535604 316.9145621581026 17.74144228306696 25.147644511525613
2171 6732.917649589324 2647.945085447612 214.96791909879877 52.969856717742665 6732 6734 2647 2649 9.0 0.8797344552714061 0.7088121285870417 -44.578755771520754 0.5923082391392107 0.07815907264173953 0.22397153384078233 0.0 1.580779512260532 0.7204958 7.834948762618905 2.7067178898685422 3.16822849104573 0.15362117262244093 1.692568750643269 7.486322766978134 4.37272926064912 29.21432863137362
2172 8271.148659777207 2647.8363195085235 214.95412424990695 52.96009559427817 8270 8272 2647 2649 9.0 0.8304197358289006 0.7089872063072173 -74.52328956454531 0.5206508468727546 0.032163096370820814 0.15092317418894186 0.0 0.7480996213398035 0.7340709 3.6538435468335226 2.676071632064082 3.183883348952266 0.2610726438379072 1.692568750643269 4.182926177415222 4.255008836922413 29.84629950004981
2173 8197.374077835733 2654.25541972836 214.95471814905838 52.960598424668255 8193 8202 2651 2658 64.0 2.163542279636226 1.8482341451659483 23.86981009728259 0.5198410388926854 0.06004584422547721 0.7394611295803322 0.0 22.629960270133257 1.9650526 36.68767389224552 4.64066237321286 2.161211760904363 0.2635680867840594 4.51351666838205 44.52109734974767 7.378945551799435 27.2785853494402
2174 1266.729086023736 2657.66214829237 215.01689182096106 53.004580812922214 1265 1269 2656 2660 16.0 1.0463410263402704 0.716561953919638 -71.11728548262444 0.7287062559904074 -0.07176356332408411 0.09605111319200749 0.0 0.43794192448344593 0.9480446 7.513565888787927 3.4346390960991973 3.7203098265763135 0.36996417882528426 2.256758334191025 11.701857449806429 5.5017707196576255 28.729362991750982
2175 6108.497248930814 2660.7962576412388 214.97338574002248 52.9738878275497 6104 6113 2657 2665 65.0 2.1381851807803716 1.9162029034747377 -28.38223170052655 0.4436867857827289 0.05982668232110915 0.633473012715148 0.0 18.510061860070365 2.2664657 44.429775891592634 7.123561170417695 2.927532650916413 0.2724929412231442 4.54864184146723 48.757907497998204 11.284003828299374 27.179887352259485
2176 2228.2090206126345 2661.256818938837 215.00821614424885 52.99850313375642 2224 2232 2658 2664 48.0 2.473930543618127 1.3743530001357391 -23.223898115975558 0.8314936944913116 0.055881747051382366 0.3925736472466012 0.0 12.261318674014111 1.7560447 45.251148431618546 6.280565055751456 3.1547989012880504 0.1902547832324916 3.9088200952233594 57.85867052598542 10.026090749903567 26.994078874432752
2177 3011.296909421042 2675.902578558622 215.00102846859699 52.993615971509676 2992 3033 2658 2695 996.0 11.511334370851543 5.099836774282467 38.0384855521691 0.8965080616332572 -0.32379458183752885 1.000200377111245 0.0 223.29993101895118 8.720483 259.1649437288121 13.033129734376708 1.4 0.38516287414668277 17.805522925178455 257.79660130703644 20.682180438293578 25.37180703129798
2178 3982.2343163547785 2660.2881552242707 214.9924747020371 52.98737332061907 3981 3984 2658 2661 12.0 1.0661913109022791 0.6977451458186571 -27.857520535531343 0.7561245683121429 0.03330199320876657 0.33928720608473006 0.0 1.8879514286282095 0.82640576 6.787038220756582 2.4287049197358668 2.6434691968116524 0.3739626863049067 1.9544100476116797 9.824899100282778 3.8790842023475287 28.91917975261427
2179 3830.3938497704153 2670.4689171793525 214.99373068151203 52.98839144830526 3819 3841 2662 2678 286.0 3.8685327493452455 2.563617863084323 -30.62848513437296 0.7488984255620554 -0.12524287684162766 2.1630710076105197 0.0 85.75886374017338 4.10137 98.88071027507681 6.4752474754442275 1.8997798176653022 0.5893516161961005 9.541311620975605 126.50763659877067 10.357168288210705 26.144708144074087
2180 9304.7097845495 2665.214827031511 214.94467492563334 52.95363028861164 9300 9307 2662 2669 50.0 2.109766670037085 1.3889293842319868 -34.96082387155516 0.7527266665533043 -0.038643534856917225 0.2705267700759385 0.0 3.949793615676338 1.7661413 14.781806210452572 5.7207619766425735 3.0522063297314186 0.5019391779417196 3.989422804014327 19.568836457809716 9.241924879564209 28.17108749065511
2181 nan nan nan nan 1606 1607 2666 2668 6.0 nan nan nan nan -0.09890080494533048 -0.04797225753482886 0.0 -0.41767552579891065 0.6603047 nan nan nan -0.17156914330857875 1.381976597885342 nan nan nan
2182 3300.9617641949344 2674.1990412310074 214.99844518603464 52.99176960485379 3292 3307 2666 2681 181.0 3.5408946814410114 2.6413822429909004 36.03361750476464 0.6659855470241943 -0.15455908960460116 0.3739449044983078 0.0 23.3218603250538 3.4155931 22.87707506876236 4.754821075954885 1.4 0.444466258869561 7.590394548326596 13.114486470688885 7.5480749315941305 28.60562177646839
2183 3759.120347089228 2667.5686906756077 214.9944011674235 52.9888278459669 3758 3761 2666 2668 9.0 1.006992966079868 0.48482085970599154 -6.580492586204668 0.8764713233502804 -0.06577614070081046 0.14343276340238179 0.0 0.626774895815401 0.70701605 11.071813181153306 2.8993564831877374 3.8919945596203522 0.32168887898121096 1.692568750643269 16.463740541367148 4.657123641406899 28.358678716867797
2184 10005.686449232086 2669.1301016675447 214.9383507707577 52.94920248895046 10003 10006 2666 2670 16.0 0.8067568270851864 0.2108400583165297 -57.94783657756227 0.9652460619917665 -0.20730748112959566 0.0903975933802262 0.0 -1.0806600795061914 1.0849313 0.8159484125654349 1.746580115281072 3.494820089948256 -0.4700611738535417 2.256758334191025 -0.6169455365506595 2.7866502444825954 nan
2185 3047.927186034821 2671.178768322059 215.000749286221 52.9933581181613 3046 3051 2667 2673 31.0 1.7086879441581 0.8900924236566216 -63.088264137538985 0.8536045380938597 -0.10768132880746173 0.23808071577554923 0.0 2.017094493037442 1.3286142 5.891381887242604 4.1698306909753455 3.1264259314280816 0.4702208233802058 3.141274657157109 6.143322406823566 6.769271393392952 29.428991729839552
2186 6136.412331749309 2669.338408426195 214.97304527809302 52.97375687694957 6133 6140 2667 2673 43.0 1.9345281531104404 1.4292600423150028 12.667368284742418 0.6739073784012001 0.15225632318855548 0.9211810909210002 0.0 23.05230726969995 1.797444 45.22159988322677 4.994636506875649 2.519285193806628 0.2203092996540931 3.6996385101659595 53.91877550383831 7.953517469301742 27.070649947986578
2187 8165.708181718543 2673.1388044625846 214.95480316162227 52.960901365241426 8156 8174 2667 2680 194.0 4.132285756068273 2.6238250528014277 -12.953187772860458 0.7725472237656773 -0.15213171432553846 0.7744301337934255 0.0 51.60250443471558 3.3782353 81.20478299171543 7.268230545077974 2.061658111140074 0.37248578113635705 7.858251581595959 98.18610020575869 11.609987771623203 26.419874972773123
2188 9562.400463462734 2672.231183419714 214.94229116083312 52.95203271256801 9557 9567 2668 2676 72.0 2.6048898795354662 1.664387607235495 -20.746705428346175 0.7692504301216729 -0.11498137735334261 0.37656206267399506 0.0 10.98652374632957 2.0821474 22.856318622378726 5.573192220107969 2.443861137975537 0.3345756168735271 4.787307364817192 29.673470946283715 9.004347920986184 27.719079126738016
2189 2001.7135764220711 2674.213915699251 215.01011419267152 53.00000953478617 1998 2006 2671 2679 58.0 2.568732059668997 1.6717282021991224 88.26429979937312 0.7592500831139939 -0.2441456895977723 0.17140669693878083 0.0 0.8367289843151888 2.0786664 9.890840336421306 12.723099811324348 5.12341513964718 0.3206676961917605 4.296739856991561 14.19777705058964 20.454056755314234 28.519449119717734
2190 3604.224564466402 2684.948443528622 214.9956088132846 52.989904242258966 3588 3619 2672 2697 611.0 6.559954038233753 4.81666897033066 23.339252868069288 0.6788754318208741 -0.21041546476163933 0.4007220975089449 0.0 51.62892428274378 6.1457944 54.8430103565762 8.659258721073527 1.4 0.5251187622814393 13.945871807036522 48.613523075301515 13.807010521109461 27.183107259969518
2191 1082.4456533043258 2677.150908909018 215.01834230485102 53.00585472761363 1078 1087 2673 2682 83.0 2.338199471029129 1.895206738332351 84.26387136869316 0.5856817805299711 -0.06098655560049985 0.4752673817507118 0.0 11.485607098169138 2.2559304 15.696842985770818 3.681109355677711 1.607454266065872 0.417148802262827 5.140011726956917 17.488032023908595 5.8239225497399465 28.293147650294877
2192 2409.928858270268 2686.5480235391665 215.00631737107622 52.99748742925233 2402 2419 2674 2698 351.0 4.651276895353535 3.216510820906027 -86.8312970610615 0.7223450017236723 -0.12924358983599565 1.6289779963904896 0.0 135.59174938501621 4.6524963 174.8709221317909 8.710248840103622 2.0678565445252537 0.49244840650933547 10.57008845991889 211.41611191579406 14.078419120828196 25.587154796007095
2193 2741.7476585568133 2679.5162425571816 215.00341118044682 52.995345032519786 2739 2745 2674 2684 48.0 3.0656166732895818 1.2150229657051708 -64.48799210858276 0.9181043085856628 -0.11031865883704471 0.24614574930800598 0.0 3.159000621974182 1.6728295 7.273611718738811 4.216176329650504 2.031784948417099 0.45860596965552924 3.9088200952233594 1.9396117768877135 6.761981428029969 30.68071296902453
2194 1446.4079917837553 2681.891006324555 215.0150221099123 53.00357244589699 1440 1455 2675 2688 168.0 3.6516851445051546 2.164239821617343 36.823233855256056 0.8054462760199145 -0.15116577348894578 1.5946522453001035 0.0 65.44997791609245 3.1288 77.52333950778774 4.392163772887682 1.4587421921329309 0.4645450689508691 7.312732791431452 76.6809020644719 6.998495882655196 26.688281966945873
2195 2527.154902013293 2677.1786426381104 215.0053631806272 52.99669334447465 2524 2529 2675 2680 22.0 1.4880840315990667 0.7148721865660771 10.06206580060656 0.8770507532426657 -0.10756733076665387 0.24292306469898997 0.0 1.7230736769090496 1.1748033 4.817343167150623 2.9955762229598815 2.6673702380827513 0.4190283266051471 2.6462837142006137 6.160772368567241 4.783150601108843 29.425912093623307
2196 2550.350401352255 2676.7946286986858 215.00515889048347 52.996544164131535 2549 2551 2675 2677 7.0 0.6464076306739398 0.4019510006814656 4.573320426460685 0.7831579722933124 -0.0971859338547329 0.0787511180838309 0.0 0.1171384007922148 0.6325566 0.2971803417166733 0.7521631170353841 1.4 0.2693032351110373 1.4927053303604616 0.005256212220108276 1.2280249270796968 37.098317771024924
2197 9299.200505673234 2677.9005686747046 214.94459067399464 52.95373376241272 9297 9302 2676 2680 24.0 1.4972711392493507 1.0460410695929696 11.664207023601078 0.7154814873565278 0.023682611233977906 0.3254398357257091 0.0 4.836433852344086 1.1867914 6.581774218393029 2.5017403430832856 1.85106602488893 0.2523748203590411 2.763953195770684 8.23708517032096 4.059750256281662 29.110566108620617
2198 3239.6241885069508 2686.2434368882596 214.99886907638086 52.9922237374979 3233 3245 2677 2696 165.0 4.707884541938854 2.631680964907243 61.98936751942692 0.8291714488645847 -0.14356579484088086 0.2693985640714183 0.0 12.801286737432498 3.0687125 62.505350381634216 12.409641098057905 3.2363987859764545 0.4106751459558634 7.247146419131151 87.62497927855594 19.952719293362374 26.5434301793167
