outputs/dr0.5_c0.1/nircam3_matched_f814w_f277w_dr0.5_c0.1.ecsv
# %ECSV 1.0
# ---
# datatype:
# - {name: label, datatype: int64}
# - {name: xcentroid, datatype: float64}
# - {name: ycentroid, datatype: float64}
# - {name: sky_centroid.ra, unit: deg, datatype: float64}
# - {name: sky_centroid.dec, unit: deg, datatype: float64}
# - {name: bbox_xmin, datatype: int64}
# - {name: bbox_xmax, datatype: int64}
# - {name: bbox_ymin, datatype: int64}
# - {name: bbox_ymax, datatype: int64}
# - {name: area, unit: pix2, datatype: float64}
# - {name: semimajor_sigma, unit: pix, datatype: float64}
# - {name: semiminor_sigma, unit: pix, datatype: float64}
# - {name: orientation, unit: deg, datatype: float64}
# - {name: eccentricity, datatype: float64}
# - {name: min_value, datatype: float64}
# - {name: max_value, datatype: float64}
# - {name: local_background, datatype: float64}
# - {name: segment_flux, datatype: float64}
# - {name: segment_fluxerr, datatype: float32}
# - {name: kron_flux, datatype: float64}
# - {name: kron_fluxerr, datatype: float64}
# - {name: kron_radius, unit: pix, datatype: float64}
# - {name: gini, datatype: float64}
# - {name: equivalent_radius, unit: pix, datatype: float64}
# - {name: kron4_2_flux, datatype: float64}
# - {name: kron4_2_fluxerr, datatype: float64}
# - {name: kron4_2_mag, datatype: float64}
# meta:
#   PHOTMJSR: 0.3925000131130219
#   PIXAR_SR: 2.11539874851881e-14
#   __serialized_columns__:
#     area:
#       __class__: astropy.units.quantity.Quantity
#       unit: !astropy.units.Unit {unit: pix2}
#       value: !astropy.table.SerializedColumn {name: area}
#     eccentricity:
#       __class__: astropy.units.quantity.Quantity
#       unit: !astropy.units.Unit {unit: ''}
#       value: !astropy.table.SerializedColumn {name: eccentricity}
#     equivalent_radius:
#       __class__: astropy.units.quantity.Quantity
#       unit: !astropy.units.Unit {unit: pix}
#       value: !astropy.table.SerializedColumn {name: equivalent_radius}
#     kron_radius:
#       __class__: astropy.units.quantity.Quantity
#       unit: !astropy.units.Unit {unit: pix}
#       value: !astropy.table.SerializedColumn {name: kron_radius}
#     orientation:
#       __class__: astropy.units.quantity.Quantity
#       unit: &id001 !astropy.units.Unit {unit: deg}
#       value: !astropy.table.SerializedColumn {name: orientation}
#     semimajor_sigma:
#       __class__: astropy.units.quantity.Quantity
#       unit: !astropy.units.Unit {unit: pix}
#       value: !astropy.table.SerializedColumn {name: semimajor_sigma}
#     semiminor_sigma:
#       __class__: astropy.units.quantity.Quantity
#       unit: !astropy.units.Unit {unit: pix}
#       value: !astropy.table.SerializedColumn {name: semiminor_sigma}
#     sky_centroid:
#       __class__: astropy.coordinates.sky_coordinate.SkyCoord
#       dec: !astropy.table.SerializedColumn
#         __class__: astropy.coordinates.angles.Latitude
#         unit: *id001
#         value: !astropy.table.SerializedColumn {name: sky_centroid.dec}
#       frame: icrs
#       ra: !astropy.table.SerializedColumn
#         __class__: astropy.coordinates.angles.Longitude
#         unit: *id001
#         value: !astropy.table.SerializedColumn {name: sky_centroid.ra}
#         wrap_angle: !astropy.coordinates.Angle
#           unit: *id001
#           value: 360.0
#       representation_type: spherical
#   astropy version: '5.1'
#   kernelfile: kernel_f814w_f277w.fits
#   make_catalog parameters:
#     ab_zpt: 31.4
#     coadd_bands: !!python/tuple [f277w, f356w]
#     deblend_contrast: 0.001
#     deblend_nlevels: 32
#     deblend_npixels: 1
#     detect_kernel_fwhm: 4.0
#     detect_kernel_npix: 7
#     detect_npixels: 4
#     detect_threshold_nsigma: 3.0
#     flag_isolated_buffer: 4
#     hst_bands: !!python/tuple [f606w, f814w, f125w, f140w, f160w]
#     jwst_bands: !!python/tuple [f115w, f150w, f200w, f277w, f356w, f410m, f444w]
#     near_border_kernelsize: 21
#     reference_band: f200w
#   make_catalog version: 1.4.0
#   photutils version: 1.5.0
# schema: astropy-2.0
label xcentroid ycentroid sky_centroid.ra sky_centroid.dec bbox_xmin bbox_xmax bbox_ymin bbox_ymax area semimajor_sigma semiminor_sigma orientation eccentricity min_value max_value local_background segment_flux segment_fluxerr kron_flux kron_fluxerr kron_radius gini equivalent_radius kron4_2_flux kron4_2_fluxerr kron4_2_mag
[from data line 4869]
4870 2829.6157285292143 4036.957354682144 214.8074809727512 52.87503749022897 2814 2844 4029 4049 328.0 4.960162074803058 4.118025178916349 -17.155044579636524 0.5574360459866321 -0.1986118645239396 1.8603178930059758 0.0 162.04712126032103 6.7495027 316.83883158445315 17.65887705381787 2.4444802421607243 0.38305604907355295 10.217907939900583 436.7165029064097 28.86741182590573 24.799500990967374
4871 2783.1132127283486 4040.2170378477795 214.80786180393906 52.875350664801545 2780 2785 4038 4044 23.0 2.239476081452681 0.8621300001885419 -42.64777542960097 0.9229292928778278 -0.10275089932698227 0.2961653486264487 0.0 1.965826190899729 1.7555171 24.240697679200093 7.623025745643283 3.348294678780487 0.5296033648040744 2.7057581899030048 31.627763847430813 12.202364750206932 27.649828781438313
4872 7032.977796137079 4019.137817029721 214.77016534816076 52.84821535483493 7007 7056 3996 4043 1477.0 11.888607400471592 9.019614820141895 -40.01779293591548 0.6514667888327237 -0.3529222655903532 0.8584101051141895 0.0 306.85910215935695 15.005558 398.74429176833587 29.02217732567042 1.6267033741563044 0.4057246832443574 21.68279737242081 398.2565470189664 46.34408808623144 24.899592690035917
4873 7048.2175225952415 4033.6137233579498 214.76987702120985 52.8481963884234 7033 7060 4017 4051 522.0 7.298350171480192 4.122103720449385 -57.791415150548254 0.8252282409964121 -0.3145918269530626 1.1298170616175855 0.0 153.28179365084173 8.830972 184.51773519366338 13.724178461953354 1.5303197021107242 0.4595002433731334 12.890219570974683 184.56831920543405 22.511639040755497 25.734607106799505
4874 7028.426759813657 4048.875454759321 214.76989277487257 52.84840443670849 7018 7039 4041 4057 265.0 4.418785862469015 3.375808664135982 25.146744906945518 0.6452547573687881 -0.21641860902701884 1.1502661994466719 0.0 90.66098846625145 6.2467003 103.37080679054236 9.06509573477239 1.4 0.41881018685597765 9.18434101276213 92.83087320545704 14.857262672780866 26.480768910936415
4875 7045.140017592424 4053.406134614165 214.76969603704092 52.848322543174675 7037 7051 4050 4058 92.0 3.8375809018090474 2.20218890767216 10.884796451950304 0.8189616834298009 -0.4578576227290918 0.5305944015380603 0.0 -1.5622642909834077 3.6707385 13.008972383426537 9.252606928390964 1.8432510656084762 -0.5467342981326174 5.4115163798060095 4.3907024578449745 14.7367879023237 29.793664981193928
4876 9074.950004752613 4009.5560324488697 214.7520639844939 52.83517609675926 9072 9081 4004 4015 61.0 2.704681692668431 1.6155951949760705 -88.89791212487557 0.80199344077947 -0.15265334533937333 0.4265486951514383 0.0 4.8694748215354355 2.6248596 37.197517219898366 10.806366920748046 3.7084220139742103 0.5789149268343236 4.406461512053774 83.70426221309208 17.174632096692466 26.593131068024675
4877 9067.826229439348 4012.008648822149 214.75210164227653 52.8352346148839 9065 9069 4010 4015 21.0 2.043644536880298 0.6549756453124949 -46.795747747842675 0.9472505731373736 -0.11770751214540623 0.20538217734183875 0.0 0.11904985917756576 1.5314559 27.942486366410535 7.155401269510777 4.226536324476463 1.6284552058173867 2.5854414729132054 46.59642328214359 11.194503912472511 27.229118545637874
4878 9071.305737796833 4015.8494944785502 214.7520301923871 52.83523315867226 9066 9077 4012 4022 71.0 2.9395890353676863 1.9385794260507316 -10.375175891730631 0.7517283021702627 -0.06603895028784487 0.3693229418260671 0.0 8.74265486918446 2.8062615 52.9672376014796 11.71055300573176 3.556698769744669 0.3706148948193628 4.753945931439391 97.11059500239017 19.076030854113284 26.431833462303743
4879 9062.5823117409 4021.7404194746173 214.7520459012486 52.83532036224264 9059 9070 4019 4027 71.0 2.5461788237138743 1.7278050996601646 -11.69858133194775 0.7345195824738948 -0.22186395907102793 0.3503414835583597 0.0 7.806611173454499 2.77082 20.97671716757896 7.320104231560487 2.596798815030215 0.3955060066974993 4.753945931439391 46.83786788568318 12.125528333506756 27.22350720685133
4880 9061.43342635944 4029.761817861666 214.7519716770448 52.835370853205795 9054 9064 4024 4035 73.0 3.1742921342839745 1.5044750371689741 68.37601907615337 0.8805484882023159 -0.26416723108498436 0.2831446910698175 0.0 1.89910781830156 2.8715322 7.93617268786662 5.3584074923994045 1.8735038996588782 0.5291338176081865 4.820437914901168 10.973314188374994 8.97206420950535 28.79915546471278
4881 9047.815256093607 4035.370261992708 214.75203397952424 52.83548767170287 9046 9051 4031 4039 33.0 2.276505730620634 1.0586776558750042 -61.787759622823074 0.8852870315380483 -0.1762007348143657 0.21641437246187578 0.0 1.0579316558252112 1.9311448 -3.581489507609494 3.264065990561466 1.4 0.44768302420786804 3.2410224072142872 -4.555735608148215 5.18534761162705 nan
4882 9054.85784904216 4035.445037398282 214.75197043248593 52.83544327606297 9052 9062 4030 4042 93.0 2.9408020397455275 1.9411916560233586 65.17520752412462 0.7511872286058873 -0.2685625786512627 0.4024764493542268 0.0 3.198636309683589 3.1822233 3.336802802367601 4.789333712012995 1.4 0.7080655665774023 5.440847306724618 3.712004948405441 7.246305361257907 29.97597863375703
4883 9046.06454931436 4043.442416879743 214.75196458367444 52.83554226411335 9043 9050 4040 4046 40.0 2.624429859353715 0.9260441165150884 -37.89908244060926 0.9356778836714432 -0.19160921928172162 0.28063893917329646 0.0 1.7819414894648073 2.1963856 45.80402003015182 10.503485319717436 4.765260790471177 0.48954094618381006 3.5682482323055424 75.33296405450861 17.141850541546624 26.707537361147985
4884 9053.525224599995 4045.1520665371345 214.75188009619708 52.835504010255804 9050 9056 4042 4048 25.0 1.781018784341634 0.7422950131146105 -46.6100330130041 0.9090068721387167 -0.18634901876051313 0.33376499936875814 0.0 3.52075989503365 1.7049044 4.074519877951389 2.4104826960085455 1.4 0.3606184070635223 2.8209479177387813 3.071245692306179 3.721713437720415 30.18171359911968
4885 9040.275067993463 4050.6224331367152 214.75194057299586 52.83561774451697 9038 9042 4046 4053 29.0 1.4660353223325449 1.0908264583064546 82.04588933736001 0.6681065605303267 -0.15360748619206044 0.27413209425111923 0.0 3.2548399933330985 1.8291612 15.588455469298115 6.938025909290987 3.7876341675450247 0.4063685114159195 3.0382538898732494 37.26002454886602 10.981289176308277 27.471892158259024
4886 9041.923950781274 4058.213855972346 214.75184594348107 52.83564812392881 9035 9050 4052 4067 148.0 3.6925496387617587 3.108490976246454 -75.18250750044287 0.5397461792994267 -0.3208347939860711 0.3910772769419591 0.0 8.775483535835022 4.0518284 49.53116261693437 14.790985823847047 3.1974340990243504 0.46802854016243395 6.863662517577698 124.6550614564917 24.303975742238954 26.16072520710033
4887 9031.374018595927 4062.366614926393 214.75189623144817 52.83573758868808 9029 9035 4061 4064 15.0 1.603068006309383 0.7170730551360504 11.349528113084787 0.894377514282294 -0.05526535264094173 0.3071542881121035 0.0 1.1449139073668646 1.3000013 4.623730598435802 2.1632100281359263 1.4 0.5005082263798499 2.1850968611841584 5.289966822311445 3.4920638609275207 29.59136762942633
4888 9032.319470621787 4074.6782345988745 214.75175816765994 52.835797853510876 9022 9044 4062 4088 340.0 6.272800539221491 3.7461436853268335 -50.72070194040117 0.8020891348330665 -0.34821831921841334 0.4166530468850455 0.0 30.022920307492875 6.167632 111.12418962638355 20.98063517935665 3.0517500563971867 0.41137086816562984 10.403141895720198 279.4651637174065 34.471874038315306 25.284180801717728
4889 9022.675422403043 4094.4560670933915 214.75163585374466 52.835965672458194 9011 9031 4088 4101 185.0 5.498579201190612 2.4519915234979033 -0.1369792408443653 0.8950669231089492 -0.34173201422460103 0.4754956196984395 0.0 9.351174173720771 4.5580277 33.14607736132214 14.421897691879362 2.7380389750041747 0.5087924000553368 7.673807981960539 89.35562638292875 23.529374656978398 26.52219524107636
4890 9013.843199512952 4102.098672836777 214.7516340866813 52.836062998186556 9008 9019 4095 4107 94.0 2.790797362557664 2.176267558020136 69.73405749122749 0.6260270366035047 -0.26290279777850284 0.2980289673274356 0.0 2.8388088729153846 3.1905665 85.40194250707836 17.14589617694185 4.7510166598764885 0.41513574140072673 5.4700209598571305 199.72776450626296 27.681179291023863 25.648903897240817
4891 9007.718863717899 4105.0614621988025 214.75165746606532 52.83611790542982 9006 9011 4103 4107 21.0 1.8046061309115065 0.8365929364003002 51.477072996227925 0.8860511174514152 -0.024874127265708767 0.17778850486031353 0.0 1.946842262702784 1.5566211 15.343525841905095 5.741749710814535 3.1672520578901584 0.3048507429782741 2.5854414729132054 29.857585865918644 9.190368216130917 27.712363275142266
4892 6554.260973853952 4047.4279404834288 214.7741363167801 52.85141211702462 6521 6585 4023 4075 2199.0 10.538729041090704 7.6802605942118705 24.676497519642368 0.6847635063705316 -0.4418845630701808 7.292679651903876 0.0 1478.2914009473297 19.574982 1665.6126392680667 29.568900310406512 1.7668066809515253 0.5764404119294204 26.456822177241087 1830.6468321656705 47.127401482325595 23.243488578944806
4893 6524.044950951908 4108.49138584699 214.77376273123997 52.85193312354796 6474 6578 4044 4172 9281.0 16.15844194532558 12.717432369555725 -74.01025486163087 0.6168946868283997 -0.5427206793720131 56.5339678154218 0.0 12763.95349553425 40.72464 12649.436524562778 37.57713066835506 1.4 0.7409687486245208 54.35286610356221 13145.64554794041 60.28511114111966 21.10304520494684
4894 6475.346310259255 4111.6972166418855 214.7741632689396 52.85226008198937 6471 6480 4104 4118 100.0 3.589300742843917 1.645899473553908 87.87923446615612 0.8886649266340677 -0.32201304401269826 0.5518430938330255 0.0 13.478658011091516 4.2649364 67.82187848137991 16.389209567027585 3.5939515284398498 0.4697639718340045 5.641895835477563 85.72218686753011 26.19162808511947 26.567266895394162
4895 2070.4888722212672 4040.3883433475494 214.81422284851865 52.87988146349136 2053 2089 4034 4047 312.0 8.89740525587441 2.7714413574630616 -16.182321530216807 0.9502498505676299 -0.5946129957318322 0.6065327319575983 0.0 47.730343079089366 7.3850126 126.36342391336775 23.479519329726735 2.5333402602308777 0.4312180510520665 9.965574970333758 116.65329996321687 37.73043232977515 26.232757427740417
4896 2047.3211606423147 4048.32113510012 214.81434617557073 52.88007147548714 2041 2054 4042 4052 103.0 2.991357852969182 2.2635502174872366 -14.866622358121898 0.6537662470294937 -0.20122736156700313 1.0251473477986315 0.0 32.78827849564803 4.2267385 57.15859398334006 11.553499495674483 2.3960582983707024 0.4128910020340861 5.725898905580716 75.14466830652513 18.45630624684475 26.710254570533646
4897 9451.551262020886 4053.3448208274617 214.748247054121 52.833016198363445 9442 9462 4043 4068 343.0 4.552939974454851 4.22896995348983 85.74250587185863 0.37047164740919214 -0.2020172026644012 1.1130356761112423 0.0 117.59635388073835 6.1949334 167.91615962008981 12.50911019379189 1.9327785186743611 0.37537814506539974 10.448937312523231 120.79262914203257 20.038781004033115 26.194898914713697
4898 9455.622312920863 4072.4034101027178 214.748010100925 52.833092895656556 9453 9458 4069 4075 27.0 2.270477929855664 0.9202006121563894 50.780693230551556 0.9141884441623082 -0.027499876769683074 0.4886692792424246 0.0 7.230572098536682 1.7222157 16.71056372962652 5.670908045724684 2.686189004692236 0.28649826017830826 2.9316150714175193 10.772079704900989 9.122196298540285 28.819251104529283
4899 6400.552226178433 4066.6559900392804 214.77530462806513 52.85249315455029 6386 6413 4058 4079 383.0 6.572439829600999 4.760521550461026 5.089425921893003 0.6894684357148494 -0.3813000899636071 0.6610526162825863 0.0 68.32528532807457 8.4387455 156.89433739301361 21.132205460888095 1.9758502337605897 0.40462162267194746 11.041407809169618 86.73698049148109 33.71312473382267 26.55448925171881
4900 6425.240502634944 4068.5921612996563 214.7750640604151 52.852346581635956 6414 6435 4058 4080 263.0 5.526652597477936 2.499971932706877 -45.299782769816694 0.8918413599430773 -0.3071177000588007 2.049930172530685 0.0 134.87392409213828 6.9912233 144.8883202303506 9.923184439844462 1.4 0.43899977454941186 9.149617481968136 138.87031001863056 15.939334949667343 26.04347648740803
4901 6414.270566942489 4081.9174042886843 214.77502156650132 52.85248810589662 6405 6424 4072 4092 237.0 3.798697816953174 3.1595930138956767 -57.063561349314405 0.5551400777133936 -0.26481547006863837 3.170020800198041 0.0 185.76785597998156 6.645113 199.36933215966894 8.611547299934793 1.5466174524383578 0.4568860800737119 8.685588237163813 211.30465797649634 15.372842912899719 25.58772732325667
4902 6408.582892701578 4089.928147650178 214.7749879302187 52.852567417392024 6402 6416 4083 4097 122.0 3.344311733645002 1.6795001477143419 56.506630307122514 0.864753794920825 -0.5236494365695351 1.516101017959744 0.0 51.46016530965934 4.7841554 56.10634374097114 6.397876749813879 1.4 0.5123203169799441 6.231677632421503 60.811764837346466 10.259426592211144 26.940030981519335
4903 2143.277512108695 4086.1452946290497 214.8130909288533 52.879665368670565 2133 2151 4077 4096 205.0 4.763672003477644 2.550759862932139 49.56399839932811 0.8445600496597832 -0.3120995422754074 1.0929686787710835 0.0 56.42412869360881 5.935886 88.11861766579244 13.034654418088165 2.0244894455008033 0.4257135832756453 8.07796550300118 105.093874512736 21.009732056606236 26.346056491157846
4904 2133.348241031313 4093.978086287497 214.81309709073165 52.879770693442765 2121 2149 4076 4106 554.0 6.7703175227827 4.243875432536398 58.2516827801645 0.7791516182854727 -0.5189596152661893 2.5979268379366984 0.0 227.5634715536434 9.89672 279.7764512679855 17.34203577266747 1.7224432308664346 0.4822456391704757 13.279445656570912 307.4571744899321 27.633591805964926 25.180538420680435
4905 3538.616681073356 4085.927021053042 214.80063612407233 52.870794126734175 3533 3543 4080 4092 108.0 3.1607818085433923 2.2512471881610705 53.599239268074854 0.7019321872929558 0.05803804599770564 0.9754505046461047 0.0 47.363628058989946 3.963653 93.53342041561538 11.827840082007427 2.685182912702515 0.26168110058088834 5.863230142835039 117.5026080947911 18.87502390567894 26.22488123414858
4906 3524.1960110875943 4092.382451137601 214.80069685074315 52.870920584855355 3519 3531 4087 4097 96.0 2.123469310655178 2.078668473246606 11.468606672943823 0.20433004062714777 -0.11841608036833162 1.8217934108775777 0.0 47.618620959873866 3.6462185 90.7849921307332 8.641048851732714 2.537768444101717 0.4946595937721263 5.527906391541368 106.58480501373904 13.920703744309689 26.330761762407178
4907 3540.938183001742 4109.005489031035 214.80037233486647 52.87090370890257 3521 3559 4092 4126 976.0 8.234788366945285 5.329973874531273 34.60712708369542 0.7622770629855726 -0.3107697272277825 6.055441680498677 0.0 656.8263275751136 11.728803 701.2293003978104 15.092941430029468 1.4 0.5198089469019347 17.625846048215095 742.0290141583595 24.227399016701238 24.223947782481275
4908 3538.967274831505 4124.287196489554 214.80022897548932 52.870998572448165 3531 3548 4120 4132 159.0 3.1541663395807498 2.5518655346084094 23.035295540553964 0.5877453822882285 -0.30266613687025445 0.9652803810849028 0.0 45.6495255566199 4.629388 62.16834434886828 8.060385656480362 1.7695849510622153 0.4579194931624096 7.1141599576634995 59.51639508530329 13.054769885971226 26.963408454827054
4909 1350.1312534794401 4114.807978763556 214.8198722240161 52.8848612341659 1314 1384 4087 4141 1980.0 17.806371488028265 7.781392669329611 34.98062155112872 0.8994612783104403 -0.5044557030080232 0.4812497038016194 0.0 10.46641310206747 15.366928 15.635630350055372 25.68785741452782 1.4 0.3913535977465911 25.104851615652017 -157.33055767035427 42.960523122538255 nan
