outputs/dr0.5_c0.1/nircam2_detect_f277w_f356w__dr0.5_c0.1.ecsv
# %ECSV 1.0
# ---
# datatype:
# - {name: label, datatype: int64}
# - {name: xcentroid, datatype: float64}
# - {name: ycentroid, datatype: float64}
# - {name: sky_centroid.ra, unit: deg, datatype: float64}
# - {name: sky_centroid.dec, unit: deg, datatype: float64}
# - {name: bbox_xmin, datatype: int64}
# - {name: bbox_xmax, datatype: int64}
# - {name: bbox_ymin, datatype: int64}
# - {name: bbox_ymax, datatype: int64}
# - {name: area, unit: pix2, datatype: float64}
# - {name: semimajor_sigma, unit: pix, datatype: float64}
# - {name: semiminor_sigma, unit: pix, datatype: float64}
# - {name: orientation, unit: deg, datatype: float64}
# - {name: eccentricity, datatype: float64}
# - {name: min_value, datatype: float64}
# - {name: max_value, datatype: float64}
# - {name: local_background, datatype: float64}
# - {name: segment_flux, datatype: float64}
# - {name: segment_fluxerr, datatype: float32}
# - {name: kron_flux, datatype: float64}
# - {name: kron_fluxerr, datatype: float64}
# - {name: near_border, datatype: bool}
# - {name: detmap, datatype: int32}
# meta:
#   __serialized_columns__:
#     area:
#       __class__: astropy.units.quantity.Quantity
#       unit: !astropy.units.Unit {unit: pix2}
#       value: !astropy.table.SerializedColumn {name: area}
#     eccentricity:
#       __class__: astropy.units.quantity.Quantity
#       unit: !astropy.units.Unit {unit: ''}
#       value: !astropy.table.SerializedColumn {name: eccentricity}
#     orientation:
#       __class__: astropy.units.quantity.Quantity
#       unit: &id001 !astropy.units.Unit {unit: deg}
#       value: !astropy.table.SerializedColumn {name: orientation}
#     semimajor_sigma:
#       __class__: astropy.units.quantity.Quantity
#       unit: !astropy.units.Unit {unit: pix}
#       value: !astropy.table.SerializedColumn {name: semimajor_sigma}
#     semiminor_sigma:
#       __class__: astropy.units.quantity.Quantity
#       unit: !astropy.units.Unit {unit: pix}
#       value: !astropy.table.SerializedColumn {name: semiminor_sigma}
#     sky_centroid:
#       __class__: astropy.coordinates.sky_coordinate.SkyCoord
#       dec: !astropy.table.SerializedColumn
#         __class__: astropy.coordinates.angles.Latitude
#         unit: *id001
#         value: !astropy.table.SerializedColumn {name: sky_centroid.dec}
#       frame: icrs
#       ra: !astropy.table.SerializedColumn
#         __class__: astropy.coordinates.angles.Longitude
#         unit: *id001
#         value: !astropy.table.SerializedColumn {name: sky_centroid.ra}
#         wrap_angle: !astropy.coordinates.Angle
#           unit: *id001
#           value: 360.0
#       representation_type: spherical
#   astropy version: '5.1'
#   make_catalog parameters:
#     ab_zpt: 31.4
#     coadd_bands: !!python/tuple [f277w, f356w]
#     deblend_contrast: 0.001
#     deblend_nlevels: 32
#     deblend_npixels: 1
#     detect_kernel_fwhm: 4.0
#     detect_kernel_npix: 7
#     detect_npixels: 4
#     detect_threshold_nsigma: 3.0
#     flag_isolated_buffer: 4
#     hst_bands: !!python/tuple [f606w, f814w, f125w, f140w, f160w]
#     jwst_bands: !!python/tuple [f115w, f150w, f200w, f277w, f356w, f410m, f444w]
#     near_border_kernelsize: 21
#     reference_band: f200w
#   make_catalog version: 1.4.0
#   photutils version: 1.5.0
# schema: astropy-2.0
label xcentroid ycentroid sky_centroid.ra sky_centroid.dec bbox_xmin bbox_xmax bbox_ymin bbox_ymax area semimajor_sigma semiminor_sigma orientation eccentricity min_value max_value local_background segment_flux segment_fluxerr kron_flux kron_fluxerr near_border detmap
[from data line 55]
56 1178.7126420230504 1868.9903113847415 214.9536270003782 52.928554631114665 1170 1188 1859 1878 199.0 5.6279257106842095 2.3628463556212584 -47.74583884372636 0.907596653279236 0.2085127774727384 0.6177402079052392 0.0 72.52273980921393 1.048937 130.24765659937086 2.7023566544513415 False 528
57 10180.482872344268 1866.3301640759744 214.87310412982924 52.87138874607588 10176 10184 1862 1871 74.0 2.380613538807416 1.9587090747877123 77.45250924806803 0.5683673619098885 0.4009344810251657 1.4627228046068077 0.0 59.31593442002223 1.2117496 107.6648090003823 2.9670668224834515 False 258
58 3083.948635380413 1875.6612065586014 214.93649038566687 52.91649902688781 3079 3088 1868 1882 115.0 3.2915708104678325 2.0947652306252307 -74.70059616476306 0.7713568179770958 0.2211250386007926 1.059814680487629 0.0 60.556588657231536 0.8225925 91.77423922808714 1.8335034190320532 False 576
59 3521.0402213786065 1872.1430996056183 214.9326134569092 52.91370567006631 3518 3524 1869 1876 41.0 2.090729215182682 1.407057550610362 -54.15382247061467 0.739643878738591 0.2121178537699722 0.3920882930719038 0.0 11.922528970080824 0.46294913 36.06634207900394 1.6144117021699764 False 576
60 369.83279363375794 1871.624118789426 214.9608477942487 52.93370168974298 368 372 1870 1873 16.0 1.3965955375965429 0.8617206420595261 32.03510826384344 0.7869512513683905 0.2240455171310505 0.26325498128489 0.0 3.892174347972274 0.2936351 25.287204082570554 1.2145950327610455 False 528
61 9910.193787959734 1875.4269580225973 214.87542394969444 52.87315465713658 9906 9914 1872 1878 41.0 2.2600803735801143 1.3678044374879568 -24.433397220829256 0.7960721872724449 0.2781938004879671 0.5384313628528533 0.0 16.909161778772464 0.678312 52.37095931473421 2.515426451126414 False 258
62 3237.682682677415 1877.7104913994642 214.93509213701935 52.91553430749374 3235 3241 1875 1880 33.0 1.6486777121567702 1.411053580297799 26.54682592507071 0.5171912262026194 0.2219611804640449 0.4318886670091791 0.0 10.297969533856415 0.43721503 24.215997728160062 1.296030489571949 False 576
63 6204.496317385808 1879.5678498605457 214.9085171146012 52.89671015956748 6199 6210 1875 1885 94.0 2.5012054715184138 2.3277346462719644 -12.829379519759563 0.3659230457887202 0.21186280380751113 0.9106922628472385 0.0 45.54934718998143 0.8007248 84.64873696057552 2.0785462132697425 False 264
64 1141.4624943887522 1886.85160323056 214.95377273834433 52.92888748953991 1133 1151 1876 1896 311.0 5.005790278998584 3.5824622119409333 -50.056183631723776 0.6984450730931577 0.2109660445677538 1.3232466652884751 0.0 168.28878198129541 1.3378258 253.61580520815423 2.9625252667006925 False 528
65 8254.61051024787 1876.6995482716322 214.89021052170807 52.883676502797165 8251 8258 1876 1878 17.0 1.8977428974130257 0.7435495264028039 1.9238644473135247 0.9200473016775411 0.25052002071995444 0.2749327066964598 0.0 4.472294434382651 0.3441124 78.9247865605091 2.1559509342262477 False 258
66 10013.501711030516 1885.4334359350564 214.87439537098138 52.872552442063416 10003 10023 1877 1895 281.0 4.931274868114313 3.7974350982112695 26.213351232075297 0.6379573772312079 0.27077197322944035 0.8282124917541015 0.0 139.98899230317375 1.5917498 257.33497445917936 4.4139120000897565 False 258
67 6240.39760214428 1880.2041508623565 214.90818921199954 52.89648564586541 6240 6241 1879 1881 5.0 0.7622356187340524 0.44965617893081083 71.70598738282534 0.807463478063788 0.23817166193605374 0.2637952914842871 0.0 1.249569813396337 0.17545071 9.224977793906268 0.7421104180825644 False 264
68 1026.0284631170127 1903.4578110890996 214.9546322506411 52.92970971020448 1008 1045 1880 1922 1065.0 6.778218651660249 4.7008500510991915 -56.95157762297875 0.7204345544733518 0.2073595720412404 15.643645658863091 0.0 1833.378485417867 2.6268196 1877.4572041640595 2.894470891852307 False 528
69 9059.002175898555 1883.5112261503853 214.88294714137268 52.878604610575444 9058 9060 1882 1885 8.0 0.8464764731174558 0.7036806888390096 -89.40830545941694 0.5558155166026647 0.275261088532172 0.33093937556483005 0.0 2.4177627105958504 0.2586577 12.001424662733603 1.0075886080470704 False 258
70 357.31177224017455 1894.7571417994645 214.96071647644237 52.933906102079206 348 367 1884 1905 327.0 3.9404894398223536 3.558651615054399 -61.44435657103649 0.4294326558730229 0.20913795416607625 3.9845986598761254 0.0 307.256638510416 1.3824818 360.16517466033577 2.24727491832144 False 528
71 2945.0799669351845 1890.3253144795997 214.93757963635434 52.91745962812009 2938 2951 1885 1897 132.0 3.396300663457131 2.818377803754072 43.38480286884022 0.5580050621130699 0.21979798679221554 0.4877248935935794 0.0 43.291756514589764 0.85345745 113.24511745648743 2.693369236393704 False 576
72 3329.8348042608686 1887.4624714018994 214.93416429888296 52.915002045673795 3327 3332 1885 1890 29.0 1.528064094652199 1.417040681174351 -53.17063265424094 0.3742106056054876 0.24400412453209855 0.3752195619465702 0.0 9.057064987947086 0.45217153 30.97156147967381 1.4993391486098822 False 576
73 338.00406316053517 1887.2507477623783 214.9609685420475 52.93398806708006 337 339 1887 1888 4.0 0.6994050448719201 0.433439588482779 -0.19374540224622153 0.7848181393693195 0.21404662250283152 0.22950110746935284 0.0 0.8824530212467416 0.1404824 9.61334040953223 0.654276607525116 False 528
74 4069.1167920959556 1892.6242916772837 214.92749079601145 52.910337247749915 4065 4073 1887 1899 96.0 2.9621607341215905 2.115316764407077 74.65070286645533 0.7000306938079756 0.21995814307733103 0.6854704079700392 0.0 38.24241493820373 0.74561894 72.88815685624749 1.9029396459588748 False 576
75 257.6329736115274 1891.733189161597 214.96164167249495 52.93452225939342 256 260 1890 1894 19.0 1.2712863477106289 1.1286848450797613 -71.64291955484669 0.46017358141638365 0.21417612164717764 0.29568974022212746 0.0 4.839812998240945 0.31275663 17.513417009553148 1.1655154933356944 False 528
76 917.8597470219944 1902.0696093743131 214.95561612693984 52.93038862518019 903 933 1891 1917 614.0 5.171047361952065 4.334600698105557 -17.815194628252364 0.5452949510798598 0.20564196284220324 8.949491288728094 0.0 953.568906444553 2.0434773 1001.8646393365268 2.4526024884005704 False 528
77 2212.0712742624014 1898.6757775559606 214.94405688566337 52.922157015740694 2203 2221 1893 1904 181.0 4.595900919637024 2.6622982212231956 5.541063915819981 0.8151309890423165 0.21953767088217 0.626276740482671 0.0 63.66936438978503 0.99103135 116.57806874843749 2.5535272015943105 False 528
78 2997.123853126492 1898.6208353093673 214.9370262389522 52.917174094098485 2994 3000 1895 1902 46.0 1.8752053765282828 1.6461998582846264 71.9775733182203 0.4788859957125903 0.2213879887807227 0.5310641980410218 0.0 16.092324825064587 0.50207716 28.60023253941771 1.1993811071077571 False 576
79 1459.0640597924994 1899.919349491178 214.95078952664926 52.926942577260874 1456 1462 1897 1902 32.0 1.7040672141178779 1.3348517566995948 0.2669590830405455 0.6216025346915663 0.21225433382814324 0.3934401967615477 0.0 9.439981932932449 0.4054406 22.77902308797468 1.2327234196853214 False 528
80 4296.6124371689075 1909.1648976730994 214.92528009421125 52.90898242008251 4291 4303 1900 1918 168.0 4.227577090631587 2.52942162025175 65.42852683995449 0.8012611877669185 0.21069526560623816 0.7843621608430661 0.0 70.31548824434086 1.0235164 143.09762196462538 2.7228818639104424 False 576
81 7674.907352515695 1913.6532314781496 214.89500551112695 52.88755729754151 7658 7689 1903 1923 481.0 5.9988529822799075 3.7718562801003164 10.383701122849699 0.7775970668242461 0.21387798289051424 2.9948599925878456 0.0 417.7579470590967 1.6876476 476.0912371488508 2.4764511786347048 False 264
82 1534.203189947499 1906.5971981241066 214.95004603578002 52.926501802226575 1533 1535 1906 1907 5.0 0.762782371920665 0.45011470763616185 -18.44147083111807 0.8073331993394904 0.229074678882333 0.24908332562423383 0.0 1.1993944831329133 0.1672012 10.04877349864742 0.6994022726777147 False 528
83 6208.896388985234 1909.792045784344 214.9081596341225 52.89684535044403 6208 6210 1906 1913 22.0 2.166650399902121 0.7713427908895912 86.03349434199716 0.9344832738006207 0.21621385259393502 0.25629012809069784 0.0 5.194119741655426 0.33698383 22.873665094142545 1.2698807316014527 False 264
84 387.1810688143815 1915.7988715761428 214.9602272618367 52.933830235360624 371 402 1907 1925 419.0 6.233294240808653 3.3229360795219685 16.586096365986503 0.8460555822891921 0.20933808045023541 2.6427575501842084 0.0 333.215991017321 1.5510192 417.2633653836216 2.766350312826204 False 528
85 1493.4478623639848 1911.249669268523 214.9503621948387 52.926785568952575 1488 1499 1907 1916 89.0 2.653392759097299 2.171852181953507 -1.5072243233148244 0.5744795676331469 0.21588908390125813 0.6804961262099427 0.0 36.17250133299793 0.69692916 59.00838414623922 1.75405027449637 False 528
86 3738.092633790255 1917.882644550097 214.9301885723788 52.912574879011515 3736 3740 1915 1921 23.0 1.9403627791068376 0.9159806060954184 -58.64587780796865 0.8815628474641352 0.21965704482398293 0.28062295452342984 0.0 5.824045047218763 0.3704297 40.632782799510714 1.5428348868958097 False 576
87 6815.994365497832 1916.4957607554295 214.9026578970421 52.89302674913211 6815 6817 1915 1918 10.0 1.080776692181176 0.6685355221736765 -63.23789157936038 0.7857300720390639 0.22941999098870716 0.25659022612721344 0.0 2.40589370528857 0.22940056 17.171429263502063 0.9518269946268219 False 264
88 451.50723625126403 1920.9868580678267 214.9595961474643 52.93345008454423 449 454 1918 1924 26.0 1.523404205590829 1.2740217755831418 61.28275372295133 0.5482732761219041 0.21947078011767512 0.3222070465042255 0.0 6.912771122833409 0.37102044 23.742062157701753 1.2887782285250031 False 528
89 1150.3579424171728 1919.376099390901 214.95335063868595 52.92900671339399 1149 1152 1918 1921 13.0 1.0591033908642022 0.9053078180683418 46.41036053680164 0.5189789705530466 0.22636287312082617 0.2840812326674211 0.0 3.2760282874344018 0.26505816 22.175959731181855 1.075929451518806 False 528
90 3625.643493181661 1920.2344712836764 214.93117063475285 52.91330136074135 3623 3628 1918 1922 23.0 1.4856732583690093 1.1822242485834031 34.25949018834338 0.6056254633360957 0.21678688978111924 0.28668282089174674 0.0 5.782820188921442 0.34635127 44.30685532177645 1.5566242504362753 False 576
91 7305.498240453887 1920.1977640618063 214.8982404701102 52.88993842905719 7304 7307 1918 1922 16.0 1.308740843301275 0.9341626456582484 70.32132649445973 0.7003625010331122 0.22351769069995814 0.2606531168890279 0.0 3.8723294912098885 0.2956916 20.66691485083083 1.1825431534917983 False 264
92 8178.671966842802 1920.2013144654263 214.89043171549812 52.88439348431723 8177 8180 1918 1922 14.0 1.1573326436162912 0.9108023573328775 -65.69624635525253 0.6169733133034724 0.21725810864201361 0.27152290648034105 0.0 3.3829091850096034 0.2701386 19.297779539566093 1.0848010107649984 False 256
93 3179.471936311528 1922.808695190373 214.93513868005144 52.91614730114794 3175 3184 1919 1927 64.0 2.1550474207516674 1.9445366911453168 12.25731807621356 0.4310723706384348 0.2337195097160302 0.6624367350544027 0.0 25.615371372151685 0.6174652 47.68705676333083 1.611128642821195 False 576
94 8446.239404903743 1921.7610725155223 214.88802286703717 52.88270264866723 8444 8449 1919 1924 24.0 1.448441694075294 1.2838436810926965 -47.91992461695312 0.4629928722518825 0.2170709038341907 0.25908362278110375 0.0 5.714016031120064 0.3573807 52.835481233633686 1.5484342891018033 False 258
95 9911.694813727612 1926.348477771013 214.87487465924997 52.87341981112431 9898 9923 1919 1933 298.0 5.238654914922231 2.8567139770418915 -15.335394659214764 0.8382315920833067 0.22969820665065166 2.503741174526786 0.0 250.2978896929447 1.4247725 310.2263755205414 2.5518483339314617 False 258
96 3710.5989657656237 1922.9452554183197 214.9303814447981 52.91277673309608 3708 3713 1920 1926 31.0 1.5930601957811958 1.4193265590552775 -75.23638689999825 0.4541142535656366 0.22366895062011646 0.35723382368236317 0.0 8.733606762321697 0.41528404 28.907820373319876 1.3963344224647336 False 576
97 1209.0028872461262 1923.6563932445013 214.9527801141267 52.928657676050264 1207 1211 1921 1926 25.0 1.4324029678188064 1.2761568456765084 -79.35850429644589 0.45415973401025606 0.21749003951690746 0.34633649359048235 0.0 7.002537803700561 0.37170175 25.3765728821866 1.3207622029059254 False 528
98 2526.502582230114 1922.9812554456837 214.9409846701269 52.92029266546814 2526 2527 1922 1924 6.0 0.8089920101238529 0.49998742746950814 89.78109034761145 0.786148590148681 0.2279770502000226 0.25123022268278944 0.0 1.4482238496602768 0.17778079 11.888781097460853 0.7524416591574684 False 576
99 10120.692433166765 1925.5948232788023 214.87301478646697 52.87208821549376 10118 10124 1922 1929 45.0 1.9411955735106101 1.618722613274058 -85.9757512112889 0.5519469889508196 0.2517097623241901 0.511646517381944 0.0 16.329139298121962 0.55625486 36.398586071525045 1.6310289760109158 False 258
100 7497.31570655863 1929.1250087367662 214.8964309359675 52.88876853737347 7492 7503 1925 1933 84.0 2.763639582186616 2.060598464554693 19.46167992328735 0.6663821008335261 0.21522565856986212 0.5429217079969825 0.0 29.492578415976354 0.67880857 52.97506416296264 1.6561144631104063 False 264
101 7871.135189535585 1935.1382165400125 214.89302455938494 52.88642710938296 7861 7881 1925 1946 310.0 4.549533489875449 3.553448337924149 -51.02313609213469 0.6244588132463404 0.20924764044900684 1.9889451612448847 0.0 199.60154431936542 1.334801 255.51743576605298 2.4639978730592227 False 264
102 3632.9744994928824 1926.991718278766 214.93103386652652 52.91329131086266 3632 3634 1926 1928 7.0 0.9137596596410467 0.5355892449048671 44.68957787929545 0.8102112462375528 0.22010829315448938 0.2547854652333097 0.0 1.669761629610678 0.1992102 17.647383976530854 0.8542224855381307 False 576
103 2117.7491045034017 1931.4750442325465 214.94455650416987 52.92293276988628 2115 2120 1927 1935 35.0 2.1367203397600223 1.2412676933412383 -79.8245959207902 0.8139592845142936 0.2128772586056256 0.30350844343432576 0.0 8.997324372613244 0.42350897 33.43261129017928 1.553007762216793 False 528
104 8852.643121372392 1929.6735293947124 214.8843061274416 52.88016428042525 8849 8856 1927 1932 39.0 2.0174220718659304 1.3677317427596194 24.85777539951075 0.7350986693135511 0.24271006262299583 0.454115695958161 0.0 12.878039497467446 0.4949488 30.657157252685565 1.4034442227288706 False 258
105 1149.0911206615801 1931.365798645632 214.95323576994605 52.92907951174451 1147 1151 1928 1934 31.0 1.7719123200464708 1.2924994559140393 -81.01186917771051 0.6840473663593603 0.21670967174756528 0.33954208254936163 0.0 8.539071370117231 0.39637333 30.13471263034566 1.4103754966065254 False 528
106 7209.982811994645 1929.994152992047 214.89899167263098 52.89059782058581 7208 7212 1929 1931 11.0 1.0897067900466455 0.740620259102583 0.550141161153365 0.7335356713494897 0.22241771251396614 0.2886941288243276 0.0 2.855478681655305 0.25065818 16.316809409116942 0.9934495331930269 False 264
107 1486.7085611490324 1947.8688254635747 214.9500370765529 52.927026116282306 1471 1503 1930 1967 979.0 7.813669290485619 5.748524638592623 -64.83201793351192 0.6773064128216064 0.20738784048673786 3.81234995912294 0.0 1035.6825149026656 2.4653497 1189.6843584325802 4.049346897494601 False 528
108 8618.599361024348 1941.705496954397 214.88627192446316 52.88171561646467 8609 8628 1931 1951 321.0 3.927564631602988 3.128918300516384 53.46216003490138 0.604432847396586 0.22634299305041808 6.909302268245553 0.0 480.5598566297061 1.5192103 509.36592668142066 1.909472614979069 False 258
