outputs/dr0.5_c0.1/nircam1_f814w_dr0.5_c0.1.ecsv
# %ECSV 1.0
# ---
# datatype:
# - {name: label, datatype: int64}
# - {name: xcentroid, datatype: float64}
# - {name: ycentroid, datatype: float64}
# - {name: sky_centroid.ra, unit: deg, datatype: float64}
# - {name: sky_centroid.dec, unit: deg, datatype: float64}
# - {name: bbox_xmin, datatype: int64}
# - {name: bbox_xmax, datatype: int64}
# - {name: bbox_ymin, datatype: int64}
# - {name: bbox_ymax, datatype: int64}
# - {name: area, unit: pix2, datatype: float64}
# - {name: semimajor_sigma, unit: pix, datatype: float64}
# - {name: semiminor_sigma, unit: pix, datatype: float64}
# - {name: orientation, unit: deg, datatype: float64}
# - {name: eccentricity, datatype: float64}
# - {name: min_value, datatype: float64}
# - {name: max_value, datatype: float64}
# - {name: local_background, datatype: float64}
# - {name: segment_flux, datatype: float64}
# - {name: segment_fluxerr, datatype: float32}
# - {name: kron_flux, datatype: float64}
# - {name: kron_fluxerr, datatype: float64}
# - {name: kron_radius, unit: pix, datatype: float64}
# - {name: gini, datatype: float64}
# - {name: equivalent_radius, unit: pix, datatype: float64}
# - {name: kron4_2_flux, datatype: float64}
# - {name: kron4_2_fluxerr, datatype: float64}
# - {name: radius_kron20, unit: pix, datatype: float64}
# - {name: radius_kron50, unit: pix, datatype: float64}
# - {name: radius_kron80, unit: pix, datatype: float64}
# - {name: near_border, datatype: bool}
# meta:
#   PHOTMJSR: 0.3925000131130219
#   PIXAR_SR: 2.11539874851881e-14
#   __serialized_columns__:
#     area:
#       __class__: astropy.units.quantity.Quantity
#       unit: !astropy.units.Unit {unit: pix2}
#       value: !astropy.table.SerializedColumn {name: area}
#     eccentricity:
#       __class__: astropy.units.quantity.Quantity
#       unit: !astropy.units.Unit {unit: ''}
#       value: !astropy.table.SerializedColumn {name: eccentricity}
#     equivalent_radius:
#       __class__: astropy.units.quantity.Quantity
#       unit: !astropy.units.Unit {unit: pix}
#       value: !astropy.table.SerializedColumn {name: equivalent_radius}
#     kron_radius:
#       __class__: astropy.units.quantity.Quantity
#       unit: &id001 !astropy.units.Unit {unit: pix}
#       value: !astropy.table.SerializedColumn {name: kron_radius}
#     orientation:
#       __class__: astropy.units.quantity.Quantity
#       unit: &id002 !astropy.units.Unit {unit: deg}
#       value: !astropy.table.SerializedColumn {name: orientation}
#     radius_kron20:
#       __class__: astropy.units.quantity.Quantity
#       unit: *id001
#       value: !astropy.table.SerializedColumn {name: radius_kron20}
#     radius_kron50:
#       __class__: astropy.units.quantity.Quantity
#       unit: *id001
#       value: !astropy.table.SerializedColumn {name: radius_kron50}
#     radius_kron80:
#       __class__: astropy.units.quantity.Quantity
#       unit: *id001
#       value: !astropy.table.SerializedColumn {name: radius_kron80}
#     semimajor_sigma:
#       __class__: astropy.units.quantity.Quantity
#       unit: !astropy.units.Unit {unit: pix}
#       value: !astropy.table.SerializedColumn {name: semimajor_sigma}
#     semiminor_sigma:
#       __class__: astropy.units.quantity.Quantity
#       unit: !astropy.units.Unit {unit: pix}
#       value: !astropy.table.SerializedColumn {name: semiminor_sigma}
#     sky_centroid:
#       __class__: astropy.coordinates.sky_coordinate.SkyCoord
#       dec: !astropy.table.SerializedColumn
#         __class__: astropy.coordinates.angles.Latitude
#         unit: *id002
#         value: !astropy.table.SerializedColumn {name: sky_centroid.dec}
#       frame: icrs
#       ra: !astropy.table.SerializedColumn
#         __class__: astropy.coordinates.angles.Longitude
#         unit: *id002
#         value: !astropy.table.SerializedColumn {name: sky_centroid.ra}
#         wrap_angle: !astropy.coordinates.Angle
#           unit: *id002
#           value: 360.0
#       representation_type: spherical
#   astropy version: '5.1'
#   make_catalog parameters:
#     ab_zpt: 31.4
#     coadd_bands: !!python/tuple [f277w, f356w]
#     deblend_contrast: 0.001
#     deblend_nlevels: 32
#     deblend_npixels: 1
#     detect_kernel_fwhm: 4.0
#     detect_kernel_npix: 7
#     detect_npixels: 4
#     detect_threshold_nsigma: 3.0
#     flag_isolated_buffer: 4
#     hst_bands: !!python/tuple [f606w, f814w, f125w, f140w, f160w]
#     jwst_bands: !!python/tuple [f115w, f150w, f200w, f277w, f356w, f410m, f444w]
#     near_border_kernelsize: 21
#     reference_band: f200w
#   make_catalog version: 1.4.0
#   photutils version: 1.5.0
# schema: astropy-2.0
label xcentroid ycentroid sky_centroid.ra sky_centroid.dec bbox_xmin bbox_xmax bbox_ymin bbox_ymax area semimajor_sigma semiminor_sigma orientation eccentricity min_value max_value local_background segment_flux segment_fluxerr kron_flux kron_fluxerr kron_radius gini equivalent_radius kron4_2_flux kron4_2_fluxerr radius_kron20 radius_kron50 radius_kron80 near_border
[from data line 2638]
2639 1325.981769537346 3209.5848552883062 215.01054301866924 53.007189072774324 1320 1332 3207 3212 63.0 2.9303542785006416 1.360515054828814 -1.4022768186147352 0.8856866595057994 -0.4018734608854306 0.6909961871563076 0.0 11.043289507548938 3.1935909 19.36034493639769 4.965777633772987 1.4 0.4282768440890716 4.478115991081385 16.48948233717931 7.934166295741437 2.231009335460267 3.7491224196763264 7.658791085908823 False
2640 9300.297677685965 3213.7217514742547 214.9389358903342 52.95662034778383 9282 9317 3207 3221 434.0 7.831845598644772 2.8171404765792847 3.471182781771544 0.933066748484639 -0.43213602701498705 1.5577730163148458 0.0 154.89863515935383 7.789804 194.55173918310408 12.910687942856747 1.6540401458143394 0.4632977218805286 11.753573524837677 200.5993131716313 20.690776526347673 3.812338168222386 7.9308955191799235 12.89950252278939 False
2641 2800.8083025899664 3209.959914611162 214.9972910009002 52.99783769841116 2799 2803 3208 3212 18.0 1.6252465844587223 0.9073103742474755 50.016566103163555 0.8296659713439135 0.18394837836103467 0.9556191659367325 0.0 8.160305396709779 1.7448359 31.599504236759515 6.3314475793898835 2.8883014657715838 0.2288945369979011 2.393653682408596 38.06898788199348 10.12920542248682 2.0732693525140267 3.3884770267473385 5.807793945461906 False
2642 3632.299157269252 3212.9854109009348 214.98979252659078 52.99258005010491 3627 3638 3208 3217 86.0 2.833998075526035 1.9492041694291191 40.0388306870857 0.7259068297873208 -0.4198915254830267 0.6418044637609578 0.0 23.27598657930155 3.2890184 43.39221486242467 9.26659433060662 2.4813864727501165 0.3323601046154253 5.232078956954491 62.945012984538 14.755364298328825 2.5241983107498043 4.878203432804255 9.225081703306092 False
2643 7666.042808615138 3210.1022954445525 214.9536266341659 52.96697245492552 7663 7668 3208 3213 23.0 1.6062727902790173 0.8104877821738519 -0.9125085516764555 0.8633668860808011 -0.2505664000230697 0.3339268532795768 0.0 0.40346148113149116 1.6666256 3.132112699958318 5.07230283426939 2.9142993003022215 0.8625935513185657 2.7057581899030048 7.600202856099822 8.232021729015727 2.053112931075443 3.110513832971205 4.477101588357362 False
2644 7839.397121698464 3211.638885981145 214.95205582939252 52.96588066268021 7835 7843 3209 3217 65.0 2.2461241907856753 1.6151890326246372 -30.063131260958034 0.6949060859991556 -0.10570425510555882 0.7902602275098023 0.0 17.256800081357905 2.7421918 26.239618305351488 6.415915891306619 2.240883090901995 0.4321254280468433 4.54864184146723 25.76644324274649 10.266565543833995 1.6969460386661688 3.369923971737065 5.97748490177852 False
2645 967.5069254825717 3214.843851409809 215.01370856277376 53.009490741182276 964 970 3212 3217 31.0 1.7400185943008661 1.0920638198955699 61.15036841595408 0.7785229174832589 -0.10391178213347342 0.5770789255601617 0.0 6.050530086747061 1.8983747 11.67907966397869 3.6113553416566773 1.7563216333025675 0.516533057619006 3.141274657157109 8.717282518014297 5.772400727242837 1.7596115579245912 2.7760339393504596 4.079756765500048 False
2646 6251.886523243441 3219.039605100597 214.9662173423887 52.975994088134755 6248 6255 3213 3224 64.0 2.9414255352173497 1.4237703321648278 57.4479300518745 0.8750453613834667 -0.2237416688776099 0.9989237641615649 0.0 21.38294294577939 3.3753726 42.046406937445894 9.518651784351135 2.528476517081452 0.40140827685862523 4.51351666838205 57.12097895326848 15.416679013394072 2.3938960555723043 4.232319358702415 7.508029502364303 False
2647 4442.7557422546315 3215.0092982073024 214.98249524099185 52.98744994796089 4441 4444 3214 3216 9.0 0.9297391257824708 0.5133112298681255 0.21654743101666155 0.8337762935403409 -0.16628215486444844 0.2515065861896304 0.0 0.6930020247713308 0.948866 2.209267836515739 1.5734839745518259 1.6027332100571192 0.3048292042752735 1.692568750643269 1.8169733972749313 2.4560282737303587 0.9448017576804075 1.8193735441900174 2.720671493206477 False
2648 9027.967727994552 3216.7230674786283 214.9413454717979 52.95836499980942 9025 9031 3214 3219 31.0 1.6331263788889379 0.8813643025396436 -86.85758060806958 0.8418707646054769 -0.39952272816969225 0.7750091249724073 0.0 7.200670896401667 2.0337458 15.15143846251714 4.493285672484028 2.432887324370681 0.4636447712180562 3.141274657157109 13.703613316248301 7.079822366895954 1.425650399507968 3.1720564116685517 6.972871532191354 False
2649 3789.00092393515 3218.3178360741927 214.98832939157785 52.99161488340262 3788 3790 3217 3219 8.0 0.8008255089110158 0.6634811760259592 32.47194406782143 0.5599941578517358 0.16778327680368332 0.5670704892393478 0.0 2.8177548569871647 0.9602666 15.99654746496114 3.6152420584553218 3.1548944749632724 0.22803473051234488 1.5957691216057308 26.438167512244036 5.715735278940723 1.7067168037279736 2.7660634665287724 4.730474532555832 False
2650 649.8028133548241 3225.219127769861 215.016454131476 53.011561457530696 645 654 3218 3232 122.0 3.4307252411186333 2.052389397622445 71.90723796164954 0.8013186492013212 -0.08148982096818976 0.8346414793923995 0.0 40.35647190671252 3.7828603 48.80121478696796 7.6320380757461805 1.8914159831901065 0.38043294914882864 6.231677632421503 58.40988789997688 12.099649037611043 2.1832472662720783 4.054522950225444 6.681482972890938 False
2651 2317.8505232640446 3220.460042678885 215.00151802332633 53.0009575556601 2314 2322 3218 3224 44.0 1.8317919398393527 1.5698426131286378 -55.934897908936236 0.5153192033080245 -0.28665246706935404 0.4541913123317666 0.0 3.3631637482828936 2.6332753 33.53476568621186 10.53424275939574 3.4997559813066985 0.5617755614862524 3.742410318509555 81.17453476705629 16.877522003702758 6.781782604028501 13.192347483036786 14.218317569013168 False
2652 6455.226394975002 3222.8474372201745 214.96435295220172 52.974724473625976 6450 6460 3218 3228 62.0 2.7542251028427573 1.4659959398851452 -61.48673046759005 0.8465736179658582 -0.3796432819103594 0.48632521342844526 0.0 2.2512790452570792 3.4223578 4.050455298192072 11.764765039070689 3.129131799487156 0.5903303413231433 4.442433223290478 -27.591991237384022 18.198642544428715 11.238097290045902 2.0043319376063726 11.797013178288672 False
2653 8177.382117832439 3225.0421304883616 214.9488838385661 52.96380816868041 8171 8182 3218 3233 146.0 3.453904305163618 2.1440191106138173 -76.87578780219985 0.7840067328598026 -0.42348076123239325 1.3684780724688206 0.0 60.48935545596672 4.0915804 69.63340205803308 7.440861763058045 1.8202511322192845 0.43177103310671094 6.817128675830715 84.31358453231744 11.906517798429627 2.0183091038585332 4.0275543486691925 6.00617674260009 False
2654 1297.4993251854619 3220.6196836403487 215.01068262854622 53.00742935225924 1297 1298 3219 3221 6.0 0.5985722142521224 0.49986991225158073 88.01853976692922 0.5500924419517023 0.05267545504186928 0.6030377782516612 0.0 1.7513159296903753 0.95160747 18.57117914063208 3.444533014558016 3.5689061938592457 0.49954854027238005 1.381976597885342 32.384439789918616 5.5274513509267855 1.764183759858535 3.3900963748961392 4.401176587899665 False
2655 793.428703559293 3223.3975893545467 215.01518266152686 53.01064085863641 790 797 3220 3227 55.0 1.8444457166592638 1.720884374578057 -57.704522232577936 0.3598531449360247 0.07298652385704234 1.0678080821560192 0.0 27.6743609617167 2.4794796 51.424501887510345 6.55820664600719 2.4824288253318976 0.3346738059249751 4.1841419359420025 72.0446132385336 10.58231482428047 1.9859466378253057 3.8396452873410163 7.058260579791064 False
2656 2666.6527592250955 3224.892494383929 214.99833848703963 52.99876929269089 2663 2672 3220 3230 79.0 2.5837055006672274 1.7353958619005387 -41.007464285977775 0.7408510302915206 -0.5990137930696247 0.7500060250414309 0.0 5.409263664461517 3.582179 22.336586537139308 13.121366749360226 3.4772436528579274 0.4730056991643645 5.014626706796775 46.91230492692453 21.144324289325404 2.7704019799408006 9.716496038159246 12.156126395148506 False
2657 773.9784788243419 3226.936809959237 215.01532014280704 53.010783331313704 771 777 3224 3229 35.0 2.0671233584082116 1.4035122657184649 -34.36288515289034 0.7341671259897341 -0.3650194984236435 0.49062894368507143 0.0 7.061414360582613 2.0232756 22.977673384433338 6.884120651369545 2.67538933515557 0.3014676608585595 3.3377905890622728 39.30471583412353 10.931189146925288 2.6830813946389123 4.732431886357553 7.201191356815163 False
2658 1419.7445131124093 3228.9366057299544 215.00949664539678 53.00669908961612 1415 1426 3224 3234 105.0 2.9013588510701216 2.196494251125002 48.222472270201266 0.6533487446694919 -0.2508446233442653 1.1411121450144188 0.0 32.501484689495335 4.079803 47.299780258514474 9.862891159137261 2.2049973734221933 0.39613953861906714 5.781222885281108 42.254105073656724 15.821106336153713 2.342488016931349 4.410634557414983 6.633409455904235 False
2659 1836.5232194234047 3230.473172168478 215.00573613988252 53.004064288499066 1834 1839 3227 3232 31.0 1.4635214122768965 1.0979882252190158 -30.88786854194648 0.6611687564690487 -0.4255021315004894 0.5844603909885157 0.0 5.930107611647197 2.2560136 11.244929301565563 3.1918061576607872 1.4 0.38206493352057447 3.141274657157109 10.789965778085257 5.100894483618565 1.3015435955778583 2.3125289816632604 3.3589002168944697 False
2660 470.65999370941233 3236.0954633899732 215.0179494097076 53.01275621318724 465 477 3228 3243 154.0 3.8246099703423537 2.5801658812263746 53.62031546176278 0.7381634024302454 -0.4699860534850051 0.6647545610845127 0.0 16.129539690192313 4.1122556 16.76983745054602 6.473143223856389 1.4 0.503473556128857 7.001408606295148 16.749358011072417 10.34048298883303 2.652842010916329 3.887651182035253 5.040813033889482 False
2661 892.400184219151 3234.876985082502 215.0141723176498 53.01007532399832 884 901 3228 3243 190.0 5.540987196300271 2.3664394232574284 38.02173964974256 0.9042143021754431 -0.45389936064982717 0.7309846610403388 0.0 28.09500789579742 4.6967845 114.60724696236701 17.554712342594524 3.2261311881585613 0.45229173608934875 7.776816725043752 174.37524334032724 28.147620687096026 8.004423584246377 15.562958190477374 24.013622412973163 False
2662 2763.9427333718604 3230.6660018861 214.99740387363366 52.99818343822516 2763 2765 3229 3232 9.0 1.4089749732513737 0.5230344287848093 -76.44506098140805 0.9285464359334534 -0.09013150042623437 0.29370991901339283 0.0 0.6723352456470171 1.2670053 21.644504460067058 6.076738778531025 3.953086012940901 0.6589328045602796 1.692568750643269 41.43203147875595 9.84644356186223 3.0452190839018614 5.089394575793251 7.556149548670761 False
2663 8133.099066125156 3233.919200446946 214.9491873828746 52.96413714166595 8128 8138 3229 3239 93.0 2.2580589708596044 1.8220361815868438 45.12466604195755 0.5906829844041819 -0.28990927508638953 1.2199261677862163 0.0 26.01140339028439 3.2715158 31.14711040513524 6.416431407732394 2.096674245015766 0.5416712828051354 5.440847306724618 38.45451120038756 10.266666988073304 1.3679701526237817 2.573633000967345 5.008621642060304 False
2664 346.0 3233.0 215.01910237140285 53.01352993550112 345 347 3231 3234 8.0 0.28867513459481287 0.28867513459481287 0.0 0.0 -0.31784198567234406 0.033588690273427056 0.0 -1.014185562550225 0.9171206 -0.2536520547797597 0.5830638222969673 1.4 -0.4670323144023443 1.5957691216057308 -1.0007413785142867 0.9374630266797989 0.7368075380102872 0.8549273860686064 0.9524790887181038 False
2665 1765.2533236185432 3231.925969149362 215.00636108024528 53.00452412675031 1764 1766 3231 3233 7.0 0.8017424906362555 0.6742700551147063 83.9189422627926 0.5410261606436768 0.21765468674184862 0.5670547513026227 0.0 2.7427858928682625 1.0760822 14.222390806174108 4.555021270575627 3.3500880694650665 0.14908573282733897 1.4927053303604616 15.81707303183256 7.346529004936792 1.5344297280276542 2.4557523410552116 3.532802979061807 False
2666 3324.428547543216 3238.900618580703 214.99228381483022 52.99467293797626 3320 3331 3232 3245 124.0 2.6771324907116543 2.100167123509606 67.61305602141573 0.620149285120821 -0.23829903287857612 2.3405751785460254 0.0 70.19440666982011 4.6969275 80.79017918382931 7.468413695339579 1.7132397991174484 0.4867020726095841 6.282549314314218 80.20314615919347 11.902136508374898 1.6309678252593813 3.309820770602926 5.13567857928079 False
2667 680.3724476128375 3241.4445770198427 215.0160084100421 53.01145533978651 672 690 3233 3248 227.0 4.8855947709172955 2.9738740256648795 -35.040689862280544 0.7933985115079841 -0.3272927625733659 1.0533667597470495 0.0 74.34777167120417 5.073552 89.09811582005963 8.592966683977243 1.4990729075576232 0.3947875246967905 8.500373177909337 87.62435490511058 13.7532623774346 3.218871366020269 5.563052017487131 9.295730898125994 False
2668 1136.094763571849 3245.951070294864 215.0118658755652 53.008589845213564 1125 1147 3233 3257 399.0 5.246033947654612 3.5481489603697436 58.88862663659097 0.7365814621805605 -0.3879751653832681 1.3111537506785593 0.0 116.96443247934512 6.69723 161.4100147396705 14.070977780972699 2.202462246731143 0.5034949903967926 11.269678104867614 223.31451602412642 22.55128613124729 3.570400166085589 6.413282808929326 13.193665377191293 False
2669 9789.680343243734 3235.899886773062 214.93431582453508 52.95363392252354 9789 9791 3233 3237 13.0 0.8497347736304257 0.7542944090315794 -36.78054411884495 0.46045668900629555 -0.15000888132387763 0.23258373172220786 0.0 0.7805626579725564 1.3753991 3.864280238779619 4.804539642573923 3.5703235031248175 0.45578777993261566 2.0342144725641096 -6.517656271506672 7.651724254523948 1.2783271600846955 2.817547328681777 3.4655527985797185 False
2670 3918.541046027595 3237.201025255968 214.98696737557825 52.99089522471847 3917 3921 3236 3238 12.0 1.175231104712328 0.744588230462699 -6.266041502471823 0.7736874211263882 0.02813025289221851 0.43078842529189526 0.0 3.1605912265382043 1.1727089 21.037345866662783 4.754300927450548 3.3859028449524695 0.24743313446944468 1.9544100476116797 21.786022111913002 7.62706195303891 2.2186810286521697 3.4741145985529394 5.911726645980485 False
2671 9153.842174811201 3241.8552198529733 214.9399523009559 52.95770181152697 9150 9157 3238 3245 47.0 2.4751083721615412 1.4895088278823627 43.179129805646106 0.7986502982929345 0.04837589128429916 0.6219174807674168 0.0 16.40070881921137 2.2850904 29.68283089611482 5.623819481761965 1.9543503248720548 0.23807693555575155 3.8678889139475245 30.89115310246335 9.066850411028271 2.2966768421914554 3.858703620105333 7.120356847017601 False
2672 7369.700021759693 3241.201186103841 214.95595669370343 52.969020953393894 7368 7372 3239 3244 23.0 1.4091257310639007 1.2096625810153743 -75.04193073403248 0.5128989244594526 0.10618810630746028 0.8021322281150108 0.0 11.044186282756078 1.9324204 32.467219493535865 6.070041485967719 2.593525153875172 0.23693534674585054 2.7057581899030048 35.771515719150955 9.818528436045801 1.9871574571488768 3.3556552665492942 4.937012077266385 False
2673 821.2908702804035 3243.86777048649 215.0147165448257 53.01057485447358 819 823 3242 3245 15.0 1.3479664924899128 0.8794487290191088 18.947517588688985 0.7578522173081896 -0.09928329545349304 0.3498018015244003 0.0 2.099974046784945 1.3049271 15.30498763934751 5.960316672585369 3.595726014781101 0.4118546331072748 2.1850968611841584 37.07723778789337 9.47772612425735 2.8795428648375374 5.192879977777143 6.716570745266936 False
