outputs/dr0.5_c0.1/nircam2_matched_f277w_f140w_dr0.5_c0.1.ecsv
# %ECSV 1.0
# ---
# datatype:
# - {name: label, datatype: int64}
# - {name: xcentroid, datatype: float64}
# - {name: ycentroid, datatype: float64}
# - {name: sky_centroid.ra, unit: deg, datatype: float64}
# - {name: sky_centroid.dec, unit: deg, datatype: float64}
# - {name: bbox_xmin, datatype: int64}
# - {name: bbox_xmax, datatype: int64}
# - {name: bbox_ymin, datatype: int64}
# - {name: bbox_ymax, datatype: int64}
# - {name: area, unit: pix2, datatype: float64}
# - {name: semimajor_sigma, unit: pix, datatype: float64}
# - {name: semiminor_sigma, unit: pix, datatype: float64}
# - {name: orientation, unit: deg, datatype: float64}
# - {name: eccentricity, datatype: float64}
# - {name: min_value, datatype: float64}
# - {name: max_value, datatype: float64}
# - {name: local_background, datatype: float64}
# - {name: segment_flux, datatype: float64}
# - {name: segment_fluxerr, datatype: float32}
# - {name: kron_flux, datatype: float64}
# - {name: kron_fluxerr, datatype: float64}
# - {name: kron_radius, unit: pix, datatype: float64}
# - {name: gini, datatype: float64}
# - {name: equivalent_radius, unit: pix, datatype: float64}
# - {name: kron4_2_flux, datatype: float64}
# - {name: kron4_2_fluxerr, datatype: float64}
# - {name: kron4_2_mag, datatype: float64}
# meta:
#   PHOTMJSR: 2.962800025939941
#   PIXAR_SR: 2.11539874851881e-14
#   __serialized_columns__:
#     area:
#       __class__: astropy.units.quantity.Quantity
#       unit: !astropy.units.Unit {unit: pix2}
#       value: !astropy.table.SerializedColumn {name: area}
#     eccentricity:
#       __class__: astropy.units.quantity.Quantity
#       unit: !astropy.units.Unit {unit: ''}
#       value: !astropy.table.SerializedColumn {name: eccentricity}
#     equivalent_radius:
#       __class__: astropy.units.quantity.Quantity
#       unit: !astropy.units.Unit {unit: pix}
#       value: !astropy.table.SerializedColumn {name: equivalent_radius}
#     kron_radius:
#       __class__: astropy.units.quantity.Quantity
#       unit: !astropy.units.Unit {unit: pix}
#       value: !astropy.table.SerializedColumn {name: kron_radius}
#     orientation:
#       __class__: astropy.units.quantity.Quantity
#       unit: &id001 !astropy.units.Unit {unit: deg}
#       value: !astropy.table.SerializedColumn {name: orientation}
#     semimajor_sigma:
#       __class__: astropy.units.quantity.Quantity
#       unit: !astropy.units.Unit {unit: pix}
#       value: !astropy.table.SerializedColumn {name: semimajor_sigma}
#     semiminor_sigma:
#       __class__: astropy.units.quantity.Quantity
#       unit: !astropy.units.Unit {unit: pix}
#       value: !astropy.table.SerializedColumn {name: semiminor_sigma}
#     sky_centroid:
#       __class__: astropy.coordinates.sky_coordinate.SkyCoord
#       dec: !astropy.table.SerializedColumn
#         __class__: astropy.coordinates.angles.Latitude
#         unit: *id001
#         value: !astropy.table.SerializedColumn {name: sky_centroid.dec}
#       frame: icrs
#       ra: !astropy.table.SerializedColumn
#         __class__: astropy.coordinates.angles.Longitude
#         unit: *id001
#         value: !astropy.table.SerializedColumn {name: sky_centroid.ra}
#         wrap_angle: !astropy.coordinates.Angle
#           unit: *id001
#           value: 360.0
#       representation_type: spherical
#   astropy version: '5.1'
#   kernelfile: kernel_f277w_f140w.fits
#   make_catalog parameters:
#     ab_zpt: 31.4
#     coadd_bands: !!python/tuple [f277w, f356w]
#     deblend_contrast: 0.001
#     deblend_nlevels: 32
#     deblend_npixels: 1
#     detect_kernel_fwhm: 4.0
#     detect_kernel_npix: 7
#     detect_npixels: 4
#     detect_threshold_nsigma: 3.0
#     flag_isolated_buffer: 4
#     hst_bands: !!python/tuple [f606w, f814w, f125w, f140w, f160w]
#     jwst_bands: !!python/tuple [f115w, f150w, f200w, f277w, f356w, f410m, f444w]
#     near_border_kernelsize: 21
#     reference_band: f200w
#   make_catalog version: 1.4.0
#   photutils version: 1.5.0
# schema: astropy-2.0
label xcentroid ycentroid sky_centroid.ra sky_centroid.dec bbox_xmin bbox_xmax bbox_ymin bbox_ymax area semimajor_sigma semiminor_sigma orientation eccentricity min_value max_value local_background segment_flux segment_fluxerr kron_flux kron_fluxerr kron_radius gini equivalent_radius kron4_2_flux kron4_2_fluxerr kron4_2_mag
[from data line 2575]
2576 3137.166841550799 4810.0069792536215 214.90511449465907 52.93200186237997 3131 3143 4806 4814 92.0 3.1320321735494727 2.0355941533332604 -21.045460938507905 0.7599961282146295 0.19523958996652296 0.4469542748738616 0.0 28.30484980590701 12.4123335 77.74775468744937 40.98985279265459 2.791534280920542 0.13042044207822315 5.4115163798060095 100.96321761669336 65.81211082738636 26.389592043157247
2577 7400.884698613546 4813.092767206099 214.86692958772642 52.904939770023695 7394 7408 4807 4819 153.0 2.913500987370036 2.829029141630949 13.080432611767264 0.23905204513026426 0.4505284712272783 3.5474713992890967 0.0 209.39356092770888 19.248163 274.9474101224587 35.026513492239424 1.8233981987162218 0.3270341196198485 6.978639737521917 285.4170383741704 56.28439647309168 25.261300261558933
2578 9753.01429344037 4810.318343068771 214.84593196973952 52.88998125842112 9750 9756 4807 4813 38.0 1.7800509518144378 1.5811706929429834 10.689902548308503 0.4593164297652853 0.20121951977872987 0.3020183378751022 0.0 9.436932287232114 5.8792763 37.49018758570719 21.742360165113 3.095466663898436 0.06885764284350554 3.477898169151024 46.724934198889045 34.8874804192623 27.226128253876546
2579 6179.7056734994985 4821.031950094551 214.87776839546999 52.91273952462689 6164 6197 4810 4834 616.0 7.492580059847545 4.7397693412752995 9.720047895719556 0.774482701428745 0.20685175974158668 1.8331642388271485 0.0 403.9151889889213 37.479233 668.1016896396549 94.08598721791579 2.332357616610353 0.3202947712733554 14.002817212590296 829.5841219030791 150.3657318017839 24.102848922152248
2580 8659.69398897396 4817.303093828713 214.85563033265257 52.896965469268416 8656 8664 4814 4821 53.0 2.050020788777549 1.8564108401086672 -2.515097377254116 0.4242244385435733 0.21932760246634364 0.4213373259996334 0.0 16.678933110155633 6.696345 47.719615262495836 21.93056972635527 2.7668708262121324 0.10627528582495552 4.1073621666150775 58.14682503744887 35.36550276696834 26.988684984641512
2581 7165.360084767603 4818.018224539258 214.8689839785389 52.90646246695682 7163 7168 4816 4820 21.0 1.4955816428161364 1.080718759709627 -37.36607833254755 0.6912583898505453 0.20156983214150298 0.2377901345583129 0.0 4.636516982980732 6.828986 45.619547251484946 31.50277862561102 3.6751380430931397 0.02784844504964689 2.5854414729132054 64.77767381450428 51.49518813196305 26.871436629223975
2582 4027.2483100142517 4820.821848371155 214.89703205265533 52.92640835765897 4026 4029 4818 4824 20.0 1.6566976809320253 0.9236883954105632 -84.00007122491571 0.8301447365941799 0.17186514871911118 0.21097441546650295 0.0 3.8341827219599667 6.826551 28.852872660850775 30.26753189617537 3.519278266903426 0.036848946590206835 2.5231325220201604 38.67111655274098 48.86921653492397 27.431533220858604
2583 4167.363914729688 4826.303015544056 214.89572011019587 52.92554817482272 4158 4177 4818 4834 264.0 4.033407660792394 3.439347625960934 -6.459735744934623 0.52237625746597 0.2838898387977104 2.7331506473559424 0.0 261.54708925060976 25.799362 330.480938944302 47.27171768512798 1.8527792952375262 0.3432950679011497 9.166995688475081 364.6987942587257 75.57737628512609 24.995164181293607
2584 6037.463458238104 4822.7466635743 214.87902282631515 52.913652232640025 6033 6042 4818 4828 81.0 2.7158336536920458 2.0904717688928223 -48.21697040667511 0.6383637552565048 0.20323694603772835 0.4633523038306881 0.0 26.371142404022514 13.92906 97.9917010936305 48.562264560494995 3.0135968799597084 0.12657396663398485 5.077706251929807 216.70979596655894 78.29770650764706 25.5603036418889
2585 6279.632894528841 4822.778934554287 214.87685608270925 52.912114248416486 6274 6285 4818 4827 93.0 2.8611622568255215 2.246227105139795 24.7162475107491 0.6194006490585193 0.22063861035211846 0.527793239379232 0.0 33.257564465349425 14.707449 68.46241932730152 40.29428189554276 2.388696443244132 0.139659729509373 5.440847306724618 74.3517258727729 64.74872121461124 26.721772365154244
2586 9236.290295196959 4819.9875613953 214.85044814623063 52.89331656599564 9235 9237 4819 4821 7.0 0.7531052009948993 0.6952516663364912 -87.69514134395467 0.3843678846204602 0.26380277668121493 0.2825106738873238 0.0 1.9149480106276173 2.413817 20.17423929461689 11.001993980750775 3.7339728497754288 0.016788069590542787 1.4927053303604616 27.26063161966973 17.637768928461846 27.811160214819083
2587 6781.497186481534 4822.719962343587 214.87236760631228 52.90892617364913 6780 6783 4821 4824 14.0 1.0393773886356477 1.0148958836774613 2.6104299285222643 0.21576197017103807 0.2258674110693555 0.26046937347279175 0.0 3.3771193216597353 5.7780085 21.515422212357272 23.357909226240658 3.4105967338467758 0.030371579160518074 2.111004122822376 27.35114742466873 37.096731443836056 27.807561123989153
2588 1134.8864839868454 4843.171405569004 214.9226982668292 52.94489307920398 1124 1147 4823 4857 500.0 7.887149881902418 3.552083398675492 -64.20516493476052 0.8928453590469045 0.20422985710570876 2.047442116132798 0.0 387.0808415116955 29.462198 537.7645271874155 63.663064574384634 2.0214961543309093 0.3233431858550761 12.6156626101008 622.1722916562286 104.37407892543762 24.41522333508032
2589 3599.458437851691 4830.859286361393 214.9007558788994 52.92917898858615 3595 3604 4823 4837 111.0 3.5715847199044566 2.120263624713299 74.00293554379647 0.8047249335468706 0.1882464658308031 0.6210175032985664 0.0 40.794919708591884 10.682359 74.25885509792579 27.27694081461637 2.1805743450941257 0.17646055527132654 5.944106103225343 71.56568992263502 44.21265406024072 26.76323784397022
2590 460.2125958519806 4824.591766517986 214.9289389948649 52.949075575295076 459 461 4824 4825 5.0 0.769043684003154 0.4490772608911366 -18.662275384482054 0.8117950499325481 0.16031774641020238 0.17107661415750777 0.0 0.8347256450909573 2.9131935 11.099480830972649 13.388668932240172 3.925110175147931 0.014677718459108308 1.2615662610100802 16.2268996787821 21.773436194604 28.374411122032676
2591 724.4129912762918 4837.388496790588 214.92643683529357 52.94746756787167 720 730 4830 4847 145.0 4.051110467901303 2.3925350151880656 -79.3163866769177 0.8069736425301273 0.1697764423337181 0.5896272700378192 0.0 51.78743210535306 17.283623 93.04860204779541 42.231481147436575 2.1941546369104947 0.17739588102504858 6.793742230659745 93.30915447695287 68.24922920833569 26.4751893648087
2592 4211.460293657413 4848.216942003947 214.89509457006983 52.92538640161806 4198 4223 4832 4863 578.0 6.494473419307201 5.084853897299598 -86.04669906125378 0.6220834886251867 0.1889342258209151 1.4545289909740604 0.0 342.1445631892146 37.144184 448.9789803131788 73.83849989999399 1.845218040720062 0.2897062378328649 13.564037533648712 490.57514450645624 117.52948811351631 24.673236148870487
2593 838.9119561508762 4835.363862028174 214.9254322648488 52.946729803204605 838 840 4834 4837 11.0 1.0812880883183278 0.7636221381656978 -74.84328723421088 0.7079971892221442 0.17041059213949564 0.18120040755595512 0.0 1.933240913071659 4.3623333 29.79182549596535 20.200285188186562 3.8242333363498666 0.010720240841452811 1.8712051592547776 56.84836176513701 32.22773757936312 27.013205115330347
2594 4299.839162039015 4838.204837782553 214.89440897322905 52.92477114240631 4296 4303 4835 4841 43.0 1.8205319254550423 1.6699463338674019 44.5815180310364 0.3982317471156675 0.213894749975885 0.4933958372478695 0.0 15.3261062592771 9.908192 42.93128793673938 33.21769403671258 2.804889758559977 0.11965001031198143 3.6996385101659595 42.685489090464685 53.89548972081323 27.324299345165738
2595 300.48809859169717 4838.993066859049 214.9302185581602 52.950167209445766 299 302 4837 4841 14.0 1.1112083504597214 0.9707326678005843 -49.56311522555304 0.4866752830520882 0.14380886535954 0.17590970150112578 0.0 2.242734188633567 5.0905843 14.778594633376912 21.35600926183841 3.4658007907357162 0.037258256038979524 2.111004122822376 12.27321332643779 34.61435652601479 28.677604292604176
2596 7334.305478579608 4842.255365319041 214.86721783277528 52.90551999987378 7331 7338 4839 4846 51.0 2.038670117596346 1.8096382402564657 64.3368646585055 0.46050668736365463 0.251082764664116 0.4461732009117218 0.0 17.379603308232728 12.9114895 55.600713290418014 46.52231338777128 2.8889809928082486 0.0952406251150543 4.029119531035698 69.30267924136842 76.56974569669899 26.798124938100724
2597 8704.758312964135 4848.589050181297 214.8548979972904 52.896847874761676 8698 8712 4839 4859 254.0 4.571982886499179 3.2616833509843706 -79.4293663747916 0.7007501984405125 0.2365485711305827 1.5066429964944823 0.0 173.22741079424364 14.706008 250.42774347584648 33.058967463091754 2.0798913560815167 0.2691711512773427 8.991702346646203 269.87005464945946 53.094340592854124 25.32211325750467
2598 828.5249596308277 4841.536517632372 214.92546030022544 52.946829064527655 827 830 4840 4843 16.0 1.1130825938832172 1.0892026034539026 34.051408301366145 0.20602810244952593 0.13648959071785893 0.169050221876794 0.0 2.452961141029984 5.181876 27.525113069532487 24.358865873850377 3.733629346367108 0.041894386375510254 2.256758334191025 51.10391174638807 40.29094188647261 27.128864638858417
2599 1489.1316912291472 4844.116448804548 214.91951480010442 52.94264931964395 1486 1492 4841 4848 45.0 1.999987996774425 1.6332699763089877 60.72181849087182 0.5771475471543538 0.1919938595012178 0.33632806983972374 0.0 11.637753692535778 8.623754 32.830992230512834 28.859542571434446 2.757498102087077 0.09138498912099123 3.7846987830302403 30.94075777871096 46.31152021171108 27.673672635198397
2600 866.7136175240269 4845.468296033672 214.9250767182315 52.94660786952688 864 869 4843 4848 28.0 1.4697975377446275 1.4390277898783321 -79.2322482990913 0.20354632928251276 0.199359950892777 0.27938548074286085 0.0 6.876625661652248 6.8748193 35.84858963732343 27.40873706091079 3.2491855903483815 0.054714459542926294 2.985410660720923 52.680150014873945 44.268572987721846 27.095882492469485
2601 7906.515298807819 4851.19143444445 214.86200702779627 52.90193318500643 7899 7915 4844 4860 232.0 3.998889785231915 3.6172426527501678 -39.59498280247318 0.4263426801277492 0.2800857655344922 1.175206585772922 0.0 142.05097050192688 19.65435 219.10824437689047 45.96943912054236 2.055116952199203 0.22519890854412347 8.593479713983122 229.07180952926075 73.54481412964215 25.50007088373959
2602 8220.798934181597 4846.528227352359 214.85924618849236 52.899911428612185 8218 8223 4844 4849 30.0 1.5862190149492175 1.4004477052363216 -60.241627109947515 0.4695907689499835 0.17012682119839137 0.276433994045494 0.0 6.876829560181461 5.521521 22.998147150617548 18.487619498384433 2.927560916411458 0.07177348955493495 3.0901936161855166 16.96243535440092 29.554680560848656 28.326279486175828
2603 857.6011151898573 4847.595437827234 214.92513595371952 52.94667719972754 854 861 4845 4850 39.0 2.026812757128436 1.423645657612599 -18.086116255811465 0.7117764124793367 0.21832795080459294 0.32650772824933894 0.0 10.624875575224813 8.218161 54.88201958616328 32.02449391570059 3.228031055394992 0.06609857553111603 3.523362819972964 82.92045370339159 51.62104645719947 26.603345825769477
2604 4150.997324375535 4845.979564454566 214.89565934137326 52.92575828420348 4150 4152 4845 4847 9.0 0.8116879238291925 0.8101431262435729 -45.46163742431034 0.06166653007750268 0.16461970446560603 0.18504311755806988 0.0 1.579719059244916 5.012985 14.005505197750068 20.074495234601095 3.5311487355244764 0.023091424134046922 1.692568750643269 19.583115206710758 31.41139593542501 28.170295552850288
2605 4401.51752777907 4850.2998618484 214.8933714916057 52.92419071128578 4396 4407 4845 4856 119.0 3.0136355183955965 2.566818421281818 50.28031811023846 0.5239730251898014 0.26195918109378646 0.8435957927653276 0.0 58.30930476798987 16.448605 102.36022921474688 42.26642893383823 2.2532401114826492 0.18774149658315584 6.154581744998688 106.25391748557428 67.82569590430792 26.334137622346972
2606 835.6919818409274 4847.558097529331 214.92533264709996 52.94681607744171 834 838 4846 4849 14.0 1.3143428032213615 0.8184351199267406 -30.731313722951914 0.7824643962236614 0.16732179902526378 0.1948818970852866 0.0 2.577704134252903 4.8863606 30.305126180891776 23.125543797916137 3.7538804269485904 0.02691772967385356 2.111004122822376 48.72022396460146 37.162553209304754 27.18072680984769
2607 2270.6373661674907 4848.380491325233 214.91246991486773 52.937710787748166 2267 2274 4846 4851 35.0 2.0800050023752368 1.2608365525318632 24.654563735502332 0.7953351353908984 0.15854133893947422 0.21859413733568508 0.0 6.601074198093729 8.069831 27.059885083602662 29.276771130646488 3.08799196529411 0.05475668356822948 3.3377905890622728 26.173463037487807 47.076783428867245 27.855347029035492
2608 8811.162647915044 4847.814040704085 214.85395501120007 52.89616767143824 8808 8815 4846 4850 32.0 2.0312256672403475 1.1938759086228117 -9.39422351588093 0.8090343712086703 0.18937742384904815 0.2640192525036823 0.0 7.296112780113815 5.2584243 39.61716977416853 21.02317210231384 3.282499684911375 0.05545300009508418 3.1915382432114616 53.967421508370386 33.577492541185215 27.06967082862971
2609 7805.845995934229 4860.712105875857 214.86280687463238 52.902624058910206 7799 7813 4848 4871 251.0 4.781920343990983 2.9916904104499897 79.41322680328754 0.780123687710007 0.17453728610357008 1.6687592286685489 0.0 180.13640641452739 20.39967 260.3653934692694 46.31332389811694 2.090781025512147 0.29136720513725434 8.938444016277748 280.2814832008195 73.9607394155419 25.281013982403955
2610 7148.287414496177 4855.450878562398 214.86874240617107 52.90677282067916 7143 7154 4849 4861 120.0 3.1262336960545714 2.5879383798206614 44.590132266629574 0.5610034317968757 0.2556081557874335 0.702494513412939 0.0 52.99665326883349 16.72302 145.42154850337312 55.53277218186234 2.8212430454615496 0.15846968133628006 6.180387232371033 165.58290561899423 92.34436316133089 25.85246125188731
2611 3522.1025547096933 4858.4562472252355 214.90115771046914 52.929819116346984 3516 3528 4851 4865 159.0 3.675167463706997 2.97653609021001 -84.05212522140994 0.5865612275426787 0.20680257733221982 0.5342335603937455 0.0 55.02409981113196 16.773012 118.90930158181045 47.05842090935818 2.451495196373026 0.14638115032336035 7.1141599576634995 128.30948177272862 74.64917757394858 26.129353122713887
2612 3270.0784691259873 4858.236125415704 214.9034164116058 52.93141821603943 3263 3277 4852 4864 144.0 3.217718946307411 2.780635148719305 -25.935209858503118 0.5032111968304792 0.27746758215137 1.1445138377133188 0.0 86.93621512040909 16.536833 131.11053771942534 36.13161801496242 2.036428252882186 0.22410042285521933 6.770275002573076 146.65462915739008 57.538692251495675 25.984260559874603
2613 6471.084898521755 4874.984494149864 214.87459362849384 52.911179811019316 6458 6483 4852 4898 879.0 8.694769263393503 5.041787705232568 87.08000603186666 0.8147129587544817 0.2134484215013175 3.292704167780611 0.0 929.8056126154404 46.05232 1082.1024997767404 75.8741549348082 1.6807556177939436 0.3761005986577141 16.727055627203253 1140.757496962691 124.20095541894342 23.757016670997437
2614 1535.9013317487832 4858.029275944839 214.91894926845535 52.94242750904879 1533 1539 4853 4863 60.0 2.707637013131721 1.6120063401041047 71.98944523067482 0.8034624680307252 0.1831069796165392 0.31395764340213683 0.0 14.546047587623857 10.003566 49.93514857475057 35.88798941781035 2.9461072439118907 0.08907816801514844 4.370193722368317 69.97175894827498 57.50491729434658 26.78769302166783
