outputs/dr0.5_c0.1/nircam2_matched_f277w_f160w_dr0.5_c0.1.ecsv
# %ECSV 1.0
# ---
# datatype:
# - {name: label, datatype: int64}
# - {name: xcentroid, datatype: float64}
# - {name: ycentroid, datatype: float64}
# - {name: sky_centroid.ra, unit: deg, datatype: float64}
# - {name: sky_centroid.dec, unit: deg, datatype: float64}
# - {name: bbox_xmin, datatype: int64}
# - {name: bbox_xmax, datatype: int64}
# - {name: bbox_ymin, datatype: int64}
# - {name: bbox_ymax, datatype: int64}
# - {name: area, unit: pix2, datatype: float64}
# - {name: semimajor_sigma, unit: pix, datatype: float64}
# - {name: semiminor_sigma, unit: pix, datatype: float64}
# - {name: orientation, unit: deg, datatype: float64}
# - {name: eccentricity, datatype: float64}
# - {name: min_value, datatype: float64}
# - {name: max_value, datatype: float64}
# - {name: local_background, datatype: float64}
# - {name: segment_flux, datatype: float64}
# - {name: segment_fluxerr, datatype: float32}
# - {name: kron_flux, datatype: float64}
# - {name: kron_fluxerr, datatype: float64}
# - {name: kron_radius, unit: pix, datatype: float64}
# - {name: gini, datatype: float64}
# - {name: equivalent_radius, unit: pix, datatype: float64}
# - {name: kron4_2_flux, datatype: float64}
# - {name: kron4_2_fluxerr, datatype: float64}
# - {name: kron4_2_mag, datatype: float64}
# meta:
#   PHOTMJSR: 2.251199960708618
#   PIXAR_SR: 2.11539874851881e-14
#   __serialized_columns__:
#     area:
#       __class__: astropy.units.quantity.Quantity
#       unit: !astropy.units.Unit {unit: pix2}
#       value: !astropy.table.SerializedColumn {name: area}
#     eccentricity:
#       __class__: astropy.units.quantity.Quantity
#       unit: !astropy.units.Unit {unit: ''}
#       value: !astropy.table.SerializedColumn {name: eccentricity}
#     equivalent_radius:
#       __class__: astropy.units.quantity.Quantity
#       unit: !astropy.units.Unit {unit: pix}
#       value: !astropy.table.SerializedColumn {name: equivalent_radius}
#     kron_radius:
#       __class__: astropy.units.quantity.Quantity
#       unit: !astropy.units.Unit {unit: pix}
#       value: !astropy.table.SerializedColumn {name: kron_radius}
#     orientation:
#       __class__: astropy.units.quantity.Quantity
#       unit: &id001 !astropy.units.Unit {unit: deg}
#       value: !astropy.table.SerializedColumn {name: orientation}
#     semimajor_sigma:
#       __class__: astropy.units.quantity.Quantity
#       unit: !astropy.units.Unit {unit: pix}
#       value: !astropy.table.SerializedColumn {name: semimajor_sigma}
#     semiminor_sigma:
#       __class__: astropy.units.quantity.Quantity
#       unit: !astropy.units.Unit {unit: pix}
#       value: !astropy.table.SerializedColumn {name: semiminor_sigma}
#     sky_centroid:
#       __class__: astropy.coordinates.sky_coordinate.SkyCoord
#       dec: !astropy.table.SerializedColumn
#         __class__: astropy.coordinates.angles.Latitude
#         unit: *id001
#         value: !astropy.table.SerializedColumn {name: sky_centroid.dec}
#       frame: icrs
#       ra: !astropy.table.SerializedColumn
#         __class__: astropy.coordinates.angles.Longitude
#         unit: *id001
#         value: !astropy.table.SerializedColumn {name: sky_centroid.ra}
#         wrap_angle: !astropy.coordinates.Angle
#           unit: *id001
#           value: 360.0
#       representation_type: spherical
#   astropy version: '5.1'
#   kernelfile: kernel_f277w_f160w.fits
#   make_catalog parameters:
#     ab_zpt: 31.4
#     coadd_bands: !!python/tuple [f277w, f356w]
#     deblend_contrast: 0.001
#     deblend_nlevels: 32
#     deblend_npixels: 1
#     detect_kernel_fwhm: 4.0
#     detect_kernel_npix: 7
#     detect_npixels: 4
#     detect_threshold_nsigma: 3.0
#     flag_isolated_buffer: 4
#     hst_bands: !!python/tuple [f606w, f814w, f125w, f140w, f160w]
#     jwst_bands: !!python/tuple [f115w, f150w, f200w, f277w, f356w, f410m, f444w]
#     near_border_kernelsize: 21
#     reference_band: f200w
#   make_catalog version: 1.4.0
#   photutils version: 1.5.0
# schema: astropy-2.0
label xcentroid ycentroid sky_centroid.ra sky_centroid.dec bbox_xmin bbox_xmax bbox_ymin bbox_ymax area semimajor_sigma semiminor_sigma orientation eccentricity min_value max_value local_background segment_flux segment_fluxerr kron_flux kron_fluxerr kron_radius gini equivalent_radius kron4_2_flux kron4_2_fluxerr kron4_2_mag
[from data line 2697]
2698 4101.118688181844 4948.888940621172 214.89502177533333 52.92663033804788 4100 4102 4948 4950 8.0 0.8611967131346145 0.6814167325850929 45.51652951924146 0.6115005572766248 0.15323972247447185 0.1685627272085834 0.0 1.2895670375286403 1.7078304 14.04495086401559 7.926454131956238 3.7753311165772936 0.020014851128811562 1.5957691216057308 20.893253570219493 12.529806751843282 28.09998481225987
2699 2513.2036749973595 4953.636388645006 214.90918874193588 52.936738828380335 2510 2516 4950 4957 42.0 1.9330384177861568 1.6062417126934865 51.59351332726073 0.5563598971151933 0.1521359300332803 0.2374948242831831 0.0 8.152878261252836 4.2562914 29.732579320983735 14.376266347861863 2.9779513824999384 0.0759504457145013 3.656366395715726 37.829405263285686 23.105981388838863 27.455426216085055
2700 8801.149819543853 4959.96353452222 214.85286336805694 52.8968360442862 8796 8806 4950 4971 192.0 5.1143802703970085 2.546620269516162 -86.6064875440423 0.8672153273976869 0.24444415219958363 0.7778480418126249 0.0 97.03396603042145 6.8730125 240.3787597543765 21.811196304207943 2.7327721202235935 0.16076378745551256 7.817640190446719 346.9540782594512 34.91868603907503 25.04932000811139
2701 882.2330330653344 4955.606194493811 214.9237773366255 52.94710395098829 879 885 4952 4959 46.0 2.023727148140576 1.6615688880753825 -70.3456437682386 0.570865016749472 0.16138639576828304 0.2891309825226844 0.0 10.54635385476263 4.2703524 33.57634603542802 15.153204555789019 2.876210682862807 0.08404475461259805 3.826519928662906 35.87269222298188 24.21379396439067 27.513090071433204
2702 10287.005991976443 4957.028904300297 214.8396153351333 52.88737914055163 10283 10290 4953 4961 57.0 2.304428720243888 1.8001887443282676 -66.60047626239653 0.6242976523657988 0.22545434825963392 0.41814259796418535 0.0 18.615306294608985 4.5929 78.02790198486255 17.196091959493113 3.1179147946348014 0.0934784331978952 4.259537945889915 109.89429170451109 27.575223650091523 26.297562164428463
2703 9335.689335659097 4963.371021699966 214.84804969267816 52.893458141332616 9329 9343 4956 4971 158.0 3.6693376785529312 2.8686972254002505 -53.43731826141422 0.6235261925515372 0.3267711871652132 0.9994802525734732 0.0 96.56416355002762 7.883553 195.85242492929189 21.47174782825318 2.452234298080748 0.17293468883527907 7.091753098990329 225.44864012197826 34.24553681165618 25.51738094989887
2704 3159.932139098453 4963.727805515348 214.90329132440763 52.93268692802274 3154 3167 4959 4969 123.0 3.2619135264525254 2.5793420689739928 -4.272396618185402 0.6121455873648955 0.19840258987268705 0.52779381052002 0.0 42.19895556316799 6.6089215 92.39330746086904 19.22293609008091 2.507387625138738 0.14947423065463525 6.257165172872317 131.55737804418737 30.94310580581675 26.1022119766229
2705 8689.528977009846 4963.414223920944 214.85382480205797 52.8975638272581 8685 8695 4959 4968 77.0 2.540166338844596 2.050640238591841 -24.868301036016696 0.5901606748292204 0.28498954375966856 0.7492501116690597 0.0 37.374698245259516 5.424056 76.03422901872796 14.920326388329235 2.4129967404028623 0.15500114287469538 4.950743503369154 80.6511698940594 23.695782903556186 26.63347332131218
2706 4087.429854230162 4968.375630990363 214.89493903249726 52.926822418025814 4080 4095 4961 4976 169.0 4.361825072103754 2.6005578162583123 41.317100018858895 0.8028295283230149 0.2624746433007037 0.7356555733046418 0.0 80.09668397454311 8.062036 145.2631532301046 20.73443769191094 2.269396519994591 0.16117736239445604 7.334464586120832 163.28779726997578 33.33657795600039 25.867615673742087
2707 6436.928258644832 4963.210466032282 214.87396988062383 52.91187268296645 6436 6438 4961 4965 12.0 1.2160197082519493 0.741089004212347 -80.07464329445392 0.7928334869291815 0.16500182122782733 0.19123685285121172 0.0 2.1745116359012604 2.018925 33.491188609901776 9.511607221602494 3.862233343727309 0.026426083730408473 1.9544100476116797 57.843342597528135 15.204096828842792 26.99436654595234
2708 542.6623855888106 4969.772735583577 214.92667065033743 52.94933602907543 536 549 4962 4977 172.0 3.8257962485333037 2.7650361294604915 -51.14448311950309 0.6911254536238626 0.23443115815151097 1.019325008965954 0.0 88.71299326850686 8.095004 130.78974868612175 16.152497868313457 1.8391436117499003 0.2309436972768104 7.399277020331919 129.76959366862462 25.431001463106174 26.1170676380394
2709 6412.323933548315 4965.791831074042 214.87416277808188 52.912042890959185 6406 6418 4962 4969 77.0 3.0588456626353944 1.8049934955879996 -7.038105886217364 0.8073376480632691 0.21457560277041493 0.4109843564292422 0.0 23.23134380200291 5.087487 94.58250003868247 18.69253808645728 3.0739736464002014 0.10590405932389736 4.950743503369154 159.24030871732526 30.039745981713136 25.89486747281372
2710 6865.776142399096 4966.465012082053 214.87009978521317 52.909166186314565 6861 6870 4962 4971 80.0 2.3865936472822074 2.3681221797262344 -80.67474296625652 0.12417509569116414 0.24498802068698536 0.48610669047124855 0.0 27.73899459330272 5.3448324 97.68600673499984 18.80625773976018 2.989639443115292 0.11556909523706362 5.046265044040321 133.29031309873136 30.02966330436852 26.08800352970307
2711 3008.9787438380986 4968.904988309932 214.90458839388205 52.933673364629264 3006 3012 4965 4973 50.0 2.128128504192126 1.7640810399556897 -71.34018937582366 0.5593443596662822 0.1613199453717494 0.2617982110231039 0.0 10.879557493059602 4.2222576 45.3723202024367 16.173216130063285 3.105055313013121 0.07406326975144399 3.989422804014327 63.58422157093468 25.862099466364555 26.891626602971265
2712 6213.094699328923 4966.90902517405 214.87593318627168 52.913314380999545 6211 6215 4965 4969 22.0 1.3464116045159344 1.2283735967991103 -46.61755913612798 0.4094525606184923 0.16424973056591832 0.20495407322559137 0.0 4.044654020550001 2.8177538 30.132928140747296 11.834738198772293 3.4946864853684025 0.036802478052375055 2.6462837142006137 53.37483823195106 18.896969118616685 27.081658570553245
2713 8517.703419624577 4971.5962030064875 214.85527463745782 52.898699615125395 8511 8525 4965 4978 137.0 3.756273689959706 2.382486494095228 37.5854924497799 0.7731127535478504 0.28433374807922374 1.000208364266618 0.0 82.02756897142073 6.9779267 125.97835560161772 14.56640734294102 1.8280382416391707 0.18611563867940015 6.6036697681803656 120.38917482459657 23.449742883227675 26.198531405729202
2714 6050.499865500924 4966.497754480745 214.8773920634193 52.91434491188757 6050 6051 4966 4967 4.0 0.5003448075283902 0.4996498905560296 44.79287215295606 0.05268608291239859 0.18851323664554567 0.1907434384604329 0.0 0.7583093663936797 1.2739313 11.295687653007445 5.530312527405655 4.108650731173606 0.0034576917835456335 1.1283791670955126 20.12303677221627 8.84683595603429 28.140766197969562
2715 7389.5381078730325 4977.588066440121 214.86529851232416 52.90589906096906 7381 7398 4967 4987 239.0 5.517594390661282 2.8533948017537605 -50.64414791416094 0.855897972550233 0.2018998087928432 0.7314727552052817 0.0 98.7458492470636 8.954956 201.02428807182827 25.812871846009998 2.4894075547923786 0.18357439885463522 8.722159296752494 264.0163272194979 41.260079759370974 25.345923036972447
2716 9437.076359247227 4968.827319934183 214.8470861013851 52.89284336152045 9435 9439 4967 4971 19.0 1.539616494336507 0.9464039590980906 37.66925340303285 0.7887601362311314 0.19010436732572902 0.23666050113722248 0.0 4.092517427851558 2.6822083 28.834758129257203 11.5874327370517 3.488113882531587 0.03530658610043982 2.4592453796829674 36.491976009208095 18.824619704204 27.49450654831212
2717 2327.410349057252 4978.3369583336935 214.91059240899568 52.93805177986904 2322 2333 4968 4987 165.0 4.189929214269984 2.527109054616914 85.07321073234006 0.7976362185833861 0.19067683423987852 0.8363195521625071 0.0 75.00193780354981 8.025958 144.47238788559451 21.493830372011498 2.4181862202135505 0.20863273152009534 7.247146419131151 192.506244728484 34.42724376908171 25.688887944516843
2718 3127.9732580833725 4972.936953204412 214.90348045959595 52.93293955615173 3122 3134 4968 4978 98.0 2.9417318477676564 2.2770289240850836 -18.948898019488926 0.6331322077328586 0.20748329534757592 0.5525093341090593 0.0 35.075047340456635 5.9153547 83.33434531234522 18.360052076574387 2.621112638075143 0.1490331186453632 5.585191925620057 117.56410515618842 29.22177067500603 26.224313143612534
2719 6222.21251239229 4969.829064080065 214.87582086468097 52.913272218941174 6220 6224 4969 4971 13.0 1.367538302073071 0.7295943563886732 10.767572047534829 0.8457942200123009 0.14167640526198624 0.16815521315735552 0.0 2.063023703542669 2.090076 26.062488032771647 9.905434343196566 3.7489046455485338 0.026817749823304638 2.0342144725641096 46.12703514857296 15.989794625242752 27.24011114778428
2720 8787.311648172417 4976.851117705557 214.85280920429958 52.89701502876424 8784 8791 4974 4980 41.0 1.7814576726261708 1.658562144679154 -15.206243923953336 0.3649833088299215 0.2033659207578788 0.3564997256932584 0.0 11.221955401362813 3.2364151 51.53405233209352 11.876129888610153 3.1527976541275198 0.09658108635380508 3.6125759969217834 82.62850324628101 19.03364518434614 26.607175285232458
2721 2690.6722134004244 4980.5227697165255 214.9073162568535 52.935757142015426 2686 2696 4975 4986 89.0 3.4386705922508214 1.9051931783562048 56.223468496627525 0.8324838297733055 0.16027298122631073 0.304439613413873 0.0 20.99332139195134 6.2608614 59.95029379730238 19.29519788549783 2.736015963642913 0.08539572219846482 5.322553886092406 74.41907130512092 30.78608915373069 26.720789384885173
2722 2579.3074944226537 4979.139547147194 214.90832809827577 52.9364567668939 2577 2582 4977 4981 26.0 1.491394846273188 1.3081649945086489 -2.078480741051873 0.48023118059200726 0.15214405017233604 0.21809846447801903 0.0 4.902188482265257 3.065969 20.81732234289552 12.613333723790552 3.083521817816115 0.057569183658676255 2.876813695875796 26.491544242928892 20.822625413875546 27.842231812766222
2723 6420.832344445641 4978.432546678364 214.8739535237902 52.91205703370215 6419 6422 4977 4980 11.0 1.1165278839141046 0.7522706793590505 48.83384364716073 0.738951180761239 0.19012046882206696 0.21622368617709767 0.0 2.244987700241288 1.9264507 34.77088782414677 9.201001877412585 3.8268208368026606 0.027783426476393782 1.8712051592547776 71.40685561846692 14.805668463215246 26.765650226359956
2724 1639.6080602476704 4980.1866782693705 214.91673335762846 52.942428538495186 1638 1641 4978 4982 16.0 1.4020653836532044 0.8646163284427479 -58.133605991828254 0.7872191591737538 0.16704130127410116 0.19157778276583082 0.0 2.874899083646999 2.3862588 29.03187116311726 10.589063587511284 3.6384215217350486 0.023862048207411026 2.256758334191025 45.90910263013978 16.996981850306057 27.24525299039966
2725 6818.230655055016 4982.730258614012 214.87035370970133 52.90955593601797 6815 6821 4978 4986 49.0 2.1983022480325984 1.660122699862592 -62.1674697914429 0.6555128647470171 0.19267122729654237 0.3414766848496874 0.0 12.993277422143905 4.2365417 54.699918391977846 15.747505361165562 3.1437523924626922 0.08749172163524901 3.949327084834294 69.4141302048319 25.24706841397874 26.796380284765515
2726 2273.750020685101 5007.554312770457 214.91076518098558 52.93855017481283 2248 2302 4979 5042 2352.0 11.692008026657312 7.519586563087499 57.04649745662721 0.7657494389581452 0.1980183092890442 11.110802956861342 0.0 4397.460520362591 29.582644 4612.65524204877 38.80056823633157 1.5269184760055754 0.5363896924015158 27.361740666563517 4891.147333115534 62.36206920000654 22.17647313746971
2727 7069.69156102626 4981.928187469193 214.86811316891655 52.907954271096656 7067 7073 4979 4985 37.0 1.7274366725209676 1.5797879398302221 39.95135778155138 0.40452426017824 0.16841997066341274 0.2998929877844968 0.0 8.746740029594958 3.7670474 30.044085910645492 12.907561417215422 2.996898162563582 0.08598672440998419 3.431831258788849 26.746706885158652 20.701467154357015 27.831824204167052
2728 9021.774359703082 4984.461056289488 214.85063329730696 52.895566392088305 9018 9025 4981 4988 45.0 1.9523266822047158 1.6679500736904653 57.60106622118936 0.519715095536265 0.1948137699994928 0.35538649311105946 0.0 12.442151016453007 4.088537 35.337610696166294 13.315259428015553 2.7722790392318117 0.09407389257901365 3.7846987830302403 35.024613054677204 21.25860947545368 27.539066635048137
2729 4175.131085708896 4987.127590493795 214.89395647829141 52.92636667239414 4171 4179 4983 4991 61.0 2.3958000916140865 1.7988964214495813 46.08065513408289 0.6604680597175455 0.16529384714553297 0.33090662362117623 0.0 14.745625672151732 4.813286 36.016102413046205 14.834642537822617 2.6164022328392367 0.11211700492109108 4.406461512053774 36.13992816732903 23.7168373344737 27.505031787473385
2730 2474.31306981283 4993.475685932475 214.9091173230732 52.9372007795598 2463 2485 4985 5001 225.0 6.343963624941622 2.7434172299780544 -32.05005225002477 0.9016601719292126 0.12940070144419488 0.224268804608589 0.0 41.03402294131937 9.280091 176.25082923744307 34.4460129550259 3.032261676581593 0.07736666324559338 8.462843753216344 321.1763365635991 55.22415503642754 25.13314114975386
2731 6685.1494262175665 4989.937215455334 214.8714681032186 52.910440156450676 6681 6689 4985 4995 80.0 2.7023255831697197 2.031269975363182 65.59723107565912 0.659533950803907 0.19781172495202534 0.47829696795234916 0.0 25.665837572145076 5.35743 58.12982542075319 15.61860981493421 2.554332223523234 0.14037305218916352 5.046265044040321 66.89027955595374 25.42981370556405 26.83659247246875
2732 6196.00409370626 4990.588994634749 214.87583664651712 52.91355067525472 6192 6200 4987 4993 42.0 2.1170712612944915 1.49255808974767 23.035116910774175 0.7091965743695631 0.1538040081826412 0.25211059132396246 0.0 8.907186328496948 3.7726157 54.92462617508329 15.58242843222589 3.366668936725151 0.06740807428679749 3.656366395715726 96.22017007242073 24.936653464085467 26.4418346995063
2733 802.0821800888092 4990.48351755895 214.92412801419076 52.94780104695501 800 804 4988 4993 24.0 1.375413559898166 1.288254502181615 82.93480282562344 0.35031845214655405 0.11379218204213266 0.1751286168004688 0.0 3.4326915937639924 3.1907618 16.250271095712492 11.998574079329842 3.188903972813592 0.07635812286137987 2.763953195770684 22.169426756121233 19.14984950356796 28.03561384117318
2734 3054.7692929961327 4995.117868086066 214.90390224636562 52.93352408172733 3050 3060 4990 5000 103.0 2.705276591245694 2.640543933435077 36.06763930925784 0.21744890840247624 0.2035045676853487 0.4710577631791068 0.0 33.15914349065953 6.179535 70.41639879300732 17.64396896976097 2.4459484211052973 0.1327659047238943 5.725898905580716 69.15406283218415 28.18572123864691 26.800455749524208
2735 3745.608146031859 4991.6239399369315 214.89775399057302 52.929118503133495 3744 3747 4990 4993 13.0 1.0617095625702329 0.9095469626635381 45.016994576786225 0.5158456862237949 0.12571262748068118 0.14900718963972207 0.0 1.767496797846482 2.1888032 9.945433809225797 8.887883614733529 3.376899900302751 0.03331502749222345 2.0342144725641096 10.49281795044234 14.347793190255802 28.847769655117123
2736 10118.863784565809 4995.292080446969 214.84071474523105 52.888653873737375 10115 10123 4990 5002 76.0 3.055019536349789 1.7660915435686915 70.25073946310184 0.8159694612092855 0.21250914057124654 0.45394520780109643 0.0 24.656844582598985 5.2032404 66.90966878323798 16.987798546115833 2.7464265796920597 0.11720534796766542 4.918490759365935 67.99175329432438 27.33258328064037 26.81885939896822
2737 6393.400519157232 4994.511645753745 214.8740295407244 52.91231801169998 6390 6397 4991 4998 45.0 2.090589897704722 1.57138000568064 -34.213473575662626 0.6595686681378112 0.1639363101927524 0.27854270026469474 0.0 9.715453974787923 3.8830817 39.020922536354874 14.243550613298856 3.0386226209238303 0.08650752167004681 3.7846987830302403 74.46109524321838 23.088838068325135 26.720176450156146
