outputs/dr0.5_c0.1/nircam1_matched_f277w_f356w_dr0.5_c0.1.ecsv
# %ECSV 1.0
# ---
# datatype:
# - {name: label, datatype: int64}
# - {name: xcentroid, datatype: float64}
# - {name: ycentroid, datatype: float64}
# - {name: sky_centroid.ra, unit: deg, datatype: float64}
# - {name: sky_centroid.dec, unit: deg, datatype: float64}
# - {name: bbox_xmin, datatype: int64}
# - {name: bbox_xmax, datatype: int64}
# - {name: bbox_ymin, datatype: int64}
# - {name: bbox_ymax, datatype: int64}
# - {name: area, unit: pix2, datatype: float64}
# - {name: semimajor_sigma, unit: pix, datatype: float64}
# - {name: semiminor_sigma, unit: pix, datatype: float64}
# - {name: orientation, unit: deg, datatype: float64}
# - {name: eccentricity, datatype: float64}
# - {name: min_value, datatype: float64}
# - {name: max_value, datatype: float64}
# - {name: local_background, datatype: float64}
# - {name: segment_flux, datatype: float64}
# - {name: segment_fluxerr, datatype: float32}
# - {name: kron_flux, datatype: float64}
# - {name: kron_fluxerr, datatype: float64}
# - {name: kron_radius, unit: pix, datatype: float64}
# - {name: gini, datatype: float64}
# - {name: equivalent_radius, unit: pix, datatype: float64}
# - {name: kron4_2_flux, datatype: float64}
# - {name: kron4_2_fluxerr, datatype: float64}
# - {name: kron4_2_mag, datatype: float64}
# meta:
#   PHOTMJSR: 0.4047000110149384
#   PIXAR_SR: 2.11539874851881e-14
#   __serialized_columns__:
#     area:
#       __class__: astropy.units.quantity.Quantity
#       unit: !astropy.units.Unit {unit: pix2}
#       value: !astropy.table.SerializedColumn {name: area}
#     eccentricity:
#       __class__: astropy.units.quantity.Quantity
#       unit: !astropy.units.Unit {unit: ''}
#       value: !astropy.table.SerializedColumn {name: eccentricity}
#     equivalent_radius:
#       __class__: astropy.units.quantity.Quantity
#       unit: !astropy.units.Unit {unit: pix}
#       value: !astropy.table.SerializedColumn {name: equivalent_radius}
#     kron_radius:
#       __class__: astropy.units.quantity.Quantity
#       unit: !astropy.units.Unit {unit: pix}
#       value: !astropy.table.SerializedColumn {name: kron_radius}
#     orientation:
#       __class__: astropy.units.quantity.Quantity
#       unit: &id001 !astropy.units.Unit {unit: deg}
#       value: !astropy.table.SerializedColumn {name: orientation}
#     semimajor_sigma:
#       __class__: astropy.units.quantity.Quantity
#       unit: !astropy.units.Unit {unit: pix}
#       value: !astropy.table.SerializedColumn {name: semimajor_sigma}
#     semiminor_sigma:
#       __class__: astropy.units.quantity.Quantity
#       unit: !astropy.units.Unit {unit: pix}
#       value: !astropy.table.SerializedColumn {name: semiminor_sigma}
#     sky_centroid:
#       __class__: astropy.coordinates.sky_coordinate.SkyCoord
#       dec: !astropy.table.SerializedColumn
#         __class__: astropy.coordinates.angles.Latitude
#         unit: *id001
#         value: !astropy.table.SerializedColumn {name: sky_centroid.dec}
#       frame: icrs
#       ra: !astropy.table.SerializedColumn
#         __class__: astropy.coordinates.angles.Longitude
#         unit: *id001
#         value: !astropy.table.SerializedColumn {name: sky_centroid.ra}
#         wrap_angle: !astropy.coordinates.Angle
#           unit: *id001
#           value: 360.0
#       representation_type: spherical
#   astropy version: '5.1'
#   kernelfile: kernel_f277w_f356w.fits
#   make_catalog parameters:
#     ab_zpt: 31.4
#     coadd_bands: !!python/tuple [f277w, f356w]
#     deblend_contrast: 0.001
#     deblend_nlevels: 32
#     deblend_npixels: 1
#     detect_kernel_fwhm: 4.0
#     detect_kernel_npix: 7
#     detect_npixels: 4
#     detect_threshold_nsigma: 3.0
#     flag_isolated_buffer: 4
#     hst_bands: !!python/tuple [f606w, f814w, f125w, f140w, f160w]
#     jwst_bands: !!python/tuple [f115w, f150w, f200w, f277w, f356w, f410m, f444w]
#     near_border_kernelsize: 21
#     reference_band: f200w
#   make_catalog version: 1.4.0
#   photutils version: 1.5.0
# schema: astropy-2.0
label xcentroid ycentroid sky_centroid.ra sky_centroid.dec bbox_xmin bbox_xmax bbox_ymin bbox_ymax area semimajor_sigma semiminor_sigma orientation eccentricity min_value max_value local_background segment_flux segment_fluxerr kron_flux kron_fluxerr kron_radius gini equivalent_radius kron4_2_flux kron4_2_fluxerr kron4_2_mag
[from data line 2860]
2861 6974.685238673953 3458.1244278956224 214.95721396239807 52.9726992856588 6973 6977 3456 3460 19.0 1.3905282001225086 1.0139753538203968 56.99406115261429 0.6842989571803846 0.2559399868965467 0.3729921077283766 0.0 5.823613161080568 0.4224927 31.826344413911745 1.6855322884387245 3.3057767307284904 0.07094984868913759 2.4592453796829674 45.59496382465636 2.6997758515588357 27.252707811318597
2862 8471.983109106994 3457.004267288289 214.94379827194612 52.9631912494408 8471 8473 3456 3458 5.0 1.0157099063680106 0.38844507782952314 -58.377271319355316 0.9239815580782764 0.2521298922357621 0.2819264904283609 0.0 1.339608882988934 0.2551869 18.673915563845227 1.1778601156693227 3.7632328482128146 0.02889198389688524 1.2615662610100802 42.6898969594122 1.7749017156502602 27.324187233628027
2863 3056.652841547241 3459.3895403045717 214.9923646971802 52.997563085619085 3055 3059 3458 3461 16.0 1.2217714491982172 0.9619314470996578 -23.436659880558068 0.6165379420189108 0.18391674355401283 0.3253625559246932 0.0 4.244639509553368 0.39669976 12.904522348557617 1.341908353117593 2.81949598134136 0.08826372946442766 2.256758334191025 13.240357143638235 2.1397272750584064 28.595250750341357
2864 7136.495991233884 3463.309772086209 214.9557079493482 52.971700501892485 7129 7144 3458 3469 151.0 3.228420575665113 2.4202591427169455 6.847157038530497 0.6618086352075708 0.1943126863219747 1.962360686429218 0.0 103.46973568340296 1.3734833 128.0492724396422 2.2349725633609983 1.6857604350079536 0.35678261177346954 6.93287767191607 129.56130866239715 3.428153636982581 26.118811684882743
2865 4407.006262341512 3461.270702035991 214.98022098913236 52.98900745653749 4405 4409 3459 3463 20.0 1.4064595268048259 1.0897379426380602 45.123057189358676 0.6321950057379018 0.21408608649135816 0.2717483013263689 0.0 5.0307596260663106 0.4390823 42.35184327707847 1.9210868426298384 3.5773372588359464 0.039712572593942425 2.5231325220201604 66.00842559026961 3.064317185913818 26.85100156440995
2866 7102.122663795609 3462.045455110087 214.95602958015448 52.971911794973174 7100 7104 3460 3465 19.0 1.6335796671780067 0.8641205775339298 -54.73523532069701 0.8486382571984276 0.21410333144173466 0.356418975984946 0.0 5.4955460107193765 0.42436302 27.19167114605147 1.692101879815712 3.18800785234152 0.0811642487262711 2.4592453796829674 47.048984574735016 2.682310182235354 27.218624363022634
2867 7863.380562443879 3460.887812918049 214.949214477117 52.96707465377674 7862 7865 3460 3462 11.0 1.0611185896422037 0.7512352934276711 -15.123077584360145 0.7062470744259947 0.32365209056506183 0.41655400689424743 0.0 4.034685521177348 0.35217136 15.900641324920551 1.316772816198662 3.130293550979569 0.05432410450316766 1.8712051592547776 7.8521904370698135 2.12787391122631 29.162522940291627
2868 7906.6375055286435 3462.7288898648785 214.94880717560298 52.966810079824334 7904 7909 3460 3465 26.0 1.407352636980132 1.2657640987854126 57.20778578969595 0.437139529264491 0.21743469456435002 0.5505305605287755 0.0 10.122614884802111 0.5956074 20.909179393877274 1.5405935020499952 2.4042231994190164 0.1461755624719019 2.876813695875796 11.040758090241201 2.461423596923486 28.792502764183446
2869 2693.2000975956303 3468.9536479220674 214.99552790630673 52.99992008253526 2690 2696 3466 3472 37.0 1.6634247724733275 1.5489567287065906 -42.717544647042956 0.3645461564776967 0.2593283506031961 0.5749831173374682 0.0 14.62883136860921 0.62538433 35.671021700505555 2.0688258712703456 2.6596199089289403 0.1344720723907911 3.431831258788849 41.98583607345923 3.204080778413123 27.342242985469266
2870 587.1559245267989 3469.962554504586 215.01443755210505 53.01328196586197 584 590 3467 3474 39.0 2.2244876190235234 1.2546808751241612 -51.576922863400064 0.8257533379936257 0.2037647425707244 0.46224240161339336 0.0 12.79371585988956 0.60829073 34.95675551257444 1.9971542728698044 2.7193985913322813 0.12486160918041955 3.523362819972964 48.392453752381606 3.171607238224267 27.188055890786416
2871 4369.510390771498 3470.03524852159 214.98046520781236 52.98929268397426 4368 4372 3468 3472 18.0 1.2213904196274858 1.059719081340279 -61.96344724637287 0.4972045270246942 0.2594109765440699 0.5027109908431473 0.0 6.8874914323308465 0.41013005 17.403985961796366 1.2921860807922256 2.618597640899003 0.11005789435352148 2.393653682408596 16.880798452592558 2.0894066397907065 28.331517538328928
2872 6613.4038338928485 3470.676890210321 214.9603224763921 52.97505958813763 6612 6615 3469 3473 18.0 1.2675761368693945 1.0098702557669221 -82.82988543721784 0.6043829328082736 0.2130558177027286 0.5197391119521367 0.0 7.091479463585944 0.42516094 19.598269567141678 1.3415937784362872 2.715748502205401 0.12168629037794697 2.393653682408596 26.48477435481284 2.1453004550811023 27.84250930704534
2873 7091.163500758153 3471.9814870931687 214.95602317759057 52.97203500737692 7089 7093 3469 3476 30.0 1.9202215221655525 1.150833396964953 -77.53259808214816 0.8005071180298668 0.1830462586839538 0.3483645385049208 0.0 7.622090378003828 0.5358391 39.62512275343538 2.127277007897511 3.251894461761364 0.1027949126235923 3.0901936161855166 51.800517163594414 3.3772161652578148 27.114164760860174
2874 720.8974905110971 3476.8778443956758 215.01316280963337 53.01247126105635 714 729 3471 3483 137.0 4.001943708749097 2.4741044656941544 -26.56680886834107 0.7860006229180072 0.19762167135330538 0.6112973245217207 0.0 48.59867040021379 1.1888978 115.11025864875731 3.644172631645 2.6096074385311554 0.1583203771707127 6.6036697681803656 120.2920243070184 5.804527975421584 26.19940791656889
2875 2145.760911952983 3474.032942699785 215.00039133501335 53.00341966207134 2143 2148 3471 3477 36.0 1.67969279862274 1.438505984836928 -68.04537192405155 0.5162960694258915 0.1903665282673973 0.5496738885438424 0.0 12.830110362952725 0.6129414 33.561843439419796 1.922015265415446 2.777193293127052 0.16458346955185088 3.385137501286538 42.48581892165545 3.017648281375159 27.32939001556869
2876 7664.922150741124 3475.076418635188 214.9508446861413 52.96841072757534 7660 7670 3471 3479 79.0 2.6027487080020597 1.8779076849732765 -20.64504879966187 0.6924046296232774 0.19602783356202866 1.0178724683920397 0.0 38.92063784017404 1.0395904 54.152834579609504 2.044563908635525 1.8774605278414334 0.24884665017062507 5.014626706796775 58.636448065000266 3.226738906221445 26.979580862991458
2877 7851.994982181618 3472.0288953690333 214.94919918198832 52.967207080319284 7851 7853 3471 3473 9.0 0.8109890510502863 0.8009146942543315 24.65165759608863 0.15713148871615937 0.30539083526498667 0.3797846493226592 0.0 3.093973241556531 0.33294657 18.116682768541278 1.333765023536091 3.338177771808994 0.04070734684974959 1.692568750643269 16.324522163179893 2.126618690072812 28.367898805366735
2878 9613.16127744001 3478.69744576271 214.93333977959352 52.95606534001698 9609 9617 3476 3482 38.0 2.4606133718530367 1.1825736972870367 -34.19522282799433 0.8769392812220428 0.27321042319639727 0.5583383364680725 0.0 16.524034298992586 0.7521685 44.407046749959505 2.315361973165167 2.6473138709720465 0.09481238824883734 3.477898169151024 48.10283777987827 3.625268620593083 27.194573255230274
2879 9927.605953595204 3479.541908879732 214.93051269236966 52.95407396289227 9924 9931 3477 3482 37.0 1.7702538952203712 1.4527927368426143 -12.313243973984699 0.5714036814916521 0.2350611610364899 0.5724453283040327 0.0 14.650105543875291 0.6322455 32.98995267650137 1.9261029827557468 2.570519382726587 0.13853444564576972 3.431831258788849 36.46141105910206 3.1067767074155315 27.49541632032414
2880 4091.1201946604947 3482.466930502644 214.9828332993943 52.99112589235734 4086 4096 3478 3486 65.0 2.733590519930984 1.5591758832470146 29.905692841997922 0.8213833518319575 0.13966718449341123 0.6719407365918403 0.0 26.40447207291267 0.81714994 52.312316562036116 2.2655341002789005 2.4431769883688603 0.18369796596460053 4.54864184146723 58.031580500221 3.6263160814522717 26.990839002971
2881 10300.764496016847 3484.905554981423 214.9271121082756 52.95173421085718 10295 10306 3479 3491 125.0 3.113116930950758 2.2156486370128654 -56.12111999881971 0.7024694327892529 0.19408609326970283 1.5735850015313533 0.0 78.64995991676274 1.4946423 139.8892077857901 3.7545338008048366 2.46608212447049 0.3131066944115775 6.3078313050504 150.25031098353367 6.378915225483534 25.957961551086886
2882 9517.121739509956 3489.8146473890565 214.93408344343115 52.95673496506865 9505 9532 3480 3500 457.0 4.462350609431661 3.4497428245127946 9.467866558603939 0.6343115866475596 0.1691040954208164 11.008483727087757 0.0 736.3178121002671 2.677044 782.0084020768016 3.3308715709022994 1.5890870370848642 0.5854471100155118 12.060995729457511 847.9413011847273 5.174243634895271 24.07908552694639
2883 2332.5903923153105 3484.6049476459866 214.99860176767373 53.002291865475605 2331 2334 3483 3486 15.0 1.103602182835725 0.9822759380384496 -46.10937485896853 0.45583670380065444 0.21120208296674575 0.31928991224411424 0.0 3.964935986022596 0.3699548 13.275192901427433 1.3130267662023378 2.9355777106922125 0.07575502987830478 2.1850968611841584 19.46494012565212 2.1108062249109447 28.176867319594688
2884 3821.2765027438118 3489.8400363653955 214.98517817206442 52.99287750208964 3815 3828 3483 3496 152.0 3.4065824895631005 2.6705789864965 46.54743103854864 0.6208281761054011 0.21566338856608078 1.1242147112945258 0.0 78.4087453276812 1.355572 112.28051472056086 2.7078525620740446 1.9405116488187648 0.2557350352768284 6.955796338302048 119.68329306328938 4.24814993533415 26.204916174460656
2885 4519.012874423094 3490.237649810564 214.9789103055138 52.988453423720316 4511 4523 3484 3496 129.0 3.8306207048028607 1.9124080076718861 -75.89999705857325 0.8664624028216764 -0.022567800927881795 0.2528885811682518 0.0 1.3222696405501833 2.6964412 69.18550674532327 31606187.542194415 4.352320747300914 0.8299682607095574 6.407961869245868 153.04724136967536 53789065.96681095 25.93793623505758
2886 429.3010337131938 3490.9255576229675 215.01563520303947 53.014396292967135 424 435 3485 3497 108.0 2.962449476326293 2.584296261808585 72.65665362743823 0.48887977980626396 0.15676403821248966 0.4707167940776125 0.0 35.69467710112451 1.0216446 122.3198339565883 3.5123561504365632 2.971442074592615 0.13529928961990373 5.863230142835039 222.32105148726822 5.650606578388756 25.53254853047822
2887 1987.5402651778857 3489.353094361026 215.00165111115587 53.004505949391984 1984 1991 3485 3496 69.0 2.8549496536916346 1.563937852847026 65.72111094665841 0.8366101415963627 0.23427808114769544 1.0188672797203717 0.0 35.05347120385472 0.81859607 66.18777472791339 2.282234674657611 2.4282284091550874 0.22920235227666177 4.686510657907603 83.46405693889665 3.6116895769292605 26.59625127337916
2888 3528.3406497952255 3494.669034084135 214.98775738646134 52.9947617960397 3517 3537 3486 3503 263.0 4.420361261409064 3.2713169066232215 -28.964499128684302 0.6725447465794852 0.17837742544298074 2.1435121754109585 0.0 167.0811272031361 1.7760725 225.27566644494976 3.439357169719173 1.9397931033930678 0.3451943318056497 9.149617481968136 244.95256585512976 5.469092071882259 25.427295017474748
2889 9068.076072171183 3500.1415168815424 214.93799973580656 52.959640903203294 9057 9078 3490 3510 313.0 5.2654116081591 3.0950281843364564 -39.88336701704398 0.8090036242600758 0.17385001045260426 2.2958844238073706 0.0 235.8806427469327 2.005166 328.7538937007812 4.018383124853804 2.0808267593675662 0.3595238142840003 9.981532666656284 352.251832686091 6.400193339719244 25.032866846693526
2890 479.9507903829656 3517.8809934099427 215.01489589939013 53.01422085389629 437 525 3491 3546 3260.0 15.563302479727637 6.037571206108027 -24.29250750334646 0.9216861537453325 0.08973806590662686 24.041162152769758 0.0 7323.535483812575 7.2238364 7379.2578469598675 7.503098588996299 1.4102276778380818 0.6474648615046021 32.21319960760119 7781.083207548988 10.574427665551033 21.672399851254788
2891 8282.585018531381 3494.9192078663636 214.9450969260006 52.96459803129197 8279 8286 3491 3498 47.0 1.848292622199199 1.6590473703744975 -24.16789166237882 0.4407889508505172 0.25274710402578 0.8435235370168762 0.0 23.77723181217643 0.783365 59.24346943008757 2.4393700184640963 2.7808092799408395 0.1863279395810778 3.8678889139475245 80.893057418497 3.8984409066046455 26.63022187440623
2892 9562.061108060265 3518.0690044944768 214.93338294848587 52.95660227822095 9549 9576 3493 3540 945.0 8.591636124365726 4.227339592984915 73.39018281890905 0.8705784499508942 0.20022663579878663 8.360603930757305 0.0 1443.503343208342 3.8086727 1598.2178865240762 5.43742380008748 1.711050546467591 0.5237936313785376 17.343668655843324 1771.0315814770527 8.495758676632198 23.279434235733277
2893 1593.039070164882 3499.994589194947 215.00508291233774 53.00706542918406 1592 1594 3499 3501 9.0 0.80800074784834 0.7933578238816488 -48.95456836605318 0.18951624171117432 0.30005267005729797 0.40594238882222566 0.0 3.170325771870807 0.29783356 15.348856416447935 1.1161367217631115 3.148080375132929 0.05764863117165038 1.692568750643269 22.049172692016228 1.8053542404365772 28.041519252682267
2894 3926.5361571339413 3502.0432857044816 214.98410455134305 52.99227573391293 3925 3928 3501 3503 10.0 1.0656380843459854 0.6651072752504097 26.932865420182875 0.7813125831599811 0.31596950247214106 0.4300334673815008 0.0 3.7838896322405704 0.32572848 14.74237391039954 1.2015287991144081 3.1106798911032865 0.05903279705806531 1.7841241161527712 18.47708662377726 1.9065094431521628 28.233416262844194
2895 3434.2441426767114 3504.9860584888493 214.98849354224754 52.9954144283646 3432 3436 3503 3507 23.0 1.3228021974828932 1.2466308774693928 -73.80039786570141 0.3344409807361162 0.2843820492606477 0.5241450816684968 0.0 9.284399212667008 0.5142266 30.525870508514835 1.7480586757145389 2.891175867873591 0.10416983218976868 2.7057581899030048 44.98833414902468 2.7779508085291265 27.267250219535548
2896 2537.0713963653366 3509.0824222296033 214.99650720114286 53.00112724524556 2534 2541 3505 3513 53.0 2.0370784089968383 1.6665946696606948 75.8670777927544 0.5750335079886583 0.1406752056744635 0.6492975377832096 0.0 20.61948003275317 0.77421135 35.27218954227125 1.9045045549364847 2.3651580462195043 0.20472468737888677 4.1073621666150775 45.684565794431 3.029813252474051 27.250576246130763
2897 9534.271827764884 3508.930418582161 214.9337283127988 52.956729323475614 9530 9536 3506 3513 48.0 1.9427872065376262 1.4195903435965507 31.321617021325977 0.6827010477716724 -0.06904328047793348 0.09849626869998526 0.0 1.0077801657293723 1.0366772 67.99672961792368 3.5524230000392865 4.202832955594976 0.4920847699871282 3.9088200952233594 155.75571616231892 5.3445124543076945 25.918890014927214
2898 9864.245226658237 3509.801139233297 214.93076171630722 52.954639527669734 9860 9869 3506 3514 70.0 2.0974511575744472 1.8344869519661664 6.444830011282303 0.4847968604123389 0.16461797168863576 1.3776281580908567 0.0 41.48035656478698 0.9566857 71.94667131975116 2.3444998853074615 2.439842307104837 0.3177889399175295 4.720348719413148 98.94282561859143 3.6610526207876015 26.411539227929403
2899 2816.4557828648262 3511.46913435211 214.99397287964933 52.999368096128805 2810 2822 3507 3516 96.0 2.9004740569884313 2.1230326115312175 11.795428863315914 0.6813470043705289 0.1716784799759981 0.741645761850742 0.0 34.47941119157606 1.0236219 170.41696027121338 3.9022467455445153 3.297703572789453 0.2177193853474508 5.527906391541368 302.1386770626255 6.213551621039005 25.199484191784414
