outputs/dr0.5_c0.1/nircam3_matched_f277w_f444w_dr0.5_c0.1.ecsv
# %ECSV 1.0
# ---
# datatype:
# - {name: label, datatype: int64}
# - {name: xcentroid, datatype: float64}
# - {name: ycentroid, datatype: float64}
# - {name: sky_centroid.ra, unit: deg, datatype: float64}
# - {name: sky_centroid.dec, unit: deg, datatype: float64}
# - {name: bbox_xmin, datatype: int64}
# - {name: bbox_xmax, datatype: int64}
# - {name: bbox_ymin, datatype: int64}
# - {name: bbox_ymax, datatype: int64}
# - {name: area, unit: pix2, datatype: float64}
# - {name: semimajor_sigma, unit: pix, datatype: float64}
# - {name: semiminor_sigma, unit: pix, datatype: float64}
# - {name: orientation, unit: deg, datatype: float64}
# - {name: eccentricity, datatype: float64}
# - {name: min_value, datatype: float64}
# - {name: max_value, datatype: float64}
# - {name: local_background, datatype: float64}
# - {name: segment_flux, datatype: float64}
# - {name: segment_fluxerr, datatype: float32}
# - {name: kron_flux, datatype: float64}
# - {name: kron_fluxerr, datatype: float64}
# - {name: kron_radius, unit: pix, datatype: float64}
# - {name: gini, datatype: float64}
# - {name: equivalent_radius, unit: pix, datatype: float64}
# - {name: kron4_2_flux, datatype: float64}
# - {name: kron4_2_fluxerr, datatype: float64}
# - {name: kron4_2_mag, datatype: float64}
# meta:
#   PHOTMJSR: 0.3925000131130219
#   PIXAR_SR: 2.11539874851881e-14
#   __serialized_columns__:
#     area:
#       __class__: astropy.units.quantity.Quantity
#       unit: !astropy.units.Unit {unit: pix2}
#       value: !astropy.table.SerializedColumn {name: area}
#     eccentricity:
#       __class__: astropy.units.quantity.Quantity
#       unit: !astropy.units.Unit {unit: ''}
#       value: !astropy.table.SerializedColumn {name: eccentricity}
#     equivalent_radius:
#       __class__: astropy.units.quantity.Quantity
#       unit: !astropy.units.Unit {unit: pix}
#       value: !astropy.table.SerializedColumn {name: equivalent_radius}
#     kron_radius:
#       __class__: astropy.units.quantity.Quantity
#       unit: !astropy.units.Unit {unit: pix}
#       value: !astropy.table.SerializedColumn {name: kron_radius}
#     orientation:
#       __class__: astropy.units.quantity.Quantity
#       unit: &id001 !astropy.units.Unit {unit: deg}
#       value: !astropy.table.SerializedColumn {name: orientation}
#     semimajor_sigma:
#       __class__: astropy.units.quantity.Quantity
#       unit: !astropy.units.Unit {unit: pix}
#       value: !astropy.table.SerializedColumn {name: semimajor_sigma}
#     semiminor_sigma:
#       __class__: astropy.units.quantity.Quantity
#       unit: !astropy.units.Unit {unit: pix}
#       value: !astropy.table.SerializedColumn {name: semiminor_sigma}
#     sky_centroid:
#       __class__: astropy.coordinates.sky_coordinate.SkyCoord
#       dec: !astropy.table.SerializedColumn
#         __class__: astropy.coordinates.angles.Latitude
#         unit: *id001
#         value: !astropy.table.SerializedColumn {name: sky_centroid.dec}
#       frame: icrs
#       ra: !astropy.table.SerializedColumn
#         __class__: astropy.coordinates.angles.Longitude
#         unit: *id001
#         value: !astropy.table.SerializedColumn {name: sky_centroid.ra}
#         wrap_angle: !astropy.coordinates.Angle
#           unit: *id001
#           value: 360.0
#       representation_type: spherical
#   astropy version: '5.1'
#   kernelfile: kernel_f277w_f444w.fits
#   make_catalog parameters:
#     ab_zpt: 31.4
#     coadd_bands: !!python/tuple [f277w, f356w]
#     deblend_contrast: 0.001
#     deblend_nlevels: 32
#     deblend_npixels: 1
#     detect_kernel_fwhm: 4.0
#     detect_kernel_npix: 7
#     detect_npixels: 4
#     detect_threshold_nsigma: 3.0
#     flag_isolated_buffer: 4
#     hst_bands: !!python/tuple [f606w, f814w, f125w, f140w, f160w]
#     jwst_bands: !!python/tuple [f115w, f150w, f200w, f277w, f356w, f410m, f444w]
#     near_border_kernelsize: 21
#     reference_band: f200w
#   make_catalog version: 1.4.0
#   photutils version: 1.5.0
# schema: astropy-2.0
label xcentroid ycentroid sky_centroid.ra sky_centroid.dec bbox_xmin bbox_xmax bbox_ymin bbox_ymax area semimajor_sigma semiminor_sigma orientation eccentricity min_value max_value local_background segment_flux segment_fluxerr kron_flux kron_fluxerr kron_radius gini equivalent_radius kron4_2_flux kron4_2_fluxerr kron4_2_mag
[from data line 2139]
2140 3540.6781889664944 2828.7087747544383 214.81385693985416 52.864006700557105 3537 3544 2826 2831 34.0 1.77888008457359 1.3742078511272258 2.0940629108011044 0.6349990441880821 0.2551354743433531 0.4873312508271204 0.0 12.73242722306624 0.92457265 40.61756735457315 3.33434374751516 2.8827857042033775 0.10403832598496018 3.2897623212397704 54.48567822325745 5.398940805717427 27.059294096877075
2141 1792.7251525417048 2834.150619025589 214.8294065072046 52.875145701669155 1789 1797 2829 2839 86.0 2.6343976098652324 2.1244843435379606 86.28375373570225 0.5913155472174825 0.17947699042060533 0.5979612178074796 0.0 30.65796946666469 1.4940795 64.46052157464234 4.2447085826560444 2.5720298429422668 0.18846892162743076 5.232078956954491 82.99344799584367 6.94185688536888 26.60239048025162
2142 2172.5162040453397 2833.8183015272343 214.82601830487852 52.87273020106623 2170 2175 2831 2836 27.0 1.4304925300076587 1.3128406161164274 -13.223789298611072 0.39714873115032484 0.30533205269217367 0.6052279796904706 0.0 11.96486921932581 0.79357505 24.409338952093854 2.5075953589659497 2.3977072261000534 0.12679642963565146 2.9316150714175193 28.77338035920494 4.321761620089986 27.752522783133927
2143 1411.3490257994479 2841.747389360692 214.83273275074555 52.877610338516554 1404 1421 2832 2853 246.0 5.288864677618691 3.0242050723363434 60.68839660337076 0.8203888021445471 0.18371363676342164 1.015505178810689 0.0 118.27313535875885 2.632609 191.1667848379705 6.001330894944376 2.1435676082792527 0.25749030671458617 8.848967849484623 204.04327397688616 9.72667822260347 25.625694291529246
2144 3861.4995133559796 2832.966627537461 214.81094847481495 52.861990340932095 3861 3862 2832 2834 6.0 0.8112512107267301 0.49998746047685994 89.68543013099682 0.787498598243989 0.24710484837386212 0.27718265776530987 0.0 1.5877862816633384 0.37145534 13.83316120468522 1.7363675999111883 3.7057130668178937 0.0276402448737823 1.381976597885342 15.268983155702397 2.7941086953418317 28.44047471000657
2145 7243.748102682344 2836.9645256638273 214.7807329782607 52.84050837560998 7238 7250 2832 2841 87.0 2.896480407438173 2.0971299058774413 12.46962229764765 0.6897716725867069 0.2661738617976053 0.681655588092354 0.0 38.27812376905051 1.774609 104.85630265677955 5.676062145815821 2.7809682256150867 0.1474211286238427 5.262410103554244 127.93109938579302 8.984108484529576 26.13255966988521
2146 1038.0262950075855 2840.098596215114 214.83608478798837 52.879973863233836 1034 1042 2834 2846 98.0 3.0327850616504675 2.052786868489031 -83.77071595047057 0.7361069292093797 0.19289867014292414 0.6788581771281755 0.0 37.53340177681933 1.6706223 68.7539208858452 4.311761791244356 2.424592246100757 0.2050919027689798 5.585191925620057 85.33162567653824 6.982416806607168 26.5722249510589
2147 8229.996194310035 2839.2242934531596 214.77191639174052 52.83424878127638 8227 8233 2834 2845 65.0 2.748458140581722 1.6641840004825355 89.80853250073524 0.7958473547832131 0.25984969812926206 0.5702528588808875 0.0 26.290206913029564 1.6744989 94.98702519430773 5.669418417710475 3.0216818796488703 0.12714553632434508 4.54864184146723 153.1882905742247 9.128452565584507 25.93693607522708
2148 3773.330224342522 2856.1594674241824 214.81149124830057 52.86267577694279 3758 3788 2836 2876 881.0 6.656123841429703 4.335862841293768 83.67390360664909 0.7587262734629109 0.164314574274139 11.94114126030575 0.0 1481.0504035562378 5.3384547 1536.7555639246452 6.2737821697506515 1.5004239060210216 0.5952664549548355 16.74607445725474 1631.884097799103 9.684213849335075 23.368276724056123
2149 9678.858794188958 2840.0780674764533 214.75899481925325 52.82503856980813 9675 9683 2836 2844 62.0 2.082332351185118 1.893557019865011 20.662521120652436 0.4160444376434733 0.24050667031648848 0.9038618290213244 0.0 31.92283304636225 1.5532109 59.04719814665535 4.063267233317244 2.3892214677141816 0.20782890484352973 4.442433223290478 60.53269470313197 6.703137993184938 26.945024980977273
2150 9426.41862708347 2838.9702791111963 214.76125588884344 52.82663823281661 9425 9428 2837 2841 16.0 1.1911615786112963 0.9622772987235535 89.53331488956113 0.5893911099555976 0.20524264389126112 0.3337051004969183 0.0 4.283292693228285 0.78585684 12.213127576293981 2.7235661999564593 2.720558614305586 0.08792440326495408 2.256758334191025 15.780806534150882 4.362489955905399 28.404677010994558
2151 6151.760568435672 2840.681128539269 214.7904323217765 52.84747182214197 6150 6153 2839 2842 12.0 1.0139109475851513 0.8930122671594553 69.73081235622001 0.47356279043381455 0.23160578684106528 0.29738596905311876 0.0 3.146537987334567 0.552609 12.547311793760219 2.036566932231496 3.040681586708332 0.04909563026308921 1.9544100476116797 14.459527940686398 3.3351397524887463 28.499614712987796
2152 8260.488221939182 2846.2494084437694 214.7715706308701 52.834092697114045 8252 8268 2842 2851 138.0 3.9407859941243806 2.2558880314689644 -1.8423853773852534 0.8199422720395564 0.2228276758793023 1.3022680739115695 0.0 72.95120506596908 2.3492231 330.49351908143217 8.502096945306914 3.2891302793125132 0.254835274488227 6.627726932618989 545.5278186589189 13.524700001348847 24.557957745218815
2153 9564.95800554686 2875.0708163389486 214.7596413833046 52.82595143913308 9549 9580 2842 2913 1655.0 14.85271216974563 5.294398996053968 79.7842903215884 0.9343105533127397 0.22875315007111469 4.962088932818561 0.0 2382.7971277913152 8.387458 2577.7264408712877 12.029902292082262 1.5130632203082064 0.4271808715024283 22.95218642382842 2668.781144769142 19.185492225483728 22.834217598423898
2154 8308.502681268777 2843.501972988208 214.77117155345613 52.833772549582946 8308 8309 2843 2844 4.0 0.5037794479764489 0.4961805980808009 45.01242847443936 0.17303135575086784 0.28847728316510185 0.30055232958200445 0.0 1.1734289027183435 0.35439047 16.10441983429737 1.6778824741757041 4.043688092940668 0.011933013584541595 1.1283791670955126 39.2192437597177 2.820470465030303 27.416251962044633
2155 9454.2713984759 2848.79399553739 214.76090428588884 52.82651397271606 9450 9459 2843 2855 90.0 2.650493290062728 2.1877417078676435 -78.69035431460836 0.5645348101187466 0.2147101398343014 1.03364701322124 0.0 49.99996362897943 2.3541846 83.287288916401 4.852746273526806 2.14585539584719 0.22449090371685465 5.352372348458314 89.20042871980712 7.833909984074995 26.524082645724516
2156 4113.740548878179 2860.377105756352 214.80840857619572 52.860534619342225 4102 4126 2848 2874 480.0 5.118118944373656 3.2366668864483583 45.44215356664143 0.7746470374963967 0.18678424489357906 9.854335314822086 0.0 767.7465544756527 4.1360717 806.0191713217373 5.074859404218827 1.5501654774966873 0.570482124785735 12.360774464742066 863.6742873989615 7.643600596657344 24.05912502417042
2157 9781.289337832792 2851.1458259676847 214.75796564098565 52.82444664426026 9780 9782 2850 2852 7.0 0.8821646775429572 0.6109943193323603 -59.9239558275527 0.7213141814542364 0.3429837656257495 0.391606747995158 0.0 2.546435095578816 0.4867429 15.356286463347743 2.0708737986459607 3.3656026493068785 0.03009442399789369 1.4927053303604616 16.191300664172864 3.338073816926763 28.37679565628455
2158 6841.30084109694 2863.277257604377 214.78404467875362 52.84320916608386 6834 6849 2851 2877 321.0 5.378774274180124 2.8270237565027543 -78.75756046146873 0.850738718032331 0.2025849419426448 2.837693714363374 0.0 271.82587846825066 3.405662 335.79119517352814 6.271032733043178 1.9171744735550784 0.40958974363200096 10.108287365572707 376.6408504643308 9.92844169247989 24.960181445469747
2159 9058.657168689366 2855.162785604966 214.76436273267433 52.82906446648385 9053 9064 2851 2861 103.0 2.738756402735471 2.4264770921558676 -2.2184244029690903 0.4637278504073802 0.20041761946055342 0.8342791518309133 0.0 48.522832479225265 1.9402685 105.18728698108909 5.747550687712683 2.6080357991691785 0.20312511633417435 5.725898905580716 116.97701596711767 9.283431972261425 26.229748653737605
2160 3427.014419566283 2865.390049468746 214.81448534371307 52.864926864208066 3421 3433 2853 2876 219.0 5.189858363980708 2.4237454110455254 81.87874340730029 0.8842490161619173 0.14925411765263374 1.3149310213594885 0.0 104.45864576836658 2.575356 160.55669435409922 5.655544581206984 2.151322470416433 0.2973122943244581 8.349243383340204 176.89456161327894 8.939738854257566 25.780713796720168
2161 1629.8806974228726 2859.0726457353826 214.83059847168843 52.87631494751207 1621 1638 2854 2864 151.0 4.074701911308448 2.3425782531805717 -12.609600425968127 0.8182181402770641 0.19504189816816914 0.7874313350271116 0.0 59.880763114907154 1.9578856 94.74649786036686 4.172421023934837 1.8983689647192385 0.2204642676616059 6.93287767191607 93.55085224409785 6.696498363032814 26.472380629356397
2162 1767.2443438215357 2855.888921381396 214.82940517708042 52.875424814150406 1765 1770 2854 2858 25.0 1.562623142714998 1.2017510892251884 -25.89340950845321 0.6391764884830304 0.18010003892417978 0.25780005677437773 0.0 5.678999451677055 0.7546182 26.080337547032812 3.071523129698172 3.1323273679241512 0.05486727758813582 2.8209479177387813 25.89168228697683 4.968697820846607 27.86709932696272
2163 7366.260938641952 2856.670639642771 214.77943313669158 52.83983546050113 7365 7368 2855 2858 10.0 0.9904964129029692 0.7762472297500516 43.11713440561937 0.6211456511892405 0.27092345883173186 0.3297453741879007 0.0 3.011031747672254 0.61517215 20.766040472624958 2.6281824823826523 3.4713788637325496 0.0433769150200055 1.7841241161527712 26.919067539626408 4.148134339132954 27.824849969720503
2164 9195.951377629654 2858.5988954580525 214.76310302878912 52.82820975530256 9191 9200 2855 2862 65.0 2.2340091839441722 1.8122506956865572 12.419921659412477 0.5847548710566494 0.20577983022442636 0.7741354371904456 0.0 28.147840451710262 1.4863001 56.55414707494757 4.533856674119396 2.6023054740625424 0.22120360288281468 4.54864184146723 71.21028234429829 7.412220089382298 26.768643230691087
2165 2652.3404713631076 2861.9386900121017 214.82143771240297 52.86983216407991 2649 2656 2857 2867 64.0 2.6922805137511587 1.6384318760260843 69.00185257161066 0.7935028347351212 0.15189046653866337 0.4202707638441221 0.0 18.083849385125653 1.2534908 39.487666090207185 3.639184157234585 2.5188261799383698 0.1459595831951978 4.51351666838205 41.753607384428435 5.92399872928157 27.34826499209934
2166 7532.650801858963 2864.5056412047174 214.77786709958738 52.83881957827956 7528 7538 2859 2869 86.0 1.9518327231933241 1.7222958308116598 -51.012883448543406 0.47050130012215624 -0.08261741176673817 19.87246278642922 0.0 504.8666792651856 2.2567987 508.94889267799306 3.302064381908519 1.6854671834017774 0.5176857743572628 5.232078956954491 571.7437467932575 inf 24.506996441521153
2167 7546.652130656513 2864.123769147583 214.7777462851414 52.83872848569646 7545 7549 2860 2868 28.0 1.8576353286926366 1.154458005845013 -78.09294467549643 0.7834407889381653 0.21800806810406004 0.3861648315229723 0.0 9.100286912926713 1.1536075 64.43163598844122 4.971709048051467 3.537293031112731 0.07997685722546584 2.985410660720923 84.6986893409409 7.575656239027405 26.580308275129582
2168 7676.757245671756 2866.0874182539656 214.77656563301076 52.837911702868425 7674 7679 2860 2873 57.0 3.3907506498059985 1.3105158250540339 -87.28283817758677 0.9222905563824957 0.22666890556688746 0.3708712250286922 0.0 17.93036865746795 1.4015852 80.39877411141775 5.548973674368186 3.035158016330255 0.06314471043049887 4.259537945889915 122.37136502764366 9.062016636727417 26.180800488674414
2169 649.5122008972056 2862.5277065141704 214.83931936274024 52.88256363498183 648 651 2861 2864 16.0 1.0845986718699405 1.0715482327534738 0.9250504629375637 0.1546616602160401 0.18596260256410554 0.282496069594084 0.0 3.809568367504126 0.6673365 9.656741119595448 1.903533483134533 2.515378819844998 0.07722913057673095 2.256758334191025 8.84207262029601 3.0264464578030004 29.033614806343877
2170 9973.87007732465 2881.208897606441 214.75593333339754 52.8233835590347 9963 9985 2861 2902 794.0 7.596598692283097 3.980606198104828 -79.47234459513432 0.8517191959762223 0.18577429101732584 8.01974044622275 0.0 1162.4213392279266 5.5054965 1238.294557138964 7.160076966045558 1.5341118225343364 0.532048289224609 15.89773724873857 1306.3920042310704 11.529096815292295 23.609816215903805
2171 8589.193073206405 2864.3991501644696 214.76844962825595 52.83209997390867 8588 8590 2864 2865 5.0 0.7740429106431609 0.44650884750012243 18.549760732329457 0.8168480927487778 0.3303971387223446 0.33987206785050494 0.0 1.6781643632488858 0.4300446 23.512986893222777 2.1711429137581453 3.9199903232130753 0.007584304234144092 1.2615662610100802 48.12762930923568 3.4532353790948513 27.194013826134594
2172 8179.076815440369 2870.4450324457544 214.77204163650114 52.83474073588737 8171 8187 2865 2876 129.0 4.128421302077244 1.9958182244340563 -23.095320395945638 0.8753809466063113 0.2319627110172198 0.9355264960592886 0.0 67.8063512448604 2.2624547 112.5209280312036 5.359443441008912 2.1103523062316945 0.20947877887203872 6.407961869245868 108.995411587146 8.556894517549267 26.306479460752264
2173 9686.420613431923 2873.2366465001337 214.75857840341223 52.825169000387916 9681 9693 2866 2882 157.0 3.695738836610712 2.711687296028125 -73.05243429481376 0.6794374062083892 0.22280761893545523 0.8712141282346627 0.0 73.42352228902081 2.5226808 133.48626047189478 6.5484673559969835 2.3167331979922734 0.21339475981471398 7.069275219628611 147.0988566523514 10.433530495185291 25.980976757193826
2174 2501.180217077393 2871.763284410146 214.82268395562895 52.870845857427575 2499 2504 2869 2875 32.0 1.459870286587088 1.3522645460131033 79.82848244136694 0.3768092201836621 1.3182714502151542 5.5166026835298325 0.0 96.29511701634218 0.90495044 109.65918120239768 1.673776906105189 1.637989142062464 0.23418577338679983 3.1915382432114616 120.16014851826192 2.7730329684688817 26.20059885887611
2175 10272.595993343672 2872.7132728713855 214.75336136432279 52.82143767411265 10271 10274 2870 2875 18.0 1.3630246425992854 0.9756204093648017 -75.50626534630472 0.6983298868574321 0.29907931832414847 0.4309821573354673 0.0 6.7229110700005155 0.88173795 29.587388359741812 inf 3.1560525733007143 0.060892839216151885 2.393653682408596 47.334599231882045 inf 27.212053238936434
2176 1654.8753537817847 2875.6797998423867 214.83020036577147 52.87624562149405 1650 1659 2871 2880 73.0 2.686203209438336 1.7761958823168633 -44.37485245509356 0.7501839791796094 0.17977235245823603 0.5782924526563274 0.0 25.684842274526513 1.3180689 48.22031707847387 3.704852089807929 2.4193355837996853 0.184792043802784 4.820437914901168 47.68240589318311 5.975955841745043 27.20410459920495
2177 1377.3101857924112 2877.2365157995587 214.83266308656326 52.878017962254546 1370 1384 2874 2881 91.0 3.2729474470512656 1.793275686487272 4.825170325735255 0.8365382770411759 0.16191896441096632 0.623511913860125 0.0 31.89213492232863 1.6049697 61.19569360451961 4.159342628394164 2.394014228295746 0.19864105888327574 5.382025607773058 64.43202691544036 6.533959219177217 26.87724551579272
2178 1595.2943645457053 2876.1093499832145 214.83072798179535 52.87662658332513 1593 1597 2874 2879 21.0 1.3074707453202061 1.1320263864741935 -75.24257261274676 0.5003661017949425 0.08813070353114315 0.2547892027881601 0.0 3.8887017876251475 0.7407219 9.423419736417976 2.1152946363481298 2.5224018399219474 0.15684299316340225 2.5854414729132054 10.530776488490257 3.3359263599428317 28.843849012151757
