outputs/dr0.5_c0.1/nircam6_matched_f200w_f277w_dr0.5_c0.1.ecsv
# %ECSV 1.0
# ---
# datatype:
# - {name: label, datatype: int64}
# - {name: xcentroid, datatype: float64}
# - {name: ycentroid, datatype: float64}
# - {name: sky_centroid.ra, unit: deg, datatype: float64}
# - {name: sky_centroid.dec, unit: deg, datatype: float64}
# - {name: bbox_xmin, datatype: int64}
# - {name: bbox_xmax, datatype: int64}
# - {name: bbox_ymin, datatype: int64}
# - {name: bbox_ymax, datatype: int64}
# - {name: area, unit: pix2, datatype: float64}
# - {name: semimajor_sigma, unit: pix, datatype: float64}
# - {name: semiminor_sigma, unit: pix, datatype: float64}
# - {name: orientation, unit: deg, datatype: float64}
# - {name: eccentricity, datatype: float64}
# - {name: min_value, datatype: float64}
# - {name: max_value, datatype: float64}
# - {name: local_background, datatype: float64}
# - {name: segment_flux, datatype: float64}
# - {name: segment_fluxerr, datatype: float32}
# - {name: kron_flux, datatype: float64}
# - {name: kron_fluxerr, datatype: float64}
# - {name: kron_radius, unit: pix, datatype: float64}
# - {name: gini, datatype: float64}
# - {name: equivalent_radius, unit: pix, datatype: float64}
# - {name: kron4_2_flux, datatype: float64}
# - {name: kron4_2_fluxerr, datatype: float64}
# - {name: kron4_2_mag, datatype: float64}
# meta:
#   PHOTMJSR: 1.891700029373169
#   PIXAR_SR: 2.11539874851881e-14
#   __serialized_columns__:
#     area:
#       __class__: astropy.units.quantity.Quantity
#       unit: !astropy.units.Unit {unit: pix2}
#       value: !astropy.table.SerializedColumn {name: area}
#     eccentricity:
#       __class__: astropy.units.quantity.Quantity
#       unit: !astropy.units.Unit {unit: ''}
#       value: !astropy.table.SerializedColumn {name: eccentricity}
#     equivalent_radius:
#       __class__: astropy.units.quantity.Quantity
#       unit: !astropy.units.Unit {unit: pix}
#       value: !astropy.table.SerializedColumn {name: equivalent_radius}
#     kron_radius:
#       __class__: astropy.units.quantity.Quantity
#       unit: !astropy.units.Unit {unit: pix}
#       value: !astropy.table.SerializedColumn {name: kron_radius}
#     orientation:
#       __class__: astropy.units.quantity.Quantity
#       unit: &id001 !astropy.units.Unit {unit: deg}
#       value: !astropy.table.SerializedColumn {name: orientation}
#     semimajor_sigma:
#       __class__: astropy.units.quantity.Quantity
#       unit: !astropy.units.Unit {unit: pix}
#       value: !astropy.table.SerializedColumn {name: semimajor_sigma}
#     semiminor_sigma:
#       __class__: astropy.units.quantity.Quantity
#       unit: !astropy.units.Unit {unit: pix}
#       value: !astropy.table.SerializedColumn {name: semiminor_sigma}
#     sky_centroid:
#       __class__: astropy.coordinates.sky_coordinate.SkyCoord
#       dec: !astropy.table.SerializedColumn
#         __class__: astropy.coordinates.angles.Latitude
#         unit: *id001
#         value: !astropy.table.SerializedColumn {name: sky_centroid.dec}
#       frame: icrs
#       ra: !astropy.table.SerializedColumn
#         __class__: astropy.coordinates.angles.Longitude
#         unit: *id001
#         value: !astropy.table.SerializedColumn {name: sky_centroid.ra}
#         wrap_angle: !astropy.coordinates.Angle
#           unit: *id001
#           value: 360.0
#       representation_type: spherical
#   astropy version: '5.1'
#   kernelfile: kernel_f200w_f277w.fits
#   make_catalog parameters:
#     ab_zpt: 31.4
#     coadd_bands: !!python/tuple [f277w, f356w]
#     deblend_contrast: 0.001
#     deblend_nlevels: 32
#     deblend_npixels: 1
#     detect_kernel_fwhm: 4.0
#     detect_kernel_npix: 7
#     detect_npixels: 4
#     detect_threshold_nsigma: 3.0
#     flag_isolated_buffer: 4
#     hst_bands: !!python/tuple [f606w, f814w, f125w, f140w, f160w]
#     jwst_bands: !!python/tuple [f115w, f150w, f200w, f277w, f356w, f410m, f444w]
#     near_border_kernelsize: 21
#     reference_band: f200w
#   make_catalog version: 1.4.0
#   photutils version: 1.5.0
# schema: astropy-2.0
label xcentroid ycentroid sky_centroid.ra sky_centroid.dec bbox_xmin bbox_xmax bbox_ymin bbox_ymax area semimajor_sigma semiminor_sigma orientation eccentricity min_value max_value local_background segment_flux segment_fluxerr kron_flux kron_fluxerr kron_radius gini equivalent_radius kron4_2_flux kron4_2_fluxerr kron4_2_mag
[from data line 5008]
5009 4437.622011320213 3703.4344517085383 214.84886804057058 52.84461075936439 4435 4440 3700 3707 37.0 1.7252499191088648 1.4284904266588527 -89.0762640441943 0.5607422257345673 0.07057967641270725 0.33756464268479475 0.0 7.800580377848184 1.4292419 26.42285582632374 5.025739531017572 3.0278065698647216 0.21059218828175982 3.431831258788849 28.696692733277896 7.893255370214932 27.7554203810267
5010 755.5075403594756 3689.580429299309 214.8819036115445 52.86792680827525 750 761 3681 3699 191.0 4.121611295937006 2.5370147741665128 -85.33408400057067 0.7881059946885939 0.07753880998073369 1.4223193030541772 0.0 96.3035312630838 3.3736033 172.79442538190568 8.427317409311051 2.5108827408359056 0.3249482246520855 7.797255174810172 230.36925356185333 13.479814722005335 25.493938712204866
5011 761.5339652679153 3712.3997586714554 214.88160966037722 52.86801164125487 752 772 3698 3727 430.0 5.431437006208275 3.4528486509317355 63.581880350329556 0.7719234500269117 0.21340747686651737 6.10715333144235 0.0 513.6991006051312 5.0992785 646.9716017253631 8.55755419891949 1.8773807881313744 0.46519005457915535 11.699284211396439 710.2416095594294 13.58196356835674 24.27148472028347
5012 6980.667748909527 3686.8666869879703 214.8263477017841 52.82836134304778 6977 6984 3683 3693 63.0 2.2485206777838527 1.9252273632664607 78.9114522839161 0.5166121194058652 0.1280286111602622 0.527007370030254 0.0 18.644169038634328 1.784654 100.52739152508036 6.9648467503436615 3.291540399867707 0.20382583737376722 4.478115991081385 182.52624893848665 10.57372197314564 25.746686678026904
5013 6982.548435717361 3695.552511288214 214.82623956046473 52.82839620724083 6981 6984 3694 3697 10.0 1.202132595145544 0.7372373137515386 26.116062111563245 0.7898698241827061 0.1152392696939614 0.2022600203582265 0.0 1.5521389689636123 0.70749646 37.42501856588127 3.772564705474965 3.9529920721283798 0.12237991383470656 1.7841241161527712 77.34227204002622 5.958257039444608 26.67895768513267
5014 7858.545427552331 3695.661437529246 214.8184247656913 52.82282915946333 7845 7873 3686 3706 346.0 6.32290468506231 3.183327597127747 31.453446651056616 0.8640187186633022 0.23053368529319165 1.6135751781796008 0.0 236.1941572893314 4.3305283 407.6009135517072 10.94209315465981 2.391010009255392 0.2843037130507528 10.49453289192004 582.7978476251232 17.54904797167617 24.486205152062333
5015 7873.211210828304 3705.9770927714226 214.81818546401877 52.82279153709994 7865 7881 3696 3713 169.0 3.815851810931083 2.950255636020733 -53.40396969818844 0.6342136849381151 0.18359282897852078 1.2414471772326052 0.0 82.05346091731083 3.1539335 296.9817670794703 10.735936388641305 3.0934935407062336 0.27821712043363805 7.334464586120832 479.19408329504927 17.010984113259685 24.698721382265635
5016 399.4417049175665 3709.6643345678294 214.88487467016228 52.87029660175057 382 417 3690 3726 975.0 6.206338091938663 4.9006188020685135 -63.48486777796506 0.6136023624902301 0.0803354868926829 11.983305184227884 0.0 1281.155417222296 7.8150516 1362.1531392474608 9.760134460198314 1.6309480726613788 0.6193156571524158 17.616814099864822 1496.6064164766442 15.486631305845975 23.462230992840546
5017 393.89995097457364 3740.632592640884 214.88459836514014 52.870498877564806 366 421 3716 3763 1766.0 8.314567028973302 7.004233016944898 15.360724824602059 0.5388448568218193 0.07061323565232619 21.080600851413994 0.0 1794.4701423443444 10.485549 2038.4336338247444 14.238325867948161 1.72733409472403 0.6011174746584945 23.70939178892142 2280.7928737818584 22.357632119824657 23.004785381567224
5018 411.46661466605923 3778.0998756151002 214.88404713253237 52.87058945149946 401 422 3763 3789 422.0 5.251484079418972 3.6086443595984767 -66.68392338224395 0.7264998899310116 0.09348467311821483 2.8138666207805287 0.0 316.2146989808657 4.9914136 447.7326307586637 10.024886848195274 2.2322913246263156 0.45327061353611137 11.589942707777277 579.4473887726632 16.12008539425809 24.49246497475989
5019 9825.441900293295 3694.6228811911437 214.80089881475493 52.810320555742805 9821 9830 3690 3700 84.0 2.1845792363835352 1.9954623771503275 60.293195109913874 0.4069936417124329 0.18226300379771246 1.8532510101567266 0.0 48.22513342459334 2.1909366 91.62206561071032 5.701180360582758 2.5763042050620557 0.37254503258293037 5.170882945826411 133.50097553641672 9.089275977662902 26.08628890188082
5020 9833.747489916957 3720.430275148438 214.8005533528119 52.810406798166944 9816 9852 3698 3744 1188.0 7.842261433574167 5.244836496938837 -80.00353073542264 0.7434501662222391 0.022743435934254656 15.557866297898562 0.0 2316.9638551186667 9.14642 2431.108586637603 11.280220359343762 1.5505740376918549 0.5742523273603278 19.44613444328572 2615.1856740992844 17.232050358368774 22.856243678679984
5021 10216.732648722586 3695.8973381320143 214.7973978607281 52.807839788920454 10210 10225 3691 3702 139.0 3.0311462922989145 2.400708750701861 15.785438992273447 0.6105035898388325 0.19421989115394517 2.107483035442965 0.0 97.32756998898135 3.0521188 147.3536502327231 6.520742631579563 2.246681857053427 0.36156527943975697 6.651697090182843 186.8607154768104 10.308630916744233 25.72120498150381
5022 10218.767927863562 3725.3170875701176 214.79707030241175 52.80798534705917 10204 10234 3699 3750 1141.0 9.706839535679974 4.706930240221336 -79.02030060654064 0.8745648189901001 0.11502180132304027 5.436053537251043 0.0 1492.347551388024 8.887858 1717.6823101255513 13.516913062776219 1.798639101128938 0.5076310349543526 19.05758589474819 1934.71709797633 21.051484522094658 23.183456325669656
5023 nan nan nan nan 2286 2292 3698 3702 19.0 nan nan nan nan 0.0 0.0 0.0 0.0 4358899.0 nan nan nan nan 2.4592453796829674 nan nan nan
5024 nan nan nan nan 2293 2297 3702 3705 10.0 nan nan nan nan 0.0 0.0 0.0 0.0 3162277.8 nan nan nan nan 1.7841241161527712 nan nan nan
5025 6516.690797450879 3705.8946658799587 214.83028690767318 52.83141263013088 6508 6525 3698 3714 210.0 3.7938794333860546 3.3112453912524704 -16.68886377332222 0.4881028083722135 0.12642208657344686 1.4810959258074767 0.0 90.52484442366372 3.521754 216.9561477351299 10.439360163677 2.832315053096641 0.30009436149611474 8.175883811466258 277.6312061766881 16.615479503838376 25.29132930025623
5026 6524.992404186426 3713.4168702064635 214.83013371421418 52.831400419440634 6519 6530 3709 3717 64.0 2.5025042089752914 1.9545846301816903 7.5300965182396 0.624466633869466 0.18526138623832414 0.45342721952481735 0.0 21.237486550557815 1.834834 70.530664097688 5.097392775448152 2.8897357849402736 0.1281067067447324 4.51351666838205 159.77383171690764 9.438717209115994 25.89123587343702
5027 6529.9112089992 3748.9080073217347 214.82971649562168 52.8315604691056 6504 6556 3714 3783 2672.0 10.162363423714691 7.053146304540471 85.92761962602563 0.7199307872374189 0.04341405576468606 42.708598087063606 0.0 4056.800702650366 13.361626 4127.678997737425 14.158162620129492 1.4765829362235428 0.6667713571267081 29.163744887841286 4517.314241020201 21.4254961086492 22.262799243159186
5028 9213.879729034747 3715.1153770113256 214.8061348938432 52.81431877962342 9202 9223 3702 3723 298.0 5.230553330287472 3.9535360550555 -40.58502811287961 0.6547398923231468 0.2583332834541413 1.3285645900879866 0.0 206.58686029161953 4.1598105 865.1786352608478 15.188158726203975 3.2536099256015514 0.2536077826122596 9.739422266375435 1459.5166157219167 24.217868803926873 23.489477391163597
5029 9212.647541463344 3779.2892963681916 214.8054709024184 52.81467239570687 9124 9290 3700 3839 13990.0 25.375346685077886 17.36515474069656 -25.303954176583247 0.7291708247801735 0.1538275815884336 116.38310022695576 0.0 95615.06707063408 39.438927 101787.09691368442 41.845431621874866 1.4 0.6511223466414658 66.73196616098788 105644.93185926207 56.610416856544795 18.840378331677094
5030 9192.30879665616 3818.1855119391607 214.8052431100437 52.8150112696914 9134 9239 3802 3857 2924.0 17.702794943211085 10.179348483685127 -3.102099354304251 0.8181438251751116 0.17417298892448527 25.465471483445825 0.0 16133.451860161493 16.844368 22582.77786001739 22.524561845807526 1.6896291668451164 0.5267995648114672 30.508000708034015 24659.9781608866 36.79034575744631 20.420018280888698
5031 9252.118207474698 3827.4370566802763 214.8046126023654 52.8146809055149 9242 9262 3814 3843 378.0 6.858035204505724 3.5328733854619685 -74.89648733072507 0.857103847316253 0.17160069482592472 1.499230524945069 0.0 270.4144699165671 4.880821 849.7843369338348 15.332276762287977 2.9942716484521856 0.27262377325424064 10.969099187147178 1395.0872518321335 24.466372205473814 23.538496574516728
5032 9182.518469576858 3839.9025438256876 214.80510196836812 52.815190522226224 9151 9213 3826 3870 1511.0 10.274732120645352 8.169298415844791 -20.572262179728675 0.6064963532782361 0.20540707846396017 7.012548954390563 0.0 3244.770620131614 10.4238 4675.536702822415 18.910187070172082 2.1051176689447018 0.4930631120008364 21.930942479148218 5661.441517831322 31.233898367242343 22.017682436370624
5033 3463.5999347139423 3710.326939703213 214.85749235570842 52.85083633162987 3452 3477 3702 3717 225.0 6.683990875535022 2.2382883898342842 25.871205882828182 0.9422632553966671 0.13637165929423764 1.0657491389826064 0.0 96.1635458577556 3.9181168 201.49403948812432 10.335333769116685 2.4560435833244205 0.245623239524498 8.462843753216344 237.1103148283728 16.52487623145653 25.46262388207683
5034 3478.927521882203 3719.3129396366903 214.8572609444089 52.85078741281083 3476 3481 3716 3722 20.0 1.8632998895508717 0.8583405968205553 52.11201839652514 0.8875786669392604 0.38711814667981675 0.7883921311589299 0.0 11.364439114934475 1.2709228 68.43387294084805 4.4918676951488985 3.247895196861626 0.13454726225668287 2.5231325220201604 92.62715173752103 7.051771265993916 26.483154225483556
5035 157.77377234970473 3717.4685288040964 214.8869526741129 52.87187353905581 152 164 3708 3728 179.0 3.932470203066123 2.5717901638618734 -83.75284890588908 0.7565045165907661 0.16824603951254477 1.6145837738896327 0.0 127.368563122671 3.2262824 181.70372374596016 6.25905097124639 1.8384631116994263 0.3112727860569397 7.54834217738561 167.23366808179412 10.264119267974356 25.841690710930038
5036 157.7844126262949 3732.29766117123 214.88679655038956 52.87195348028799 157 158 3729 3736 14.0 1.1622331582705234 0.3621034447096818 79.83469078734358 0.9502270227465577 0.0 5.360825779817086 0.0 9.424395234063859 0.8630379 10.856851653381417 1.299859200203344 1.9388523499072452 0.7770112310552664 2.111004122822376 10.471512851149535 2.081475208169581 28.849976424875756
5037 7834.501993218082 3728.788660312536 214.81829075332948 52.82316051460858 7823 7857 3711 3747 667.0 7.580985174949953 4.345256781851817 -59.502774459641564 0.81943062406393 0.05660053514172523 4.94202730126125 0.0 577.4879045165715 6.2172437 698.837797358849 10.933570210274251 1.84702590343601 0.4955051567815778 14.57095378088162 819.2071488112665 17.379633395928547 24.11651566620217
5038 7846.450762080274 3747.8431389810644 214.81798376251075 52.82318725769181 7835 7855 3734 3763 345.0 5.641342097663646 3.89649331742989 76.16929897748172 0.7231383141329626 0.09897228244180313 1.089799877637797 0.0 150.18444869384234 4.315827 288.9826102034138 9.440228198635817 2.563567676479152 0.28524004958217547 10.479356408358663 481.052430067836 17.90925323040848 24.69451896785834
5039 7874.8182760579375 3758.6537369355774 214.81761705392563 52.82306521200377 7843 7908 3727 3790 1989.0 9.436609546390539 5.548823677434112 -41.38803982099051 0.8088534346433943 0.05135929476187633 38.53011810223452 0.0 5992.184948200631 12.242278 6383.072538325135 12.580917122755805 1.4334247532020923 0.7427526329570419 25.161843406625827 6838.713175290932 17.69153821166202 21.812564026930264
5040 7898.0645801829505 3765.7605364654105 214.8173349791634 52.822955755713814 7854 7945 3732 3805 3599.0 11.00389058656039 6.968345407423861 -18.36025862706762 0.7739375168635046 0.05269265660408754 80.6072847668201 0.0 17750.6395283749 18.381538 18145.10458289244 17.547388808772453 1.4 0.7667453622254748 33.846673106458525 18895.039832466726 23.551612723115767 20.70913047053409
5041 7869.360165003652 3811.258424574498 214.81711240427035 52.823383403814944 7863 7876 3803 3818 160.0 3.428527179931165 2.457735929484058 -62.90036477803702 0.6972285550257348 0.09045783773249784 1.3461460572204602 0.0 75.20781575566272 2.98971 128.80772345538847 7.297499709765637 2.427171437186271 0.3558354832200141 7.136496464611085 177.9493144979663 11.459482484434599 25.774259201649972
5042 1135.0362264637029 3718.759929900447 214.878204895631 52.865673673736154 1127 1141 3712 3727 156.0 4.1002210721478205 2.910551230289465 53.21834403036494 0.7043505921079635 0.21172914472169738 0.7036638122898873 0.0 68.68292329909383 3.015776 217.11068055626626 10.514658106551021 2.8993467192186517 0.14300475448390546 7.046725639945928 384.4107402413275 16.792814278768837 24.93801121716546
5043 1144.077474040527 3745.844542797248 214.87783913501445 52.86576235808176 1129 1163 3727 3768 992.0 8.151562906883346 5.098286205466785 -51.929006017367755 0.7802749486549349 0.17292734032504267 7.855334045808595 0.0 1716.0015298628286 8.465999 2010.153653231664 13.136642224224458 1.8214744044318012 0.4912489933854518 17.769732893161912 2287.527994099703 20.380048618267438 23.001583956149812
5044 1398.810757777866 3812.758577382694 214.87485887196817 52.86450532989762 1379 1422 3779 3835 1685.0 9.613090473580682 8.12616680100296 83.50250406620988 0.5342555277532033 0.15205358719632675 12.993284847949468 0.0 1744.3656399213955 10.375207 2416.4131481575632 20.487515874825043 2.1351632681725796 0.4950681342646882 23.159278015941847 3049.8306201986225 32.18146171947431 22.6893106989738
5045 1295.8831333216704 3801.089404472624 214.87590136221968 52.86509615632112 1256 1357 3745 3834 3507.0 20.988665289734246 12.87150108640954 -56.093336192853414 0.7898814009569727 0.19355899914512734 3.7498783645996565 0.0 4226.492476804195 15.3439 7049.675793139189 35.03949149226134 2.2194614469422658 0.40456177934343157 33.41126712422853 8618.902566003024 59.19084108853324 21.561370072059706
5046 1341.885964921096 3804.4043322415064 214.8754554208799 52.864821839247355 1293 1401 3746 3859 4844.0 25.21645950826833 18.633996541919817 -21.91768890307162 0.6737474889454991 0.15260335583755882 3.615103568846304 0.0 5394.608404683786 17.818232 9188.167265938866 44.48122289790439 2.049497337927273 0.3582596749065239 39.26694651579471 10838.331095411853 73.31903297527133 21.312593965124442
5047 1307.6762513172348 3840.116447032925 214.87538535909383 52.865231776229564 1293 1320 3822 3852 429.0 8.32513466993273 4.347825424181304 -46.463186701100646 0.8527906812876577 2.2964724807316914 6.190748187517975 0.0 1484.8302655496407 5.9721265 1804.0429061418022 6.621634941713888 1.4334779868872212 0.1257032189290977 11.685672474138842 1804.0429061418026 6.621634941713888 23.259382844259257
5048 1301.850552614447 3845.657576084532 214.87537911394963 52.8652986706926 1225 1390 3786 3885 6773.0 35.158294018420136 16.124728048034125 9.154780798140193 0.8886261557870125 0.25430844756966275 6.234634271544379 0.0 14988.437440580663 22.557539 23040.80442072496 38.97310577414546 1.827194619053738 0.35615612192459967 46.43180869967068 26424.723710216804 67.4884785835358 20.344973862156877
