outputs/dr0.5_c0.1/nircam1_matched_f277w_f125w_dr0.5_c0.1.ecsv
# %ECSV 1.0
# ---
# datatype:
# - {name: label, datatype: int64}
# - {name: xcentroid, datatype: float64}
# - {name: ycentroid, datatype: float64}
# - {name: sky_centroid.ra, unit: deg, datatype: float64}
# - {name: sky_centroid.dec, unit: deg, datatype: float64}
# - {name: bbox_xmin, datatype: int64}
# - {name: bbox_xmax, datatype: int64}
# - {name: bbox_ymin, datatype: int64}
# - {name: bbox_ymax, datatype: int64}
# - {name: area, unit: pix2, datatype: float64}
# - {name: semimajor_sigma, unit: pix, datatype: float64}
# - {name: semiminor_sigma, unit: pix, datatype: float64}
# - {name: orientation, unit: deg, datatype: float64}
# - {name: eccentricity, datatype: float64}
# - {name: min_value, datatype: float64}
# - {name: max_value, datatype: float64}
# - {name: local_background, datatype: float64}
# - {name: segment_flux, datatype: float64}
# - {name: segment_fluxerr, datatype: float32}
# - {name: kron_flux, datatype: float64}
# - {name: kron_fluxerr, datatype: float64}
# - {name: kron_radius, unit: pix, datatype: float64}
# - {name: gini, datatype: float64}
# - {name: equivalent_radius, unit: pix, datatype: float64}
# - {name: kron4_2_flux, datatype: float64}
# - {name: kron4_2_fluxerr, datatype: float64}
# - {name: kron4_2_mag, datatype: float64}
# meta:
#   PHOTMJSR: 2.962800025939941
#   PIXAR_SR: 2.11539874851881e-14
#   __serialized_columns__:
#     area:
#       __class__: astropy.units.quantity.Quantity
#       unit: !astropy.units.Unit {unit: pix2}
#       value: !astropy.table.SerializedColumn {name: area}
#     eccentricity:
#       __class__: astropy.units.quantity.Quantity
#       unit: !astropy.units.Unit {unit: ''}
#       value: !astropy.table.SerializedColumn {name: eccentricity}
#     equivalent_radius:
#       __class__: astropy.units.quantity.Quantity
#       unit: !astropy.units.Unit {unit: pix}
#       value: !astropy.table.SerializedColumn {name: equivalent_radius}
#     kron_radius:
#       __class__: astropy.units.quantity.Quantity
#       unit: !astropy.units.Unit {unit: pix}
#       value: !astropy.table.SerializedColumn {name: kron_radius}
#     orientation:
#       __class__: astropy.units.quantity.Quantity
#       unit: &id001 !astropy.units.Unit {unit: deg}
#       value: !astropy.table.SerializedColumn {name: orientation}
#     semimajor_sigma:
#       __class__: astropy.units.quantity.Quantity
#       unit: !astropy.units.Unit {unit: pix}
#       value: !astropy.table.SerializedColumn {name: semimajor_sigma}
#     semiminor_sigma:
#       __class__: astropy.units.quantity.Quantity
#       unit: !astropy.units.Unit {unit: pix}
#       value: !astropy.table.SerializedColumn {name: semiminor_sigma}
#     sky_centroid:
#       __class__: astropy.coordinates.sky_coordinate.SkyCoord
#       dec: !astropy.table.SerializedColumn
#         __class__: astropy.coordinates.angles.Latitude
#         unit: *id001
#         value: !astropy.table.SerializedColumn {name: sky_centroid.dec}
#       frame: icrs
#       ra: !astropy.table.SerializedColumn
#         __class__: astropy.coordinates.angles.Longitude
#         unit: *id001
#         value: !astropy.table.SerializedColumn {name: sky_centroid.ra}
#         wrap_angle: !astropy.coordinates.Angle
#           unit: *id001
#           value: 360.0
#       representation_type: spherical
#   astropy version: '5.1'
#   kernelfile: kernel_f277w_f125w.fits
#   make_catalog parameters:
#     ab_zpt: 31.4
#     coadd_bands: !!python/tuple [f277w, f356w]
#     deblend_contrast: 0.001
#     deblend_nlevels: 32
#     deblend_npixels: 1
#     detect_kernel_fwhm: 4.0
#     detect_kernel_npix: 7
#     detect_npixels: 4
#     detect_threshold_nsigma: 3.0
#     flag_isolated_buffer: 4
#     hst_bands: !!python/tuple [f606w, f814w, f125w, f140w, f160w]
#     jwst_bands: !!python/tuple [f115w, f150w, f200w, f277w, f356w, f410m, f444w]
#     near_border_kernelsize: 21
#     reference_band: f200w
#   make_catalog version: 1.4.0
#   photutils version: 1.5.0
# schema: astropy-2.0
label xcentroid ycentroid sky_centroid.ra sky_centroid.dec bbox_xmin bbox_xmax bbox_ymin bbox_ymax area semimajor_sigma semiminor_sigma orientation eccentricity min_value max_value local_background segment_flux segment_fluxerr kron_flux kron_fluxerr kron_radius gini equivalent_radius kron4_2_flux kron4_2_fluxerr kron4_2_mag
[from data line 4546]
4547 1489.5130463758524 2168.767479429776 215.02004163673652 53.00052471421029 1482 1496 2162 2176 155.0 3.24359295111611 3.0241600796195174 63.171952267715625 0.36156004601209796 0.2355901751942996 1.0649346848602153 0.0 88.60348407644472 9.846815 141.179238598001 23.12858488543598 2.1788819596879385 0.22055474706450084 7.024103669400641 153.27719644695406 36.54668411073231 25.9363061293987
4548 2446.8148928563114 2165.240884651207 215.01147888984087 52.99443525650286 2441 2452 2161 2170 72.0 3.487268165801049 1.7503121544602906 24.504477325919744 0.8649169591919277 0.19927915450983696 0.23814043420988174 0.0 15.924035528037507 6.478593 303.9696056850709 32.472810668542294 3.890352248304984 0.025930408785878458 4.787307364817192 587.5370863931438 48.608644231992244 24.477411786863744
4549 2453.667011935291 2173.134946981043 215.01133417102332 52.994434482023856 2451 2457 2169 2176 43.0 2.155884910488479 1.5865885837371039 51.62911227767555 0.6770534954768676 0.1881738771430634 0.22834456476141188 0.0 9.149417261521277 4.9651303 165.6870259737522 24.389369301270847 3.89239353796702 0.02710360615283671 3.6996385101659595 376.01318060061413 39.155158789056884 24.961992328094503
4550 1220.8381106772263 2198.6797627570454 215.02214053448296 53.002390053834304 1215 1226 2194 2204 96.0 2.8100480841000217 2.4516486893980645 31.138672266345257 0.48868925554209197 0.2586947601504221 0.6095822149649344 0.0 41.604349992649716 7.3975644 131.8585742324078 25.76987990222088 2.9407915038229575 0.13273814375821225 5.527906391541368 188.70078648388835 41.15146956310091 25.71056572435051
4551 1211.3306084423361 2217.5788556486573 215.0220268316001 53.00255253060644 1192 1227 2200 2240 941.0 7.42040671901019 6.559767124698797 -74.41833420818323 0.4674543839146408 0.22288025233751324 2.741583462253908 0.0 829.0142661402609 22.73514 1068.6786886556786 42.18955900190694 1.8257923266158482 0.36561833888019224 17.30692355385402 1088.483590018444 67.42556079550818 23.8079452849958
4552 10081.583531465301 2243.1871402576157 214.94215725390615 52.94642065262775 10023 10140 2201 2291 6151.0 16.91228339322162 11.752844789326915 -36.98174819417506 0.7190778664010027 0.17568662891229342 23.066968657831424 0.0 11007.85035237953 60.075863 11883.246668679963 77.73233964687368 1.6566893556235158 0.612903614680519 44.24843624261197 13312.1593231261 127.2086876673556 21.089378733203457
4553 10035.85187399093 2241.621895914966 214.94258359691224 52.94670244571818 10029 10041 2232 2250 187.0 4.547297960336671 3.0395311357959662 -77.93315875925768 0.7437788592046242 0.20369525645844772 0.5183971575474494 0.0 69.18237835336221 10.305453 489.3192798499423 42.719545716220445 3.5364529948110235 0.13305460144702497 7.715176518808164 935.4607512521812 69.96624939229444 23.972436073248463
4554 10121.026033976428 2263.707169805092 214.94158762985657 52.94628113358218 10077 10158 2228 2298 2956.0 12.134535707000627 8.166608501025877 -40.014906981447 0.7396375344393197 0.19422998860897253 23.623029242288855 0.0 4540.042338031013 41.682583 5145.712677408852 59.66890824615215 1.7270099546042332 0.6219032968673894 30.67448489476694 5809.657658900234 101.77930710115392 21.989623645457456
4555 10110.362054358851 2291.7992771341974 214.9413873057309 52.946500518304816 10102 10119 2287 2298 143.0 3.6715404586505644 2.759944119081147 10.735944690873366 0.6594905613845522 0.24372532086707746 0.7174644962904337 0.0 65.25758236597721 9.003317 357.21550569528483 35.56546857966456 3.404684883458617 0.16907798268760657 6.746726148605861 653.5386643145507 57.93207536369955 24.361821784547782
4556 7461.833464571093 2218.770731417214 214.96590203241624 52.962913267960474 7457 7466 2211 2225 80.0 3.0730663509095293 2.0373172880263346 89.57931842108582 0.7486556203352522 0.20018295880471182 0.4142800401693388 0.0 26.135630785440842 6.638592 149.0073606589942 28.09902982083575 3.32888574779984 0.1018509046386348 5.046265044040321 205.67696521935716 45.09597665162688 25.617035860922353
4557 7453.2122464482845 2223.2259772710477 214.96593242485082 52.9629920377742 7447 7461 2218 2228 117.0 3.2873838341347343 2.544208646770404 1.97165567670986 0.6332697878871736 0.2660010430017965 0.6011792753846309 0.0 47.56157614175547 8.036607 189.15417418769135 30.454485203602555 3.1309979894505893 0.1268271220531414 6.102643417692329 247.54110021608034 49.15269297869459 25.41588170783464
4558 2059.598507800015 2249.027007178638 215.014074360963 52.99734372701474 2021 2092 2227 2275 2230.0 13.198739471069894 6.474494965408855 11.904816002548612 0.871419302447292 0.22606764203130222 11.191108752324865 0.0 5843.010939545077 35.56533 6470.702819428332 49.59028561541629 1.6140580221151706 0.5532049233102123 26.642654638565077 6921.6289291515195 79.83784327041259 21.79947921772665
4559 2081.213357995026 2264.351726224338 215.01371872418895 52.99728951522925 2060 2099 2245 2284 835.0 8.44668233150247 4.388543087068467 -49.10649095555415 0.8544350615948506 0.19301006501171097 7.070048805928379 0.0 1178.261811677697 21.808493 1570.0462740346672 39.88147311229933 1.9719136947723945 0.5317800154821126 16.303029011918774 1795.3512743132428 63.81802418940712 23.26462641427338
4560 3325.262452162019 2236.980471796991 215.00283366511454 52.98925214055599 3317 3335 2228 2247 264.0 3.850691423748164 3.738959757438836 25.954867599166334 0.23914446207263615 0.27257576595044974 2.7431393041379555 0.0 276.4078519937744 12.404474 379.1393728645868 27.205164002989164 2.0941077876603647 0.33890469610793816 9.166995688475081 445.8196995490986 44.347265623298526 24.777101862876066
4561 3313.2006590064334 2241.0874335967255 215.00289870871265 52.98935083855251 3305 3324 2230 2251 291.0 4.814885430732872 3.481512064153254 62.55054567911155 0.6907719695357701 0.23025666789673824 1.9661587353714258 0.0 229.5379266702866 12.88939 379.6847552574015 31.85363328598991 2.3137411325324293 0.32215414355556343 9.624353322664494 447.45954496782554 51.37563848862232 24.773115558364267
4562 6324.47479445136 2243.2635951017583 214.97584671082518 52.9702616327315 6317 6333 2234 2255 261.0 4.387893777996334 3.445921981062533 69.62422867027878 0.6190839159528426 0.22693008506209403 1.47575847354695 0.0 159.83923611978793 12.350995 279.2814582754071 31.968207629648276 2.41817773513274 0.28036846235957924 9.114761669619748 341.5279622642096 51.347358285900775 25.066434332738687
4563 6321.094372692873 2256.1871214360667 214.9757408963114 52.97035290733242 6315 6327 2252 2261 92.0 2.909341795978095 2.3380830979293226 0.08635208455489082 0.5951066213243005 0.21554264553090574 0.4055703354110748 0.0 29.842767832795285 7.4908853 91.84245601885073 25.2012525205223 2.8293314805295484 0.09301382463401131 5.4115163798060095 152.90569194986915 40.469616833758046 25.93894086893472
4564 9603.057839031686 2258.0264949801376 214.94628986365666 52.94953779095025 9597 9609 2251 2267 176.0 4.005319049755024 3.0947996918717973 89.2059376462008 0.634804916228197 0.19739229501667485 0.5684438533246923 0.0 58.595550300058164 10.002039 152.64697177650817 32.25558399580071 2.7264405861949514 0.15949455211685432 7.48482063701911 216.76070720040542 51.957494286481065 25.56004860183581
4565 9606.11436681848 2282.3366853301654 214.9460064020057 52.949649682587946 9599 9612 2266 2298 323.0 7.114627648519556 2.912661824085255 79.11163960490875 0.9123592057174176 0.22717344953388444 0.8457895555825814 0.0 157.6873413512825 13.575037 419.91640834883106 43.70281163436809 2.8830029724486916 0.20357762721133932 10.139728459745083 493.11905640524265 70.70986272614648 24.66762053498362
4566 9608.423265683812 2300.9423855982845 214.94578972735283 52.94973551086142 9606 9610 2299 2303 21.0 1.3799244046571015 1.1919878102613144 88.96737523847457 0.5038235358443293 0.22239255828875265 0.28640383837877914 0.0 5.482613839703111 3.4206426 79.53415809594253 16.54081976806848 3.8442629748108876 0.0376569735330989 2.5854414729132054 158.4756807641113 26.48972194313648 25.900093434882045
4567 3222.917220930704 2259.904845832927 215.00351119934422 52.990025145068294 3214 3233 2254 2264 159.0 3.6485165677988274 2.60565286529412 -18.935962243013964 0.6999745894986169 0.21665340930784313 2.349908181980963 0.0 161.3251330012033 9.656905 249.6619336635968 22.686322559302518 2.177196764436098 0.346360431882247 7.1141599576634995 309.1475427349101 36.35129982854206 25.17458550287322
4568 3223.635398840334 2271.7619383715046 215.00337982481943 52.99008468561916 3208 3237 2256 2286 577.0 6.219814931562131 4.331697923484625 -38.61389583252599 0.7176197055805207 0.21042241618038118 4.552435342732905 0.0 741.6022872235073 18.23714 928.4163198756921 34.00046143682472 1.9342821596935538 0.4451469904815845 13.552298857686367 1084.5614450129056 54.28003725469223 23.811864595813923
4569 3201.526761022101 2281.0990674155905 215.0034799886336 52.990275373659884 3193 3211 2276 2286 169.0 4.496471731015918 2.5615074206801403 11.159970522605011 0.8218731597147517 0.22857319071498997 0.6246508791513165 0.0 64.07867914142795 10.070564 239.92671459298109 35.409682490476925 3.0999244062904294 0.15253977168631552 7.334464586120832 484.0764666904829 56.24079478523013 24.687715075028073
4570 3277.1837493549588 2339.6287544340394 215.00218391318754 52.990111935233195 3235 3323 2297 2382 5468.0 15.107060666711314 12.430044245815978 41.110056717240084 0.5683353686846776 0.23313923432150496 22.61868488373688 0.0 16563.612833053376 56.37098 16969.17906571465 65.54472651684347 1.415349880211056 0.5765124268291613 41.719521301819455 17629.081078565803 104.44132850023948 20.78442581212026
4571 3230.377434834881 2331.7315520339903 215.00268744089112 52.99036609943477 3216 3241 2317 2344 473.0 6.707587793139067 4.238402453086562 -36.768988033587256 0.775064789307892 0.22967326259619109 1.6170723310400206 0.0 362.1746485011856 16.309292 598.5561653204699 42.11195423078308 2.3698198938520023 0.2786138281694312 12.27031279816994 852.5145681959425 67.58389950097916 24.07324547707605
4572 7943.526126554858 2307.2990375928216 214.96064947303262 52.960335104481274 7936 7951 2299 2316 212.0 4.2265067874254845 3.401603195616184 79.63708518684132 0.5935106271071848 0.21233927417788784 0.7155448624333164 0.0 90.49334985982564 11.22499 205.12417576489813 32.8177544084506 2.567585454261908 0.16784287923748606 8.214724333230155 232.64078266360963 53.248745092863224 25.483285374349805
4573 7934.939350078307 2307.467003284656 214.96072470762417 52.96039049772083 7934 7936 2306 2309 8.0 0.9123541299078473 0.7034018110914273 -53.111179424579646 0.6368659587616453 0.23602342897498535 0.3162389739248626 0.0 2.2292968468083885 2.1047878 26.765808439129607 9.963957147254394 3.7349581419201634 0.05605618367108781 1.5957691216057308 47.691168094936344 15.913779684204277 27.20390510076307
4574 9626.110917204443 2307.9360342071036 214.94555752072756 52.94966102642047 9614 9637 2300 2317 299.0 5.3923250681496855 3.8924843364621275 -5.970756441544922 0.6920428775989995 0.24282529032512962 0.6463481391867358 0.0 128.55461189551642 13.161235 406.5333186675491 46.10424898356552 2.9980390250859417 0.15024173423852122 9.755749892701914 511.93779453268724 74.30750668456545 24.62695701715249
4575 9640.925063333922 2308.433810168859 214.9454194940146 52.949569697012095 9636 9648 2303 2315 117.0 3.2357660818118834 2.7537423561378143 31.670542501784286 0.5251128908809961 0.20938199373209693 0.438582786065958 0.0 37.719971251389225 8.338314 169.5177641576928 32.17127386954547 3.25267753125446 0.11298806810203132 6.102643417692329 280.29427532134343 52.06553996691623 25.28096443024912
4576 9650.095522997202 2307.3961199820224 214.94534822713157 52.94950589272616 9647 9653 2305 2310 28.0 1.6319295454433245 1.3809166495493477 -11.81946842568431 0.5328869595941313 0.18694510971692488 0.25313701530444027 0.0 6.430214612839671 3.9193048 50.395448108408935 17.476870166128524 3.474334715926653 0.04786017184441344 2.985410660720923 68.28727682907262 28.173018379474428 26.814150514502412
4577 9635.471488656623 2316.869900184865 214.94537951580764 52.94964986745789 9630 9641 2312 2321 85.0 2.7978786819772044 2.2692598525951126 -10.030644763541275 0.5849568405906147 0.22195978649007622 0.4650190018953857 0.0 30.441528792823316 7.011342 135.63083017379054 26.654540039959095 3.1223110915790224 0.11392500987347412 5.201570947860099 236.9457353058487 42.39996985568532 25.46337775897934
4578 6670.727350008751 2315.7918925206777 214.97197624045262 52.96845676806783 6661 6679 2311 2321 143.0 4.096579681604392 2.4742579864374235 -9.474633006437424 0.7969984016280497 0.22462473631718397 0.6454547188622531 0.0 64.08616391735058 8.5263815 201.36476629464005 28.69004147743212 2.932148457587545 0.14557890281426977 6.746726148605861 288.230709159027 46.30655346555014 25.250649374316808
4579 6643.685828372265 2341.999500523591 214.9719427450506 52.968769928729365 6608 6675 2316 2368 1965.0 13.710183560243525 5.850223721399774 -33.62239526202451 0.9043901855240238 0.20499206299708847 8.480163176888041 0.0 2567.5828705081335 34.58623 2889.3806860296354 51.58600752856939 1.7048040387667591 0.4964100332260873 25.00957669276209 3150.699056064124 80.75492722051422 22.6539826929
4580 3542.3959631843586 2328.456027316331 214.9999201235918 52.98836949624946 3535 3548 2323 2335 139.0 3.172948323489296 2.956869131391414 33.587113177424605 0.36271644432434474 0.2881404557174293 0.8380776350998393 0.0 67.85831683349072 8.78385 223.65434640106173 30.4598103324535 3.001622628254003 0.1656637463587842 6.651697090182843 338.1782970256574 49.18782287335008 25.077135667957734
4581 3512.1006337140816 2351.7776970949253 214.99994643831167 52.988687701324494 3472 3547 2317 2387 2684.0 12.756757363510001 11.163538228761968 49.20360824817714 0.483927979522989 0.197152043473271 13.022944391486547 0.0 7542.65335051434 38.948074 9402.768598549264 62.867166802463274 1.6349895991787569 0.46478668857535954 29.229158977248975 9867.658324072914 103.50608153334798 21.41446474182957
4582 3484.006335265353 2350.2604087777063 215.00021469395338 52.98885768333142 3474 3492 2338 2364 278.0 4.6524372629355355 4.095304080284226 77.75851148458244 0.474511731318463 0.22996037514901796 2.8015966190342136 0.0 318.2071756926914 12.528734 542.4973473620713 29.672524309851607 2.2947820373486807 0.38682457227426376 9.40692023773423 690.6099222174955 51.54150587857053 24.30191796572897
4583 3491.68165153902 2363.6933376792663 215.00000424437502 52.9888816136749 3478 3500 2352 2382 383.0 5.950946061494667 4.061222400057603 87.38465029552191 0.7309323957355337 0.22319610397635417 3.3520872185326547 0.0 634.0554100495215 14.806671 830.907905272773 27.421663679580753 2.0649820578436406 0.373983968636368 11.041407809169618 1008.9119686045385 50.1648046425788 23.8903668148764
4584 3526.8663278933154 2374.406583582279 214.9995754336264 52.98871636846236 3496 3561 2343 2403 1806.0 13.019330573364687 7.1681819496683445 -37.847293683813945 0.8347824595225368 0.2035455755245425 7.015438917191669 0.0 3682.7788026976878 32.0312 4444.583758511437 50.52988509047888 1.7050431279873939 0.47936742731743054 23.976397862229554 4864.491263029835 82.95586541423171 22.182406430735583
4585 3544.530872543322 2394.9528878609563 214.9992003412742 52.98871539183778 3523 3567 2378 2410 873.0 9.083838492084457 5.835943105895614 -14.514973927914676 0.7663247373929957 0.19208747316849906 2.0339382515085043 0.0 602.1621599384574 22.427698 1012.8546864420829 56.40165216250377 2.286539339586514 0.3451675640309227 16.669868944849245 1221.3488521361983 90.09524867376071 23.682900678551643
4586 10030.425714728945 2332.7805752028253 214.94167204462883 52.94722916359256 10022 10042 2325 2341 240.0 3.8215314183497884 3.358929571080668 17.803525204383284 0.47691656845553604 0.22864298722417742 2.2575152383916626 0.0 180.79525461108247 11.865242 362.78594853966473 32.0600845121519 2.6302810352543 0.339974169440753 8.740387444736633 582.869556563581 51.52481271013169 24.486071568519538
