outputs/dr0.5_c0.1/nircam2_f125w_dr0.5_c0.1.ecsv
# %ECSV 1.0
# ---
# datatype:
# - {name: label, datatype: int64}
# - {name: xcentroid, datatype: float64}
# - {name: ycentroid, datatype: float64}
# - {name: sky_centroid.ra, unit: deg, datatype: float64}
# - {name: sky_centroid.dec, unit: deg, datatype: float64}
# - {name: bbox_xmin, datatype: int64}
# - {name: bbox_xmax, datatype: int64}
# - {name: bbox_ymin, datatype: int64}
# - {name: bbox_ymax, datatype: int64}
# - {name: area, unit: pix2, datatype: float64}
# - {name: semimajor_sigma, unit: pix, datatype: float64}
# - {name: semiminor_sigma, unit: pix, datatype: float64}
# - {name: orientation, unit: deg, datatype: float64}
# - {name: eccentricity, datatype: float64}
# - {name: min_value, datatype: float64}
# - {name: max_value, datatype: float64}
# - {name: local_background, datatype: float64}
# - {name: segment_flux, datatype: float64}
# - {name: segment_fluxerr, datatype: float32}
# - {name: kron_flux, datatype: float64}
# - {name: kron_fluxerr, datatype: float64}
# - {name: kron_radius, unit: pix, datatype: float64}
# - {name: gini, datatype: float64}
# - {name: equivalent_radius, unit: pix, datatype: float64}
# - {name: kron4_2_flux, datatype: float64}
# - {name: kron4_2_fluxerr, datatype: float64}
# - {name: radius_kron20, unit: pix, datatype: float64}
# - {name: radius_kron50, unit: pix, datatype: float64}
# - {name: radius_kron80, unit: pix, datatype: float64}
# - {name: near_border, datatype: bool}
# meta:
#   PHOTMJSR: 0.3925000131130219
#   PIXAR_SR: 2.11539874851881e-14
#   __serialized_columns__:
#     area:
#       __class__: astropy.units.quantity.Quantity
#       unit: !astropy.units.Unit {unit: pix2}
#       value: !astropy.table.SerializedColumn {name: area}
#     eccentricity:
#       __class__: astropy.units.quantity.Quantity
#       unit: !astropy.units.Unit {unit: ''}
#       value: !astropy.table.SerializedColumn {name: eccentricity}
#     equivalent_radius:
#       __class__: astropy.units.quantity.Quantity
#       unit: !astropy.units.Unit {unit: pix}
#       value: !astropy.table.SerializedColumn {name: equivalent_radius}
#     kron_radius:
#       __class__: astropy.units.quantity.Quantity
#       unit: &id001 !astropy.units.Unit {unit: pix}
#       value: !astropy.table.SerializedColumn {name: kron_radius}
#     orientation:
#       __class__: astropy.units.quantity.Quantity
#       unit: &id002 !astropy.units.Unit {unit: deg}
#       value: !astropy.table.SerializedColumn {name: orientation}
#     radius_kron20:
#       __class__: astropy.units.quantity.Quantity
#       unit: *id001
#       value: !astropy.table.SerializedColumn {name: radius_kron20}
#     radius_kron50:
#       __class__: astropy.units.quantity.Quantity
#       unit: *id001
#       value: !astropy.table.SerializedColumn {name: radius_kron50}
#     radius_kron80:
#       __class__: astropy.units.quantity.Quantity
#       unit: *id001
#       value: !astropy.table.SerializedColumn {name: radius_kron80}
#     semimajor_sigma:
#       __class__: astropy.units.quantity.Quantity
#       unit: !astropy.units.Unit {unit: pix}
#       value: !astropy.table.SerializedColumn {name: semimajor_sigma}
#     semiminor_sigma:
#       __class__: astropy.units.quantity.Quantity
#       unit: !astropy.units.Unit {unit: pix}
#       value: !astropy.table.SerializedColumn {name: semiminor_sigma}
#     sky_centroid:
#       __class__: astropy.coordinates.sky_coordinate.SkyCoord
#       dec: !astropy.table.SerializedColumn
#         __class__: astropy.coordinates.angles.Latitude
#         unit: *id002
#         value: !astropy.table.SerializedColumn {name: sky_centroid.dec}
#       frame: icrs
#       ra: !astropy.table.SerializedColumn
#         __class__: astropy.coordinates.angles.Longitude
#         unit: *id002
#         value: !astropy.table.SerializedColumn {name: sky_centroid.ra}
#         wrap_angle: !astropy.coordinates.Angle
#           unit: *id002
#           value: 360.0
#       representation_type: spherical
#   astropy version: '5.1'
#   make_catalog parameters:
#     ab_zpt: 31.4
#     coadd_bands: !!python/tuple [f277w, f356w]
#     deblend_contrast: 0.001
#     deblend_nlevels: 32
#     deblend_npixels: 1
#     detect_kernel_fwhm: 4.0
#     detect_kernel_npix: 7
#     detect_npixels: 4
#     detect_threshold_nsigma: 3.0
#     flag_isolated_buffer: 4
#     hst_bands: !!python/tuple [f606w, f814w, f125w, f140w, f160w]
#     jwst_bands: !!python/tuple [f115w, f150w, f200w, f277w, f356w, f410m, f444w]
#     near_border_kernelsize: 21
#     reference_band: f200w
#   make_catalog version: 1.4.0
#   photutils version: 1.5.0
# schema: astropy-2.0
label xcentroid ycentroid sky_centroid.ra sky_centroid.dec bbox_xmin bbox_xmax bbox_ymin bbox_ymax area semimajor_sigma semiminor_sigma orientation eccentricity min_value max_value local_background segment_flux segment_fluxerr kron_flux kron_fluxerr kron_radius gini equivalent_radius kron4_2_flux kron4_2_fluxerr radius_kron20 radius_kron50 radius_kron80 near_border
[from data line 5083]
5084 8563.884082286973 6034.8598780338225 214.84366184676335 52.90413938774323 8543 8583 6013 6049 382.0 13.575099008240825 3.6674551552644554 37.32637258599935 0.9628153090695186 -0.5256825850296071 0.30131272088399685 0.0 -17.982065632704014 23.596758 -57.96302708956349 50.885049324882004 1.4 -0.6443651136176665 11.026984017500345 -231.64456751217358 13711236713508.666 26.40944278853827 27.672145734128712 28.724277121059682 False
5085 9330.079269424772 6025.329182532903 214.8369140018882 52.89921928639474 9310 9341 6019 6037 210.0 5.808471713956305 1.8595389357044745 -24.071595074153304 0.947369383517539 -0.32251626146738166 0.17613379787892544 0.0 -2.1292614584376137 14.279167 6.217888435984533 19.648111786905613 1.4 -0.8271455005764307 8.175883811466258 -43.56974772626458 30.299642064899253 1.7739961628917995 3.140701750362825 4.763458407691348 False
5086 nan nan nan nan 8648 8676 6022 6065 801.0 nan nan nan nan 0.0 0.0 0.0 0.0 33038190000000.0 nan nan nan nan 15.967661658277217 nan nan nan nan nan True
5087 8955.363499191168 6025.612015015458 214.8402600386548 52.90160195707041 8948 8957 6015 6040 211.0 2.0527018328180584 0.46117479698365416 69.64062811244179 0.9744355515071421 -0.6289087260879098 0.5325607933204999 0.0 -30.157928344793174 13155333000000.0 -3.5253601405419657 4653242760774.804 1.4 -0.7111786480956216 8.19532708223289 -10.660518594358724 7758266625532.959 4.07341866868048 4.598452390660051 5.062275357099048 True
5088 8598.061720249745 6050.785659660962 214.8431885569759 52.90400808146992 8564 8619 6026 6066 684.0 15.832928477253079 4.481473576492406 39.8180731515026 0.959105841031366 -0.5835415748731054 0.4015650820765824 0.0 -31.578304142446186 34.005802 -92.1946743070946 20712347975444.97 1.4 -0.5004982404870331 14.755472278097805 -128.57764417639476 45296930875074.89 4.0860215348981415 11.768906844627297 28.735363060669375 False
5089 nan nan nan nan 8948 8960 6040 6059 183.0 nan nan nan nan 0.0 0.0 0.0 0.0 15791578000000.0 nan nan nan nan 7.632215220473915 nan nan nan nan nan True
5090 9283.911351947761 6051.475569913675 214.83705116385505 52.89965362206861 9266 9312 6035 6063 318.0 13.718078637079744 1.8137606970205595 -28.94268076773665 0.9912208196058411 -0.3602548577350525 0.36718238701572425 0.0 17.385677280518834 24.694735 13.832031643396974 3847502947052.671 2.70450893651057 0.4367715207667667 10.060941497019325 93.73513647388457 25933401989619.477 2.67447434158088 3.9732354397658924 5.0313377190786674 False
5091 8618.20066344678 6048.0165388898995 214.84303771012745 52.90386518490486 8604 8654 6040 6070 326.0 5.976358061752567 1.4045183313202056 30.3586554089387 0.9719923690836967 -0.19462430914174433 0.36861136229712904 0.0 9.125029715536376 17393079000000.0 12.415423644413792 12108993255027.5 1.4 0.8355749167055109 10.186708148166206 11.423259370664587 22550209119612.95 2.5023581853022723 20.556848199999315 7.57623903902558 True
5092 9254.745717116344 6068.356838632741 214.83713398172713 52.89992996600727 9241 9268 6060 6079 235.0 8.732304356723118 2.3060512090823746 -29.407476525675214 0.9645000183426157 -0.4167094624882804 0.37038824286459976 0.0 -1.7550089581498007 29.68674 383.0928175693474 45381731691720.73 4.816384115966739 -0.5629399612684897 8.6488625410045 1015.2368263639502 91001767408202.5 26.291245057759784 31.60540010954953 35.67118361666087 False
5093 nan nan nan nan 8948 8964 6058 6092 482.0 nan nan nan nan 0.0 0.0 0.0 0.0 25628519000000.0 nan nan nan nan 12.386499309352384 nan nan nan nan nan True
5094 9240.715903689877 6077.212081453467 214.83716608094073 52.900066858956386 9222 9255 6065 6095 505.0 8.42168668795495 1.8641234162133282 14.997404117278515 0.9751948869654022 -0.3818138556920072 0.3795619918296626 0.0 -21.29854669647754 17818780000000.0 497.33746826365143 62705896087964.695 5.014324268542183 -0.6700370103492544 12.678584010953838 1398.9268382597234 92575381558303.52 28.352263491818054 33.20673105995861 38.7694095091599 True
5095 nan nan nan nan 9185 9222 6076 6097 268.0 nan nan nan nan -0.4049204830436036 0.0 0.0 -1.8902426301812456 18931188000000.0 nan nan nan -0.9860808332364775 9.23618154310838 nan nan nan nan nan True
5096 nan nan nan nan 8613 8655 6065 6092 271.0 nan nan nan nan -0.20026473517820198 0.0 0.0 -4.0995406163414305 18046748000000.0 nan nan nan -0.9015883170213084 9.287732724180174 nan nan nan nan nan True
5097 8940.795812536766 6020.019400482447 214.8404491614249 52.90166437480351 8938 8948 6008 6099 887.0 1.7245305871994296 1.1882464306466352 -60.69114044953826 0.724736611965955 -0.6602119201229626 0.17570026394097507 0.0 -38.36999591448685 31626273000000.0 -4.522502140691003 4384797133700.1694 1.4 -0.8909188597020821 16.80300178673508 -37.80371852829566 7272259445464.368 4.2149774083691804 4.432183761595038 4.623142919852452 True
5098 nan nan nan nan 8652 8693 6062 6094 400.0 nan nan nan nan 0.0 0.0 0.0 0.0 23346940000000.0 nan nan nan nan 11.283791670955125 nan nan nan nan nan True
5099 nan nan nan nan 8691 8726 6085 6111 454.0 nan nan nan nan 0.0 0.0 0.0 0.0 24872986000000.0 nan nan nan nan 12.02134303343187 nan nan nan nan nan True
5100 nan nan nan nan 9201 9229 6079 6102 311.0 nan nan nan nan 0.0 0.0 0.0 0.0 20586389000000.0 nan nan nan nan 9.949591680222808 nan nan nan nan nan True
5101 8932.305512270119 6014.849434216352 214.84057951227553 52.90169045279097 8917 8938 6008 6103 1291.0 4.930481801398289 1.8924518050953358 -80.14173276835824 0.9234050413514124 -0.5719677008792857 0.24052914207620504 0.0 -8.082267448165751 40048683000000.0 -25.417964190984584 15094866180455.896 1.4 -0.9768303360827185 20.27160731326635 -46.99460671058989 27017205152460.5 4.764244454876634 6.011574118464255 7.117189899477679 True
5102 nan nan nan nan 9174 9222 6093 6120 654.0 nan nan nan nan 0.0 0.0 0.0 0.0 29853061000000.0 nan nan nan nan 14.428259270064393 nan nan nan nan nan True
5103 nan nan nan nan 8937 8948 6096 6121 239.0 nan nan nan nan 0.0 0.0 0.0 0.0 18046748000000.0 nan nan nan nan 8.722159296752494 nan nan nan nan nan True
5104 nan nan nan nan 8722 8741 6105 6119 162.0 nan nan nan nan 0.0 0.0 0.0 0.0 14857902000000.0 nan nan nan nan 7.1809610472257885 nan nan nan nan nan True
5105 nan nan nan nan 9162 9188 6099 6128 269.0 nan nan nan nan 0.0 0.0 0.0 0.0 19145916000000.0 nan nan nan nan 9.25339718068125 nan nan nan nan nan True
5106 nan nan nan nan 9007 9071 6112 6166 2343.0 nan nan nan nan 0.0 0.0 0.0 0.0 56504904000000.0 nan nan nan nan 27.309340221408164 nan nan nan nan nan True
5107 nan nan nan nan 8745 8771 6119 6135 244.0 nan nan nan nan 0.0 0.0 0.0 0.0 18234544000000.0 nan nan nan nan 8.812923024107548 nan nan nan nan nan True
5108 nan nan nan nan 9119 9177 6104 6154 1606.0 nan nan nan nan 0.0 0.0 0.0 0.0 46781350000000.0 nan nan nan nan 22.60985796530283 nan nan nan nan nan True
5109 8620.915772848442 6058.912819617065 214.8428986480581 52.90390667976614 8616 8755 6057 6142 2656.0 1.5904550251070604 0.8995832573379275 60.35539727575111 0.8246702777761162 -0.23021022170186997 0.25650473340339247 0.0 -0.5584681872077354 59717536000000.0 4.100629367787571 5519039888440.6045 1.4 -0.981259227678612 29.076297180076903 -0.32630563242833155 10299239651712.803 1.1708967571756015 1.9576838627918252 3.336456785168176 True
5110 nan nan nan nan 8966 9008 6110 6164 1651.0 nan nan nan nan 0.0 0.0 0.0 0.0 47432226000000.0 nan nan nan nan 22.92443286298351 nan nan nan nan nan True
5111 nan nan nan nan 8905 8968 6087 6153 1929.0 nan nan nan nan 0.0 0.0 0.0 0.0 51270330000000.0 nan nan nan nan 24.7794223187009 nan nan nan nan nan True
5112 nan nan nan nan 8749 8769 6134 6150 198.0 nan nan nan nan 0.0 0.0 0.0 0.0 16426029000000.0 nan nan nan nan 7.938851142601841 nan nan nan nan nan True
5113 nan nan nan nan 8726 8755 6134 6152 246.0 nan nan nan nan 0.0 0.0 0.0 0.0 18309123000000.0 nan nan nan nan 8.848967849484623 nan nan nan nan nan True
5114 nan nan nan nan 9086 9123 6129 6152 424.0 nan nan nan nan 0.0 0.0 0.0 0.0 24037147000000.0 nan nan nan nan 11.617374563210365 nan nan nan nan nan True
5115 nan nan nan nan 8892 8915 6126 6160 426.0 nan nan nan nan 0.0 0.0 0.0 0.0 24093770000000.0 nan nan nan nan 11.64474179680661 nan nan nan nan nan True
5116 nan nan nan nan 9092 9130 6139 6167 579.0 nan nan nan nan 0.0 0.0 0.0 0.0 28089193000000.0 nan nan nan nan 13.575766059431594 nan nan nan nan nan True
5117 nan nan nan nan 9009 9026 6163 6177 145.0 nan nan nan nan 0.0 0.0 0.0 0.0 14056720000000.0 nan nan nan nan 6.793742230659745 nan nan nan nan nan True
5118 nan nan nan nan 9000 9115 6139 6198 3616.0 nan nan nan nan 0.0 0.0 0.0 0.0 70196300000000.0 nan nan nan nan 33.92651689225682 nan nan nan nan nan True
5119 nan nan nan nan 8752 8837 6127 6192 2839.0 nan nan nan nan 0.0 0.0 0.0 0.0 62198900000000.0 nan nan nan nan 30.061300152784174 nan nan nan nan nan True
5120 nan nan nan nan 8808 8883 6162 6199 1725.0 nan nan nan nan 0.0 0.0 0.0 0.0 48483562000000.0 nan nan nan nan 23.432553289538017 nan nan nan nan nan True
5121 nan nan nan nan 8883 8918 6142 6199 1174.0 nan nan nan nan 0.0 0.0 0.0 0.0 39997610000000.0 nan nan nan nan 19.331213267143124 nan nan nan nan nan True
5122 nan nan nan nan 8860 8900 6158 6199 779.0 nan nan nan nan 0.0 0.0 0.0 0.0 32581324000000.0 nan nan nan nan 15.746853696442757 nan nan nan nan nan True
5123 nan nan nan nan 8980 9019 6144 6198 827.0 nan nan nan nan 0.0 0.0 0.0 0.0 33570108000000.0 nan nan nan nan 16.224742705941285 nan nan nan nan nan True
5124 nan nan nan nan 8910 8969 6124 6199 2702.0 nan nan nan nan 0.0 0.0 0.0 0.0 60679596000000.0 nan nan nan nan 29.327006537807478 nan nan nan nan nan True
5125 nan nan nan nan 8943 8996 6153 6199 1365.0 nan nan nan nan 0.0 0.0 0.0 0.0 43128694000000.0 nan nan nan nan 20.844495547766904 nan nan nan nan nan True
5126 7448.857777809666 5749.957568008765 214.85663215538918 52.90968766584421 7444 7455 5745 5756 88.0 2.747177881161045 2.1836499331917065 -25.985124840023662 0.6067794545781723 0.11171200267335593 0.540364181150101 0.0 28.69689640991035 7.3168516 97.62312677971443 25.966758613074585 3.089599717028763 0.21446763096226107 5.292567428401227 85.94901085650731 41.57471559499718 3.946572951605445 8.54599380747429 12.346718690492134 False
5127 7455.36583434425 5758.596540716483 214.85648295114868 52.909692906288456 7447 7462 5750 5767 173.0 3.978844854223401 2.87117633653474 62.69798615272055 0.692299245786731 0.1122142435759027 0.8081965801289362 0.0 66.11131091796335 10.0882435 170.7578575752201 32.009613942010866 2.7478077925242723 0.2475853616369364 7.420755373261929 129.791965202283 51.17421766871502 4.503867133358535 9.422833005433644 19.21006176082918 False
5128 1637.7452686640954 5760.441953310413 214.90852912874269 52.946651904349245 1636 1639 5759 5762 10.0 0.9953095383855703 0.7637870455936163 72.45701840356102 0.6411848783771231 0.05422240381145423 0.3136255026348283 0.0 1.7747689355400726 2.4529502 24.1669853998481 11.637183820986955 3.843208834821687 0.2937604144588391 1.7841241161527712 36.67391707767387 19.00831696525863 3.0421889388352756 5.143597647150656 7.17767447943061 False
5129 1640.7458770385374 5764.291329733373 214.90846168979007 52.946653628838426 1639 1643 5761 5768 22.0 2.327926091983582 0.8204838606271254 61.99535997420193 0.9358296249654602 0.03621735755648535 0.328575106829363 0.0 3.9930351556182844 3.519937 44.99250976920078 16.88557246075204 3.5118659389891893 0.2605009719027944 2.6462837142006137 66.09322923866726 27.7847997768403 4.042857850188872 7.332476371990186 11.965507780409121 False
5130 8239.669762964113 5787.408104541296 214.8491669835243 52.90486521912107 8233 8247 5784 5791 85.0 3.4887262358663724 1.8723899770894066 1.7062219769337157 0.8437748516138619 0.10340996590949303 0.3847031241913747 0.0 20.52799090648266 7.4655886 65.60219359075957 29.882505099228293 3.335561482685231 0.14794856039459023 5.201570947860099 89.33738258799988 48.34315805761024 4.092510032268054 7.111596317669648 11.356736054075776 False
5131 8294.971091834661 5787.920699878845 214.84866719640863 52.904516611566024 8280 8306 5775 5801 361.0 6.454861298359927 4.359257442908061 45.053537303585315 0.7375020752945516 -0.08260606600459072 0.4570672983574519 0.0 83.75562162731183 15.436655 320.90756092791224 55.356053107847266 2.8895003323445168 0.23715058903494005 10.71960208740737 375.2140561707467 88.61551875685471 9.253986714432793 17.857858828540873 32.0313412491728 False
5132 8282.37663809746 5788.636913536467 214.84877224369504 52.90460049574013 8278 8289 5783 5798 110.0 3.903805826979129 1.5937037905030913 50.42189106575333 0.9128730215308539 -0.13368067539218823 0.42389061855378474 0.0 16.661063516610838 8.372802 134.00404426821217 28.004925705581847 3.6139878791223805 0.4250918713987027 5.917270272703197 296.7215074485899 47.820785390410116 10.316853020555392 16.049035759439434 18.943860333530587 False
5133 8287.797438326146 5801.330832669524 214.84859005920205 52.90463449877175 8279 8295 5794 5807 155.0 3.7079704881974798 3.03479973241023 -28.789620578497114 0.5745734200985373 -0.034550232717334435 0.48966094178833 0.0 48.26817241877319 9.845632 53.514936788458925 10.642108091271778 1.8945271871552418 0.18014068471956726 7.024103669400641 98.25251281443661 19.62295445180675 2.9661158562774994 4.807249658994774 6.497763792119944 False
5134 8237.133216892553 5801.180413683503 214.84904457616463 52.90495559649123 8221 8249 5787 5812 448.0 5.652146467818971 5.091439984991791 4.580932496874751 0.43423919679247763 -0.2203955958759996 0.9280724630193863 0.0 145.766080392612 16.880236 228.15599609205572 35.0913645900456 2.062624951818102 0.3665163239219377 11.941642642883693 276.4261816723447 59.8348245669872 5.396646656998038 9.21511911218728 19.58084250217695 False
5135 8253.495309938797 5816.028216306135 214.84874188600523 52.904931695236506 8213 8281 5781 5852 2768.0 17.953812216752013 9.45512904863997 -55.91810552395652 0.8500907119575244 -0.17525053379281272 1.0495918223352307 0.0 843.6065571538479 41.963528 1420.5843249747456 102.11521989074384 2.301562323682938 0.36424393941402006 29.683021493047715 1532.4401072200521 168.95172872341527 12.836540193368217 26.2366551706826 50.294198830581834 False
5136 8305.142015828673 5804.901472504456 214.84839738742352 52.90454354773125 8295 8315 5794 5812 224.0 4.168124404798791 3.5812406021455745 -6.49222164519463 0.5116446622830003 -0.001785940645259719 0.6943568924091996 0.0 72.78986939806018 12.130999 187.1588475995801 39.54426128156404 2.9759545048223175 0.2707873223966851 8.444016491289505 266.70542488407955 65.0938421358223 5.155100058368805 14.562402772311197 19.082491428589353 False
5137 8221.591150797409 5816.671745597651 214.84902032815734 52.90513787667231 8205 8231 5801 5832 406.0 6.680910656339309 3.191464129223876 -56.77610052083357 0.878523588463563 -0.30172390322188897 0.5492192548513983 0.0 66.33792982879328 15.941711 269.62679299415663 52.9478210375103 3.3001841905031353 0.49054090399400374 11.368105109938904 255.48877960492365 85.6084125064457 10.361475812186177 25.20458357102182 49.70127185908084 False
5138 8292.582765867492 5822.209691965014 214.84832733110653 52.90471667215688 8272 8315 5804 5837 923.0 8.799938451123435 6.49961691875304 -16.105657734532972 0.6741461250969497 0.03133895418722695 1.2576717232170738 0.0 427.2812162090628 24.786543 540.4437504334599 52.21235440814731 2.085186122163389 0.3106753792435945 17.14059581658814 734.845896439793 88.52528620021951 6.262723932649701 11.327255225201153 19.9648774019905 False
5139 8281.610854350514 5843.49975532647 214.848201136679 52.90490118082723 8259 8300 5829 5859 685.0 7.690068953411655 5.47958855729473 -22.493676841506648 0.7016173828808857 -0.03522520342873161 1.1219045015548699 0.0 314.1360902284422 21.25441 434.35270286447826 48.19153435112287 2.1293545619902 0.3342712282053548 14.766254502611575 700.9787961993516 78.2529101164857 5.552820136714369 10.222776852607078 17.40076988576998 False
