outputs/dr0.5_c0.1/nircam3_f160w_dr0.5_c0.1.ecsv
# %ECSV 1.0
# ---
# datatype:
# - {name: label, datatype: int64}
# - {name: xcentroid, datatype: float64}
# - {name: ycentroid, datatype: float64}
# - {name: sky_centroid.ra, unit: deg, datatype: float64}
# - {name: sky_centroid.dec, unit: deg, datatype: float64}
# - {name: bbox_xmin, datatype: int64}
# - {name: bbox_xmax, datatype: int64}
# - {name: bbox_ymin, datatype: int64}
# - {name: bbox_ymax, datatype: int64}
# - {name: area, unit: pix2, datatype: float64}
# - {name: semimajor_sigma, unit: pix, datatype: float64}
# - {name: semiminor_sigma, unit: pix, datatype: float64}
# - {name: orientation, unit: deg, datatype: float64}
# - {name: eccentricity, datatype: float64}
# - {name: min_value, datatype: float64}
# - {name: max_value, datatype: float64}
# - {name: local_background, datatype: float64}
# - {name: segment_flux, datatype: float64}
# - {name: segment_fluxerr, datatype: float32}
# - {name: kron_flux, datatype: float64}
# - {name: kron_fluxerr, datatype: float64}
# - {name: kron_radius, unit: pix, datatype: float64}
# - {name: gini, datatype: float64}
# - {name: equivalent_radius, unit: pix, datatype: float64}
# - {name: kron4_2_flux, datatype: float64}
# - {name: kron4_2_fluxerr, datatype: float64}
# - {name: radius_kron20, unit: pix, datatype: float64}
# - {name: radius_kron50, unit: pix, datatype: float64}
# - {name: radius_kron80, unit: pix, datatype: float64}
# - {name: near_border, datatype: bool}
# meta:
#   PHOTMJSR: 0.3925000131130219
#   PIXAR_SR: 2.11539874851881e-14
#   __serialized_columns__:
#     area:
#       __class__: astropy.units.quantity.Quantity
#       unit: !astropy.units.Unit {unit: pix2}
#       value: !astropy.table.SerializedColumn {name: area}
#     eccentricity:
#       __class__: astropy.units.quantity.Quantity
#       unit: !astropy.units.Unit {unit: ''}
#       value: !astropy.table.SerializedColumn {name: eccentricity}
#     equivalent_radius:
#       __class__: astropy.units.quantity.Quantity
#       unit: !astropy.units.Unit {unit: pix}
#       value: !astropy.table.SerializedColumn {name: equivalent_radius}
#     kron_radius:
#       __class__: astropy.units.quantity.Quantity
#       unit: &id001 !astropy.units.Unit {unit: pix}
#       value: !astropy.table.SerializedColumn {name: kron_radius}
#     orientation:
#       __class__: astropy.units.quantity.Quantity
#       unit: &id002 !astropy.units.Unit {unit: deg}
#       value: !astropy.table.SerializedColumn {name: orientation}
#     radius_kron20:
#       __class__: astropy.units.quantity.Quantity
#       unit: *id001
#       value: !astropy.table.SerializedColumn {name: radius_kron20}
#     radius_kron50:
#       __class__: astropy.units.quantity.Quantity
#       unit: *id001
#       value: !astropy.table.SerializedColumn {name: radius_kron50}
#     radius_kron80:
#       __class__: astropy.units.quantity.Quantity
#       unit: *id001
#       value: !astropy.table.SerializedColumn {name: radius_kron80}
#     semimajor_sigma:
#       __class__: astropy.units.quantity.Quantity
#       unit: !astropy.units.Unit {unit: pix}
#       value: !astropy.table.SerializedColumn {name: semimajor_sigma}
#     semiminor_sigma:
#       __class__: astropy.units.quantity.Quantity
#       unit: !astropy.units.Unit {unit: pix}
#       value: !astropy.table.SerializedColumn {name: semiminor_sigma}
#     sky_centroid:
#       __class__: astropy.coordinates.sky_coordinate.SkyCoord
#       dec: !astropy.table.SerializedColumn
#         __class__: astropy.coordinates.angles.Latitude
#         unit: *id002
#         value: !astropy.table.SerializedColumn {name: sky_centroid.dec}
#       frame: icrs
#       ra: !astropy.table.SerializedColumn
#         __class__: astropy.coordinates.angles.Longitude
#         unit: *id002
#         value: !astropy.table.SerializedColumn {name: sky_centroid.ra}
#         wrap_angle: !astropy.coordinates.Angle
#           unit: *id002
#           value: 360.0
#       representation_type: spherical
#   astropy version: '5.1'
#   make_catalog parameters:
#     ab_zpt: 31.4
#     coadd_bands: !!python/tuple [f277w, f356w]
#     deblend_contrast: 0.001
#     deblend_nlevels: 32
#     deblend_npixels: 1
#     detect_kernel_fwhm: 4.0
#     detect_kernel_npix: 7
#     detect_npixels: 4
#     detect_threshold_nsigma: 3.0
#     flag_isolated_buffer: 4
#     hst_bands: !!python/tuple [f606w, f814w, f125w, f140w, f160w]
#     jwst_bands: !!python/tuple [f115w, f150w, f200w, f277w, f356w, f410m, f444w]
#     near_border_kernelsize: 21
#     reference_band: f200w
#   make_catalog version: 1.4.0
#   photutils version: 1.5.0
# schema: astropy-2.0
label xcentroid ycentroid sky_centroid.ra sky_centroid.dec bbox_xmin bbox_xmax bbox_ymin bbox_ymax area semimajor_sigma semiminor_sigma orientation eccentricity min_value max_value local_background segment_flux segment_fluxerr kron_flux kron_fluxerr kron_radius gini equivalent_radius kron4_2_flux kron4_2_fluxerr radius_kron20 radius_kron50 radius_kron80 near_border
[from data line 4590]
4591 4435.654457240481 3162.182074879156 214.8023579687571 52.86011437933523 4424 4443 3150 3169 195.0 4.355037137765042 3.7540039445545164 -81.522019765251 0.5069231398663252 0.2696673886545504 1.17520676150489 0.0 143.82225514738724 8.086003 1551.764616636493 39.17816316571572 3.853276951845213 0.1693144147582328 7.878478774854901 2045.9670779802616 63.83182015690768 15.66020217460047 24.754860454225682 32.26195647326578 False
4592 4442.6171696779 3171.9050472595163 214.80219345718797 52.86012250191964 4423 4452 3149 3193 647.0 9.249231804636768 6.013310484291198 -68.34374555905585 0.7598130579767248 0.33274234073676096 1.4948328926759353 0.0 562.0247235554433 14.840946 2441.6040018843146 57.64564769267606 2.9873931901254887 0.18931965693405672 14.350836085779552 2516.093167143884 92.42444386243842 12.150532198212634 22.470224013831174 35.21216541434903 False
4593 10266.293853650255 3185.9764062663517 214.7501199412998 52.8231641942858 10223 10287 3155 3220 2894.0 13.500146646516365 8.750820392425835 -38.72020444609501 0.7614685331656385 -0.008053822215610944 8.143006837547778 0.0 5495.099716000869 31.919613 6305.509236073254 47.71359632573591 1.6673739029846042 0.5218398458043818 30.351092412232713 6716.986090819936 77.1605734749866 8.099823081234865 14.857995898064466 24.51124133525292 False
4594 10201.339060780141 3209.3342846950522 214.75045271822708 52.823703125009295 10174 10236 3183 3223 1504.0 12.609421922895178 7.992948480979041 13.16203629058617 0.7734256827000677 0.06746487006170782 2.8603556369905285 0.0 1220.2577418299152 22.967407 2724.362186424326 63.36822647289775 2.6947103359921645 0.3663452706783007 21.880083839428522 4212.788661604622 106.1677032375667 11.786440939853469 24.970336725238163 53.63149284360901 False
4595 10173.110373349593 3252.646158358195 214.7502482557622 52.82411585353767 10103 10248 3197 3303 10006.0 23.28598251218568 17.092539498151996 -12.840128165001962 0.6791203042829875 0.010343979653706151 20.948166246733518 0.0 27646.62266725998 59.35131 29645.10187190613 78.24205654781775 1.4910049074484486 0.520500927204684 56.435881504190306 30884.017455986046 125.62501288071714 12.660137156857974 25.19610826722819 40.314917949287405 False
4596 10135.693236062232 3233.12415568191 214.75078711216239 52.82424877611417 10120 10144 3219 3241 337.0 6.084687724519821 3.8075714682824056 41.01684725039087 0.7800133772159826 0.11902747702458844 3.0673204936833964 0.0 502.12152407562445 10.913466 891.8271352708865 25.481767210345975 2.4827972823573674 0.32179683029523765 10.357143990692485 1255.3685029812345 44.476977920794475 5.340959520514777 9.14441192069072 24.453334730920606 False
4597 10242.447507831655 3259.95520976529 214.74955360400685 52.82371413326146 10234 10248 3249 3267 191.0 3.93119516823557 3.0659652358627283 -67.22454375895335 0.6258958575862859 0.12488719447815864 1.7613214243093318 0.0 141.84393656195903 8.367146 361.27922207300185 25.077694458024315 2.717962452435722 0.2779923185729528 7.797255174810172 557.0866028537453 40.3900229114833 4.453769327826835 9.262035096457835 16.573684038360362 False
4598 9146.925195008218 3188.5580876383165 214.7600664572833 52.83029817880485 9129 9167 3163 3216 1062.0 12.692090501776553 4.779320078285213 60.397065635449245 0.9263926644292189 0.00761629521437924 1.821374133931945 0.0 746.4993212600839 19.134811 1048.7495359829834 41.84703428644942 2.0515759821299535 0.35496000177113224 18.386002804502823 1273.9698098955855 66.98880095456906 7.251857151900487 14.439118032210851 23.597401713307146 False
4599 9110.76838272239 3194.5301099984968 214.7603258027309 52.830560305890344 9071 9152 3157 3225 3838.0 11.397141721342273 8.598545236692233 13.820085334817016 0.6563603803107373 -0.028139408140753892 34.92332579901602 0.0 9784.142536366053 36.946358 9811.532952763437 36.952737553380885 1.412079737625128 0.6912512212469715 34.95244402289186 10470.964936537743 58.9063584195451 4.848246023375333 9.975498180391623 18.509330134580516 False
4600 6518.8273718876735 3196.230646111126 214.78341516244066 52.84705304052932 6486 6559 3158 3234 3761.0 12.009128056337751 11.064257794752347 -73.311677857473 0.3888036011288122 -0.08377114026440437 19.51570527526409 0.0 10052.318536377117 41.565308 10568.871663992413 47.03850487330283 1.4841999875220415 0.5855495816107912 34.600050316975505 11204.68109510889 73.59787728596447 6.738408268725306 12.962281996179506 22.565258022384032 False
4601 6489.244234407486 3185.831749159185 214.78378848427698 52.84718513887473 6478 6497 3169 3199 358.0 5.819090672739091 4.280478838383683 -72.7451793019772 0.6774244090749795 0.11724826561240564 2.018015359843429 0.0 298.80336059299003 11.103311 675.1622900009917 32.7248026713412 2.6281296211245833 0.3441987453748925 10.674967880691588 922.479222563496 54.44881813823379 5.978719685069594 12.016246042411147 25.318676676462626 False
4602 6548.736087105885 3200.6339453229184 214.78310206445818 52.84688657723583 6541 6560 3182 3219 398.0 6.70584637558402 4.204598417663064 -63.435686175541825 0.7790153256073807 0.14043287564232226 2.164394965347531 0.0 280.91616358434146 11.717601 611.8325442536963 35.49760627071691 2.601426480491182 0.36402713386220714 11.255546841497692 888.2019543919066 58.483014879405765 6.04747870193926 12.555049948809241 26.533842816342727 False
4603 6480.74616596064 3210.325793534122 214.78360638632046 52.847371106549474 6473 6487 3194 3228 378.0 6.55361095773947 3.339388191802754 -82.96074337370415 0.8604414342416365 0.06559026879898351 1.967552169389515 0.0 284.61309053129656 11.423341 535.9828590344378 29.90784860083055 2.441899159704635 0.3731331965059184 10.969099187147178 702.9527981452461 47.85026485970619 4.846983830196651 10.45861914377774 22.084857271147662 False
4604 6492.415824927931 3212.9679287439476 214.78347449233394 52.84731113416998 6477 6502 3193 3227 363.0 6.501979675948527 3.95754800247455 71.96782834972367 0.7934248997915815 0.1441744193075938 2.0399911883566535 0.0 395.1412302564996 11.566372 727.1730072698126 30.36349759032993 2.4922142307744775 0.2808819770673289 10.749255261864239 932.8698916744438 51.67230579988436 5.181812241649981 9.677503088441972 24.04393499609369 False
4605 6024.014501290936 3164.7982829884163 214.78815937820622 52.85003000290564 6019 6032 3159 3172 123.0 3.3462510048630674 2.5217749294024014 -45.9164707724102 0.6573195157168905 0.12430032012191913 0.9800917154581517 0.0 71.99359873568282 6.367944 163.13175834704737 19.505968762064644 2.5885502918324077 0.2148689474821571 6.257165172872317 208.83116825504214 31.34154720875013 3.560682274749478 6.8633226185427745 13.174464575054413 False
4606 6030.336637478832 3172.2043465819597 214.78802501008403 52.85002969851941 6022 6039 3163 3181 232.0 4.243449928324495 3.5792740423833815 -64.14978533443352 0.5371572886092845 0.13453038852365587 0.998645334904528 0.0 113.00111578326366 8.753888 229.74176499511748 24.765899833645996 2.465475683219176 0.26492632304528113 8.593479713983122 257.1813004876029 39.82291463380799 4.47281412857501 8.71010401260297 14.60402770983395 False
4607 2466.70225623744 3208.2657923811284 214.81944846258813 52.87287859609638 2424 2507 3162 3252 5588.0 15.161511866348054 12.738108029781008 -71.95848390798008 0.5423373673873052 -0.2172000556663006 8.78912724579219 0.0 2932.8138994198835 46.242306 3046.6466045723537 53.678577506091656 1.4005609701596138 0.6072868867010798 42.17482239435066 3245.7351184885442 87.17210818557696 5.918928153755933 14.118792397663908 29.104210841573234 False
4608 2460.2336172556206 3256.687650779157 214.8189963175126 52.87318067551991 2451 2469 3246 3266 305.0 4.866003324369215 3.838785694318394 78.584163316806 0.6145227363096127 0.04599998651263195 0.879244166621946 0.0 115.7770677058466 10.675765 226.88985347093382 29.430132927082358 2.4692328316039016 0.2785600905640932 9.853147481188747 278.1330842439892 47.2775001762391 4.813892360353752 9.684666629853181 18.439377084378375 False
4609 3466.22026789509 3178.6834760134693 214.8108365588717 52.86636593470856 3454 3482 3166 3192 567.0 5.521486768550188 5.002018987843745 9.780337511991798 0.4234513227214113 -0.014699406674292427 2.834742837603065 0.0 383.23203405614333 13.792853 462.44407447988567 25.453838943758413 1.881628119381025 0.433401196335641 13.434347973244154 551.4160326430327 40.70436366477261 3.7233840664409565 7.208218309751388 13.025877864050853 False
4610 3477.997292274773 3169.9146662939306 214.81082376674112 52.86624382041499 3477 3479 3168 3171 8.0 1.0796925924477496 0.5318256273186078 54.004664833333415 0.8702720693930004 0.18333510409085294 0.32561017325260955 0.0 2.116176438224925 1.6155313 26.61910918098151 7.396643710566987 3.8116442672199327 0.12126674063806854 1.5957691216057308 45.596169586896956 11.821613354149827 2.603648705299255 4.39358871985225 5.93996791536279 False
4611 6255.555126922545 3185.4682100986506 214.78587654141444 52.848669111264144 6252 6260 3180 3191 80.0 2.8261580995178566 1.9077835701177746 -80.08307835740321 0.7377766618940503 0.000702114079462633 0.3001488543008186 0.0 15.812567492525922 5.2990108 58.40024531355506 18.113477037329023 3.005855781013159 0.19070806782403055 5.046265044040321 35.884684551615905 29.34781550167052 4.1456234773849525 8.563146349301396 12.405063391492098 False
4612 6254.7786960346575 3196.6361600349387 214.78576588265332 52.84873420379336 6251 6259 3192 3200 54.0 1.8708967516826842 1.8250943025970094 43.85618793344064 0.21991759884870724 0.004803163450352264 0.3344487386999765 0.0 9.932401931810823 4.2680416 15.501361095282707 6.664501249387364 1.4 0.27090703019140255 4.145929793656026 12.35874948910615 10.713316783882807 1.8513044058643247 3.299609215406992 4.874302600906053 False
4613 9606.691653261138 3191.321098140668 214.7559404069263 52.82738867023278 9604 9610 3189 3194 29.0 1.7703300737907453 1.212510937473333 34.620854978119475 0.7286307744982574 0.09354770682161243 0.36011345149052504 0.0 6.830135169164566 3.1357808 28.799018366922418 12.577115780729468 3.2177068353940905 0.20545073972957598 3.0382538898732494 18.31012694119333 20.279283300442568 2.6569236794318254 4.798307385308205 6.520611667923319 False
4614 9608.353639972243 3195.2116304869633 214.7558846415099 52.827399044626965 9607 9612 3194 3200 34.0 1.3547891450381013 1.1666575817951 -87.5916951098022 0.50837480895898 -0.10716030350727662 0.2820874447859995 0.0 1.9582996653113494 3.3760748 12.45696233703795 9.86757494906604 3.01720062168473 0.5759447466378587 3.2897623212397704 20.013659737442538 16.09401405590898 2.4686890214788844 5.215221957200193 8.26758575132731 False
4615 6851.233056086098 3214.2645016525535 214.7802609023567 52.845036470392095 6838 6865 3203 3228 499.0 5.577752027026122 5.4417259752846086 -16.600493528575292 0.21949890330315353 0.12773954911075927 1.783399389756205 0.0 365.5749838668437 13.176339 601.9648191723707 32.47430561073475 2.3110058535460647 0.2747848208633338 12.603040633343667 660.9215991471542 50.96184692763669 5.466934938027919 10.335853621422219 19.53774084368699 False
4616 6864.270612054977 3212.896950074819 214.7801590377574 52.84494619998521 6861 6869 3207 3219 83.0 2.66487750353989 2.1674582442675394 -86.75811301678009 0.5817851050914883 0.19075919457966947 1.20592158859704 0.0 49.969711256663984 5.134618 130.27799261393733 15.47971858349354 2.734636593506918 0.23391908578453477 5.140011726956917 213.69696084502255 24.80239714430678 3.316050706611895 6.465920528305758 11.638951819352956 False
4617 230.12525029718972 3212.5195529737207 214.83938063164587 52.887115491788556 219 245 3205 3219 299.0 6.366381171662987 3.077081822916952 -10.807783318597307 0.8754366081159202 -0.11396928769186696 1.0548459913205899 0.0 142.0429722721897 12.758456 377.48569663393926 38.18954684658697 2.7490156650820627 0.2885401022025628 9.755749892701914 531.0441574625509 57.39129171693964 6.089460460669752 13.285178862568952 23.477624277689 False
4618 215.6794383722751 3212.762701250624 214.83950714257023 52.88720859824293 210 221 3205 3219 138.0 3.5079772274755356 2.7561967030521837 -80.5605955114197 0.6186153239075632 0.11732746430148172 0.8352227298835919 0.0 75.11596738006976 7.6161184 198.23724006206453 26.572722432263955 2.9312954027869695 0.18509672996869297 6.627726932618989 345.05288112747445 43.0035230015903 4.340047926631586 8.904613226210188 17.224110080419482 False
4619 403.76859063755535 3220.7559125617236 214.83774245231996 52.88605647055117 393 414 3210 3232 281.0 6.354361766688093 3.369010808869788 47.03100205622507 0.8478796740387743 0.047078736787146046 0.6855112342765094 0.0 117.48869149462658 10.29086 296.60358500152586 31.208895940859286 2.497171883583553 0.17409561422617725 9.45754080179648 373.2245714874106 49.78535439422924 6.609615083755847 11.785112300857628 18.921057086944607 False
4620 414.8182086080665 3232.9437217523096 214.837515377073 52.886051959279115 407 424 3223 3241 200.0 4.49955656375146 3.254820590165901 55.67806354779986 0.690466106673267 0.11492051765570675 0.766606585323363 0.0 91.57514169060445 8.449757 221.7315277633949 26.89546269237 2.616850587092095 0.19584812212336883 7.978845608028654 257.88971872893615 43.022611001250894 5.0110975317050555 9.646691928087588 16.376566138432075 False
4621 6600.2374640018415 3225.9227814151755 214.78237650492957 52.84669530373895 6594 6608 3219 3235 163.0 3.658474115504592 2.773341388160219 87.65447205589055 0.6521852941864031 0.07178158895793237 0.9985428531939565 0.0 82.39505303598662 7.500706 166.05923261250535 20.907468498175398 2.522031150017978 0.2554225958866907 7.203090409536582 188.31257326208848 33.953255934942895 3.648607249669892 7.295342082852882 13.228075317130996 False
4622 6595.8638688085275 3243.9177781300896 214.78222604649633 52.84682003794438 6590 6602 3233 3257 239.0 4.898317570679798 2.9401808220461483 -79.31831014542362 0.7998176940885541 -0.056865162500507355 0.8508429013518661 0.0 94.35268978996292 9.167384 187.03898360498653 24.90706687182432 2.4963671112238863 0.27271777460082725 8.722159296752494 292.5758376430643 39.944957580681205 4.281489032783463 8.34980014726468 20.45520989588358 False
4623 323.926432395398 3250.3119622369213 214.83814453685397 52.88672317305294 294 350 3227 3270 1653.0 10.54992406115072 8.42330997147478 -9.737176098293908 0.6020959303364151 -0.002459866718299322 2.146042467847807 0.0 1214.5427161643279 28.378223 1840.1434804039925 60.44396594256578 2.2196991839515894 0.36128978831441316 22.938313840860364 2507.7434272154196 93.40757354255065 8.49266188357062 16.53120761608233 30.50767336861135 False
4624 352.87860240172347 3249.202339255743 214.8378975477753 52.886533211980456 349 357 3245 3253 62.0 2.4928093329033443 1.845665558084162 89.15555266876038 0.6721711542815499 0.024844622475808837 0.2932139414031402 0.0 10.624752679779249 4.830651 111.49817094482151 21.120164059696673 3.6612886608266844 0.18813508771318385 4.442433223290478 211.8615609336373 33.83564651430146 7.878045696830274 13.381643896456676 17.964313208205528 False
4625 358.0755098278491 3255.0823501944205 214.83778919113212 52.88653188712155 356 360 3253 3257 22.0 1.4739826264442144 1.1308551652100731 42.610325920491036 0.6413952154418676 0.09493732181091917 0.15671295450778944 0.0 2.708993075723184 3.0546615 25.39270902047287 12.488981451084012 3.5631578938727047 0.09258953518534421 2.6462837142006137 37.76225949585182 19.790779644508067 3.672495080576177 5.952280489910354 7.936764363333832 False
4626 346.861289695215 3259.978618361456 214.83783782016476 52.88662954499939 343 351 3254 3264 49.0 2.8579642728357157 1.3642562426824485 -56.75682420183203 0.8787119210176967 0.20110909300501884 0.4359449249370886 0.0 15.386535039753896 4.5130887 135.84456045577315 19.317742650820684 3.697273505237173 0.131173804993902 3.949327084834294 234.8676487141032 31.404944488470075 5.691522762075281 10.231073497638876 15.465780743039984 False
