outputs/dr0.5_c0.1/nircam6_f125w_dr0.5_c0.1.ecsv
# %ECSV 1.0
# ---
# datatype:
# - {name: label, datatype: int64}
# - {name: xcentroid, datatype: float64}
# - {name: ycentroid, datatype: float64}
# - {name: sky_centroid.ra, unit: deg, datatype: float64}
# - {name: sky_centroid.dec, unit: deg, datatype: float64}
# - {name: bbox_xmin, datatype: int64}
# - {name: bbox_xmax, datatype: int64}
# - {name: bbox_ymin, datatype: int64}
# - {name: bbox_ymax, datatype: int64}
# - {name: area, unit: pix2, datatype: float64}
# - {name: semimajor_sigma, unit: pix, datatype: float64}
# - {name: semiminor_sigma, unit: pix, datatype: float64}
# - {name: orientation, unit: deg, datatype: float64}
# - {name: eccentricity, datatype: float64}
# - {name: min_value, datatype: float64}
# - {name: max_value, datatype: float64}
# - {name: local_background, datatype: float64}
# - {name: segment_flux, datatype: float64}
# - {name: segment_fluxerr, datatype: float32}
# - {name: kron_flux, datatype: float64}
# - {name: kron_fluxerr, datatype: float64}
# - {name: kron_radius, unit: pix, datatype: float64}
# - {name: gini, datatype: float64}
# - {name: equivalent_radius, unit: pix, datatype: float64}
# - {name: kron4_2_flux, datatype: float64}
# - {name: kron4_2_fluxerr, datatype: float64}
# - {name: radius_kron20, unit: pix, datatype: float64}
# - {name: radius_kron50, unit: pix, datatype: float64}
# - {name: radius_kron80, unit: pix, datatype: float64}
# - {name: near_border, datatype: bool}
# meta:
#   PHOTMJSR: 0.3925000131130219
#   PIXAR_SR: 2.11539874851881e-14
#   __serialized_columns__:
#     area:
#       __class__: astropy.units.quantity.Quantity
#       unit: !astropy.units.Unit {unit: pix2}
#       value: !astropy.table.SerializedColumn {name: area}
#     eccentricity:
#       __class__: astropy.units.quantity.Quantity
#       unit: !astropy.units.Unit {unit: ''}
#       value: !astropy.table.SerializedColumn {name: eccentricity}
#     equivalent_radius:
#       __class__: astropy.units.quantity.Quantity
#       unit: !astropy.units.Unit {unit: pix}
#       value: !astropy.table.SerializedColumn {name: equivalent_radius}
#     kron_radius:
#       __class__: astropy.units.quantity.Quantity
#       unit: &id001 !astropy.units.Unit {unit: pix}
#       value: !astropy.table.SerializedColumn {name: kron_radius}
#     orientation:
#       __class__: astropy.units.quantity.Quantity
#       unit: &id002 !astropy.units.Unit {unit: deg}
#       value: !astropy.table.SerializedColumn {name: orientation}
#     radius_kron20:
#       __class__: astropy.units.quantity.Quantity
#       unit: *id001
#       value: !astropy.table.SerializedColumn {name: radius_kron20}
#     radius_kron50:
#       __class__: astropy.units.quantity.Quantity
#       unit: *id001
#       value: !astropy.table.SerializedColumn {name: radius_kron50}
#     radius_kron80:
#       __class__: astropy.units.quantity.Quantity
#       unit: *id001
#       value: !astropy.table.SerializedColumn {name: radius_kron80}
#     semimajor_sigma:
#       __class__: astropy.units.quantity.Quantity
#       unit: !astropy.units.Unit {unit: pix}
#       value: !astropy.table.SerializedColumn {name: semimajor_sigma}
#     semiminor_sigma:
#       __class__: astropy.units.quantity.Quantity
#       unit: !astropy.units.Unit {unit: pix}
#       value: !astropy.table.SerializedColumn {name: semiminor_sigma}
#     sky_centroid:
#       __class__: astropy.coordinates.sky_coordinate.SkyCoord
#       dec: !astropy.table.SerializedColumn
#         __class__: astropy.coordinates.angles.Latitude
#         unit: *id002
#         value: !astropy.table.SerializedColumn {name: sky_centroid.dec}
#       frame: icrs
#       ra: !astropy.table.SerializedColumn
#         __class__: astropy.coordinates.angles.Longitude
#         unit: *id002
#         value: !astropy.table.SerializedColumn {name: sky_centroid.ra}
#         wrap_angle: !astropy.coordinates.Angle
#           unit: *id002
#           value: 360.0
#       representation_type: spherical
#   astropy version: '5.1'
#   make_catalog parameters:
#     ab_zpt: 31.4
#     coadd_bands: !!python/tuple [f277w, f356w]
#     deblend_contrast: 0.001
#     deblend_nlevels: 32
#     deblend_npixels: 1
#     detect_kernel_fwhm: 4.0
#     detect_kernel_npix: 7
#     detect_npixels: 4
#     detect_threshold_nsigma: 3.0
#     flag_isolated_buffer: 4
#     hst_bands: !!python/tuple [f606w, f814w, f125w, f140w, f160w]
#     jwst_bands: !!python/tuple [f115w, f150w, f200w, f277w, f356w, f410m, f444w]
#     near_border_kernelsize: 21
#     reference_band: f200w
#   make_catalog version: 1.4.0
#   photutils version: 1.5.0
# schema: astropy-2.0
label xcentroid ycentroid sky_centroid.ra sky_centroid.dec bbox_xmin bbox_xmax bbox_ymin bbox_ymax area semimajor_sigma semiminor_sigma orientation eccentricity min_value max_value local_background segment_flux segment_fluxerr kron_flux kron_fluxerr kron_radius gini equivalent_radius kron4_2_flux kron4_2_fluxerr radius_kron20 radius_kron50 radius_kron80 near_border
[from data line 4189]
4190 1440.4218738003342 1061.6288964186988 214.9034230208561 52.849397124172604 1425 1460 1047 1075 494.0 6.863784759696933 4.891193496108693 9.494563836978958 0.7015616028407236 -0.04269937960693491 1.2358798725298912 0.0 272.2995382916041 16.768038 878.1560776295581 57.45033569394512 3.0554404121741174 0.31687227242911514 12.539740179716349 1319.8321215215 94.37298974623583 8.419368157651387 22.84438033108203 35.8705641604847 False
4191 1435.6466151301183 1074.2394384195736 214.90333310420638 52.84949550262167 1427 1445 1067 1085 201.0 4.792095434999762 3.136102266491022 52.91162629410337 0.7561205605791025 -0.03488334663765 0.8787151758502706 0.0 90.44774306804867 10.611957 266.9690539908529 38.40556391172224 3.0733461431242466 0.19179538158059675 7.998767850296815 576.0661568234067 63.387289185438284 5.944553641171957 13.81321760873324 22.175390207863167 False
4192 1460.1397638533554 1081.7088048561036 214.9030356876644 52.849380289309764 1446 1472 1064 1096 531.0 6.96949376866091 4.826738900365936 -87.72379583605543 0.7213676729010833 0.07100507769914834 1.0562671724140285 0.0 215.73599134245455 17.20538 385.41947384658215 45.57533236186634 2.351870672740935 0.2689476578510962 13.000867261978827 548.055386814443 73.67082170456524 6.008780487784689 11.901443901148555 19.406398233182223 False
4193 1444.239516007408 1085.5885157258044 214.9031369865589 52.84950218930483 1437 1451 1077 1091 151.0 3.440314359689582 3.129211898616368 -12.812342602957122 0.4155474500151235 0.21955359213070844 0.8175982054775232 0.0 72.17355106167324 9.211365 108.0530580410387 14.885967864293423 1.4 0.16948265362298587 6.93287767191607 102.39333945932242 24.528901172375452 3.280976069530049 5.642150075475937 8.183197802003232 False
4194 1541.755609164687 1068.164906170325 214.90244874806882 52.84878895698103 1519 1562 1055 1084 896.0 8.181454512495522 5.457731440630363 -9.823821819313714 0.7449809713224647 -0.06869716689630019 2.4249667071244145 0.0 674.4969597897827 22.624659 845.4242923097027 39.30637480039047 1.7477568448722323 0.4621180646311407 16.88803298257901 945.1157711857644 63.34335780831087 5.527293216261846 9.994712414192813 16.198610133259614 False
4195 1558.3153810952592 1064.0512675033526 214.90234401872408 52.84866160612664 1553 1566 1055 1076 218.0 4.0946109602792475 3.0607464900856747 71.78957231696063 0.6642549933038194 0.028365642936025368 1.8052554138380301 0.0 153.68057355159758 11.083003 255.41025546191673 26.463321505076223 2.2312253012765932 0.3780249315394303 8.33015937350939 274.89269045610286 42.61530776116658 3.462232835326066 6.488971595687432 12.19084050124385 False
4196 1519.5795827365514 1081.0109786122705 214.9025118512257 52.84899909643263 1518 1521 1080 1083 9.0 1.449062182065698 0.48652320094241397 -44.77397790070655 0.9419509922625426 0.0658314042272203 0.28339458362145437 0.0 1.193370386040703 2.2608466 24.966761279699185 10.069473347198224 3.806056108325709 0.32334851975698653 1.692568750643269 52.43288315236494 16.83927274000263 3.3937583229958173 5.713817891103547 7.929277343798138 False
4197 278.78420620141947 1073.8791826481627 214.913676906777 52.85683882426537 272 286 1065 1079 164.0 3.919077417959831 2.4784863082498174 24.95913826255951 0.7746291445040726 -0.20257718929944904 0.39800885867725216 0.0 21.07153844282318 9.997263 47.65514260002293 23.294902447769825 2.2056201141675573 0.34812894341492007 7.225151993843567 52.1364718087175 37.401559077661375 3.8293689084393776 6.834134451859658 13.234514833750563 False
4198 292.09537632233196 1076.1685603899903 214.9135338396189 52.856766670238926 285 299 1072 1082 113.0 3.418585282115744 2.1938472847840558 11.977174818987928 0.7669212040879031 0.00033224586766643225 0.5107339247874759 0.0 30.99498007182875 8.481889 53.13845395424528 22.385712634558104 2.381499103351288 0.26171680948563275 5.997417539138688 69.0461662557187 35.42259629584778 3.0067253066159045 5.290852263307055 9.254040916570277 False
4199 9493.996722639076 1073.1503761823046 214.83141608961108 52.79829983455173 9486 9502 1066 1081 182.0 3.5260578951852146 3.466821101144879 -33.88291825733806 0.1825300365920054 0.0362694188816206 0.6237821770059842 0.0 65.31938289165974 9.37451 72.63206331433105 16.136342095399623 1.4937983326771438 0.25630508574006006 7.611333607551958 76.45867699387856 25.64930415923754 2.9062415077479535 4.918178755202505 6.684954506178188 False
4200 9506.334101895907 1091.6791688743263 214.83111134321132 52.79832130813578 9494 9516 1071 1113 721.0 9.17370877418623 4.242799339571356 78.20197200302005 0.8866216108913764 -0.08102587850607204 1.9186561406647593 0.0 565.7919904479874 20.349033 687.4514509146926 37.847496605276454 1.776200488875531 0.35284335555738633 15.149304536463484 701.8093732024714 59.96795807527062 5.5211919648163645 10.169486331537147 15.978472112074448 False
4201 7219.61368410384 1076.9944699857572 214.851659561823 52.812772737882156 7218 7221 1075 1079 17.0 1.3220693316245886 0.9361089998586297 61.90804636889794 0.7061487952472488 0.14465481904476055 0.4165829591975987 0.0 4.5324976704595805 3.3799715 37.18479858417108 14.705457349073189 3.5807316818001813 0.18564640246526334 2.326213245840639 80.49357513664746 23.34508011518995 2.9584596809538484 6.041287267752065 8.884872240969537 False
4202 7216.177284984487 1099.143745670663 214.85145738937786 52.81291400598755 7192 7240 1080 1119 1347.0 7.579932592390274 6.652414826449444 19.12385104407041 0.479329373168957 -0.11043053630770745 5.692913948688854 0.0 1102.7041350251347 30.25588 1184.1299926737704 46.13661615623435 1.7644906812283971 0.5530313368858027 20.706603214664785 1429.2529677346033 73.63745834199914 4.139708360040365 8.157414391854727 15.030857697325587 False
4203 9773.976620828935 1100.4890783833832 214.82863269602439 52.796667874073485 9770 9781 1095 1106 92.0 3.8464084566113574 1.94432545745151 41.46981659331029 0.8628317861174283 -0.0022535308481874045 0.5745409535697503 0.0 23.637673663955237 8.239453 98.25857154439126 30.96805144991479 3.073155564627224 0.32048407455197386 5.4115163798060095 119.72145664073484 49.45445213360843 5.055281628824847 9.082541171809453 14.483026268731333 False
4204 9775.73544128663 1109.9130562260063 214.82851796317976 52.79670749364425 9770 9781 1104 1114 86.0 2.974319637458272 2.1620248790561223 33.7935657273195 0.6867461920080357 0.10791116859921374 0.44610272219180447 0.0 21.48059157914919 7.98241 114.54883606903965 30.919298085805316 3.2796516542389047 0.20303284251898185 5.232078956954491 119.26093327915939 48.94509854074082 5.178126288487255 10.027326203742936 15.320181390071964 False
4205 319.372560288136 1153.387584673749 214.91247804988362 52.85701029270889 275 361 1097 1201 6554.0 11.477431036423054 9.59595708770309 -79.43458333651762 0.5486199493649012 -0.26148042469691646 43.57813478934897 0.0 8175.522279443816 61.83812 7942.452789288306 49.82584705422221 1.4 0.8112846542434531 45.67497119920892 8342.850398284225 79.42036966135778 3.8732789434932577 7.78846588638469 16.017825215075632 False
4206 365.8904216294904 1113.9643938227246 214.91247674377675 52.85650215852697 354 374 1108 1120 144.0 5.659652734542055 2.002991591010056 -13.95825864535063 0.9352805602920347 -0.07408201392007764 0.29510806466444983 0.0 23.332929669457897 9.064937 41.64683671471134 20.4521458909729 1.8347164214455307 0.2574041302312122 6.770275002573076 46.111994461815456 32.90007542150227 3.8818750258543235 6.340557374861979 8.485459936753264 False
4207 4119.437726758929 1109.3376734050853 214.87898989480013 52.83264118853867 4113 4126 1098 1120 226.0 5.332456580159956 2.8765564626558398 74.41016268427006 0.8420221089794877 0.11109954414046617 0.8269815022416239 0.0 96.64130951880183 11.019699 292.3440160352579 36.89843394666174 2.889158340553064 0.19438944268221167 8.481629223064205 312.7452688660194 59.14462448563296 6.002116562001842 11.983794387661375 18.74242017340895 False
4208 4119.46681312558 1129.1199467314004 214.87878165894756 52.8327477227414 4112 4130 1115 1142 305.0 6.213011756573085 3.298817890159649 67.54463995974073 0.8474012031864492 0.00965880815327973 0.8116308242293224 0.0 116.83686846326034 12.6782 314.1816543954511 39.414741854257315 2.7956169948780207 0.27529231534196036 9.853147481188747 416.67863852440775 65.22508828065872 6.510824423261313 14.826500213250405 26.444756743670215 False
4209 4117.874379999724 1144.7359989646334 214.87863170217977 52.83284208043257 4110 4127 1136 1153 215.0 4.019292796538956 3.3639046598638798 -74.97823770544109 0.5472955095742069 0.12056439069923733 1.2681689756501713 0.0 140.64993128829855 10.569034 238.22793622843184 28.533720540160935 2.377783080435212 0.25650165698752136 8.272643200907131 336.0221435385166 45.773017867008306 3.785772403235188 7.082771712927584 16.173021104749694 False
4210 4107.448422662096 1144.8591606611826 214.87872350540968 52.83290896576029 4102 4111 1138 1150 105.0 2.9601341130476526 2.2198047018887577 -55.00864058650977 0.6615511498537342 -0.035020191951894 0.7393199643884583 0.0 38.552504300633274 7.514798 153.04606866401133 26.27171268218613 3.1729217406495613 0.2797976273401583 5.781222885281108 213.30828682470184 42.326645838053146 4.608254488766494 10.817411581187141 16.517483186055937 False
4211 6929.616881665178 1126.8233513646644 214.8537230396103 52.81488392589225 6895 6963 1105 1144 1976.0 11.392824778000413 7.299375288734464 -3.608965486028133 0.7677918720527659 -0.001420927172589159 5.573004398260765 0.0 2182.240815396766 36.440308 2722.2718256381977 65.16723596818487 1.969764285437096 0.4910912576095528 25.079480359432697 3224.0474659596402 104.4179660676134 6.4188024986108605 12.951634433945541 25.035129800162093 False
4212 6937.088374493448 1172.5387748206822 214.8531758117218 52.81508297337571 6884 6978 1137 1207 4255.0 13.29672214562674 10.83671076931187 37.308710871274265 0.5794734144849982 -0.6135508500170609 9.369814855054763 0.0 4283.819155195969 53.72844 4771.23369371618 76.25285702659332 1.7303936118879675 0.6160337505776384 36.80229022373511 5429.437918126737 121.14976642189703 6.527598945479544 13.432596678547329 26.894074523827427 False
4213 3599.6551576169186 1129.8606934703212 214.8834158504007 52.83605323032 3583 3618 1115 1147 661.0 7.579937644582242 5.3116353316803115 -43.69356136286061 0.7134076967897259 -0.022401850531323986 1.0881800336067073 0.0 251.33526902129887 18.824245 308.90017295687323 28.96362096351997 1.4 0.35173170989943303 14.505269206998044 319.82567382561547 46.643002716082535 5.030650164987675 9.063525720989237 14.264923743862276 False
4214 3632.0122380594357 1155.133821228047 214.88286116759772 52.83598407360677 3594 3669 1116 1202 4501.0 12.870294886198227 9.566210296902494 69.27836933227664 0.6689823905113556 -0.31707999006787374 14.059025900227804 0.0 5228.939891768917 49.416122 5299.944491809145 50.76546126846679 1.4 0.6733024386663892 37.851192817575004 5429.931605015165 81.63707775149436 5.684795420850072 11.562974974015953 20.58219076038461 False
4215 3590.611072850202 1155.448982616799 214.88322759777395 52.8362487215973 3586 3596 1148 1164 136.0 4.212875709526375 1.9331270361096746 -82.06227401356863 0.8885077376863286 -0.1481424297815153 0.29212708982099184 0.0 15.71659170907138 8.605083 24.1191037262193 12.936322604141605 1.4 0.3003429565382588 6.579524642479541 10.686364558179616 20.74127404067466 2.8480199181655066 5.4572941865882605 8.352947131888135 False
4216 7410.691186256241 1130.8371731955147 214.84938895153385 52.81184902622788 7398 7420 1124 1138 225.0 5.608227147385816 2.7987397764497874 -33.202496233311734 0.8665779138561414 -0.033079714462400434 0.4201266428544066 0.0 45.43807237067783 12.440873 262.26134383953365 46.52440198260663 3.2205730449383365 0.30771446670488106 8.462843753216344 367.4868011960853 74.52884346923558 9.707201285131175 17.1639232116809 24.024315672539082 False
4217 7415.42707269563 1203.5215483454385 214.84858264739964 52.8122108520902 7378 7444 1137 1272 5006.0 24.06283223615909 9.113069857561193 72.72861353978404 0.9255113988623331 -0.2722578158057431 4.977602180950792 0.0 5303.378297960236 57.675182 6031.946642506291 93.79020495453693 1.7544483649247695 0.5065378603360571 39.91815740031166 6634.538147756676 151.73574922464144 11.490491518929883 21.853756458606448 39.278330750230765 False
4218 7373.38151259328 1208.5435373386126 214.84890493849255 52.812505079339246 7364 7379 1202 1213 144.0 3.319712289666064 2.6822390570122576 29.160764764253486 0.5892190314362689 -0.03526899818800958 0.6085553299887693 0.0 41.51297573200661 10.00433 107.72797677646106 33.545861154672664 2.775244664920665 0.33587774620329264 6.770275002573076 232.54603466587085 56.626075190313024 4.063385302980789 7.977372614693777 14.503587415821793 False
4219 7371.718120198763 1222.124853965995 214.8487770091164 52.81258887891531 7364 7382 1213 1233 283.0 4.802192293492625 3.791637102830432 -72.85976297819825 0.6136685067926217 -0.09767986605018382 0.7528268796035618 0.0 106.64045326364797 13.876586 241.4872451290549 50.68007400516094 2.8342065004012866 0.2463309765981212 9.491137855389772 321.35268862522094 83.37865565096538 5.239308662535505 10.911711317073783 19.99922565720299 False
4220 7285.680524343442 1140.9218367545488 214.85039816410244 52.812697684487404 7275 7302 1132 1149 268.0 6.66441877462362 3.29986858688298 -28.109338831941024 0.8688090740151883 -0.03121633327127822 0.6650010201161238 0.0 77.20058260731324 13.235111 513.2185748867207 58.525748431251365 3.4437936630972943 0.2562497959728527 9.23618154310838 716.6420717446845 94.03454401182233 11.230309056549807 21.536195127359775 31.554476156588127 False
4221 7293.947677589578 1167.4955237645004 214.85004506917525 52.812788446773084 7268 7319 1137 1194 2113.0 8.637587317617978 7.0424716755789545 -80.96448814686985 0.5789985583386777 -0.17804554043109766 18.621616776110788 0.0 3490.238400130072 38.012836 3637.5578784479635 46.40517041676246 1.5965439758230684 0.6470026306801905 25.934316831301913 4038.8597471978705 74.53869474265453 4.040732532997279 8.228726562278393 15.660400480172779 False
4222 10085.967177113444 1162.7532115543645 214.8251970779272 52.7950206505358 10059 10107 1141 1185 1008.0 14.197369993912728 4.540313425674653 -42.16811902285032 0.9474852018396343 0.06933825427924196 1.1919616331625533 0.0 517.5964988571952 24.876694 1029.3927253329798 68.27810011944239 2.4261704640672774 0.26524742132376694 17.91246396432554 1424.842419758282 109.61396539949895 9.963949849043656 21.962921479743095 35.20247198863074 False
4223 10035.594431054058 1192.7911175509714 214.8253303725174 52.79550269934957 10008 10067 1168 1217 1822.0 7.843854448375029 6.302515981744583 -47.27404073220371 0.5953083790573759 -0.12861323715696085 21.897924693382265 0.0 3610.7025798677414 33.976837 3708.7333120400717 37.77533450182769 1.5212259195842213 0.6680982687053028 24.082371407875648 4046.305801663526 60.17762291128632 3.651172319045444 7.090063353230873 13.441793832944635 False
4224 4348.326592183379 1155.4792659162645 214.87646101647007 52.83143628896522 4337 4359 1142 1167 453.0 6.130435878669732 3.975645856818199 45.476586254638164 0.7612065678330028 0.06525993706019802 1.4283128774225045 0.0 254.8865150896567 15.680323 292.4586306399963 22.733209082075934 1.4 0.3421699753484898 12.008096370418468 257.53410172727484 36.5333756578882 3.8841574189384107 6.964106296667478 11.268023054913833 False
