outputs/dr0.5_c0.1/nircam2_matched_f277w_f125w_dr0.5_c0.1.ecsv
# %ECSV 1.0
# ---
# datatype:
# - {name: label, datatype: int64}
# - {name: xcentroid, datatype: float64}
# - {name: ycentroid, datatype: float64}
# - {name: sky_centroid.ra, unit: deg, datatype: float64}
# - {name: sky_centroid.dec, unit: deg, datatype: float64}
# - {name: bbox_xmin, datatype: int64}
# - {name: bbox_xmax, datatype: int64}
# - {name: bbox_ymin, datatype: int64}
# - {name: bbox_ymax, datatype: int64}
# - {name: area, unit: pix2, datatype: float64}
# - {name: semimajor_sigma, unit: pix, datatype: float64}
# - {name: semiminor_sigma, unit: pix, datatype: float64}
# - {name: orientation, unit: deg, datatype: float64}
# - {name: eccentricity, datatype: float64}
# - {name: min_value, datatype: float64}
# - {name: max_value, datatype: float64}
# - {name: local_background, datatype: float64}
# - {name: segment_flux, datatype: float64}
# - {name: segment_fluxerr, datatype: float32}
# - {name: kron_flux, datatype: float64}
# - {name: kron_fluxerr, datatype: float64}
# - {name: kron_radius, unit: pix, datatype: float64}
# - {name: gini, datatype: float64}
# - {name: equivalent_radius, unit: pix, datatype: float64}
# - {name: kron4_2_flux, datatype: float64}
# - {name: kron4_2_fluxerr, datatype: float64}
# - {name: kron4_2_mag, datatype: float64}
# meta:
#   PHOTMJSR: 2.962800025939941
#   PIXAR_SR: 2.11539874851881e-14
#   __serialized_columns__:
#     area:
#       __class__: astropy.units.quantity.Quantity
#       unit: !astropy.units.Unit {unit: pix2}
#       value: !astropy.table.SerializedColumn {name: area}
#     eccentricity:
#       __class__: astropy.units.quantity.Quantity
#       unit: !astropy.units.Unit {unit: ''}
#       value: !astropy.table.SerializedColumn {name: eccentricity}
#     equivalent_radius:
#       __class__: astropy.units.quantity.Quantity
#       unit: !astropy.units.Unit {unit: pix}
#       value: !astropy.table.SerializedColumn {name: equivalent_radius}
#     kron_radius:
#       __class__: astropy.units.quantity.Quantity
#       unit: !astropy.units.Unit {unit: pix}
#       value: !astropy.table.SerializedColumn {name: kron_radius}
#     orientation:
#       __class__: astropy.units.quantity.Quantity
#       unit: &id001 !astropy.units.Unit {unit: deg}
#       value: !astropy.table.SerializedColumn {name: orientation}
#     semimajor_sigma:
#       __class__: astropy.units.quantity.Quantity
#       unit: !astropy.units.Unit {unit: pix}
#       value: !astropy.table.SerializedColumn {name: semimajor_sigma}
#     semiminor_sigma:
#       __class__: astropy.units.quantity.Quantity
#       unit: !astropy.units.Unit {unit: pix}
#       value: !astropy.table.SerializedColumn {name: semiminor_sigma}
#     sky_centroid:
#       __class__: astropy.coordinates.sky_coordinate.SkyCoord
#       dec: !astropy.table.SerializedColumn
#         __class__: astropy.coordinates.angles.Latitude
#         unit: *id001
#         value: !astropy.table.SerializedColumn {name: sky_centroid.dec}
#       frame: icrs
#       ra: !astropy.table.SerializedColumn
#         __class__: astropy.coordinates.angles.Longitude
#         unit: *id001
#         value: !astropy.table.SerializedColumn {name: sky_centroid.ra}
#         wrap_angle: !astropy.coordinates.Angle
#           unit: *id001
#           value: 360.0
#       representation_type: spherical
#   astropy version: '5.1'
#   kernelfile: kernel_f277w_f125w.fits
#   make_catalog parameters:
#     ab_zpt: 31.4
#     coadd_bands: !!python/tuple [f277w, f356w]
#     deblend_contrast: 0.001
#     deblend_nlevels: 32
#     deblend_npixels: 1
#     detect_kernel_fwhm: 4.0
#     detect_kernel_npix: 7
#     detect_npixels: 4
#     detect_threshold_nsigma: 3.0
#     flag_isolated_buffer: 4
#     hst_bands: !!python/tuple [f606w, f814w, f125w, f140w, f160w]
#     jwst_bands: !!python/tuple [f115w, f150w, f200w, f277w, f356w, f410m, f444w]
#     near_border_kernelsize: 21
#     reference_band: f200w
#   make_catalog version: 1.4.0
#   photutils version: 1.5.0
# schema: astropy-2.0
label xcentroid ycentroid sky_centroid.ra sky_centroid.dec bbox_xmin bbox_xmax bbox_ymin bbox_ymax area semimajor_sigma semiminor_sigma orientation eccentricity min_value max_value local_background segment_flux segment_fluxerr kron_flux kron_fluxerr kron_radius gini equivalent_radius kron4_2_flux kron4_2_fluxerr kron4_2_mag
[from data line 484]
485 1075.9392114006498 2391.020965961553 214.94905198386684 52.93202635816008 1069 1083 2383 2399 207.0 3.5539313142881475 3.3072036905383335 -62.42577884503275 0.3660984080583672 0.25938179092306446 1.7605984618291481 0.0 157.2728313719067 10.893826 201.15522640013987 19.76498409978521 1.6956216540677467 0.29258294365000564 8.117274569709014 200.8344842818126 31.724097280817816 25.64290428649341
486 6051.661389859765 2384.088390515772 214.90457406621456 52.90040353020755 6050 6053 2383 2385 11.0 1.0770028163610483 0.7642153642884382 -14.85236083427084 0.7046288966205229 0.17548247565126487 0.19759794463370928 0.0 2.063349970189198 2.527993 19.555925736050995 11.139580052781477 3.6204694722924473 0.020673709815296502 1.8712051592547776 27.79451312681809 17.921001919737243 27.790102322608995
487 6197.035279841728 2389.3096274216355 214.90321845239848 52.8995086377612 6191 6203 2383 2395 130.0 3.2001708413928327 2.6050621247123624 50.27158864658641 0.5808109805959518 0.22279802832147044 0.8187528582826318 0.0 60.781335038514904 9.061343 114.58205059719046 23.46571656045898 2.410458640508289 0.19669879561886117 6.432750982580687 135.25605559513014 37.41755450266508 26.07210820459828
488 7889.233539015072 2385.960620568397 214.88811776348388 52.88874467807468 7887 7892 2384 2388 22.0 1.4828714212169003 1.1378594052297701 15.053633573362454 0.6412462283317544 0.18862787622498747 0.25148732277684244 0.0 4.939969054761206 2.9043033 36.56461192513866 12.673793694624207 3.4538436405246187 0.04922892451392622 2.6462837142006137 65.74698672244543 20.382398448760526 26.85531036678382
489 8204.490653362831 2386.4922626723524 214.88529316463266 52.88674537089836 8202 8207 2384 2389 28.0 1.6033307016230869 1.2739412375858379 -45.675055621536345 0.6071866273377006 0.11930628351843756 0.17414333142733787 0.0 4.011666854997367 3.268997 13.116003765027124 11.431255440997921 2.91095725006576 0.07086513334208097 2.985410660720923 17.144524324434002 18.5336973369156 28.314686399752482
490 2699.5108177139828 2385.5032596484207 214.93456604600894 52.9216921276236 2699 2700 2385 2386 4.0 0.50056293803083 0.49930861881836813 47.4332941938394 0.0707485353269832 0.18019959818994857 0.19061220996240946 0.0 0.73967064810291 1.4565521 10.045172662236533 6.675499015355839 4.083542354597111 0.01659671759066506 1.1283791670955126 15.828594607043678 10.705830529090722 28.401394109164574
491 4461.135151693922 2393.5727735943615 214.91870819598682 52.910553050921415 4455 4471 2385 2401 219.0 4.412354842494103 3.3928296728286833 -56.772811265360886 0.6393227102794077 -0.028249828078315106 0.2588265058833431 0.0 17.965009706455103 11.048139 130.78061810959719 44.902346949771676 3.4835696480623453 0.3955116881687324 8.349243383340204 143.51800229342345 71.77894415236634 26.00773404860846
492 9167.155792260597 2388.1613929136456 214.8766691343864 52.880640142430444 9164 9170 2385 2391 34.0 1.715094606965068 1.4950640759725233 -12.147698857372285 0.4900232004756761 0.20919804803212083 0.32278578159327215 0.0 9.191936971846859 4.4934278 40.75073483455556 17.2869822621451 3.136660484738569 0.06558655958358615 3.2897623212397704 53.41636484456211 28.062343614467125 27.080814176113506
493 9196.603652172384 2388.5513928204086 214.87640179673176 52.88045520244255 9193 9200 2385 2392 47.0 1.9891919909661362 1.710015108359172 88.53194161465579 0.5108781725461898 0.20445292346226757 0.36012261305511867 0.0 13.060168763637002 5.482489 35.98199028221603 17.69612207777769 2.7253330174356694 0.093879322589107 3.8678889139475245 37.09601957079488 28.247552645319253 27.47668171997723
494 1667.7872903646332 2393.6460815771443 214.9437217436598 52.928284417482374 1662 1673 2386 2402 128.0 4.335443873689131 2.076801821064956 65.27068153432428 0.8777992672369903 0.18605031175533643 0.41406442060062965 0.0 37.57423161439132 8.500158 83.28470680972589 24.929176970944336 2.4935540406825853 0.12108734367265092 6.383076486422923 104.74515759349929 39.915593022492885 26.349665113721194
495 6182.06437942909 2390.234398441468 214.9033426591703 52.89960868900717 6180 6184 2387 2393 22.0 1.8421775842614476 0.9225526792678422 -58.3772868479444 0.865566125804396 0.1560695936657896 0.18926184675207605 0.0 3.83987165929534 3.4890835 35.96279310284677 15.729618821725365 3.617185224168105 0.031838558057411766 2.6462837142006137 53.590238382076784 25.02900008186931 27.07728577776836
496 3786.428624499931 2395.8349759871126 214.92472447833828 52.9148484944135 3781 3792 2389 2403 141.0 3.3962982560899957 2.762759037138352 -83.21729396223655 0.5816182861360505 0.2189916671022598 0.6472605820030705 0.0 56.18847496319347 8.212838 122.40512291359019 23.9171435629338 2.5686917559000415 0.1674288226895223 6.699380116989518 136.16924216520346 38.21361799341905 26.06480244887119
497 8288.407767887134 2396.7543377463608 214.88443481476494 52.886267773570665 8276 8302 2389 2404 320.0 5.627783029444595 3.4013341659087515 15.234645389454787 0.7966942118281057 0.24588274105630475 1.3976449289844417 0.0 213.69856991026307 11.417345 303.4850207709732 24.746275193669785 2.0005665282142786 0.2563573359895074 10.092530088080641 357.3743367027756 40.15454728318355 25.017191594241176
498 8924.91879774343 2394.3173021339985 214.87876977151763 52.88221194486035 8921 8929 2390 2399 71.0 2.236432719708647 2.1429939359185446 73.44770106910443 0.28603315711424593 0.24894821485196977 0.6948544258970886 0.0 31.92849205554263 6.5112734 58.90243814419953 17.16438876258635 2.231470069892974 0.15581489798503165 4.753945931439391 60.45858036587135 27.60842831011735 26.94635513687941
499 7710.726668685387 2400.481540133729 214.88956122838576 52.889956682213786 7702 7720 2391 2411 285.0 4.9691875769812475 3.444440456842904 51.64482107489063 0.7207840605159465 0.26725131827558 1.3884370634868446 0.0 188.7683778569152 12.152653 261.27281132771327 23.96888535726719 1.8434327093453027 0.2504412642767375 9.52461639974967 263.10290192549485 38.103205352854744 25.349685904460017
500 759.377212553348 2399.094907540701 214.9518035570676 52.93407890476419 752 767 2392 2406 175.0 3.8809604938220867 3.0107809956471536 -46.33592977352063 0.6310004818571244 0.17486941717623503 0.5466774067977724 0.0 59.68474500444751 9.8171 111.98005449986611 27.174620960151668 2.3766833677730266 0.16961324056729804 7.463526651802308 126.35438568059641 43.62758881243604 26.146024198491013
501 1471.3487043513576 2401.1613616776626 214.94540248873298 52.9295717128794 1459 1486 2393 2409 366.0 6.0179180994925 3.6362412321731754 5.801866487118296 0.7968055994180588 0.20606385135309777 1.2556258143666263 0.0 202.17729676773502 14.1889715 318.1706022184238 33.38078162111847 2.180418615672003 0.27435279206059876 10.793582275744573 342.3382763759399 54.114854564605174 25.063861350683545
502 7579.078451802771 2395.8802602070987 214.89078698590455 52.89076790929759 7577 7581 2394 2398 18.0 1.3174051114641565 1.0447874438273805 52.89058067445373 0.6091374529652414 0.17234711743420703 0.21735301690598277 0.0 3.536003075141944 3.1678984 23.644353055198067 13.733421048928832 3.453106311423113 0.03905438261793596 2.393653682408596 26.68736781370915 21.86968804003859 27.834235646868247
503 8098.294436995036 2398.5501924590244 214.8861158161806 52.88748487939533 8095 8102 2394 2403 67.0 2.398717948782896 1.929619961100765 74.78723873414891 0.5940365666957674 0.20882177887536824 0.489149999569016 0.0 22.392141011022524 6.524195 54.08603391529383 20.05313844267576 2.628177368843642 0.13364609732887495 4.61809077155419 57.803684453868115 31.742883725024537 26.995111196034074
504 10155.51998714258 2401.712441590128 214.8676928176487 52.87443512581981 10150 10162 2395 2408 130.0 3.3738118707002074 2.547887387669354 53.33021897522456 0.6554996766886727 0.24357719022646346 0.7312023614171579 0.0 57.69105277339942 9.047792 107.75253118273912 24.02916723937258 2.356861695639142 0.173825080596499 6.432750982580687 143.34832426339986 38.45648748361355 26.009018448935567
505 893.4299975237917 2399.389295875671 214.9505992341492 52.933229788014195 889 898 2396 2403 65.0 2.339252852191904 1.9374844302294074 2.297997491172632 0.5603598601841887 0.1496446840949297 0.3332206424026632 0.0 15.343413756213383 6.034709 33.41565163120296 17.509002931175736 2.453405908195352 0.12465292836476685 4.54864184146723 34.67283063858889 27.90492278889327 27.550026754343456
506 1600.40278160197 2400.5650051482658 214.94425257670602 52.92874944534586 1598 1603 2398 2403 22.0 1.9597752054388022 0.860538063533607 -49.768689333411 0.8984380026374906 0.18078726513077498 0.23469706299026086 0.0 4.6513605247255505 3.4123447 45.46864069660133 15.476911135576175 3.6552516276960607 0.044640880248903975 2.6462837142006137 73.4202575774455 24.75814119354638 26.73546024052713
507 2780.2474963260343 2405.810643377685 214.93362918943737 52.921289314132956 2774 2787 2401 2411 123.0 3.179940709367493 2.5066134573736427 15.827674219466344 0.6153449825498942 0.23136414369131778 0.7361060122062836 0.0 52.86112071662096 8.085028 90.34750839441969 21.084830164475342 2.2506925530109383 0.18863200791913065 6.257165172872317 118.71709120906002 33.72196063290736 26.21371688240593
508 6322.290901487423 2405.418786982237 214.90192827000277 52.89880023537785 6318 6326 2401 2410 68.0 2.3349163094039205 2.0334183966929227 80.79478276045853 0.4915059614233456 0.25362224146007567 0.5518037691351922 0.0 26.199748075985017 6.3421516 65.6094163104985 19.758719271227708 2.6590330532425552 0.12605956736722376 4.652426491681278 81.83562497302368 31.611305061577593 26.617643991399028
509 2631.6976838116866 2403.1577299937703 214.9349875156713 52.92221788512827 2630 2633 2402 2404 8.0 1.131671584827099 0.522988341653444 -35.25716278865035 0.8868080692134886 0.20225370885102986 0.2403781471101571 0.0 1.764708974923347 2.0724084 28.569924005238246 9.725850119575274 3.888981635705201 0.0365122285740576 1.5957691216057308 61.17469623186177 15.671394598101424 26.93357044624218
510 2395.670428291663 2404.1141533683845 214.937091400742 52.92372116294039 2394 2397 2403 2405 9.0 0.9643456660887855 0.6961914831525514 20.35586703761971 0.6919645614863815 0.1892439936164515 0.20347247919333059 0.0 1.7601591938365977 3.4596975 16.354640840337765 14.72239236680911 3.6617869971315704 0.014268251181150507 1.692568750643269 20.565820613643442 22.67423196774889 28.117134891673572
511 8581.808761172317 2405.8294665195062 214.88171602711003 52.884453285149526 8579 8584 2403 2408 17.0 2.0598676285964537 0.6733155110503771 -42.34482885340077 0.9450682065442688 0.21295498515198372 0.2825021602785473 0.0 4.24899315293074 3.0823965 64.40783238004659 14.910580937372925 3.812127266706256 0.04688313201473528 2.326213245840639 120.34381521236868 24.37220189190397 26.19894056089987
512 2129.2323408090606 2408.433108410569 214.93943243119102 52.92543557731922 2125 2134 2404 2413 79.0 2.376786064721091 2.2531668611175815 -11.112256797208047 0.3183033181275245 0.24754057033087234 0.5889405095712432 0.0 30.227581681182162 6.486485 58.31703571626231 17.263011882962903 2.2848798386385174 0.15002016008106614 5.014626706796775 64.41719879323665 27.81548762385454 26.8774954114224
513 7785.740974335884 2408.9395278390825 214.88880137157548 52.889525921446214 7783 7789 2404 2413 51.0 2.41485781820265 1.55515754334527 65.11953358868867 0.7650292864739644 0.18097945350404096 0.33222625393244803 0.0 13.3180791480431 4.835466 53.78579434829744 17.634497638238297 3.087969204566141 0.09087282768067735 4.029119531035698 60.51187266502221 28.024677932299504 26.94539851679713
514 843.7344939548283 2407.7718100973143 214.95095628407876 52.93359043424475 841 846 2405 2410 27.0 1.555805168398186 1.2814974543955955 46.83870941529772 0.5670438313916105 0.13853327961642514 0.21341478318101353 0.0 4.698471238770652 4.1027136 13.996537628690945 12.98625463298188 2.753194376193863 0.0756272650979534 2.9316150714175193 15.690871291191385 20.610154864184366 28.410882350011235
515 9977.447165187728 2408.582646510848 214.86921188022995 52.87560335462822 9974 9981 2405 2412 54.0 2.0124107377332665 1.8982536462809851 -43.11047711536881 0.3320168268689643 0.20313719670274852 0.4163441701953468 0.0 16.477612744386168 5.6524353 50.01405964597072 19.36072629352492 2.8459993557615673 0.10814682742779796 4.145929793656026 71.7960914713829 30.965943187730815 26.759747994499193
516 2626.0026018218227 2411.527839976247 214.9349504009869 52.922299228867715 2621 2630 2406 2416 85.0 2.6964958592538792 2.1101595008827365 -56.32418336486877 0.6225799740218696 0.30854559493279016 0.8799597775255042 0.0 44.99007897672851 7.0744514 128.5300826897841 22.348251691866388 2.8445620969845407 0.17228020191816773 5.201570947860099 210.26595439000437 36.02424185460129 25.593077603085987
517 3307.0878484277787 2412.19860813916 214.92884407851025 52.91797964957866 3298 3316 2406 2419 203.0 4.133622614605397 3.0721312035536115 -19.45892551352203 0.669063176317505 0.25040128353875496 0.98648557824125 0.0 105.99909909723803 10.423747 187.06492125596571 27.467408544089963 2.3290630825763468 0.21675705559772815 8.03846421247924 246.62028475040205 43.562624420957555 25.419928012853767
518 2604.087485729544 2413.796128248222 214.935122795062 52.922450578176125 2597 2613 2407 2420 169.0 3.4603430990070327 2.813709711122752 21.20236957571563 0.5820817532136597 0.28215548973052806 1.976969639232126 0.0 146.7955907642589 9.828195 235.01658655582708 23.59905914745236 2.286417737068328 0.2857121476693278 7.334464586120832 289.76553358690785 37.92771771401562 25.244883183318137
519 432.16301315292554 2414.6419796368937 214.9545721699897 52.93623934912757 428 436 2409 2420 88.0 3.0741112818289382 2.1087438733749964 -79.65562387376423 0.7276311239429214 0.21829825646844284 0.3741074391888677 0.0 26.06512059192503 7.5582676 89.79603743088452 25.501112553212987 2.9549829589317183 0.08219755472252548 5.292567428401227 94.52300203913174 41.39785932387647 26.461156234200807
520 700.8189740571592 2418.222501188893 214.95212691125022 52.93455382578375 687 715 2409 2433 479.0 5.053973465330398 4.306802018183739 -19.316011818202302 0.523278740243112 0.17371624970423835 4.07637030460999 0.0 509.5834158561818 16.50161 599.5545155828332 27.226996110666363 1.7462184291539329 0.4463611667506197 12.347891944863939 645.9480191590869 43.70967637147471 24.37450607304897
521 1700.5885828057158 2413.607099116334 214.94321773381864 52.92818403628574 1697 1704 2410 2417 58.0 2.1248859868156154 1.9885346650240912 -45.71690374769395 0.35244845068475955 0.1966704446034922 0.3298525044282724 0.0 14.887117119411897 5.6002645 79.65985614915084 22.55581818115525 3.298300374633004 0.084865224948247 4.296739856991561 124.08032898969738 36.42717724093053 26.1657426592341
522 9480.03026735489 2414.6752563696464 214.87359342236215 52.87879585092162 9477 9483 2412 2417 34.0 1.7213402997787275 1.4523138354188416 -17.16300329648084 0.5367975973263073 0.213439303763426 0.32485261839915597 0.0 8.915226151772949 4.6978106 34.57558137655258 16.83714328085715 3.0765350955881328 0.0755462615666238 3.2897623212397704 45.520030379867265 26.8925546823313 27.25449364191667
523 2496.3038146650465 2418.2530605448646 214.9360412150043 52.923158772949556 2493 2500 2413 2423 62.0 2.438283078970624 1.8565438089865325 72.55585557431021 0.6482654823384638 0.18199144275104687 0.35289775958566877 0.0 16.82314075540695 5.9002213 47.89684521270692 19.11977107789987 2.7428630494492614 0.09453189198427008 4.442433223290478 46.70548385712961 30.834096316394326 27.2265803109472
