outputs/dr0.5_c0.1/nircam3_detect_f277w_f356w__dr0.5_c0.1.ecsv
# %ECSV 1.0
# ---
# datatype:
# - {name: label, datatype: int64}
# - {name: xcentroid, datatype: float64}
# - {name: ycentroid, datatype: float64}
# - {name: sky_centroid.ra, unit: deg, datatype: float64}
# - {name: sky_centroid.dec, unit: deg, datatype: float64}
# - {name: bbox_xmin, datatype: int64}
# - {name: bbox_xmax, datatype: int64}
# - {name: bbox_ymin, datatype: int64}
# - {name: bbox_ymax, datatype: int64}
# - {name: area, unit: pix2, datatype: float64}
# - {name: semimajor_sigma, unit: pix, datatype: float64}
# - {name: semiminor_sigma, unit: pix, datatype: float64}
# - {name: orientation, unit: deg, datatype: float64}
# - {name: eccentricity, datatype: float64}
# - {name: min_value, datatype: float64}
# - {name: max_value, datatype: float64}
# - {name: local_background, datatype: float64}
# - {name: segment_flux, datatype: float64}
# - {name: segment_fluxerr, datatype: float32}
# - {name: kron_flux, datatype: float64}
# - {name: kron_fluxerr, datatype: float64}
# - {name: near_border, datatype: bool}
# - {name: detmap, datatype: int32}
# meta:
#   __serialized_columns__:
#     area:
#       __class__: astropy.units.quantity.Quantity
#       unit: !astropy.units.Unit {unit: pix2}
#       value: !astropy.table.SerializedColumn {name: area}
#     eccentricity:
#       __class__: astropy.units.quantity.Quantity
#       unit: !astropy.units.Unit {unit: ''}
#       value: !astropy.table.SerializedColumn {name: eccentricity}
#     orientation:
#       __class__: astropy.units.quantity.Quantity
#       unit: &id001 !astropy.units.Unit {unit: deg}
#       value: !astropy.table.SerializedColumn {name: orientation}
#     semimajor_sigma:
#       __class__: astropy.units.quantity.Quantity
#       unit: !astropy.units.Unit {unit: pix}
#       value: !astropy.table.SerializedColumn {name: semimajor_sigma}
#     semiminor_sigma:
#       __class__: astropy.units.quantity.Quantity
#       unit: !astropy.units.Unit {unit: pix}
#       value: !astropy.table.SerializedColumn {name: semiminor_sigma}
#     sky_centroid:
#       __class__: astropy.coordinates.sky_coordinate.SkyCoord
#       dec: !astropy.table.SerializedColumn
#         __class__: astropy.coordinates.angles.Latitude
#         unit: *id001
#         value: !astropy.table.SerializedColumn {name: sky_centroid.dec}
#       frame: icrs
#       ra: !astropy.table.SerializedColumn
#         __class__: astropy.coordinates.angles.Longitude
#         unit: *id001
#         value: !astropy.table.SerializedColumn {name: sky_centroid.ra}
#         wrap_angle: !astropy.coordinates.Angle
#           unit: *id001
#           value: 360.0
#       representation_type: spherical
#   astropy version: '5.1'
#   make_catalog parameters:
#     ab_zpt: 31.4
#     coadd_bands: !!python/tuple [f277w, f356w]
#     deblend_contrast: 0.001
#     deblend_nlevels: 32
#     deblend_npixels: 1
#     detect_kernel_fwhm: 4.0
#     detect_kernel_npix: 7
#     detect_npixels: 4
#     detect_threshold_nsigma: 3.0
#     flag_isolated_buffer: 4
#     hst_bands: !!python/tuple [f606w, f814w, f125w, f140w, f160w]
#     jwst_bands: !!python/tuple [f115w, f150w, f200w, f277w, f356w, f410m, f444w]
#     near_border_kernelsize: 21
#     reference_band: f200w
#   make_catalog version: 1.4.0
#   photutils version: 1.5.0
# schema: astropy-2.0
label xcentroid ycentroid sky_centroid.ra sky_centroid.dec bbox_xmin bbox_xmax bbox_ymin bbox_ymax area semimajor_sigma semiminor_sigma orientation eccentricity min_value max_value local_background segment_flux segment_fluxerr kron_flux kron_fluxerr near_border detmap
[from data line 3239]
3240 8871.637694247362 4061.745241637122 214.75332629557917 52.83675032481639 8867 8876 4058 4066 67.0 2.229089157719383 1.9749207125260702 -5.326270269799865 0.46373005085078883 0.23619383473903255 0.6814555919711416 0.0 27.85006660640991 0.646055 52.08534343035936 1.740855421492359 False 257
3241 9499.766272654573 4065.587707185378 214.7476885306531 52.83277539106627 9490 9507 4058 4073 154.0 5.047673662601187 2.179943572434602 -40.16775446216126 0.9019354138063734 0.2433941449909828 0.6345831603008356 0.0 59.218013480457756 1.0968018 122.39072960605284 3.000142931180807 False 257
3242 9184.499783688547 4068.051563929682 214.75047182336553 52.83479414501819 9174 9197 4061 4075 294.0 5.2008476263351335 3.4022967473310244 4.845818871751229 0.7563378583857108 0.22208444519196224 1.1258148921648428 0.0 149.85926575675626 1.4235848 258.6229084293875 3.326680533271299 False 257
3243 9836.34380618882 4077.6286590216455 214.74456290078092 52.83069907688863 9821 9853 4063 4091 664.0 7.023731037426524 5.90523632340714 -28.918949985580635 0.5414159114490388 0.22877222853992768 1.0545800694098186 0.0 320.5727447808385 2.117501 516.0930900904145 4.841659627792267 False 257
3244 5962.01008301427 4065.7287940599927 214.77922571835578 52.85527691401884 5961 5963 4065 4066 4.0 0.6920498502908835 0.4445522386205356 0.5570063071825206 0.7663944518535785 0.3410003941345435 0.3944397079281832 0.0 1.4543918467178505 0.23480995 18.71264703031357 3358841.498682012 False 260
3245 8217.178830267343 4068.9494805175027 214.75908346697946 52.84095194209806 8213 8222 4065 4073 73.0 2.2427515922023753 2.0640671563863857 33.926230538885804 0.3911474348064042 0.23957270124538158 0.8321539719724397 0.0 33.898795068787145 0.711784 54.484797521568396 1.5937709623877347 False 257
3246 2529.988596668578 4066.50453485725 214.80984486509746 52.877101370790314 2529 2531 4066 4067 4.0 0.8022389263653666 0.31153204459898265 -31.936080158435935 0.9215211143589358 0.20192815480654688 0.21547326873771572 0.0 0.8424435697483026 0.13579397 11.635060088642602 0.6095333989760519 False 640
3247 8962.19619829133 4079.4038369739706 214.7523333163112 52.836269350069195 8945 8981 4068 4091 589.0 7.028964977870332 3.746646743410605 -18.812403646286278 0.8460965618707095 0.2269620517142952 4.923891615053036 0.0 621.5692805458878 2.0970004 711.3281589364907 3.3548263275319874 False 257
3248 813.9040566866288 4104.438757084668 214.82477115890114 52.88821348043886 779 851 4070 4140 3741.0 8.281081930602262 8.007805929628612 24.887371251243334 0.25477650877637364 0.20157133561499205 110.89924531585984 0.0 12757.28826714147 5.750444 12409.277507394618 5.20432574673359 False 544
3249 1001.6906084427784 4078.5669174959557 214.823366233949 52.88688053356272 997 1006 4071 4086 102.0 3.2449907052312232 1.95354022022578 -76.76773412947286 0.7984831183079295 0.20428284780723321 0.8249138501213444 0.0 44.40638772250594 0.75101507 70.52517019623608 1.6841226145873027 False 544
3250 4086.884320677445 4077.4314355119245 214.79583224949155 52.86726270518692 4081 4094 4071 4083 120.0 3.6130612717569237 2.104353774850821 39.3604033332122 0.8128811593574475 0.20871074523525146 0.7436612049259631 0.0 49.03808198765917 0.7779738 75.75836435746646 1.7688714517563224 False 640
3251 1337.4799734811884 4078.3634051948925 214.82036909732022 52.88474522759357 1330 1345 4072 4084 155.0 3.0645440066429015 2.5294176830792767 10.884499041329125 0.5645755148222938 0.2070905396367905 2.078834808147802 0.0 112.17671668437836 0.9122436 172.52784366500242 2.114643886822739 False 544
3252 9148.737696561664 4074.434360007335 214.7507232949196 52.83505599343243 9147 9150 4073 4076 14.0 1.1477236236776776 0.9232675411584123 57.2003343572727 0.5940424651148892 0.24075087601937245 0.361032020213012 0.0 4.321630843259453 0.32944575 19.480122532373038 1.2269041020422575 False 257
3253 9201.245203688633 4076.009101939642 214.75023881345538 52.83473046263712 9201 9202 4075 4077 4.0 0.706715453002145 0.4301894873488786 -89.59324012630768 0.7933876720507228 0.2325878276077633 0.24214815389451447 0.0 0.9485494647457472 0.15437615 14.280297498228133 0.7508984749119189 False 257
3254 10188.220818384683 4077.0383113959165 214.74143427347764 52.82845735984139 10186 10190 4075 4079 21.0 1.3606182890996696 1.1421462119392096 54.90089243460828 0.5434650971987159 0.22749868044192195 0.3243227639248521 0.0 5.770004951641198 0.35432532 22.37865525216492 1.2938719808361687 False 257
3255 3702.192195799114 4080.8984511099106 214.79922907366694 52.869727112014196 3699 3705 4078 4084 38.0 1.7303178301323956 1.5187478712278437 -58.95266547829958 0.4791597885869316 0.22136655174312642 0.48064359664956685 0.0 12.6733669945738 0.47522858 24.275953861083003 1.1377140917650048 False 640
3256 9723.777044965598 4083.009264434266 214.74550916198157 52.83144413974595 9720 9727 4079 4086 53.0 1.9681124854395868 1.8426363207963539 33.52668858172797 0.3513466866993039 0.22670581350666533 0.5539648014853206 0.0 19.13850925596882 0.56299126 39.43019770273739 1.5965116217296003 False 257
3257 7421.405279927879 4083.5333535794603 214.76602393254828 52.84609178356547 7419 7424 4081 4086 31.0 1.547007510403766 1.4473065127300289 61.312096134125426 0.3531880509246106 0.22241592114060077 0.3526097941886786 0.0 8.72451546252864 0.41611192 22.61690311549819 1.3494544629995975 False 260
3258 9674.584383146142 4093.2141280292362 214.74584000302235 52.83181201107698 9651 9697 4081 4105 830.0 9.42363344997994 4.017464862838229 -13.368271260117261 0.9045733446988589 0.2298386667961159 5.069152246425588 0.0 1108.1186849019296 2.5798004 1236.6489546230382 3.9000217814721294 False 257
3259 3524.019463956264 4082.510649351401 214.8008023985451 52.870868520272964 3523 3525 4082 4083 6.0 0.8091179665800446 0.49987840474891887 0.2574338737856115 0.7863301012820786 0.20906509942951434 0.23552618250303833 0.0 1.3359257748058715 0.17230581 16.34568138037383 0.7537966693012157 False 640
3260 8006.741093441836 4087.931458425756 214.76075939968396 52.84239262147214 8003 8011 4083 4093 72.0 2.4903085518823493 2.1653818411504173 72.65594111213677 0.49389154667460755 0.22458765130565483 0.3597938785359127 0.0 20.74342945065132 0.6584429 91.71471613201953 2.566253501786603 False 260
3261 885.8254148511779 4088.1311438120047 214.82430047028927 52.88766848143093 881 891 4084 4092 70.0 2.4323697593262574 1.9494121145314662 -11.303583083456308 0.5980676399092298 0.2052639160662614 0.5505914509886694 0.0 24.830308836283614 0.600452 52.27806367422646 1.7267709455885007 False 544
3262 1691.4820485358928 4088.441789668681 214.81710130440993 52.88254949483321 1687 1696 4084 4093 86.0 2.256270452331877 2.1508346853062745 41.57408134556488 0.3021200379402538 0.2251408369281891 1.3881413108349194 0.0 54.544195301821894 0.71858555 71.14914331718182 1.3126607593092394 False 544
3263 8428.471062021554 4085.177886710281 214.75702926316325 52.839695373847434 8427 8430 4084 4087 13.0 1.0660576161665973 0.919588336892754 -14.800835608328848 0.5058753321549154 0.25034502997134955 0.32742555896837927 0.0 3.8097712662965275 0.3161001 20.656790600095405 1.1875741899692314 False 257
3264 1376.0471374792849 4089.0393303075593 214.8199121821648 52.88455763518922 1372 1380 4085 4093 51.0 2.1013070565617964 1.6857245223322157 32.180683650399764 0.5970195982649446 0.21274748352886544 0.4999775929064715 0.0 17.075464891300552 0.54108363 54.281237486117206 1.7126777893787308 False 544
3265 6180.591532591759 4086.758469334362 214.77705467904642 52.85400019818837 6179 6182 4085 4088 12.0 1.0818588199071255 0.8305323437888603 32.40655217564826 0.6408212357759789 0.21596582503460934 0.2603059217252903 0.0 2.79758129461331 0.24269006 13.88554107317732 0.9858771465776895 False 260
3266 5961.373807243213 4091.218507863208 214.77896295808952 52.85541824394275 5961 5962 4087 4094 13.0 2.1060243005635875 0.45975256512768575 85.79570145264117 0.9758809166026654 0.36665739100251366 0.4833998672239529 0.0 5.361113047215295 0.44495654 52.56293558618876 4388759.386284406 False 260
3267 9562.62918786164 4103.632733140216 214.74672781309997 52.832580292880614 9553 9573 4088 4119 416.0 6.534504382094911 3.3641871244437236 -63.13753867227997 0.8572896956481824 0.23280914988418336 2.2560034015911876 0.0 294.354430882418 1.7554057 373.33931001169594 3.204262830387551 False 257
3268 7899.839412742643 4092.6331142266095 214.7616628422868 52.84309786828387 7898 7902 4090 4095 24.0 1.538297811848503 1.1710249286849896 80.31340731487275 0.648461775370565 0.2243838807919013 0.3180960588838238 0.0 6.391857150743533 0.37498352 29.31860756093193 1.5105200536467869 False 260
3269 2951.6265481171067 4097.018032015278 214.8057591318878 52.8745854984596 2947 2957 4092 4102 87.0 2.371747803579104 2.2463494082146163 -44.54374708381805 0.32085515248781454 0.2071733357505198 0.8616961802936773 0.0 39.31970256946446 0.70678926 62.31120308032681 1.6740030128576895 False 640
3270 10252.145880282002 4096.932602984953 214.74065533263763 52.828157758610146 10249 10256 4092 4102 70.0 2.6404606007372626 1.784527596622356 82.08343588428137 0.7370488163774133 0.22483059834372005 0.6061405576356287 0.0 27.431978037216496 0.68806547 49.18452586404772 1.6739397571954482 False 257
3271 10118.029341825591 4110.013101996598 214.74171237468775 52.82908139308596 10102 10133 4093 4127 821.0 6.509400680703529 4.788238113093582 54.18448636987785 0.6774289992298578 0.2320664509206446 9.109637716285413 0.0 1341.5770922062834 2.5258603 1436.9634323302716 3.3260679687634354 False 257
3272 1437.250012582369 4098.570543394728 214.81926516095933 52.88421999945296 1433 1442 4094 4104 84.0 2.4345235006302435 2.1621845209072075 87.67625362549717 0.45958346082732915 0.2007861548730208 0.751361740496377 0.0 34.151561360249815 0.6351514 52.35741740021043 1.4174456397934398 False 544
3273 1019.9998197282871 4095.5005382504473 214.82302432096387 52.886855433720285 1019 1021 4095 4096 4.0 0.797463018758892 0.31333565640366734 32.09563858646323 0.9195745403754826 0.2163612825235419 0.23119681139506212 0.0 0.8941536306535935 0.14358105 7.972137920121929 0.6090615314585885 False 544
3274 9093.192753032907 4098.408415830283 214.75096582802047 52.835538382505426 9092 9094 4098 4099 5.0 0.7711395233730293 0.44673311193529436 19.038810903424853 0.815103368476985 0.2312855740049998 0.25209118903714234 0.0 1.2127806704553168 0.17414771 14.861212998652487 0.7966389890786826 False 257
3275 3341.7467397177147 4103.712085147389 214.80220608410394 52.87214151736212 3339 3344 4101 4106 31.0 1.5068752863376458 1.4657315335305634 -39.163429926042284 0.23208302458390398 0.22912841405804873 0.421018186923684 0.0 9.820230939752854 0.4336619 22.559831113058518 1.2096679741429384 False 640
3276 6218.791415449319 4103.18804434294 214.77654095833105 52.853845762192606 6217 6221 4101 4106 22.0 1.401340949956234 1.1599204543337078 -70.46081773395461 0.561138682353519 0.21759204574064545 0.32590206005349326 0.0 5.8485862664252615 0.33131146 18.359399572157923 1.1256401717377542 False 260
3277 8007.403383823321 4105.415503480329 214.76056938397474 52.84248254705148 8004 8011 4101 4109 56.0 2.1314254854207824 1.9167506977608297 -89.86930183075432 0.4373710863579574 0.2175779387327854 0.37304094662109605 0.0 16.386334657198383 0.5690828 60.951947565351105 2.1257083375262136 False 260
3278 2547.0012826812035 4108.755591149131 214.80924795284253 52.87722089750588 2546 2548 4108 4109 4.0 0.7068087787215476 0.4297357937009692 0.05703979068554307 0.7939412981140461 0.22289923919046709 0.23348047333487051 0.0 0.9119933193825505 0.14814709 20.07401971705306 0.7825044181580417 False 640
3279 4083.053194501561 4114.891156072424 214.79547191433534 52.86748886993597 4078 4089 4110 4120 98.0 2.746248856531634 2.5020211704129545 -47.225125307476546 0.41225472710431965 0.20621014627075485 0.44834975358469076 0.0 30.611024962626587 0.72546124 80.49727273336597 2.2559974965979217 False 640
3280 8270.181698337467 4113.222972750585 214.7581448171497 52.84085318548951 8267 8273 4110 4116 36.0 1.8762329390482326 1.4003992938196064 53.82731718782421 0.6655101245508135 0.25519143879526857 0.4583826611503754 0.0 12.530618670040191 0.5355496 33.93338639079015 1.5640188044944452 False 257
3281 7305.129850517657 4116.878512748042 214.76670948025298 52.847010845396376 7302 7309 4111 4122 68.0 2.7433886486408174 1.7356882897711823 74.56609629443707 0.7744129923817363 0.22572965065767853 0.47547245466977917 0.0 22.628781458708747 0.6639983 53.81733137222862 1.887866749734108 False 260
3282 259.9972194811029 4119.30466894471 214.82956298851246 52.891813907950514 254 266 4114 4125 97.0 2.9423235937178034 2.1820746479027093 -34.87659662380877 0.6708245002362293 0.2032575668586436 0.6305638610150256 0.0 37.58865882679765 0.7313648 57.100599444667544 1.4763477935074703 False 544
3283 360.13446448978334 4120.889405781582 214.8286516431691 52.891186052614806 353 368 4115 4127 147.0 3.349729631544503 2.504397209311099 37.9589283919823 0.6641024343420804 0.20593887028623942 1.2052672824897457 0.0 77.90335517755605 0.8958677 107.42536229448615 1.7836601704854296 False 544
3284 9040.461998043676 4123.359845881471 214.75117299638865 52.83600813134027 9033 9048 4115 4131 216.0 3.582584903498873 3.213201093648784 63.72031191065293 0.44224434042013366 0.23949040294724108 1.925454673426996 0.0 151.98823235206106 1.2999092 241.27095124768653 2.8601350287937097 False 257
3285 5960.496226029829 4117.496070168126 214.77869405141726 52.85556535096441 5960 5961 4117 4118 4.0 0.5004281089153957 0.4995418114411883 44.961187568154706 0.05948966565456184 0.41640574472030834 0.42941397072453275 0.0 1.68854624334858 0.2703134 14.261037578894943 3013668.268228516 False 260
3286 7938.077002971642 4121.717436144502 214.76101571015175 52.843011262515354 7935 7941 4119 4125 37.0 1.7296626696658188 1.5546272069418892 -48.385159030434856 0.43835135357831645 0.23923913572125338 0.4040716230024172 0.0 11.558164159481885 0.49634957 36.559093242379504 1.653306321862492 False 260
3287 392.4176824380992 4120.7015323521055 214.82836520110095 52.890979870473934 391 394 4120 4122 7.0 0.985349747720592 0.5499501632710008 -30.425003436223 0.8297556298276503 0.20849803813934237 0.23563708356807364 0.0 1.5766035228967084 0.19289361 13.991661640778695 0.8190905578856181 False 544
3288 7332.031532441139 4126.027706054599 214.76637327971454 52.84688901814485 7324 7338 4120 4131 125.0 3.224823163532272 2.3322775113077046 -26.235370670211847 0.6906109294530894 0.22569155203190555 1.210595699179642 0.0 67.07432266126892 0.9101801 100.02059085177738 1.9920655408108623 False 260
3289 6647.08677372746 4129.574533604138 214.7724434369752 52.851264183953404 6638 6655 4121 4137 208.0 4.571311575532402 2.5940084202128437 42.79853047269475 0.823405192754228 0.20501463178780244 1.4665043426932582 0.0 116.74468386848203 1.0651422 157.42518025569854 2.1627361454102765 False 260
3290 3284.7740269380743 4130.078763983215 214.80243694150806 52.87264576918597 3279 3291 4124 4136 122.0 3.1888912327005685 2.283310449600094 48.79804045742846 0.6980795892927047 0.20767490600425714 1.0221907460558635 0.0 60.41494833022015 0.8428441 80.3267882249219 1.3695310663422824 False 640
3291 7390.216746010338 4139.668333568451 214.76571086619762 52.84659241169151 7378 7401 4126 4154 488.0 4.9728231324741685 4.241855457140879 -63.31532984782628 0.5218986443804345 0.21603728974815928 3.8404497989806257 0.0 412.9578886004798 1.7577522 519.4616822090015 3.034705154105794 False 260
3292 6150.413517811644 4133.945165941405 214.77682690623308 52.854446236899044 6144 6158 4128 4139 135.0 3.7651914579323553 2.5212213089549134 19.128402755288853 0.7427101540184805 0.20848725427757375 0.4558490418100906 0.0 43.22339174718324 0.8225001 89.52010689110332 2.308474568747264 False 260
