outputs/dr0.5_c0.1/nircam6_matched_f277w_f125w_dr0.5_c0.1.ecsv
# %ECSV 1.0
# ---
# datatype:
# - {name: label, datatype: int64}
# - {name: xcentroid, datatype: float64}
# - {name: ycentroid, datatype: float64}
# - {name: sky_centroid.ra, unit: deg, datatype: float64}
# - {name: sky_centroid.dec, unit: deg, datatype: float64}
# - {name: bbox_xmin, datatype: int64}
# - {name: bbox_xmax, datatype: int64}
# - {name: bbox_ymin, datatype: int64}
# - {name: bbox_ymax, datatype: int64}
# - {name: area, unit: pix2, datatype: float64}
# - {name: semimajor_sigma, unit: pix, datatype: float64}
# - {name: semiminor_sigma, unit: pix, datatype: float64}
# - {name: orientation, unit: deg, datatype: float64}
# - {name: eccentricity, datatype: float64}
# - {name: min_value, datatype: float64}
# - {name: max_value, datatype: float64}
# - {name: local_background, datatype: float64}
# - {name: segment_flux, datatype: float64}
# - {name: segment_fluxerr, datatype: float32}
# - {name: kron_flux, datatype: float64}
# - {name: kron_fluxerr, datatype: float64}
# - {name: kron_radius, unit: pix, datatype: float64}
# - {name: gini, datatype: float64}
# - {name: equivalent_radius, unit: pix, datatype: float64}
# - {name: kron4_2_flux, datatype: float64}
# - {name: kron4_2_fluxerr, datatype: float64}
# - {name: kron4_2_mag, datatype: float64}
# meta:
#   PHOTMJSR: 2.962800025939941
#   PIXAR_SR: 2.11539874851881e-14
#   __serialized_columns__:
#     area:
#       __class__: astropy.units.quantity.Quantity
#       unit: !astropy.units.Unit {unit: pix2}
#       value: !astropy.table.SerializedColumn {name: area}
#     eccentricity:
#       __class__: astropy.units.quantity.Quantity
#       unit: !astropy.units.Unit {unit: ''}
#       value: !astropy.table.SerializedColumn {name: eccentricity}
#     equivalent_radius:
#       __class__: astropy.units.quantity.Quantity
#       unit: !astropy.units.Unit {unit: pix}
#       value: !astropy.table.SerializedColumn {name: equivalent_radius}
#     kron_radius:
#       __class__: astropy.units.quantity.Quantity
#       unit: !astropy.units.Unit {unit: pix}
#       value: !astropy.table.SerializedColumn {name: kron_radius}
#     orientation:
#       __class__: astropy.units.quantity.Quantity
#       unit: &id001 !astropy.units.Unit {unit: deg}
#       value: !astropy.table.SerializedColumn {name: orientation}
#     semimajor_sigma:
#       __class__: astropy.units.quantity.Quantity
#       unit: !astropy.units.Unit {unit: pix}
#       value: !astropy.table.SerializedColumn {name: semimajor_sigma}
#     semiminor_sigma:
#       __class__: astropy.units.quantity.Quantity
#       unit: !astropy.units.Unit {unit: pix}
#       value: !astropy.table.SerializedColumn {name: semiminor_sigma}
#     sky_centroid:
#       __class__: astropy.coordinates.sky_coordinate.SkyCoord
#       dec: !astropy.table.SerializedColumn
#         __class__: astropy.coordinates.angles.Latitude
#         unit: *id001
#         value: !astropy.table.SerializedColumn {name: sky_centroid.dec}
#       frame: icrs
#       ra: !astropy.table.SerializedColumn
#         __class__: astropy.coordinates.angles.Longitude
#         unit: *id001
#         value: !astropy.table.SerializedColumn {name: sky_centroid.ra}
#         wrap_angle: !astropy.coordinates.Angle
#           unit: *id001
#           value: 360.0
#       representation_type: spherical
#   astropy version: '5.1'
#   kernelfile: kernel_f277w_f125w.fits
#   make_catalog parameters:
#     ab_zpt: 31.4
#     coadd_bands: !!python/tuple [f277w, f356w]
#     deblend_contrast: 0.001
#     deblend_nlevels: 32
#     deblend_npixels: 1
#     detect_kernel_fwhm: 4.0
#     detect_kernel_npix: 7
#     detect_npixels: 4
#     detect_threshold_nsigma: 3.0
#     flag_isolated_buffer: 4
#     hst_bands: !!python/tuple [f606w, f814w, f125w, f140w, f160w]
#     jwst_bands: !!python/tuple [f115w, f150w, f200w, f277w, f356w, f410m, f444w]
#     near_border_kernelsize: 21
#     reference_band: f200w
#   make_catalog version: 1.4.0
#   photutils version: 1.5.0
# schema: astropy-2.0
label xcentroid ycentroid sky_centroid.ra sky_centroid.dec bbox_xmin bbox_xmax bbox_ymin bbox_ymax area semimajor_sigma semiminor_sigma orientation eccentricity min_value max_value local_background segment_flux segment_fluxerr kron_flux kron_fluxerr kron_radius gini equivalent_radius kron4_2_flux kron4_2_fluxerr kron4_2_mag
[from data line 2577]
2578 9379.548155226314 3109.4128108868813 214.81102815087115 52.81000185255838 9372 9387 3104 3115 150.0 3.5276801351072606 2.7287690786564003 -7.572357500953232 0.6337587639759695 0.2871020523045605 0.9545258609088101 0.0 82.4244670921204 9.946263 133.50773394440424 24.104657401236356 2.1470134973331727 0.19671889324270098 6.90988298942671 144.1861812836326 38.84415976976161 26.00269090035633
2579 7940.963228249083 3107.8202858768227 214.82387238762274 52.81913710999932 7938 7944 3105 3110 29.0 1.6884615205882127 1.2904880870825606 20.900260803414156 0.6448629885763281 0.18261621329032604 0.2695626239336737 0.0 6.6701484545484995 4.4819503 39.64721129657982 17.694189693397853 3.3214681415543628 0.06265885845646889 3.0382538898732494 54.6700523655676 28.329840702637807 27.055626275301005
2580 3153.5018133702447 3107.4961039498658 214.86660324379474 52.849555139399634 3153 3154 3107 3108 4.0 0.5008943222729272 0.49908557422194944 -44.81166069463032 0.08490603565021118 0.18070055027155205 0.18486669117013893 0.0 0.7284924298919095 1.5348468 10.565502041649475 6.7649866176040945 4.111120719707174 0.006409935221860172 1.1283791670955126 16.68257361874442 10.74598830403946 28.344342374923094
2581 9197.815803014233 3127.4667244163493 214.81245845301902 52.811254333478914 9185 9212 3107 3148 825.0 8.85527107055005 4.95318060652965 -74.07308754223908 0.8289327512971847 0.2597415973652931 3.0912892774256284 0.0 798.5436755324054 23.660559 1020.4904696628746 46.129704786149446 1.869956139023298 0.3416920112266994 16.205112036071434 1121.5433843402557 73.08709924282394 23.775459805168765
2582 7140.905373651435 3112.383070916314 214.830960644996 52.824246382294824 7139 7143 3110 3115 27.0 1.5483898740684316 1.285956309370047 78.75392702760236 0.5570007935973882 0.26199385105724526 0.37889590860839417 0.0 8.542563021600621 4.1491857 41.43883519476969 16.43380163394213 3.21478797899008 0.06371019950957861 2.9316150714175193 59.03847445199829 26.669661334810918 26.972162182909983
2583 8202.500845353123 3112.0479995624983 214.8214954613029 52.81749763029463 8200 8205 3111 3113 15.0 1.5819026122147244 0.7542568512000528 -6.449494160276567 0.879009859185253 0.2558167709997702 0.32234861688966965 0.0 4.458553708030978 3.1148427 79.61580320227718 15.257729511942326 3.8587677959984625 0.04065581146897954 2.1850968611841584 168.11852714050372 24.504774177155067 25.83596105858587
2584 6842.113635615303 3123.090979525019 214.83351357542176 52.82620293339131 6835 6849 3115 3131 184.0 4.171348719476216 2.9723126186226514 64.33698938686614 0.7016169308844851 0.23976162595428607 0.7128963476686229 0.0 80.28609172445601 11.025705 389.6967057947518 41.32783119313958 3.24842311143113 0.1661879406590439 7.653039857325812 886.5515023063435 66.11579426339844 24.03074007481149
2585 7176.088079901466 3117.0454487880643 214.83059775719133 52.824047923605676 7173 7179 3115 3119 32.0 1.8060616143945225 1.3066713018147946 5.827002129054105 0.6903326646608341 0.17371869703047557 0.2674377269433816 0.0 7.101670573426244 4.5952806 32.57330181361445 17.80847164629803 3.2128931005393855 0.06657293038237165 3.1915382432114616 35.46031226254975 28.339427876309344 27.52564361083203
2586 7879.285057427845 3118.1314569657306 214.82431403558357 52.81958468959042 7877 7882 3115 3120 23.0 1.4666691856791505 1.2920379737322567 -73.29200904183904 0.4732401325496991 0.22925021486200395 0.29240300359978527 0.0 6.126840999896022 4.2783985 59.76391685131226 18.19893424805717 3.609513589615423 0.03651171385871943 2.7057581899030048 95.85230026962506 29.001049677217026 26.44599365108535
2587 1277.4503235779787 3143.6070753306276 214.8829831962136 52.86166629606778 1245 1313 3116 3169 2782.0 7.734983472913563 6.583131194061654 15.120294953052813 0.5250273420504808 0.145093738868552 78.52555799608741 0.0 12237.24600687465 40.632404 11999.206448332456 34.15388542339645 1.4 0.7717000865686391 29.75799226028708 12542.4970621268 54.47429581471501 21.154039980066305
2588 8492.15259581442 3122.9723589554674 214.81879758867981 52.81571549985181 8487 8497 3116 3132 124.0 4.062975302726144 2.302483392633293 -78.83750199759925 0.823925011325683 0.22099101679099847 0.41457243421212137 0.0 39.86129584221446 9.1559925 132.65911551080606 32.310263508604386 2.9039499803921083 0.08725828905037943 6.282549314314218 132.64673003691814 51.69085573329669 26.09325862908213
2589 2817.2865782863714 3119.922332606993 214.86947545659774 52.85175791618593 2815 2819 3118 3122 18.0 1.206179355674829 1.0825042779178438 68.54259649276922 0.44108479487543995 0.37658033290629817 0.6593874496688622 0.0 9.386398857259795 3.076723 34.632149218155504 11.310278706872362 3.010770278092943 0.08721284416048855 2.393653682408596 40.99273944189416 18.329421173009145 27.368232644758628
2590 6070.979670151081 3120.406484319487 214.84042224059175 52.8310887648794 6068 6074 3118 3123 35.0 1.752518314817086 1.4611428531165997 -24.89644059628953 0.5521587573810096 0.2337047299529468 0.3627420361737481 0.0 10.243725124268142 4.5192084 30.04206127839795 15.095148085560401 2.7553513058223316 0.07584701535571436 3.3377905890622728 37.44115733120085 24.209308109779993 27.46662683848427
2591 1754.34315460303 3121.506847556565 214.87895446232167 52.8585181471231 1752 1756 3119 3124 20.0 1.3143364330930098 1.233243741333272 -29.382538526454415 0.34581851527254753 0.2061211565578173 0.26329073797865443 0.0 4.851824424738315 3.5906696 46.46162067015736 16.056060957462833 3.59600513784762 0.03468966557527342 2.5231325220201604 69.7193036150681 25.30725201985231 26.791617398628418
2592 6768.77577527769 3124.533827457809 214.8341526895978 52.82667676664387 6764 6774 3119 3130 73.0 3.5815844091551736 1.5202602565229162 46.66171162224178 0.905443949405704 0.18506695798982023 0.31840176805352116 0.0 19.26947528625206 7.027758 48.56698077022928 21.23514382756586 2.5314675736156262 0.07298962133614705 4.820437914901168 53.771362835413235 34.120260798201585 27.07362239046988
2593 8083.594141208638 3125.580033836436 214.82241356845572 52.81832631010393 8077 8091 3119 3131 135.0 3.4416537393779225 2.735991684182975 16.623612960707455 0.6066562791165606 0.27259374239938505 0.674764752174732 0.0 61.025026465974065 9.255392 167.3436343236435 30.525534412710925 2.76552943597084 0.13888947330768103 6.555290583552474 249.42050458639213 48.77307346303413 25.407669616290868
2594 350.048275058089 3125.451541887786 214.8914625850939 52.86745817366906 345 355 3121 3130 91.0 2.5462015912682934 2.3812681972209155 -27.179051809693597 0.35405725497733154 0.244238672468306 0.673117693535068 0.0 37.94122597156201 7.0988927 76.53388027764262 19.896681754177155 2.4106298866657774 0.16519786949178963 5.382025607773058 79.3767336552416 32.033198049486245 26.65076694059062
2595 9692.639621088865 3125.141344561674 214.80807170826412 52.80809636970843 9690 9696 3122 3128 41.0 1.7807626327412729 1.7427410483147432 -21.624834231326346 0.2055400397685491 0.24921468466337363 0.36536468528301597 0.0 12.712887250119717 5.1837993 51.764159783431474 19.73808434288849 3.072947675864035 0.059365339212636314 3.6125759969217834 69.91765497088966 31.859319684667202 26.78853286577543
2596 606.1991454961741 3124.820075631958 214.88917972636932 52.865828038611944 604 608 3123 3127 15.0 1.2326224997320558 0.9846667916235051 45.980539281864075 0.6015450315967489 0.16788799742569127 0.2218024247196538 0.0 3.0160217575866004 3.1106918 20.722385741342524 12.92762422808858 3.4245330834879604 0.05003627231138589 2.1850968611841584 20.551678742116774 20.741291367783393 28.117881743635174
2597 2504.0223357264613 3128.1631662485147 214.8721869704108 52.853792261924205 2502 2506 3126 3131 22.0 1.3536776592409854 1.2162952022017062 89.1715959626407 0.4389495890904614 0.21822227332282293 0.28928226623359876 0.0 5.497741671411392 3.387885 21.99181836231905 12.830600527058658 3.1054464718189454 0.0542927713114018 2.6462837142006137 21.18989164917852 20.85014661790919 28.08467815993186
2598 9627.3986518053 3128.111114724663 214.80862204402675 52.8085270970196 9626 9629 3126 3130 14.0 1.1075217106428896 0.9694689525693503 45.81238868722617 0.4834900795677473 0.07007340292392855 0.12356301282490821 0.0 1.4059367719661493 3.0168967 15.173978308120812 13.657936239140993 3.6403409125764714 0.09843142069980482 2.111004122822376 29.1277354348881 22.121999401957765 27.739233196803827
2599 3544.7545248255 3128.1696116666953 214.86289166174757 52.84718117371579 3543 3546 3127 3130 11.0 0.9531027048677003 0.9108994485571568 30.088575016369568 0.29427711082579994 0.19779527562720423 0.24988235810117665 0.0 2.448455812777808 2.4262748 37.291062780204115 11.709880661770104 3.797778872615695 0.04499586770917141 1.8712051592547776 79.22199523919173 18.53422775410111 26.65288555976307
2600 1763.8905659390803 3133.6286520249537 214.87874164308036 52.858522899647696 1759 1770 3128 3139 95.0 3.072939375436101 2.0880633518907756 47.57424359718328 0.7336751919509251 0.24645260920616854 0.792570158552931 0.0 47.22285848017493 7.8708467 128.79062359796754 25.14816627854507 2.7924750712353723 0.16709377292655914 5.499039842323396 196.2419986725458 39.25034675570904 25.66802010401348
2601 2974.46882462584 3139.321320274865 214.8678674809438 52.850864082456376 2955 2988 3129 3149 520.0 5.649665075046358 3.9967846581379627 -2.2960695092611365 0.7067759569428201 0.17150287451655688 4.934500862248453 0.0 641.8479108092904 16.437439 749.9721374668114 28.224293620965362 1.8422833736001871 0.4647675631779822 12.865501965161373 871.0234622453696 44.99143059321402 24.049925366251045
2602 957.1441757172302 3131.560314751645 214.88597231706595 52.863635599037494 955 959 3130 3133 19.0 1.3494768816675824 1.0615823766564316 -12.529624271719928 0.6173837312488644 0.142538274231418 0.1898049496229597 0.0 3.237455639061009 3.2623627 22.562026068298003 13.776668897185305 3.4634267180308003 0.04433866799247977 2.4592453796829674 33.53053311347806 22.087568321198958 27.58639885379738
2603 6417.661127245259 3132.0130303883975 214.83720671637218 52.82894833836392 6415 6420 3130 3134 24.0 1.5564050581568694 1.161428697506578 -34.40037335360076 0.6656935707022299 0.16857814358412893 0.22710944880850703 0.0 4.746521256907947 4.4556236 22.837829601629984 17.043712001494956 3.203127159354784 0.050967636981970973 2.763953195770684 39.13861997877958 26.901250941239308 27.418486228897844
2604 9350.33219292042 3137.3364134617427 214.81099495707826 52.8103380385522 9338 9365 3132 3143 250.0 5.852377654213289 2.6727950823240665 9.027329521826317 0.8896195212335605 0.22143296233617246 1.158819540304925 0.0 153.7940050004407 13.009801 210.79449652858665 26.022997790224444 1.7555479526494624 0.22484876504324747 8.920620580763856 213.26314143030504 41.13370850279906 25.57771049448293
2605 1984.1361699614356 3137.427584327516 214.876733907798 52.85714447910625 1980 1988 3133 3142 70.0 2.650024556550756 1.9255698224145341 -54.62978368655306 0.6870359899925449 0.2046136305330974 0.363136382759214 0.0 19.660577086663096 6.4336877 58.87828396512638 21.438699438757006 2.8109285494343608 0.09362871310846338 4.720348719413148 72.06382072965445 34.32685462714948 26.755706789692052
2606 3404.816533490287 3136.960141972345 214.86404887934435 52.848117565442195 3400 3409 3133 3141 56.0 2.6294031505484323 1.6010801880672934 49.48310951890618 0.7932363040965165 0.1686484099348464 0.27861428846254965 0.0 13.175353605224949 5.477166 68.37449172132551 21.703858509844064 3.2416371163312196 0.06600550419863345 4.222008245644752 96.35085307478747 34.63035125544143 26.440361089546936
2607 8140.3304966821 3144.719931106655 214.8217062940313 52.818068863203145 8129 8150 3133 3155 365.0 4.6785670685804135 3.729993839745212 -52.185039557404565 0.6036475042398153 0.22197953026297673 3.999231962038371 0.0 432.7424801314695 15.44719 523.0083251362834 27.946224786854675 1.8471641303752835 0.40526811613501773 10.778826859036359 590.3296871478681 44.472332070734055 24.472263439878958
2608 9760.843040407717 3137.7375551890445 214.80733128346085 52.8077306830259 9756 9766 3133 3142 86.0 2.6680317207154327 2.1794348160496906 -26.63280522053983 0.5768219479572156 0.2436666002240439 0.6545164008959724 0.0 36.22340833744084 7.546511 74.52886224982436 21.481166336434352 2.4267010178318844 0.15322217391113388 5.232078956954491 94.81515473173604 34.47173918284088 26.457805604693995
2609 7865.540622597273 3137.6242715683748 214.82423161551205 52.81977710740524 7863 7868 3134 3141 39.0 1.9814463076938527 1.4718406612314203 69.33366882330142 0.6695008643994493 0.20837785775617296 0.2955927301056108 0.0 9.936069609834334 5.333732 44.513271606149644 21.539199251087638 3.1601678022288415 0.05775296957515646 3.523362819972964 72.07686580826434 33.7017047555827 26.755510266218778
2610 4008.5033459354313 3141.2028802872246 214.85861353516754 52.8443053193585 4003 4015 3135 3147 125.0 3.2992096031374976 2.4186593899766042 -49.56300302589911 0.6801179793935016 0.2184200252791429 0.9076175239712453 0.0 63.66255394162648 8.253481 110.05470190133947 21.17108449689233 2.2982962547472754 0.2047684281981614 6.3078313050504 132.63815605621073 33.75565862096992 26.093328810850966
2611 462.2070162340358 3147.881180827618 214.89022411619504 52.86686692001208 450 476 3136 3160 532.0 6.140106377588974 5.400207788373061 2.933884642894217 0.47590363304229044 0.22426479239563973 1.0421212173524825 0.0 301.2366795894213 17.447336 426.6989305820307 37.778478974591785 1.957532844024402 0.23147803921224352 13.013103375051497 463.4627094563458 60.65313851551115 24.734963009402012
2612 6540.855125734122 3142.3207553399566 214.8359991162797 52.82822104585136 6534 6547 3137 3147 93.0 3.7261971003199115 1.8317793878357078 32.81356979377383 0.8708240244111255 0.2308721433665796 0.38893229434620785 0.0 29.05435827138925 7.7568765 89.77399104781037 26.607385602994135 2.8386638753267035 0.0834242519024879 5.440847306724618 94.3349928479642 42.601726353752014 26.46331794785484
2613 6478.589483391916 3143.042856141142 214.83654707661256 52.828620619619706 6471 6486 3138 3148 120.0 3.427524816463867 2.3170089400788973 -6.6406578747560845 0.7369010424356828 0.22447518588399235 0.6973505041657088 0.0 50.18847430832837 8.749951 86.2981069646356 20.803609246390216 2.048246437164791 0.17785331489560144 6.180387232371033 84.414874211447 33.25629871845221 26.583952555864727
2614 8083.341598486416 3138.909340173681 214.8222756389203 52.818399755903734 8082 8085 3138 3140 11.0 1.068398215276131 0.7654097065049724 -14.474904158295951 0.6976809216383858 0.2388672340226724 0.27883261945866994 0.0 2.8696584998816244 2.6908526 32.48259380812484 12.286336871638406 3.6387305154154466 0.026959215955766166 1.8712051592547776 63.61737399942934 19.326430918145032 26.89106065421023
2615 10236.181480724246 3145.21944600379 214.80301579986175 52.80474924448935 10230 10243 3139 3151 128.0 3.1562998448401802 2.8751195765327986 -1.5957048836683307 0.4125949723338721 0.23789579357764365 0.5289585163253531 0.0 47.59554722032361 8.052534 159.4811451856927 29.53948266954066 2.9608003506628613 0.11857395655752317 6.383076486422923 180.48659159791146 47.24179634108116 25.758887641062515
2616 4283.380165524258 3154.212040648252 214.8560224584417 52.842629142557186 4265 4305 3140 3168 769.0 7.872937678400274 4.050678970490223 -27.54594765112503 0.8574863751629328 0.20822717614459577 6.599792849235207 0.0 1241.1486579784967 20.370504 1346.8891304925346 29.021289443495203 1.5774592749301004 0.482576549556623 15.64545628849907 1419.9472751031817 46.67292566555416 23.519319453403035
