outputs/dr0.5_c0.1/nircam1_f150w_dr0.5_c0.1.ecsv
# %ECSV 1.0
# ---
# datatype:
# - {name: label, datatype: int64}
# - {name: xcentroid, datatype: float64}
# - {name: ycentroid, datatype: float64}
# - {name: sky_centroid.ra, unit: deg, datatype: float64}
# - {name: sky_centroid.dec, unit: deg, datatype: float64}
# - {name: bbox_xmin, datatype: int64}
# - {name: bbox_xmax, datatype: int64}
# - {name: bbox_ymin, datatype: int64}
# - {name: bbox_ymax, datatype: int64}
# - {name: area, unit: pix2, datatype: float64}
# - {name: semimajor_sigma, unit: pix, datatype: float64}
# - {name: semiminor_sigma, unit: pix, datatype: float64}
# - {name: orientation, unit: deg, datatype: float64}
# - {name: eccentricity, datatype: float64}
# - {name: min_value, datatype: float64}
# - {name: max_value, datatype: float64}
# - {name: local_background, datatype: float64}
# - {name: segment_flux, datatype: float64}
# - {name: segment_fluxerr, datatype: float32}
# - {name: kron_flux, datatype: float64}
# - {name: kron_fluxerr, datatype: float64}
# - {name: kron_radius, unit: pix, datatype: float64}
# - {name: gini, datatype: float64}
# - {name: equivalent_radius, unit: pix, datatype: float64}
# - {name: kron4_2_flux, datatype: float64}
# - {name: kron4_2_fluxerr, datatype: float64}
# - {name: radius_kron20, unit: pix, datatype: float64}
# - {name: radius_kron50, unit: pix, datatype: float64}
# - {name: radius_kron80, unit: pix, datatype: float64}
# - {name: near_border, datatype: bool}
# meta:
#   PHOTMJSR: 2.251199960708618
#   PIXAR_SR: 2.11539874851881e-14
#   __serialized_columns__:
#     area:
#       __class__: astropy.units.quantity.Quantity
#       unit: !astropy.units.Unit {unit: pix2}
#       value: !astropy.table.SerializedColumn {name: area}
#     eccentricity:
#       __class__: astropy.units.quantity.Quantity
#       unit: !astropy.units.Unit {unit: ''}
#       value: !astropy.table.SerializedColumn {name: eccentricity}
#     equivalent_radius:
#       __class__: astropy.units.quantity.Quantity
#       unit: !astropy.units.Unit {unit: pix}
#       value: !astropy.table.SerializedColumn {name: equivalent_radius}
#     kron_radius:
#       __class__: astropy.units.quantity.Quantity
#       unit: &id001 !astropy.units.Unit {unit: pix}
#       value: !astropy.table.SerializedColumn {name: kron_radius}
#     orientation:
#       __class__: astropy.units.quantity.Quantity
#       unit: &id002 !astropy.units.Unit {unit: deg}
#       value: !astropy.table.SerializedColumn {name: orientation}
#     radius_kron20:
#       __class__: astropy.units.quantity.Quantity
#       unit: *id001
#       value: !astropy.table.SerializedColumn {name: radius_kron20}
#     radius_kron50:
#       __class__: astropy.units.quantity.Quantity
#       unit: *id001
#       value: !astropy.table.SerializedColumn {name: radius_kron50}
#     radius_kron80:
#       __class__: astropy.units.quantity.Quantity
#       unit: *id001
#       value: !astropy.table.SerializedColumn {name: radius_kron80}
#     semimajor_sigma:
#       __class__: astropy.units.quantity.Quantity
#       unit: !astropy.units.Unit {unit: pix}
#       value: !astropy.table.SerializedColumn {name: semimajor_sigma}
#     semiminor_sigma:
#       __class__: astropy.units.quantity.Quantity
#       unit: !astropy.units.Unit {unit: pix}
#       value: !astropy.table.SerializedColumn {name: semiminor_sigma}
#     sky_centroid:
#       __class__: astropy.coordinates.sky_coordinate.SkyCoord
#       dec: !astropy.table.SerializedColumn
#         __class__: astropy.coordinates.angles.Latitude
#         unit: *id002
#         value: !astropy.table.SerializedColumn {name: sky_centroid.dec}
#       frame: icrs
#       ra: !astropy.table.SerializedColumn
#         __class__: astropy.coordinates.angles.Longitude
#         unit: *id002
#         value: !astropy.table.SerializedColumn {name: sky_centroid.ra}
#         wrap_angle: !astropy.coordinates.Angle
#           unit: *id002
#           value: 360.0
#       representation_type: spherical
#   astropy version: '5.1'
#   make_catalog parameters:
#     ab_zpt: 31.4
#     coadd_bands: !!python/tuple [f277w, f356w]
#     deblend_contrast: 0.001
#     deblend_nlevels: 32
#     deblend_npixels: 1
#     detect_kernel_fwhm: 4.0
#     detect_kernel_npix: 7
#     detect_npixels: 4
#     detect_threshold_nsigma: 3.0
#     flag_isolated_buffer: 4
#     hst_bands: !!python/tuple [f606w, f814w, f125w, f140w, f160w]
#     jwst_bands: !!python/tuple [f115w, f150w, f200w, f277w, f356w, f410m, f444w]
#     near_border_kernelsize: 21
#     reference_band: f200w
#   make_catalog version: 1.4.0
#   photutils version: 1.5.0
# schema: astropy-2.0
label xcentroid ycentroid sky_centroid.ra sky_centroid.dec bbox_xmin bbox_xmax bbox_ymin bbox_ymax area semimajor_sigma semiminor_sigma orientation eccentricity min_value max_value local_background segment_flux segment_fluxerr kron_flux kron_fluxerr kron_radius gini equivalent_radius kron4_2_flux kron4_2_fluxerr radius_kron20 radius_kron50 radius_kron80 near_border
[from data line 699]
700 2724.157554547957 999.5131018840218 215.0212679756472 52.98637375081937 2720 2728 995 1004 74.0 1.9073504929168414 1.2552285976267488 -67.82401046982815 0.7529299672160997 -0.180702248749998 5.137556748537327 0.0 47.02153318229405 2.9507992 48.96425849185137 3.281585049576936 1.4 0.6407143174699129 4.853342309955121 48.718986118270806 5.126253807935597 0.9298190017787642 1.72811563674009 3.073868157237393 False
701 3100.7733659507007 996.2600806482221 215.01791966852596 52.98396809093495 3100 3102 995 998 8.0 0.7308181347232727 0.7026202906914805 -18.539300659967964 0.2750984589707844 0.2678819189057581 2.3167105924634965 0.0 9.125033912609062 1.0047969 29.783583392694464 3.0350649450337195 2.8418982660806966 0.3167643100741747 1.5957691216057308 42.07649459496028 4.726552598736718 1.1622207649125196 2.178622135702041 3.9012860692323446 False
702 10201.994256544907 1000.4540904498015 214.95416569611683 52.938944761763906 10195 10208 996 1006 123.0 3.0448479188560706 2.1705469541130844 -24.463553849133795 0.7013074797791982 -0.25975187572401326 1.52305251548797 0.0 51.01046059052236 3.8207846 76.74824099248706 7.239199907830149 1.8797105049834955 0.42282103238703217 6.257165172872317 69.47362843438859 11.4577065055796 2.142842629808828 4.486126166883021 8.310607368967027 False
703 2820.4172229109104 999.861013229161 215.02039972079334 52.985765271424434 2818 2822 997 1004 32.0 2.1364896172003824 0.9582905416698095 -67.87241782029874 0.8937652274974505 -0.12693486837576373 0.9006672827622666 0.0 10.257143971227329 1.916283 36.330763258906074 6.649849230496944 3.1755452348107585 0.4066614863089388 3.1915382432114616 39.69320476942286 10.613680166271157 2.46717612235816 5.721642023514851 8.024044910574355 False
704 666.3605856076739 1000.131331618791 215.03975012268901 52.99942360074155 665 667 999 1001 9.0 0.803040859486585 0.659873097896843 -83.70844470673433 0.569894369229218 0.060807651257239075 0.5515867149520557 0.0 2.8747585704707275 0.9976008 10.066796654478686 3.198907670697052 3.0129480993491815 0.3339551057549783 1.692568750643269 13.390188877645723 5.090549653267926 1.264736675380674 2.449526247290013 4.030002851752152 False
705 3598.2379965946147 1001.7062456908461 215.0133949058553 52.980843031186936 3596 3600 1000 1003 13.0 1.1171287934513117 0.8273678405284461 13.54347063191338 0.6719241997900341 0.28191500450396034 0.7297580371421452 0.0 6.289857189082558 1.3318918 43.7300669185046 5.2666471052371975 3.5055542584622352 0.19865154812768848 2.0342144725641096 65.06217200470503 8.374406569087196 2.3477560686362864 4.66393900720644 6.387434146446996 False
706 7610.264114960384 1006.2447205413328 214.9773415214687 52.955420453312364 7606 7615 1000 1011 90.0 2.8704603043935824 1.9288783119946649 60.40323019261769 0.740573594395935 -0.01731922883896352 2.1241102593860393 0.0 61.44666622169541 2.8830283 102.88663481324298 7.110146430908864 2.305899176934148 0.3343781245717011 5.352372348458314 126.0323558672853 11.284527004171217 2.4781032400688803 4.678457063631317 8.566171982956458 False
707 7431.031499399575 1004.5891757920983 214.97896656166316 52.95654856190083 7427 7435 1001 1008 58.0 2.093600495941417 1.4008758475536454 -22.001280812366065 0.7431518449788148 -0.06612495925008721 1.6256831497089959 0.0 27.153817921448972 2.297923 44.721153156755065 5.074039829502881 2.2393090298977496 0.4059719610234798 4.296739856991561 44.701418564402346 8.003511980351972 1.6365721785940226 3.4602357146683236 6.268350831034892 False
708 8530.218296646472 1004.530498580417 214.96910947832748 52.949574645436016 8528 8533 1002 1007 28.0 1.688290160791116 1.3168571365148845 -63.44618367738051 0.6257862978879134 -0.2789227523374141 0.7618024291449854 0.0 12.902408590913353 1.8209205 54.91143417221172 6.434230909064094 3.0326204374440735 0.24331248634599734 2.985410660720923 106.29796235920637 10.377882482527596 2.7201873100176006 5.203365066683538 8.938091870065234 False
709 10047.205089713361 1008.3076591110238 214.9554703065373 52.939969440177194 10042 10053 1002 1014 116.0 2.467991214438844 2.3641592201043307 59.61696667277049 0.28700681660573163 0.0006157615334497369 3.798958145041907 0.0 109.04146941309352 3.7332766 159.47155545746398 7.774104945385164 2.1630169404324042 0.3932128669624659 6.076507779746499 194.50688031914146 12.280245205345542 1.9774112544305054 4.21456113926171 7.7992534696615055 False
710 4149.030931424603 1011.0513539869588 215.00835093326768 52.97740068410595 4142 4156 1003 1019 191.0 3.5465507568237555 3.0324517396653943 39.8605025763644 0.518557873473226 -0.13152100033065142 1.772641970643811 0.0 99.24050750422838 4.5462346 175.94340696071117 11.58445143062992 2.439700288365418 0.35869982364204084 7.797255174810172 234.57985781635017 18.496043636222357 3.3556505986427103 6.769741157303209 13.108168447981061 False
711 2493.6174180855633 1012.9472528650674 215.02319725233838 52.987908171339136 2487 2500 1004 1021 180.0 4.621076483694873 2.8530353615084367 -56.321012534572525 0.7866523068749666 -0.11612940909106055 1.029142308829949 0.0 60.36262059973201 5.4735875 152.29501203828391 16.70680036452528 2.5269719251151512 0.35096120490490507 7.569397566060481 195.98834141969238 26.725646782526976 5.142117205365797 9.653388737498926 15.754036859950308 False
712 8180.61178020556 1007.2019819682763 214.97221633539732 52.95180718602426 8177 8185 1004 1011 56.0 1.9870808179572144 1.7524861560436282 9.100227555141272 0.47136158956460755 -0.5170050831392686 2.1101262152590006 0.0 28.53566251059351 7.629993 47.89968286000381 15.5706623846631 2.297801665758283 0.4740536343285226 4.222008245644752 80.88567305131917 24.11120802474054 1.664936125123141 3.418896013577901 7.746918137863998 False
713 1293.9545432903346 1009.1767313211799 215.03401492995965 52.99549386007713 1292 1297 1007 1012 26.0 1.292201535969588 1.0776544189913941 -7.651327645141706 0.5518131723020266 -0.09123154442773983 1.2091189401056264 0.0 10.939514608569436 1.6740577 22.95561069428699 4.5873084337071806 2.674328605189719 0.38174389235437306 2.876813695875796 24.660948476150544 7.346266646081024 1.3048859322442758 3.07927518312304 4.916040418220611 False
714 6426.457844907066 1008.9877584572711 214.98793220615818 52.96294495704147 6424 6429 1007 1011 25.0 1.4165868405399462 0.8206607990631621 40.192379000066104 0.8150983392551098 -0.1178111406807357 0.8964431349084656 0.0 7.4502279409299845 1.5692412 10.904697002391293 2.588384787668057 1.7642226544940096 0.4454155102811935 2.8209479177387813 10.759387448777034 4.043491675715669 1.0494545068488428 1.914903840513884 3.974200271736571 False
715 8518.553156449445 1009.0628461605559 214.9691663494399 52.949673143831795 8516 8521 1008 1011 18.0 1.304128859153139 0.8627849231073459 7.330763174810989 0.7498750299752341 0.3512983504614938 1.5241403571059522 0.0 14.32672455828656 1.4612248 39.18318850484072 4.374516532016057 2.837510207286677 0.2545355423471565 2.393653682408596 71.55479055020407 6.835606786580216 1.5086395394122505 3.2158307129099875 5.6163982935754895 False
716 3586.8426877349343 1021.1587372533683 215.01329234998727 52.981020463147374 3578 3596 1010 1034 352.0 5.406048066099381 3.225678733106141 75.82679324293966 0.8024795480540069 -0.253093184964814 3.260806776266395 0.0 238.39495952883348 6.71457 363.61370502368936 14.691088815065687 2.287387962800651 0.4722128268090259 10.585134856802455 431.2152397317252 23.52880377797943 3.8846952740017464 7.719826527743322 16.50858288394532 False
717 9959.905061255868 1014.1589397233278 214.95619115253746 52.94055502592367 9958 9963 1012 1017 28.0 1.6019388664019845 0.9083919876201776 -45.747450415969205 0.823677977235136 -0.46878990886678895 0.5385965982777053 0.0 6.203611256842369 1.701744 7.1907806775140815 2.503094777080636 1.4587838994188878 0.3905092066829638 2.985410660720923 7.910028748562957 4.0480583704011215 1.1405966082726406 1.770263944597126 2.4184469732254974 False
718 919.533947941231 1021.1448170987077 215.03725349244272 52.99793228316572 917 922 1015 1027 57.0 3.5878010393567425 1.2002481172116644 81.29168735475298 0.9423830199671639 -0.18624604962333144 0.8799034831363474 0.0 16.017542467537726 2.529384 29.97383148111259 5.8563690853124495 1.9149197738754211 0.44130645300277127 4.259537945889915 26.39351391757237 9.345059286505673 2.902017015616286 5.052287271353969 nan False
719 7464.346244668892 1030.025048505861 214.97839988151586 52.95647465610733 7450 7479 1015 1045 710.0 6.239332613994934 5.666966107822811 -34.10669740460989 0.4183958372785438 -0.2019237431758992 3.6540680364890332 0.0 500.2839329955355 8.51232 609.9193273280919 14.084463175730956 1.7242139562118532 0.4292354403078504 15.033297016639143 632.0278943299189 22.173456039295544 4.163875324780979 8.70326453142424 14.458458724284982 False
720 2283.567338536841 1017.4559228232886 215.0250366125257 52.98926437903786 2283 2285 1016 1018 6.0 0.6638987150640624 0.62262943480215 -40.56977106351612 0.3470733485987051 -0.03913088681877971 0.43947771194694507 0.0 1.3628618393229193 1.1549492 7.474307282011015 5.180487674732427 3.959689112091013 0.4543856786719433 1.381976597885342 1.6854528017422519 8.270019172802407 1.4757471063787235 3.1319593127531684 3.94777711471841 False
721 2111.635101621397 1023.1231505937532 215.02652144795871 52.990385143659445 2107 2116 1018 1028 85.0 2.213984338173789 1.647431810690975 -50.18874847750103 0.6680652014894533 -0.18299427014174635 3.643399143608017 0.0 70.43803904773938 3.18748 81.88477476974724 4.844494699102853 1.7068742414804248 0.49152705478853004 5.201570947860099 86.43224665225488 7.590620430303533 1.3297958730523252 2.611022096339631 4.604029696341063 False
722 10290.44059174127 1022.0737595237488 214.9531453721288 52.938500266414145 10290 10291 1018 1025 14.0 2.3315555933267147 0.4727094758741923 86.18995332313837 0.9792317251633547 -0.04682088607060004 0.6763716120143047 0.0 5.297481859629776 1.3424742 88.88074401031452 6.521850546789901 3.9759577823769954 0.31826825203714093 2.111004122822376 193.74137577592768 10.527426741566607 4.041094435841862 6.59674742340982 8.536290117518195 False
723 6303.561751985466 1020.0727861806454 214.98891814096146 52.96378442295013 6302 6305 1019 1021 10.0 1.1683156230871672 0.6079665920130995 -9.269173321729362 0.8539355857674139 0.04946714329954798 0.4632465854244292 0.0 2.083521573672719 1.0014868 12.827345054637457 4.112656132579426 3.4324858117545975 0.3600543207031514 1.7841241161527712 26.113487488485767 6.618926955489761 1.9272873302236455 3.647796529081943 5.373197430563551 False
724 2316.9958595891817 1028.801266503056 215.02461682060476 52.98911377694105 2306 2328 1021 1036 274.0 5.049714166708977 3.0123065223288505 19.52496460299325 0.8025907012740202 -0.4777726874082008 1.9965711564518218 0.0 146.87223292629716 8.074278 278.0100152381651 25.383885139118693 2.482192278432206 0.38918330838204795 9.338999347593866 315.6930422321808 inf 3.975375473191565 9.115801617061637 15.912529135325101 False
725 9368.50009091525 1023.2469653311338 214.9613966649405 52.944356866036536 9366 9371 1021 1026 32.0 1.3925153021169943 1.1669449870929112 35.88946976242324 0.5456513005047917 -0.13587031135663064 1.351673880033077 0.0 12.540149089268287 1.9405564 21.766003726412993 3.999033410292541 2.1219958237475107 0.43527413457753716 3.1915382432114616 26.310803439463474 6.389056395792986 1.232192116614614 2.6427134901701987 4.21915992306235 False
726 514.517044204047 1024.8784940497976 215.04085415030372 53.00052003590391 512 517 1023 1027 25.0 1.3419525980777016 1.0929358165638996 -18.83510904436087 0.5802520239816611 -0.0028016549313142776 1.4671677456873045 0.0 15.232209684637388 1.705642 21.158709519796233 2.9508437902930416 1.6850984249462109 0.3180811450324643 2.8209479177387813 20.328635597210024 4.635123704129604 1.0819902985893357 2.0516964227540613 3.2523450196123993 False
727 2355.9733727769058 1030.4632253751038 215.02424918064037 52.98887562714689 2348 2365 1023 1039 237.0 4.034220048571715 3.089788585073136 30.782108583638976 0.6429657789427778 -0.49202062050707035 2.5878860876872047 0.0 115.28147107024904 11.901124 157.0951080881469 inf 2.1928515807565985 0.476834619312797 8.685588237163813 276.6279764981887 inf 2.4559066134692134 5.678686512536567 11.16942688758095 False
728 6662.069829396314 1025.9542783629863 214.98563963113835 52.96154207592175 6658 6666 1023 1029 49.0 2.0247898440636187 1.476262581064094 24.11344307177878 0.6844133340682343 -0.11494149941642584 0.7721093197131658 0.0 12.239575175356954 2.1425307 30.48887478219909 6.422781861013202 2.7892354504162764 0.3469834408490917 3.949327084834294 48.11871962137624 10.228533104222487 2.2685520884870285 5.106322800057131 8.935683318650774 False
729 6906.217830021073 1025.6269807712636 214.98345275111657 52.95999154733817 6903 6909 1023 1028 32.0 1.506276065456662 1.3340888717028212 36.82689695746683 0.46428314776716245 0.11157145201844748 1.0803243412316152 0.0 17.586893742771483 1.6780782 29.458953345584707 4.226366851168218 2.2135862470506704 0.2465650829383034 3.1915382432114616 37.20984938387838 6.710878815386779 1.5139965212611306 2.737972186414365 4.398584395758566 False
730 7822.084632616849 1031.3570394218843 214.97517728076687 52.95421231898626 7814 7830 1023 1039 201.0 4.5315135856112 1.9912260003491387 42.79751630393066 0.8982829913664454 -0.14218133839190125 10.490761132005632 0.0 270.7445124956753 4.3392406 310.07677776016124 6.948692752204472 1.7688594689587673 0.5306991904928803 7.998767850296815 340.4932850965789 11.021532503950002 2.9752541752158144 4.80347285688876 7.396915465376137 False
731 8498.969258835745 1030.2270686197814 214.96911908620777 52.94991174025987 8488 8507 1023 1036 179.0 5.064347125437587 2.4007551849660684 -28.434171262456875 0.8804977738529972 -0.12540867813413595 1.7175329332399925 0.0 128.9437287074815 4.430466 218.4371172446073 11.967770277253054 2.3927509856220452 0.32752632753789446 7.54834217738561 297.08932739365605 19.013549451760007 3.8023752426835165 7.287135658965355 14.517751486718122 False
732 8920.450330928144 1031.209604883742 214.96532963402834 52.94724281741422 8914 8926 1023 1040 139.0 5.049945918395986 1.8854550047150824 -58.61811349446572 0.9276859631661218 -0.2680704453307716 1.1197624125483567 0.0 49.78350928848312 3.939868 132.9204018933384 12.325016065529486 2.712313585956852 0.35747753338358257 6.651697090182843 165.1597817235885 19.73974811220785 4.497703209613496 9.776839334102183 17.37804333387161 False
733 8592.422775573963 1025.3302367879726 214.96833268369565 52.949292347455 8591 8593 1024 1026 7.0 0.7600073415887552 0.4819714444770273 43.10244568178082 0.7731962462773756 -0.13390929168913587 0.4766410412336044 0.0 1.4404394113911838 0.8594888 12.150508574809471 2.97596869237931 3.5191835316220925 0.41336291161092187 1.4927053303604616 24.419593814076553 4.748986413670452 1.8789744765670437 3.424763949118555 4.525968208696423 False
734 1871.732342688649 1026.5028652383494 215.02864111037775 52.99192446589599 1870 1873 1025 1027 9.0 0.9764406223544031 0.6800497911074975 -4.396577089941772 0.7175976485963944 0.26048691526470213 1.1956179652520156 0.0 6.080786796809219 1.0242467 23.198648406133067 3.610262544657467 3.048341505795228 0.2570984582431777 1.692568750643269 25.208535013120375 5.703390238252116 1.4323315685909763 2.875647654645546 4.972449047027828 False
