outputs/dr0.5_c0.1/nircam6_matched_f277w_f444w_dr0.5_c0.1.ecsv
# %ECSV 1.0
# ---
# datatype:
# - {name: label, datatype: int64}
# - {name: xcentroid, datatype: float64}
# - {name: ycentroid, datatype: float64}
# - {name: sky_centroid.ra, unit: deg, datatype: float64}
# - {name: sky_centroid.dec, unit: deg, datatype: float64}
# - {name: bbox_xmin, datatype: int64}
# - {name: bbox_xmax, datatype: int64}
# - {name: bbox_ymin, datatype: int64}
# - {name: bbox_ymax, datatype: int64}
# - {name: area, unit: pix2, datatype: float64}
# - {name: semimajor_sigma, unit: pix, datatype: float64}
# - {name: semiminor_sigma, unit: pix, datatype: float64}
# - {name: orientation, unit: deg, datatype: float64}
# - {name: eccentricity, datatype: float64}
# - {name: min_value, datatype: float64}
# - {name: max_value, datatype: float64}
# - {name: local_background, datatype: float64}
# - {name: segment_flux, datatype: float64}
# - {name: segment_fluxerr, datatype: float32}
# - {name: kron_flux, datatype: float64}
# - {name: kron_fluxerr, datatype: float64}
# - {name: kron_radius, unit: pix, datatype: float64}
# - {name: gini, datatype: float64}
# - {name: equivalent_radius, unit: pix, datatype: float64}
# - {name: kron4_2_flux, datatype: float64}
# - {name: kron4_2_fluxerr, datatype: float64}
# - {name: kron4_2_mag, datatype: float64}
# meta:
#   PHOTMJSR: 0.3925000131130219
#   PIXAR_SR: 2.11539874851881e-14
#   __serialized_columns__:
#     area:
#       __class__: astropy.units.quantity.Quantity
#       unit: !astropy.units.Unit {unit: pix2}
#       value: !astropy.table.SerializedColumn {name: area}
#     eccentricity:
#       __class__: astropy.units.quantity.Quantity
#       unit: !astropy.units.Unit {unit: ''}
#       value: !astropy.table.SerializedColumn {name: eccentricity}
#     equivalent_radius:
#       __class__: astropy.units.quantity.Quantity
#       unit: !astropy.units.Unit {unit: pix}
#       value: !astropy.table.SerializedColumn {name: equivalent_radius}
#     kron_radius:
#       __class__: astropy.units.quantity.Quantity
#       unit: !astropy.units.Unit {unit: pix}
#       value: !astropy.table.SerializedColumn {name: kron_radius}
#     orientation:
#       __class__: astropy.units.quantity.Quantity
#       unit: &id001 !astropy.units.Unit {unit: deg}
#       value: !astropy.table.SerializedColumn {name: orientation}
#     semimajor_sigma:
#       __class__: astropy.units.quantity.Quantity
#       unit: !astropy.units.Unit {unit: pix}
#       value: !astropy.table.SerializedColumn {name: semimajor_sigma}
#     semiminor_sigma:
#       __class__: astropy.units.quantity.Quantity
#       unit: !astropy.units.Unit {unit: pix}
#       value: !astropy.table.SerializedColumn {name: semiminor_sigma}
#     sky_centroid:
#       __class__: astropy.coordinates.sky_coordinate.SkyCoord
#       dec: !astropy.table.SerializedColumn
#         __class__: astropy.coordinates.angles.Latitude
#         unit: *id001
#         value: !astropy.table.SerializedColumn {name: sky_centroid.dec}
#       frame: icrs
#       ra: !astropy.table.SerializedColumn
#         __class__: astropy.coordinates.angles.Longitude
#         unit: *id001
#         value: !astropy.table.SerializedColumn {name: sky_centroid.ra}
#         wrap_angle: !astropy.coordinates.Angle
#           unit: *id001
#           value: 360.0
#       representation_type: spherical
#   astropy version: '5.1'
#   kernelfile: kernel_f277w_f444w.fits
#   make_catalog parameters:
#     ab_zpt: 31.4
#     coadd_bands: !!python/tuple [f277w, f356w]
#     deblend_contrast: 0.001
#     deblend_nlevels: 32
#     deblend_npixels: 1
#     detect_kernel_fwhm: 4.0
#     detect_kernel_npix: 7
#     detect_npixels: 4
#     detect_threshold_nsigma: 3.0
#     flag_isolated_buffer: 4
#     hst_bands: !!python/tuple [f606w, f814w, f125w, f140w, f160w]
#     jwst_bands: !!python/tuple [f115w, f150w, f200w, f277w, f356w, f410m, f444w]
#     near_border_kernelsize: 21
#     reference_band: f200w
#   make_catalog version: 1.4.0
#   photutils version: 1.5.0
# schema: astropy-2.0
label xcentroid ycentroid sky_centroid.ra sky_centroid.dec bbox_xmin bbox_xmax bbox_ymin bbox_ymax area semimajor_sigma semiminor_sigma orientation eccentricity min_value max_value local_background segment_flux segment_fluxerr kron_flux kron_fluxerr kron_radius gini equivalent_radius kron4_2_flux kron4_2_fluxerr kron4_2_mag
[from data line 2220]
2221 3443.0289877736454 2723.1911519922437 214.8680597643888 52.84564314071285 3439 3447 2719 2727 62.0 2.1797376324292155 1.8540142151911643 35.49530760304276 0.5258657159014521 0.21307042471208013 0.638359015912101 0.0 23.759052963265376 1.2537977 55.85335984586294 4.168108569383883 2.7151493057522487 0.1837075823829647 4.442433223290478 76.06656284617065 6.633225523926234 26.697015518474668
2222 8677.658612760137 2740.846451516577 214.8211618917406 52.81247697725468 8653 8705 2720 2767 1659.0 6.38286633781697 5.877041794004923 8.486077682641367 0.39014658256911866 0.16450719635857147 56.28787183876734 0.0 5153.2810102724015 9.208093 5086.937187082658 8.762180379288072 1.4 0.7206914306016156 22.979906465843346 5466.769727167219 12.8652760283703 22.055673047997843
2223 1467.569979851322 2726.2355175956573 214.88567472220132 52.85820703963413 1463 1472 2722 2731 71.0 2.087580803574328 2.0698107028014037 -77.07131752238516 0.13020033837850817 0.20427154083906246 0.928721148208686 0.0 32.84821691552757 1.3558962 117.91561398249121 4.534477701406349 3.097120186980065 0.2469781080768732 4.753945931439391 243.36732730590492 7.2731502784671465 25.43434431837915
2224 2815.2992479372656 2722.8940166487 214.87366935951266 52.84962895734429 2814 2817 2722 2724 11.0 1.0523441435363468 0.7659294568387893 -14.782275242499844 0.685755769327483 0.30501170933065136 0.4155051483530254 0.0 4.048308240956715 0.51234716 20.670038608521107 2.134411306088843 3.2857223604291117 0.05766925667338303 1.8712051592547776 23.62727112314454 3.3784517233028923 27.966466087857
2225 287.6343627750272 2732.9264678290033 214.89614968932466 52.86573646455631 276 301 2724 2743 362.0 5.094495338940335 3.043984014579275 25.285534649052117 0.8018655394235551 0.18837679468475996 4.736262089788343 0.0 395.9865419332352 3.001206 443.6913482682679 4.5547451955903515 1.6799377412973167 0.475081879686867 10.734438914006276 477.7289354157865 7.261435486855285 24.702046133180396
2226 2495.8143906838177 2725.513953082729 214.87649562687886 52.851672397431805 2494 2498 2724 2727 15.0 1.117022247602514 0.9952268631443467 -13.18014673995431 0.45407350349628967 0.21462331937678591 0.32063701170511977 0.0 4.114054854773994 0.6302057 22.483390763390958 2.3386267197055393 3.200470375441869 0.06619771124237667 2.1850968611841584 45.08393672259429 3.759634935220806 27.264945421102755
2227 6358.040030022662 2727.95835829826 214.84198814849302 52.82714885761346 6355 6361 2724 2732 46.0 2.275775995409173 1.4054034481201636 61.052680578150614 0.7865323214056856 0.22164891868124423 0.47548462130995306 0.0 15.026458301672351 1.1493554 59.5707544121387 4.16179105467935 3.1303620221923696 0.12706272360735124 3.826519928662906 83.1464673617862 6.623579190836997 26.60039049473034
2228 10255.750378357308 2729.7778701731954 214.80720990855767 52.80238637962606 10250 10262 2725 2735 112.0 2.77089561712999 2.2456515808895148 -29.610323174733757 0.5858181872538872 0.16487367178130705 1.333027360985374 0.0 63.4188811340902 2.0444865 93.41222580375982 4.3812701605750295 2.124755327649535 0.3068032534374973 5.970821321441846 104.64049009775528 6.92510941021496 26.350750587346624
2229 3413.755449716578 2736.179066822469 214.86818458966667 52.84589914923402 3403 3425 2727 2745 283.0 5.363568823725506 2.6312543035090985 -36.82119536147613 0.8713967129311994 0.1760087324371381 2.3122066587087087 0.0 218.20592609857357 2.8881688 270.5435698138843 5.142349532376201 1.8546375941105337 0.38464819777396175 9.491137855389772 289.8856246167761 8.212422335481143 25.244433301767778
2230 1527.0487959487739 2735.8352191147414 214.8850422677709 52.85788108020014 1522 1531 2730 2741 85.0 3.082746179971868 2.088597469028497 -55.137401424648274 0.7355117379114877 0.18444236145849816 0.39716292078128607 0.0 23.338050921387218 1.4644328 184.53875822164213 6.464137071873309 3.5249232024445307 0.11719517658443514 5.201570947860099 378.4375917825319 10.240846076795512 24.95501432461832
2231 3890.3603432998293 2741.4600416637063 214.86387297813656 52.84290000412339 3879 3900 2730 2754 386.0 4.7755625080383695 4.299945132764537 34.4562624803845 0.43505061342106727 0.2296895351824167 2.940401330119148 0.0 319.89973694402033 3.306272 403.76193724094014 6.38858326553071 1.9173729066457865 0.3792838512023544 11.084566571000565 463.1926004322287 10.042939434953015 24.735595967853534
2232 1452.2537445815412 2740.8501390154843 214.88565785793924 52.858383163156844 1436 1469 2731 2751 530.0 5.736681268136722 3.901997401292372 1.8310313301980023 0.7330416499747658 0.19589977681222479 4.5755487264141586 0.0 506.3835627379703 3.656172 628.198141644052 6.541379926399379 1.9690991716719666 0.47399455916493477 12.988619621707652 764.3174436423637 10.518911035495169 24.191815571529602
2233 6216.292591487194 2752.929106490309 214.84299036737687 52.82818418622834 6198 6237 2732 2776 1336.0 6.645413137483953 5.033156251613516 -79.7557303750071 0.652965081606973 0.17834484357166974 37.44242318095486 0.0 3214.984204127135 6.601084 3199.841316370903 6.498482459096128 1.4 0.689230521464993 20.62188177498708 3435.8434141079174 10.00564610899614 22.559916592557805
2234 6707.201408851058 2736.826968948271 214.8387795060175 52.8249779540535 6706 6709 2735 2739 13.0 1.16937988010186 0.8489566602554788 -79.3351269429003 0.6877065555396585 0.22299732358860727 0.30656248030101935 0.0 3.593175551898563 0.632569 16.846606086266846 2.542131583453018 3.268592019263124 0.042281386584702575 2.0342144725641096 14.42949745173341 4.061816670884899 28.501871985457477
2235 10151.967897928158 2736.0181014814907 214.8080692940777 52.80307973599936 10151 10153 2735 2737 7.0 0.9190212845077803 0.5338250521459995 -44.8967802496014 0.8140016531183076 0.24084027144293566 0.275592972135235 0.0 1.8225684223654963 0.47121093 17.21948890595651 2.09339159779977 3.660031294617553 0.031032396691177404 1.4927053303604616 27.289711790051154 3.3875621488625645 27.810002627356162
2236 1580.8717177147978 2741.206016298455 214.88450484244487 52.857568222934376 1576 1587 2737 2745 72.0 2.697804372182259 1.9313306517627904 -31.935804830883097 0.6982132797371623 0.20930945325397826 0.4344020196461797 0.0 21.994057506433094 1.3593826 131.41444265996765 5.545974811191546 3.394025932098875 0.12262116808932075 4.787307364817192 260.84972575133673 8.72501359415279 25.35902403886009
2237 1112.39655236374 2745.2965244120437 214.8886481059044 52.860565553110064 1101 1124 2739 2752 231.0 5.122431179246297 2.314692356086806 16.23300525231248 0.8920818819297117 0.1420170536774363 2.6640035901779484 0.0 173.1702875334476 2.3896072 228.90542795928454 4.656038578398232 1.9483761494361487 0.3801586727256491 8.574939283076915 253.73147524130505 7.456009363837857 25.38906413864914
2238 3774.977843236462 2742.0455263318686 214.86489712804357 52.843636142406645 3773 3777 2740 2744 18.0 1.4210860528464657 0.9290767638527221 45.455516573884346 0.7566852168595587 0.23427883789108742 0.42398882991118414 0.0 6.221082173059858 0.6602298 32.91439393921158 2.6238244160957676 3.3080460696712177 0.0950216649659909 2.393653682408596 44.985944293087464 4.245727668010891 27.267307897199892
2239 3802.022753731245 2748.698624723252 214.86458565254597 52.84350022023881 3795 3809 2741 2757 188.0 3.0297973887054295 2.7146614084186775 -85.98580542487414 0.44407872556103517 0.13708712055426725 2.9382225098236305 0.0 148.26486753928532 2.1932495 179.36592460185636 3.705166540865885 1.8135638563401253 0.4554110989373627 7.735777827895049 198.86218393575578 6.100301918630122 25.65361948851213
2240 7220.39945555248 2746.5998151488834 214.83409832563748 52.82176941301333 7218 7223 2743 2750 38.0 2.016554907302508 1.357060251849895 -78.28314383518283 0.7396791181718662 0.30673537919408145 0.5738463609534609 0.0 16.534674216385213 1.3246889 49.61283350753625 3.965909289657844 2.8217743193758937 0.10372049732336629 3.477898169151024 76.99396628605643 6.244916012189162 26.683858268605935
2241 10204.596555705963 2747.829289671846 214.80747602466462 52.802808826344624 10197 10212 2743 2753 140.0 3.877439647002364 2.421089371589757 -6.574606331236044 0.781101445943732 0.17499834421471386 0.7108498145632375 0.0 62.314460319408944 2.1331222 101.31267446807504 5.199344621859455 2.0787079967250546 0.17660855561943883 6.6755811781245455 112.00353206535473 8.606333406484067 26.27692070376414
2242 4011.3979393619747 2749.646690772146 214.86270610699296 52.842175242024155 4008 4015 2746 2753 48.0 2.103569629480272 1.7132772481480045 54.823360013090046 0.5802170860345499 0.20849975736653342 0.4494616306813697 0.0 15.724565308233188 1.2934223 97.5353136203305 4.648696160113639 3.437123013728463 0.11636389970919714 3.9088200952233594 150.42263569266188 7.370548839584275 25.956717014801
2243 2278.701698138082 2749.6363357415676 214.87818142961626 52.85318154840276 2276 2281 2747 2752 24.0 1.3930102581853683 1.2722299546794829 83.83254776688719 0.4072976668730648 0.17991371266145179 0.3611963711814171 0.0 6.632297347405133 0.836442 24.320545687273086 2.910826694268908 2.9915768645185485 0.11724748919012577 2.763953195770684 26.94337285599282 4.459238259083293 27.823870097158306
2244 8378.543678159038 2750.9467768167765 214.82372296099754 52.81443251784626 8376 8381 2748 2754 35.0 1.4309629433374793 1.3757891435954315 74.88696000754794 0.27500468144748547 0.38668913574508335 4.332436807933906 0.0 73.0037199785893 1.440384 74.429255463835 2.078246752758732 1.4 0.303933181080444 3.3377905890622728 65.92517755817624 3.10646968011067 26.852371729587844
2245 1697.0239374588798 2751.881934759451 214.88335470064987 52.85688812121258 1695 1699 2750 2754 22.0 1.330245881054365 1.2266115722375295 -46.57227229705257 0.3869662715150932 0.21375967927420453 0.30123470711614925 0.0 5.7241545117208705 0.7684535 27.928725796882365 2.837970670504316 3.1876926461622315 0.061477457588044966 2.6462837142006137 48.53821449144624 4.551766422850311 27.184790508760443
2246 2913.461603177208 2754.8223862965933 214.87245674714674 52.849177660546694 2908 2920 2750 2760 125.0 2.8755615389104543 2.304679873730487 -20.04770646137416 0.5980333190116901 0.18199953860875082 1.8205864232514908 0.0 81.68090414298557 1.7629625 118.76696313575432 3.9833102038572465 2.1942772512885242 0.3558368313501009 6.3078313050504 149.19873134183422 6.477231532114375 25.96558717428946
2247 8996.548926694371 2758.129808116035 214.81813678416265 52.81054326762022 8985 9005 2750 2765 230.0 4.937376833854631 2.9825125249631217 -15.534051363964805 0.7969325967069594 0.2072248384665283 1.076669523479824 0.0 121.80545144702343 2.9170964 206.40921473651804 7.761791645469462 2.355847265994432 0.2340773850446983 8.556358677747903 241.0192800504155 12.60001165728733 25.44487053791351
2248 7318.86004964456 2752.1678927328107 214.8331614507871 52.821173719280075 7318 7320 2751 2753 8.0 0.8436228686007838 0.6937322866007504 43.24971773945663 0.5690179062484145 0.35923197024059794 0.45432758656004585 0.0 3.2573264671620263 0.5044216 38.255260621924975 2.3680013315848463 3.7537188305983666 0.04805578163585598 1.5957691216057308 73.71362164129371 3.7347849707193377 26.73113062712917
2249 2934.715487175048 2756.384250327311 214.87225048256553 52.849051080393586 2933 2937 2753 2759 28.0 1.6650756763418633 1.2223359057962617 84.67507668626463 0.6790388749036339 0.26579764548930995 0.47632902593802523 0.0 10.396771817389988 0.79699427 28.171603436046322 2.776039514360478 2.681707603762767 0.10115632954202063 2.985410660720923 40.902313464832986 4.509392402555016 27.37063031820924
2250 6307.954552490689 2767.6744798217237 214.84201738260447 52.827681241683514 6302 6314 2753 2784 313.0 6.397333815475049 2.826726688868484 -87.51461797767134 0.897083961593773 0.1964463605511363 1.3011348138251373 0.0 170.71957621586986 2.917322 254.5837056655689 6.652322390724894 2.098550839918904 0.28298447885368455 9.981532666656284 269.91765123814895 10.731571466906434 25.32192178467514
2251 9811.573115900595 2756.5294103906563 214.81088771042647 52.80535406027418 9809 9815 2753 2760 42.0 1.8883707768801394 1.5125917453687112 66.50138582447072 0.5986595618570831 0.2522707899727259 0.6865811263903071 0.0 19.514729332318474 1.3520488 49.26195045022823 4.069844879704955 2.7519531122572145 0.15048020263373352 3.656366395715726 61.89742102034906 6.450452675712864 26.920818614120318
2252 886.2132012781859 2754.4008071291382 214.89057371653675 52.86205110295779 885 887 2754 2755 5.0 0.7616010440364135 0.4516522464174887 18.067749277564882 0.8051803843731713 0.24363802174937205 0.26714286849743824 0.0 1.2955381597359024 0.33126906 9.943552381777783 1.4395134921949202 3.681080477907428 0.022443938724696202 1.2615662610100802 11.189905041828101 2.327382912048515 28.77793399725934
2253 7309.7218689920555 2757.0415182222464 214.83319171525187 52.82125806396817 7307 7313 2755 2759 19.0 1.7767800673910756 0.9451756826137605 -27.149842368567278 0.8467695692032927 0.2958690380180762 0.3992099177877844 0.0 6.915161311679858 0.8088352 110.75097278950105 4.168551075976329 3.8445262837787664 0.04385890214488247 2.4592453796829674 215.33100587420762 6.556099187301708 25.567233577199808
2254 7629.172766755715 2757.7213289239385 214.83033506467902 52.81923159810638 7627 7632 2755 2760 26.0 1.8701267623162545 1.1047215416996476 36.007779639192194 0.8068765190084122 0.20518638903731423 0.4179523775605566 0.0 8.820922935481006 0.9119483 117.15632343826942 inf 3.7254350036239776 0.10507069285725411 2.876813695875796 262.49939895038733 inf 25.352179216672003
2255 2961.9276279779247 2767.0618261304567 214.87189512190915 52.848935823510715 2953 2971 2756 2778 355.0 4.580792532074555 3.5831578638011856 88.53480129070235 0.6230104370911391 0.1832399544483459 3.149299920717513 0.0 329.90692130181634 3.0826468 382.25821249136845 4.975828326284147 1.727142106159419 0.42499540717674267 10.630146264057032 415.89437827396057 7.94845515520867 24.852542375098114
2256 1308.5407308369445 2760.041954754922 214.8867401903491 52.859399426825554 1306 1312 2757 2763 35.0 1.8479456488958157 1.4229831285516066 -39.7390129914443 0.6380014483417015 0.21223366189639664 0.3318842908392598 0.0 9.220537893136283 0.9015575 55.868119635643446 4.135296577536101 3.380080529420762 0.07718452719475012 3.3377905890622728 82.02593346770118 6.495530164745452 26.615122046439975
2257 1700.0732331017782 2763.5851580488056 214.88320435376968 52.8569318941782 1694 1707 2757 2770 161.0 2.987469724856862 2.8982556186714166 34.01738685606017 0.2425566844419366 0.17349925565856406 1.3552147474880443 0.0 85.03531632221521 2.0625105 149.8728899169098 5.176880137602661 2.4745771092842057 0.32822263259880796 7.158763278359629 168.59326712216415 8.240820838463868 25.832899432968546
2258 8968.396141822397 2765.1164244949073 214.81831432837046 52.8107598619611 8962 8975 2757 2775 188.0 3.6828240514685833 2.633639750188053 70.71629156395521 0.6990076471063942 0.16732502095308416 2.1298987844623185 0.0 138.72674967441884 2.832921 183.1276559414428 5.384316813414218 1.9715570703778456 0.36454543354413843 7.735777827895049 212.63518752872204 8.509464581234337 25.580912163677496
2259 7709.163388838797 2760.730624045474 214.82958994437686 52.81873946307833 7708 7711 2759 2762 11.0 0.9937171649454785 0.8551694837106745 -49.16749877664043 0.5093214682277464 0.2692871460727107 0.3427266390913268 0.0 3.3504987735430776 0.6121979 17.41001819988957 2.5281844632261135 3.2749183374956536 0.04950969322117357 1.8712051592547776 27.136223901496145 4.110648402381512 27.81612646509155
