outputs/dr0.5_c0.1/nircam1_f356w_dr0.5_c0.1.ecsv
# %ECSV 1.0
# ---
# datatype:
# - {name: label, datatype: int64}
# - {name: xcentroid, datatype: float64}
# - {name: ycentroid, datatype: float64}
# - {name: sky_centroid.ra, unit: deg, datatype: float64}
# - {name: sky_centroid.dec, unit: deg, datatype: float64}
# - {name: bbox_xmin, datatype: int64}
# - {name: bbox_xmax, datatype: int64}
# - {name: bbox_ymin, datatype: int64}
# - {name: bbox_ymax, datatype: int64}
# - {name: area, unit: pix2, datatype: float64}
# - {name: semimajor_sigma, unit: pix, datatype: float64}
# - {name: semiminor_sigma, unit: pix, datatype: float64}
# - {name: orientation, unit: deg, datatype: float64}
# - {name: eccentricity, datatype: float64}
# - {name: min_value, datatype: float64}
# - {name: max_value, datatype: float64}
# - {name: local_background, datatype: float64}
# - {name: segment_flux, datatype: float64}
# - {name: segment_fluxerr, datatype: float32}
# - {name: kron_flux, datatype: float64}
# - {name: kron_fluxerr, datatype: float64}
# - {name: kron_radius, unit: pix, datatype: float64}
# - {name: gini, datatype: float64}
# - {name: equivalent_radius, unit: pix, datatype: float64}
# - {name: kron4_2_flux, datatype: float64}
# - {name: kron4_2_fluxerr, datatype: float64}
# - {name: radius_kron20, unit: pix, datatype: float64}
# - {name: radius_kron50, unit: pix, datatype: float64}
# - {name: radius_kron80, unit: pix, datatype: float64}
# - {name: near_border, datatype: bool}
# meta:
#   PHOTMJSR: 0.4047000110149384
#   PIXAR_SR: 2.11539874851881e-14
#   __serialized_columns__:
#     area:
#       __class__: astropy.units.quantity.Quantity
#       unit: !astropy.units.Unit {unit: pix2}
#       value: !astropy.table.SerializedColumn {name: area}
#     eccentricity:
#       __class__: astropy.units.quantity.Quantity
#       unit: !astropy.units.Unit {unit: ''}
#       value: !astropy.table.SerializedColumn {name: eccentricity}
#     equivalent_radius:
#       __class__: astropy.units.quantity.Quantity
#       unit: !astropy.units.Unit {unit: pix}
#       value: !astropy.table.SerializedColumn {name: equivalent_radius}
#     kron_radius:
#       __class__: astropy.units.quantity.Quantity
#       unit: &id001 !astropy.units.Unit {unit: pix}
#       value: !astropy.table.SerializedColumn {name: kron_radius}
#     orientation:
#       __class__: astropy.units.quantity.Quantity
#       unit: &id002 !astropy.units.Unit {unit: deg}
#       value: !astropy.table.SerializedColumn {name: orientation}
#     radius_kron20:
#       __class__: astropy.units.quantity.Quantity
#       unit: *id001
#       value: !astropy.table.SerializedColumn {name: radius_kron20}
#     radius_kron50:
#       __class__: astropy.units.quantity.Quantity
#       unit: *id001
#       value: !astropy.table.SerializedColumn {name: radius_kron50}
#     radius_kron80:
#       __class__: astropy.units.quantity.Quantity
#       unit: *id001
#       value: !astropy.table.SerializedColumn {name: radius_kron80}
#     semimajor_sigma:
#       __class__: astropy.units.quantity.Quantity
#       unit: !astropy.units.Unit {unit: pix}
#       value: !astropy.table.SerializedColumn {name: semimajor_sigma}
#     semiminor_sigma:
#       __class__: astropy.units.quantity.Quantity
#       unit: !astropy.units.Unit {unit: pix}
#       value: !astropy.table.SerializedColumn {name: semiminor_sigma}
#     sky_centroid:
#       __class__: astropy.coordinates.sky_coordinate.SkyCoord
#       dec: !astropy.table.SerializedColumn
#         __class__: astropy.coordinates.angles.Latitude
#         unit: *id002
#         value: !astropy.table.SerializedColumn {name: sky_centroid.dec}
#       frame: icrs
#       ra: !astropy.table.SerializedColumn
#         __class__: astropy.coordinates.angles.Longitude
#         unit: *id002
#         value: !astropy.table.SerializedColumn {name: sky_centroid.ra}
#         wrap_angle: !astropy.coordinates.Angle
#           unit: *id002
#           value: 360.0
#       representation_type: spherical
#   astropy version: '5.1'
#   make_catalog parameters:
#     ab_zpt: 31.4
#     coadd_bands: !!python/tuple [f277w, f356w]
#     deblend_contrast: 0.001
#     deblend_nlevels: 32
#     deblend_npixels: 1
#     detect_kernel_fwhm: 4.0
#     detect_kernel_npix: 7
#     detect_npixels: 4
#     detect_threshold_nsigma: 3.0
#     flag_isolated_buffer: 4
#     hst_bands: !!python/tuple [f606w, f814w, f125w, f140w, f160w]
#     jwst_bands: !!python/tuple [f115w, f150w, f200w, f277w, f356w, f410m, f444w]
#     near_border_kernelsize: 21
#     reference_band: f200w
#   make_catalog version: 1.4.0
#   photutils version: 1.5.0
# schema: astropy-2.0
label xcentroid ycentroid sky_centroid.ra sky_centroid.dec bbox_xmin bbox_xmax bbox_ymin bbox_ymax area semimajor_sigma semiminor_sigma orientation eccentricity min_value max_value local_background segment_flux segment_fluxerr kron_flux kron_fluxerr kron_radius gini equivalent_radius kron4_2_flux kron4_2_fluxerr radius_kron20 radius_kron50 radius_kron80 near_border
[from data line 2438]
2439 6918.937402654397 2964.1528217793 214.96291891240915 52.97038467771205 6914 6924 2957 2971 127.0 3.325775133624914 2.125747388904252 -72.87532358403038 0.7690625560824877 0.09201452473707214 1.0986944868141486 0.0 59.3967639652707 1.1108941 85.80113697353899 2.393490236798468 2.0825726281796344 0.3163453213602657 6.358093703724522 94.69899371484799 3.823663003946565 2.453167588468856 4.617254834207063 8.523483867896747 False
2440 7403.857986441078 2960.7608853321412 214.95860515393437 52.967289380474384 7402 7406 2957 2964 29.0 1.910817641936991 1.1180133028808437 66.36694171348552 0.8109634549850142 0.12721157007330294 0.3594686106161903 0.0 7.299303763175014 0.5833757 51.29037106878216 2.4637867633124477 3.5158067570049094 0.15106705437569193 3.0382538898732494 80.84932266017223 3.9167321084709057 3.644182763997043 7.366523630672174 10.174686863409116 False
2441 6628.308421642434 2960.3280991411093 214.96556630387929 52.97220807182896 6625 6631 2958 2963 31.0 1.5785104191730015 1.3313712543257443 -5.554860155393632 0.5372309186475165 0.1331047842994601 0.5017585128257217 0.0 9.732133715205824 0.54693455 23.672543539870745 1.7350589785877768 2.7475763990739237 0.17414523292069684 3.141274657157109 24.57247747623188 2.785435449910307 1.9388455660879698 3.8042411243025454 6.720041504923194 False
2442 2838.3506370946766 2962.8560193517214 214.99955787768755 52.99626394081896 2837 2840 2961 2965 16.0 1.1974801966045765 0.9487805864256914 52.99838594703943 0.6101132507881633 0.18191857263566072 0.4075869820191806 0.0 5.027070217069351 0.3878453 19.198736932093517 1.4289711681963873 3.0055926240720825 0.14025364140527516 2.256758334191025 23.304737515315814 2.242716439660104 1.9081647400642043 3.6913143970297275 6.23723484545905 False
2443 7430.740878384118 2971.7918414474907 214.95824782389371 52.96717838098376 7421 7439 2964 2979 219.0 3.7734348585611492 2.945332391813874 29.33458893463206 0.6251006930236297 0.0921553273815347 1.8630640338387152 0.0 138.54767993072824 1.6568787 181.13020765953786 3.2281523999370187 2.051490691538471 0.38362492988428937 8.349243383340204 226.70674590759666 5.185657170942793 2.786015796455256 5.17042215759897 9.236455656552097 False
2444 3986.7490372158395 2968.3679887823987 214.98918792271206 52.98900971244728 3983 3990 2965 2972 45.0 1.8569438125045745 1.717976863231152 -7.566017028791022 0.37956853494884335 0.2174546603959743 0.546083572778188 0.0 16.108414889927634 0.741528 42.85439715952148 2.2269694531001827 2.7461018989302355 0.1347643745029728 3.7846987830302403 55.90336314993189 3.6027455472393455 2.5474310838928558 4.772690820246484 9.279911671376388 False
2445 943.819675858522 2974.7989774126404 215.0164512527362 53.00834310292714 937 949 2970 2979 94.0 2.946269196350235 1.9145135526819679 -14.560049407607956 0.7600971546977481 0.0811527400550017 0.7961014810832164 0.0 33.95889179552642 1.156491 55.97587353335231 2.4428336861551183 2.2917884247880544 0.28223662647037845 5.4700209598571305 65.38282593827353 3.824850530556293 2.4422114598126257 4.602588093324245 8.138223019216715 False
2446 4379.905621548242 2974.005638239355 214.98559902346955 52.98654627175393 4376 4384 2971 2977 47.0 1.8275565021971152 1.5710325214114638 -0.8598338244937669 0.5109077584549727 0.13322521426494535 0.7991107696609278 0.0 18.466450040609413 0.76263916 32.532440568976476 1.658871908458811 2.077075316637821 0.25104237394417833 3.8678889139475245 29.995363481209885 2.5883660640346857 1.8012158114013568 3.4601911187931575 5.668292040377995 False
2447 3182.554474398299 2976.8948554606372 214.99631884846576 52.99415671271379 3178 3187 2973 2980 65.0 2.1688984397916866 1.7853291081218354 -12.113130892211519 0.5678237457260344 0.1335037080253218 0.8558328735685208 0.0 26.96721366361202 0.8294501 41.881367823651296 1.9258923428502315 2.1941468103052597 0.2673866724487492 4.54864184146723 42.594258514661334 3.0591846562433753 1.9170759133768782 3.5791778047137273 6.502092233733332 False
2448 1942.3165107866282 2982.9615589667037 215.0073942129086 53.00205533670607 1929 1958 2974 2992 397.0 5.15973954733519 3.12699485257536 8.321307493843493 0.7954361931085808 0.1381874380354768 5.145447699369143 0.0 388.38500937910277 2.1088147 452.75179430361777 3.3153317429155003 1.8265819223171396 0.496533840399769 11.24139781410501 527.6999600499701 5.228388422282707 2.6317515445009625 5.3526133670895755 10.199475318424707 False
2449 9410.47668219307 2980.0175056508842 214.94041047360005 52.95465904151416 9404 9417 2974 2986 135.0 2.8860532183037315 2.5583864309149056 38.07292792220688 0.46279479991248457 0.10310693543389905 1.5048915681817963 0.0 71.43217564114272 1.3331546 112.4752391492748 3.0538514126554244 2.2490278655695506 0.3300280708876602 6.555290583552474 146.8142577175902 4.872007735409891 2.5133582842233446 5.038006382519071 9.434338665070694 False
2450 658.8219847289447 2996.457998923991 215.01878404103692 53.01026737987931 647 672 2975 3020 730.0 9.921101223917061 3.944676617287466 -66.43994128856286 0.9175568054336646 0.09632021067131258 1.6883377606895145 0.0 397.3405585512403 2.7673564 584.9292446605102 6.195385305591906 2.241912508282253 0.34438650946538907 15.243563130520608 731.9504053243423 9.916875383697478 5.500391688368908 11.9226214529133 22.52574269082401 False
2451 683.9738503049813 2977.537135916132 215.01875741710379 53.01000558920884 682 687 2975 2980 25.0 1.6586340340900672 1.0809782076987413 -51.99871404511429 0.7584527940424809 0.1476972512312424 0.37041476209815133 0.0 6.6530677154941955 0.49011114 26.771467654572564 1.7528076443619707 2.9770130569916837 0.11920271517840675 2.8209479177387813 66.59138991003505 2.855012142209002 2.4818033746586226 4.945232463735793 8.666313673520872 False
2452 1903.1178540515828 2980.9885001493185 215.00776713741723 53.00229325876201 1898 1908 2977 2985 73.0 2.3071220230505634 1.9256690877001494 -25.14508396976608 0.5507611955541962 0.13795232284635162 0.789120675310997 0.0 28.4443632111819 0.8957075 55.72115043506378 2.301467527707836 2.4599292900602783 0.2588007677959266 4.820437914901168 64.80571963423905 3.6704776113534994 2.3650708467766957 4.739314007224413 8.114944394624361 False
2453 6825.603277073159 2978.2602590218735 214.96360750438606 52.971053104425536 6825 6826 2977 2979 5.0 0.7156674938246524 0.45466911516700004 -70.92907725623886 0.7722590531569126 0.18355853718878082 0.32427669262353204 0.0 1.2789492206369297 0.21951829 10.071273389525764 0.9142651935495908 3.725750598518853 0.1143402416757172 1.2615662610100802 11.890445711140249 1.4846684981272578 1.6532799468847146 2.9682280786453976 4.213932769874952 False
2454 7135.157232774057 2982.7964830647215 214.96078302013902 52.96911342518163 7130 7141 2978 2987 97.0 2.530120114895469 2.0117754686750393 7.936553087218754 0.6064384682526066 0.051953744720754994 1.4778293463321794 0.0 50.872015963840745 1.0339564 65.42886972653702 1.7375765139104462 1.6934914337356624 0.35520209476534564 5.556622981616415 67.09976541999067 2.788748376803575 1.8770870016121357 3.4643463021195378 5.9543999504508145 False
2455 642.2561441537688 2981.0144017077555 215.01909566999097 53.010288918425935 640 645 2979 2984 29.0 1.6995298164977584 1.215056781551701 -41.98035126565498 0.6991888572867845 0.0957294872243327 0.39239148091859116 0.0 7.859277240443531 0.5343675 37.517650737713275 1.9966561149402973 3.1957464080112716 0.15250880786063695 3.0382538898732494 65.50286712778689 3.278570472593279 3.001194104058352 6.48871240101834 9.415693057125146 False
2456 545.9167447641868 2985.6620875564136 215.0199124670725 53.01092492254888 543 549 2982 2989 50.0 2.0075736739065846 1.6913610996140516 84.70280001276593 0.5387117057141159 0.2139428502093299 0.5478380135946624 0.0 17.934811108243338 0.7395543 49.06047944713709 2.304475047091489 2.772626204520585 0.16972776540870319 3.989422804014327 73.77840172082628 3.6055863332108955 2.6359356036042034 5.198139656944345 9.263620839308171 False
2457 1124.9607587103794 2984.165130891034 215.014724884675 53.0072451003655 1122 1128 2982 2987 26.0 1.5588747232057591 1.188731526910608 25.60566690288965 0.6469205068530356 0.19597478180986344 0.5548628845665708 0.0 9.78190870160205 0.50106627 22.937285676284638 1.5131901005145199 2.565044008389549 0.1462972166046271 2.876813695875796 19.034076733889677 2.4072791484115923 1.7909932398247024 3.2803401505649257 5.673030142861854 False
2458 7271.446252378853 2985.95134757762 214.9595273517072 52.96826566408249 7267 7275 2984 2988 34.0 2.2782324283879034 1.096427999587994 -12.883309251986832 0.8765764862025377 0.07804392769919487 0.4094712591760969 0.0 9.649969945834577 0.6145705 27.941365791201054 2.0125466473266664 2.7579246955519165 0.1518566132817274 3.2897623212397704 28.880135755592 3.2056656703582074 2.5283796545758617 4.487944910405767 7.894532280665529 False
2459 7091.998714559788 2990.240482011188 214.9610917043248 52.96942749079923 7087 7097 2985 2996 99.0 2.5611170391102345 2.2206781517278746 -66.67916835488046 0.4981792576856087 0.10880699334844196 1.0714794868194768 0.0 43.02593738661702 1.0392091 66.77520647437056 2.2989366602724197 2.069207036837294 0.2964929404400187 5.613615477764332 93.26934277227056 3.6141314832841815 2.2441000474667834 4.383759997320193 7.539641324052281 False
2460 7810.905768619612 2989.547261487206 214.9546513256686 52.964861896359686 7805 7816 2985 2993 76.0 3.2180905518891736 1.6101525008751811 -26.292552630179042 0.8658266679415965 0.1498825957504776 0.6612679946177008 0.0 27.143699269893467 0.95236784 51.86350331186747 2.5007736955780366 2.2773739256475714 0.19451212305056573 4.918490759365935 61.124353428901436 3.989138273735613 2.6546477911792192 4.9638637171309155 7.975549164867831 False
2461 554.7089507966508 2990.126428756666 215.01978640331913 53.01089331180774 552 557 2988 2993 31.0 1.6275083777568287 1.3375683382553605 -47.04783709479822 0.5697034261382361 0.11622424845381603 0.43365496588774816 0.0 8.437973698862457 0.57622707 43.17770452306451 2.115524552620386 3.2851033961282083 0.172751899911089 3.141274657157109 62.642923293996745 3.397468162635947 3.2156375008724596 6.042028254839882 9.152285942385374 False
2462 1204.0055837590278 2989.085902264494 215.0139627885661 53.006770462502644 1203 1205 2988 2990 7.0 0.9137085697297261 0.5284147632068572 -43.642291073714716 0.8158109262130749 0.2031299380140043 0.3190253501472897 0.0 1.9040699508961598 0.25502634 14.545042721913529 1.0643003892525957 3.5788193311808327 0.09289079769305927 1.4927053303604616 19.868250484870657 1.7085266159494077 1.8945099721689602 3.399520361539677 4.896807489714035 False
2463 9711.943080921417 2992.4426321301526 214.93757747202196 52.95281273991281 9706 9717 2989 2996 58.0 3.1281354866966478 1.3391513216410813 26.48093129156427 0.9037318975038359 0.16574885491303834 0.5064009476908599 0.0 20.485536822606054 0.8877456 43.275898416673 2.1165206577545357 2.091499994096716 0.13950054354105426 4.296739856991561 40.37916153331441 3.3199843565734364 2.5470052048528125 4.854121426457548 8.236632950319153 False
2464 2357.874001126834 3000.7541443770933 215.00347389882418 52.99951608697754 2350 2366 2992 3008 210.0 4.062713053275062 2.60785180847851 -43.1686018458489 0.7667891231073354 0.15041831380750936 2.2677403923059325 0.0 138.7627765416015 1.4749916 197.2926948275595 3.0881566434143193 2.1645046465476807 0.3871592836475585 8.175883811466258 221.5554331867716 4.900550218054292 2.823610524744448 5.568088120169155 11.285852116044696 False
2465 6979.858523934379 2993.3870824354226 214.9620644283062 52.97015604659169 6978 6982 2992 2995 16.0 1.27808112428504 1.0231260841513872 28.399057865901966 0.5993096116481865 0.18501433688647945 0.3453812567653387 0.0 3.989958459174245 0.41622224 13.255280105919496 1.4916190617034872 2.930747968107181 0.11911586948319713 2.256758334191025 16.211079525058828 2.3410994484374963 1.8655624898621082 3.0785880064615423 5.237840760493416 False
2466 9439.706958502344 2992.879975414006 214.94001295802713 52.95454297897148 9439 9441 2992 2994 7.0 0.8574438880303508 0.5322608335754756 -82.7521493115201 0.7840062242659505 0.02382410118703659 0.17619482733478412 0.0 0.5718263638917851 0.32050765 8.864135418408683 1.432388980858484 4.094193058503575 0.34142196346112297 1.4927053303604616 18.033139362550052 2.2378690025556924 3.3604801333758894 4.613704720722993 5.859744777406119 False
2467 2142.305725509731 3004.576034807373 215.00536994134023 53.00090388090427 2128 2156 2994 3017 440.0 5.986961262278172 4.8457648706813385 -16.105110579722563 0.5872765078593049 0.0735441849478883 1.1133681459948122 0.0 165.48107930250455 2.084192 406.2815364749357 6.480094294952433 2.687474276470996 0.2597100146704581 11.834540545406394 402.00174747829163 10.262177594758384 6.676461839854457 14.554121727772161 22.688988740879296 False
2468 4311.274176047711 2999.82753820135 214.98594302636903 52.987121173539045 4304 4317 2995 3005 102.0 3.4144534788845005 2.0128010443002027 38.875040845473286 0.8077724975572727 0.11513248250767716 0.8065713777538435 0.0 42.349214312011114 1.0792717 80.69842600141202 2.81409412499998 2.395131826322175 0.2209465869454998 5.698035485213008 102.83848673680562 4.428390632216486 3.005595324537495 5.607144905727476 9.627445813182534 False
2469 435.34017549429547 3006.3352389667816 215.02068834733797 53.01173784783391 424 447 2996 3020 407.0 4.302373901316546 3.567545950330961 26.767418501094337 0.5589459813135553 0.14852775257706555 6.498697238287741 0.0 487.9228888734808 2.1463113 520.488739184635 2.824652111622052 1.5971767326827078 0.5428021669044224 11.382096629215674 559.6414713867387 4.422200459174015 2.4950124026580283 4.649782882088407 8.067686948466013 False
2470 9886.630826681538 2999.4449395680954 214.9359380523614 52.951741784070926 9882 9891 2996 3003 60.0 2.386428764494552 1.6910494688954032 6.570749912768097 0.7055994416316754 0.11129016811954719 0.5471779915932018 0.0 18.935997559292797 0.8470689 35.63399764526105 2.1186288343790087 2.2800998264302823 0.17367591434095583 4.370193722368317 43.47541287690184 3.3897423056117155 2.2989745314716425 4.246197412689731 6.723332176498473 False
2471 2749.547994726967 3011.360228237114 214.99984427471887 52.997089339634954 2743 2756 2997 3024 271.0 5.686917539619968 2.4673375489164444 -70.79987098679719 0.9009793254650932 0.09155816644316461 1.6266060327355174 0.0 137.9895161194928 1.6657742 187.42741415094156 3.336208565753607 1.9995413565901499 0.3691293420437957 9.287732724180174 199.52226979723469 5.270479885436282 3.0684699522447767 6.306505685623676 12.062028657477729 False
2472 8346.57194208394 3005.628662814992 214.94967853475123 52.96154943388184 8339 8354 2997 3014 234.0 3.7259031522524384 2.929087070214476 -72.72395498859102 0.618046561012027 0.12174696684095487 2.9585549284494075 0.0 194.1734030453294 1.7546502 228.9699174801614 2.891593684225393 1.7818663686619043 0.42372073633341956 8.63044108762739 254.4694633895004 4.570048564809915 2.4776196997887046 4.625460745788958 7.886470361815208 False
2473 1825.8351047797655 3002.494036437611 215.00823476637072 53.00289962480989 1818 1833 2998 3008 124.0 4.094324447852875 1.9826933323335825 25.24688727309534 0.8749274157221544 0.09973681147824749 0.7174090733846142 0.0 45.22774813280259 1.1598247 80.84174472968155 2.993618631066776 2.2583246795836964 0.21530543654421272 6.282549314314218 93.93366295998558 4.75537366826979 3.2328596744868054 6.2190597635763805 10.764080062357971 False
