outputs/dr0.5_c0.1/nircam1_f140w_dr0.5_c0.1.ecsv
# %ECSV 1.0
# ---
# datatype:
# - {name: label, datatype: int64}
# - {name: xcentroid, datatype: float64}
# - {name: ycentroid, datatype: float64}
# - {name: sky_centroid.ra, unit: deg, datatype: float64}
# - {name: sky_centroid.dec, unit: deg, datatype: float64}
# - {name: bbox_xmin, datatype: int64}
# - {name: bbox_xmax, datatype: int64}
# - {name: bbox_ymin, datatype: int64}
# - {name: bbox_ymax, datatype: int64}
# - {name: area, unit: pix2, datatype: float64}
# - {name: semimajor_sigma, unit: pix, datatype: float64}
# - {name: semiminor_sigma, unit: pix, datatype: float64}
# - {name: orientation, unit: deg, datatype: float64}
# - {name: eccentricity, datatype: float64}
# - {name: min_value, datatype: float64}
# - {name: max_value, datatype: float64}
# - {name: local_background, datatype: float64}
# - {name: segment_flux, datatype: float64}
# - {name: segment_fluxerr, datatype: float32}
# - {name: kron_flux, datatype: float64}
# - {name: kron_fluxerr, datatype: float64}
# - {name: kron_radius, unit: pix, datatype: float64}
# - {name: gini, datatype: float64}
# - {name: equivalent_radius, unit: pix, datatype: float64}
# - {name: kron4_2_flux, datatype: float64}
# - {name: kron4_2_fluxerr, datatype: float64}
# - {name: radius_kron20, unit: pix, datatype: float64}
# - {name: radius_kron50, unit: pix, datatype: float64}
# - {name: radius_kron80, unit: pix, datatype: float64}
# - {name: near_border, datatype: bool}
# meta:
#   PHOTMJSR: 0.3925000131130219
#   PIXAR_SR: 2.11539874851881e-14
#   __serialized_columns__:
#     area:
#       __class__: astropy.units.quantity.Quantity
#       unit: !astropy.units.Unit {unit: pix2}
#       value: !astropy.table.SerializedColumn {name: area}
#     eccentricity:
#       __class__: astropy.units.quantity.Quantity
#       unit: !astropy.units.Unit {unit: ''}
#       value: !astropy.table.SerializedColumn {name: eccentricity}
#     equivalent_radius:
#       __class__: astropy.units.quantity.Quantity
#       unit: !astropy.units.Unit {unit: pix}
#       value: !astropy.table.SerializedColumn {name: equivalent_radius}
#     kron_radius:
#       __class__: astropy.units.quantity.Quantity
#       unit: &id001 !astropy.units.Unit {unit: pix}
#       value: !astropy.table.SerializedColumn {name: kron_radius}
#     orientation:
#       __class__: astropy.units.quantity.Quantity
#       unit: &id002 !astropy.units.Unit {unit: deg}
#       value: !astropy.table.SerializedColumn {name: orientation}
#     radius_kron20:
#       __class__: astropy.units.quantity.Quantity
#       unit: *id001
#       value: !astropy.table.SerializedColumn {name: radius_kron20}
#     radius_kron50:
#       __class__: astropy.units.quantity.Quantity
#       unit: *id001
#       value: !astropy.table.SerializedColumn {name: radius_kron50}
#     radius_kron80:
#       __class__: astropy.units.quantity.Quantity
#       unit: *id001
#       value: !astropy.table.SerializedColumn {name: radius_kron80}
#     semimajor_sigma:
#       __class__: astropy.units.quantity.Quantity
#       unit: !astropy.units.Unit {unit: pix}
#       value: !astropy.table.SerializedColumn {name: semimajor_sigma}
#     semiminor_sigma:
#       __class__: astropy.units.quantity.Quantity
#       unit: !astropy.units.Unit {unit: pix}
#       value: !astropy.table.SerializedColumn {name: semiminor_sigma}
#     sky_centroid:
#       __class__: astropy.coordinates.sky_coordinate.SkyCoord
#       dec: !astropy.table.SerializedColumn
#         __class__: astropy.coordinates.angles.Latitude
#         unit: *id002
#         value: !astropy.table.SerializedColumn {name: sky_centroid.dec}
#       frame: icrs
#       ra: !astropy.table.SerializedColumn
#         __class__: astropy.coordinates.angles.Longitude
#         unit: *id002
#         value: !astropy.table.SerializedColumn {name: sky_centroid.ra}
#         wrap_angle: !astropy.coordinates.Angle
#           unit: *id002
#           value: 360.0
#       representation_type: spherical
#   astropy version: '5.1'
#   make_catalog parameters:
#     ab_zpt: 31.4
#     coadd_bands: !!python/tuple [f277w, f356w]
#     deblend_contrast: 0.001
#     deblend_nlevels: 32
#     deblend_npixels: 1
#     detect_kernel_fwhm: 4.0
#     detect_kernel_npix: 7
#     detect_npixels: 4
#     detect_threshold_nsigma: 3.0
#     flag_isolated_buffer: 4
#     hst_bands: !!python/tuple [f606w, f814w, f125w, f140w, f160w]
#     jwst_bands: !!python/tuple [f115w, f150w, f200w, f277w, f356w, f410m, f444w]
#     near_border_kernelsize: 21
#     reference_band: f200w
#   make_catalog version: 1.4.0
#   photutils version: 1.5.0
# schema: astropy-2.0
label xcentroid ycentroid sky_centroid.ra sky_centroid.dec bbox_xmin bbox_xmax bbox_ymin bbox_ymax area semimajor_sigma semiminor_sigma orientation eccentricity min_value max_value local_background segment_flux segment_fluxerr kron_flux kron_fluxerr kron_radius gini equivalent_radius kron4_2_flux kron4_2_fluxerr radius_kron20 radius_kron50 radius_kron80 near_border
[from data line 4511]
4512 3477.5346495106114 2095.943472350886 215.0029522090538 52.98752402148247 3466 3489 2088 2109 299.0 5.284629300346801 4.217919447097116 17.83815301847274 0.6024606389873807 -0.13233214299471807 0.8948626207700865 0.0 105.65342963487952 22.556242 508.56381952141476 86.64310996286179 3.1485613499586105 0.3279580140937352 9.755749892701914 848.8839141113955 139.40581026636949 9.377135412108863 17.72786256665694 29.181441960038516 False
4513 3467.7534241204203 2110.963597711195 215.00288179749256 52.98766724807196 3448 3481 2094 2126 682.0 5.815684859751504 5.131495097646949 61.12771044755775 0.4705855088134633 -0.5306081727024494 2.468007491464267 0.0 408.5235426234518 34.136772 697.0603860379135 79.26929180159533 2.4954162615981965 0.4683508249928457 14.733884157863644 992.0677822192067 127.6471956157053 4.935244912385992 10.468351423449302 25.308127398602345 False
4514 6160.165743256337 2102.6633299953182 214.97880207081604 52.97054430784247 6146 6173 2091 2116 516.0 5.822337347942498 4.186384753958248 36.168414361106336 0.6949880031001754 -0.21502863336106445 1.9100693199106105 0.0 296.14234393185427 30.923164 298.295451207275 41.29722737633087 1.4 0.454524049316059 12.815923738491737 277.90034576665454 66.18518401165453 3.4226981814012007 6.214026192720213 9.373289507043069 False
4515 6180.689600761856 2099.2634294807217 214.978653736519 52.9703957340234 6171 6190 2091 2112 335.0 5.019993951498347 4.168277599636469 -46.119527803608186 0.5572642845130549 -0.09458443127036514 0.6756768836608521 0.0 79.20830242950775 24.561144 179.36793827168398 75.28543513210758 2.752716236098961 0.3935722792904044 10.32636489145962 95.83521059239172 120.77992114160699 5.2424911728915955 11.305146469510081 17.446909827068353 False
4516 8420.958723712676 2104.108364407466 214.95850860919626 52.956208005185964 8410 8431 2097 2112 248.0 4.560900896966604 3.2760375338671506 -14.419175968721865 0.6957465390617658 -0.4400580381512718 0.6700702523787794 0.0 82.74074208918701 20.816984 217.2370089625355 78.83927103441866 3.4025039703023094 0.27274369977333507 8.884866446580956 188.8662134282693 125.17001041522398 5.180312843583074 19.07992220085513 23.48977820384695 False
4517 8432.935121936143 2099.7938940716735 214.9584466678547 52.956108703561014 8430 8436 2097 2102 33.0 1.8319248138961015 1.655457035058115 1.7957233503778345 0.42822775863021173 0.023966265618072538 0.20399754303173312 0.0 4.227044462212676 7.866344 133.33721717423163 40.900136900486466 3.921078614595287 0.22023797831507205 3.2410224072142872 228.61671974532823 65.75773081731064 7.633661929591426 11.900479319787102 14.812483465218794 False
4518 2508.050277039187 2141.3187966181076 215.0111809056987 52.993917602312855 2467 2537 2107 2180 3875.0 13.024761509685845 11.00723652292426 72.70808623402729 0.5346069754577333 -0.5562427922649525 10.332463563444591 0.0 3705.1666461669315 82.611595 4616.3006407867015 140.5141815720087 1.9854271011208646 0.5853826338029778 35.120518347003205 5635.020315540643 224.44960695196812 6.8526738052715395 16.180075734421113 34.763493701806595 False
4519 2536.771485691052 2136.1275491048677 215.01097762502113 52.99370740115075 2528 2548 2125 2149 326.0 5.20060328651439 4.1573995621463276 44.13657747034755 0.600789625850309 0.002367709548879292 1.0730414894008071 0.0 181.0662531130883 24.043268 1038.8340540391898 90.61293715468264 3.3284859319973363 0.27412079800416406 10.186708148166206 1916.0627946310944 145.73613757056563 11.066809843016756 23.990788830733194 33.010687922678706 False
4520 7914.937898514536 2116.556952049642 214.96291508266347 52.95948611876016 7909 7921 2111 2123 115.0 3.1902002717615057 2.682048904967353 86.11143601624782 0.5414780287262559 0.5197783967329955 1.7930894967868605 0.0 119.23812978566421 14.230292 1028.160402531327 61.14474943341274 3.4976076627104677 0.1694721076093808 6.050259243299904 1546.1920439364244 97.9014252344461 7.680079307508445 13.659636495100612 20.107490476770607 False
4521 7878.459860059125 2122.7598034455696 214.9631768769759 52.95975108576785 7871 7883 2112 2129 145.0 3.986209594118072 2.6672787199064696 68.37143840030538 0.743148467289471 1.1308856513476686 7.301597743757216 0.0 553.7927557731495 15.79941 2313.3942772921278 56.88228738881033 3.15475410701407 0.29452713076549103 6.793742230659745 4306.369894533277 93.27122185040392 5.799719256635537 13.90558363411654 21.242701455515025 False
4522 7869.895844500321 2140.6616167902444 214.96306510842345 52.95990213304778 7825 7912 2115 2181 2799.0 6.025578393110231 5.795494309329436 49.50922472406577 0.27369886201735444 0.07145973296868863 1084.6729530350235 0.0 82857.93237660322 70.40517 80516.8154334278 48.66170222095297 1.4 0.8645174427911408 29.84877504066842 84249.78051254229 77.68371020640573 2.373209199551287 4.563753668805699 8.086597688933685 False
4523 7908.152917801377 2138.2056107790877 214.9627478919362 52.959646118233394 7894 7930 2120 2161 972.0 8.438692331695155 7.697175502052482 66.72018364000259 0.409903396585382 -0.03827552132657576 2.7137892529934393 0.0 1062.5994778419376 41.492825 4430.20400320775 150.70482672705077 3.1699370621889154 0.33953324877971713 17.58969042850512 6583.182886560829 243.16437820987068 14.415656899009116 35.33226754008662 54.15482801992123 False
4524 7847.677309491186 2134.2010453414455 214.96333241786547 52.96000821203896 7826 7855 2121 2142 245.0 6.424108952201216 2.7850288539397225 39.216437895646564 0.9011402649706619 0.19703111388515387 5.130460289102024 0.0 427.9333837018273 21.127329 2485.171182612514 78.95843931541219 3.2764711305225243 0.4484413537274467 8.83096382707056 4773.348206738061 129.8400862019113 9.035820944281605 17.982543344526942 24.45570520551759 False
4525 7848.425158909552 2167.103947962623 214.96297912321015 52.960181211658316 7834 7861 2160 2179 334.0 7.3081162794755326 4.268263650256024 -14.124285430614977 0.8117217852674962 0.24015015466206394 3.0983219317656023 0.0 288.3300960320149 24.072088 2294.4524717225354 109.21350137309491 3.275441738509464 0.27476378927285694 10.31094088749354 4511.958542388425 175.2017107229501 12.47186221306556 21.95323208385552 31.537267310372997 False
4526 7906.6773728836415 2168.3399002699384 214.9624437007121 52.959818267850075 7895 7929 2161 2181 357.0 9.367349388282427 3.9852671656960585 20.54337525912731 0.9049855270786705 -0.13486518859989288 1.3532963623031156 0.0 117.44447866574531 25.199444 1772.4364207063402 136.80614641733078 3.7662717398312147 0.4148974256328569 10.660048281673648 4803.586975944875 219.80670061538123 20.60370630539212 37.819022535910996 56.04386468301026 False
4527 7877.643352738936 2180.4639883021064 214.9625763638417 52.96006798910159 7874 7883 2174 2190 122.0 5.004248834818837 2.1625227216798653 -88.98601346625779 0.9018078118316606 -0.17913164167409376 0.7496685091735303 0.0 23.22216678868893 15.215945 581.7135983412122 85.78578674631507 4.412166229974059 0.4963376549509005 6.231677632421503 2557.085076956211 137.7588138136019 14.529406249407572 20.372140636637805 23.928459080618566 False
4528 2307.5166761038163 2127.444426162206 215.0131283455608 52.9951142595133 2292 2324 2112 2139 501.0 6.847141211393001 5.506490538928203 -23.469577083433016 0.5943549119846079 -0.2556694999111894 0.9827400851934284 0.0 167.95685092627565 30.12771 964.6981562804269 119.87967203137242 3.2810635366893504 0.34160817286217526 12.628271971179554 1233.8621823662986 193.07069476816045 13.782330319212756 32.317456418847236 43.08765789802263 False
4529 2206.3071126108957 2177.2973882515157 215.01351223237506 52.99602559392872 2169 2267 2147 2210 3624.0 12.733334189473878 8.866638539737385 -18.857092682761053 0.7177190257332984 -0.609688302437625 8.24268664554444 0.0 2314.8067209171377 83.265114 2332.3473054660367 93.23040675035959 1.414548005384959 0.7015143609330096 33.96402549065787 2532.6519931342887 159.87376158739426 4.876270638301279 9.424565285561721 17.23095749979441 False
4530 2334.4738900953857 2232.0346360176472 215.01178423296778 52.99550877421287 2224 2443 2116 2351 29609.0 27.508080122268197 24.2781978724417 86.18136659736086 0.47015430100717526 -0.7078561455083392 126.51321593636894 0.0 55426.5655856862 230.72691 55096.49543258428 212.97239337123688 1.4 0.7402736333759028 97.08160186160845 58466.402976119054 341.3366004132319 7.120527112568433 18.645271241754745 46.14930060876135 False
4531 2242.0344324152234 2218.892442543988 215.01275304972523 52.9960239184586 2191 2265 2182 2259 2810.0 17.86387618234578 10.241216035268556 -42.569215902396564 0.8193511848957271 -0.6314723172371497 1.3409965684350043 0.0 915.1939975482748 70.81027 2476.9317303796643 201.8907713120135 2.9356949884063086 0.46221116567262494 29.907369997651948 3196.5732152323562 37092577541099.65 16.821729632674582 58.31152729581899 89.61004495681046 False
4532 2403.138179280913 2264.909792062989 215.01082108351812 52.99525107506732 2391 2425 2246 2290 1007.0 9.074730198567163 7.426956585917313 -77.45665352518407 0.5746179915699501 -0.4531191994652759 1.0585451357018743 0.0 276.7262115858856 41.93336 931.2544517443353 142.7259739362776 3.103056279466628 0.4607614883246711 17.903576608797394 1718.625099891697 235.437688422785 11.761818013971999 44.537515578010044 54.362515212483224 False
4533 2210.741739594491 2282.2052484633364 215.01236706325545 52.99656465525493 2190 2236 2257 2304 1425.0 8.779375536731061 8.503980480663975 24.118157948119052 0.2485011949433938 -0.2922114096714387 2.959266853081169 0.0 641.6744783139047 50.61932 1187.4766755165567 124.64204139363245 2.420838098226566 0.5212900439984769 21.29768972944957 1367.5280074869024 202.29062725326258 6.867380664451676 19.045310977630205 34.90203460372697 False
4534 2266.730992322643 2276.16684787623 215.01192774998324 52.99617695782429 2235 2280 2261 2299 954.0 10.755692105105506 5.40011262769492 -24.25138781981259 0.8648268619070671 -0.4531222617984593 1.4726147425356544 0.0 286.14456700251117 41.42736 310.19087249446534 65.70910014307537 2.0438825048209415 0.532484996942959 17.42606184481555 592.8752441339751 109.58600027722683 4.469069648956219 8.379610953800332 11.928112048083234 False
4535 2328.8830576346636 2357.88952027754 215.0105084009292 52.99622464122987 2284 2368 2340 2373 1580.0 21.548605627315066 5.977708060101121 -6.526205974714627 0.9607528429772295 -0.43501800535265295 0.7110108280589995 0.0 137.33705234707665 53.40858 1396.7972234750214 265.43327989804226 3.9130537223651687 0.5353628076684475 22.42609239636699 1753.0262764656495 51866197231381.195 74.10224204295275 137.24294912223016 159.31541534064726 False
4536 7413.787160351052 2133.442345479392 214.96723180538058 52.96275713785821 7409 7418 2130 2140 92.0 2.9174810015536603 2.2456802344231708 5.031418381388148 0.6383664509817392 -0.27491012329918946 0.4725229242782198 0.0 21.05697976513581 12.809788 59.73794275195657 23.551775484103096 1.5351604331336184 0.28159895206155405 5.4115163798060095 49.12884065691003 37.75575117548712 3.751791010247918 5.867215062638514 7.946922053570252 False
4537 7415.849104496404 2141.1529277711243 214.96713208965167 52.96278571124625 7409 7418 2139 2144 42.0 1.6583397160560334 0.8318577742939415 -51.40403522357775 0.8650875823066585 -0.29380446117183767 0.25795309675313716 0.0 -0.03768807068092598 8.88248 56.20483982785585 29.44345684814341 4.379440571344698 -7.406027963187264 3.656366395715726 77.15257232458474 47.69824754794302 6.820451797270481 9.278244689792823 12.185343949624642 False
4538 2611.460941511093 2149.603622214692 215.0101647899871 52.993306610330244 2605 2618 2136 2162 264.0 6.211436779887142 3.042178480604054 87.81089560678684 0.8718513978764096 -0.18065573168882443 0.6092908077961388 0.0 90.30584155618281 21.539425 712.8429686218605 92.86812625473985 3.6291718966124167 0.2447335306159953 9.166995688475081 1096.2570909691815 148.8776939542172 12.4945678576019 21.71836037213292 34.03407233338011 False
4539 2615.1760525814143 2164.3195765178493 215.0099763762317 52.99336260855205 2613 2617 2162 2166 20.0 1.33007305718578 1.1532125567619829 -76.4130040928485 0.49825683484853767 0.27124637318577116 0.612702570638519 0.0 8.190002767523303 5.7963624 107.15924475702096 27.660891210875764 3.7929746154391957 0.13973143148999984 2.5231325220201604 254.7948616591978 44.11157003981539 4.0846321425314525 7.004667841628212 10.294422862086737 False
4540 7399.92168699882 2159.6965625789567 214.96707961007345 52.96298694925174 7379 7419 2149 2170 504.0 10.090024165129936 3.795978050805594 -14.251346533077568 0.9265340175863055 -0.17327022759757107 0.9291874698071103 0.0 150.55620976072575 30.08115 186.1679665396984 54.28126717070409 1.4860167363385692 0.35842769598809654 12.666024736934256 168.71233903437138 86.93189160280723 5.707119567510238 9.681732705053793 15.752129002814828 False
4541 7424.8389037436755 2153.492529882401 214.9669214753898 52.9627953363317 7418 7433 2148 2160 153.0 3.7020526557001436 2.6453393759967034 -27.31957647186343 0.6995739868428094 0.07817969546678614 1.19419586213843 0.0 89.24645032271278 16.218803 125.09354785391943 28.57245017227881 1.569445337117324 0.2539744869891432 6.978639737521917 118.84594160800317 46.122191725377405 2.875322085801034 5.300399382313861 7.9894986294048245 False
4542 9105.505560479212 2166.6510873480806 214.95171242745892 52.95220185884763 9085 9126 2150 2181 884.0 6.812820222414888 5.555320089992683 9.233559488453503 0.5788676672095837 -0.31426738804481186 5.250225227533482 0.0 959.9369221992264 39.930313 1287.055265635011 76.81631129626514 2.090884658991832 0.5104982592343189 16.774562271083887 1410.2636686895205 122.41827702756635 4.521416833706387 9.298839400959142 18.680354690885277 False
4543 9123.083646260866 2173.069763229637 214.9514872359831 52.952124975814904 9115 9131 2164 2183 217.0 4.131246846718503 2.9703152995695272 -25.55150742425941 0.6950228885781784 -0.5889807142566413 1.5387785667700917 0.0 113.98371060812666 19.224987 405.45879924629804 65.87859356033428 3.219720352512875 0.3886395570146664 8.311031542587394 620.0544486971605 106.49519082927542 5.345799065431157 16.05110234027527 23.15505570368083 False
4544 4258.0472438019215 2183.9141427388836 214.99501757916912 52.9830491856443 4233 4279 2158 2205 1502.0 11.023978219801283 7.344059036028221 42.72813928414813 0.7457824682362613 -0.159420271479068 3.5964883686421323 0.0 1507.4529529832826 50.968353 1740.7906302516185 81.06087169187633 1.5535322838872319 0.36824202229863073 21.86553107171316 1777.1507604236797 130.56439460749553 6.581575322565123 12.644921605317545 20.382414311776905 False
4545 4235.52074380414 2164.6086009480377 214.99542319898686 52.98308771961402 4230 4240 2158 2170 99.0 2.794513994858247 2.1885543508526992 -73.25907235230143 0.6218189941298189 -0.04733077113851468 0.5777827625140495 0.0 31.296834618286198 13.311291 221.99013145366308 56.02251223098773 3.8960859967310872 0.3073203564068398 5.613615477764332 365.51918014072396 87.82027579647134 9.107137966817445 13.865533098052982 17.692568199423985 False
4546 nan nan nan nan 1475 1485 2161 2170 87.0 nan nan nan nan 0.0 0.0 0.0 0.0 8907579000000.0 nan nan nan nan 5.262410103554244 nan nan nan nan nan True
4547 nan nan nan nan 1482 1496 2162 2176 155.0 nan nan nan nan 0.0 0.0 0.0 0.0 11889563000000.0 nan nan nan nan 7.024103669400641 nan nan nan nan nan True
4548 2447.103745673035 2164.430376505147 215.01148483478335 52.99442904285382 2441 2452 2161 2170 72.0 2.682434035719188 1.438745207001359 39.01600547911829 0.8439905182357222 -0.22658297955981965 0.5413924952616775 0.0 11.94977807267156 11.407034 80.18456527821134 43.04083422357866 3.675446659179349 0.43793180458278025 4.787307364817192 148.60838033527938 68.23386821287042 4.132063867200051 9.384824199879315 14.704767638421849 False
