outputs/dr0.5_c0.1/nircam2_f444w_dr0.5_c0.1.ecsv
# %ECSV 1.0
# ---
# datatype:
# - {name: label, datatype: int64}
# - {name: xcentroid, datatype: float64}
# - {name: ycentroid, datatype: float64}
# - {name: sky_centroid.ra, unit: deg, datatype: float64}
# - {name: sky_centroid.dec, unit: deg, datatype: float64}
# - {name: bbox_xmin, datatype: int64}
# - {name: bbox_xmax, datatype: int64}
# - {name: bbox_ymin, datatype: int64}
# - {name: bbox_ymax, datatype: int64}
# - {name: area, unit: pix2, datatype: float64}
# - {name: semimajor_sigma, unit: pix, datatype: float64}
# - {name: semiminor_sigma, unit: pix, datatype: float64}
# - {name: orientation, unit: deg, datatype: float64}
# - {name: eccentricity, datatype: float64}
# - {name: min_value, datatype: float64}
# - {name: max_value, datatype: float64}
# - {name: local_background, datatype: float64}
# - {name: segment_flux, datatype: float64}
# - {name: segment_fluxerr, datatype: float32}
# - {name: kron_flux, datatype: float64}
# - {name: kron_fluxerr, datatype: float64}
# - {name: kron_radius, unit: pix, datatype: float64}
# - {name: gini, datatype: float64}
# - {name: equivalent_radius, unit: pix, datatype: float64}
# - {name: kron4_2_flux, datatype: float64}
# - {name: kron4_2_fluxerr, datatype: float64}
# - {name: radius_kron20, unit: pix, datatype: float64}
# - {name: radius_kron50, unit: pix, datatype: float64}
# - {name: radius_kron80, unit: pix, datatype: float64}
# - {name: near_border, datatype: bool}
# meta:
#   PHOTMJSR: 0.3925000131130219
#   PIXAR_SR: 2.11539874851881e-14
#   __serialized_columns__:
#     area:
#       __class__: astropy.units.quantity.Quantity
#       unit: !astropy.units.Unit {unit: pix2}
#       value: !astropy.table.SerializedColumn {name: area}
#     eccentricity:
#       __class__: astropy.units.quantity.Quantity
#       unit: !astropy.units.Unit {unit: ''}
#       value: !astropy.table.SerializedColumn {name: eccentricity}
#     equivalent_radius:
#       __class__: astropy.units.quantity.Quantity
#       unit: !astropy.units.Unit {unit: pix}
#       value: !astropy.table.SerializedColumn {name: equivalent_radius}
#     kron_radius:
#       __class__: astropy.units.quantity.Quantity
#       unit: &id001 !astropy.units.Unit {unit: pix}
#       value: !astropy.table.SerializedColumn {name: kron_radius}
#     orientation:
#       __class__: astropy.units.quantity.Quantity
#       unit: &id002 !astropy.units.Unit {unit: deg}
#       value: !astropy.table.SerializedColumn {name: orientation}
#     radius_kron20:
#       __class__: astropy.units.quantity.Quantity
#       unit: *id001
#       value: !astropy.table.SerializedColumn {name: radius_kron20}
#     radius_kron50:
#       __class__: astropy.units.quantity.Quantity
#       unit: *id001
#       value: !astropy.table.SerializedColumn {name: radius_kron50}
#     radius_kron80:
#       __class__: astropy.units.quantity.Quantity
#       unit: *id001
#       value: !astropy.table.SerializedColumn {name: radius_kron80}
#     semimajor_sigma:
#       __class__: astropy.units.quantity.Quantity
#       unit: !astropy.units.Unit {unit: pix}
#       value: !astropy.table.SerializedColumn {name: semimajor_sigma}
#     semiminor_sigma:
#       __class__: astropy.units.quantity.Quantity
#       unit: !astropy.units.Unit {unit: pix}
#       value: !astropy.table.SerializedColumn {name: semiminor_sigma}
#     sky_centroid:
#       __class__: astropy.coordinates.sky_coordinate.SkyCoord
#       dec: !astropy.table.SerializedColumn
#         __class__: astropy.coordinates.angles.Latitude
#         unit: *id002
#         value: !astropy.table.SerializedColumn {name: sky_centroid.dec}
#       frame: icrs
#       ra: !astropy.table.SerializedColumn
#         __class__: astropy.coordinates.angles.Longitude
#         unit: *id002
#         value: !astropy.table.SerializedColumn {name: sky_centroid.ra}
#         wrap_angle: !astropy.coordinates.Angle
#           unit: *id002
#           value: 360.0
#       representation_type: spherical
#   astropy version: '5.1'
#   make_catalog parameters:
#     ab_zpt: 31.4
#     coadd_bands: !!python/tuple [f277w, f356w]
#     deblend_contrast: 0.001
#     deblend_nlevels: 32
#     deblend_npixels: 1
#     detect_kernel_fwhm: 4.0
#     detect_kernel_npix: 7
#     detect_npixels: 4
#     detect_threshold_nsigma: 3.0
#     flag_isolated_buffer: 4
#     hst_bands: !!python/tuple [f606w, f814w, f125w, f140w, f160w]
#     jwst_bands: !!python/tuple [f115w, f150w, f200w, f277w, f356w, f410m, f444w]
#     near_border_kernelsize: 21
#     reference_band: f200w
#   make_catalog version: 1.4.0
#   photutils version: 1.5.0
# schema: astropy-2.0
label xcentroid ycentroid sky_centroid.ra sky_centroid.dec bbox_xmin bbox_xmax bbox_ymin bbox_ymax area semimajor_sigma semiminor_sigma orientation eccentricity min_value max_value local_background segment_flux segment_fluxerr kron_flux kron_fluxerr kron_radius gini equivalent_radius kron4_2_flux kron4_2_fluxerr radius_kron20 radius_kron50 radius_kron80 near_border
[from data line 2939]
2940 9234.227517937314 5178.337696784381 214.8466924547691 52.89526189339132 9233 9235 5177 5180 9.0 0.9799524576346778 0.6693773535580527 -72.2931112563044 0.7303517390340569 0.20372603398389807 0.3858994829833006 0.0 2.7738387527953177 0.5374582 10.080886559701348 1.9600600943313202 2.9142636638268185 0.10399268116874663 1.692568750643269 7.4605218994676585 3.182992558249321 1.4293988212341115 2.359578006157917 3.221538668321034 False
2941 2442.53549848964 5191.543764756255 214.90731523559978 52.93847156839441 2434 2451 5180 5205 280.0 5.87896608326423 2.5978854861194893 59.312554867151604 0.8970668000423327 -0.010356288220493295 1.4200685341149928 0.0 132.80776514792586 2.682745 199.25236700580837 5.7605048991250944 2.1264310329988065 0.3543398742876177 9.440697438826296 209.43298864509524 9.16688982710439 3.5993149420798187 7.321394207000408 14.157742805721806 False
2942 2746.5534183140926 5183.865865191281 214.9046736429528 52.9364997811435 2743 2751 5181 5187 51.0 2.226987473007031 1.588314060743806 6.969430431323696 0.7009484471696353 0.1357396810044254 0.43551352351286 0.0 14.263149540391248 1.0724179 27.736882718797442 2.8306676664391754 2.237665385304282 0.1887967964318506 4.029119531035698 31.451864683789154 4.625988081117311 2.2746188119791224 4.0369124766262034 6.5110143223977035 False
2943 10214.44642276707 5181.8410484885535 214.83789600017553 52.88905221283241 10214 10215 5181 5183 4.0 0.8294602025434032 0.29193724415324396 58.78436855073339 0.9360148462532577 0.1772948813042654 0.32092448300664866 0.0 0.9036063916312361 0.37795496 15.450868259784503 1.6084727590617949 3.9755869679400626 0.17621719330860677 1.1283791670955126 31.853646743299315 2.5684139721847634 2.1092619905259307 3.4189656717901813 4.424041771200056 False
2944 9710.137772773163 5183.375831211764 214.8423861879372 52.892265078692276 9708 9712 5182 5185 15.0 1.1635617136367173 1.0103688485456794 11.078226289621192 0.49596688563074653 0.051391697398008515 0.27956410355755557 0.0 2.4320947975645866 0.74923116 9.14955783573114 3.1647306463798377 3.033883727866342 0.19921502196456195 2.1850968611841584 19.95352807270949 4.950334928810439 1.8874255783694969 3.180236180905102 4.683648459858345 False
2945 2120.5007428512013 5183.544653211189 214.91028359654237 52.9404730727951 2120 2121 5183 5185 5.0 0.6721174566818338 0.473825254361817 -70.43224718684606 0.7092332634582111 0.09862295798654488 0.3316680564008953 0.0 1.1065893884079079 0.36526957 8.760159840813571 1.5891758408960677 3.704527394491021 0.25027989149801755 1.2615662610100802 14.835158422108439 2.4949892697012106 1.6211067341001488 2.8695274132482056 3.9733973393917505 False
2946 8216.905873986005 5195.660506295951 214.85560377496995 52.90181895292775 8210 8224 5189 5201 142.0 3.815922847473617 2.293764987494075 30.60103850399119 0.7991711041452549 -0.08874409751399019 1.2052870823601207 0.0 68.04850080318741 2.2525342 126.25303549793752 6.378659095543832 2.485558611216636 0.2809796665371049 6.723094811029982 199.8098168739074 10.248528511327494 3.344739175889267 6.504120560464963 12.441665967891064 False
2947 9192.658417470302 5192.8880064031455 214.84691073486576 52.895604473151785 9190 9195 5190 5196 31.0 1.666270772914208 1.4432909086336103 -88.37551101987947 0.4997316255676011 0.16370321614266325 0.4393897764380464 0.0 9.626740525378548 1.1205586 48.39433492713458 4.285624697567473 3.221207501870132 0.14239707850729535 3.141274657157109 77.2066429040708 6.76081662472877 3.110918231710977 5.7663127494223785 9.066431940709885 False
2948 8284.247789074352 5199.5657170890345 214.85496059309477 52.901412169721844 8281 8286 5196 5202 34.0 1.5977016131308717 1.2940909486288734 57.45706160309732 0.5864708160534986 -0.05733794726251536 0.44472454511886583 0.0 4.10913388328775 1.3822826 8.791342600018071 2.7971662525988403 2.039671890049742 0.4613357498396558 3.2897623212397704 1.7708430959903634 4.192057310500774 1.5910031270794196 3.311763128884354 5.543696399450756 False
2949 177.0 5197.522329801786 214.9275477537659 52.952886805338366 176 177 5197 5198 4.0 0.5769182899557888 0.28867513459481287 90.0 0.8658091445155246 -0.1451622686045275 0.10674187348843363 0.0 -0.07137986061252531 0.955847 0.22738297371923347 1.2261114164448528 1.4 -0.6921683958322932 1.1283791670955126 0.1349639356323808 2.0264652796441935 0.37575686571016986 0.6427425592262608 nan False
2950 1175.6941458315289 5202.288538761964 214.91854920626537 52.94657265719702 1170 1181 5198 5206 93.0 3.0384671379358617 2.048449839787687 3.9394446375359733 0.7385742678491624 0.02331673159098557 0.541610518952999 0.0 24.32998471039381 1.493119 94.77938298723389 5.387990376936519 3.0956297382226405 0.23907555804359754 5.440847306724618 194.9065534190298 8.66183628246161 4.659216251509306 9.834131478536444 16.186965896550056 False
2951 1996.8065525248421 5199.481109049866 214.91122355300837 52.941344436085835 1996 1998 5199 5200 6.0 0.7330531091873204 0.49946247337234123 1.4342532826699246 0.7319619132160006 0.21162045522674583 0.4904840993621415 0.0 2.2304411830763184 0.44956368 13.977123650315908 1.741671377702119 3.684592156428573 0.19540526991059792 1.381976597885342 22.065692112920875 2.6320251993377157 1.6436686346118994 3.1137681350865325 4.415636398614096 False
2952 4120.491483813392 5213.266271299237 214.89206331905672 52.92793388257287 4104 4137 5199 5229 748.0 6.583042753307546 6.0506900298815065 0.2532681983429443 0.3939480071915108 -0.038442207708326896 2.1740789845517217 0.0 442.0913646566612 4.4745426 569.4275657807016 8.075301455964896 1.803025273944908 0.36280345654002916 15.430353037616328 624.3922381908383 13.107287291659109 4.6990055498614804 9.79185705838177 16.119836631839558 False
2953 466.36422745510083 5205.6961631046515 214.9248686503888 52.95109407086202 462 471 5200 5212 97.0 2.973878670404538 1.9697093919421336 -73.07705492067339 0.7492061895484309 0.11073129875855597 0.8672037671417197 0.0 44.46435808796246 1.5142719 72.63252358515206 3.8552793035189317 2.3344682911226733 0.2655823072775128 5.556622981616415 78.16191514138755 6.223092668496947 2.4977722655049464 4.656619047567007 8.7864834276437 False
2954 8842.831968103754 5203.899133033888 214.84992156717027 52.89788657291994 8838 8847 5200 5208 71.0 2.4414532739835666 1.7722487094054904 48.11938067106716 0.6878012150387255 -0.008390894641658998 0.5986879911442754 0.0 21.97262042283428 1.5895531 51.77550021145497 4.746844720599196 2.696950646951882 0.28527603123771805 4.753945931439391 71.64467469853432 7.830299790041749 2.6535008363338175 5.5964485870839145 10.740926846702928 False
2955 7043.605703785059 5206.543008484948 214.86598056380646 52.90933146637854 7038 7049 5201 5212 108.0 2.605507052809355 2.540109720270768 33.440748031460664 0.22264168662068165 -0.053513108846518664 0.45924319133876307 0.0 25.594709656726963 1.7568867 65.67639345011492 5.880785032552486 2.956963042674192 0.2828434086381376 5.863230142835039 147.8335071973016 9.394787968966199 3.465833557082617 7.818885810582925 10.989124406779567 False
2956 7476.3499435011745 5203.067627835741 214.86214723952378 52.90656366124524 7474 7478 5201 5205 19.0 1.3603972421843162 0.9285843790945406 66.6071419584178 0.7308078396933357 0.03930704104736762 0.2821238878111283 0.0 3.4300417576536146 0.7469231 21.131853892364482 3.0793659927898505 3.493245445075518 0.2158955155043247 2.4592453796829674 36.46182258059045 5.079807369617624 2.809040285024533 5.222271734727918 6.86718616677852 False
2957 8965.632212022581 5214.93776065273 214.84870765598043 52.897165853694126 8954 8978 5201 5228 550.0 5.833191658983104 4.778120984853577 -72.64797654607248 0.5736131317148089 -0.0015826568002514686 3.707129920078049 0.0 533.055938851129 4.5524144 667.059568864043 8.758653342520022 1.9053895076889287 0.37611763658332026 13.231418571003069 775.2953397199323 14.293901122025586 4.00599281558161 7.927981940034785 13.435531661906015 False
2958 9102.768491891122 5212.899844368753 214.8475033801839 52.89628352537246 9094 9110 5203 5222 238.0 4.551785559428609 3.511241403896462 -76.4359997783824 0.63635215545035 -0.01769285402992839 0.6003457017730529 0.0 61.52232844296289 3.0305536 154.82796007161588 9.22534648909889 2.747399068616552 0.2711226715964165 8.703892974511014 163.7900144953993 14.734756009249505 5.392324991282573 10.447755229002613 20.87436947825105 False
2959 8239.833983834455 5211.122365133277 214.85523593372105 52.90175666390332 8235 8244 5204 5217 109.0 3.015618058271575 2.18263625147008 80.33176788908833 0.6900335132403429 -0.08566598144960988 0.6605675003230784 0.0 25.366778917791308 2.028247 38.80734433274672 3.1365009312473524 1.4 0.40402532553093784 5.890312181373172 25.27452360882618 5.092883472551814 2.609708230610762 4.496789411080533 6.7719552340072156 False
2960 3736.688683749399 5207.260675805652 214.89556219600786 52.93033876965578 3734 3740 5205 5210 35.0 1.6782230782771714 1.2760042688384226 -2.26168236060831 0.6495363433580515 0.009966376164039632 0.4431572722681188 0.0 5.883851495582085 0.9848105 14.111770546940603 2.9192261920438143 2.7075153326572163 0.34682544151926026 3.3377905890622728 14.246993032995686 4.710225164066086 1.9071984938336617 4.12279111792427 7.491156375384604 False
2961 2423.4452162466278 5206.976855053416 214.90732360339362 52.9386760745225 2422 2425 5206 5208 12.0 1.1043150945151423 0.790010498199215 3.17888762332938 0.6987304518674089 0.3991304051146984 0.5795060525606484 0.0 5.588834097536843 0.5737144 27.03440701047271 2.2386124939991765 3.353019316659779 0.0766790528812969 1.9544100476116797 33.36232891934583 3.5587356051068118 1.9541299587352374 3.916226884805123 6.091057579045073 False
2962 6685.695791372924 5207.520905717073 214.86917133896642 52.911610312942315 6683 6688 5206 5209 17.0 1.2668467424939573 0.8376955272698269 -20.371182884024226 0.7501703946236467 0.09442815517163618 0.4525864871125807 0.0 3.9995009215961272 0.70940614 16.71308388224493 2.460962327589801 3.1089386758526776 0.2743776950949065 2.326213245840639 34.62319888817635 3.976080728701514 2.011779050267261 4.211092228628203 6.151483536595321 False
2963 1228.5192956767294 5208.885135729374 214.91800646296664 52.946272904533714 1227 1229 5208 5210 5.0 0.959370604304567 0.325460267989831 -52.67010734603393 0.940698585650736 0.03206869158383346 0.15416134495438544 0.0 0.4116732980573656 0.35116038 12.625025022320646 1.5366260145841428 4.056225763315071 0.33633850902269996 1.2615662610100802 22.53969183715617 2.465324894353552 2.7540828236280768 4.0259409709671 5.529311535919834 False
2964 1847.5228254276365 5231.570835528982 214.91222256443803 52.94246544856085 1816 1875 5208 5253 1887.0 10.80323502388324 5.880327311175274 -22.870154258537223 0.8388830455978437 -0.1487475185373319 10.429048446067224 0.0 2326.1385910163785 7.3854847 2457.4008445166487 9.026852727493036 1.5291914387097658 0.5915255705668852 24.508177313476683 2627.1740799022728 14.319302025947827 4.629797528488408 9.809020312772615 17.56791900975358 False
2965 284.4791498692555 5214.694221814099 214.92640368278543 52.95229725099006 280 289 5209 5220 89.0 2.9886087555997105 2.0681694906813406 -58.37898055420709 0.7218807460910545 0.02297792437574637 0.6359514310418642 0.0 34.14477575835737 1.4657059 75.89906005155265 4.297377185693225 2.574560879870839 0.1736515117268603 5.322553886092406 85.25242931360518 7.055681853760397 3.157840437548996 5.897093054378255 10.052587897953584 False
2966 3230.83882087168 5225.182169089603 214.8999020949244 52.933647668414935 3221 3241 5209 5243 488.0 7.1808226430662065 3.6168347430367382 75.70231332528896 0.8638904670074236 -0.141830356624237 1.9059456067409133 0.0 284.70993058641113 3.5910575 391.78344660093467 7.373595327988148 2.013071667922816 0.3756692862840458 12.463355264843006 464.8636008643343 12.08316827346075 4.353086621891948 8.667126985384503 15.570930828325661 False
2967 7222.048559815878 5210.714480075829 214.86434079165204 52.90822039952669 7220 7224 5209 5214 18.0 1.5824432473441215 0.757957076361116 -70.36966643316242 0.8778263622642112 0.011025236978125654 0.31302803722779743 0.0 2.4693604580101485 0.7973022 6.1263079135146725 1.583989383125194 1.7643088078899463 0.3904909499761635 2.393653682408596 4.181596307153591 2.5294003840776402 1.5086018278257067 2.660638927543987 3.8038538863999327 False
2968 9487.658051560491 5212.449065725647 214.84406820217563 52.893835506613016 9483 9492 5209 5216 65.0 2.1747745964949194 1.9481293827038895 -18.426766141525107 0.4444886082110026 0.01037576132870425 0.7011462179854876 0.0 25.146098521514123 1.6040516 91.61676234470403 5.804128271101325 3.1482300326110417 0.24302483733286068 4.54864184146723 176.7521989681225 9.43276073721926 3.538287270386882 9.067778392564001 13.145764096791833 False
2969 1410.6004365928986 5213.5602426353 214.9163260620755 52.94514217815641 1407 1413 5210 5217 43.0 1.86412777039926 1.5059210807378387 -79.57888808479385 0.5893988280420276 -0.012844984007297767 0.5174887384000305 0.0 12.806494936308763 0.993866 26.83617962834027 2.7612396177925773 2.4236992518594294 0.24262379760120636 3.6996385101659595 33.58741482161806 4.543085106138564 2.0237505555404764 3.8077708147084106 6.266852387817453 False
2970 385.06556833427584 5215.681973506624 214.92549192862498 52.951664066222364 380 390 5211 5221 94.0 2.4731253912126467 2.188458243242587 -54.8924381853222 0.46578905462099884 0.09140696609274053 1.3215326005118528 0.0 49.64890406253437 1.5722013 73.82576866239262 3.286934879980282 1.9464152779209707 0.30228749263055765 5.4700209598571305 72.03489958998497 5.034174704736725 2.166311787195525 4.06150088628843 7.28543853201943 False
2971 9657.901811462434 5215.013669843025 214.84251977186628 52.89276757295606 9653 9663 5211 5218 66.0 2.6723185279802717 1.713420100355718 27.57048686464783 0.7673958627337357 0.06138890296232507 0.5576422867924214 0.0 19.743241896320196 1.6321647 40.92910162216215 4.738370802358568 2.4063273677944603 0.22925385664464792 4.583497844237541 50.20196117610809 7.492098795643492 2.701381688610216 4.720599897804307 8.301271129213246 False
2972 6358.224710212416 5220.3549750989905 214.8719652788538 52.91375967889542 6354 6363 5215 5225 76.0 2.606412613308486 1.92504760890334 -69.0915903747588 0.6741644216861675 0.08113968464868981 0.5569948980718659 0.0 21.22407378906962 1.4441295 89.28578861859728 5.004595885223203 3.0498507830833805 0.2268500548106809 4.918490759365935 117.64639363246357 8.059550006709596 4.300794386432279 8.295773584896589 14.466329856159682 False
2973 7186.215391800026 5221.84073692013 214.86454404714388 52.908508041387776 7178 7193 5215 5229 187.0 3.0707653832970165 2.6556053564359163 -52.63600049601908 0.5021123003222462 -0.03569624753714594 3.6582141782541435 0.0 176.9304595250514 2.5157847 220.5518158943289 4.631698881356339 1.9896498340688027 0.4715626995539647 7.715176518808164 245.43913415599923 7.617044174376345 2.167986221411336 4.0938527846635875 7.784973663856452 False
2974 6530.836832489789 5219.363925628279 214.87043172041288 52.91265788624338 6527 6534 5216 5224 54.0 2.0649393183915903 1.6264183483812438 -71.15650781711358 0.6161421972352609 -0.09395803333652056 0.46575409868592726 0.0 9.886928053916291 1.2726176 29.120013332315104 4.17344694755908 2.940364675225844 0.36099799212069983 4.145929793656026 14.411880403112212 6.623076817206582 2.6538599432990537 5.369696875296342 7.782691169886804 False
2975 3562.85064444966 5228.058458521398 214.8968993299466 52.93155490423094 3554 3571 5218 5241 319.0 4.272514473279954 2.9958659619504813 71.97127018992283 0.7129695044333157 0.08921211639531186 5.863300418246166 0.0 360.9723602973239 2.9227433 411.5933329328344 4.350245627521961 1.6924702909285534 0.5125575713027847 10.076748170547344 436.3439875254355 7.087127890101572 2.3470371683587117 4.541393234383154 8.513519092085415 False
