outputs/dr0.5_c0.1/nircam6_f125w_dr0.5_c0.1.ecsv
# %ECSV 1.0
# ---
# datatype:
# - {name: label, datatype: int64}
# - {name: xcentroid, datatype: float64}
# - {name: ycentroid, datatype: float64}
# - {name: sky_centroid.ra, unit: deg, datatype: float64}
# - {name: sky_centroid.dec, unit: deg, datatype: float64}
# - {name: bbox_xmin, datatype: int64}
# - {name: bbox_xmax, datatype: int64}
# - {name: bbox_ymin, datatype: int64}
# - {name: bbox_ymax, datatype: int64}
# - {name: area, unit: pix2, datatype: float64}
# - {name: semimajor_sigma, unit: pix, datatype: float64}
# - {name: semiminor_sigma, unit: pix, datatype: float64}
# - {name: orientation, unit: deg, datatype: float64}
# - {name: eccentricity, datatype: float64}
# - {name: min_value, datatype: float64}
# - {name: max_value, datatype: float64}
# - {name: local_background, datatype: float64}
# - {name: segment_flux, datatype: float64}
# - {name: segment_fluxerr, datatype: float32}
# - {name: kron_flux, datatype: float64}
# - {name: kron_fluxerr, datatype: float64}
# - {name: kron_radius, unit: pix, datatype: float64}
# - {name: gini, datatype: float64}
# - {name: equivalent_radius, unit: pix, datatype: float64}
# - {name: kron4_2_flux, datatype: float64}
# - {name: kron4_2_fluxerr, datatype: float64}
# - {name: radius_kron20, unit: pix, datatype: float64}
# - {name: radius_kron50, unit: pix, datatype: float64}
# - {name: radius_kron80, unit: pix, datatype: float64}
# - {name: near_border, datatype: bool}
# meta:
#   PHOTMJSR: 0.3925000131130219
#   PIXAR_SR: 2.11539874851881e-14
#   __serialized_columns__:
#     area:
#       __class__: astropy.units.quantity.Quantity
#       unit: !astropy.units.Unit {unit: pix2}
#       value: !astropy.table.SerializedColumn {name: area}
#     eccentricity:
#       __class__: astropy.units.quantity.Quantity
#       unit: !astropy.units.Unit {unit: ''}
#       value: !astropy.table.SerializedColumn {name: eccentricity}
#     equivalent_radius:
#       __class__: astropy.units.quantity.Quantity
#       unit: !astropy.units.Unit {unit: pix}
#       value: !astropy.table.SerializedColumn {name: equivalent_radius}
#     kron_radius:
#       __class__: astropy.units.quantity.Quantity
#       unit: &id001 !astropy.units.Unit {unit: pix}
#       value: !astropy.table.SerializedColumn {name: kron_radius}
#     orientation:
#       __class__: astropy.units.quantity.Quantity
#       unit: &id002 !astropy.units.Unit {unit: deg}
#       value: !astropy.table.SerializedColumn {name: orientation}
#     radius_kron20:
#       __class__: astropy.units.quantity.Quantity
#       unit: *id001
#       value: !astropy.table.SerializedColumn {name: radius_kron20}
#     radius_kron50:
#       __class__: astropy.units.quantity.Quantity
#       unit: *id001
#       value: !astropy.table.SerializedColumn {name: radius_kron50}
#     radius_kron80:
#       __class__: astropy.units.quantity.Quantity
#       unit: *id001
#       value: !astropy.table.SerializedColumn {name: radius_kron80}
#     semimajor_sigma:
#       __class__: astropy.units.quantity.Quantity
#       unit: !astropy.units.Unit {unit: pix}
#       value: !astropy.table.SerializedColumn {name: semimajor_sigma}
#     semiminor_sigma:
#       __class__: astropy.units.quantity.Quantity
#       unit: !astropy.units.Unit {unit: pix}
#       value: !astropy.table.SerializedColumn {name: semiminor_sigma}
#     sky_centroid:
#       __class__: astropy.coordinates.sky_coordinate.SkyCoord
#       dec: !astropy.table.SerializedColumn
#         __class__: astropy.coordinates.angles.Latitude
#         unit: *id002
#         value: !astropy.table.SerializedColumn {name: sky_centroid.dec}
#       frame: icrs
#       ra: !astropy.table.SerializedColumn
#         __class__: astropy.coordinates.angles.Longitude
#         unit: *id002
#         value: !astropy.table.SerializedColumn {name: sky_centroid.ra}
#         wrap_angle: !astropy.coordinates.Angle
#           unit: *id002
#           value: 360.0
#       representation_type: spherical
#   astropy version: '5.1'
#   make_catalog parameters:
#     ab_zpt: 31.4
#     coadd_bands: !!python/tuple [f277w, f356w]
#     deblend_contrast: 0.001
#     deblend_nlevels: 32
#     deblend_npixels: 1
#     detect_kernel_fwhm: 4.0
#     detect_kernel_npix: 7
#     detect_npixels: 4
#     detect_threshold_nsigma: 3.0
#     flag_isolated_buffer: 4
#     hst_bands: !!python/tuple [f606w, f814w, f125w, f140w, f160w]
#     jwst_bands: !!python/tuple [f115w, f150w, f200w, f277w, f356w, f410m, f444w]
#     near_border_kernelsize: 21
#     reference_band: f200w
#   make_catalog version: 1.4.0
#   photutils version: 1.5.0
# schema: astropy-2.0
label xcentroid ycentroid sky_centroid.ra sky_centroid.dec bbox_xmin bbox_xmax bbox_ymin bbox_ymax area semimajor_sigma semiminor_sigma orientation eccentricity min_value max_value local_background segment_flux segment_fluxerr kron_flux kron_fluxerr kron_radius gini equivalent_radius kron4_2_flux kron4_2_fluxerr radius_kron20 radius_kron50 radius_kron80 near_border
[from data line 3089]
3090 2463.9032991991508 3689.827779059125 214.86663666438332 52.857076635758744 2463 2465 3689 3691 8.0 0.8366938147935462 0.7060917509186558 -43.12118534080276 0.5364895228386986 0.21655459071683078 0.3058072699825152 0.0 2.1842822132185757 2.1380672 34.45867693020806 10.051374244556655 3.963544468880476 0.05690649924326125 1.5957691216057308 55.79904111423755 15.987993790495702 2.8062211077971577 4.580297623169264 6.230646508876499 False
3091 4206.478697252978 3698.140469887567 214.85098733598693 52.84605082864424 4199 4214 3689 3710 236.0 4.996292999840706 3.0969428127469505 63.628344902448994 0.7847218046267989 0.06863736652701098 0.8134480786003997 0.0 92.68416291161498 11.504284 154.14440482863498 28.82453897470718 2.2478671712955545 0.23480608544822631 8.667244841319219 122.66301435524502 46.34170520915455 4.085830516092266 7.49869025956307 11.517910547806528 False
3092 9535.928461402327 3695.823747025833 214.8034668567554 52.8121675434487 9529 9543 3689 3702 143.0 3.800721922323212 2.6165352311172128 -33.09338821075466 0.7253017301656517 0.010377575710686444 0.6559737463901081 0.0 52.10976200061482 9.771734 87.66589647434569 16.29228685628397 1.4 0.21327925426628322 6.746726148605861 82.8318425225784 26.07145277574414 3.445368697327868 6.013426649483448 8.769514309302279 False
3093 6713.64427771646 3692.693397967218 214.82866858697744 52.83008978580753 6707 6717 3690 3697 64.0 1.6852307945418386 1.3265702039128087 45.196374208316826 0.6167307172038409 -0.20780900528806032 0.3243582270039417 0.0 3.908866586971822 7.5380454 10.763248996431948 16.334514526878834 2.6616278165337315 0.47627987891685675 4.51351666838205 24.073414044473417 26.177157244907924 1.5653264308384651 9.076878381223917 10.375578654542931 False
3094 7694.776663256662 3693.533749280304 214.81990776520541 52.82385860785501 7693 7697 3691 3697 31.0 1.4880571089624435 1.283865766624127 87.39505989868205 0.5055797075876955 -0.015229534038205015 0.2947663599034077 0.0 5.63365221323444 4.505992 19.274896074308753 14.640890695647242 2.916979711229458 0.2550279752543062 3.141274657157109 10.563176325731025 23.6607154712529 2.276454153102811 4.5164882238342905 7.578332279890018 False
3095 4178.129642123349 3699.789710537241 214.85122309058755 52.84623984057242 4174 4183 3696 3704 67.0 2.724785617140467 1.699041594580875 -40.5390986886185 0.7817830264439625 0.15379680413987565 0.5164462052692634 0.0 23.644109901114966 6.1161337 69.35181139082329 19.848673583074053 2.8500550517753673 0.15725493767963758 4.61809077155419 102.91621479740485 31.80681626743559 3.2881043354673762 6.369939819180224 10.87805479298258 False
3096 9621.00651194636 3726.163884686351 214.8023893561887 52.81179015489003 9590 9654 3697 3755 2707.0 10.752640985085717 8.866700239015167 40.604208625811815 0.5657063927746472 0.022317624222044693 10.6406076399861 0.0 5049.653323491753 43.24522 5301.569047770043 52.5560501968274 1.4637308569308747 0.5682462596238523 29.354128532448744 5552.333629959459 84.59834946120951 6.226695054166278 11.610129204774392 19.505036014701044 False
3097 2556.6956183890866 3716.3327689796465 214.8655289422328 52.85663012977136 2548 2565 3700 3730 431.0 5.923665225241429 3.621276442645349 -84.76723642954168 0.7913807156503689 -0.07493765079388745 1.4333764673213816 0.0 220.4015911325706 15.094553 235.6993723097276 20.96368538699658 1.4 0.3992037093748393 11.71288013023329 234.22298839467953 33.61173826691507 3.5842525478390552 6.261761393797646 9.495245758084385 False
3098 6171.115940655921 3700.0 214.83343231532692 52.83357700204618 6170 6172 3700 3702 7.0 0.8595584070283956 0.28867513459481287 0.0 0.9419186176942664 -0.2546219124457599 0.0741457358983441 0.0 -0.3928677871680978 2.044193 3.7635137777522343 7.185939934334733 4.088883861186069 -0.6079562647739194 1.4927053303604616 3.5621030213845426 11.435835643341706 5.787035949955089 6.9426166214232765 7.7419853870178486 False
3099 8068.118684264063 3701.6159197602265 214.81649309649356 52.82152917382466 8067 8070 3700 3703 14.0 1.0504138148888549 0.9614779065130307 -32.139342100913105 0.40269890575836575 0.08677058094462134 0.325477505001812 0.0 2.499553316307157 3.0073361 10.54923223699867 10.635009199355718 2.9370539646643747 0.23984672005789323 2.111004122822376 21.452376609640865 17.173942350734855 1.815224889189166 2.951645420829875 4.021652528718758 False
3100 8196.434844292748 3704.8765205422424 214.81531449493053 52.820731135832425 8188 8203 3700 3710 126.0 3.1969360962334745 2.37678521832955 8.504457301660038 0.6687834956299112 0.060990656895085524 1.069296952021427 0.0 69.7726737555747 9.487188 100.08873222114804 19.235662003146253 1.8960119461002944 0.2752702369414141 6.333012368467128 102.108296037027 30.42202408687235 2.635714313954093 4.631604763024789 7.105657544057628 False
3101 6966.6324148196645 3722.6165577818133 214.82609686425351 52.82864323692181 6948 6987 3701 3748 1290.0 8.586343615906534 5.999607199018952 -77.61844446841033 0.7153773680613482 -0.22908447323630934 4.383730215705606 0.0 1060.5622581532834 29.538969 1221.8465616247097 46.430912335560556 1.784653234464021 0.5180414629295251 20.263754666327017 1323.0230252248896 73.9928054059754 4.837700752673341 9.562082821591936 17.047821944006085 False
3102 7709.384793829878 3707.035712797379 214.81963545570522 52.82383852733651 7705 7713 3703 3710 58.0 2.2180024066250428 1.7161521707762746 7.7954272689875035 0.633506044762856 -0.022298584448305427 0.4550038688777767 0.0 15.73526885660937 6.213208 39.82993013387496 22.095383996175617 3.0769177462275557 0.222951996582962 4.296739856991561 47.49266314647724 35.30577664132875 2.679415243820341 5.222810707323771 8.151616314194134 False
3103 8457.376096939128 3705.3708071342626 214.812982390861 52.819075157087724 8455 8461 3703 3708 35.0 1.8717623981698035 1.1765553325490041 31.997902010310675 0.7777436721059651 -0.012701012299149727 0.3068565202395853 0.0 5.778835342712208 4.8585224 16.328229957783982 13.958655252959618 2.6156731524644314 0.3066276808015883 3.3377905890622728 31.603597536093414 22.380715236428514 2.21345334334308 4.270904519710391 6.386224033354379 False
3104 3152.126251196021 3713.3035537928754 214.86024264159062 52.85283118509274 3139 3166 3704 3724 448.0 5.605739034105847 4.145937169633218 6.07781946179193 0.6730599008502597 -0.022256453479161255 1.331360446986964 0.0 215.46695021182535 15.788774 270.2056014248778 24.49865850723948 1.5522133557209203 0.38352152223373004 11.941642642883693 264.20569797816745 38.946636860206944 3.9009971790543356 7.265569772952977 12.138097556985274 False
3105 9890.015295066358 3708.616401293574 214.80017607158462 52.80998543035569 9887 9894 3705 3713 51.0 1.9181507517850496 1.5082577499362462 71.0849170228645 0.6178343992915639 -0.04116509666333372 0.5568364029151389 0.0 13.817221726589928 5.8773694 35.424654650853164 17.27493019364951 2.7846461671068523 0.35265799758665267 4.029119531035698 -0.730227988192123 27.913469122007296 2.2550822969692685 4.272681273210935 7.152263019403376 False
3106 2846.9200503836064 3709.14376315117 214.86301228019002 52.85474767077856 2842 2851 3706 3713 58.0 2.284895983422634 1.7696559143935173 -48.40107558827351 0.6325717785885384 0.012853101902762995 0.43359230148957245 0.0 14.842267919304255 5.514784 28.89569905624466 9.159200562272943 1.4056118387750622 0.2099864979851734 4.296739856991561 27.019252810404634 14.720596062337103 2.4610477774013297 4.065249765409491 5.495220425064575 False
3107 3592.149271271975 3709.18079159071 214.85635648351195 52.85001345452397 3590 3593 3707 3710 12.0 1.0128961785937332 0.4996744797946062 -38.68372504423084 0.8698520834711946 -0.04844298884615272 0.1651424705194466 0.0 0.5716874817809212 2.7538145 17.27165079253489 9.39902896737368 4.030281325311419 0.5654880667440104 1.9544100476116797 31.18934468594799 14.979311407182692 3.147591866838686 4.780620638770528 5.925052954036382 False
3108 8052.352790950241 3708.463130699329 214.81656167637658 52.821666285820505 8051 8054 3707 3711 18.0 1.2402810915113418 1.0142475690008688 -61.233008099040205 0.5755647447275178 0.11650722263032559 0.3856170387275528 0.0 5.108495222932757 3.5791478 16.622691119611215 11.176481805414184 2.7283486626780915 0.17229056046808103 2.393653682408596 34.60239113728962 17.951339044069574 1.805579899596429 3.3112762286504833 5.600910435025593 False
3109 1863.193020776707 3711.971669775232 214.8717701056677 52.861011938078164 1861 1866 3710 3714 25.0 1.4096304762283398 1.176164519472806 -8.328173169866908 0.5511928124617396 0.04114229266360014 0.2659274173360291 0.0 4.052900239282428 3.928584 10.79074841383331 11.760405191932945 2.6976997947543118 0.23305463657706746 2.8209479177387813 26.702869915219523 18.921128628007185 1.8161669803169131 3.4992708742485568 5.904080819528448 False
3110 7435.881586454053 3713.059542170293 214.82201155595584 52.82560934727535 7434 7440 3710 3718 44.0 1.8533909574212726 1.1698318968533525 -80.90791053938574 0.7756326161648118 -0.009301161698133418 0.27631170663195853 0.0 6.023812368122802 5.318162 12.833941075042205 11.778370571544203 2.2286247935274734 0.4315099467542559 3.742410318509555 14.009536244031565 18.950711146644736 1.844696511642497 3.3235295113134664 5.397936610163962 False
3111 3370.6271148408805 3717.760080232539 214.8582444192975 52.85146708306644 3365 3376 3713 3722 91.0 2.8935824236720458 1.9453074875065623 -4.169639159356307 0.7402938628323044 -0.03738195069125548 0.3748019520623809 0.0 17.717845589773415 6.9129534 28.037074570392704 13.926546778264258 1.8160701793612337 0.3047833994466961 5.382025607773058 26.456718638659694 22.42650492384289 2.411062721086451 4.487659942071608 7.5571941127013424 False
3112 1340.9468075465663 3721.8328682826073 214.87633257661582 52.864382380145535 1332 1349 3716 3727 153.0 4.026650786455602 2.6113258478396313 -23.424085263526656 0.7612055962148545 0.12472665705553578 0.6790048883559558 0.0 65.88331993211831 9.303551 128.92833332057342 25.52876653654453 2.319718515549401 0.1721151298408136 6.978639737521917 173.60863669863815 41.0094456419009 3.8498275524057255 6.883537609481887 11.462785145387727 False
3113 3955.1414524279076 3725.776260774158 214.85294065401985 52.84779673181415 3939 3971 3718 3735 454.0 6.622687799158224 3.634339818732759 4.675205832750813 0.8359726400472884 0.06908552395343666 1.8750828633022183 0.0 353.9882412817972 15.577184 422.69014997014534 25.58163110556426 1.5898436168363528 0.346585527874351 12.02134303343187 435.6480239458436 41.04689367477362 4.189900973482286 7.38294240568279 11.823174912759548 False
3114 6318.232424050352 3724.306104577587 214.83186394810264 52.83277310166006 6315 6322 3722 3726 29.0 1.7337743809965473 1.1282784698819417 -28.062471275037705 0.7592798081013817 0.044363131331649555 0.203456505879205 0.0 3.6572001499321054 3.4985406 7.019778802337388 8.870065216753114 2.1663691496086948 0.2105049959819151 3.0382538898732494 6.95426268178475 14.158840496625128 1.6531757597230676 2.8643462702041083 4.156128522427425 False
3115 8176.446940000185 3730.8244743734817 214.8152198131674 52.82099801986239 8172 8182 3724 3736 76.0 3.5489033548604794 1.4046193005823413 -48.98941484372958 0.9183411861851292 -0.20379655385495016 0.32992473802339833 0.0 11.235724091923096 7.2656546 55.27012382773045 26.760538238585525 3.3010960732378503 0.2844586106164009 4.918490759365935 88.7224503584757 43.034373353104954 4.9653894242300405 9.288012400468814 13.164146483820174 False
3116 3999.0526375222717 3728.314703790226 214.85252187955794 52.84753143081913 3996 4004 3725 3731 48.0 1.8310140087533504 1.508424912941851 -55.00771578224416 0.5668523179965667 -0.07103219922960795 0.22045260272238418 0.0 5.844816131155362 5.0669928 9.554395176433347 7.569474450836433 1.4 0.30146871754643495 3.9088200952233594 3.0611646998084234 12.339813517806778 1.7441716568057175 2.985910288271657 4.2840310431916695 False
3117 6007.1395456476685 3729.6415981655955 214.83458370191698 52.83477884392271 6003 6011 3725 3734 70.0 2.4131546726778694 2.0114198775896592 51.65967136427862 0.5524847864985568 0.0884287426647374 0.47419924455489737 0.0 19.59152257452675 6.352608 40.15330684221894 13.96897148404421 1.88289118586842 0.2013269687738275 4.720348719413148 32.28592852744776 22.455520996333167 2.6918736815367796 4.744463668608555 7.081759044951848 False
3118 3455.272621450166 3727.2843614904837 214.85738832134274 52.85098068383585 3453 3457 3726 3729 16.0 1.4239319108139812 0.8395274771765574 28.722804125358536 0.807707064729073 0.17274607779679393 0.4041357904620543 0.0 5.406344705961081 3.0911074 30.26002687417369 12.038033384592296 3.3865044839834115 0.0989427154493092 2.256758334191025 33.808020455772635 19.365354170300485 2.4646780047054553 4.705662249657243 6.90007905896072 False
3119 7546.172420645475 3728.5951423649058 214.82086440116595 52.8249920874478 7543 7549 3726 3731 38.0 1.7945843780442834 1.5604146272404966 21.501396456172134 0.49390987791137986 0.29286616901516194 0.5416949620335345 0.0 16.13222818016114 5.258212 102.37328492890128 21.073592300342916 3.34930551214009 0.08433132682075267 3.477898169151024 144.76588041445888 33.40638300225055 4.058721333012837 8.500424247385181 12.09909255634473 False
3120 8234.667015388131 3735.2607361052965 214.81465396448252 52.820651861354236 8224 8248 3726 3744 360.0 5.592101879452393 3.4190129388250323 -25.223219448106946 0.7913214489246113 0.17764633850003134 2.325260757480211 0.0 349.6062269960632 15.527321 468.23568793257806 32.909762985382585 2.0457804969215543 0.34659164375433055 10.704744696916627 506.68799405275735 52.33194788923481 3.8608901676801004 7.080604397100894 12.760019405210846 False
3121 9136.411378037077 3732.513935928101 214.80664253842536 52.8149049912455 9127 9145 3726 3738 186.0 4.4884039192473475 2.7487969930641905 -21.864156707190915 0.7905310740568553 0.14353461387094751 1.0261216218094977 0.0 107.2904464378926 16.043472 555.7667043088322 53.823019296353735 3.3218043497454826 0.2298742539068931 7.694520051971082 1124.6460834117297 85.92296561822904 7.7792748887010825 18.1502070328822 25.18334869785429 False
3122 1515.9726169802852 3736.3101008248914 214.8746163403096 52.8633487505352 1506 1526 3729 3744 231.0 5.140341187454984 2.852178568990728 27.212494224205148 0.8319425870531407 0.031396240041471075 0.695782828485626 0.0 78.25982107505885 11.963159 88.40360089140745 22.367884882023812 1.658233199476656 0.23569308244594944 8.574939283076915 96.39922878922528 35.342619022378244 3.212391940454472 5.658892275429 8.107891189870116 False
3123 8689.008991643905 3738.8012012644303 214.81056536385276 52.81778291648403 8682 8696 3732 3747 133.0 4.774327158283113 2.0952084895491687 45.96549678146662 0.8985608458638227 0.05995231269163302 0.3509320191981413 0.0 26.060551330592517 9.828658 56.44466807912404 16.54306295205111 1.4 0.18008328406029792 6.506551687525748 44.65345424381779 26.064688382557918 3.9665993862033093 6.99540994656513 9.851622391744066 False
3124 8098.146949885924 3734.3294894468218 214.81588121258164 52.821514605137615 8097 8100 3733 3735 10.0 1.0029156861312842 0.6178936794597016 -12.084761128535618 0.7876700300618071 0.011029350985723444 0.16430705836657192 0.0 0.9306604671753351 2.5800757 2.771659153115901 8.181343756273982 2.8572100557100755 0.3338421062349293 1.7841241161527712 -10.753283800526663 13.23753515254057 1.1832503172518227 2.007840350280021 2.8011031955744863 False
