outputs/dr0.5_c0.1/nircam1_matched_f277w_f444w_dr0.5_c0.1.ecsv
# %ECSV 1.0
# ---
# datatype:
# - {name: label, datatype: int64}
# - {name: xcentroid, datatype: float64}
# - {name: ycentroid, datatype: float64}
# - {name: sky_centroid.ra, unit: deg, datatype: float64}
# - {name: sky_centroid.dec, unit: deg, datatype: float64}
# - {name: bbox_xmin, datatype: int64}
# - {name: bbox_xmax, datatype: int64}
# - {name: bbox_ymin, datatype: int64}
# - {name: bbox_ymax, datatype: int64}
# - {name: area, unit: pix2, datatype: float64}
# - {name: semimajor_sigma, unit: pix, datatype: float64}
# - {name: semiminor_sigma, unit: pix, datatype: float64}
# - {name: orientation, unit: deg, datatype: float64}
# - {name: eccentricity, datatype: float64}
# - {name: min_value, datatype: float64}
# - {name: max_value, datatype: float64}
# - {name: local_background, datatype: float64}
# - {name: segment_flux, datatype: float64}
# - {name: segment_fluxerr, datatype: float32}
# - {name: kron_flux, datatype: float64}
# - {name: kron_fluxerr, datatype: float64}
# - {name: kron_radius, unit: pix, datatype: float64}
# - {name: gini, datatype: float64}
# - {name: equivalent_radius, unit: pix, datatype: float64}
# - {name: kron4_2_flux, datatype: float64}
# - {name: kron4_2_fluxerr, datatype: float64}
# - {name: kron4_2_mag, datatype: float64}
# meta:
#   PHOTMJSR: 0.3925000131130219
#   PIXAR_SR: 2.11539874851881e-14
#   __serialized_columns__:
#     area:
#       __class__: astropy.units.quantity.Quantity
#       unit: !astropy.units.Unit {unit: pix2}
#       value: !astropy.table.SerializedColumn {name: area}
#     eccentricity:
#       __class__: astropy.units.quantity.Quantity
#       unit: !astropy.units.Unit {unit: ''}
#       value: !astropy.table.SerializedColumn {name: eccentricity}
#     equivalent_radius:
#       __class__: astropy.units.quantity.Quantity
#       unit: !astropy.units.Unit {unit: pix}
#       value: !astropy.table.SerializedColumn {name: equivalent_radius}
#     kron_radius:
#       __class__: astropy.units.quantity.Quantity
#       unit: !astropy.units.Unit {unit: pix}
#       value: !astropy.table.SerializedColumn {name: kron_radius}
#     orientation:
#       __class__: astropy.units.quantity.Quantity
#       unit: &id001 !astropy.units.Unit {unit: deg}
#       value: !astropy.table.SerializedColumn {name: orientation}
#     semimajor_sigma:
#       __class__: astropy.units.quantity.Quantity
#       unit: !astropy.units.Unit {unit: pix}
#       value: !astropy.table.SerializedColumn {name: semimajor_sigma}
#     semiminor_sigma:
#       __class__: astropy.units.quantity.Quantity
#       unit: !astropy.units.Unit {unit: pix}
#       value: !astropy.table.SerializedColumn {name: semiminor_sigma}
#     sky_centroid:
#       __class__: astropy.coordinates.sky_coordinate.SkyCoord
#       dec: !astropy.table.SerializedColumn
#         __class__: astropy.coordinates.angles.Latitude
#         unit: *id001
#         value: !astropy.table.SerializedColumn {name: sky_centroid.dec}
#       frame: icrs
#       ra: !astropy.table.SerializedColumn
#         __class__: astropy.coordinates.angles.Longitude
#         unit: *id001
#         value: !astropy.table.SerializedColumn {name: sky_centroid.ra}
#         wrap_angle: !astropy.coordinates.Angle
#           unit: *id001
#           value: 360.0
#       representation_type: spherical
#   astropy version: '5.1'
#   kernelfile: kernel_f277w_f444w.fits
#   make_catalog parameters:
#     ab_zpt: 31.4
#     coadd_bands: !!python/tuple [f277w, f356w]
#     deblend_contrast: 0.001
#     deblend_nlevels: 32
#     deblend_npixels: 1
#     detect_kernel_fwhm: 4.0
#     detect_kernel_npix: 7
#     detect_npixels: 4
#     detect_threshold_nsigma: 3.0
#     flag_isolated_buffer: 4
#     hst_bands: !!python/tuple [f606w, f814w, f125w, f140w, f160w]
#     jwst_bands: !!python/tuple [f115w, f150w, f200w, f277w, f356w, f410m, f444w]
#     near_border_kernelsize: 21
#     reference_band: f200w
#   make_catalog version: 1.4.0
#   photutils version: 1.5.0
# schema: astropy-2.0
label xcentroid ycentroid sky_centroid.ra sky_centroid.dec bbox_xmin bbox_xmax bbox_ymin bbox_ymax area semimajor_sigma semiminor_sigma orientation eccentricity min_value max_value local_background segment_flux segment_fluxerr kron_flux kron_fluxerr kron_radius gini equivalent_radius kron4_2_flux kron4_2_fluxerr kron4_2_mag
[from data line 2060]
2061 934.2798610566562 2543.6294639760126 215.02108071008672 53.006072261971624 932 936 2542 2545 16.0 1.1823267105703066 1.0217392069289188 12.322467936158493 0.5031884476321963 0.23539786167605287 0.31088959169041147 0.0 4.433748422200017 0.62496305 20.23408049132935 2.499603617735235 3.1836503345364844 0.046978897118617295 2.256758334191025 25.94293852298141 3.996035187559797 27.864952083733435
2062 1520.1519613692685 2545.025587419895 215.0158017779283 53.002364832528805 1517 1524 2542 2548 40.0 1.9608116830601963 1.4429861914325957 36.8181047858052 0.6770764501340962 0.16782899609724275 0.37666131661520835 0.0 10.887924097575688 1.0007398 25.63036024850191 3.0984743498175162 2.544750327524331 0.11969218067599723 3.5682482323055424 27.75014055919528 4.942754022725778 27.79183703190026
2063 9160.61448386616 2544.3831736937373 214.947239499929 52.95389221942432 9160 9161 2542 2546 8.0 1.304258026354587 0.4468754253015438 -80.94408464552983 0.939471126641758 0.296495959924211 0.3376948173582726 0.0 2.5610431766381487 0.5609084 23.94785997715691 2.5091390890392073 3.7946881126739527 0.027984741753696175 1.5957691216057308 28.409295854139803 3.9817201559461783 27.76634882615124
2064 301.78348903905885 2549.181637153638 215.0267063679919 53.01011264228068 293 310 2543 2555 187.0 3.8280090191595786 2.6709320928292715 10.453249060528313 0.7163569276546955 0.17113365772622552 1.3517957660051627 0.0 99.52822138632308 2.0771816 137.52525563526927 4.4423993995218805 2.020849319885266 0.3215207786794207 7.715176518808164 149.83704525677518 7.226458369065922 25.96095199927509
2065 2010.0606712042525 2546.3106392985055 215.01138696695867 52.999265119080434 2009 2011 2544 2548 11.0 1.291587547824912 0.6380516887443309 -65.44486185945435 0.8694586296353128 0.23721073724270858 0.2701839251911143 0.0 2.7966499772525744 0.5211001 24.720713500187355 2.2381260309421855 3.592374946365183 0.028731599697763233 1.8712051592547776 32.25796355795637 3.551684215492506 27.628407632623237
2066 9286.495537789153 2547.2353519460326 214.94608102366226 52.953108732954774 9283 9290 2544 2551 52.0 1.9933675250952647 1.7576051543943596 44.10208537274072 0.4717607625254389 0.23072618852157803 0.5937308393168959 0.0 20.284193288370805 1.636839 43.26712444942925 4.432029827778001 2.5058584320579813 0.15436249403912827 4.068428945128219 53.08373650079516 6.81447440930306 27.087596288154828
2067 8803.666441189902 2550.4992999653286 214.95037507394187 52.95619052451612 8796 8812 2546 2555 132.0 4.084158474148684 2.051772270126418 -9.38783231932998 0.8646508213774398 0.12146654586842418 0.6343702753829515 0.0 49.597703667033244 2.3674505 74.34944463621108 5.157210550380125 2.005687194626924 0.22060746547908536 6.4820448144285745 64.82125276655312 8.24523923832493 26.870706449599247
2068 9126.230569109348 2562.7853415515665 214.94735388199138 52.954209816085516 9111 9143 2546 2578 767.0 6.088365217756264 4.796024367179283 39.1387382744268 0.6160130024150821 0.17224457896999698 11.031739930323617 0.0 1041.0792463218909 5.6309433 1140.1537457392237 7.765478260484063 1.647533125480513 0.5442715457180625 15.625097846188595 1236.8240588813 12.316000801070997 23.66923018846055
2069 1198.8702231300203 2550.208368302086 215.01863385654227 53.00443011236667 1197 1201 2548 2552 21.0 1.349168011554459 1.1469668315779276 -41.36568787979862 0.526574505382651 0.18898324900761596 0.3071323769886032 0.0 5.407686115958362 0.71761334 20.991183966644236 2.8052834184008284 3.0104269827496735 0.07636275617565431 2.5854414729132054 26.401927650073592 4.323166796066977 27.845910908466735
2070 2053.6946712663944 2552.883420291385 215.0109257376178 52.99902394903999 2051 2056 2550 2556 32.0 1.5940362731470392 1.503128023587541 -86.23726617106982 0.33287836530945153 0.19221028969494625 0.29153103473834424 0.0 7.980400339805509 0.8757473 33.52396565216513 3.338018075017204 3.0756336183507744 0.06767858330186033 3.1915382432114616 50.88870141762396 5.342625659913242 27.133446578375604
2071 3649.3351807723543 2553.105436663596 214.9965929537895 52.98890551034133 3644 3656 2550 2557 68.0 3.3427641044467302 1.5104750587845754 24.01734236283032 0.8920867920415857 0.2077833690102316 0.43818187255819396 0.0 21.694875471141703 1.3406272 62.88954223730289 4.5039704944607655 2.773330349264074 0.10779188146440322 4.652426491681278 80.17715958098825 7.175671406585042 26.639873333675755
2072 9262.243952418386 2556.5290276800056 214.94620051739125 52.95331283532472 9259 9265 2552 2561 56.0 2.535853340487425 1.6144555538665122 -89.53478050562725 0.7711514154734805 0.2235517682150197 0.42409046761694835 0.0 18.51752758783382 1.586268 52.29415324194321 4.761496926540673 2.6737792827346314 0.09476207982391259 4.222008245644752 56.704399109910135 7.497738468118548 27.01595811841813
2073 1395.006507533574 2558.1413948836603 215.0167879613038 53.00322930672499 1391 1399 2554 2562 61.0 2.4867162548020008 1.6099846686970558 -49.73162418881633 0.7621215170820017 0.1680395853226354 0.5598904388898222 0.0 20.81188447250327 1.2146411 48.05526038246197 3.827515338500616 2.6627439550282457 0.18353618493839446 4.406461512053774 49.98444363837397 6.038013525916218 27.152912843821206
2074 202.50197687482213 2557.016884346261 215.02751612664557 53.01078448547807 200 204 2555 2559 19.0 1.233506554359913 1.1432971579619264 -87.67263700281498 0.37538860511413524 0.2559561696186524 0.42108790214076686 0.0 6.4241558139638535 1.0835241 21.65034088595439 4.169594648614276 2.9112298120858404 0.0869724270586014 2.4592453796829674 26.574334425395 6.7624267173858765 27.838844009767826
2075 8249.494741361994 2559.9489895982406 214.95524428011365 52.95975829473167 8244 8255 2555 2565 101.0 2.600118832805612 2.1464534600433596 25.46692722830879 0.564370973111894 0.16115569715275066 1.2113120676452025 0.0 51.552234547452564 1.9514425 76.63502550647732 4.455160926215055 2.1240637933038258 0.31361658467060877 5.670035141386943 88.06472569067887 7.200596240055495 26.53799503332801
2076 3672.897829196114 2557.1540373733915 214.99633872984066 52.988777944503326 3672 3674 2556 2558 8.0 0.855087595211005 0.6766697967183589 42.2711961439689 0.6113690854934593 0.2915388129916121 0.3563863225945451 0.0 2.6107723576635196 0.43805513 12.111287480330834 1.7450096967649407 3.282412378696528 0.04170403669596394 1.5957691216057308 14.509484208737758 2.8474246204097966 28.495870064577694
2077 6393.069893416411 2564.7236444166756 214.9718447200996 52.97156330525938 6385 6400 2561 2569 118.0 3.7065803446281604 2.1568721555295123 7.836049103145054 0.8132578260194271 0.185796962512152 0.6028776971053602 0.0 42.609470476817776 1.8085247 85.42608409187946 5.195073360297692 2.378258032216466 0.16805994635756216 6.128667601500942 95.00522950919006 8.318616255906601 26.455631221396928
2078 8776.87170633383 2564.638822186188 214.95046634897946 52.95643693392699 8773 8781 2561 2568 58.0 1.5801395666505047 1.5262597427309945 -22.650462257229755 0.25890848082062023 -0.17254518485555054 13.499678744555974 0.0 251.32388073726173 1.6009688 222.16715161719242 2.2383725233204856 1.5288168116488092 0.4881153021445026 4.296739856991561 251.91182778090257 3.6519422713459115 25.396878602499388
2079 6878.234941793517 2565.8183665828656 214.96748074689037 52.968491019974905 6873 6883 2562 2570 80.0 2.455147959836247 1.902735464161339 -10.975698868954012 0.6319633332267586 0.16264309409112523 1.0520577748141604 0.0 40.76220691302286 1.6821644 52.27719793841084 2.757928692095024 1.547708274430319 0.2725771911484959 5.046265044040321 51.06600929741259 4.359078735058408 27.12967020007583
2080 7930.166619770628 2565.997212037526 214.95804405397388 52.96181730304509 7927 7933 2562 2570 44.0 2.0520918906060643 1.5840050189047878 -73.51022486613431 0.6357467533912184 0.244215808656734 0.43484600961517744 0.0 14.577191500105291 1.3290079 96.18646457957871 6.037627290231555 3.5296057693619725 0.09273809843451179 3.742410318509555 118.82731375947054 9.321672587991253 26.212709301341953
2081 3466.2910782305785 2566.6994703960386 214.9980932981011 52.99013995254758 3464 3469 2564 2570 28.0 1.6547547798346196 1.2147062506889585 -59.79665487150543 0.6790735393317174 0.23417492720936112 0.451914830560919 0.0 9.76400623376199 0.8885809 25.1038136469896 2.7225788992488376 2.646816495648617 0.10657151044373156 2.985410660720923 25.967626012380023 4.271045246112363 27.86391938053302
2082 1267.7894879620721 2578.756762765058 215.01771377048453 53.00414745785217 1249 1285 2565 2590 636.0 7.1966571767635035 4.92529529515169 -19.463745898854718 0.7291193768488428 0.17068315646221688 2.239104024625352 0.0 450.73311261780793 4.0841103 583.9025457485668 7.894494583212019 1.8874098809101771 0.3563552757033215 14.228319915326999 653.7980473355412 12.64153038555556 24.36139095209586
2083 7690.384910305513 2567.36578405646 214.9601799904675 52.963346217288 7689 7692 2566 2569 13.0 1.0590215437092916 0.9107536539508225 37.14858276684955 0.5103017886061068 0.2399323244812273 0.30409350014997344 0.0 3.6111988786166282 0.75129914 22.16458004310047 3.0532823296628937 3.447770268729217 0.046018950455403336 2.0342144725641096 17.970330318775673 4.837921969731508 28.26360984975635
2084 4165.995379968845 2568.7424257175126 214.99178950801283 52.985712962795326 4165 4167 2568 2569 4.0 0.696893747163509 0.43729276447819915 -0.23157088458869457 0.7786258845340351 0.267470930120638 0.28642583230966856 0.0 1.1120125407841752 0.32742715 16.219168826251074 1.5159707006028207 3.914493255299272 0.020912102143522533 1.1283791670955126 31.205103364729496 2.414393591603683 27.6644359362763
2085 660.770520750186 2574.489290076418 215.02321338220003 53.00797335850786 656 666 2569 2579 97.0 2.2487956940006737 2.1927347337191696 39.40759845941529 0.221894524750108 0.169660390181037 1.7775876767638332 0.0 65.53857340055316 1.4811937 103.54647892541678 3.7905945788779065 2.385470946232801 0.3687460067906551 5.556622981616415 140.19650879560368 6.04530693609309 26.0331570028293
2086 1205.95954408354 2570.1845457641407 215.01835965718453 53.00449317012615 1205 1207 2569 2572 10.0 0.9562765137747844 0.7694232368761705 89.40828093826971 0.5938127084283079 0.2682172343636211 0.3361064644506946 0.0 3.0416252185114425 0.47680202 14.607465230900303 1.9541099489362002 3.2210335122366414 0.049468836274172624 1.7841241161527712 19.565327882967267 3.2855632614192047 28.171282174088777
2087 1775.6346975364627 2572.995009036351 215.0132117569244 53.000895976157 1773 1778 2570 2576 36.0 1.7490614011156687 1.4401945309687436 -69.97269219557757 0.5674469863923276 0.192805244555883 0.4202501352869008 0.0 11.072455956768378 0.910895 24.32899366924279 2.7157117747073154 2.4866335502947665 0.12253588176974285 3.385137501286538 28.168890928461458 4.364674781424878 27.77557562952981
2088 4178.610058358947 2575.8866108821385 214.99160098612714 52.98567155981625 4172 4185 2570 2581 143.0 3.0619265462399037 2.7378885797505745 9.981680900858516 0.44772387734923635 0.18299414510541834 1.0518596943834932 0.0 65.48310252813768 1.8572711 208.11277228279278 6.303166851020993 3.016004097657374 0.27146348465991227 6.746726148605861 321.6779274410915 10.01890214498242 25.131446845098264
2089 6152.067350455606 2573.8351842955353 214.9739110014934 52.973141551143016 6147 6157 2570 2577 64.0 2.552437435141475 1.6641615438178665 -16.657111075964337 0.7582282854982031 0.2053057056178505 0.6157996106054445 0.0 24.934208605594403 1.3145646 41.56754281019725 3.1364178621108554 2.1408635422298823 0.17164879816484716 4.51351666838205 49.38574922533563 5.066941571722962 27.16599588303849
2090 8465.20834768584 2573.8414710105008 214.95316372689118 52.95846445333956 8460 8471 2570 2578 90.0 2.7303877180184415 2.001986597212133 -4.876394255989619 0.6799868674365828 0.1982317890284271 0.9401869261725119 0.0 43.036455710352286 1.9960665 128.77532125126805 6.418045851894379 3.04338614075856 0.24430831961992372 5.352372348458314 205.75218059210624 10.049049444897783 25.61663888343503
2091 9620.410345716724 2572.9562398927164 214.9428169811194 52.951128428368776 9617 9624 2570 2576 43.0 1.8373587358413068 1.5918256989380104 30.657099461181204 0.49940907636263443 0.26143288065701675 0.6537173736773831 0.0 18.760625189282138 1.264326 41.1281107585136 3.800451636690324 2.5617763313822217 0.15042418967378623 3.6996385101659595 38.809728302563116 6.236672590130161 27.427648494097568
2092 3194.704966861496 2576.5488636196983 215.00042828862584 52.991915698012406 3191 3199 2573 2580 59.0 2.134653617909864 1.791939891503834 -27.13146409989752 0.543433376098828 0.19825805769030286 0.6192343092120274 0.0 22.032616763940332 1.2686985 36.186121385350546 2.948297025837277 2.0943802690050957 0.1876286785409692 4.3336224206596095 32.934750644776045 4.642177373432659 27.60586405083913
2093 319.40302672684186 2576.7379155738236 215.0262576238885 53.010149944130724 318 320 2575 2578 8.0 0.9844599454668691 0.6464185377883099 -73.09269973982475 0.7542194040909316 0.22443913129555607 0.27336745616823616 0.0 2.004911338120223 0.42711467 18.1151369669331 2.062334141403743 3.6796005548873802 0.03810266881197311 1.5957691216057308 20.239735099744113 3.267766487226624 28.13448793974268
2094 1622.4230746881356 2577.8459279939443 215.01453709716694 53.00189376147108 1619 1626 2575 2582 47.0 1.8461271549626106 1.6964182341327112 -41.68555112968107 0.3944754144543215 0.1967164140455857 0.5596689639174579 0.0 16.612271252384783 1.0334718 26.562389374293094 2.5457955097469225 2.099386870719837 0.17480444000800135 3.8678889139475245 27.290481937780044 4.112652247242145 27.809971987037205
2095 8014.771643851319 2577.6432544022186 214.95716266753493 52.96134334426374 8013 8017 2576 2580 17.0 1.1902992238538308 1.060062904526925 -45.556732354162804 0.4548163952298153 0.23087390448266648 0.37213418062745923 0.0 5.25397863304936 0.7493573 16.781370887747254 2.7166728232136443 2.8430084671537106 0.07815912593634898 2.326213245840639 13.517263334322585 4.564203729838153 28.572778063720133
2096 10291.753975475014 2579.011450393766 214.93673639321096 52.94690016939064 10291 10292 2578 2580 4.0 0.7012297489642987 0.43066291097557907 89.4729326094713 0.7891863639179278 0.4136302941123795 0.4514444780105728 0.0 1.7221035336432322 0.3615564 17.078907044115525 1.6652189536924527 3.7889248694778392 0.02382975299821086 1.1283791670955126 22.419671368792088 2.6685823562964472 28.02342689413475
2097 4436.108782342042 2581.3156779436695 214.98923217649826 52.98406756919471 4433 4439 2579 2584 34.0 1.8617849079939264 1.2571875795513112 31.45795296434386 0.737580418351372 0.09958626314347034 0.5571679463961451 0.0 11.774831348924323 0.9083055 54.247290129921126 3.5944810765057 3.2353674225239546 0.18793186973846648 3.2897623212397704 100.9993689403478 5.738173270715514 26.38920334936965
2098 8699.964862800074 2585.294694370344 214.9509382620802 52.95703655348987 8694 8707 2580 2591 132.0 3.084201956702868 2.3812417231464846 -31.332977826788962 0.6355288674335501 0.12579018082466242 1.2059988263087031 0.0 63.377205088548386 2.575844 104.18132737177106 6.216396485510582 2.350354445938517 0.31996830413083793 6.4820448144285745 123.89756577327388 9.957650408721955 26.167343065408105
2099 297.90235602763505 2588.431350420514 215.02632763997465 53.01034949978776 296 300 2585 2592 30.0 2.055501227972407 1.0964465413210986 68.07473763278256 0.8458501906270504 0.23473965342857994 0.3394623977892976 0.0 8.807065070210529 0.8166519 35.82741583301311 3.106142437315049 3.093368225805526 0.06050020164668343 3.0901936161855166 46.992209154752445 5.049736209776145 27.219935344605496
