outputs/dr0.5_c0.1/nircam6_f606w_dr0.5_c0.1.ecsv
# %ECSV 1.0
# ---
# datatype:
# - {name: label, datatype: int64}
# - {name: xcentroid, datatype: float64}
# - {name: ycentroid, datatype: float64}
# - {name: sky_centroid.ra, unit: deg, datatype: float64}
# - {name: sky_centroid.dec, unit: deg, datatype: float64}
# - {name: bbox_xmin, datatype: int64}
# - {name: bbox_xmax, datatype: int64}
# - {name: bbox_ymin, datatype: int64}
# - {name: bbox_ymax, datatype: int64}
# - {name: area, unit: pix2, datatype: float64}
# - {name: semimajor_sigma, unit: pix, datatype: float64}
# - {name: semiminor_sigma, unit: pix, datatype: float64}
# - {name: orientation, unit: deg, datatype: float64}
# - {name: eccentricity, datatype: float64}
# - {name: min_value, datatype: float64}
# - {name: max_value, datatype: float64}
# - {name: local_background, datatype: float64}
# - {name: segment_flux, datatype: float64}
# - {name: segment_fluxerr, datatype: float32}
# - {name: kron_flux, datatype: float64}
# - {name: kron_fluxerr, datatype: float64}
# - {name: kron_radius, unit: pix, datatype: float64}
# - {name: gini, datatype: float64}
# - {name: equivalent_radius, unit: pix, datatype: float64}
# - {name: kron4_2_flux, datatype: float64}
# - {name: kron4_2_fluxerr, datatype: float64}
# - {name: radius_kron20, unit: pix, datatype: float64}
# - {name: radius_kron50, unit: pix, datatype: float64}
# - {name: radius_kron80, unit: pix, datatype: float64}
# - {name: near_border, datatype: bool}
# meta:
#   PHOTMJSR: 0.3925000131130219
#   PIXAR_SR: 2.11539874851881e-14
#   __serialized_columns__:
#     area:
#       __class__: astropy.units.quantity.Quantity
#       unit: !astropy.units.Unit {unit: pix2}
#       value: !astropy.table.SerializedColumn {name: area}
#     eccentricity:
#       __class__: astropy.units.quantity.Quantity
#       unit: !astropy.units.Unit {unit: ''}
#       value: !astropy.table.SerializedColumn {name: eccentricity}
#     equivalent_radius:
#       __class__: astropy.units.quantity.Quantity
#       unit: !astropy.units.Unit {unit: pix}
#       value: !astropy.table.SerializedColumn {name: equivalent_radius}
#     kron_radius:
#       __class__: astropy.units.quantity.Quantity
#       unit: &id001 !astropy.units.Unit {unit: pix}
#       value: !astropy.table.SerializedColumn {name: kron_radius}
#     orientation:
#       __class__: astropy.units.quantity.Quantity
#       unit: &id002 !astropy.units.Unit {unit: deg}
#       value: !astropy.table.SerializedColumn {name: orientation}
#     radius_kron20:
#       __class__: astropy.units.quantity.Quantity
#       unit: *id001
#       value: !astropy.table.SerializedColumn {name: radius_kron20}
#     radius_kron50:
#       __class__: astropy.units.quantity.Quantity
#       unit: *id001
#       value: !astropy.table.SerializedColumn {name: radius_kron50}
#     radius_kron80:
#       __class__: astropy.units.quantity.Quantity
#       unit: *id001
#       value: !astropy.table.SerializedColumn {name: radius_kron80}
#     semimajor_sigma:
#       __class__: astropy.units.quantity.Quantity
#       unit: !astropy.units.Unit {unit: pix}
#       value: !astropy.table.SerializedColumn {name: semimajor_sigma}
#     semiminor_sigma:
#       __class__: astropy.units.quantity.Quantity
#       unit: !astropy.units.Unit {unit: pix}
#       value: !astropy.table.SerializedColumn {name: semiminor_sigma}
#     sky_centroid:
#       __class__: astropy.coordinates.sky_coordinate.SkyCoord
#       dec: !astropy.table.SerializedColumn
#         __class__: astropy.coordinates.angles.Latitude
#         unit: *id002
#         value: !astropy.table.SerializedColumn {name: sky_centroid.dec}
#       frame: icrs
#       ra: !astropy.table.SerializedColumn
#         __class__: astropy.coordinates.angles.Longitude
#         unit: *id002
#         value: !astropy.table.SerializedColumn {name: sky_centroid.ra}
#         wrap_angle: !astropy.coordinates.Angle
#           unit: *id002
#           value: 360.0
#       representation_type: spherical
#   astropy version: '5.1'
#   make_catalog parameters:
#     ab_zpt: 31.4
#     coadd_bands: !!python/tuple [f277w, f356w]
#     deblend_contrast: 0.001
#     deblend_nlevels: 32
#     deblend_npixels: 1
#     detect_kernel_fwhm: 4.0
#     detect_kernel_npix: 7
#     detect_npixels: 4
#     detect_threshold_nsigma: 3.0
#     flag_isolated_buffer: 4
#     hst_bands: !!python/tuple [f606w, f814w, f125w, f140w, f160w]
#     jwst_bands: !!python/tuple [f115w, f150w, f200w, f277w, f356w, f410m, f444w]
#     near_border_kernelsize: 21
#     reference_band: f200w
#   make_catalog version: 1.4.0
#   photutils version: 1.5.0
# schema: astropy-2.0
label xcentroid ycentroid sky_centroid.ra sky_centroid.dec bbox_xmin bbox_xmax bbox_ymin bbox_ymax area semimajor_sigma semiminor_sigma orientation eccentricity min_value max_value local_background segment_flux segment_fluxerr kron_flux kron_fluxerr kron_radius gini equivalent_radius kron4_2_flux kron4_2_fluxerr radius_kron20 radius_kron50 radius_kron80 near_border
[from data line 4080]
4081 7053.587160653349 886.375633614318 214.85514449936383 52.81279967984824 7040 7065 876 894 333.0 4.021536671338755 3.2892745619392714 -4.27252977866483 0.5753392900767713 -0.3346176658924938 3.264082133172413 0.0 144.874183826869 5.531928 149.99429549188477 6.787161357914267 1.4 0.6066673054032454 10.295493776366547 148.12183691223748 10.747702220409687 2.1487452650062058 3.888215039989742 6.49142733020155 False
4082 7062.297134334962 912.6523013277722 214.8547905848572 52.81288604113991 7039 7088 884 948 1822.0 13.619655873248156 6.114486817487362 62.2068534780564 0.8935590078933127 -0.6168155416379522 2.992823300013708 0.0 515.3491882629127 12.578411 563.1970364683999 16.523857138957055 1.4 0.6138392721208101 24.082371407875648 575.2588355389972 26.44065863304038 5.467783097014207 11.109562561143308 21.14626721790397 False
4083 7036.120714513622 908.7146326142814 214.8550655186167 52.813031114342 7026 7043 899 917 254.0 3.7721021560747854 3.370655397495637 -59.30669502748171 0.44891434824470833 -0.44289922327168174 0.7360685070381957 0.0 33.55615707729458 5.139828 46.29117190772793 11.056716410718243 2.158937798987579 0.5086594719116677 8.991702346646203 69.02673910978429 17.646502738416775 2.604782529171189 4.536921735235676 14.697042798410925 False
4084 10173.80512425258 908.6707532684286 214.82708463104754 52.793092890017085 10157 10190 884 933 980.0 8.884944807308317 3.6646367346367845 -67.11588374852556 0.9109781379556809 -0.34252618333918444 13.029116143591798 0.0 1153.2354825844973 9.352361 1199.4024550605914 11.245053700876458 1.4865298667658466 0.6325209254976567 17.66192765414112 1275.335863927197 17.99361679892441 3.45614649979891 6.842555071772105 12.81099861401122 False
4085 10182.891437884333 930.4856810970491 214.82677436025384 52.7931527269368 10168 10194 911 948 628.0 8.062935802841809 4.963898375611121 69.98740059361589 0.7880243749079977 -0.3651526807178873 1.3192910647993787 0.0 190.68380995437246 7.431572 316.1763705478535 19.10590037674844 2.2807612494934295 0.44539175096633726 14.138550439257221 393.0068058800896 30.641833305803587 6.743909310148716 11.5883386710845 20.195393298889435 False
4086 2808.2135066670257 893.4103327732503 214.89297080111663 52.83980377254674 2802 2813 887 901 108.0 3.364761979798003 2.5902717014954098 -85.23623296553683 0.6382572378077976 -0.37370754263682726 0.3304771897389671 0.0 5.521779777827501 3.2166395 42.14108186823296 14.926031893568942 3.7531783346572194 0.38372036513047963 5.863230142835039 112.46579146183564 23.8537172449931 9.191680680897244 14.365520890374608 20.274427169449375 False
4087 2802.175215299487 905.5453466200506 214.8928971626254 52.83990759806151 2798 2809 896 912 122.0 4.2068314632622315 2.5181230706685103 -70.38895950072424 0.8010634076582467 -0.3375081332401839 0.5594616535554733 0.0 8.610675820332952 3.3986278 71.64566482319059 18.004089856076945 4.118928533863411 0.48858898883368024 6.231677632421503 137.08142013339102 28.813155057193775 14.383289995072222 23.016677709081655 29.888023633937358 False
4088 2798.8479364666923 915.0815735637399 214.89282662816126 52.83998018448948 2798 2800 913 916 10.0 0.9537099915544391 0.5963256835639605 -73.28531481539697 0.7804089729984058 -0.07628534688365449 0.2993037405912237 0.0 1.3025037065013543 0.97217196 5.443968773326892 2.9173975595004955 2.88435867103792 0.41895946792066535 1.7841241161527712 7.446263348455458 4.6613576936409755 1.3099473785080598 2.3460061916937587 5.839786977575193 False
4089 3156.1582485847252 898.5224953060626 214.88980903708827 52.83762170309555 3144 3170 889 908 382.0 5.820867324668098 3.009877900291079 -23.850129923035226 0.8559346008317952 -0.34026051933919155 1.6467243150196227 0.0 97.4503426099092 5.515233 138.1087033008694 11.626534906713657 2.1862937463702035 0.5389184882330285 11.026984017500345 152.95172923973496 18.64643170051122 2.937137707487566 7.272814020544543 15.578750101693764 False
4090 3161.9680696270557 912.3658615702661 214.88961160671434 52.837659500287714 3158 3166 908 916 56.0 2.7530708322065087 1.5422098315537374 32.0250431040079 0.8283722351249206 -0.24272782600604337 0.519205412746072 0.0 10.230583396723485 2.1324377 58.780279041320824 8.675673365090583 3.3424706320615303 0.38850561069985456 4.222008245644752 98.71185854815903 13.991945707730247 4.627973927957344 8.448336027911477 12.773302016995506 False
4091 7280.2272466512595 900.2987271297118 214.85297615881453 52.81143482692994 7274 7287 892 907 170.0 3.0464312818486787 2.3731442662653484 -80.57612563015604 0.6270344045957535 -0.11397065053175852 3.31093356543302 0.0 108.92041155783946 3.4736452 131.4275705136189 5.697505079164467 1.776076975767792 0.5000973058831093 7.356132180109627 139.1874199796243 9.025312631062056 1.927772260128949 3.755134382653495 6.6887646365058675 False
4092 7278.47723543574 909.9802478495135 214.85289000536545 52.81149815204335 7275 7282 907 913 50.0 1.7230521720090872 1.567405249356498 -7.06296657834286 0.41533638576628 -0.007788857117838402 2.0969027303240986 0.0 36.713326617915946 1.8440024 46.34538774874413 3.4863827052585994 1.8089962812888782 0.3508674986754311 3.989422804014327 53.81573731328086 5.616770758375945 1.3578469873398726 2.508430921029105 4.057222886213282 False
4093 7409.958563676107 898.7766376592161 214.8518348089998 52.810602369510114 7402 7417 896 902 81.0 3.407620966921344 1.4685181054680336 -12.160874062619657 0.9023752677039557 -0.13412894474739182 0.4548734504831336 0.0 12.918783330907432 2.3820205 35.391148027069406 7.703144684307107 2.913822030225258 0.4357198428848655 5.077706251929807 21.477644668293664 12.40094488445692 2.9009199495517293 7.919968631804984 24.553530681623645 False
4094 7399.123733863214 901.934607303767 214.8518982718584 52.81068823787808 7397 7402 899 904 29.0 1.582094925534476 1.1427569092539496 -60.412979534348906 0.6915734323188086 -0.05587540852461411 0.608533244750449 0.0 6.93995696073726 1.4119426 13.710009382436596 3.9587637172435346 2.506848706091468 0.37722730146931416 3.0382538898732494 11.929912704992704 6.357258021471867 1.5291184332663732 3.0705094485028583 6.365604200770741 False
4095 9733.281801042449 906.3535555515101 214.83103595089952 52.79588004143339 9723 9741 896 914 236.0 3.155073147881415 2.3257116854289004 -62.38617537340705 0.6757466004960755 -0.3637385325946105 12.557939606449684 0.0 300.58015374162113 4.55979 309.88100699072265 5.354795976788667 1.5018468829422735 0.6471758544733417 8.667244841319219 334.1449452187671 8.554098559127365 1.5031856078839334 2.8664879646311037 5.1664661414490025 False
4096 9724.187329773813 904.8032861677304 214.83113332104324 52.79592948116428 9718 9728 899 912 109.0 2.7381774644530656 2.141346534139002 -53.07747532828051 0.6232363828345688 -0.26051131944583483 1.503466578535005 0.0 44.61079525939337 3.1083755 52.351016153030656 5.917246024528532 1.8207035500082782 0.48783121518909744 5.890312181373172 68.36695905879444 9.37880887446307 1.7163820669129075 3.1240638975539166 5.517067197882565 False
4097 1396.5877533705882 918.0244031183914 214.90532461437058 52.848900430897714 1384 1412 903 934 541.0 9.030133345215617 4.510864996585115 52.77395619942234 0.8662938753764255 -0.4300599178707393 0.6966680381944879 0.0 54.688114796863076 7.065344 182.3387340844181 24.71457243346691 2.856122747174429 0.49605061736222145 13.122714979204218 287.5185896337135 39.51889554404411 9.37130061492955 19.688138302427944 31.35362627688711 False
4098 1404.9649734937582 905.2689701796328 214.90538385925012 52.848778398190866 1404 1406 905 907 6.0 0.603232748564109 0.4428256817890628 3.223748187280398 0.6790547788779758 -0.21974157277824813 0.48419864921221234 0.0 1.0469422093524183 0.71663326 5.249784233110031 2.186790542023152 3.2462696602158565 0.43379503158475713 1.381976597885342 2.5365995600339595 3.5426145118011525 1.015984568437939 2.353375333378718 3.8062025067804557 False
4099 1399.2941399800932 933.2253582288655 214.90514060690617 52.848965286158716 1392 1405 928 938 110.0 3.563367420770693 2.3359233126883727 -11.064847286382246 0.7551620517232746 -0.375568291610079 0.595092017684449 0.0 12.712385966357738 3.120123 105.62782399780846 14.127331073572137 3.715444233851194 0.5183290839593213 5.917270272703197 181.04684078939403 22.95976625273378 9.697835612183992 18.88129266485371 27.89836585267892 False
4100 806.5798347135124 909.7559050482722 214.91068469267958 52.85260196327379 803 811 904 916 92.0 3.1982418937080492 1.9028056561909754 -73.38296749477522 0.8037600178394115 -0.2009932448219661 0.5846049795504057 0.0 12.8633014928002 2.5686073 44.44593613964838 8.916583571929015 3.110102773468159 0.48575396648631886 5.4115163798060095 78.63076388580564 14.278092929771946 3.947416579158626 9.523152580663329 16.24485594867424 False
4101 804.1133658858969 922.5450036449276 214.91057227208978 52.8526866521157 799 810 917 927 91.0 3.0905817976481313 1.9630650023375285 -39.41257842074471 0.7723670007080604 -0.15619585344636575 0.68629445266945 0.0 20.352665136371623 2.4512224 59.26762628546848 8.237383028842812 2.894641407879655 0.3978624503035234 5.382025607773058 102.04483354393761 13.200290388767087 3.63296966009422 7.86717065380917 13.411792953945955 False
4102 526.7612180560902 913.6179220720693 214.9131452588679 52.854399389379374 522 532 905 922 136.0 4.575546848854644 2.1993110742226225 81.29885487185317 0.876903603068246 -0.1705202768005284 0.5975299247478048 0.0 28.09129802334557 3.050179 84.49203773807808 10.820455819285442 2.939722452350123 0.3316659388898109 6.579524642479541 67.23346788205883 17.27518233623965 5.05364932223362 12.021769430015016 16.62562378623521 False
4103 530.6621284619987 929.033389981783 214.91294830663423 52.85445783061165 525 536 922 934 122.0 2.8286073900911957 2.2569265174537465 41.86552202350102 0.6027988794818847 -0.1639319874707584 1.3677435940839646 0.0 40.17050026265463 2.9207928 65.80431795704875 6.731916198635742 2.3067493163837196 0.43151955255431157 6.231677632421503 59.9127877934006 10.798829325907642 2.166264578430818 4.946112420799957 9.401583612781168 False
4104 852.0872489806712 953.3373692895033 214.90981971937128 52.85254825760744 830 870 909 980 1320.0 13.621874594094455 5.8946727474046705 61.396525310836886 0.9015207877461545 -0.3828064139497669 2.036653409917898 0.0 249.75170996664752 9.531042 551.7749393388644 26.78803684384827 2.5668213192264924 0.6045133681917099 20.49802550887777 865.4894980051101 42.80052411162125 8.387527345518256 24.526221527486157 46.39466628498626 False
4105 829.2147997961293 962.6879843404206 214.9099258404753 52.852743948412304 816 844 947 980 601.0 6.208950551109961 5.44476995982599 85.37986037010712 0.48063135518869865 -0.33443277064981075 1.3794763320478987 0.0 91.2506046417848 6.4850807 273.38129445431497 18.495761761146987 2.9186970519944957 0.5172483911995318 13.831277655967225 606.2392936456565 30.28903446219872 7.932496011419537 23.227242147053783 37.79150327201069 False
4106 718.4123663051536 973.5516530409394 214.9108019959532 52.853506086949 693 733 964 987 482.0 7.5112611405612295 3.943058402348517 -6.140286846072631 0.8511312713364262 -0.38248088258636903 1.1575432984352458 0.0 56.18750247611038 5.796172 61.19228319060344 9.485830949043324 1.4893856882086276 0.530901592563712 12.386499309352384 73.10021230938551 15.127531328145858 2.3951112238431604 5.46854460426084 9.106676968744113 False
4107 839.1294424545404 977.5100784062124 214.90968137910374 52.85276099919806 828 856 968 983 236.0 6.040844225424487 3.285231439830045 -9.200578078109807 0.8391912098049134 -0.49855761496974665 0.6158717397027178 0.0 29.037525978955358 3.995029 198.86911622685827 13.574031369073232 3.598674536948339 0.4402682789135396 8.667244841319219 444.9655784740341 25.470582625923065 25.07355885306803 34.174033412990866 40.9412804550704 False
4108 757.1101983428345 1003.9999571827346 214.91013595765952 52.8534247321731 721 784 981 1026 1462.0 17.00502251423434 6.8847541152863405 30.841088729939898 0.9143760634296366 -0.4501829683356019 0.7385933755637882 0.0 92.01347337345213 10.073312 25961.483555115698 69.95379634665716 5.6039785617223785 0.48913328332591477 21.572414181094846 26660.6727825874 112.45830955731923 93.69749291463488 95.25765199432234 96.90942965740109 False
4109 837.6739822086296 1005.8537823924144 214.909396373298 52.85292322204699 816 863 975 1028 1595.0 12.711591106180462 9.206446102724698 -84.67175185531605 0.6895311808516833 -0.49232035247430417 1.1568767498198493 0.0 381.88858240763835 10.449782 50333.94084910204 44.10291725635729 3.938590988365952 0.4304376116073269 22.532293901490505 51023.522688910234 77.56438341143686 48.90563677740928 50.49320689336004 51.7461925337899 False
4110 888.5462426630137 1024.2104534358598 214.90874866863 52.85269929820646 859 958 979 1043 3121.0 24.01960723850506 9.48511350204235 -30.4581596952909 0.9187282148715735 -0.5064635910932795 0.9097750708757968 0.0 249.30756229431265 14.800979 24879.289583253143 44.7631823256427 2.53782052745887 0.5663649356601372 31.518965001719373 25713.85339684555 73.40462467534604 59.07267598957519 60.836580661172064 62.49897882068055 False
4111 839.7100717703233 1030.3824167370478 214.9091202709899 52.853042684231056 791 873 980 1047 1812.0 15.491635057169377 12.315777462140094 31.36019570519674 0.6066155550923152 -0.1914553696865606 6.101018195673777 0.0 1143.1458272475509 11.263099 51008.51391199327 22.425024490376774 2.0696663658282803 0.5264135694765948 24.016192740836935 51960.96414954441 44.105311942617746 24.95502824388089 26.66814600781605 27.938338028838196 False
4112 829.3210759867897 1057.1841876099256 214.90893132226788 52.85325330486368 702 835 996 1081 3772.0 11.065692704176406 5.2251038223647335 26.65868099265765 0.8814970692826641 -0.3515787986291933 1536.1193418416858 0.0 15332.18825835067 16.183634 40427.25764590535 11.928425260766387 1.4 0.9352246550240121 34.65061169280073 41091.58358119891 17.270207894406138 4.905101862062225 6.626846685568673 9.178436690321766 False
4113 837.4382376994513 1063.0109707299866 214.9087975049506 52.853233215820964 803 968 1041 1132 5015.0 7.55992198257305 6.45408529021859 -46.90245722322645 0.5207261090457537 -0.471378815791294 1737.042959743366 0.0 39482.597472498855 18.703552 64913.30256436573 11.40595822028265 1.4 0.9476795168919895 39.954024568392484 66298.93352188363 16.962206317370978 3.107204676212016 4.9534660521831 7.66988922991866 False
4114 789.0712601003443 1079.6630208865874 214.9090547250537 52.85363018730186 695 819 1060 1135 3377.0 24.84643808761184 10.476747439308317 -27.975814118668925 0.9067540461578889 -0.4668075650181764 2.37426328162194 0.0 660.3654457811618 15.303922 25746.346728228113 38.61660489239395 2.177531002574839 0.5544884577378305 32.78616302104687 26492.47349590626 63.01596808949079 51.27592700324385 53.07167223343142 54.829162167201666 False
4115 886.0633028041349 1080.734478179547 214.9081765413674 52.85302013954883 857 953 1061 1125 3006.0 23.393790269549257 9.500600324641546 31.260513071667507 0.9138213851093145 -0.5156882111706466 2.0749424637855336 0.0 641.9626455345534 14.585602 25917.95232548666 40.66856654928264 2.414005207436527 0.5351548973416015 30.93282266248062 26721.260811565746 66.18103552650646 53.25630902332552 55.025973549174466 56.52736120970588 False
