outputs/dr0.5_c0.1/nircam1_f150w_dr0.5_c0.1.ecsv
# %ECSV 1.0
# ---
# datatype:
# - {name: label, datatype: int64}
# - {name: xcentroid, datatype: float64}
# - {name: ycentroid, datatype: float64}
# - {name: sky_centroid.ra, unit: deg, datatype: float64}
# - {name: sky_centroid.dec, unit: deg, datatype: float64}
# - {name: bbox_xmin, datatype: int64}
# - {name: bbox_xmax, datatype: int64}
# - {name: bbox_ymin, datatype: int64}
# - {name: bbox_ymax, datatype: int64}
# - {name: area, unit: pix2, datatype: float64}
# - {name: semimajor_sigma, unit: pix, datatype: float64}
# - {name: semiminor_sigma, unit: pix, datatype: float64}
# - {name: orientation, unit: deg, datatype: float64}
# - {name: eccentricity, datatype: float64}
# - {name: min_value, datatype: float64}
# - {name: max_value, datatype: float64}
# - {name: local_background, datatype: float64}
# - {name: segment_flux, datatype: float64}
# - {name: segment_fluxerr, datatype: float32}
# - {name: kron_flux, datatype: float64}
# - {name: kron_fluxerr, datatype: float64}
# - {name: kron_radius, unit: pix, datatype: float64}
# - {name: gini, datatype: float64}
# - {name: equivalent_radius, unit: pix, datatype: float64}
# - {name: kron4_2_flux, datatype: float64}
# - {name: kron4_2_fluxerr, datatype: float64}
# - {name: radius_kron20, unit: pix, datatype: float64}
# - {name: radius_kron50, unit: pix, datatype: float64}
# - {name: radius_kron80, unit: pix, datatype: float64}
# - {name: near_border, datatype: bool}
# meta:
#   PHOTMJSR: 2.251199960708618
#   PIXAR_SR: 2.11539874851881e-14
#   __serialized_columns__:
#     area:
#       __class__: astropy.units.quantity.Quantity
#       unit: !astropy.units.Unit {unit: pix2}
#       value: !astropy.table.SerializedColumn {name: area}
#     eccentricity:
#       __class__: astropy.units.quantity.Quantity
#       unit: !astropy.units.Unit {unit: ''}
#       value: !astropy.table.SerializedColumn {name: eccentricity}
#     equivalent_radius:
#       __class__: astropy.units.quantity.Quantity
#       unit: !astropy.units.Unit {unit: pix}
#       value: !astropy.table.SerializedColumn {name: equivalent_radius}
#     kron_radius:
#       __class__: astropy.units.quantity.Quantity
#       unit: &id001 !astropy.units.Unit {unit: pix}
#       value: !astropy.table.SerializedColumn {name: kron_radius}
#     orientation:
#       __class__: astropy.units.quantity.Quantity
#       unit: &id002 !astropy.units.Unit {unit: deg}
#       value: !astropy.table.SerializedColumn {name: orientation}
#     radius_kron20:
#       __class__: astropy.units.quantity.Quantity
#       unit: *id001
#       value: !astropy.table.SerializedColumn {name: radius_kron20}
#     radius_kron50:
#       __class__: astropy.units.quantity.Quantity
#       unit: *id001
#       value: !astropy.table.SerializedColumn {name: radius_kron50}
#     radius_kron80:
#       __class__: astropy.units.quantity.Quantity
#       unit: *id001
#       value: !astropy.table.SerializedColumn {name: radius_kron80}
#     semimajor_sigma:
#       __class__: astropy.units.quantity.Quantity
#       unit: !astropy.units.Unit {unit: pix}
#       value: !astropy.table.SerializedColumn {name: semimajor_sigma}
#     semiminor_sigma:
#       __class__: astropy.units.quantity.Quantity
#       unit: !astropy.units.Unit {unit: pix}
#       value: !astropy.table.SerializedColumn {name: semiminor_sigma}
#     sky_centroid:
#       __class__: astropy.coordinates.sky_coordinate.SkyCoord
#       dec: !astropy.table.SerializedColumn
#         __class__: astropy.coordinates.angles.Latitude
#         unit: *id002
#         value: !astropy.table.SerializedColumn {name: sky_centroid.dec}
#       frame: icrs
#       ra: !astropy.table.SerializedColumn
#         __class__: astropy.coordinates.angles.Longitude
#         unit: *id002
#         value: !astropy.table.SerializedColumn {name: sky_centroid.ra}
#         wrap_angle: !astropy.coordinates.Angle
#           unit: *id002
#           value: 360.0
#       representation_type: spherical
#   astropy version: '5.1'
#   make_catalog parameters:
#     ab_zpt: 31.4
#     coadd_bands: !!python/tuple [f277w, f356w]
#     deblend_contrast: 0.001
#     deblend_nlevels: 32
#     deblend_npixels: 1
#     detect_kernel_fwhm: 4.0
#     detect_kernel_npix: 7
#     detect_npixels: 4
#     detect_threshold_nsigma: 3.0
#     flag_isolated_buffer: 4
#     hst_bands: !!python/tuple [f606w, f814w, f125w, f140w, f160w]
#     jwst_bands: !!python/tuple [f115w, f150w, f200w, f277w, f356w, f410m, f444w]
#     near_border_kernelsize: 21
#     reference_band: f200w
#   make_catalog version: 1.4.0
#   photutils version: 1.5.0
# schema: astropy-2.0
label xcentroid ycentroid sky_centroid.ra sky_centroid.dec bbox_xmin bbox_xmax bbox_ymin bbox_ymax area semimajor_sigma semiminor_sigma orientation eccentricity min_value max_value local_background segment_flux segment_fluxerr kron_flux kron_fluxerr kron_radius gini equivalent_radius kron4_2_flux kron4_2_fluxerr radius_kron20 radius_kron50 radius_kron80 near_border
[from data line 3280]
3281 4517.03779599497 3915.380159723575 214.9744473945264 52.99076312065596 4512 4521 3910 3920 89.0 2.048320429272788 1.5928099467803958 -31.682943086987123 0.628737561237313 -0.051367260780798146 6.218543639620717 0.0 102.36681957897113 3.0765817 113.81361109346682 3.992948224903086 1.562701204140196 0.5602268948619628 5.322553886092406 119.56191189693988 6.302394107879286 1.2078821953318777 2.318178660555984 4.066659133508797 False
3282 7444.8611532461455 3913.740012297788 214.9481956599819 52.97217644601139 7442 7449 3910 3917 51.0 1.7973127878918749 1.6308868149304165 66.09379715086695 0.42026182111373234 0.09391684609350938 1.4349395353458168 0.0 25.0757910336549 2.1489792 43.494555577135124 5.363889448152353 2.3848454730759197 0.3190116561853333 4.029119531035698 62.146327858116024 8.605437772101547 1.7499225092577797 3.483357498668304 6.896600949132249 False
3283 6666.917341366244 3912.9936843424603 214.95518119689925 52.97710924316813 6665 6670 3911 3915 24.0 1.5738383298809702 0.8103011385452483 -27.328696597812048 0.8572762824593138 -0.03058199554430827 0.7945772690939313 0.0 8.439736290597006 1.4764585 15.510601743553536 3.6659924755697135 2.4775179076200513 0.41620214756173207 2.763953195770684 17.16170097678519 5.778587666542476 1.3236196038633836 2.7934102357855597 5.343526954810589 False
3284 6831.485032184835 3917.5526987965955 214.95365694834175 52.976089556106814 6824 6837 3914 3921 89.0 2.904436079874292 1.4114419405780796 3.810074266101324 0.8739806335543117 -0.26686989955105367 1.7746208069086853 0.0 29.141810859079996 2.8043315 32.90301176473522 3.772928305021718 1.436329008125057 0.5067377591293467 5.322553886092406 32.75174622472292 5.9717670715898095 1.4234657862587818 2.8092838902711215 4.930115249422293 False
3285 9708.650501709883 3918.5753973164083 214.92784896805858 52.95783421356823 9705 9713 3915 3922 56.0 1.7780847110974978 1.3163066815166522 -61.2792334085493 0.6722825019025975 -0.10454895059864024 3.087860135198172 0.0 38.48950636467576 2.3013823 58.78138762257092 4.751278122050421 2.3086904026614805 0.5152741549721387 4.222008245644752 60.68407576477864 7.560523484011635 1.2938724187683313 2.7907374458580496 6.2099548439068375 False
3286 8160.007479466213 3917.176580862183 214.94174642993667 52.96765632535081 8159 8161 3916 3919 10.0 0.9631010010435651 0.6909443327386028 80.63870987753809 0.6966447359914693 -0.0007213839257049458 1.6681902205705028 0.0 9.126949655726348 3.7329226 55.947087869661786 inf 3.556163462471372 0.29958568078409903 1.7841241161527712 87.99536736438637 inf 2.1241623598243526 4.75804705051608 6.076065895683749 True
3287 9559.462250803506 3922.119505541318 214.92914873710504 52.958800358543726 9555 9563 3918 3927 67.0 1.816058300054457 1.6560404247011697 -82.23502893964077 0.41044077233653736 -0.3334930803785705 2.890831519913047 0.0 47.72434746637709 2.592091 64.45077471591337 4.474018735282051 1.9113959239617266 0.4679398632108006 4.61809077155419 62.84582166907005 7.01146379053752 1.3815303098578284 2.7157260965111485 5.120213187818491 False
3288 4262.414864735944 3923.894048030199 214.97664325245398 52.99242449769185 4257 4268 3919 3929 102.0 2.6645058970782434 2.229552645386854 52.829637741574025 0.5475694188230995 -0.14116602512541712 1.1236795495547671 0.0 43.25073902010498 2.9044101 84.65279949357088 7.777196981299867 2.53815461689429 0.3268806473037636 5.698035485213008 113.87156130873225 12.505530067732215 2.6539739088325836 5.568910882736967 10.389573517646996 False
3289 6785.948098105809 3923.6635012326983 214.9540010154694 52.97641153201245 6782 6790 3919 3928 72.0 1.9599420873964661 1.727887126558746 -81.41279320182043 0.47199520839990644 -0.2879053102434081 1.7357559504540008 0.0 26.78780420154733 2.4938314 29.51795773663136 4.324056748760203 1.8183028731810658 0.4511698295031918 4.787307364817192 40.87076226477623 6.9185671353541505 1.2055901385130163 2.3582969024176887 3.9068038922799517 False
3290 216.20827198412462 3931.1654785179785 215.0129097650638 53.018127765070304 206 227 3921 3940 334.0 3.613124700918502 3.005054309180357 -22.963001688804304 0.5552176105837714 -0.20623386942106878 8.437322323907484 0.0 350.49506839105044 6.5157466 378.54687615373757 8.31240737014483 1.6337094957122231 0.6080024893658096 10.31094088749354 409.53618833615457 13.17695764660135 1.9216848113213703 3.8728208471241548 6.904431492121255 False
3291 4346.349736944318 3923.6569537818496 214.97589230133048 52.99189072288736 4343 4349 3921 3926 34.0 1.6276665265926125 1.2678355420488452 22.07546114396496 0.6271129745580711 0.06885240590338945 1.0825972235525125 0.0 18.84670785434921 1.6902856 28.84781580728452 3.2757227199927548 1.7814575026216337 0.2712755307404196 3.2897623212397704 27.099227732933937 5.198987614933687 1.4514800536649428 2.6329185552018353 4.3307375636967915 False
3292 372.3001919670331 3927.187312231404 215.01154887970418 53.01711641706132 365 379 3922 3932 102.0 4.041616705640549 1.8115114803651178 33.24101839892966 0.8939260048934579 0.01704479174912166 0.7747805061236013 0.0 34.42310569078249 3.1463878 156.900750671024 12.097492575591842 3.255844552120561 0.2754506730389004 5.698035485213008 253.25328347244724 19.388161479302696 5.574805375789734 13.035418577137134 18.863389785851183 False
3293 6249.40760830941 3931.0312123663093 214.95873655750052 52.97985602178888 6240 6257 3922 3940 241.0 4.134208030451362 3.1732055702332604 70.06637261426496 0.6409907584735952 -0.34557952837005224 1.584388787350226 0.0 90.31169837653809 4.8659396 146.86419615136913 12.068085802728266 2.40385819872902 0.427281075741332 8.758577656805558 184.14632089935932 19.184089250276593 3.610780266317124 6.6803569683597415 15.35642735524726 False
3294 4314.352768404541 3925.4385448421945 214.97616074559792 52.99210334273855 4313 4316 3924 3927 11.0 1.01103907994978 0.792777069792098 -86.93729489130426 0.6206078547753935 0.24480915365447076 0.6443722046337204 0.0 5.01208250990999 0.92898464 14.294597137051628 3.0491410309659397 2.72479580287598 0.17159172898556926 1.8712051592547776 19.29166866889659 4.936788805159316 1.360772893884933 2.395803627489783 3.6184530369855405 False
3295 3294.7942992619296 3930.1048349054345 214.985265072656 52.99859642454958 3290 3301 3925 3935 67.0 3.4410177817701397 1.152178990136085 -43.194039985777145 0.9422761770215126 -0.09250076293396621 1.2084978323440922 0.0 24.5283452147794 2.5136437 46.38334386179139 6.112184458303248 2.286717344393886 0.36396794136918525 4.61809077155419 50.711210456536634 9.793310744595617 2.4343262604798457 5.258730241641432 8.807070033855215 False
3296 3990.9225157516566 3925.6009408051636 214.97906246783128 52.99415607070281 3990 3992 3925 3927 6.0 0.7054085400579307 0.44681962214916787 -21.539765321504696 0.7738084789415229 -0.036570032416662436 0.46544621071715536 0.0 1.3814919720947367 0.7448278 13.466491830200543 2.751163670333273 3.7667107724024596 0.4510866140695803 1.381976597885342 22.280874569543165 4.359492806200123 1.7489327458540862 3.091925336017493 4.227456635187083 False
3297 8860.30831614897 3934.2263241839128 214.9352881747707 52.963303587315885 8852 8868 3925 3943 261.0 2.9918890755128653 2.2880115992009595 -56.93449929672685 0.6443412309921325 -0.2544136404686768 15.425488585168031 0.0 278.73340785428354 4.961635 281.86431065191977 5.210395545825308 1.469690743371311 0.6940940795904524 9.114761669619748 307.8490028368246 8.070011543371308 1.2009160357963506 2.4765639053127946 4.8509383785767275 False
3298 10040.416638323068 3932.430490045894 214.9247296919536 52.95580299004402 10033 10048 3925 3940 183.0 3.063539979305566 2.4438143278183806 38.83449083022877 0.6030421835052047 -0.2755510676269716 2.6839860498077877 0.0 99.50990408316511 4.281686 136.3618652206896 8.426785774629934 2.2623694221423025 0.5409979426408759 7.632215220473915 179.24222420161865 13.38415442888259 2.190854343730079 4.222166278823938 9.709153232041842 False
3299 674.6965187836072 3926.334867949169 215.00884036709516 53.01519414737723 673 676 3926 3927 6.0 1.1091852656232541 0.39931196090362514 14.06925587001551 0.9329504714359318 0.3844758750646685 0.6554358496056873 0.0 3.180798198466084 0.8056984 60.72624543868832 3.8012109631847397 3.9993513094956668 0.1074430917034449 1.381976597885342 123.20242679052933 5.987308428282454 2.6785352193378276 4.2109879811261575 5.555075851866651 False
3300 7503.1834060472775 3932.359926248687 214.94747638440222 52.97190687761182 7495 7511 3926 3940 163.0 4.432529225735864 1.9123748025339544 -45.18135950349009 0.9021411592094176 -0.10212544696782139 2.2209572537524895 0.0 91.32319090957293 3.8908648 157.86981815940976 9.28777030990093 2.41983507128545 0.4250813389353492 7.203090409536582 204.7295021511569 14.799429810278093 2.9135972001856763 6.737740972643256 13.745378089055125 False
3301 670.3233793141483 3929.2201558026477 215.00884924995597 53.01523747851054 669 671 3928 3930 7.0 0.8177750045245589 0.6501747915670004 -80.12878687861847 0.6065394490332783 0.21773433557898839 0.5614379461627118 0.0 2.5418678824689587 0.8151997 63.79750850288299 3.914145879328245 3.941966187904104 0.18883631427071101 1.4927053303604616 141.16237832290133 6.388978667657568 2.8057731492593394 4.658458160511624 6.240061275724094 False
3302 764.1428176050165 3934.353944975158 215.00795206820968 53.014670258786985 763 765 3933 3935 9.0 0.7472434015007703 0.7009503332659331 21.671386098920845 0.34650477717058903 -0.3197746174437347 0.5659590552729146 0.0 2.551150398884526 0.9212983 10.49515060757645 3.2893480804489434 3.3579997687088476 0.26636348446267494 1.692568750643269 20.18722580726126 5.2517751477831665 1.2818630760589138 2.7022314300051926 4.1042488440645855 False
3303 1588.7373738825022 3937.084445186657 215.00051444820593 53.009455437992486 1585 1593 3933 3941 67.0 1.9373320766537112 1.6224030037595298 42.427331062302635 0.546526402472548 -0.017498419009187718 2.0753997934427693 0.0 40.91816569201298 2.578611 46.71483582360476 4.470793389634123 1.8334553667722635 0.4387343245539662 4.61809077155419 51.73716645582279 7.195851377263716 1.317208687637192 2.44033343132523 3.9456898284493866 False
3304 2553.9838919042504 3939.4220277677186 214.9918195111412 53.00334588389123 2549 2562 3933 3946 89.0 4.007044197801442 1.6082009505028192 48.08474717321192 0.9159276355524224 0.05379238372660033 1.1950370774975125 0.0 50.41314381385898 2.809644 136.42099756453945 8.808540079507484 2.6808451877915407 0.23109587411917754 5.322553886092406 163.5468611924797 14.028359478802102 3.6341101452814892 7.59481088557517 13.396640567233657 False
3305 8241.033182822654 3936.743708605316 214.94081372192505 52.96724773840725 8238 8244 3933 3940 37.0 2.38755975744927 1.1004540556321933 -62.32485303977941 0.8874460382665676 -0.46272205342411293 0.9237468183978423 0.0 12.935167905093843 4.5130773 19.8382048819951 7.182005232227378 1.4 0.29458146104760874 3.431831258788849 11.629103976054187 11.17976959267076 1.6877893095701288 2.7133332335105145 4.067829069376903 False
3306 1841.5214468379222 3939.81558084188 214.99821479746393 53.00786694956079 1835 1848 3934 3945 130.0 2.816285928051623 2.3973402990204944 13.064249692937956 0.5247736656528358 -0.16640119336224649 2.1419648850007578 0.0 78.46447525734683 3.5621934 120.37346462514526 7.767675873148432 2.24431725970245 0.3950577747244526 6.432750982580687 140.68413380170534 12.404861277765571 2.3148787711165855 4.719897081611125 8.654915724984846 False
3307 9361.106788284666 3940.584983018025 214.93073202531357 52.9601591465956 9357 9365 3937 3945 64.0 1.6949859938240694 1.4427239873200304 27.546099753574552 0.5248874738173086 -0.3975200530633763 2.712875632804258 0.0 35.95073057765616 2.4146361 39.50401200931717 3.290871909112082 1.5874341874501436 0.5619995017695186 4.51351666838205 42.383340251973465 5.255498716378993 1.0193839770651845 1.916759886115811 3.3145205345938775 False
3308 10121.849462308794 3937.5248548251648 214.92394625644548 52.95531355174673 10121 10123 3937 3938 6.0 0.7976942418045412 0.4993751347766233 0.2386391687206942 0.7798043994628524 0.45969565007335805 0.7861048530726908 0.0 3.7567622352240204 0.7312131 15.930839697507775 2.7666694467676205 3.235775351424577 0.13037208303087308 1.381976597885342 24.196584224685026 4.442406255572201 1.2721279935376364 2.264989601202607 3.6993394643082054 False
3309 2999.489007542256 3950.6295879281784 214.9877004694759 53.000580569156696 2991 3009 3938 3963 352.0 5.576699972220177 3.050250995756284 -67.89368971816383 0.8371564944883342 -0.2254164109014182 2.6909719676677897 0.0 234.91449028919936 5.680951 252.93643666646875 7.667997120114096 1.4 0.4318565915530831 10.585134856802455 256.3664673501997 12.286219470482383 2.8259699079338545 5.5658448519311055 9.173600453412647 False
3310 6619.851076481527 3943.9046300087134 214.95527763702876 52.97757487510192 6615 6625 3940 3949 86.0 2.7638800807802806 1.5882707194416612 40.09295768011148 0.8183974913174982 -0.22757210303258502 1.2700539419621208 0.0 37.04602921236433 2.7734272 46.2733265088243 4.246628954237816 1.540186233283558 0.43693754231324783 5.232078956954491 45.15793842464836 6.7144177764302775 1.7832058222792897 3.2767847141422024 5.336353273994901 False
3311 8136.425370882501 3945.942136455391 214.94165474128994 52.96796133503923 8124 8150 3940 3952 248.0 5.882356711931033 2.496988806887768 13.693729204506132 0.9054336454837231 -0.38620218299086745 1.9661366290693232 0.0 90.34576523972866 6.972602 234.55465660957782 27.185514381395627 2.9920162581566188 0.4672721013023381 8.884866446580956 469.7333233042393 19192128.621244006 5.553098943426958 20.48158732633643 28.03302784179822 False
3312 3039.041887549091 3942.820229179744 214.98742759962494 53.00028747084039 3037 3041 3941 3945 17.0 1.115682924575184 0.938811690631503 43.109308393703365 0.5403066592311957 0.09634909442375328 0.8739949412726868 0.0 6.253106398367223 1.232324 8.85349956778604 1.879841912346945 1.4 0.3196036696050381 2.326213245840639 7.5409972172900215 3.0089212032430295 1.0122315226121519 1.7387389938679467 2.6310833914843217 False
3313 9167.597728680787 3955.830274002153 214.93230590437048 52.961469764038746 9158 9176 3941 3969 386.0 6.434655423182059 3.181026957002132 72.87850993987772 0.8692580854307872 -0.1949091310411929 2.1441768280095435 0.0 192.71544777589904 5.8956037 247.0472864832802 11.817664514618638 1.993362813705874 0.4210420158982377 11.084566571000565 313.76704955712734 18.81500671490703 4.004100135727226 7.4997298171580455 12.404197179972062 False
3314 2419.622700239359 3943.931007106718 214.9929787319009 53.004222493486964 2418 2421 3942 3946 17.0 1.1390060716482957 0.9111411500728103 -42.45191808555818 0.6000745691785225 -0.15190370155119864 1.9149199065994704 0.0 11.22276222157544 inf 20.854191056960435 inf 2.156973010345466 0.43742996101797976 2.326213245840639 15.680537219523888 inf 1.1696003116430607 2.1903028953412633 3.709122058365574 True
3315 10343.258496202525 3954.4861650909793 214.92178347748947 52.953999573831595 10333 10352 3942 3968 375.0 4.326336914856942 2.490966678943109 60.916979786578 0.8176130645758406 -0.1075684838696417 44.639476211296156 0.0 948.5216217602186 7.1812673 1022.8025280676068 8.766062960567565 1.6829855699829732 0.6564868429945481 10.925484305920792 1153.690895420356 13.334433262232299 1.4942763639649894 3.45769416403284 7.519365443479064 False
