outputs/dr0.5_c0.1/nircam6_matched_f814w_f277w_dr0.5_c0.1.ecsv
# %ECSV 1.0
# ---
# datatype:
# - {name: label, datatype: int64}
# - {name: xcentroid, datatype: float64}
# - {name: ycentroid, datatype: float64}
# - {name: sky_centroid.ra, unit: deg, datatype: float64}
# - {name: sky_centroid.dec, unit: deg, datatype: float64}
# - {name: bbox_xmin, datatype: int64}
# - {name: bbox_xmax, datatype: int64}
# - {name: bbox_ymin, datatype: int64}
# - {name: bbox_ymax, datatype: int64}
# - {name: area, unit: pix2, datatype: float64}
# - {name: semimajor_sigma, unit: pix, datatype: float64}
# - {name: semiminor_sigma, unit: pix, datatype: float64}
# - {name: orientation, unit: deg, datatype: float64}
# - {name: eccentricity, datatype: float64}
# - {name: min_value, datatype: float64}
# - {name: max_value, datatype: float64}
# - {name: local_background, datatype: float64}
# - {name: segment_flux, datatype: float64}
# - {name: segment_fluxerr, datatype: float32}
# - {name: kron_flux, datatype: float64}
# - {name: kron_fluxerr, datatype: float64}
# - {name: kron_radius, unit: pix, datatype: float64}
# - {name: gini, datatype: float64}
# - {name: equivalent_radius, unit: pix, datatype: float64}
# - {name: kron4_2_flux, datatype: float64}
# - {name: kron4_2_fluxerr, datatype: float64}
# - {name: kron4_2_mag, datatype: float64}
# meta:
#   PHOTMJSR: 0.3925000131130219
#   PIXAR_SR: 2.11539874851881e-14
#   __serialized_columns__:
#     area:
#       __class__: astropy.units.quantity.Quantity
#       unit: !astropy.units.Unit {unit: pix2}
#       value: !astropy.table.SerializedColumn {name: area}
#     eccentricity:
#       __class__: astropy.units.quantity.Quantity
#       unit: !astropy.units.Unit {unit: ''}
#       value: !astropy.table.SerializedColumn {name: eccentricity}
#     equivalent_radius:
#       __class__: astropy.units.quantity.Quantity
#       unit: !astropy.units.Unit {unit: pix}
#       value: !astropy.table.SerializedColumn {name: equivalent_radius}
#     kron_radius:
#       __class__: astropy.units.quantity.Quantity
#       unit: !astropy.units.Unit {unit: pix}
#       value: !astropy.table.SerializedColumn {name: kron_radius}
#     orientation:
#       __class__: astropy.units.quantity.Quantity
#       unit: &id001 !astropy.units.Unit {unit: deg}
#       value: !astropy.table.SerializedColumn {name: orientation}
#     semimajor_sigma:
#       __class__: astropy.units.quantity.Quantity
#       unit: !astropy.units.Unit {unit: pix}
#       value: !astropy.table.SerializedColumn {name: semimajor_sigma}
#     semiminor_sigma:
#       __class__: astropy.units.quantity.Quantity
#       unit: !astropy.units.Unit {unit: pix}
#       value: !astropy.table.SerializedColumn {name: semiminor_sigma}
#     sky_centroid:
#       __class__: astropy.coordinates.sky_coordinate.SkyCoord
#       dec: !astropy.table.SerializedColumn
#         __class__: astropy.coordinates.angles.Latitude
#         unit: *id001
#         value: !astropy.table.SerializedColumn {name: sky_centroid.dec}
#       frame: icrs
#       ra: !astropy.table.SerializedColumn
#         __class__: astropy.coordinates.angles.Longitude
#         unit: *id001
#         value: !astropy.table.SerializedColumn {name: sky_centroid.ra}
#         wrap_angle: !astropy.coordinates.Angle
#           unit: *id001
#           value: 360.0
#       representation_type: spherical
#   astropy version: '5.1'
#   kernelfile: kernel_f814w_f277w.fits
#   make_catalog parameters:
#     ab_zpt: 31.4
#     coadd_bands: !!python/tuple [f277w, f356w]
#     deblend_contrast: 0.001
#     deblend_nlevels: 32
#     deblend_npixels: 1
#     detect_kernel_fwhm: 4.0
#     detect_kernel_npix: 7
#     detect_npixels: 4
#     detect_threshold_nsigma: 3.0
#     flag_isolated_buffer: 4
#     hst_bands: !!python/tuple [f606w, f814w, f125w, f140w, f160w]
#     jwst_bands: !!python/tuple [f115w, f150w, f200w, f277w, f356w, f410m, f444w]
#     near_border_kernelsize: 21
#     reference_band: f200w
#   make_catalog version: 1.4.0
#   photutils version: 1.5.0
# schema: astropy-2.0
label xcentroid ycentroid sky_centroid.ra sky_centroid.dec bbox_xmin bbox_xmax bbox_ymin bbox_ymax area semimajor_sigma semiminor_sigma orientation eccentricity min_value max_value local_background segment_flux segment_fluxerr kron_flux kron_fluxerr kron_radius gini equivalent_radius kron4_2_flux kron4_2_fluxerr kron4_2_mag
[from data line 41]
42 6919.704636273019 269.35787812253295 214.86282426276486 52.8103227129553 6908 6932 265 278 241.0 5.903580582313331 3.0379996429844507 7.883052334897922 0.8574286344453158 0.03345472987025805 0.9145053361842507 0.0 106.99591980453981 4.410136 819.6521834738234 18.65622836320303 3.5336465340323495 0.21356152700212025 8.758577656805558 965.4689294940072 30.049407309940044 23.938154245069896
43 4426.7009557872425 276.51574234009627 214.88500096152745 52.826196636848486 4416 4437 266 288 365.0 3.8787595646048345 2.613360427885219 -56.424524154362786 0.7389485078452743 -0.2867504179998406 10.164702023936362 0.0 326.6810132459965 5.7276416 342.6255505359059 6.5590539469181595 1.555732587732174 0.6749866199974315 10.778826859036359 376.6086719250652 10.436987749049523 24.960274209963
44 3016.262183606227 273.95169661901207 214.8976243190613 52.83513992613596 3008 3026 269 281 178.0 4.973370613030359 2.325305168374937 9.657633987456373 0.8839660166457217 -0.14777857749213907 0.5741291565228125 0.0 33.47937960771124 3.8533573 79.48112269628464 11.623143922458045 2.680405200711316 0.41588364934785577 7.527227892173502 61.33680721929438 18.561033346100768 26.930697085520713
45 6991.244744020924 273.89679537482533 214.8621382495138 52.809892715314334 6985 6996 270 277 76.0 2.6431119068052795 1.8272068198880065 15.32565918984787 0.7225593307563279 -0.012054757884721469 0.4305495883277043 0.0 12.633078636760818 2.4568143 30.074710426129734 7.750467323139508 2.8217936786121185 0.37854179149069156 4.918490759365935 13.62945591270972 12.392207584995827 28.563803702090535
46 3855.0 278.4178289163964 214.89008611345406 52.82983770213565 3855 3857 276 279 6.0 0.5714728745555119 0.28867513459481287 90.0 0.8630360565527654 -0.08447115007783251 0.06064183014311577 0.0 -0.09130729649774941 0.694241 4.429001285088603 2.1364566851711055 4.164947904346456 -0.41379767982751914 1.381976597885342 9.336407167270318 3.427900522189096 28.97455054165618
47 6797.237044343858 280.9717031130397 214.86379493938628 52.81116334923866 6792 6802 276 285 83.0 2.242107344620348 1.785588154646671 -3.2971720401574283 0.6047855867754033 -0.13476326396074198 0.9738745607576758 0.0 28.837934872670957 2.5441313 37.05628725945186 4.202830955833329 1.6901950402932118 0.43097884235008854 5.140011726956917 36.259464599825904 6.734577547317371 27.50144653225171
48 1629.4849257827132 279.9348162030423 214.90995157636922 52.84397777515812 1628 1631 278 281 15.0 1.0387164353245155 0.9163891378893547 1.1994981009161614 0.47081446132233806 0.10983410340260621 0.8398632337355416 0.0 8.27308276830934 1.1021184 16.959053815646445 2.979116660071166 2.4021394867382675 0.23332550161173524 2.1850968611841584 13.639156036852793 4.755354000711743 28.56303125526145
49 3049.2948880836275 279.34149139321255 214.89727259490118 52.83495924909753 3048 3051 278 281 10.0 0.9669243222530177 0.7798987164578816 -42.07964051432736 0.5911293268783885 0.2496491985274256 0.36700839408414 0.0 3.2281418878412955 0.95538306 12.707083943281138 3.4049636274532835 3.031421463527471 0.06641420591202099 1.7841241161527712 16.118577490255163 5.400550112868921 28.381683221369595
50 8726.838203012036 283.5385950245223 214.84655534097755 52.79891784372104 8722 8733 280 288 87.0 2.905997253374752 2.0038512231715897 13.642736041294173 0.7242312602117315 0.20562409573808313 1.0122704915834053 0.0 45.523323616791984 3.1980681 81.5121251511449 8.53052546833644 2.324122848273724 0.2363547122369115 5.262410103554244 86.99531256563762 13.639575899203892 26.55126036792819
51 9622.78388651663 288.2220070215541 214.83851731950637 52.793250028120696 9615 9632 280 294 159.0 4.392219948910346 2.255932718920944 -37.42492813804453 0.8580176745480301 -0.03952286855056453 1.1334720736751698 0.0 73.2916897742677 3.5675876 131.11458187511406 9.667415795630586 2.4673980066388137 0.3143887307892489 7.1141599576634995 124.54372537212173 15.460115995106111 26.161695369333284
52 755.1578278179454 282.60285242062014 214.91773777733803 52.84954319147781 754 757 281 285 17.0 1.278785905085 0.8679294003016974 -86.22139609379323 0.734403045485521 0.03643892724603251 0.34621889177148396 0.0 2.5458071024686384 1.2176654 7.265768213464634 3.1339122058101747 2.259395707763398 0.3439958492320935 2.326213245840639 10.930049626261939 5.042444018377825 28.803444665491067
53 9078.536336021276 281.4308827681548 214.84344128375716 52.79667176535531 9078 9079 281 282 4.0 0.49970059372877834 0.4941678039361144 -25.524544125569946 0.148397525915255 0.4029224682471608 0.6133466536989629 0.0 1.9954262123269522 0.6413125 18.31329859099271 2.620865195117917 3.763569492049923 0.11638032331048867 1.1283791670955126 35.41604296669099 4.116109820606587 27.52699991035866
54 1387.4210753292393 290.2481178235997 214.9120063925146 52.84557033257181 1382 1396 282 297 152.0 3.5733825346292445 2.8688006552098484 81.02622933913408 0.5962148098009443 -0.14277559739312137 0.4384455556168487 0.0 23.168786815304177 3.5310442 88.6359752276114 12.850877167977625 3.1534524637532027 0.39709241138320484 6.955796338302048 99.73627232090894 20.684698990909503 26.40286716931742
55 2580.9582388330737 310.78842553183466 214.90112578016183 52.83810288985056 2557 2604 283 334 1413.0 15.26443220189811 7.267777570790975 47.198755711260176 0.8793776194326344 -0.3778144467225403 0.47757367662968897 0.0 33.797167254072896 10.785823 210.6279645431069 43.79753351269677 3.2560527417604184 0.48447918876657853 21.20782565888583 290.1004055312071 69.34269876223732 25.243629160242197
56 7165.841093775884 288.101698420352 214.86043119572045 52.808860139901604 7163 7169 285 291 40.0 1.8610248141902623 1.3694699980441796 -87.92010019519873 0.6771242037289572 -0.06318979764142268 0.25705847708927576 0.0 5.127232010492065 1.7212878 19.506656240312065 6.971407871852099 3.5800472073479597 0.3127594188757916 3.5682482323055424 19.30676199706646 11.163166721884172 28.185726392807215
57 941.7055817540521 288.77891047357366 214.91600542468902 52.84839219958567 940 944 287 291 17.0 1.2430732940165419 0.8931279992755289 35.226707757586674 0.6955437137063212 0.12940605723010085 0.7580709012761153 0.0 8.246312791453192 1.3186566 19.610157695372944 3.8171220391544196 2.586526497370103 0.22827647934384068 2.326213245840639 24.59518289289109 6.0817771758393775 27.92287485905985
58 4000.3076683879044 296.15430118433716 214.88860204151808 52.82901058949249 3995 4005 290 304 118.0 3.746540159776844 1.9109884618441146 79.87955737002946 0.8601343623168386 -0.13556286515976607 0.5611073476523097 0.0 24.77580874599242 2.851074 49.015874322931126 7.84050912821312 2.513552718474876 0.40593683329751745 6.128667601500942 66.31469033510766 12.656486470716303 26.84597563506776
59 3452.947104471327 318.782654064146 214.89325256401838 52.832608766828095 3410 3494 291 343 2792.0 17.12774457526058 9.336474491831098 -21.804554946657408 0.8383656839184375 -0.21030300684883854 0.7647091745268491 0.0 511.4835123551814 14.33559 677.7731412514381 30.713557349732984 2.018658989518432 0.4342297949302676 29.811427376513585 893.727672996841 49.084850146568826 24.021986986376838
60 3562.4766298118343 296.49463879099574 214.892508591701 52.8317929380201 3560 3565 292 300 40.0 2.000618108741621 1.1871398587956181 -89.37470310197328 0.8049176438142057 -0.032043145597352475 0.5377294794703086 0.0 9.685924494045295 1.7093253 30.86409213386414 5.476747262704462 2.9810473782989284 0.33261307205411944 3.5682482323055424 63.90476318902638 8.778922111018943 26.886166925432825
61 1313.252117722723 304.20495669645635 214.91252252389933 52.84611656640264 1304 1322 293 315 322.0 6.3784956233287895 3.04025716620336 58.269420112033266 0.8790976422360145 -0.14158513216144883 1.1721581276494895 0.0 105.83933566330049 5.791343 158.38257084506733 12.843011113843614 2.039811026588347 0.4149180968147818 10.124020118074668 171.6116613807592 20.51496619099617 25.813633010605805
62 1065.0998855029598 297.2967509780302 214.91481299177894 52.847654774540445 1063 1068 295 300 26.0 1.3225039761684008 1.1597139510371535 -3.6661731248518636 0.48065876097120575 -0.004064847995451767 0.5261261839449951 0.0 7.638291577811204 1.715724 10.906131536218863 3.676459549547095 2.0455707221610138 0.28737463156081017 2.876813695875796 16.94173516942236 5.8523330091218995 28.327605278414474
63 2277.8235415463696 312.6884475048801 214.9038140732177 52.84003797496764 2252 2302 295 333 1420.0 10.548333823320677 6.027453942959236 -24.030316800859183 0.820662723703696 -0.28929706801328936 1.2170224891890953 0.0 263.97633270826606 10.231914 339.5921914203125 20.345277705376603 2.132963424123246 0.5275278188669041 21.260292528114064 443.28059564335604 32.361886902008116 24.783303198197977
64 1054.8335986718157 310.2348032010681 214.91476873923966 52.84778979104431 1051 1058 308 313 31.0 2.0303503520796187 1.0761716585381 26.75648809731217 0.8479711753377357 0.0948847745355626 0.45651964017212837 0.0 9.874384559588764 1.7863024 31.600042569522557 6.308726876462691 2.9684573708887645 0.18351235014413086 3.141274657157109 52.557191935629305 10.097671466490342 27.098419616584888
65 8702.38049050867 321.5070310342088 214.84637443389104 52.79927796561893 8684 8721 309 336 729.0 5.979467821033617 3.981214308644178 19.206171958093833 0.7461176263368198 -0.17850349326708198 10.227032295921735 0.0 776.9639675496535 9.744896 796.058911085827 10.892312704777392 1.4 0.6162574537553484 15.23311875578942 810.3592858942668 17.353626761340703 24.128305967353754
66 4158.539311836503 325.63784143761137 214.88687914359076 52.828164759246135 4150 4167 310 338 344.0 5.168631967976988 2.5122832327182176 69.97343370492948 0.8739235063805408 -0.05442519415686344 5.278834583076405 0.0 249.34712410674467 5.6911373 275.0103770670137 8.583300533128282 1.751270544754448 0.574729191723229 10.464157913908982 305.4383189280557 13.749064869166718 25.18769119803636
67 2759.710285710198 314.06393579703496 214.89949445482083 52.83698550556554 2756 2762 311 316 32.0 1.5243785074249088 1.2167071958535236 -21.570863977486944 0.6024374918803235 -0.03822936909585718 0.5577194653486274 0.0 9.77259979736779 1.6584984 26.237933902036286 5.107797735157823 2.8858417707314215 0.33277056202376487 3.1915382432114616 26.12560276169433 8.261270532585783 27.857334202148834
68 6510.221141175081 315.2216546776058 214.86599606681094 52.813171365072385 6508 6512 313 317 20.0 1.257002048199429 1.0691642455455945 -26.43305243031221 0.5258669701247362 0.18549937956453005 0.780573642126024 0.0 9.507715226472106 1.1818227 23.655410866595748 3.5910552196587116 2.7249791098390537 0.20636031377218078 2.5231325220201604 24.715088231505952 5.716981911869603 27.917594586982542
69 6919.664732117325 313.79965136753145 214.86235754026612 52.81056265138985 6919 6921 313 315 6.0 0.7214001686861805 0.5413806937243184 54.776666144600114 0.6609178806808441 0.06448447362417159 0.20683962747436446 0.0 0.8842499302996082 0.7154655 5.724116673784187 2.5322822990463276 3.1827260603917735 0.20172987093187728 1.381976597885342 11.761086276560214 4.0792525899104 28.723881410333217
70 8516.086812182892 318.87453849427743 214.84806348049958 52.800447463473695 8493 8537 314 325 364.0 9.29788460142297 2.1281115200503944 4.1866217615395795 0.9734543491844774 -0.22284618750949353 1.5373190320189707 0.0 167.28165694238888 6.096672 212.9251742639598 10.767235538227677 1.6909846598887426 0.37705564223881843 10.764051215546116 226.6895545956017 17.441277243309603 25.51142122709883
71 599.6496516577703 316.43050752480656 214.9187722147668 52.8507130524383 599 600 316 317 4.0 0.5014683347310283 0.47043032053660633 -62.80725026667055 0.3463490012854836 0.11203780911936931 0.2625837332765194 0.0 0.6869721863922282 0.68204516 10.253310980438256 2.7775395010303456 3.739884463849558 0.24586386048938458 1.1283791670955126 31.272757760146675 4.457537215003987 27.662084547995608
72 3643.1691538728005 322.74105435540366 214.89151203010417 52.83142211808712 3635 3652 316 330 203.0 4.587706806319895 2.6988934647433482 -38.81916155269738 0.8086513923760603 -0.14530763104248823 0.6743804944780707 0.0 43.292846065768856 3.8240376 131.9783134947198 13.001111927150557 3.077688895206674 0.3651389653017508 8.03846421247924 175.8319992111975 20.775224415063896 25.787255214847526
73 3000.6053035090754 318.84350449145876 214.8972922933179 52.8354815997502 2999 3003 317 321 19.0 1.2640724572254443 1.0655692809010555 4.445901193737808 0.537967860816997 0.07520193903715837 0.413108706385882 0.0 4.586532457769171 1.2285277 37.862177087978544 5.251343906084721 3.551407407796562 0.2323569309354871 2.4592453796829674 64.90433855653848 8.39083574266312 26.869315679101263
74 8293.831486978235 321.65592067458294 214.85001645811494 52.801874619205776 8289 8297 320 325 50.0 2.3965755739805057 1.2571113218728704 10.807344666779942 0.8513828302122967 -0.0334608678103146 0.4225959839269465 0.0 8.986591830778087 2.1877112 34.07563499005665 7.098862037601625 2.9301783993981623 0.4235763429546685 3.989422804014327 45.496196127571466 11.36817770759408 27.25506228142669
75 1368.8808761956623 333.6902722170657 214.91171540766388 52.84592252801744 1361 1378 324 344 273.0 3.8160238790414924 2.9791512404047404 74.31177717870953 0.6249120908810116 -0.08630701222215434 3.7915969360531983 0.0 248.2056869134881 5.081611 286.86180016975743 7.852769659273583 1.7091023400247094 0.4996756630894753 9.321941800299703 308.3274776726128 12.549432460036677 25.177469424724173
76 9501.386693623974 343.3705577504099 214.83902010098487 52.79431876389958 9491 9511 324 360 610.0 7.323715403254637 3.2783923942402486 87.57744585120662 0.8942135587884271 -0.0930001447514923 4.742763416098206 0.0 478.98933080353174 7.001202 506.5255987436228 8.607478258204274 1.4 0.540070030661702 13.934454799959427 522.0312281571426 13.845209297075257 24.605758791293816
77 9518.235497092432 327.93279281893996 214.83903211570166 52.794128470558285 9516 9520 326 330 23.0 1.3669044106137753 1.0947630259059955 29.34429554795191 0.5987890373039955 0.09103353215218633 0.46023061056086506 0.0 6.444375078781575 1.3573649 30.548509524865864 5.421083388140654 3.538464239800786 0.21695905493928752 2.7057581899030048 48.43349096703848 8.647606621428057 27.187135567364997
78 6699.849334537461 333.54072842659673 214.86411142214138 52.812065542557065 6693 6707 327 340 169.0 2.2307618831370486 2.1255506051542787 -19.489908500255538 0.30348515012827293 -0.01979422313352389 20.90945097782758 0.0 402.61358993089095 3.6190207 407.9803961142313 3.9189794821141866 1.462301419420994 0.6612796107313573 7.334464586120832 435.04287053671874 6.24635625898093 24.80366986037121
79 10213.470726334948 332.3328127519516 214.83278799638472 52.78973414461215 10208 10219 328 339 95.0 2.7223077682837427 2.533749309001977 -76.15738448846074 0.3656923070808998 -0.05825640597580715 0.5957919668712354 0.0 28.248486370744637 2.8032935 64.52950244240978 7.849738380752849 2.3613524812888227 0.26701454738879726 5.499039842323396 91.65127753583742 12.532094271369575 26.494653692469146
80 2921.553542197582 345.0720964496353 214.89772274018353 52.83612512646017 2910 2932 333 360 422.0 6.62534222912352 3.058263181389958 -58.68939300263851 0.8870877714396251 -0.1061442729783224 2.3479738727232475 0.0 211.99500105205493 5.9649363 246.12465117376914 10.248106170715788 1.760987105480411 0.48091441157361386 11.589942707777277 288.7508284642681 16.48678881299189 25.24869190262444
81 3601.48930974337 337.1561799166735 214.89173275277736 52.831764590025976 3598 3604 334 339 31.0 1.8445515766396505 1.3254767772036975 -50.27988302477616 0.6954337162442342 -0.09385327398662544 0.1335231513177789 0.0 1.366086531728036 1.495064 6.701075010810093 5.5500039999687525 2.9612622793682575 0.3898550406786749 3.141274657157109 34.680496435286386 8.901813858386284 27.549786736066096
