outputs/dr0.5_c0.1/nircam1_f115w_dr0.5_c0.1.ecsv
# %ECSV 1.0
# ---
# datatype:
# - {name: label, datatype: int64}
# - {name: xcentroid, datatype: float64}
# - {name: ycentroid, datatype: float64}
# - {name: sky_centroid.ra, unit: deg, datatype: float64}
# - {name: sky_centroid.dec, unit: deg, datatype: float64}
# - {name: bbox_xmin, datatype: int64}
# - {name: bbox_xmax, datatype: int64}
# - {name: bbox_ymin, datatype: int64}
# - {name: bbox_ymax, datatype: int64}
# - {name: area, unit: pix2, datatype: float64}
# - {name: semimajor_sigma, unit: pix, datatype: float64}
# - {name: semiminor_sigma, unit: pix, datatype: float64}
# - {name: orientation, unit: deg, datatype: float64}
# - {name: eccentricity, datatype: float64}
# - {name: min_value, datatype: float64}
# - {name: max_value, datatype: float64}
# - {name: local_background, datatype: float64}
# - {name: segment_flux, datatype: float64}
# - {name: segment_fluxerr, datatype: float32}
# - {name: kron_flux, datatype: float64}
# - {name: kron_fluxerr, datatype: float64}
# - {name: kron_radius, unit: pix, datatype: float64}
# - {name: gini, datatype: float64}
# - {name: equivalent_radius, unit: pix, datatype: float64}
# - {name: kron4_2_flux, datatype: float64}
# - {name: kron4_2_fluxerr, datatype: float64}
# - {name: radius_kron20, unit: pix, datatype: float64}
# - {name: radius_kron50, unit: pix, datatype: float64}
# - {name: radius_kron80, unit: pix, datatype: float64}
# - {name: near_border, datatype: bool}
# meta:
#   PHOTMJSR: 2.962800025939941
#   PIXAR_SR: 2.11539874851881e-14
#   __serialized_columns__:
#     area:
#       __class__: astropy.units.quantity.Quantity
#       unit: !astropy.units.Unit {unit: pix2}
#       value: !astropy.table.SerializedColumn {name: area}
#     eccentricity:
#       __class__: astropy.units.quantity.Quantity
#       unit: !astropy.units.Unit {unit: ''}
#       value: !astropy.table.SerializedColumn {name: eccentricity}
#     equivalent_radius:
#       __class__: astropy.units.quantity.Quantity
#       unit: !astropy.units.Unit {unit: pix}
#       value: !astropy.table.SerializedColumn {name: equivalent_radius}
#     kron_radius:
#       __class__: astropy.units.quantity.Quantity
#       unit: &id001 !astropy.units.Unit {unit: pix}
#       value: !astropy.table.SerializedColumn {name: kron_radius}
#     orientation:
#       __class__: astropy.units.quantity.Quantity
#       unit: &id002 !astropy.units.Unit {unit: deg}
#       value: !astropy.table.SerializedColumn {name: orientation}
#     radius_kron20:
#       __class__: astropy.units.quantity.Quantity
#       unit: *id001
#       value: !astropy.table.SerializedColumn {name: radius_kron20}
#     radius_kron50:
#       __class__: astropy.units.quantity.Quantity
#       unit: *id001
#       value: !astropy.table.SerializedColumn {name: radius_kron50}
#     radius_kron80:
#       __class__: astropy.units.quantity.Quantity
#       unit: *id001
#       value: !astropy.table.SerializedColumn {name: radius_kron80}
#     semimajor_sigma:
#       __class__: astropy.units.quantity.Quantity
#       unit: !astropy.units.Unit {unit: pix}
#       value: !astropy.table.SerializedColumn {name: semimajor_sigma}
#     semiminor_sigma:
#       __class__: astropy.units.quantity.Quantity
#       unit: !astropy.units.Unit {unit: pix}
#       value: !astropy.table.SerializedColumn {name: semiminor_sigma}
#     sky_centroid:
#       __class__: astropy.coordinates.sky_coordinate.SkyCoord
#       dec: !astropy.table.SerializedColumn
#         __class__: astropy.coordinates.angles.Latitude
#         unit: *id002
#         value: !astropy.table.SerializedColumn {name: sky_centroid.dec}
#       frame: icrs
#       ra: !astropy.table.SerializedColumn
#         __class__: astropy.coordinates.angles.Longitude
#         unit: *id002
#         value: !astropy.table.SerializedColumn {name: sky_centroid.ra}
#         wrap_angle: !astropy.coordinates.Angle
#           unit: *id002
#           value: 360.0
#       representation_type: spherical
#   astropy version: '5.1'
#   make_catalog parameters:
#     ab_zpt: 31.4
#     coadd_bands: !!python/tuple [f277w, f356w]
#     deblend_contrast: 0.001
#     deblend_nlevels: 32
#     deblend_npixels: 1
#     detect_kernel_fwhm: 4.0
#     detect_kernel_npix: 7
#     detect_npixels: 4
#     detect_threshold_nsigma: 3.0
#     flag_isolated_buffer: 4
#     hst_bands: !!python/tuple [f606w, f814w, f125w, f140w, f160w]
#     jwst_bands: !!python/tuple [f115w, f150w, f200w, f277w, f356w, f410m, f444w]
#     near_border_kernelsize: 21
#     reference_band: f200w
#   make_catalog version: 1.4.0
#   photutils version: 1.5.0
# schema: astropy-2.0
label xcentroid ycentroid sky_centroid.ra sky_centroid.dec bbox_xmin bbox_xmax bbox_ymin bbox_ymax area semimajor_sigma semiminor_sigma orientation eccentricity min_value max_value local_background segment_flux segment_fluxerr kron_flux kron_fluxerr kron_radius gini equivalent_radius kron4_2_flux kron4_2_fluxerr radius_kron20 radius_kron50 radius_kron80 near_border
[from data line 411]
412 8824.386094522637 642.0563421785904 214.97028863142242 52.945749918925415 8805 8843 627 660 903.0 6.227829136251801 4.230998004335437 21.56255590566791 0.7337962248821901 -0.403923662284912 15.87693522341802 0.0 668.761342746097 8.918942 673.3093561669423 9.43656994900812 1.4 0.6828604446171372 16.95387351680916 704.2880182666233 14.854502743125053 2.196249350037026 4.984612860076685 9.839469469546044 False
413 4497.763006341591 629.1977048499305 215.00924161019776 52.97312478438175 4496 4499 628 631 9.0 0.8951284629715686 0.8109418781838664 73.8717372693136 0.4233841012774172 0.7683637707786936 2.188386567191808 0.0 12.12075138108693 0.96260697 285.3061576108501 4.902672309138899 4.0830151048765035 0.1661243668398928 1.692568750643269 401.4625590948905 7.671448978732842 3.3996978467149717 5.2761352302466635 7.03022891452609 False
414 8134.219242086448 630.5865212426941 214.97659814387129 52.95006662404958 8132 8137 628 633 24.0 1.0398619033392156 1.00543000137183 20.22887239312508 0.25520106868618386 -0.08447549663513128 1.3285832609577546 0.0 8.384971144618204 2.9467928 10.599364004407061 inf 2.1098235897433653 0.5780304532975681 2.763953195770684 8.023082065111454 inf 0.7379250119154201 1.3821821593759684 2.5835772454746815 True
415 2409.653903474836 636.8935590784924 215.02791223553092 52.98640698596627 2397 2425 630 645 309.0 5.066680316136741 2.7387180098317074 -18.34266600096819 0.8413215325968796 -1.7028044374383149 5.145314598605336 0.0 98.76246436102758 12.9442215 75.57746317543436 4724865.870291705 1.4 0.6055980907059024 9.91754782346883 15.426324749693684 15946815.059032198 1.1581879571561051 2.1355478350805703 3.373926237003436 False
416 10021.46691213334 634.2558248083392 214.95963947591778 52.93811228068571 10018 10025 630 639 68.0 2.1931941432335096 1.4984015521792888 74.9757505322421 0.730226479554458 -0.08749022881556803 1.827644638015224 0.0 34.57424933256566 2.4379675 55.233141765441005 5.458413112658372 2.329670819815483 0.4484623458639561 4.652426491681278 63.634799643985026 8.65249559001454 1.6332083254519258 3.565634433226517 7.12288537906275 False
417 4126.177937054231 635.821750726512 215.01250792855626 52.97551701502015 4121 4131 631 641 98.0 2.5485539072890258 1.7210977635093865 49.12090608947066 0.7375218493785843 -0.1730248338086496 2.6005569241419257 0.0 43.239914765868335 2.8682945 57.38524301572989 5.575989678215022 2.0990759461988695 0.48755070894256547 5.585191925620057 73.01337393022328 8.87138738056686 1.430791555748631 3.2653422153863656 7.229778178492868 False
418 4093.382058053491 633.6220789946898 215.0128255514023 52.97571309424664 4092 4096 632 635 16.0 1.084092270073036 0.8461453080734095 -33.85626052224001 0.625142776822675 -0.09441057295757238 0.6434847067430562 0.0 3.9643351891383274 1.1778731 13.557474736364808 3.6692796596791903 3.012870447503616 0.380856425897266 2.256758334191025 12.759415918872554 5.869833320102133 1.5355946317172908 3.1565387320153566 4.807789224950325 False
419 6530.85825054156 636.8500121017767 214.9909143910964 52.960271539587644 6526 6534 632 641 71.0 2.1836079367948833 1.7849981427932302 88.86619016919245 0.575994471683358 0.05048043725660138 2.712989049277112 0.0 49.80739120079249 2.2752645 57.874823829088115 3.239664759524068 1.4 0.4173925921745496 4.753945931439391 58.561379645653375 5.123514496622349 1.6006152192524252 2.8385044957430843 4.342208546601489 False
420 3033.5258029824527 639.5700967002991 215.0222803426867 52.982465829928664 3031 3037 635 645 61.0 2.7907659163276914 1.3464285158201739 -82.40003326602165 0.8759188732655339 -0.11587591557912798 0.5710589637355792 0.0 12.83666016102735 2.2213523 61.07724087422092 7.828083018349061 3.178464262939078 0.38326292076225427 4.406461512053774 82.10102926161508 12.49459868046447 4.529168211644535 9.870426943388736 13.978788759239771 False
421 8585.342709232335 642.7052196909507 214.9724251646433 52.947270043162284 8578 8593 635 651 207.0 3.452676606977208 2.0074916288123794 -52.794762817785454 0.8135960456811562 -0.06910387225568791 7.050568993084759 0.0 211.69204104471203 4.261326 219.33290168545324 4.9082544631842575 1.4361926622536234 0.6074069509446609 8.117274569709014 231.9530284766364 7.641517763292886 1.658792262258502 3.141656521369081 5.550266267624715 False
422 6038.388486719051 643.5491284410787 214.99526267027105 52.96343142512729 6033 6044 637 649 107.0 3.628291171206831 1.3414363990289178 -47.96828385389344 0.9291449094108538 -0.1491681653594784 2.5179325345645234 0.0 64.00687790551973 3.006155 66.54755654075056 3.9376520318268966 1.4 0.5032165798011429 5.836022431559495 70.1189833523345 6.194586064421638 1.7148058302774811 3.2994932475206635 5.391045427926808 False
423 1315.138301074972 639.8804876831811 215.03771433893215 52.99336222047299 1313 1317 638 641 16.0 1.181761014431872 0.8664358945415767 19.348030362606785 0.680041597947785 0.2272230366840013 0.9803356624482841 0.0 8.9510569880912 1.1867505 22.86499090194964 3.552423039504702 2.7419981901994066 0.24065308016981424 2.256758334191025 24.600823864223756 5.665636562038049 1.3904069655612465 2.867788379394372 5.913637070789071 False
424 1983.7241189771362 643.0886796558927 215.03167333586384 52.98914092400386 1979 1988 638 647 73.0 2.2732139925792683 1.7521668248505968 -31.57833273000298 0.6370913161088558 -0.08074350711185552 1.2620657668455317 0.0 31.454817418268547 2.5033972 53.43777394790418 6.181008082789279 2.411622895774953 0.3607428244586234 4.820437914901168 77.75971878301836 9.853258144822103 1.976832687233309 3.993361232915169 7.664607255157256 False
425 700.2124711539316 641.5068100727326 215.04322332804105 52.997269205048006 697 704 639 645 49.0 1.947358308586138 1.4579106159288178 9.842604773983172 0.6629533697943923 -0.14976757174120803 1.006072778584402 0.0 23.91386331924411 2.124466 28.278518817877337 3.500576427797194 1.6064616719091176 0.34213620522199434 3.949327084834294 28.236245259290584 5.502892768014323 1.4917936947234718 2.4836558075549013 3.7974435645729354 False
426 199.25510657593048 650.4491934852848 215.04763179811656 53.000493098061355 195 205 642 659 141.0 4.065719162561816 1.9115213454921294 73.91156241270178 0.8825834503571455 -0.19831196074190138 1.7042817290922503 0.0 76.22491477909384 4.0115514 135.72469945078944 10.106976076057075 2.441027047353979 0.3759760821523099 6.699380116989518 168.96438079646953 17.19407228809535 2.894975595160993 6.523179620229984 12.34278967881594 False
427 7596.486364138002 644.8282077019205 214.98127091252883 52.95355493363665 7594 7599 643 647 22.0 1.2227570393627214 1.0183214892835954 -15.111959075236532 0.5535623893653 0.16170775872917248 1.2995333376194502 0.0 10.70859080253096 1.207717 13.880447747798325 1.9598230409702515 1.5626580367450316 0.33937048789407087 2.6462837142006137 13.549139128202757 3.1088436980860377 0.9160941167725412 1.7830461495157 2.7990993972974665 False
428 1515.1473051937953 646.5905494435945 215.03584647109417 52.99213054290783 1513 1518 644 649 29.0 1.345912018481358 1.124171225959665 62.196184031306736 0.5498723997924091 0.08757927470899592 1.7031013645020212 0.0 13.596729848094858 1.6353447 30.237414623413287 4.612841407569537 2.8180806760478756 0.4209724982300473 3.0382538898732494 31.0148368724687 7.295032340992853 1.423171434582692 3.6795027893858685 7.0815552659544325 False
429 3217.384578602356 649.2862426996899 215.02052676595324 52.981352568139464 3213 3222 644 654 86.0 1.9702686670617608 1.778316685387424 -67.76470442494033 0.43053112211440814 -0.14609220108559914 1.967154188594827 0.0 27.21976316806273 2.701233 45.72042649090842 5.812514606111802 2.4076803142889878 0.565571584328194 5.232078956954491 54.06285488647359 9.19332584256805 1.5266366478102158 3.7305017724569565 7.713960719225707 False
430 6605.780525781208 648.9898330470722 214.99011435075042 52.959861911531846 6602 6610 644 653 74.0 2.322522313941056 1.7006782669809761 49.86951094858546 0.6810306971496077 -0.02345720359681229 1.2886859756169273 0.0 30.68089845866724 2.2825902 37.92288728324391 3.6004775859624085 1.5731284126648881 0.37076111679316986 4.853342309955121 38.26330987849424 5.7390383085186905 1.6579043590118059 2.9931445458162322 4.957473439964065 False
431 615.9665333569377 649.0911888000867 215.04390060942418 52.99784426924264 613 619 646 652 41.0 1.3943965286121893 1.3865387878393014 27.59877519227193 0.10601272536907361 -0.11957249381293104 1.6048843992024087 0.0 20.051977452756702 1.8544518 28.277074722562986 3.831732666493634 2.180957736988294 0.44262015235794455 3.6125759969217834 38.23593351626648 6.094922256911518 1.1857645119777753 2.308393391950921 4.614419955412861 False
432 2065.672266056047 647.9292243689739 215.03088613515277 52.988647552491216 2063 2070 646 650 29.0 1.8927242943056 0.9784426061435545 30.482669886948933 0.856015982748674 0.07281341467347666 2.664322975765512 0.0 20.290199720508703 1.5867697 40.598879711182946 4.4350290701292945 2.5385754186957405 0.40320089187268554 3.0382538898732494 61.00151508507503 7.031280322897918 1.662815462492007 3.217404412211776 6.269415718439516 False
433 8525.794256069777 649.2565341120585 214.9728901434105 52.94768324075519 8523 8528 647 651 24.0 1.4169064620085121 0.9893067396894387 13.179855868313876 0.7158871696055831 -0.16791728495402664 0.6250876900807366 0.0 6.442275780738382 1.3662485 22.94587716658043 4.8517466430489415 3.2475329733995526 0.34104757044847306 2.763953195770684 35.74523833601154 7.714238932244438 2.0300963025658905 5.342522215196119 8.150309737523681 False
434 1975.0762526497715 656.4524620886363 215.03161027950222 52.98926802426604 1971 1980 651 661 80.0 2.590746529390522 1.9796533079366432 52.15984418001458 0.6450686054504516 -0.21065295973342862 0.7022154792291492 0.0 21.114121650872846 2.651743 38.411290441785596 6.899869455469209 2.379835755600721 0.3301036492201415 5.046265044040321 49.703182230443815 11.005513841004063 2.4854506126137714 4.705625124237848 8.265751869441985 False
435 2569.7868323140697 672.0392807699756 215.0261036494412 52.98558175280833 2554 2585 652 690 924.0 6.533354037064303 4.793834000092954 87.24170401769823 0.6794219601709276 -0.3325161183667623 7.997204162118628 0.0 1127.125701510818 9.190439 1165.7863656424827 10.412225795129984 1.4 0.5866362044066916 17.14987856615383 1158.1489106714857 16.284522263476603 3.431558463616995 6.578534145350197 11.116194481911906 False
436 1586.7967396182548 656.4691024501656 215.03509864158107 52.9917297376436 1584 1590 654 659 28.0 1.4394226239889771 1.1820185073879816 39.73752032403526 0.5706758237755067 0.014689049138266607 0.7724963690832404 0.0 9.827404399125879 1.5242127 14.10589903676626 3.3560601578963234 2.025498346032785 0.31581947717241265 2.985410660720923 11.172236465326021 5.375496167564639 1.2388848045338483 2.2311347015775964 3.2666517633634036 False
437 3641.576426160764 665.5741456201372 215.01654587086855 52.97875085714939 3631 3651 655 675 320.0 3.7705737522496734 2.827697332357342 44.44584553198157 0.6615078838663669 -0.32188888683523775 6.3005927616141175 0.0 122.39166143304162 5.571065 127.7756028675035 6.958591141004724 1.5547616718965278 0.6560285562680798 10.092530088080641 141.11902932542245 11.124983721522977 1.3053082814875558 3.045243295323769 6.703143012139048 False
438 1143.4661876433681 666.7128512641226 215.038974382465 52.9945956550539 1138 1149 657 675 177.0 4.354152877558087 1.953589658631276 83.19099909656589 0.8936961347734592 -0.22214452189907177 1.908109068546091 0.0 59.001284113545324 3.9049385 68.2343805838168 6.083818894724029 1.6121393198519662 0.501653571127904 7.506054213402069 70.04613310310596 9.734667298894596 2.622768456118035 4.5086779009732085 7.121064753226136 False
439 420.00141745963964 659.2984386275358 215.04555441826014 52.99914169766196 419 421 659 660 5.0 0.8016171040613358 0.4021116369514068 18.353303882628527 0.8650848439695082 0.34190924997312816 0.7038891883737328 0.0 2.3720127332577596 0.6154052 13.134322540051391 2.41507778644324 3.452618774514083 0.2009894049631631 1.2615662610100802 13.75236425720174 3.8874574954142544 1.3728612020396016 2.48639348156788 3.309082724729249 False
440 385.12177340569144 694.4935333387209 215.04549721810042 52.99955317906141 353 421 661 730 3243.0 10.372840741995782 8.882566868147775 31.9178279267594 0.5164302724434545 -0.408242285688426 83.20347459685745 0.0 1817.7121213456214 16.300581 1836.7917675736096 17.025133626762166 1.4 0.6909717753720489 32.129098351712784 1987.5217893240672 26.912477290588946 1.9220278735578122 7.847886426185463 18.449444468987856 False
441 546.0239530884509 666.6193608016853 215.0443446162222 52.99838244951351 539 553 661 672 137.0 3.2865437358899245 1.990824878451434 22.967280385493364 0.7956548026805125 -0.07756745809926718 3.754060916767323 0.0 74.84359473274323 3.5313153 108.02713885038187 7.2524979255476945 2.180545940156642 0.4848478014345854 6.6036697681803656 116.69089463557947 11.509724558234918 1.7982324884137932 4.607855443376806 8.2975828445714 False
442 7776.47052485657 666.9071304881061 214.979424131023 52.952532447178534 7775 7778 665 668 15.0 1.240410588844885 0.7453414000700396 -46.829741729605864 0.7993371308477688 0.0511846186307053 0.9592858024006684 0.0 6.447560946688408 0.9869143 15.907636209859838 2.8635346048528962 2.6625884845567542 0.3831509557504346 2.1850968611841584 19.224173445877476 4.571782764364742 1.3358059216356535 2.4712488506438466 4.237678314039183 False
443 nan nan nan nan 8180 8191 667 679 126.0 nan nan nan nan 0.0 0.0 0.0 0.0 11224971.0 nan nan nan nan 6.333012368467128 nan nan nan nan nan True
444 3459.039414111229 677.3229358973005 215.01806131055193 52.97997185662139 3450 3466 669 685 194.0 3.40499829826851 2.5488405394674922 -41.22631345448031 0.6630687136024441 -0.07809431200039099 5.243854996207576 0.0 145.48933767153244 4.1190925 160.99318225022915 5.744468336117489 1.5127031609768178 0.5231397062336224 7.858251581595959 165.16832964614898 9.057969510405133 2.230737641260721 3.8361088181429417 6.3469888647349455 False
445 6637.402737607414 673.0158720556523 214.98957763954485 52.95979117546658 6633 6642 669 676 60.0 2.0535708551294056 1.2495195659218479 -27.68491779314088 0.7935831089688534 -0.12331493802148026 1.798362820774364 0.0 22.075876799670063 2.0463743 25.821521401348587 2.696832868086907 1.4397331570006116 0.5222009135737089 4.370193722368317 26.02648918617205 4.2728559488888145 1.1170545481120089 2.161721238083611 4.009281811212022 False
446 8467.45475718018 672.7320227341679 214.97316608741426 52.94818020770452 8464 8471 669 677 57.0 2.318842474278733 1.4320553765848565 -66.54893967518043 0.786513270419692 -0.21764974182573565 1.5112494536208874 0.0 26.086060746554857 2.1823158 52.1088008994804 5.832861426317593 2.5423087678540126 0.3627872579397002 4.259537945889915 80.78050062044483 9.275284899725316 2.029007994491314 4.512522413326536 9.54824879942591 False
447 9356.740621225199 671.6913515215722 214.96520382126792 52.94253233633311 9354 9359 669 674 26.0 1.473984558493404 1.2821744548928897 45.67633321247946 0.49328162847495716 -0.16784031070469022 0.5811272631866431 0.0 4.771908881922116 1.5159626 22.945712809262318 5.83212266552461 3.237763266019792 0.4217662025772692 2.876813695875796 28.012796177152588 9.348150183104782 2.8102523938756674 5.033537804877599 7.234853521282847 False
448 3805.6823188810895 676.0416227939692 215.0149620450548 52.97776683006712 3797 3814 670 682 169.0 4.136506793233901 2.469618680690129 7.659670918632119 0.8022189043281978 -0.0839948519904083 1.0445760808442868 0.0 54.85264494623118 4.048215 80.84564618016358 8.866194309398697 2.0206446784972076 0.38611478623899737 7.334464586120832 72.59148855915008 14.119882431331916 3.042483246502857 5.779984576313625 9.057209557477167 False
