outputs/dr0.5_c0.1/nircam3_f277w_dr0.5_c0.1.ecsv
# %ECSV 1.0
# ---
# datatype:
# - {name: label, datatype: int64}
# - {name: xcentroid, datatype: float64}
# - {name: ycentroid, datatype: float64}
# - {name: sky_centroid.ra, unit: deg, datatype: float64}
# - {name: sky_centroid.dec, unit: deg, datatype: float64}
# - {name: bbox_xmin, datatype: int64}
# - {name: bbox_xmax, datatype: int64}
# - {name: bbox_ymin, datatype: int64}
# - {name: bbox_ymax, datatype: int64}
# - {name: area, unit: pix2, datatype: float64}
# - {name: semimajor_sigma, unit: pix, datatype: float64}
# - {name: semiminor_sigma, unit: pix, datatype: float64}
# - {name: orientation, unit: deg, datatype: float64}
# - {name: eccentricity, datatype: float64}
# - {name: min_value, datatype: float64}
# - {name: max_value, datatype: float64}
# - {name: local_background, datatype: float64}
# - {name: segment_flux, datatype: float64}
# - {name: segment_fluxerr, datatype: float32}
# - {name: kron_flux, datatype: float64}
# - {name: kron_fluxerr, datatype: float64}
# - {name: kron_radius, unit: pix, datatype: float64}
# - {name: gini, datatype: float64}
# - {name: equivalent_radius, unit: pix, datatype: float64}
# - {name: kron4_2_flux, datatype: float64}
# - {name: kron4_2_fluxerr, datatype: float64}
# - {name: radius_kron20, unit: pix, datatype: float64}
# - {name: radius_kron50, unit: pix, datatype: float64}
# - {name: radius_kron80, unit: pix, datatype: float64}
# - {name: near_border, datatype: bool}
# meta:
#   PHOTMJSR: 0.4907999932765961
#   PIXAR_SR: 2.11539874851881e-14
#   __serialized_columns__:
#     area:
#       __class__: astropy.units.quantity.Quantity
#       unit: !astropy.units.Unit {unit: pix2}
#       value: !astropy.table.SerializedColumn {name: area}
#     eccentricity:
#       __class__: astropy.units.quantity.Quantity
#       unit: !astropy.units.Unit {unit: ''}
#       value: !astropy.table.SerializedColumn {name: eccentricity}
#     equivalent_radius:
#       __class__: astropy.units.quantity.Quantity
#       unit: !astropy.units.Unit {unit: pix}
#       value: !astropy.table.SerializedColumn {name: equivalent_radius}
#     kron_radius:
#       __class__: astropy.units.quantity.Quantity
#       unit: &id001 !astropy.units.Unit {unit: pix}
#       value: !astropy.table.SerializedColumn {name: kron_radius}
#     orientation:
#       __class__: astropy.units.quantity.Quantity
#       unit: &id002 !astropy.units.Unit {unit: deg}
#       value: !astropy.table.SerializedColumn {name: orientation}
#     radius_kron20:
#       __class__: astropy.units.quantity.Quantity
#       unit: *id001
#       value: !astropy.table.SerializedColumn {name: radius_kron20}
#     radius_kron50:
#       __class__: astropy.units.quantity.Quantity
#       unit: *id001
#       value: !astropy.table.SerializedColumn {name: radius_kron50}
#     radius_kron80:
#       __class__: astropy.units.quantity.Quantity
#       unit: *id001
#       value: !astropy.table.SerializedColumn {name: radius_kron80}
#     semimajor_sigma:
#       __class__: astropy.units.quantity.Quantity
#       unit: !astropy.units.Unit {unit: pix}
#       value: !astropy.table.SerializedColumn {name: semimajor_sigma}
#     semiminor_sigma:
#       __class__: astropy.units.quantity.Quantity
#       unit: !astropy.units.Unit {unit: pix}
#       value: !astropy.table.SerializedColumn {name: semiminor_sigma}
#     sky_centroid:
#       __class__: astropy.coordinates.sky_coordinate.SkyCoord
#       dec: !astropy.table.SerializedColumn
#         __class__: astropy.coordinates.angles.Latitude
#         unit: *id002
#         value: !astropy.table.SerializedColumn {name: sky_centroid.dec}
#       frame: icrs
#       ra: !astropy.table.SerializedColumn
#         __class__: astropy.coordinates.angles.Longitude
#         unit: *id002
#         value: !astropy.table.SerializedColumn {name: sky_centroid.ra}
#         wrap_angle: !astropy.coordinates.Angle
#           unit: *id002
#           value: 360.0
#       representation_type: spherical
#   astropy version: '5.1'
#   make_catalog parameters:
#     ab_zpt: 31.4
#     coadd_bands: !!python/tuple [f277w, f356w]
#     deblend_contrast: 0.001
#     deblend_nlevels: 32
#     deblend_npixels: 1
#     detect_kernel_fwhm: 4.0
#     detect_kernel_npix: 7
#     detect_npixels: 4
#     detect_threshold_nsigma: 3.0
#     flag_isolated_buffer: 4
#     hst_bands: !!python/tuple [f606w, f814w, f125w, f140w, f160w]
#     jwst_bands: !!python/tuple [f115w, f150w, f200w, f277w, f356w, f410m, f444w]
#     near_border_kernelsize: 21
#     reference_band: f200w
#   make_catalog version: 1.4.0
#   photutils version: 1.5.0
# schema: astropy-2.0
label xcentroid ycentroid sky_centroid.ra sky_centroid.dec bbox_xmin bbox_xmax bbox_ymin bbox_ymax area semimajor_sigma semiminor_sigma orientation eccentricity min_value max_value local_background segment_flux segment_fluxerr kron_flux kron_fluxerr kron_radius gini equivalent_radius kron4_2_flux kron4_2_fluxerr radius_kron20 radius_kron50 radius_kron80 near_border
[from data line 514]
515 459.4111769282931 839.8491279586989 214.86231190069157 52.87286479264028 455 464 836 844 76.0 2.209053321329366 1.912169112794018 -35.72338446803789 0.5007262711093465 0.08404111503075806 1.1442168689417296 0.0 33.89565974258017 0.88895595 97.4453735770371 2.7499598812608324 2.9486833689027256 0.3182961031862343 4.918490759365935 196.1255649853768 4.308269732024334 2.913907699919157 7.821291265650675 12.905664510011569 False
516 8938.250761498695 840.4685663964519 214.78663846988488 52.81897995215447 8935 8941 836 845 56.0 2.545642354011643 1.4927727237481627 -85.98939229360258 0.8100193408196366 0.25096742774455005 0.8012801275724206 0.0 27.501000536202376 0.9718822 54.51994645361181 2.450015858121909 2.3377114065929288 0.17585566846844958 4.222008245644752 71.70732683807037 3.7922836071104236 2.3773220251580938 4.3311668134372185 6.928394453260203 False
517 10171.404053381288 850.7518139840976 214.7755410006063 52.81119389107595 10163 10179 837 865 349.0 7.077017720683246 3.172111095090937 78.90929565936686 0.8939197230152636 0.11162555823900622 1.1306056499122388 0.0 175.34242624964514 2.3126974 306.88280772365897 5.952762739170397 2.3130974742709167 0.2580232895033292 10.539931227391522 333.2148035785492 9.470230263495058 5.032517883677012 10.28571735990541 17.632427524601628 False
518 9735.528522896806 838.415397634395 214.77955465462756 52.813899236780905 9735 9736 838 839 4.0 0.4996712903318469 0.4922981674858701 14.921708033623196 0.17115535374295285 2.911410966044945 4.608844425098408 0.0 15.004901848413109 0.34476563 18.539507151539443 0.644290221841117 1.8356344725488127 0.13181841867730454 1.1283791670955126 19.10846322174593 0.9372120444845258 0.5508940513844425 0.8768147489333248 1.2094518383970019 False
519 2475.0 842.5863690508573 214.84427854599093 52.86007362377103 2475 2475 841 844 4.0 1.184508376281933 0.28867513459481287 90.0 0.9698484483302348 0.20910202148581805 0.3006455195042403 0.0 1.0441245930904235 0.19527997 16.651660553417088 0.9810745895075983 3.7220592331457607 0.0911710484757251 1.1283791670955126 35.926566013062924 1.5955928775360417 2.0997004502029646 3.375472115332786 4.533981107565173 False
520 7991.528398234364 843.5669428728759 214.79504530473136 52.8250160252337 7990 7993 842 845 16.0 1.0610085688954813 1.0310997875008119 -47.5210779536186 0.23576132029558988 0.26407457081378116 0.6617921965505934 0.0 7.73489485031516 0.48079383 18.059920421303914 1.39979667107676 2.5836260361165584 0.13739840499603606 2.256758334191025 25.475500031180253 2.2880877286793617 1.4077198608358525 2.5531103890835385 4.325935443075738 False
521 6826.356668507316 846.4051643042856 214.80540542364113 52.83243880970367 6821 6831 843 850 69.0 2.5116398576902323 1.7820632643546201 1.852480316850368 0.7046834732598598 0.047853662855377746 0.7831523811927127 0.0 28.650675542442695 0.9351679 56.37013939811417 2.4682115248948215 2.4194379202712017 0.22031744672232062 4.686510657907603 64.85927567010457 3.975928546854202 2.4549306087853995 4.688725519670654 7.779942522082272 False
522 9431.399386832587 859.6483351321459 214.7820414918256 52.815947518229684 9416 9452 843 875 785.0 7.38340479133296 5.148228035875866 43.735448195075755 0.7168084032813992 0.053488208927445255 4.0721639990501055 0.0 648.5213806590259 3.8309176 880.390478744633 7.3222702397674215 2.0859720441854552 0.41414501714999336 15.807379942744328 1042.0365033858004 11.333879514841659 4.676144284041914 9.929257564471154 19.39902445305717 False
523 3199.554921848645 854.1056377288362 214.83768771930878 52.855531638907784 3193 3205 847 861 79.0 4.6800133954652665 1.3175913381326354 49.29711564207874 0.9595507232927484 0.20002085242126788 0.4880615499756397 0.0 27.20198546066861 0.904969 73.53833609092419 2.9725936927304524 2.6088982505374316 0.10983931834601222 5.014626706796775 88.35885557379368 4.749973262352093 3.7945328155125644 7.099924477116245 10.871839372149884 False
524 7687.93261741473 851.208969465275 214.7976717563368 52.826987371353546 7684 7692 847 855 60.0 1.9642780679806175 1.8149322510346686 70.51907909147445 0.3824671104389225 0.14040495252339774 0.9752188268191339 0.0 28.881330790276554 0.95499414 47.299406893851604 2.0099897117940646 2.092929098403884 0.274620281951495 4.370193722368317 52.58667156670974 3.263485867125618 1.922230962499882 3.5926441552939674 6.172681648667995 False
525 9084.731271265424 856.0469041575141 214.78516899203964 52.81813246817864 9081 9089 847 865 139.0 4.5137536393134985 1.9181434833175015 84.96178026092973 0.9052143404484659 0.16352617093978677 1.1598920046474723 0.0 85.03251353703291 1.4655883 119.94773764330606 2.974127276210791 1.9732306489257858 0.2360094322831969 6.651697090182843 133.83806364305403 4.793340579094751 2.9110805852556756 5.415326632812125 8.409906985390586 False
526 481.9590467041223 851.1382280942524 214.86199161134823 52.87278243537432 480 484 849 853 22.0 1.4857338959967519 1.0248389858401874 -39.599988716390456 0.7240129615315277 0.16610274357748764 0.5010244004641325 0.0 7.780081671000192 0.5309852 27.563341615327804 1.6878912803773642 3.000165390386843 0.15364027612814196 2.6462837142006137 48.57872528762731 2.6802883574105327 2.161030448271761 4.555655590059648 7.705622650996511 False
527 3897.2706412687826 857.7254474308967 214.83142097572332 52.85111727274513 3889 3906 849 867 261.0 3.778175589655939 3.14659579727998 69.85500503641586 0.5535217560958311 0.0465494915692207 2.9958481116606293 0.0 219.0850349298214 1.9318787 244.83746917699827 2.8667142633062137 1.5922935242842815 0.4450509466868079 9.114761669619748 256.55374501657496 4.272117066997406 2.4919076320759084 4.598858997771453 7.493485032811632 False
528 2480.145002122788 857.942515363411 214.8440709898252 52.86012372608719 2476 2484 853 862 60.0 2.2754894199778883 1.789164464201087 -28.960318865242385 0.6178744580178059 0.12354598403422433 0.5483458218501744 0.0 16.67392294557628 0.76462114 155.42966564377758 3.464708323499674 3.6696769971983145 0.2253233758967754 4.370193722368317 309.38304131004486 5.482145733675619 7.441127324486858 12.725614764555695 16.15103770565142 False
529 758.8561103746333 858.2931251868911 214.85944227038422 52.87106192700743 757 760 857 860 10.0 1.129402178319241 0.6812672588230635 46.302405847766614 0.7975820247053883 0.2524803553461426 0.4321680011554758 0.0 3.6313149816093926 0.34543622 19.54941263345207 1.407082900339254 3.3338035860929045 0.10255957958110243 1.7841241161527712 23.7680776327979 inf 1.941547412101232 3.3853105598118813 5.051752336760811 False
530 1356.7631755798834 861.2189873704369 214.85406994741365 52.86727909237842 1355 1359 859 863 18.0 1.295942939052587 1.0041802327038085 55.190042435491755 0.6321273136183387 0.24107428906025707 0.4817434832456951 0.0 6.690562138796131 0.44320956 21.63945516912299 1.5545318832407053 2.889233283892686 0.1101601244207418 2.393653682408596 33.589611314366806 2.5467111595450778 1.857951094360791 3.5199973395460793 6.4111370043901 False
531 2112.5848193002994 860.5717249032797 214.84732580552915 52.86247338474371 2111 2114 859 862 12.0 0.9639422040838243 0.9086214235757156 -37.09634532985688 0.3338961764521848 0.23661969548890585 0.4195858317614937 0.0 4.145804876225986 0.34699067 18.315848961128328 1.3838239703568482 3.2620628749832683 0.09635348306944906 1.9544100476116797 21.113725826589913 2.243329158448006 1.8284450950681397 3.312831781967102 4.984081593569485 False
532 4186.399848278149 861.397914172063 214.82880158649235 52.84929959911017 4182 4192 859 864 53.0 2.515090617075657 1.4628569422724471 -3.334724120655638 0.8134521062770977 0.14822902841409355 0.5625987798565795 0.0 19.655961941200665 0.8649758 42.49314174261089 2.2256960549302645 2.5460371796668353 0.1544656064226806 4.1073621666150775 52.16471990466524 3.6540579491230165 2.453320620077497 4.596529005423878 8.60540230588206 False
533 6098.698038225926 861.6433103350593 214.8117354986721 52.837146500704904 6097 6101 860 863 16.0 1.2960561507090929 0.8719468759294703 33.713090284790695 0.7398522683703936 0.27438364681214955 0.538092285991491 0.0 6.028899836698209 0.42297965 28.043798924737324 1.5736744603380264 3.144160738434968 0.13832140319200978 2.256758334191025 50.66365651005408 2.573002544287609 2.163286782146463 4.151250934603277 6.247295108560002 False
534 2154.6986424390716 866.8706945004391 214.8468833985125 52.86223976056778 2149 2158 862 871 54.0 2.7926961216563897 1.4710074405904294 -52.74807827786539 0.8500302958528815 0.1894778735781337 0.591263636149383 0.0 20.671112018240457 0.8156644 50.681709751536545 2.5560001675997284 2.5705275333358935 0.14697489623081403 4.145929793656026 72.42465269159761 4.018780954542606 2.6738460902311876 5.400796020262344 9.212573712162506 False
535 6092.666487994385 872.0817188235244 214.8116794632715 52.83724109051184 6086 6100 866 878 148.0 3.0410263065471823 2.482809954735628 -12.23101046604754 0.5774328648781586 -0.02223691546922501 2.065141445346819 0.0 102.24992299555996 1.4362949 149.37651035948304 3.028926705501022 2.181646092784478 0.3791235066960151 6.863662517577698 195.50705261947255 4.802379518113844 2.458307115996733 4.71089564317807 9.282818799867757 False
536 6493.545373332071 867.5896164242033 214.80815088110901 52.83466861771593 6492 6495 866 869 12.0 0.9581893228685346 0.8636868250539729 87.9584996182512 0.433041722569301 0.28780006598655916 0.6636386325183129 0.0 5.766005468568827 0.37308207 23.369550418503053 1.398213105428229 3.151366012400455 0.14652004428826879 1.9544100476116797 30.358922551722163 2.2918538616527178 1.73405619336897 3.5810443445227054 5.721419924211968 False
537 9456.115163561284 871.1681088628674 214.7817000274126 52.815852402224714 9455 9458 869 873 16.0 1.285628740733134 0.959048462206832 76.1412159392802 0.6659725867531591 0.23912302142737996 0.41526797930894693 0.0 5.079068573341233 0.5111527 49.374051828929126 2.2537587631684493 3.642230349150683 0.08441144588847031 2.256758334191025 84.44760516188197 3.6651756148977284 3.4064204129146285 5.975466980702437 8.478137725844766 False
538 6057.8965752235945 878.2585355214258 214.81192463465234 52.83749539279908 6050 6066 870 886 236.0 2.399845007969149 2.2998019177018585 -12.603123949621674 0.2857215325266028 -0.04588431006915029 23.36936440317044 0.0 451.8830670155895 1.9488537 448.7406605216678 1.873102676866823 1.4 0.714440068208437 8.667244841319219 474.32464200308164 2.745739761001497 1.2593427288003542 2.3624312839043067 4.075828049939175 False
539 4022.905591538735 875.4920300678451 214.83011257417456 52.85041461499396 4019 4026 872 879 44.0 2.229251137551555 1.2834854205163384 -48.89502781794663 0.8176276636789426 0.14658234976883242 0.675311132358567 0.0 16.986927770490826 0.7696296 44.40218715075436 2.2531910742025216 2.7939757524936577 0.20939869965276842 3.742410318509555 55.88263983225969 3.518240427304666 2.389992006914101 5.273553562737976 8.890473141461928 False
540 7341.491992676947 875.6972968294045 214.8005032448013 52.82932180537437 7339 7344 873 878 28.0 1.626832021664684 1.2008411574737237 60.98717576193462 0.6746399213442045 0.17110366644333666 0.6885234821660577 0.0 12.50820924161292 0.5935045 26.533414750658345 1.7105639341158685 2.5142080592992526 0.1840233632948685 2.985410660720923 29.798956241738814 2.8353159411815576 1.767374795815511 3.189242885592345 5.688193789380915 False
541 2379.473487504871 878.3514032158123 214.84475520982124 52.860873441198954 2374 2381 876 884 58.0 2.0257625711064637 1.4160169808391578 72.58711803949329 0.715117352525911 -0.11579638262067196 0.20088727057621283 0.0 0.26631358024840146 0.88894373 3.9772934753971527 1.9988992325046055 2.4138924093234286 1.4389447736918324 4.296739856991561 -3.164795831894847 3.090839386937825 1.827528357214688 3.1803667179445636 4.512577015378857 False
542 7218.756156443293 891.2081444937684 214.80143452639393 52.83018565171457 7207 7231 876 907 548.0 6.1220903772841835 3.006068516647265 59.726520056570266 0.871148327087892 0.11526976562979244 13.421611373671329 0.0 925.7683048267709 2.9268904 949.6612722710831 3.41943811312115 1.4752913358417443 0.5910311923269117 13.207339536360731 1009.0459163902351 5.2449957723165594 2.482730161161083 5.138187137724626 9.319400861205647 False
543 4263.366430869708 879.5695475873382 214.8279233974189 52.84890840108518 4261 4266 878 881 19.0 1.3663257117979892 1.0300232359801829 2.441684271485553 0.6570309390097685 0.22855765196932631 0.37470209565493523 0.0 6.003710898604009 0.42804915 29.289892625715623 1.6311315038800833 3.1735751864093666 0.08028516065192495 2.4592453796829674 38.09571586581984 2.6832192833328636 2.4404012661271137 5.18869328637 8.06927602705676 False
544 7014.932193593267 882.3671685748599 214.80334522936928 52.83143377996974 7009 7021 878 886 87.0 2.890045453345906 1.7974240431117192 -10.908704973133881 0.783067874436313 0.1561896747457523 1.1870206061978648 0.0 42.37366777881397 1.0578501 63.71688605539794 2.354546825315296 2.1074579816652963 0.2769798319089448 5.262410103554244 71.94114891937602 3.7542442525259414 2.1757972480675245 4.147458648603407 7.4643623213586725 False
545 1761.4045371832449 880.932800474243 214.85024804969837 52.86481449496558 1759 1764 879 883 26.0 1.6580869906415188 1.1120265654462007 -18.27665075012657 0.7417572945358687 0.19778720924642254 0.47749222730664076 0.0 8.237271816470736 0.51190764 28.63312523577423 1.9153722039380132 3.0242413496549805 0.15344947855765087 2.876813695875796 33.95876133651588 3.1385273432799883 2.318283426571295 4.58088233604563 7.487713225771269 False
546 9070.317436248677 882.7618844871431 214.78501638014734 52.81836801660718 9069 9072 881 885 14.0 1.0828290757356533 0.889620260032214 -61.45766207205184 0.5701071514314902 0.2377704272190308 0.5777629718795327 0.0 5.774193617268246 0.41606483 20.405734777626694 1.4603416912878686 2.9638965881093045 0.13719661666336433 2.111004122822376 24.771414699196747 2.365893807662076 1.6871489678562857 3.188750100459714 5.131537891077554 False
547 9238.09234105344 887.2612958330569 214.7834737370952 52.81732543459841 9233 9243 881 893 116.0 2.790768865786565 2.144047213971533 -67.68687789744017 0.6401331480161228 0.144991616512507 2.240223226952891 0.0 88.65785915108573 1.3428316 100.45318771139591 1.8800815558173503 1.4 0.3606071238478966 6.076507779746499 97.84985676125176 3.01857586279216 1.8513212605765477 3.3812097329333963 5.41016660179055 False
548 2091.14271215642 886.890748332523 214.84724031170262 52.862751534727124 2087 2095 884 890 41.0 2.599512656506936 1.2263919766588418 26.20207206488949 0.8817175553167157 0.20377433118009153 0.3637791769408886 0.0 12.00585651527442 0.6379393 58.99419620100899 2.756232556400266 3.18462557806004 0.08006816312121849 3.6125759969217834 90.08064262627305 4.2578082584432035 3.751764324252188 7.42523833059254 11.435831214372854 False
549 3655.0943330567034 886.0027003186863 214.83328520544637 52.852808737537785 3654 3656 885 887 5.0 0.6345525985470183 0.6274601843694118 -1.6314677495082024 0.14909438731451985 0.2692323213758214 0.42936015073799577 0.0 1.6974731335734776 0.22390178 13.346814273572488 0.9804735544653618 3.3947321992945705 0.09607299415915134 1.2615662610100802 19.887859371793024 1.6098929818204242 1.5856184286291297 2.864670194184305 4.405972299196688 False
550 2536.9339472517595 887.5037751277555 214.8432527593104 52.859922261018625 2536 2539 886 889 12.0 1.0556361114840718 0.9162876001402104 65.39290443799378 0.4965717205497797 0.08737568038274916 0.2846641391720234 0.0 2.6739504902259568 0.34361288 42.01576456784859 1.6826703015814206 3.831447325962606 0.15896062051956908 1.9544100476116797 91.0129735996602 2.7322164232802244 3.501686803033238 5.961214825021904 8.151595066953197 False
