outputs/dr0.5_c0.1/nircam3_f606w_dr0.5_c0.1.ecsv
# %ECSV 1.0
# ---
# datatype:
# - {name: label, datatype: int64}
# - {name: xcentroid, datatype: float64}
# - {name: ycentroid, datatype: float64}
# - {name: sky_centroid.ra, unit: deg, datatype: float64}
# - {name: sky_centroid.dec, unit: deg, datatype: float64}
# - {name: bbox_xmin, datatype: int64}
# - {name: bbox_xmax, datatype: int64}
# - {name: bbox_ymin, datatype: int64}
# - {name: bbox_ymax, datatype: int64}
# - {name: area, unit: pix2, datatype: float64}
# - {name: semimajor_sigma, unit: pix, datatype: float64}
# - {name: semiminor_sigma, unit: pix, datatype: float64}
# - {name: orientation, unit: deg, datatype: float64}
# - {name: eccentricity, datatype: float64}
# - {name: min_value, datatype: float64}
# - {name: max_value, datatype: float64}
# - {name: local_background, datatype: float64}
# - {name: segment_flux, datatype: float64}
# - {name: segment_fluxerr, datatype: float32}
# - {name: kron_flux, datatype: float64}
# - {name: kron_fluxerr, datatype: float64}
# - {name: kron_radius, unit: pix, datatype: float64}
# - {name: gini, datatype: float64}
# - {name: equivalent_radius, unit: pix, datatype: float64}
# - {name: kron4_2_flux, datatype: float64}
# - {name: kron4_2_fluxerr, datatype: float64}
# - {name: radius_kron20, unit: pix, datatype: float64}
# - {name: radius_kron50, unit: pix, datatype: float64}
# - {name: radius_kron80, unit: pix, datatype: float64}
# - {name: near_border, datatype: bool}
# meta:
#   PHOTMJSR: 0.3925000131130219
#   PIXAR_SR: 2.11539874851881e-14
#   __serialized_columns__:
#     area:
#       __class__: astropy.units.quantity.Quantity
#       unit: !astropy.units.Unit {unit: pix2}
#       value: !astropy.table.SerializedColumn {name: area}
#     eccentricity:
#       __class__: astropy.units.quantity.Quantity
#       unit: !astropy.units.Unit {unit: ''}
#       value: !astropy.table.SerializedColumn {name: eccentricity}
#     equivalent_radius:
#       __class__: astropy.units.quantity.Quantity
#       unit: !astropy.units.Unit {unit: pix}
#       value: !astropy.table.SerializedColumn {name: equivalent_radius}
#     kron_radius:
#       __class__: astropy.units.quantity.Quantity
#       unit: &id001 !astropy.units.Unit {unit: pix}
#       value: !astropy.table.SerializedColumn {name: kron_radius}
#     orientation:
#       __class__: astropy.units.quantity.Quantity
#       unit: &id002 !astropy.units.Unit {unit: deg}
#       value: !astropy.table.SerializedColumn {name: orientation}
#     radius_kron20:
#       __class__: astropy.units.quantity.Quantity
#       unit: *id001
#       value: !astropy.table.SerializedColumn {name: radius_kron20}
#     radius_kron50:
#       __class__: astropy.units.quantity.Quantity
#       unit: *id001
#       value: !astropy.table.SerializedColumn {name: radius_kron50}
#     radius_kron80:
#       __class__: astropy.units.quantity.Quantity
#       unit: *id001
#       value: !astropy.table.SerializedColumn {name: radius_kron80}
#     semimajor_sigma:
#       __class__: astropy.units.quantity.Quantity
#       unit: !astropy.units.Unit {unit: pix}
#       value: !astropy.table.SerializedColumn {name: semimajor_sigma}
#     semiminor_sigma:
#       __class__: astropy.units.quantity.Quantity
#       unit: !astropy.units.Unit {unit: pix}
#       value: !astropy.table.SerializedColumn {name: semiminor_sigma}
#     sky_centroid:
#       __class__: astropy.coordinates.sky_coordinate.SkyCoord
#       dec: !astropy.table.SerializedColumn
#         __class__: astropy.coordinates.angles.Latitude
#         unit: *id002
#         value: !astropy.table.SerializedColumn {name: sky_centroid.dec}
#       frame: icrs
#       ra: !astropy.table.SerializedColumn
#         __class__: astropy.coordinates.angles.Longitude
#         unit: *id002
#         value: !astropy.table.SerializedColumn {name: sky_centroid.ra}
#         wrap_angle: !astropy.coordinates.Angle
#           unit: *id002
#           value: 360.0
#       representation_type: spherical
#   astropy version: '5.1'
#   make_catalog parameters:
#     ab_zpt: 31.4
#     coadd_bands: !!python/tuple [f277w, f356w]
#     deblend_contrast: 0.001
#     deblend_nlevels: 32
#     deblend_npixels: 1
#     detect_kernel_fwhm: 4.0
#     detect_kernel_npix: 7
#     detect_npixels: 4
#     detect_threshold_nsigma: 3.0
#     flag_isolated_buffer: 4
#     hst_bands: !!python/tuple [f606w, f814w, f125w, f140w, f160w]
#     jwst_bands: !!python/tuple [f115w, f150w, f200w, f277w, f356w, f410m, f444w]
#     near_border_kernelsize: 21
#     reference_band: f200w
#   make_catalog version: 1.4.0
#   photutils version: 1.5.0
# schema: astropy-2.0
label xcentroid ycentroid sky_centroid.ra sky_centroid.dec bbox_xmin bbox_xmax bbox_ymin bbox_ymax area semimajor_sigma semiminor_sigma orientation eccentricity min_value max_value local_background segment_flux segment_fluxerr kron_flux kron_fluxerr kron_radius gini equivalent_radius kron4_2_flux kron4_2_fluxerr radius_kron20 radius_kron50 radius_kron80 near_border
[from data line 3450]
3451 6256.262276871395 4334.085668226396 214.77377509650861 52.85485097380886 6247 6265 4324 4343 263.0 3.6655460774784063 3.054703866791822 46.23657601391968 0.5527370163962765 -0.31286931787137207 4.134228870539753 0.0 164.51299182300227 5.435289 175.25363417843656 7.374829624938637 1.4780701118098756 0.5429910954226874 9.149617481968136 185.31182960394705 11.802331131311421 2.1693453247827614 3.995692887389362 6.750634889085471 False
3452 1038.383218046751 4331.7115384822 214.8203719546289 52.888011679009395 1031 1043 4325 4335 97.0 2.92107445410347 1.940985649806075 36.74368434647981 0.7473090627205865 -0.16630653806114978 0.8801088094269889 0.0 19.986105281193446 2.7756581 45.97272847803049 8.28734286647886 2.7582940422554354 0.4990550640881124 5.556622981616415 54.428407295328995 13.236042536977196 2.8224513198317633 6.558484370821083 15.458359768154414 False
3453 4088.7114732856207 4327.862369433283 214.79317833629233 52.86860021351459 4086 4091 4325 4330 27.0 1.5094208511811684 1.2884828209608685 -7.612988153251874 0.5208843064839991 -0.14895434068224053 0.48659507321385637 0.0 5.2589479622741715 1.5072706 6.322887381601635 3.480027572137602 1.9644106541242494 0.34272657936016737 2.9316150714175193 12.741139007661143 5.58977297371859 1.1525159898757513 2.1184050140675934 3.114030548383992 False
3454 9618.273551577517 4333.681614131926 214.74380963092858 52.833464630347024 9601 9636 4326 4343 449.0 6.812127605135177 3.2646765193811214 3.516624405895499 0.8776812926949031 -0.34831563838309443 2.268839192585186 0.0 192.72832725021604 7.8322854 242.224673201769 15.498912982450438 1.9963021832667793 0.47819507435884245 11.954962939989485 279.71908818084705 24.6891632952963 3.3731451405997293 6.884764747428226 13.908423818482147 False
3455 7982.232825009666 4334.263252510699 214.75838385091154 52.84387478712331 7973 7991 4327 4341 192.0 3.363446784302932 2.2247745935866163 -28.410936121644834 0.7499833078416628 -0.20381327230280963 2.9641124535351673 0.0 127.29921679717347 4.15189 154.61198925321082 6.995686756752061 1.927613818206717 0.5414497907240657 7.817640190446719 186.34096591122156 11.179789971418517 2.018176701844701 3.8652278135253373 7.2985328142483805 False
3456 7548.311219457608 4330.776694052209 214.76228883721706 52.84661593534355 7545 7551 4328 4334 33.0 1.5952025618406598 1.2951552499662808 -11.842113576134647 0.5837875602306116 -0.18834130750401742 0.5193392061261201 0.0 8.818173399653475 1.6381868 13.12867839663127 4.004358503605919 2.1866629952019436 0.280310084774139 3.2410224072142872 20.47611158068976 6.441652910292077 1.4438356341607992 2.47452105616297 5.086670672311376 False
3457 7651.506707964215 4330.882707130665 214.76136772206746 52.84596015177438 7648 7654 4328 4334 36.0 1.9592475432661531 1.187851605502414 -64.98439900080125 0.7952516440812225 -0.25250760235793324 0.33954850373458595 0.0 2.9853517111137804 1.8911328 21.289080656161733 7.493492635081739 3.5161177246235873 0.45111893116159835 3.385137501286538 26.607834475659903 11.927471316200327 4.170119378247797 8.929195647257284 nan False
3458 2454.614389194419 4341.029694947879 214.80762627929462 52.879059779308676 2449 2460 4332 4352 176.0 4.707065646907727 2.2438566592587006 76.46539944881586 0.8790662209596947 -0.2318572326812508 0.6699023113351934 0.0 29.758248484418054 4.19083 45.815625532616295 6.3231026585728545 1.4 0.44955747782095246 7.48482063701911 44.09412686509884 10.125269330811102 2.9218774149197 6.384761304976311 9.723959582777972 False
3459 9082.8150407512 4333.64021812681 214.7485812873101 52.836870711222076 9081 9087 4332 4336 30.0 1.4894714011337407 1.2446837042993433 -5.285864567494359 0.5492552264671806 -0.09870742474864838 0.8312680879122657 0.0 9.997257996010221 1.5265702 32.1306801981288 5.235699030655891 3.002289385156703 0.39835406932307765 3.0901936161855166 28.599840789714158 8.382338794685907 2.0071128055587133 4.843052487255888 8.078900172526625 False
3460 2034.678337724628 4334.2510874211575 214.81144733367734 52.88169266971791 2034 2036 4333 4335 6.0 0.6686078222661368 0.5776689765010856 3.891920950113574 0.5035128060526777 -0.1479242659239782 0.5147492749416979 0.0 1.0331766339387636 0.76505303 12.233633543181375 3.1603775382024244 3.7587858701913484 0.5612922670031634 1.381976597885342 16.322365134289132 5.055768366312312 1.8091484828935382 3.321185195501984 4.626723916955847 False
3461 7908.206978222959 4340.776171946183 214.75897514503038 52.84438069711363 7904 7913 4336 4346 73.0 2.722662349446509 1.5678489016959032 53.847037890619866 0.8175543867250259 -0.20239278988536333 0.5835090711811708 0.0 11.661564135274855 2.4853704 50.95451877015029 8.60328229137888 3.257006564448606 0.43911180891446894 4.820437914901168 74.26632336738294 13.776352031265366 4.319989489066041 9.484465758919944 14.938589965689873 False
3462 2042.3745595033708 4340.913219273 214.8113084334829 52.881679648291225 2041 2045 4338 4343 24.0 2.079069037761388 0.9419667691101256 75.85114335013067 0.891474220007992 -0.1680609351282435 0.4655979276457122 0.0 1.6402850091978687 1.5585431 24.998821207852806 7.1724975766622014 3.720903355880617 0.5407253488952404 2.763953195770684 35.677055420631 11.437958201167753 3.6273590417652333 6.987986671308099 11.101588384634201 False
3463 1186.4129983248106 4343.22803079118 214.8189284290429 52.887132874571144 1181 1190 4339 4348 84.0 2.948101782495269 1.9990608388837556 6.203613872395179 0.7349843546854021 -0.2779993527378106 0.2907065745910548 0.0 2.5113596583864366 2.5887952 3.100438114172097 4.275946603937181 1.4 0.5497129942158865 5.170882945826411 -2.6126348447821686 6.865915884871765 2.522824101527981 3.263796549793092 7.1871110858702805 False
3464 4411.194030912416 4342.11603813916 214.79015041976615 52.86662663245976 4407 4416 4339 4345 54.0 1.8023387284000716 1.6505497691106334 -14.658962003596052 0.40167514011983035 -0.09902156954558237 0.7811798574206478 0.0 17.046125468349143 2.1667783 39.38030182144841 6.299527781132345 2.8063748446579093 0.3809514739637453 4.145929793656026 79.46165531085771 10.043981508847262 2.1760394901939186 4.709993534470338 9.054838156960162 False
3465 7517.64842359497 4343.325352496491 214.76243005315592 52.84687852539285 7514 7521 4339 4349 62.0 2.7280816290725443 1.487918538579384 -81.6394224074221 0.8381704577921586 -0.09022898313031813 0.5502748344705795 0.0 10.210062974201758 2.3640084 19.981284503218276 6.18410012228415 2.3850477188171415 0.45346539873375036 4.442433223290478 34.779390382266605 9.81091270972543 2.5675173977955543 4.489426007538517 9.745933383046006 False
3466 7822.719902252235 4341.0119315625 214.75973472891286 52.84492570583985 7821 7825 4339 4343 20.0 1.3919124306802229 1.035333190818694 -55.68719039085061 0.6683792785479259 0.4115178548151436 1.103260706555241 0.0 13.45010771734923 1.3521158 28.377004277861516 3.740818692650107 2.3863070473056984 0.1266550868727243 2.5231325220201604 33.623557213847434 5.9835201545786525 1.5450078926351616 2.6629043585152092 3.965093442255139 False
3467 8379.326606264063 4347.577518530506 214.75470411157488 52.84142067616674 8366 8397 4339 4357 431.0 5.546650296245142 3.044980712701613 6.973100452862363 0.8358377792812505 -0.30353863131485975 2.7597867593288057 0.0 157.66259275443417 5.9779897 172.76585547705255 7.349491754356366 1.4 0.592239370465549 11.71288013023329 173.54170987699996 11.768328437633214 2.3845532268370415 4.809657920256253 9.0742775742934 False
3468 1314.0735883726218 4341.188895186335 214.81780968252156 52.88631046671568 1313 1317 4340 4344 20.0 1.5594290607700136 1.0121306440825422 80.72885147147106 0.760754935504044 -0.2620570215701677 0.2038593920030541 0.0 -0.9828602923617803 1.4546007 -0.47547560576489545 2.5343613909850284 1.4 -0.495858776540209 2.5231325220201604 -3.3167043115485804 4.074327672200863 0.36131367718121954 0.5657924573805793 0.7600740188582913 False
3469 1396.3870676543065 4340.347563101023 214.8170833679526 52.88578273750028 1395 1397 4340 4342 7.0 0.6243461382369148 0.4379464647367929 -24.848532587242957 0.7127204539128813 -0.1721881807480065 0.3766982502393588 0.0 0.840571106325587 0.88235277 2.6037991373058187 2.0872124906688505 2.640891487718935 0.4822914244652014 1.4927053303604616 1.4635786521785334 3.2714216576229815 0.7441672139474046 1.2654906240902606 1.8648973350126423 False
3470 4261.85019273752 4340.0 214.79150539623765 52.86756478078769 4259 4262 4340 4340 4.0 0.4590189319859744 0.28867513459481287 0.0 0.7774894976050283 -0.054309526655792084 0.22532146082557408 0.0 0.1755465608007783 0.56140924 1.805696852358124 1.4072811802012832 2.9437743014120907 0.9827790165362739 1.1283791670955126 5.6049230527157015 2.287344129280631 0.7668349599187266 1.2943816218477795 1.8165973971100395 False
3471 3988.158167707854 4343.754018456843 214.79390833438777 52.86932513414605 3987 3990 4341 4346 13.0 1.8855537754560083 0.4756222911816397 -89.30317130307242 0.967663294501071 -0.1337578073171978 0.36155732459725165 0.0 0.8825177289375282 0.8644178 10.813567692799776 3.1785966179068894 3.2111538171788214 0.6320982936880366 2.0342144725641096 24.606907638644458 5.087506244801389 3.189955833474838 5.095332385155657 6.220110248603799 False
3472 9882.732642532099 4350.529073093752 214.7412760303454 52.83187289279365 9876 9889 4341 4360 193.0 5.149700353688977 1.8640788925813663 -63.05335858905721 0.9321865880924408 -0.28724844977376085 1.4486196095687576 0.0 73.51388252295824 4.8356476 87.7243367487518 7.753713877371449 1.6105343723370402 0.49930737622600885 7.837972188868215 89.2533388067059 12.558801114975843 2.9741654086747307 5.508600095166551 8.250465526483687 False
3473 5965.142280811094 4346.857878165547 214.77623707997745 52.85677108189802 5962 5968 4343 4352 51.0 2.4869194387314755 1.670504493254599 74.28867104457738 0.7408084237950578 -0.4612612414410367 0.7405829139877345 0.0 11.124434561296155 2.491271 23.932280953233317 5.935031718644736 1.9322956236659665 0.40176250201191716 4.029119531035698 23.864863396238647 9.452136429929322 2.730475057056228 4.305662603717269 6.203786638480813 False
3474 2391.4167441377717 4347.4541044140715 214.8081228772569 52.87949613438814 2388 2394 4344 4351 46.0 1.7607656581243305 1.5038864728504657 73.27270738024595 0.5200934137037847 -0.19600582574449646 0.7340819131331695 0.0 16.822799061049764 2.1929834 22.994121496443693 3.1942586397045263 1.4 0.33041907411764826 3.826519928662906 18.574908111202404 5.100572426050854 1.5392077832695679 2.6497763137817714 4.193036894992323 False
3475 6975.58706994805 4344.8670436975735 214.76724684878943 52.850334378010594 6975 6976 4344 4346 5.0 0.9365738048951983 0.20118338710968262 60.57505288852631 0.9766563346266827 -0.05681250292643045 0.5361853545828441 0.0 1.2088050788569105 0.72828984 7.529250499882175 2.2917763085397267 3.5846398406420104 0.5479108946181415 1.2615662610100802 19.178725934683136 3.740318244074551 1.1975507461555437 2.039377598009686 3.0122597108896434 False
3476 7001.4055919088605 4353.020831549277 214.7669307621849 52.850214081050126 6995 7009 4345 4364 226.0 3.401236106852405 2.251221723632956 -83.29302563742871 0.7496068054974094 -0.47021042782745115 2.6041801779459286 0.0 74.53614930248465 4.9752665 75.65033917192088 5.799890471187914 1.4139384820236685 0.6357626816466796 8.481629223064205 83.58118944550043 9.32270635861698 1.487422305415685 2.694331590325141 4.708531484030864 False
3477 4419.116752592157 4352.436949706188 214.78997101688432 52.866631855232896 4418 4420 4351 4354 9.0 0.9668603267190111 0.6931563510671972 -70.3981690040642 0.6971609264866835 0.0622502798896058 0.25826399502850256 0.0 1.3095344250631065 0.92277634 1.7630687031938859 1.5260767765237453 1.4 0.3255373817910231 1.692568750643269 0.8110266102321864 2.433338293956162 0.805932415604008 1.3644440557542115 1.9348667785889795 False
3478 149.1788710863676 4355.505479409642 214.8280649420581 52.89379136911828 148 150 4352 4357 11.0 1.8065349838365266 0.5218443678394719 78.0166207448897 0.9573699008158751 -0.0628711992456435 0.5323227392521175 0.0 1.6586001048574075 0.85954213 4.13586370661266 1.5581942205675492 1.4 0.5184902195238819 1.8712051592547776 4.085624931163297 2.4973318030364475 1.225444473777877 2.059405256475101 nan False
3479 4341.593415454022 4353.1005991137845 214.7906558073136 52.86712833647446 4339 4344 4352 4354 13.0 1.480917826397902 0.6884352965710374 10.935423703759122 0.885378584887776 0.011900722529004986 0.31525367687760597 0.0 1.9882817611325079 1.0301857 35.231070176092665 4.984147124401151 3.8437570996265107 0.35833439613297 2.0342144725641096 95.73729045656877 8.100200506665203 5.184443644757644 7.095643195695458 8.421665300945925 False
3480 1555.364881061972 4354.687891601337 214.81551246154376 52.88484952234816 1554 1557 4354 4355 6.0 0.8654178889909971 0.38032460502354326 19.905428730996448 0.8982576039434652 -0.07201937360703684 0.667476743564581 0.0 1.4297771891678455 0.80708027 2.5862974543628834 1.1970993668632095 1.4 0.5579234746335651 1.381976597885342 1.8547317329705169 1.9437393764386077 0.6940892921084281 1.1449321220279223 1.5343153774802019 False
3481 3834.448992293897 4354.932139505416 214.79516241246972 52.87036261290523 3832 3836 4354 4356 11.0 0.9424120108116767 0.7360085003907064 -7.359585047961325 0.6245512994530923 0.04673316536733117 0.6304216304052932 0.0 4.151730765180677 0.7813276 7.9916329085996445 2.1425372940378185 2.4556517321880196 0.2923400224505314 1.8712051592547776 12.510798429406393 3.441449788947572 1.0059119078726901 1.7408264902014003 3.0231175429125225 False
3482 9669.184154361961 4358.390132500293 214.74309584357138 52.833273752154156 9665 9674 4354 4362 69.0 2.5032521555758147 1.5157339492993207 -47.987703900032095 0.7958408164378813 -0.18687443813427373 0.6573531028866801 0.0 10.14169285225643 3.0127413 13.771082781363265 4.363600119615513 1.4 0.47766416539997825 4.686510657907603 8.668211490235533 7.148705522879914 1.4497719566223428 2.969361144093312 6.1733721098777465 False
3483 1248.5636581761823 4368.732266339903 214.8181046531961 52.886875292843776 1239 1258 4355 4379 383.0 5.320153350748294 3.8302555713996966 -68.90605309501186 0.6940237569951233 -0.2914793791756609 1.8500127446535077 0.0 212.76919176750437 6.4769635 277.92319720826004 12.556064730511038 1.9238013862010757 0.39553890790812263 11.041407809169618 321.28452399189666 19.895694052948446 3.8143681367161784 6.975874249268063 12.153567115127885 False
3484 2860.7372121851063 4361.162047834966 214.8037883480432 52.87658652936881 2857 2864 4355 4365 71.0 2.8713639827773654 1.9809346246985573 84.40334267554435 0.7239111175809846 -0.3737115061693296 0.4646146660183735 0.0 5.511396151026322 2.5917752 15.930731631069612 8.215255009111303 2.477622339340708 0.5112619138490944 4.753945931439391 15.354916510240464 12.953686900879456 3.934597744873303 5.488660615785772 10.682094888757826 False
3485 1538.8528194750302 4367.236048379713 214.8155277497396 52.88502210042698 1532 1546 4357 4376 213.0 4.648119221720875 2.8869099615236715 75.3298801616412 0.7837376142133294 -0.3282496914074569 0.501782517950079 0.0 7.985028794398717 4.9080505 18.080586301573724 15.308452934851374 2.833546253745779 0.5928711701939198 8.234075889688375 -4.064092460179852 24.46694272216164 3.452574930418688 29.17320351053025 nan False
