outputs/dr0.5_c0.1/nircam2_f200w_dr0.5_c0.1.ecsv
# %ECSV 1.0
# ---
# datatype:
# - {name: label, datatype: int64}
# - {name: xcentroid, datatype: float64}
# - {name: ycentroid, datatype: float64}
# - {name: sky_centroid.ra, unit: deg, datatype: float64}
# - {name: sky_centroid.dec, unit: deg, datatype: float64}
# - {name: bbox_xmin, datatype: int64}
# - {name: bbox_xmax, datatype: int64}
# - {name: bbox_ymin, datatype: int64}
# - {name: bbox_ymax, datatype: int64}
# - {name: area, unit: pix2, datatype: float64}
# - {name: semimajor_sigma, unit: pix, datatype: float64}
# - {name: semiminor_sigma, unit: pix, datatype: float64}
# - {name: orientation, unit: deg, datatype: float64}
# - {name: eccentricity, datatype: float64}
# - {name: min_value, datatype: float64}
# - {name: max_value, datatype: float64}
# - {name: local_background, datatype: float64}
# - {name: segment_flux, datatype: float64}
# - {name: segment_fluxerr, datatype: float32}
# - {name: kron_flux, datatype: float64}
# - {name: kron_fluxerr, datatype: float64}
# - {name: kron_radius, unit: pix, datatype: float64}
# - {name: gini, datatype: float64}
# - {name: equivalent_radius, unit: pix, datatype: float64}
# - {name: kron4_2_flux, datatype: float64}
# - {name: kron4_2_fluxerr, datatype: float64}
# - {name: radius_kron20, unit: pix, datatype: float64}
# - {name: radius_kron50, unit: pix, datatype: float64}
# - {name: radius_kron80, unit: pix, datatype: float64}
# - {name: near_border, datatype: bool}
# meta:
#   PHOTMJSR: 1.891700029373169
#   PIXAR_SR: 2.11539874851881e-14
#   __serialized_columns__:
#     area:
#       __class__: astropy.units.quantity.Quantity
#       unit: !astropy.units.Unit {unit: pix2}
#       value: !astropy.table.SerializedColumn {name: area}
#     eccentricity:
#       __class__: astropy.units.quantity.Quantity
#       unit: !astropy.units.Unit {unit: ''}
#       value: !astropy.table.SerializedColumn {name: eccentricity}
#     equivalent_radius:
#       __class__: astropy.units.quantity.Quantity
#       unit: !astropy.units.Unit {unit: pix}
#       value: !astropy.table.SerializedColumn {name: equivalent_radius}
#     kron_radius:
#       __class__: astropy.units.quantity.Quantity
#       unit: &id001 !astropy.units.Unit {unit: pix}
#       value: !astropy.table.SerializedColumn {name: kron_radius}
#     orientation:
#       __class__: astropy.units.quantity.Quantity
#       unit: &id002 !astropy.units.Unit {unit: deg}
#       value: !astropy.table.SerializedColumn {name: orientation}
#     radius_kron20:
#       __class__: astropy.units.quantity.Quantity
#       unit: *id001
#       value: !astropy.table.SerializedColumn {name: radius_kron20}
#     radius_kron50:
#       __class__: astropy.units.quantity.Quantity
#       unit: *id001
#       value: !astropy.table.SerializedColumn {name: radius_kron50}
#     radius_kron80:
#       __class__: astropy.units.quantity.Quantity
#       unit: *id001
#       value: !astropy.table.SerializedColumn {name: radius_kron80}
#     semimajor_sigma:
#       __class__: astropy.units.quantity.Quantity
#       unit: !astropy.units.Unit {unit: pix}
#       value: !astropy.table.SerializedColumn {name: semimajor_sigma}
#     semiminor_sigma:
#       __class__: astropy.units.quantity.Quantity
#       unit: !astropy.units.Unit {unit: pix}
#       value: !astropy.table.SerializedColumn {name: semiminor_sigma}
#     sky_centroid:
#       __class__: astropy.coordinates.sky_coordinate.SkyCoord
#       dec: !astropy.table.SerializedColumn
#         __class__: astropy.coordinates.angles.Latitude
#         unit: *id002
#         value: !astropy.table.SerializedColumn {name: sky_centroid.dec}
#       frame: icrs
#       ra: !astropy.table.SerializedColumn
#         __class__: astropy.coordinates.angles.Longitude
#         unit: *id002
#         value: !astropy.table.SerializedColumn {name: sky_centroid.ra}
#         wrap_angle: !astropy.coordinates.Angle
#           unit: *id002
#           value: 360.0
#       representation_type: spherical
#   astropy version: '5.1'
#   make_catalog parameters:
#     ab_zpt: 31.4
#     coadd_bands: !!python/tuple [f277w, f356w]
#     deblend_contrast: 0.001
#     deblend_nlevels: 32
#     deblend_npixels: 1
#     detect_kernel_fwhm: 4.0
#     detect_kernel_npix: 7
#     detect_npixels: 4
#     detect_threshold_nsigma: 3.0
#     flag_isolated_buffer: 4
#     hst_bands: !!python/tuple [f606w, f814w, f125w, f140w, f160w]
#     jwst_bands: !!python/tuple [f115w, f150w, f200w, f277w, f356w, f410m, f444w]
#     near_border_kernelsize: 21
#     reference_band: f200w
#   make_catalog version: 1.4.0
#   photutils version: 1.5.0
# schema: astropy-2.0
label xcentroid ycentroid sky_centroid.ra sky_centroid.dec bbox_xmin bbox_xmax bbox_ymin bbox_ymax area semimajor_sigma semiminor_sigma orientation eccentricity min_value max_value local_background segment_flux segment_fluxerr kron_flux kron_fluxerr kron_radius gini equivalent_radius kron4_2_flux kron4_2_fluxerr radius_kron20 radius_kron50 radius_kron80 near_border
[from data line 4856]
4857 7268.1774600557355 5131.100371080571 214.86476686544123 52.90749797079512 7250 7284 5118 5145 485.0 9.032254986293768 2.861670638652644 31.434604685182922 0.948483032850796 -0.0237822816585426 2.682595300025802 0.0 401.8158724896557 5.3986416 561.9433105546125 10.771737279875902 2.035835596035525 0.35554150934633333 12.424986712231869 635.459032750604 17.054583316012927 4.68270435243176 9.93130799346818 18.987549466419896 False
4858 7293.555047360241 5140.010595947709 214.86444606740028 52.907384814038686 7283 7303 5135 5146 202.0 4.582850734297445 2.255786878786635 -6.521426784444672 0.8704688479360043 -0.21301547752047625 3.0280285543924212 0.0 158.00248356777857 3.5266078 230.29408696995642 7.688002404404255 2.271914425453804 0.4308840070791064 8.018640596081465 266.36599629533123 12.067641153603088 2.862607228165773 6.012407921336972 12.47379637110996 False
4859 7354.112454032717 5146.226256998642 214.863839054509 52.90703363931921 7340 7368 5129 5167 796.0 6.193856897005642 3.83154864372203 76.30400135430934 0.7857024206592458 -0.19676578753093432 14.193705192336148 0.0 906.5265385617912 7.0736046 924.734430681607 8.00618495383365 1.5033514722807992 0.6409291619172159 15.91774699517169 1001.4129156112143 12.388851320655142 2.439775448841973 5.251576452299333 9.933694095765764 False
4860 7386.12522214412 5166.655486312459 214.86333759572415 52.90694045441408 7360 7408 5144 5187 1511.0 8.978580744838304 5.53145696610549 -36.39427563348713 0.7876894288322329 -0.09448406379688518 25.096545343970572 0.0 2035.3114597382942 9.638726 2102.9294721687393 11.071567156206024 1.4589356907582385 0.6046509632592758 21.930942479148218 2236.0923115391142 17.14041780155045 3.2517394485866538 7.783723652822018 14.488987259246171 False
4861 1182.833311098757 5141.83489408099 214.91912217964696 52.94620099401434 1175 1190 5137 5148 135.0 3.3593354860238027 2.2948097048569034 6.448836219573336 0.730311589322693 -0.010479245756590764 1.3674688333124478 0.0 57.73456816043934 2.715557 132.58919234886883 7.772799130354054 2.6980290211920583 0.3655578085659268 6.555290583552474 226.25014770456517 12.386387644548952 3.3579175656540063 8.092849357752703 14.733326732097069 False
4862 1165.3958530451139 5146.692642356069 214.9192272172264 52.9463379182519 1156 1175 5140 5152 172.0 3.880241679114849 2.614147110806221 -12.6788408709595 0.738998298912065 0.07671427870231187 1.6104073161960224 0.0 100.0607614234278 3.1151502 217.34377364653028 8.472531137518658 2.663420337633388 0.3191792226060587 7.399277020331919 340.9706697595292 13.77122421758424 3.6318260376070337 8.22101114122792 15.823945554850651 False
4863 1165.1428647311488 5167.621565094021 214.91900898016814 52.9464525031705 1137 1194 5146 5188 1688.0 7.7305593096663365 4.652980054231961 -17.850910237040516 0.7985757186707935 -0.04049181419667648 61.99939350559672 0.0 4817.3127760686 11.358183 4722.34683004205 10.591049147246247 1.4 0.7444708902699552 23.179885415554555 5105.825003442049 15.235689475439457 2.719529792403415 5.513433253398284 10.573948665624023 False
4864 1132.9801308863516 5176.2832040699695 214.91920586180376 52.94670344460883 1129 1138 5174 5179 55.0 2.54307749443387 1.4532069301908042 -3.0875369577514227 0.8206463878261245 0.050071673764153016 0.8432943707494497 0.0 16.94550854093708 1.7309086 111.79647600064388 6.978944258481574 3.4062532514756927 0.33090164004807526 4.1841419359420025 174.54817362195286 11.20720559271051 5.082737666352426 9.327721053779086 12.989735550983603 False
4865 3702.6017818353057 5152.664879634512 214.89644249957735 52.930260620199796 3698 3707 5149 5158 64.0 2.161909648957243 1.6530613307464666 70.02332104888337 0.6444693253940804 0.014079721691406612 1.6967564652618663 0.0 31.630132897749576 1.9756352 58.626061667147184 4.93538896847137 2.4602117788261126 0.3788232697427189 4.51351666838205 76.95931694129717 7.935267377029611 2.011541863985076 4.136864223125547 7.600476154439144 False
4866 3694.5684702072163 5157.949579638544 214.89645874181528 52.93034015055866 3688 3702 5152 5162 112.0 3.4809237440966108 1.882228277629031 -18.839083209893012 0.841198357554019 -0.05185267516251611 1.0678577076325897 0.0 46.81964370468425 2.5731437 104.03106983005549 7.156149922247843 2.7011025751931657 0.3661651349438219 5.970821321441846 133.1417647805044 11.691773946964943 3.228664579266517 7.408351398874656 12.999258884447896 False
4867 3695.1977546430676 5167.675729580633 214.8963506456895 52.93038863885691 3685 3704 5162 5174 195.0 4.914172085831391 2.5120850554735963 4.436170744137317 0.8594665919348157 -0.011447538344090881 1.1788378476816959 0.0 77.76594566826401 3.4231994 141.28562581511216 8.770465954881406 2.3422963464702065 0.3132866450138304 7.878478774854901 181.29745862093893 14.119024380048737 3.8785059011346785 7.709287818199353 12.410528170570352 False
4868 9927.259287821294 5178.879551226119 214.84049332847368 52.8908611764643 9909 9957 5161 5193 1099.0 8.120974335997198 5.981559560752627 -1.9100102132423042 0.6763756020425055 -0.18594082130435458 15.63142861874575 0.0 799.515892177352 8.081987 1180.3110304047482 14.57221080697316 2.289975276944799 0.5422521319466284 18.703544180608816 1764.0030503978653 24.679018343348403 3.621416487136074 12.08543307208885 26.60702103728274 False
4869 9892.711028496973 5241.853732661376 214.8401387879638 52.89142022066019 9798 10011 5161 5314 21816.0 21.219911871385523 15.76220273533621 -16.5840501185151 0.669510646426057 -0.22676085183080785 990.1735468090068 0.0 78258.92954785046 44.385902 75277.54412808991 38.3581140831574 1.4 0.8186117703709959 83.33215752028491 79908.06292143966 50.733768977764775 3.395673093552216 9.758603089940568 26.14259414927759 False
4870 9975.370377744679 5263.726434985654 214.83916979469743 52.8910128852176 9958 9995 5244 5282 937.0 6.959909579226166 5.858203744022849 -2.197349683684543 0.5399347517431954 -0.10597529995225873 8.928652789344097 0.0 586.120626691089 7.442549 834.4188252242983 14.27357024344917 2.1990493538647335 0.5215923692227442 17.27010027053149 1079.2544003001126 22.880066824771863 3.6513499709072215 10.652097579365462 22.001040283497343 False
4871 1731.2618177513652 5181.003490082698 214.9137966887176 52.942930635157296 1715 1751 5166 5201 668.0 6.3535560734432055 3.743370341306776 46.34456247616146 0.8080038574741342 -0.20929124848768044 10.445748159101223 0.0 450.1114380606416 6.3067904 556.484900062535 10.305973029104715 1.9642596317873762 0.6265623470453585 14.581872443920643 680.6616616107319 16.279866974418024 2.863465480870926 6.185075620774543 13.867541418102265 False
4872 1720.1421798175472 5189.368427463296 214.91380816031133 52.943046384084596 1704 1741 5174 5206 484.0 6.1642973533611425 4.837613918528849 1.88007742582676 0.6197751259366433 -0.22614477720611878 3.576018863002939 0.0 216.96184730319175 5.277642 387.5504176050816 13.286383854356513 2.3790577071023717 0.5106906110635859 12.412170838050638 518.247106528984 21.609568840635458 4.470029396500791 10.02424833107693 22.06609924575518 False
4873 1725.8717468734726 5201.5725080910315 214.91362826051895 52.943075882224825 1711 1738 5193 5214 396.0 4.867402621410645 3.753051446903314 -64.28452298900436 0.6367644908623603 -0.19211444657316104 3.816294793154764 0.0 204.72280231967724 4.8353868 327.2274331311296 10.897749455637038 2.4052580607892033 0.5411478657807208 11.227230955528665 529.6278299735859 17.540816528034384 3.651908102622065 7.844573252282176 18.505828367047854 False
4874 9042.078961515253 5179.329804641547 214.84839940266906 52.89648812923825 9028 9057 5169 5189 321.0 7.226471442763399 2.220686506872226 -31.51218617934976 0.9516130540460125 -0.13437959803674682 2.5015533065215 0.0 203.0330053043025 4.7882333 253.34877821717535 8.763983629850745 2.027003112691016 0.45503595877594805 10.108287365572707 311.23624417879773 13.539659777580749 3.312314185845476 7.446512923048008 12.696925139454558 False
4875 9059.146946664107 5178.725721294478 214.84825320997828 52.89637642532297 9055 9063 5173 5184 75.0 2.3233670693012267 1.618354476514546 -88.25297352330186 0.7175027637846223 -0.06537870020455437 1.1128465699349572 0.0 28.2848712337886 2.0276308 35.84134494434999 4.301914896353812 2.171099525218488 0.42807980895528647 4.886025119029199 50.37034173783731 6.8581540268694585 1.6102422009890145 3.038524488482322 5.1015394691057905 False
4876 9024.872269434758 5191.271386798853 214.84842742329258 52.89666184589867 9020 9030 5187 5195 84.0 2.597510623731949 2.067487515200438 8.499588650908892 0.6053629082266647 -0.1844373513150575 0.8200523560539397 0.0 25.268501873118225 2.1753786 64.2075233435609 6.421684163209691 2.705146799307621 0.34417850441149983 5.170882945826411 103.29473897192187 10.387692017651283 3.127899604361154 6.325575523011496 11.033782728981276 False
4877 9025.90050865454 5203.378332663093 214.84829071553557 52.89672059298474 9021 9031 5196 5213 131.0 5.1000723452577015 1.81489043359414 67.87963459247361 0.9345408682232651 -0.028782323241119012 0.840380899154401 0.0 42.48281084069383 2.6830387 111.18322900015265 8.588990791315391 2.7513182091892814 0.29975984262318806 6.457444935117649 156.67629628501743 13.760423947247343 4.850553544474918 9.354564779271058 18.075193966993133 False
4878 10111.748951405123 5180.158711116849 214.83883133879962 52.889695740308426 10103 10119 5172 5190 219.0 4.630658529692087 2.9509266398682765 47.35249337134079 0.7706500944399094 0.07715229760776657 1.4795885276128344 0.0 97.19950113730208 3.5705066 192.18874747887938 9.906602062449636 2.575426984953515 0.2972266789308319 8.349243383340204 273.58020682837525 15.75504118743647 3.9060057283509657 8.821905113499714 17.656966055138025 False
4879 10097.916516026702 5202.056598180799 214.83872430574837 52.889901693180114 10080 10119 5180 5222 1094.0 7.119286076558848 5.836573752217971 -45.43005579302333 0.5726131395365176 -0.06938288300497257 12.06498477337381 0.0 1493.1595157352704 8.415341 1670.3310615210667 11.67477986814342 1.6758746643923617 0.5361240236675298 18.66094894385243 1806.8401980739086 18.09815707094277 3.6832815468002327 7.824786792191258 14.934015594142137 False
4880 10195.577936160416 5236.030303778454 214.83749386522481 52.88946425063555 10166 10227 5199 5265 2945.0 8.75728604723446 8.267467189750532 -79.10895359707148 0.3297529030888304 -0.14221375411810805 97.1448385990466 0.0 3804.182505217942 13.684209 3825.098127035354 13.961156278605108 1.4738415470124304 0.708845779888597 30.617358063870626 4289.217904259233 21.33200162387315 2.169650216487015 5.841263485585917 16.30111600949915 False
4881 10228.851659015229 5216.331343396006 214.83740403550178 52.88914661125083 10226 10232 5213 5220 37.0 2.031861102002774 1.1818483127922672 -47.887993680271954 0.8134334291126674 0.11135203497280229 0.7848989817505438 0.0 15.93535676329161 1.5001631 65.02461917692436 5.1092938020238865 3.156175603273695 0.23208040778613329 3.431831258788849 120.63180791932541 8.12361527947 2.9868395811878674 6.141648444150603 9.493102277115078 False
4882 1242.303198449919 5201.2872726738215 214.917963029532 52.946144382574175 1240 1244 5200 5203 15.0 1.431101106131507 0.788639394695402 -37.095785127982005 0.8344578620234493 0.0023758324617176815 0.29064822788898637 0.0 2.6279073927110757 0.8812929 62.55818548006072 4.3645706547356 3.8535509381135 0.2689002209720221 2.1850968611841584 143.86409919313058 6.880637717435666 4.317797818951072 6.9786142414037835 9.154279429822116 False
4883 1236.366526056559 5204.695835724546 214.91798030118488 52.94620047166392 1233 1239 5203 5206 15.0 1.9029132962988733 0.6782051991795889 -26.37947431959903 0.9343320904360379 0.0518783988978591 0.3844862570917102 0.0 2.3904017123079164 0.90997684 80.25387529281505 4.857615319197525 4.0772942083251635 0.29685459677672654 2.1850968611841584 193.57060897682342 7.672740712377186 5.245105017295436 8.133771425225651 10.702439931279956 False
4884 7686.806330928069 5203.136135075901 214.86026463223354 52.90522703522272 7683 7690 5200 5208 42.0 1.878462180615796 1.6758341901798088 30.221508122385018 0.45177696335441964 0.07412290185005016 0.6152357241941603 0.0 14.572468320063342 1.4785635 63.70486372075929 5.817796059703733 3.2200531309759723 0.2036573256949758 3.656366395715726 103.12909598088316 9.255599354392036 3.342071325935808 7.501432900733797 11.290601916213983 False
4885 7678.553878354884 5206.3274861134405 214.8603048078506 52.905296673332316 7672 7685 5202 5210 92.0 2.902548009613507 2.065658830174379 -13.240201594551811 0.7025130539420401 0.004962323704040798 1.0336923635301098 0.0 43.098923728599516 2.214553 130.38993526389797 7.12434264423824 2.9517185937754418 0.270747263075156 5.4115163798060095 172.24011855328666 11.562004537135229 3.7228845817775973 8.990946975714028 15.490311742787915 False
4886 7676.264649647625 5224.946306582038 214.86012916172754 52.90541162825914 7654 7691 5207 5244 875.0 7.899637886472853 5.371721681151558 -49.61864420336507 0.7332158775924266 -0.11582049532939877 4.063050227070198 0.0 582.0595463465932 6.956627 796.6413206526142 12.701228878291817 1.9201434906684953 0.4396494650030979 16.688952945311364 818.8432888359844 20.153515373151738 4.832096872958884 10.716216325147043 19.777022828111967 False
4887 7658.652660974021 5239.00504226429 214.86013855861168 52.905599334730475 7655 7662 5233 5243 65.0 2.3761905981214726 1.9040192571665326 73.56676354255558 0.5982752954187328 -0.15129610151128922 0.6831159597801693 0.0 18.919210033531872 1.9353548 103.87957173546204 7.150807350673875 3.3623120069753165 0.29481113379032536 4.54864184146723 136.92207820882038 11.460439657045834 4.980713863895733 10.52302077326246 14.849667203228625 False
4888 3960.85397749333 5212.063646673056 214.89350493584877 52.92894116437951 3957 3964 5206 5219 88.0 3.1650547687702066 1.7087183749770647 80.25811893719049 0.8417483563626442 -0.1249960915807655 1.1812774694085135 0.0 31.916497604148176 2.3352342 68.45642637611488 6.288328959601541 2.555379314666897 0.3373872288373366 5.292567428401227 88.64660409792361 10.047045775057576 2.9484876726686107 5.9200677673542526 10.266589353335913 False
4889 3954.6475105515583 5235.832651503628 214.8933100905132 52.92910883429239 3941 3967 5220 5256 702.0 6.777967090504007 4.671203931762565 -75.3593939517265 0.724595150484212 -0.13393973838776582 6.544804596570821 0.0 474.3334191227035 6.600858 610.6150892339849 11.41180256609012 1.8979540702531335 0.491572100558705 14.948362455500638 651.1117223368105 18.22228090954261 3.5617427446529537 8.385679211265405 16.123179620700625 False
4890 9428.57841258021 5224.973227217189 214.84446428740722 52.89427843080513 9413 9448 5213 5236 617.0 6.627066726296844 3.7903849739656894 -21.009678201283563 0.82028489022387 0.0073164255300680135 8.5238918696756 0.0 561.0209323484072 6.007052 682.751083575623 10.05661884951992 1.9345465776892818 0.5430058383120844 14.01417852659937 797.323502224964 15.872304264293614 3.1877156120819365 6.839848241412567 14.27326206270248 False
4891 9469.905635989622 5241.434025910098 214.8439215720414 52.894104582792046 9442 9499 5222 5263 1473.0 11.303014886921147 5.2353683076718465 29.54298052044734 0.8862624801314579 -0.004747087535941642 12.929714967279757 0.0 1461.0599971948564 9.384703 1686.5963348385553 13.735567020528546 1.9294198840570944 0.5282413597025628 21.65341687468109 2055.8919016780114 23.03758979118215 4.404519237508438 10.5395232056971 21.122476427097094 False
4892 9515.525116759518 5268.539355118086 214.84322838798178 52.89396084876229 9476 9546 5236 5305 2889.0 10.489389024504602 8.9680859718262 -78.64851512488183 0.5186816889089071 -0.20404786876503941 41.757091143695625 0.0 5414.537327365574 13.843666 5479.50097217576 15.155176262504884 1.4 0.62980274112824 30.32486209671812 5740.830062010625 23.209679956686248 4.415800091691342 9.592333053385493 18.87208159430797 False
