outputs/dr0.5_c0.1/nircam3_f140w_dr0.5_c0.1.ecsv
# %ECSV 1.0
# ---
# datatype:
# - {name: label, datatype: int64}
# - {name: xcentroid, datatype: float64}
# - {name: ycentroid, datatype: float64}
# - {name: sky_centroid.ra, unit: deg, datatype: float64}
# - {name: sky_centroid.dec, unit: deg, datatype: float64}
# - {name: bbox_xmin, datatype: int64}
# - {name: bbox_xmax, datatype: int64}
# - {name: bbox_ymin, datatype: int64}
# - {name: bbox_ymax, datatype: int64}
# - {name: area, unit: pix2, datatype: float64}
# - {name: semimajor_sigma, unit: pix, datatype: float64}
# - {name: semiminor_sigma, unit: pix, datatype: float64}
# - {name: orientation, unit: deg, datatype: float64}
# - {name: eccentricity, datatype: float64}
# - {name: min_value, datatype: float64}
# - {name: max_value, datatype: float64}
# - {name: local_background, datatype: float64}
# - {name: segment_flux, datatype: float64}
# - {name: segment_fluxerr, datatype: float32}
# - {name: kron_flux, datatype: float64}
# - {name: kron_fluxerr, datatype: float64}
# - {name: kron_radius, unit: pix, datatype: float64}
# - {name: gini, datatype: float64}
# - {name: equivalent_radius, unit: pix, datatype: float64}
# - {name: kron4_2_flux, datatype: float64}
# - {name: kron4_2_fluxerr, datatype: float64}
# - {name: radius_kron20, unit: pix, datatype: float64}
# - {name: radius_kron50, unit: pix, datatype: float64}
# - {name: radius_kron80, unit: pix, datatype: float64}
# - {name: near_border, datatype: bool}
# meta:
#   PHOTMJSR: 0.3925000131130219
#   PIXAR_SR: 2.11539874851881e-14
#   __serialized_columns__:
#     area:
#       __class__: astropy.units.quantity.Quantity
#       unit: !astropy.units.Unit {unit: pix2}
#       value: !astropy.table.SerializedColumn {name: area}
#     eccentricity:
#       __class__: astropy.units.quantity.Quantity
#       unit: !astropy.units.Unit {unit: ''}
#       value: !astropy.table.SerializedColumn {name: eccentricity}
#     equivalent_radius:
#       __class__: astropy.units.quantity.Quantity
#       unit: !astropy.units.Unit {unit: pix}
#       value: !astropy.table.SerializedColumn {name: equivalent_radius}
#     kron_radius:
#       __class__: astropy.units.quantity.Quantity
#       unit: &id001 !astropy.units.Unit {unit: pix}
#       value: !astropy.table.SerializedColumn {name: kron_radius}
#     orientation:
#       __class__: astropy.units.quantity.Quantity
#       unit: &id002 !astropy.units.Unit {unit: deg}
#       value: !astropy.table.SerializedColumn {name: orientation}
#     radius_kron20:
#       __class__: astropy.units.quantity.Quantity
#       unit: *id001
#       value: !astropy.table.SerializedColumn {name: radius_kron20}
#     radius_kron50:
#       __class__: astropy.units.quantity.Quantity
#       unit: *id001
#       value: !astropy.table.SerializedColumn {name: radius_kron50}
#     radius_kron80:
#       __class__: astropy.units.quantity.Quantity
#       unit: *id001
#       value: !astropy.table.SerializedColumn {name: radius_kron80}
#     semimajor_sigma:
#       __class__: astropy.units.quantity.Quantity
#       unit: !astropy.units.Unit {unit: pix}
#       value: !astropy.table.SerializedColumn {name: semimajor_sigma}
#     semiminor_sigma:
#       __class__: astropy.units.quantity.Quantity
#       unit: !astropy.units.Unit {unit: pix}
#       value: !astropy.table.SerializedColumn {name: semiminor_sigma}
#     sky_centroid:
#       __class__: astropy.coordinates.sky_coordinate.SkyCoord
#       dec: !astropy.table.SerializedColumn
#         __class__: astropy.coordinates.angles.Latitude
#         unit: *id002
#         value: !astropy.table.SerializedColumn {name: sky_centroid.dec}
#       frame: icrs
#       ra: !astropy.table.SerializedColumn
#         __class__: astropy.coordinates.angles.Longitude
#         unit: *id002
#         value: !astropy.table.SerializedColumn {name: sky_centroid.ra}
#         wrap_angle: !astropy.coordinates.Angle
#           unit: *id002
#           value: 360.0
#       representation_type: spherical
#   astropy version: '5.1'
#   make_catalog parameters:
#     ab_zpt: 31.4
#     coadd_bands: !!python/tuple [f277w, f356w]
#     deblend_contrast: 0.001
#     deblend_nlevels: 32
#     deblend_npixels: 1
#     detect_kernel_fwhm: 4.0
#     detect_kernel_npix: 7
#     detect_npixels: 4
#     detect_threshold_nsigma: 3.0
#     flag_isolated_buffer: 4
#     hst_bands: !!python/tuple [f606w, f814w, f125w, f140w, f160w]
#     jwst_bands: !!python/tuple [f115w, f150w, f200w, f277w, f356w, f410m, f444w]
#     near_border_kernelsize: 21
#     reference_band: f200w
#   make_catalog version: 1.4.0
#   photutils version: 1.5.0
# schema: astropy-2.0
label xcentroid ycentroid sky_centroid.ra sky_centroid.dec bbox_xmin bbox_xmax bbox_ymin bbox_ymax area semimajor_sigma semiminor_sigma orientation eccentricity min_value max_value local_background segment_flux segment_fluxerr kron_flux kron_fluxerr kron_radius gini equivalent_radius kron4_2_flux kron4_2_fluxerr radius_kron20 radius_kron50 radius_kron80 near_border
[from data line 1651]
1652 1453.0 2225.0 214.83885449458202 52.874020854798076 1450 1458 2225 2231 47.0 0.28867513459481287 0.28867513459481287 0.0 0.0 -0.34365283501060134 0.013126123001383631 0.0 -7.858262639546331 9.638021 -0.04349810228410323 2.4471893872596904 1.4 -0.25600860046637924 3.8678889139475245 -0.2530721134499694 3.919339596486124 0.7966547032545185 0.888576930492874 0.9649357371764393 False
1653 nan nan nan nan 1992 2001 2225 2235 84.0 nan nan nan nan 0.0 0.0 0.0 0.0 8752652600000.0 nan nan nan nan 5.170882945826411 nan nan nan nan nan True
1654 nan nan nan nan 2204 2213 2226 2234 60.0 nan nan nan nan 0.0 0.0 0.0 0.0 7397341400000.0 nan nan nan nan 4.370193722368317 nan nan nan nan nan True
1655 nan nan nan nan 1735 1747 2227 2244 170.0 nan nan nan nan 0.0 0.0 0.0 0.0 12451581000000.0 nan nan nan nan 7.356132180109627 nan nan nan nan nan True
1656 3269.7013778631026 2232.7278586171687 214.822550516228 52.86251712307586 3267 3275 2229 2235 53.0 1.908946897469975 1.0838184805878042 8.875486840294299 0.8231960164303204 -0.3988653854628627 0.40434857179460615 0.0 4.521789831780323 9.68284 11.143247121596302 12.616104827446176 1.5078321075144767 0.4385920900443902 4.1073621666150775 9.61422866868005 20.339975048912596 1.4734410445759856 2.7089974310471523 nan False
1657 8748.306871626357 2237.5407226999164 214.77362971999995 52.82771234981737 8745 8753 2233 2240 55.0 2.7565598023281215 1.4404498997139166 21.247032209162565 0.8526065137543537 -0.20275126465583662 0.28422520273838664 0.0 3.5882316848839277 9.619064 12.202126210968293 20.55426135665872 1.778482353762094 0.3729463408933057 4.1841419359420025 15.301445016631629 32.70651544549548 3.166617379957451 4.601827620041803 5.528055327112898 False
1658 6547.462403026578 2244.831293331526 214.79317547933988 52.84174609727751 6544 6550 2243 2247 29.0 1.639605054427101 1.2476091821680642 -4.019782611357532 0.6488450619272303 0.09600335956696844 0.4584442829851068 0.0 9.600982534994593 7.302712 52.99707827857445 26.268161949219767 3.1534474963316512 0.16830914077908904 3.0382538898732494 96.24545728466407 41.90432283383839 3.1710335184142733 6.317246826445586 10.166692356824065 False
1659 7865.735266435364 2259.475194607986 214.7812662460579 52.833442871609826 7841 7888 2243 2276 1159.0 6.9752709107452455 5.416938458062139 15.62355502697412 0.6300040610526201 -0.30521633601918297 9.953753936103032 0.0 1735.2253160521545 44.263607 1764.3681697762624 49.57250521825102 1.4 0.5983394566379107 19.207320429643833 1758.8424624641557 79.51273141427284 3.6815719655323287 6.912032949997732 11.741672176862759 False
1660 2928.889626465956 2246.059238783118 214.82545286093605 52.86475505414341 2927 2933 2244 2249 26.0 1.5370261580351519 0.6704191703467124 -20.214527260222276 0.8998597212842201 -0.45873421184783986 0.3612905954963714 0.0 1.9146282329698643 7.8695064 6.450223093382416 9.597799550632653 1.4 0.41435321794040963 2.876813695875796 3.5596839280918062 15.89755765528453 1.2670157114472507 2.087489141760345 2.7901697882954095 False
1661 766.8782771695327 2246.4974137734516 214.84475727358 52.87849658154882 766 769 2245 2248 12.0 1.0968436352544937 0.7080837772816214 -67.32873570396809 0.763705394628903 0.010825076694972015 0.25906373193466514 0.0 1.913657662928658 4.073092 23.765314637482433 17.659550108367107 3.7350821706674795 0.27627222758948056 1.9544100476116797 61.85275889515758 28.788019290067147 3.076918836135681 5.609822436581381 7.106746296852587 False
1662 3206.28319850411 2254.7950861231593 214.82288436332644 52.86303912836789 3197 3212 2245 2265 209.0 5.012956185102135 2.6783179790961396 -57.1143275945753 0.8453081023173328 -0.33914845290213824 0.6614681825683574 0.0 43.98809852348141 20.16553 53.19306382312396 30.86017845438791 1.4 0.38233147670680656 8.156394191823509 6.5659596696428935 48.3520582456603 3.7452469061076252 5.580751267370616 7.775585915711084 False
1663 nan nan nan nan 1812 1817 2246 2250 24.0 nan nan nan nan 0.0 0.0 0.0 0.0 4678489000000.0 nan nan nan nan 2.763953195770684 nan nan nan nan nan True
1664 330.85225975883077 2251.82551111842 214.84859682550555 52.88129579162662 327 336 2248 2255 68.0 2.318589886413071 1.9303560348325306 48.9478986389062 0.5539408140349398 -0.15452511984382195 0.2761012992517417 0.0 6.562713571806585 8.032752 8.784045098419597 12.960731510278224 1.4 0.2625614457797586 4.652426491681278 3.5787784776906992 20.654383349040103 2.0316353124600686 3.2184122281041754 4.205716047609419 False
1665 nan nan nan nan 2019 2021 2248 2253 14.0 nan nan nan nan 0.0 0.0 0.0 0.0 3573255000000.0 nan nan nan nan 2.111004122822376 nan nan nan nan nan True
1666 1012.6164112954759 2253.580916846677 214.8424873802581 52.876973311549186 1009 1016 2249 2258 54.0 2.48194358899053 1.8187305362880588 62.304012541724354 0.6804604595391435 0.0334888096237548 0.4076602304973565 0.0 13.608633134481588 9.970079 368.1214926797995 49.81177079261732 3.89905554194864 0.18142638862885632 4.145929793656026 839.9120536803158 79.08692097057491 10.898286103451147 15.17450954300199 18.66281604745295 False
1667 7789.3115559932285 2251.2688832870203 214.78203397147382 52.833884636150636 7788 7791 2249 2253 19.0 1.2009600089240173 1.1400180342131008 54.868581725950015 0.3145056019749277 0.06966862492143552 0.3548505098536447 0.0 4.064289751011657 5.7096667 17.679255928453586 22.47757940240267 3.31199967577599 0.2156511977299261 2.4592453796829674 13.334016950040045 35.93375468402294 2.162599447276932 3.561980448581189 4.762940566707026 False
1668 1399.3857940626367 2260.337492099491 214.8389613409762 52.874552056808234 1385 1412 2251 2268 356.0 5.164615297386199 3.5040117487400146 37.88864257694201 0.7346325427684981 -0.22424551812315863 0.9787229720671046 0.0 135.07588408557336 26.022306 167.50859641199395 41.58565650766661 1.5872119657674997 0.43275828524557824 10.645107772184812 167.15027973162836 65.5726822057903 3.527455046682027 6.301759440560753 9.761753305086085 False
1669 859.2518129595743 2261.686605385733 214.8437721105903 52.877991523406244 853 867 2253 2269 174.0 3.3425283399201544 2.8042367302407256 85.71615804161698 0.5441980915949794 -0.4948831735466886 1.3058145637675997 0.0 90.88832758538521 17.704193 150.21198738637324 40.553568416310675 2.2540078756055197 0.3554281920253438 7.442171739215616 140.27389354774803 65.6411019255585 3.023524696657517 5.569954173105566 8.83401316208995 False
1670 6502.872815273056 2256.8962100955614 214.79344616923882 52.84209459042499 6499 6507 2253 2260 59.0 2.5446017317872234 1.9606735956758474 16.991133862849182 0.6374124632791667 -0.020124941992634378 0.3628018862312144 0.0 6.9197738398792055 10.068759 22.403040489988726 34.42547529672865 2.6659014560825303 0.337277559657208 4.3336224206596095 74.81945195338486 55.05575670176089 3.581177270167977 5.374694356440903 6.860490670053847 False
1671 4120.528028565231 2256.7617052056394 214.81470283940567 52.857238757426124 4118 4126 2254 2260 40.0 1.6947060206627633 1.1909384883625835 -35.128945529181145 0.7114463057841761 -0.14389263502563943 0.4214479396997844 0.0 6.959215198599818 8.215283 53.913696858449725 28.617326362519268 3.354916908469601 0.4142581145446959 3.5682482323055424 35.73329263640419 45.838030526977626 3.556323051103075 6.407500271796694 11.025677157318226 False
1672 nan nan nan nan 2130 2143 2255 2283 255.0 nan nan nan nan 0.0 0.0 0.0 0.0 15250009000000.0 nan nan nan nan 9.009385160867895 nan nan nan nan nan True
1673 3637.557636036121 2259.359100455116 214.81898636021614 52.86032260141263 3634 3642 2256 2263 58.0 2.041986555619228 1.8063223675064766 -66.46303840052929 0.4663681479157717 -0.08947556342058499 0.5086871005391763 0.0 18.357217469776774 9.95366 54.82232151265475 33.31563827664902 3.0067689020410246 0.24149778454652243 4.296739856991561 84.86384149516604 53.30075472874773 2.9043456738058686 5.836452823247056 9.614075609732158 False
1674 425.29029979497335 2257.4637105043726 214.84769366879638 52.88072614961491 424 427 2257 2261 14.0 1.0256839864055964 0.2808865171808426 24.689508308055586 0.9617715935858653 -0.11974506775770426 0.008080942348534705 0.0 -0.5254214700615495 3.6155143 -1.3221598847432363 10.277900072713784 4.474564938496233 -0.6165155192454096 2.111004122822376 -13.370071268234188 16.48254276676015 2.4679483677296057 3.1123729279638668 3.5894941896294537 False
1675 3619.2102127078592 2261.8960331737476 214.81912342910147 52.860452890382206 3615 3622 2258 2264 42.0 1.6321273507620966 1.1367319300669692 -13.003004848316827 0.7175834165113014 -0.1912754171707378 0.211665419370308 0.0 2.0133135626642873 9.399441 44.28463202747295 32.45408786171621 4.0241760622855685 0.3771774970577938 3.656366395715726 55.68265924274735 51.04510456968735 8.346631280078192 11.255394941508719 13.832447380628478 False
1676 nan nan nan nan 1636 1649 2260 2270 110.0 nan nan nan nan 0.0 0.0 0.0 0.0 10016046000000.0 nan nan nan nan 5.917270272703197 nan nan nan nan nan True
1677 nan nan nan nan 1765 1776 2261 2269 86.0 nan nan nan nan 0.0 0.0 0.0 0.0 8856237000000.0 nan nan nan nan 5.232078956954491 nan nan nan nan nan True
1678 8874.90388453645 2269.616125233005 214.77216378209593 52.82707999551546 8868 8883 2261 2278 224.0 4.290297807524395 3.3860733963106715 -80.2516178332157 0.6140852388462039 -0.030168213194504013 1.254417699390517 0.0 137.1445125351196 19.118204 228.18632437807088 42.521553879612334 1.9425011034946436 0.24478993204984778 8.444016491289505 161.54428266504712 68.16762139262572 3.870790506676744 7.3757742912999555 11.548560666003487 False
1679 10005.947867865332 2271.7122863500667 214.76206275827892 52.81989795060655 9996 10024 2262 2283 365.0 5.252368989939726 4.047295274154367 -31.71640966141173 0.6373606006093075 -0.2881129503644728 0.9207538647490068 0.0 147.28181934029766 24.569624 354.67151118144693 77.44799868121365 2.9270224031101724 0.34891153994445756 10.778826859036359 361.89092326912066 123.76254629878459 5.787864570560886 12.2674294408778 25.1987135537292 False
1680 3971.1001738791724 2271.0353160542086 214.815886265377 52.85826548622892 3964 3975 2263 2274 110.0 2.2970687339846267 1.8776421544560478 -11.458229444335371 0.576059291751945 -0.4263009511608736 0.9028559502018156 0.0 32.814438392470194 3698670400000.0 65.63560542874038 8780465746891.373 1.9866749533401398 0.5678076060479322 5.917270272703197 62.021624839692564 14027154327438.342 2.1663755270514105 3.7465747921708736 5.68828875342163 True
1681 6567.748963124284 2269.8526637090495 214.79273117103423 52.841751908062406 6566 6571 2268 2273 27.0 1.6024733921045156 1.111145932849363 50.378647519662046 0.7205583461002171 0.041447907933304315 0.35198882009157806 0.0 3.9551574874194477 6.6799903 24.863362360233197 25.232045197690613 3.1812937382266027 0.39957202487148014 2.9316150714175193 41.31679274936844 40.03892380966687 2.837781487775731 4.945489631549819 7.342613707017541 False
1682 522.9466821364144 2275.621385800404 214.84662996689707 52.88020355448477 515 532 2269 2282 179.0 4.092661515276648 3.0609696331576672 -16.76744649746924 0.6637926675257354 0.08921579849331628 0.5612208480396682 0.0 56.6104494956825 12.601849 314.90093171662124 49.77932886832125 3.317839130685756 0.1961801935484738 7.54834217738561 517.397539449289 79.782139415126 7.905860928305349 17.85731168449771 23.80616608361843 False
1683 809.7380458237916 2278.9744221907717 214.84403243406518 52.878399349777105 792 830 2270 2287 536.0 8.031692192163803 3.9212702442309797 8.292140901961117 0.872717981219382 -0.375134264672894 1.439831571640809 0.0 202.42300709163968 30.803492 190.61860431463435 46.69163557953889 1.4 0.3893810615906552 13.061933202803933 94.1728542827221 74.75844491976278 4.561659075627817 7.663445692309596 10.308356819705784 False
1684 nan nan nan nan 2120 2125 2270 2274 24.0 nan nan nan nan 0.0 0.0 0.0 0.0 4678489000000.0 nan nan nan nan 2.763953195770684 nan nan nan nan nan True
1685 7504.9687449456 2273.045116020857 214.78433993076965 52.83580997888964 7502 7508 2270 2276 42.0 2.000013327629513 1.7333102640703768 -42.386835292375146 0.4989177209532255 0.16271177131672557 0.47118540717851265 0.0 12.450178968268531 8.703207 85.68201443897301 38.281908391732 3.4725787780655533 0.18150181119524905 3.656366395715726 77.10853950700427 61.42235578634982 4.224870326681262 7.016330266140282 10.404892677536163 False
1686 4410.663210165204 2272.619988171574 214.81194652221413 52.855479988114425 4407 4414 2271 2277 43.0 1.7048835375817135 1.1870775909295495 3.6971823816865843 0.7177695416762466 -0.16910512358745003 0.34797227955604 0.0 5.319909899583416 8.517831 15.042660900948407 21.34445395188045 2.6638246358924254 0.42520602225156473 3.6996385101659595 1.82075762845772 34.253303789476554 1.9041113597699566 3.4257305091694414 5.075446377949622 False
1687 3429.4998786829765 2273.721564230903 214.82069241496285 52.86172241279378 3425 3432 2272 2275 29.0 1.8065038269938887 1.0478108887390603 8.461100376224797 0.8146012332327522 0.02075538477218325 0.5748463064570086 0.0 8.877065361326109 7.207085 100.74970620215392 31.553399221477385 3.852012051143461 0.27814237662702107 3.0382538898732494 142.20766255708176 50.9262232633446 4.414049102838665 7.463487120094089 10.501552073434823 False
1688 6255.534713697278 2285.7345894201785 214.7953486663451 52.84382249035873 6241 6272 2272 2300 724.0 5.759850115178917 4.9628559885097765 -27.334079353503313 0.5075380182613756 -0.31174987015916117 2.905598881386295 0.0 532.9890641056053 34.783897 659.2085018623873 59.132170296888084 1.9118060683191687 0.5319619677425035 15.180789096653193 723.9946910276487 95.09493364795257 4.093679370895506 7.419552988207619 14.1937562819003 False
1689 10193.986198548475 2275.965687121622 214.76034266912467 52.81872486304101 10193 10198 2273 2277 21.0 0.9717713456601083 0.6643388572136236 42.010196627153576 0.7298221964765126 -0.19708132651965832 0.2682422660064719 0.0 0.5730136674920354 6.6142354 16.254064218127272 17.66173382967786 3.645238731739589 0.6572353019169266 2.5854414729132054 40.24471757031145 27.613041100567457 2.6153213783620783 4.937971100212747 6.392992894577849 False
1690 882.3139859924229 2279.3859560014 214.84337973288245 52.87794040941677 878 886 2274 2281 52.0 1.805398197598881 0.8340435124735378 -0.9998624603785305 0.8868944818388592 -0.3915189245838764 0.22390451695254437 0.0 -2.023590223431335 9.574466 4.146201533033349 9.893913284293353 1.4 -0.5988936684621515 4.068428945128219 -5.488587986671514 15.869011414246925 1.341635150280951 2.2769827032241094 nan False
1691 nan nan nan nan 780 786 2275 2279 30.0 nan nan nan nan -0.5558420070195105 -0.06341259186022594 0.0 -8.245739907283754 7.1954503 nan nan nan -0.25633072549511443 3.0901936161855166 nan nan nan nan nan False
1692 6598.959338995981 2283.421066473387 214.7923099932227 52.841626565959835 6595 6605 2276 2288 87.0 2.5535963583157035 1.7324401865536943 -26.927293710658653 0.7346636720835862 -0.2618901982074369 0.5729568622723232 0.0 15.894543989683978 11.93955 75.84248512412731 38.433441683052266 3.144645540498779 0.44157894125297986 5.262410103554244 69.0706002952035 61.89265733335369 3.958602675101249 12.000520097728629 15.489873772025895 False
1693 10270.0 2278.0 214.75964404171086 52.81825233509069 10266 10270 2276 2282 24.0 0.28867513459481287 0.28867513459481287 0.0 0.0 -0.2584775348065532 0.02434846189973053 0.0 -3.0332018638511116 6.630321 0.31419848573412806 5.951080209433309 3.4898894364021644 -0.3591393388672686 2.763953195770684 0.9310818324270826 9.506855587069902 0.9892752106194658 1.6629521198963182 2.209260746981529 False
1694 767.0993243237345 2279.2852573677405 214.84441008736445 52.87867195730652 765 771 2277 2283 35.0 1.5684800060782467 1.0973342792082 59.66739228272846 0.7145186791904349 -0.2114975303831318 0.4456972073958911 0.0 3.1726723117563167 7.912904 16.606284658262453 20.96794171616322 2.7140914502593914 0.5227896257753587 3.3377905890622728 74.64303344547591 33.05314375049729 2.0040821030309477 4.369967176308242 6.394502106473225 False
