outputs/dr0.5_c0.1/nircam6_matched_f277w_f356w_dr0.5_c0.1.ecsv
# %ECSV 1.0
# ---
# datatype:
# - {name: label, datatype: int64}
# - {name: xcentroid, datatype: float64}
# - {name: ycentroid, datatype: float64}
# - {name: sky_centroid.ra, unit: deg, datatype: float64}
# - {name: sky_centroid.dec, unit: deg, datatype: float64}
# - {name: bbox_xmin, datatype: int64}
# - {name: bbox_xmax, datatype: int64}
# - {name: bbox_ymin, datatype: int64}
# - {name: bbox_ymax, datatype: int64}
# - {name: area, unit: pix2, datatype: float64}
# - {name: semimajor_sigma, unit: pix, datatype: float64}
# - {name: semiminor_sigma, unit: pix, datatype: float64}
# - {name: orientation, unit: deg, datatype: float64}
# - {name: eccentricity, datatype: float64}
# - {name: min_value, datatype: float64}
# - {name: max_value, datatype: float64}
# - {name: local_background, datatype: float64}
# - {name: segment_flux, datatype: float64}
# - {name: segment_fluxerr, datatype: float32}
# - {name: kron_flux, datatype: float64}
# - {name: kron_fluxerr, datatype: float64}
# - {name: kron_radius, unit: pix, datatype: float64}
# - {name: gini, datatype: float64}
# - {name: equivalent_radius, unit: pix, datatype: float64}
# - {name: kron4_2_flux, datatype: float64}
# - {name: kron4_2_fluxerr, datatype: float64}
# - {name: kron4_2_mag, datatype: float64}
# meta:
#   PHOTMJSR: 0.4047000110149384
#   PIXAR_SR: 2.11539874851881e-14
#   __serialized_columns__:
#     area:
#       __class__: astropy.units.quantity.Quantity
#       unit: !astropy.units.Unit {unit: pix2}
#       value: !astropy.table.SerializedColumn {name: area}
#     eccentricity:
#       __class__: astropy.units.quantity.Quantity
#       unit: !astropy.units.Unit {unit: ''}
#       value: !astropy.table.SerializedColumn {name: eccentricity}
#     equivalent_radius:
#       __class__: astropy.units.quantity.Quantity
#       unit: !astropy.units.Unit {unit: pix}
#       value: !astropy.table.SerializedColumn {name: equivalent_radius}
#     kron_radius:
#       __class__: astropy.units.quantity.Quantity
#       unit: !astropy.units.Unit {unit: pix}
#       value: !astropy.table.SerializedColumn {name: kron_radius}
#     orientation:
#       __class__: astropy.units.quantity.Quantity
#       unit: &id001 !astropy.units.Unit {unit: deg}
#       value: !astropy.table.SerializedColumn {name: orientation}
#     semimajor_sigma:
#       __class__: astropy.units.quantity.Quantity
#       unit: !astropy.units.Unit {unit: pix}
#       value: !astropy.table.SerializedColumn {name: semimajor_sigma}
#     semiminor_sigma:
#       __class__: astropy.units.quantity.Quantity
#       unit: !astropy.units.Unit {unit: pix}
#       value: !astropy.table.SerializedColumn {name: semiminor_sigma}
#     sky_centroid:
#       __class__: astropy.coordinates.sky_coordinate.SkyCoord
#       dec: !astropy.table.SerializedColumn
#         __class__: astropy.coordinates.angles.Latitude
#         unit: *id001
#         value: !astropy.table.SerializedColumn {name: sky_centroid.dec}
#       frame: icrs
#       ra: !astropy.table.SerializedColumn
#         __class__: astropy.coordinates.angles.Longitude
#         unit: *id001
#         value: !astropy.table.SerializedColumn {name: sky_centroid.ra}
#         wrap_angle: !astropy.coordinates.Angle
#           unit: *id001
#           value: 360.0
#       representation_type: spherical
#   astropy version: '5.1'
#   kernelfile: kernel_f277w_f356w.fits
#   make_catalog parameters:
#     ab_zpt: 31.4
#     coadd_bands: !!python/tuple [f277w, f356w]
#     deblend_contrast: 0.001
#     deblend_nlevels: 32
#     deblend_npixels: 1
#     detect_kernel_fwhm: 4.0
#     detect_kernel_npix: 7
#     detect_npixels: 4
#     detect_threshold_nsigma: 3.0
#     flag_isolated_buffer: 4
#     hst_bands: !!python/tuple [f606w, f814w, f125w, f140w, f160w]
#     jwst_bands: !!python/tuple [f115w, f150w, f200w, f277w, f356w, f410m, f444w]
#     near_border_kernelsize: 21
#     reference_band: f200w
#   make_catalog version: 1.4.0
#   photutils version: 1.5.0
# schema: astropy-2.0
label xcentroid ycentroid sky_centroid.ra sky_centroid.dec bbox_xmin bbox_xmax bbox_ymin bbox_ymax area semimajor_sigma semiminor_sigma orientation eccentricity min_value max_value local_background segment_flux segment_fluxerr kron_flux kron_fluxerr kron_radius gini equivalent_radius kron4_2_flux kron4_2_fluxerr kron4_2_mag
[from data line 1414]
1415 8512.243429921164 1852.7396000436413 214.83197486111195 52.80874132234774 8505 8519 1848 1857 115.0 3.409970541438661 2.2879176857200094 4.711063493197535 0.7415031381255837 0.25775807527059824 0.7234694610720293 0.0 50.034284232503744 1.3106505 111.68858172005648 3.6926402356186756 2.4902262675293296 0.16541261822623984 6.050259243299904 136.59073260763492 5.8560105524335 26.061446914042858
1416 9959.420948538447 1860.048830844329 214.81899530156085 52.79958313543805 9950 9968 1850 1868 240.0 4.111189586441041 3.2135218436453896 -28.595967751374424 0.623714103995326 0.1743488041120848 1.9520874235382366 0.0 182.7342608966486 1.723538 230.57633539508686 3.4111269628604783 1.8989066300002964 0.3535350941659121 8.740387444736633 260.89510777305605 5.33197728582013 25.358835161458785
1417 1308.023196102731 1856.9695496802383 214.89624293858176 52.85452992545491 1306 1310 1855 1859 21.0 1.249127721406931 1.182601349057376 -17.526918626461303 0.3219939174580256 0.21837380280415838 0.42262845093029466 0.0 6.701389381640609 0.44762185 14.793836143228164 1.227201777571987 2.356494917628014 0.10556366116159414 2.5854414729132054 14.497470563482835 1.9833879060696245 28.496769410989796
1418 2917.20376583733 1861.6444657156985 214.88181676584406 52.844335624345476 2913 2921 1857 1866 70.0 2.207027688542566 1.8101782842032625 -55.9324531300908 0.5720936595563547 0.12496110061274865 1.0708950891993785 0.0 34.22519995474053 0.8679588 52.19609159572074 1.999195735536218 2.2064850470379493 0.2921233410362577 4.720348719413148 69.98669990425326 3.212060359867829 26.787461210928647
1419 8275.113423418754 1861.1004258906382 214.83400168062752 52.81029334652033 8270 8280 1857 1865 69.0 2.7552628435919595 1.7462268631814828 -19.277285277839812 0.7735144328472583 0.15699832958418197 0.4660278670472081 0.0 22.53927682723717 0.9976602 55.0807349960083 3.0948495587431246 2.644710703787786 0.14761712317883466 4.686510657907603 53.98487063016033 4.93061670735591 27.06931983759361
1420 9070.499113163189 1857.5026668289393 214.82694685362637 52.80521915098089 9070 9071 1857 1858 4.0 0.5007142607536776 0.499276807614549 -44.87393373674842 0.07571901359277439 0.29827038055211225 0.3032045322549631 0.0 1.2008199629189737 0.22275537 15.744230685133068 1.0120092897128934 4.038626874561595 0.0045172095635528965 1.1283791670955126 28.59736685864897 1.6019844376243324 27.759184883209258
1421 7936.378931675403 1861.0472061074556 214.8370233200745 52.81244564317257 7933 7940 1859 1863 35.0 1.8259214482913015 1.2364152155267985 -4.840924818463856 0.7358487855770256 0.30884367502589544 0.9987105416964315 0.0 20.898148315585395 0.61193264 47.515004844335024 1.90621608993624 2.6724504849173187 0.19711324479187348 3.3377905890622728 63.47323227213545 3.17332053562494 26.893523463439553
1422 1468.0329316015893 1862.4646183807017 214.8947552618089 52.85354347154662 1465 1471 1860 1865 31.0 1.6973599572258182 1.2573296582685964 -44.79226295597893 0.6717741239287964 0.23603116576697455 0.5422977522694448 0.0 11.542456292829218 0.53229415 29.450757663960218 1.6928230866981326 2.7238467558835597 0.1449597267740537 3.141274657157109 34.417257956039094 2.8272274035503355 27.558059332842046
1423 3045.4668820372403 1861.0281101367768 214.88067758851952 52.843517655421 3044 3047 1860 1862 8.0 0.8486131490864192 0.7060628896012727 0.13111601530254474 0.5547460286419977 0.24072164126428142 0.29611859937603174 0.0 2.1569356355151443 0.27742374 21.65708051970902 1.364484302855175 3.7215549430050148 0.04535431124653927 1.5957691216057308 42.85758365348593 2.154218167498581 27.31993079622778
1424 7428.1620765820935 1868.5082020554964 214.84147808463086 52.81571533119641 7422 7434 1860 1875 148.0 3.506121543972004 2.2386799324627047 -62.547086108865955 0.7696167763068347 0.1448322840589942 2.215345196349058 0.0 103.69047386289313 1.4067019 148.0954885551859 2.8718472079395854 2.1216767716601423 0.37378980173588666 6.863662517577698 168.1154158801297 4.551648531829701 25.835981151786456
1425 10217.12219892615 1867.0307567566672 214.8166248686606 52.79798278631782 10201 10232 1860 1874 348.0 6.768417541788844 2.8026777058783954 -8.752381272679019 0.9102397279740241 0.1954909657342606 2.4331810371699683 0.0 253.0904495712743 1.9985443 309.2183111368097 3.606793364834093 1.7361307727121955 0.3354837458349376 10.524820207108489 326.4714567338066 5.712907102003661 25.115386957296035
1426 7291.509171704084 1872.1425710255198 214.84265890852953 52.81660325776895 7274 7309 1861 1883 663.0 6.416040722289738 3.7931348762926693 15.181414735218485 0.8065282347988124 0.1302512859939831 10.25797888320448 0.0 1039.2488525040353 3.3131297 1107.9759160980757 4.1914356496539344 1.5699005315149102 0.5562724422747377 14.527197064122632 1186.8844414784362 6.289991778759396 23.71397890790274
1427 8550.997673936696 1867.2730438339524 214.83147647125216 52.80857337926918 8546 8556 1862 1872 102.0 2.428240296893463 2.3840209632321576 -72.63559758339052 0.18997175447896664 0.205795140302234 1.4388973631128565 0.0 62.363510538984166 1.1311259 88.53956949678775 2.3992516865116786 1.9588030865340271 0.29335991525473104 5.698035485213008 90.23672182712116 3.986082387627569 26.511541725950924
1428 9071.043588841221 1870.8379112874438 214.82680180453136 52.805287568636665 9060 9081 1862 1879 261.0 5.224311843878022 3.190318029820235 28.05101591940727 0.7918870308174231 0.1928142427183921 1.078135108492305 0.0 137.68573371330962 1.8668368 224.8536843327485 4.726901500279915 2.2313680219910554 0.2396956793358698 9.114761669619748 255.9828278124538 7.381014552005614 25.37947291910743
1429 8652.53057944844 1864.5235662302632 214.83059996471832 52.80791330492689 8651 8654 1863 1866 10.0 1.0672465465412677 0.7620470036020872 74.77316758487338 0.7001141944578164 0.1970827013183194 0.25498789290514084 0.0 2.320206539976216 0.32875907 43.26008895698128 1.795420031329479 3.903788375457475 0.04364403912296725 1.7841241161527712 94.24439176834943 2.8832740767134157 26.46436121014034
1430 478.03146547947307 1866.907283797644 214.90355652256656 52.85985395693818 476 480 1864 1869 25.0 1.390454043905756 1.2589282196283382 -65.67122898452315 0.4245425155251199 0.17426751796171683 0.4154876277540018 0.0 7.4605211062582875 0.47569802 16.22845450995061 1.3050683275190518 2.3484761202007327 0.1331558520066084 2.8209479177387813 15.671197076551724 2.082756841653418 28.412244569472406
1431 8688.870872779258 1865.6265061523745 214.83026431373457 52.80768830176635 8687 8691 1864 1867 18.0 1.355037627318272 0.9811492293047838 -24.536330923463186 0.6897209655946187 0.1998097143324633 0.33711395351489515 0.0 4.692004749591094 0.51311153 69.02256715043754 2.330970130357698 3.8174197612350707 0.09770253425637783 2.393653682408596 171.8649556869779 3.6741709424224354 25.812031673950514
1432 392.398712765659 1868.595810248308 214.9043042141744 52.86040680704487 389 396 1865 1872 49.0 1.8836365248681386 1.7889215276790533 -87.58817766915195 0.31310976122436596 0.20590405948534754 0.5112892674847861 0.0 16.971935856766134 0.7232342 32.7525291583177 1.8569919942010307 2.2483721152667004 0.14520447101786246 3.949327084834294 37.21115909345079 2.988023226878416 27.47331700473321
1433 3208.2792667321573 1869.4524985383462 214.87913480673643 52.842529008408924 3203 3213 1866 1873 75.0 2.3965891353941076 1.70958966235207 -11.642686427366794 0.7008152503512344 0.12607603043731633 1.233966209652048 0.0 39.147151121043315 0.86495966 53.08919082629235 1.6129968875417664 1.8321791131008889 0.32158902272076556 4.886025119029199 50.024158116155455 2.580050096807688 27.152050529022468
1434 8954.235008141164 1872.9291623255376 214.8278213258528 52.80604120545147 8947 8961 1866 1880 162.0 3.2251293569561423 2.5235155634649544 -42.745466911546615 0.6227083121375758 0.1868922818177035 2.267223451221655 0.0 124.0385844900129 1.5988057 168.9417115256221 3.200554509985823 2.079601146906576 0.3748978235947791 7.1809610472257885 185.2375269695204 4.956043116979382 25.730677564318718
1435 2838.12294511372 1868.1171465335192 214.88245507977228 52.84487280878962 2837 2839 1867 1869 6.0 0.7703761539952019 0.5811277413754575 44.77775944491408 0.6564806691479135 0.22241502206579677 0.28489893430000934 0.0 1.5631795942819648 0.24026208 13.882959429077337 1.077400656740894 3.5995027270288285 0.058922358751422925 1.381976597885342 21.590596845321876 1.7370577501639644 28.064338379916265
1436 9709.54654236761 1871.075462712108 214.82110681586 52.801230749707734 9707 9712 1868 1874 30.0 1.3253582079390587 1.2215491555039282 85.5539544828976 0.38796354222129975 0.4034084748738214 3.5976309412175094 0.0 47.97008827465065 0.6559203 45.37163699702842 0.9769020995595358 1.485138500971846 0.3406550734459993 3.0901936161855166 48.75050856047821 1.5068509032670543 27.18005212356195
1437 3904.889274836798 1872.7205675722087 214.8728793018931 52.83812195043111 3903 3907 1870 1875 27.0 1.534901258897802 1.2477870274605796 -75.0226042500905 0.582343453343727 0.2209387327397464 0.4163149555082674 0.0 8.268672103038673 0.52841175 16.16864991587069 1.3586915696252027 2.134241979070702 0.11165894263005202 2.9316150714175193 16.20793104627351 2.2290336852217103 28.375681049018997
1438 6559.375874313669 1873.0141658049404 214.8491816906531 52.82125993286672 6556 6563 1870 1876 38.0 1.895468086973171 1.3723838345092225 42.91695595588643 0.6897640101745202 0.2228725367211328 0.5858829738804436 0.0 14.676136600568535 0.67399985 35.0634606574434 1.9626016286786183 2.654433455027002 0.1511842212910712 3.477898169151024 40.020269402206495 3.2002329978876216 27.394299980435306
1439 6350.380976727674 1875.9867840885613 214.85101530271143 52.82260384990462 6345 6355 1871 1880 81.0 2.391077556805703 1.8927786518862626 41.66239682673933 0.6110387403795272 0.2032981050398435 1.2158463351489572 0.0 42.49633164510669 0.87657267 71.47551538407936 2.200480710939157 2.3719694016242605 0.30727208413814117 5.077706251929807 100.49477202782188 3.4541540822551347 26.394641326666573
1440 3656.0163450449813 1880.220818362113 214.87502287038967 52.83974322376833 3649 3663 1875 1885 113.0 3.1792051320106602 2.1887233310837315 0.08549225740491224 0.725283936778897 0.17940281886652829 0.8926829247984811 0.0 48.477832630966354 1.1673006 79.88537080317435 2.7480159046913317 2.1995850797275844 0.2364993624893966 5.997417539138688 93.33330992824267 4.248132676029856 26.474908330712438
1441 7552.2972762503405 1879.0720091810163 214.84025969271457 52.81498348183787 7545 7559 1875 1883 92.0 3.3634724847087303 1.7505716307673915 -5.8543570552101984 0.853882654894416 0.14100669842515864 0.7778728480326125 0.0 39.48196783456384 1.1237844 77.66406617734536 3.2073584733988927 2.418608566328602 0.21139008174234897 5.4115163798060095 87.28648352178605 4.875030191231997 26.547632506039058
1442 4328.596140294506 1878.894110789886 214.86903105312317 52.83546381268678 4326 4331 1876 1881 29.0 1.527246083663442 1.3965233278682125 35.89254109165924 0.4047977932926371 0.23300023360715816 0.3642308822740651 0.0 8.337254188479566 0.55318725 29.20258221743597 1.8836091266778674 2.9369316643251424 0.08193746836260313 3.0382538898732494 38.06614505508571 2.959732450505798 27.448652754514733
1443 8036.185843236598 1888.212375761927 214.8358475361951 52.81195784438977 8026 8046 1876 1899 382.0 4.83300570925152 3.338358794886495 -70.32737276060837 0.7231015436137689 0.15409041868616388 6.041363050172519 0.0 502.72283408045274 2.4174974 547.7081852300751 3.3287452327513147 1.588631109152224 0.48490081061081425 11.026984017500345 580.4317023065489 5.1487253594093065 24.49062218768778
1444 2839.3516294227034 1886.0497318744892 214.88225552939028 52.84496175106752 2835 2844 1879 1893 103.0 3.178203174568656 2.1656103581155772 -72.02835164288176 0.7319162873717928 0.1735060310126679 0.6130938401062217 0.0 39.74628769179257 1.038394 100.64084842189118 3.2257901876955275 2.7922224634893538 0.17657528093741112 5.725898905580716 132.84237945633578 5.273823864783781 26.09165838493681
1445 7951.04332135311 1880.032002173125 214.8366929281332 52.812454801985574 7950 7952 1879 1881 5.0 0.6413891263899314 0.6103096486267812 -2.043614501403094 0.3075142014699686 0.29456627399236845 0.3937292141663921 0.0 1.7248828865853474 0.25683716 19.08944139087791 1.1967847339106452 3.693218025523505 0.07163880481918541 1.2615662610100802 33.78972300144425 1.8625732522425267 27.578038421083427
1446 7051.455516267063 1883.9946249427742 214.8446758526761 52.81819250058486 7050 7053 1880 1887 24.0 1.9935257740478523 0.922081829819943 73.1224036804375 0.8865993517143735 0.23807330760080933 0.3435425197514975 0.0 6.924136127114558 0.529154 40.37292527986991 2.119967774621332 3.2841807668442997 0.0548195991529198 2.763953195770684 68.89866095527323 3.3436166507263803 26.804473046297225
1447 1735.254492107598 1886.756245492443 214.89211199300215 52.851977575853205 1730 1740 1883 1890 63.0 2.5871110293150705 1.6286825149743878 13.446193020310377 0.7769703800606078 0.15349090280636463 0.6132671010317269 0.0 22.58962116558197 0.8010141 66.316584175549 2.6363756268016885 2.9007691873832337 0.17864213213198094 4.478115991081385 117.74300024671109 4.21801766717079 26.222662254968746
1448 1755.3100675282897 1890.9214736477345 214.89188898741142 52.851872687002434 1751 1760 1887 1895 66.0 2.473159839787835 1.853134287457702 27.082420664080868 0.6622327116189274 0.20174702309965395 0.6801848525654297 0.0 25.52565722144481 0.8290856 57.222761651727254 2.392609132755203 2.566433798431626 0.18570982729566185 4.583497844237541 63.96435091072261 3.801706276269037 26.88515500708267
1449 3968.749790269161 1891.1631182353588 214.8721151239287 52.837815789221054 3964 3974 1888 1894 61.0 2.5144883766288797 1.610106507518955 -1.5717812679940844 0.768098541628802 0.17364795224882143 0.5743540283178442 0.0 21.840695609745474 0.8393289 43.003474534392595 2.1547279720697836 2.4174971997162107 0.18178573268298812 4.406461512053774 52.12640384225949 3.438482780723256 27.107355589146813
1450 7627.010115529871 1888.5021424660788 214.83949410337863 52.81455956254441 7626 7628 1888 1889 6.0 0.8018351433594061 0.499973097727809 0.43173004042208807 0.7817946187738394 0.4691552606261588 0.5331412411766375 0.0 2.9780318225239197 0.26675427 17.21690657488836 1.1036066015263253 3.4553524962931546 0.033829523059024084 1.381976597885342 22.342672193179503 1.7262160269895397 28.027162215769195
1451 2156.800189125097 1891.7645092461396 214.88829290278497 52.849327499069275 2154 2160 1889 1895 39.0 1.691220526055534 1.5460359547899156 48.67589121447713 0.40536714549387953 0.20210324718443334 0.5550338515910151 0.0 14.028234631420666 0.6596409 32.48478380447917 1.878306509003191 2.6049639183681137 0.16010063750090056 3.523362819972964 31.689447685617534 2.969535093226651 27.64771332512135
1452 2809.8803524943455 1896.2908375244683 214.8824110877108 52.845204181573926 2804 2815 1889 1903 134.0 2.9902624614384763 2.435183408803889 -83.25254326994514 0.5803444395937386 0.08804631473104041 1.2782520421129655 0.0 62.181257132955906 1.167206 107.77972017273001 2.99420089254695 2.4236422635435284 0.33407805854557454 6.530966601401967 127.155560638051 4.773579958018769 26.139161607367623
1453 8583.982315270789 1895.6619112365504 214.83088386853953 52.808516787453996 8578 8590 1890 1901 127.0 2.1211291702997417 2.039098707046984 14.335511534311397 0.27540956893297197 0.07398518998208807 6.154622688499775 0.0 159.16023918688856 1.5978155 178.62918435438868 2.0250641746338967 1.6722235364523763 0.5837635971679916 6.358093703724522 191.066002447714 2.977779577536619 25.6970414569162
