outputs/dr0.5_c0.1/nircam2_matched_f277w_f160w_dr0.5_c0.1.ecsv
# %ECSV 1.0
# ---
# datatype:
# - {name: label, datatype: int64}
# - {name: xcentroid, datatype: float64}
# - {name: ycentroid, datatype: float64}
# - {name: sky_centroid.ra, unit: deg, datatype: float64}
# - {name: sky_centroid.dec, unit: deg, datatype: float64}
# - {name: bbox_xmin, datatype: int64}
# - {name: bbox_xmax, datatype: int64}
# - {name: bbox_ymin, datatype: int64}
# - {name: bbox_ymax, datatype: int64}
# - {name: area, unit: pix2, datatype: float64}
# - {name: semimajor_sigma, unit: pix, datatype: float64}
# - {name: semiminor_sigma, unit: pix, datatype: float64}
# - {name: orientation, unit: deg, datatype: float64}
# - {name: eccentricity, datatype: float64}
# - {name: min_value, datatype: float64}
# - {name: max_value, datatype: float64}
# - {name: local_background, datatype: float64}
# - {name: segment_flux, datatype: float64}
# - {name: segment_fluxerr, datatype: float32}
# - {name: kron_flux, datatype: float64}
# - {name: kron_fluxerr, datatype: float64}
# - {name: kron_radius, unit: pix, datatype: float64}
# - {name: gini, datatype: float64}
# - {name: equivalent_radius, unit: pix, datatype: float64}
# - {name: kron4_2_flux, datatype: float64}
# - {name: kron4_2_fluxerr, datatype: float64}
# - {name: kron4_2_mag, datatype: float64}
# meta:
#   PHOTMJSR: 2.251199960708618
#   PIXAR_SR: 2.11539874851881e-14
#   __serialized_columns__:
#     area:
#       __class__: astropy.units.quantity.Quantity
#       unit: !astropy.units.Unit {unit: pix2}
#       value: !astropy.table.SerializedColumn {name: area}
#     eccentricity:
#       __class__: astropy.units.quantity.Quantity
#       unit: !astropy.units.Unit {unit: ''}
#       value: !astropy.table.SerializedColumn {name: eccentricity}
#     equivalent_radius:
#       __class__: astropy.units.quantity.Quantity
#       unit: !astropy.units.Unit {unit: pix}
#       value: !astropy.table.SerializedColumn {name: equivalent_radius}
#     kron_radius:
#       __class__: astropy.units.quantity.Quantity
#       unit: !astropy.units.Unit {unit: pix}
#       value: !astropy.table.SerializedColumn {name: kron_radius}
#     orientation:
#       __class__: astropy.units.quantity.Quantity
#       unit: &id001 !astropy.units.Unit {unit: deg}
#       value: !astropy.table.SerializedColumn {name: orientation}
#     semimajor_sigma:
#       __class__: astropy.units.quantity.Quantity
#       unit: !astropy.units.Unit {unit: pix}
#       value: !astropy.table.SerializedColumn {name: semimajor_sigma}
#     semiminor_sigma:
#       __class__: astropy.units.quantity.Quantity
#       unit: !astropy.units.Unit {unit: pix}
#       value: !astropy.table.SerializedColumn {name: semiminor_sigma}
#     sky_centroid:
#       __class__: astropy.coordinates.sky_coordinate.SkyCoord
#       dec: !astropy.table.SerializedColumn
#         __class__: astropy.coordinates.angles.Latitude
#         unit: *id001
#         value: !astropy.table.SerializedColumn {name: sky_centroid.dec}
#       frame: icrs
#       ra: !astropy.table.SerializedColumn
#         __class__: astropy.coordinates.angles.Longitude
#         unit: *id001
#         value: !astropy.table.SerializedColumn {name: sky_centroid.ra}
#         wrap_angle: !astropy.coordinates.Angle
#           unit: *id001
#           value: 360.0
#       representation_type: spherical
#   astropy version: '5.1'
#   kernelfile: kernel_f277w_f160w.fits
#   make_catalog parameters:
#     ab_zpt: 31.4
#     coadd_bands: !!python/tuple [f277w, f356w]
#     deblend_contrast: 0.001
#     deblend_nlevels: 32
#     deblend_npixels: 1
#     detect_kernel_fwhm: 4.0
#     detect_kernel_npix: 7
#     detect_npixels: 4
#     detect_threshold_nsigma: 3.0
#     flag_isolated_buffer: 4
#     hst_bands: !!python/tuple [f606w, f814w, f125w, f140w, f160w]
#     jwst_bands: !!python/tuple [f115w, f150w, f200w, f277w, f356w, f410m, f444w]
#     near_border_kernelsize: 21
#     reference_band: f200w
#   make_catalog version: 1.4.0
#   photutils version: 1.5.0
# schema: astropy-2.0
label xcentroid ycentroid sky_centroid.ra sky_centroid.dec bbox_xmin bbox_xmax bbox_ymin bbox_ymax area semimajor_sigma semiminor_sigma orientation eccentricity min_value max_value local_background segment_flux segment_fluxerr kron_flux kron_fluxerr kron_radius gini equivalent_radius kron4_2_flux kron4_2_fluxerr kron4_2_mag
[from data line 565]
566 4181.468890953202 2460.282715460351 214.9205093946719 52.91268861531252 4175 4188 2454 2467 154.0 3.372456196743778 2.8223570347208287 43.86013348765476 0.5473791902685841 0.24764043016925452 1.0767188620551935 0.0 85.3160320898091 7.628989 128.55164793005835 16.549831813769945 1.9627631887950265 0.22592310171863522 7.001408606295148 136.44782983793098 26.31963225141122 26.062583418158653
567 2624.8153462188884 2457.501608413475 214.93447701971192 52.92255500464868 2622 2627 2455 2460 28.0 1.454193119380861 1.4271506376974605 79.30851762059125 0.1919546883965383 0.19256096201962045 0.2783607753806332 0.0 6.554756575678657 3.1783435 28.478606393354006 12.676274597645687 3.185653592424122 0.064517382684595 2.985410660720923 31.777107073772903 20.046645092770564 27.644714106641967
568 8967.080895018396 2457.600609740354 214.87772678295389 52.88228553872347 8965 8969 2455 2460 27.0 1.5510929130993305 1.2892740893204853 78.64397245806568 0.555968069113486 0.21588367058844818 0.3088138738009147 0.0 7.063017135028259 3.1996334 35.88721882028397 12.43645431243328 3.2559848574782437 0.058153034211984436 2.9316150714175193 41.957933087753425 19.861831498524523 27.342964784912397
569 6655.34023136021 2458.110844849928 214.89839416079116 52.89696975599461 6654 6657 2457 2459 9.0 0.9634125522588667 0.6970222914602318 -20.348309715943426 0.6903316580916294 0.1727800337770119 0.18601450081767823 0.0 1.6115700713997612 1.7474831 18.788957306963873 7.951897904418629 3.7261767229726583 0.015159561202232217 1.692568750643269 36.66134168770916 12.734149570329215 27.48947911323905
570 4018.0456790797175 2466.123332380369 214.92191090780045 52.913757609085074 4005 4033 2458 2474 385.0 5.727747172905855 3.6687235014486386 6.014556064826794 0.7679433985944144 0.20217090580578898 1.908182643145478 0.0 270.55378406273803 11.970049 365.96499403228967 24.44422523832178 1.9740582039593366 0.32037400183718934 11.070199012698888 390.760760377147 39.25449089349113 24.92022263494772
571 9377.700801880745 2463.9440712963933 214.87398950897025 52.87971160461791 9370 9385 2459 2469 128.0 3.49431931285017 2.4495887595824164 16.364828048518987 0.7131413214556424 0.26194185697280253 0.7317472312621003 0.0 58.48239553329499 7.1396966 129.8797206282704 20.788857716759882 2.568470736821458 0.16252620418961422 6.383076486422923 155.13869708774314 32.76531219254299 25.923199650606204
572 6845.407049579077 2465.223827835932 214.89661908633767 52.89580119383636 6843 6848 2462 2468 36.0 1.7583852518662957 1.5047988788044773 74.50496204572303 0.51733244173258 0.14683650221343197 0.2454321981375908 0.0 7.353321344942557 3.506617 34.57443849598182 13.847025097323636 3.2469713833134723 0.0726710108519032 3.385137501286538 45.789089587651304 22.303637744566096 27.248094978371732
573 7196.194079836604 2464.104258450591 214.89349323246714 52.893567549889504 7194 7198 2462 2466 19.0 1.3009180914486458 1.107751804787565 -46.66139811941498 0.5243295746996213 0.15739269563345082 0.19784676381917296 0.0 3.4507000962536227 2.5335479 22.616772286218126 10.912032184508867 3.4919138986916693 0.04111168715041265 2.4592453796829674 30.39011776758723 17.749310110081662 27.693169042354093
574 6902.132142998401 2471.990482241869 214.8960404549921 52.89547749227029 6896 6908 2465 2477 109.0 3.5818257207932485 2.2983750459075836 40.7880218296511 0.7669750170673884 0.1956375076325148 0.37216475414691197 0.0 31.324535291322277 6.0675664 133.92548452384784 23.684265392512003 3.130174389880317 0.08499355049042086 5.890312181373172 193.72183046000814 37.74940212144919 25.68205358999234
575 7608.425925805286 2472.116175548369 214.88972207421295 52.890992877781294 7603 7614 2465 2479 143.0 3.265594484313679 2.7198867935212374 -76.96968723874662 0.5534358928915092 0.3014506149866542 1.1646127103645951 0.0 88.13815887941095 7.05199 143.96437968696944 16.934637593947386 2.1819478745282765 0.22135462222664834 6.746726148605861 156.97092549122635 27.037412805421585 25.910451952862957
576 8802.8804676299 2500.7001094415477 214.87874103884513 52.88356097396453 8784 8824 2465 2539 2128.0 14.11263846924074 5.432604277257761 -75.13535856496587 0.9229390809419518 0.2184584206192765 13.758083861103822 0.0 4929.897439179492 28.340406 5077.94491563084 34.47187982470953 1.4406678206340193 0.5543199766582604 26.026206750102993 5305.642727288679 54.98201139752405 22.088154995001776
577 9307.846371020221 2465.3805290637683 214.8745987832091 52.88016305907648 9307 9309 2465 2466 5.0 0.7808207857428147 0.44167153054469477 -18.24808555639944 0.824645202986699 0.21181770903354433 0.2558020474612148 0.0 1.1653824515163203 1.1102439 16.989132447733354 5.0901462729920395 3.9404231046708604 0.04635623118870266 1.2615662610100802 31.81005628622177 8.182694198869166 27.643588906076772
578 10103.032002731074 2469.5112572606195 214.8674483007305 52.87513423364191 10094 10111 2466 2473 99.0 3.98303807893654 1.772496267313171 5.9100353600060345 0.8955250394005326 0.197684674069005 0.40948030001580676 0.0 28.680740586302882 6.2210937 75.71678298552854 19.589704470406485 2.6877907621520962 0.11625047360081164 5.613615477764332 84.20905188455586 31.165819434498218 26.586603055923725
579 nan nan nan nan 4476 4482 2467 2472 26.0 nan nan nan nan 0.0 0.0 0.0 0.0 3.0723522 nan nan nan nan 2.876813695875796 nan nan nan
580 2794.430907212191 2475.6524897308855 214.9327668722662 52.92157639468896 2788 2802 2469 2482 129.0 4.364119422116204 2.0875413194232286 -40.294007230860174 0.8781736703568548 0.19575713043036314 0.4848260169169975 0.0 43.32480583807202 7.387185 111.72323916886157 21.973192562670263 2.670213199049779 0.1262641047936747 6.407961869245868 128.34838813322992 35.0602623159242 26.129023952643777
581 3733.469370485047 2474.279217919343 214.9243728011058 52.91560818076334 3729 3738 2471 2478 65.0 2.5102406385301452 1.8591651713486457 -18.655963553607645 0.6719106121623314 0.2409415876021724 0.42058260012443904 0.0 20.715888481020095 4.9784245 58.724833784013306 16.071077610048853 2.7784402218801447 0.09734449095388403 4.54864184146723 65.78593563066416 25.66429834534455 26.854667360603035
582 7449.519150280205 2476.8263646956416 214.8910936349895 52.89202745376975 7445 7454 2471 2482 85.0 2.9172921554076243 1.9968565698347862 61.534505154740955 0.7290224866480352 0.19106179236860943 0.4697724777405402 0.0 26.532141336161 5.5760593 49.987944163726986 13.648426114341465 2.112311594357165 0.1438508450815974 5.201570947860099 44.330402432600934 21.73682273935207 27.28324581536408
583 7677.5376028012315 2474.4039745244945 214.88907993142638 52.89056631253611 7675 7680 2473 2476 19.0 1.4333939891920895 1.028862438235916 -18.45561837119396 0.6962693225792541 0.22182282329881112 0.29623979631227143 0.0 5.067506787863383 2.521246 45.79033874638388 11.468132549416962 3.577971404436737 0.05062001804661312 2.4592453796829674 80.38600805304077 18.51515399204207 26.63704884436556
584 7745.570586454244 2479.1249810715594 214.88842183573132 52.89015972279086 7740 7751 2475 2483 76.0 2.911361377281466 1.848316965191493 22.39826502944744 0.7726243483811011 0.20102717605114323 0.4192614715108473 0.0 22.8386845988208 4.902568 61.83857017940264 15.220035656405786 2.7108080928507783 0.11432102942119456 4.918490759365935 97.77091958193698 24.46480400717187 26.42447575012526
585 9108.559955673789 2477.3561118100715 214.87625412585433 52.881493482918536 9107 9110 2476 2479 11.0 0.9859446980775326 0.8553119849587522 18.740942753487648 0.4974284097167293 0.18111059664772197 0.21363240483832893 0.0 2.169726059645348 2.0296085 12.734228072023905 8.499810592353999 3.402461787462407 0.032630635225649095 1.8712051592547776 11.587232312128528 13.695774815333817 28.74005071447208
586 4284.242733828009 2486.9931235656863 214.91930818386416 52.91218035402106 4278 4291 2478 2496 190.0 4.6930554599347944 2.59923426400655 -61.016425781704356 0.8326185203949058 0.22226086852790713 0.8349175213629353 0.0 85.49344885287778 8.450962 162.8233275440689 22.05120472491257 2.3291647205267867 0.19809034457898675 7.776816725043752 175.07050100174277 35.51109494606033 25.791967563566914
587 10090.802776179198 2479.973603788762 214.86744747145724 52.875268348699485 10089 10092 2479 2481 10.0 0.9645809450088322 0.7717355530426819 -1.0630999196334285 0.5999021252925063 0.1838803345784956 0.21335873381308018 0.0 2.009044003927003 1.8953723 17.461358692161344 8.505690987494168 3.6035687603285393 0.03168852097069288 1.7841241161527712 28.010176218284634 13.84144041151713 27.781710397310242
588 3148.0661243887716 2490.3570975143675 214.92944519935114 52.91941106201648 3145 3152 2483 2499 106.0 4.04555426199264 1.9357953470868612 -87.56382610987644 0.8780878714531175 0.19840677314687385 0.4091096411116786 0.0 32.21298468171255 6.878948 128.81598545133866 23.76903927929182 3.0789081665394615 0.09964329221125327 5.808687281605183 169.17157815766586 37.69283806917247 25.829181498131966
589 9210.988642317676 2484.9316600121015 214.8752587837924 52.88088374666453 9209 9213 2483 2487 23.0 1.43798156076074 1.1884869016355812 46.427516120125006 0.5629416797310087 0.18369176901298997 0.2614155639555934 0.0 5.16962506445748 3.0899935 31.735454017685203 12.109948511568074 3.3445185806812403 0.05844180648562559 2.7057581899030048 55.62963954724059 19.26985324487949 27.03673438516283
590 6537.784364579185 2490.9037915456506 214.8991005833006 52.89789320292169 6533 6543 2485 2497 117.0 3.0340280901948025 2.487471320720212 68.1851007426868 0.572567320147383 0.24403433117013013 0.8410169400169911 0.0 55.56713952980118 6.997436 104.5206600055485 17.755140840685264 2.328532131789929 0.19203865427212627 6.102643417692329 123.81208354654582 29.306610983537762 26.16809241976197
591 9989.0600226757 2485.494831881156 214.8682986009994 52.87594443382226 9987 9991 2485 2486 8.0 1.2421532370250965 0.44846901788579946 -10.999514747071617 0.9325497027523092 0.1648226873395083 0.19011542095655426 0.0 1.4230719661937465 1.6972177 19.0753051289141 8.137087014448229 3.9601704190949443 0.032822066444428685 1.5957691216057308 29.598662729757955 13.360673206713042 27.721819774903864
592 7143.00417750381 2487.697323696872 214.89372062614456 52.894032635030875 7142 7144 2487 2489 7.0 0.7544327511541071 0.6899982888568148 -1.205095744081108 0.4043774945093645 0.1483515884228641 0.1677421249192512 0.0 1.119315954294245 1.5859526 11.420542249353712 7.038301165369644 3.7328969690891673 0.02320672500709176 1.4927053303604616 16.331585913951592 11.239585445690368 28.367429100277832
593 3116.6868179694834 2495.374439770743 214.92967337033036 52.919637337619406 3113 3121 2489 2502 106.0 3.382597085707361 2.193249524421661 86.37399343560652 0.7613064895055472 0.21341145954219487 0.4919390626756161 0.0 36.18708152896249 6.237414 97.73215219215938 20.27038913417168 2.746129530563669 0.12904812065136648 5.808687281605183 141.32235492441583 32.74115113574354 26.02447283578195
594 2555.024756600693 2492.4837021745984 214.93473377832424 52.92318687630639 2553 2557 2491 2494 16.0 1.2159415493501196 0.9894925392838266 -0.27667001938961544 0.5811919040351793 0.1759115525257105 0.20032243785986675 0.0 3.018927994765311 2.7640324 27.102602573235796 11.610100974001758 3.614455286063684 0.02556737151492989 2.256758334191025 40.20073861023511 17.83472856967619 27.389414918818513
595 9346.010735407066 2492.2928146831814 214.873974389592 52.88006581627727 9345 9347 2491 2493 7.0 0.7540471538252267 0.6920383605931264 0.855261014789755 0.3971230749621298 0.18073434714520306 0.19774369430147937 0.0 1.329599558117617 1.5934554 13.934127199163104 6.981000703782455 3.733216299812167 0.020117896311648127 1.4927053303604616 21.35778910211001 11.049419288217933 28.076109265631356
596 1175.8282999825424 2494.5639510531137 214.94706680123636 52.93195164490056 1173 1178 2492 2497 28.0 1.525943304181947 1.3479432687157769 -72.760657448297 0.468712416264598 0.17208087194858412 0.28091643483183254 0.0 6.4934269362212 3.1784143 25.407275920481236 11.997848560530134 3.0775094992121583 0.07406727698769008 2.985410660720923 30.381194655891875 19.261841930767424 27.693487881790332
597 2370.1521789526746 2495.040027501009 214.9363626749131 52.92437411055323 2368 2372 2493 2497 23.0 1.320589786181427 1.3018971319928647 61.55191417883759 0.16765797526906692 0.17782990831621637 0.2622259347460161 0.0 5.158520687929271 2.8861263 27.376822795145806 11.355006917673249 3.226023499561907 0.055819739966346496 2.7057581899030048 38.220431658261305 18.180209507495952 27.444261030922142
598 6012.049594367479 2497.492794830644 214.90373471384663 52.90126708239021 6008 6016 2493 2502 73.0 2.2096715507931863 2.1132881667754604 64.35880204469937 0.29212179141458006 0.5895108812717966 2.002064644328143 0.0 83.06342661085746 4.9523206 151.38701928098715 13.078159335206808 2.310591816800576 0.20269760765103906 4.820437914901168 167.15559861136865 21.014242188132116 25.842197682059258
599 10199.124197886473 2494.542709816393 214.86632612981603 52.87465882554174 10198 10200 2493 2496 8.0 0.9313723177767231 0.6925190340101814 -56.56359601310346 0.668683746328951 0.2717072616301896 0.3199890846935432 0.0 2.3596331862718696 1.6911876 46.80220235515224 8.480841569077057 3.9580661038925293 0.03334790362655954 1.5957691216057308 95.84276546768405 13.663309798503855 26.446101658869914
600 1547.3828872739443 2498.2037467766954 214.94369958012504 52.929613231421165 1542 1552 2494 2502 69.0 2.918875906439382 1.7652669367077776 -38.05681289114368 0.7963954050023161 0.18705363672226794 0.3040530912212526 0.0 16.785243777855186 5.3309817 100.30710715398578 21.03645703260888 3.386180841532659 0.0757599764165698 4.686510657907603 175.5467383489339 33.73744182952996 25.789018088242504
601 1628.7520807440335 2496.3258676784058 214.94299038251918 52.92908666825002 1627 1631 2494 2498 19.0 1.2375701945198267 1.1504777933922445 -6.0053835509966005 0.3685036684487564 0.14202455772403266 0.2045178989026806 0.0 3.304469604037695 2.627828 12.940505440991346 9.97024106017431 3.0354800008823393 0.06613511038707245 2.4592453796829674 14.281701670711909 15.964813801553314 28.513050107770265
602 9000.195681793524 2497.406043731752 214.87701178517506 52.88228993776209 8999 9001 2495 2500 14.0 1.477211076267597 0.767819151523214 -85.87724998365249 0.854302468539349 0.22582646890109673 0.2670528589898621 0.0 3.5717838522386662 2.2662826 38.02115782151246 10.71226495797194 3.6845223860797103 0.02322104303855729 2.111004122822376 53.151278944527455 17.076033404450136 27.08621570217587
603 7565.362024242523 2502.993990126204 214.8897821755176 52.89143296899485 7559 7570 2496 2510 89.0 4.150295347944267 1.5724994338219638 55.20375327819979 0.9254423039986521 0.17625088630365812 0.34593219522114016 0.0 23.71812663575476 5.687615 69.33428985104558 18.582357879599837 2.769206563504136 0.09086267822130353 5.322553886092406 56.11753518802774 29.688223544677683 27.02725353110788
604 9221.973709370115 2500.426744476528 214.8749974983661 52.88089755748403 9219 9225 2498 2503 28.0 2.0561443029998765 1.036737795772435 39.79027458599687 0.8635784423932237 0.16937917597032284 0.23079904980733634 0.0 5.785585341584101 3.2232857 48.47622352706117 14.0783695957072 3.526451454285849 0.046096381338384014 2.985410660720923 93.92681352961286 22.76814378817898 26.468026027171955
605 10126.214826166133 2501.5501393615277 214.86690391907538 52.875159773266624 10123 10129 2499 2504 34.0 1.7757100997654562 1.4328070009190543 -26.84768051627247 0.5906984336702813 0.19773208307333914 0.28144835164217735 0.0 8.168615136753758 3.8236513 40.11159095832865 14.157903575155732 3.2195521551054824 0.058584186683068085 3.2897623212397704 57.54387951509068 22.692858775279856 27.000002155071474
