outputs/dr0.5_c0.1/nircam2_matched_f115w_f277w_dr0.5_c0.1.ecsv
# %ECSV 1.0
# ---
# datatype:
# - {name: label, datatype: int64}
# - {name: xcentroid, datatype: float64}
# - {name: ycentroid, datatype: float64}
# - {name: sky_centroid.ra, unit: deg, datatype: float64}
# - {name: sky_centroid.dec, unit: deg, datatype: float64}
# - {name: bbox_xmin, datatype: int64}
# - {name: bbox_xmax, datatype: int64}
# - {name: bbox_ymin, datatype: int64}
# - {name: bbox_ymax, datatype: int64}
# - {name: area, unit: pix2, datatype: float64}
# - {name: semimajor_sigma, unit: pix, datatype: float64}
# - {name: semiminor_sigma, unit: pix, datatype: float64}
# - {name: orientation, unit: deg, datatype: float64}
# - {name: eccentricity, datatype: float64}
# - {name: min_value, datatype: float64}
# - {name: max_value, datatype: float64}
# - {name: local_background, datatype: float64}
# - {name: segment_flux, datatype: float64}
# - {name: segment_fluxerr, datatype: float32}
# - {name: kron_flux, datatype: float64}
# - {name: kron_fluxerr, datatype: float64}
# - {name: kron_radius, unit: pix, datatype: float64}
# - {name: gini, datatype: float64}
# - {name: equivalent_radius, unit: pix, datatype: float64}
# - {name: kron4_2_flux, datatype: float64}
# - {name: kron4_2_fluxerr, datatype: float64}
# - {name: kron4_2_mag, datatype: float64}
# meta:
#   PHOTMJSR: 2.962800025939941
#   PIXAR_SR: 2.11539874851881e-14
#   __serialized_columns__:
#     area:
#       __class__: astropy.units.quantity.Quantity
#       unit: !astropy.units.Unit {unit: pix2}
#       value: !astropy.table.SerializedColumn {name: area}
#     eccentricity:
#       __class__: astropy.units.quantity.Quantity
#       unit: !astropy.units.Unit {unit: ''}
#       value: !astropy.table.SerializedColumn {name: eccentricity}
#     equivalent_radius:
#       __class__: astropy.units.quantity.Quantity
#       unit: !astropy.units.Unit {unit: pix}
#       value: !astropy.table.SerializedColumn {name: equivalent_radius}
#     kron_radius:
#       __class__: astropy.units.quantity.Quantity
#       unit: !astropy.units.Unit {unit: pix}
#       value: !astropy.table.SerializedColumn {name: kron_radius}
#     orientation:
#       __class__: astropy.units.quantity.Quantity
#       unit: &id001 !astropy.units.Unit {unit: deg}
#       value: !astropy.table.SerializedColumn {name: orientation}
#     semimajor_sigma:
#       __class__: astropy.units.quantity.Quantity
#       unit: !astropy.units.Unit {unit: pix}
#       value: !astropy.table.SerializedColumn {name: semimajor_sigma}
#     semiminor_sigma:
#       __class__: astropy.units.quantity.Quantity
#       unit: !astropy.units.Unit {unit: pix}
#       value: !astropy.table.SerializedColumn {name: semiminor_sigma}
#     sky_centroid:
#       __class__: astropy.coordinates.sky_coordinate.SkyCoord
#       dec: !astropy.table.SerializedColumn
#         __class__: astropy.coordinates.angles.Latitude
#         unit: *id001
#         value: !astropy.table.SerializedColumn {name: sky_centroid.dec}
#       frame: icrs
#       ra: !astropy.table.SerializedColumn
#         __class__: astropy.coordinates.angles.Longitude
#         unit: *id001
#         value: !astropy.table.SerializedColumn {name: sky_centroid.ra}
#         wrap_angle: !astropy.coordinates.Angle
#           unit: *id001
#           value: 360.0
#       representation_type: spherical
#   astropy version: '5.1'
#   kernelfile: kernel_f115w_f277w.fits
#   make_catalog parameters:
#     ab_zpt: 31.4
#     coadd_bands: !!python/tuple [f277w, f356w]
#     deblend_contrast: 0.001
#     deblend_nlevels: 32
#     deblend_npixels: 1
#     detect_kernel_fwhm: 4.0
#     detect_kernel_npix: 7
#     detect_npixels: 4
#     detect_threshold_nsigma: 3.0
#     flag_isolated_buffer: 4
#     hst_bands: !!python/tuple [f606w, f814w, f125w, f140w, f160w]
#     jwst_bands: !!python/tuple [f115w, f150w, f200w, f277w, f356w, f410m, f444w]
#     near_border_kernelsize: 21
#     reference_band: f200w
#   make_catalog version: 1.4.0
#   photutils version: 1.5.0
# schema: astropy-2.0
label xcentroid ycentroid sky_centroid.ra sky_centroid.dec bbox_xmin bbox_xmax bbox_ymin bbox_ymax area semimajor_sigma semiminor_sigma orientation eccentricity min_value max_value local_background segment_flux segment_fluxerr kron_flux kron_fluxerr kron_radius gini equivalent_radius kron4_2_flux kron4_2_fluxerr kron4_2_mag
[from data line 3121]
3122 4452.048480818113 5359.184051944503 214.88755848987356 52.92661558837829 4449 4455 5357 5361 30.0 1.6710790446114108 1.2010997409945774 -10.238074490738494 0.6952613839747832 0.18759440463223995 0.5630566460549699 0.0 10.988787285759019 1.366184 21.866546645041485 3.644876661042276 2.3788245246524156 0.16560900584136232 3.0901936161855166 26.516348856071627 5.76193923232572 27.841215689810742
3123 2780.635985316785 5360.922199867446 214.9025030817869 52.93723891479779 2779 2782 5359 5363 14.0 1.0972326899796312 0.95062860756997 -46.40939067581818 0.49937243173916807 0.1721504754159402 0.3220607074378139 0.0 3.4292581346548388 0.92721015 17.28066495824344 3.760061727959065 3.289351874685616 0.11209126726390935 2.111004122822376 16.747541576710226 5.961641371867029 28.34012233843785
3124 3834.5640856630557 5364.446416492132 214.89303007192342 52.9305654057186 3824 3843 5359 5369 148.0 4.7586084841220755 1.879614662836633 -20.727539615542874 0.918684344456341 0.08539521860905994 1.0912538706729857 0.0 65.65089214266229 3.0697637 97.60857583164318 6.475461756992902 1.9562320187521536 0.2874160566537393 6.863662517577698 106.98357704169086 10.337618949056157 26.326707213440866
3125 2846.424512418502 5370.657289872211 214.90181142233828 52.93687371181298 2838 2854 5363 5379 222.0 3.9711585999758348 2.3739906426529873 -46.205710877662014 0.801639268099094 0.04299271405520939 2.298730926634064 0.0 127.6929078191954 3.786816 146.86191340834017 5.63187283987398 1.649701641423534 0.4779936491130095 8.406235467365967 152.87204668210813 8.937913675119702 25.939179799902277
3126 1951.3836688133003 5367.560664270635 214.9098595320572 52.94254003360073 1949 1954 5365 5370 31.0 1.4568254299955257 1.2600775288940185 50.308203020312504 0.5018623358014871 0.20344126028844536 1.0754306224660626 0.0 17.643621095143356 1.4503864 35.76159591632849 4.030405971336746 2.5821867757630685 0.26290178905586137 3.141274657157109 46.01737866854401 6.4356532189190965 27.24269531022508
3127 9622.256819632945 5368.334927817363 214.8412234498854 52.89382068787616 9619 9628 5366 5374 73.0 1.122080021747951 0.7828145053217117 26.295135785648533 0.7164427574674993 -0.107350491789271 0.060888689339603494 0.0 -2.75434180835847 2.2569735 0.012404503732406931 1.5235419058909898 1.4 -0.4001539839303543 4.820437914901168 -2.5540689235684937 2.423743347711777 nan
3128 8606.227376069111 5387.505959040292 214.85010262854448 52.900379912844656 8582 8631 5368 5411 1497.0 10.490140855397554 6.90321111628967 24.241970565078027 0.7529597441461778 0.08627019076484083 5.982717900862421 0.0 999.8050234345047 10.201062 1207.1059612030044 17.39300457341824 1.7925231015967782 0.45541307058373565 21.829106706806275 1263.3278819453903 27.468378028108734 23.64620979693071
3129 3095.539008888597 5373.24557796017 214.89955359738326 52.9353058378572 3091 3100 5370 5377 63.0 2.39889948268218 1.715996518212948 -25.115787362847165 0.6987903193970946 0.13977477632784896 0.5343058187440114 0.0 19.749460133219955 2.0968637 43.360272720520314 5.9881791878375035 2.575315818092151 0.19262344001122325 4.478115991081385 44.92870390313197 9.609967875504296 27.268690274229474
3130 982.0764345449433 5375.351840565199 214.91846038369383 52.9487360650331 977 988 5372 5378 62.0 2.729633004138584 1.5671729853879868 6.849082410483459 0.818761898225224 0.2241737033511049 0.667871963803743 0.0 24.3842538693 2.131768 79.21930353759507 7.20402870375243 2.953660020089752 0.16027321395402797 4.442433223290478 170.26789972352822 11.395371551609365 25.82216805253902
3131 1435.5097977632254 5377.881689832995 214.91437161903224 52.945871022693474 1429 1441 5374 5382 92.0 2.8872375998543744 1.7870493284898412 -9.585295655871892 0.7854321323975074 -0.026574815124817682 0.26788173387054753 0.0 9.278997886804461 2.6244645 16.684638717053318 6.843077996702559 2.462413887511466 0.350971424577356 5.4115163798060095 35.66489001335612 10.918822517273759 27.51939777739551
3132 3459.496081840885 5376.815695605208 214.89625742842412 52.93301395104556 3458 3461 5375 5378 11.0 1.0883100899971345 0.7375590185810015 40.280736056581766 0.735328955847157 0.447131720584565 0.6510702415488739 0.0 5.849536258082319 0.91024256 27.381673465723853 3.2634650113653656 3.242072340692813 0.07785886279691133 1.8712051592547776 35.68387571064602 5.209385599056339 27.51881995494273
3133 7036.778369028361 5381.137479087424 214.86420250164306 52.910316503731984 7035 7038 5379 5383 17.0 1.221329587886177 0.9112654282529294 -73.36258033559685 0.6658050747571991 0.11036444799017729 0.41802086889502416 0.0 4.587926465551986 1.0285386 12.06064720350437 3.281173940499852 2.774891396028368 0.2140126323789461 2.326213245840639 14.225157182144583 5.2535933336993015 28.517357315326795
3134 8966.232669184696 5388.571739905182 214.84687342571866 52.898098259354974 8960 8974 5380 5397 206.0 3.6158262113573474 2.4490050521199516 -84.92229755799417 0.7357054284897797 0.04580333733751418 2.9559481921113373 0.0 152.85997425791135 3.78009 173.28175545606035 5.584308006498381 1.6287285117645849 0.47633615734547874 8.097643889049511 183.87637000536523 8.911708330571145 25.738685196149763
3135 282.75468728359624 5384.325563038548 214.9246318020914 52.95322399995957 279 287 5381 5387 48.0 2.107967129675315 1.6332940542442256 12.668364027796107 0.6321825132508101 0.15364964296323497 0.39489415091081176 0.0 13.326112540673737 1.86237 63.448752208086695 7.13021809609717 3.2479826630404856 0.12973371214918264 3.9088200952233594 109.80964581067218 11.443744811813003 26.298398773158482
3136 682.3578287798845 5385.750773664596 214.92103615697624 52.95069493997319 676 689 5381 5390 99.0 3.016240494232018 1.9849235882528613 17.824616447420066 0.7529491615727747 0.12733415299965906 0.8209729967185877 0.0 37.87422176899433 2.7023406 87.83358564402319 8.004063595172793 2.7546607882054266 0.2589881085365731 5.613615477764332 156.36336354564108 12.776468378403067 25.914662489984227
3137 1006.9078813425548 5386.454634137186 214.91812093136127 52.94863835636621 1005 1009 5385 5388 15.0 1.1034525660268206 0.9977131784043005 7.216495295398334 0.42716423389950464 0.35420499800177224 0.5597951726378628 0.0 6.771967587104084 1.0704756 28.440846162271384 3.8371724508799923 3.1087050290910287 0.08759181585683674 2.1850968611841584 41.464688784294616 6.111295021867278 27.355803974731685
3138 8516.763879143156 5386.555468549626 214.85091237972205 52.900943206843806 8515 8519 5385 5388 17.0 1.215305117398808 0.9843201299848677 19.34380426223417 0.5865173970260465 0.2778223068704296 0.6002279713250622 0.0 7.636503236957457 1.0695351 26.63718357513558 3.6762124074572533 2.98873829313978 0.13657787074699757 2.326213245840639 33.756400958713265 5.847981980653217 27.579109658010825
3139 9581.317844138988 5393.137639269455 214.8413280616075 52.89421454801395 9577 9588 5387 5398 98.0 3.1156194498164345 1.9164156786665143 -39.870604722887435 0.7884495662140848 0.04436281921885609 0.44749521397789593 0.0 22.90919882105292 2.565468 49.11363143343287 7.08415011699049 2.5208734521004748 0.3055569996272215 5.585191925620057 27.679281654364132 11.320645140009201 27.794612962705283
3140 1175.9639352198524 5388.502774258841 214.916584801429 52.94757614338858 1175 1177 5388 5389 6.0 0.832580340071578 0.4960982305531283 -5.3445743276688615 0.8030910811002793 0.1868916633334569 0.26470933835377675 0.0 1.3057875294242913 0.6602739 19.029561573061095 3.0456777011157854 4.004244070929922 0.07934535628154318 1.381976597885342 29.948453005687 4.888556803492702 27.70906401569466
3141 2796.6640406922565 5391.221387576965 214.9020403364657 52.93730065733934 2794 2799 5388 5395 34.0 1.8159006666234307 1.2484461213888547 70.63089108325386 0.7261768629946375 0.12491727599110958 0.5045972357399863 0.0 10.665681663011272 1.4610946 20.568431892186723 3.7173404980529243 2.2772532457090704 0.18186341442573561 3.2897623212397704 18.716411156861206 5.945544420115909 28.219443557289793
3142 7896.655941468056 5401.666132664408 214.85629710636977 52.90496449043612 7885 7909 5392 5410 401.0 4.219404286645721 2.9344651822479797 2.5780041360026043 0.7185560314588091 0.033656481484687036 10.923145715462352 0.0 542.7878320470594 5.4547796 553.1133469865639 5.982546989293573 1.4234479259584674 0.623342621476125 11.297887606083718 581.9597727052981 9.250276897448671 24.487767586038125
3143 3443.6197707313286 5395.038151056935 214.89620758199797 52.9332131006637 3442 3445 5394 5396 12.0 1.0566029193575714 0.8024928077716768 -0.8601912162484058 0.6505041079854259 0.20593049249215928 0.4115774948009763 0.0 3.850015792946204 0.86767524 15.073275506141945 3.139548095903071 3.0551900476613145 0.10566613220729427 1.9544100476116797 26.227806487477444 5.05381138304447 27.85309507320188
3144 6946.379030736645 5406.427985160745 214.8647445691483 52.91102717547862 6934 6959 5395 5418 418.0 6.301770994299294 4.436616132804308 44.98204152973576 0.7101733315915805 0.3750404877429461 1.279700401448341 0.0 310.3739467664255 5.2837224 694.7323506307063 15.101180973223162 2.557883615803724 0.16794738142300575 11.534883286137944 711.0266255228403 24.026119115802892 24.270285340295338
3145 3928.0907527796967 5398.540552991988 214.89183367306765 52.93015543352004 3927 3929 5397 5400 11.0 1.0480306577546397 0.7430647732729249 -75.17119169467423 0.7051978919259569 0.24109886775052355 0.42009242737977887 0.0 3.535919149114321 0.8202353 12.67821096771263 2.8705814960676665 2.964473165850265 0.09496645935473572 1.8712051592547776 18.738337110991456 4.576583853841848 28.21817238041405
3146 3972.880002459902 5409.655611098278 214.89131564822392 52.92993097176738 3965 3981 5398 5420 292.0 4.154219559539361 2.6412880395175535 -67.04871500835502 0.7718468578219516 0.05436347046043205 3.6745250913935155 0.0 167.16829251693605 4.2788143 188.78636697716257 6.3119009170516716 1.7403370233424535 0.540335779860049 9.640875829802336 210.4850571152409 10.064799637664741 25.59194682608796
3147 2354.0064515311387 5405.661174089907 214.9058521837571 52.940189291013084 2349 2363 5399 5413 171.0 3.0175763827254523 2.51716799207982 10.67054196379385 0.5515092530813394 -1.5403246888169442 14.632618446734377 0.0 180.5706528368732 9539392.0 230.59692440830173 19840020.62307045 2.0965004951115733 0.6183085939065056 7.377736139048903 287.2476060568472 30736402.33934022 25.254358955168676
3148 4086.751125800805 5399.945991549947 214.89039866432333 52.92915543130333 4085 4088 5399 5401 11.0 1.0364232174860821 0.7594871316616644 14.772926949122638 0.6804480410222665 0.210229794592024 0.3667503893706014 0.0 3.344863739399705 0.79377276 14.717145902108754 2.9337144235188357 3.1236720577471715 0.08903975534080298 1.8712051592547776 21.095284451096738 4.667561157375597 28.08953653542215
3149 3120.4669563059592 5414.9314919691105 214.89889121627112 52.93537250253128 3108 3132 5400 5428 539.0 5.3217249378185345 3.5804432564542954 -58.98465948556353 0.7398266812428194 0.04881510066406622 6.509242602490857 0.0 525.793287241291 6.2062206 544.9961998061199 7.186813418193193 1.4 0.5757330370403198 13.098436114783443 562.6231686096946 11.283282386504451 24.524455969299396
3150 3625.6101033207487 5403.064174524574 214.89449376516174 52.93210072383454 3623 3628 5400 5406 30.0 1.4034585936249702 1.2978185396401836 -87.35336463085117 0.38062672151143934 0.17793326919628932 0.9041220646048539 0.0 13.960070615747515 1.385993 24.085738574203504 3.5523860705360826 2.363299169404645 0.24794809087804162 3.0901936161855166 25.083119323581734 5.563841522871157 27.90154613962123
3151 8076.957155099474 5406.285143757295 214.85463641838174 52.90384389657502 8070 8082 5402 5410 90.0 2.7104421048931537 1.9418168064202037 -9.533444157333994 0.6976685410192772 -0.0011307595299851578 0.6775934264629726 0.0 22.31171572099714 4.315703 29.17029741326428 8.925222405553988 1.9488489020564308 0.328686178329583 5.352372348458314 28.992306170606007 14.477894400408665 27.744293094129457
3152 164.3095467919939 5408.066324537102 214.92544305202492 52.95410406178321 159 170 5403 5413 98.0 2.5484002205814043 2.064793386570489 52.33599966350019 0.5861103916908421 0.03436661699640131 0.8341535996763932 0.0 27.870584846700527 2.740734 44.37119200256667 6.096478054645605 2.1658095493406986 0.34688425916883225 5.585191925620057 47.101865324219574 9.742747299562694 27.217404734089936
3153 1064.3370144590074 5412.125882720715 214.91733593799 52.9484123392702 1053 1075 5403 5422 331.0 4.174943228784749 3.4039170890390977 28.115631128987282 0.5790098182984355 0.016634397563081774 3.105095531492462 0.0 245.65162431758995 4.966188 276.0131020663775 7.50121221280735 1.6743384206478198 0.4851685033688564 10.264529815185629 298.7772324662449 11.859344523787485 25.211631249663384
3154 1417.8819540923664 5406.7825411418 214.9142250198733 52.94613893957328 1415 1421 5403 5412 57.0 2.5745485856158337 1.4627500476041773 76.79563755882432 0.8229195778885605 0.07089465100688246 0.5302190433215732 0.0 15.678513973002088 2.1004436 25.118285295526434 5.250205586490547 2.2191182913787757 0.2391021343108746 4.259537945889915 33.01745332953361 8.372950388539365 27.60314106841469
3155 6400.912076630282 5412.329189758295 214.86956117972827 52.914524022956044 6392 6409 5404 5421 260.0 3.2949209795564345 3.2327422663366403 2.8665575840125386 0.19335469958295676 0.04139308433414264 3.4397918861952577 0.0 171.2915891858791 4.4421544 202.2576464335286 6.810346064309018 1.7367455791966628 0.4944548348779139 9.09728368293446 213.46670685513087 10.723615140251624 25.576674624274066
3156 8584.313893138304 5406.473662528358 214.85009872529326 52.90062142022242 8580 8587 5404 5408 26.0 2.184461869424833 1.0438526355272766 -18.7385287143248 0.8784395725292359 0.2537995901745263 0.35428046223405124 0.0 8.078338789429798 1.3389057 65.65997654584247 6.110818605755587 3.5116248003929647 0.05343720625130118 2.876813695875796 83.4068602619474 9.668516221011028 26.596995567309214
3157 1251.232648148391 5406.638050154893 214.91571942267845 52.94719617910626 1249 1253 5405 5409 18.0 1.2098811663985134 1.058709940814932 -59.39119658757335 0.4840274181645507 0.17611002482177543 0.44412913805900844 0.0 6.005733765579041 1.1930285 25.680804258835014 4.281195840720001 3.124706370171399 0.1458434212328201 2.393653682408596 42.23354109447514 6.82496322843616 27.335856258472035
3158 119.22931280254541 5420.2658050091295 214.9257184862553 52.95445609235573 109 127 5406 5424 244.0 3.6030198778287628 2.760320521752182 -64.91468895470543 0.6427058469492847 -0.175627479754819 0.13917166847617524 0.0 -5.3723490102380165 6.066263 -12.12831060873954 7.483961259224999 1.4 -0.4301670829375177 8.812923024107548 -40.3810718905862 12.343067100140734 nan
3159 3081.5130215482045 5406.5524102114805 214.8993282726829 52.935574641841484 3081 3082 5406 5407 4.0 0.5002238757578303 0.4968497591191577 -19.998541493645064 0.11595226731796889 0.18516582053988098 0.2410281580274091 0.0 0.853749582109177 0.5211812 8.072256641416807 2.267240433344891 3.948206444701 0.07856131411002802 1.1283791670955126 8.880985266679271 3.6197901565857475 29.028847126053073
3160 7165.376548663671 5417.9791859542065 214.8626643473584 52.90969826040997 7161 7169 5411 5423 74.0 2.8937094259035105 1.910850227253437 -63.00477517096927 0.7509612527026723 0.13012815136756392 0.4158365769993823 0.0 19.537870221108108 2.2382963 68.12723068685504 8.054623000923453 2.960291997276241 0.1578885890500574 4.853342309955121 93.5126954164854 12.72594586102142 26.472823561721256
3161 3420.102757373582 5417.019423625163 214.89618653909622 52.93348105353558 3415 3425 5412 5422 95.0 2.19596967896756 2.081707627505811 -76.27277169769863 0.31836746485510414 0.17792078746133985 2.448191202231461 0.0 73.86220834787981 2.6157343 93.42348750758082 4.889124713760038 1.9981858987526897 0.4009199562551841 5.499039842323396 104.13757166035764 7.749573328645159 26.35598138417537
