outputs/dr0.5_c0.1/nircam2_f814w_dr0.5_c0.1.ecsv
# %ECSV 1.0
# ---
# datatype:
# - {name: label, datatype: int64}
# - {name: xcentroid, datatype: float64}
# - {name: ycentroid, datatype: float64}
# - {name: sky_centroid.ra, unit: deg, datatype: float64}
# - {name: sky_centroid.dec, unit: deg, datatype: float64}
# - {name: bbox_xmin, datatype: int64}
# - {name: bbox_xmax, datatype: int64}
# - {name: bbox_ymin, datatype: int64}
# - {name: bbox_ymax, datatype: int64}
# - {name: area, unit: pix2, datatype: float64}
# - {name: semimajor_sigma, unit: pix, datatype: float64}
# - {name: semiminor_sigma, unit: pix, datatype: float64}
# - {name: orientation, unit: deg, datatype: float64}
# - {name: eccentricity, datatype: float64}
# - {name: min_value, datatype: float64}
# - {name: max_value, datatype: float64}
# - {name: local_background, datatype: float64}
# - {name: segment_flux, datatype: float64}
# - {name: segment_fluxerr, datatype: float32}
# - {name: kron_flux, datatype: float64}
# - {name: kron_fluxerr, datatype: float64}
# - {name: kron_radius, unit: pix, datatype: float64}
# - {name: gini, datatype: float64}
# - {name: equivalent_radius, unit: pix, datatype: float64}
# - {name: kron4_2_flux, datatype: float64}
# - {name: kron4_2_fluxerr, datatype: float64}
# - {name: radius_kron20, unit: pix, datatype: float64}
# - {name: radius_kron50, unit: pix, datatype: float64}
# - {name: radius_kron80, unit: pix, datatype: float64}
# - {name: near_border, datatype: bool}
# meta:
#   PHOTMJSR: 0.3925000131130219
#   PIXAR_SR: 2.11539874851881e-14
#   __serialized_columns__:
#     area:
#       __class__: astropy.units.quantity.Quantity
#       unit: !astropy.units.Unit {unit: pix2}
#       value: !astropy.table.SerializedColumn {name: area}
#     eccentricity:
#       __class__: astropy.units.quantity.Quantity
#       unit: !astropy.units.Unit {unit: ''}
#       value: !astropy.table.SerializedColumn {name: eccentricity}
#     equivalent_radius:
#       __class__: astropy.units.quantity.Quantity
#       unit: !astropy.units.Unit {unit: pix}
#       value: !astropy.table.SerializedColumn {name: equivalent_radius}
#     kron_radius:
#       __class__: astropy.units.quantity.Quantity
#       unit: &id001 !astropy.units.Unit {unit: pix}
#       value: !astropy.table.SerializedColumn {name: kron_radius}
#     orientation:
#       __class__: astropy.units.quantity.Quantity
#       unit: &id002 !astropy.units.Unit {unit: deg}
#       value: !astropy.table.SerializedColumn {name: orientation}
#     radius_kron20:
#       __class__: astropy.units.quantity.Quantity
#       unit: *id001
#       value: !astropy.table.SerializedColumn {name: radius_kron20}
#     radius_kron50:
#       __class__: astropy.units.quantity.Quantity
#       unit: *id001
#       value: !astropy.table.SerializedColumn {name: radius_kron50}
#     radius_kron80:
#       __class__: astropy.units.quantity.Quantity
#       unit: *id001
#       value: !astropy.table.SerializedColumn {name: radius_kron80}
#     semimajor_sigma:
#       __class__: astropy.units.quantity.Quantity
#       unit: !astropy.units.Unit {unit: pix}
#       value: !astropy.table.SerializedColumn {name: semimajor_sigma}
#     semiminor_sigma:
#       __class__: astropy.units.quantity.Quantity
#       unit: !astropy.units.Unit {unit: pix}
#       value: !astropy.table.SerializedColumn {name: semiminor_sigma}
#     sky_centroid:
#       __class__: astropy.coordinates.sky_coordinate.SkyCoord
#       dec: !astropy.table.SerializedColumn
#         __class__: astropy.coordinates.angles.Latitude
#         unit: *id002
#         value: !astropy.table.SerializedColumn {name: sky_centroid.dec}
#       frame: icrs
#       ra: !astropy.table.SerializedColumn
#         __class__: astropy.coordinates.angles.Longitude
#         unit: *id002
#         value: !astropy.table.SerializedColumn {name: sky_centroid.ra}
#         wrap_angle: !astropy.coordinates.Angle
#           unit: *id002
#           value: 360.0
#       representation_type: spherical
#   astropy version: '5.1'
#   make_catalog parameters:
#     ab_zpt: 31.4
#     coadd_bands: !!python/tuple [f277w, f356w]
#     deblend_contrast: 0.001
#     deblend_nlevels: 32
#     deblend_npixels: 1
#     detect_kernel_fwhm: 4.0
#     detect_kernel_npix: 7
#     detect_npixels: 4
#     detect_threshold_nsigma: 3.0
#     flag_isolated_buffer: 4
#     hst_bands: !!python/tuple [f606w, f814w, f125w, f140w, f160w]
#     jwst_bands: !!python/tuple [f115w, f150w, f200w, f277w, f356w, f410m, f444w]
#     near_border_kernelsize: 21
#     reference_band: f200w
#   make_catalog version: 1.4.0
#   photutils version: 1.5.0
# schema: astropy-2.0
label xcentroid ycentroid sky_centroid.ra sky_centroid.dec bbox_xmin bbox_xmax bbox_ymin bbox_ymax area semimajor_sigma semiminor_sigma orientation eccentricity min_value max_value local_background segment_flux segment_fluxerr kron_flux kron_fluxerr kron_radius gini equivalent_radius kron4_2_flux kron4_2_fluxerr radius_kron20 radius_kron50 radius_kron80 near_border
[from data line 3404]
3405 2536.9601903476014 5676.393937768352 214.9013612694141 52.94048870430995 2531 2543 5668 5684 155.0 3.173854690640959 2.179298286505157 -74.34820147929449 0.7269967960063395 -0.40062004219244246 1.183262970140683 0.0 39.91340719174364 4.12091 65.08196711553967 9.214633542289121 2.4021747928091863 0.5226247833700752 7.024103669400641 48.419631495816766 14.812487900152274 2.2488212458319596 4.714971116501689 10.42135529634413 False
3406 6662.429108976679 5677.346274535443 214.8644301969754 52.91429216247841 6653 6670 5668 5686 235.0 4.445551953358055 2.436548472113985 -54.79744130414432 0.8364214417158151 -0.3842884273151352 2.2704136074503967 0.0 122.41528465407576 5.469253 125.35846620316374 7.16947846415242 1.4 0.49441106084427716 8.6488625410045 121.84230833420054 11.352486837300395 2.5744375945987947 4.379256187131592 6.660955006774929 False
3407 328.6655140029808 5676.6531469243855 214.9211400947395 52.9545106937597 315 340 5670 5687 305.0 7.751393288102162 2.987240368081417 18.618769301004995 0.9227575077376314 -0.4814249219789826 0.9640687165013496 0.0 49.11064766561877 8.247646 92.0867096494591 18.665907586796706 1.843511643114084 0.5060410659505302 9.853147481188747 86.05013645795401 30.270824748046028 5.664077839188078 11.138854894341893 17.698846370778263 False
3408 8568.706200452492 5677.120741256833 214.84738734050023 52.90217991852383 8559 8576 5670 5684 205.0 3.9424093427095364 2.8969767254251275 -4.516366040642927 0.6782579099731578 -0.5809383716159526 0.9439226961384662 0.0 47.671295243563094 6.056473 81.04629472238638 15.57404308251227 2.4467747159448017 0.445763228106408 8.07796550300118 119.76686438782066 25.015215777501613 3.2869765900322165 6.102135903377284 13.798766171325834 False
3409 7086.83282783931 5680.711622494356 214.86059905769983 52.91161418696497 7071 7103 5671 5691 545.0 7.495398716613799 4.43517247369152 13.954911209154057 0.8061440368412697 -0.3971125402886188 1.1755560129576235 0.0 126.73270565340619 7.4128804 195.61637046261927 18.588567520227123 2.2952854540014416 0.43249330644937056 13.171138446245484 225.89672027254338 29.78770457423623 5.167098991567364 10.876707203700269 24.322077043490356 False
3410 7507.561511148779 5695.966320234528 214.8566760048359 52.90902355172312 7495 7521 5671 5719 942.0 8.863165829417264 5.2418797854599655 -74.98164930050211 0.806361507201056 -0.5425872269494278 1.8546905138491065 0.0 121.41540050675812 11.695085 134.19756735619407 17.343304459627927 1.5155350107819967 0.5903028153062245 17.31611713939158 158.50204426175858 27.39661101273637 3.0403144389646495 6.409603286090025 11.743490452005313 False
3411 2355.4089288619616 5673.353915319317 214.90301912616042 52.94162510198381 2353 2357 5672 5676 23.0 1.2265096319096926 1.054717435278279 42.171729943963136 0.5104051071019933 -0.01124980569667659 0.7687299331501276 0.0 7.7195114195336485 1.5057963 36.70453225726688 5.720962186494351 3.4379730522851077 0.42818781499293707 2.7057581899030048 34.91455068922632 9.184952909665048 2.267231928443682 4.97105708298272 7.15252271668072 False
3412 8943.482890876292 5675.115375347552 214.84405846814033 52.89978777391521 8942 8945 5673 5679 16.0 2.2124441329782902 0.7701740235836891 86.94002040931198 0.9374536775478224 -0.14961760562333887 0.32588930386726994 0.0 1.7610827582547877 1.4901574 17.107693522106047 8.951170508530765 4.090225247695906 0.45878249941284455 2.256758334191025 27.45215730862799 14.389120479736016 5.306227344728329 6.827645565973056 10.010148167634924 False
3413 535.9138769590008 5678.46317865202 214.91926397924968 52.9532047734197 533 539 5675 5682 38.0 2.0530576434097796 1.4719705767107791 -65.49536383271816 0.6971091138080524 -0.004215233834321361 1.393846718813269 0.0 28.971071299535648 3.0276556 440.14760562719704 14.750818913574886 3.704996222578134 0.26321978465906276 3.477898169151024 956.192339303242 22.83889176683655 6.2953934040488475 11.025339082885557 14.370163487016827 False
3414 7054.756461702821 5680.646669173188 214.86088660281615 52.91181761369722 7051 7058 5676 5685 57.0 2.154061057619951 1.5456848745684606 -70.12980019282057 0.6964886494558017 -0.1926139922960356 0.5431104302105318 0.0 10.259519581600278 2.3822947 41.775204158393166 8.655339649061471 3.3837571926704126 0.35741179003583246 4.259537945889915 70.69682774674014 13.830312334877133 3.267856762941807 7.357274189374589 12.980643225808803 False
3415 9316.193372665259 5678.61790194399 214.8406904105192 52.897438360126216 9313 9319 5676 5681 32.0 1.5899483128906238 1.3683899203911536 -9.500830736819642 0.5091960308569283 -0.3952400425658846 0.34781506386541255 0.0 2.3788044164094915 2.1745954 52.199492764079714 8.800329974029804 3.5777710522758728 0.37410130673840053 3.1915382432114616 96.25248345904195 13.939413300016364 4.957349598911123 9.771761672392609 11.68518668406339 False
3416 7770.004060245467 5680.025236267383 214.85449728731103 52.9072702219501 7765 7774 5677 5683 55.0 2.228330623152991 1.551134285073424 30.107536836678086 0.7179477362879886 -0.47620189722034345 0.5346427507546986 0.0 3.4449607192363745 3.6467004 5.04995440487282 5.7045852032785875 1.4 0.4050877074364154 4.1841419359420025 6.428860592405272 9.115977249291959 1.4883921617508535 2.3432037944033284 4.3478016206615315 False
3417 9106.34071433921 5689.486536352372 214.84245147106537 52.898830426976474 9097 9116 5677 5699 342.0 5.656560260745713 3.1968842182404873 60.11127012806475 0.8249785779617899 -0.31839104777234306 2.011759001406907 0.0 166.59591145334835 6.903528 191.529280030077 10.962875562267966 1.5516104466718241 0.4412824348745408 10.433694507453072 200.20790012438943 17.626804159399782 3.214655174626945 6.0554262925340145 10.100352550094462 False
3418 9546.105908604835 5685.406990641647 214.8385641963878 52.896013991034465 9539 9553 5678 5693 176.0 3.527900560323341 2.2460756519457914 60.54224943058112 0.7711440519513078 -0.489595827582784 1.203167823375705 0.0 46.834739600642436 4.9553204 60.76899210848989 8.996979930832177 1.9407661654797057 0.5202454625660325 7.48482063701911 75.57471327075693 14.40747821381198 2.191308212405501 3.9820034066690684 9.21226842767943 False
3419 1921.2515845601545 5685.456919873708 214.9067799084725 52.94444711996748 1916 1926 5680 5690 80.0 2.7208013169714147 1.710279050066689 -53.65995828803464 0.7777337185821155 -0.1827596478897013 0.8815561425180828 0.0 21.283615822101737 3.4690807 62.40030394980747 11.716530443004334 3.098753952334774 0.4700401753982054 5.046265044040321 67.072915603801 18.677615234516917 3.1602808621832996 7.169510479678025 11.10229691857363 False
3420 3167.7907067832643 5694.260622027398 214.89552448813959 52.93657932971521 3145 3183 5680 5709 753.0 5.551445859632125 4.0184013859739975 30.114339622776846 0.6899597736549111 -0.39574090864575195 14.559278369196921 0.0 561.1091099988465 9.451316 567.4744212109384 10.145883174269473 1.4 0.7002707374075413 15.48183917680307 613.355932959681 16.138794810867267 1.8958020020086008 4.073841106930494 8.623423703262976 False
3421 9240.044995054552 5683.461449335001 214.84131994919792 52.89794834730966 9236 9244 5681 5687 50.0 2.370966955595494 1.2302300168147322 -15.798443863183083 0.8548515222855897 -0.37347584150588686 0.6610288302256891 0.0 12.118086981721857 2.7005548 14.218738242008646 3.9989750517446967 1.4 0.36271993944452446 3.989422804014327 8.464232579328181 6.3361296472328625 1.4362942235475247 2.5579955445741627 4.375217121629133 False
3422 6101.539695788802 5683.9476447583 214.86937773141815 52.91789076547441 6099 6103 5682 5685 13.0 1.2987643533327713 0.6732013580325847 44.59199918078647 0.8551747012263118 0.04448011546119251 0.3597686700818242 0.0 2.63928931214248 1.2100698 14.80153333254598 4.231734784119933 3.1429588775233652 0.32605513264333846 2.0342144725641096 17.968708697200412 6.723832458566023 2.1654393468564064 3.818771711637291 5.29724554338145 False
3423 8336.864770180835 5686.819864633884 214.84935770153248 52.903705290799756 8334 8340 5682 5690 51.0 2.0244449226897663 1.5795351119715362 -71.92489716244978 0.6254912138968663 -0.2764613305765477 0.875072812829745 0.0 12.646623081203945 3.1412337 26.42956318738878 10.811583555079432 3.1650293383245005 0.41213201915539566 4.029119531035698 4.532177196966153 17.191040165606545 2.036573000273958 4.156171587558418 8.374654970389754 False
3424 344.15560409215806 5686.2194164704215 214.92090048729315 52.954464000102206 342 345 5684 5687 12.0 1.0112703460415042 0.4852136168939632 65.30102281744753 0.8773745876335844 -0.3608408651247269 0.7548877090871333 0.0 2.5153485719418223 1.7375329 5.28250935593108 2.950031786556851 1.961111308277482 0.5835305479910812 1.9544100476116797 8.864649805098116 4.69260827944896 0.7343449125787544 1.4331332681368922 2.9602241104502616 False
3425 1027.9457593095149 5733.826549583065 214.91427221307652 52.95037989189605 1004 1049 5684 5777 2813.0 16.039469680197943 6.9787781498682175 81.9242408985492 0.9003819881529271 -0.6373018032909571 2.639465806958327 0.0 933.2502877194289 18.32816 949.5060241551563 22.688513756049854 1.4 0.5872623866099762 29.923330527115514 797.8213498125082 36.320202796588774 6.126353156325764 11.896850667169298 21.32004544971826 False
3426 3530.014329257344 5699.969779266873 214.892221416174 52.9343098817736 3519 3545 5686 5712 498.0 5.846819180559172 3.9716972940466415 52.23732409183906 0.7338681253356963 -0.7146936085316066 3.924614047280381 0.0 183.9314553141175 11.237038 239.29193747710212 20.18104037377881 1.9077810093972873 0.5895572963655702 12.590406002966217 324.7562460265964 32.29239002591672 2.5307869306605233 6.134298656499047 14.824243108421628 False
3427 4404.678389984427 5692.772589674118 214.88446796495234 52.92871624258636 4402 4408 5690 5696 33.0 1.841470272219855 1.2684406753466475 -58.35157786996865 0.7249328687005955 -0.4571908877577667 1.049783345393824 0.0 11.573970733213713 2.5758653 27.28617153288219 9.627379703555434 3.167819306646317 0.3808164043345852 3.2410224072142872 20.35974679480378 15.429751881342739 2.0229160592061857 3.7233847551398433 6.993048750231714 False
3428 8943.649730841775 5691.198049556021 214.84388756404596 52.89987342487932 8943 8944 5690 5693 7.0 0.9384790790722967 0.43005975194274987 -75.66905355980505 0.8888224027776885 0.0715620393255227 0.43351725970288907 0.0 1.5537129068563225 1.0287913 2.554074182409731 2.3685634513505804 2.193294641490626 0.3681971635214553 1.4927053303604616 0.9013024579350987 3.7497656855536485 0.7092045278640928 1.291927776026489 nan False
3429 1309.9174903633957 5692.649917005921 214.91218005385016 52.94836742046091 1309 1311 5692 5693 5.0 0.7096273939100076 0.44410593136934956 18.328925315033317 0.7799596974068156 0.3923253516466345 0.9460351075557744 0.0 3.2603201343583583 0.90220743 18.00217048513724 3.5890169862867634 3.5899391768680253 0.20422601223212952 1.2615662610100802 19.50793409005508 5.853319888053228 1.3384164728598704 2.4458634478072816 3.402934624826559 False
3430 689.9835243959477 5696.232927897367 214.91769626888566 52.95232258451546 686 693 5693 5701 50.0 1.867587156577088 1.3220802091548762 21.335149589302254 0.7063044815829719 -0.5225123377613914 0.9555264923872107 0.0 12.171853585072263 3.3785212 33.02001440359256 9.852583444591144 2.916217001036426 0.487767899513408 3.989422804014327 70.521863596414 15.921986189706285 1.914455528219566 4.799183365947202 9.126710581886767 False
3431 4002.3267976578445 5694.754860422273 214.88804835533634 52.93128225096719 4000 4004 5693 5696 18.0 1.4479018707931512 0.8725937646463824 -11.760765533143173 0.7979974349203062 -0.2550944040018162 0.7283922223025098 0.0 4.300503160398934 1.8470106 15.428381018198479 7.771816857836551 3.5520130269071415 0.38941533745170387 2.393653682408596 10.016732253882106 12.85018700102912 1.9471614681145162 6.403091162047649 7.714027119089394 False
3432 2086.0678180945874 5700.225688627497 214.90514814185516 52.94348033414423 2076 2095 5695 5706 183.0 4.961955981800686 1.961047184252989 -3.848077994671147 0.9185879756823894 -0.25888630339791646 1.2546318162615413 0.0 45.57060370896457 4.356492 64.35595026156139 7.503605547759506 1.6653539399043586 0.4786396872290999 7.632215220473915 61.693388772737805 12.07761806277654 2.838050598595235 6.019582381140335 9.696149553286986 False
3433 7261.613575333345 5714.8352811332215 214.85867655006774 52.910687840557934 7240 7280 5695 5730 1066.0 9.508867484419943 6.067064895530808 -41.40753383891612 0.7700008594215212 -0.5079145202083011 1.5175228511407672 0.0 220.51292184930224 10.31612 312.4066698266424 22.00619789354781 2.0580634552694383 0.5163722978762694 18.42059550264108 437.4326479233654 35.623854163905236 5.5300705456932135 12.114375626635727 22.620948865844277 False
3434 1631.741578093902 5715.97331745021 214.90905147839277 52.94645001256345 1614 1649 5696 5735 1000.0 6.70224698833114 5.587838809047539 -54.733468321810335 0.5521780956417396 -0.5754207496298074 3.014971200167685 0.0 370.73180206490633 12.643675 404.8093345596004 17.733416010170505 1.6424774105207136 0.6098379987008367 17.841241161527712 459.90753175034246 28.275586378004817 3.7137957912256483 6.791244881827847 11.876766896766375 False
3435 6291.997252264561 5697.178417204985 214.86753463561178 52.916752287287494 6291 6293 5696 5699 10.0 0.7467370958409133 0.5254512067123132 61.30203064974288 0.7105339488125765 -0.17708992945891425 0.35613606629417743 0.0 1.0076301979847735 1.0005744 8.115708844549768 3.385169830935269 3.833400789249837 0.5086035908082663 1.7841241161527712 12.391811648271938 5.461610501943062 2.9154238458832666 3.918043590517629 5.626753706849293 False
3436 8651.735610787988 5706.934434556581 214.84633108006636 52.901813107139425 8647 8656 5696 5716 152.0 4.463358414722483 2.0410807481586866 -85.86398571729832 0.889313996914725 -0.25466322271439945 1.269719068441577 0.0 50.0307456686477 5.2603097 66.85612788708188 9.167271296275294 1.6121259149810088 0.4122852196790183 6.955796338302048 69.46066424619691 14.6981780627648 2.4567812022770235 4.900496064052013 8.128417455443383 False
3437 9228.19891389541 5703.348939663593 214.84121633188428 52.898130841639926 9222 9235 5696 5710 166.0 3.22116296044436 2.973310739091564 81.04951678427555 0.38466787461875845 -0.4886354407409097 0.8909398569678696 0.0 35.94004604306458 4.783013 77.31727666517568 15.568740972003537 2.9977479900287203 0.4280707004009002 7.269074295019226 104.55671539475091 24.800401631083588 3.321793579009792 11.916705556811639 17.085795709785227 False
3438 2854.9567885866572 5704.248152678143 214.89822027346773 52.938619765563956 2848 2863 5697 5710 177.0 2.813805959538322 2.5980134433376536 11.220200961679007 0.3840570061204757 -0.43586072212816696 0.9943152229247948 0.0 24.35491315283879 4.330814 62.85558849343209 11.52203335871755 2.9292337943449693 0.5972895704650184 7.506054213402069 76.63504336454739 18.439282016638124 2.472230142018427 11.71905244244305 15.989611725734681 False
3439 9833.925392043167 5703.370964385073 214.83580296054143 52.89428184370441 9830 9839 5697 5709 107.0 3.344569535167913 2.2144213586078476 -82.49184013128806 0.7494202881868921 -0.28096372717896506 0.5392539708848721 0.0 11.839194890095701 3.8011425 85.1573930099604 15.43891846127381 3.511152479932012 0.4850951749245126 5.836022431559495 102.03158813845536 24.900903470589054 6.924646741324947 14.649306325407741 19.218745826444223 False
