outputs/dr0.5_c0.1/nircam1_detect_f277w_f356w__dr0.5_c0.1.ecsv
# %ECSV 1.0
# ---
# datatype:
# - {name: label, datatype: int64}
# - {name: xcentroid, datatype: float64}
# - {name: ycentroid, datatype: float64}
# - {name: sky_centroid.ra, unit: deg, datatype: float64}
# - {name: sky_centroid.dec, unit: deg, datatype: float64}
# - {name: bbox_xmin, datatype: int64}
# - {name: bbox_xmax, datatype: int64}
# - {name: bbox_ymin, datatype: int64}
# - {name: bbox_ymax, datatype: int64}
# - {name: area, unit: pix2, datatype: float64}
# - {name: semimajor_sigma, unit: pix, datatype: float64}
# - {name: semiminor_sigma, unit: pix, datatype: float64}
# - {name: orientation, unit: deg, datatype: float64}
# - {name: eccentricity, datatype: float64}
# - {name: min_value, datatype: float64}
# - {name: max_value, datatype: float64}
# - {name: local_background, datatype: float64}
# - {name: segment_flux, datatype: float64}
# - {name: segment_fluxerr, datatype: float32}
# - {name: kron_flux, datatype: float64}
# - {name: kron_fluxerr, datatype: float64}
# - {name: near_border, datatype: bool}
# - {name: detmap, datatype: int32}
# meta:
#   __serialized_columns__:
#     area:
#       __class__: astropy.units.quantity.Quantity
#       unit: !astropy.units.Unit {unit: pix2}
#       value: !astropy.table.SerializedColumn {name: area}
#     eccentricity:
#       __class__: astropy.units.quantity.Quantity
#       unit: !astropy.units.Unit {unit: ''}
#       value: !astropy.table.SerializedColumn {name: eccentricity}
#     orientation:
#       __class__: astropy.units.quantity.Quantity
#       unit: &id001 !astropy.units.Unit {unit: deg}
#       value: !astropy.table.SerializedColumn {name: orientation}
#     semimajor_sigma:
#       __class__: astropy.units.quantity.Quantity
#       unit: !astropy.units.Unit {unit: pix}
#       value: !astropy.table.SerializedColumn {name: semimajor_sigma}
#     semiminor_sigma:
#       __class__: astropy.units.quantity.Quantity
#       unit: !astropy.units.Unit {unit: pix}
#       value: !astropy.table.SerializedColumn {name: semiminor_sigma}
#     sky_centroid:
#       __class__: astropy.coordinates.sky_coordinate.SkyCoord
#       dec: !astropy.table.SerializedColumn
#         __class__: astropy.coordinates.angles.Latitude
#         unit: *id001
#         value: !astropy.table.SerializedColumn {name: sky_centroid.dec}
#       frame: icrs
#       ra: !astropy.table.SerializedColumn
#         __class__: astropy.coordinates.angles.Longitude
#         unit: *id001
#         value: !astropy.table.SerializedColumn {name: sky_centroid.ra}
#         wrap_angle: !astropy.coordinates.Angle
#           unit: *id001
#           value: 360.0
#       representation_type: spherical
#   astropy version: '5.1'
#   make_catalog parameters:
#     ab_zpt: 31.4
#     coadd_bands: !!python/tuple [f277w, f356w]
#     deblend_contrast: 0.001
#     deblend_nlevels: 32
#     deblend_npixels: 1
#     detect_kernel_fwhm: 4.0
#     detect_kernel_npix: 7
#     detect_npixels: 4
#     detect_threshold_nsigma: 3.0
#     flag_isolated_buffer: 4
#     hst_bands: !!python/tuple [f606w, f814w, f125w, f140w, f160w]
#     jwst_bands: !!python/tuple [f115w, f150w, f200w, f277w, f356w, f410m, f444w]
#     near_border_kernelsize: 21
#     reference_band: f200w
#   make_catalog version: 1.4.0
#   photutils version: 1.5.0
# schema: astropy-2.0
label xcentroid ycentroid sky_centroid.ra sky_centroid.dec bbox_xmin bbox_xmax bbox_ymin bbox_ymax area semimajor_sigma semiminor_sigma orientation eccentricity min_value max_value local_background segment_flux segment_fluxerr kron_flux kron_fluxerr near_border detmap
[from data line 1301]
1302 2986.295248158274 1691.1363862897892 215.0116282832929 52.98845097683999 2985 2987 1690 1692 7.0 0.8870014413118817 0.6117359653591439 -59.74964446907076 0.7241262989034348 0.2207411022598518 0.2451218728460272 0.0 1.630006277518579 0.19548386 14.169419053099574 0.8731254973723847 False 576
1303 4444.732313170239 1700.2563852593612 214.99843677951864 52.979250918674126 4438 4452 1690 1710 235.0 4.03228700203557 2.9229742741253726 87.20405507743804 0.6888620926076453 0.22708717459800237 2.6155968345433744 0.0 210.5325288013613 1.356545 246.38947942152822 2.221181149487895 False 576
1304 7619.023612520182 1703.7105362584205 214.96991748297347 52.95913330691174 7609 7629 1690 1716 412.0 5.30753268251108 3.1950160090562343 -61.79320601420899 0.7985129419940897 0.23112914457870432 5.603544237877411 0.0 517.9591339331027 1.7710638 561.8216698518338 2.341911578596947 False 264
1305 843.7126986737441 1692.7720063416539 215.03085962772462 53.00204536581749 841 846 1691 1695 21.0 1.5604238496145997 1.037484951007567 -32.620015132173634 0.7469556988266483 0.23283423115040772 0.28426566560589084 0.0 5.460683327895711 0.36841533 38.75481088353669 1.4308501171005004 False 528
1306 6614.984722023426 1692.5003929070053 214.97904193781915 52.96544264790912 6614 6616 1692 1693 6.0 0.8107195863014736 0.49999543862482 0.18847434290987436 0.7871744262792114 0.2398208837901549 0.2573215323215312 0.0 1.5008489071778668 0.18799298 13.500746148393988 0.7771090961618242 False 264
1307 7804.738133875528 1695.7477123754938 214.96833575438572 52.95791198516423 7800 7809 1692 1700 70.0 2.3347197826533006 1.9073522013798774 -29.690714024964368 0.5767067587057498 0.24158369329652649 0.801683293180221 0.0 32.21954470501039 0.6851226 50.43868491360901 1.4765995414590574 False 264
1308 3556.498085822165 1693.5076638962037 215.00648273680676 52.98484776341572 3556 3557 1693 1694 4.0 0.500784459631443 0.49915180617707794 -44.03342965007284 0.08068305280659913 0.23728079376478176 0.2465178270924577 0.0 0.9643936025692444 0.15857652 10.817914996241866 0.6790435941284841 False 576
1309 9609.083376657449 1701.2137698780432 214.95210046457456 52.94649227736946 9601 9618 1693 1710 245.0 3.9000167682961826 3.5530727137805003 -46.00591437047302 0.41231716790193695 0.24633894947732546 1.4393328598490533 0.0 147.40080524523958 1.3579127 225.56121196135712 2.9769244780829256 False 258
1310 4274.42777185761 1701.4505330122033 214.99995309100746 52.9803375146213 4266 4283 1695 1707 170.0 3.910059664374863 2.425146681360758 -22.28756434054343 0.78441790865016 0.21121203930474133 1.4783238329318413 0.0 106.21302172801313 0.98794913 144.55367468004656 1.9808720501720074 False 576
1311 1263.5060702716498 1699.8478775655485 215.02701278332282 52.999422079364834 1260 1267 1696 1704 52.0 2.1812123135869252 1.6476655019417987 48.030895088396825 0.6552757219584192 0.23028882943835244 0.5145576924910997 0.0 18.13120862188563 0.56445014 44.29078583508233 1.6694148244802705 False 528
1312 3494.0482356139614 1715.431256766103 215.00681256071397 52.98536232810369 3476 3513 1696 1735 1125.0 6.546084709740657 4.925739787156661 -63.59911337955001 0.6586252287565667 0.21446341548091408 19.184562560830287 0.0 2367.306224384019 2.8844678 2392.199849084879 3.017229164571738 False 576
1313 7351.443373378983 1699.8837214134915 214.97235776560362 52.9608103049359 7349 7353 1697 1702 20.0 1.5132131963914797 1.052136932182901 -59.51883105452 0.7187197623535857 0.23439090390644748 0.2778280516654913 0.0 5.093703802502386 0.35194242 58.198979824421926 1.6307067830431339 False 264
1314 2918.424736144267 1710.44646031003 215.01203441191677 52.9889857720687 2910 2927 1705 1717 182.0 3.8386050537993985 2.5814730382766813 -17.074364960416748 0.7400944850584554 0.21130592172137852 1.5232042374824268 0.0 110.28278160899404 1.0200607 146.24446458778598 1.9275162981004272 False 576
1315 6228.146665528395 1723.9241699364807 214.9821816488294 52.96806648222685 6218 6238 1707 1737 436.0 5.3934802740443635 3.639493891408738 -66.02660254216268 0.7380051594806702 0.21166412364949233 3.5016198142443686 0.0 385.13075300787375 1.5994396 455.7181561794826 2.59104562967911 False 264
1316 885.9091878504022 1711.5092208844474 215.03028302166322 53.00187917070859 882 890 1708 1715 62.0 2.0745584914507655 1.8698390710740127 15.28161400076894 0.43315584425092807 0.20973422583699788 0.7741005715606977 0.0 26.424268032046545 0.57611424 48.98009722996295 1.4998899365495515 False 528
1317 3073.5905164571595 1710.0781019868166 215.01064475308002 52.98799979885331 3071 3076 1708 1712 25.0 1.518281491971007 1.2146473450034272 -7.931713176418113 0.5999805464376736 0.22311466822777384 0.31628192437193237 0.0 6.561773860032384 0.36432427 39.12580714914465 1.4825373430693072 False 576
1318 4300.822227414262 1712.1553956130253 214.99960336785585 52.98022797464028 4298 4304 1709 1715 36.0 1.9710656937500448 1.3444158894394802 51.29153532298248 0.7312816316940908 0.21474503975148532 0.324772747543211 0.0 9.50931491109306 0.42524832 32.78415918769217 1.5045089622989671 False 576
1319 9689.149377500598 1718.241463270827 214.95120346164234 52.94607614526887 9680 9698 1709 1728 166.0 6.029292590984933 1.968078267671585 49.56921666999804 0.9452250281797152 0.2329866814739708 0.4828979622015269 0.0 55.96391364376102 1.0730485 156.4941247578662 3.4140188770246622 False 258
1320 2801.3927957565306 1717.3067771849337 215.01301324332493 52.98976500799626 2797 2807 1710 1724 119.0 3.2377493841609972 2.426242227327189 82.72897762058851 0.662161991629738 0.21740278693332343 0.6374953833864201 0.0 45.550182613013696 0.8071403 97.25484038435363 2.2751442400468442 False 576
1321 7385.2839247713655 1714.17856602507 214.97190366998635 52.960672838282946 7381 7389 1711 1717 48.0 2.1170812695738244 1.5905545915925823 -16.208343078436418 0.6599654459724094 0.23929800210991176 0.47553005161685435 0.0 16.422862195325155 0.5471616 45.32359056457033 1.7439406090469964 False 264
1322 6955.236779695813 1719.894465782476 214.97570099001805 52.96343208591803 6946 6965 1712 1728 240.0 3.894568872989463 2.8340410236901015 -29.415352678959795 0.6859055631664656 0.21501398611610834 3.221571046941613 0.0 224.2952499202444 1.2285343 268.24906395845596 2.0127325102152107 False 264
1323 2770.664548672662 1719.4263425048362 215.01326690079935 52.989971326000365 2766 2776 1714 1724 92.0 2.388702021279792 2.317715906977872 21.197384504673135 0.24197470543620817 0.21617112376999406 0.9573046281031976 0.0 44.47617450677101 0.7075146 66.8422795661581 1.5719178876034199 False 576
1324 8565.497424082147 1714.502996929675 214.96131622631071 52.9531862739938 8565 8566 1714 1715 4.0 0.5003555252095307 0.4996285935092478 -44.907534838738556 0.05388459904075516 0.248063017748012 0.25364663043649593 0.0 1.0019317162093921 0.1640144 14.480018860348748 0.7350651061684843 False 258
1325 4168.502392357273 1718.2093425452997 215.00072752501598 52.98109991530777 4166 4171 1716 1721 28.0 1.4389299446277006 1.387269494251412 3.317063110238886 0.26554666190983345 0.2132432301240611 0.37479432762080267 0.0 8.025601239396334 0.3817242 25.663338099679763 1.30417696582659 False 576
1326 6279.87690842791 1722.1985470808743 214.98173568038712 52.96772899525421 6276 6284 1718 1727 76.0 2.2688673482704984 2.075682957789827 85.32078404508158 0.4037842046038155 0.21905617159066731 0.8313943587331355 0.0 33.90916663634044 0.63090205 60.25472798188416 1.6406493851329105 False 264
1327 266.2207807763311 1727.12656994506 215.0356878275253 53.0058923581289 258 274 1719 1737 237.0 3.3700834522211056 3.1224923491732754 -76.42280019531147 0.37621436692061316 0.20852777173791434 3.6676811722184515 0.0 241.43200657145104 1.1680804 279.1920964288653 1.8340638539335854 False 528
1328 6043.283252623328 1724.42077175169 214.9838351450594 52.969241872589514 6040 6047 1721 1728 48.0 1.8668871790369004 1.732876426378594 -52.339003385276264 0.37203923348337115 0.26615973484048366 0.6293951676049315 0.0 19.86342579369591 0.6153404 73.22902759786639 2.185899227144718 False 264
1329 7016.937144519387 1723.1450360050217 214.97511326990042 52.963058208895546 7014 7020 1721 1726 33.0 1.7168365113486586 1.4000938730591224 -5.419937498429213 0.5787458308639155 0.22334549725235114 0.36489996373166506 0.0 9.504176952851159 0.42755145 25.850842508707103 1.3938711099884538 False 264
1330 6123.913241934294 1740.9046664332607 214.98293803443752 52.96881946442941 6108 6142 1722 1763 1030.0 7.108070961337532 4.246567789436585 -48.379307245262176 0.8019218037664634 0.20803543034575234 17.058649514134295 0.0 2490.738579467914 2.7673795 2514.6632411444944 2.9176945186478496 False 264
1331 6777.2341377880975 1727.333891958352 214.9772194568636 52.96460155618829 6771 6784 1722 1733 126.0 2.903111214775254 2.427968701171455 -15.265238054499038 0.548221253645345 0.2262247073276182 1.438974152297758 0.0 77.21153155089708 0.9205348 103.69721731704584 1.6999511801387899 False 264
1332 7331.139214147345 1725.8311676359738 214.97226658774053 52.961079315398926 7327 7335 1722 1730 63.0 2.2072864491093886 1.889171970607259 -87.1602845533669 0.5171747299104869 0.23516783932153182 0.7077650613224872 0.0 27.052300345930192 0.6690884 69.76058203318169 1.9675980669743085 False 264
1333 2844.630833120143 1740.20674312599 215.0123836612077 52.98961462694267 2829 2861 1724 1755 747.0 6.170925013540154 4.88384667096093 -33.04370216059661 0.6112615958655774 0.21496494651721176 5.413741320771961 0.0 714.686198135326 2.1400495 851.4361748576755 3.358510793669686 False 576
1334 7836.513640560477 1734.4859653084336 214.9676427706397 52.957919661148736 7820 7855 1724 1744 504.0 7.336966164648434 3.940632834560361 -16.16840524028369 0.8435230632344809 0.23451858649562196 1.4730133525262348 0.0 279.56974038744306 1.8381368 396.04744052223276 3.617442118760784 False 264
1335 8467.360073086887 1734.6867285743494 214.96198359144677 52.95391801285686 8459 8476 1724 1745 316.0 3.8280664040306136 3.308210103093445 86.46485380296853 0.5031506383086822 0.24385471577647538 5.959747277004278 0.0 419.70483518839694 1.6329736 464.4125179707727 2.289488207136005 False 258
1336 4239.214184407461 1733.4243939512708 214.99993241295408 52.9807336813432 4228 4249 1725 1741 272.0 4.056998645093164 2.923303062055617 -21.981860681090396 0.6933946106678285 0.2095985155067096 3.8311751839692283 0.0 266.3904176064587 1.2638268 308.80961931111506 1.9498892556332295 False 576
1337 10151.666787240092 1741.2975323356418 214.94681520011233 52.94326543197921 10143 10160 1725 1757 433.0 6.451586341540115 3.312284642824231 -82.22949002891897 0.8581456983195477 0.22328655420001498 2.615141464525516 0.0 342.03510613271305 1.6581496 435.0572861126324 3.1076217947021645 False 258
1338 4180.000371667313 1737.3204702055557 215.00042297938796 52.98113029489831 4173 4188 1726 1744 183.0 4.5277216443926855 3.034430931301197 -58.284611669201816 0.7421901400079257 0.21138714273456205 0.726906092068011 0.0 66.21923095555042 1.0048642 165.11851952059908 3.1944131752150984 False 576
1339 1857.985512664613 1728.7080149642886 215.02136749337294 52.99580883771455 1857 1859 1728 1730 7.0 0.7517381288723322 0.6885029051117079 0.5411197529363914 0.40144914872994175 0.22081422890256439 0.25327095539706523 0.0 1.6520925521104561 0.19100915 10.8555776633341 0.809306835553541 False 528
1340 8568.971420570602 1733.0404769076704 214.96108983626726 52.9532643686597 8566 8572 1730 1736 34.0 1.6033910929097708 1.544485405541521 -76.70920708849458 0.2685641195316749 0.2406970577183292 0.42883357355256935 0.0 11.154316342769476 0.5042602 35.08927807337725 1.630817768655012 False 258
1341 589.2228834810338 1741.0851325973094 215.03263771461647 53.00392009864215 581 597 1733 1748 168.0 4.67172792629947 2.3347338686531804 -43.728181935872726 0.8661650202101258 0.21114187049523517 0.6510642649830753 0.0 67.43313959403432 0.9496103 106.02652267329603 2.2101014911549903 False 528
1342 9731.677083421484 1749.6895085935348 214.9504910679972 52.9459761126181 9712 9753 1733 1765 1022.0 7.1295296116188 4.63933438050104 19.175053689029546 0.7593169478135694 0.2345444964067802 15.849924475529821 0.0 2290.360077529157 2.9828312 2355.8426632391966 3.384052356306122 False 258
1343 2684.8195041351332 1744.593962935723 215.01377279894814 52.99065176668852 2677 2693 1734 1754 278.0 4.294827513245063 3.437705375308332 -80.84854681958328 0.599427298814799 0.21525826088907135 1.8273043644859694 0.0 171.17592879666392 1.2663351 232.94966568426625 2.4470936820207734 False 576
1344 6280.200847057389 1739.0758680978154 214.98155500149653 52.96781814079611 6275 6285 1735 1743 80.0 2.5029423325181144 2.0366168667670683 -9.906019393496686 0.5813003235692467 0.22098407787824664 0.7318976600176141 0.0 33.68983468678872 0.6571166 61.117657716991665 1.698672168137895 False 264
1345 8435.497016049585 1742.738102153853 214.96218449611044 52.95416368475441 8426 8445 1735 1751 262.0 2.928558548638325 2.7586247058512097 -5.260861361339352 0.33568709012310277 0.24094837887613466 14.47084590460912 0.0 633.2536870029842 1.5784721 650.8343457421581 1.7762589593913878 False 258
1346 2168.2183262218796 1746.7042944787356 215.0183909125271 52.99393900973966 2161 2176 1738 1755 218.0 3.3115095325690436 3.0014876463595583 -64.85642604291964 0.4224623059020179 0.23270120197992755 3.5204232398603073 0.0 220.12397598163508 1.2123836 255.78854662985884 1.9336237213330647 False 528
1347 1903.3398164101134 1745.5073658798638 215.02078305289834 52.99561209512885 1899 1908 1739 1751 95.0 2.8602470006105607 2.0584332157125167 82.56186696576609 0.6943165453186491 0.21953570180345955 0.8646547326167608 0.0 42.30111984538912 0.7323229 85.59001552526684 2.0599514283092715 False 528
1348 4451.539736157085 1748.896728856495 214.99786329260635 52.97947065277289 4442 4460 1739 1757 248.0 4.7247484480643624 2.8469832195306144 40.58727666934103 0.7980673850964203 0.22555258944885445 1.7553908806140874 0.0 171.9180447981374 1.3510646 227.9089512126336 2.6638758577980286 False 576
1349 2187.157075647164 1742.269504637317 215.01826750407074 52.99379494124474 2185 2189 1740 1744 18.0 1.285329033929014 1.0472030663940188 -29.924060324970153 0.5798329291265797 0.22396796858416415 0.3049508825141028 0.0 4.717024669335293 0.3202559 23.606483955461755 1.233298348194073 False 528
1350 262.5231366413274 1750.1534463735259 215.0354784571142 53.006040340296536 257 269 1741 1758 160.0 3.979935948434515 2.434831540164614 -62.3518248879038 0.7910306160496179 0.2146725796032662 0.9678479947046864 0.0 72.82870810235093 0.92212653 113.71869913021378 2.084425803106286 False 528
1351 9145.233921252986 1749.2745910638753 214.955752336383 52.949695384326944 9141 9150 1744 1754 87.0 2.6559170632402855 2.3029434005935765 67.3542406659756 0.49813560600351975 0.24047874421732837 0.5146280067256964 0.0 30.16734396849147 0.7746511 137.15641761494547 2.895983167180601 False 258
1352 3890.3784066169046 1750.1745817549222 215.0028878632052 52.983036624731284 3886 3895 1747 1753 61.0 2.377149338767125 1.7500148668611588 1.409326761392283 0.6767834730640463 0.22749688010276833 0.5726435837422682 0.0 23.24894468052484 0.5933949 41.15595520358997 1.47817791107204 False 576
1353 9234.994644242484 1748.532895792026 214.9549554709506 52.94912178025353 9233 9237 1747 1750 18.0 1.3441940525395972 0.9799779922151531 23.63948277028902 0.684465737253272 0.24892309381330988 0.340169426827494 0.0 5.228929217079786 0.3514553 22.101769509002246 1.3184182911217754 False 258
1354 2881.9815654629797 1755.2572352541927 215.01188965068826 52.98945913929079 2876 2888 1749 1762 122.0 3.5263225314659055 2.1515543548862603 -54.95965704619077 0.7922927627908833 0.214431212875108 0.8617348834836358 0.0 54.2855588789799 0.8265632 90.00570580134126 2.033270912868329 False 576
