outputs/dr0.5_c0.1/nircam3_matched_f814w_f277w_dr0.5_c0.1.ecsv
# %ECSV 1.0
# ---
# datatype:
# - {name: label, datatype: int64}
# - {name: xcentroid, datatype: float64}
# - {name: ycentroid, datatype: float64}
# - {name: sky_centroid.ra, unit: deg, datatype: float64}
# - {name: sky_centroid.dec, unit: deg, datatype: float64}
# - {name: bbox_xmin, datatype: int64}
# - {name: bbox_xmax, datatype: int64}
# - {name: bbox_ymin, datatype: int64}
# - {name: bbox_ymax, datatype: int64}
# - {name: area, unit: pix2, datatype: float64}
# - {name: semimajor_sigma, unit: pix, datatype: float64}
# - {name: semiminor_sigma, unit: pix, datatype: float64}
# - {name: orientation, unit: deg, datatype: float64}
# - {name: eccentricity, datatype: float64}
# - {name: min_value, datatype: float64}
# - {name: max_value, datatype: float64}
# - {name: local_background, datatype: float64}
# - {name: segment_flux, datatype: float64}
# - {name: segment_fluxerr, datatype: float32}
# - {name: kron_flux, datatype: float64}
# - {name: kron_fluxerr, datatype: float64}
# - {name: kron_radius, unit: pix, datatype: float64}
# - {name: gini, datatype: float64}
# - {name: equivalent_radius, unit: pix, datatype: float64}
# - {name: kron4_2_flux, datatype: float64}
# - {name: kron4_2_fluxerr, datatype: float64}
# - {name: kron4_2_mag, datatype: float64}
# meta:
#   PHOTMJSR: 0.3925000131130219
#   PIXAR_SR: 2.11539874851881e-14
#   __serialized_columns__:
#     area:
#       __class__: astropy.units.quantity.Quantity
#       unit: !astropy.units.Unit {unit: pix2}
#       value: !astropy.table.SerializedColumn {name: area}
#     eccentricity:
#       __class__: astropy.units.quantity.Quantity
#       unit: !astropy.units.Unit {unit: ''}
#       value: !astropy.table.SerializedColumn {name: eccentricity}
#     equivalent_radius:
#       __class__: astropy.units.quantity.Quantity
#       unit: !astropy.units.Unit {unit: pix}
#       value: !astropy.table.SerializedColumn {name: equivalent_radius}
#     kron_radius:
#       __class__: astropy.units.quantity.Quantity
#       unit: !astropy.units.Unit {unit: pix}
#       value: !astropy.table.SerializedColumn {name: kron_radius}
#     orientation:
#       __class__: astropy.units.quantity.Quantity
#       unit: &id001 !astropy.units.Unit {unit: deg}
#       value: !astropy.table.SerializedColumn {name: orientation}
#     semimajor_sigma:
#       __class__: astropy.units.quantity.Quantity
#       unit: !astropy.units.Unit {unit: pix}
#       value: !astropy.table.SerializedColumn {name: semimajor_sigma}
#     semiminor_sigma:
#       __class__: astropy.units.quantity.Quantity
#       unit: !astropy.units.Unit {unit: pix}
#       value: !astropy.table.SerializedColumn {name: semiminor_sigma}
#     sky_centroid:
#       __class__: astropy.coordinates.sky_coordinate.SkyCoord
#       dec: !astropy.table.SerializedColumn
#         __class__: astropy.coordinates.angles.Latitude
#         unit: *id001
#         value: !astropy.table.SerializedColumn {name: sky_centroid.dec}
#       frame: icrs
#       ra: !astropy.table.SerializedColumn
#         __class__: astropy.coordinates.angles.Longitude
#         unit: *id001
#         value: !astropy.table.SerializedColumn {name: sky_centroid.ra}
#         wrap_angle: !astropy.coordinates.Angle
#           unit: *id001
#           value: 360.0
#       representation_type: spherical
#   astropy version: '5.1'
#   kernelfile: kernel_f814w_f277w.fits
#   make_catalog parameters:
#     ab_zpt: 31.4
#     coadd_bands: !!python/tuple [f277w, f356w]
#     deblend_contrast: 0.001
#     deblend_nlevels: 32
#     deblend_npixels: 1
#     detect_kernel_fwhm: 4.0
#     detect_kernel_npix: 7
#     detect_npixels: 4
#     detect_threshold_nsigma: 3.0
#     flag_isolated_buffer: 4
#     hst_bands: !!python/tuple [f606w, f814w, f125w, f140w, f160w]
#     jwst_bands: !!python/tuple [f115w, f150w, f200w, f277w, f356w, f410m, f444w]
#     near_border_kernelsize: 21
#     reference_band: f200w
#   make_catalog version: 1.4.0
#   photutils version: 1.5.0
# schema: astropy-2.0
label xcentroid ycentroid sky_centroid.ra sky_centroid.dec bbox_xmin bbox_xmax bbox_ymin bbox_ymax area semimajor_sigma semiminor_sigma orientation eccentricity min_value max_value local_background segment_flux segment_fluxerr kron_flux kron_fluxerr kron_radius gini equivalent_radius kron4_2_flux kron4_2_fluxerr kron4_2_mag
[from data line 2557]
2558 195.72424683594448 3335.2853498645636 214.83839508940395 52.88799594084436 194 197 3334 3336 9.0 0.804525491549501 0.6908084762150232 67.17384376796551 0.5125568196833624 0.01038517223272383 0.2983682011099015 0.0 1.4627615008326533 0.9667389 7.237219228927521 3.444679094283925 3.2641519068428804 0.3333834560197347 1.692568750643269 10.528625238519584 5.519943783577798 28.844070831367425
2559 9815.259320259027 3339.2792166915137 214.7525244467557 52.82685855417255 9811 9821 3334 3344 98.0 2.879698591171447 2.1906600236286966 43.54757504150801 0.6490737868247222 -0.07547606374649425 0.5064176852046705 0.0 23.0440347811377 3.3192542 37.53766575982057 8.465638718299676 2.2859882823674016 0.32089741644907305 5.585191925620057 51.60750316481399 13.532384407881842 27.118217880322334
2560 1476.7399251749855 3337.0 214.82693343362803 52.87986434493099 1475 1478 3335 3337 8.0 0.5251373570234372 0.28867513459481287 0.0 0.8353532091256007 -0.15728644317907348 0.016468702784227292 0.0 -0.5007277123917615 0.98907274 0.05455367180709556 0.8363748624508817 1.4 -0.4902947202792197 1.5957691216057308 -0.04735505828649908 1.3296367341991087 nan
2561 8539.104157083373 3335.705828112114 214.76393442441457 52.83495638959061 8539 8541 3335 3337 7.0 0.49355567438726694 0.23947018582690463 -63.93344015888973 0.8744066057786992 -0.12594486780162342 0.11172751031001073 0.0 -0.06944714724819953 0.8465115 3.4405660432730842 2.0423156737987087 4.1692604098535115 -0.4769144041823888 1.4927053303604616 0.20044064490314017 3.295778474564646 33.14503552154132
2562 983.8974186654954 3349.2427539521586 214.8312066640192 52.883062477919985 968 998 3336 3359 525.0 5.904114455907894 3.329722726055386 31.747034138333746 0.825797671572577 -0.0847621706493414 6.315303554146945 0.0 563.8641162301858 7.4460955 611.8913098153234 9.317684437031904 1.466310454390537 0.5477073321820932 12.927207364566026 636.0781231941194 14.842196257366913 24.391223852433683
2563 6184.559948771868 3342.74515944547 214.78485380795598 52.849967694711495 6178 6190 3337 3347 81.0 3.2049469131180746 1.7267768532615262 21.839804340769092 0.8424433996246226 -0.19503848745172028 0.8135521895269022 0.0 18.9921426168721 3.1153867 50.23328218390384 9.730319052935862 2.6541292759414805 0.44413005531312294 5.077706251929807 67.55389961634927 15.603554656035904 26.825873939588618
2564 4252.970495781623 3344.162284111009 214.8020720622974 52.86225624223102 4248 4259 3338 3353 140.0 2.8676833448411507 2.0540275166612716 -86.40551298373924 0.6978261243462102 -0.16231422595387482 2.1088924833581544 0.0 56.25307627328439 3.8955357 67.74915496000463 6.367111677578269 1.8082447527348287 0.5450994948842794 6.6755811781245455 68.7723559895037 10.17736866283913 26.806465243575854
2565 3798.8162375177767 3339.4577365898795 214.80617487267193 52.86511801225615 3798 3800 3339 3340 5.0 0.8785577947076424 0.28959242859045775 29.25874372393227 0.9441128102938733 0.010384889064746059 0.21956047151492636 0.0 0.5322388422180896 0.6521694 11.931231743884727 2.626412779214045 4.001780201329612 0.4621402816259657 1.2615662610100802 22.26041613750217 4.196456610589154 28.031166802998374
2566 8732.690037708397 3340.089567048762 214.76216287319718 52.833748746750786 8732 8735 3339 3342 13.0 0.923695000461293 0.6907497365470577 -87.28227590017272 0.6639111177500953 -0.20287995273392279 0.573075613664625 0.0 3.1438374949881296 1.2544984 8.156202733108799 3.038229145709778 2.548059807572995 0.41745608003487605 2.0342144725641096 10.268338468318992 4.8546000867785075 28.87124956102102
2567 3583.9257321299397 3344.3655795474733 214.8080412515459 52.866510496441514 3581 3587 3341 3349 53.0 2.454875720890585 1.591372012304509 -53.83899218149501 0.7614279725635424 -0.1814004856871316 0.31077557021947877 0.0 4.740769705822942 2.5696223 22.166480774553303 9.999985916314223 3.1808527317185593 0.41210573123180166 4.1073621666150775 18.541114744365863 15.921203646108372 28.22966039597867
2568 8992.956741736187 3349.0254976237024 214.75974923686627 52.83214146846706 8984 9003 3341 3358 237.0 4.57550636593741 2.864841848918698 51.975615330118856 0.7797221836621506 -0.15702630674242823 1.1824149346028616 0.0 87.51814515306603 5.038259 142.39071004356026 11.940485952993962 2.275777564108786 0.3867047491966759 8.685588237163813 197.51887228494007 19.11910259682529 25.660978506579355
2569 3365.3907829454506 3346.8473839386006 214.8099658297005 52.86791304504371 3362 3370 3342 3351 73.0 2.1780099442647245 1.9351523465507061 -59.14573544091141 0.45888505296082954 -0.161194618424761 0.6834084810569304 0.0 16.498717756796374 3.3153987 47.23347114605366 10.765083316815247 3.10045851096154 0.3871989354097808 4.820437914901168 58.20160324078867 17.13765430110118 26.987662629911462
2570 8654.788432289319 3342.8371445614453 214.76282825896504 52.83425901454132 8654 8656 3342 3344 7.0 0.8822024451642966 0.6004453417458064 -59.70134870957349 0.7326358676993832 0.580167165015394 0.871457437846596 0.0 5.0190380397894225 0.8969012 21.873070354869384 3.1836064646637787 3.019746872235302 0.09575895806174392 1.4927053303604616 21.684115750517954 5.098687261616218 28.059645707767825
2571 3743.9095359516223 3351.0894674337737 214.80654246062025 52.865529727008045 3737 3749 3343 3360 155.0 4.6699121552629475 1.9916136824500623 63.995870522542134 0.9044980480536264 -0.1300827440193551 0.8093100018678834 0.0 42.707002803564606 3.685293 67.31149759293314 7.80403707166737 1.9504792957807062 0.34563368099604896 7.024103669400641 63.12400674662606 12.517744174235768 26.899513606058576
2572 3592.8915360560673 3344.3392826450304 214.80796149950967 52.866453360556235 3592 3593 3344 3345 4.0 0.4837675061890795 0.29468364149798826 74.9991927718117 0.7930603230012411 -0.034620249941162425 0.23551673002483478 0.0 0.3918447121903654 0.6741893 1.0865885300147682 1.759681322875381 3.1125105983657706 0.5964314493825916 1.1283791670955126 -0.44949369929713967 2.8105180012037705 nan
2573 6151.212023519642 3350.907761252013 214.78506530225326 52.85022370660449 6148 6154 3344 3355 63.0 2.6917082243466357 1.3685275542616047 88.40121487908947 0.8611071976816866 -0.021207014259286075 0.44855133043680673 0.0 9.453536967116607 2.7435987 33.90670183351814 9.538457020860521 3.1686427089931963 0.3975999907712007 4.478115991081385 26.169792695120876 15.247569384263686 27.855499294061516
2574 393.86259526870856 3355.835858601373 214.8364083642166 52.88684763258132 386 402 3345 3365 204.0 4.619995592298833 2.9332729131767317 -79.46749415008757 0.7725876163518017 -0.4404170203020009 0.4258256680483925 0.0 9.229170560544977 4.6110673 14.033297780543366 13.017946625258917 2.4774375263466606 0.4991860863177762 8.058239062071396 -34.62791315424349 20.868187724796293 nan
2575 412.1222103946016 3350.0352467516836 214.8363063164592 52.88670032742978 408 418 3345 3353 74.0 2.623510354559884 2.096458664391965 3.9059694755850582 0.6011922820206143 -0.2657061799831894 0.2857595686072656 0.0 -1.1595563022433302 2.736668 11.412504504139024 12.244579657721044 3.6573820586476375 -0.5513895118279672 4.853342309955121 4.048376593048847 19.618713489203294 29.881797737038898
2576 7418.569195706965 3352.5636436533555 214.77374600287519 52.84217351968322 7401 7435 3345 3364 479.0 8.120240219529482 3.5789429937152164 -16.076107010902042 0.8976330977765616 -0.2832549708663738 0.8106404307280346 0.0 128.97175428309225 8.390204 245.41810975556228 22.759655848077433 2.466530592624295 0.4097724473732847 12.347891944863939 344.96244678360733 36.35145510270147 25.055570451029467
2577 8169.379734016144 3349.2739398005424 214.7670871411889 52.83738090590951 8166 8173 3346 3353 50.0 1.7708227919876864 1.558720909350056 -80.11491569632452 0.47455823966137684 -0.19746970394772653 1.0255614041496872 0.0 21.93193256699487 2.302304 23.402708628335752 3.9739569460712234 1.659484179908421 0.357666820715307 3.989422804014327 26.146231603887088 6.3211340945866885 27.85647724037332
2578 183.5539133852727 3351.867479894012 214.83832919194037 52.88816267370571 183 184 3351 3352 4.0 0.5001173095365732 0.33456621330803465 -8.507104266108247 0.7432844795771727 0.03923290587418619 0.4642467263961812 0.0 1.0085918343155895 0.6244528 9.665938292623082 2.025726174977978 3.517083926625638 0.5259154488644426 1.1283791670955126 15.504201663929205 3.244449836209574 28.42387647841612
2579 1248.3353144286561 3353.1985202769206 214.82880291733534 52.88140324845023 1246 1249 3351 3355 14.0 1.1001713221239768 0.6608786472715911 70.21841602010647 0.7994706050251003 -0.07528292010729785 0.3084621402903287 0.0 2.1417045055776494 1.2480121 7.878611419087518 3.8079131364097023 2.9851065328075737 0.40084102656970244 2.111004122822376 6.648963972799182 6.098424102529908 29.34311505063284
2580 3102.6488678480227 3354.7120660942314 214.81222849374274 52.86962557273199 3101 3103 3351 3355 12.0 0.6473049256130416 0.4366540563577779 -66.20434734438652 0.7382086678129003 -0.19617083039766472 0.22924735632356683 0.0 -0.23071461434136523 1.3183413 2.817167633938439 2.8309007066596887 3.1859744861989 -0.21155280530883075 1.9544100476116797 3.375815632128308 4.517244752223367 30.079053200240185
2581 7783.01388887086 3354.1834031926837 214.77047973101665 52.83986454505849 7779 7787 3351 3358 52.0 1.7368343803224044 1.3251155394456986 9.720516911623513 0.6464590281978055 -0.13123913350251307 0.44239056190235837 0.0 7.820385952345901 2.336409 14.82071764180281 6.469071302835414 2.9645101074839317 0.4584606206816663 4.068428945128219 6.7349719968947905 10.34830360546869 29.32916051418781
2582 6805.8630981294855 3355.1778480422972 214.77918186093402 52.84608392272466 6801 6810 3352 3360 66.0 2.6525420078546613 1.666934245471816 36.75045624156115 0.7778669731784468 -0.035111108171040205 0.5581728231427912 0.0 19.38617615512709 3.1432033 44.38638264633306 8.759233752339016 2.434873806732706 0.31378985137819676 4.583497844237541 42.755618279675296 13.97411121466241 27.322517022366355
2583 9011.297117510705 3355.410570728807 214.75951856831986 52.83205919322998 9011 9012 3354 3357 7.0 0.9555397182916615 0.454333508753481 -86.64526243478434 0.8797302170671405 0.10458041774745687 0.4069251600913396 0.0 1.8673901931592516 0.85026944 7.513592185691306 3.0263956324279735 3.1557054961467 0.23612329035504315 1.4927053303604616 5.1452523193872945 4.801772763369223 29.621483307243835
2584 9295.092123046446 3360.8620747642613 214.7569321433022 52.830283446013624 9288 9302 3355 3369 170.0 2.9748747783091845 2.7025382756195 35.29472711108027 0.4179838331174526 -0.10139805319749085 1.715737397107708 0.0 72.81895820738222 4.65353 85.24969562944317 8.46071214531494 1.9087424585110073 0.45087738152281215 7.356132180109627 97.95333498212833 13.462829194607387 26.422451932871954
2585 9792.620655226387 3361.6024822850854 214.75249114301306 52.82712273604963 9785 9799 3356 3367 123.0 3.4786143959361135 2.227119187152231 -13.277084491716897 0.7681818652634492 -0.22928771270581316 0.7087673446981831 0.0 22.636216068162486 3.6003268 42.151233848943306 10.568272642033332 2.610746964759518 0.4314857954110048 6.257165172872317 45.28382523827966 16.92172293538415 27.26014223581555
2586 3253.940361897028 3358.351688575756 214.81083957445074 52.86868348985052 3253 3255 3357 3360 9.0 0.9010755703791523 0.6776022923436438 49.242973255883285 0.6591713815561432 0.14987963427150164 0.38391838469455725 0.0 2.4912653276414223 1.1297146 6.979042371927768 3.5162161329695305 2.7124698708239237 0.18590530011135684 1.692568750643269 18.172774560122853 5.6407995726118445 28.251446902401284
2587 7816.977080893532 3358.4457411960216 214.77013207303585 52.83967150350089 7816 7818 3357 3360 10.0 1.093450071992007 0.654430640460436 -69.50481412498826 0.8011222781088987 0.24149769938731727 0.44878012543158274 0.0 3.2729339052477755 0.99793226 11.943889896931976 3.5145340942480185 2.8621449418454468 0.11581511727652974 1.7841241161527712 16.68064970812885 5.607888492322901 28.34446759420373
2588 4431.95849698414 3365.0000278390394 214.8002553450574 52.86123062187023 4425 4438 3360 3372 134.0 2.480016515813152 1.7619447633171545 -27.29970610793177 0.7037407480637415 -0.18560524988770186 0.9856438332677474 0.0 24.10868901563712 3.8042474 35.14278100438572 6.778271040298211 2.2338137016432897 0.6218555805738194 6.530966601401967 36.025919780703504 10.84306624232578 27.508462305911248
2589 6102.687638640063 3364.333857307146 214.78535674392919 52.85060456958481 6094 6112 3360 3370 155.0 3.987405726048262 2.100983723025617 10.946469987289877 0.8499242306800681 -0.23117850592119113 0.6952242794075448 0.0 30.040505121400667 4.4597034 47.13883701184697 8.803133709708188 1.9201334686472278 0.47582219654917274 7.024103669400641 64.45005508596655 14.020438421900483 26.876941767788814
2590 2936.198117573615 3371.7484968512576 214.81353507993805 52.870775419223435 2928 2943 3362 3381 216.0 4.576387750673221 2.9896609323285563 80.69987291440758 0.7571167114764799 -0.12954756118499172 0.7968416302567645 0.0 61.84381072088706 5.545627 90.78493291321087 11.147406975960916 1.808489320539854 0.3623081275768397 8.291859587312052 87.83298044140491 17.831652134210252 26.54085595014762
2591 2989.575501298578 3370.532891063675 214.81307134668086 52.87042957820171 2983 2997 3363 3376 101.0 4.626144651137985 1.5016201366248596 -46.717452476490834 0.9458533433671452 -0.35965510471848383 0.5658547639170167 0.0 16.406053206561765 3.774698 20.054275918994197 8.496842364379685 1.9525902729533908 0.42308849296971796 5.670035141386943 27.62775446882547 13.654821787570686 27.796636030689996
2592 3754.702131808318 3375.900003732508 214.80618486972762 52.865594804584006 3745 3764 3364 3390 416.0 4.208829544011282 2.8772414437555005 82.08432894949745 0.7298378201850315 -0.22832503697053189 5.321694374138251 0.0 207.029674313134 6.05307 206.95611672569228 6.412156370715028 1.4 0.6784117845892379 11.507254783503184 210.44509331432852 10.272879967937431 25.59215298925121
2593 837.346246731824 3369.975784290934 214.83229745939488 52.88410558039051 833 841 3365 3374 67.0 2.3085292879836503 1.6215488138289247 -52.608895485095815 0.7117662621414724 -0.13734150643811482 0.8537844774048612 0.0 23.76593745442153 2.6540072 42.58843364915427 6.780510494994326 2.429904179642634 0.3638423519222637 4.61809077155419 52.20696627484085 10.881206233868113 27.105678856820752
2594 6531.604285468053 3365.439616911776 214.78151964529434 52.84788318052135 6531 6533 3365 3366 6.0 0.685811594692277 0.48324252069758755 -13.459947194450923 0.7095762250878422 0.032215542851899835 0.465452103363236 0.0 1.7944651160804672 0.81708705 8.977902031728245 2.847376850154734 3.279779171515509 0.34072486084781917 1.381976597885342 12.067443484674214 4.538029317204213 28.695961816077734
2595 8298.562685315668 3367.5467230797426 214.76574323981356 52.8366577018516 8298 8299 3367 3368 4.0 0.5205999592013064 0.4720838776092473 46.03904788984217 0.42154525431352013 0.13495692346848184 0.20818438952400228 0.0 0.6276327554237661 0.62875366 0.9375665005894886 0.9792146968601916 1.4 0.11957185947787048 1.1283791670955126 0.6494034252002432 1.5860727601347648 31.86871356267494
2596 8039.921541758048 3370.841576450512 214.76801408810672 52.83832038167313 8038 8042 3369 3373 23.0 1.2986036469765916 1.1654803426791776 -64.21840725242144 0.4410402033134107 0.213178128733243 0.7743589900065523 0.0 11.446159535464963 1.5379953 23.486132326509058 4.462960090630588 2.447490711511837 0.1975959800567701 2.7057581899030048 23.173313170425825 7.083869366533884 27.98752967288728
