outputs/dr0.5_c0.1/nircam2_matched_f277w_f356w_dr0.5_c0.1.ecsv
# %ECSV 1.0
# ---
# datatype:
# - {name: label, datatype: int64}
# - {name: xcentroid, datatype: float64}
# - {name: ycentroid, datatype: float64}
# - {name: sky_centroid.ra, unit: deg, datatype: float64}
# - {name: sky_centroid.dec, unit: deg, datatype: float64}
# - {name: bbox_xmin, datatype: int64}
# - {name: bbox_xmax, datatype: int64}
# - {name: bbox_ymin, datatype: int64}
# - {name: bbox_ymax, datatype: int64}
# - {name: area, unit: pix2, datatype: float64}
# - {name: semimajor_sigma, unit: pix, datatype: float64}
# - {name: semiminor_sigma, unit: pix, datatype: float64}
# - {name: orientation, unit: deg, datatype: float64}
# - {name: eccentricity, datatype: float64}
# - {name: min_value, datatype: float64}
# - {name: max_value, datatype: float64}
# - {name: local_background, datatype: float64}
# - {name: segment_flux, datatype: float64}
# - {name: segment_fluxerr, datatype: float32}
# - {name: kron_flux, datatype: float64}
# - {name: kron_fluxerr, datatype: float64}
# - {name: kron_radius, unit: pix, datatype: float64}
# - {name: gini, datatype: float64}
# - {name: equivalent_radius, unit: pix, datatype: float64}
# - {name: kron4_2_flux, datatype: float64}
# - {name: kron4_2_fluxerr, datatype: float64}
# - {name: kron4_2_mag, datatype: float64}
# meta:
#   PHOTMJSR: 0.4047000110149384
#   PIXAR_SR: 2.11539874851881e-14
#   __serialized_columns__:
#     area:
#       __class__: astropy.units.quantity.Quantity
#       unit: !astropy.units.Unit {unit: pix2}
#       value: !astropy.table.SerializedColumn {name: area}
#     eccentricity:
#       __class__: astropy.units.quantity.Quantity
#       unit: !astropy.units.Unit {unit: ''}
#       value: !astropy.table.SerializedColumn {name: eccentricity}
#     equivalent_radius:
#       __class__: astropy.units.quantity.Quantity
#       unit: !astropy.units.Unit {unit: pix}
#       value: !astropy.table.SerializedColumn {name: equivalent_radius}
#     kron_radius:
#       __class__: astropy.units.quantity.Quantity
#       unit: !astropy.units.Unit {unit: pix}
#       value: !astropy.table.SerializedColumn {name: kron_radius}
#     orientation:
#       __class__: astropy.units.quantity.Quantity
#       unit: &id001 !astropy.units.Unit {unit: deg}
#       value: !astropy.table.SerializedColumn {name: orientation}
#     semimajor_sigma:
#       __class__: astropy.units.quantity.Quantity
#       unit: !astropy.units.Unit {unit: pix}
#       value: !astropy.table.SerializedColumn {name: semimajor_sigma}
#     semiminor_sigma:
#       __class__: astropy.units.quantity.Quantity
#       unit: !astropy.units.Unit {unit: pix}
#       value: !astropy.table.SerializedColumn {name: semiminor_sigma}
#     sky_centroid:
#       __class__: astropy.coordinates.sky_coordinate.SkyCoord
#       dec: !astropy.table.SerializedColumn
#         __class__: astropy.coordinates.angles.Latitude
#         unit: *id001
#         value: !astropy.table.SerializedColumn {name: sky_centroid.dec}
#       frame: icrs
#       ra: !astropy.table.SerializedColumn
#         __class__: astropy.coordinates.angles.Longitude
#         unit: *id001
#         value: !astropy.table.SerializedColumn {name: sky_centroid.ra}
#         wrap_angle: !astropy.coordinates.Angle
#           unit: *id001
#           value: 360.0
#       representation_type: spherical
#   astropy version: '5.1'
#   kernelfile: kernel_f277w_f356w.fits
#   make_catalog parameters:
#     ab_zpt: 31.4
#     coadd_bands: !!python/tuple [f277w, f356w]
#     deblend_contrast: 0.001
#     deblend_nlevels: 32
#     deblend_npixels: 1
#     detect_kernel_fwhm: 4.0
#     detect_kernel_npix: 7
#     detect_npixels: 4
#     detect_threshold_nsigma: 3.0
#     flag_isolated_buffer: 4
#     hst_bands: !!python/tuple [f606w, f814w, f125w, f140w, f160w]
#     jwst_bands: !!python/tuple [f115w, f150w, f200w, f277w, f356w, f410m, f444w]
#     near_border_kernelsize: 21
#     reference_band: f200w
#   make_catalog version: 1.4.0
#   photutils version: 1.5.0
# schema: astropy-2.0
label xcentroid ycentroid sky_centroid.ra sky_centroid.dec bbox_xmin bbox_xmax bbox_ymin bbox_ymax area semimajor_sigma semiminor_sigma orientation eccentricity min_value max_value local_background segment_flux segment_fluxerr kron_flux kron_fluxerr kron_radius gini equivalent_radius kron4_2_flux kron4_2_fluxerr kron4_2_mag
[from data line 444]
445 6955.475264268493 2346.223481062235 214.8968871533046 52.894460086128106 6953 6958 2344 2348 24.0 1.4389484629964937 1.1429486950932908 17.752836715780766 0.607533059364797 0.2302804916426173 0.5244783828309215 0.0 8.872002417209568 0.46026188 17.47288997293141 1.2578396832580399 2.384285558559859 0.1453727824742238 2.763953195770684 16.03681426807529 2.046670318474006 28.387204751477537
446 7938.224310339944 2353.519719736691 214.88802113579524 52.88825851183078 7932 7944 2347 2360 149.0 2.997820786061446 2.4377728633770377 66.37994005032506 0.5820099643387011 0.1727315333584486 2.355236439880509 0.0 113.84874313459058 1.3270758 151.25930869045047 2.4684840723039514 1.996098423159879 0.38852806250787286 6.886811529393324 167.46363913832067 3.908836684371157 25.84019868852039
447 874.5208915215253 2351.347905577455 214.9512744830647 52.93309031371988 872 877 2348 2354 33.0 1.6105235187471936 1.3683488249031326 -78.27691957186656 0.52737951271815 0.21281351287737962 0.5764850679132921 0.0 12.26262520694897 0.5709197 24.148920253722792 1.5416830912107897 2.402597731602922 0.16925293909281935 3.2410224072142872 25.48060469579947 2.483470397828872 27.88447567426668
448 6546.783000608023 2353.583544924156 214.90046556527565 52.8970950109642 6545 6549 2352 2355 16.0 1.221142658242941 0.9794447352511277 -27.732093279901818 0.5972269082643875 0.25355805600694553 0.33318563976158055 0.0 4.6370023585208795 0.40099832 17.478748423086422 1.4184229143955336 2.966229920083231 0.05207620416178322 2.256758334191025 22.44600896074254 2.2742860683858144 28.02215217010509
449 4342.871009758944 2357.1632496557095 214.92015012162457 52.911107298405945 4340 4346 2354 2361 47.0 1.9171123604141131 1.6977284441606602 79.38714555326042 0.46451464753791455 0.22994370788697238 0.6064925482889345 0.0 18.884723528705255 0.77023894 55.9329117114969 2.481971108416498 2.906552042938815 0.1488148255955053 3.8678889139475245 60.18556758791085 3.8304081040765072 26.9512690986158
450 1494.359441741018 2359.902318478762 214.9456307246413 52.92920285391292 1485 1503 2355 2365 155.0 4.537385276656015 2.0842114887118943 -16.671792972199864 0.8882595089200999 0.2031304124086033 1.0114358906871572 0.0 83.20511159497184 1.2985857 126.59927457216389 2.8719303888972587 2.097652525015628 0.25162747236986144 7.024103669400641 135.20772889095412 4.610861701413624 26.072496205180602
451 9889.98845351687 2361.8410419506577 214.87048544374986 52.87590679133246 9880 9901 2355 2368 210.0 4.428729615515651 2.2755378905394665 22.773170497575894 0.8579023392239856 0.16456732815669228 2.5087056069154765 0.0 164.0899141834078 1.6246192 230.38468736208515 3.3108350217964753 2.1494473707437978 0.40407195038755517 8.175883811466258 282.3042522913136 5.199528445703043 25.273206450286754
452 1058.9711608532505 2359.725818139848 214.9495335138862 52.93196501937108 1054 1063 2356 2363 58.0 2.3411587943888037 1.6388041338415997 10.42125552545182 0.7141457829085106 0.1945647073221313 0.7459111097245892 0.0 25.732307785565 0.79257685 44.374670468309624 1.8235137217249253 2.042759705520104 0.18094238252024913 4.296739856991561 37.917263591281895 2.92694589283302 27.452907530793254
453 1626.5061877408561 2357.6920525257037 214.94447010332965 52.928352244876834 1625 1628 2356 2359 12.0 1.077949121052657 0.8292573698125123 -33.280578280118334 0.6388976424882755 0.2384113198146259 0.3568003047721293 0.0 3.634080611698626 0.3532274 19.310224290356892 1.3984315321054908 3.303684114179321 0.07420903794607055 1.9544100476116797 24.706253686676092 2.2024026671532413 27.917982758768424
454 6441.12494247854 2358.894608222571 214.90135487629823 52.89779458643954 6439 6443 2357 2361 22.0 1.31477194138822 1.2011552570145774 -34.38667257978334 0.40664895770430587 0.22995997054625225 0.38418025055759303 0.0 6.688660142275004 0.44812492 17.105330335069507 1.3841654905582916 2.6307580091304095 0.08925470567080002 2.6462837142006137 15.744861879248178 2.2079610534231544 28.407152862075332
455 7718.887475594304 2358.087444100097 214.88993447753273 52.88967611243252 7718 7720 2357 2359 8.0 0.8544773642449373 0.6718440061149249 44.901571184263624 0.6178918720193516 0.33750319622657243 0.44796180545908887 0.0 3.1413566397791133 0.27992544 16.69833985118223 1.0789969248877909 3.275832169209149 0.053676733893493166 1.5957691216057308 29.467013750609677 1.754981176807996 27.726659685599607
456 7884.801882000719 2359.007809675692 214.8884410888732 52.88862739872942 7883 7887 2357 2361 22.0 1.290907582656714 1.1783723706362443 60.217898613669284 0.4083515705478386 0.26912219428572975 0.582259525440699 0.0 9.354597559953442 0.5160349 24.184373202600824 1.549811781682303 2.7042363413493637 0.13732403619949168 2.6462837142006137 32.56496496658373 2.4165282994036312 27.618123461760025
457 6288.686756631826 2362.9392732951915 214.9026760633643 52.89878436251429 6285 6292 2358 2367 67.0 2.2863810866887206 1.7913829667345442 85.85864240081517 0.6213899177089833 0.15886769137051213 0.7725836661706283 0.0 26.688471223807237 0.8192783 60.83921233046057 2.338671046322537 2.7144773860219056 0.24431253250141396 4.61809077155419 76.27963591755167 3.7775584035756973 26.693978471268004
458 2634.053309147588 2375.998623868143 214.93525234779523 52.92205628407295 2621 2647 2361 2388 566.0 5.876148772980207 5.534109051977177 76.48291623641559 0.3361965232347459 0.16255265429896745 1.6211115599577033 0.0 317.2349452540798 2.5471919 483.9372730003925 5.484561909317865 2.1345827817638487 0.3070995629503612 13.422495877444907 562.3180650464178 8.730744148438385 24.525044910273486
459 1194.1807629206148 2364.997212032805 214.94826652888813 52.931135417806836 1190 1198 2362 2369 50.0 2.3233664533792067 1.5692567021309438 36.76776029460429 0.7374299036816393 0.21685717643217092 0.4870267569983377 0.0 17.489650997441196 0.71442956 66.50068942923738 2.530145354607227 3.036452336060348 0.11829935397579419 3.989422804014327 85.85785977320884 4.100306381520272 26.565549854056492
460 2564.293165665742 2364.031817233025 214.936003118179 52.92243445127539 2563 2565 2363 2365 7.0 0.7543219182278239 0.6838724302912819 86.2252235890439 0.4219791394870394 0.25953127290550404 0.3066130320799436 0.0 1.9894993841371689 0.26502028 11.89722778931452 1.0599672863090053 3.3997668499122025 0.04191714659082901 1.4927053303604616 17.533147082589743 1.705762425944759 28.290350309889114
461 8119.443068588823 2368.563626403706 214.88624233656475 52.88718877806307 8113 8125 2363 2375 121.0 3.416696946908488 2.139174260544615 46.634265655532964 0.7797474008552444 0.20776103036656834 1.208071780934176 0.0 68.05262610477106 1.2503028 99.98263621504375 2.512711050141189 1.9690874180824833 0.25902763374769705 6.206085419025319 101.22347301638655 3.896265767736056 26.386796914901197
462 9152.251544573459 2367.9762533617563 214.87701481472115 52.88062592073168 9147 9157 2363 2372 84.0 2.25880356708164 2.161287109967699 -8.021134693724475 0.2906538511949134 0.185628340801828 1.057856373633532 0.0 39.74627988272745 0.9814253 64.21053892082054 2.370570244484619 2.22003052392742 0.2824449210882166 5.170882945826411 81.25132550534144 3.6495218289484312 26.62542386341241
463 9388.21828087595 2373.993803930515 214.8748422383472 52.87915958230751 9379 9397 2364 2383 289.0 3.8828447313736527 3.2443241488493837 -47.317832711350974 0.5494092300177548 0.19472117280883214 4.617090219065933 0.0 293.41027002724167 2.0042787 350.5339375313317 3.2758383488558307 1.849386651404774 0.4554827663724653 9.591222920311857 388.28536376330135 5.1603666014507095 24.92712244918622
464 1568.7755818926646 2370.8650099744978 214.944848612302 52.92878977548845 1562 1574 2365 2378 123.0 3.226458451775424 2.7599667093609037 -61.02728029803985 0.5179402739024168 0.19809278002183714 0.5136474491677817 0.0 38.34806622490259 1.1043501 80.17104741935354 3.0868080302787693 2.334716645648426 0.1288181269816756 6.257165172872317 96.1530126493214 4.998040226585366 26.442592759934552
465 6320.9452601955845 2371.148817837995 214.90230104689118 52.89862383434167 6315 6328 2366 2377 133.0 2.9654476101218017 2.3250422842260208 31.031826713858756 0.6207048748689564 0.15414353052449747 1.793442053775459 0.0 82.33272757673959 1.1778737 111.41508155726584 2.2899429364346013 1.9306005980773107 0.35769764304429547 6.506551687525748 128.86344540016836 3.6123279856813926 26.124675652940624
466 6913.933065534974 2368.560064181215 214.89702362624953 52.894844419788384 6912 6916 2366 2371 27.0 1.5410343980111985 1.2653871328074429 -75.29276342895575 0.5707434852580131 0.28638462948356636 0.4734781994853933 0.0 10.176879140795108 0.49525738 28.109287631080623 1.568991018616559 2.706897535993196 0.08385708498133523 2.9316150714175193 35.20072070901381 2.5186818418680423 27.53362111142232
467 8268.618760092877 2371.1818412602133 214.8848809182323 52.886255486914415 8267 8270 2369 2373 16.0 1.2629009460860794 0.9405764118203684 86.02702093280442 0.6673162328225797 0.3499094029991874 0.5378372707182496 0.0 7.145708005255548 0.4349907 21.25398551908845 1.3571016674026726 2.717728532776441 0.0795749116516553 2.256758334191025 20.01213390141374 2.1423870502686153 28.146766499774067
468 3338.201075005917 2372.6826588280987 214.9289814919557 52.91756880072085 3336 3340 2371 2375 19.0 1.2232867411566832 1.10746398901729 -4.592934103748473 0.42473356806308477 0.23427339738290265 0.438836138640414 0.0 6.139516741205403 0.46078524 19.96288999105175 1.6283971549336917 2.9893815818761156 0.1123094778146169 2.4592453796829674 19.422229689806354 2.5944128839969873 28.17925228540141
469 3926.490560544589 2375.750365987192 214.9236819583074 52.91385093704157 3922 3931 2373 2379 53.0 2.6691437189260396 1.47944852512436 23.886211211130206 0.8323313835447419 0.23491450820050208 0.4233556998257286 0.0 17.362995803383757 0.7636327 84.79521158880397 2.9628367303078353 3.198148814172098 0.0861411780513368 4.1073621666150775 112.76844970495736 4.740887557972154 26.26953097507598
470 9793.066588769767 2382.4931918193133 214.87113429645737 52.87663384813318 9776 9808 2373 2392 464.0 6.000509618361323 3.2867115046390953 7.811291752034373 0.8366494403542011 0.15768905530912447 5.540864714000298 0.0 540.8140745737861 2.5838044 610.5575685660197 3.993357337498027 1.768713444060926 0.47636447576132285 12.153015559492998 683.0779382507267 6.29468337596086 24.313824352724673
471 2154.4498362349746 2378.936291007264 214.93951709560255 52.92511623988563 2148 2161 2374 2383 102.0 2.8042389115234623 1.9754744425878015 2.3483428286178754 0.709743586224597 0.1599210823376614 1.3161891792943181 0.0 54.783923447627465 1.0627639 84.00393654224197 2.4711586286588383 2.279720574762787 0.3228220613961483 5.698035485213008 106.00286079003648 3.9799496930099365 26.336706034749362
472 9596.422423162529 2383.0192024106655 214.87288628863251 52.87788577626093 9589 9604 2374 2393 237.0 4.01654267365434 2.854978120905992 -70.15754584009528 0.7033892428136594 0.20270696510408215 2.908545522530173 0.0 188.27157386151157 1.7385427 238.26869421495684 3.073286977102659 1.8810455021928683 0.40161020216835697 8.685588237163813 246.24278672955003 4.926184163670757 25.42159120643563
473 6766.9961441829255 2382.383709590134 214.89819247940142 52.895852081896585 6762 6772 2376 2388 110.0 2.9387027831801382 2.472152698888163 81.68048211702471 0.5406627376319159 0.2029053548753201 0.7036093682201832 0.0 44.044466592558045 1.04454 65.3966888084921 2.2640829754609513 1.9654115404097654 0.1876315017764851 5.917270272703197 67.69122676702398 3.617723179243906 26.823669037798613
474 8370.10879702414 2384.9056485502565 214.8838290250138 52.88568495499221 8365 8374 2376 2393 127.0 4.135908842299262 2.0364099409951684 -73.54167286428641 0.8703842863208504 0.18186326213539877 0.793076161893174 0.0 55.30071648702093 1.1958852 125.1981313576934 3.4416667293625776 2.5717968498760397 0.1849746437038249 6.358093703724522 129.75016571417618 5.437390760938418 26.117230197018483
475 8983.032275544918 2392.2180542017322 214.87827235883006 52.88183150976622 8964 9002 2376 2410 944.0 5.161880983566059 4.87617042241378 47.48727579028306 0.3280800843285509 0.18497705805731565 27.68739226625739 0.0 2027.5049250560808 3.729248 2030.4428430034282 3.76753173832496 1.4 0.6710209345843828 17.334489682638438 2144.7203108810036 5.483952120650911 23.0715733383728
476 710.5392675774672 2378.496787053916 214.95245806939025 52.93427757654508 709 712 2377 2380 12.0 0.948395019683979 0.934300128315463 81.16569067385426 0.1717637857225222 0.24994137485444406 0.3199005649070054 0.0 3.462266090399621 0.33773872 19.380187132057564 1.377261162242554 3.320659314848374 0.04831734760175264 1.9544100476116797 24.72091376080404 2.245247959946935 27.917338701075707
477 7866.597579784416 2385.502433144088 214.8883250051076 52.888885962711825 7859 7874 2377 2394 223.0 3.7530947803636883 2.700114576820519 -55.86618839369878 0.6945578888222836 0.12561840266633756 3.3495968878920896 0.0 186.84564073052127 1.6414082 233.5615312388804 2.8512269368374614 1.9456511753559413 0.43446926361710797 8.42514715711158 265.50785513654483 4.541766758656398 25.339806564121147
478 9318.533971430737 2379.2784954902395 214.87540949017955 52.87963071062768 9317 9320 2377 2381 16.0 1.1823239163204438 0.968722273585802 -58.98861035257494 0.5733115452362846 0.2681301726215174 0.48547885195776974 0.0 5.972969973984307 0.44660288 19.609768363276014 1.5168575307719054 2.905800972579289 0.10467316817178561 2.256758334191025 20.813413648833286 2.396332338026354 28.10414171113977
479 10001.229029987398 2382.193504136851 214.86927708655855 52.87530994807853 9996 10007 2377 2387 112.0 2.589590803796662 2.0720418131207134 -34.8871485046523 0.5998098739610876 0.1763240202576085 2.2911882788067506 0.0 86.23430550929156 1.1517696 107.57782979505204 1.966077698936269 1.8122775541777958 0.405325526353744 5.970821321441846 115.35689012163091 3.1262344197755367 26.244891151265588
480 7239.792638647103 2384.2207879024477 214.89394414343042 52.8928596317802 7235 7245 2379 2389 96.0 2.478541564902471 2.0157046103526386 -45.65490115927809 0.5818971578885689 0.1606296227581685 1.6346791743753084 0.0 57.9152766917761 1.0029327 80.74020144142665 1.9434159387047985 1.9707625937711748 0.35326007926524217 5.527906391541368 84.44010076305871 3.133288090482659 26.58362814279234
481 9874.517044855429 2382.3175900791457 214.87040820203288 52.87611551713044 9872 9877 2379 2385 33.0 1.690701904311333 1.3946512322443507 -85.42126575631572 0.5652862517896242 0.20558701804219023 0.4413939712160187 0.0 11.04712788414383 0.6069865 50.63080517904846 2.306404897690869 3.23969365868254 0.11105940448092567 3.2410224072142872 104.98400405027735 3.799874471930314 26.347192168561076
482 8520.465091037111 2390.4885785623824 214.8824259454475 52.88476013247262 8511 8529 2381 2400 259.0 5.0667508005340895 2.927910980387193 51.76882485151173 0.8161305470538985 0.1640461355295367 1.566093867529908 0.0 132.59682152611356 1.7334038 294.79823829960094 4.814095928883105 2.69834509584865 0.3092806130739765 9.079772052293041 472.48436794564304 7.666605478516419 24.714031388665905
483 476.189146391116 2386.6945913452337 214.95447187149207 52.93580901430139 471 482 2382 2392 102.0 2.6771549505899146 2.240190876194072 -9.294758409440236 0.5475385909267623 0.15810794506654124 0.961538822825726 0.0 46.81791715208738 1.0148362 70.05389935038126 2.12533318734036 1.9168135096162415 0.2666096934608257 5.698035485213008 69.11739835183904 3.3354695210734606 26.801031543752913
