outputs/dr0.5_c0.1/nircam3_matched_f814w_f277w_dr0.5_c0.1.ecsv
# %ECSV 1.0
# ---
# datatype:
# - {name: label, datatype: int64}
# - {name: xcentroid, datatype: float64}
# - {name: ycentroid, datatype: float64}
# - {name: sky_centroid.ra, unit: deg, datatype: float64}
# - {name: sky_centroid.dec, unit: deg, datatype: float64}
# - {name: bbox_xmin, datatype: int64}
# - {name: bbox_xmax, datatype: int64}
# - {name: bbox_ymin, datatype: int64}
# - {name: bbox_ymax, datatype: int64}
# - {name: area, unit: pix2, datatype: float64}
# - {name: semimajor_sigma, unit: pix, datatype: float64}
# - {name: semiminor_sigma, unit: pix, datatype: float64}
# - {name: orientation, unit: deg, datatype: float64}
# - {name: eccentricity, datatype: float64}
# - {name: min_value, datatype: float64}
# - {name: max_value, datatype: float64}
# - {name: local_background, datatype: float64}
# - {name: segment_flux, datatype: float64}
# - {name: segment_fluxerr, datatype: float32}
# - {name: kron_flux, datatype: float64}
# - {name: kron_fluxerr, datatype: float64}
# - {name: kron_radius, unit: pix, datatype: float64}
# - {name: gini, datatype: float64}
# - {name: equivalent_radius, unit: pix, datatype: float64}
# - {name: kron4_2_flux, datatype: float64}
# - {name: kron4_2_fluxerr, datatype: float64}
# - {name: kron4_2_mag, datatype: float64}
# meta:
#   PHOTMJSR: 0.3925000131130219
#   PIXAR_SR: 2.11539874851881e-14
#   __serialized_columns__:
#     area:
#       __class__: astropy.units.quantity.Quantity
#       unit: !astropy.units.Unit {unit: pix2}
#       value: !astropy.table.SerializedColumn {name: area}
#     eccentricity:
#       __class__: astropy.units.quantity.Quantity
#       unit: !astropy.units.Unit {unit: ''}
#       value: !astropy.table.SerializedColumn {name: eccentricity}
#     equivalent_radius:
#       __class__: astropy.units.quantity.Quantity
#       unit: !astropy.units.Unit {unit: pix}
#       value: !astropy.table.SerializedColumn {name: equivalent_radius}
#     kron_radius:
#       __class__: astropy.units.quantity.Quantity
#       unit: !astropy.units.Unit {unit: pix}
#       value: !astropy.table.SerializedColumn {name: kron_radius}
#     orientation:
#       __class__: astropy.units.quantity.Quantity
#       unit: &id001 !astropy.units.Unit {unit: deg}
#       value: !astropy.table.SerializedColumn {name: orientation}
#     semimajor_sigma:
#       __class__: astropy.units.quantity.Quantity
#       unit: !astropy.units.Unit {unit: pix}
#       value: !astropy.table.SerializedColumn {name: semimajor_sigma}
#     semiminor_sigma:
#       __class__: astropy.units.quantity.Quantity
#       unit: !astropy.units.Unit {unit: pix}
#       value: !astropy.table.SerializedColumn {name: semiminor_sigma}
#     sky_centroid:
#       __class__: astropy.coordinates.sky_coordinate.SkyCoord
#       dec: !astropy.table.SerializedColumn
#         __class__: astropy.coordinates.angles.Latitude
#         unit: *id001
#         value: !astropy.table.SerializedColumn {name: sky_centroid.dec}
#       frame: icrs
#       ra: !astropy.table.SerializedColumn
#         __class__: astropy.coordinates.angles.Longitude
#         unit: *id001
#         value: !astropy.table.SerializedColumn {name: sky_centroid.ra}
#         wrap_angle: !astropy.coordinates.Angle
#           unit: *id001
#           value: 360.0
#       representation_type: spherical
#   astropy version: '5.1'
#   kernelfile: kernel_f814w_f277w.fits
#   make_catalog parameters:
#     ab_zpt: 31.4
#     coadd_bands: !!python/tuple [f277w, f356w]
#     deblend_contrast: 0.001
#     deblend_nlevels: 32
#     deblend_npixels: 1
#     detect_kernel_fwhm: 4.0
#     detect_kernel_npix: 7
#     detect_npixels: 4
#     detect_threshold_nsigma: 3.0
#     flag_isolated_buffer: 4
#     hst_bands: !!python/tuple [f606w, f814w, f125w, f140w, f160w]
#     jwst_bands: !!python/tuple [f115w, f150w, f200w, f277w, f356w, f410m, f444w]
#     near_border_kernelsize: 21
#     reference_band: f200w
#   make_catalog version: 1.4.0
#   photutils version: 1.5.0
# schema: astropy-2.0
label xcentroid ycentroid sky_centroid.ra sky_centroid.dec bbox_xmin bbox_xmax bbox_ymin bbox_ymax area semimajor_sigma semiminor_sigma orientation eccentricity min_value max_value local_background segment_flux segment_fluxerr kron_flux kron_fluxerr kron_radius gini equivalent_radius kron4_2_flux kron4_2_fluxerr kron4_2_mag
[from data line 2476]
2477 8177.215349574079 3242.027526305446 214.7681463972599 52.83675356773098 8173 8182 3239 3245 55.0 2.3918299027115806 1.4293707277968355 -19.12289745472382 0.8017902811462088 0.11454924851335578 1.0752615848454563 0.0 32.67086398632287 2.4349363 56.09842517076086 6.347784730967518 2.3880218352825517 0.24759229790391565 4.1841419359420025 48.779321307181235 10.158267586592709 27.179410616379858
2478 6728.729851626406 3247.7754962559243 214.78100052711426 52.845995945079814 6723 6734 3241 3253 111.0 3.4118825569990046 2.149920229775631 58.3055046164601 0.7764918723483708 -0.2778944892810836 0.6364184499521055 0.0 20.42955514603988 3.5376499 27.195060604128816 5.646068661177671 1.4 0.3946444680782009 5.944106103225343 21.769962395496222 9.061853257968568 28.055355802850016
2479 7518.608244858053 3246.0881309454335 214.77397508559778 52.8409639190165 7515 7523 3241 3251 79.0 2.5802920574172195 1.6894071269424327 43.61065036172244 0.7558586371508371 -0.2523313825193711 0.683300695017723 0.0 14.470640524931483 3.7251303 14.09596168925496 5.415842492261722 1.4 0.41923757690398716 5.014626706796775 6.701058847487862 8.589424176201458 29.334641420379196
2480 8546.063928593061 3245.25350856383 214.76482466841188 52.83442507936479 8543 8549 3241 3249 51.0 2.2209092761890195 1.7036036814163162 86.27813017207409 0.6415575989139424 -0.0772723669448679 0.35652321208620774 0.0 9.392303768506777 2.3125029 14.334028249456004 3.9123683008360346 1.4 0.3205888919039545 4.029119531035698 10.105429255871359 6.299072351409382 28.88861308476388
2481 7208.436012954861 3244.9219446509446 214.77675292078348 52.84293011298562 7205 7212 3242 3249 54.0 2.2379637564252044 1.5664709793050609 13.456181240446327 0.7141882372089262 -0.1800161491075956 0.24585470143408628 0.0 4.467237307284125 2.9203641 11.465685776808895 8.615829388132187 2.6179585572858817 0.34201546472343275 4.145929793656026 19.516840469486397 13.758483777549142 28.17397621945632
2482 6336.513734487877 3248.01938951811 214.78449588682207 52.84849125695642 6331 6344 3243 3254 118.0 2.4391908920968515 1.9272197658021546 12.801022965791935 0.6129700198332592 -0.1208093464592842 3.6435066799534823 0.0 92.57962485283456 3.8872175 100.37031296504126 4.836544492378388 1.4 0.540388813390658 6.128667601500942 91.81961203405137 7.783674828996816 26.492661366482896
2483 1884.4802038995567 3253.9723332867584 214.82416625252742 52.87682542664808 1879 1890 3245 3260 156.0 3.5405623990878707 2.964311376734245 -67.49085023078753 0.5468308886987538 -0.1212585334826831 0.5594636124496071 0.0 36.07325435062221 4.193394 96.95337311408485 13.064027689505306 2.689342621835494 0.3669604253255416 7.046725639945928 108.91852284946943 20.933164549468717 26.30724564296006
2484 2036.7647412785914 3247.0561666457397 214.822879135315 52.87582027898714 2034 2039 3245 3249 26.0 1.4811216048594957 1.2706757443526693 4.93688127403305 0.5137924294409509 0.2087652132009823 0.49142262523540803 0.0 9.72079274620048 1.6789894 24.774770236228104 4.874626294362028 2.3951328543695687 0.13265627302302344 2.876813695875796 25.74521686283815 7.842889936830013 27.873258613938606
2485 1337.6751162454118 3250.9084032739443 214.8290821611853 52.88028409993612 1334 1341 3247 3254 47.0 2.3235106565533785 1.375749636590187 29.206176329145325 0.8058648220767699 -0.074711042793268 0.42437224788250955 0.0 9.23336883982415 2.3339643 24.74767100542213 7.6064538107647675 2.7976046444685765 0.34415767413061504 3.8678889139475245 27.16300561474742 12.118930912241831 27.815055441494373
2486 3760.752812654173 3252.756317868624 214.80742757857684 52.86489280533629 3756 3768 3247 3260 149.0 3.2025241085612652 2.9251262812475693 -84.47329514110565 0.4071046933653064 -0.20469305289186746 0.43122534362841086 0.0 23.858544079336063 3.596546 50.795578193380564 11.985388804071732 2.981115850679878 0.3570427421879468 6.886811529393324 65.33537967657645 19.19299509337096 26.86212895196686
2487 9065.524988027883 3252.9983659430472 214.76011347200728 52.831162876865974 9057 9071 3247 3257 87.0 3.893639570727737 1.4389405685739005 24.894410176268572 0.9292061413653746 -0.20886361937973508 0.4937492227719621 0.0 8.380118226460047 3.3145254 21.87799309536699 9.680034670568432 2.6110534241514345 0.5410675449662994 5.262410103554244 -10.362062611642397 15.488503720225278 nan
2488 853.6536852988968 3250.8810050057814 214.83340601013614 52.883359954298264 850 857 3248 3254 35.0 2.1073929191733973 1.2600314641899921 39.921856536365354 0.8015631845986099 0.21591211691388162 0.7917268003817473 0.0 16.102611800934643 1.9297634 57.88933960642869 6.597379197767816 2.8127983033115083 0.18669514193031894 3.3377905890622728 81.47588076101923 10.489157476099917 26.622427340195305
2489 9829.929109911403 3256.896829949089 214.75326101525775 52.826321731443535 9817 9844 3249 3265 325.0 4.896209594209683 2.54994636862586 9.758021899146632 0.8536786704381012 -0.26393785211169246 1.7872806503118064 0.0 91.5219572515494 6.0344806 129.67657243163785 10.968034313583601 2.0986725916903284 0.580077342789488 10.171072362820547 148.67162689827256 17.460489137152422 25.96942976526635
2490 7617.25346240018 3255.781176457929 214.77299354716578 52.84038879232317 7610 7624 3251 3262 148.0 3.2838356553846695 2.2769091820137106 -24.33404517757467 0.7205828957295173 -0.32062616298740426 0.5496819385271726 0.0 18.618312372979908 4.113766 32.70504861060043 10.953615167494455 2.7368705638607826 0.4879928420500454 6.863662517577698 29.198862230661113 17.46240030106059 27.736585177592357
2491 1605.321937373978 3263.2579283735404 214.82656159620507 52.87864967608818 1597 1611 3252 3269 200.0 3.7067862897803816 2.3617501274332926 63.05647160888293 0.7707462380112007 -0.12283208637042328 6.157897373813598 0.0 183.48438573228464 4.6859436 220.44474394333517 7.752886190076865 1.7848208203442717 0.5465095278094543 7.978845608028654 239.66206282299268 12.471576911281568 25.451001767341676
2492 8190.842743856853 3259.612526732348 214.76783978706464 52.83676159267542 8187 8194 3254 3264 64.0 1.7956053516625854 1.5788873833297117 -23.561847683799403 0.4762563924598625 -0.09931521850607726 1.789911167384886 0.0 33.0962211591138 2.5836275 54.294395547486616 5.532414182222801 2.2998160012870734 0.5085459305517762 4.51351666838205 43.40359995607953 8.862342119464909 27.306185619984756
2493 8904.274047419634 3258.2774190985383 214.76149495789588 52.83221691741077 8899 8910 3254 3262 94.0 2.9126202457466777 2.0199711638490654 -1.609592290622165 0.7204338139214258 -0.04274488513611341 0.9460748360606595 0.0 39.7738124166247 3.1938322 87.93800122110476 10.042789028818635 2.8346835088932014 0.27675970045419607 5.4700209598571305 127.20782488960947 16.11171675150331 26.138715433160492
2494 2273.4247387083606 3277.6642718277103 214.8204434844845 52.8744810777516 2254 2292 3257 3294 1106.0 7.0588416205364215 6.5402897671003455 27.268393019897832 0.37619952475190815 -0.26248988848087884 3.5680106192561256 0.0 727.2997210938149 11.399366 767.0025980434069 15.330493903246444 1.4941576204321534 0.536628679984018 18.763015059400033 797.8961600804912 24.371093114682637 24.145134062470397
2495 3188.4565439269722 3271.3874442989404 214.81233991022975 52.86863111595901 3183 3195 3263 3282 193.0 4.57142122141818 2.5286443378710315 75.1372332442801 0.8330870943470178 -0.2554079546056262 0.5568795736829103 0.0 33.41606672964606 5.3444505 38.151976281370324 9.998763053323895 1.7455636265511856 0.44122189783719545 7.837972188868215 46.843855104012086 15.990475917632141 27.22336842759948
2496 6582.5519591130815 3267.110963282674 214.78210057070146 52.847029606831356 6579 6586 3264 3270 47.0 2.09219196216786 1.5448019106664024 -38.479688837428554 0.6744009998189651 0.13068626504991562 0.6853873285976606 0.0 19.437389830148224 2.3026962 80.03271466667977 8.591091252282547 3.2279107202189032 0.21599230723272683 3.8678889139475245 118.1474753442851 13.751110783534134 26.21893888558179
2497 6632.230113964691 3265.5442746197964 214.7816740279883 52.84670527507831 6628 6636 3264 3269 38.0 2.5157015499368183 1.0519833776199188 -1.4319531692428487 0.9083701655099491 -0.12853434533718444 0.4921775386151164 0.0 4.712960902289982 2.0698564 18.252550582722858 7.869683723555477 3.2184174696384944 0.361752221389931 3.477898169151024 27.722355114909625 12.555914239494644 27.79292469399235
2498 9979.956511728671 3269.646431814204 214.75179011922316 52.82543604516865 9974 9985 3265 3274 88.0 2.27351621289852 1.9368525211415075 28.678929577763377 0.5236729618835054 -0.22984034604645706 0.475262392342464 0.0 11.150372490955402 3.1221282 14.730189097914053 4.319366118471468 1.4 0.4577541778821896 5.292567428401227 13.862303854091682 6.956904869711236 28.545411464719816
2499 2053.93661204067 3268.2333017287765 214.82250277906132 52.87582527762215 2051 2056 3266 3270 22.0 1.2551818751382078 1.1851459052178057 -68.18527052608515 0.32936541663391167 -0.059111599463709745 0.47243890495806595 0.0 3.8410454753993193 1.6291547 11.19216171970266 4.173648011519014 2.2475608883953186 0.3634919594276485 2.6462837142006137 11.488078099107305 6.638594334326285 28.749381551596695
2500 8511.957519028694 3286.3876765509085 214.764695607923 52.83486348940856 8492 8533 3267 3301 1028.0 7.44453322843719 5.473180983037894 -13.53711245391964 0.6778560542012133 -0.29935004108532787 3.681915649469762 0.0 346.3286509018234 10.498872 357.7691669075713 14.165742827577207 1.5339345615370141 0.6187199600038966 18.089294154193436 387.2237831189334 22.591398525529357 24.93009494090839
2501 7381.7830745296715 3273.671186031926 214.77490461024362 52.84198258608208 7380 7384 3271 3276 24.0 1.6176645405043937 1.0827893514074447 55.259010706693324 0.7429441099217006 0.04714039445831378 0.5182367114612914 0.0 7.95239898686356 1.8547151 42.487576704393184 7.914983548185943 3.449207498784006 0.20469207891616245 2.763953195770684 53.11074108563497 12.551138997878546 27.087044096425963
2502 1542.84620753042 3274.735289027587 214.82699871979847 52.879108599981095 1538 1546 3272 3278 40.0 2.387097991402765 1.0131278283695433 -35.57217029046081 0.9054662848836551 -0.12295838326133775 0.66069632038957 0.0 11.809552692000473 2.193136 28.120145923347945 5.8591650096075645 2.4071465799699685 0.35883377704021985 3.5682482323055424 24.087790719085735 9.307197679619806 27.94550757685235
2503 7882.636566226846 3274.9310768524683 214.77042599437144 52.838804198237376 7881 7885 3272 3277 25.0 1.8370869054368137 0.9176481528042163 -61.04110173824746 0.8663065912845769 -0.05555633576453839 0.5951212798185487 0.0 6.457623817596297 1.6634771 13.621703551788274 3.0477658994122137 1.6203442306881126 0.3391864207851256 2.8209479177387813 12.099593048172213 4.827697752461375 28.693073090718237
2504 3103.5225304197425 3275.1767079996207 214.81305823193446 52.869191417678806 3102 3105 3274 3276 9.0 0.8948674611108873 0.6932585219577939 -19.84815206299606 0.632322522561634 0.34273506140962584 0.8809772202741182 0.0 5.56754984421427 1.1102953 15.989913994624569 3.5356751096104952 2.6813339083303784 0.1829639806057063 1.692568750643269 22.594668565895947 5.69151301056866 28.014985062038875
2505 6065.896621200681 3276.691300754411 214.7866076988066 52.85036642161698 6064 6069 3275 3281 33.0 1.5736041253255781 1.165547778926174 -86.32704201914575 0.671850495245042 -0.16300210592093606 0.4333861366792634 0.0 3.1659802874519003 2.0008059 29.00558720012084 7.577423633917599 3.592286293435913 0.5823908390740209 3.2410224072142872 50.42010596955299 12.11035145037236 27.143490614719948
2506 8743.333657767904 3279.2119182817673 214.76270892550215 52.833353262142374 8741 8746 3277 3282 27.0 1.514726375216371 1.0490676384295305 -56.10823041086388 0.7213420583514606 0.05546093419000351 0.5840863359883935 0.0 8.45440724898241 1.6962531 32.82727058123067 6.010266647376159 3.287351440588563 0.2860877590760493 2.9316150714175193 44.77899307044423 9.640212041066444 27.272314191188276
2507 9107.77793916204 3278.7477261921226 214.7594658467148 52.831032767280774 9107 9111 3277 3280 16.0 0.890303955540968 0.5849716275322079 -82.00343816545337 0.7538495308306568 -0.14248935621133793 0.2392251055191927 0.0 0.5166921252916246 1.3892328 1.389164579121263 1.551176466571419 1.4 0.6207337399358518 2.256758334191025 -0.5270342274564838 2.5044979713536857 nan
2508 1723.5099293365276 3279.9211729130616 214.82533057053857 52.87798834792448 1722 1725 3278 3281 10.0 0.9396029657566859 0.7873297854439375 56.65290743674138 0.5457641987187696 0.06151657060282952 0.48908796310034697 0.0 1.9557185613487156 1.0592119 8.529341447723764 2.628128550313126 2.109038679521839 0.34109601549367063 1.7841241161527712 8.326357833856305 4.186491515016273 29.09886232198191
2509 4060.2748504437177 3280.124416309556 214.80446609739585 52.86313621077162 4058 4067 3278 3281 29.0 1.5986660731427806 0.772298253486251 -2.9934824748638893 0.8755711630828624 -0.13499892994187798 0.3806331360028417 0.0 2.5262383357708496 1.7800221 19.485246153270847 5.363996639454665 3.341948235753678 0.6078624347026107 3.0382538898732494 27.079915255061998 8.612512976734626 27.81838174770694
2510 7087.260757144401 3281.455694631072 214.77744876570486 52.8438974445564 7083 7092 3278 3287 77.0 2.4242637103618074 1.5433010911131237 78.50819549706262 0.7711891209467372 -0.38717867594801086 0.6472070927321288 0.0 7.871805181344522 3.5694315 11.665271867116108 4.838907802643205 1.4 0.5523209492639312 4.950743503369154 11.646186317998936 7.710331557393828 28.73454066560786
2511 2676.8517119646317 3281.553819221742 214.81680034218968 52.87193784057989 2674 2679 3279 3285 29.0 2.3350966737831285 1.0827290126200122 66.26433834115562 0.8860046716489736 -0.050787671184240823 0.574528340628288 0.0 7.305531680605805 2.026683 28.227366593372274 9.631185118579205 3.5954107764329644 0.44115766367581977 3.0382538898732494 32.74015716507159 15.435682978354107 27.612298100355435
2512 9400.426687321034 3284.2874347840416 214.75679966179086 52.829201178044634 9395 9407 3279 3289 104.0 2.625595716193885 2.0578375315348074 -15.286608549167537 0.6210635108288624 -0.14935429869763045 1.7725065958993564 0.0 51.27970825670788 3.646829 58.013006639416375 6.557911357159169 1.771049923345941 0.43760606278939035 5.753627391751592 60.07836143643955 10.448568326097257 26.953204801728123
2513 9283.257323816768 3285.209603424761 214.75783405162161 52.82995141489766 9278 9288 3280 3290 90.0 2.625343084743309 1.9413445232336737 50.5815117129703 0.6731970129680128 -0.09557459732505631 1.0773751230598612 0.0 32.90741631833184 3.3968208 49.563559483875835 6.014508256221985 1.6691024891107065 0.35907403714289443 5.352372348458314 47.89398100606279 9.535450453707368 27.199297655926152
2514 138.48537035441672 3284.3161837037323 214.83944330675374 52.88808488439671 138 139 3282 3285 6.0 0.827774293043968 0.46442355898069504 74.36658866635024 0.8277812658376653 0.0924810376083116 0.6095295914726829 0.0 2.2139545950391155 0.7891987 39.02323679994607 3.3715848518821026 3.869560004207096 0.3173667501416714 1.381976597885342 94.49526955240032 5.437247308011225 26.46147482948638
2515 1394.254031722775 3285.6663279040463 214.82821076977845 52.88011187781104 1391 1396 3282 3288 33.0 1.3318522639627473 0.8854545750064517 34.99491090785856 0.7469952044580347 -0.22423267797664806 0.41380577259600443 0.0 2.991996052536729 2.0012848 3.03339192461205 2.3445985526612243 1.4 0.5174021755422694 3.2410224072142872 1.1062669671962442 3.74291938978262 31.2903501382987
