outputs/dr0.5_c0.1/nircam3_f115w_dr0.5_c0.1.ecsv
# %ECSV 1.0
# ---
# datatype:
# - {name: label, datatype: int64}
# - {name: xcentroid, datatype: float64}
# - {name: ycentroid, datatype: float64}
# - {name: sky_centroid.ra, unit: deg, datatype: float64}
# - {name: sky_centroid.dec, unit: deg, datatype: float64}
# - {name: bbox_xmin, datatype: int64}
# - {name: bbox_xmax, datatype: int64}
# - {name: bbox_ymin, datatype: int64}
# - {name: bbox_ymax, datatype: int64}
# - {name: area, unit: pix2, datatype: float64}
# - {name: semimajor_sigma, unit: pix, datatype: float64}
# - {name: semiminor_sigma, unit: pix, datatype: float64}
# - {name: orientation, unit: deg, datatype: float64}
# - {name: eccentricity, datatype: float64}
# - {name: min_value, datatype: float64}
# - {name: max_value, datatype: float64}
# - {name: local_background, datatype: float64}
# - {name: segment_flux, datatype: float64}
# - {name: segment_fluxerr, datatype: float32}
# - {name: kron_flux, datatype: float64}
# - {name: kron_fluxerr, datatype: float64}
# - {name: kron_radius, unit: pix, datatype: float64}
# - {name: gini, datatype: float64}
# - {name: equivalent_radius, unit: pix, datatype: float64}
# - {name: kron4_2_flux, datatype: float64}
# - {name: kron4_2_fluxerr, datatype: float64}
# - {name: radius_kron20, unit: pix, datatype: float64}
# - {name: radius_kron50, unit: pix, datatype: float64}
# - {name: radius_kron80, unit: pix, datatype: float64}
# - {name: near_border, datatype: bool}
# meta:
#   PHOTMJSR: 2.962800025939941
#   PIXAR_SR: 2.11539874851881e-14
#   __serialized_columns__:
#     area:
#       __class__: astropy.units.quantity.Quantity
#       unit: !astropy.units.Unit {unit: pix2}
#       value: !astropy.table.SerializedColumn {name: area}
#     eccentricity:
#       __class__: astropy.units.quantity.Quantity
#       unit: !astropy.units.Unit {unit: ''}
#       value: !astropy.table.SerializedColumn {name: eccentricity}
#     equivalent_radius:
#       __class__: astropy.units.quantity.Quantity
#       unit: !astropy.units.Unit {unit: pix}
#       value: !astropy.table.SerializedColumn {name: equivalent_radius}
#     kron_radius:
#       __class__: astropy.units.quantity.Quantity
#       unit: &id001 !astropy.units.Unit {unit: pix}
#       value: !astropy.table.SerializedColumn {name: kron_radius}
#     orientation:
#       __class__: astropy.units.quantity.Quantity
#       unit: &id002 !astropy.units.Unit {unit: deg}
#       value: !astropy.table.SerializedColumn {name: orientation}
#     radius_kron20:
#       __class__: astropy.units.quantity.Quantity
#       unit: *id001
#       value: !astropy.table.SerializedColumn {name: radius_kron20}
#     radius_kron50:
#       __class__: astropy.units.quantity.Quantity
#       unit: *id001
#       value: !astropy.table.SerializedColumn {name: radius_kron50}
#     radius_kron80:
#       __class__: astropy.units.quantity.Quantity
#       unit: *id001
#       value: !astropy.table.SerializedColumn {name: radius_kron80}
#     semimajor_sigma:
#       __class__: astropy.units.quantity.Quantity
#       unit: !astropy.units.Unit {unit: pix}
#       value: !astropy.table.SerializedColumn {name: semimajor_sigma}
#     semiminor_sigma:
#       __class__: astropy.units.quantity.Quantity
#       unit: !astropy.units.Unit {unit: pix}
#       value: !astropy.table.SerializedColumn {name: semiminor_sigma}
#     sky_centroid:
#       __class__: astropy.coordinates.sky_coordinate.SkyCoord
#       dec: !astropy.table.SerializedColumn
#         __class__: astropy.coordinates.angles.Latitude
#         unit: *id002
#         value: !astropy.table.SerializedColumn {name: sky_centroid.dec}
#       frame: icrs
#       ra: !astropy.table.SerializedColumn
#         __class__: astropy.coordinates.angles.Longitude
#         unit: *id002
#         value: !astropy.table.SerializedColumn {name: sky_centroid.ra}
#         wrap_angle: !astropy.coordinates.Angle
#           unit: *id002
#           value: 360.0
#       representation_type: spherical
#   astropy version: '5.1'
#   make_catalog parameters:
#     ab_zpt: 31.4
#     coadd_bands: !!python/tuple [f277w, f356w]
#     deblend_contrast: 0.001
#     deblend_nlevels: 32
#     deblend_npixels: 1
#     detect_kernel_fwhm: 4.0
#     detect_kernel_npix: 7
#     detect_npixels: 4
#     detect_threshold_nsigma: 3.0
#     flag_isolated_buffer: 4
#     hst_bands: !!python/tuple [f606w, f814w, f125w, f140w, f160w]
#     jwst_bands: !!python/tuple [f115w, f150w, f200w, f277w, f356w, f410m, f444w]
#     near_border_kernelsize: 21
#     reference_band: f200w
#   make_catalog version: 1.4.0
#   photutils version: 1.5.0
# schema: astropy-2.0
label xcentroid ycentroid sky_centroid.ra sky_centroid.dec bbox_xmin bbox_xmax bbox_ymin bbox_ymax area semimajor_sigma semiminor_sigma orientation eccentricity min_value max_value local_background segment_flux segment_fluxerr kron_flux kron_fluxerr kron_radius gini equivalent_radius kron4_2_flux kron4_2_fluxerr radius_kron20 radius_kron50 radius_kron80 near_border
[from data line 3315]
3316 9760.904821068303 4163.708698491229 214.74432863618563 52.831642340350996 9753 9770 4158 4168 152.0 3.595160658687299 2.2947680002315742 -4.535434257468398 0.7697930203057032 -0.09060594872538269 1.573469530277776 0.0 73.98849141753728 2.993983 102.17476874412617 5.77489550239104 1.9078234026025216 0.38901586533750737 6.955796338302048 103.70967130443407 9.11596343475359 2.467189219059676 4.81047753835954 8.823598932753027 False
3317 2445.8416787565798 4172.860448933556 214.80947595551027 52.87820937323334 2430 2461 4159 4188 597.0 2.8203167315779267 2.6617233592518796 -1.0885703788015584 0.33060981059181654 -0.17561676402542242 430.13153160264665 0.0 4019.2894220202834 8.725577 3811.68459112065 7.627845427483963 1.4 0.8602396745874352 13.785173268832098 4103.831739465185 9.192937235780088 0.8501233036176737 1.545837846186741 2.978717732397873 False
3318 4101.958673415584 4164.09817400625 214.7947849415581 52.867633764045095 4097 4107 4160 4168 64.0 2.6611552851661364 1.6200055317655178 34.052021786831766 0.7933542521608531 -0.03274705916848036 0.743935349419729 0.0 23.658273277601992 1.9030609 97.07913127362053 6.655888136913772 3.112751602189496 0.22736657967180074 4.51351666838205 161.07977990290323 10.646844782075261 3.907412032313441 8.045554382851433 13.84500795672358 False
3319 3454.2518766073586 4161.902544927875 214.80058895881587 52.871739804453114 3452 3456 4161 4164 16.0 0.9395347250419841 0.8173437292630512 29.578530169548007 0.493148395288561 -0.0930574079227471 0.3744017411510773 0.0 2.1576148929203773 0.90251094 5.714585679927348 2.413201794327728 2.7089897567794003 0.4655371963606157 2.256758334191025 7.0093310931249055 3.8497125010331996 1.1939279317005467 2.311342007334896 4.281404905025335 False
3320 7098.0 4163.2552178073365 214.7680679162023 52.84857789748816 7097 7098 4161 4164 4.0 0.8452657138701818 0.28867513459481287 90.0 0.9398745125291363 -0.008692672329913545 0.14106008969396697 0.0 0.28780942108664337 0.44404233 6.287362682804887 1.9349553714511676 3.8990651853303127 0.48848216195689553 1.1283791670955126 17.797864865445263 3.1070438098113646 2.171823381809751 3.422609261661545 4.403866194257228 False
3321 8234.391021255002 4164.411139845243 214.75792481080055 52.84135643175421 8232 8237 4162 4167 30.0 1.3943440999122956 1.3571243112946323 -31.418053734606477 0.2295087530595382 0.1974337990973172 1.297243354396541 0.0 20.894843506214592 1.4298732 35.52406017462848 3.3464007583972175 2.202660678441043 0.23012467215175442 3.0901936161855166 39.189064047501205 5.566316211445152 1.4794517087906138 2.703961330133597 4.225892751403162 False
3322 1156.6480322990765 4167.132532476084 214.82104922150725 52.88637299827456 1153 1160 4163 4171 49.0 1.8536696932554717 1.3843432935589897 62.32104500727598 0.665034898003878 0.04064723075248357 1.7520144161128035 0.0 19.45036373673232 1.6854619 24.474516201431634 3.4499775783140207 2.0497676423707145 0.4304188725305363 3.949327084834294 35.22668550053466 5.4777723565025775 1.1905850375668399 2.4137691041459344 4.2846913492849605 False
3323 3986.2479292716557 4170.296167804907 214.79575232022717 52.86840281954933 3980 3992 4163 4178 162.0 3.102074307100504 2.7001686564516434 -83.15705917257993 0.4922750383662986 -0.06906264944473743 2.21151732008431 0.0 58.88020713570263 2.9361775 85.87186514015266 5.3380749477434914 1.823914143314709 0.4480605980371679 7.1809610472257885 81.7192463284612 8.498584388092551 2.155799577132874 5.028695947299933 8.6513577380757 False
3324 6085.574352537112 4168.825035873386 214.77703788166332 52.85504641133022 6081 6090 4164 4173 74.0 2.0488172200558616 1.6099934078916547 19.800998185104465 0.618460323486219 -0.15903053576815354 2.6927295032358955 0.0 30.334869277148492 2.151513 42.31219142733729 4.092628023070214 2.069301406262421 0.5150800834335209 4.853342309955121 48.976042257513086 6.517423510077558 1.2304171525711072 2.9764483191215043 6.173827227578794 False
3325 9114.643264315964 4174.283907698874 214.7499757150686 52.83581039476144 9105 9123 4164 4183 293.0 3.977600858028652 3.354706742505378 77.98072760409636 0.5372868994364366 -0.1718379884928196 2.5002601223837893 0.0 131.23434559111467 3.9198105 169.95351015585584 7.45685467962022 2.0330572992564777 0.5081400116652884 9.657370069115643 201.54178671736761 11.937600245829541 2.638617258349635 5.3687041070443025 10.327116849611944 False
3326 2029.0787898661197 4168.135235969803 214.81324708315964 52.88083309981442 2027 2031 4166 4171 27.0 1.6024403432401162 1.081243046951513 -71.96012510699568 0.7380484048469772 0.05025461386427983 0.823900573027962 0.0 11.155297339797647 1.2082733 22.05726508955591 3.1840959554497856 2.341178185653202 0.27101485522476243 2.9316150714175193 24.527351243841487 5.0498147085587215 1.5954637032848695 3.002895603162349 5.611403006120106 False
3327 9991.602326287173 4191.5327135283815 214.7419803215741 52.83032448008648 9965 10020 4167 4215 1931.0 6.098169822474045 5.166067366025833 3.4163040460960388 0.5313530834578319 -0.2680586996638698 106.3594773506825 0.0 2649.3597653795237 11.175293 2551.630400630307 9.21446533135153 1.4 0.8097585125038231 24.792264725532835 2730.0871559787342 13.712757334277018 1.4488609997550552 3.3570739222810984 8.3113811891448 False
3328 8676.998670516217 4171.761089702365 214.7539024774984 52.838580688574474 8675 8679 4170 4174 23.0 1.0399770039520766 0.9154547322657649 42.506376903360014 0.47448349603415474 0.01878801967212743 1.6473570375532793 0.0 10.444100400908123 1.0909992 12.269051714151686 1.4505564736541279 1.4757802030156695 0.5126096995716143 2.7057581899030048 12.394276538928178 2.3124509172114927 0.7504039758524848 1.3859005807778155 2.4109126992840633 False
3329 1933.046905771236 4173.51193136922 214.81404800165478 52.88147249280179 1930 1936 4171 4176 36.0 1.7808280181832985 1.0021056354281699 8.732170623636575 0.8266482968915413 -0.22352665855907652 0.7420054754253048 0.0 9.029842692926358 1.4167933 9.80873562851903 1.9391183622645356 1.4 0.43490158778397886 3.385137501286538 9.325416689840257 3.1019348612429365 1.0582329308770433 1.9006458997389888 3.0003573737335856 False
3330 4180.370199126349 4173.117987612453 214.79399018199027 52.86718382604756 4179 4181 4172 4174 5.0 1.0087317583414608 0.3509700996781902 -47.535441870518184 0.9375197569776985 0.1721224691302728 0.41619211251470944 0.0 1.5638610183667296 0.5141636 21.236326880005464 2.2096274599448735 3.7075490367164794 0.20810262208093463 1.2615662610100802 54.43545558270391 3.5293025673246046 2.050134097714352 3.6180466968180127 4.835965452428252 False
3331 250.5870046925298 4180.389702967328 214.8290036055266 52.89220297794337 246 257 4176 4186 103.0 2.6840712139240397 1.8325393635570688 31.80655856558132 0.7306556343684435 -0.18336988594621909 1.5356898355004094 0.0 39.53877871987956 2.4653049 44.51198605134806 3.3168500845446567 1.4 0.4888767113022975 5.725898905580716 44.84063016967477 5.282917021767039 1.7742376850260764 3.089579815182249 4.80032067660517 False
3332 1246.0170486046823 4182.590335319844 214.82008816196586 52.8858882883147 1242 1251 4177 4188 96.0 2.3730172519846313 1.845498122894409 -56.48910326062655 0.6286342353647804 -0.0006111902847186542 1.8289223591604247 0.0 48.082451264508606 2.4316807 73.55734945747939 5.407564842069298 2.347231904510619 0.4640553814958019 5.527906391541368 101.15945439104348 8.573682581399574 1.842968966001405 3.787151379534887 8.318927553847187 False
3333 3915.0512445449917 4182.853633234012 214.79625547152736 52.86892312095057 3911 3919 4178 4187 72.0 1.8038817514395962 1.764355960688514 -86.3198915312884 0.20818963696778836 -0.037354930228104856 1.7093705159932149 0.0 36.43987941894431 1.9968287 51.40934564253723 4.102641269536206 2.2267992648736996 0.4731621019686598 4.787307364817192 69.45108810548349 6.563011483434928 1.4994958852990852 2.880431368019678 6.460093903512621 False
3334 1541.5839465756364 4179.567398275159 214.81748017826746 52.88399336493459 1541 1542 4179 4180 4.0 0.5187968865442757 0.46825232028950164 -46.43874221016599 0.43053580794960483 0.18875691783720355 0.37297719725642803 0.0 1.2172219831152284 0.5156512 5.111991183883915 1.776038103431696 3.3556588454048493 0.15686095095447417 1.1283791670955126 6.084649428171643 2.850449810461824 1.0242769881852485 1.8733127780154117 2.891007802239119 False
3335 2549.0674093715133 4182.225223116255 214.808455665154 52.87760365338241 2546 2552 4179 4186 44.0 1.7059645343706171 1.2342071591381167 -81.14169820315327 0.6903601222532005 -0.07597316970745346 1.027056102875131 0.0 16.695747249722377 1.5511497 19.651758218211068 2.104452514737329 1.4 0.43459757186303377 3.742410318509555 18.800835112837746 3.339953024174459 1.1587904369128943 2.0966228940237146 3.396137073446625 False
3336 9004.68010587049 4183.049582931418 214.75086333350254 52.836557075851196 9002 9008 4180 4186 41.0 1.3016242786507093 1.1323458901075663 88.25614338733604 0.49314285243722816 -0.059237970788869464 4.045223112599999 0.0 29.590679989157024 2.7046542 31.534759141657137 3.0712606499300814 1.4 0.5884333351581044 3.6125759969217834 32.06863341773014 4.279022104960003 0.7755063483637251 1.4601992657738478 2.5793261410428245 False
3337 7850.795820021256 4183.297523281694 214.76114530301282 52.84389796520885 7849 7852 4181 4186 19.0 1.5107852291398576 0.8944418610370612 73.58122905091717 0.8059102453406425 -0.13654731872826725 0.43188206979182325 0.0 4.45187157175726 1.0393096 10.791072671312099 3.005209655591984 2.486011088032268 0.2935373315227054 2.4592453796829674 13.236895536296979 4.723888793004565 1.6684700946921038 3.435617858202864 5.756956052033578 False
3338 2807.4565403222146 4184.997922263808 214.80611955331622 52.875976041716534 2806 2809 4183 4187 19.0 1.180545311053558 1.033019711351289 -76.93455821876408 0.48405774760453385 0.20160681861566082 0.8612515707277469 0.0 9.558936170174611 1.0410694 16.066214535910134 2.4188942180954984 2.1314217078136224 0.23198614097464923 2.4592453796829674 20.11683530209968 3.8357634133485647 1.1913320918394446 2.1253916011135434 3.5604104389749294 False
3339 7826.048821603917 4191.665303703395 214.76127779355883 52.84410041911521 7819 7833 4185 4198 147.0 2.5162227594293234 1.9586253156705389 -47.13316463944215 0.6277698420236547 -0.18529185432658607 4.287421196112989 0.0 91.77752851775855 2.8865929 96.33350442563582 3.4249898668254493 1.4701645670848353 0.6060843895963138 6.840435166640879 102.12114869824194 5.366995980440232 1.3023309964523662 2.505987609278865 4.427660262155242 False
3340 10098.762306245813 4190.929259952941 214.74103201086854 52.82963949932945 10094 10104 4185 4198 104.0 3.244146823323126 1.8756350446233847 69.68521805493737 0.8159236049046338 -0.03753107304689683 1.5426676503808314 0.0 52.43762223983727 2.393416 100.18213585856243 6.236609543581655 2.458761449906556 0.36013019237340504 5.753627391751592 137.1326381152487 10.08175705138689 2.7958937262574137 5.709088214834717 10.392380338268003 False
3341 2619.5011053025964 4188.648727714211 214.80775915530566 52.87719053080291 2618 2620 4187 4190 7.0 0.8406217713932672 0.6707482455006027 -81.5019630423784 0.6027644327123365 0.14419376505267373 0.4089079209495746 0.0 1.86944785368024 0.622636 12.996215413886963 2.466685752264866 3.2307592550207316 0.18537312023498986 1.4927053303604616 21.759511307120214 3.9714422739326602 1.6448573809724973 3.1001635913210763 4.9857553938880494 False
3342 2785.5151582593453 4206.558374690986 214.80608834755222 52.87623169554335 2772 2802 4191 4221 723.0 6.4251071512484454 5.1291129674610705 -53.887043213335744 0.6022703316388892 -0.1850335480827784 2.348593646824047 0.0 305.23402469391186 6.3415475 384.7266391096646 11.658710712212061 1.9872287518799383 0.49659193586157 15.170301503624794 447.72386768041895 18.565745473213674 4.62607541780681 8.138670278700245 15.635964457542649 False
3343 1146.0467897645738 4208.513278435452 214.82070802757136 52.88666340175982 1133 1162 4194 4223 645.0 4.833229854501567 3.9176437362557506 -18.345399505859294 0.5856496060444444 -0.04307213288355643 20.64660956519329 0.0 953.8085381428219 6.527149 998.3435340062197 7.5229203512736165 1.545768141720764 0.6474429266660654 14.32863833686038 1093.1380242356574 11.619960004921417 2.0599184635920333 4.481263152353916 8.982561428087706 False
3344 10055.170260805708 4197.690597366635 214.7413491648246 52.829953218070166 10050 10059 4194 4201 61.0 2.193841448050695 1.4474792338683269 -17.955546184777997 0.7514482005671684 -0.01690460680681189 1.7256749428113713 0.0 33.718642326078474 1.8510699 44.54012276177323 3.7200619400724393 2.034950043648961 0.428883579741959 4.406461512053774 50.21370930734474 5.937393870761292 1.4088933245203543 2.7786205599739784 5.127787998167922 False
3345 1557.1630998046278 4200.3279237692705 214.81712236330378 52.88400622486053 1555 1560 4197 4204 37.0 1.9152664934374752 1.191383935949826 -83.2189742355267 0.782980667267071 -0.05725181416991467 0.47847425228508295 0.0 6.832294801346855 1.5048145 17.137902141699215 4.131453006032024 2.528483606146667 0.3970049185272508 3.431831258788849 18.596625794829052 6.5609103504565605 1.9988027451163308 4.219230833420506 8.6939789054008 False
3346 1067.3404014963648 4206.614830067196 214.82143104130506 52.88715341649235 1058 1079 4199 4214 287.0 3.968386423418697 2.6029172434428682 11.609065553044 0.754836277674526 -0.2334176621595689 7.165702178958422 0.0 211.3501132614333 4.178789 241.27226471183047 6.235475291666788 1.8182574379661312 0.5876205322195802 9.557977680176279 276.62664439037167 9.92218878221247 2.003654582702879 3.9359426052669306 7.922612384580628 False
3347 7869.677271286233 4202.571283553921 214.76077402032485 52.84388164699516 7864 7876 4199 4206 76.0 2.6471195775572087 1.3833652683916464 18.649184151220233 0.8525824939225334 -0.17913846381160345 2.391026388693538 0.0 34.556130845390136 2.047202 48.35030371302133 4.035601839617036 2.0637109507744444 0.4692812370281153 4.918490759365935 47.625803279721524 6.40822559341176 1.7814576715464476 3.2174599174056477 6.146843180777708 False
3348 8420.53236115598 4202.310953792181 214.7558665836918 52.840376496486485 8417 8424 4199 4205 43.0 2.2011034131849163 1.3133911425786313 29.182174110188033 0.8024668519265553 -0.06165869742341021 0.450186259925778 0.0 8.48652671126447 1.4715885 18.59895903666078 3.777286316795745 2.2793379992715344 0.32509686120912473 3.6996385101659595 21.663290441915557 6.070540094659462 2.2310357556916216 3.9024949898567978 6.1314525751185895 False
3349 1005.3034517434097 4208.820337046911 214.8219619433263 52.887559598375326 996 1016 4201 4217 243.0 5.111001148809593 2.8200776534126866 33.96985665386096 0.8339988409620125 -0.02816263568367848 1.3465554702960414 0.0 118.04163694257505 3.7815325 187.72950591540817 8.687492980377243 2.1683592184746705 0.3133579568897573 8.79484521425256 196.4672394075021 13.848344581075242 3.8963310363983474 7.326861565058784 12.531930551405152 False
3350 209.12044713134085 4203.252183072417 214.82913325440742 52.89258974338454 207 211 4202 4205 13.0 0.9938398754758154 0.7878322763476934 -49.28689938470701 0.6095917748853596 -0.02672413091207255 0.4840302203147051 0.0 3.0616920052338403 0.89121866 7.291002666500082 2.7206333325586614 2.904788578451479 0.3643120077277458 2.0342144725641096 4.8665420745208525 4.361405839255412 1.1934288502680412 2.576656258017538 4.955093877216021 False
