outputs/dr0.5_c0.1/nircam2_f410m_dr0.5_c0.1.ecsv
# %ECSV 1.0
# ---
# datatype:
# - {name: label, datatype: int64}
# - {name: xcentroid, datatype: float64}
# - {name: ycentroid, datatype: float64}
# - {name: sky_centroid.ra, unit: deg, datatype: float64}
# - {name: sky_centroid.dec, unit: deg, datatype: float64}
# - {name: bbox_xmin, datatype: int64}
# - {name: bbox_xmax, datatype: int64}
# - {name: bbox_ymin, datatype: int64}
# - {name: bbox_ymax, datatype: int64}
# - {name: area, unit: pix2, datatype: float64}
# - {name: semimajor_sigma, unit: pix, datatype: float64}
# - {name: semiminor_sigma, unit: pix, datatype: float64}
# - {name: orientation, unit: deg, datatype: float64}
# - {name: eccentricity, datatype: float64}
# - {name: min_value, datatype: float64}
# - {name: max_value, datatype: float64}
# - {name: local_background, datatype: float64}
# - {name: segment_flux, datatype: float64}
# - {name: segment_fluxerr, datatype: float32}
# - {name: kron_flux, datatype: float64}
# - {name: kron_fluxerr, datatype: float64}
# - {name: kron_radius, unit: pix, datatype: float64}
# - {name: gini, datatype: float64}
# - {name: equivalent_radius, unit: pix, datatype: float64}
# - {name: kron4_2_flux, datatype: float64}
# - {name: kron4_2_fluxerr, datatype: float64}
# - {name: radius_kron20, unit: pix, datatype: float64}
# - {name: radius_kron50, unit: pix, datatype: float64}
# - {name: radius_kron80, unit: pix, datatype: float64}
# - {name: near_border, datatype: bool}
# meta:
#   PHOTMJSR: 0.8704000115394592
#   PIXAR_SR: 2.11539874851881e-14
#   __serialized_columns__:
#     area:
#       __class__: astropy.units.quantity.Quantity
#       unit: !astropy.units.Unit {unit: pix2}
#       value: !astropy.table.SerializedColumn {name: area}
#     eccentricity:
#       __class__: astropy.units.quantity.Quantity
#       unit: !astropy.units.Unit {unit: ''}
#       value: !astropy.table.SerializedColumn {name: eccentricity}
#     equivalent_radius:
#       __class__: astropy.units.quantity.Quantity
#       unit: !astropy.units.Unit {unit: pix}
#       value: !astropy.table.SerializedColumn {name: equivalent_radius}
#     kron_radius:
#       __class__: astropy.units.quantity.Quantity
#       unit: &id001 !astropy.units.Unit {unit: pix}
#       value: !astropy.table.SerializedColumn {name: kron_radius}
#     orientation:
#       __class__: astropy.units.quantity.Quantity
#       unit: &id002 !astropy.units.Unit {unit: deg}
#       value: !astropy.table.SerializedColumn {name: orientation}
#     radius_kron20:
#       __class__: astropy.units.quantity.Quantity
#       unit: *id001
#       value: !astropy.table.SerializedColumn {name: radius_kron20}
#     radius_kron50:
#       __class__: astropy.units.quantity.Quantity
#       unit: *id001
#       value: !astropy.table.SerializedColumn {name: radius_kron50}
#     radius_kron80:
#       __class__: astropy.units.quantity.Quantity
#       unit: *id001
#       value: !astropy.table.SerializedColumn {name: radius_kron80}
#     semimajor_sigma:
#       __class__: astropy.units.quantity.Quantity
#       unit: !astropy.units.Unit {unit: pix}
#       value: !astropy.table.SerializedColumn {name: semimajor_sigma}
#     semiminor_sigma:
#       __class__: astropy.units.quantity.Quantity
#       unit: !astropy.units.Unit {unit: pix}
#       value: !astropy.table.SerializedColumn {name: semiminor_sigma}
#     sky_centroid:
#       __class__: astropy.coordinates.sky_coordinate.SkyCoord
#       dec: !astropy.table.SerializedColumn
#         __class__: astropy.coordinates.angles.Latitude
#         unit: *id002
#         value: !astropy.table.SerializedColumn {name: sky_centroid.dec}
#       frame: icrs
#       ra: !astropy.table.SerializedColumn
#         __class__: astropy.coordinates.angles.Longitude
#         unit: *id002
#         value: !astropy.table.SerializedColumn {name: sky_centroid.ra}
#         wrap_angle: !astropy.coordinates.Angle
#           unit: *id002
#           value: 360.0
#       representation_type: spherical
#   astropy version: '5.1'
#   make_catalog parameters:
#     ab_zpt: 31.4
#     coadd_bands: !!python/tuple [f277w, f356w]
#     deblend_contrast: 0.001
#     deblend_nlevels: 32
#     deblend_npixels: 1
#     detect_kernel_fwhm: 4.0
#     detect_kernel_npix: 7
#     detect_npixels: 4
#     detect_threshold_nsigma: 3.0
#     flag_isolated_buffer: 4
#     hst_bands: !!python/tuple [f606w, f814w, f125w, f140w, f160w]
#     jwst_bands: !!python/tuple [f115w, f150w, f200w, f277w, f356w, f410m, f444w]
#     near_border_kernelsize: 21
#     reference_band: f200w
#   make_catalog version: 1.4.0
#   photutils version: 1.5.0
# schema: astropy-2.0
label xcentroid ycentroid sky_centroid.ra sky_centroid.dec bbox_xmin bbox_xmax bbox_ymin bbox_ymax area semimajor_sigma semiminor_sigma orientation eccentricity min_value max_value local_background segment_flux segment_fluxerr kron_flux kron_fluxerr kron_radius gini equivalent_radius kron4_2_flux kron4_2_fluxerr radius_kron20 radius_kron50 radius_kron80 near_border
[from data line 920]
921 3370.527413220264 2860.643544358077 214.9235546760793 52.91999802437443 3367 3374 2857 2864 44.0 1.676512016929695 1.6497668239633367 -13.073749792945659 0.17790801894081865 0.24975926226369782 1.3755711102511274 0.0 33.97232041621168 1.4387207 55.47622343429987 3.3733822495732078 2.169111001391121 0.2399865353999769 3.742410318509555 54.744817971135085 5.335326788755725 1.7196831459169812 3.120653829986292 5.330698678953602 False
922 1421.9975411830612 2864.8539453786057 214.94096237573999 52.93238902804813 1416 1428 2860 2870 106.0 2.7572363703487324 2.0645213680339034 -15.514041102520451 0.6628358524950415 -0.07470654432488691 1.2285635657389764 0.0 51.88271037308061 2.1955748 72.98606105095621 3.91115842124176 1.7430643419273564 0.3552232808371109 5.808687281605183 71.28774931338049 6.2213205745885025 2.1316368970170787 3.961385713066504 7.012069050718054 False
923 8391.307250692193 2867.829202380886 214.87855618479662 52.88815562930072 8383 8402 2860 2876 230.0 3.7230290229886087 3.0322968581552256 30.20264852894841 0.5802051380918161 -0.07291982580522079 2.90401492112259 0.0 187.67618494130528 3.2294846 305.91394058726576 7.378140938480649 2.3743318400158078 0.41161138662326746 8.556358677747903 476.8909801831367 11.764623172262258 3.0371593072626353 6.458308123350725 13.037273587045211 False
924 1397.4362193381585 2863.029676094443 214.94120163203638 52.932535063008515 1394 1401 2861 2865 36.0 1.8118426765904772 1.3741002387517485 -0.7636484500034816 0.6517902147797098 0.14753836783612334 0.60717530583237 0.0 12.476276344436569 1.206307 27.044092372306967 3.3175739297749858 2.3420199149486236 0.2130400482772321 3.385137501286538 36.698210294622896 5.409040473270729 1.9595461324074115 3.5047546252783497 5.361630220015816 False
925 862.4699075807804 2872.485257660659 214.94589527354495 52.935981362094985 853 872 2862 2884 360.0 5.004829415622189 3.4598225355213597 61.97052783742482 0.7225709245132939 -0.06368236475685086 3.080171600357979 0.0 287.788136678011 3.9892504 322.4384922248395 5.366540910607233 1.4 0.4136491733172735 10.704744696916627 325.7242902756934 8.413012328517185 2.891408643022752 5.657815947840587 9.358691036031692 False
926 1438.4544679718554 2866.27054183495 214.94080002108782 52.93229222845663 1433 1444 2862 2870 82.0 2.1841691157502052 1.743353928823634 -6.176147949656514 0.6024227763630253 -0.09597612204884022 1.2543067814813305 0.0 32.717428833311175 1.8818707 54.14268170932485 4.174915654849102 2.3333754010859558 0.4647761469723737 5.108953969950291 47.20448092752763 6.689303354907486 1.8576297773383632 3.713162443087587 7.78798790872594 False
927 9030.0066129961 2864.507311476292 214.87288119677257 52.8840808478717 9027 9033 2862 2868 39.0 1.83500283129586 1.4865663868543408 7.870611694844432 0.5862686907038833 0.03386099165707683 0.4785647138054267 0.0 12.02600632229058 1.2708142 25.147731430947807 3.626999013659123 2.4502421648743757 0.1961681425398691 3.523362819972964 21.493687945209764 5.854767109929203 2.098699201979547 3.597679922344245 5.850658809080767 False
928 353.1869079038247 2866.318924647851 214.95052399129784 52.93918011216455 350 357 2863 2869 41.0 1.9051786987040777 1.5864537337238307 -15.367246132945745 0.5537153757604586 -0.045402004404029105 0.4420270628444342 0.0 7.255327686972162 1.2611105 28.16762819114774 4.62281620774801 3.0324605910925198 0.3538677779360723 3.6125759969217834 33.33072085468746 7.489858567321079 2.940292027085301 7.748335312867718 11.191910691823459 False
929 721.2096886171491 2868.6895352855777 214.94720103501623 52.93685735759672 718 725 2863 2876 77.0 3.4057191098374227 1.6826442466168894 -78.8892000878388 0.8694253631356705 -0.13739552142869066 0.5082559759559075 0.0 21.555363604495025 1.8951266 46.246623815370334 5.360651365502507 2.4835742495818693 0.224195723254056 4.950743503369154 68.17301972897816 8.454921490530142 3.0978530528392927 5.555636688475215 12.995306153167386 False
930 2049.719998165736 2869.041780946385 214.93529499013542 52.92842745983506 2038 2060 2863 2875 250.0 5.255797383936582 2.9717945414717413 6.157177727793666 0.8247951096359174 -0.1529234540995689 0.7670063920577406 0.0 73.80510821988288 3.222022 222.87800420390445 10.949946299580386 3.0271590644025133 0.3315673679101253 8.920620580763856 284.5938774663329 17.516396255143338 5.921586993590179 15.485456987819381 24.923141087981364 False
931 3420.718336975203 2873.665904584972 214.92296816131093 52.919749706305616 3417 3425 2869 2879 76.0 2.689647342108864 1.754097529631567 78.03654157492414 0.7580758752627225 0.04990092675675342 0.7545496114386617 0.0 30.502643876036586 1.8454629 72.21197054559114 5.4836799787671 2.741635641503508 0.2639984485792361 4.918490759365935 78.74226605973041 8.789408609190493 2.88903566221776 5.8162671314422 8.813158934934822 False
932 8688.418573054467 2884.054101880678 214.87572909095422 52.88635600838462 8678 8698 2869 2899 474.0 6.109463360917998 3.9962354535122526 -87.37602595568526 0.7564030638970309 0.023015797207999584 3.1712698965116908 0.0 396.4752354657235 4.6693563 604.6657911017398 10.566164307912251 2.3289875142856338 0.3834522338591681 12.283276682185287 877.3847123141334 16.850348394653665 4.228664287099579 9.155116941422534 18.74424696402182 False
933 2135.230382811992 2892.070461156815 214.93428656844898 52.9280090458384 2124 2148 2871 2913 764.0 7.975114953852119 4.266979515747973 77.175395599433 0.8448287906711179 -0.011708281011396959 4.949398147229356 0.0 826.5829921042058 5.969396 973.5049253370635 9.484604167345868 1.7453976223778447 0.4564414368290959 15.594510349620345 1049.6024939452723 15.123006697915525 4.103063747664595 8.286994600613564 14.958793650539514 False
934 549.3673408421587 2888.47929772835 214.9485325478349 52.938054801610356 537 565 2872 2901 520.0 7.104978215246717 3.2930349786444393 -48.91414640056119 0.8861059319352479 -0.18999337996387927 4.587657197952163 0.0 439.10986452370565 4.6664295 547.0856667062247 8.371045659894785 1.934375061881171 0.49903307366045185 12.865501965161373 644.7168261844646 13.462496213280122 3.390599199667721 7.061262225892444 14.770208487282654 False
935 918.3719364193522 2882.5248480596515 214.94528864956584 52.9356808004055 909 928 2872 2895 358.0 4.207030295886462 3.5424465104219096 -80.27535722930992 0.5394304058123455 -0.08166230393773966 4.62760513569001 0.0 360.77964698969413 3.8968832 392.40836288585876 5.492650101557404 1.5550654121935825 0.49620698700875404 10.674967880691588 415.7703860281115 8.664425290663832 2.4724798686967433 4.754271465287411 8.284544257156076 False
936 8496.664848433657 2895.07030103847 214.87732745745643 52.88763339584111 8468 8524 2872 2919 2049.0 7.5729882057239255 6.388688211264914 -35.229838773657356 0.5369481709595507 -0.13935375099348213 56.91359176642222 0.0 5270.661534256307 10.7279005 5219.176213956858 10.332082676088428 1.4 0.7102874205874773 25.538538658086665 5596.17522922102 15.238930014312517 2.77346842402165 6.0383204126087495 12.253515463376813 False
937 938.5450579727913 2880.3431992125284 214.9451308639379 52.935540989479556 932 944 2873 2888 151.0 3.2424496220773564 2.3303236631817223 -65.96732187193737 0.6953282242981108 0.024954747426853986 1.476860701557518 0.0 86.58022407433342 2.627577 129.38667710515514 5.5865594107658145 2.137597413972806 0.39254021312530424 6.93287767191607 136.51928658762836 8.633724811649346 2.5619736412485112 4.856157631290679 9.306029731397924 False
938 9632.330227201006 2876.4639737511684 214.8673715578738 52.88031927525606 9627 9638 2873 2880 71.0 2.722576966314909 1.7072947173653639 -7.960298131768303 0.7789486049930245 -0.05249481574021194 0.5960509643262131 0.0 19.00278804439482 1.7610255 53.69380624964797 5.415505712388182 2.720520520589691 0.26503561547500715 4.753945931439391 38.19254903200142 8.749254030220488 3.2176696919171457 6.668278075502366 10.388847661860646 False
939 1076.1085810430502 2891.9243641045296 214.9437763261814 52.93473047716349 1056 1094 2876 2905 781.0 7.324915616185133 4.17480327131385 -21.939850506338566 0.8216824429693068 -0.11463574336886549 9.170759285250362 0.0 927.5394314708584 5.9755692 1026.0476672373115 8.448954201375724 1.6581826931187125 0.5396925257593936 15.767054928221077 1118.2220691152654 13.386871901526668 3.181394769392986 6.7788486402460615 13.158400108406711 False
940 3013.3011106504896 2879.0171499743574 214.92655997697037 52.92236490295757 3010 3016 2876 2883 43.0 1.833175962223303 1.4956944101870882 -82.8862804267363 0.5781883102853167 0.06360933602245959 0.6581553240847691 0.0 15.248855740991198 1.3264604 76.44173947844774 5.143037249278888 3.4359230481894953 0.2542609626114038 3.6996385101659595 147.11998963526594 8.448315152639989 3.7249715605335503 7.451896985666588 10.913663236110713 False
941 8421.926289866053 2888.7532466032503 214.87806216480743 52.88807402794381 8412 8433 2876 2900 426.0 4.567155734343252 4.043589450280633 -74.03759294808862 0.46490089664176754 -0.013977798657611298 6.33760489322607 0.0 491.51297590588206 4.498568 621.2232419878851 8.178207843453167 2.01462970633115 0.47601380672776 11.64474179680661 749.5614605704752 12.957357319001643 2.9524405586570173 6.199301681242346 11.926404662347128 False
942 10071.000191025358 2878.2935136068754 214.8634319130086 52.877542477995284 10069 10073 2876 2881 24.0 1.435671458854757 1.1438037922624003 75.64689503204445 0.6043709887804121 0.03877265627110212 0.3983824932504614 0.0 5.002551687595626 0.93219125 11.570814194658949 2.7274069637295466 2.476405167515917 0.23825196160256887 2.763953195770684 1.9306088058096957 4.472887988671955 1.663681078392275 3.1162662320692656 4.399782931374134 False
943 525.9815752970756 2881.3065293381255 214.94881764660008 52.93816447453537 523 529 2878 2885 40.0 1.8140969742634367 1.5104227513547703 86.91150743124733 0.5538701020197427 0.005124199008035306 0.5432613324133705 0.0 10.661622050127486 1.3305001 19.14294046257625 2.981331842926627 1.985520430869129 0.3330976408732606 3.5682482323055424 27.72614817336531 4.7155067363686305 1.7935576277331795 3.3156774167123615 5.037277423796294 False
944 3282.9075383346494 2880.320252900059 214.9241320564581 52.920660473667894 3280 3285 2878 2883 28.0 1.4047226996709326 1.3119693284353675 -71.59848838934808 0.35735055050213926 0.08517355769856201 0.578990474221465 0.0 9.800827790833711 1.0731956 28.095406878697872 3.5735885655340036 2.8631964085168358 0.23400861218929855 2.985410660720923 24.83277455880271 5.7375576377485915 2.0229624272338307 3.984461876497634 6.703971665571404 False
945 2039.1852497649497 2889.8119735142577 214.93517065523696 52.928606478288906 2033 2045 2881 2899 178.0 4.0885184922251145 2.342072220046314 -79.44234523466227 0.8196663058174283 0.012438850296828048 1.5029975235231392 0.0 94.54208731228545 2.769605 145.87441489037207 6.364379514341672 2.2125618739922834 0.3691899429053427 7.527227892173502 181.85055913832804 10.106961660007368 2.8048552932220887 5.799700623935676 12.332319711926088 False
946 6378.490514062156 2883.468135300154 214.89639305737748 52.90102314372649 6376 6381 2881 2886 29.0 1.8958206246426808 1.162605892558689 48.970318396008544 0.7898913769888629 0.15600994410380206 0.37558042193663205 0.0 7.627299405248124 0.96591395 28.23840988907849 3.324796462054658 2.814520302952122 0.13570136350245612 3.0382538898732494 33.62244432627929 5.331060986375215 2.633632065560462 4.71787859551593 8.650875202649067 False
947 9958.086051739128 2883.8915210522455 214.86438205163924 52.87828997336009 9956 9961 2882 2887 29.0 1.5768313373758864 1.2123803954909007 -41.37218820044581 0.6394035421140339 0.05672579452275609 0.5158136124400031 0.0 7.283003489392217 1.1328776 22.12873785701383 4.21459122278085 3.299457237390853 0.28206884285879946 3.0382538898732494 25.86269471318352 6.588037403212365 2.1163186970514056 4.305835140072754 6.689460441221655 False
948 3709.3990794415486 2886.1211057638043 214.9202523363305 52.91798431509424 3705 3713 2883 2890 61.0 2.350706428311686 1.7812101202959865 -34.176531637491884 0.652563580654654 0.14627765686515715 0.6737590024606422 0.0 26.633623119629068 1.8114263 33.144086702819195 2.8193292824653358 1.4 0.1971805498718607 4.406461512053774 26.79672208664323 4.347587544593379 1.9100550877313358 3.211248661200159 4.534736504003529 False
949 310.5757792346505 2890.177667584103 214.950654631588 52.939579387696654 306 316 2886 2894 72.0 2.702623277905101 1.9735344301155822 24.052830434569092 0.6832022523634874 -0.0003786616104264397 0.6175927672813241 0.0 21.959324251061723 1.9065462 62.45893257056058 6.208337886358401 2.9134731238497173 0.20526669845434917 4.787307364817192 52.414843195416175 9.803322572014094 3.509757082609448 6.386793876651909 10.061667352909042 False
950 9450.208336879656 2901.9665003752625 214.8687308781702 52.88161372739727 9433 9467 2886 2918 869.0 7.287170035164931 5.875231212772811 -22.371560763056742 0.5915842451595286 0.04121577002392747 3.819396203215447 0.0 817.7013991386298 6.4144573 954.4571258331282 10.78254453434017 1.725560589284924 0.4015663869615345 16.63163525014044 1016.1565772456365 16.974392831190315 4.755409396309911 9.181013351687888 15.094715679179403 False
951 812.4039855411346 2898.583584641599 214.94606907838033 52.93644004934476 808 817 2888 2906 142.0 3.9436958730854963 2.1016457966688256 85.36825063982654 0.8461701987610323 0.03361133332620079 1.0430301952364225 0.0 66.55145137828718 2.4400837 118.97285241018787 6.184543990452187 2.3823321631439485 0.31770415943797664 6.723094811029982 129.75506371176786 9.83742029563107 3.0490718921401148 6.216696376250628 12.067926791840021 False
952 6452.876390478296 2889.5123706802897 214.89566397186306 52.90058339255757 6451 6455 2888 2891 16.0 1.040816510855413 1.020985530825843 -36.94442199765513 0.19427700436158854 0.06053177724927847 0.48503889875986034 0.0 4.700029616304974 0.7193881 25.829401178683693 2.9431629907998547 3.5774845714549683 0.2614259205597423 2.256758334191025 33.759324249398915 4.884924440126566 2.3234736146012893 4.455982641390746 6.2088370733266665 False
953 7991.7459268510565 2894.093084787078 214.88185231708206 52.890835097988905 7982 8003 2888 2901 220.0 4.572938379884259 2.652195178979801 -23.893129890319667 0.8146334572589516 -0.013275532312949472 1.6748443879188895 0.0 136.92410950153453 3.0856695 184.00248912888594 6.398312624416378 1.9846165586599624 0.33930532376476946 8.368283871884005 217.55259022643048 10.102644553368146 3.05149366872677 5.771514462795586 9.861365640854846 False
954 2681.942881880745 2893.779696393928 214.92937195869214 52.92454800587941 2678 2686 2890 2897 55.0 2.0553417166640413 1.7720140640143218 19.51380768212235 0.5066521175975707 0.04886979092616887 0.7014640947352038 0.0 23.046641262748796 1.5569832 45.79461695907296 3.9482116815897172 2.260624683962114 0.23208880594248935 4.1841419359420025 52.323736503253095 6.26206791801952 2.2458305690079396 4.193828340586932 6.552908146589967 False
955 1897.4191972345727 2896.2957935259533 214.93637227021335 52.92954130954972 1889 1904 2892 2901 118.0 3.970945886678592 2.0630723018164527 -10.355843170183203 0.8544450461288655 0.005608057878785872 0.5940575377944908 0.0 36.17684457284284 2.2685008 47.15712604472945 3.797268989582729 1.4 0.2481183077134064 6.128667601500942 42.85119912610647 6.150090968330351 2.793807207983253 4.754343881549503 6.884791524059631 False
