outputs/dr0.5_c0.1/nircam3_f356w_dr0.5_c0.1.ecsv
# %ECSV 1.0
# ---
# datatype:
# - {name: label, datatype: int64}
# - {name: xcentroid, datatype: float64}
# - {name: ycentroid, datatype: float64}
# - {name: sky_centroid.ra, unit: deg, datatype: float64}
# - {name: sky_centroid.dec, unit: deg, datatype: float64}
# - {name: bbox_xmin, datatype: int64}
# - {name: bbox_xmax, datatype: int64}
# - {name: bbox_ymin, datatype: int64}
# - {name: bbox_ymax, datatype: int64}
# - {name: area, unit: pix2, datatype: float64}
# - {name: semimajor_sigma, unit: pix, datatype: float64}
# - {name: semiminor_sigma, unit: pix, datatype: float64}
# - {name: orientation, unit: deg, datatype: float64}
# - {name: eccentricity, datatype: float64}
# - {name: min_value, datatype: float64}
# - {name: max_value, datatype: float64}
# - {name: local_background, datatype: float64}
# - {name: segment_flux, datatype: float64}
# - {name: segment_fluxerr, datatype: float32}
# - {name: kron_flux, datatype: float64}
# - {name: kron_fluxerr, datatype: float64}
# - {name: kron_radius, unit: pix, datatype: float64}
# - {name: gini, datatype: float64}
# - {name: equivalent_radius, unit: pix, datatype: float64}
# - {name: kron4_2_flux, datatype: float64}
# - {name: kron4_2_fluxerr, datatype: float64}
# - {name: radius_kron20, unit: pix, datatype: float64}
# - {name: radius_kron50, unit: pix, datatype: float64}
# - {name: radius_kron80, unit: pix, datatype: float64}
# - {name: near_border, datatype: bool}
# meta:
#   PHOTMJSR: 0.4047000110149384
#   PIXAR_SR: 2.11539874851881e-14
#   __serialized_columns__:
#     area:
#       __class__: astropy.units.quantity.Quantity
#       unit: !astropy.units.Unit {unit: pix2}
#       value: !astropy.table.SerializedColumn {name: area}
#     eccentricity:
#       __class__: astropy.units.quantity.Quantity
#       unit: !astropy.units.Unit {unit: ''}
#       value: !astropy.table.SerializedColumn {name: eccentricity}
#     equivalent_radius:
#       __class__: astropy.units.quantity.Quantity
#       unit: !astropy.units.Unit {unit: pix}
#       value: !astropy.table.SerializedColumn {name: equivalent_radius}
#     kron_radius:
#       __class__: astropy.units.quantity.Quantity
#       unit: &id001 !astropy.units.Unit {unit: pix}
#       value: !astropy.table.SerializedColumn {name: kron_radius}
#     orientation:
#       __class__: astropy.units.quantity.Quantity
#       unit: &id002 !astropy.units.Unit {unit: deg}
#       value: !astropy.table.SerializedColumn {name: orientation}
#     radius_kron20:
#       __class__: astropy.units.quantity.Quantity
#       unit: *id001
#       value: !astropy.table.SerializedColumn {name: radius_kron20}
#     radius_kron50:
#       __class__: astropy.units.quantity.Quantity
#       unit: *id001
#       value: !astropy.table.SerializedColumn {name: radius_kron50}
#     radius_kron80:
#       __class__: astropy.units.quantity.Quantity
#       unit: *id001
#       value: !astropy.table.SerializedColumn {name: radius_kron80}
#     semimajor_sigma:
#       __class__: astropy.units.quantity.Quantity
#       unit: !astropy.units.Unit {unit: pix}
#       value: !astropy.table.SerializedColumn {name: semimajor_sigma}
#     semiminor_sigma:
#       __class__: astropy.units.quantity.Quantity
#       unit: !astropy.units.Unit {unit: pix}
#       value: !astropy.table.SerializedColumn {name: semiminor_sigma}
#     sky_centroid:
#       __class__: astropy.coordinates.sky_coordinate.SkyCoord
#       dec: !astropy.table.SerializedColumn
#         __class__: astropy.coordinates.angles.Latitude
#         unit: *id002
#         value: !astropy.table.SerializedColumn {name: sky_centroid.dec}
#       frame: icrs
#       ra: !astropy.table.SerializedColumn
#         __class__: astropy.coordinates.angles.Longitude
#         unit: *id002
#         value: !astropy.table.SerializedColumn {name: sky_centroid.ra}
#         wrap_angle: !astropy.coordinates.Angle
#           unit: *id002
#           value: 360.0
#       representation_type: spherical
#   astropy version: '5.1'
#   make_catalog parameters:
#     ab_zpt: 31.4
#     coadd_bands: !!python/tuple [f277w, f356w]
#     deblend_contrast: 0.001
#     deblend_nlevels: 32
#     deblend_npixels: 1
#     detect_kernel_fwhm: 4.0
#     detect_kernel_npix: 7
#     detect_npixels: 4
#     detect_threshold_nsigma: 3.0
#     flag_isolated_buffer: 4
#     hst_bands: !!python/tuple [f606w, f814w, f125w, f140w, f160w]
#     jwst_bands: !!python/tuple [f115w, f150w, f200w, f277w, f356w, f410m, f444w]
#     near_border_kernelsize: 21
#     reference_band: f200w
#   make_catalog version: 1.4.0
#   photutils version: 1.5.0
# schema: astropy-2.0
label xcentroid ycentroid sky_centroid.ra sky_centroid.dec bbox_xmin bbox_xmax bbox_ymin bbox_ymax area semimajor_sigma semiminor_sigma orientation eccentricity min_value max_value local_background segment_flux segment_fluxerr kron_flux kron_fluxerr kron_radius gini equivalent_radius kron4_2_flux kron4_2_fluxerr radius_kron20 radius_kron50 radius_kron80 near_border
[from data line 4480]
4481 622.103902097736 2735.0092291129195 214.84090701011428 52.882050315588764 604 643 2718 2753 1009.0 6.22934422988334 4.784995790957959 44.04725054592607 0.6402843657018953 0.06933417399094532 19.276773355310127 0.0 1736.4481151575105 3.5249581 1775.6092606295292 3.880431079169999 1.483271186589284 0.6384376697259827 17.921346912535476 1913.260970011257 5.844500562036335 2.71435362266268 5.591551611966936 10.642258989978068 False
4482 643.7429344304013 2747.1577706043245 214.84058576322363 52.88197830937451 638 649 2739 2753 132.0 3.458327496928736 2.5315774141283587 -86.10359335545844 0.6812792521967638 0.08068410772294769 0.760494274241005 0.0 50.4870784338556 1.1554135 163.30195092239234 3.878902153541779 3.0598765527578093 0.23278475284805047 6.4820448144285745 226.17425750689898 6.20748966099395 4.777208997197696 11.52958585837806 18.978947082181993 False
4483 644.0502202229145 2758.44775510776 214.84046413468076 52.88203722425408 636 653 2749 2767 234.0 4.588460776081348 3.6713501434048923 28.109293051131502 0.5998309816573291 0.1063447758413594 0.6026394626557001 0.0 80.34316956069458 1.5763956 169.31451238338397 4.4370698197470375 2.460103221667685 0.1874571520437936 8.63044108762739 248.34282009490926 7.041409321420701 4.824674535091362 8.863574660258736 15.344914031443038 False
4484 6535.976122624529 2737.289667829815 214.78809394351782 52.84447194052047 6527 6546 2729 2745 233.0 4.54635394612261 3.475012742909898 24.17919912070214 0.6447997276141639 0.05635067290312857 0.5704863046533829 0.0 73.25916968618927 1.5842707 152.28531027980233 4.3333439450808315 2.4498009090864343 0.19741206571699196 8.611980229936854 161.15261106784806 6.962655109941459 4.738347182362325 8.956366634681814 15.016552706465125 False
4485 6547.339053745657 2735.860964172267 214.78800764295192 52.84439199524639 6544 6551 2732 2741 60.0 2.4635536798120508 1.8294557843074082 -86.66903738975928 0.6697258298624841 0.15865838794646367 0.4557202708118079 0.0 16.984663248005834 0.82127064 57.70163669774797 2.815736337194617 2.9435456045121544 0.13831774954971596 4.370193722368317 85.54057677956803 4.518119566313424 3.472592349885516 6.854195881235409 10.7443804611633 False
4486 9291.160571649272 2742.370966863458 214.76347803069913 52.826978382288395 9285 9297 2735 2753 173.0 3.3577264216875484 2.4261184645863256 -84.95733203324441 0.6913207703175368 0.18554022910261894 3.11749440766948 0.0 142.61228287182166 1.6455047 193.88603364045179 3.188614873883854 2.0852308807977966 0.4277279206810136 7.420755373261929 222.24093244192957 5.152046008821121 2.25810182487696 4.447558642480744 8.98483207301218 False
4487 9295.147790093766 2757.476883168356 214.7632834910805 52.82703436012619 9291 9299 2753 2761 56.0 2.623786688117408 1.6077941143758587 45.55245801245089 0.7902564724636183 0.22745535999647712 0.5505811126018395 0.0 20.836633401218588 0.90193003 74.43612830312625 3.2381336369154585 2.944366603220058 0.14145251659731917 4.222008245644752 93.58173455389088 5.278752007960503 3.475220466372012 6.4223180972421865 11.583538988739704 False
4488 2383.3968810491306 2755.026100493304 214.82496483960233 52.87096525656232 2373 2392 2740 2768 345.0 5.162864193764421 3.4241913024021495 -74.12063896091149 0.7484113668368995 0.07902463899135373 2.7224958495861493 0.0 298.9135984268968 1.8844771 408.4589067233603 3.626136097309847 1.9995616213968186 0.4306749953623293 10.479356408358663 468.58903953747927 5.781879985432788 3.546268675767099 6.680711577504126 12.184361569664524 False
4489 2372.1276068314273 2774.955256339754 214.82485562866248 52.87114429547146 2357 2387 2756 2798 694.0 9.530836878922088 3.611063276064635 -62.55789418510354 0.9254449586137585 0.11542035688652494 4.142217215001854 0.0 728.1666919606585 2.911091 896.8998959782189 4.6152917086263585 1.7336241130013206 0.4378600418598402 14.86294254216004 959.779496788844 7.170078593198332 4.81711589307954 9.942322390346638 16.81346358999263 False
4490 9553.067038841067 2751.408543960202 214.76104904038567 52.82536124855918 9552 9554 2750 2753 11.0 1.0626774185892998 0.7386894902163158 72.36615935871231 0.7188926652178217 0.22489908143606557 0.3633761681818693 0.0 3.2289996545131094 0.35338923 32.18534886831608 1.592166115685434 3.7016330999458735 0.07463606497406795 1.8712051592547776 58.542477065566835 2.651090666155992 3.002309096812538 5.381341519036678 7.312979214853098 False
4491 9554.949168242769 2755.7991217577924 214.76098605363111 52.82537291753258 9553 9557 2753 2758 24.0 1.4225344925232393 1.3340693761429527 64.15333700767866 0.3471445901100841 0.17607062276720004 0.3434625730439116 0.0 6.136416530712722 0.529674 61.41019697712747 2.4105983161487 3.557593684782212 0.1113988333015013 2.763953195770684 104.32542024665284 4.022110448236433 4.004250080888961 7.468395298560107 10.509129379362737 False
4492 3249.0650012316137 2760.396867564727 214.81717935111908 52.86549213696037 3241 3258 2754 2767 160.0 4.026376659619494 2.282295794822518 24.152012946801634 0.8238305608271362 0.027899138860488594 1.4150227265980357 0.0 70.88567236429503 1.3129758 106.59860371265135 2.91343349814712 2.1729953435935343 0.35138751636710774 7.136496464611085 116.13553242290476 4.7004081802754145 2.762431860982674 5.504681161816382 10.119415395383246 False
4493 3236.685154578082 2763.321147155448 214.81725907882324 52.865586584716795 3233 3241 2758 2769 89.0 2.9316446788141146 2.165206384993878 85.83689906604715 0.6741836833616814 0.12308632027435926 0.5036330645809025 0.0 28.691830183448037 0.96512055 66.26171687797154 2.8110143484848646 2.4771049438482002 0.14521091014013274 5.322553886092406 79.29139172250072 4.464497606926805 3.278244019603401 5.988133478293427 9.433416319283754 False
4494 8438.343290586801 2845.0055914251097 214.76999836007718 52.83295490646425 8319 8557 2758 2925 26881.0 27.151682956321753 17.766903871348703 -14.411551154378085 0.7561854477015733 0.07239607676442932 557.4592116919142 0.0 98782.36718681837 26.527773 95699.55828797062 24.209664143788554 1.4 0.779269514955392 92.5012867505446 102238.2673888499 31.704945949922543 4.605388362073902 13.55737584257165 36.17179593076127 False
4495 8336.654143626813 2817.8743525333607 214.77119039276343 52.83345550880702 8322 8352 2804 2832 444.0 7.277283488724539 5.064529675840325 -49.59133466522091 0.7181029971780889 0.09381874435880859 0.5437847039765472 0.0 156.19188245291053 2.4910939 1227.9935806686792 11.319159556534412 3.505759550520368 0.1328349739926423 11.888212206450685 2171.399410380789 17.697410957784975 16.74777848133807 34.02295170556537 48.39298304634326 False
4496 8360.308616068078 2817.3012357154003 214.77098557429292 52.833301989318336 8346 8367 2804 2825 254.0 5.8873032477813725 2.6277757083407223 49.17005646123494 0.8948603399300225 0.13124152513872245 13.630027946354806 0.0 172.57472046933336 2.0005856 360.2267556115369 4.096573112530934 2.68298457059443 0.43868616029136986 8.991702346646203 677.7861395806381 7.657226521501849 4.219931949401904 12.019292243131867 26.778274539130233 False
4497 8337.168783112098 2877.1376226535554 214.77056194799164 52.8337713761908 8325 8346 2867 2890 325.0 5.98209072541271 4.642049837769597 -39.22740752563208 0.6307437177503687 0.04405167037121566 0.5800110380702918 0.0 103.89999099752268 2.0299392 952.7406449076225 8.534265943809032 3.5173140165026755 0.14486238260694212 10.171072362820547 1829.6065686236245 13.629907353834476 16.238023780239455 31.045385866401105 40.114227538964045 False
4498 1366.9775176993764 2768.987963202021 214.83389521884177 52.87750009652646 1364 1370 2766 2773 37.0 1.7759183276200707 1.4609346442604698 61.23512939155013 0.5685681474529366 0.1282017753168085 0.6015490519704846 0.0 14.662362099393048 0.6121161 42.066214348207524 1.962218614074798 2.7925811962242846 0.16086781198202782 3.431831258788849 56.917639048303215 3.1650635538076557 2.3962619262955194 4.785915254133212 8.106376981909174 False
4499 1371.9609745906766 2772.8567007206507 214.83380996956544 52.87748928233343 1368 1375 2769 2776 43.0 1.9123119515020799 1.5913427679457381 48.233333939991105 0.5545408958954274 0.21137999929894918 0.6125870835391729 0.0 17.521564117013334 0.67271125 49.6879704343348 2.2025219617052945 2.8373670614698514 0.15677353640375785 3.6996385101659595 60.70738505912843 3.512166509530628 2.5614250107858143 5.202100214119572 9.243993085641947 False
4500 6044.684179664074 2800.6078612315464 214.79180929269242 52.84793675393906 6014 6077 2776 2827 1841.0 4.782744706341146 4.3323198157518 0.7723450693090508 0.42365649099300406 -0.0192216482011923 320.61145069543693 0.0 9914.503064665189 7.1677356 9472.606291129312 6.430508266323714 1.4 0.877493544914968 24.207612448656697 9886.586127266952 7.30021799377563 1.5495589755647114 2.8600480734373113 5.7369955740595975 False
4501 6020.079890405295 2783.9546904645595 214.79220408012017 52.8480034784566 6013 6028 2782 2788 74.0 3.8520956678954343 1.4031152934802633 5.050358628323346 0.9313022781874657 -0.06126891971498641 0.2928654417615395 0.0 9.834299105269745 0.8202132 64.57894363859052 3.5341256597632635 3.2651996066150053 0.314329366135449 4.853342309955121 162.7520696109866 15597619.990737135 5.126752532603335 9.752060988983818 15.784411565328167 False
4502 6071.941750197901 2816.069309358541 214.791403386044 52.84784673857983 6063 6079 2809 2821 124.0 4.538176747414299 1.983555112374537 38.7540754704417 0.8994216890481228 -0.016703986940705157 0.37634883662078833 0.0 21.150336511523605 1.0334438 144.0645555115389 4.33266703331927 3.398942613529901 0.29656860590022416 6.282549314314218 251.50323971115165 7.008889937573961 7.278215826064211 14.773497813055872 20.967917335889084 False
4503 6017.457440260011 2816.4089102167086 214.79188580161195 52.84819498295872 6010 6026 2809 2821 153.0 4.266323659775455 2.4636458185047525 -31.363885189587428 0.8164165649147082 0.016364226097708826 0.5041926755475197 0.0 30.542654726821194 1.1494244 178.0145623718007 5.089458189170324 3.2849799044675785 0.2947218395783884 6.978639737521917 346.3184888289944 30346920.253951743 7.460409100546108 15.301127737512926 23.11453544960288 False
4504 6074.067741967826 2783.9002785400407 214.79172309003545 52.8476599281845 6071 6076 2782 2786 12.0 1.6792099041320725 0.4982189335427355 -37.90539841268174 0.9549712271548122 0.07268527149255455 0.2601237927582962 0.0 2.4193699921154552 0.32351843 23.058246900057668 1.4823584817399813 3.6286602331841538 0.1706087608454181 1.9544100476116797 44.51811850501086 2.492463949352235 2.751565186112014 5.01918575397436 6.999718782992267 False
4505 6069.756631666338 2786.6376037551245 214.79173272640446 52.847702084383975 6069 6070 2786 2787 3.0 0.5466863456667096 0.3410856694001022 -52.44861350895168 0.781492416339099 0.03420161064270429 0.055403618800695824 0.0 0.1405343502500736 0.16902882 5.624480139885251 0.7881377204030313 4.198913484638297 0.15086708779927224 0.9772050238058398 13.916695914067073 1.2818667059374427 1.9667109770783906 3.1111784096194754 4.016392292266668 False
4506 8796.605786981894 2810.8825397213236 214.76716433158353 52.83049268016405 8783 8809 2789 2835 792.0 7.345000236395353 3.7124897825902 69.30858924189444 0.8628591330489765 0.07175344201656735 10.611265817934017 0.0 1071.9296385766934 3.727646 1173.0866614579058 4.848564642921907 1.685941164474645 0.5857354569209399 15.877702285203682 1302.5476050354205 7.504851194439603 3.015703710258182 6.117320945255568 12.348595839006874 False
4507 8779.215666049942 2849.799334214281 214.76690966080488 52.83081283849779 8764 8794 2830 2870 791.0 7.6602338432992685 4.361396521587682 -69.64175254275622 0.8220914044168097 0.10262660089365887 4.483502331367499 0.0 669.2123840087802 3.7447765 849.6174290426214 6.17746584357298 1.9978099129387743 0.4904024134059907 15.867675317177952 1008.7591407739187 9.530489972254184 4.117234475598161 8.438496764799662 17.2666423590918 False
4508 3358.589125150645 2838.120161337922 214.81538328478413 52.865214839323286 3350 3367 2824 2853 386.0 5.108586601506751 3.016507930639493 86.28296393542499 0.8070537450410109 0.10101693823578511 5.97878618169356 0.0 413.2648184084739 2.1393268 462.403985140739 3.0476284151674227 1.6337889389975682 0.5085249869271593 11.084566571000565 491.73968645253103 4.790649733753196 2.475448376033828 5.001198704945742 9.296329113920269 False
4509 3364.6716068324117 2852.8454848449655 214.8151739439582 52.86525553281406 3360 3369 2848 2856 63.0 2.1669597855161737 1.9219321974644668 1.9870899876372796 0.46191222844254104 0.10602665716557619 0.7939749778929194 0.0 26.23607564872726 0.8829034 56.447014387004444 2.540442380575601 2.6683722140387727 0.22075796169602185 4.478115991081385 65.64775306913322 4.008352481241752 2.4495210507670455 4.981236616159957 10.139005439008473 False
4510 7186.9815748338315 2851.324717772483 214.78108797686787 52.840946690935695 7165 7208 2826 2874 1500.0 9.702018227109546 7.98482117166707 86.78568434419977 0.5680323861071027 0.1201749682793891 4.087757094669489 0.0 1059.822199394629 4.565022 1397.185386567836 8.49747438863119 1.9185399395301266 0.3869525018314637 21.850968611841584 1527.3085809430427 13.226391376826808 6.247221072214304 13.93756308687722 23.778520655403902 False
4511 7170.798688530501 2834.2951375977977 214.78141155410407 52.8409578733472 7166 7176 2829 2840 87.0 2.8321709725955326 2.182594739675595 -60.590373257135894 0.6372662516582327 0.13928145997262914 0.6551121089293792 0.0 29.33817341041812 1.1417571 147.29756462191062 3.9652468878328317 3.260362760554559 0.16966213882169173 5.262410103554244 261.8450837368981 6.324750432976756 5.373117862836089 10.917919783848236 18.010537690138346 False
4512 8282.67381829641 2848.320890884951 214.77135106213 52.83396276134377 8277 8288 2843 2854 95.0 3.242875748816402 2.407162158047058 -49.440181273450385 0.670076063476904 0.08120139031770542 0.40522081103909824 0.0 24.48132910223879 1.0782448 292.49767440556815 5.139413562639576 3.686122810664569 0.16285661211430144 5.499039842323396 614.5706497656237 8.350487186142164 9.681047475889084 17.38631715893043 22.4926759428381 False
4513 8292.760201938643 2851.221617137304 214.77123061685123 52.83391423694007 8285 8303 2844 2860 177.0 4.7182884106747025 3.1436326194270605 -46.01037071026665 0.7457146443906549 0.07007919213968263 0.47359521177537794 0.0 45.72490022895619 1.5529331 626.3866378705184 7.542284630564954 3.8507965372800914 0.1481282091582368 7.506054213402069 1197.6335994706988 12.161881441105702 15.102099924730485 24.511919116928368 32.47598094901464 False
4514 8300.016149527955 2854.6567988735374 214.77112977595593 52.833886590994034 8297 8303 2850 2860 60.0 2.6222685258544973 1.748316891417954 -79.57499619544333 0.7453089617822405 0.14164438729596138 0.35527151405121676 0.0 14.80216885584072 0.82863396 243.29800915253867 4.0540088939999555 3.868235254340097 0.12008582344068301 4.370193722368317 517.6103273038233 6.534226474093062 8.989072137173235 14.348861201968802 18.089842634584258 False
4515 8275.166245721832 2879.1718053367604 214.7710932184646 52.834176643553974 8253 8306 2856 2905 1628.0 10.829809056697796 8.50913447640735 24.369217692848306 0.6185897161632244 0.0784943905818503 2.432492180585233 0.0 1010.1946997902241 4.8577805 2132.2574728473674 13.635479082408727 2.730998896804029 0.37352722456373716 22.764193258431348 2634.618617529528 21.69009299740832 10.554318560649552 25.45554978599349 49.4384801373524 False
