outputs/dr0.5_c0.1/nircam2_matched_f277w_f356w_dr0.5_c0.1.ecsv
# %ECSV 1.0
# ---
# datatype:
# - {name: label, datatype: int64}
# - {name: xcentroid, datatype: float64}
# - {name: ycentroid, datatype: float64}
# - {name: sky_centroid.ra, unit: deg, datatype: float64}
# - {name: sky_centroid.dec, unit: deg, datatype: float64}
# - {name: bbox_xmin, datatype: int64}
# - {name: bbox_xmax, datatype: int64}
# - {name: bbox_ymin, datatype: int64}
# - {name: bbox_ymax, datatype: int64}
# - {name: area, unit: pix2, datatype: float64}
# - {name: semimajor_sigma, unit: pix, datatype: float64}
# - {name: semiminor_sigma, unit: pix, datatype: float64}
# - {name: orientation, unit: deg, datatype: float64}
# - {name: eccentricity, datatype: float64}
# - {name: min_value, datatype: float64}
# - {name: max_value, datatype: float64}
# - {name: local_background, datatype: float64}
# - {name: segment_flux, datatype: float64}
# - {name: segment_fluxerr, datatype: float32}
# - {name: kron_flux, datatype: float64}
# - {name: kron_fluxerr, datatype: float64}
# - {name: kron_radius, unit: pix, datatype: float64}
# - {name: gini, datatype: float64}
# - {name: equivalent_radius, unit: pix, datatype: float64}
# - {name: kron4_2_flux, datatype: float64}
# - {name: kron4_2_fluxerr, datatype: float64}
# - {name: kron4_2_mag, datatype: float64}
# meta:
#   PHOTMJSR: 0.4047000110149384
#   PIXAR_SR: 2.11539874851881e-14
#   __serialized_columns__:
#     area:
#       __class__: astropy.units.quantity.Quantity
#       unit: !astropy.units.Unit {unit: pix2}
#       value: !astropy.table.SerializedColumn {name: area}
#     eccentricity:
#       __class__: astropy.units.quantity.Quantity
#       unit: !astropy.units.Unit {unit: ''}
#       value: !astropy.table.SerializedColumn {name: eccentricity}
#     equivalent_radius:
#       __class__: astropy.units.quantity.Quantity
#       unit: !astropy.units.Unit {unit: pix}
#       value: !astropy.table.SerializedColumn {name: equivalent_radius}
#     kron_radius:
#       __class__: astropy.units.quantity.Quantity
#       unit: !astropy.units.Unit {unit: pix}
#       value: !astropy.table.SerializedColumn {name: kron_radius}
#     orientation:
#       __class__: astropy.units.quantity.Quantity
#       unit: &id001 !astropy.units.Unit {unit: deg}
#       value: !astropy.table.SerializedColumn {name: orientation}
#     semimajor_sigma:
#       __class__: astropy.units.quantity.Quantity
#       unit: !astropy.units.Unit {unit: pix}
#       value: !astropy.table.SerializedColumn {name: semimajor_sigma}
#     semiminor_sigma:
#       __class__: astropy.units.quantity.Quantity
#       unit: !astropy.units.Unit {unit: pix}
#       value: !astropy.table.SerializedColumn {name: semiminor_sigma}
#     sky_centroid:
#       __class__: astropy.coordinates.sky_coordinate.SkyCoord
#       dec: !astropy.table.SerializedColumn
#         __class__: astropy.coordinates.angles.Latitude
#         unit: *id001
#         value: !astropy.table.SerializedColumn {name: sky_centroid.dec}
#       frame: icrs
#       ra: !astropy.table.SerializedColumn
#         __class__: astropy.coordinates.angles.Longitude
#         unit: *id001
#         value: !astropy.table.SerializedColumn {name: sky_centroid.ra}
#         wrap_angle: !astropy.coordinates.Angle
#           unit: *id001
#           value: 360.0
#       representation_type: spherical
#   astropy version: '5.1'
#   kernelfile: kernel_f277w_f356w.fits
#   make_catalog parameters:
#     ab_zpt: 31.4
#     coadd_bands: !!python/tuple [f277w, f356w]
#     deblend_contrast: 0.001
#     deblend_nlevels: 32
#     deblend_npixels: 1
#     detect_kernel_fwhm: 4.0
#     detect_kernel_npix: 7
#     detect_npixels: 4
#     detect_threshold_nsigma: 3.0
#     flag_isolated_buffer: 4
#     hst_bands: !!python/tuple [f606w, f814w, f125w, f140w, f160w]
#     jwst_bands: !!python/tuple [f115w, f150w, f200w, f277w, f356w, f410m, f444w]
#     near_border_kernelsize: 21
#     reference_band: f200w
#   make_catalog version: 1.4.0
#   photutils version: 1.5.0
# schema: astropy-2.0
label xcentroid ycentroid sky_centroid.ra sky_centroid.dec bbox_xmin bbox_xmax bbox_ymin bbox_ymax area semimajor_sigma semiminor_sigma orientation eccentricity min_value max_value local_background segment_flux segment_fluxerr kron_flux kron_fluxerr kron_radius gini equivalent_radius kron4_2_flux kron4_2_fluxerr kron4_2_mag
[from data line 2052]
2053 1948.77473434201 4203.502973652474 214.92214568574403 52.9362730811337 1945 1952 4200 4207 51.0 1.9823338633111816 1.6790001674334434 41.407096958707164 0.5316223177837285 0.14608473185770102 0.4460835831726579 0.0 13.673525415058435 0.7737104 37.14642788613085 2.4625238714146183 2.8715904007326856 0.18479741392815213 4.029119531035698 59.71937957793771 3.8149454166284418 26.959711781975606
2054 2183.358406034062 4203.658710094652 214.92004292429206 52.93478470882521 2181 2186 4201 4206 30.0 1.5325416439697443 1.3344896450761912 47.79062178792465 0.49169245804768674 0.239463383991858 0.5306560177728298 0.0 10.828981650613107 0.5489062 26.414549991968926 1.71868502280219 2.694768338162142 0.13911875084785322 3.0901936161855166 33.06646395119618 2.787211345428222 27.601530612548796
2055 628.3675838113016 4203.280031222483 214.93397736088892 52.94465355335075 627 630 4202 4205 12.0 1.0111061475099352 0.887817493155526 14.413538486994996 0.47854034237044585 0.32829074625158594 0.47561993333575625 0.0 4.990223063586321 0.36112225 17.55484284436065 1.250509771938693 2.9029043400584897 0.06117335127687285 1.9544100476116797 22.80648194517336 1.9629193448030395 28.004854256080023
2056 2685.590518259835 4211.3042190023825 214.91546448472886 52.93163752126784 2680 2692 4203 4219 180.0 3.7264170555528255 2.5418660716999533 -70.09517577181958 0.7312396333753963 0.17187914418631284 1.5909032381716688 0.0 111.12174377850131 1.4052969 139.18738971844613 2.526774404146424 1.8466732485747612 0.3491496003108999 7.569397566060481 152.154300168975 4.021955651117614 25.944289422867445
2057 3220.5044454967406 4203.532274579715 214.91075646639993 52.928199441226376 3220 3221 4203 4204 4.0 0.502504930823635 0.4964145279510532 -40.165158821472616 0.15522008602231038 0.3198605459888907 0.37296682652251656 0.0 1.3980851106281122 0.22987276 10.260769567872675 0.8816944900811613 3.8077516016297284 0.04683972820564163 1.1283791670955126 13.40509836612198 1.377507790679142 28.581824987080925
2058 9894.010654262844 4206.000849341287 214.85103569109984 52.885826924819824 9893 9895 4204 4208 11.0 1.0996903774802822 0.7337676848309969 89.37206727681273 0.7448344182981194 0.3264676548697747 0.40254595248104535 0.0 3.947042784141873 0.34141895 26.007082288855734 1.400301195581315 3.416736852347657 0.04129235594206602 1.8712051592547776 33.599950378514066 2.2782337554427 27.584153409974306
2059 682.5206639372207 4213.694444782339 214.93338242110815 52.944366056295785 675 691 4205 4223 260.0 4.162681036656809 3.4989108556631807 73.48672417821285 0.5417454120615874 0.14641360328654152 1.3617325131173534 0.0 135.51276989730079 1.6587381 245.7018053313653 4.155087221449663 2.444855280241842 0.30278138188852405 9.09728368293446 328.36212378011317 6.684687125872777 25.10911736016931
2060 10032.863613428663 4208.118687778912 214.84977258436788 52.88495612059375 10029 10037 4205 4211 51.0 2.065680957406999 1.6270650751798783 -5.264756260636649 0.6161034643390435 0.206783021983796 0.6299086008225859 0.0 19.755349754320385 0.7645466 50.71762426388092 2.334261205066265 2.759086725525373 0.17682308949049957 4.029119531035698 89.91497224375091 3.699672327296219 26.515419963619088
2061 1212.9729601919173 4209.17887204456 214.92867727179214 52.940974591446626 1210 1216 4206 4212 42.0 1.68210073500318 1.5782064012804629 59.622959604003306 0.3459976808724155 0.19030191382607906 0.6495378714954172 0.0 15.77237254722557 0.635667 35.939925004038486 1.9401297512125548 2.7253895656464784 0.2095771622802564 3.656366395715726 59.46083630661971 3.103630163587415 26.964422467023972
2062 1085.60030959243 4210.8076491220845 214.92980127369236 52.94179190970423 1082 1089 4208 4214 41.0 1.7845870152005425 1.5498154484399314 18.597827036030317 0.49578573801400716 0.18922501475574718 0.5494415388553291 0.0 14.558834559826616 0.65060705 33.63012177759502 1.9116887948871162 2.6644403286275367 0.16788440905128452 3.6125759969217834 37.57170817021742 3.0446927122857037 27.462847649017373
2063 6602.0809895732455 4211.931401363888 214.8804050991212 52.90677090387052 6598 6606 4208 4215 52.0 1.981260736797446 1.7019998705505763 -2.4549184356687883 0.5118935194702993 0.20131137615842082 0.7047620374934707 0.0 21.296992097157617 0.7315705 68.14704615243895 2.3959539079503536 2.946595814299264 0.19288038369442506 4.068428945128219 129.08348500165403 3.7764829397172663 26.12282329502041
2064 1023.522084608954 4215.630387875465 214.9303066610988 52.94221199912857 1017 1031 4209 4222 160.0 3.1042345062899006 2.7353270102853853 13.452325126332616 0.4728183648475655 0.19055266131914764 1.9887988700631114 0.0 116.30735874866778 1.2621839 144.65020101415672 2.219296565632871 1.7391385249227909 0.3384759011371037 7.136496464611085 152.77425048092053 3.515021459447613 25.939874595690256
2065 10175.227262403652 4219.885389956745 214.84837656061862 52.884115023204515 10166 10184 4211 4228 240.0 3.484787240201498 3.1987819130953077 -12.394023162669765 0.3967482467502546 0.21256987651435222 3.18423477543005 0.0 192.531262535388 1.6399376 235.14607561540754 2.775187875522872 1.802869899237659 0.4252426996361347 8.740387444736633 247.4878629347453 4.371758572604725 25.416115236166572
2066 917.6940852104401 4213.797398191742 214.93127415347053 52.94287385510707 916 919 4212 4215 12.0 1.07420797233284 0.8194634541523182 30.820013526170204 0.6465712140333999 0.20426955987054524 0.3269310475330296 0.0 3.2170503354847675 0.35261172 13.065591808635688 1.2706604845265428 3.1191130921913564 0.08787795973643607 1.9544100476116797 13.804760658209863 2.033966177048826 28.549927796487875
2067 1198.8126852266428 4213.873452206211 214.92875468502083 52.941089823631195 1196 1202 4212 4216 29.0 1.6861579601012326 1.2030403241883876 -12.229850198599223 0.7006753880953241 0.21525369040433004 0.4249640101551486 0.0 8.896406985901523 0.5564095 36.167315282590195 1.9386751694977715 3.11068219940491 0.11573537662923072 3.0382538898732494 65.79175047553326 3.0784064742418176 26.854571396191588
2068 6392.848709801684 4215.901520634133 214.88223491223616 52.9081212248487 6388 6398 4212 4219 72.0 2.5391777977685863 1.8174012748999402 -1.5756014900625486 0.6983627465577422 0.17107356772322996 0.6622535739407991 0.0 25.66563442678886 0.843412 91.64983709980027 2.799353371734937 3.0746183136638474 0.2054905908167617 4.787307364817192 184.22522032543068 4.501385394435985 25.736627288518402
2069 8221.126089730607 4220.781317783689 214.86583311289073 52.89653455576597 8217 8226 4214 4228 106.0 3.220514621344742 1.8572516434532718 -69.79528119101069 0.8169601975122617 0.11925157444305136 1.239719383039604 0.0 58.36976528610516 1.1580827 78.10917075138198 2.208753186100451 1.8443654971188486 0.2978009443765476 5.808687281605183 79.80373831208234 3.49827493525751 26.644941910398792
2070 643.4444753989922 4218.1616483854095 214.93368550705782 52.94463820842233 641 646 4216 4220 23.0 1.4553307122690955 1.1214204296963663 -26.92507006147538 0.6373668044568906 0.22638028234367985 0.46322072727880975 0.0 7.7954574977191236 0.45814076 34.98061937032102 1.718324846507832 3.1510226801332215 0.1282012555673646 2.7057581899030048 56.34641807462005 2.768964465032989 27.022834216785185
2071 6811.292525784217 4217.23150002729 214.87847796136163 52.90547069588186 6810 6813 4216 4219 10.0 1.0935415493872747 0.7132829904737467 -52.75026414999037 0.7579877734321798 0.2778898543823898 0.3508031261950949 0.0 3.18367893141564 0.35459912 44.59180107536048 1.5631240582981498 3.7263021051292022 0.04177129681655567 1.7841241161527712 98.9121358264799 2.4354680859143345 26.411876050604313
2072 1200.6319233696806 4222.890228020763 214.92864340950797 52.94112695770927 1198 1203 4219 4226 34.0 2.096767723790225 1.2134472690963989 -56.21847656270704 0.8155243290234624 0.23581981246651523 0.3721383579943545 0.0 10.620979915435147 0.5685369 46.14317373681074 2.2011287180801227 3.134833196858381 0.07355481826119961 3.2897623212397704 78.61711944693616 3.4760433518241096 26.661207182236744
2073 6231.797372850126 4230.99626506418 214.8835166592058 52.909225532133846 6219 6246 4219 4245 547.0 5.392708539649031 4.673391405820875 8.413342618187016 0.4989808437912681 0.12104216473783529 3.5774684657935425 0.0 395.6872417700922 2.3844764 583.541075120414 4.907637353217677 2.2819748902612527 0.4356556817270817 13.195283541573993 874.2452358839146 7.738788310390853 24.045916814146633
2074 6880.6080954175595 4225.733302049693 214.8777684518109 52.90507629716123 6872 6888 4219 4232 173.0 3.4431061087752006 2.4791090753773055 -14.69770712081021 0.6939521626486468 0.14475496958111836 2.719266040814649 0.0 133.28586879578177 1.3260851 167.2048605897109 2.301275253721165 1.820228550334993 0.39948300953354166 7.420755373261929 175.65619758373646 3.673027482105249 25.78834130655386
2075 7162.901915695176 4253.050694105702 214.87495599311418 52.90343061350092 7129 7194 4219 4284 2767.0 12.245174591303915 6.21133256050559 49.16488903582462 0.8618005044378896 0.16513900766325043 39.428464643316346 0.0 9894.666509762612 7.223874 9919.240559645757 7.345269457477621 1.4 0.6616458590394617 29.677659191225793 10395.851973736135 10.356556653920578 21.357849782586868
2076 2321.83914363113 4226.14186027241 214.91856583466338 52.93402693889995 2315 2327 4221 4232 102.0 3.4407253317724518 2.0763116736505767 39.00196913962808 0.7973995251043384 0.17893614884512585 0.6621338897666108 0.0 38.300904652187484 1.0197772 97.06846258834356 3.1335255249467098 2.715282696003382 0.1807203249849117 5.698035485213008 118.9712571670959 5.026059829131743 26.211394873020755
2077 3230.1247648789017 4228.297191887285 214.9104094923719 52.928272028478986 3225 3235 4222 4234 114.0 3.063179657526217 2.1995508382272937 61.028818860429006 0.6959798388289901 0.1407091969684351 0.9733407996673501 0.0 50.370116155202105 1.084508 86.14040593190555 2.730589648199419 2.3484612135168805 0.27002596542713553 6.023896332520351 90.19523146443052 4.334043125690258 26.51204105646189
2078 293.3438837372146 4226.262178199934 214.93673742712252 52.946904126173166 291 296 4224 4229 24.0 1.405292298549221 1.1864487375779436 48.12584284141455 0.535915135645985 0.2702027493833758 0.5968707252686366 0.0 10.42482470099529 0.47854397 25.886491407599095 1.5076990411446485 2.719824544923054 0.13661675659637743 2.763953195770684 30.174006275199595 2.4180671399587736 27.700917559191176
2079 1211.4884285487203 4227.476554577083 214.92849783604507 52.94108280505902 1211 1212 4227 4228 4.0 0.5003328738569389 0.4989823934745536 -36.02781231727156 0.07342371633229988 0.2986110842852122 0.34365841298347355 0.0 1.2864463128708443 0.19954206 10.752632596338756 0.8571482886566292 3.8787020229793057 0.03897486474209098 1.1283791670955126 14.234200688589329 1.3776032850255628 28.516667288324772
2080 2837.632171143069 4232.00691668873 214.9138849000516 52.930783987468416 2834 2842 4227 4237 75.0 2.5602854245779323 1.898786909386141 -57.59797054199679 0.670808121107004 0.20340284940533732 0.6447239140390152 0.0 26.9473036860009 0.88186085 80.26489773781668 2.885018952174101 2.981180366251195 0.19579296944204533 4.886025119029199 120.89142580670995 4.598695260971048 26.194011250678543
2081 6706.5109726474175 4230.5076290626885 214.8792753694193 52.906207837415344 6706 6707 4230 4231 4.0 0.5019174964606092 0.4978957974896634 -45.443145858143914 0.12633738936570238 0.30141276860790495 0.32489449313054597 0.0 1.2623422464562484 0.1995573 11.939846981701471 0.8446687318584238 3.910181764771028 0.019716238348594466 1.1283791670955126 19.667668651669203 1.361598889999886 28.165617792591338
2082 3012.7392731456935 4232.852867629322 214.9123079857081 52.929676811272024 3011 3014 4231 4234 12.0 1.052189939927187 0.8670372009598172 -38.59737939839913 0.566544611984627 0.25926728104321234 0.39569497420832 0.0 4.064593624194236 0.3557411 17.66989617001221 1.2907231854391903 3.0765260802928966 0.07447133244269384 1.9544100476116797 23.513180770626477 2.060570870154227 27.971721543128474
2083 9633.524907751904 4242.621287418623 214.85297795512818 52.88767939849493 9614 9655 4231 4255 728.0 8.049395000602193 4.763836364154674 2.435504042674552 0.8060661905433407 0.23455615264964116 3.2294741505409488 0.0 581.1347416369158 3.0987105 809.4543374161112 6.024148278216028 1.9676028285575617 0.35111494333468657 15.222667215103916 857.9908293491019 9.539971198693259 24.066293385227784
2084 9018.984629729195 4236.933729663228 214.8585304668606 52.8915530576261 9013 9025 4232 4242 104.0 3.3020855401814937 2.0010217825264873 45.29932568030363 0.7954743463320183 0.1716320082785863 0.8266923952253583 0.0 46.09829026976482 1.1446574 99.39069830108846 3.1978564702109615 2.539745039626503 0.21878815341636762 5.753627391751592 137.57786763053423 5.104959235042564 26.05362856530641
2085 8102.454069635128 4235.780766284117 214.86673618871046 52.89736931544505 8100 8105 4233 4238 30.0 1.5322267382887862 1.4671892567847045 -67.81994685872806 0.28825521457586933 0.23925960708078356 0.4464804006407923 0.0 10.482150118465452 0.6496774 39.01451068815284 2.419804605735693 2.9796209652072467 0.0837455368117017 3.0901936161855166 42.9404734738363 3.7777203798744106 27.31783292804817
2086 3551.593586317802 4237.914380740443 214.90742998562274 52.92628285166402 3549 3554 4235 4240 25.0 1.5378931143781067 1.143946622243925 43.09724283664004 0.6683575788063276 0.26055385179607804 0.5401664418112259 0.0 9.691079276672598 0.5370661 26.18858521759581 1.7489074009141117 2.7842812981347667 0.12661157148252153 2.8209479177387813 23.180562661251855 2.7299784669955356 27.987190066561862
2087 6913.950251067821 4241.281339928351 214.877306499354 52.904948395393795 6909 6919 4237 4245 76.0 2.2763858205267944 1.8498126088401587 9.765957976449194 0.5828086277642629 0.1473921210769075 1.1285680625344292 0.0 37.34548016820496 0.89794505 55.535970766048365 2.1187880687399483 2.252796174925073 0.3122267266247581 4.918490759365935 73.34517416216616 3.294308110839361 26.736571139578647
2088 1800.9893420984024 4239.259701401158 214.9230928161911 52.937404287220005 1800 1802 4238 4241 10.0 0.9662744010951883 0.7596326929711945 -89.45193816335633 0.6180409113817238 0.3465346788744012 0.4621249313398239 0.0 4.049302168284042 0.35983047 16.793165022938922 1.2235762055106294 3.0813305473403214 0.05470304127217654 1.7841241161527712 22.24817175442785 1.8824145131691143 28.031764178515044
2089 3044.524579492424 4240.414282750249 214.91194372997654 52.9295158198296 3043 3046 4238 4243 17.0 1.5074460037941866 0.8389343550323979 -58.52867475784223 0.8308295451317863 0.23484152458414484 0.36100718444042723 0.0 5.296380268093207 0.4271077 18.59237013575973 1.5078562528120294 3.0216629938549167 0.06605755184861885 2.326213245840639 15.431573277625953 2.383731387886186 28.42897448637159
2090 4439.4318414435775 4241.43735690404 214.899445187879 52.920664395581426 4436 4443 4238 4245 48.0 1.8715053731709668 1.6807897453547989 -33.607172279919105 0.43980137432549393 0.1289638665459026 0.5260441837918305 0.0 14.062561143150788 0.83386195 34.88543277613692 2.664077628621448 2.7392797160227333 0.22158347282260155 3.9088200952233594 45.777582047068 4.614623252671257 27.248367875776033
2091 9182.429512898036 4244.814465358565 214.85698655265082 52.89055717482379 9175 9191 4238 4252 207.0 3.472302026535811 2.8824157408505093 -17.377028141670593 0.5575897598764198 0.1964109828201286 3.552209337286352 0.0 207.55973287841192 1.7595631 254.89534411236633 3.0276714743551585 1.8738938686982312 0.4061369034867158 8.117274569709014 288.41509996400646 4.727633721441789 25.249955014706636
