outputs/dr0.5_c0.1/nircam1_matched_f277w_f444w_dr0.5_c0.1.ecsv
# %ECSV 1.0
# ---
# datatype:
# - {name: label, datatype: int64}
# - {name: xcentroid, datatype: float64}
# - {name: ycentroid, datatype: float64}
# - {name: sky_centroid.ra, unit: deg, datatype: float64}
# - {name: sky_centroid.dec, unit: deg, datatype: float64}
# - {name: bbox_xmin, datatype: int64}
# - {name: bbox_xmax, datatype: int64}
# - {name: bbox_ymin, datatype: int64}
# - {name: bbox_ymax, datatype: int64}
# - {name: area, unit: pix2, datatype: float64}
# - {name: semimajor_sigma, unit: pix, datatype: float64}
# - {name: semiminor_sigma, unit: pix, datatype: float64}
# - {name: orientation, unit: deg, datatype: float64}
# - {name: eccentricity, datatype: float64}
# - {name: min_value, datatype: float64}
# - {name: max_value, datatype: float64}
# - {name: local_background, datatype: float64}
# - {name: segment_flux, datatype: float64}
# - {name: segment_fluxerr, datatype: float32}
# - {name: kron_flux, datatype: float64}
# - {name: kron_fluxerr, datatype: float64}
# - {name: kron_radius, unit: pix, datatype: float64}
# - {name: gini, datatype: float64}
# - {name: equivalent_radius, unit: pix, datatype: float64}
# - {name: kron4_2_flux, datatype: float64}
# - {name: kron4_2_fluxerr, datatype: float64}
# - {name: kron4_2_mag, datatype: float64}
# meta:
#   PHOTMJSR: 0.3925000131130219
#   PIXAR_SR: 2.11539874851881e-14
#   __serialized_columns__:
#     area:
#       __class__: astropy.units.quantity.Quantity
#       unit: !astropy.units.Unit {unit: pix2}
#       value: !astropy.table.SerializedColumn {name: area}
#     eccentricity:
#       __class__: astropy.units.quantity.Quantity
#       unit: !astropy.units.Unit {unit: ''}
#       value: !astropy.table.SerializedColumn {name: eccentricity}
#     equivalent_radius:
#       __class__: astropy.units.quantity.Quantity
#       unit: !astropy.units.Unit {unit: pix}
#       value: !astropy.table.SerializedColumn {name: equivalent_radius}
#     kron_radius:
#       __class__: astropy.units.quantity.Quantity
#       unit: !astropy.units.Unit {unit: pix}
#       value: !astropy.table.SerializedColumn {name: kron_radius}
#     orientation:
#       __class__: astropy.units.quantity.Quantity
#       unit: &id001 !astropy.units.Unit {unit: deg}
#       value: !astropy.table.SerializedColumn {name: orientation}
#     semimajor_sigma:
#       __class__: astropy.units.quantity.Quantity
#       unit: !astropy.units.Unit {unit: pix}
#       value: !astropy.table.SerializedColumn {name: semimajor_sigma}
#     semiminor_sigma:
#       __class__: astropy.units.quantity.Quantity
#       unit: !astropy.units.Unit {unit: pix}
#       value: !astropy.table.SerializedColumn {name: semiminor_sigma}
#     sky_centroid:
#       __class__: astropy.coordinates.sky_coordinate.SkyCoord
#       dec: !astropy.table.SerializedColumn
#         __class__: astropy.coordinates.angles.Latitude
#         unit: *id001
#         value: !astropy.table.SerializedColumn {name: sky_centroid.dec}
#       frame: icrs
#       ra: !astropy.table.SerializedColumn
#         __class__: astropy.coordinates.angles.Longitude
#         unit: *id001
#         value: !astropy.table.SerializedColumn {name: sky_centroid.ra}
#         wrap_angle: !astropy.coordinates.Angle
#           unit: *id001
#           value: 360.0
#       representation_type: spherical
#   astropy version: '5.1'
#   kernelfile: kernel_f277w_f444w.fits
#   make_catalog parameters:
#     ab_zpt: 31.4
#     coadd_bands: !!python/tuple [f277w, f356w]
#     deblend_contrast: 0.001
#     deblend_nlevels: 32
#     deblend_npixels: 1
#     detect_kernel_fwhm: 4.0
#     detect_kernel_npix: 7
#     detect_npixels: 4
#     detect_threshold_nsigma: 3.0
#     flag_isolated_buffer: 4
#     hst_bands: !!python/tuple [f606w, f814w, f125w, f140w, f160w]
#     jwst_bands: !!python/tuple [f115w, f150w, f200w, f277w, f356w, f410m, f444w]
#     near_border_kernelsize: 21
#     reference_band: f200w
#   make_catalog version: 1.4.0
#   photutils version: 1.5.0
# schema: astropy-2.0
label xcentroid ycentroid sky_centroid.ra sky_centroid.dec bbox_xmin bbox_xmax bbox_ymin bbox_ymax area semimajor_sigma semiminor_sigma orientation eccentricity min_value max_value local_background segment_flux segment_fluxerr kron_flux kron_fluxerr kron_radius gini equivalent_radius kron4_2_flux kron4_2_fluxerr kron4_2_mag
[from data line 610]
611 10222.333057779511 901.3975643158334 214.95502642901133 52.93828065670688 10220 10224 900 902 10.0 1.2681437312420067 0.632208699953138 -9.796593569554895 0.866871990807892 0.2989510101126433 0.3391064645272623 0.0 3.240678117776621 0.5925468 46.60381821490494 2.962542151517173 3.773551442286313 0.022001962068089513 1.7841241161527712 95.83242309665752 4.7698024556529885 26.446218826738757
612 2711.68704127801 907.2287217137629 215.02235198555783 52.98595381580922 2706 2718 902 912 113.0 2.9895085091356015 2.2288542286870365 29.327161552017948 0.6664399069304727 0.17876327960046445 0.9607843119882118 0.0 53.83376720196054 1.6671014 82.92146217494528 4.052778047180496 2.196752548556626 0.26280774045224115 5.997417539138688 92.7052744206529 6.463559720935919 26.482238890458042
613 1272.6898929841047 908.2675247188348 215.0352689130828 52.9950829145049 1268 1277 905 911 48.0 2.2868921519667915 1.4932403624847963 -3.6892796026786994 0.7573956876350566 0.18938095286189574 0.43542049700104896 0.0 15.179007988569348 1.0634719 35.372808980018824 3.212158794146131 2.5582009746087744 0.11726580214343428 3.9088200952233594 39.0506593645154 5.230187305002797 27.42092907181926
614 8575.974837777469 922.225436828257 214.9695658853907 52.9488396692135 8553 8601 906 937 1131.0 9.88910624634829 5.9644373745500845 -14.204161387740548 0.7976413198841492 0.19727436922891586 2.7971528383679716 0.0 932.145005254302 6.504705 1152.6804558303857 11.785833580803034 1.8151945749738112 0.3580887945918665 18.97388946088459 1244.391950346227 18.621318365438764 23.662607017235885
615 707.179962723402 909.9731597145973 215.04033294593907 52.99867717956872 704 711 907 913 45.0 1.9066975657019527 1.6304746609354897 -27.745412013068798 0.5184133001813229 0.16444779595542766 0.43338770875359267 0.0 13.546330303158086 1.1958709 30.05918657214191 3.3001893528601305 2.5738073528508507 0.13856237306435254 3.7846987830302403 33.46559245331103 5.135677449831002 27.58850370530605
616 4297.722894211609 909.4416596208862 215.00808612590578 52.975908409886955 4295 4300 907 912 23.0 1.4315778207441108 1.2096599619381736 38.62071312198277 0.5347920172596271 0.23819009148412418 0.33324542563694504 0.0 6.482666928718048 0.7502261 27.256849688330497 2.814162983487978 3.1041216146501274 0.06566801448996315 2.7057581899030048 31.930953943866143 4.594680432711205 27.639470266572737
617 636.0364832909017 910.8934982523739 215.04096264753525 52.999133154972455 634 638 909 913 20.0 1.2751790917140913 1.148566982225784 22.75504976993699 0.4344201871495572 0.1821259522490729 0.2610714438393638 0.0 4.316616891352454 0.6567397 10.12185293377237 1.797013247247705 2.2599569446495646 0.07082410888232933 2.5231325220201604 9.661160030581943 2.8803469362845187 28.937426810091274
618 2606.649878867193 913.2514863146214 215.02323201409826 52.98665238421669 2601 2612 909 918 96.0 2.7029433606004534 2.0756422880241856 27.37377354196751 0.6405466393680188 0.15438925410757004 1.0157994274356137 0.0 45.967126741599614 1.7336363 80.70666298383975 4.143386563774732 2.408813411318134 0.27304282226385157 5.527906391541368 95.33154508971674 6.575868234233431 26.451908420190332
619 7535.282645267131 911.8443852927498 214.97900814601925 52.95538605117737 7532 7539 909 915 43.0 2.1559022922030704 1.3916352102410021 38.38491328655153 0.763760159969365 0.20694680868507867 0.46650231057651237 0.0 14.115900376522923 1.1753463 39.94148657245955 4.059159807606509 2.7867903875574247 0.12553411707125742 3.6996385101659595 79.15928252299918 6.468458643691939 26.65374537692062
620 3972.467426137446 915.6333762864643 215.01094115976903 52.978004534526704 3970 3975 912 919 41.0 1.8739009604404786 1.4520999826830154 -74.45177975755412 0.6320746040560179 0.19302103515318822 0.5840317594766133 0.0 15.316115644895076 1.0471447 28.075121849922656 2.909331848253976 2.32787662421336 0.16885564661614 3.6125759969217834 28.8440577609892 4.555576046570607 27.749859108560116
621 7219.06442385176 919.5861601197038 214.98176303382246 52.95743392432657 7211 7226 915 924 120.0 3.4931732857758364 2.1193969912741566 0.1424310939331608 0.7949114905521755 0.17402622130746703 0.819770303533098 0.0 52.28288752935969 2.0447655 85.54920547461685 4.916263655254958 2.199976777156021 0.23189872844983467 6.180387232371033 89.99838715779646 7.923317496571048 26.51441318347795
622 7519.14414714993 926.161512550278 214.97900213144283 52.95556579563702 7508 7530 916 936 287.0 5.4899526995033145 2.6203891909379307 42.0634725759275 0.8787369711970663 0.20024656583179856 2.288125479554391 0.0 193.68704539102055 3.0901928 278.1896472556246 6.728223716964729 2.1950876106539607 0.3808056108940869 9.557977680176279 352.220293155875 10.60502997245767 25.0329640644786
623 7571.271682887369 919.4473018176556 214.97860528551354 52.95519882022261 7567 7575 916 923 51.0 2.062908003432404 1.6647840895976027 -2.624305473100381 0.5905399566933224 0.22720094603919885 0.638485720150544 0.0 21.009605963117757 1.267651 40.67080127010166 3.7355346867935464 2.4215320924479684 0.16445333902334855 4.029119531035698 57.560664380365736 5.947477462752059 26.999685504912698
624 252.51712782108245 921.9040976316309 215.04429374275938 53.001623885335654 244 260 918 926 118.0 3.81768323238089 2.0563106060844247 -11.04076991382595 0.8425437748257374 0.20723145932604628 0.6031128747548852 0.0 41.986970412734166 2.7298896 123.08470835022186 9.51299647260753 2.852800793863465 0.17557336914275143 6.128667601500942 216.21611839982802 14.744440536099768 25.56277983387566
625 542.8129836114523 930.0170965315472 215.04159906791847 52.999827558198994 537 549 918 940 135.0 5.799890554538131 1.6264409020021326 -62.02946374559012 0.9598756074649349 0.2016444849288928 0.5786274376047646 0.0 49.2977864221989 2.1166348 93.68711659382708 4.949495267347456 2.219223192837752 0.14902957169253922 6.555290583552474 91.3719829045717 7.7245274398958985 26.497967375414312
626 3069.82952808668 922.3711436044681 215.01897581319412 52.98376478865783 3063 3077 918 927 124.0 3.539682477817134 2.2014226472926426 -9.730631653793798 0.7830755510777706 0.16505729481858017 0.6571110823677718 0.0 44.85553684281855 1.7449973 71.30751753457804 4.420751385964898 2.200871661615756 0.22051364722016448 6.282549314314218 73.74969129583569 7.0055553254160285 26.730599483079438
627 6130.493554421809 918.51685577425 214.99154056009337 52.96433335335182 6130 6131 918 919 4.0 0.5035577961194607 0.4960885841898912 -44.069132388012584 0.17159762228930067 0.2647707699056685 0.2917315557488933 0.0 1.0988393415188091 0.4050212 13.847181274689166 1.8602006828436 4.050320103806862 0.02759431216937106 1.1283791670955126 21.55768266604168 3.5467615740274923 28.065994813193818
628 9982.465452805267 919.5236853544029 214.95698542044272 52.93990069073391 9981 9984 918 921 12.0 0.9433070773814735 0.9344218539943033 -83.45431451361858 0.13692966056108505 0.3126919642977387 0.410384753222648 0.0 4.312584871187432 0.6440427 16.256271478393934 2.371463213039491 2.989281724961785 0.05349850635730902 1.9544100476116797 17.786364072042016 3.849672676661565 28.27478205570862
629 4193.759669960397 923.5963271317443 215.0088704338458 52.97664423628096 4191 4197 919 927 46.0 2.0461688289683915 1.5187661998024549 60.976361687385776 0.6701244911193005 0.21758007911395666 0.5661719358198315 0.0 17.026316771793542 1.0829568 36.037978590334376 3.222290831983102 2.5558710842219483 0.15907852549895118 3.826519928662906 45.407486327784476 5.1454927508879855 27.257181347878525
630 4216.153428774615 925.2881285440725 215.00865156195292 52.97651136807388 4209 4225 919 932 177.0 3.426175821454537 2.7440710992017574 -34.76309229163692 0.5987798182783028 0.07354750247872983 1.3156831356710834 0.0 74.65695533991092 2.2471433 95.244520349249 4.078953196754725 1.8760874898730189 0.38107454459914614 7.506054213402069 102.95807712381409 6.621824528308535 26.36834894260754
631 7329.138425636446 922.8218917707761 214.98074158839822 52.95675312404415 7327 7331 920 925 23.0 1.3701875286910614 1.1793644337695979 -57.06830962913117 0.5090581457330875 0.22885826046197097 0.4739596635315494 0.0 7.986289299818999 0.83225024 17.119345552300796 2.513104298522311 2.4905813670609467 0.11428003211520961 2.7057581899030048 20.535911800724257 4.049141546000344 28.11871502393817
632 3672.259760839147 937.2913741040969 215.01340865772147 52.98002537312986 3657 3687 922 960 882.0 5.823652028232378 5.073036090432911 -84.18022449838779 0.49108959642721467 0.17362917440761969 11.663850024037611 0.0 1155.3064293416917 5.3151455 1221.0861932217738 6.377828617723035 1.513018559822862 0.5919449043336017 16.755575776860173 1302.8662302621497 9.851100239039736 23.61275043125062
633 7977.07502919507 927.7214157171483 214.97487860559062 52.95266906196067 7973 7981 924 931 50.0 1.8385923828172905 1.6862868508610531 4.5624834290334375 0.3985148446452222 0.25464741981775674 1.1254710456750645 0.0 31.00902949549414 1.2335058 50.012138905166374 3.2894921421781005 2.29422202485768 0.23075148394622433 3.989422804014327 58.09255134042319 5.3063744389034 26.989698873806187
634 4038.2602942861004 929.110080200781 215.01020849165047 52.977660164446796 4034 4043 927 932 45.0 2.6930640379312 1.2251893047135871 -18.730946323632928 0.8905208113216583 0.20493972978946415 0.3849902522381829 0.0 13.278495657709646 1.0663103 40.82106969075814 3.637755475575782 2.793674078131228 0.09889122775795192 3.7846987830302403 56.377631542714084 5.797669895202761 27.022232932616156
635 7788.953701708637 933.9136699051046 214.97650055775236 52.953895999606374 7775 7801 927 941 294.0 5.095955518286701 2.838234788002597 6.325560807087729 0.830540449170392 0.1924444977910239 3.2354006510601887 0.0 273.2379983589301 3.249757 311.42733734458625 5.419952616415874 1.681989567566542 0.40075297717374453 9.673836185197393 333.90433688483387 8.409636251488081 25.090944850290697
636 10057.886445228787 938.6910656671721 214.95610760930683 52.93952562840649 10038 10075 929 948 546.0 6.251116016884546 3.5827152031193954 4.218437141350996 0.819462997678678 0.19806191126704403 6.650639237347174 0.0 664.8083799783116 4.804588 768.3671312351464 7.314512106801948 1.7300495786572552 0.5017163491568484 13.183216521636506 825.1494059382625 11.39684299287761 24.108668521655858
637 8253.450083949303 932.7755013488987 214.97234689310756 52.95094294678404 8251 8255 930 935 21.0 1.4118980022266179 1.0910145651794794 70.02956692172079 0.6347360518697088 0.2760809464244413 0.47792640206709003 0.0 8.097395992716052 0.8441542 22.68541789230118 2.7459903235044494 2.7003474235546263 0.08915364515201459 2.5854414729132054 26.624141965458165 4.37490835976979 27.8368109490869
638 1746.7318163824807 934.80407769219 215.03073003734264 52.99222107769605 1744 1750 931 939 48.0 2.0045656036808523 1.585477707100366 -73.20816663763962 0.6119023613838958 0.17932760961158212 0.5557415804537956 0.0 16.750869128024377 1.2127106 36.66643041890365 3.358114720925093 2.5861188683666936 0.1772660188449062 3.9088200952233594 41.09447568482763 5.344650007058393 27.365541390616933
639 6363.914591826382 944.4510928210314 214.9891730132764 52.96299290467211 6345 6381 931 963 738.0 6.861466884678304 3.814382749655139 -34.368554068938444 0.831240079969833 0.2028397112436404 10.127413563736535 0.0 1012.1424765517039 4.8504624 1113.7168206822578 6.782348190204513 1.7007166900299453 0.5653644582623097 15.326861909850873 1235.1212933377915 10.652644428459364 23.670725977588372
640 474.15032300027076 934.0539475253298 215.0421736742494 53.00028465797956 472 476 932 936 21.0 1.375242823738514 1.1269517347100506 52.33319714289011 0.5731413164935308 0.24059365102302635 0.36806509911825175 0.0 6.4205957712608015 0.677773 26.197885303608146 2.590817261225746 3.0890075888929776 0.06737110550176556 2.5854414729132054 36.26066130176906 4.138022237528858 27.501410699367803
641 3491.228861643118 943.3154707371982 215.01497082313224 52.98120591027229 3477 3507 932 955 522.0 6.840560267131463 3.980070854530241 24.603557710518906 0.8133075330758056 0.2373827054391427 2.6013790788898583 0.0 417.6095217478413 3.721309 539.6109144241965 7.363807774446026 1.945372913197437 0.35337338434685683 12.890219570974683 607.400553683302 11.773155043762477 24.441312041327997
642 3882.2811882309597 936.9839077677608 215.01152606306204 52.978691879069224 3878 3886 933 941 57.0 2.0238150631358396 1.836692268383391 45.44549359853763 0.4199665633501661 0.17267976798533755 0.5899107644671603 0.0 20.428904461969424 1.2512888 41.38485564007066 3.5465791655943044 2.5358161662675456 0.18816307323582918 4.259537945889915 44.09771118843077 5.725832376717614 27.288959878032813
643 3065.855091236914 935.1164984013309 215.01887726830103 52.983858904605185 3065 3067 934 936 8.0 0.8459843160856836 0.6849015733721112 45.2452180534119 0.5869939244809026 0.22339036903674736 0.2753685639084435 0.0 2.014274811992282 0.45019424 13.071815861356377 1.8259878657959583 3.4735070197622058 0.036582202962508976 1.5957691216057308 18.37610852031544 2.92124832480966 28.23936613268628
644 8147.116535249526 968.4852671783752 214.9729244158381 52.951810510605064 8128 8169 934 1007 2181.0 11.980454267708685 6.264963364343616 -89.2098114476657 0.8523743800765158 0.17065375831019958 21.06153007595286 0.0 3582.6064793901514 9.159324 3719.6815311069945 10.673453983705635 1.4483286808282272 0.5795125842166302 26.348318006408824 3926.9412031670417 16.653861704067253 22.41486400308272
645 2770.4400374767374 939.4807490113452 215.02148457135618 52.98575567705672 2767 2774 935 944 63.0 2.2350052289901297 1.8029161769072068 -70.00873643057585 0.5909993708866633 0.2150505109397192 0.7482956784304396 0.0 27.045405851886805 1.2963052 46.84177831530238 3.2487096476886332 2.259510105038772 0.20397031591556766 4.478115991081385 51.55872344289884 5.153771720114376 27.119244610015365
646 7498.390034845406 942.8501992382105 214.9790125423956 52.95578763604626 7487 7509 936 949 239.0 4.430981985134953 2.5911310188283254 -9.542868336146183 0.8111949630271161 0.19145923635352113 2.7027976084709744 0.0 184.7223430493397 3.1039293 268.17181692245094 6.2870722969820205 2.20840335506116 0.40555346104172696 8.722159296752494 338.5945002403919 9.96215157364434 25.075800250938705
647 219.50426992153032 937.9945544083939 215.04442098967388 53.00192019066326 219 220 937 939 4.0 0.7951836592509752 0.31415450769797326 -57.8282978432075 0.9186503164434554 0.3145020224016267 0.3452001216588573 0.0 1.322513968315675 0.51370466 11.761938555754892 2.1938832607886134 3.868648942348765 0.028102623227489725 1.1283791670955126 18.623518282218235 3.524378423544374 28.224845675973295
648 3254.202445912694 939.2017230549656 215.01714271930896 52.98268668493879 3253 3256 937 941 13.0 1.2716769007496824 0.793725280387396 60.73728401688359 0.7812994204280296 0.22262767200344014 0.3133760888210388 0.0 3.603347128566976 0.5669754 21.0544714952337 2.4119587075573055 3.339132246670867 0.05731429428482799 2.0342144725641096 26.576002033447764 3.993841128612283 27.838775879157204
649 6463.44859067504 938.445861901266 214.98834320439022 52.96232908518627 6462 6465 937 940 14.0 1.166399498774463 0.8752742428342414 45.16197183126822 0.6609761497507901 0.2291479713443966 0.32638398215606707 0.0 3.987300870867338 0.65336275 19.8990159391544 2.4474964079894628 3.1862609895762497 0.055375202789828076 2.111004122822376 36.69581766216127 3.9865877523888833 27.488458577091123
650 342.6343460385429 939.5863135959769 215.04329747674825 53.00114827683037 341 344 938 941 13.0 1.0679040901717243 0.9146582963446043 49.48189039909224 0.5161494428600126 0.25702765933365573 0.30609581723656026 0.0 3.6879607584095875 0.6575716 29.287388850971354 2.6736299033992963 3.5860014142061174 0.033439853262899555 2.0342144725641096 41.170486146503606 4.133141135569409 27.36353501191499
