outputs/dr0.5_c0.1/nircam6_f200w_dr0.5_c0.1.ecsv
# %ECSV 1.0
# ---
# datatype:
# - {name: label, datatype: int64}
# - {name: xcentroid, datatype: float64}
# - {name: ycentroid, datatype: float64}
# - {name: sky_centroid.ra, unit: deg, datatype: float64}
# - {name: sky_centroid.dec, unit: deg, datatype: float64}
# - {name: bbox_xmin, datatype: int64}
# - {name: bbox_xmax, datatype: int64}
# - {name: bbox_ymin, datatype: int64}
# - {name: bbox_ymax, datatype: int64}
# - {name: area, unit: pix2, datatype: float64}
# - {name: semimajor_sigma, unit: pix, datatype: float64}
# - {name: semiminor_sigma, unit: pix, datatype: float64}
# - {name: orientation, unit: deg, datatype: float64}
# - {name: eccentricity, datatype: float64}
# - {name: min_value, datatype: float64}
# - {name: max_value, datatype: float64}
# - {name: local_background, datatype: float64}
# - {name: segment_flux, datatype: float64}
# - {name: segment_fluxerr, datatype: float32}
# - {name: kron_flux, datatype: float64}
# - {name: kron_fluxerr, datatype: float64}
# - {name: kron_radius, unit: pix, datatype: float64}
# - {name: gini, datatype: float64}
# - {name: equivalent_radius, unit: pix, datatype: float64}
# - {name: kron4_2_flux, datatype: float64}
# - {name: kron4_2_fluxerr, datatype: float64}
# - {name: radius_kron20, unit: pix, datatype: float64}
# - {name: radius_kron50, unit: pix, datatype: float64}
# - {name: radius_kron80, unit: pix, datatype: float64}
# - {name: near_border, datatype: bool}
# meta:
#   PHOTMJSR: 1.891700029373169
#   PIXAR_SR: 2.11539874851881e-14
#   __serialized_columns__:
#     area:
#       __class__: astropy.units.quantity.Quantity
#       unit: !astropy.units.Unit {unit: pix2}
#       value: !astropy.table.SerializedColumn {name: area}
#     eccentricity:
#       __class__: astropy.units.quantity.Quantity
#       unit: !astropy.units.Unit {unit: ''}
#       value: !astropy.table.SerializedColumn {name: eccentricity}
#     equivalent_radius:
#       __class__: astropy.units.quantity.Quantity
#       unit: !astropy.units.Unit {unit: pix}
#       value: !astropy.table.SerializedColumn {name: equivalent_radius}
#     kron_radius:
#       __class__: astropy.units.quantity.Quantity
#       unit: &id001 !astropy.units.Unit {unit: pix}
#       value: !astropy.table.SerializedColumn {name: kron_radius}
#     orientation:
#       __class__: astropy.units.quantity.Quantity
#       unit: &id002 !astropy.units.Unit {unit: deg}
#       value: !astropy.table.SerializedColumn {name: orientation}
#     radius_kron20:
#       __class__: astropy.units.quantity.Quantity
#       unit: *id001
#       value: !astropy.table.SerializedColumn {name: radius_kron20}
#     radius_kron50:
#       __class__: astropy.units.quantity.Quantity
#       unit: *id001
#       value: !astropy.table.SerializedColumn {name: radius_kron50}
#     radius_kron80:
#       __class__: astropy.units.quantity.Quantity
#       unit: *id001
#       value: !astropy.table.SerializedColumn {name: radius_kron80}
#     semimajor_sigma:
#       __class__: astropy.units.quantity.Quantity
#       unit: !astropy.units.Unit {unit: pix}
#       value: !astropy.table.SerializedColumn {name: semimajor_sigma}
#     semiminor_sigma:
#       __class__: astropy.units.quantity.Quantity
#       unit: !astropy.units.Unit {unit: pix}
#       value: !astropy.table.SerializedColumn {name: semiminor_sigma}
#     sky_centroid:
#       __class__: astropy.coordinates.sky_coordinate.SkyCoord
#       dec: !astropy.table.SerializedColumn
#         __class__: astropy.coordinates.angles.Latitude
#         unit: *id002
#         value: !astropy.table.SerializedColumn {name: sky_centroid.dec}
#       frame: icrs
#       ra: !astropy.table.SerializedColumn
#         __class__: astropy.coordinates.angles.Longitude
#         unit: *id002
#         value: !astropy.table.SerializedColumn {name: sky_centroid.ra}
#         wrap_angle: !astropy.coordinates.Angle
#           unit: *id002
#           value: 360.0
#       representation_type: spherical
#   astropy version: '5.1'
#   make_catalog parameters:
#     ab_zpt: 31.4
#     coadd_bands: !!python/tuple [f277w, f356w]
#     deblend_contrast: 0.001
#     deblend_nlevels: 32
#     deblend_npixels: 1
#     detect_kernel_fwhm: 4.0
#     detect_kernel_npix: 7
#     detect_npixels: 4
#     detect_threshold_nsigma: 3.0
#     flag_isolated_buffer: 4
#     hst_bands: !!python/tuple [f606w, f814w, f125w, f140w, f160w]
#     jwst_bands: !!python/tuple [f115w, f150w, f200w, f277w, f356w, f410m, f444w]
#     near_border_kernelsize: 21
#     reference_band: f200w
#   make_catalog version: 1.4.0
#   photutils version: 1.5.0
# schema: astropy-2.0
label xcentroid ycentroid sky_centroid.ra sky_centroid.dec bbox_xmin bbox_xmax bbox_ymin bbox_ymax area semimajor_sigma semiminor_sigma orientation eccentricity min_value max_value local_background segment_flux segment_fluxerr kron_flux kron_fluxerr kron_radius gini equivalent_radius kron4_2_flux kron4_2_fluxerr radius_kron20 radius_kron50 radius_kron80 near_border
[from data line 1079]
1080 3510.2889120039704 1468.2242164663398 214.88065642280327 52.838446276863685 3508 3513 1466 1471 30.0 1.5735129367424887 1.1827194725989778 -74.93894087110081 0.65957053407938 -0.009244773365317777 0.7940342207048893 0.0 10.391636229084632 1.384331 19.249620768634955 3.055006356575714 1.9387772234609124 0.31950093027177573 3.0901936161855166 17.04216920766222 4.919944361663678 1.54874172744055 2.8848102923991013 4.642061383261101 False
1081 9107.999253301032 1467.8934534877153 214.8307082765967 52.802880735066445 9106 9110 1466 1470 18.0 1.0951911880624043 0.89777264940151 -15.779511410719111 0.5727350145901867 -0.11759041739109616 1.0760460133167589 0.0 8.075329627897702 1.0487492 10.754782636999355 1.5001075956801824 1.4 0.38235321189791555 2.393653682408596 10.709566486229713 2.3872508740079232 0.8849697651145872 1.587081389461525 2.519336587028232 False
1082 6955.985803396199 1479.8314809031651 214.84977676798786 52.816619907272454 6945 6966 1467 1494 431.0 4.547809446203188 2.8363829483681595 63.4686289124959 0.7816788626154175 -0.16050122523959867 8.873623148548539 0.0 488.675699319144 5.147708 528.6001428251859 6.563670874733713 1.7075217506488918 0.6450850883514817 11.71288013023329 594.5265964376156 10.285785773475013 2.1755808272409194 4.189408825460679 7.764093238896947 False
1083 694.7714964439034 1477.1025223090005 214.90571847389134 52.856373990098504 690 700 1470 1484 108.0 4.021073495285233 2.0372833030217654 80.28402237689562 0.8621508919685089 -0.0008148103260051588 0.9432939630214929 0.0 37.25021093409325 2.5725973 96.03193614714965 8.525044680668973 2.725275047249257 0.28389939399837494 5.863230142835039 107.50094793969691 13.550809446486141 4.211711288091398 7.713698053399849 12.004430737507665 False
1084 8863.54043950541 1475.8940589160454 214.8328039146254 52.80447741339105 8862 8865 1474 1478 18.0 1.11588160427452 0.929297470628276 -67.6906225165938 0.5535857564399516 0.15592177299761134 1.6023627050037679 0.0 13.518273286008116 1.1175736 25.200950575415362 2.812695374548498 2.4831626734676746 0.2976025446860621 2.393653682408596 32.230238815271335 4.454796020472777 1.12919866385359 2.2443609790779906 4.2659349752349405 False
1085 8883.605716214472 1476.5850348459774 214.83261773113412 52.80435362351541 8880 8887 1474 1479 38.0 1.740469746825564 1.4129907649013695 -6.354327526105689 0.5838737299439691 0.07996756892062268 1.0955212542705772 0.0 19.64139521701636 1.5734085 62.34609654636404 5.292046727140929 2.9990641144557166 0.2648701314971145 3.477898169151024 101.80174360093753 8.362282491800633 2.4626873010825157 5.476417541519213 9.04076161939267 False
1086 2201.4810522162297 1480.7436321848381 214.89221582961017 52.84682600857398 2198 2206 1475 1485 72.0 2.5460549939015964 1.4571872878347847 -58.39078360647278 0.8200224007236334 -0.041960779707174406 1.799165077430103 0.0 44.38757502304655 2.1631374 60.555693402466616 3.9742161471099386 1.8971709325013877 0.405189641426965 4.787307364817192 68.11425045596391 6.288426072488675 1.6740373199013163 3.26710573377755 5.716943240865927 False
1087 2501.503076720976 1481.9699898303825 214.88952256625151 52.84492729808469 2495 2508 1475 1489 157.0 2.3619363657582233 2.241864248062008 -21.77008801983305 0.31478290974495554 -0.038854912146968595 4.608454948005672 0.0 108.5613954472156 3.251559 115.55219934933459 4.138216928677911 1.5980086561586122 0.5993894220536539 7.069275219628611 124.33623428139495 6.499357656855163 1.40907213289523 2.6857471551083596 4.751572984119995 False
1088 3737.8516287195253 1479.056078521626 214.87851026405912 52.837059353192004 3734 3742 1476 1482 50.0 1.7986805802764705 1.415488249774001 10.546756682671157 0.6170050248405575 -0.012446441239627636 1.6456743773530143 0.0 28.407416939844712 1.8406631 42.24938549218231 4.045482809981458 2.195786162781511 0.40302510615092957 3.989422804014327 55.58973733144013 6.367328533726288 1.4053834687439397 2.8153792562250586 5.501012161676608 False
1089 1254.8798832693901 1478.9521687546585 214.9006930538226 52.85282745347226 1254 1256 1478 1480 8.0 0.8516161710581218 0.6339643106779841 44.326726304951485 0.6677061627944403 0.2892810845884204 0.6745303940684096 0.0 4.084856606535478 0.69071555 17.94820572870073 2.5235839089385834 3.178934394191176 0.16653124781469983 1.5957691216057308 24.38009423426616 3.9980455045010013 1.4612920644941552 2.8257919758469767 4.644722778452977 False
1090 3986.3258675457387 1484.1485354218503 214.87623785520546 52.83550860570411 3979 3996 1479 1490 156.0 4.120840076859353 2.135538218429095 -5.95241505536446 0.8552419879367303 -0.06210242043330299 2.53237345013377 0.0 78.34479053258408 3.3007245 126.33767927667473 7.873685030425676 2.3064733198501 0.4076082963237096 7.046725639945928 160.54890442046624 12.402495754595066 2.92635340298019 5.8830608881618 10.89479212327751 False
1091 1031.4858825861238 1484.5881868299196 214.90263027422446 52.85427637959362 1027 1037 1480 1490 99.0 2.3676112813512966 2.2246097549761985 39.21312226691144 0.3422719646538085 -0.1633694708764359 1.5123437568134288 0.0 39.438648162006885 2.6673262 62.111395760672295 5.716257445748346 2.1969874990387654 0.38454149465433735 5.613615477764332 65.61414450267938 8.9806393661096 1.9747665013957543 4.219579648825518 8.118725702617454 False
1092 6444.948654042013 1486.3894931981697 214.85426757905816 52.819902166729705 6441 6449 1482 1491 71.0 2.5879117709299555 1.5369883884677653 51.606853211786245 0.8045309985795266 0.02327224073678279 1.2715341544542416 0.0 32.579548673564915 2.0053198 71.3233370910237 5.401995965608573 2.6426735504151657 0.3499342355469742 4.753945931439391 83.96360233238244 8.710029486763677 2.366759953008114 5.5728152067943935 9.673032460372573 False
1093 10232.89189231371 1491.8480555184851 214.82042826557213 52.79586056558821 10219 10241 1482 1500 230.0 5.619650002598387 2.0408025403262844 38.174300637327 0.9317288415642705 -0.14429834663434216 3.6894743770020733 0.0 167.25291090193898 3.901521 235.6703146634993 7.830818827893073 2.0850123798029183 0.4435562463818265 8.556358677747903 255.30145841115964 12.352091067869365 3.1383285232372535 6.224653669207593 12.556985885539087 False
1094 2176.0687264047046 1489.1151789009778 214.89235484455457 52.847032561723445 2171 2182 1483 1494 97.0 2.98620394848057 2.0955079970064054 33.329653839824694 0.712443281932454 -0.00873169565311712 0.9271261381261944 0.0 37.673187431687616 2.4623795 85.47637903139255 6.868580287037673 2.5595652596158254 0.2954371387779952 5.556622981616415 106.36270012466501 10.98620160318117 3.1089454982926665 6.1162506432833235 9.401922184612804 False
1095 9288.309901371344 1488.212697478352 214.82888702305257 52.80184435082239 9282 9294 1483 1493 116.0 2.479065396542809 1.9005749852901008 -19.78132206265443 0.6420654852498822 -0.09378611213506505 3.315687060676824 0.0 72.68849694177122 2.8270652 81.47355608532584 4.029680799541881 1.649053593840686 0.5194364327834734 6.076507779746499 88.94886323536792 6.319540749896648 1.4159336852472924 2.797917711535297 4.950348989784106 False
1096 3220.548993600941 1491.8453591584298 214.88299579972548 52.84041393817589 3215 3226 1487 1497 93.0 2.1021227342237085 1.6444837982780354 25.273691429635775 0.6229059187637205 -0.07213812201095425 5.088917484757913 0.0 65.7942733638431 2.4137213 73.16741176483012 3.381954147327103 1.6682288562345002 0.563128852830883 5.440847306724618 78.5558898162162 5.3362341053265885 1.0368250996200528 2.1026694371738506 4.447671362119193 False
1097 3264.2223257316896 1490.932266062034 214.8826153289264 52.84013163255441 3262 3266 1488 1494 30.0 1.688079313092427 1.0298581191903902 73.5223013748754 0.7923422432040481 0.07061649766629831 0.9531922925794721 0.0 13.729185345601174 1.2903829 27.420341799746737 3.86148246067229 2.780922167669878 0.31447855984981693 3.0901936161855166 29.786125549496266 6.2164027536351325 1.5662955171829103 3.2397766660688445 6.1276370426743 False
1098 6578.50449159522 1493.9000256996037 214.85299689490773 52.81909413018773 6573 6583 1488 1501 100.0 3.3019569494780066 1.6091906489701937 -64.99892341898412 0.8732097752736367 -0.018348138067844435 2.294095446291866 0.0 73.75829093173809 2.4196079 114.02580484272295 5.366664721150624 2.2327051759559717 0.3992349629371926 5.641895835477563 134.30499371530993 8.517225415114877 2.437366374918162 4.542902883386675 8.89495153978748 False
1099 6929.189496117591 1492.038188849006 214.84988751332045 52.816855983069814 6924 6934 1488 1496 81.0 2.6062822573153994 1.960504248110319 -21.252206561716008 0.658909141628869 0.03714016490368686 0.8534499630634745 0.0 32.122855832063976 2.1467576 83.11286984871795 6.518438363660452 2.8236375721582814 0.2605817949540855 5.077706251929807 111.25657621478206 10.489338966179497 3.0875741926286002 6.814951043835989 11.780359169781642 False
1100 8451.687526287462 1495.3484545343886 214.83627208183265 52.80719955238817 8450 8454 1493 1498 21.0 1.285766986613856 1.1804347874664731 -48.780169838585195 0.39639905282240384 -0.04947483140023066 0.6006945414606468 0.0 8.608813071274215 1.1219101 40.5138078280712 4.493533893526612 3.2662661369250348 0.17756871465106863 2.5854414729132054 44.47192510687212 7.092281229403935 2.4376795561361373 4.637450220843914 7.173594637140102 False
1101 9380.428153477293 1497.3723371648812 214.827969440039 52.80130828308357 9377 9385 1493 1502 76.0 2.6067507802238725 2.127883446283715 9.869986321559406 0.5776320880184875 -0.36820847137974794 0.2115576218883588 0.0 -2.87347539029575 2.1835287 -5.985923783522525 3.6146535285414085 1.4 -0.5222631791032968 4.918490759365935 -9.58375746971318 5.808449475869716 3.9208944890781323 5.244210985650944 7.125547803494498 False
1102 9262.77908185291 1494.6504576428556 214.82904697778437 52.80204130733193 9262 9264 1494 1495 5.0 0.7650462486690186 0.4393807361773801 17.20214500731218 0.8186314656252786 0.61789552069317 0.9132045970553214 0.0 3.8257754667003065 0.61297566 16.19775297919028 2.362505473708027 3.345948737340433 0.0943334677428692 1.2615662610100802 19.25374702284779 3.550098690137552 1.172718750159667 2.098680420065585 3.3018926034422615 False
1103 6030.2273629362635 1500.798833538271 214.85781696060658 52.822614695997885 6028 6034 1496 1506 51.0 2.9005759647010634 1.2861702799825778 67.2035681290689 0.8963144848654506 0.2766729964837463 3.4494433802314215 0.0 50.463525243358816 1.8580093 136.70688361498154 5.476882982145846 2.667087882143349 0.37043200542211363 4.029119531035698 182.19243643338055 8.6687368151365 2.761150970365943 5.134264498709939 9.19113058885613 False
1104 1162.453075654438 1498.587786629155 214.90131258411634 52.85352031720782 1161 1163 1498 1499 5.0 0.6330106776756165 0.49082405119547756 -5.342406554195989 0.6314944872213852 0.17027245362441695 0.7355243979952168 0.0 2.247537019741602 0.6647285 12.044182445600383 2.2390773039052543 3.514775959534868 0.2644319026715061 1.2615662610100802 13.931945823481573 3.5212011436186845 1.297978792034028 2.670413704474786 4.007441960338197 False
1105 523.6626568936682 1499.9024111464894 214.9070081650332 52.85758349212303 522 526 1499 1502 13.0 1.315031354224482 0.7062380080819045 15.518940771424294 0.8435502089531063 0.022247050893272263 0.26980416938376267 0.0 2.0346147706886115 0.8592363 25.107332984361364 3.8954834978491544 3.7814709117217764 0.2674203561821893 2.0342144725641096 54.68865941015062 6.217426425041442 3.0677698765893897 5.096056618144838 7.019180997681769 False
1106 7242.514091976294 1500.047712151055 214.8470079707883 52.814908364924925 7242 7244 1499 1501 7.0 0.7733478203873213 0.5593933848803021 86.06681105720331 0.6904920679329972 0.100734457443858 0.6071135741773769 0.0 3.1254310251642323 0.6509707 18.906462828284397 2.311770884573127 3.3868631813290686 0.2027416476460864 1.4927053303604616 31.184106475667303 3.6432162227377116 1.6421162579228124 2.8769982685155813 4.2615749847075906 False
1107 294.6115204421536 1505.4247067843519 214.90899757467733 52.85906762001339 292 298 1501 1510 55.0 2.304918329490732 1.4531448210282398 74.90554891613635 0.776226668650079 0.13105193727465303 1.1926061804231838 0.0 24.2382514425711 1.8930209 50.20986924239504 4.947857231912986 2.455083871042521 0.29413741567226354 4.1841419359420025 58.61272141486498 7.773602618593118 2.102074040972927 4.40802583232358 7.058727146971029 False
1108 8998.920462493334 1505.946541438305 214.8312808505754 52.80377906682047 8996 9003 1502 1510 57.0 2.20718570278244 1.516218184532436 62.20805435187835 0.7267081246153185 -0.2641488774593257 0.28688643082587095 0.0 2.8347065209385742 1.9069657 29.89639941858245 7.69621893951921 3.8214273133150427 0.38727889524692843 4.259537945889915 72.98362742109168 12.390586672868626 6.7259643583603435 10.96325570786815 16.646753942505914 False
1109 7935.56243740618 1564.4099790651474 214.84014920016665 52.810851626224874 7900 7969 1508 1613 4705.0 16.778129548472318 7.379182951221108 -63.648431597887104 0.8980910250262111 -0.1519728184812301 45.694759955455076 0.0 12227.344007069209 18.42078 12212.743728374076 18.501413359211462 1.4 0.6812152926783203 38.69945754780983 12624.505426170113 27.065999347577222 6.356119636021472 13.31390017330014 23.076827792926426 False
1110 6700.630362527531 1515.4888939416132 214.85168023431066 52.81843461538058 6696 6705 1509 1521 94.0 2.262379688240603 1.5992509643911395 71.17613417485086 0.7073246503922233 -0.1475099365144085 3.039521115954171 0.0 52.035176367466406 2.3122125 56.27621834281078 2.790523472345569 1.4 0.5492876148678084 5.4700209598571305 55.75908724197577 4.458797057437336 1.2621075382228777 2.3486639562450677 4.032177801660578 False
1111 1953.846134148398 1523.2922065576388 214.89398094762356 52.84862819289149 1943 1970 1510 1537 570.0 5.303376688910486 4.876960612763298 4.374962198380812 0.3928668576805092 -0.30697721874441775 10.166928214621946 0.0 577.8108589488847 6.1653914 632.6388509450021 8.483995779013897 1.503261580908603 0.5440437578422047 13.469841688927183 656.6978981517698 13.212374380350447 3.6527045433473844 6.012213645677029 10.763234605369139 False
1112 6203.033459428966 1510.7082189624387 214.8561706460627 52.82157026817967 6202 6204 1510 1512 8.0 0.8621711756657846 0.6527904864907347 -46.88005660562395 0.6532443084052736 0.39289598901369305 0.9426653504380159 0.0 4.843945394870751 0.7124879 34.76238088796727 2.735578035468488 3.5000065468535078 0.1952099901663221 1.5957691216057308 58.164664387397934 4.364118741845038 1.9337355435655963 3.417569521962936 5.217752699687662 False
1113 827.7024457055846 1515.7679590906225 214.9041237369351 52.85573861233374 825 830 1513 1518 24.0 1.4057290771078865 1.104775766232859 -89.84457228510624 0.618341601350058 0.06258103483427223 0.8395561304935268 0.0 10.533925452645315 1.3667079 14.679378259085079 2.5414320607186474 1.7600928236497002 0.24489839944097752 2.763953195770684 14.650289460756373 3.9417768086665896 1.1948935833539052 2.110655490945454 3.1856044806669366 False
1114 6416.344674148301 1529.5737597411553 214.85406881101082 52.82031676956071 6393 6439 1513 1549 1238.0 8.189502341353657 4.663152094028933 -23.520206404408604 0.8220564227171262 0.07944079558007003 29.665557229552046 0.0 3288.119819484769 9.489081 3354.9786505875745 10.358377644049082 1.4358068063691 0.6267594842270781 19.851136972363392 3560.4759900213985 15.405334811213597 3.329062116599667 6.950487943214388 12.99926812861895 False
1115 8694.919206760536 1515.4192376332574 214.83389203334175 52.80576205819097 8692 8698 1513 1518 35.0 1.2790100573062806 1.2627599147993742 40.311589218332735 0.1588995801941362 0.22979680237225314 3.690237424059667 0.0 38.90284157908754 1.5057076 54.67107715433782 2.905728440263721 2.1197443396486997 0.4471875689790455 3.3377905890622728 62.04694977706675 4.580952074555086 1.075089207020504 2.081219721410927 4.092595329406241 False
