outputs/dr0.5_c0.1/nircam1_f410m_dr0.5_c0.1.ecsv
# %ECSV 1.0
# ---
# datatype:
# - {name: label, datatype: int64}
# - {name: xcentroid, datatype: float64}
# - {name: ycentroid, datatype: float64}
# - {name: sky_centroid.ra, unit: deg, datatype: float64}
# - {name: sky_centroid.dec, unit: deg, datatype: float64}
# - {name: bbox_xmin, datatype: int64}
# - {name: bbox_xmax, datatype: int64}
# - {name: bbox_ymin, datatype: int64}
# - {name: bbox_ymax, datatype: int64}
# - {name: area, unit: pix2, datatype: float64}
# - {name: semimajor_sigma, unit: pix, datatype: float64}
# - {name: semiminor_sigma, unit: pix, datatype: float64}
# - {name: orientation, unit: deg, datatype: float64}
# - {name: eccentricity, datatype: float64}
# - {name: min_value, datatype: float64}
# - {name: max_value, datatype: float64}
# - {name: local_background, datatype: float64}
# - {name: segment_flux, datatype: float64}
# - {name: segment_fluxerr, datatype: float32}
# - {name: kron_flux, datatype: float64}
# - {name: kron_fluxerr, datatype: float64}
# - {name: kron_radius, unit: pix, datatype: float64}
# - {name: gini, datatype: float64}
# - {name: equivalent_radius, unit: pix, datatype: float64}
# - {name: kron4_2_flux, datatype: float64}
# - {name: kron4_2_fluxerr, datatype: float64}
# - {name: radius_kron20, unit: pix, datatype: float64}
# - {name: radius_kron50, unit: pix, datatype: float64}
# - {name: radius_kron80, unit: pix, datatype: float64}
# - {name: near_border, datatype: bool}
# meta:
#   PHOTMJSR: 0.8704000115394592
#   PIXAR_SR: 2.11539874851881e-14
#   __serialized_columns__:
#     area:
#       __class__: astropy.units.quantity.Quantity
#       unit: !astropy.units.Unit {unit: pix2}
#       value: !astropy.table.SerializedColumn {name: area}
#     eccentricity:
#       __class__: astropy.units.quantity.Quantity
#       unit: !astropy.units.Unit {unit: ''}
#       value: !astropy.table.SerializedColumn {name: eccentricity}
#     equivalent_radius:
#       __class__: astropy.units.quantity.Quantity
#       unit: !astropy.units.Unit {unit: pix}
#       value: !astropy.table.SerializedColumn {name: equivalent_radius}
#     kron_radius:
#       __class__: astropy.units.quantity.Quantity
#       unit: &id001 !astropy.units.Unit {unit: pix}
#       value: !astropy.table.SerializedColumn {name: kron_radius}
#     orientation:
#       __class__: astropy.units.quantity.Quantity
#       unit: &id002 !astropy.units.Unit {unit: deg}
#       value: !astropy.table.SerializedColumn {name: orientation}
#     radius_kron20:
#       __class__: astropy.units.quantity.Quantity
#       unit: *id001
#       value: !astropy.table.SerializedColumn {name: radius_kron20}
#     radius_kron50:
#       __class__: astropy.units.quantity.Quantity
#       unit: *id001
#       value: !astropy.table.SerializedColumn {name: radius_kron50}
#     radius_kron80:
#       __class__: astropy.units.quantity.Quantity
#       unit: *id001
#       value: !astropy.table.SerializedColumn {name: radius_kron80}
#     semimajor_sigma:
#       __class__: astropy.units.quantity.Quantity
#       unit: !astropy.units.Unit {unit: pix}
#       value: !astropy.table.SerializedColumn {name: semimajor_sigma}
#     semiminor_sigma:
#       __class__: astropy.units.quantity.Quantity
#       unit: !astropy.units.Unit {unit: pix}
#       value: !astropy.table.SerializedColumn {name: semiminor_sigma}
#     sky_centroid:
#       __class__: astropy.coordinates.sky_coordinate.SkyCoord
#       dec: !astropy.table.SerializedColumn
#         __class__: astropy.coordinates.angles.Latitude
#         unit: *id002
#         value: !astropy.table.SerializedColumn {name: sky_centroid.dec}
#       frame: icrs
#       ra: !astropy.table.SerializedColumn
#         __class__: astropy.coordinates.angles.Longitude
#         unit: *id002
#         value: !astropy.table.SerializedColumn {name: sky_centroid.ra}
#         wrap_angle: !astropy.coordinates.Angle
#           unit: *id002
#           value: 360.0
#       representation_type: spherical
#   astropy version: '5.1'
#   make_catalog parameters:
#     ab_zpt: 31.4
#     coadd_bands: !!python/tuple [f277w, f356w]
#     deblend_contrast: 0.001
#     deblend_nlevels: 32
#     deblend_npixels: 1
#     detect_kernel_fwhm: 4.0
#     detect_kernel_npix: 7
#     detect_npixels: 4
#     detect_threshold_nsigma: 3.0
#     flag_isolated_buffer: 4
#     hst_bands: !!python/tuple [f606w, f814w, f125w, f140w, f160w]
#     jwst_bands: !!python/tuple [f115w, f150w, f200w, f277w, f356w, f410m, f444w]
#     near_border_kernelsize: 21
#     reference_band: f200w
#   make_catalog version: 1.4.0
#   photutils version: 1.5.0
# schema: astropy-2.0
label xcentroid ycentroid sky_centroid.ra sky_centroid.dec bbox_xmin bbox_xmax bbox_ymin bbox_ymax area semimajor_sigma semiminor_sigma orientation eccentricity min_value max_value local_background segment_flux segment_fluxerr kron_flux kron_fluxerr kron_radius gini equivalent_radius kron4_2_flux kron4_2_fluxerr radius_kron20 radius_kron50 radius_kron80 near_border
[from data line 3613]
3614 131.46093252490687 4260.0 215.01020484736742 53.02044298177015 131 132 4260 4262 4.0 0.5760269661423681 0.28867513459481287 0.0 0.865361215807598 -0.21016788607573494 0.45874035650202044 0.0 0.4685050788313277 0.9439513 11.548357025201451 3.753934861809547 3.577046625948392 0.6870434376027715 1.1283791670955126 42.50965295113846 inf 1.7930809981789202 2.8367604526248194 3.366576766463222 False
3615 3642.874240219183 4269.80120358264 214.97855914263363 52.998223942907764 3633 3654 4260 4279 342.0 4.551245204613231 4.1816958907514135 34.295567399626165 0.39471736339345426 -0.1406835677287346 0.9080580298360236 0.0 100.45647728406121 3.8312187 147.71485515519606 7.438512025443577 1.8869272161806774 0.3772826637400016 10.433694507453072 136.16198721764653 11.835449427390488 3.8343885679819083 7.457562818099246 13.569288597565883 False
3616 6058.8952788549595 4262.593872277707 214.95695126801334 52.98285590034248 6056 6061 4260 4265 29.0 1.5536093814154726 1.2149832944089427 -80.19254598356153 0.623229359044483 0.0037707830197419895 0.6503405410888717 0.0 10.613860319515826 1.0578208 52.524767184425144 3.940904383969316 3.2451503986286676 0.23627055573522923 3.0382538898732494 76.08670661183172 6.567739306332066 2.989114295930207 5.7920470497402095 8.72692906132631 False
3617 8687.720819980232 4263.5167674081495 214.9333651934518 52.96617707509402 8686 8690 4261 4267 30.0 1.7658687282309125 1.2084310406253351 79.6503935746737 0.729175581557929 0.018310838983609464 0.5900122193758368 0.0 8.07405987151698 1.143823 23.05775975980799 3.4029943529610165 2.649471074214918 0.3018121940171257 3.0901936161855166 29.587295774636083 5.30697199598168 2.1776209466288785 3.9559157733189543 6.8032027912014295 False
3618 3958.3972978915695 4270.898033094882 214.9757148838538 52.99622817216998 3948 3969 4263 4279 287.0 3.8659506485676225 3.0460877774745883 -15.497664410267191 0.6157683684921839 -0.14991060082276672 4.702609623411613 0.0 275.80106565062545 3.6233482 308.92811040762126 5.102997041965101 1.6223719821526654 0.5032786758914125 9.557977680176279 325.0994097713548 7.949616761867284 2.215324989974799 4.294864387710505 7.808541305055793 False
3619 9121.498457245802 4263.850029112367 214.92947313645752 52.96342545826323 9121 9122 4263 4265 4.0 0.8847702219968231 0.26008246201133245 -59.67167019435763 0.9558193187015316 0.13141842493398914 0.45349018100458144 0.0 1.173437864259958 0.36834443 12.768350312634976 1.450473314345156 3.7769687371341334 0.28398810911155675 1.1283791670955126 26.56277515714009 2.353344615553328 1.5624999449723358 2.497797330355585 3.3685387008809475 False
3620 2983.2678108850705 4266.466430759319 214.98451694382968 53.0023902850004 2981 2986 4264 4269 29.0 1.4764904732760216 1.3254303137767622 87.4985303324791 0.44062815798770555 0.038800520937759944 0.48153810140532327 0.0 8.114342442948457 1.0879872 33.58698737479707 4.11168257100881 3.182877332117461 0.19786618541694662 3.0382538898732494 53.76239754103591 6.598433424765656 2.6570436549945153 4.9662721485510675 8.239017469156536 False
3621 8922.34626858067 4271.343882019504 214.93117937372878 52.96473005988642 8918 8927 4267 4275 65.0 2.6916026923746124 1.7658577654032395 -40.88035794781394 0.7547071526286886 0.05295331857265284 0.415999106036687 0.0 13.555077686270275 1.5671209 59.71935782324965 5.576934994759732 3.022582195868627 0.2686834974840628 4.54864184146723 74.09823550641154 9.047296377033133 4.3494041584578005 7.343032450804737 15.009983716559999 False
3622 4063.059354872537 4270.015225468778 214.97478461411382 52.99555940482353 4062 4065 4269 4272 12.0 1.11647155955226 0.7379168175163777 49.95337813184438 0.7504418218982628 0.029507833059685233 0.42744397442788673 0.0 2.487497168027875 0.70289934 7.798788406685825 2.275785375143829 2.8002154466145095 0.3464277884837591 1.9544100476116797 17.440698754874457 3.616466523363768 1.4446792022092594 2.6462292645778662 4.492193446859597 False
3623 8648.038105524914 4274.087548851581 214.9336095444853 52.966486032773304 8646 8650 4271 4277 27.0 1.6290772765875365 1.2369490822527116 89.7329450552848 0.6507473961196734 0.13645515184083504 0.46311558408745546 0.0 8.522286350164597 1.0080521 29.446744928237617 3.476761489573732 2.8141504375097632 0.15582543708455696 2.9316150714175193 24.199067515743593 5.495745920335015 2.354581110803815 4.173097910906854 6.110594723270424 False
3624 7283.31502314956 4280.4488602524725 214.94577974618252 52.975182147612614 7277 7291 4273 4287 167.0 3.7694584777858506 2.7311230925545615 -51.29295467653978 0.6892328518575263 -0.039414036595728376 0.7806632556801483 0.0 62.83368460158499 2.531052 91.57278446311815 5.32516958057386 2.04154563472268 0.28431286560041047 7.2909362219603215 101.49460089533778 8.522111450322479 3.1406872702094177 5.517666948012846 8.894387921684702 False
3625 2338.7832617949366 4277.119071173286 214.9901926225191 53.00653600237211 2337 2341 4275 4279 19.0 1.2841132911594046 1.0705828537409734 33.09615036672482 0.5521969329270189 0.09540937417044644 0.3204506129279014 0.0 4.635178436282931 0.8995949 9.983568023549939 2.365418415431638 2.298014818990709 0.12557305320822904 2.4592453796829674 15.181499213676313 3.784928031186641 1.5215118503564415 2.615088062128366 3.933995937265664 False
3626 6070.514008684417 4276.749504678521 214.95669782653866 52.98285863464442 6069 6072 4275 4278 15.0 1.1118171751160852 1.0010247063353115 83.94400671829118 0.4351662842400873 0.14032949276089904 0.4522740059909661 0.0 4.786623206313376 0.73518443 14.237717904166827 2.327540979314345 2.5962429307833625 0.1704402153626742 2.1850968611841584 19.05753905332274 3.800222487941085 1.6418302706977534 2.8178197987320135 3.9890847593353738 False
3627 256.86372470509224 4277.232853763955 215.00889614204755 53.01974089203011 255 259 4276 4278 8.0 1.0946696520896322 0.5004581727243378 -33.16120080451178 0.8893755499951418 0.012926463349970108 0.20043360895699983 0.0 0.7536070220303848 0.54305166 25.03983723292952 2.748604585656555 4.160733287039467 0.41955623049054463 1.5957691216057308 48.36812648858174 4.567388215210094 3.8070977677071998 5.277480713931965 6.624235220924101 False
3628 302.8484579585125 4276.678943323914 215.00848871493713 53.01944627801886 302 304 4276 4277 4.0 0.6739200121248021 0.4560229403722364 -11.639791287565863 0.7362844066215467 0.07410485972998176 0.15078716553301164 0.0 0.46965902522671454 0.39004788 11.287154361793448 1.9482328816494405 3.918190973303266 0.19577026243948364 1.1283791670955126 28.19831531608849 3.11543759459639 2.172083161147904 3.559889204748869 4.981073716913067 False
3629 3294.234729445256 4280.098292404951 214.9815809132303 53.00049129637413 3291 3298 4277 4283 39.0 2.0063859490629303 1.3943127694569732 -15.05236560272189 0.7190701751758719 0.13528555169313375 0.6075323071475321 0.0 14.559984103809853 1.2979571 38.6324391340916 4.25821980158484 2.7849345397084053 0.1643196700821694 3.523362819972964 51.80017203332372 6.84662095425363 2.4275575905435924 4.78471505029527 8.889056182461367 False
3630 8798.661614509343 4277.685268681047 214.93222131223052 52.96554938837568 8798 8799 4277 4279 5.0 0.7993627947085338 0.41973720194532377 71.2737592970462 0.8510468642031616 0.07348270325974089 0.2057861056122664 0.0 0.8060017114324218 0.43280992 8.436859555153802 1.9306527600957908 3.7981399594871563 0.19385484942375952 1.2615662610100802 10.056974148974652 3.117236635061839 1.867202942917604 3.041259824757271 4.410345205917963 False
3631 2086.295840225336 4280.993747011765 214.9924196076877 53.00815846669297 2084 2089 4279 4283 24.0 1.4175896902412102 1.0303914650794381 -19.189454599487863 0.6867839987312074 0.03729430994287578 0.4622455099950655 0.0 6.654617185558102 0.9521524 14.843369563215902 2.7971890238394392 2.6550691636961186 0.28267484749639343 2.763953195770684 27.901452467268925 4.532294178962692 1.555863375020792 2.9982590921383747 5.482264335179508 False
3632 312.90970589718614 4287.939061455307 215.00827958570068 53.01944334581894 306 318 4281 4294 131.0 3.2724717363462434 2.399859655586352 -48.7540698524607 0.6798537603610975 -0.12133847422329715 0.6991605980911695 0.0 30.668082178337965 2.2916017 145.60050160215843 7.945349456798852 3.212555260296865 0.3823911206968369 6.457444935117649 332.6196026118838 12.500773147911048 6.487637834882763 13.782323949593348 18.804684641070075 False
3633 2180.257005029446 4282.2002322876715 214.9915629148913 53.007568998155364 2179 2181 4281 4283 8.0 0.7505077864475024 0.7005789998489858 65.74971401791036 0.3586468305132438 0.03613718443629091 0.1988192003596187 0.0 1.0435375640651643 0.6058709 1.9953588858122813 0.9713526843430746 1.4 0.23706203073471682 1.5957691216057308 0.7382170467260188 1.5413649505080416 0.9015031912906158 1.5003702380460326 2.036379654710413 False
3634 2697.011977307506 4284.353412157336 214.9868990555078 53.004302785362846 2696 2698 4282 4286 14.0 1.3755944132012239 0.7677849116816887 -79.5112382431234 0.8297415870674979 0.28841361200563104 0.5685745223683658 0.0 5.26235704638679 0.7389701 19.3233308301418 2.6399092888439677 2.907520470456361 0.1254945693795132 2.111004122822376 13.159287680045903 4.25235664213672 1.8213022761237252 3.0995883275896086 4.698021185299954 False
3635 811.5477399720979 4286.867709364389 215.00380997260368 53.016275261185946 808 814 4283 4290 44.0 1.7538588630230398 1.3544207142908278 67.77979447930032 0.6353165455382446 -0.059487881736199774 0.46462461030190894 0.0 9.605970054986006 1.3182898 15.938060932683769 3.6310907059499056 2.6782561170481216 0.3697348730872472 3.742410318509555 16.9855102711938 5.920232067755323 1.5596491108205612 2.9860902873878308 5.997456312284025 False
3636 3206.6133875896626 4287.286381581468 214.98229191362668 53.001085982076084 3204 3210 4284 4289 33.0 1.489679939649186 1.305666587711655 -49.23157514256356 0.481448153400836 -0.11364433384199552 0.3982219789637275 0.0 5.364687380925703 1.2608706 9.999486270105137 1.8582387445859638 1.4 0.3737322567618658 3.2410224072142872 6.74584816434541 2.9466625407902542 1.5596745866096453 2.6328029511325397 3.918104106355859 False
3637 9115.664501414905 4290.1071088944955 214.929248715081 52.96360425537445 9112 9121 4286 4295 71.0 2.3578688445555653 1.8865127024689292 85.09465166065338 0.5998769161371547 -0.005358777147139197 0.6908147281203038 0.0 17.27705942812053 1.5698241 90.77980590545396 5.908790440807233 3.376082476613523 0.3358913615100449 4.753945931439391 197.7788080000624 9.518135311213799 4.790886933143846 11.042741988105472 15.489872218387804 False
3638 3878.787852925115 4299.182707159505 214.97613142800873 52.99688605484959 3870 3887 4287 4308 233.0 5.07274320965961 2.462417164828188 47.405508490680454 0.8742804157945135 -0.2539204635511821 1.0905137206075757 0.0 92.39778149974074 3.2319508 127.68788448971334 6.772983195223153 2.058569572141634 0.3842411326029835 8.611980229936854 135.5447126593075 10.827944175522829 3.072150024175458 5.8991648696210035 10.475177079318234 False
3639 2711.8549477944166 4290.172343022471 214.98670441590068 53.004240078094874 2710 2715 4289 4293 25.0 1.2194188296330275 1.0345553206110383 60.399727120308064 0.5293551770912269 -0.16866148278832976 0.06223227452870962 0.0 -0.38770826647775847 1.0198865 4.482556209174352 3.2398248150964535 3.276813758027276 -0.7999488466116522 2.8209479177387813 16.006333234942247 5.19662888847106 4.165737273741542 7.7051945027562345 8.364487768543313 False
3640 3746.5710242723762 4300.141867724265 214.97730832549726 52.9977300331371 3734 3760 4289 4312 500.0 5.724077606892743 5.276066498053648 -18.22243538443074 0.38782702199832414 -0.19576876645483662 0.9977079691717972 0.0 163.53235551105956 4.5991564 270.24619503030857 10.65048186975264 2.1511739132761187 0.33896628059889017 12.6156626101008 316.2860790312839 16.961570967696513 5.404124180585413 10.422941600284467 17.684408583399524 False
3641 6666.595551138841 4302.433816833193 214.9510796543341 52.979214733336136 6651 6684 4289 4319 736.0 5.410106544589397 4.124364407931039 -20.826524642410032 0.6471715548073969 -0.0962729286822783 17.10417731700144 0.0 1306.8302490052574 5.301211 1355.076382716623 6.137313697435487 1.5441102054218743 0.6362559364282596 15.306079714651624 1470.365130641901 9.401384355955432 2.641449727358337 5.139169030446884 9.394850178363551 False
3642 6945.742193633854 4289.615367424059 214.9487108480026 52.97737400145348 6944 6947 4289 4291 8.0 1.1717463304503741 0.5366920569314714 -13.216123411368002 0.8889380168831088 0.05796996153522084 0.21600463383900628 0.0 1.0729450098877442 0.4868202 18.877291644956895 2.3963029898925674 3.89093350735603 0.2880618918817612 1.5957691216057308 25.920719669293433 3.7709075989382272 2.721164003694583 3.9503964013600994 5.175097072807144 False
3643 7871.994436459358 4299.056692665798 214.94030444360178 52.97154649481393 7862 7881 4291 4307 222.0 4.636776273030791 2.3212257578587128 -37.71810946949983 0.8656717876707181 -0.027920391577872378 1.5929325099963267 0.0 114.37071318802921 2.8502436 157.625486656676 5.800927573557924 2.131737409721773 0.4228212109728278 8.406235467365967 184.11892252906 9.303866402673394 2.7161927679108553 5.606413297426031 11.377935745855348 False
3644 2403.344161586376 4296.300178758116 214.98941056720636 53.00623014944666 2400 2407 4292 4301 50.0 2.3900964851036393 1.4825879264371227 58.553811115234474 0.7843609886452579 -0.04218471896498126 0.5331014176557819 0.0 16.579779336748548 1.3949364 35.77984485566459 3.9528597544599657 2.347488668672558 0.21409231318596209 3.989422804014327 38.198085283730975 6.2689486028884716 2.36268064282345 4.079977360535807 6.851027427793106 False
3645 9088.018519014679 4294.19139091706 214.92945348607836 52.96380179488412 9085 9091 4293 4295 16.0 2.0062615145429477 0.6307789757831894 -11.048199885977875 0.9492888887639075 0.18329358826077802 0.308893403209015 0.0 4.093034632552438 0.75810826 20.868803053922818 3.0625573157252375 3.255438734292986 0.09569648708844926 2.256758334191025 29.45189390286077 4.867647640781469 2.264184698873697 3.657713243594049 5.242483899169288 False
3646 7340.520073757313 4305.9861638086 214.9449975491897 52.974957012379626 7328 7352 4295 4317 369.0 5.647747221062046 3.3009382400242835 -40.78358691695259 0.811415392254262 0.028627821891764195 2.2782082506502954 0.0 237.70098195886783 3.4953554 297.2574272045525 6.1184452228940165 1.7709665931028777 0.3958403045020275 10.837727990765352 299.47248288539504 9.916826564879294 3.3258204318783013 6.707636932466295 11.473248188098387 False
3647 3192.6003076799548 4298.618787663877 214.98229828420168 53.00123611421095 3191 3194 4297 4300 14.0 1.1504907078225755 0.9048581477927284 51.545049942253456 0.617593369416098 0.028956073998849925 0.25635669633788366 0.0 2.090660968774737 0.7661068 8.647475124385071 3.377845608250014 3.4978422608783744 0.1802666418984604 2.111004122822376 3.025477840957321 5.329159592476859 1.8956706999506414 3.719314143032479 4.898857008976732 False
3648 8943.969036020962 4303.213795684109 214.93064966975444 52.96476488161315 8938 8950 4298 4309 102.0 3.376179842717892 2.012951970097245 33.03065936311895 0.8028197704787982 -0.00026304359115577334 0.6998410242498733 0.0 36.424909610245194 1.9556905 135.75639131943558 6.779956208878063 3.0357139696045623 0.26433843660667267 5.698035485213008 200.6157330419813 10.716503296284836 4.745166914894665 12.235021366582112 17.044343914492735 False
3649 6514.391726600388 4302.502896295566 214.95244426082067 52.98018098987411 6512 6517 4300 4305 24.0 1.4228742437555857 1.173349415811608 -57.83734484964049 0.565667745713833 0.07147051209079654 0.5598068933547985 0.0 7.044185368907106 0.8397769 24.201632804629455 2.9277080052554525 2.975135141890153 0.2540161255640551 2.763953195770684 22.076262402429865 4.761498662351027 2.151685399677318 3.9842202033616196 6.214119167060643 False
