outputs/dr0.5_c0.1/nircam1_matched_f277w_f356w_dr0.5_c0.1.ecsv
# %ECSV 1.0
# ---
# datatype:
# - {name: label, datatype: int64}
# - {name: xcentroid, datatype: float64}
# - {name: ycentroid, datatype: float64}
# - {name: sky_centroid.ra, unit: deg, datatype: float64}
# - {name: sky_centroid.dec, unit: deg, datatype: float64}
# - {name: bbox_xmin, datatype: int64}
# - {name: bbox_xmax, datatype: int64}
# - {name: bbox_ymin, datatype: int64}
# - {name: bbox_ymax, datatype: int64}
# - {name: area, unit: pix2, datatype: float64}
# - {name: semimajor_sigma, unit: pix, datatype: float64}
# - {name: semiminor_sigma, unit: pix, datatype: float64}
# - {name: orientation, unit: deg, datatype: float64}
# - {name: eccentricity, datatype: float64}
# - {name: min_value, datatype: float64}
# - {name: max_value, datatype: float64}
# - {name: local_background, datatype: float64}
# - {name: segment_flux, datatype: float64}
# - {name: segment_fluxerr, datatype: float32}
# - {name: kron_flux, datatype: float64}
# - {name: kron_fluxerr, datatype: float64}
# - {name: kron_radius, unit: pix, datatype: float64}
# - {name: gini, datatype: float64}
# - {name: equivalent_radius, unit: pix, datatype: float64}
# - {name: kron4_2_flux, datatype: float64}
# - {name: kron4_2_fluxerr, datatype: float64}
# - {name: kron4_2_mag, datatype: float64}
# meta:
#   PHOTMJSR: 0.4047000110149384
#   PIXAR_SR: 2.11539874851881e-14
#   __serialized_columns__:
#     area:
#       __class__: astropy.units.quantity.Quantity
#       unit: !astropy.units.Unit {unit: pix2}
#       value: !astropy.table.SerializedColumn {name: area}
#     eccentricity:
#       __class__: astropy.units.quantity.Quantity
#       unit: !astropy.units.Unit {unit: ''}
#       value: !astropy.table.SerializedColumn {name: eccentricity}
#     equivalent_radius:
#       __class__: astropy.units.quantity.Quantity
#       unit: !astropy.units.Unit {unit: pix}
#       value: !astropy.table.SerializedColumn {name: equivalent_radius}
#     kron_radius:
#       __class__: astropy.units.quantity.Quantity
#       unit: !astropy.units.Unit {unit: pix}
#       value: !astropy.table.SerializedColumn {name: kron_radius}
#     orientation:
#       __class__: astropy.units.quantity.Quantity
#       unit: &id001 !astropy.units.Unit {unit: deg}
#       value: !astropy.table.SerializedColumn {name: orientation}
#     semimajor_sigma:
#       __class__: astropy.units.quantity.Quantity
#       unit: !astropy.units.Unit {unit: pix}
#       value: !astropy.table.SerializedColumn {name: semimajor_sigma}
#     semiminor_sigma:
#       __class__: astropy.units.quantity.Quantity
#       unit: !astropy.units.Unit {unit: pix}
#       value: !astropy.table.SerializedColumn {name: semiminor_sigma}
#     sky_centroid:
#       __class__: astropy.coordinates.sky_coordinate.SkyCoord
#       dec: !astropy.table.SerializedColumn
#         __class__: astropy.coordinates.angles.Latitude
#         unit: *id001
#         value: !astropy.table.SerializedColumn {name: sky_centroid.dec}
#       frame: icrs
#       ra: !astropy.table.SerializedColumn
#         __class__: astropy.coordinates.angles.Longitude
#         unit: *id001
#         value: !astropy.table.SerializedColumn {name: sky_centroid.ra}
#         wrap_angle: !astropy.coordinates.Angle
#           unit: *id001
#           value: 360.0
#       representation_type: spherical
#   astropy version: '5.1'
#   kernelfile: kernel_f277w_f356w.fits
#   make_catalog parameters:
#     ab_zpt: 31.4
#     coadd_bands: !!python/tuple [f277w, f356w]
#     deblend_contrast: 0.001
#     deblend_nlevels: 32
#     deblend_npixels: 1
#     detect_kernel_fwhm: 4.0
#     detect_kernel_npix: 7
#     detect_npixels: 4
#     detect_threshold_nsigma: 3.0
#     flag_isolated_buffer: 4
#     hst_bands: !!python/tuple [f606w, f814w, f125w, f140w, f160w]
#     jwst_bands: !!python/tuple [f115w, f150w, f200w, f277w, f356w, f410m, f444w]
#     near_border_kernelsize: 21
#     reference_band: f200w
#   make_catalog version: 1.4.0
#   photutils version: 1.5.0
# schema: astropy-2.0
label xcentroid ycentroid sky_centroid.ra sky_centroid.dec bbox_xmin bbox_xmax bbox_ymin bbox_ymax area semimajor_sigma semiminor_sigma orientation eccentricity min_value max_value local_background segment_flux segment_fluxerr kron_flux kron_fluxerr kron_radius gini equivalent_radius kron4_2_flux kron4_2_fluxerr kron4_2_mag
[from data line 163]
164 7267.44883290052 358.9949358438973 214.98723200239223 52.954097568228015 7265 7270 357 361 24.0 1.2775660845888301 1.2705474085054644 -59.700374190085206 0.10467756453253006 0.13536677069862432 0.4689566345744874 0.0 7.484681446750306 0.54390734 27.610586656458075 1.754375211731328 3.055455629004829 0.174631141690806 2.763953195770684 48.52491893898354 2.728861483898393 27.185087953572932
165 916.3948255698348 365.1894258782317 215.04419069609892 52.99440416083247 910 922 358 373 154.0 3.2141859446235346 2.512716411550244 -87.64089977770917 0.6235816088063868 0.13443421561589483 1.5182097720845786 0.0 89.1251120802882 1.2641242 115.22559026762023 2.343336112638324 1.8612175463610423 0.34766335710654683 7.001408606295148 122.73406294166767 3.740634877998323 26.17758722206225
166 3620.2712114542605 360.6024088452085 215.01994887965864 52.97723698289164 3616 3624 358 363 39.0 2.414083358609471 1.2033281025427796 13.611010182685371 0.8669117201112675 0.21771723260762477 0.4426195925389985 0.0 13.202823988583567 0.6419557 38.379844014053674 2.1985122099483627 2.866073429076542 0.09803256681753308 3.523362819972964 38.593730227432275 3.5557475316369116 27.433708108061193
167 9419.99618729424 361.23059873546674 214.96790550635336 52.94045375105644 9416 9424 358 364 45.0 2.000458716961412 1.5360564737123976 16.329104514782614 0.6406271275073706 0.2197513055944914 0.6830203930322851 0.0 20.057085184584537 0.76514107 36.1263314364041 1.8268779019535621 2.206315806524299 0.16775735489794266 3.7846987830302403 36.637373569723906 2.8909366559794423 27.49018916809588
168 9704.532583783637 361.2128595007792 214.96535502401923 52.938648302358104 9700 9708 358 364 54.0 2.129502012867156 1.6689412693424173 0.654784794462437 0.6211095785571559 0.18883036176460843 0.6564008545663867 0.0 21.027308305518467 0.88047886 36.48927087666256 1.9540483951213552 2.1144710402500055 0.19134912134800997 4.145929793656026 39.562339780324876 3.0306616553095673 27.40679507860506
169 2695.9951177263392 361.7555251955861 215.02823775906305 52.983103619339865 2694 2698 359 365 26.0 1.4490553623673892 1.2208367385379097 -88.35262637200617 0.5386881448859804 0.2073865938662292 0.5433705166825318 0.0 9.503389022182914 0.50934064 24.84433162651979 1.6435515426038847 2.77024928668813 0.15319008224885403 2.876813695875796 31.219810569997854 2.655436917120587 27.663924341000644
170 4320.0627043066925 362.12209659468255 215.01364946669673 52.97280776198419 4317 4323 359 365 43.0 1.6345353594464889 1.5704637584172698 -54.95838260613117 0.27723778816500033 0.15696447491128582 0.7686878683080576 0.0 16.956068448627352 0.65742695 27.661916338640125 1.5929561462165605 2.2809894344702193 0.2563437106595624 3.6996385101659595 29.053643065549114 2.571424790352834 27.74199850809234
171 8069.765927373323 362.1604762217877 214.98000247711076 52.94902509183884 8067 8072 360 364 21.0 1.4605797725412024 1.093170014363904 -37.41962436698625 0.6631919305013765 0.2325082444943773 0.3473739008171339 0.0 6.401483330792115 0.44955632 35.16657904477634 1.8097505865383412 3.2087024909734727 0.05514344707997303 2.5854414729132054 74.62031586096765 2.8604528153582796 26.717857292406258
172 9187.511435857923 360.48530026828837 214.96999757338727 52.941924774376794 9187 9188 360 361 4.0 0.5020666700334062 0.49757632367582566 44.455547906129915 0.13344459634223277 0.3318165740647103 0.36874221851003525 0.0 1.4128491058476453 0.19906564 8.805124934156208 0.8145583546939904 3.710351746435174 0.027223547563831975 1.1283791670955126 12.879844287630728 1.3126974173779868 28.62522346849477
173 4387.640236333614 371.0795766249409 215.01294843193529 52.972427657948444 4383 4393 361 380 170.0 4.541322376164724 2.175274114495882 -82.76582698059163 0.8778172202280521 0.11026866938943065 0.9533161995997884 0.0 77.08388980421435 1.3336585 116.37892713656194 3.0129692651317743 2.1371512894836004 0.2801719434630044 7.356132180109627 118.47460750659585 4.878485083463319 26.215936803490624
174 7645.443438548543 418.5720691158458 214.98321416359275 52.952021723835514 7584 7712 361 468 9824.0 16.479842554512523 10.075363908162757 -28.435296111846263 0.7913410118456149 0.12678820398211968 150.93283988381498 0.0 48071.67557117133 14.320415 46900.82011263601 13.04012111698961 1.4 0.7927235104877296 55.92026754111214 48903.11840970953 16.449638375656473 19.67665861574166
175 2455.6758516883906 367.1702850082928 215.03033943577634 52.98465655871202 2452 2460 364 370 50.0 2.0237195291801617 1.5669779087540259 1.9654757732288823 0.6328115210358458 0.17407248525332913 0.6447474197495144 0.0 18.263247547493567 0.7247209 29.933157143069494 1.734248726604176 2.1796623189412165 0.2118221195370993 3.989422804014327 33.472973560225256 2.7347105959130285 27.58826426381461
176 7003.631250551283 369.5418345753898 214.98948756999135 52.95582802673409 6999 7009 364 374 94.0 2.946628871407877 2.308770844409109 49.17525935531374 0.6213545020939298 0.1880630738232765 0.5050780803569871 0.0 31.6170848014801 0.9578318 85.54489381564989 3.0722000548276776 2.734719122130733 0.11809095958682657 5.4700209598571305 90.53924665916468 4.902014847289624 26.50790780854075
177 934.5502242013582 367.3030828132485 215.04400527331512 52.99430050688215 933 936 365 370 19.0 1.3218441838941621 1.0004531475287983 -86.12737143897459 0.6535751437798735 0.18399459623186926 0.41024898969789214 0.0 5.746032877864893 0.45519865 12.938145804071615 1.2948194921276668 2.486015461919834 0.1265552320315788 2.4592453796829674 14.464895400955811 2.0660324898273603 28.499211756224224
178 3904.651758647718 368.3974927373688 215.01731319185015 52.97547588914993 3902 3908 365 372 41.0 2.1960065383448244 1.323077886042492 66.82137715089766 0.7981244005618907 0.24006768202071066 0.7010704688143574 0.0 20.20349052748026 0.7041637 33.50509295446466 1.61268956156313 2.0206834397040065 0.14539340840411366 3.6125759969217834 35.73013156265347 2.532001112159861 27.51741346167489
179 844.3422438282089 372.19314143426527 215.0447644768426 52.994898785639265 837 851 366 379 153.0 3.8608015553604877 2.5018816370436667 -35.38463972010203 0.7616222139144335 0.16201377205960119 0.7195658584321822 0.0 60.069854307594554 1.2503848 162.96754940522936 3.991569523314149 2.8479001021509487 0.22021618839084156 6.978639737521917 291.3506897662079 6.290169221564365 25.23895987347548
180 4200.194843626559 373.8448786121446 215.01460221911398 52.97363125904141 4188 4213 366 381 334.0 5.379802836416651 3.0797872423168995 -2.137618742311093 0.8199241726962455 0.14351571084932108 2.432614651386814 0.0 275.7773066687033 1.9952451 313.2758648831666 2.9305711350560513 1.5046772797307193 0.39026943583263796 10.31094088749354 317.3439067578315 4.601071031379105 25.146174590128297
181 6556.441748585433 381.7825578593477 214.99337068344101 52.958730711382344 6544 6569 366 395 528.0 5.778117707787655 4.214646981262282 -46.27125059229175 0.6840712253220924 0.1646851231918016 3.5837634086509764 0.0 388.0773437384832 2.3796895 490.16389636666844 4.127978793561409 1.9191721670914965 0.4407679085018381 12.964089628857149 564.5568236120566 6.52096393898143 24.52073084763732
182 2678.103858233143 369.7497507607334 215.0283142763521 52.98326028525042 2675 2681 367 372 35.0 1.6983465251647059 1.4151924316453144 -15.035431090343856 0.5528563055727497 0.19748034208904666 0.48035464083883234 0.0 11.778029142171972 0.59839284 21.784805863279605 1.6034684429933495 2.305777282437565 0.14255260439636552 3.3377905890622728 24.316930996372328 2.5318173042463696 27.935228094000465
183 2188.405391683724 373.1746529841455 215.0326771728591 52.98638351688374 2183 2193 368 379 102.0 2.9173767028846624 2.156150134241883 53.73707737200241 0.6736269276414656 0.17030651054083043 0.7879303448269138 0.0 40.84847799095695 1.122756 60.62068052199176 2.324465710703938 2.0268524797391945 0.23435324733802768 5.698035485213008 59.90798009004848 3.680316188105525 26.956288308040214
184 2031.0521515183043 370.27268105837885 215.03412137369088 52.98736541379917 2030 2032 369 372 9.0 1.053007079828914 0.6530896712336309 -54.14708483757263 0.7844327039170103 0.23551245913759963 0.2984193023100212 0.0 2.4181673396574017 0.30428562 22.99129812345602 1.434286257255434 3.62145652499097 0.049923491364236544 1.692568750643269 33.607328423415126 2.277704919831063 27.583915024768284
185 1033.4137297122027 378.9037091336245 215.04299462922305 52.99373655573646 1024 1043 370 388 296.0 3.734815813662446 3.418793929068812 23.147400581487325 0.4025798301885076 0.1942069703651321 4.473691729114477 0.0 326.92515011765045 1.7811792 369.4953442531422 2.75260842907597 1.710581278498748 0.4611304411306795 9.706684619910241 400.8528750634813 4.387220875378359 24.892537492841253
186 9043.773155001936 376.27847646696 214.97111997667085 52.94292206227257 9038 9050 373 380 82.0 3.1674585343141084 1.6360898863202593 -18.88194935676077 0.8562686109384902 0.1574343437835042 0.786005614030386 0.0 35.29806433289481 0.91568774 58.22432050927421 2.23768340149227 2.2162954208914156 0.21285331971661917 5.108953969950291 64.91424163537683 3.5805739235431573 26.86915003052864
187 8780.559885837605 400.5114749737801 214.9732248057313 52.94472294011527 8755 8808 375 422 1791.0 5.454319812491547 5.191904389127252 -16.18709506408742 0.3064445368180288 0.06954747465724781 124.82290976597172 0.0 7171.764308247641 5.634214 6959.148072832828 4.972038759750616 1.4 0.8047615130806514 23.876620492757535 7330.066293529946 6.459600746025557 21.73723024389375
188 10185.315377004992 383.18629888866616 214.96081428986105 52.93571636085136 10179 10191 376 391 154.0 3.042081315569548 2.400778072220154 82.12762704903962 0.6141500010053292 0.16554827351323614 2.247406856728328 0.0 113.10516006664284 1.3132972 151.88235907141154 2.6905413520608468 2.0942563187138403 0.409372575002235 7.001408606295148 166.47350142269602 4.241279764229223 25.846637214729977
189 8163.120221912096 380.48839275790107 214.97897229560027 52.94853189559847 8157 8170 377 384 74.0 3.2734644258546193 1.616716976311029 -5.6101107410569515 0.8695268850195977 0.18904734690512995 0.6139423714803436 0.0 27.88003597337389 0.85576755 57.20850886942584 2.429415215263568 2.3960200499259763 0.1468355966690879 4.853342309955121 59.46968549786342 3.897719096183223 26.964260895592382
190 728.2878188768237 383.5403556041494 215.04568798843857 52.99569582649031 723 733 378 390 108.0 3.293018949419521 2.290993578404572 63.72754958391912 0.7183205996428995 0.1919697297469427 0.5587429616474836 0.0 36.87062705664329 1.0402435 136.83189933185696 3.783110043359268 3.108342263135025 0.1580728460531444 5.863230142835039 242.61325300833983 6.105645295629965 25.437713697552613
191 6670.684678422997 392.4409853741193 214.99223346492388 52.95806368481695 6662 6679 382 403 296.0 4.307876398252375 3.026781698594305 58.72891834643785 0.7115694927690064 0.18048325933753226 3.4619544739768453 0.0 265.46186900575896 1.8849399 305.02766896161296 2.740081645180622 1.6719148987306047 0.4540269423682558 9.706684619910241 321.6486787995374 4.242181683500403 25.131545570407585
192 8558.200555008643 383.84094329953695 214.9753941377117 52.946043584344196 8557 8560 382 385 11.0 0.9342612402536342 0.9038103983828992 65.02012257079282 0.2532284737121474 0.20437772654875466 0.2570607547541682 0.0 2.574140564088849 0.33137152 24.218310772805037 1.449477146321781 3.5741153572460465 0.04910985768890913 1.8712051592547776 49.00326122399178 2.3507603686921232 27.17443754051782
193 6165.718211592021 388.9713748614 214.99680082766545 52.96124782204842 6158 6173 383 394 160.0 3.791474434322449 2.5735836645312045 -0.8026053308909289 0.7343400651198917 0.20544894442376296 1.029815864960565 0.0 80.23345257795901 1.2552196 163.84686063543876 3.467413493347059 2.5807518895940897 0.25323869332933024 7.136496464611085 201.55084223639776 5.460074734173917 25.63903845671635
194 3232.800458307831 389.65309229364965 215.0231225926368 52.9798509127456 3229 3236 386 394 60.0 2.23478008714871 1.71912263894186 63.994707161552306 0.6389381867110422 0.2438200607410883 0.9585548090975559 0.0 30.470431849696116 0.78461653 87.29535241175145 2.582310618885144 2.863250348103674 0.21622275795896564 4.370193722368317 131.89843407207226 4.11442962578291 26.099400901162422
195 3924.62986864431 401.1800162095939 215.01678858465917 52.97552645699881 3910 3938 387 416 529.0 5.85531823552514 3.2608227505630056 -45.81524715304049 0.8305800058315284 0.16098277497684654 7.66606754536843 0.0 659.3970752977148 2.5694902 723.3153281495348 3.429765309249905 1.6329994980134062 0.5510010153838669 12.976360421598395 777.0413458987466 5.30148147769138 24.173889680095705
196 848.5321086271704 395.3078854489472 215.04448337891756 52.994997260403935 843 853 388 403 135.0 3.4477479636877923 2.423939562217487 80.41108224674511 0.711140318200683 0.21829510706922614 1.1289866893033869 0.0 66.5062058390989 1.1520622 164.31829414506336 3.564885578044614 2.791341409191185 0.2498333446994189 6.555290583552474 257.31263108504544 5.713064367049799 25.373847236029775
197 7080.607691362311 399.93677403571013 214.9884769831121 52.95550401584846 7072 7089 389 411 293.0 4.709524744923189 2.7331601903520144 -55.82578426717964 0.8143690545909076 0.17370371849593047 3.9384056719020073 0.0 266.5789753625363 1.851074 309.24730506892945 2.9404059768015403 1.8065314070500453 0.45420754739422803 9.657370069115643 357.64871109974945 4.556360259097669 25.016358339335646
198 7434.329782526717 390.6305477249114 214.9854019671679 52.95320993914728 7432 7436 389 392 17.0 1.362727932488212 0.9611159671737318 -28.789755110970308 0.7089206705104417 0.23971986965007333 0.33178274841133804 0.0 4.926843177704572 0.43127662 30.330479386384745 1.7740351589855363 3.414820391139558 0.05566240671038089 2.326213245840639 36.27112542353453 2.818354735424052 27.501097422211856
199 10285.379415153015 391.9064237036334 214.9598256580988 52.93512852234644 10282 10288 389 395 36.0 2.1588172977043643 1.250793171640382 -38.11489486375551 0.815051756365883 0.22890867033600323 0.614596885907632 0.0 15.684811437754309 0.802171 47.1928843314223 3.038238126748199 2.647126485543042 0.11796325688173152 3.385137501286538 32.98015956936595 4.739003792529056 27.6043681185505
200 541.1470917033188 396.9167007932816 215.047229077969 52.99695443798317 533 549 390 403 178.0 3.380000984029905 2.683336713891242 18.745077824302673 0.6080661399466151 0.17877699617261855 1.8745101184781234 0.0 115.6426456979157 1.4029939 143.21590516561668 2.4926710114151827 1.8415866868873614 0.3641973810221138 7.527227892173502 160.96330737466775 3.932840203518731 25.88318278229397
201 8276.196031937769 395.6517812382494 214.9777986001275 52.94789647709989 8272 8281 391 400 70.0 2.304403896673835 1.8806270665360394 67.78884017540979 0.5779088441982284 0.1307931095856486 0.8396295089512238 0.0 29.724672034254336 0.8242311 51.10010158951071 2.0796046127140335 2.279281162821731 0.2426208531636468 4.720348719413148 53.982636951363325 3.2879479886254392 27.069364761960106
202 1022.7120455952779 398.7200396629756 215.04288209897857 52.99391158393445 1017 1028 393 404 111.0 3.19002771690718 2.3895756316082926 -56.03574570888389 0.6624832112775749 0.1784632099734007 0.6051717620997838 0.0 40.0148931500783 1.0514929 83.77963459115742 3.1049285862315843 2.5278761646075294 0.15890007875440232 5.944106103225343 104.83026848131453 4.997848741228044 26.34878325482074
203 6482.420142971701 401.1182433506332 214.9938312283778 52.95930472443727 6477 6488 393 409 146.0 4.136796090030856 2.3454039366056185 60.46016901723054 0.8237443212551027 0.24639589584163016 0.8882513907758968 0.0 72.17989497504604 1.23889 131.432348777843 2.994271091166469 2.248364489990354 0.18001948411323623 6.817128675830715 139.26377867953582 4.758364891932444 26.040404562944765
