outputs/dr0.5_c0.1/nircam3_f277w_dr0.5_c0.1.ecsv
# %ECSV 1.0
# ---
# datatype:
# - {name: label, datatype: int64}
# - {name: xcentroid, datatype: float64}
# - {name: ycentroid, datatype: float64}
# - {name: sky_centroid.ra, unit: deg, datatype: float64}
# - {name: sky_centroid.dec, unit: deg, datatype: float64}
# - {name: bbox_xmin, datatype: int64}
# - {name: bbox_xmax, datatype: int64}
# - {name: bbox_ymin, datatype: int64}
# - {name: bbox_ymax, datatype: int64}
# - {name: area, unit: pix2, datatype: float64}
# - {name: semimajor_sigma, unit: pix, datatype: float64}
# - {name: semiminor_sigma, unit: pix, datatype: float64}
# - {name: orientation, unit: deg, datatype: float64}
# - {name: eccentricity, datatype: float64}
# - {name: min_value, datatype: float64}
# - {name: max_value, datatype: float64}
# - {name: local_background, datatype: float64}
# - {name: segment_flux, datatype: float64}
# - {name: segment_fluxerr, datatype: float32}
# - {name: kron_flux, datatype: float64}
# - {name: kron_fluxerr, datatype: float64}
# - {name: kron_radius, unit: pix, datatype: float64}
# - {name: gini, datatype: float64}
# - {name: equivalent_radius, unit: pix, datatype: float64}
# - {name: kron4_2_flux, datatype: float64}
# - {name: kron4_2_fluxerr, datatype: float64}
# - {name: radius_kron20, unit: pix, datatype: float64}
# - {name: radius_kron50, unit: pix, datatype: float64}
# - {name: radius_kron80, unit: pix, datatype: float64}
# - {name: near_border, datatype: bool}
# meta:
#   PHOTMJSR: 0.4907999932765961
#   PIXAR_SR: 2.11539874851881e-14
#   __serialized_columns__:
#     area:
#       __class__: astropy.units.quantity.Quantity
#       unit: !astropy.units.Unit {unit: pix2}
#       value: !astropy.table.SerializedColumn {name: area}
#     eccentricity:
#       __class__: astropy.units.quantity.Quantity
#       unit: !astropy.units.Unit {unit: ''}
#       value: !astropy.table.SerializedColumn {name: eccentricity}
#     equivalent_radius:
#       __class__: astropy.units.quantity.Quantity
#       unit: !astropy.units.Unit {unit: pix}
#       value: !astropy.table.SerializedColumn {name: equivalent_radius}
#     kron_radius:
#       __class__: astropy.units.quantity.Quantity
#       unit: &id001 !astropy.units.Unit {unit: pix}
#       value: !astropy.table.SerializedColumn {name: kron_radius}
#     orientation:
#       __class__: astropy.units.quantity.Quantity
#       unit: &id002 !astropy.units.Unit {unit: deg}
#       value: !astropy.table.SerializedColumn {name: orientation}
#     radius_kron20:
#       __class__: astropy.units.quantity.Quantity
#       unit: *id001
#       value: !astropy.table.SerializedColumn {name: radius_kron20}
#     radius_kron50:
#       __class__: astropy.units.quantity.Quantity
#       unit: *id001
#       value: !astropy.table.SerializedColumn {name: radius_kron50}
#     radius_kron80:
#       __class__: astropy.units.quantity.Quantity
#       unit: *id001
#       value: !astropy.table.SerializedColumn {name: radius_kron80}
#     semimajor_sigma:
#       __class__: astropy.units.quantity.Quantity
#       unit: !astropy.units.Unit {unit: pix}
#       value: !astropy.table.SerializedColumn {name: semimajor_sigma}
#     semiminor_sigma:
#       __class__: astropy.units.quantity.Quantity
#       unit: !astropy.units.Unit {unit: pix}
#       value: !astropy.table.SerializedColumn {name: semiminor_sigma}
#     sky_centroid:
#       __class__: astropy.coordinates.sky_coordinate.SkyCoord
#       dec: !astropy.table.SerializedColumn
#         __class__: astropy.coordinates.angles.Latitude
#         unit: *id002
#         value: !astropy.table.SerializedColumn {name: sky_centroid.dec}
#       frame: icrs
#       ra: !astropy.table.SerializedColumn
#         __class__: astropy.coordinates.angles.Longitude
#         unit: *id002
#         value: !astropy.table.SerializedColumn {name: sky_centroid.ra}
#         wrap_angle: !astropy.coordinates.Angle
#           unit: *id002
#           value: 360.0
#       representation_type: spherical
#   astropy version: '5.1'
#   make_catalog parameters:
#     ab_zpt: 31.4
#     coadd_bands: !!python/tuple [f277w, f356w]
#     deblend_contrast: 0.001
#     deblend_nlevels: 32
#     deblend_npixels: 1
#     detect_kernel_fwhm: 4.0
#     detect_kernel_npix: 7
#     detect_npixels: 4
#     detect_threshold_nsigma: 3.0
#     flag_isolated_buffer: 4
#     hst_bands: !!python/tuple [f606w, f814w, f125w, f140w, f160w]
#     jwst_bands: !!python/tuple [f115w, f150w, f200w, f277w, f356w, f410m, f444w]
#     near_border_kernelsize: 21
#     reference_band: f200w
#   make_catalog version: 1.4.0
#   photutils version: 1.5.0
# schema: astropy-2.0
label xcentroid ycentroid sky_centroid.ra sky_centroid.dec bbox_xmin bbox_xmax bbox_ymin bbox_ymax area semimajor_sigma semiminor_sigma orientation eccentricity min_value max_value local_background segment_flux segment_fluxerr kron_flux kron_fluxerr kron_radius gini equivalent_radius kron4_2_flux kron4_2_fluxerr radius_kron20 radius_kron50 radius_kron80 near_border
[from data line 4226]
4227 3847.7723554320232 1899.4151741507922 214.82089903323632 52.85704658245157 3843 3855 1895 1903 75.0 2.7962505813299 1.8559197224738713 7.599941741762407 0.7479835715391865 0.08133163098597986 1.0762441494310093 0.0 31.006248238735495 0.93788296 66.62030651560133 2.701703417562395 2.5683279196629263 0.2936202951447082 4.886025119029199 101.95585396480358 4.355118855160997 2.544874282976411 5.749782291921491 10.11490773172946 False
4228 7947.753331452473 1890.7854839657628 214.78441551006853 52.830935509428734 7946 7950 1889 1893 15.0 1.1945989756796047 1.0522586481433895 -64.94947212065311 0.4734014884836019 0.2878939539410459 0.46310070534828623 0.0 5.369730815749687 0.47696444 104.25959524049549 2.6507003405608773 3.8659096826583674 0.09399067180620622 2.1850968611841584 227.03933036279795 3.910277126109836 4.548071500318713 7.502822707396224 9.59874081444874 False
4229 7950.740287814022 1893.8708313325703 214.78435640865956 52.83093313521037 7950 7952 1892 1895 7.0 1.0640825363287107 0.6233300518742643 -80.81109117888771 0.8104621012230265 0.24680947361897743 0.5171725615472645 0.0 2.2932949280950443 0.3399878 63.907643120597236 2.082980261990267 4.053958565756895 0.14984325694157596 1.4927053303604616 147.65439157093556 3.1200157770337857 3.4803012534029856 5.50521333707412 7.05489041480897 False
4230 7808.396992428034 1918.8345734698537 214.78536272709283 52.83197269981945 7804 7812 1913 1924 90.0 3.1650421943704066 2.006751319644573 -77.2379735610177 0.7733033683742823 0.16849364247988804 0.9293103741949772 0.0 42.875199047797786 1.2606874 85.90887715156555 3.4146929116882756 2.3957068286029006 0.18264159766047672 5.352372348458314 106.20837242482442 5.481476121756991 3.004115175848014 5.637820046756233 8.990179116071225 False
4231 7806.83092745891 1930.4158999855895 214.78525479949164 52.83204503942653 7802 7812 1924 1936 116.0 2.9366716305753418 2.4227832535940648 -73.44729850242723 0.5651182327295069 0.16746027365560612 1.1934542368500443 0.0 58.780169528699275 1.5101844 102.14535492944208 3.8736919529079405 2.382905870760592 0.25499050179744964 6.076507779746499 125.5174754206278 6.012086937079784 2.7989211021776574 5.360559042753888 10.089287352939774 False
4232 7920.0 1914.0 214.78441861592958 52.83123702299359 7920 7920 1914 1914 1.0 0.28867513459481287 0.28867513459481287 0.0 0.0 0.24487793242038 0.24487793242038 0.0 0.24487793242038 0.122825325 6.783949736745183 0.6422074420306997 3.726202406774152 nan 0.5641895835477563 16.088308643645966 0.9947956297441628 1.3087422231826864 1.9795397832338844 2.4279272736137725 False
4233 7923.137709452054 1914.176902614153 214.78438878040416 52.83121802437498 7921 7925 1913 1916 11.0 1.3657936224790377 0.7638207577944062 29.512201946091007 0.8289987244798853 0.1823623814810562 0.32116859440050105 0.0 2.8079529848840377 0.40870723 70.01277429593418 2.342036062577469 3.888846599882587 0.09093401386098833 1.8712051592547776 167.06755027206407 3.635639503019998 4.1910502724923395 6.68800962780549 8.7762358898921 False
4234 6296.359157791371 1929.6080179006578 214.79873306567504 52.841644331027176 6292 6302 1924 1937 115.0 3.013081261989065 2.3122950112718184 -72.79424400843763 0.6411462273085833 0.06700743425313295 1.1329699691094746 0.0 57.11907917631743 1.1758282 90.24497340740365 2.7946308143372227 2.1989573123081025 0.28677977215353634 6.050259243299904 106.35092012904278 4.435344844814939 2.543646230991588 4.853722924867957 8.45382466335654 False
4235 6293.3183220328365 1939.8042105186332 214.7986528697023 52.8417185961502 6292 6295 1938 1942 15.0 1.4198310310781075 0.7945960248750599 -64.77976948310776 0.8287349769099304 0.25993423840888225 0.4384041948544875 0.0 5.110755800478168 0.42040038 28.22532022299493 1.7796593331656143 3.2821456389786343 0.0996489881903684 2.1850968611841584 43.356819875227714 2.733169132189582 2.3902552780883077 4.629483621187653 7.424263866049046 False
4236 2429.083346801677 1959.4392229028276 214.83293296164948 52.866386485911555 2423 2435 1955 1963 98.0 3.0527472429411127 1.953201281998237 5.19684731516778 0.7685268337693472 0.09626724557563758 0.7895950148671813 0.0 36.988184816965024 0.9998477 71.77148743902538 2.6079884169876144 2.4326264659500634 0.26141277329092455 5.585191925620057 82.55745547034778 4.244338532531334 2.7159329101176093 5.621362014259477 9.886128323096536 False
4237 2420.438567923094 1959.4988003276471 214.83300952943034 52.86644174436561 2418 2422 1957 1962 24.0 1.459636909167612 1.2296427843976068 -85.20030251864053 0.5388048802019083 0.22669895296537992 0.4103370967740198 0.0 7.588975224545584 0.4922922 22.896809714493763 1.6304001853311543 2.7867178643494253 0.10421163072441864 2.763953195770684 34.76526406449946 2.640710760379868 2.03391802071021 3.8990791463812875 6.125274929900564 False
4238 9995.832870961325 1984.1421591094004 214.76517934838395 52.81841386601589 9943 10052 1961 2006 2283.0 20.031336516704883 4.460460295379722 20.265464605483597 0.9748929350739745 0.04278789242607462 10.058435447609092 0.0 2967.6510729755078 6.147043 3151.2568324764443 7.846962470006218 1.5019756605622574 0.5305622540736217 26.957401027502524 3321.154505391869 12.165471832747563 5.788037142733734 13.85431701345002 28.074593112171982 False
4239 10059.434002424068 1996.2385949193394 214.76448537372468 52.81807449242875 10053 10064 1989 2002 102.0 3.4856695075356616 2.2451549491751934 -59.98307500649457 0.7649327904224495 0.16090440958796673 0.5695584295995627 0.0 34.30175096910389 1.1867589 143.93611707118203 4.5403101559239785 3.1008669889877645 0.15380021358602947 5.698035485213008 194.14016447085314 7.180486468095781 5.205383576291495 10.885336598028557 18.071333762013364 False
4240 7883.386859178701 1970.5919968971457 214.78414942102728 52.83177465432763 7875 7891 1962 1978 209.0 3.8178481812747904 3.7467319262944683 75.41909452244086 0.19211363876128698 0.14910834427991151 1.2066566761631028 0.0 95.97704387380296 1.7883543 794.5512770943926 7.40627219153933 3.6298838077628997 0.23301420964638256 8.156394191823509 1595.41448524029 11.683971935084125 12.88548923353273 22.821466328253816 30.165991937549876 False
4241 7873.751925356176 1971.5168053750272 214.78422558699205 52.83184090058044 7871 7876 1968 1975 39.0 1.803888556845883 1.415127242726318 -69.0776910079446 0.6201451782304669 0.1889599555321102 0.7343938522794103 0.0 15.275595284802368 0.72817034 134.6677023038518 2.9603605142331753 3.539841154142345 0.21296488645803713 3.523362819972964 328.3545263231358 4.778018092381831 5.467788211078697 10.24765737073912 12.840939271860076 False
4242 6490.92502575815 1974.181857294551 214.79652851814654 52.84064749645696 6487 6495 1971 1978 58.0 1.9852813124343267 1.7079560405683294 13.237213739251212 0.5097723536533492 0.10036103099384971 1.210039186301748 0.0 25.84420147331868 0.87295645 43.06453787619367 2.14129224488274 2.300544041811226 0.33878382239937455 4.296739856991561 53.33175832124139 3.364491640914053 1.7410352611934268 3.6020666033819895 6.976962344238144 False
4243 6497.704019418781 1973.9482962411737 214.79647051447188 52.840603139330476 6495 6500 1970 1978 34.0 2.1585715702956536 1.2229234360032586 84.0028220250449 0.8240322336775261 0.20210738371943296 0.4873671584431379 0.0 12.233926943596233 0.6955021 40.14590966924955 2.320032562736934 2.9271555450445614 0.12666230943478032 3.2897623212397704 49.18147917488117 3.769792631139381 2.633710194937006 4.818627110243649 8.293309470559056 False
4244 6496.724013229004 1980.8167790441144 214.79640696154743 52.84064637311275 6494 6499 1977 1984 36.0 1.8805904927496928 1.369939074986975 77.43005910640085 0.6850860040750332 0.12498283622923873 0.43065908210057396 0.0 10.455070958870461 0.69199526 38.15018039057812 2.3032331995789415 2.9623973812169164 0.1629099382415133 3.385137501286538 48.51679523123161 3.7683610338897555 2.7779842061617854 5.676334819820972 11.145160268563735 False
4245 2335.869446434642 1980.0885099453121 214.83354796155353 52.867090168284 2320 2349 1972 1990 353.0 5.554924058898103 2.923403137728847 12.504370400851823 0.8503160447061684 0.043698955726539916 4.251375412776183 0.0 363.928811214059 2.0887938 460.0064871221309 3.511281858477448 1.9254850987583907 0.47680488255603076 10.600159896099592 515.8924087113246 5.56700167182473 3.2243868564315634 6.239006696421586 11.246607855304141 False
4246 2347.920033120607 1986.630614500974 214.83337148115717 52.86704885389286 2338 2356 1979 1995 185.0 3.3247579683328365 2.7418334663417463 -14.02226579174883 0.5656118418438152 0.0692439273383975 3.7126870835622845 0.0 168.2945126563169 1.4655514 213.03276060931566 2.5400448957068384 2.0157716471165714 0.4462290818628297 7.673807981960539 247.8856128383527 4.245594782020032 2.2599915243887163 4.38304205398535 8.039562950778176 False
4247 2349.9362832196557 1995.0795721905142 214.83326453209665 52.86708158609257 2344 2357 1992 1999 84.0 2.7263836608327607 1.6847758008544924 -7.674150421210556 0.7862153752744199 0.14750810416274027 1.970012748703822 0.0 59.731689908757936 0.9714955 83.51945403390778 2.015820420437227 2.0797545529552113 0.3682054143077306 5.170882945826411 108.11214949799749 3.2475485962803363 1.8333401110092358 3.483656940457196 6.311810142517877 False
4248 9228.634671693753 1980.6717624702164 214.77205228229695 52.82327439944519 9226 9232 1978 1984 28.0 1.627691138392844 1.2650897379621546 -77.7586937460865 0.6292170878065861 0.19631179610572724 0.644829719809388 0.0 12.828679031134861 0.7228576 54.88962708891585 2.608246723918303 3.0925313853826113 0.13977291828162422 2.985410660720923 86.2333370224232 4.119944559492532 2.6688934605770247 5.463388435825049 8.625703817437024 False
4249 9234.823385655305 1983.0042850534164 214.77197258125383 52.82324760325062 9230 9239 1979 1987 57.0 2.058898501364073 1.749723111622608 29.59084608017907 0.5270495353179007 0.12230583116144957 0.9328593310546677 0.0 26.0780028783033 0.96537 72.18971451214813 3.191381664518951 2.898894131383687 0.24643488911693343 4.259537945889915 101.09813310027482 5.152697247149186 2.679157049244018 6.137909750086428 10.353806000046896 False
4250 7861.234913272218 1984.6947024373003 214.78419848664691 52.83199147178258 7856 7866 1980 1988 78.0 3.0805987744855114 2.0651218715604385 -2.157244575282934 0.7420326059876003 0.19791476283499287 0.6930942099506734 0.0 28.14231525677632 1.0826311 359.2530324887716 5.18118888649087 3.7477324891277544 0.1321631380654153 4.982787485166879 698.0807680657088 8.278833503912152 8.922881700248183 15.417488695102566 20.036267475661194 False
4251 7871.3935363824285 1986.9258934389327 214.78408443517498 52.83193889471917 7870 7873 1985 1988 8.0 1.1787636308383715 0.8095344748230138 63.989644440065895 0.7268788215051611 0.1526687200929253 0.42255455483728954 0.0 2.515783958259334 0.38088086 60.84443333234529 2.083961471542982 3.7414022521378847 0.1790438676564325 1.5957691216057308 148.14412554016184 3.297126079992015 3.574425655838473 6.033665731707055 7.955695486126535 False
4252 7861.810278422025 1996.2326951665661 214.78407192134068 52.83204996035213 7852 7876 1988 2006 329.0 6.155517095024635 4.491253242803938 -18.02355989748758 0.68384156034513 0.12992212460408203 0.5245602320295839 0.0 114.85534190355935 2.144243 1039.7809664581189 10.37544368990036 3.6273965753579565 0.11637162332102044 10.233472165128859 1850.4184815807707 16.65091845896274 16.20929655444995 27.888785665880675 38.25809645445965 False
4253 7878.915076562809 1990.4040442285157 214.78398077056602 52.83190980229882 7877 7880 1988 1992 13.0 1.3338369263748515 0.759253663291167 -67.72217573146395 0.8221816162744201 0.22923863242464465 0.4960697432132366 0.0 4.061419047679505 0.4429918 75.12860634434668 2.3512859838820805 4.001217470783777 0.15982210242222666 2.0342144725641096 173.47226030300897 3.5756909783378332 4.447208337053594 7.009442504333866 8.933908725412635 False
4254 7857.059873792296 2009.3403791456635 214.7839763164451 52.83215076826724 7852 7862 2005 2014 70.0 2.752921963481586 2.0300728020250016 -38.364263664460516 0.675429294608091 0.232466344024965 0.5124504561946601 0.0 25.295989878075545 1.0088913 294.59570941285244 4.779252767915119 3.8763110362842945 0.11603207297849875 4.720348719413148 659.0573066973723 8.016692234667437 9.786431411680178 15.314854951734413 20.259804895790985 False
4255 7869.302843715229 2009.5605290844974 214.78386484800754 52.8320741053316 7860 7878 2005 2015 125.0 4.534577244549956 2.171059904968587 19.647691406939337 0.8779355129762043 0.19969514172933392 0.6256512242461375 0.0 48.431280447608444 1.4460369 483.82925427845885 6.152594711795483 3.775599369616586 0.12194860120869574 6.3078313050504 951.9772486254951 10.20951912825544 12.061627256071503 20.489870513486174 25.60778398918165 False
4256 7860.396580167322 2016.0254201378018 214.7838762087633 52.83216555885109 7855 7865 2012 2020 76.0 2.8037848001150243 2.0249657827793768 -16.72178171724645 0.6916573296232775 0.22253239268106498 0.5118280935435534 0.0 28.09042170036574 1.0868748 306.06514537386977 4.669488836512215 3.806501799945185 0.11724996606487635 4.918490759365935 676.8948934801203 7.864948437907703 10.985106094308875 16.175940609917134 19.94619280774372 False
4257 7878.659644395524 2014.7030167038029 214.78372730416484 52.83204230748376 7876 7881 2010 2019 37.0 2.1958196308716698 1.2648468373393358 -84.62134403762448 0.8174321294291973 0.2707880300861454 0.5769096204791305 0.0 14.358204673501808 0.806935 182.0584476051153 3.7808160201356182 3.7623838844703723 0.12919843801847464 3.431831258788849 435.6470934629326 5.598007942355949 6.308652424387411 10.652014951104197 13.887780515626284 False
4258 7851.103760474524 2017.0984018325648 214.78394776537888 52.8322304279996 7847 7854 2014 2020 32.0 2.327725176925847 1.1045825907289506 -35.407932815142715 0.8802376717610215 0.1692261064311808 0.4669791793673444 0.0 10.417871013222776 0.6711749 118.88662515294246 3.182266795379564 3.6353873865235773 0.11404217735025243 3.1915382432114616 240.62052166546584 5.2175666171484645 5.157464587047012 8.663742318013576 11.595711178178119 False
4259 7869.029556400935 2019.9403995815976 214.78375803725044 52.83213175188314 7863 7876 2014 2029 116.0 3.9697363958088467 2.5650914432365037 -71.3033957613441 0.7632005728301965 0.1788256921285899 0.5483850779545896 0.0 44.61542518074142 1.4224302 566.2075149293767 6.403298310432333 3.8552225449442354 0.1077411367219911 6.076507779746499 1245.2893125841042 10.510826787652231 15.706198460085002 22.02722900588442 27.201873214511444 False
4260 7875.598673726633 2023.0011550773734 214.78366725668167 52.832106467118564 7871 7880 2018 2027 71.0 2.527320436782583 2.1225825084158503 -58.78482077233584 0.5428109338594787 0.1562212390601417 0.564981133829877 0.0 26.559638527661882 1.0855021 327.8116282529568 4.721773161866373 3.870359602121548 0.13335898556039655 4.753945931439391 815.6666191144135 7.7844815759381145 10.514346330717265 16.11038072455866 20.149401359827372 False
4261 7860.124173435269 2024.8263551076448 214.7837860081546 52.83221469524106 7857 7863 2021 2030 55.0 2.577466241963366 1.6667151563206342 -72.00663215082761 0.7627879640015519 0.1331134034551998 0.5199536670976191 0.0 17.962500295949486 0.91247135 239.07129828531868 4.071906677444031 3.766958345049405 0.15863682883837418 4.1841419359420025 540.3591319464524 6.799061063666097 7.574115068468817 13.077061728269488 17.077633341281736 False
