outputs/dr0.5_c0.1/nircam2_f150w_dr0.5_c0.1.ecsv
# %ECSV 1.0
# ---
# datatype:
# - {name: label, datatype: int64}
# - {name: xcentroid, datatype: float64}
# - {name: ycentroid, datatype: float64}
# - {name: sky_centroid.ra, unit: deg, datatype: float64}
# - {name: sky_centroid.dec, unit: deg, datatype: float64}
# - {name: bbox_xmin, datatype: int64}
# - {name: bbox_xmax, datatype: int64}
# - {name: bbox_ymin, datatype: int64}
# - {name: bbox_ymax, datatype: int64}
# - {name: area, unit: pix2, datatype: float64}
# - {name: semimajor_sigma, unit: pix, datatype: float64}
# - {name: semiminor_sigma, unit: pix, datatype: float64}
# - {name: orientation, unit: deg, datatype: float64}
# - {name: eccentricity, datatype: float64}
# - {name: min_value, datatype: float64}
# - {name: max_value, datatype: float64}
# - {name: local_background, datatype: float64}
# - {name: segment_flux, datatype: float64}
# - {name: segment_fluxerr, datatype: float32}
# - {name: kron_flux, datatype: float64}
# - {name: kron_fluxerr, datatype: float64}
# - {name: kron_radius, unit: pix, datatype: float64}
# - {name: gini, datatype: float64}
# - {name: equivalent_radius, unit: pix, datatype: float64}
# - {name: kron4_2_flux, datatype: float64}
# - {name: kron4_2_fluxerr, datatype: float64}
# - {name: radius_kron20, unit: pix, datatype: float64}
# - {name: radius_kron50, unit: pix, datatype: float64}
# - {name: radius_kron80, unit: pix, datatype: float64}
# - {name: near_border, datatype: bool}
# meta:
#   PHOTMJSR: 2.251199960708618
#   PIXAR_SR: 2.11539874851881e-14
#   __serialized_columns__:
#     area:
#       __class__: astropy.units.quantity.Quantity
#       unit: !astropy.units.Unit {unit: pix2}
#       value: !astropy.table.SerializedColumn {name: area}
#     eccentricity:
#       __class__: astropy.units.quantity.Quantity
#       unit: !astropy.units.Unit {unit: ''}
#       value: !astropy.table.SerializedColumn {name: eccentricity}
#     equivalent_radius:
#       __class__: astropy.units.quantity.Quantity
#       unit: !astropy.units.Unit {unit: pix}
#       value: !astropy.table.SerializedColumn {name: equivalent_radius}
#     kron_radius:
#       __class__: astropy.units.quantity.Quantity
#       unit: &id001 !astropy.units.Unit {unit: pix}
#       value: !astropy.table.SerializedColumn {name: kron_radius}
#     orientation:
#       __class__: astropy.units.quantity.Quantity
#       unit: &id002 !astropy.units.Unit {unit: deg}
#       value: !astropy.table.SerializedColumn {name: orientation}
#     radius_kron20:
#       __class__: astropy.units.quantity.Quantity
#       unit: *id001
#       value: !astropy.table.SerializedColumn {name: radius_kron20}
#     radius_kron50:
#       __class__: astropy.units.quantity.Quantity
#       unit: *id001
#       value: !astropy.table.SerializedColumn {name: radius_kron50}
#     radius_kron80:
#       __class__: astropy.units.quantity.Quantity
#       unit: *id001
#       value: !astropy.table.SerializedColumn {name: radius_kron80}
#     semimajor_sigma:
#       __class__: astropy.units.quantity.Quantity
#       unit: !astropy.units.Unit {unit: pix}
#       value: !astropy.table.SerializedColumn {name: semimajor_sigma}
#     semiminor_sigma:
#       __class__: astropy.units.quantity.Quantity
#       unit: !astropy.units.Unit {unit: pix}
#       value: !astropy.table.SerializedColumn {name: semiminor_sigma}
#     sky_centroid:
#       __class__: astropy.coordinates.sky_coordinate.SkyCoord
#       dec: !astropy.table.SerializedColumn
#         __class__: astropy.coordinates.angles.Latitude
#         unit: *id002
#         value: !astropy.table.SerializedColumn {name: sky_centroid.dec}
#       frame: icrs
#       ra: !astropy.table.SerializedColumn
#         __class__: astropy.coordinates.angles.Longitude
#         unit: *id002
#         value: !astropy.table.SerializedColumn {name: sky_centroid.ra}
#         wrap_angle: !astropy.coordinates.Angle
#           unit: *id002
#           value: 360.0
#       representation_type: spherical
#   astropy version: '5.1'
#   make_catalog parameters:
#     ab_zpt: 31.4
#     coadd_bands: !!python/tuple [f277w, f356w]
#     deblend_contrast: 0.001
#     deblend_nlevels: 32
#     deblend_npixels: 1
#     detect_kernel_fwhm: 4.0
#     detect_kernel_npix: 7
#     detect_npixels: 4
#     detect_threshold_nsigma: 3.0
#     flag_isolated_buffer: 4
#     hst_bands: !!python/tuple [f606w, f814w, f125w, f140w, f160w]
#     jwst_bands: !!python/tuple [f115w, f150w, f200w, f277w, f356w, f410m, f444w]
#     near_border_kernelsize: 21
#     reference_band: f200w
#   make_catalog version: 1.4.0
#   photutils version: 1.5.0
# schema: astropy-2.0
label xcentroid ycentroid sky_centroid.ra sky_centroid.dec bbox_xmin bbox_xmax bbox_ymin bbox_ymax area semimajor_sigma semiminor_sigma orientation eccentricity min_value max_value local_background segment_flux segment_fluxerr kron_flux kron_fluxerr kron_radius gini equivalent_radius kron4_2_flux kron4_2_fluxerr radius_kron20 radius_kron50 radius_kron80 near_border
[from data line 3018]
3019 4364.351675770981 5270.736322858972 214.88927517754087 52.92669531163548 4362 4367 5268 5273 27.0 1.3677573659739513 0.9886686568144833 -6.11674844067385 0.6910162613122119 -0.16892588238825995 0.7586915822075647 0.0 8.5997546869444 1.4862341 8.707633887588177 2.067498191624345 1.4 0.38974129854777556 2.9316150714175193 7.871411788860951 3.276829584377524 0.9005149923707901 1.5465869394134166 2.2025844950144915 False
3020 7880.772250798715 5271.450347921376 214.85781074105628 52.90436318209844 7876 7885 5268 5275 60.0 2.2661199381411556 1.4340083525965073 43.84750192565083 0.7743125236956351 -0.06081706608450402 1.3858313746335327 0.0 30.70329175027175 2.3091288 50.2443663226674 5.572638326883078 2.349573545387368 0.38455621443444715 4.370193722368317 57.389430480227496 8.835864408325032 1.8513222797247801 3.586787982360182 8.194623848894985 False
3021 1702.898379670487 5276.872411382699 214.91304069421332 52.94362818457768 1696 1709 5269 5285 159.0 4.2460721792615415 2.1622957706806596 -61.34654264640099 0.8606209340394543 0.011283643452533888 1.4614838744842957 0.0 85.08625980183137 4.0771813 141.39212921563785 9.813509796873257 2.3462519962969957 0.3434640127297126 7.1141599576634995 195.2221768851405 15.647184288435414 3.218580565725206 6.2814710602111585 11.540616304526768 False
3022 9689.093147702828 5274.555745146636 214.84161391104877 52.89289039062499 9685 9694 5269 5279 80.0 2.29542682571834 2.0549844784543483 76.4787907834743 0.44556101654268376 -0.05586177540373945 1.5081215552904679 0.0 52.963137083314265 2.7958186 116.91502990934224 7.894015528677428 2.690854739522589 0.2962235952069088 5.046265044040321 146.30711329784182 12.624387936044048 2.6068248584696816 5.6257953763080515 10.204769258940297 False
3023 1785.269197802798 5271.891370035501 214.91235536222862 52.943078330368444 1784 1787 5270 5274 14.0 1.1340350488565765 0.8121370568577245 49.118334379233445 0.6979483395011963 0.16871081703688792 0.5974528458955538 0.0 5.1936206198780885 1.1427135 17.058381451165182 3.684150187112731 2.8572462068565083 0.21384297282611234 2.111004122822376 26.219364842175153 5.84859287832775 1.5564357303700347 3.3346619287758137 6.122144287053395 False
3024 2973.570503046433 5274.64769910389 214.90168445284465 52.935548229593735 2971 2977 5270 5278 50.0 1.920135125252026 1.270339087051513 -77.97780414827889 0.7498671984706451 -0.2253504670787988 1.4556455465880553 0.0 21.659057495776295 2.0984418 46.47686515423292 5.355181945117218 2.625625858908796 0.4364509572951988 3.989422804014327 62.51962996374408 8.63632179828879 1.804984394413625 4.276298602227474 7.691411450695317 False
3025 5967.321342290319 5288.749908385432 214.874741683883 52.916611601346176 5947 5989 5270 5308 1082.0 5.024702916654797 4.223070990128061 -84.1840721385018 0.5418707580888391 -0.4587333716345109 77.45066785856146 0.0 2059.1469689876853 15.977094 2008.739899301132 14.217272372574248 1.4 0.7749374667202279 18.558321498747173 2153.1193399774047 21.215621571380066 1.5352914137121223 3.4115218854824065 7.390102957102258 False
3026 1137.0390982464623 5271.571848945917 214.91816553558115 52.94719206122411 1136 1138 5271 5272 5.0 0.8041549036024855 0.4065855233404558 -23.982921202880558 0.8627645095754829 0.10401693758354687 0.2541217855309826 0.0 0.9597295173436496 0.72139454 16.669617259415478 3.065283323991299 3.9494014538280915 0.17497728057908252 1.2615662610100802 43.737082532740516 4.922579417287006 2.2319204297021384 3.95605070455155 5.033529921650563 False
3027 7324.657376588058 5275.51811465925 214.86274058481575 52.90791806658188 7324 7325 5275 5276 4.0 0.5037354046237307 0.4702713161359816 -69.28663853484194 0.3583999998512227 0.6150467157689007 1.3144628891910215 0.0 3.985476108652003 0.6041596 12.679520720962115 1.9871016001949093 3.1395385900431547 0.22191189024325478 1.1283791670955126 13.524134991109976 3.1560580186474994 0.870030871979876 1.631382622862973 2.474771288025791 False
3028 6079.264249489492 5277.6453311635305 214.8738572219806 52.915840655658556 6079 6080 5276 5278 5.0 0.6718154246958138 0.4002907896971777 69.95827967192218 0.8031072658635181 -0.03603116452087261 0.5832830469514284 0.0 1.191375670164869 0.68241054 6.133026096061531 2.330279796938135 3.2554948299271174 0.5469746576587042 1.2615662610100802 7.987601834693026 3.7113142090126607 1.1247991320070847 2.1733798289091677 3.0929948109496594 False
3029 9655.851283352735 5283.591352573242 214.8418158067659 52.89315033405363 9651 9662 5276 5291 155.0 3.315932688044528 2.442075002148037 70.62548840111405 0.6764734706531972 -0.036271101798720395 1.658097557669846 0.0 95.87963733395068 3.8407316 151.20628654861753 8.797995863026525 2.3181345863722265 0.383757386125756 7.024103669400641 192.13062374860334 14.134918314549584 2.752010158780681 5.272268015756013 10.794977313201837 False
3030 1567.1449948562517 5285.048602625086 214.91417055858184 52.944534199719385 1557 1577 5278 5292 228.0 4.1424003835199 2.0816592919399493 23.208722816268907 0.8645627427629426 -0.1286160325996178 4.431181373287682 0.0 184.6008434379072 4.9052286 191.42030271026232 5.8375579972185285 1.4 0.5559829157418046 8.51907589177983 196.38526519601476 9.224197130751032 1.8704326510760323 3.636908586147688 6.391076419898093 False
3031 10201.53602863564 5282.3228145686935 214.8369530664023 52.88967595150125 10199 10205 5278 5285 43.0 1.9185481303228746 1.3752584511016666 -79.93699150940442 0.6972557030851243 -0.1195464025830333 0.7750555863609155 0.0 12.690702166932125 2.0526888 61.934198969916466 7.280803598591604 3.2735322235597963 0.43978831932709456 3.6996385101659595 95.50771798284119 11.610147228049806 3.347176774716197 6.881716780317681 11.245443440857166 False
3032 2039.415189149919 5279.341192652976 214.9100005487094 52.94150495120828 2039 2040 5279 5280 4.0 0.5667191343282847 0.38264444204243386 -42.03953365459414 0.7376416797748666 0.04554601995056681 0.2998540657131295 0.0 0.8319101925741659 0.61590874 4.113880911178218 2.221861910402079 3.653651770969643 0.3096660351535076 1.1283791670955126 4.504398668517954 3.5162107832439853 1.0803682178542902 1.9037513183009789 2.6995364338462027 False
3033 3233.9668477452215 5292.276765573873 214.8991672328949 52.9339898807985 3221 3245 5279 5304 458.0 4.387697762617152 3.3383045756758793 -48.54915611912317 0.6489479028408267 -0.12735185968102447 11.426893664374864 0.0 530.9101058611894 6.9798126 608.0169251006083 10.208370037133223 1.8961565743397584 0.6276854415733343 12.074184356393443 720.4709038905528 16.104776533192027 2.1896614224351993 4.632606880333259 9.49529574895198 False
3034 1263.3913706050967 5286.488679134092 214.91687642759126 52.946470425076896 1258 1269 5280 5292 77.0 3.9571771737607775 1.3460337411392733 -52.03403905815291 0.9403711981501558 -0.12918406581315925 0.7200333849696159 0.0 18.075016839892022 2.7163572 37.642296718298205 8.139658659850275 2.570270347464334 0.44380406700196245 4.950743503369154 45.406424709497315 13.03398018027537 3.1366728337646155 5.895476775283412 9.777915674157697 False
3035 8766.094097022904 5284.208732488784 214.8497616209343 52.89880717956639 8763 8771 5280 5288 66.0 1.6760662768923633 1.4924789095952664 -1.2791834539617113 0.4550510925984871 -0.0774417209483478 4.808623319826172 0.0 58.30883386101294 2.4432683 71.3398362337883 3.904444166046748 1.8884906993759656 0.5541747344044223 4.583497844237541 82.05613685795406 6.219759354873826 1.1239705524925108 2.191452234550386 4.1402268729730975 False
3036 562.0898292592157 5284.239482921538 214.92318334843898 52.95091042342609 559 565 5281 5287 35.0 1.5028608001797648 1.233248910322118 14.264737788437538 0.5715016878094483 0.06885590266395718 1.4242767671905823 0.0 15.654565071428662 1.824885 28.429890027283896 4.654796529406196 2.5306290369563387 0.4058268011208083 3.3377905890622728 27.758158562600155 7.4095510236800015 1.3749807299451073 2.9748550624968257 6.183081578223073 False
3037 2174.7228823215237 5283.526433371157 214.9087446055605 52.94066844449204 2172 2177 5281 5286 25.0 1.4112086442969132 1.318766044376442 20.51484544675535 0.35597881896750616 0.01982283683689223 0.5953085705165396 0.0 9.668793884704485 1.5109628 28.518146019025068 4.8528041386626635 2.7217899166031656 0.23203348979146696 2.8209479177387813 25.608982497930967 7.792934056487175 2.073382510421932 3.5092168370845025 5.673927347359245 False
3038 2520.0312496399997 5291.274014678579 214.9055705327474 52.9385177688546 2509 2532 5281 5301 393.0 4.909379287580039 3.0749679452104233 -37.350401778900654 0.7795455296606932 -0.25916821288962527 4.763154998957119 0.0 390.16347878772103 6.0855474 433.83753578730375 9.291442451946518 1.809824986680522 0.542902318379128 11.18462271470208 483.56656740543707 14.97783220542625 2.787324407967648 5.187780826038588 8.74323909949304 False
3039 8696.56460905598 5287.376723489217 214.8503497685293 52.89926602975852 8690 8703 5281 5293 129.0 3.341906879532946 2.5330926269126963 28.253981548436023 0.6522798620822584 0.0019795304520193596 0.9966857746265801 0.0 52.00676951241932 3.271009 115.87595368389148 9.579391886292079 2.5636945819684236 0.301194302154064 6.407961869245868 146.63418571610487 15.363097021132816 3.565328342788681 7.013334069841465 11.545028343489465 False
3040 2500.5221646735504 5285.878928543016 214.90580208061598 52.938612523978236 2497 2505 5282 5289 55.0 1.784285877884292 1.5493747676068537 -75.87908884542358 0.4959615797391347 -0.07437028874143967 1.1325108717895724 0.0 21.808649668958576 2.2485328 54.07185505638978 6.5775500043276205 2.896719239949047 0.42675736906701245 4.1841419359420025 74.66120632729479 10.593955970085732 2.102222851658079 5.526730290438828 9.896604268269979 False
3041 8373.984483788923 5284.7368361453955 214.85326124532565 52.90130132258827 8367 8379 5282 5288 70.0 3.044616193489541 1.4439795659497026 -6.479867308980336 0.8803777739620032 -0.18133488887533603 0.6313763013841815 0.0 14.975651429582676 2.3757596 58.74377306162531 8.259644103254614 3.0908738168404124 0.39429360623974996 4.720348719413148 60.88864164745017 13.232763765661991 3.9542410142388564 9.360804464975248 15.32008895057807 False
3042 1982.1142347002972 5284.187442784073 214.91046270531191 52.94189492015341 1981 1983 5283 5285 5.0 0.6583341254567759 0.547929789918683 -80.62121256683488 0.554329338275819 0.15292431838470288 0.49252325828044197 0.0 1.509777708078462 0.6549928 8.662522413906313 2.5764090455780297 3.291103620804527 0.26463566187695403 1.2615662610100802 8.28808785545101 4.13577242586808 1.289010202274152 2.448833282494341 3.556304886701289 False
3043 7745.046184642765 5284.9095322190915 214.85888253741754 52.905298040518765 7743 7746 5283 5287 12.0 0.8593836671920309 0.7251545153312241 81.18733910425318 0.5366457346883298 -0.03609871858381754 0.9279815154516747 0.0 4.684959446931162 1.0117831 5.190434905612688 1.9903112747605234 1.9768273605328723 0.371509574900231 1.9544100476116797 7.450613381399846 3.182563607328686 0.6263892028556904 1.1746065648579902 1.655749810858868 False
3044 8126.402591479038 5297.800422680535 214.8553370610078 52.902944744500985 8110 8138 5283 5311 528.0 6.3459113735195 3.5050184258492862 48.223048750627335 0.833627521273827 -0.8528503485427319 9.224066875330179 0.0 414.566890337276 14.554756 509.021180708243 inf 1.9354074153437837 0.5782204142295524 12.964089628857149 652.3840041594442 inf 2.6511718923691316 6.487314409904548 12.904470151089809 False
3045 2023.374229960996 5286.893968652722 214.91006464414085 52.94164756316318 2023 2024 5285 5288 8.0 1.044560867801923 0.48204707418415343 -87.36678663187051 0.8871490565071862 0.12983722156270955 0.6473312359880977 0.0 2.623524676860937 0.83582014 15.6773517801016 3.394129078010273 3.577561064087305 0.2818368441191492 1.5957691216057308 19.19204981920406 5.430698182525082 1.68348500517015 2.9541942754664214 4.565693759655462 False
3046 6823.661637401171 5288.16479615466 214.8670878856843 52.91116888055489 6819 6827 5285 5291 55.0 2.0411864848648817 1.3294322850210072 -19.834369117797415 0.7588171758044078 -0.1169840725414417 3.150932383733319 0.0 42.04666338046986 2.3230093 53.93226062385774 4.396347689008621 1.9988328880736992 0.43840022786277927 4.1841419359420025 61.693642793624214 6.880249140623826 1.2362259832004197 2.552499459943377 4.8006204036179225 False
3047 9604.124007161889 5293.1872057513465 214.8421770002301 52.89353075909055 9600 9608 5286 5301 117.0 3.612917974418294 2.162693891368927 -75.6397100508834 0.801047841923361 0.014590081575725663 1.1289768552717288 0.0 59.17738088728024 3.4154437 177.15106791080765 10.861456681240165 2.854750682362798 0.2432536523530248 6.102643417692329 267.9161631114678 17.20255540331914 4.212804643492882 8.446363899477179 14.250659048951473 False
3048 174.60063827892546 5287.930560777453 214.92661667132072 52.95339014270028 173 175 5287 5288 4.0 0.6435052081163938 0.17108140154817997 17.64244309730703 0.9640120322588528 -0.1447490148777386 0.23864740837830842 0.0 0.21139994976264465 0.72745585 5.38057904853426 2.3119726293092238 4.131618769475909 0.5514591697320805 1.1283791670955126 15.538411615700836 3.728339856804277 1.221064527589367 1.9982460030992237 2.509678981187456 False
3049 3177.5392255315264 5324.399606951536 214.8993340235885 52.93452154408003 3135 3225 5287 5363 4970.0 11.178148176897286 9.384229814514443 -24.105255991269086 0.5433355788217356 -0.2817454288200345 146.5904435466519 0.0 10919.52192003218 23.658567 10741.49626424927 21.70116658150804 1.4 0.7412410241659678 39.774365291396414 11260.921182554102 32.71844264291283 3.524241729455389 8.649050779797156 17.743333705100756 False
3050 3611.0687490584473 5289.416486593736 214.89582125298233 52.9315798109773 3609 3613 5287 5292 22.0 1.2802315746181696 0.9836414896470042 78.01243129630971 0.6400528212944828 0.0688876495893096 1.3037192670726516 0.0 13.307965264185377 1.3754876 24.157249898726384 3.2924489481087162 2.2458865131271715 0.323059677633544 2.6462837142006137 28.840775098510314 5.2284864847357095 1.229317005982502 2.4235890377883798 4.001948788183442 False
3051 9707.033816361829 5308.345897427356 214.84109769148307 52.892958564309744 9685 9732 5287 5327 1466.0 7.536626629256162 6.172905552322326 -35.398194465720145 0.5737161740532877 -0.35155219926409725 17.87798043356535 0.0 1807.207572450081 12.3500185 2002.1070797789057 16.740553882304486 1.7614065033173232 0.6161636652729888 21.601904849930182 2333.307636509452 26.29044485297441 3.4525880401803444 7.764291456737299 15.79620850335533 False
3052 386.06822722627265 5297.167140238752 214.9246243820814 52.952097618442565 378 393 5288 5307 214.0 4.891278763133855 2.0450862814676714 57.497955739711024 0.9083969957622469 -0.3133272295026283 2.6673175548400794 0.0 134.0832037866932 4.6901846 182.24534995496134 8.936027449163259 2.069236514145172 0.48141926852683875 8.253382073025046 198.31808456032144 14.251833022355205 2.560166357597555 5.857211356463206 11.161579738972215 False
3053 9357.280972524852 5299.493063194462 214.84431659804346 52.8951332449996 9351 9364 5288 5308 196.0 3.9735072968329663 2.8710460694614968 -73.76629516233028 0.6913217242043989 -0.08339825078018363 1.2000991290091498 0.0 79.17569993365306 4.2017164 132.13139470021002 9.350373426739932 2.087634608726246 0.3421257762435263 7.898654169668588 132.02777761194486 14.979887012104427 3.388701282046669 6.537036345211444 11.327370276493912 False
