outputs/dr0.5_c0.1/nircam3_f410m_dr0.5_c0.1.ecsv
# %ECSV 1.0
# ---
# datatype:
# - {name: label, datatype: int64}
# - {name: xcentroid, datatype: float64}
# - {name: ycentroid, datatype: float64}
# - {name: sky_centroid.ra, unit: deg, datatype: float64}
# - {name: sky_centroid.dec, unit: deg, datatype: float64}
# - {name: bbox_xmin, datatype: int64}
# - {name: bbox_xmax, datatype: int64}
# - {name: bbox_ymin, datatype: int64}
# - {name: bbox_ymax, datatype: int64}
# - {name: area, unit: pix2, datatype: float64}
# - {name: semimajor_sigma, unit: pix, datatype: float64}
# - {name: semiminor_sigma, unit: pix, datatype: float64}
# - {name: orientation, unit: deg, datatype: float64}
# - {name: eccentricity, datatype: float64}
# - {name: min_value, datatype: float64}
# - {name: max_value, datatype: float64}
# - {name: local_background, datatype: float64}
# - {name: segment_flux, datatype: float64}
# - {name: segment_fluxerr, datatype: float32}
# - {name: kron_flux, datatype: float64}
# - {name: kron_fluxerr, datatype: float64}
# - {name: kron_radius, unit: pix, datatype: float64}
# - {name: gini, datatype: float64}
# - {name: equivalent_radius, unit: pix, datatype: float64}
# - {name: kron4_2_flux, datatype: float64}
# - {name: kron4_2_fluxerr, datatype: float64}
# - {name: radius_kron20, unit: pix, datatype: float64}
# - {name: radius_kron50, unit: pix, datatype: float64}
# - {name: radius_kron80, unit: pix, datatype: float64}
# - {name: near_border, datatype: bool}
# meta:
#   PHOTMJSR: 0.8704000115394592
#   PIXAR_SR: 2.11539874851881e-14
#   __serialized_columns__:
#     area:
#       __class__: astropy.units.quantity.Quantity
#       unit: !astropy.units.Unit {unit: pix2}
#       value: !astropy.table.SerializedColumn {name: area}
#     eccentricity:
#       __class__: astropy.units.quantity.Quantity
#       unit: !astropy.units.Unit {unit: ''}
#       value: !astropy.table.SerializedColumn {name: eccentricity}
#     equivalent_radius:
#       __class__: astropy.units.quantity.Quantity
#       unit: !astropy.units.Unit {unit: pix}
#       value: !astropy.table.SerializedColumn {name: equivalent_radius}
#     kron_radius:
#       __class__: astropy.units.quantity.Quantity
#       unit: &id001 !astropy.units.Unit {unit: pix}
#       value: !astropy.table.SerializedColumn {name: kron_radius}
#     orientation:
#       __class__: astropy.units.quantity.Quantity
#       unit: &id002 !astropy.units.Unit {unit: deg}
#       value: !astropy.table.SerializedColumn {name: orientation}
#     radius_kron20:
#       __class__: astropy.units.quantity.Quantity
#       unit: *id001
#       value: !astropy.table.SerializedColumn {name: radius_kron20}
#     radius_kron50:
#       __class__: astropy.units.quantity.Quantity
#       unit: *id001
#       value: !astropy.table.SerializedColumn {name: radius_kron50}
#     radius_kron80:
#       __class__: astropy.units.quantity.Quantity
#       unit: *id001
#       value: !astropy.table.SerializedColumn {name: radius_kron80}
#     semimajor_sigma:
#       __class__: astropy.units.quantity.Quantity
#       unit: !astropy.units.Unit {unit: pix}
#       value: !astropy.table.SerializedColumn {name: semimajor_sigma}
#     semiminor_sigma:
#       __class__: astropy.units.quantity.Quantity
#       unit: !astropy.units.Unit {unit: pix}
#       value: !astropy.table.SerializedColumn {name: semiminor_sigma}
#     sky_centroid:
#       __class__: astropy.coordinates.sky_coordinate.SkyCoord
#       dec: !astropy.table.SerializedColumn
#         __class__: astropy.coordinates.angles.Latitude
#         unit: *id002
#         value: !astropy.table.SerializedColumn {name: sky_centroid.dec}
#       frame: icrs
#       ra: !astropy.table.SerializedColumn
#         __class__: astropy.coordinates.angles.Longitude
#         unit: *id002
#         value: !astropy.table.SerializedColumn {name: sky_centroid.ra}
#         wrap_angle: !astropy.coordinates.Angle
#           unit: *id002
#           value: 360.0
#       representation_type: spherical
#   astropy version: '5.1'
#   make_catalog parameters:
#     ab_zpt: 31.4
#     coadd_bands: !!python/tuple [f277w, f356w]
#     deblend_contrast: 0.001
#     deblend_nlevels: 32
#     deblend_npixels: 1
#     detect_kernel_fwhm: 4.0
#     detect_kernel_npix: 7
#     detect_npixels: 4
#     detect_threshold_nsigma: 3.0
#     flag_isolated_buffer: 4
#     hst_bands: !!python/tuple [f606w, f814w, f125w, f140w, f160w]
#     jwst_bands: !!python/tuple [f115w, f150w, f200w, f277w, f356w, f410m, f444w]
#     near_border_kernelsize: 21
#     reference_band: f200w
#   make_catalog version: 1.4.0
#   photutils version: 1.5.0
# schema: astropy-2.0
label xcentroid ycentroid sky_centroid.ra sky_centroid.dec bbox_xmin bbox_xmax bbox_ymin bbox_ymax area semimajor_sigma semiminor_sigma orientation eccentricity min_value max_value local_background segment_flux segment_fluxerr kron_flux kron_fluxerr kron_radius gini equivalent_radius kron4_2_flux kron4_2_fluxerr radius_kron20 radius_kron50 radius_kron80 near_border
[from data line 478]
479 1044.1757895564594 808.8415273649974 214.85741365740222 52.86898258885415 1038 1050 804 814 109.0 3.049171018575213 2.1944748623208823 -14.858166225449816 0.6942897753455461 0.07301328518793193 1.10924209506546 0.0 45.53054173822155 2.2569015 58.89762466576903 3.2926186788924605 1.4 0.30476012612710895 5.890312181373172 51.871052051948425 5.090282506795654 2.2544571199335723 4.18378439580915 6.269285950416353 False
480 4035.5838258582844 806.5373706473913 214.83072505421046 52.84996235005882 4033 4038 804 810 31.0 1.6023948124574323 0.9629301803534844 57.24411771449607 0.7993002162495167 -0.11876722677002816 0.42901834870514244 0.0 5.561795359568883 1.0816069 14.036257274030806 3.114619789553654 2.914135581750194 0.4055113380717432 3.141274657157109 2.8213254250927866 5.157124663444057 1.6537958182133259 3.4918771599250134 6.3702031907712175 False
481 6120.357547963987 817.1231149519726 214.81201075322946 52.83676891249866 6104 6138 804 830 629.0 7.200474636495465 3.8444671332655815 33.922412553164975 0.8455359003765548 0.025065069045071914 7.306563864399894 0.0 1033.4904403439516 5.052056 1229.2836985346933 8.435086545106486 1.9024578821748788 0.4676821667544196 14.149802769282841 1415.3743595284518 13.166043776078343 3.886675359435816 7.92749717353655 13.54054938614151 False
482 6176.455971332034 808.7075842903048 214.81159888377925 52.836366970431676 6173 6180 805 813 59.0 2.0384071915958892 1.9347208642107254 65.26733646991325 0.31487348031126644 0.09363326017001147 0.9273145831435704 0.0 30.27864136764747 1.4088744 79.31693710615926 4.533611179805246 2.857911614050045 0.21241332552423545 4.3336224206596095 95.81584288044391 7.213039851748665 2.7479760611708612 5.479142588458305 8.913487596833491 False
483 8990.997198722815 808.125493803956 214.78650862907284 52.818470350151465 8989 8993 805 811 27.0 1.7652052202129176 1.2192391059438321 68.22292225796735 0.7231350001098689 0.1734116803823911 0.3105088636530913 0.0 6.259131437516794 0.98126817 17.739897752147126 3.361429286257491 2.781075036151413 0.09242454080209606 2.9316150714175193 6.937436491314982 5.497073707602834 2.2246845316572412 3.5605759127979524 5.7646928049199655 False
484 389.5111095706639 807.2861423565741 214.86327921063815 52.873133228404775 388 393 806 808 13.0 1.5625390310250475 0.7104865309413992 -0.002639676286947757 0.890644648826333 -0.0006635031248041251 0.4357651426124438 0.0 2.7111177046435597 0.68725985 18.480138761418445 3.1397665937839783 3.47322606509371 0.38858084805381476 2.0342144725641096 35.2970276938308 5.125659964751848 2.3194694329226637 4.37438470011158 6.834339523107991 False
485 172.53460725278072 811.5535512444266 214.865173146669 52.87453461368215 171 177 807 816 54.0 2.144801204983503 1.4889575033608415 -87.12642156855865 0.7197657449645865 -0.05561022016426365 1.7985715375488334 0.0 35.110943815043505 2.4121366 42.20905864650949 5633508.260140612 1.4 0.48818813594402805 4.145929793656026 29.921287186107175 10439909.305936255 1.3798299458204673 2.557427284079848 4.309597813934044 False
486 7376.477361187199 816.3965316383237 214.8008152390335 52.828779891164466 7363 7389 807 825 389.0 4.852507066851327 3.4881617702999543 8.429684122277722 0.6951786271284716 -0.12031239566532498 2.9589863415475475 0.0 255.70892203792278 3.8692 282.8827605145775 5.294064874414489 1.5280679684609517 0.47553693365147887 11.127557940783529 293.10133735978906 8.35395927201593 2.719057857115083 5.307637815696233 9.012634268043051 False
487 2422.3477141497538 812.1139216066126 214.84506943250847 52.86024388436401 2419 2426 808 817 62.0 2.384626897279778 1.7630209448525822 -82.3992839645797 0.6733456854894944 0.15921819247282662 0.8732968188524831 0.0 30.009233532459902 1.5869212 47.88607748408445 3.187300975653963 1.7857773772964676 0.19688970009832055 4.442433223290478 47.454366653455324 5.236502418922041 2.2001474388441444 3.782761062224543 5.85560112039764 False
488 9485.79624888195 808.9742754535906 214.78208986777642 52.81532868375579 9484 9487 808 810 11.0 0.9976412570434198 0.7703198002729403 -25.78041669770405 0.6354511378077488 0.1397816844589646 0.44469256326742673 0.0 3.489096175151266 0.7418208 13.724132725371655 2.558683679741427 3.0704890714580135 0.17165728663605861 1.8712051592547776 14.348371790592646 4.194744707196503 1.603304995255715 3.065516498580448 4.552719848897395 False
489 1541.1545965348132 816.1234877050614 214.85289744773254 52.86586440022442 1533 1549 809 825 216.0 4.226841623102353 2.8064205438817806 -34.70744559998207 0.7477750697338464 -0.2510076792376521 1.1621447722477347 0.0 91.79107633439455 3.2308 134.3502349330455 5.757163089908687 1.7867032012862478 0.3759554212849909 8.291859587312052 136.96243354822371 9.065537256412407 3.22510514947368 5.948657359924454 10.48527451448517 False
490 2695.5382540185688 810.7161847585609 214.84264460348203 52.85850045394808 2695 2696 809 812 6.0 0.7693329177469548 0.48762636026507133 79.96225241202944 0.7734723034526754 0.05214514715464676 0.3292241143001147 0.0 1.219697822279338 0.46327776 10.708955780330259 1.9790055730198932 3.6377746124485544 0.2652994003446264 1.381976597885342 31.132703074016813 3.081101817004106 1.7527426993510937 3.5851210049308286 4.90773206637453 False
491 1410.4013361927857 835.5117993226864 214.8538613648057 52.86679968276142 1382 1437 810 866 2246.0 9.630811099359878 9.172124795978261 80.85749705679505 0.3049354066856356 0.012843543255056605 14.234134839736534 0.0 4296.341873199512 10.373693 4471.537678020133 13.434513336770912 1.515468430743934 0.5235204993876572 26.7380628387472 4750.341126040293 21.151940984842476 5.738826433960119 11.336825415661798 18.55351261259072 False
492 6164.134113725907 819.3144500393419 214.81159718841096 52.836502452760676 6156 6173 810 829 256.0 4.183700819178351 3.7237458723739714 75.45720797082413 0.45584286691517095 0.06224486031069727 1.5007480863690024 0.0 128.40604636203983 2.9744596 292.32176683274815 8.281694818822835 2.617203026397746 0.30324943328656523 9.0270333367641 370.80771695730596 13.3958468421859 4.641718574247321 10.107952682674954 17.816646651696782 False
493 1644.2535778315662 815.3828403128242 214.8519843284328 52.8652053662473 1641 1647 814 817 21.0 1.6968243543454897 0.9449517704782515 -11.345951362743335 0.8305833884984524 0.08683183697731119 0.5526031983906654 0.0 6.217442077710023 0.86429924 42.45101519505614 3.6537982968075484 3.379312173185629 0.1960345738270613 2.5854414729132054 65.47049175312065 6.133895011334479 3.1436180817095005 6.252709472196551 8.896883852681034 False
494 6623.434105428266 825.301961130807 214.80743732773675 52.83361507085794 6617 6630 817 832 158.0 3.2318970268759064 2.6763505951145437 -80.95417806925471 0.5605727863657645 -0.11680088262407773 1.5627110297167424 0.0 68.8940973030056 2.459974 110.63767294195313 5.305678867600214 2.2124718163666337 0.3711179382121279 7.091753098990329 120.13287776867193 8.303542013176045 2.619667479250991 5.668250715114365 10.335946871037562 False
495 10152.922462609544 819.1452563100955 214.77603819800504 52.81114120108247 10152 10154 818 820 8.0 0.8879881992393898 0.6283574454226722 -40.12850651794233 0.7065940513675703 0.14986924553333034 0.3588642095985222 0.0 1.9701676047870875 0.52919686 10.486525741962945 2.3138103999888364 3.565139220229225 0.18114912722964116 1.5957691216057308 20.133829708609277 3.70937629798833 1.6699653460087531 2.962788504757057 4.277546817018518 False
496 3096.9571042058233 830.5697485445565 214.83885142798985 52.85605672015225 3078 3120 819 844 775.0 7.757267800622762 3.8561646074081963 -15.830306404114035 0.8676912799424085 -0.12093541998036568 8.254581997457025 0.0 1056.2922703076351 6.5453725 1109.3268476896149 7.8436987609872935 1.4391198786345956 0.5351840527417252 15.706373285785544 1161.3408628400439 11.94354029296983 3.4185242439813 6.863765594954377 12.05882919923264 False
497 1206.216460721784 820.1648731938506 214.85584688354808 52.86801417676897 1205 1207 820 821 4.0 0.7573027014236077 0.36710697181856405 -4.681438372479043 0.8746494685372982 0.11165831163995672 0.2823744693711551 0.0 0.6772375122494649 0.42351985 10.154480473014994 1.823918389946396 3.72967391664885 0.2578095560552231 1.1283791670955126 22.83698392988287 2.843119319153248 1.6975260122676241 2.80089147420841 4.106471829272373 False
498 4315.735552891885 822.6906743195088 214.8280545497026 52.848268990027314 4312 4320 820 826 43.0 2.1226364670500173 1.4663836907371837 -16.149844712835 0.7230159939119677 0.053849320764408376 0.4913537314152599 0.0 10.834505371010994 1.2423398 37.24814844188745 4.556765451631412 2.892543899542826 0.2345266306863934 3.6996385101659595 41.30151167795119 7.356527983226948 2.989865306252332 5.517915009711509 9.512833856130355 False
499 7993.189516286813 825.8094935789662 214.79521733483634 52.82490979991734 7985 8000 820 831 158.0 2.922141635232457 2.2691512952966075 -10.117312011344728 0.6300715699835451 -0.04673534916812272 1.9717320389108803 0.0 73.06960017587872 2.3495424 112.56613793244334 5.094256690885359 2.3237609257850065 0.5251465662483957 7.091753098990329 145.9229952126735 8.147107787187583 2.1575324967285257 4.467970629617287 10.411386674273066 False
500 615.3242898039999 822.5229307604102 214.8611011620678 52.87178086325977 613 617 821 825 17.0 1.219846481040512 0.9591896488932826 -48.691742583778506 0.6178194753427604 0.09563730295440574 0.5332169090630746 0.0 5.235997559742318 0.8641502 17.16478645534496 2.770180815958907 2.913322024087144 0.21410393617733828 2.326213245840639 16.476474546825905 4.477958248627978 1.75340667734798 3.150123823479009 5.677497672654698 False
501 2313.8113047518946 822.9884300526011 214.84592425042388 52.860992160265575 2311 2315 821 825 11.0 1.5283074042992446 0.6671646160166863 48.440934459659644 0.8996857061421 0.09460176315322563 0.47872981272223375 0.0 3.028038095707797 0.70617026 11.62982850353034 2.423177522675837 2.5840448145714516 0.2632432267595326 1.8712051592547776 12.114931142212125 3.851020306548148 1.4776467821085197 2.62581852689512 3.9490102646978054 False
502 8720.864948507959 826.3454342121854 214.78872471702024 52.82028609462565 8716 8727 821 832 110.0 2.5894322781833843 2.275740238772838 -68.07946189533565 0.47708560612727297 0.06566552573679031 1.6514452440518521 0.0 72.1029607438662 2.0034666 95.7589412956707 3.8167397034109185 1.822451145211255 0.34240914931696675 5.917270272703197 87.31397449672775 6.0163475895284115 2.093144373658746 3.866988045771519 6.424728965824546 False
503 480.52641529061214 824.9254593052005 214.86228030254253 52.87265016600937 480 482 824 826 5.0 0.8542374722782093 0.3438956249556513 47.96839564429134 0.9153865035173312 0.06890850467923887 0.26708537701729074 0.0 0.9632918859592405 0.47209492 5.351105147662911 1.765573320183472 3.536318211749176 0.2787663343050794 1.2615662610100802 12.216060985775258 2.715978386293314 1.2622675644936543 2.2107919012028874 2.9888679407103846 False
504 8085.614261349943 824.8183933289486 214.79440375114459 52.82431683967093 8085 8087 824 825 6.0 0.5994177146072269 0.3854574780721348 0.8667597300899417 0.765821509925955 0.12733765912795617 4.992573962042371 0.0 12.351604986719325 0.7632778 24.89209756716623 1.406600129961015 2.360382899746248 0.5822339318740676 1.381976597885342 26.025570845984152 1.9519080543175484 0.6225027346155396 1.0716678278842757 1.5786789982669525 False
505 489.96029403284547 829.4888022998393 214.86214797953636 52.87261484575075 487 493 827 832 21.0 2.3822583768073597 0.706369273862524 42.72340898587462 0.9550289867306804 0.0028982026156849257 0.22974526694015043 0.0 2.47573431905443 0.9189962 33.091487459964554 4.286176311120517 3.7247194658877985 0.36068456643809893 2.5854414729132054 40.76274385542112 6.82062359522219 4.850803020261134 10.048541935951242 13.18987005821609 False
506 9408.555999299211 827.703494037195 214.78258116682602 52.81592071459924 9408 9409 827 829 5.0 0.80181133187212 0.43215631301691243 68.71552687967424 0.8423217209529529 0.15689221603115533 0.2838086795060076 0.0 0.9925680179210208 0.42771003 23.22749009150793 2.1581956417315618 4.200059025090038 0.1410940229165673 1.2615662610100802 51.87224213613671 3.533631837576658 2.925364196144484 4.316939389598442 5.433578052977568 False
507 6146.14285800035 832.7005483074502 214.8116168217752 52.836688949567936 6142 6150 829 836 59.0 2.292998614827784 1.7118818023441524 28.68238927238736 0.6653079365548608 0.1717643362981833 0.9244856016981869 0.0 29.673193763698187 1.5348147 105.52013382545097 5.1563186509493715 3.1296057043675427 0.19713812692230262 4.3336224206596095 200.61962801868955 8.009587232545359 3.421026758641713 8.33463267143205 12.592246086018939 False
508 6103.085061779678 839.7412782250143 214.81192683133304 52.83700058976022 6094 6111 830 848 265.0 4.2365496297965946 3.2526578314166033 57.2795153677449 0.6407362607740928 0.05144541022431895 3.158382772944956 0.0 226.0723733976961 3.0854273 411.90363546015976 7.688666411502398 2.5181755849422642 0.384445978116537 9.18434101276213 551.4151554357 12.05912387403214 3.5678064071577267 8.171915912775114 16.448046501222976 False
509 9956.245226140069 858.6192273598723 214.7773753351154 52.81260450101513 9933 9983 831 888 2316.0 11.224849513603893 9.449074984332114 86.39192696084493 0.5397900150938184 -0.05653760836726181 8.216726986398468 0.0 3512.0224320060875 10.20266 3763.2387966381775 14.457787511801056 1.5287227420402816 0.45222759856154365 27.151532118863187 3956.4686485990906 22.87105044918116 6.830397411941569 13.55437443424874 20.782741307263844 False
510 9997.442005407716 833.8168043082376 214.77726919925666 52.81220894653151 9995 10000 831 837 32.0 1.7223744241920569 1.3447844429592455 -70.75811061178928 0.6248140674434275 0.14463314257438917 0.480781472740257 0.0 9.656011037771409 1.179051 41.36569937727244 4.517716246702916 3.1773873047553165 0.17087034972321952 3.1915382432114616 71.43550705089194 7.3881368077810565 2.8807234421508343 5.317274906417499 8.57524038454788 False
511 3400.5722439664355 832.8728700015696 214.83611651559278 52.85413977402139 3400 3402 832 835 7.0 0.6892425627973653 0.4815999562672517 -76.71271654198205 0.7153776868783286 -0.08725519582562194 0.1173199110979828 0.0 0.10026552682800031 0.5867326 5.032531030216145 2.13820324490441 3.8498589852910383 0.47189806245988425 1.4927053303604616 3.1679430632486265 3.299025152065431 2.406706361188319 3.5692592391192925 4.944986679510478 False
512 3960.7353233682093 833.5547755626994 214.83110883822962 52.850583657226 3959 3962 832 835 13.0 1.0669885931005396 0.8693050253538632 26.208178023780764 0.5798439308273241 0.03229612419521494 0.4442853960692289 0.0 2.5288109684529623 0.8081795 8.241200005104911 2.366453501061256 2.6039383478672526 0.3261072227973893 2.0342144725641096 -0.7377084337127173 3.7328597963418706 1.5646217620983722 2.487580076375049 3.5739633042902095 False
513 7949.470500148375 834.6363342686814 214.79551424485425 52.825235309026894 7948 7951 834 836 6.0 0.8864253961617197 0.6216538327412139 22.371552523852277 0.7128621547090812 0.13617822811934294 0.3114621240035693 0.0 1.2793620119049611 0.44748387 27.847315935147947 2.6412459230017533 4.026324023093173 0.19397880875738888 1.381976597885342 54.80906008549238 4.206503975726059 2.6534651331520043 4.381096539323155 5.967225190484168 False
514 9126.125643566376 837.3604233955064 214.78499666307872 52.817768607005924 9121 9132 834 841 69.0 2.861397976500733 1.643440336573596 -19.778682772434504 0.818610725062428 -0.004111889704175307 0.5063990240323724 0.0 14.10163686926418 1.5764859 39.498560871481246 4.799480607804675 2.6075690953665704 0.3095228384687342 4.686510657907603 39.1041249778877 7.518661185220765 3.2014061094774244 5.903056762623637 8.878822393603143 False
