outputs/dr0.5_c0.1/nircam3_matched_f277w_f140w_dr0.5_c0.1.ecsv
# %ECSV 1.0
# ---
# datatype:
# - {name: label, datatype: int64}
# - {name: xcentroid, datatype: float64}
# - {name: ycentroid, datatype: float64}
# - {name: sky_centroid.ra, unit: deg, datatype: float64}
# - {name: sky_centroid.dec, unit: deg, datatype: float64}
# - {name: bbox_xmin, datatype: int64}
# - {name: bbox_xmax, datatype: int64}
# - {name: bbox_ymin, datatype: int64}
# - {name: bbox_ymax, datatype: int64}
# - {name: area, unit: pix2, datatype: float64}
# - {name: semimajor_sigma, unit: pix, datatype: float64}
# - {name: semiminor_sigma, unit: pix, datatype: float64}
# - {name: orientation, unit: deg, datatype: float64}
# - {name: eccentricity, datatype: float64}
# - {name: min_value, datatype: float64}
# - {name: max_value, datatype: float64}
# - {name: local_background, datatype: float64}
# - {name: segment_flux, datatype: float64}
# - {name: segment_fluxerr, datatype: float32}
# - {name: kron_flux, datatype: float64}
# - {name: kron_fluxerr, datatype: float64}
# - {name: kron_radius, unit: pix, datatype: float64}
# - {name: gini, datatype: float64}
# - {name: equivalent_radius, unit: pix, datatype: float64}
# - {name: kron4_2_flux, datatype: float64}
# - {name: kron4_2_fluxerr, datatype: float64}
# - {name: kron4_2_mag, datatype: float64}
# meta:
#   PHOTMJSR: 2.962800025939941
#   PIXAR_SR: 2.11539874851881e-14
#   __serialized_columns__:
#     area:
#       __class__: astropy.units.quantity.Quantity
#       unit: !astropy.units.Unit {unit: pix2}
#       value: !astropy.table.SerializedColumn {name: area}
#     eccentricity:
#       __class__: astropy.units.quantity.Quantity
#       unit: !astropy.units.Unit {unit: ''}
#       value: !astropy.table.SerializedColumn {name: eccentricity}
#     equivalent_radius:
#       __class__: astropy.units.quantity.Quantity
#       unit: !astropy.units.Unit {unit: pix}
#       value: !astropy.table.SerializedColumn {name: equivalent_radius}
#     kron_radius:
#       __class__: astropy.units.quantity.Quantity
#       unit: !astropy.units.Unit {unit: pix}
#       value: !astropy.table.SerializedColumn {name: kron_radius}
#     orientation:
#       __class__: astropy.units.quantity.Quantity
#       unit: &id001 !astropy.units.Unit {unit: deg}
#       value: !astropy.table.SerializedColumn {name: orientation}
#     semimajor_sigma:
#       __class__: astropy.units.quantity.Quantity
#       unit: !astropy.units.Unit {unit: pix}
#       value: !astropy.table.SerializedColumn {name: semimajor_sigma}
#     semiminor_sigma:
#       __class__: astropy.units.quantity.Quantity
#       unit: !astropy.units.Unit {unit: pix}
#       value: !astropy.table.SerializedColumn {name: semiminor_sigma}
#     sky_centroid:
#       __class__: astropy.coordinates.sky_coordinate.SkyCoord
#       dec: !astropy.table.SerializedColumn
#         __class__: astropy.coordinates.angles.Latitude
#         unit: *id001
#         value: !astropy.table.SerializedColumn {name: sky_centroid.dec}
#       frame: icrs
#       ra: !astropy.table.SerializedColumn
#         __class__: astropy.coordinates.angles.Longitude
#         unit: *id001
#         value: !astropy.table.SerializedColumn {name: sky_centroid.ra}
#         wrap_angle: !astropy.coordinates.Angle
#           unit: *id001
#           value: 360.0
#       representation_type: spherical
#   astropy version: '5.1'
#   kernelfile: kernel_f277w_f140w.fits
#   make_catalog parameters:
#     ab_zpt: 31.4
#     coadd_bands: !!python/tuple [f277w, f356w]
#     deblend_contrast: 0.001
#     deblend_nlevels: 32
#     deblend_npixels: 1
#     detect_kernel_fwhm: 4.0
#     detect_kernel_npix: 7
#     detect_npixels: 4
#     detect_threshold_nsigma: 3.0
#     flag_isolated_buffer: 4
#     hst_bands: !!python/tuple [f606w, f814w, f125w, f140w, f160w]
#     jwst_bands: !!python/tuple [f115w, f150w, f200w, f277w, f356w, f410m, f444w]
#     near_border_kernelsize: 21
#     reference_band: f200w
#   make_catalog version: 1.4.0
#   photutils version: 1.5.0
# schema: astropy-2.0
label xcentroid ycentroid sky_centroid.ra sky_centroid.dec bbox_xmin bbox_xmax bbox_ymin bbox_ymax area semimajor_sigma semiminor_sigma orientation eccentricity min_value max_value local_background segment_flux segment_fluxerr kron_flux kron_fluxerr kron_radius gini equivalent_radius kron4_2_flux kron4_2_fluxerr kron4_2_mag
[from data line 1131]
1132 1224.0961428765977 1629.7000481735026 214.8471662118366 52.8722657969979 1210 1235 1622 1637 258.0 5.728295476976344 2.767612814029729 -23.988678628287605 0.8755388598022905 0.19573257592360988 1.07701620228411 0.0 126.62935846901871 22.117634 197.62803971734564 49.89325083550289 2.0794783660862923 0.25545025722784287 9.062226582657155 217.03298303613974 79.27281111013573 25.558685650838544
1133 9018.515106139392 1622.5100258764912 214.77769414281917 52.82268174413541 9018 9019 1622 1623 4.0 0.5017769480224503 0.49788671481226143 45.940707608093845 0.12428080736243448 0.03893253280332923 0.04301743947738626 0.0 0.1625379632553393 2.7055824 2.9672911377538096 12.364229357270506 4.1662041033343025 0.026825436849334 1.1283791670955126 7.329135019618309 19.340802246330757 29.237368193810966
1134 2584.7449855534087 1626.197063427203 214.83505090476908 52.86360086208276 2581 2588 1623 1629 43.0 2.0718587897076506 1.5363728903500318 -27.19291630326979 0.6709050719863614 0.1501330960476194 0.23641035075221928 0.0 8.316491967203204 8.554777 26.71386773961975 30.98234592887615 2.8723975326783107 0.07367162781891569 3.6996385101659595 29.49085867976011 48.9699713233117 27.725781454984325
1135 7781.15059427875 1630.0489674375183 214.78864491969608 52.830590384204505 7777 7785 1627 1633 53.0 2.2458601858467104 1.721184119293557 -15.18391690489142 0.6423865455564796 0.2122941720974358 0.3623964643577336 0.0 15.2476921560255 9.320221 56.30870104134713 33.78569432659987 3.0142433338475554 0.0834310716495334 4.1073621666150775 72.51259619847863 54.79058309100312 26.74896636342332
1136 1975.893005114961 1642.4243810629882 214.840317248741 52.86755736391343 1966 1986 1628 1657 466.0 6.11495094595737 4.144295113993101 79.4016431559771 0.735309432403557 0.23695717666292496 1.873931604847022 0.0 347.6783070753715 20615457000000.0 452.3302315052664 39741251161694.836 1.8655407771612138 0.3187665029817863 12.179179240065665 486.14450126174927 63586001858711.73 24.683086555378775
1137 7137.125583261687 1631.505484410761 214.79437213874044 52.834692992193396 7136 7139 1630 1633 13.0 1.0783044829720714 0.9182333440505892 -76.77444259204361 0.5242686372679287 0.19689817893815237 0.25523186074558857 0.0 2.9910766478438737 4.7121305 18.38492420870642 19.82144878380963 3.4036715224905665 0.04377410654914064 2.0342144725641096 18.532540181268367 31.572757194827155 28.23016262397748
1138 9005.602856110983 1638.4403621234924 214.7776415830534 52.82284965110204 8998 9014 1630 1647 226.0 3.8731884358223763 3.5111949711317325 49.38772828760914 0.4221228458264858 0.2541811163198084 1.333927082779054 0.0 145.10655632644267 19.21134 263.29439629304744 51.23959614578688 2.4405712762566867 0.24769877438891943 8.481629223064205 391.31256926704447 82.51360654766177 24.918690504988597
1139 1544.9923937412784 1634.222957860612 214.8442521869753 52.87025120485126 1543 1547 1632 1636 17.0 1.2433386550540972 1.0496109269892295 -40.72219047913901 0.5360480363395318 0.15799699906405165 0.2009066280125623 0.0 3.011912522630168 5.694367 15.567752498122935 22.487119892633494 3.234355958956622 0.04609974263404699 2.326213245840639 18.402174355039786 35.670006554811195 28.237827147013576
1140 6531.639926938775 1635.0234710447362 214.7997350066246 52.838561419183115 6530 6534 1633 1637 17.0 1.1550394651923848 1.1176103872129415 -83.43557651907336 0.25250733923882107 0.13418311518198897 0.17511554942062008 0.0 2.6405376071160602 5.396666 17.432399141570116 22.315759708169423 3.41884119073184 0.04787684022986879 2.326213245840639 27.01366577445993 35.60235750762032 27.821041194326313
1141 3795.142803174828 1638.4325985315982 214.82411591972243 52.85597446705046 3792 3798 1636 1641 33.0 1.7373255177403368 1.433194850629241 -28.745682147009646 0.5652156554032902 0.16830384045901217 0.22618461976487952 0.0 6.591976282504791 7.322756 39.54220326456466 29.801731109326287 3.318861709658516 0.04697304012928107 3.2410224072142872 66.79628526418857 47.92218332745283 26.83811922308223
1142 4014.7725704093655 1647.2322578247918 214.82206289736754 52.854625991659034 4007 4023 1636 1658 310.0 4.7190770658251004 3.677371642756002 86.56796251703143 0.6267050762883107 0.25610657264564096 1.899839073591135 0.0 239.14309984111637 22.491877 317.6922389800734 44.33886831789923 1.8611823224730522 0.3025632487983854 9.933582672781009 335.74267505408346 71.02188698324535 25.084983634051643
1143 289.3350695017988 1641.8878187026755 214.8553892200266 52.8782706076082 285 294 1637 1646 75.0 2.3819311827333354 2.1063246979501398 45.02494519004294 0.4669327225817828 0.21647056817557944 0.5741815547600829 0.0 27.17698133445863 8.270718 47.823128578077736 19.3407835888939 2.03293651869819 0.16334995467184235 4.886025119029199 41.36284546892673 30.98448483368518 27.358473981304492
1144 9986.212290409063 1640.1202280187888 214.76888536761035 52.81662256652827 9984 9989 1638 1642 23.0 1.4278898135743718 1.2173307320405917 30.92092697980396 0.5226647812472978 0.19793299432990225 0.2614482418075453 0.0 5.339093885416977 6.0454793 31.328942917296864 24.829687698776752 3.3654738700721603 0.04274289377590149 2.7057581899030048 41.82776594475689 40.00278838001199 27.346338327059925
1145 7457.052747276053 1641.1767265397625 214.7914175428223 52.83271100299398 7455 7459 1639 1644 26.0 1.4483241246162162 1.2781334657556056 -81.13771425327934 0.470328686658545 0.535737425064427 1.1502140890014163 0.0 22.211569240500488 5.633607 57.7715986153297 17.793466134579454 2.6605083749371303 0.11578619780753088 2.876813695875796 62.87877892460173 28.1937915209515 26.903739751687546
1146 2337.807082477511 1648.118442452912 214.83702523736625 52.865288263584134 2333 2343 1642 1654 111.0 3.0402987648715385 2.3880998064630115 -67.15578666077639 0.6188845644641332 0.21942298721947176 0.7294959646036726 0.0 47.78157662653292 14.7449255 84.69422711189613 38.24598590120443 2.204417065763673 0.18156200421535273 5.944106103225343 93.49607256097194 62.16199751365508 26.473016579795225
1147 2047.9469344587242 1650.2762639876935 214.83959109116648 52.86714183257975 2043 2053 1643 1656 115.0 3.3969194335748227 2.3637157925815027 -67.09095580854105 0.7181958731018152 0.2384219344299441 0.6252285974628683 0.0 45.95432569350173 10241154000000.0 109.41226848876937 31409912153494.25 2.6194584032118446 0.1402204237914041 6.050259243299904 137.9792158146838 50255859445590.8 26.050465819083854
1148 722.8391716602162 1660.959595423729 214.85131517046088 52.87561920967606 710 736 1644 1678 619.0 7.361538831983793 4.487460396286114 63.78027283416523 0.7927231412733393 0.2246519690861356 2.242836271820077 0.0 533.2454934799171 23.256079 642.9041314069048 40.78239977713639 1.702256751648962 0.3407553673613647 14.036873567421145 669.156275277403 65.42890500280416 24.3361811122887
1149 3945.019034733388 1645.3568413696235 214.82270523879455 52.85505922076036 3944 3946 1644 1647 9.0 1.0460924921905779 0.6518899847634908 53.78014380556967 0.7820890547848816 0.128289598489835 0.1510055052458319 0.0 1.2789094522873805 3.8879771 11.057697143525006 17.226986412982708 3.5837109872037636 0.0306517264978778 1.692568750643269 15.35012541535484 27.184868263534636 28.434720179624307
1150 3987.1702564830994 1645.159181512888 214.82233108718142 52.85479025264746 3986 3988 1644 1646 6.0 0.7753529334747161 0.5759051299732301 44.90594368895373 0.6695520496573123 0.1622372564954096 0.175102759692663 0.0 1.002369867870211 3.1046507 10.646765316436444 13.88168642798763 3.6763440469030204 0.018411199162704943 1.381976597885342 17.5758284940108 22.32716802213012 28.287710484846215
1151 3776.2868922359658 1659.4701109351176 214.8240627969108 52.85620769702632 3768 3783 1645 1675 329.0 6.764400227118718 3.1951519740260417 -87.93997145772724 0.8814120599818384 0.1945926134963173 0.7743534157418995 0.0 139.36253386240583 23.623957 267.6894894587872 63.515307156158805 2.3952933505337946 0.20203663128900395 10.233472165128859 317.4197519678423 102.22180368362783 25.145915130123846
1152 9573.202684444208 1647.303589773286 214.77248993607327 52.8192878409538 9571 9575 1645 1649 20.0 1.2485089047451052 1.2068264291866155 -32.73895622251347 0.25623621747407127 0.21568010936625717 0.3115376141879761 0.0 5.393459912385471 6.088536 24.36516135519747 22.126138303067982 3.158744229389202 0.06102730810694075 2.5231325220201604 26.65752338728221 35.63055408481166 27.835450502759155
1153 9406.51998540921 1649.5995533839227 214.7739511421748 52.82036021539213 9404 9409 1646 1654 41.0 2.2107140438340247 1.4145248255696448 76.88693144836031 0.7685000318720315 0.20479736212378294 0.2804728205186127 0.0 9.916929909678172 8.316632 54.45589782462958 33.89280067360127 3.319537305383209 0.05201507654335634 3.6125759969217834 85.8827746798632 54.17376510160567 26.565234832320737
1154 2061.0235265381984 1648.4731569413063 214.83949328756938 52.86704901679363 2059 2063 1647 1650 18.0 1.376247961059825 0.9861901078174411 -23.508673760713645 0.6975061492222918 0.18930306906781738 0.2185367624645084 0.0 3.666790364872316 4051690600000.0 41.45491754021224 18496043565799.086 3.7517613983942812 0.02705729607789732 2.393653682408596 70.01168940760182 29593669705278.535 26.78707360634339
1155 7431.27349785824 1653.0288650087753 214.79152267472455 52.83293875644554 7424 7438 1647 1660 157.0 3.4544880464844434 2.8032277846665536 -32.196878916087876 0.5843883025538573 0.2508532083253829 1.2088779732823747 0.0 96.11379566330928 13.969149 153.31375739072976 32.03895840941335 2.1333697936366884 0.2300768096758765 7.069275219628611 180.14727104637575 50.76439962698369 25.76093078095979
1156 3166.058964844628 1652.492708003614 214.82958378080005 52.860048349524725 3160 3172 1648 1657 104.0 3.1589151802214137 2.202926304660677 23.411272920104803 0.7167132603964034 0.18776177774770766 0.525862001803494 0.0 34.395285498558266 14.017472 64.49120889936252 34.937680634749164 2.245982055749401 0.1609809147611948 5.753627391751592 56.94456957315358 55.12690733523871 27.011369213504032
1157 2598.180617327794 1657.8321646048091 214.83459793480245 52.86368601883614 2588 2609 1649 1667 313.0 4.697042803939773 3.691544722020002 38.00930696638858 0.6183160579567533 0.2376695324378567 2.171394649604541 0.0 274.6298359293627 23.976618 368.6027099858246 48.68193109325138 1.946380854423336 0.3150418714765809 9.981532666656284 406.4446867936856 77.8427521288367 24.87749637335929
1158 3409.34018169276 1658.777352256539 214.82734572646163 52.8585360982407 3398 3420 1649 1668 346.0 4.267132227021809 3.7163123017189585 30.69261316209641 0.491432502202619 0.24875004219614427 4.723191340671467 0.0 442.4055438831275 24.225431 509.1576540767153 39.233246283361176 1.7044765716298844 0.4275811691840412 10.49453289192004 544.1337861940531 62.53067064366814 24.560735767931014
1159 1885.8255843718796 1652.1103668401963 214.8410196890806 52.86818190750558 1883 1889 1650 1655 29.0 1.7639179283957815 1.2466289912842339 36.55768219108059 0.7074747118363386 0.16532770542736716 0.23818615699508733 0.0 5.904060383151952 5142793000000.0 27.299505879521938 19936289136166.215 3.1770317964825443 0.0566554544669763 3.0382538898732494 29.664632036303143 31898062617865.938 27.719402585836477
1160 9003.066955733262 1653.5090739477448 214.7775056096367 52.82294693308447 8998 9009 1650 1657 72.0 2.869817641975535 1.8457511253536734 -16.546619640743245 0.765732047236222 0.24108686983790556 0.39096595166659576 0.0 22.241839728621535 10.96021 170.02988906062444 45.31635224975392 3.46830861363058 0.07982206720001386 4.787307364817192 328.6173601935093 71.82238961679262 25.1082737434796
1161 2384.973833518645 1653.4992602852756 214.83654739970444 52.86501754161246 2384 2386 1653 1654 6.0 0.8137848824246587 0.49999595231332544 0.16695812059634516 0.7889884625420263 0.14667224518288022 0.15987714786561807 0.0 0.9231697405607084 3.2819757 11.854955748813971 14.616169778362393 3.849014866747925 0.02147801321331655 1.381976597885342 18.597560453025594 23.51293703134738 28.22636005226104
1162 2817.6884286729005 1654.0350652039233 214.83267790686594 52.86227059559385 2816 2819 1653 1655 9.0 1.040723145005351 0.6584775787517929 35.92644888627315 0.7743875416356434 0.17472900032069252 0.20716959848264183 0.0 1.7629775222069761 3.88375 21.391343212440823 17.950438909253617 3.7515075387940136 0.03246084045447365 1.692568750643269 31.287321161043476 28.82929929024197 27.66157904953153
1163 3093.3036019030083 1691.6461324437246 214.82982120474423 52.86072177527219 3079 3108 1653 1722 1413.0 12.550345389062384 5.104708846720108 -80.65209430511746 0.913544624190493 0.225346606649844 5.794115626522515 0.0 1917.770484342863 49.018547 2160.898392872944 81.51934650657674 1.7437583332181996 0.4422934003515605 21.20782565888583 2394.737083356749 130.77380927107808 22.951855401359648
1164 421.0710704407515 1659.4155359536646 214.85402761341015 52.87752816355921 419 423 1657 1662 25.0 1.4379846625580728 1.2704936401128666 79.08353236039459 0.4683863103722932 0.1534674180950151 0.2286771361391058 0.0 4.700659099252906 4.985339 14.943554142428065 16.77643495531048 2.9036362681071077 0.07482919226541263 2.8209479177387813 6.843331146909009 26.650410440798115 29.31183111026217
1165 8011.700193980443 1659.267026313639 214.78628196453118 52.8292818477049 8009 8014 1657 1662 29.0 1.5707609799358297 1.3541811973264486 35.78332652940064 0.5067076895988665 0.23037649822790218 0.3562705592467999 0.0 8.381503095575779 6.9714284 33.98475250403607 26.92316210661869 3.113075163335408 0.0761171377184239 3.0382538898732494 36.02517076239015 42.467804001844826 27.508484879790274
1166 8128.084714134013 1662.9409452684752 214.78520572727453 52.828561604866735 8125 8131 1659 1667 58.0 2.3213400422765327 1.8003928776267777 86.21863452702077 0.6312450708506538 0.27138920063138067 0.5004852885817543 0.0 21.79963122667687 9.845668 114.0736743522807 39.11007415269333 3.2898458777569473 0.09679522115955809 4.296739856991561 187.7220617029947 62.17976353149338 25.71621171172262
1167 3063.5188354449365 1662.2025026481272 214.83039705229004 52.86075235104018 3062 3065 1661 1663 10.0 1.0144591707347845 0.7450339251243753 0.4531481176815188 0.6787007899943223 0.21444000138221098 0.23893992749173537 0.0 2.272624642891339 4.041697 24.36790065634446 18.43186450711605 3.7174956426738315 0.02134626002471841 1.7841241161527712 40.312864503757815 29.728539427497203 27.38639085291955
1168 2135.2578725772737 1668.1741190305638 214.83862294497555 52.866683504727646 2130 2140 1663 1674 97.0 2.724556786884503 2.3367249122464506 -61.33004420907587 0.5142284972266372 0.1861560672507941 0.6062123822469896 0.0 35.34708962517222 9405586000000.0 60.62874193682793 22545065452327.86 2.1114694894359207 0.18006146943794346 5.556622981616415 60.33132397070392 36072104723724.57 26.948642859970143
1169 3858.984646573109 1663.7490647921993 214.82327958508057 52.85570516030894 3858 3860 1663 1664 4.0 0.7007465806655386 0.43349481414641755 -0.7282999193367296 0.7856914941815438 0.14677764688173597 0.15904885990940953 0.0 0.6168694872030477 2.5999866 9.293420176572846 12.518362387832967 3.9584048271631227 0.020678644010597828 1.1283791670955126 15.593117131525279 20.05476472970203 28.417667646969967
1170 1385.3852343672124 1667.4660408880661 214.8453279055649 52.871444597063075 1383 1388 1665 1670 23.0 1.5007368006184558 1.160395964146263 21.408087571686572 0.6341409074220856 0.16012641614797568 0.2448481980506972 0.0 4.682496525750334 6.3395953 19.084076534685288 24.421930560537437 3.086779316969473 0.07469973171768544 2.7057581899030048 20.508220506916473 39.364163292803994 28.12018005404674
