outputs/dr0.5_c0.1/nircam2_matched_f115w_f277w_dr0.5_c0.1.ecsv
# %ECSV 1.0
# ---
# datatype:
# - {name: label, datatype: int64}
# - {name: xcentroid, datatype: float64}
# - {name: ycentroid, datatype: float64}
# - {name: sky_centroid.ra, unit: deg, datatype: float64}
# - {name: sky_centroid.dec, unit: deg, datatype: float64}
# - {name: bbox_xmin, datatype: int64}
# - {name: bbox_xmax, datatype: int64}
# - {name: bbox_ymin, datatype: int64}
# - {name: bbox_ymax, datatype: int64}
# - {name: area, unit: pix2, datatype: float64}
# - {name: semimajor_sigma, unit: pix, datatype: float64}
# - {name: semiminor_sigma, unit: pix, datatype: float64}
# - {name: orientation, unit: deg, datatype: float64}
# - {name: eccentricity, datatype: float64}
# - {name: min_value, datatype: float64}
# - {name: max_value, datatype: float64}
# - {name: local_background, datatype: float64}
# - {name: segment_flux, datatype: float64}
# - {name: segment_fluxerr, datatype: float32}
# - {name: kron_flux, datatype: float64}
# - {name: kron_fluxerr, datatype: float64}
# - {name: kron_radius, unit: pix, datatype: float64}
# - {name: gini, datatype: float64}
# - {name: equivalent_radius, unit: pix, datatype: float64}
# - {name: kron4_2_flux, datatype: float64}
# - {name: kron4_2_fluxerr, datatype: float64}
# - {name: kron4_2_mag, datatype: float64}
# meta:
#   PHOTMJSR: 2.962800025939941
#   PIXAR_SR: 2.11539874851881e-14
#   __serialized_columns__:
#     area:
#       __class__: astropy.units.quantity.Quantity
#       unit: !astropy.units.Unit {unit: pix2}
#       value: !astropy.table.SerializedColumn {name: area}
#     eccentricity:
#       __class__: astropy.units.quantity.Quantity
#       unit: !astropy.units.Unit {unit: ''}
#       value: !astropy.table.SerializedColumn {name: eccentricity}
#     equivalent_radius:
#       __class__: astropy.units.quantity.Quantity
#       unit: !astropy.units.Unit {unit: pix}
#       value: !astropy.table.SerializedColumn {name: equivalent_radius}
#     kron_radius:
#       __class__: astropy.units.quantity.Quantity
#       unit: !astropy.units.Unit {unit: pix}
#       value: !astropy.table.SerializedColumn {name: kron_radius}
#     orientation:
#       __class__: astropy.units.quantity.Quantity
#       unit: &id001 !astropy.units.Unit {unit: deg}
#       value: !astropy.table.SerializedColumn {name: orientation}
#     semimajor_sigma:
#       __class__: astropy.units.quantity.Quantity
#       unit: !astropy.units.Unit {unit: pix}
#       value: !astropy.table.SerializedColumn {name: semimajor_sigma}
#     semiminor_sigma:
#       __class__: astropy.units.quantity.Quantity
#       unit: !astropy.units.Unit {unit: pix}
#       value: !astropy.table.SerializedColumn {name: semiminor_sigma}
#     sky_centroid:
#       __class__: astropy.coordinates.sky_coordinate.SkyCoord
#       dec: !astropy.table.SerializedColumn
#         __class__: astropy.coordinates.angles.Latitude
#         unit: *id001
#         value: !astropy.table.SerializedColumn {name: sky_centroid.dec}
#       frame: icrs
#       ra: !astropy.table.SerializedColumn
#         __class__: astropy.coordinates.angles.Longitude
#         unit: *id001
#         value: !astropy.table.SerializedColumn {name: sky_centroid.ra}
#         wrap_angle: !astropy.coordinates.Angle
#           unit: *id001
#           value: 360.0
#       representation_type: spherical
#   astropy version: '5.1'
#   kernelfile: kernel_f115w_f277w.fits
#   make_catalog parameters:
#     ab_zpt: 31.4
#     coadd_bands: !!python/tuple [f277w, f356w]
#     deblend_contrast: 0.001
#     deblend_nlevels: 32
#     deblend_npixels: 1
#     detect_kernel_fwhm: 4.0
#     detect_kernel_npix: 7
#     detect_npixels: 4
#     detect_threshold_nsigma: 3.0
#     flag_isolated_buffer: 4
#     hst_bands: !!python/tuple [f606w, f814w, f125w, f140w, f160w]
#     jwst_bands: !!python/tuple [f115w, f150w, f200w, f277w, f356w, f410m, f444w]
#     near_border_kernelsize: 21
#     reference_band: f200w
#   make_catalog version: 1.4.0
#   photutils version: 1.5.0
# schema: astropy-2.0
label xcentroid ycentroid sky_centroid.ra sky_centroid.dec bbox_xmin bbox_xmax bbox_ymin bbox_ymax area semimajor_sigma semiminor_sigma orientation eccentricity min_value max_value local_background segment_flux segment_fluxerr kron_flux kron_fluxerr kron_radius gini equivalent_radius kron4_2_flux kron4_2_fluxerr kron4_2_mag
[from data line 4379]
4380 4299.932886314787 3410.5064388552637 214.90944433974582 52.917065683577725 4287 4315 3390 3426 600.0 8.434031645746465 4.830591560859191 72.40309324323668 0.8197301057209525 0.04559421906120479 1.0835983961817972 0.0 278.2011297026502 6.9002943 664.2763195934037 21.17840053649977 2.8035735936049795 0.30000993374568263 13.81976597885342 777.000934733698 34.49991428586698 24.173946146854075
4381 4285.75319927761 3434.19967392521 214.90932177807235 52.917283594409874 4259 4313 3409 3459 1408.0 9.374607722564617 7.45181582766749 34.72646080035038 0.6067488276351017 0.01622337854140781 6.611377735669518 0.0 1506.9052156908533 10.76723 1757.6575937725866 15.709528165683215 1.837040339361914 0.43274175447976554 21.17026971360491 2017.7740085170544 27.654299585335465 23.13781869132066
4382 4307.003682040501 3427.199547766915 214.90920526986218 52.91711088822656 4296 4321 3416 3439 257.0 6.441475385356939 3.6547711801405103 7.656661294506004 0.8234553565868549 0.1641973684566752 1.2460883300384171 0.0 122.26680064587805 4.548362 266.3656150212498 12.93996896806364 2.331623874011097 0.30814886283787185 9.044647077096718 396.6718819894376 21.479025882867475 24.903921458290448
4383 4322.698135873619 3428.073510110693 214.90905558219185 52.917015957563265 4321 4325 3426 3430 21.0 1.313333067135856 1.1695813126323718 42.13061088554703 0.4548964732025278 0.23592609437219317 0.39872127344345687 0.0 6.7631177662351165 1.2503766 35.847675165848116 5.062039812160429 3.370758929541881 0.1021114789140747 2.5854414729132054 48.68948948406274 8.096437989856062 27.181411947667755
4384 4272.516003226854 3455.79363507132 214.90921288404468 52.91748419051599 4257 4297 3433 3476 969.0 10.575200624944904 5.471536915340562 59.32188625297994 0.8557477866218187 0.015239692441080822 1.7891676874369038 0.0 584.1769532289486 8.778731 830.6579502598288 19.89448985934459 2.1310708178120485 0.33399676017051416 17.5625248672306 1009.1658366696344 31.731709610205904 23.890093650234046
4385 4300.84827583534 3463.5683381678446 214.90887740529195 52.91734626481143 4292 4307 3458 3469 134.0 3.592215535512633 2.201114738845809 -19.01676271374885 0.7902801196805039 0.0705579067379579 0.9906861489533157 0.0 41.09121177301 3.2080564 170.50226179831083 11.276692088305776 3.270145362633075 0.33124334330494276 6.530966601401967 260.255984625528 18.01407424533128 25.3614981875891
4386 9585.500577535922 3396.6132777109524 214.86231452889675 52.88342215411962 9579 9591 3387 3410 202.0 5.496633213598687 2.3072230957724345 -86.31731776367256 0.9076388108613602 0.08629017455258374 0.8808267228753108 0.0 67.72536030478796 4.191589 101.19564752154866 8.952062138600507 1.9438509242551099 0.2903427424177557 8.018640596081465 103.92747135181195 14.378577661035045 26.358174098394436
4387 9578.32211670395 3390.21341179164 214.86244606141355 52.88343324129039 9575 9581 3388 3393 30.0 1.5240683052531214 1.36981930936422 -68.84733841230431 0.4383768097824084 0.13268116596059035 0.5284978624654135 0.0 10.020145817009592 1.6157074 22.059962183626453 4.641055594827982 2.4719331385940384 0.17732080379182774 3.0901936161855166 25.062469901953946 7.42602162064741 27.902440328971963
4388 963.0870476378451 3404.382267150643 214.93939250436048 52.93821517660486 959 967 3402 3408 43.0 2.1958772253926298 1.3818753832179105 20.274892887782002 0.7771588428441188 0.19626351351258103 0.5922973521781346 0.0 16.442538076376945 1.8960935 34.295361950944404 5.3190343673344636 2.3987738339410343 0.1442429742140182 3.6996385101659595 38.42107654431547 8.465603297121604 27.43857617633381
4389 957.4850742408195 3416.031044326616 214.93932002124185 52.938313635496314 949 965 3405 3425 264.0 3.8963875286134835 3.185205242777857 -72.28823378370889 0.5759619523778073 0.09471847019501138 2.5012355694123514 0.0 165.38884330511559 4.7112017 195.9321853736073 7.522772978494591 1.6769736909748676 0.4178298747657042 9.166995688475081 201.68800617503382 11.926906596246841 25.63829981826177
4390 2635.0892155312063 3436.7682239785004 214.9240739177473 52.927776965066236 2623 2654 3422 3446 479.0 6.338495677723754 4.519489298500062 39.82881292859132 0.7011412696817212 0.0445263210071247 2.16101456778707 0.0 323.2557689504126 6.126532 475.46710318309397 11.82591325259661 2.1827529585523093 0.40997384515559226 12.347891944863939 620.6185726664986 20.336088192253314 24.41793807959039
4391 2576.7118173060403 3448.879600517197 214.92446918776764 52.92821293533181 2544 2594 3425 3485 1537.0 12.327842597552024 6.645655800149228 -46.26012561007342 0.8422565172668125 -0.04781601673885604 5.946717098314407 0.0 1038.9860927741076 11.161757 1336.3086515188725 20.25555881010667 1.8243613742655835 0.5498444908789895 22.118822189811244 1606.594531728628 32.429733196002914 23.385234288881747
4392 2619.188887022602 3479.964512848635 214.92376142653143 52.92811110356838 2551 2686 3416 3541 10843.0 19.076794747459946 16.93538341880942 38.17679475770754 0.46033006030419604 -0.03861934072275122 68.11371014979892 0.0 23958.467575040253 31.031166 24471.603473167645 32.91908418608988 1.4 0.6417630906604813 58.74890718890729 25130.760447705787 50.4188105871508 20.3994859240373
4393 6770.98024607042 3421.3496705409766 214.8872191063688 52.901432929230396 6769 6774 3419 3425 33.0 1.6054858672208248 1.4073932486338667 84.55645499020164 0.48119212707164793 0.2316721540552296 0.9879404341427134 0.0 17.763888173763576 1.5373427 70.42363685911315 5.305221883049168 3.121003169995804 0.25118996761939255 3.2410224072142872 81.77898304512937 8.4451440506477 26.61839573594096
4394 6782.610379703081 3433.8500798312803 214.8869834617003 52.90142651213851 6772 6795 3421 3447 430.0 6.250146400058459 3.9148661311537696 50.68203378960191 0.779530790581092 0.014305561124202804 1.082154338600918 0.0 155.2582111404398 5.2963085 289.6062148090391 13.018506285276194 2.3440111984892495 0.3165873190675448 11.699284211396439 289.74270222154024 20.78425930569612 25.24496873461306
4395 9601.077465089898 3431.4698534588742 214.86180835365744 52.88351118556529 9586 9614 3421 3442 420.0 5.598099435191162 2.977102574486618 -27.90293771808854 0.8468662433785339 0.028936834134452034 2.8290658775443336 0.0 265.7916202400116 6.1269193 280.00570930577726 7.521841395037595 1.4 0.5185843132834865 11.562445770562215 278.56988713139253 11.87059124730611 25.287664579430984
4396 9584.043870882168 3438.6179520349033 214.8618853370112 52.88365794743034 9578 9591 3433 3443 90.0 2.9340341013496487 2.0113439952093617 2.2175805807935864 0.7280522111104728 0.12600540908554345 1.0027026180055771 0.0 47.18834786647424 2.864098 55.600843693250354 4.462085155284587 1.4 0.23688376442332387 5.352372348458314 54.6590155951923 7.04192068923121 27.05584548546065
4397 9523.521522509667 3441.976385888882 214.86239090015079 52.88406054500366 9515 9533 3423 3456 301.0 8.521479158335291 2.6018712149614576 -63.32887086551861 0.9522463016405087 0.057329870061095585 0.794805841417515 0.0 95.61013010920382 5.071155 136.3752406771937 8.494518944405899 1.4 0.2558629524377756 9.788323438736636 131.51479329891657 13.517549815888511 26.102563483206655
4398 9511.295821661519 3444.230140121019 214.86247644179113 52.88415036685462 9502 9517 3436 3450 128.0 3.314736881231537 2.91067140366246 60.89072448669314 0.47847663224076403 0.0505717491513006 0.4802407392732991 0.0 32.35890600043696 3.2343504 125.33609212769332 11.644818623188035 3.2126611527447992 0.2702829142906988 6.383076486422923 114.76784280600803 19.569487890017935 26.25044945337013
4399 9492.893217962395 3464.789075415069 214.8624244775569 52.88437815290322 9469 9520 3441 3491 1605.0 11.916335140386266 7.392656200228879 -46.98049103226091 0.7843013669297101 0.05700439141984841 2.3703630989709126 0.0 934.2321496829301 11.725687 1115.534586355229 18.851434767113908 1.5638763602661425 0.35295415433483174 22.60281768552284 1124.5340779015805 30.000380814700048 23.772568447902216
4400 3828.8207093365063 3463.8157078051345 214.91310033661392 52.92034454636988 3783 3874 3438 3489 2456.0 19.413807161661534 5.905697444998941 -25.884233941494866 0.9526079034112381 0.12485907023925086 5.858273967212181 0.0 3361.604642059797 15.361066 3749.407860600434 21.63182201112734 1.502536555305863 0.422172871545194 27.96013377055607 3830.2610588467433 34.10872152753615 22.44192906210663
4401 3794.077104222566 3462.990958850804 214.91342006523536 52.92056067899839 3789 3799 3458 3468 75.0 2.370906545221234 2.1990975715946526 -53.79735493207658 0.3737375908463371 0.08681185359546513 0.4758314097326761 0.0 21.330570516742622 2.584197 100.78528635268967 10.034662957238961 3.314112291420356 0.23067042963328147 4.886025119029199 189.6399821742283 16.006131656374762 25.705175235439686
4402 3853.6478073139856 3486.9902174505523 214.9126340389795 52.92031200871165 3841 3866 3476 3497 395.0 5.550790568526839 3.183527904165488 36.70800085872128 0.8191867029549109 -0.010404477874569395 1.9787517902462521 0.0 195.82836701468887 5.949261 253.1033608385365 11.606735440787624 2.1024560718542706 0.4630158853551427 11.213046198183495 283.0162441740539 18.487143652795275 25.27047159181921
4403 4210.8322507023595 3450.3159411740426 214.9098227219123 52.9178462680212 4194 4227 3439 3464 477.0 7.299376062821372 3.372921968300434 -33.89002553371194 0.8868363697335493 0.10505028806974932 2.3355031750982045 0.0 304.21748835688334 6.1363707 411.701669562334 11.439763522907278 1.8758498279877933 0.37675546151799955 12.322086499845234 470.39291573001196 18.161581585625306 24.71884806874631
4404 4179.029271627401 3471.625071171172 214.90988302076568 52.91816320476159 4157 4204 3454 3488 1139.0 9.172099859428291 5.306658952505507 -20.598694303860636 0.8156360479026721 0.07440985280054822 6.865840943620608 0.0 1186.6985748331788 9.654132 1306.2807916959564 13.11376964505848 1.5572774588104403 0.5004781151184476 19.040876039808087 1379.3536113759465 21.13529114713331 23.550810959319577
4405 4158.653063777053 3482.3219255205127 214.9099527812084 52.918350312125064 4150 4170 3473 3490 196.0 4.1570448639581565 2.629067023774454 42.73361405318972 0.7746121849387387 0.09942238924698926 2.2077810003853995 0.0 134.10328955553211 3.8874269 200.49235479798642 8.4322829578305 2.0890289406207385 0.3660833278512997 7.898654169668588 214.44275183424924 13.47447043806138 25.57172157082955
4406 650.6575719763977 3460.256597945202 214.94160357176514 52.94049985033477 646 656 3454 3467 110.0 2.737300321750006 2.173254217568151 -83.35434497910516 0.6079951612894966 0.1154186583048634 1.290139868788146 0.0 53.40161390818333 2.9469204 66.60931787455701 5.356224957701292 1.7821189994344202 0.34085906624212303 5.917270272703197 72.30942892034682 8.53783921362723 26.752012670972437
4407 643.7313936850456 3469.0825416042826 214.9415726848526 52.940591471131 641 647 3466 3473 39.0 2.2551393253225216 1.2971429515272395 -64.89747456936905 0.8180169238348476 0.10603445346223107 0.32760470332668645 0.0 8.733198407684952 1.7028643 31.771404472594988 6.13146222097117 2.955654696096078 0.13463859412593832 3.523362819972964 28.062313825488673 9.809152062575615 27.7796913072345
4408 7271.069534054468 3468.7238727334156 214.8822474378951 52.89851241820999 7266 7275 3464 3474 74.0 2.3342248353041164 2.2352620967533907 27.078919082412753 0.2880891397480581 0.09566804487781688 0.33052422174917023 0.0 14.329557805404342 2.153346 51.72271590631409 7.4594626809058795 2.9540354082151374 0.18642489569448684 4.853342309955121 81.88520688835177 11.911533619810921 26.616986373408615
4409 7264.447122841223 3487.690914405353 214.882106964843 52.898656805368674 7250 7279 3473 3505 744.0 6.314007489395509 5.468696418125638 -83.28936497581216 0.4998338542298279 -0.0046960385875470054 1.8506207695159937 0.0 235.32891231748232 6.8714776 312.4623251070159 12.056799375364498 1.8548696038455252 0.46173268073003315 15.389040103942165 322.19317494415463 19.268187069232056 25.12970915882588
4410 2433.329238027738 3484.6734431973355 214.92537637954626 52.92931637490589 2421 2445 3469 3500 562.0 6.276849598329402 3.9473817685689365 -57.85314968470674 0.7775028155978853 0.05580162708896257 4.203567600356811 0.0 611.0868585789742 7.764489 692.1341239874225 11.420024608607944 1.59065495706044 0.45875962266491266 13.374982468597496 713.7057785245529 20.200388493640787 24.26620196740021
4411 2425.861796100162 3503.351221570732 214.92524656491034 52.929464615268294 2422 2430 3499 3507 59.0 2.037008698847512 1.830774613468205 -45.07643392146526 0.4384483161534747 0.10725778010513866 0.7049253462742218 0.0 19.525077295334743 2.5404096 38.333898970842846 6.68650702531427 2.3023877029473567 0.2567313157401425 4.3336224206596095 33.445620346975176 11.49003324274608 27.5891518609341
4412 140.10178880224368 3500.5658677174615 214.94575438882734 52.9439578393794 138 143 3498 3503 25.0 1.5823338784689789 1.1386338978151853 -47.3640244086012 0.6943977061831228 0.040602869189569804 0.25355238503652844 0.0 3.474782091376703 2.3920724 11.050735739290989 7.925585008427092 2.7396704911787286 0.25103151847289745 2.8209479177387813 15.843573769301411 12.740510276061954 28.400367124223123
4413 143.57112642513016 3499.8213519091214 214.94573113726187 52.94393180054693 143 144 3499 3501 5.0 0.7486906079005531 0.4516450536745684 70.1885263291705 0.7975547352329313 0.1213646575586904 0.16567268418721667 0.0 0.6944610290701707 1.0309911 5.645871235626559 4.30404890132795 3.7087350395990124 0.07556133120725517 1.2615662610100802 8.009176584453392 6.780002567571331 29.14103032752039
4414 6687.507424153074 3532.077662175981 214.88679990252425 52.902560477402425 6673 6705 3518 3541 410.0 6.029674957750042 3.8728930469592604 -51.32445334879497 0.7664487702712871 0.06182217260403285 3.3974423650601806 0.0 296.66669393928345 5.3252516 417.7441260895379 10.393589660335778 1.962675334479954 0.4738134128982708 11.423968370726268 482.13973102004786 16.909773417796522 24.69206769684841
4415 6703.467575017679 3553.497544162069 214.88643160472196 52.90257468341828 6667 6740 3516 3599 3442.0 14.06268779696322 12.201443055806402 -39.37526162838853 0.49718145777188355 0.07856039315058755 7.468925015859815 0.0 3590.820040453722 15.539496 4031.4785905790204 22.97955413198359 1.5636086256749082 0.4278622386152955 33.100190758432305 4211.258618585234 36.76219292865021 22.33897021800261
4416 6733.992299655854 3554.48819764765 214.8861481334501 52.90238616714981 6726 6745 3540 3571 375.0 5.509670644893477 4.578723445299327 85.03301564636946 0.5562216716218946 0.16078348212489552 2.477323735978967 0.0 214.08993057843344 5.0162406 398.5176821821151 13.04114419828537 2.370861841714156 0.3668905280820387 10.925484305920792 467.4917665894875 21.184886361262542 24.725565083669782
4417 6727.303762274614 3576.6568145077194 214.88597454198106 52.902548252302054 6718 6738 3570 3585 202.0 4.575324795518726 3.2739436101904196 -37.363849782266946 0.6985458588994744 0.10284868714511303 0.6459367418960991 0.0 74.25113161893745 3.6851804 261.36395772037827 13.13653272764503 3.2133967584822343 0.19876587562654452 8.018640596081465 332.7499257594384 21.837187003696254 25.09470508187416
4418 6677.051322048139 3579.987638301779 214.88638897508295 52.902885374557265 6673 6682 3576 3585 78.0 2.4137679687491342 1.9013554814759022 32.50806242075351 0.6160428835205307 0.00758814242653126 0.7404913572744785 0.0 22.665341486553455 2.262539 75.43163259840537 7.445164973998197 3.1145565841024836 0.3131792988868426 4.982787485166879 146.5990472350323 11.938671722061049 25.98467213054542
