outputs/dr0.5_c0.1/nircam3_matched_f277w_f410m_dr0.5_c0.1.ecsv
# %ECSV 1.0
# ---
# datatype:
# - {name: label, datatype: int64}
# - {name: xcentroid, datatype: float64}
# - {name: ycentroid, datatype: float64}
# - {name: sky_centroid.ra, unit: deg, datatype: float64}
# - {name: sky_centroid.dec, unit: deg, datatype: float64}
# - {name: bbox_xmin, datatype: int64}
# - {name: bbox_xmax, datatype: int64}
# - {name: bbox_ymin, datatype: int64}
# - {name: bbox_ymax, datatype: int64}
# - {name: area, unit: pix2, datatype: float64}
# - {name: semimajor_sigma, unit: pix, datatype: float64}
# - {name: semiminor_sigma, unit: pix, datatype: float64}
# - {name: orientation, unit: deg, datatype: float64}
# - {name: eccentricity, datatype: float64}
# - {name: min_value, datatype: float64}
# - {name: max_value, datatype: float64}
# - {name: local_background, datatype: float64}
# - {name: segment_flux, datatype: float64}
# - {name: segment_fluxerr, datatype: float32}
# - {name: kron_flux, datatype: float64}
# - {name: kron_fluxerr, datatype: float64}
# - {name: kron_radius, unit: pix, datatype: float64}
# - {name: gini, datatype: float64}
# - {name: equivalent_radius, unit: pix, datatype: float64}
# - {name: kron4_2_flux, datatype: float64}
# - {name: kron4_2_fluxerr, datatype: float64}
# - {name: kron4_2_mag, datatype: float64}
# meta:
#   PHOTMJSR: 0.8704000115394592
#   PIXAR_SR: 2.11539874851881e-14
#   __serialized_columns__:
#     area:
#       __class__: astropy.units.quantity.Quantity
#       unit: !astropy.units.Unit {unit: pix2}
#       value: !astropy.table.SerializedColumn {name: area}
#     eccentricity:
#       __class__: astropy.units.quantity.Quantity
#       unit: !astropy.units.Unit {unit: ''}
#       value: !astropy.table.SerializedColumn {name: eccentricity}
#     equivalent_radius:
#       __class__: astropy.units.quantity.Quantity
#       unit: !astropy.units.Unit {unit: pix}
#       value: !astropy.table.SerializedColumn {name: equivalent_radius}
#     kron_radius:
#       __class__: astropy.units.quantity.Quantity
#       unit: !astropy.units.Unit {unit: pix}
#       value: !astropy.table.SerializedColumn {name: kron_radius}
#     orientation:
#       __class__: astropy.units.quantity.Quantity
#       unit: &id001 !astropy.units.Unit {unit: deg}
#       value: !astropy.table.SerializedColumn {name: orientation}
#     semimajor_sigma:
#       __class__: astropy.units.quantity.Quantity
#       unit: !astropy.units.Unit {unit: pix}
#       value: !astropy.table.SerializedColumn {name: semimajor_sigma}
#     semiminor_sigma:
#       __class__: astropy.units.quantity.Quantity
#       unit: !astropy.units.Unit {unit: pix}
#       value: !astropy.table.SerializedColumn {name: semiminor_sigma}
#     sky_centroid:
#       __class__: astropy.coordinates.sky_coordinate.SkyCoord
#       dec: !astropy.table.SerializedColumn
#         __class__: astropy.coordinates.angles.Latitude
#         unit: *id001
#         value: !astropy.table.SerializedColumn {name: sky_centroid.dec}
#       frame: icrs
#       ra: !astropy.table.SerializedColumn
#         __class__: astropy.coordinates.angles.Longitude
#         unit: *id001
#         value: !astropy.table.SerializedColumn {name: sky_centroid.ra}
#         wrap_angle: !astropy.coordinates.Angle
#           unit: *id001
#           value: 360.0
#       representation_type: spherical
#   astropy version: '5.1'
#   kernelfile: kernel_f277w_f410m.fits
#   make_catalog parameters:
#     ab_zpt: 31.4
#     coadd_bands: !!python/tuple [f277w, f356w]
#     deblend_contrast: 0.001
#     deblend_nlevels: 32
#     deblend_npixels: 1
#     detect_kernel_fwhm: 4.0
#     detect_kernel_npix: 7
#     detect_npixels: 4
#     detect_threshold_nsigma: 3.0
#     flag_isolated_buffer: 4
#     hst_bands: !!python/tuple [f606w, f814w, f125w, f140w, f160w]
#     jwst_bands: !!python/tuple [f115w, f150w, f200w, f277w, f356w, f410m, f444w]
#     near_border_kernelsize: 21
#     reference_band: f200w
#   make_catalog version: 1.4.0
#   photutils version: 1.5.0
# schema: astropy-2.0
label xcentroid ycentroid sky_centroid.ra sky_centroid.dec bbox_xmin bbox_xmax bbox_ymin bbox_ymax area semimajor_sigma semiminor_sigma orientation eccentricity min_value max_value local_background segment_flux segment_fluxerr kron_flux kron_fluxerr kron_radius gini equivalent_radius kron4_2_flux kron4_2_fluxerr kron4_2_mag
[from data line 2462]
2463 2257.943244938037 3222.144420255815 214.82116638272268 52.8742802498087 2253 2263 3219 3226 66.0 3.0006116335641297 1.628189077032531 -22.72084770146773 0.8399788991527871 0.20821685995376638 0.4171318053125703 0.0 20.760363953507085 1.714954 54.27365126357182 5.394759871169505 2.675034150452512 0.0948426788653441 4.583497844237541 64.8644542790694 8.64272143894053 26.869983078473116
2464 3207.256149970849 3222.792857014358 214.81268379348083 52.86824974935959 3201 3214 3219 3227 104.0 3.271565113587731 2.1725195348838895 -5.254935439731514 0.7476781997016267 0.17998246100705775 0.5306414613940363 0.0 34.6482378714978 2.0432167 84.384641430928 6.449505294952519 2.6109735704492296 0.16217493720578036 5.753627391751592 103.67126620258536 10.292839792089211 26.36085399279904
2465 6748.344230092674 3227.3446146181946 214.78104071784668 52.8457611786866 6740 6756 3219 3235 221.0 3.517665425150287 2.7146405124537503 -36.726689770536304 0.6359666785728494 0.16140431361149396 3.7425996727439226 0.0 229.91387632092128 3.1563027 272.4840907422934 5.066105876440273 1.8791008050002915 0.46713947645232157 8.387281135541944 322.71121381718217 7.672819016263563 25.127964857838954
2466 305.33576352819534 3224.1017999793476 214.8385866669204 52.886700007197 302 309 3220 3228 57.0 2.041184674257878 1.827276422280229 -76.4470231228202 0.4456568511133521 0.21954245179026566 0.7925723042546529 0.0 26.04119722563461 1.4886738 86.27325301851768 4.984531168468846 3.0223020769177817 0.19779350704663362 4.259537945889915 148.41571477806525 7.868201231939335 25.971300279986377
2467 3476.5331545704944 3241.3815670264953 214.8100842944963 52.86663823579873 3452 3494 3222 3258 870.0 9.741303096209325 4.004424319209036 35.62063307571089 0.9116006870506447 0.21528069124812307 6.22899495878513 0.0 855.303600459511 6.437562 1034.7623994567402 10.584475176775495 1.8061558280473446 0.4741088252425385 16.641201909113953 1124.0154592248234 16.540967285241383 23.77306928906627
2468 6091.904606339304 3224.4865651555297 214.78692537863384 52.849919849081964 6089 6095 3222 3227 33.0 1.852803719264505 1.2988329324693537 27.01728110064351 0.7131519744762177 0.17803886020090726 0.36003544543747357 0.0 9.142951522346689 1.1627729 29.378946404070028 3.7117833815862675 2.950042349758044 0.09164694357945134 3.2410224072142872 27.562683388456918 5.940041415333771 27.799196258994712
2469 8386.75984937443 3233.570509863969 214.76636759362447 52.83537534736014 8381 8392 3227 3240 104.0 3.562633662344111 2.1510791235017828 -48.64345998546751 0.7971441570759005 0.2478964540255927 0.5358698198294979 0.0 37.760591178645264 2.1366613 121.27386190083479 7.05150801340159 2.895585230975097 0.11826937649964445 5.753627391751592 158.48896206415608 11.344335647578625 25.900002446889285
2470 379.78701128480697 3234.4093203887346 214.83781292561903 52.886282470030295 377 383 3230 3238 49.0 1.9981802975541738 1.6726131730729654 -89.80257880897919 0.5470985637880788 0.22318727220145582 0.5499767625402016 0.0 17.57088746654098 1.4968945 73.51396326055942 5.330967023126563 3.2245499973142095 0.1476397148177578 3.949327084834294 149.2521889331189 8.406702275505092 25.96519822696878
2471 3181.145999335309 3242.5976288526645 214.8127083346415 52.86852244264939 3174 3189 3231 3252 268.0 4.726306663149267 3.476633573456069 86.62061802104034 0.67742479029313 0.17096601107104253 1.0695926589230627 0.0 127.75790339323073 3.4160037 219.7246064686873 9.061537924820284 2.363369806233716 0.2515834781583893 9.23618154310838 300.6990022740834 14.166908819980012 25.204670032239385
2472 6412.077704809209 3237.2866017274114 214.783934951157 52.84795296393825 6410 6414 3232 3241 40.0 2.4150953859102775 1.221444601035105 89.88171807518623 0.8626776358144392 0.22721962935616044 0.5036389554319052 0.0 14.146843116352319 1.1308634 31.6491513564864 3.2305907963417075 2.4212358351098464 0.11097761776317595 3.5682482323055424 29.065827319510788 5.115648957054683 27.74154327731476
2473 874.1884585089564 3241.060646297614 214.83332598900137 52.88317651903619 870 878 3235 3247 91.0 3.1482447745704523 1.9713418224759747 -72.26156504109336 0.7796851840458214 0.17162794739621243 0.45053022973005813 0.0 27.322340841075516 2.0614438 69.13682275137626 5.9553281939283504 2.6871731761875997 0.15125369148894408 5.382025607773058 109.91785469931253 9.42626609069861 26.297329391153056
2474 2699.376538900069 3241.560441546695 214.81702037841916 52.87157913676812 2696 2703 3237 3245 51.0 2.124081896022285 1.3402280239946252 -57.06028545229345 0.7758087353952173 0.35384961261333814 3.2758434541582315 0.0 76.89334362225456 1.7355391 79.80744673492495 2.804825431771651 1.6853531485907254 0.3107957415403966 4.029119531035698 91.98419269317921 4.194360477496318 26.49071699728728
2475 3332.23680011966 3248.4978248620087 214.81129742768857 52.86759382261983 3320 3345 3237 3259 383.0 6.205253162315596 3.47814391321217 39.485170040144624 0.828143569611189 0.2061222301250319 1.5829488181284836 0.0 236.65824497018997 4.029165 322.30023855540634 8.002919293183792 1.8869703396120154 0.306009695779071 11.041407809169618 323.06943064951804 12.870168427642351 25.12676033420622
2476 7022.415522420097 3279.434877785301 214.77804826629088 52.84429891890186 6988 7062 3238 3319 4253.0 14.108942561453688 8.904290830903916 54.996140956850944 0.7756935719814971 0.13316295050263066 51.35943987533848 0.0 11589.079619635006 14.479871 11675.759552976626 15.182612357449965 1.4 0.6353671162615614 36.7936400202489 12149.04083408062 22.30308585074072 21.188645020577603
2477 8177.510989683057 3242.090495672256 214.76814309896173 52.836752026593494 8173 8182 3239 3245 55.0 2.4379754949085313 1.5310388836785902 -21.455308342280457 0.7782165580472484 0.30388535874868927 0.7414332666718988 0.0 27.159057491070794 1.5532663 48.99543748998495 3.973103594295143 2.1221599775089013 0.14591858673668665 4.1841419359420025 54.86953105140163 6.547493123379988 27.051671878836338
2478 6728.574378860274 3246.8877771721636 214.78101126006058 52.845992152434775 6723 6734 3241 3253 111.0 2.9416015080640894 2.311745916772528 56.67990435634973 0.6183789772864374 0.16849051271801843 0.9204602058389906 0.0 48.88091381409 2.0606802 93.07853733140112 5.199623184088848 2.4131604112484446 0.2447997998505755 5.944106103225343 135.09991201530798 8.634971226759102 26.07336233453742
2479 7518.782989635608 3245.7128711150067 214.7739774784492 52.84096078682111 7515 7523 3241 3251 79.0 2.600565319928309 1.9013031438543275 65.31050797187521 0.6822580251109565 0.21127225611021277 0.9075503715306416 0.0 38.25823196484975 1.7296844 71.41453081892965 4.709305716284919 2.400989321784586 0.21971966396719192 5.014626706796775 73.10026951879676 7.674379197896357 26.740202554516756
2480 8546.22908107956 3244.651365530584 214.7648295356464 52.834420786687375 8543 8549 3241 3249 51.0 2.132431571433073 1.6303323509839058 85.73339135515953 0.6445745519840118 0.24641976673439211 0.6288053020105782 0.0 21.7346243153174 1.7056695 45.00297911924609 4.282215096355564 2.4637849743765807 0.1523616787026214 4.029119531035698 50.35706098134573 6.879202491974479 27.14484906201958
2481 7208.341588053714 3245.386746084248 214.77674886911225 52.84293321670734 7205 7212 3242 3249 54.0 1.9401797096523348 1.6424190262273055 46.78332313886075 0.5323420859492372 0.10240438395271292 0.7570422144311958 0.0 21.50628007906238 1.449664 26.06511724159073 2.814630980771213 1.8009447083520753 0.26276968821816504 4.145929793656026 27.142658693954214 4.413809651208793 27.81586903579896
2482 6337.013497398198 3248.712571999407 214.7844841311172 52.84849181287219 6331 6344 3243 3254 118.0 2.5681287686048937 2.140337116000023 0.13408632684069133 0.5526358710706227 0.12772211772811862 2.240322659286575 0.0 87.56996489338134 1.902762 101.85203136462636 3.0685105996362125 1.6918586684031782 0.4231320961326343 6.128667601500942 106.94206986899286 5.009773845052038 26.32712853590848
2483 1884.4028526206223 3252.48613887139 214.82418259405344 52.87681790791765 1879 1890 3245 3260 156.0 3.7349194868555795 2.7925155843989287 86.3871194484878 0.6640619157644795 0.18408476948576205 0.6143578742261632 0.0 57.97323753401241 2.543073 96.39139541094694 5.5089094114703485 1.9294744825350436 0.17078050618164595 7.046725639945928 92.91489489634091 8.692704727359542 26.479786650086737
2484 2036.473072197844 3247.0163923756177 214.82288215880465 52.87582191838282 2034 2039 3245 3249 26.0 1.4663734427874011 1.2533893125065563 0.3590704926929308 0.5190324930778912 0.2633138859737256 0.44513229392001485 0.0 8.783229634482765 0.96580184 34.8560163811114 3.6420495059007303 3.080022614825742 0.0977837690854732 2.876813695875796 52.13233340959707 5.942670933582951 27.10723208974305
2485 1337.446090280493 3250.6736967592055 214.82908667852254 52.88028429032327 1334 1341 3247 3254 47.0 2.2512409688923443 1.5337101315989599 35.667187333005806 0.7320292558015841 0.21315988228889846 0.44096963387121113 0.0 15.771734260138672 1.3099447 54.942121238517196 4.969687747771389 2.9720512257586047 0.09732625067188631 3.8678889139475245 63.96282673108233 7.921345408397116 26.885180878942716
2486 3761.4008816941123 3253.413930860004 214.80741486954494 52.864892229090216 3756 3768 3247 3260 149.0 3.3589675119376143 2.881143495019498 52.367385247132866 0.5140724641637039 0.18602877401525503 0.8740402984474787 0.0 66.7589860932551 2.5945578 112.43742800940406 6.112296813986821 2.1314658735961554 0.21671207531315614 6.886811529393324 119.28744761513596 9.489427199874319 26.208513134711254
2487 9064.861020508151 3251.9583427362195 214.76013033808815 52.83116150031539 9057 9071 3247 3257 87.0 3.762974201882181 1.608663366389205 30.07513728812944 0.9040163668566569 0.2155777049263848 0.5809865978403599 0.0 32.60111968621056 2.0805504 104.05409329569653 6.722831597286217 2.9467991119891073 0.1525502384709397 5.262410103554244 159.85069905790183 10.653534970755294 25.89071365033676
2488 853.411331581251 3250.6885959726856 214.83341020142947 52.88336045722934 850 857 3248 3254 35.0 2.2233246042926362 1.2095747251318199 36.749497261295794 0.8390600962218675 0.20555935105142073 0.40921174129561483 0.0 11.161354399692444 1.1520106 41.1891641821274 4.269983948217829 2.9757200171975864 0.10033082929830633 3.3377905890622728 40.928633011716215 6.836034987148125 27.36993190062617
2489 9829.502655411457 3257.0379672620556 214.75326332906855 52.82632520391832 9817 9844 3249 3265 325.0 4.894521161555212 2.8701900417976343 7.601498378953125 0.8100152940415485 0.22716574771378925 4.5527140872569225 0.0 341.47781646737417 3.9111679 415.790373986853 6.6038410948699635 1.8853570716263592 0.46399670255396364 10.171072362820547 468.95396004468864 10.374138734282191 24.72217448105885
2490 7616.901770054796 3256.107275433476 214.77299324943502 52.84039278504405 7610 7624 3251 3262 148.0 3.660402463180761 2.5568029494487186 -30.244900497723005 0.7156069000921432 0.20609200840393846 0.9680990161560707 0.0 68.47806908129215 2.60433 134.37027872988892 6.916887128292147 2.4904790485669173 0.2176859695222773 6.863662517577698 159.0373342540741 11.008008529063169 25.896252281066104
2491 1604.1610911667115 3261.198749294173 214.82659364899988 52.878645954705526 1597 1611 3252 3269 200.0 4.072235891593992 2.5921821274087105 66.81191449349107 0.7712353607265723 0.17973071542429125 2.0194846996909774 0.0 131.27942207529733 3.0342827 171.9377887895135 5.703395154854431 1.9302816555637123 0.3634048618173051 7.978845608028654 207.24099902212527 8.858716422883235 25.608810807069815
2492 8190.650700746612 3259.7564102746487 214.76783998413427 52.836763588833605 8187 8194 3254 3264 64.0 2.414997285308921 1.6829754727850212 -63.78029982314796 0.7171828532925416 0.19869502071039194 0.7458051780204358 0.0 24.996009433723174 1.6022022 55.11555353924987 4.972821321398242 2.657655245746454 0.22627510267563994 4.51351666838205 54.43517904254523 8.175325775708592 27.060300860762613
2493 8904.339015388754 3258.3161983646055 214.7614939706337 52.83221671299243 8899 8910 3254 3262 94.0 2.674979190849722 2.0195847245702923 -3.0802037728547105 0.6557353630477938 0.26180385244849935 1.5184361464605478 0.0 66.62568754499576 2.0313466 94.98097959005739 4.643458398672608 2.006837694310825 0.28724635853103636 5.4700209598571305 98.47248544486561 7.221208509700849 26.416712750881015
2494 2271.8803075022147 3276.092005042181 214.82047383244662 52.874482420263845 2254 2292 3257 3294 1106.0 7.737955979931152 6.069393074027566 41.74861592987571 0.6202977266794051 0.16109786326266298 6.8866005359713345 0.0 1586.5912227204144 7.2124248 1693.1135411291011 9.713991820848543 1.5258964995981759 0.4870908863688274 18.763015059400033 1765.7703520498603 15.315526712988367 23.282664448559164
2495 3188.888852869187 3272.270407875932 214.8123267531551 52.868633126087026 3183 3195 3263 3282 193.0 4.299492874832903 2.8014561150926545 76.74753935868911 0.758581414456057 0.18000748565944596 0.9095307130385082 0.0 81.75560667750885 2.7779357 198.63052818417523 8.602317488970268 2.7514128978531582 0.22837473811591222 7.837972188868215 254.54120135861976 14.234058277944916 25.385604776201667
2496 6582.211332414301 3267.237442255652 214.78210227682402 52.84703245403355 6579 6586 3264 3270 47.0 1.929899323299788 1.6223164768248113 -28.10264129248261 0.5416217210530289 0.23943456272596983 0.7099467338393283 0.0 21.33775396900914 1.206103 71.7583399298669 4.248195695876534 3.061285949461331 0.16795114784261359 3.8678889139475245 94.18245613509025 6.75467518478633 26.465074970016538
2497 6631.76284377414 3265.949579680168 214.78167392780864 52.84671042936939 6628 6636 3264 3269 38.0 2.0705845457482903 1.318917037476316 -7.74905614908232 0.7708818866187126 0.17563352375415847 0.4753527068230717 0.0 12.841059049719648 1.08451 38.22758683557062 3.824798096527843 2.857079836764226 0.12901819722264654 3.477898169151024 47.62658838597504 6.066800002181312 27.205376317489716
2498 9979.384733602697 3269.996371963145 214.75179152948715 52.825441566160606 9974 9985 3265 3274 88.0 2.712527117232766 2.096067198442813 25.359354254297678 0.6347276291421957 0.184342633924394 0.7891334465388996 0.0 39.14168896241026 1.9714829 67.57662637031359 4.527035058755627 2.1756005384481525 0.19937204146452642 5.292567428401227 64.16510180960032 7.336740929538515 26.88175278077523
2499 2053.517918964191 3267.950131523695 214.82250950000284 52.87582641253165 2051 2056 3266 3270 22.0 1.4998944502917537 1.069214122511095 -27.099687761472683 0.7013067975607831 0.18840135570454428 0.3043612402773667 0.0 5.4732803363374 0.914461 16.69465931377816 3.166022308090091 2.8231102593235073 0.0817719451129768 2.6462837142006137 22.12066418899364 5.080406844792925 28.03800459291153
2500 8511.33493619318 3285.4416528880797 214.76471111680502 52.83486235514717 8492 8533 3267 3301 1028.0 7.7507280166211165 5.837960119027848 -10.671617518372521 0.6577750643542668 0.1794978259391973 6.637610978819774 0.0 1328.5603043218216 7.314301 1506.771409956014 11.477041517811235 1.7727006943748298 0.4750622602068512 18.089294154193436 1726.1822152974933 18.0367388143416 23.307283405501423
2501 7381.78216433312 3273.316110619246 214.77490835673842 52.84198067961742 7380 7384 3271 3276 24.0 1.5739018264602223 1.1363277135403502 59.559039745786265 0.6919125507335994 0.2345954552830982 0.37334107738734146 0.0 7.356405314340291 0.8825161 31.01399796711405 3.4152347169646187 3.0844427962045082 0.0816192945793246 2.763953195770684 39.95096928205934 5.586308329260994 27.396181698650743
