outputs/dr0.5_c0.1/nircam1_matched_f150w_f277w_dr0.5_c0.1.ecsv
# %ECSV 1.0
# ---
# datatype:
# - {name: label, datatype: int64}
# - {name: xcentroid, datatype: float64}
# - {name: ycentroid, datatype: float64}
# - {name: sky_centroid.ra, unit: deg, datatype: float64}
# - {name: sky_centroid.dec, unit: deg, datatype: float64}
# - {name: bbox_xmin, datatype: int64}
# - {name: bbox_xmax, datatype: int64}
# - {name: bbox_ymin, datatype: int64}
# - {name: bbox_ymax, datatype: int64}
# - {name: area, unit: pix2, datatype: float64}
# - {name: semimajor_sigma, unit: pix, datatype: float64}
# - {name: semiminor_sigma, unit: pix, datatype: float64}
# - {name: orientation, unit: deg, datatype: float64}
# - {name: eccentricity, datatype: float64}
# - {name: min_value, datatype: float64}
# - {name: max_value, datatype: float64}
# - {name: local_background, datatype: float64}
# - {name: segment_flux, datatype: float64}
# - {name: segment_fluxerr, datatype: float32}
# - {name: kron_flux, datatype: float64}
# - {name: kron_fluxerr, datatype: float64}
# - {name: kron_radius, unit: pix, datatype: float64}
# - {name: gini, datatype: float64}
# - {name: equivalent_radius, unit: pix, datatype: float64}
# - {name: kron4_2_flux, datatype: float64}
# - {name: kron4_2_fluxerr, datatype: float64}
# - {name: kron4_2_mag, datatype: float64}
# meta:
#   PHOTMJSR: 2.251199960708618
#   PIXAR_SR: 2.11539874851881e-14
#   __serialized_columns__:
#     area:
#       __class__: astropy.units.quantity.Quantity
#       unit: !astropy.units.Unit {unit: pix2}
#       value: !astropy.table.SerializedColumn {name: area}
#     eccentricity:
#       __class__: astropy.units.quantity.Quantity
#       unit: !astropy.units.Unit {unit: ''}
#       value: !astropy.table.SerializedColumn {name: eccentricity}
#     equivalent_radius:
#       __class__: astropy.units.quantity.Quantity
#       unit: !astropy.units.Unit {unit: pix}
#       value: !astropy.table.SerializedColumn {name: equivalent_radius}
#     kron_radius:
#       __class__: astropy.units.quantity.Quantity
#       unit: !astropy.units.Unit {unit: pix}
#       value: !astropy.table.SerializedColumn {name: kron_radius}
#     orientation:
#       __class__: astropy.units.quantity.Quantity
#       unit: &id001 !astropy.units.Unit {unit: deg}
#       value: !astropy.table.SerializedColumn {name: orientation}
#     semimajor_sigma:
#       __class__: astropy.units.quantity.Quantity
#       unit: !astropy.units.Unit {unit: pix}
#       value: !astropy.table.SerializedColumn {name: semimajor_sigma}
#     semiminor_sigma:
#       __class__: astropy.units.quantity.Quantity
#       unit: !astropy.units.Unit {unit: pix}
#       value: !astropy.table.SerializedColumn {name: semiminor_sigma}
#     sky_centroid:
#       __class__: astropy.coordinates.sky_coordinate.SkyCoord
#       dec: !astropy.table.SerializedColumn
#         __class__: astropy.coordinates.angles.Latitude
#         unit: *id001
#         value: !astropy.table.SerializedColumn {name: sky_centroid.dec}
#       frame: icrs
#       ra: !astropy.table.SerializedColumn
#         __class__: astropy.coordinates.angles.Longitude
#         unit: *id001
#         value: !astropy.table.SerializedColumn {name: sky_centroid.ra}
#         wrap_angle: !astropy.coordinates.Angle
#           unit: *id001
#           value: 360.0
#       representation_type: spherical
#   astropy version: '5.1'
#   kernelfile: kernel_f150w_f277w.fits
#   make_catalog parameters:
#     ab_zpt: 31.4
#     coadd_bands: !!python/tuple [f277w, f356w]
#     deblend_contrast: 0.001
#     deblend_nlevels: 32
#     deblend_npixels: 1
#     detect_kernel_fwhm: 4.0
#     detect_kernel_npix: 7
#     detect_npixels: 4
#     detect_threshold_nsigma: 3.0
#     flag_isolated_buffer: 4
#     hst_bands: !!python/tuple [f606w, f814w, f125w, f140w, f160w]
#     jwst_bands: !!python/tuple [f115w, f150w, f200w, f277w, f356w, f410m, f444w]
#     near_border_kernelsize: 21
#     reference_band: f200w
#   make_catalog version: 1.4.0
#   photutils version: 1.5.0
# schema: astropy-2.0
label xcentroid ycentroid sky_centroid.ra sky_centroid.dec bbox_xmin bbox_xmax bbox_ymin bbox_ymax area semimajor_sigma semiminor_sigma orientation eccentricity min_value max_value local_background segment_flux segment_fluxerr kron_flux kron_fluxerr kron_radius gini equivalent_radius kron4_2_flux kron4_2_fluxerr kron4_2_mag
[from data line 1459]
1460 10294.959710860248 1855.459794923429 214.94432868905125 52.94297256616557 10287 10303 1851 1861 142.0 3.6519521332976326 2.1451190371469933 -13.502778517404904 0.8093042383778266 0.15133518663708723 2.29690503617315 0.0 115.9348778013898 4.2901464 164.9587065039105 8.43593906288909 1.9576699386889989 0.3148685348432106 6.723094811029982 168.70397944810367 13.272404869235528 25.832186682502154
1461 9791.640392624444 1856.5263003091356 214.94882840862246 52.94617259172131 9786 9798 1853 1861 86.0 2.8414020706085283 1.9820770323240846 -9.19308839722242 0.7165165747166926 0.24106083505086948 0.9420899186144033 0.0 45.39055854072334 3.1642148 84.2908686527193 7.914741309064686 2.2808071393461278 0.1887083634408693 5.232078956954491 94.36522776509908 12.559226294365768 26.46297001880255
1462 4187.764023439023 1854.8594904480608 214.9991150917329 52.981716391976484 4186 4189 1854 1856 8.0 1.1039924105547485 0.5297340389014948 35.867986549431876 0.8773588270210744 0.3069133581900691 0.3797669115384185 0.0 2.7451167627911173 0.9403242 22.91911130836743 3.9092050304212114 3.5894658881933945 0.041440828481891824 1.5957691216057308 33.86235864259159 6.24113177309128 27.57570698726095
1463 10005.7697611346 1869.1236064762859 214.9467765384689 52.94488169584281 9997 10016 1855 1882 321.0 6.7555114343310585 2.478471396869414 -60.123143016976215 0.9302677296066841 0.07159448429043137 2.103014800616608 0.0 227.1602467534987 6.0201664 296.50398232642084 11.873607724242646 2.012720751297011 0.3710635247710207 10.108287365572707 333.9857801448661 18.872015484528287 25.09068005854057
1464 8096.526035067508 1868.3912629374165 214.96390062834183 52.95699329757911 8091 8103 1856 1881 222.0 6.428039603386799 2.3892191295114724 -78.78843468308757 0.9283580833080907 0.1758316789530246 1.0750039673433451 0.0 114.64448537441527 5.068582 236.59116071325377 14.93268176632801 2.4431014207941013 0.20757981505932283 8.406235467365967 306.0687296401586 24.267267668718834 25.18545259758825
1465 2800.0062229871864 1862.8699990069072 215.0114922135008 52.99056077784245 2794 2804 1857 1870 104.0 3.6667359257079832 1.766007754596238 -59.53053080332985 0.8763749992158759 0.03603852653338105 0.6216697495570632 0.0 32.73909045883134 3.2909837 44.8669550306012 5.088618439855587 1.4149073422431864 0.2854512954125806 5.753627391751592 43.401521667794135 8.120779754532679 27.306237609378783
1466 1616.3369280915172 1865.6091985060743 215.02209622956963 52.99808131828695 1615 1618 1863 1868 20.0 1.6016512051975254 0.9174937596498017 69.99264895456203 0.8196655151031139 0.17838125635070776 0.2820675358766872 0.0 4.65080386635955 1.4415703 16.25311355260409 5.128287191026732 2.943810212004023 0.07747616118393436 2.5231325220201604 22.09915721069907 8.242312047895213 28.039060721411893
1467 1851.3018278477243 1882.7200672117501 215.01980498176457 52.99668398548088 1837 1865 1863 1904 868.0 6.558089731931032 4.234423746851958 62.35505502593129 0.7636085729187289 0.049342791854149075 15.452465388139643 0.0 1126.913348710386 9.848901 1186.5744967900691 12.262499682807642 1.6012069313740813 0.6086303578091949 16.622063085174787 1308.19730081742 19.254880874620724 23.608316878189978
1468 190.10423707179444 1870.1633387017755 215.03486495498012 53.0071485192138 186 195 1864 1878 94.0 3.353688644986351 1.921726015601755 68.80294830876623 0.8195423535228727 0.10691685935675643 0.9671290768946431 0.0 54.53697167317901 4.2737575 157.97517445963615 13.720615792835504 2.774640114356124 0.22051498201990943 5.4700209598571305 185.03264482168407 inf 25.731879108516786
1469 9555.634102974715 1866.883412314932 214.9508347386281 52.94772626191882 9552 9559 1864 1870 45.0 1.80057616539462 1.6066071575564111 -34.72762659663838 0.45149446012553285 0.1852441266594812 0.7166420784290893 0.0 18.7318264109923 2.1750066 33.58760605325209 5.522177499635702 2.2268639186802863 0.20417769037260267 3.7846987830302403 36.655020279972646 8.77827007361205 27.489666339693756
1470 6977.815960681623 1877.603611645452 214.97383727671357 52.964140960073266 6970 6986 1869 1888 265.0 4.0094059438699885 2.919161579512471 -65.95067628301224 0.6854939437950484 0.1272897514552405 4.5833436575098006 0.0 280.6494994949392 5.0509653 345.61956758645965 8.40734218715536 1.8539898970870674 0.4503019277831857 9.18434101276213 373.37259788002353 13.24423064504345 24.969643896110526
1471 4212.41943947409 1873.0386995636438 214.99870223404923 52.981658279931644 4210 4215 1871 1874 18.0 1.5091384145319449 0.8482532425019453 12.889972667696723 0.8270843457831472 0.13323419590603666 0.44507668193091854 0.0 5.3279481706791305 1.3750225 29.46863362600083 5.31166302968826 3.3324345773455315 0.18149043738199286 2.393653682408596 46.32013072338634 8.508142808494403 27.235575559062667
1472 9366.746957222387 1880.915710494683 214.95238011723487 52.949000732978284 9361 9374 1871 1887 155.0 4.261089889763462 2.143672669911185 -58.587843487568094 0.8642393598170003 0.19352353612590784 2.5420860266361305 0.0 106.95327794947735 4.148386 143.87212793917598 8.72889688021469 1.967915228664235 0.3656581425201485 7.024103669400641 173.45835885068578 13.87161640930353 25.802011917340074
1473 3878.222981258824 1885.9818629288104 215.00156634718675 52.98384782893639 3866 3890 1874 1897 373.0 6.418894891674948 2.949658049157409 -43.86201558046858 0.8881635959264135 0.0767214746453679 2.002258541922944 0.0 261.9098899008967 6.8559384 337.3888405554517 12.869476867759397 1.929489666774238 0.3764870241705289 10.896310731002211 498.1424293343718 20.522920839461833 24.656616164033764
1474 6166.081976042561 1882.1990001631261 214.98107134758027 52.96931547920353 6157 6175 1875 1889 189.0 4.335901007838714 2.2241737471480163 37.917746501646455 0.8584083806909311 0.1156862164656632 1.6881008182487056 0.0 102.52023913301454 4.2118273 122.77085097224455 6.892111952687269 1.6640050396083874 0.376190796659207 7.756324418739616 128.28560858248295 10.910576030970034 26.12955515297886
1475 622.3153616150635 1879.8641166719844 215.030878158536 53.00446083137326 619 626 1876 1884 60.0 2.519778507763873 1.6939475696233242 56.4071362420527 0.7403146727898874 0.16956469189024653 0.5197491115698364 0.0 20.033556830810355 2.5141962 50.90118426940949 7.387269836823919 2.5458938416744927 0.14911794764448288 4.370193722368317 53.673797156028265 11.768740656842231 27.075594198591784
1476 7936.674074705596 1881.5946071718834 214.96519506626788 52.95807889184297 7928 7951 1876 1888 220.0 5.060946795976874 2.3816220703973565 -10.780991620510415 0.8823529360379136 0.05371789089001963 2.2495165699938187 0.0 142.1439657744006 4.43693 166.36696416444886 8.327986198076605 1.8364985845659272 0.41200035368154925 8.368283871884005 183.76493405793218 13.27363792060703 25.73934339230459
1477 1497.7775252674612 1883.145309845033 215.02297669553778 52.99892788353957 1492 1504 1877 1889 133.0 3.0256841562271943 2.3326374957734464 -47.462408805875626 0.6369011550694322 0.1038301172840431 1.5511809403021217 0.0 76.63577817550039 3.8502488 95.17083343903226 6.8867590698643895 1.7906799349675933 0.3410906734927177 6.506551687525748 99.27015748518929 10.93468930100135 26.407953222854992
1478 6593.383210469256 1899.7342847525063 214.977052888783 52.96669945897251 6582 6607 1878 1921 720.0 8.947054778426196 4.015138955183265 76.42481414205785 0.8936490242956833 0.048005743656181155 2.1426984450679134 0.0 388.8721620157563 8.117563 502.86492335852466 14.874777818798691 1.8880026938764152 0.39137293972453363 15.138795132120961 568.0057263915288 23.626244007348717 24.514118214737827
1479 10173.663045860916 1887.4979638446512 214.94507831412056 52.943915401911596 10169 10179 1882 1893 102.0 2.3320783847294755 2.102370068410399 -81.46570373445276 0.43277784610473097 0.16375936285863377 2.4014290249633548 0.0 72.28945174949875 3.3986585 103.71092558950184 6.779483909481819 2.117008700833984 0.40982107589167593 5.698035485213008 118.7731755500223 10.768295757938596 26.213204079911193
1480 293.8050859168171 1885.5264059926847 215.0337710098819 53.00657417236756 291 297 1883 1888 39.0 1.6133479003130329 1.4866555640819388 -2.26428860060824 0.3884438355269888 0.141539762663316 0.7682362350087284 0.0 16.342650929993386 2.0130258 26.513272052503492 4.720177013875002 2.18108627520883 0.242869761366436 3.523362819972964 30.290852934341732 7.4998647829897545 27.6967212439159
1481 4254.759265286029 1886.9621530766703 214.99817544589175 52.981465000236646 4251 4258 1884 1891 51.0 1.947205585316701 1.7471811572997853 -21.668143527433095 0.4414696889553149 0.07489358023408921 0.49063947594633434 0.0 15.250608467297091 2.3056703 35.40843289406434 6.753080887600131 2.5670747655031843 0.1798347706515364 4.029119531035698 41.2308886410353 10.692536832325038 27.36194326209077
1482 6485.583258427765 1887.5469389802042 214.978148401064 52.96731749425201 6482 6489 1884 1891 49.0 1.9631774513337092 1.6048144337145027 -45.389224790941874 0.575988701233659 0.10540629974631847 0.5401568830392374 0.0 15.36977681872622 2.111377 31.477884389320412 5.909587912938591 2.530125983825643 0.20944171968146522 3.949327084834294 22.707020602597535 9.367318224808942 28.009599614994087
1483 6504.614670493107 1896.581933057935 214.97788248636093 52.96724557845179 6492 6516 1888 1908 346.0 4.044429242702625 3.037223567163959 26.41135605832242 0.6603423573553697 0.05629786385345574 8.789133275773743 0.0 430.1989040174216 5.854352 462.31683294133603 7.622972298597541 1.603082289986731 0.5782901993751259 10.49453289192004 500.94500129213657 11.914123406422162 24.650524881671654
1484 3358.1951702526926 1899.640215731189 215.0060919243113 52.987219707171626 3352 3364 1891 1909 182.0 3.9567516294859133 2.4136553557015494 89.96729106740256 0.7923942416518301 0.09575185963744891 1.4009463105156368 0.0 95.99719523615562 4.4077578 109.60518451462752 6.193746340201612 1.4 0.35050278551104436 7.611333607551958 108.50228599804456 9.789137587889279 26.311402779287985
1485 8187.275569349164 1894.7620614196637 214.96280908339455 52.95655993832554 8186 8188 1893 1896 10.0 1.0195706902897428 0.659730009184928 79.7148961468486 0.762433591363386 0.0847059178163925 0.3113768397116814 0.0 1.97533573496412 2.1796632 10.648905471664985 9.551587579950965 3.5764665901961283 0.2276802767501339 1.7841241161527712 -7.027445612745314 inf nan
1486 1393.979290696603 1905.4548768974498 215.02367427327272 52.99970666059289 1376 1415 1894 1916 695.0 7.2726992493295475 3.9014714022606842 6.7151588911233135 0.8439293175002726 0.09925175229271409 5.179549945719338 0.0 814.6684746357471 8.92366 883.5586272790135 12.426110551194755 1.5903401711132084 0.5091605357490872 14.873646859386387 938.4411409363598 19.551429953569144 23.96898240288672
1487 3562.1506144324853 1898.0242140530888 215.00427749563195 52.98591749557468 3558 3566 1894 1901 47.0 1.9407870978587654 1.5532409394650348 -39.3197155109664 0.5995798298199907 0.1722742366319922 0.9176788675110176 0.0 22.839023645046154 2.415508 43.77822450509176 6.435964851330292 2.419725501707751 0.21856345858763448 3.8678889139475245 46.73758031340136 10.179855414438968 27.22583443887422
1488 6460.70024595978 1897.2632381515857 214.97826929829336 52.96752785346521 6458 6464 1894 1900 39.0 1.64539366385659 1.340771912661787 -74.91426588770467 0.5796523181359643 -0.019967984017474235 0.30502833460383255 0.0 5.60159039331788 1.858975 6.197770150591962 2.7136449902973605 1.4 0.30216448935495044 3.523362819972964 0.2497356673787321 4.356879329904891 32.90629856763425
1489 946.5915740051482 1897.0966483118195 215.02778242143637 53.002498075022324 944 949 1895 1899 21.0 1.5198558966738656 0.9831562360360397 -19.26017920558579 0.7625963546366283 0.19912888425276845 0.45101546233112794 0.0 6.442228286748811 1.4987252 15.458908536479576 4.48899935140902 2.53714135375987 0.12773762209063994 2.5854414729132054 16.59339695983817 7.138387163544774 28.350161742911567
1490 401.7975549490139 1903.11403862314 215.03261508361098 53.005984638077756 396 410 1896 1909 170.0 2.294006989456344 2.190698966605025 -17.9510937737456 0.29671484481885607 0.030405178374379116 8.314336097552962 0.0 182.53212620152675 4.330703 195.7643370543692 5.4467351870398755 1.6956074612381018 0.6381670860887868 7.356132180109627 220.32592633205982 8.544406799390105 25.542335988166585
1491 992.2266679522913 1903.3551059912072 215.02730639611994 53.00224258136913 989 996 1897 1910 87.0 3.287434027226284 1.8258976384996644 -81.51682924879098 0.831571797398415 0.12109493085062009 0.4844343600954102 0.0 25.47139415079593 3.0583704 59.19363364707157 9.538176887573396 2.680420801194018 0.170856761480483 5.262410103554244 45.72033833286868 15.222019810637764 27.249726411158083
1492 10118.237960154142 1908.0417774188957 214.94535867242675 52.94437810468228 10111 10125 1899 1915 184.0 3.1889558875788064 2.5058359507437538 55.448824236919805 0.6184988485164856 -0.013911046838276844 2.1339427268017785 0.0 75.34129028562052 4.556525 84.50590138219707 6.8460646571658454 1.6474662921147625 0.49092903891357825 7.653039857325812 88.19961595508418 10.75762319603151 26.53633326474842
1493 545.3321056238957 1914.9236336579238 215.0312006368487 53.00513850878739 529 563 1900 1928 739.0 6.569825607104961 4.707515640618551 -22.81692778284655 0.6975502573381954 0.060103324640920504 5.685805370442432 0.0 670.4753171786006 8.862067 809.0168818985276 14.497631649408534 1.8565640318963985 0.4933582044594208 15.33724244738347 873.1460002025674 23.021364064656332 24.047282827789815
1494 1066.3596583543313 1904.5406054924047 215.02662774234943 53.00177896716232 1055 1073 1900 1908 122.0 4.32749140487529 1.8082205783364902 0.45669779864231724 0.9085183372145922 0.011058876315352809 0.8607475048318654 0.0 32.15231037854668 3.666767 45.05580921010342 7.342963250382378 1.7998389316108834 0.37441862461756703 6.231677632421503 54.293408739057355 11.679772109678254 27.063132227225253
1495 1109.425987468188 1910.100393910531 215.02618217532822 53.00153597758849 1096 1123 1900 1920 452.0 5.298320304478177 3.6099756153313796 -0.49013987041803936 0.7319639060479759 0.07764054250635533 4.7709157328712735 0.0 422.33966626429094 7.294249 497.3447934789343 11.630165960348913 1.7899663261004606 0.47579014638146383 11.994835078277376 540.9070377470146 18.31135177569735 24.567193419778043
1496 1808.1555284474414 1902.0925360905223 215.01998850773296 52.99706231787029 1807 1809 1901 1903 8.0 0.8552259229270359 0.682752209055071 -47.97559586268935 0.602220702822909 0.5131933121365804 0.6286034779477123 0.0 4.730952586951759 0.9185801 32.745404702676055 3.78233884047998 3.516159836824632 0.03833489460598406 1.5957691216057308 39.18171009753809 6.064691898779746 27.417291532535398
1497 662.1756123217157 1909.7360644121327 215.03020520029054 53.004369665052074 657 669 1902 1917 157.0 3.4419706928505116 2.454069551554025 84.78000854331316 0.7011804439531715 0.08981930950578743 1.4811737857527623 0.0 85.3399211720484 4.022232 118.98779523820039 8.95635749967065 2.195196189716887 0.3372219258260718 7.069275219628611 146.1138970221089 14.291206577330081 25.988271189921416
1498 3166.4528152128614 1906.5192977678494 215.00774133646865 52.9884728909087 3164 3169 1904 1909 31.0 1.398639170039752 1.352648117032623 31.434082233753507 0.2543308018408738 0.6055832070939204 2.2582156625226957 0.0 39.47931955508037 1.9648207 63.26506568544765 4.474216944618735 2.1946335711800744 0.23310260776859532 3.141274657157109 73.09887733372082 7.120470567531493 26.740223232417733
1499 4130.248621874028 1914.1383588954789 214.99900698224488 52.98240159675153 4125 4134 1907 1920 88.0 2.6997497387655125 1.948694540888346 -67.71594466149485 0.6920958338781653 0.081758426873118 0.7774774314302707 0.0 26.269782392355737 2.96994 76.37663251871103 9.352145012412707 2.8872868642996563 0.30783150049759694 5.292567428401227 173.3545628092567 15.05063551050499 25.80266180733215
