outputs/dr0.5_c0.1/nircam6_detect_f277w_f356w__dr0.5_c0.1.ecsv
# %ECSV 1.0
# ---
# datatype:
# - {name: label, datatype: int64}
# - {name: xcentroid, datatype: float64}
# - {name: ycentroid, datatype: float64}
# - {name: sky_centroid.ra, unit: deg, datatype: float64}
# - {name: sky_centroid.dec, unit: deg, datatype: float64}
# - {name: bbox_xmin, datatype: int64}
# - {name: bbox_xmax, datatype: int64}
# - {name: bbox_ymin, datatype: int64}
# - {name: bbox_ymax, datatype: int64}
# - {name: area, unit: pix2, datatype: float64}
# - {name: semimajor_sigma, unit: pix, datatype: float64}
# - {name: semiminor_sigma, unit: pix, datatype: float64}
# - {name: orientation, unit: deg, datatype: float64}
# - {name: eccentricity, datatype: float64}
# - {name: min_value, datatype: float64}
# - {name: max_value, datatype: float64}
# - {name: local_background, datatype: float64}
# - {name: segment_flux, datatype: float64}
# - {name: segment_fluxerr, datatype: float32}
# - {name: kron_flux, datatype: float64}
# - {name: kron_fluxerr, datatype: float64}
# - {name: near_border, datatype: bool}
# - {name: detmap, datatype: int32}
# meta:
#   __serialized_columns__:
#     area:
#       __class__: astropy.units.quantity.Quantity
#       unit: !astropy.units.Unit {unit: pix2}
#       value: !astropy.table.SerializedColumn {name: area}
#     eccentricity:
#       __class__: astropy.units.quantity.Quantity
#       unit: !astropy.units.Unit {unit: ''}
#       value: !astropy.table.SerializedColumn {name: eccentricity}
#     orientation:
#       __class__: astropy.units.quantity.Quantity
#       unit: &id001 !astropy.units.Unit {unit: deg}
#       value: !astropy.table.SerializedColumn {name: orientation}
#     semimajor_sigma:
#       __class__: astropy.units.quantity.Quantity
#       unit: !astropy.units.Unit {unit: pix}
#       value: !astropy.table.SerializedColumn {name: semimajor_sigma}
#     semiminor_sigma:
#       __class__: astropy.units.quantity.Quantity
#       unit: !astropy.units.Unit {unit: pix}
#       value: !astropy.table.SerializedColumn {name: semiminor_sigma}
#     sky_centroid:
#       __class__: astropy.coordinates.sky_coordinate.SkyCoord
#       dec: !astropy.table.SerializedColumn
#         __class__: astropy.coordinates.angles.Latitude
#         unit: *id001
#         value: !astropy.table.SerializedColumn {name: sky_centroid.dec}
#       frame: icrs
#       ra: !astropy.table.SerializedColumn
#         __class__: astropy.coordinates.angles.Longitude
#         unit: *id001
#         value: !astropy.table.SerializedColumn {name: sky_centroid.ra}
#         wrap_angle: !astropy.coordinates.Angle
#           unit: *id001
#           value: 360.0
#       representation_type: spherical
#   astropy version: '5.1'
#   make_catalog parameters:
#     ab_zpt: 31.4
#     coadd_bands: !!python/tuple [f277w, f356w]
#     deblend_contrast: 0.001
#     deblend_nlevels: 32
#     deblend_npixels: 1
#     detect_kernel_fwhm: 4.0
#     detect_kernel_npix: 7
#     detect_npixels: 4
#     detect_threshold_nsigma: 3.0
#     flag_isolated_buffer: 4
#     hst_bands: !!python/tuple [f606w, f814w, f125w, f140w, f160w]
#     jwst_bands: !!python/tuple [f115w, f150w, f200w, f277w, f356w, f410m, f444w]
#     near_border_kernelsize: 21
#     reference_band: f200w
#   make_catalog version: 1.4.0
#   photutils version: 1.5.0
# schema: astropy-2.0
label xcentroid ycentroid sky_centroid.ra sky_centroid.dec bbox_xmin bbox_xmax bbox_ymin bbox_ymax area semimajor_sigma semiminor_sigma orientation eccentricity min_value max_value local_background segment_flux segment_fluxerr kron_flux kron_fluxerr near_border detmap
[from data line 546]
547 8575.82589695397 862.5582455004943 214.84181661418958 52.80299924302491 8568 8583 845 875 332.0 5.595793671959773 3.281000181399833 -77.62850296381421 0.8100699098720279 0.23648797654126305 1.9855995706340333 0.0 209.3540702626657 1.5624123 319.28652836662565 3.250867581916719 False 258
548 2365.8985605613993 854.4175411801718 214.8973321849267 52.842402197788296 2361 2371 846 862 141.0 3.4923919498807576 2.375700126239263 79.50243825298566 0.7329800418910722 0.21473025071089344 1.108716485743245 0.0 71.63939953710306 0.85059476 101.03359387697142 1.752246431855667 False 512
549 3930.927548191143 850.1336522039686 214.88339823793822 52.83244010895088 3928 3934 846 854 54.0 2.2121113079344106 1.7097443667485572 -72.99813153589363 0.6345259005641987 0.21062873694603546 0.4502807439230307 0.0 17.181621306382507 0.5484147 44.978361396928534 1.7606206972820164 False 576
550 357.87128931134134 852.5300775478852 214.91529728077478 52.855141909825974 357 359 850 855 16.0 1.5658752884549478 0.7735867712824831 -89.63435590918854 0.869445799397833 0.20389586801852594 0.23712202339307012 0.0 3.5506549475126055 0.28038767 47.77386324381196 1.3089997292943583 False 528
551 10054.754714703198 863.4644439334705 214.82862095743462 52.793605828004544 10046 10063 850 879 407.0 6.438878654171404 3.4867092060527143 -82.14317116892519 0.8406951059216294 0.23715115514232588 2.405474128512481 0.0 349.1706200277423 1.7128601 416.4407476028951 2.9301912295522023 False 258
552 840.2311282508861 861.2322648687166 214.91089409234345 52.852126400902804 837 844 852 870 100.0 4.451958096617473 1.7056163799046304 78.93565329954554 0.9237002383029487 0.20659650014843545 0.32105029492857023 0.0 26.080158758738964 0.71093786 196.97144369673197 3.075304619242341 False 528
553 6636.775973522593 857.3136904740586 214.85916895433263 52.81529102330403 6632 6642 852 863 102.0 3.006293764245239 2.163418758658554 -51.636334373474675 0.6943578800340828 0.2247551458713149 0.7671408677286472 0.0 43.94600296092921 0.764014 76.3567271810543 1.9173550158537398 False 264
554 7282.443587649285 859.5145144199706 214.85338508040888 52.811200820545935 7278 7287 855 865 83.0 2.632892965480784 2.330645621836229 -89.10731723954115 0.46520432469001516 0.2246257001172917 0.402092279907958 0.0 25.195823177815544 0.7016552 58.929892793392526 2.0481799314181752 False 264
555 380.9847377628468 860.9290012307661 214.91500235393107 52.855040503530624 375 387 856 865 100.0 2.95563599597085 2.194463553603055 4.350457205590724 0.6698821309297218 0.22334554820419314 0.6924030811707572 0.0 40.147731362116374 0.74116355 63.735482037771526 1.6725054381675835 False 528
556 1218.722582884327 857.9588776040368 214.90754569468115 52.84970559779667 1214 1224 856 860 45.0 2.594784739256443 1.2541547739505654 -7.864084603690094 0.875434523140459 0.2085559261913171 0.38258394099032317 0.0 12.838661786336308 0.49770477 50.952664010861895 1.7643526528547038 False 528
557 2034.1817893571952 861.7303507292088 214.9002190478455 52.8445480730554 2031 2037 859 864 32.0 1.5321789249488964 1.4550286775747663 9.911904796139309 0.3133227142318844 0.21532417558574443 0.4660970440282568 0.0 10.491197348437858 0.42369744 19.474207454589454 1.0050792025387485 False 528
558 1249.853095895914 869.2666588818742 214.90714859066335 52.849568968344805 1241 1261 860 878 306.0 4.885682693897702 3.2588306471860577 -33.22759980894375 0.7450430034797771 0.19906351415635037 1.990907722511886 0.0 197.32668093251505 1.3207989 265.7491698696725 2.6916524471221153 False 528
559 2756.526605513666 872.0599692881165 214.89365698285334 52.840016801774986 2746 2768 864 880 292.0 4.593361922127481 3.3346860189477643 -14.825094746848144 0.6877164725215111 0.2037090619066684 1.7952114507495884 0.0 178.5446978600434 1.2814535 259.500593232622 2.715962758008417 False 576
560 3951.1079049957975 875.9956726527248 214.88294614823906 52.832451466359544 3945 3957 864 887 154.0 5.63679547674414 1.847353626689668 63.57150779815877 0.9447710169088531 0.21434871016290166 0.6042928608628372 0.0 59.801601160797745 0.9672117 108.88106238861621 2.489573488326091 False 576
561 3537.2530805616716 868.1653442106821 214.88672440904986 52.8350376453799 3535 3540 865 871 28.0 1.541953246821861 1.328390274543565 -74.39341219431132 0.5077602632861866 0.21174172770094482 0.35781485349418185 0.0 7.810358232353779 0.3821639 23.17579885481515 1.3077647849347775 False 576
562 1107.5787224777555 874.6201579626603 214.90836384312698 52.85050121309643 1097 1117 866 883 275.0 4.59943962080379 3.1434098784028564 -30.99725801302767 0.7300130269301991 0.2026527058751212 1.8527115359126658 0.0 187.06485164340955 1.2755508 241.27144034884634 2.440042223393682 False 528
563 1407.8847222487514 870.5985344097505 214.90572228486843 52.84857274178273 1405 1410 868 873 27.0 1.3503220741512068 1.2803668391135947 -85.4131564948224 0.3176928860877449 0.2535288066562664 0.8116394342897651 0.0 13.152933702831136 0.41800356 19.793180319197155 0.975351177654816 False 528
564 2311.799699886255 878.8186441759889 214.89755897747065 52.84287740873637 2305 2319 870 887 193.0 4.3271697584909505 2.579536258294384 -59.641225612900755 0.8028912641634213 0.21568664685460906 1.1746321541424893 0.0 109.33317289931921 1.0570562 167.24303257012576 2.35477688233448 False 512
565 2711.3756327733267 872.4007630468337 214.89405674114516 52.84030536753067 2710 2713 871 874 13.0 1.0705541822594655 0.9135974866521435 44.228767545203844 0.5212771694005125 0.2107276314306072 0.23814937276616865 0.0 2.9255853477750744 0.25479555 28.070644009427653 1.1693017207698946 False 576
566 3113.484388041969 876.3461972503151 214.8904233458319 52.83777305534401 3110 3117 873 880 48.0 1.8338443233870934 1.8112177828602551 19.827634666014646 0.15660264026873646 0.2136020849979503 0.4594334286435488 0.0 15.37833677166374 0.5010911 34.811402629241236 1.4588849362969754 False 576
567 840.6205046588598 875.4606114277545 214.91074101525172 52.852200726136026 839 842 874 877 11.0 0.9969056118772264 0.8566310588176924 72.38366970929206 0.5114886455727341 0.20314428355277797 0.22816757491647008 0.0 2.3883774358554555 0.22935285 38.564380285068054 1.0945043147916125 False 528
568 1450.4957336478535 875.0101177587076 214.9052951061394 52.84832599150685 1450 1451 874 876 6.0 0.8063058030885093 0.49997981627002813 -89.87249834423467 0.784532985379525 0.23598218129281007 0.2616104424390974 0.0 1.4830593656940565 0.1897461 9.82963428998048 0.7800671058070706 False 528
569 7549.545372967899 880.2372171521404 214.85078445830564 52.8096155222442 7544 7555 874 886 113.0 3.1064909119017465 2.4941299508617525 -78.38189001710987 0.5961447827197259 0.22608660112508203 0.5689788461340919 0.0 42.47132283400847 0.8781283 104.25110393199571 2.6682108918302405 False 264
570 8310.768969527358 887.4024431793512 214.84391933177238 52.80481742283119 8299 8323 874 899 477.0 4.717649644513429 3.8186711797514294 54.30465858310121 0.5871976700652465 0.2225616805893547 7.5385921814767 0.0 701.1081336823818 1.8916093 769.7384275133377 2.6376108283257516 False 258
571 2946.1176486745144 882.1125611399735 214.89185770855974 52.838867049524644 2941 2951 875 889 132.0 3.1648759149760695 2.3675614002602625 -76.53548542398177 0.6636153128235129 0.20599350445338108 1.2449896903372188 0.0 72.20639718176608 0.8487964 113.78336923226037 1.96590801564055 False 576
572 207.4191671381157 885.4139085736799 214.91629650961127 52.8562745976787 203 212 882 889 44.0 2.5431207945658665 1.4560140088877693 31.064799142738227 0.8198834805371508 0.2510513781226449 0.39009094932384253 0.0 13.92520484582402 0.6167427 77.43467793115158 7500052.758254382 False 528
573 6544.0364856756705 885.4780454506002 214.8597004271919 52.81603208524685 6541 6547 882 888 37.0 1.7137283730842143 1.5866287649331137 -49.15510184399215 0.3779293215260718 0.226220103730747 0.3870430040424123 0.0 11.098198578177769 0.485894 36.37964071547027 1.5870230147617588 False 264
574 307.56652462468674 886.9267034600887 214.9153853235377 52.85564695334366 303 311 883 891 54.0 2.3229395005150266 1.6355540249897025 -40.33071501727523 0.7101126447664415 0.21760439749553406 0.46127899354342833 0.0 17.307425511610823 0.53542495 39.563759370447606 1.5406978366552995 False 528
575 3233.5123727327423 888.3897084426627 214.88922464026209 52.8370757754524 3230 3237 883 893 62.0 2.571074875298284 1.762359347269062 -89.65683733798352 0.72811381444685 0.21303733175380057 0.43680555663391135 0.0 19.069130822181172 0.5855529 53.610221330128184 1.8852644277001016 False 576
576 553.139689828153 884.8886619602667 214.91321153011748 52.85407684179539 552 554 884 886 8.0 0.8541354053633965 0.6821776536471985 45.74208841492123 0.6017609694317432 0.22557925239045318 0.26387868356782734 0.0 1.9692415107071068 0.21467184 16.72593273370503 0.8810384989212503 False 528
577 7593.435114170533 887.1430426076037 214.85032034989902 52.8093738994382 7589 7598 884 890 54.0 2.245995916667657 1.6910693751508357 5.9026972783727745 0.658104855104559 0.22220325824930134 0.4556236439013699 0.0 17.534480574299923 0.5738684 64.91645470949344 2.044144482879703 False 264
578 6529.028648604333 886.2993781274132 214.8598257121458 52.81613185891156 6528 6530 885 887 7.0 0.7557112597576442 0.6886530337865836 3.555351895028417 0.4118210188536062 0.22115433542430757 0.25138387942298845 0.0 1.6699425281887033 0.19392596 15.929976903395678 0.8664689098370213 False 264
579 10099.181767764727 894.0451491345309 214.82790352877035 52.79348831588971 10094 10105 886 902 148.0 3.621652616934502 2.4400217993773685 85.7778722520518 0.7389761403126263 0.24138820123973737 1.2010803459675228 0.0 86.01467019652867 1.0963788 130.07244675588638 2.362630947939917 False 258
580 8251.93001754609 893.4080979088229 214.8443809731665 52.805223673496585 8246 8258 887 899 136.0 2.7423118908918855 2.643847749198857 -13.400184587639428 0.2655594824705831 0.23952457004850786 2.006048625761283 0.0 106.80715370295985 1.0208459 134.24146325675946 1.8100809347741342 False 258
581 2598.6895285376013 900.3346337691313 214.89476973092357 52.841171697363784 2592 2606 888 913 274.0 5.074634587267 2.7106642680373847 -70.37012952559213 0.8453837174777703 0.21176743949455043 2.078469660459078 0.0 187.78484164785309 1.259594 268.6196684706981 2.6152799399720728 False 576
582 7718.008543566503 890.0068823381712 214.84917901318067 52.808597837660216 7716 7721 888 892 14.0 1.8814000598437244 0.6034705163085521 -37.582542204387686 0.9471618311284418 0.23642342659627835 0.27358626778714423 0.0 3.61689287966846 0.3030079 22.02697375261984 1.2927871222335185 False 264
583 9552.315375197508 891.5426503948004 214.83280495789273 52.79695025343025 9549 9555 888 895 40.0 1.865115934804206 1.5069301880172115 46.71081731072508 0.5892438665288352 0.26011687625834484 0.5287919525928513 0.0 15.130257562859665 0.544454 31.978449546138865 1.5019273947720717 False 258
584 340.2996390521482 889.8671789056376 214.9150617904385 52.8554550098819 339 341 889 891 7.0 0.8865513738680092 0.616357224109899 60.85636914043267 0.7187872221495479 0.2149648865690586 0.23625897259498066 0.0 1.614154158481683 0.19798295 25.40200845605159 0.9289003484717182 False 528
585 540.6951942129742 898.3840099654961 214.9131808772786 52.85422869514782 531 550 889 906 208.0 5.565781920273866 2.35207077272389 -41.8586995900687 0.9063187039944048 0.2150094472901415 1.0115533327093225 0.0 99.25199828816127 1.0566156 200.2184641768631 2.9524949691027547 False 528
586 2621.0699863757663 891.5965667488246 214.8946616616324 52.84098242265082 2619 2623 889 894 19.0 1.609835442903277 0.9445805094196396 -52.93465430696234 0.8097638336193371 0.21227282964878416 0.2442177707756427 0.0 4.3401038767299065 0.31506407 47.68635314289732 1.4898817897177046 False 576
587 598.064991589088 893.2215622568581 214.912722338548 52.85383659103613 596 601 890 896 34.0 1.7580740019275471 1.419819934094366 -84.62719994594443 0.5897311410083037 0.2169560470854969 0.37077816481505216 0.0 9.89662724856662 0.45421028 27.12256725721563 1.3459236283353888 False 528
588 10025.050710859996 895.9501581460391 214.82854431424352 52.79396971129589 10018 10031 890 903 103.0 4.250679165096028 1.720733827853774 -45.687210067318084 0.914399114801618 0.2359076606960256 0.5262228306712587 0.0 35.46813651582258 0.83964133 78.03577724178638 2.39456290920209 False 258
589 1318.0557731918395 899.5788522401363 214.90622036904614 52.84929951859451 1312 1324 891 909 189.0 3.766951964517473 2.744945550477764 87.66066853445226 0.6848421893617125 0.22039181019543722 1.559704274822866 0.0 118.11451911427218 1.1183558 174.36605833884107 2.4036548637178914 False 528
590 2231.83176796649 895.9647031813985 214.89809317619807 52.84347773949296 2226 2237 892 900 83.0 2.706354523969392 2.0453322937866005 7.280597488558006 0.6548581693025242 0.21319400368014294 0.6067165364696587 0.0 30.991187693550515 0.68431276 61.50528373195232 1.878245026339774 False 528
591 2143.91918284156 898.3426768724805 214.89885363748857 52.8440488217437 2139 2148 893 904 87.0 2.600328401581008 2.2852984751333745 -85.48429587111235 0.47709828393776543 0.20031998299750986 0.5170016029664077 0.0 29.6116627647088 0.6800085 56.67284822913991 1.7925794715903351 False 528
592 4035.332500746706 896.1445779280654 214.88198221389013 52.83202523735782 4034 4037 894 898 15.0 1.1712323984161852 0.9939355807847076 -54.57546287542539 0.5289969776371662 0.22050221301486955 0.2925069110794894 0.0 3.8880235553128237 0.29524666 28.876491101309036 1.2374146649774125 False 576
593 8456.071895621755 897.1151189292355 214.8425213711361 52.803946504676304 8454 8458 895 899 22.0 1.3189985622588059 1.20561903861406 45.80468136838444 0.405621339288569 0.2360511092227335 0.3682907269196893 0.0 6.496849516781864 0.37159988 19.133420917938288 1.2226609354991185 False 258
594 9185.069480854207 899.4176917886334 214.83599649673948 52.799326503309 9182 9188 895 903 52.0 2.148105461136558 1.6567361430620668 70.14265821548084 0.6365268226274886 0.22698775481934516 0.5578747616436962 0.0 19.533189108384953 0.5629567 37.568228036075375 1.466217161918784 False 258
595 6103.965904973092 902.4471309838576 214.86344914929717 52.81891929417707 6094 6114 896 909 205.0 4.645300478356669 2.513275193025898 21.047912382051017 0.840999377367333 0.21693999441247744 1.2881729921078346 0.0 119.05941441851813 1.0718143 152.10263471380972 2.0171884757792475 False 264
596 4028.830813967568 912.694720104456 214.88186628518318 52.832155818601294 4020 4041 897 924 410.0 4.527890924550287 3.5278791279140593 67.6537006164121 0.6268449563099494 0.2106028918887112 6.003944448686196 0.0 481.5159899642516 1.600527 538.846287216989 2.2643781247435655 False 576
597 2921.650875798677 906.3353835832801 214.89182160252673 52.83915312905996 2911 2933 898 915 327.0 4.404739430051332 3.3638678736851753 5.823480959492642 0.6455797996578319 0.21072272893696392 3.3671235456509088 0.0 325.6588066361832 1.393765 372.33127450324264 2.2031778923444736 False 576
598 8969.844307166202 899.8445692383792 214.83791108810135 52.80069649005436 8968 8972 898 902 15.0 1.4299020697344589 0.8333981427180204 -41.4024556469917 0.8125899390572082 0.25032345764860325 0.2971499144121545 0.0 4.142409385031749 0.3382943 34.65948629307009 1.4278809520548499 False 258
599 1118.6168889739708 903.683146685252 214.9079596243018 52.85058798870956 1116 1121 899 908 46.0 2.220320867641552 1.517061226163918 86.39830752467512 0.7301731467627786 0.21875708482429346 0.36860514915880194 0.0 13.33224362934025 0.5308492 48.38727227008957 1.8113411185378114 False 528
600 1854.2377228730404 906.748872724869 214.9013535827915 52.845933643837554 1849 1859 899 913 126.0 2.968056077570825 2.381772820382503 -89.65517038760576 0.596693888954712 0.20741404012094966 1.4061212219326011 0.0 75.90550009279919 0.89479417 99.97317644459191 1.6046178211869433 False 528
