outputs/dr0.5_c0.1/nircam3_f160w_dr0.5_c0.1.ecsv
# %ECSV 1.0
# ---
# datatype:
# - {name: label, datatype: int64}
# - {name: xcentroid, datatype: float64}
# - {name: ycentroid, datatype: float64}
# - {name: sky_centroid.ra, unit: deg, datatype: float64}
# - {name: sky_centroid.dec, unit: deg, datatype: float64}
# - {name: bbox_xmin, datatype: int64}
# - {name: bbox_xmax, datatype: int64}
# - {name: bbox_ymin, datatype: int64}
# - {name: bbox_ymax, datatype: int64}
# - {name: area, unit: pix2, datatype: float64}
# - {name: semimajor_sigma, unit: pix, datatype: float64}
# - {name: semiminor_sigma, unit: pix, datatype: float64}
# - {name: orientation, unit: deg, datatype: float64}
# - {name: eccentricity, datatype: float64}
# - {name: min_value, datatype: float64}
# - {name: max_value, datatype: float64}
# - {name: local_background, datatype: float64}
# - {name: segment_flux, datatype: float64}
# - {name: segment_fluxerr, datatype: float32}
# - {name: kron_flux, datatype: float64}
# - {name: kron_fluxerr, datatype: float64}
# - {name: kron_radius, unit: pix, datatype: float64}
# - {name: gini, datatype: float64}
# - {name: equivalent_radius, unit: pix, datatype: float64}
# - {name: kron4_2_flux, datatype: float64}
# - {name: kron4_2_fluxerr, datatype: float64}
# - {name: radius_kron20, unit: pix, datatype: float64}
# - {name: radius_kron50, unit: pix, datatype: float64}
# - {name: radius_kron80, unit: pix, datatype: float64}
# - {name: near_border, datatype: bool}
# meta:
#   PHOTMJSR: 0.3925000131130219
#   PIXAR_SR: 2.11539874851881e-14
#   __serialized_columns__:
#     area:
#       __class__: astropy.units.quantity.Quantity
#       unit: !astropy.units.Unit {unit: pix2}
#       value: !astropy.table.SerializedColumn {name: area}
#     eccentricity:
#       __class__: astropy.units.quantity.Quantity
#       unit: !astropy.units.Unit {unit: ''}
#       value: !astropy.table.SerializedColumn {name: eccentricity}
#     equivalent_radius:
#       __class__: astropy.units.quantity.Quantity
#       unit: !astropy.units.Unit {unit: pix}
#       value: !astropy.table.SerializedColumn {name: equivalent_radius}
#     kron_radius:
#       __class__: astropy.units.quantity.Quantity
#       unit: &id001 !astropy.units.Unit {unit: pix}
#       value: !astropy.table.SerializedColumn {name: kron_radius}
#     orientation:
#       __class__: astropy.units.quantity.Quantity
#       unit: &id002 !astropy.units.Unit {unit: deg}
#       value: !astropy.table.SerializedColumn {name: orientation}
#     radius_kron20:
#       __class__: astropy.units.quantity.Quantity
#       unit: *id001
#       value: !astropy.table.SerializedColumn {name: radius_kron20}
#     radius_kron50:
#       __class__: astropy.units.quantity.Quantity
#       unit: *id001
#       value: !astropy.table.SerializedColumn {name: radius_kron50}
#     radius_kron80:
#       __class__: astropy.units.quantity.Quantity
#       unit: *id001
#       value: !astropy.table.SerializedColumn {name: radius_kron80}
#     semimajor_sigma:
#       __class__: astropy.units.quantity.Quantity
#       unit: !astropy.units.Unit {unit: pix}
#       value: !astropy.table.SerializedColumn {name: semimajor_sigma}
#     semiminor_sigma:
#       __class__: astropy.units.quantity.Quantity
#       unit: !astropy.units.Unit {unit: pix}
#       value: !astropy.table.SerializedColumn {name: semiminor_sigma}
#     sky_centroid:
#       __class__: astropy.coordinates.sky_coordinate.SkyCoord
#       dec: !astropy.table.SerializedColumn
#         __class__: astropy.coordinates.angles.Latitude
#         unit: *id002
#         value: !astropy.table.SerializedColumn {name: sky_centroid.dec}
#       frame: icrs
#       ra: !astropy.table.SerializedColumn
#         __class__: astropy.coordinates.angles.Longitude
#         unit: *id002
#         value: !astropy.table.SerializedColumn {name: sky_centroid.ra}
#         wrap_angle: !astropy.coordinates.Angle
#           unit: *id002
#           value: 360.0
#       representation_type: spherical
#   astropy version: '5.1'
#   make_catalog parameters:
#     ab_zpt: 31.4
#     coadd_bands: !!python/tuple [f277w, f356w]
#     deblend_contrast: 0.001
#     deblend_nlevels: 32
#     deblend_npixels: 1
#     detect_kernel_fwhm: 4.0
#     detect_kernel_npix: 7
#     detect_npixels: 4
#     detect_threshold_nsigma: 3.0
#     flag_isolated_buffer: 4
#     hst_bands: !!python/tuple [f606w, f814w, f125w, f140w, f160w]
#     jwst_bands: !!python/tuple [f115w, f150w, f200w, f277w, f356w, f410m, f444w]
#     near_border_kernelsize: 21
#     reference_band: f200w
#   make_catalog version: 1.4.0
#   photutils version: 1.5.0
# schema: astropy-2.0
label xcentroid ycentroid sky_centroid.ra sky_centroid.dec bbox_xmin bbox_xmax bbox_ymin bbox_ymax area semimajor_sigma semiminor_sigma orientation eccentricity min_value max_value local_background segment_flux segment_fluxerr kron_flux kron_fluxerr kron_radius gini equivalent_radius kron4_2_flux kron4_2_fluxerr radius_kron20 radius_kron50 radius_kron80 near_border
[from data line 4481]
4482 642.9544650032798 2747.252983904955 214.8405918048026 52.88198383294188 638 649 2739 2753 132.0 3.65551145143218 2.608183246890767 88.82248189435734 0.7006619631695842 0.023074508108644736 0.39579571175106415 0.0 29.113644299126882 6.9795775 199.0488545114333 29.520090157506093 3.6975696830462477 0.25849851441756394 6.4820448144285745 267.44768464530375 48.55135267448793 8.843412540866561 15.22512548969932 22.133597802005646 False
4483 644.5876940944622 2758.8984499751905 214.84045458709042 52.88203623874909 636 653 2749 2767 234.0 4.6645345952374715 3.9352204017539796 22.76905169120555 0.5368983306859063 0.12332079716626523 0.5589276117470369 0.0 73.48128372049652 9.23951 253.47589811021015 35.76179798585651 3.0710257772161835 0.15190214223915835 8.63044108762739 322.20206332996264 57.089872879105656 6.827716083025281 12.80109650328728 23.271833154997335 False
4484 6535.973573265359 2737.232948013243 214.7880945633655 52.844471651200344 6527 6546 2729 2745 233.0 4.547781803651567 3.770300977669804 35.15181022655552 0.5591867125319484 0.10777334971776632 0.5553506877127773 0.0 89.36069287022556 8.908781 187.7179199917676 24.440085395359585 2.2668803744161496 0.13472386979913217 8.611980229936854 217.6240052534649 39.12592349353603 5.152779240082396 8.765444172480699 14.540699926845836 False
4485 6547.231873339703 2736.2447537434564 214.78800455855088 52.844394744073185 6544 6551 2732 2741 60.0 2.4284245203000014 2.0063131860569423 70.79211664766967 0.5634078149094021 0.06208731481422636 0.31647996075282875 0.0 10.752962842682482 4.6790752 68.25565894558613 19.199404169487348 3.306912856834435 0.2014139560123672 4.370193722368317 91.31406106594127 30.560720510160614 4.820248670934308 8.633370756067404 14.357201706556836 False
4486 9291.293591424137 2742.6918990228014 214.76347346711609 52.8269792643098 9285 9297 2735 2753 173.0 3.951823364960317 2.795553617381171 -85.9698285549803 0.7068048883662272 0.27714139933416604 1.5662888885474435 0.0 139.53376625688946 7.6403112 235.86677390783257 19.317894733118038 2.257897534517624 0.21988606542297165 7.420755373261929 290.6081221302784 31.095256661008396 3.3958310195054366 6.472006509297508 10.542221746366058 False
4487 9294.684683426156 2756.9390877135256 214.76329327895144 52.82703440983669 9291 9299 2753 2761 56.0 2.927624712323795 1.4985963738497927 43.14543485889608 0.8590561821859949 0.09082531455896338 0.4651093017162126 0.0 15.065754997544499 4.388467 80.55860658882715 17.355043203109496 3.2215896871659817 0.15549310451725223 4.222008245644752 133.42040536107422 27.939809786024508 4.421042172581542 8.091987748406517 12.17363238261662 False
4488 2384.5263924268643 2755.181965703014 214.8249531125743 52.87095891797459 2373 2392 2740 2768 345.0 5.5336759873179435 3.703937065751171 -78.50079928502497 0.7429519382565558 0.08133131117833799 1.541323633545869 0.0 224.57696224126036 11.475736 388.49026301790315 29.321879595709202 2.357488206598404 0.3311024573832198 10.479356408358663 416.4269608771801 46.800607292921434 4.633378385077418 8.910028588202406 17.489289800271703 False
4489 2372.3583756805797 2776.6765077717673 214.82483544447155 52.87115210617139 2357 2387 2756 2798 694.0 10.047320399503876 4.265318185614687 -63.60576254403938 0.9054171730843213 0.03079588784107651 1.5272559864083095 0.0 488.6513605380887 16.000824 725.9906152092944 36.24605572131241 2.0298132857477427 0.2863040926137333 14.86294254216004 792.8449635830927 58.17751759243152 6.5356862346980895 12.838109747672602 22.04585798384101 False
4490 9553.023399299831 2750.7257658759863 214.76105661623265 52.82535784986794 9552 9554 2750 2753 11.0 0.9338126499573831 0.774519194231599 60.066524010492884 0.5586313860511806 0.016582942025987635 0.15454973020204527 0.0 0.8556264557451618 1.9097562 25.496203210800964 8.876992463597105 4.05612015983848 0.38139102131424024 1.8712051592547776 33.275086012715875 14.368258061270591 3.6660843540776864 5.631092541527089 7.434335209624886 False
4491 9555.36496584469 2756.068966688792 214.7609795081703 52.82537172582198 9553 9557 2753 2758 24.0 1.4050120764683112 1.2316847859860607 -48.025710003516565 0.4811533546325514 0.04833846242951356 0.3253580096349486 0.0 4.649411816620426 2.8472874 40.330357637313384 12.215675688953542 3.5514747453891817 0.23193884170386833 2.763953195770684 50.106960615183326 19.493906430894814 3.4147514815018836 5.611023896171257 8.195137736723817 False
4492 3248.6484408703777 2760.4708371744155 214.81718229100443 52.865495183320164 3241 3258 2754 2767 160.0 4.527318209211332 2.518523599491467 27.00131331003469 0.8309850119857576 0.00984086484631294 0.4447137039747354 0.0 41.439221203755466 7.637842 103.59221574972457 23.11946118545379 2.6343965644534233 0.23676187342610028 7.136496464611085 87.59415817196731 36.9804044149656 4.528239984483797 9.102833996266025 18.847402307418957 False
4493 3235.5921378154712 2762.9809060570674 214.81727241875362 52.86559169845424 3233 3241 2758 2769 89.0 3.379720032811311 1.9465573876141986 73.9618322282735 0.8174833303358583 -0.10585070116648296 0.48188333191458826 0.0 17.279775684660272 5.4297247 104.5548914324647 21.235845654628406 3.201173599582265 0.36535554223635613 5.322553886092406 152.0612516594766 34.06790334170808 5.432314789752072 9.452695870793843 17.21857914395016 False
4494 8438.65386511699 2845.2642672140955 214.76999286871444 52.832954324288735 8319 8557 2758 2925 26881.0 28.141157403532755 19.389285967030734 -16.91454253063923 0.7247603767067154 -0.17233602249092264 155.22160514589385 0.0 53146.26818241986 99.33594 51946.6829938759 87.48482686619755 1.4 0.7517743980911922 92.5012867505446 56324.99758546626 142.4203011408667 5.937895055518946 15.589444399991873 40.84219845348693 False
4495 8338.176175820121 2818.28331350286 214.77117252055695 52.83344803160791 8322 8352 2804 2832 444.0 7.085812420426114 4.840606850448585 -61.575480376258575 0.7302867828865347 0.014246807629619504 0.4390469334133215 0.0 84.45463683109766 12.33112 700.67385783802 52.37074363324204 3.438640309698989 0.2685445780120341 11.888212206450685 1660.7376616439851 83.45932472650452 17.466153801882204 36.80203743316628 46.87154545409229 False
4496 8358.454995948325 2816.472586305369 214.7710108200837 52.83330931523586 8346 8367 2804 2825 254.0 6.701055765410859 3.190659545448843 51.64141094890507 0.8793679668765201 0.08495403881131931 0.4435260182755778 0.0 58.90227664571239 9.263761 216.36331663339337 27.206306839929038 2.9061931954406064 0.20703019119193564 8.991702346646203 633.7563417009422 50.16621684881332 8.268904577405003 23.711592433214864 28.8113621453041 False
4497 8335.70783441469 2877.3021512490473 214.77057323863804 52.8337815533117 8325 8346 2867 2890 325.0 6.386555633214952 4.654055046660137 -33.6921981184949 0.684804402052721 0.09011953211037571 0.4974385553142849 0.0 81.7966453419051 10.538478 865.236429247844 45.74639262771291 3.5415490264813427 0.1895399778198253 10.171072362820547 1910.0995705398725 71.91554393337367 16.070646488182458 32.1718997923957 42.14714498757402 False
4498 1367.0472480212154 2769.5634146326006 214.83388853667057 52.877502755481586 1364 1370 2766 2773 37.0 1.9276738508419367 1.5044009640233227 71.28651275151373 0.6252519316659941 0.06117401042754494 0.2334872981509071 0.0 4.860795009817258 3.5986218 70.64758841561104 18.91456235785688 4.087684748966071 0.21526493925886253 3.431831258788849 103.74296270688797 29.912061131566624 6.995977007192324 10.498612631023681 15.03449875114427 False
4499 1371.7407856949594 2773.2241495674134 214.83380806717568 52.877492662415136 1368 1375 2769 2776 43.0 2.0338787023366045 1.737080366186633 67.21208068227604 0.5201535795750822 0.13259643022387457 0.3894340124238441 0.0 8.933193263322876 4.2786703 73.37047284650016 17.258918738026704 3.3223869485422743 0.16661763925125603 3.6996385101659595 108.00797971377314 27.03900233896021 4.576665493760906 7.974522144105411 13.468853142605521 False
4500 6040.421807705825 2802.6303408021877 214.79182602019594 52.847974749391355 6014 6077 2776 2827 1841.0 5.345812019552806 5.152182188288631 -4.087567863325299 0.2667015961009065 0.16995318175508534 332.19755613650733 0.0 28532.968507791637 25.166763 27732.120080357 18.964067589133943 1.4 0.8216851309214895 24.207612448656697 29321.292452804057 30.482614569289193 2.529218903785655 4.743389494063095 8.203430009200114 False
4501 6023.119234788454 2784.9526212249216 214.7921664635156 52.84798953008551 6013 6028 2782 2788 74.0 4.14297842234987 1.4544344294131608 8.067445366887958 0.9363529273010655 0.3317742202747951 1.601313159460546 0.0 68.16733197404882 4.9983525 559.4391870232544 21.865392119203523 3.41846962230902 0.26887609287183256 4.853342309955121 985.455187680707 34.75273836367292 6.061371045546225 11.897373465467611 16.933765674631704 False
4502 6069.105697157097 2814.6883230887047 214.79144322169415 52.847857331149285 6063 6079 2809 2821 124.0 4.460171598049377 2.3408620026427482 30.522201252319707 0.851202900146011 0.07577473730371363 0.7246891478753422 0.0 34.40932406668815 6.505728 580.6359788575235 30.706059109322577 3.631430071149376 0.21400907385496373 6.282549314314218 1371.2963894084 48.94532683676945 10.143852672093608 17.665898106407337 22.565878650664615 False
4503 6020.711754897501 2814.6922382076914 214.79187484625206 52.84816504417548 6010 6026 2809 2821 153.0 4.238453013075954 2.765668357293198 -29.702997074694142 0.75777292495357 0.3142386231985461 1.9979216321090356 0.0 156.36882738187995 7.4067 1065.3815431207586 30.09194334808442 3.3664488283678007 0.3034086421244527 6.978639737521917 1949.1050712452957 47.71364189763396 8.811058530117785 17.37685436216533 23.853490955470964 False
4504 6073.625130994287 2784.24383397095 214.79172342117351 52.84766459305582 6071 6076 2782 2786 12.0 1.8797570236404155 0.47707446559685496 -37.19780188661186 0.9672578168967547 0.4512697765282083 0.6110486425064533 0.0 6.339381754854216 1.9792467 103.04918394073415 9.441163056728348 3.8657023425359482 0.054956973444534096 1.9544100476116797 205.21551446441356 15.705484543000681 3.5016468781092955 5.972651249303831 8.36248700136375 False
4505 6069.669041681393 2786.640746317942 214.79173347460372 52.84770265821538 6069 6070 2786 2787 3.0 0.5871851816160378 0.32684697708316196 -46.055531965022965 0.8307581366812186 0.5333472504397314 0.618509961482832 0.0 1.7216523932043957 0.99049526 30.644935258166214 4.343435040681861 3.9241822180767993 0.04946568272390513 0.9772050238058398 71.05704139100763 6.966282427112288 1.84621661865924 2.9350387040616117 3.7611966672169577 False
4506 8796.77161277596 2810.9568474838607 214.76716207142996 52.83049202566074 8783 8809 2789 2835 792.0 7.944941024786827 4.217446209082429 70.5153025549774 0.8474757101837618 0.020356464272551552 4.524636385468633 0.0 823.8095960019367 16.823923 951.8873344902162 27.589534509756817 1.8108340022291032 0.4834460846927607 15.877702285203682 1081.091624945785 43.98578282435181 4.044923754142835 7.761289825329211 14.512046592013553 False
4507 8779.2402874985 2849.8918865324695 214.76690846709207 52.830813180280956 8764 8794 2830 2870 791.0 7.580769811606891 4.880304910502887 -69.1139497734656 0.7652154130128063 0.12296889366729431 4.129171542577218 0.0 878.9154217522441 16.422348 1165.126576575728 32.168950404205575 2.017503015584909 0.43474424386849647 15.867675317177952 1291.0160044240356 51.46393831167726 4.78133651954313 9.361283777695643 17.41363475543841 False
4508 3358.321609453641 2838.1603468849758 214.81538524973973 52.86521675629233 3350 3367 2824 2853 386.0 5.366921925367725 3.5096889679235272 82.11418271163129 0.7565393202716133 0.026615418029884447 2.2386699208782894 0.0 275.38512344776757 11.244119 343.14590890998323 19.06627242658438 1.732560280745155 0.3985738330181974 11.084566571000565 366.8001368847407 31.693994104514967 3.455177204890284 6.528858307773068 11.131322611767862 False
4509 3364.7807214893014 2852.6696971808315 214.81517482079022 52.86525389192092 3360 3369 2848 2856 63.0 2.302100807130605 2.0799988938128933 -13.165495025621711 0.4285415538391403 0.11223326111172954 0.31986353425968084 0.0 13.605730802381892 4.508186 43.319057805387146 15.774831592417678 2.7379360298169786 0.13001003402236763 4.478115991081385 62.54542872454962 25.44459552154666 3.416104902391173 6.060274218743036 8.006948745040564 False
4510 7186.698784629774 2851.132306119425 214.78109252405363 52.84094745282359 7165 7208 2826 2874 1500.0 10.003729383303936 8.672552205878903 87.442523213894 0.4984265904948308 0.043282408029913726 1.7618577078276005 0.0 809.7934117453713 21.848837 1244.0401911229242 48.963639684362846 2.15184377214729 0.3081856505059472 21.850968611841584 1365.7842317020782 77.62552581273336 8.282352015437816 17.016240841292 29.523427878835076 False
4511 7171.217546450478 2834.647584716355 214.78140410886172 52.84095710819974 7166 7176 2829 2840 87.0 2.9104560391262755 2.224497933075294 -57.715520266332746 0.6448460292708051 0.05534744360734976 0.34646941120406605 0.0 19.922513954828617 4.515457 91.14626942870959 17.19911704171889 3.05357757246464 0.17993961458704136 5.262410103554244 172.32683487929654 27.942239296545473 5.043964386047104 9.120915444834726 17.781864647471007 False
4512 8282.726148730839 2848.438474022849 214.77134935787134 52.83396306174893 8277 8288 2843 2854 95.0 3.032065514022054 2.376895282094931 -62.794966300476034 0.6208624785937495 0.1356649040191306 0.48970966113041253 0.0 32.39641850658332 5.8501706 248.42204573679118 23.5679964792249 3.432654608436058 0.13414148839923948 5.499039842323396 445.16232036296014 38.32670715838931 7.202910173859655 13.949386962227823 19.41354585596721 False
4513 8292.559685259357 2851.511070579319 214.77122935719547 52.83391707089827 8285 8303 2844 2860 177.0 4.982131352851376 3.2094395902351645 -37.64015336408298 0.7648654404538808 0.09668115863570054 0.383384712403497 0.0 42.03990378677511 7.733926 484.4494010678484 36.85247808071557 3.6608553462261075 0.14688421084384803 7.506054213402069 1176.9999931482116 60.71348973630648 12.909202963160094 21.756037087629394 30.28948517425799 False
4514 8299.563555284332 2854.870538151723 214.77113156033144 52.83389062033272 8297 8303 2850 2860 60.0 2.66187742189142 1.6890201737304678 -80.21435400265678 0.7729046813319446 0.12682888950078852 0.32478284706767574 0.0 13.501902061599182 4.499363 189.83218241487657 21.0382458377107 3.804189461637791 0.15379535835151095 4.370193722368317 381.3252694683008 33.02280979538361 8.63868613101288 13.635259430789658 17.579524312943477 False
4515 8275.823696405922 2879.5460424490766 214.77108341837385 52.83417447774715 8253 8306 2856 2905 1628.0 11.028853043343002 8.503077821613024 27.101534926138168 0.6368535712375082 0.05086888109092888 2.045098792278021 0.0 1238.344138284674 23.971443 2470.1939229429813 68.49749150683206 2.6307638794523682 0.33075414987020496 22.764193258431348 2918.2954705531833 110.05090088688245 10.624931547187755 22.489131324623592 45.32351429605221 False
4516 8278.046226673827 2909.6937016280626 214.77074624151203 52.83432269240314 8273 8285 2905 2914 83.0 3.4229723803661414 2.0948761004569807 12.238856978071292 0.790853918075093 0.12671958829493363 0.43305722711918193 0.0 23.148136125180102 5.325617 289.8212119294892 25.839675347301263 3.613838356754344 0.13817272042213663 5.140011726956917 615.3609145342824 41.61274603483488 8.327385598111961 15.563005383357863 21.09456725706433 False
