outputs/dr0.5_c0.1/nircam3_f160w_dr0.5_c0.1.ecsv
# %ECSV 1.0
# ---
# datatype:
# - {name: label, datatype: int64}
# - {name: xcentroid, datatype: float64}
# - {name: ycentroid, datatype: float64}
# - {name: sky_centroid.ra, unit: deg, datatype: float64}
# - {name: sky_centroid.dec, unit: deg, datatype: float64}
# - {name: bbox_xmin, datatype: int64}
# - {name: bbox_xmax, datatype: int64}
# - {name: bbox_ymin, datatype: int64}
# - {name: bbox_ymax, datatype: int64}
# - {name: area, unit: pix2, datatype: float64}
# - {name: semimajor_sigma, unit: pix, datatype: float64}
# - {name: semiminor_sigma, unit: pix, datatype: float64}
# - {name: orientation, unit: deg, datatype: float64}
# - {name: eccentricity, datatype: float64}
# - {name: min_value, datatype: float64}
# - {name: max_value, datatype: float64}
# - {name: local_background, datatype: float64}
# - {name: segment_flux, datatype: float64}
# - {name: segment_fluxerr, datatype: float32}
# - {name: kron_flux, datatype: float64}
# - {name: kron_fluxerr, datatype: float64}
# - {name: kron_radius, unit: pix, datatype: float64}
# - {name: gini, datatype: float64}
# - {name: equivalent_radius, unit: pix, datatype: float64}
# - {name: kron4_2_flux, datatype: float64}
# - {name: kron4_2_fluxerr, datatype: float64}
# - {name: radius_kron20, unit: pix, datatype: float64}
# - {name: radius_kron50, unit: pix, datatype: float64}
# - {name: radius_kron80, unit: pix, datatype: float64}
# - {name: near_border, datatype: bool}
# meta:
#   PHOTMJSR: 0.3925000131130219
#   PIXAR_SR: 2.11539874851881e-14
#   __serialized_columns__:
#     area:
#       __class__: astropy.units.quantity.Quantity
#       unit: !astropy.units.Unit {unit: pix2}
#       value: !astropy.table.SerializedColumn {name: area}
#     eccentricity:
#       __class__: astropy.units.quantity.Quantity
#       unit: !astropy.units.Unit {unit: ''}
#       value: !astropy.table.SerializedColumn {name: eccentricity}
#     equivalent_radius:
#       __class__: astropy.units.quantity.Quantity
#       unit: !astropy.units.Unit {unit: pix}
#       value: !astropy.table.SerializedColumn {name: equivalent_radius}
#     kron_radius:
#       __class__: astropy.units.quantity.Quantity
#       unit: &id001 !astropy.units.Unit {unit: pix}
#       value: !astropy.table.SerializedColumn {name: kron_radius}
#     orientation:
#       __class__: astropy.units.quantity.Quantity
#       unit: &id002 !astropy.units.Unit {unit: deg}
#       value: !astropy.table.SerializedColumn {name: orientation}
#     radius_kron20:
#       __class__: astropy.units.quantity.Quantity
#       unit: *id001
#       value: !astropy.table.SerializedColumn {name: radius_kron20}
#     radius_kron50:
#       __class__: astropy.units.quantity.Quantity
#       unit: *id001
#       value: !astropy.table.SerializedColumn {name: radius_kron50}
#     radius_kron80:
#       __class__: astropy.units.quantity.Quantity
#       unit: *id001
#       value: !astropy.table.SerializedColumn {name: radius_kron80}
#     semimajor_sigma:
#       __class__: astropy.units.quantity.Quantity
#       unit: !astropy.units.Unit {unit: pix}
#       value: !astropy.table.SerializedColumn {name: semimajor_sigma}
#     semiminor_sigma:
#       __class__: astropy.units.quantity.Quantity
#       unit: !astropy.units.Unit {unit: pix}
#       value: !astropy.table.SerializedColumn {name: semiminor_sigma}
#     sky_centroid:
#       __class__: astropy.coordinates.sky_coordinate.SkyCoord
#       dec: !astropy.table.SerializedColumn
#         __class__: astropy.coordinates.angles.Latitude
#         unit: *id002
#         value: !astropy.table.SerializedColumn {name: sky_centroid.dec}
#       frame: icrs
#       ra: !astropy.table.SerializedColumn
#         __class__: astropy.coordinates.angles.Longitude
#         unit: *id002
#         value: !astropy.table.SerializedColumn {name: sky_centroid.ra}
#         wrap_angle: !astropy.coordinates.Angle
#           unit: *id002
#           value: 360.0
#       representation_type: spherical
#   astropy version: '5.1'
#   make_catalog parameters:
#     ab_zpt: 31.4
#     coadd_bands: !!python/tuple [f277w, f356w]
#     deblend_contrast: 0.001
#     deblend_nlevels: 32
#     deblend_npixels: 1
#     detect_kernel_fwhm: 4.0
#     detect_kernel_npix: 7
#     detect_npixels: 4
#     detect_threshold_nsigma: 3.0
#     flag_isolated_buffer: 4
#     hst_bands: !!python/tuple [f606w, f814w, f125w, f140w, f160w]
#     jwst_bands: !!python/tuple [f115w, f150w, f200w, f277w, f356w, f410m, f444w]
#     near_border_kernelsize: 21
#     reference_band: f200w
#   make_catalog version: 1.4.0
#   photutils version: 1.5.0
# schema: astropy-2.0
label xcentroid ycentroid sky_centroid.ra sky_centroid.dec bbox_xmin bbox_xmax bbox_ymin bbox_ymax area semimajor_sigma semiminor_sigma orientation eccentricity min_value max_value local_background segment_flux segment_fluxerr kron_flux kron_fluxerr kron_radius gini equivalent_radius kron4_2_flux kron4_2_fluxerr radius_kron20 radius_kron50 radius_kron80 near_border
[from data line 3752]
3753 386.71108639526966 775.0107225073589 214.8636439274727 52.87297694466267 366 472 759 820 1043.0 20.679844629114044 3.95074974210536 25.00513317481862 0.981581572757486 -0.17534616059293928 1.0222498097511632 0.0 148.5780951352006 20.018692 982.0102520629051 72.62332249090352 2.9549760862527963 0.6589142597573916 18.220790632947125 1280783.10760442 115.72346237245642 13.764407680243364 26.701331871418347 41.300709429917156 False
3754 242.82155071760542 832.753109862603 214.86432193836535 52.87420244834368 226 263 806 921 2173.0 15.06992032952866 7.190742016020894 86.12506016133314 0.8788172022168931 -0.2123971085218756 2.494827251063353 0.0 759.4593304766003 28.34892 2709.209056655413 88.99976639986001 3.157202131344063 0.5829648358665436 26.299950240967704 1284260.5206399676 141.56138531137205 14.62336989543365 46.660408672517605 65.43117521493743 False
3755 4342.646788175493 288.55094681360936 214.83343491875874 52.84521872692499 4330 4358 278 300 440.0 5.583234461995674 4.276679736171278 -11.689420492661617 0.6428571882692271 0.130158291864851 1.8862511644871767 0.0 305.9376385135676 9.121523 449.20805283377183 20.255270154686634 2.109363911892511 0.3410494335124992 11.834540545406394 458.6484940031927 32.84637291924017 4.316561590160674 8.398090654627733 16.010295265092008 False
3756 4325.949330735429 285.2790826005429 214.8336183765078 52.8453072005523 4321 4332 281 290 96.0 2.8952382254616906 2.3305531302350095 7.273914628908841 0.5933280650005577 0.3149587041829307 1.0499178484489935 0.0 61.106800938829224 4.1948743 163.2807551440645 13.283356669984167 2.6564048733147363 0.15863232718757914 5.527906391541368 193.51214029861438 21.54729877671741 3.6773816172935065 6.818756739935751 10.381744021560433 False
3757 6642.548676825368 315.55616646963483 214.81263022240134 52.83074675350194 6627 6661 303 336 746.0 4.429864850245323 4.25383174819675 -77.20588687328716 0.2790994720813509 0.3213826978496959 104.38123109314319 0.0 9005.879048268096 13.3318 9316.700865588358 13.704689875950944 1.4624134851186072 0.7012200515333812 15.40971041561482 9882.194688108395 22.087204607642413 2.5542979549239395 4.770478127231041 8.232328799771247 False
3758 6650.222665278731 338.46238912371524 214.8123207781974 52.83082141095892 6647 6655 336 343 50.0 2.23178209764298 1.711991832241203 -35.67224924105046 0.6415319455415809 0.09419012383383313 0.5984825119374495 0.0 15.976620697417603 3.5291634 160.82227214235675 16.045741967322563 3.6744567922457985 0.21700863584172006 3.989422804014327 429.321758816214 26.04656050002435 6.119285806324086 11.100865388667396 15.98462859481402 False
3759 9612.191753788537 335.11217367711635 214.78594870137164 52.81197262088144 9577 9640 321 362 1753.0 11.816277669051477 8.148760445660631 3.06354729221477 0.7241698925200682 0.30577225851044376 6.399925583918327 0.0 3299.4516105804096 22.282988 5783.332049531497 53.273008494582314 2.331059975482724 0.39401023579451033 23.62196500040132 6417.787599275115 87.37276907286052 9.393517377627472 19.214688112215708 36.39364071519407 False
3760 9582.098420591185 328.24925875636944 214.78628907860497 52.8121270018474 9566 9594 321 340 393.0 6.661056462512294 4.190627449749284 -19.940466579641253 0.7773053236309955 0.4281629901631671 1.837051033013229 0.0 460.2775644723932 9.96183 1876.2130215038947 37.70121962173228 3.122734183315299 0.21234439970011887 11.18462271470208 2701.716477256921 61.75316118832053 9.377904197764456 18.925916169306106 30.917986333629816 False
3761 825.8647943207225 360.30799113885195 214.86408452684023 52.867950519414734 803 848 337 384 1630.0 7.775519090531343 6.845241463906477 86.49367659635114 0.4743095602667518 -0.041460355675002385 7.850698520518549 0.0 1808.0850371694605 23.068804 1900.259597101776 27.956071960711856 1.5130490716280791 0.599493116730838 22.778171886250636 2017.188377741551 45.085354509294376 4.374273924398851 8.356870602409378 14.506854018141919 False
3762 849.0670679955439 356.79788356169576 214.86391416514334 52.867784192462544 844 855 351 362 97.0 2.792856601029259 2.349350183166648 33.804468720876606 0.5407245469384114 0.027645479775979604 0.4892833419328656 0.0 27.16886873271299 6.6728497 69.27217706698661 21.612744533147477 3.0245768189973377 0.24445149353593507 5.556622981616415 110.40458998188983 33.974960729206664 3.432994836464054 7.305265857999581 12.528670104582424 False
3763 6334.282171066143 371.88352394150127 214.81478725262258 52.833009766965134 6298 6369 347 394 1833.0 15.948247513525853 6.085406628231217 -30.784029715349934 0.9243390701245503 -0.03388723625904117 2.2988451060124953 0.0 1346.7426910621562 18.777752 1656.2860942328925 31.718056483529054 1.6306221580595088 0.3682387022412744 24.154958525629645 1674.391913954557 51.62089677109272 8.007308968941462 16.00374859960427 27.151991670736976 False
3764 6320.8214382203205 414.42346460339485 214.81445974666642 52.8333245756845 6291 6354 388 456 2811.0 12.732111793639392 10.4661699526797 -65.45852186758282 0.569445080630979 0.11847191364608695 9.737362146315299 0.0 5020.4586559917425 23.48322 5967.5183313139505 36.22125619460476 1.624510781006665 0.46759593465645694 29.912691120369555 6284.581320133398 59.09075826918648 7.877729645801694 15.857542851209196 25.848072323507658 False
3765 6301.899901624683 430.0824240150033 214.81446377536355 52.83352923363453 6287 6314 411 448 539.0 7.575897840597947 4.351442328656917 46.1597789804319 0.8185889686609572 0.10761352870563672 2.716008033377388 0.0 616.6277874202615 10.008029 919.9056957834191 23.156173882337796 2.1616406464888467 0.40715747326285723 13.098436114783443 1001.0904783218784 38.4561648763587 5.352509216958948 9.860054109780675 17.17355482343855 False
3766 9611.611199366545 362.662659385854 214.7856640491882 52.81212471164687 9610 9613 362 364 9.0 1.1910986938307344 0.6206756588981827 12.947176444805054 0.8534986388797703 0.42972829312086264 0.500285966502737 0.0 4.099898235034772 1.7255052 103.72549700866274 8.333185139786929 4.005184681229683 0.03300909799416746 1.692568750643269 240.48932782107238 12.924009131172287 3.8059368098566075 5.958034137670557 7.726603832256288 False
3767 9610.655297065356 367.19365363370935 214.78562490241117 52.81215519567595 9608 9614 364 370 41.0 1.9189908297923348 1.7456857428894261 -64.16269948527163 0.4152891471675062 0.3241101187832809 0.5455696147199983 0.0 17.622735429125388 3.4631603 320.03633557473455 16.69994066065048 3.886934389247026 0.08941288936003161 3.6125759969217834 598.2758680197896 26.316303429662934 6.959547597712882 11.61601303047117 15.347285090653147 False
3768 9628.357454741385 378.73835872915436 214.78534569973147 52.81210482064045 9627 9630 377 380 14.0 1.035645386099895 1.0313362125831123 68.95962653368248 0.09112849995848402 0.23182985603020864 0.3866093976100908 0.0 4.598641023428152 1.9803064 92.83349634718789 9.177056276861617 3.878657792903165 0.08700894848014398 2.111004122822376 222.24457550733948 14.574956919564784 4.401591588332914 7.1196176017072546 8.953533851093997 False
3769 9626.21081145965 383.87547374463884 214.78531078775916 52.81214614075387 9624 9628 381 386 24.0 1.5530355456811888 1.2035328513658687 -53.10160421321016 0.6320162642646076 0.2615633331569884 0.43938510257211166 0.0 8.364193285680212 2.457103 132.29696420272765 12.124580085936337 3.8680105506877633 0.0840511882762977 2.763953195770684 304.83566125593234 19.679348547216286 5.176050930163475 8.701987122564567 11.47762970536316 False
3770 7935.239258284313 394.23974068915345 214.800274641047 52.82295314076543 7929 7942 385 402 189.0 5.165007888973002 3.147313024342735 -88.31582733547171 0.7928990654281376 0.027244112909576488 0.30025861025450523 0.0 30.313975911836856 6.9469533 143.4884882286427 29.39235171412056 3.1988453849854537 0.22553890788333333 7.756324418739616 256.76515361447167 47.29484914804829 7.802821192678185 14.44653114664371 22.591293411400713 False
3771 7922.025762492984 417.688474760764 214.80014575519138 52.82316347989075 7908 7939 400 437 671.0 8.6960618885588 5.03292991092832 -54.27217013138168 0.8154981570269889 0.019963140625164487 0.8234019931686258 0.0 162.0977364888198 12.156251 507.642065131117 41.24530482162492 2.97860245826219 0.33522382603629974 14.614579488624488 761.4070365163147 67.31438407631916 10.653145161813717 26.431865914671288 45.45036657549191 False
3772 7894.815622487425 420.9086946341516 214.80035448191825 52.82335381595076 7876 7909 408 430 499.0 5.864875871785449 5.020995421145375 27.510552627372352 0.5167889700333036 0.003040903062101389 1.2393823770861423 0.0 229.54120949384276 10.460606 376.1245348101016 23.623823703215525 2.223542455908619 0.39030782756225624 12.603040633343667 542.632408790636 39.457512637270945 5.338589684400136 9.619380510702735 19.39167860804464 False
3773 7890.826370747799 432.89298962459304 214.80026396637328 52.82344374546813 7872 7910 414 444 475.0 7.92457974309948 5.470336837368259 24.273569906728007 0.7235233288834884 0.007277420511764277 0.9291454288093335 0.0 225.83751115586213 10.381762 543.5182998462155 32.72499335013511 2.7305017148462873 0.27815031915354604 12.296226898414837 783.0887630966365 56.80663491880659 7.191392636600111 16.247711890307762 33.54165220608857 False
3774 7903.465758172435 443.6175588703111 214.8000384423211 52.8234211723864 7880 7924 424 458 758.0 8.99472647334004 4.624114935493683 -38.29733675064711 0.8577351821092054 -0.015892907706181934 1.6719880673509873 0.0 398.15875043590887 12.2030325 577.1107293631686 26.533840617790393 2.095822050322783 0.42250612876795357 15.533154661153457 755.5200831169802 43.03506243085579 5.431413048240586 10.446997853048579 21.07115239346007 False
3775 7873.656729735601 439.3168969574214 214.80034946749123 52.82358751037211 7862 7884 419 452 459.0 6.322419014943806 4.367615089857063 66.09547217657924 0.7230325872292466 0.040701852955407916 1.1764946756557786 0.0 201.8933308931451 9.855129 445.0251759052367 28.480820629401585 2.636182962355974 0.40709835171933334 12.087358593107094 585.6286866318269 45.80094662309408 5.751995478314455 13.082913592050561 25.838850604396548 False
3776 7882.451132981962 448.2490880625057 214.80017708203684 52.823579724847384 7874 7888 442 457 126.0 3.99917939663438 2.1742290075025696 -45.107950696592766 0.8392998577064721 0.14230800688563194 0.9162841491818522 0.0 73.40349656484965 4.9855275 145.06391790212786 13.019676827931068 2.5419514719275895 0.2242640259195377 6.333012368467128 259.5748735517784 22.091471467640925 3.394158739143661 6.493097213979919 14.139838086628156 False
3777 1908.3265229464375 412.11853944658526 214.85386955501423 52.86135303142871 1877 1937 390 436 2016.0 12.897843209502378 9.26590399261366 22.943833466234853 0.6956227655039885 -0.10259964693545932 0.9629554376523548 0.0 396.74065585927315 22.482805 613.922084103397 50.71869266065954 2.080275188739804 0.37083022021380585 25.332049473868512 745.6454454246959 80.91279139614811 9.413084610712849 20.460867597011102 39.722318541831335 False
3778 1905.0524887115776 461.0467724766377 214.85338390761066 52.86163767546618 1870 1939 433 502 2751.0 9.236291512572766 6.8880966224722275 -39.43419676291443 0.6662098655418094 -0.0941318387711816 33.996031130147635 0.0 5912.597397388683 26.103643 5846.456552932557 24.49784231808486 1.4 0.7242165246293009 29.59173021118583 6294.41384275592 36.31505570935849 3.692875655320687 7.364832448954445 13.622851918381961 False
3779 1875.43794577411 451.00660402744563 214.85375407307566 52.861771688212876 1865 1882 439 463 241.0 4.936188416152931 3.422488591060087 -59.65764290836501 0.7206044234208969 0.017202946639343058 0.5529162183838768 0.0 62.78241467704016 7.689762 401.3516868756178 31.660282624910366 3.5478978136241244 0.30544217871402113 8.758577656805558 584.7237224146802 51.1550261597928 10.765190344161038 20.050839351026582 30.732087722529233 False
3780 1872.5449322419925 478.8086980874625 214.85348733850546 52.861939989943764 1861 1885 458 495 509.0 9.59797225620092 3.9321144213991763 57.84504743512775 0.9122284986505823 0.0826725371526324 0.6265656866537896 0.0 149.23579567945177 11.2813 541.2263271618781 41.56821857004212 3.0663819688056986 0.19687527365975993 12.728697186576065 750.5808768868424 66.8188967287384 11.11077991123447 22.75054415727058 34.21594621921993 False
3781 1908.1124556894424 492.65247187551836 214.85302397516833 52.861788664878276 1880 1928 476 513 891.0 12.330571709152824 5.133072649412386 -34.93733319687473 0.9092326748697004 0.10896369912143049 1.0675894444304463 0.0 407.0755975962936 15.030009 778.7902993655775 41.097017936229264 2.323852226593036 0.24502975663441104 16.840846433293 989.2397132216634 65.68019222602658 9.145661199680399 18.053855412129405 31.00443943604247 False
3782 9313.620771903355 405.0458811082144 214.78787386028492 52.81424776249238 9297 9330 395 412 376.0 5.735110417312855 3.988797187493733 2.559960116315936 0.7185213879618737 0.5905520138067699 5.629053405154324 0.0 920.7459467702489 11.879163 1551.7285055538441 29.34033409848941 2.3357650163545887 0.3410521879178962 10.940041919714261 1954.822830830382 47.878416678336215 4.76650117092361 8.891789633900235 18.868206233662164 False
3783 9296.83335596362 422.6917208684646 214.78783783965926 52.81444955441334 9245 9349 400 448 3006.0 21.279491029362415 6.824882560416269 -7.955557379359007 0.9471720740232586 0.21205766233127377 10.057062839884418 0.0 7763.8488373917535 33.28225 8875.092979930087 52.46899895584557 1.6192608519815792 0.4308798483228884 30.93282266248062 9324.955398529386 84.01194093243735 9.202660070167006 19.517030732214558 32.99999662671836 False
3784 9247.927534120176 434.6191183643132 214.78814823189828 52.81482476295807 9229 9267 420 448 653.0 7.467010610199085 5.223806986691402 27.74636250715798 0.7145496017775476 0.0789231285723085 2.938757092040541 0.0 628.5125354452662 15.316101 1122.6415419110092 39.94974964730343 2.4042665406327974 0.3726324420794576 14.417224270920368 1263.641370805069 64.24712129121546 6.236825756320462 12.463289020589603 24.310015359084325 False
3785 417.4133527332991 425.5794428479535 214.86704715717252 52.87089725743543 397 439 407 448 1009.0 9.492856513319152 5.289932849501485 -46.67705041254198 0.8303420443897745 0.045077182291723035 2.877063985521721 0.0 764.0246260694141 16.72503 1095.3702767901589 36.356397136676975 2.172896457962254 0.4050241780524664 17.921346912535476 1220.7835415429822 57.90669875335211 5.717918988597778 12.36610472943472 24.067778603282246 False
3786 391.42666410728157 442.39024312610417 214.86710244683576 52.87115300673478 384 398 434 448 165.0 3.5608591303086876 2.908751012929898 -25.473844449728247 0.5768249878273364 -0.06792426464375514 0.33800280255687504 0.0 25.72077446720148 6.9335666 177.7629262571649 28.324615456041514 3.7012648957057017 0.3882739075182862 7.247146419131151 287.1672445074107 44.73007892437558 8.02295143010795 16.816757956538662 23.6880787037767 False
3787 7995.239718057871 448.80071905060566 214.79916566499986 52.82286564711828 7982 8012 435 462 477.0 7.826756913740991 3.6649396957943736 -36.2880242293509 0.8835919114476766 0.07645963270324743 1.0754508630484299 0.0 216.5168253590819 9.703414 354.0321894695285 24.114335835548346 2.2346164045681136 0.27950530472533947 12.322086499845234 407.35774996937585 39.4672573347315 5.391875135602966 10.800830945157632 19.20221378666972 False
3788 7988.142740380717 467.1676572012881 214.79903570519386 52.82300972040424 7985 7992 463 472 57.0 2.6975809647471953 1.634384742004773 69.40906361595759 0.7955632790009783 0.1399351218830826 0.30384908148530104 0.0 14.348470516853636 3.584413 69.11711915102393 14.277946243772988 3.1803398081507 0.06842651401815172 4.259537945889915 97.59501098688828 22.151291853411653 4.192183700739875 7.297932915432058 11.127987985059212 False
