outputs/dr0.5_c0.1/nircam1_matched_f277w_f410m_dr0.5_c0.1.ecsv
# %ECSV 1.0
# ---
# datatype:
# - {name: label, datatype: int64}
# - {name: xcentroid, datatype: float64}
# - {name: ycentroid, datatype: float64}
# - {name: sky_centroid.ra, unit: deg, datatype: float64}
# - {name: sky_centroid.dec, unit: deg, datatype: float64}
# - {name: bbox_xmin, datatype: int64}
# - {name: bbox_xmax, datatype: int64}
# - {name: bbox_ymin, datatype: int64}
# - {name: bbox_ymax, datatype: int64}
# - {name: area, unit: pix2, datatype: float64}
# - {name: semimajor_sigma, unit: pix, datatype: float64}
# - {name: semiminor_sigma, unit: pix, datatype: float64}
# - {name: orientation, unit: deg, datatype: float64}
# - {name: eccentricity, datatype: float64}
# - {name: min_value, datatype: float64}
# - {name: max_value, datatype: float64}
# - {name: local_background, datatype: float64}
# - {name: segment_flux, datatype: float64}
# - {name: segment_fluxerr, datatype: float32}
# - {name: kron_flux, datatype: float64}
# - {name: kron_fluxerr, datatype: float64}
# - {name: kron_radius, unit: pix, datatype: float64}
# - {name: gini, datatype: float64}
# - {name: equivalent_radius, unit: pix, datatype: float64}
# - {name: kron4_2_flux, datatype: float64}
# - {name: kron4_2_fluxerr, datatype: float64}
# - {name: kron4_2_mag, datatype: float64}
# meta:
#   PHOTMJSR: 0.8704000115394592
#   PIXAR_SR: 2.11539874851881e-14
#   __serialized_columns__:
#     area:
#       __class__: astropy.units.quantity.Quantity
#       unit: !astropy.units.Unit {unit: pix2}
#       value: !astropy.table.SerializedColumn {name: area}
#     eccentricity:
#       __class__: astropy.units.quantity.Quantity
#       unit: !astropy.units.Unit {unit: ''}
#       value: !astropy.table.SerializedColumn {name: eccentricity}
#     equivalent_radius:
#       __class__: astropy.units.quantity.Quantity
#       unit: !astropy.units.Unit {unit: pix}
#       value: !astropy.table.SerializedColumn {name: equivalent_radius}
#     kron_radius:
#       __class__: astropy.units.quantity.Quantity
#       unit: !astropy.units.Unit {unit: pix}
#       value: !astropy.table.SerializedColumn {name: kron_radius}
#     orientation:
#       __class__: astropy.units.quantity.Quantity
#       unit: &id001 !astropy.units.Unit {unit: deg}
#       value: !astropy.table.SerializedColumn {name: orientation}
#     semimajor_sigma:
#       __class__: astropy.units.quantity.Quantity
#       unit: !astropy.units.Unit {unit: pix}
#       value: !astropy.table.SerializedColumn {name: semimajor_sigma}
#     semiminor_sigma:
#       __class__: astropy.units.quantity.Quantity
#       unit: !astropy.units.Unit {unit: pix}
#       value: !astropy.table.SerializedColumn {name: semiminor_sigma}
#     sky_centroid:
#       __class__: astropy.coordinates.sky_coordinate.SkyCoord
#       dec: !astropy.table.SerializedColumn
#         __class__: astropy.coordinates.angles.Latitude
#         unit: *id001
#         value: !astropy.table.SerializedColumn {name: sky_centroid.dec}
#       frame: icrs
#       ra: !astropy.table.SerializedColumn
#         __class__: astropy.coordinates.angles.Longitude
#         unit: *id001
#         value: !astropy.table.SerializedColumn {name: sky_centroid.ra}
#         wrap_angle: !astropy.coordinates.Angle
#           unit: *id001
#           value: 360.0
#       representation_type: spherical
#   astropy version: '5.1'
#   kernelfile: kernel_f277w_f410m.fits
#   make_catalog parameters:
#     ab_zpt: 31.4
#     coadd_bands: !!python/tuple [f277w, f356w]
#     deblend_contrast: 0.001
#     deblend_nlevels: 32
#     deblend_npixels: 1
#     detect_kernel_fwhm: 4.0
#     detect_kernel_npix: 7
#     detect_npixels: 4
#     detect_threshold_nsigma: 3.0
#     flag_isolated_buffer: 4
#     hst_bands: !!python/tuple [f606w, f814w, f125w, f140w, f160w]
#     jwst_bands: !!python/tuple [f115w, f150w, f200w, f277w, f356w, f410m, f444w]
#     near_border_kernelsize: 21
#     reference_band: f200w
#   make_catalog version: 1.4.0
#   photutils version: 1.5.0
# schema: astropy-2.0
label xcentroid ycentroid sky_centroid.ra sky_centroid.dec bbox_xmin bbox_xmax bbox_ymin bbox_ymax area semimajor_sigma semiminor_sigma orientation eccentricity min_value max_value local_background segment_flux segment_fluxerr kron_flux kron_fluxerr kron_radius gini equivalent_radius kron4_2_flux kron4_2_fluxerr kron4_2_mag
[from data line 4960]
4961 2041.367776797795 3598.2939987297177 215.0000193770997 53.0047534317273 2027 2058 3586 3609 460.0 6.316062986776411 4.03166792476024 -0.8861280873765166 0.7697713042001786 0.17603592518127975 3.1859801921709026 0.0 320.67432486025393 4.5578337 532.6045125145395 10.390251126396594 2.2379030774158157 0.41380534231288196 12.100518486599809 606.6568781553361 16.38300483723842 24.442642185232426
4962 10073.424733779533 3595.3939685209593 214.9279852299386 52.95377384693137 10070 10076 3594 3597 16.0 1.9530106378175878 0.6430909345269786 26.52402635868765 0.9442316826205142 0.26545072033715994 0.3091043255833905 0.0 4.588453102137919 0.74773407 66.4907054291994 3.5095219890530576 3.6770131550114105 0.026971597182220038 2.256758334191025 162.41544586832617 5.676130314699831 25.873431678248178
4963 10082.137621296792 3599.7941828116186 214.92786078578507 52.953742295988356 10077 10086 3597 3603 44.0 2.829162674334041 1.2329013607640746 27.386777377207284 0.9000517013297168 0.27126494605192264 0.3844857717669599 0.0 14.645118287822681 1.292435 191.92780916950477 6.038216629941809 3.734215042289865 0.05227926083768999 3.742410318509555 397.29105250360146 9.67896467744545 24.902228039237187
4964 616.3411778570736 3613.4144558633657 215.0126632433395 53.01387247099435 596 641 3604 3621 607.0 8.981343608448013 3.410820779377628 -1.2712107199786205 0.9250820416280067 0.15902070249133804 2.698945748350365 0.0 429.8171743074511 5.091564 586.6466451607821 10.537943844822966 2.0904243972127214 0.377515848953876 13.900147514093545 698.299725808419 16.75478226019633 24.289895321218214
4965 638.047511370262 3619.153580361539 215.01240768793602 53.01376585125793 634 641 3614 3623 49.0 2.217635444055443 1.595175824929671 -60.05396083248982 0.6946852718071375 0.19776216864075322 0.5224540026215263 0.0 16.461451018808976 1.4542054 74.60876524685779 5.3981685158005766 3.1773032501063523 0.1578307771298481 3.949327084834294 156.5363814139593 8.517986798590101 25.913461774509862
4966 10091.717933771599 3605.958319300402 214.92770998272618 52.95371476203192 10090 10094 3605 3607 10.0 1.3627929407125572 0.5554848046514711 25.210816045283345 0.9131571702772201 0.2787193293926527 0.34609185458743946 0.0 3.0903615444875454 0.60122037 42.23985920832858 2.596310837421988 3.7582737378130497 0.04697871958341562 1.7841241161527712 104.65453173147179 4.323349153144177 26.350604902943914
4967 10098.060521090618 3609.8775506371653 214.92761184832108 52.953695660240065 10094 10102 3607 3612 26.0 2.5106543777981387 0.8096362640660695 28.854696442778987 0.9465762180026115 0.2583849354289766 0.3272015717184217 0.0 7.613866122703571 0.9819872 111.90979896142903 4.4580965944605815 3.824412525896082 0.04078003635634336 2.876813695875796 278.99126641548173 7.311169951422963 25.286023479333302
4968 10104.498574146299 3613.4906513013157 214.9275160840472 52.95367429958125 10104 10105 3613 3614 4.0 0.501797447911135 0.498106303959315 44.33733721530013 0.12106849454599566 0.28054655856854166 0.2955575357340037 0.0 1.1489317713690252 0.38907042 15.226131905276763 1.6190110683093302 4.036931272408811 0.01494257230721176 1.1283791670955126 37.263845643403656 2.632074905610733 27.471780819417543
4969 10114.224673233437 3619.1857962470503 214.92736891653817 52.953643307699735 10106 10122 3613 3624 54.0 4.954030637355744 0.8720248299708231 29.949785050633746 0.9843860001167762 0.2635937310302359 0.3619459789092854 0.0 16.627066463401604 1.4316648 222.6390761818232 6.289815951214106 3.7709399319785777 0.05425275833486702 4.145929793656026 561.3369097981874 10.521449358316593 24.526941001280207
4970 10130.915067085592 3628.918924899966 214.927116792652 52.953589908064785 10122 10139 3624 3635 78.0 5.111613695598287 1.2370574294856092 31.717137439960638 0.9702739601224848 0.2528188127995906 0.3923468441843203 0.0 24.677975697251316 1.7195702 338.2119607261128 7.817154400560484 3.790368966021538 0.06088916679786891 4.982787485166879 748.4548178032231 12.855194399534597 24.214586029287638
4971 10143.722531657224 3636.071708373248 214.92692665384945 52.953547225225556 10138 10149 3633 3640 47.0 3.2415562909474853 1.1740972461023578 25.702679067811562 0.9320997361021298 0.27521581451814375 0.4126336662551352 0.0 16.37057215765441 1.3465539 179.26268948518225 5.594079108279743 3.644507899016882 0.05675230056793586 3.8678889139475245 415.7978587534212 9.394657701566695 24.852794378744946
4972 10152.127443018517 3641.116551405163 214.9267981788053 52.9535211084536 10148 10157 3637 3645 48.0 2.4189749315045788 1.5310927145083264 34.87278680472742 0.7741918190302166 0.2535155202983682 0.44640343487230427 0.0 17.80643724938892 1.3580225 182.34658812801848 5.807414678271077 3.7442501848318295 0.08622154692826269 3.9088200952233594 379.94102495614743 9.603730787090146 24.95070952506206
4973 10163.315176183958 3647.2395684275475 214.92663340581512 52.95348314741279 10155 10171 3642 3653 97.0 4.313538575416444 1.7231711153102423 28.798841459307926 0.9167420388090218 0.23485370661419674 0.5126774916558542 0.0 36.095359235621565 1.9177953 372.781114236857 8.395816447554191 3.7856418859401457 0.11478584986622516 5.556622981616415 715.8237570547315 13.882753246671959 24.262984730405122
4974 10171.873631018318 3652.5453359869725 214.92650080592335 52.95345746434127 10168 10176 3649 3656 42.0 1.8471995664568475 1.7355612920035781 16.923966704186746 0.34237468844202995 0.24296489251171366 0.48858559161932746 0.0 15.75425235426226 1.334207 161.06710085036002 5.357389094225916 3.7424052656163793 0.10677312359085102 3.656366395715726 306.8227483358152 8.880508502262092 25.182781110581534
4975 10179.1704017628 3656.7418977382454 214.9263911997917 52.95343380174502 10174 10185 3652 3662 65.0 2.878835818359004 1.7923874524639796 24.210064446148618 0.7825335401350267 0.2077206563229687 0.48495220586089843 0.0 24.371607955105414 1.6395929 264.3238113800475 7.015581242291466 3.8455748943080716 0.11611910799059677 4.54864184146723 490.4057495551085 11.690642886375986 24.673611116893863
4976 10186.158988357656 3661.2957421182105 214.92628059094105 52.953414024291106 10180 10192 3657 3665 66.0 2.606191476592675 1.9713769685825977 5.652777330003138 0.6540855050750837 0.17362952557412598 0.4801794214246172 0.0 23.400907088697288 1.5864878 246.31056547451874 6.925533819485793 3.7722124799969805 0.12704965764425408 4.583497844237541 434.1742153365544 11.48640251551741 24.805839929803962
4977 10195.840567428999 3666.4454069098774 214.92613957168413 52.95338036853576 10190 10202 3662 3671 81.0 3.1294325853241367 1.8144333089538203 25.771876272791122 0.8147614969225657 0.2212225324373195 0.5643751049947959 0.0 32.54071041871275 1.8725958 281.40027944333235 7.131053337697024 3.7401530553607856 0.14611681949697894 5.077706251929807 529.2325936738865 11.753298439513825 24.59088354227324
4978 10180.82872537501 3665.6132475914164 214.9262828648433 52.95347116993853 10179 10183 3664 3667 15.0 1.2292403308385644 0.9284922547539237 11.136768383132127 0.6553351130181567 0.2625082992040477 0.3766422875230248 0.0 4.894712822510469 0.73287654 54.10359614836585 3.350317770760371 3.6487308770213005 0.06016237773474168 2.1850968611841584 129.3456625238329 5.376836681971082 26.120620325825282
4979 10204.619664608352 3671.3686204981486 214.92600902601615 52.95335121894817 10200 10210 3668 3675 54.0 2.5434516471976636 1.555321058064265 19.63353293617322 0.7912443170714867 0.229778411609818 0.5660146964176338 0.0 22.39240937107686 1.4923246 189.19429074087307 5.690613265893742 3.6613027337345567 0.13011804315275238 4.145929793656026 399.1359620216307 9.43438965786026 24.897197851650326
4980 10210.56517087464 3674.936646915885 214.9259181520306 52.95333274031509 10207 10214 3672 3678 32.0 1.6750527549712488 1.4253619269572204 -60.1451677662138 0.5252701212571798 0.23604800857538952 0.5093337432111412 0.0 12.84409337543405 1.0984395 120.55032745379893 4.58110468754591 3.770668971394247 0.12307475878494724 3.1915382432114616 228.3520854651369 7.471131599548241 25.503487544422445
4981 10216.588758358048 3678.410896755637 214.92582756651578 52.95331325967487 10211 10222 3674 3682 59.0 2.5850489529981084 1.67245779223614 19.305840698298663 0.7625126089338683 0.1786801155917888 0.5344820892853367 0.0 23.199087770513977 1.4894533 216.18311496447217 6.205903372263139 3.8361125612539264 0.14323096363236593 4.3336224206596095 420.43104843660194 10.24529324217431 24.840763048053475
4982 10225.31883309085 3683.8030485177856 214.92569251950414 52.95328695263878 10220 10232 3679 3688 80.0 3.2292058257966882 1.8582086209296615 25.290495729692296 0.8178452145140312 0.23374698822372345 0.5883590687928114 0.0 34.181601176394494 1.709207 288.87654948764174 7.266517019923031 3.7166689708112224 0.14521277070526228 5.046265044040321 533.0654792055541 11.966859382084207 24.583048602616344
4983 10236.424135098017 3689.6661308603725 214.92553122589712 52.95324811000861 10230 10243 3685 3695 82.0 3.4732386846258168 1.7406141881484882 36.43770512105751 0.8653603285294391 0.24118299235469684 0.6775891828766603 0.0 38.09595837203642 1.7577733 258.9953145075002 6.481214788852009 3.5245764147303382 0.15008054485130265 5.108953969950291 508.2731383483849 10.984584625715128 24.634757104138526
4984 10220.371179072925 3689.1104273049073 214.92568093400627 52.95334701363091 10216 10223 3687 3692 27.0 2.1126188463365843 1.0621125331646144 24.02292453351546 0.8644336729150162 0.2534341422865256 0.43149294244319686 0.0 9.969733104283879 0.99258685 105.77333037276117 4.631478784569103 3.597575361419782 0.06873771659358999 2.9316150714175193 222.6407475126111 7.476491193465197 25.530988371337642
4985 10240.120097585042 3700.553615562763 214.92538338771737 52.95328342715683 10238 10242 3698 3703 27.0 1.5632381697352822 1.2685103463613783 66.5090609274803 0.5844034329878884 0.23564793327096153 0.4326801425041928 0.0 9.545071243631957 1.0247474 94.18648279694992 4.423336745212381 3.6873185158383213 0.08569716308203425 2.9316150714175193 176.90084435881397 7.0706193373194965 25.78067523542639
4986 10249.239411922845 3697.2807369052625 214.92533615405455 52.9532078683151 10239 10258 3691 3703 131.0 5.066250314689357 1.9069314363784093 27.62987731664411 0.9264576676831131 0.23842241915202875 0.7905425001302703 0.0 62.98189156212281 2.2968404 332.22122522654604 7.422608450960789 3.3272971127833704 0.16772331564578968 6.457444935117649 697.7329289301008 13.130504617688777 24.290776950918293
4987 10245.31039041662 3704.1439141100327 214.9252990470006 52.95326986238107 10242 10248 3701 3707 33.0 1.9261317858204234 1.3050775144214048 42.57242938456334 0.7354638373779019 0.25810186661566153 0.44434671927563074 0.0 12.063309987330227 1.1878501 111.88085687818504 4.931483596865291 3.6938717711760662 0.08322050311229623 3.2410224072142872 236.35910926602224 7.964246030366522 25.466069138387514
4988 10260.601357310572 3704.69204714715 214.9251562480203 52.953175754519776 10255 10267 3699 3710 90.0 2.793942577668221 2.356203548841216 35.924639313288594 0.537402812211538 0.2500374215273044 0.8103417818787227 0.0 46.95442169215133 1.9291923 248.87134646585974 6.762797502927784 3.355524139478636 0.1836249433588918 5.352372348458314 432.3968130363836 11.48895661280534 24.810293789143103
4989 10251.523354734865 3707.816872347296 214.92520467113684 52.95325025188218 10249 10254 3706 3710 21.0 1.7675531633512116 0.8928016293662143 28.91754209259537 0.8630573409563476 0.28943205683884726 0.4566421349035522 0.0 8.079622775299853 0.9384771 61.269232136703124 3.3284071973410128 3.4065383390118598 0.07970996670602692 2.5854414729132054 153.27518316359556 5.641156690666797 25.93632039054804
4990 10271.452250009776 3710.4883024245873 214.92499793921215 52.953138165376785 10263 10279 3705 3717 111.0 4.002794677722953 2.0146547936676398 24.75402725082357 0.8641047278271763 0.23478832571513059 0.7259358510534712 0.0 53.646479033606624 2.2294843 239.24799263702556 6.345792056854459 3.1331285126377257 0.16957052895568098 5.944106103225343 523.2190151223316 11.184034236658993 24.603291202551222
4991 10259.433932421343 3712.5417959249853 214.92508399866514 52.95322554412694 10255 10263 3709 3716 41.0 2.8117977070073517 1.169038381131615 36.587893532786154 0.9094734935092861 0.24004419551225428 0.44816581277868317 0.0 15.06313804328437 1.2970723 148.78992504804614 5.659390622335885 3.6923346264612573 0.09148044981905712 3.6125759969217834 342.2666096974749 9.249046928029008 25.06408866751797
4992 10268.711763323816 3718.3873913441666 214.92493926609467 52.953198207097365 10263 10274 3715 3722 65.0 3.047574263217008 1.63899528991782 22.16292295975372 0.843070390392373 0.23819875622027536 0.5242987900476461 0.0 25.892930248729368 1.8064346 214.58655540949366 7.041129684719012 3.5904314541887956 0.11042147206270386 4.54864184146723 438.69382463955094 11.209942533959826 24.794596197460642
4993 10281.221828227253 3716.3747804679683 214.92484836967347 52.95310792732899 10275 10287 3712 3721 80.0 2.807638584952642 2.0932013540955356 13.26703474319163 0.6664630808331001 0.3053850215108722 0.8376123568471503 0.0 45.719957844929844 1.977724 161.33041066462394 5.088956107410359 2.9727804635982897 0.16255119292649298 5.046265044040321 362.3108222886248 9.165896316688732 25.00229673329597
4994 10289.956556277806 3721.089377168771 214.9247204214266 52.95307793172065 10284 10296 3716 3727 84.0 2.942117276055041 2.033842745972658 30.893765114215082 0.7225818172452119 0.2780675838220968 0.8729976019145202 0.0 49.59781759108436 1.9732192 174.05142003608046 5.106781217468229 3.064265165667779 0.18287745690108595 5.170882945826411 433.33842153784326 9.737956637707077 24.807932007381094
4995 10277.86328085538 3723.0950237413867 214.92480765604955 52.95316552819489 10272 10283 3719 3727 60.0 3.000109943542856 1.5291090921021517 32.906244460359765 0.8603614713959907 0.2167311038179112 0.5163569114810748 0.0 24.506965257251753 1.6927378 226.15919999420998 6.825648032787625 3.706825279928044 0.11567657692895822 4.370193722368317 471.0056765637149 11.19498143077325 24.71743464679856
4996 10297.146134261813 3725.8079179385463 214.92460627780324 52.953057765957354 10292 10302 3722 3730 64.0 2.393567897323078 1.9301344157760276 -29.18029572183921 0.5913925436645219 0.308654233939963 0.8679425025980736 0.0 36.54927927007793 1.823028 197.20958164616007 5.548285063851853 3.360855258204994 0.17831227086693902 4.51351666838205 412.4645549386922 10.218290016729778 24.86153341630599
4997 10285.870149701508 3727.661364983937 214.9246877921225 52.95313935263745 10283 10289 3725 3731 30.0 1.9543976589771594 1.174368232629633 34.48392089789711 0.7993354862983032 0.29426714174455965 0.5034365923618156 0.0 12.913943492352534 1.2081021 90.4977897336984 4.129519036230456 3.390671864553048 0.069266261977437 3.0901936161855166 224.96768719216826 7.016350553713293 25.519699641187252
4998 10304.797326238575 3730.0178908875932 214.9244933564601 52.95303192413307 10298 10311 3725 3735 87.0 2.887059955094513 2.160075339624193 10.454660085046132 0.6634822070196805 0.3184043837021641 0.8796930078119131 0.0 51.089718400954595 1.9955052 321.41500640029017 7.5862513292746545 3.4439765024863904 0.17383143134903933 5.262410103554244 641.4553801823379 14.075880268780269 24.382083869713483
4999 10297.25076176583 3734.531634359589 214.92451342041184 52.953104198453666 10288 10306 3729 3741 109.0 5.242119206762539 1.60284118961747 28.981741577131658 0.9521079561035641 0.22125249437482122 0.5522438658551274 0.0 46.52744559828895 2.198724 526.2529965334221 11.514441212052171 3.8758088136043813 0.10918371362356344 5.890312181373172 1030.353072416244 19.13864217004287 23.867534823851333
