outputs/dr0.5_c0.1/nircam2_f606w_dr0.5_c0.1.ecsv
# %ECSV 1.0
# ---
# datatype:
# - {name: label, datatype: int64}
# - {name: xcentroid, datatype: float64}
# - {name: ycentroid, datatype: float64}
# - {name: sky_centroid.ra, unit: deg, datatype: float64}
# - {name: sky_centroid.dec, unit: deg, datatype: float64}
# - {name: bbox_xmin, datatype: int64}
# - {name: bbox_xmax, datatype: int64}
# - {name: bbox_ymin, datatype: int64}
# - {name: bbox_ymax, datatype: int64}
# - {name: area, unit: pix2, datatype: float64}
# - {name: semimajor_sigma, unit: pix, datatype: float64}
# - {name: semiminor_sigma, unit: pix, datatype: float64}
# - {name: orientation, unit: deg, datatype: float64}
# - {name: eccentricity, datatype: float64}
# - {name: min_value, datatype: float64}
# - {name: max_value, datatype: float64}
# - {name: local_background, datatype: float64}
# - {name: segment_flux, datatype: float64}
# - {name: segment_fluxerr, datatype: float32}
# - {name: kron_flux, datatype: float64}
# - {name: kron_fluxerr, datatype: float64}
# - {name: kron_radius, unit: pix, datatype: float64}
# - {name: gini, datatype: float64}
# - {name: equivalent_radius, unit: pix, datatype: float64}
# - {name: kron4_2_flux, datatype: float64}
# - {name: kron4_2_fluxerr, datatype: float64}
# - {name: radius_kron20, unit: pix, datatype: float64}
# - {name: radius_kron50, unit: pix, datatype: float64}
# - {name: radius_kron80, unit: pix, datatype: float64}
# - {name: near_border, datatype: bool}
# meta:
#   PHOTMJSR: 0.3925000131130219
#   PIXAR_SR: 2.11539874851881e-14
#   __serialized_columns__:
#     area:
#       __class__: astropy.units.quantity.Quantity
#       unit: !astropy.units.Unit {unit: pix2}
#       value: !astropy.table.SerializedColumn {name: area}
#     eccentricity:
#       __class__: astropy.units.quantity.Quantity
#       unit: !astropy.units.Unit {unit: ''}
#       value: !astropy.table.SerializedColumn {name: eccentricity}
#     equivalent_radius:
#       __class__: astropy.units.quantity.Quantity
#       unit: !astropy.units.Unit {unit: pix}
#       value: !astropy.table.SerializedColumn {name: equivalent_radius}
#     kron_radius:
#       __class__: astropy.units.quantity.Quantity
#       unit: &id001 !astropy.units.Unit {unit: pix}
#       value: !astropy.table.SerializedColumn {name: kron_radius}
#     orientation:
#       __class__: astropy.units.quantity.Quantity
#       unit: &id002 !astropy.units.Unit {unit: deg}
#       value: !astropy.table.SerializedColumn {name: orientation}
#     radius_kron20:
#       __class__: astropy.units.quantity.Quantity
#       unit: *id001
#       value: !astropy.table.SerializedColumn {name: radius_kron20}
#     radius_kron50:
#       __class__: astropy.units.quantity.Quantity
#       unit: *id001
#       value: !astropy.table.SerializedColumn {name: radius_kron50}
#     radius_kron80:
#       __class__: astropy.units.quantity.Quantity
#       unit: *id001
#       value: !astropy.table.SerializedColumn {name: radius_kron80}
#     semimajor_sigma:
#       __class__: astropy.units.quantity.Quantity
#       unit: !astropy.units.Unit {unit: pix}
#       value: !astropy.table.SerializedColumn {name: semimajor_sigma}
#     semiminor_sigma:
#       __class__: astropy.units.quantity.Quantity
#       unit: !astropy.units.Unit {unit: pix}
#       value: !astropy.table.SerializedColumn {name: semiminor_sigma}
#     sky_centroid:
#       __class__: astropy.coordinates.sky_coordinate.SkyCoord
#       dec: !astropy.table.SerializedColumn
#         __class__: astropy.coordinates.angles.Latitude
#         unit: *id002
#         value: !astropy.table.SerializedColumn {name: sky_centroid.dec}
#       frame: icrs
#       ra: !astropy.table.SerializedColumn
#         __class__: astropy.coordinates.angles.Longitude
#         unit: *id002
#         value: !astropy.table.SerializedColumn {name: sky_centroid.ra}
#         wrap_angle: !astropy.coordinates.Angle
#           unit: *id002
#           value: 360.0
#       representation_type: spherical
#   astropy version: '5.1'
#   make_catalog parameters:
#     ab_zpt: 31.4
#     coadd_bands: !!python/tuple [f277w, f356w]
#     deblend_contrast: 0.001
#     deblend_nlevels: 32
#     deblend_npixels: 1
#     detect_kernel_fwhm: 4.0
#     detect_kernel_npix: 7
#     detect_npixels: 4
#     detect_threshold_nsigma: 3.0
#     flag_isolated_buffer: 4
#     hst_bands: !!python/tuple [f606w, f814w, f125w, f140w, f160w]
#     jwst_bands: !!python/tuple [f115w, f150w, f200w, f277w, f356w, f410m, f444w]
#     near_border_kernelsize: 21
#     reference_band: f200w
#   make_catalog version: 1.4.0
#   photutils version: 1.5.0
# schema: astropy-2.0
label xcentroid ycentroid sky_centroid.ra sky_centroid.dec bbox_xmin bbox_xmax bbox_ymin bbox_ymax area semimajor_sigma semiminor_sigma orientation eccentricity min_value max_value local_background segment_flux segment_fluxerr kron_flux kron_fluxerr kron_radius gini equivalent_radius kron4_2_flux kron4_2_fluxerr radius_kron20 radius_kron50 radius_kron80 near_border
[from data line 4730]
4731 7869.269532831243 4580.607706118463 214.86518978680851 52.90071045035471 7866 7872 4577 4586 45.0 2.502275237132218 1.1103750595532764 -73.11089384257787 0.8961525172659446 -0.12218633674889465 0.6361375740494869 0.0 12.83581519740655 1.7499589 38.26094540143339 5.450155925708789 2.861137089339131 0.36335610624757636 3.7846987830302403 49.35022058090537 8.695738526818815 2.703532025878803 5.492961239966111 9.126142482168756 False
4732 7855.235170869857 4588.658803494451 214.86523048464701 52.90084302748121 7847 7866 4584 4593 159.0 4.317448841088639 2.48032690967388 -5.524259266679943 0.8185122953223188 -0.2392307297783603 0.5488678741588855 0.0 22.226870321333863 3.2525215 90.1911116829127 12.069866558900753 3.232427513132101 0.4140725172338848 7.1141599576634995 78.13817684103907 19.276700623252054 5.900801396256037 14.703151071262226 32.38958577470136 False
4733 1837.803040313803 4606.3796208795075 214.91889596078468 52.93915243578217 1828 1849 4592 4621 449.0 6.294172413717326 5.036120816193357 -75.27563766011609 0.5998341207765922 -0.4004789511039449 0.43003627939009637 0.0 12.164136409223376 5.1787033 14.244311036934054 12.197058552466581 1.9712132635473418 0.5719623369230665 11.954962939989485 -16.015123393397765 19.657793066873296 3.059672709039037 24.060301433292842 25.880465391552423 False
4734 1841.6575395125144 4620.129711305635 214.91871659016803 52.93920219111522 1835 1849 4610 4627 135.0 5.038066200278199 2.3523855309088324 -38.58248164937259 0.8842983389155809 -0.3914729929644552 0.32133450990273327 0.0 1.6178890835052024 2.9067273 3.6876560644011795 5.366903525899379 1.4 0.39098352028278366 6.555290583552474 0.9074369299314924 8.606194247591038 10.218874010931522 10.95777287596484 nan False
4735 4328.315801708623 4605.881459154254 214.89660122918173 52.923336660345385 4315 4341 4593 4620 553.0 4.712971459530605 3.439570676226662 -62.271096461225945 0.6836507153824327 -0.33857185930987616 5.814863241685999 0.0 303.05145004326914 6.431731 317.6625012702294 7.691482232831321 1.5663341853376245 0.6840015809491778 13.267455184007076 342.94669680638697 12.43522951335212 2.1525166954543726 4.0507433475308625 7.840016974624552 False
4736 4352.674023165313 4621.343047170726 214.89622034912097 52.92326541515124 4336 4372 4605 4638 794.0 7.824490620860766 4.611555331992341 46.75263506766672 0.8078599420751834 -0.2820559024325186 1.58349496181258 0.0 129.15593010380772 7.1961107 138.9872429322748 10.072806651497721 1.480837862454818 0.5983819104647445 15.89773724873857 152.42987550917414 16.260745995445262 3.431962669498534 6.6753963739295585 12.095902638310784 False
4737 4248.1474388342795 4605.6308890468235 214.89732144037404 52.92384438890338 4243 4252 4601 4610 69.0 2.8163808264874906 1.8132277712976794 -53.81386070728404 0.7651813195209693 -0.22776630976843085 0.33181686882859507 0.0 4.43916535851278 2.2665021 45.99724306571104 10.79860819683487 3.9652761692678844 0.4354495817208458 4.686510657907603 42.52173757174787 17.380019054685626 6.473898809553228 12.828115139188766 15.281697441564605 False
4738 4239.52306435226 4609.327292588529 214.89735970204063 52.92391910157174 4236 4244 4606 4613 53.0 2.1705467612897538 1.7886332363007011 -83.73154216182633 0.5665209779045872 -0.23956761061430837 0.4793518793070753 0.0 6.926740062615098 1.9760773 46.60937121473947 7.454474228590353 3.1573546714959413 0.39555123567019096 4.1073621666150775 49.716860316169374 11.938227890335847 4.562413632991296 7.328377912880552 11.255637849611853 False
4739 7019.583268705977 4616.661688197268 214.87240843656448 52.90630235344593 7008 7030 4603 4632 420.0 6.921519772502669 3.9911939375063756 -59.998506889002655 0.8170015379512192 -0.4450306040362039 0.43971945570923787 0.0 14.54127356816024 5.8538566 133.88326985601026 24.14877187333409 3.6983446668784947 0.49371650544154694 11.562445770562215 192.9494271943533 38.58747666261238 22.962394821637567 32.4769113178383 39.086748865165646 False
4740 7004.743083602028 4629.894471415457 214.87240179553135 52.90646799717151 6999 7012 4625 4634 72.0 2.884430429387976 1.439003726722046 -45.13279808307354 0.8666672646333933 -0.21052633478024654 0.38769628578666887 0.0 5.338127743339965 2.3621566 21.169018009248248 7.447749194263735 2.962110771080914 0.5241932365500429 4.787307364817192 25.145586110569596 12.012276192990235 3.090063401334013 6.2867246087899495 8.891203082478398 False
4741 2524.830911748937 4612.826964472829 214.91267479378286 52.9348254889417 2513 2532 4606 4622 159.0 4.139470843630478 3.9854870673408165 -59.41728960339189 0.2702111183913209 -0.3109495110395584 0.5243407281605024 0.0 2.5437195524846214 3.0973775 -0.14268877420653236 6.140557137777917 1.4 0.5857569743398789 7.1141599576634995 -23.419090923654373 9.914500834910463 14.30361391473808 14.311575998442938 14.31952029077436 False
4742 2505.1186648344906 4668.522842509617 214.91226463113838 52.93525126725055 2452 2557 4618 4721 8380.0 14.492667426724777 13.45768988653009 -29.56655021739989 0.37111697411834405 -0.46606159638545025 11.777926958008543 0.0 3219.319568615425 22.729517 3190.9792429842264 21.522029251679925 1.4 0.7785567727460875 51.64723464252627 3306.1111438011762 34.33303717078474 4.975181537850043 9.627808682345549 20.082552967686354 False
4743 2460.7398490856863 4702.651025223368 214.91230255886333 52.93571723851871 2455 2466 4697 4709 94.0 3.612051422787923 2.14449755775503 58.21121385416137 0.8046818448172521 -0.2965432246867178 0.46209385797278135 0.0 4.332762132685951 2.37233 20.70654961883711 9.406471723907556 3.167275041679692 0.46190388409274963 5.4700209598571305 41.501374178270325 15.314651374211037 4.656834071131525 8.737809651623602 11.207357833201161 False
4744 6820.679006780221 4628.746884504087 214.8740601372914 52.907630969949054 6813 6826 4624 4636 128.0 3.144034418824522 2.5032324085788833 73.30415517633759 0.6050535244696845 -0.20061599305250757 0.6018308873915319 0.0 28.307854496667545 2.7595203 57.99914872670436 7.468007457558622 2.415010724623019 0.3880279869811886 6.383076486422923 67.77728173619094 12.237154828272423 3.2145420131277107 6.562740613667385 10.075576619129018 False
4745 6807.247105311549 4637.451407200796 214.87408859830148 52.907763241977584 6795 6819 4627 4648 315.0 5.587306601180967 3.7225852358304587 -49.463358160972966 0.7457217109889743 -0.35014560667820643 0.4646350840624065 0.0 28.968667809155065 4.2999725 115.29574688624444 16.52581332347657 3.3055102925812863 0.4493800008788401 10.013371767186818 129.65640615375978 27.126034230874893 7.954408630106664 20.537879307078406 26.962705989910884 False
4746 6793.679872542455 4645.530442778855 214.8741248576002 52.90789299957236 6791 6798 4642 4648 34.0 2.0825151085867386 0.8947760917858677 28.242845572658773 0.90299013882698 -0.1949865332229893 0.4226527678724589 0.0 4.09308548137674 1.4149415 34.07694121428733 5.714295238730297 3.8823567422206002 0.4140925301782131 3.2897623212397704 59.97598759365148 9.1779261871173 4.486091545447222 8.197586855839633 12.714543785735392 False
4747 9383.280562063357 4653.541916228968 214.8508872840858 52.89148513913032 9355 9403 4632 4668 1033.0 12.33491298509808 7.444749524301451 -20.265367617212476 0.7973243666500789 -0.617788025974501 0.6388073578805363 0.0 118.93467224055823 8.367338 519.6569930271178 34.01137557736772 3.170349850997736 0.43772814596850457 18.133232266417803 718.0362511489927 55.67789948016388 17.024383934749064 35.74102780677543 57.68040522856316 False
4748 9431.978504041148 4692.673319582475 214.85003995843633 52.89138673222831 9359 9509 4624 4764 12347.0 18.55528112386986 17.369494144173302 13.778171085446843 0.3517489665425283 -0.31894441918483346 74.90502966382579 0.0 6642.34495836919 28.487154 6659.532360869478 28.24598480417087 1.4 0.737537915204958 62.69108520923261 7303.254131980371 44.32333220024251 3.2976305848063263 10.057150061039616 33.26122288369928 False
4749 9493.615918323358 4662.008253094634 214.84981202508348 52.890829757705106 9478 9510 4643 4686 694.0 12.198592176940641 4.8521960992525885 65.04976422263043 0.9174865118799155 -0.5022630468553928 0.5142178349722057 0.0 42.7403959041056 6.8657727 235.24404773568108 27.485997986145602 3.1424984160963922 0.48154370391777573 14.86294254216004 357.2777835901024 43.82527256819168 17.78218857980838 42.475170601511195 53.61530020198838 False
4750 9505.968482056855 4692.689993823569 214.84937851920338 52.89091671152338 9497 9517 4683 4704 261.0 5.144271538174391 4.174387486894094 35.013002115536416 0.5844034011980542 -0.3390966727450053 0.46068054740460995 0.0 12.542373785020935 4.0986986 62.871132312746084 18.162665553274316 3.5957358274822426 0.5212914350278975 9.114761669619748 117.28335005973969 29.583348082091522 8.331051225075987 23.495179312502103 32.96651259681916 False
4751 9358.986546600634 4691.243177557097 214.85070737756365 52.89184278651945 9341 9370 4677 4707 409.0 6.421475929415499 6.1451729800789945 -16.315695629548873 0.2901801108735797 -0.3262516891922869 0.44559920631814 0.0 20.174019222356222 5.375901 272.90570206995386 27.40188349857822 3.791093274643755 0.5277154632119568 11.410028196686037 430.09804954369514 44.684826560089824 22.579348756791873 38.91800541957166 51.45418699472078 False
4752 9372.482852737108 4697.04876694998 214.85052561541494 52.89178834061415 9360 9380 4680 4709 279.0 7.021691885337975 3.960542517109607 -68.97527663368164 0.8257447984726654 -0.21461028784431257 0.599843611997434 0.0 34.418261913795874 4.244853 93.80080774467922 10.7452999427871 2.7724183999917513 0.4734353683882623 9.423823971471327 318.42099140883687 21.881061501947027 6.842975168373815 22.97198890669188 29.26637056912755 False
4753 9378.574326819435 4723.368003323506 214.85019400167792 52.89189155475366 9366 9389 4713 4731 218.0 5.045147515940824 3.1304740794481187 30.44374771807614 0.7842127121049908 -0.3355504262579659 0.6151262971008585 0.0 33.9569441321442 3.8808317 37.54574832329096 4.437984802204337 2.0417400550813767 0.42481897843335825 8.33015937350939 72.3862102537098 8.604500894620914 3.283840707700781 5.4339978887240665 7.714432599357515 False
4754 9504.473619854278 4730.400433279658 214.84899474703465 52.891129545951934 9492 9519 4723 4735 197.0 7.291259547514654 2.5200526541294126 0.6986824992864504 0.9383721594291984 -0.3236657188778494 0.4276707067957057 0.0 14.148902589670023 3.6204941 87.34923725472858 16.41363594703837 3.4119101959225606 0.45329759615936666 7.918778161951929 79.68427189957792 26.12946726936708 9.520728329310026 20.177382321474898 34.66975959576796 False
4755 9381.73515189323 4758.802481395645 214.84979258385619 52.892062538751254 9339 9437 4712 4794 4957.0 13.789680222680678 10.501698175671553 -3.8383279316330836 0.6480919144077298 -0.43556219405640184 12.787017066463909 0.0 5070.321072249137 19.67099 5141.041693464107 21.591981324585312 1.442600891120385 0.6717105841929035 39.72231244292117 5472.605861926191 34.71390976623515 7.318842521421512 12.850543415805966 21.92008772002884 False
4756 9470.029536676944 4744.475701808248 214.84915434963494 52.891424289557825 9461 9481 4737 4752 213.0 5.082131294465888 3.3524769353385833 23.942690630119582 0.7515644684373779 -0.30503459972822605 0.4249608100354868 0.0 12.501302207402285 3.670526 181.4845268014208 16.28180645493199 3.697557908472668 0.4670287579647404 8.234075889688375 330.9545465362356 26.757805234768192 14.783572578170569 25.710440067387037 33.603652819188085 False
4757 720.6004745396561 4634.389319017178 214.92860957368248 52.94639578508659 711 731 4625 4642 278.0 5.0817537490912486 2.9655647822147735 -43.6815876174597 0.8120620266965689 -0.31154409811585865 0.9064017029233657 0.0 50.969286358021904 4.4034605 82.87162300513542 9.865353630902431 2.2004762844934533 0.46556369620095306 9.40692023773423 120.41157830546967 15.823396869963887 3.5673249101370303 7.1511378659665015 13.36189534824262 False
4758 713.2644841507089 4648.2838262145115 214.9285289313931 52.94651736930056 702 727 4638 4662 306.0 6.062782478969508 3.190579251619673 -39.90778027315443 0.8503258189072198 -0.3856267753203765 0.9142161399653793 0.0 49.69780613095382 4.5412035 75.67522429297586 11.639511095833099 2.3823766848718964 0.4863176627912303 9.869286963719311 110.35290079812586 19.134921446985977 3.421519491914779 7.152145120934353 29.112991998292483 False
4759 737.6010716239789 4661.17634816145 214.92817505354546 52.94643249333835 706 760 4635 4688 1920.0 10.679593976506208 9.693706691874402 -51.33027381781662 0.41965228118510584 -0.33202002568876876 1.7768392457670545 0.0 464.7063302193711 11.582294 486.43879304148845 16.60244731808 1.4 0.5075704574167912 24.721548929484133 483.4148742921316 26.494142966626693 7.248091709040051 12.708581697460385 19.116529175789374 False
4760 8144.641799930814 4637.59462955059 214.862127508759 52.89926845390203 8143 8148 4634 4642 37.0 2.1450259057158805 1.0709048809405455 70.85494217406377 0.8664577963243316 -0.03744735642814279 0.8127181540271134 0.0 12.661817711475088 1.656227 50.26417029337901 6.308844426607869 3.384462656653788 0.3606008229557548 3.431831258788849 60.85046390709711 10.252296827335728 2.813898563877772 5.923881553425875 9.65156134837382 False
4761 8148.501668717315 4643.202249922439 214.86203394229872 52.899274175958475 8147 8150 4642 4644 10.0 1.0941118592328671 0.6362007051063353 21.22173928155938 0.8135629576369952 0.15156936973123616 0.7204647618155481 0.0 4.46948970034027 0.8899943 37.93052149535606 3.7296564844200883 3.5958156752459804 0.20202026604714773 1.7841241161527712 47.11919946688542 5.978872568041475 2.245897650821744 3.8388001543309294 6.419169264854806 False
4762 6613.805432217268 4681.14747481648 214.8753586125583 52.90922765886035 6600 6628 4655 4707 1160.0 10.8499111003692 5.498963533569626 83.95672818893635 0.8620512773882912 -0.31006686744501677 1.0950682754472727 0.0 266.31494698100886 8.354918 435.6284213151356 19.98871125293591 2.378820366310123 0.4766078770121416 19.21560480373171 524.3027265951008 32.10950619938176 6.854531695930232 15.327984966381816 32.84103515587813 False
4763 6640.908384074037 4702.441071191501 214.8748919162881 52.90917037137157 6620 6655 4690 4713 567.0 6.25501313395685 3.393958968241429 -19.884870309854147 0.8399923665559079 -0.24272264714009772 4.961561109131542 0.0 275.28438968219336 5.797558 299.46197217945496 8.377128237895532 1.685588531037548 0.6072330098008745 13.434347973244154 345.2740006711299 13.479573239538873 2.398956743666418 5.337538371655853 10.472779541782751 False
4764 6030.61025805195 4672.7455425611815 214.8806640490872 52.912886541371606 6009 6050 4662 4691 746.0 8.988560024920826 6.197280968766745 3.4144935826993454 0.7243207546276383 -0.40458151633968636 0.4287946034195366 0.0 -9.676528511059434 6.6953526 -30.200580229694108 11.319754563496547 1.4 -0.5112378257184768 15.40971041561482 -86.65276331894074 18.133235380965974 16.18076120577295 21.4870565292242 23.952452592744578 False
4765 6010.125096682383 4682.037431078568 214.88074944753615 52.913066778381044 5998 6031 4668 4693 464.0 8.236157444784148 4.3073621075931445 24.69041032709365 0.8523437251460294 -0.38641466125192103 0.4376004237789947 0.0 1.0081557517159905 5.3253355 -8.46196374452149 9.06922791337303 1.4 1.0775714508109644 12.153015559492998 -56.07874721359548 14.554726411382363 16.475428213427765 17.92438153476969 20.109917763576362 False
4766 7167.685337220348 4678.618723065192 214.8704313652374 52.905695795356955 7164 7174 4674 4682 76.0 2.3712952289198337 2.246347946272264 65.84156173566006 0.3203228835384173 -0.27494020375815204 0.39724967441298853 0.0 2.4365915463117584 2.524407 2.6888434496832057 7.882192724920567 2.687009979287956 0.5580000743582757 4.918490759365935 24.293213365945554 12.5770218538795 1.1721402168620711 2.366953887632992 2.9435535985146237 False
