outputs/dr0.5_c0.1/nircam6_f606w_dr0.5_c0.1.ecsv
# %ECSV 1.0
# ---
# datatype:
# - {name: label, datatype: int64}
# - {name: xcentroid, datatype: float64}
# - {name: ycentroid, datatype: float64}
# - {name: sky_centroid.ra, unit: deg, datatype: float64}
# - {name: sky_centroid.dec, unit: deg, datatype: float64}
# - {name: bbox_xmin, datatype: int64}
# - {name: bbox_xmax, datatype: int64}
# - {name: bbox_ymin, datatype: int64}
# - {name: bbox_ymax, datatype: int64}
# - {name: area, unit: pix2, datatype: float64}
# - {name: semimajor_sigma, unit: pix, datatype: float64}
# - {name: semiminor_sigma, unit: pix, datatype: float64}
# - {name: orientation, unit: deg, datatype: float64}
# - {name: eccentricity, datatype: float64}
# - {name: min_value, datatype: float64}
# - {name: max_value, datatype: float64}
# - {name: local_background, datatype: float64}
# - {name: segment_flux, datatype: float64}
# - {name: segment_fluxerr, datatype: float32}
# - {name: kron_flux, datatype: float64}
# - {name: kron_fluxerr, datatype: float64}
# - {name: kron_radius, unit: pix, datatype: float64}
# - {name: gini, datatype: float64}
# - {name: equivalent_radius, unit: pix, datatype: float64}
# - {name: kron4_2_flux, datatype: float64}
# - {name: kron4_2_fluxerr, datatype: float64}
# - {name: radius_kron20, unit: pix, datatype: float64}
# - {name: radius_kron50, unit: pix, datatype: float64}
# - {name: radius_kron80, unit: pix, datatype: float64}
# - {name: near_border, datatype: bool}
# meta:
#   PHOTMJSR: 0.3925000131130219
#   PIXAR_SR: 2.11539874851881e-14
#   __serialized_columns__:
#     area:
#       __class__: astropy.units.quantity.Quantity
#       unit: !astropy.units.Unit {unit: pix2}
#       value: !astropy.table.SerializedColumn {name: area}
#     eccentricity:
#       __class__: astropy.units.quantity.Quantity
#       unit: !astropy.units.Unit {unit: ''}
#       value: !astropy.table.SerializedColumn {name: eccentricity}
#     equivalent_radius:
#       __class__: astropy.units.quantity.Quantity
#       unit: !astropy.units.Unit {unit: pix}
#       value: !astropy.table.SerializedColumn {name: equivalent_radius}
#     kron_radius:
#       __class__: astropy.units.quantity.Quantity
#       unit: &id001 !astropy.units.Unit {unit: pix}
#       value: !astropy.table.SerializedColumn {name: kron_radius}
#     orientation:
#       __class__: astropy.units.quantity.Quantity
#       unit: &id002 !astropy.units.Unit {unit: deg}
#       value: !astropy.table.SerializedColumn {name: orientation}
#     radius_kron20:
#       __class__: astropy.units.quantity.Quantity
#       unit: *id001
#       value: !astropy.table.SerializedColumn {name: radius_kron20}
#     radius_kron50:
#       __class__: astropy.units.quantity.Quantity
#       unit: *id001
#       value: !astropy.table.SerializedColumn {name: radius_kron50}
#     radius_kron80:
#       __class__: astropy.units.quantity.Quantity
#       unit: *id001
#       value: !astropy.table.SerializedColumn {name: radius_kron80}
#     semimajor_sigma:
#       __class__: astropy.units.quantity.Quantity
#       unit: !astropy.units.Unit {unit: pix}
#       value: !astropy.table.SerializedColumn {name: semimajor_sigma}
#     semiminor_sigma:
#       __class__: astropy.units.quantity.Quantity
#       unit: !astropy.units.Unit {unit: pix}
#       value: !astropy.table.SerializedColumn {name: semiminor_sigma}
#     sky_centroid:
#       __class__: astropy.coordinates.sky_coordinate.SkyCoord
#       dec: !astropy.table.SerializedColumn
#         __class__: astropy.coordinates.angles.Latitude
#         unit: *id002
#         value: !astropy.table.SerializedColumn {name: sky_centroid.dec}
#       frame: icrs
#       ra: !astropy.table.SerializedColumn
#         __class__: astropy.coordinates.angles.Longitude
#         unit: *id002
#         value: !astropy.table.SerializedColumn {name: sky_centroid.ra}
#         wrap_angle: !astropy.coordinates.Angle
#           unit: *id002
#           value: 360.0
#       representation_type: spherical
#   astropy version: '5.1'
#   make_catalog parameters:
#     ab_zpt: 31.4
#     coadd_bands: !!python/tuple [f277w, f356w]
#     deblend_contrast: 0.001
#     deblend_nlevels: 32
#     deblend_npixels: 1
#     detect_kernel_fwhm: 4.0
#     detect_kernel_npix: 7
#     detect_npixels: 4
#     detect_threshold_nsigma: 3.0
#     flag_isolated_buffer: 4
#     hst_bands: !!python/tuple [f606w, f814w, f125w, f140w, f160w]
#     jwst_bands: !!python/tuple [f115w, f150w, f200w, f277w, f356w, f410m, f444w]
#     near_border_kernelsize: 21
#     reference_band: f200w
#   make_catalog version: 1.4.0
#   photutils version: 1.5.0
# schema: astropy-2.0
label xcentroid ycentroid sky_centroid.ra sky_centroid.dec bbox_xmin bbox_xmax bbox_ymin bbox_ymax area semimajor_sigma semiminor_sigma orientation eccentricity min_value max_value local_background segment_flux segment_fluxerr kron_flux kron_fluxerr kron_radius gini equivalent_radius kron4_2_flux kron4_2_fluxerr radius_kron20 radius_kron50 radius_kron80 near_border
[from data line 3088]
3089 4326.660540779499 3694.6941396355874 214.84995061304065 52.845268651083295 4321 4332 3688 3700 122.0 2.8500714843589963 2.3397094030392425 -82.93225645057547 0.5710287284521934 -0.27944215867722133 0.6777721705780628 0.0 18.719688394479764 2.5363479 21.57578300837806 3.6664300169237425 1.4 0.4921235527236593 6.231677632421503 21.185303299086705 5.873347368158003 1.6505260977236909 3.35888889824255 5.569076611794213 False
3090 2463.888153602355 3689.9645848930313 214.86663536038293 52.857077469845315 2463 2465 3689 3691 8.0 0.9041105763215409 0.6469495830286539 -44.73506389991202 0.6985464966989671 0.29165681592469145 0.5127286171448505 0.0 3.023543776877933 0.82671803 10.064020435902945 2.6459317276401255 2.7722971624131754 0.1095363833166274 1.5957691216057308 12.78703481930506 4.246678836248041 1.3076338695209329 2.3203008146577035 3.4516670128669866 False
3091 4207.5036460330775 3698.541561086112 214.85097396566914 52.846046479277376 4199 4214 3689 3710 236.0 5.028978994165924 2.3924359204584005 67.56881257496892 0.8795913912815165 -0.1944883141959398 0.7052271513607022 0.0 36.845866489203715 3.524399 38.243220315660054 4.934261725827307 1.4 0.45895657514647564 8.667244841319219 23.474370906404875 7.928955129390285 2.3929250119242815 4.5996979698002995 7.449573882840759 False
3092 9535.606154423234 3695.9893895122395 214.80346798769546 52.81217048489653 9529 9543 3689 3702 143.0 3.93143700447543 2.260551806184798 -26.660760756089587 0.8181577831828939 -0.2590308838494962 0.6667686187030554 0.0 27.81618186842931 3.3705873 34.23489513659831 7.828509674779577 2.1377797119809303 0.39950042136482655 6.746726148605861 46.19451101207769 12.509392580674627 2.4403059192588046 4.6739488329353165 7.377373883481095 False
3093 6713.143505915309 3693.3077968337466 214.82866659186885 52.83009628011647 6707 6717 3690 3697 64.0 2.571138519760849 1.5183215060394324 16.243470104962142 0.8070193651753275 -0.14806048516687564 0.48203023604319556 0.0 8.214309242345525 2.2202272 17.9427732001598 5.714582812618647 2.409688617270432 0.41272947963532913 4.51351666838205 44.00052601910745 9.12451234531537 2.285582392192842 4.642884417867295 8.79529892318374 False
3094 7695.289068779731 3694.3788669195806 214.8198943057363 52.82385990576153 7693 7697 3691 3697 31.0 1.8850620709097272 1.1498306507980032 87.1866099063656 0.7924247766264897 -0.0012930370337817991 0.5946574818937798 0.0 8.831997058300631 1.550115 35.30015674412488 5.496949252357203 2.9875079199026313 0.29355620285110046 3.141274657157109 52.900992837659075 8.774222852793171 2.7744653163728135 5.368495097111102 8.415791942997 False
3095 4178.633396319161 3699.908458527513 214.85121734375167 52.846237280235435 4174 4183 3696 3704 67.0 2.4879991625541638 1.6165226988746197 -38.91663018189711 0.7601667823517841 -0.05531385908103353 0.6863849871311055 0.0 20.910383390919385 1.9028054 30.782074984431922 3.3698530804559184 1.6466905459429757 0.3132089912215954 4.61809077155419 30.81430935993822 5.341575930877226 1.8906675919418512 3.5403141440349954 5.946098962218127 False
3096 9621.446328496428 3724.9821507699953 214.80239786479015 52.811780991777105 9590 9654 3697 3755 2707.0 10.271375770752302 8.529460227016203 45.67397395577604 0.5571517640654486 -0.3738772814669561 7.380072899100809 0.0 2334.8873663445065 14.498538 2377.2729869123414 16.180039685065704 1.4 0.6367476595705897 29.354128532448744 2461.805635860321 25.836875530400967 5.723356151611819 10.450286942912378 17.398305238935148 False
3097 2556.3301434378923 3717.231950828195 214.86552274677032 52.85663730119383 2548 2565 3700 3730 431.0 5.717597350644792 3.0522747925395555 89.72974151073917 0.8455863243762924 -0.3709366725017425 2.129962636119411 0.0 133.5506684144379 5.959724 143.53628984973705 7.361545331015783 1.4 0.5840598533307237 11.71288013023329 145.3213375462385 11.743430824826305 2.7600939580630763 5.191814648232796 8.65124752820001 False
3098 6171.213822156147 3700.7858998423912 214.83342317495948 52.83358061653391 6170 6172 3700 3702 7.0 0.9372153640841996 0.6157184172233069 28.10730695331162 0.7539204013541667 0.20566998423253374 0.5353689850817951 0.0 2.610595281933728 0.70788455 18.879118831174928 3.1699911221973296 3.5022775058982294 0.16274640099515672 1.4927053303604616 29.786897501039853 5.094148303962326 1.753552361453736 3.1445392026382097 4.789125480494508 False
3099 8068.7426144894325 3701.4822569465846 214.81648893817191 52.82152448766429 8067 8070 3700 3703 14.0 0.9929910003566266 0.8907418965523656 40.27980497069698 0.4419713356218453 0.06495070685587166 1.0835153134586217 0.0 8.16119755225273 1.0273496 18.847562224524303 3.0906979568608137 2.6646565980237322 0.25758070157315016 2.111004122822376 25.11989459929375 4.9781899445525255 1.234821912787972 2.36094679510486 4.317670366535719 False
3100 8196.119044902987 3704.6274978065453 214.81531993041693 52.8207318011483 8188 8203 3700 3710 126.0 3.5337991701715294 2.194750210726823 4.791751813344188 0.783752058160213 -0.28151874276854616 1.0320680748237192 0.0 43.69966293668339 3.1366768 63.293569597370265 6.9048933838298305 2.0149654914807873 0.33100354845069574 6.333012368467128 62.47520706905948 11.073504775564574 2.504370721424498 4.8937113758289446 7.979352596950921 False
3101 6967.604934432898 3723.203002209236 214.8260820197995 52.82864021702731 6948 6987 3701 3748 1290.0 8.84780517130557 5.6705852549878735 -85.48461183584108 0.7676218404481608 -0.47384906220320405 3.7066922578029704 0.0 369.37626874496414 10.82841 401.7039988727163 13.189483942614098 1.4 0.6301024628037689 20.263754666327017 432.0291928190994 20.944989441773505 3.7371019049297667 8.229844115572202 14.298055433810845 False
3102 7709.3069900712535 3706.631810759231 214.81964039806547 52.82383684504882 7705 7713 3703 3710 58.0 2.098666452410733 1.550695095006204 32.34332057131331 0.673820089032187 -0.05159570008553404 1.5894142608446584 0.0 28.565251355653658 2.155324 46.63481974565969 5.294937063863924 2.393705238874042 0.351320026723799 4.296739856991561 59.11238749859543 8.519315221373038 1.7265814266270716 3.524998407952779 7.049413873889662 False
3103 8458.678243250093 3705.2195166087217 214.81297237090445 52.81906606475112 8455 8461 3703 3708 35.0 1.7523727449797177 1.1862996883472987 19.546105322415748 0.7360127568532436 -0.10624934050809465 0.517340626544922 0.0 5.849768822934488 1.786704 16.67109712596763 5.914381738541699 3.1034428296380194 0.48079691812796843 3.3377905890622728 22.825159857635505 9.51993558912418 1.9668152797090852 4.559291654412532 6.832591634993475 False
3104 3152.764463360145 3713.7594733947694 214.86023214532867 52.85282958936629 3139 3166 3704 3724 448.0 5.697507730580361 3.9172344850484038 7.605632911657664 0.726151488315439 -0.40975245649789277 1.0625975213732308 0.0 113.90051529672064 5.878664 141.50123069176126 10.238952264751989 1.7713346421800384 0.46759313359091376 11.941642642883693 162.18925982284074 16.414676262353748 3.6250019221986687 6.7692679868779315 12.749356474659452 False
3105 9890.834952435578 3708.4353314595205 214.80017067016243 52.809979243888655 9887 9894 3705 3713 51.0 2.0696244779308017 1.5104452298607889 -88.21645823020084 0.6836435364475711 -0.1699956928308898 0.6357491356341195 0.0 9.32632143329933 1.9979827 17.80437408271194 3.781520410297743 1.7251422015162035 0.3958804942026861 4.029119531035698 13.146762608231992 6.00942463636881 1.9434559497976807 3.7689714923000484 5.5314908497642525 False
3106 2846.6304127006665 3709.6355718099585 214.86300969302687 52.85475216322291 2842 2851 3706 3713 58.0 1.9863480962604145 1.7336551905514797 69.27212876123268 0.4881045184669254 -0.09502479303611938 0.4463280081607238 0.0 8.875203629379985 2.153782 28.983790614791392 7.667422882744947 3.297010523989118 0.44904639665844126 4.296739856991561 44.05542917513544 12.220904676394184 2.9406680893907167 7.508141038097562 11.187850737361046 False
3107 3591.6827006942162 3708.4684187826824 214.85636814419266 52.85001257714471 3590 3593 3707 3710 12.0 0.9132026840497014 0.8770548614586398 19.11975186484808 0.2785682707249286 -0.018295168541045556 0.3150434291545744 0.0 1.9605882045229899 0.9782602 6.496427111845495 3.382102830636964 3.0396958058450556 0.3298882447840328 1.9544100476116797 3.235044532786188 5.3642687249918 1.5108202827030794 2.995135852239552 4.481956227487784 False
3108 8052.609607871803 3708.3204836593013 214.8165608864741 52.821663884691326 8051 8054 3707 3711 18.0 1.1816649968780828 1.0304921382239374 -37.99382755303905 0.4893848583391366 -0.022344914134000665 0.5498556675555057 0.0 5.231086618500652 1.1658565 12.379725835676117 1.9731260676931712 1.4 0.27648451565456733 2.393653682408596 9.359585141056062 3.177634004660011 1.484672884834085 2.3979886110340343 3.1681630167690304 False
3109 1864.0153628462895 3711.6428371577063 214.87176621832495 52.86100494077558 1861 1866 3710 3714 25.0 1.6127596349518065 1.0651781476077609 1.3250654350644908 0.7508530940997366 -0.08234575976414973 0.6033953659693824 0.0 5.668435536065482 1.4214174 12.496117897465101 3.7025801382368475 2.234225725842961 0.3637120092455168 2.8209479177387813 15.839038562597468 5.914157176038957 1.770240361502087 2.971509545873652 4.626662988753199 False
3110 7436.8472548852615 3713.824000219555 214.8219949014775 52.82560732984699 7434 7440 3710 3718 44.0 2.0351798273414534 1.0418261570511187 84.29811276842229 0.8590398910953321 -0.20155829095152256 0.5424541902853057 0.0 6.64527753997721 1.8643146 14.799596192006558 4.58766011281259 2.540148072058546 0.48199738851585716 3.742410318509555 15.22039650049651 7.2715145166768504 1.6416420375231724 4.394486194782463 6.265211537917618 False
3111 3370.4580617064607 3716.7320741969747 214.85825674399112 52.85146261318842 3365 3376 3713 3722 91.0 2.79741142537118 1.9898361665762088 3.0153212722531433 0.7028750104699483 -0.15325121502920702 0.7451628851484069 0.0 26.73337291622965 2.628877 44.75188019365478 6.444217027613885 2.253909131546591 0.3584055505081608 5.382025607773058 90.36026143016339 10.329868297809986 2.46938693265589 4.5514006022459235 7.309160978011833 False
3112 1341.6129052399538 3722.511426579262 214.87631948536045 52.864381809731114 1332 1349 3716 3727 153.0 3.5563873080020354 2.3910021578480953 -24.740184346411468 0.740267832265335 -0.2587127798534784 0.7720549642014028 0.0 28.71716291428517 3.5779438 65.11600067933473 10.823863208934394 2.8824497090295518 0.47642749898159537 6.978639737521917 152.6347832125233 17.299030089603797 3.3616569531247475 8.142128945535333 16.880353465227643 False
3113 3955.458438030843 3725.915210159924 214.85293636196624 52.847795467123106 3939 3971 3718 3735 454.0 6.63047165287363 2.831864062978194 4.8738991733117905 0.9042051355984404 -0.4140176721385417 2.3716224345178993 0.0 167.840148787741 5.924793 182.03805270434987 8.958139919047294 1.6623450769177757 0.5544463376887763 12.02134303343187 210.61166120639797 14.340391925400088 3.6470124473873557 6.2333211176042695 9.976938975876545 False
3114 6318.023433532196 3724.127383592631 214.83186769282537 52.8327734664069 6315 6322 3722 3726 29.0 1.7417728594070099 0.9791154480137787 -11.445590702931867 0.8270439435720562 -0.16768112226637383 0.5037194963661211 0.0 5.4048248227733735 1.5456182 5.607534766333433 2.3040808627777176 1.4 0.4211027470695085 3.0382538898732494 4.713114327973404 3.643203099361719 0.9289782635102363 1.591839019509068 2.3879617454072553 False
3115 8177.425024800556 3729.824487910105 214.8152216090552 52.82098641388227 8172 8182 3724 3736 76.0 3.853266503749074 1.5573468699057764 -52.74248847393588 0.9146870798501647 -0.10862403873828051 0.587656948968245 0.0 19.384597355976677 2.3620133 68.62955518893688 8.600272658649688 2.839716086996567 0.34134944432578607 4.918490759365935 109.80632788031596 13.856117383642815 4.544993394032357 8.826948470154674 14.844997491810188 False
3116 4000.908834004682 3727.3610521157357 214.85251533878585 52.8475144950465 3996 4004 3725 3731 48.0 2.6039377509020936 1.2039850171454383 -54.43696242803276 0.8866866185168868 -0.23410849521710353 0.39175160545988064 0.0 1.455832897174489 1.9117652 -9.865520807176143 8.578189143911462 3.950643309131908 0.7022976953197092 3.9088200952233594 -41.684444422233796 13.539703870481844 16.321652601394327 17.168142187430494 17.67604029331864 False
3117 6007.613746029279 3730.0552581987113 214.83457511904015 52.834778060392466 6003 6011 3725 3734 70.0 2.4961731504814897 1.7546495153811819 86.31137654255038 0.7112532852543827 -0.3112209131892018 0.6541263840095269 0.0 17.184361939717668 2.2773445 30.380648952926087 5.203064203643463 2.069826638013889 0.3811416761313654 4.720348719413148 38.24640391590367 8.313812903909998 2.24427966264136 4.101965544492194 7.0885374548462545 False
3118 3455.518438813193 3726.981619282864 214.85738931113465 52.850977489503016 3453 3457 3726 3729 16.0 1.4680610736960864 0.990306425430923 18.577606219352564 0.7382130870891307 -0.20771517884402627 0.2819312574080824 0.0 1.048461815490687 1.2011168 1.937443558793392 2.370946221746865 1.5295368006394754 0.5641808795275496 2.256758334191025 2.448814140032301 3.7049492716411003 1.6044920197753851 2.3752795282979706 4.766993262185068 False
3119 7546.49777230394 3728.5014243559594 214.82086248501324 52.82498951445405 7543 7549 3726 3731 38.0 1.6874818371896967 1.5237329656421852 30.460822852702886 0.429719171123507 0.10789336458222169 0.9349019619681694 0.0 21.044513802350178 1.7035196 31.92518247855134 3.466263893139104 1.7727956846611308 0.20350693078966337 3.477898169151024 31.085624203379915 5.514889553984552 1.6870193523044108 2.824586112699018 4.030689933551976 False
3120 8234.784736906315 3734.8554758665823 214.81465717734682 52.82064892912808 8224 8248 3726 3744 360.0 4.8978225881609525 2.8465966213901703 -26.55084637155653 0.8137633564649512 -0.34634053758308375 2.7511710269203697 0.0 206.18777057312332 5.333679 210.0059238915843 6.518377390327573 1.4074519982027416 0.5686034570695068 10.704744696916627 215.91356645562507 10.366475863487546 2.562730839602965 4.465507315053721 7.012478671070976 False
3121 9135.467963928131 3732.0028171824524 214.80665632508445 52.81490823441893 9127 9145 3726 3738 186.0 4.7143573579361755 2.280084868561995 -10.044708203222267 0.8752631398079049 -0.05474562643658995 1.742061619606118 0.0 112.51087742723672 4.0386057 198.62747598761806 10.694729236134249 2.4737863842300696 0.3487165531957413 7.694520051971082 303.9149472601931 17.258008004862685 3.626463671547867 7.3328238789312135 13.564659729688575 False
3122 1516.5301229069532 3736.071775650337 214.87461386639455 52.86334392374791 1506 1526 3729 3744 231.0 4.99194117480495 2.8919564136539764 34.471967835077216 0.8150966340817642 -0.33697085083585865 0.809654071614589 0.0 38.40182786417846 4.3638015 40.435132458966486 10.067682124360138 2.1090580326582415 0.4746197423520306 8.574939283076915 51.18235876201657 16.242204100732437 2.2254268174732355 4.251667949983318 7.55842816661612 False
3123 8690.358317250719 3739.6056404628453 214.8105448715419 52.81777867412269 8682 8696 3732 3747 133.0 4.581831818693188 1.9898041847807295 44.560071979070365 0.9007772723760834 -0.3878041018605365 0.4721694137676804 0.0 12.255702505084752 3.5559537 31.549012083182404 10.797066464432127 2.599972738968652 0.39856378571961776 6.506551687525748 21.97298621566511 17.23265070530491 3.1217362934313866 8.480910344427672 13.133622656924297 False
3124 8098.490935455166 3734.4420892074745 214.81587696057406 52.82151302549065 8097 8100 3733 3735 10.0 1.0338449964371095 0.6815053090787603 -0.8151054049007264 0.7519721635646625 0.023076978951728347 0.4239317597434305 0.0 2.782754647200818 0.89648575 10.304928863880805 2.9861343837864776 2.829477954115048 0.27052914686324386 1.7841241161527712 13.481478047420493 4.81440252126122 1.4257240403444014 2.616749127089123 4.657296967708833 False
