outputs/dr0.5_c0.1/nircam6_f606w_dr0.5_c0.1.ecsv
# %ECSV 1.0
# ---
# datatype:
# - {name: label, datatype: int64}
# - {name: xcentroid, datatype: float64}
# - {name: ycentroid, datatype: float64}
# - {name: sky_centroid.ra, unit: deg, datatype: float64}
# - {name: sky_centroid.dec, unit: deg, datatype: float64}
# - {name: bbox_xmin, datatype: int64}
# - {name: bbox_xmax, datatype: int64}
# - {name: bbox_ymin, datatype: int64}
# - {name: bbox_ymax, datatype: int64}
# - {name: area, unit: pix2, datatype: float64}
# - {name: semimajor_sigma, unit: pix, datatype: float64}
# - {name: semiminor_sigma, unit: pix, datatype: float64}
# - {name: orientation, unit: deg, datatype: float64}
# - {name: eccentricity, datatype: float64}
# - {name: min_value, datatype: float64}
# - {name: max_value, datatype: float64}
# - {name: local_background, datatype: float64}
# - {name: segment_flux, datatype: float64}
# - {name: segment_fluxerr, datatype: float32}
# - {name: kron_flux, datatype: float64}
# - {name: kron_fluxerr, datatype: float64}
# - {name: kron_radius, unit: pix, datatype: float64}
# - {name: gini, datatype: float64}
# - {name: equivalent_radius, unit: pix, datatype: float64}
# - {name: kron4_2_flux, datatype: float64}
# - {name: kron4_2_fluxerr, datatype: float64}
# - {name: radius_kron20, unit: pix, datatype: float64}
# - {name: radius_kron50, unit: pix, datatype: float64}
# - {name: radius_kron80, unit: pix, datatype: float64}
# - {name: near_border, datatype: bool}
# meta:
#   PHOTMJSR: 0.3925000131130219
#   PIXAR_SR: 2.11539874851881e-14
#   __serialized_columns__:
#     area:
#       __class__: astropy.units.quantity.Quantity
#       unit: !astropy.units.Unit {unit: pix2}
#       value: !astropy.table.SerializedColumn {name: area}
#     eccentricity:
#       __class__: astropy.units.quantity.Quantity
#       unit: !astropy.units.Unit {unit: ''}
#       value: !astropy.table.SerializedColumn {name: eccentricity}
#     equivalent_radius:
#       __class__: astropy.units.quantity.Quantity
#       unit: !astropy.units.Unit {unit: pix}
#       value: !astropy.table.SerializedColumn {name: equivalent_radius}
#     kron_radius:
#       __class__: astropy.units.quantity.Quantity
#       unit: &id001 !astropy.units.Unit {unit: pix}
#       value: !astropy.table.SerializedColumn {name: kron_radius}
#     orientation:
#       __class__: astropy.units.quantity.Quantity
#       unit: &id002 !astropy.units.Unit {unit: deg}
#       value: !astropy.table.SerializedColumn {name: orientation}
#     radius_kron20:
#       __class__: astropy.units.quantity.Quantity
#       unit: *id001
#       value: !astropy.table.SerializedColumn {name: radius_kron20}
#     radius_kron50:
#       __class__: astropy.units.quantity.Quantity
#       unit: *id001
#       value: !astropy.table.SerializedColumn {name: radius_kron50}
#     radius_kron80:
#       __class__: astropy.units.quantity.Quantity
#       unit: *id001
#       value: !astropy.table.SerializedColumn {name: radius_kron80}
#     semimajor_sigma:
#       __class__: astropy.units.quantity.Quantity
#       unit: !astropy.units.Unit {unit: pix}
#       value: !astropy.table.SerializedColumn {name: semimajor_sigma}
#     semiminor_sigma:
#       __class__: astropy.units.quantity.Quantity
#       unit: !astropy.units.Unit {unit: pix}
#       value: !astropy.table.SerializedColumn {name: semiminor_sigma}
#     sky_centroid:
#       __class__: astropy.coordinates.sky_coordinate.SkyCoord
#       dec: !astropy.table.SerializedColumn
#         __class__: astropy.coordinates.angles.Latitude
#         unit: *id002
#         value: !astropy.table.SerializedColumn {name: sky_centroid.dec}
#       frame: icrs
#       ra: !astropy.table.SerializedColumn
#         __class__: astropy.coordinates.angles.Longitude
#         unit: *id002
#         value: !astropy.table.SerializedColumn {name: sky_centroid.ra}
#         wrap_angle: !astropy.coordinates.Angle
#           unit: *id002
#           value: 360.0
#       representation_type: spherical
#   astropy version: '5.1'
#   make_catalog parameters:
#     ab_zpt: 31.4
#     coadd_bands: !!python/tuple [f277w, f356w]
#     deblend_contrast: 0.001
#     deblend_nlevels: 32
#     deblend_npixels: 1
#     detect_kernel_fwhm: 4.0
#     detect_kernel_npix: 7
#     detect_npixels: 4
#     detect_threshold_nsigma: 3.0
#     flag_isolated_buffer: 4
#     hst_bands: !!python/tuple [f606w, f814w, f125w, f140w, f160w]
#     jwst_bands: !!python/tuple [f115w, f150w, f200w, f277w, f356w, f410m, f444w]
#     near_border_kernelsize: 21
#     reference_band: f200w
#   make_catalog version: 1.4.0
#   photutils version: 1.5.0
# schema: astropy-2.0
label xcentroid ycentroid sky_centroid.ra sky_centroid.dec bbox_xmin bbox_xmax bbox_ymin bbox_ymax area semimajor_sigma semiminor_sigma orientation eccentricity min_value max_value local_background segment_flux segment_fluxerr kron_flux kron_fluxerr kron_radius gini equivalent_radius kron4_2_flux kron4_2_fluxerr radius_kron20 radius_kron50 radius_kron80 near_border
[from data line 1475]
1476 3651.8902429895434 1921.0521227683064 214.87463035633183 52.83998968907955 3646 3657 1917 1925 84.0 2.777769997379224 1.8039845987547392 2.3645346787743144 0.7604160211698933 -0.21632881372595544 0.6816506840944843 0.0 17.46938075689131 2.5704188 27.979614955953405 5.46295679068641 1.9837422718174769 0.42536157386991796 5.170882945826411 22.14519180537802 8.77153241107841 2.301903824868034 4.140045897702953 7.221412836771963 False
1477 7565.8799884046175 1922.6278489743024 214.83968059471508 52.815131991086965 7560 7571 1917 1928 118.0 2.1904674474932597 2.1587672439146823 26.91362025149968 0.16951207646293687 -0.2212972972915689 1.9171850336426681 0.0 46.199446667524406 2.969597 55.065944266723676 3.9720336572019113 1.514899219182475 0.5474575016769762 6.128667601500942 56.544152105209136 6.30179377645827 1.5176428765936847 2.807473269768466 5.504998196406766 False
1478 10058.646274453558 1922.5575397994664 214.81745369388722 52.799289330872845 10046 10068 1917 1928 200.0 5.165624635820169 2.393223340902303 -2.572678808236217 0.8862025744435102 -0.3467408421488559 0.5756954943901724 0.0 10.552010460559465 4.1891255 49.64762780076461 16.413828780497237 3.6048995051614647 0.5371906778705716 7.978845608028654 71.71169228374876 26.342899682547717 5.805593543253472 32.75661445936782 40.71907745275255 False
1479 775.3841986609324 1931.2620814059392 214.9002219090276 52.85831313185879 763 790 1919 1943 506.0 5.4158063660689075 3.9632601127138942 28.338804945521872 0.6815247998620633 -0.24071984188222187 2.3912613872851094 0.0 141.82310340821664 6.0454636 179.974909777967 10.74092009654728 1.952123596950762 0.5796756369835668 12.69113085619237 236.03406017680084 17.123585487362075 2.546803764051323 6.150222978108379 14.776338112542469 False
1480 2166.212834835158 1925.7916284266473 214.88785097363814 52.849451313785465 2163 2169 1921 1930 46.0 2.274162747778017 1.342510782685395 76.23722857432986 0.8071606191068237 -0.30325046511422704 0.5614177798230896 0.0 7.53006377731956 2.0106063 10.31603754991513 4.610122270699253 1.9870907167280711 0.39251100752872586 3.826519928662906 16.471827834504307 7.4099528828080405 1.5026410552138438 2.5112920234061122 4.625674560301738 False
1481 6094.251267525662 1922.6615077987265 214.85281015095725 52.82448286697786 6093 6096 1922 1924 9.0 0.8670653501709503 0.5830689133098557 33.79596358389648 0.7401312158641837 -0.05717841163161201 0.5181816972580002 0.0 2.698496016274606 0.89446425 5.469608916137547 2.108662152073297 2.2378385539616255 0.3413363267324472 1.692568750643269 8.7064149818592 3.393118338593904 0.8838459668972705 1.8645481788990832 3.300503212658962 False
1482 8976.17403822047 1924.4485443071212 214.82708407303502 52.806179470686715 8974 8978 1923 1926 18.0 1.1725004330129571 0.8156690029425377 -6.403601547427159 0.7183651165139192 -0.026698534730378243 0.5433427391158715 0.0 4.453443767386478 1.1554117 23.20886471060931 4.197777061709822 3.496596808828 0.3884449804167892 2.393653682408596 35.59479972868101 6.588857610587789 2.5489576472143303 4.703786938721067 6.66631258373707 False
1483 7743.0978861693675 1925.474931510391 214.83806989941368 52.814021203815585 7742 7744 1924 1926 6.0 0.621630882391573 0.483324095705098 -18.73720569686222 0.6288708367046262 -0.09569273958144704 0.30020460395871623 0.0 0.4789278120556035 0.6362547 1.2184005851294404 0.8856843563566792 1.4 0.5452857528826576 1.381976597885342 0.8769807755558024 1.4236055486132522 0.6367863984282993 1.031783420394756 1.463097156612448 False
1484 9529.227765007086 1939.7464178220769 214.8219923803721 52.80274693425129 9519 9540 1924 1955 493.0 6.896609720640766 3.492008215343324 -72.89160555120665 0.8623357293362255 -0.19686947934170818 1.8613474560502312 0.0 204.4529194566315 6.0391474 229.43788949558848 8.354080359152166 1.418041108366012 0.4760032337040996 12.527041705391134 241.42911557478897 13.354789563453837 3.959484064395637 7.288974901478578 11.321079097170347 False
1485 8042.623819984974 1930.470434993214 214.83534583071938 52.81214473939325 8039 8046 1925 1935 68.0 2.7823411461362824 1.3198072631145552 83.80540291358771 0.8803356190180066 -0.38838967622681553 0.6841021181869784 0.0 14.894489824297574 2.2504582 20.835191972027854 3.2304396249328833 1.4 0.3890817718328374 4.652426491681278 17.339799838470302 5.189553811895395 1.8142684128623863 3.4476064929973798 5.520620811576733 False
1486 9280.446057260977 1936.876226648034 214.82424051983492 52.804312648948596 9263 9300 1925 1949 616.0 9.494298207789893 3.158834736075362 -30.573455468656295 0.9430296827159615 -0.40850239457133747 1.0973544089486178 0.0 167.46823981372097 6.6850486 201.3331678830808 12.352663312015041 1.9037914170225707 0.4924304597902419 14.002817212590296 276.3635371762754 19.863745595541317 4.643060440531864 9.738427930288262 17.304655398291782 False
1487 7021.775003099706 1929.1257382684148 214.84446613585465 52.81862442449633 7020 7024 1927 1932 22.0 1.412902479071113 1.0392861796463462 -87.49686105779931 0.6774506438836184 0.10201339865972152 0.7373095287517495 0.0 8.740870797488302 1.235036 17.15223561651038 3.5262558374615893 2.480490107337644 0.28169326114306414 2.6462837142006137 15.716510593215244 5.665053653735464 1.4403769934336808 2.584909882395626 5.239578347120452 False
1488 7813.298014133176 1930.2398889817055 214.83739364799547 52.81360079711543 7811 7817 1927 1932 35.0 2.0374911556354784 1.50051907165878 45.88278028839676 0.6764873250601166 -0.367448776744394 0.25059971716011264 0.0 -0.534980838254611 1.591407 0.6144688489411037 2.944538640042563 1.4 -0.7346098459538914 3.3377905890622728 -4.829564023708549 4.685688852056602 3.450652700235282 4.454462512241443 4.738959720156339 False
1489 1681.852160986068 1937.8349465975552 214.89205200227732 52.85259232170618 1676 1691 1928 1945 216.0 4.495665112904035 2.650609911163873 65.23797074113449 0.8077009476526923 -0.3224350301565858 0.8780002855602195 0.0 28.227971652109254 4.5060315 37.13555081869346 6.574944070867185 1.4 0.5690965766847151 8.291859587312052 30.24302116890015 10.532742194613814 2.0460768614219225 4.47601377729091 10.67533507880933 False
1490 10233.72736534112 1936.6147111608348 214.81574535027136 52.79825223739395 10217 10245 1929 1944 318.0 4.418961223569657 2.584985798302525 3.6970895112061166 0.811050677733562 -0.397243114624562 2.7810769400690876 0.0 93.18454171340483 5.98272 95.70562446904395 7.071307805463657 1.4 0.6399627951277278 10.060941497019325 101.65508023936805 11.141754906733752 1.837674534547598 3.3316189951883213 5.6288640649454695 False
1491 7122.705465740191 1933.3499621095664 214.8435212817943 52.81800587295578 7118 7125 1930 1935 34.0 1.5060127483762316 1.1440821166593134 30.027535367532668 0.6503014652217225 -0.04523718663135654 0.44529715935291797 0.0 5.937350245940411 1.5390977 9.597544514196235 2.4418640839317174 1.5775069529654642 0.4662625214035141 3.2897623212397704 9.33722933820129 3.9439680996833504 1.414281910574962 2.3505406211724025 3.493933673929696 False
1492 2373.53911676952 1942.4086903802536 214.88582398821586 52.84822425481066 2358 2388 1931 1953 523.0 5.515138777451027 3.670257140117772 0.706401373487686 0.7464087969776292 -0.4648445586245179 2.669097286977044 0.0 186.77174583834312 7.1934915 219.1706276697988 11.902800128575432 1.8978032667031075 0.5887821098354618 12.902560616952067 275.4318727620305 19.2602843395812 2.8746159349064335 5.497595204749308 11.030449985384116 False
1493 8419.595426378124 1932.4146766330477 214.83196341813377 52.80975959563744 8419 8420 1932 1933 4.0 0.4955939140771948 0.4878528484489197 -51.939449983134004 0.17605559752408248 0.29078237700538845 0.5973148378696205 0.0 1.695894291496909 0.58166456 12.825046454078057 2.2657565580751426 3.722340037057216 0.1841174154667555 1.1283791670955126 18.86175230410141 3.643843750873367 1.340895863618139 2.1389954878493085 3.087309837056353 False
1494 9909.207858939173 1934.1309599432698 214.8186640883756 52.80030154726685 9907 9912 1932 1938 33.0 1.5933853036564831 1.0255025410706378 -55.36760990389901 0.7653621588336482 -0.2522008378568205 0.3575855860226183 0.0 0.5494396797145764 1.6907146 0.6859176557038001 2.3317690441217547 1.4 0.5877358571606978 3.2410224072142872 0.900693544449991 3.6755129432654807 0.3504399251972595 4.1124077057622515 4.524033886251024 False
1495 6819.3999619411225 1933.527898194488 214.8462253976451 52.81993405959994 6819 6820 1933 1934 4.0 0.5005024343687696 0.4885809970837039 70.75522831613527 0.21695745536388072 0.23044624446425177 0.3896786326256423 0.0 1.244622880324037 0.5273816 8.584558609900974 2.164418133833231 3.720876390314058 0.15198287482840525 1.1283791670955126 8.393636494581157 3.463782509149387 1.3250644800864728 2.2339396202884356 3.1498442530259982 False
1496 6486.739497457589 1941.770295457171 214.8491068913858 52.82209218327807 6472 6498 1934 1948 303.0 5.2951772138776905 2.579121478544012 6.601846266744168 0.873362985645536 -0.3902478708666594 1.2260799053293845 0.0 79.64541108594848 4.924174 84.85974798086721 6.467098373324612 1.4 0.5152383821859126 9.82078894558317 82.55174112156406 10.348337132045053 2.527069839751574 4.701438413320377 7.919501621021507 False
1497 9069.224666379369 1936.443495371857 214.826128299142 52.80565274568589 9066 9070 1936 1940 17.0 0.8314669109826898 0.3137290729014741 51.870467068228514 0.9260829539098011 -0.21476500566024004 0.23847960174001423 0.0 -1.2813033950441146 1.0655234 1.2103094310921954 0.8285318106035455 1.4 -0.3477942423599551 2.326213245840639 0.9631863109217542 1.3331350086158833 0.7848395250220116 1.3598934553425366 nan False
1498 911.6902099402945 1952.342863649017 214.8987819514017 52.857561354434026 900 922 1937 1973 586.0 7.777489964987624 3.5913734863090077 -78.08858036292757 0.8870022468436123 -0.2184452783014765 1.98746427956945 0.0 166.17285844524733 6.3543773 204.1907592005627 12.849063915045546 2.081448870008914 0.5160392923718005 13.657583728599336 241.1646363961695 20.55633731513919 3.912728366026935 8.047804544842633 14.89755926984315 False
1499 746.9450115509836 1942.2031270745317 214.90036102958018 52.858552762374636 744 751 1938 1946 56.0 1.9917036520854037 1.653081419624746 -55.48257930613935 0.557787755435658 -0.26244736486805187 0.5396550988272814 0.0 10.922352598448494 2.0394132 20.050326360965876 5.330157987427851 2.5217503888094783 0.34904192724555627 4.222008245644752 37.543019510112174 8.570999780163124 1.9229633824645491 3.5485857528350184 7.726819496248809 False
1500 8905.824073091782 1942.8038882387762 214.8275183741643 52.80672551005689 8902 8909 1939 1947 62.0 2.1279780738782277 1.6221680750798209 75.79906834993167 0.6472180980690226 -0.16781398238894046 0.8553637646543435 0.0 15.00183248913741 2.1372507 23.679117044364894 4.804772209458996 2.186043967889302 0.4484857114690925 4.442433223290478 28.17087837342561 7.65694488980256 1.7373476459783144 3.4373966932626465 5.805431694460458 False
1501 4267.68227910222 1943.7576849447812 214.8688928742666 52.83620061517264 4264 4270 1941 1947 40.0 1.915156018817017 1.3088889225156997 -62.95410657559141 0.7300092835567848 -0.24665453164290468 0.35595555924530337 0.0 1.1880230890313308 1.6997724 7.421581590795265 6.772584829134684 3.5748681153535746 0.48742686315931627 3.5682482323055424 9.694511008407952 10.70244791723307 3.0219277989166753 6.366109206181683 15.881100233966318 False
1502 3445.515773298243 1943.3033592564577 214.87623941565803 52.841420566826606 3444 3447 1942 1945 12.0 1.112676820042852 0.8552291580732291 13.607230319146394 0.6397018518007772 0.09831761561079709 0.437375254106883 0.0 3.341385337465345 0.9499035 26.91475962492416 3.9631313777438164 3.3715404447129713 0.24336491021340864 1.9544100476116797 41.012447113641514 6.392459409727218 2.7553171965032712 5.884895885586797 7.534594220087897 False
1503 7722.493181598138 1945.65543771564 214.8380415119083 52.81426093276316 7715 7731 1942 1950 130.0 3.839372769183881 1.8382521064501385 -0.45314880650815703 0.8779296273791983 -0.11036285033510998 1.3356034600592246 0.0 43.42337031362724 3.0318956 55.73473178871727 6.7763607124232585 2.1325873606035377 0.4031776653608022 6.432750982580687 63.35935584813174 10.758583593852046 2.579742832545179 4.388708617969141 7.5680311358218875 False
1504 7631.995793337022 1949.8299818896664 214.83880484030325 52.814858509508475 7621 7645 1943 1958 269.0 5.1877364780801285 2.440087354006582 -21.642392305881092 0.8824763112433293 -0.3771952036398142 2.2311275145907397 0.0 87.20403772139936 4.333376 100.9609578738157 6.126264458255407 1.467342062259949 0.5492101925660395 9.25339718068125 101.35804635277898 9.898069618912398 2.333379842698927 4.538127974098519 8.589192821965277 False
1505 824.424919606413 1965.5794845208927 214.89942268421888 52.858186920388334 810 841 1945 1980 876.0 6.621074002160194 4.243136407478267 -59.14492527144609 0.7676634591734137 -0.2647849589136587 7.117064826183809 0.0 656.4546499539435 7.82879 672.7326958536026 9.01648285848418 1.4438063923102225 0.6553799056898543 16.698486766680407 716.101780320077 14.460715782318175 3.553083915206178 6.140574512643197 9.917248054457916 False
1506 1351.834152394572 1964.1148226879561 214.89472463183475 52.85482988476603 1331 1376 1946 1983 1000.0 2.990433241118376 2.909308663647298 12.356195232138724 0.23134420159902527 -0.01424580446522395 784.9628839962656 0.0 13864.110091138486 8.451104 13367.193764700463 4.8441328878573735 1.4 0.8960669980279385 17.841241161527712 13820.318932217107 7.829488200324832 1.1732250651352873 2.204638976958867 3.8176721601011354 False
1507 1799.167342721851 1953.2683477365422 214.89084145126827 52.85193057741606 1796 1803 1949 1957 60.0 1.808258788574846 1.7636223869178143 -79.07499702472447 0.2208170000330121 -0.13549948209876628 0.9915304003709265 0.0 20.88418267035179 2.3367703 23.898620796517335 3.470481741112368 1.47067183455056 0.4148219861705355 4.370193722368317 23.398104905779846 5.552581025928369 1.3516457991772959 2.4853441275325943 3.860285402440368 False
1508 3896.4923701438565 1965.5405695137129 214.87197824029312 52.83867596853874 3876 3916 1949 1984 1058.0 7.994273546697416 6.730651067786973 4.5607175355042235 0.5395804509744967 -0.42375364600021614 1.5168347678517962 0.0 134.52966819202385 9.23235 153.4378148474683 13.942587973592383 1.5131222079703983 0.5855519009266571 18.351344898465904 165.85244250105268 22.316384892372838 3.391512142901688 7.296273759163094 15.949313065173182 False
1509 2546.3153887103813 1956.724508824407 214.88412995776542 52.84720417786459 2540 2553 1951 1962 106.0 3.595821770969112 2.019523357140501 25.825779145299762 0.8273881349560942 -0.2644534991345307 0.6112784158872894 0.0 12.403231409887933 2.9098532 25.238599130826135 10.112664439397001 2.9588409141023027 0.4983155989292835 5.808687281605183 19.02230918817683 16.196196699964005 2.9283897833472126 5.794048216655481 22.718254618928047 False
1510 2625.052078784678 1956.3425170424741 214.88343061284044 52.84670204782363 2621 2630 1952 1961 82.0 2.3877753121951204 2.156135349310121 88.35306426628364 0.42966321894272563 -0.3020039388090551 0.5598609167620562 0.0 16.16138090711416 2.5724144 29.165006006105884 5.947238034165949 2.1147262713870956 0.37675088440803933 5.108953969950291 30.29367375882226 9.515946748169931 2.3348589900841916 4.587071613330516 6.638955656761141 False
