outputs/dr0.5_c0.1/nircam2_f140w_dr0.5_c0.1.ecsv
# %ECSV 1.0
# ---
# datatype:
# - {name: label, datatype: int64}
# - {name: xcentroid, datatype: float64}
# - {name: ycentroid, datatype: float64}
# - {name: sky_centroid.ra, unit: deg, datatype: float64}
# - {name: sky_centroid.dec, unit: deg, datatype: float64}
# - {name: bbox_xmin, datatype: int64}
# - {name: bbox_xmax, datatype: int64}
# - {name: bbox_ymin, datatype: int64}
# - {name: bbox_ymax, datatype: int64}
# - {name: area, unit: pix2, datatype: float64}
# - {name: semimajor_sigma, unit: pix, datatype: float64}
# - {name: semiminor_sigma, unit: pix, datatype: float64}
# - {name: orientation, unit: deg, datatype: float64}
# - {name: eccentricity, datatype: float64}
# - {name: min_value, datatype: float64}
# - {name: max_value, datatype: float64}
# - {name: local_background, datatype: float64}
# - {name: segment_flux, datatype: float64}
# - {name: segment_fluxerr, datatype: float32}
# - {name: kron_flux, datatype: float64}
# - {name: kron_fluxerr, datatype: float64}
# - {name: kron_radius, unit: pix, datatype: float64}
# - {name: gini, datatype: float64}
# - {name: equivalent_radius, unit: pix, datatype: float64}
# - {name: kron4_2_flux, datatype: float64}
# - {name: kron4_2_fluxerr, datatype: float64}
# - {name: radius_kron20, unit: pix, datatype: float64}
# - {name: radius_kron50, unit: pix, datatype: float64}
# - {name: radius_kron80, unit: pix, datatype: float64}
# - {name: near_border, datatype: bool}
# meta:
#   PHOTMJSR: 0.3925000131130219
#   PIXAR_SR: 2.11539874851881e-14
#   __serialized_columns__:
#     area:
#       __class__: astropy.units.quantity.Quantity
#       unit: !astropy.units.Unit {unit: pix2}
#       value: !astropy.table.SerializedColumn {name: area}
#     eccentricity:
#       __class__: astropy.units.quantity.Quantity
#       unit: !astropy.units.Unit {unit: ''}
#       value: !astropy.table.SerializedColumn {name: eccentricity}
#     equivalent_radius:
#       __class__: astropy.units.quantity.Quantity
#       unit: !astropy.units.Unit {unit: pix}
#       value: !astropy.table.SerializedColumn {name: equivalent_radius}
#     kron_radius:
#       __class__: astropy.units.quantity.Quantity
#       unit: &id001 !astropy.units.Unit {unit: pix}
#       value: !astropy.table.SerializedColumn {name: kron_radius}
#     orientation:
#       __class__: astropy.units.quantity.Quantity
#       unit: &id002 !astropy.units.Unit {unit: deg}
#       value: !astropy.table.SerializedColumn {name: orientation}
#     radius_kron20:
#       __class__: astropy.units.quantity.Quantity
#       unit: *id001
#       value: !astropy.table.SerializedColumn {name: radius_kron20}
#     radius_kron50:
#       __class__: astropy.units.quantity.Quantity
#       unit: *id001
#       value: !astropy.table.SerializedColumn {name: radius_kron50}
#     radius_kron80:
#       __class__: astropy.units.quantity.Quantity
#       unit: *id001
#       value: !astropy.table.SerializedColumn {name: radius_kron80}
#     semimajor_sigma:
#       __class__: astropy.units.quantity.Quantity
#       unit: !astropy.units.Unit {unit: pix}
#       value: !astropy.table.SerializedColumn {name: semimajor_sigma}
#     semiminor_sigma:
#       __class__: astropy.units.quantity.Quantity
#       unit: !astropy.units.Unit {unit: pix}
#       value: !astropy.table.SerializedColumn {name: semiminor_sigma}
#     sky_centroid:
#       __class__: astropy.coordinates.sky_coordinate.SkyCoord
#       dec: !astropy.table.SerializedColumn
#         __class__: astropy.coordinates.angles.Latitude
#         unit: *id002
#         value: !astropy.table.SerializedColumn {name: sky_centroid.dec}
#       frame: icrs
#       ra: !astropy.table.SerializedColumn
#         __class__: astropy.coordinates.angles.Longitude
#         unit: *id002
#         value: !astropy.table.SerializedColumn {name: sky_centroid.ra}
#         wrap_angle: !astropy.coordinates.Angle
#           unit: *id002
#           value: 360.0
#       representation_type: spherical
#   astropy version: '5.1'
#   make_catalog parameters:
#     ab_zpt: 31.4
#     coadd_bands: !!python/tuple [f277w, f356w]
#     deblend_contrast: 0.001
#     deblend_nlevels: 32
#     deblend_npixels: 1
#     detect_kernel_fwhm: 4.0
#     detect_kernel_npix: 7
#     detect_npixels: 4
#     detect_threshold_nsigma: 3.0
#     flag_isolated_buffer: 4
#     hst_bands: !!python/tuple [f606w, f814w, f125w, f140w, f160w]
#     jwst_bands: !!python/tuple [f115w, f150w, f200w, f277w, f356w, f410m, f444w]
#     near_border_kernelsize: 21
#     reference_band: f200w
#   make_catalog version: 1.4.0
#   photutils version: 1.5.0
# schema: astropy-2.0
label xcentroid ycentroid sky_centroid.ra sky_centroid.dec bbox_xmin bbox_xmax bbox_ymin bbox_ymax area semimajor_sigma semiminor_sigma orientation eccentricity min_value max_value local_background segment_flux segment_fluxerr kron_flux kron_fluxerr kron_radius gini equivalent_radius kron4_2_flux kron4_2_fluxerr radius_kron20 radius_kron50 radius_kron80 near_border
[from data line 3345]
3346 1073.855170807314 5617.125106814486 214.91509062867294 52.949458488675035 1066 1082 5606 5625 234.0 5.130855642729266 3.3241216429426585 -42.597605919286124 0.7617518811316294 -0.20914445168163243 0.7986704303565422 0.0 74.86355863637428 20.007723 468.0847398775046 81.01936641796001 3.328555930173752 0.2585821111860508 8.63044108762739 720.4161216651679 129.9169086724686 9.688146812175406 18.953493070556767 28.183159438610872 False
3347 3602.391986036497 5609.865905449507 214.89252281721514 52.93336406112957 3597 3609 5606 5613 77.0 2.9620365209928314 1.8788452523022412 -9.945732087695008 0.7730799403519004 0.08233578467333035 0.6604374592417515 0.0 35.523528474295816 13.581038 156.2146932157304 49.63084266414346 3.0065616282753655 0.17504591088369043 4.950743503369154 153.3795697925395 79.70044768668929 4.492379491716403 9.797346883107497 14.89663402242589 False
3348 2793.650047031863 5611.9597341086655 214.89974161732346 52.93851103378004 2788 2797 5607 5617 82.0 2.5077673576558737 1.1446014098342074 -41.75103966109291 0.8897631791378228 -0.5215106064306837 0.26058903402925543 0.0 -2.110057256528882 16.541594 5.697431897681881 19.194447121314813 1.4 -0.9906816312017086 5.108953969950291 -10.538902056479689 30.16855185541484 1.411180631587806 nan nan False
3349 3917.523937220338 5608.4160109850045 214.8897171051742 52.93135496727488 3916 3918 5607 5609 6.0 0.6607152765397517 0.5184664821301143 63.794439869476676 0.6198695814490026 0.04383971279279413 0.4787475387030831 0.0 1.6832308980137796 3.702795 27.49854147179549 15.384679953936258 3.930458661953457 0.3855541702720703 1.381976597885342 27.432064225976678 24.70884682702842 2.1811271021525864 3.5862187372163623 4.913922548397841 False
3350 1172.0861393870596 5609.6770143154945 214.91428908948927 52.948794636610536 1171 1176 5608 5613 32.0 1.405605977158606 0.7590455615169928 -71.54111808173927 0.841656647915679 -0.34940034414597204 0.36313090551940747 0.0 0.23035814228407414 7.3540277 7.980271025422951 12.379963784936708 2.074305350048626 0.04383186775898819 3.1915382432114616 9.976563997894406 20.072434796248274 1.4256555116529102 6.850146609473875 nan False
3351 10063.384987713589 5611.204266111632 214.83472344269842 52.892326822471276 10060 10066 5608 5613 31.0 1.72996646291815 1.3997174530482153 -11.857436651602033 0.5876697241531058 0.007237876774333791 0.35624535142992064 0.0 5.451639938726177 7.217053 56.21079330343895 29.917267735938943 3.2446547600349587 0.28574654085438406 3.141274657157109 109.08319547965571 47.727078784640184 3.9164504123365598 6.980582480389969 12.339517781208398 False
3352 840.4215492902928 5615.191681405006 214.91720236043045 52.950930049320846 835 845 5610 5620 93.0 2.445361546199559 2.3234622623677557 -11.478621140547355 0.31179068563431955 0.16036136200048218 2.1564239479077636 0.0 105.11424118791525 13.207441 168.67758114611388 30.317010413029212 2.1507934597809326 0.24885075459740996 5.440847306724618 221.31641200338447 48.36335143770389 2.402874351201047 4.428155186469524 7.243156333729229 False
3353 1112.241377124201 5616.581355491603 214.91475246542205 52.94921184799374 1108 1118 5611 5619 76.0 1.8438905084414248 1.4996915704029152 -29.951471032263733 0.5818025610828534 -0.5037591252360966 0.6103576155086831 0.0 8.592269072314817 12.069126 15.034558780994534 22.34301228179782 2.220491327801522 0.46822172458637484 4.918490759365935 53.20647600226235 35.150353264891244 1.3333788318409416 2.2653794173558404 10.15106737210306 False
3354 6203.237393038853 5613.346333364053 214.86921178049826 52.91686394794438 6199 6209 5611 5616 54.0 2.315077085915212 1.5061170497485121 -16.113981657166395 0.7594472756517597 -0.03541419650960549 0.5664882646241933 0.0 17.91110364583513 11.519183 31.694118975463894 18.134066741559245 1.4 0.23744060176050547 4.145929793656026 24.880207454503545 28.98705306986848 2.115733313710057 3.554238723002716 4.907084635772526 False
3355 10202.93607000551 5631.359758977423 214.83326424277018 52.89154864353912 10194 10213 5613 5647 533.0 8.366418527052026 4.063772430541939 -88.21253887520507 0.8741120896448304 -0.26987042298635183 1.1479908368158758 0.0 221.6417111101465 39.50799 277.20935758868063 84.90538903817105 2.0686146802244068 0.4132059044147449 13.02532799341193 467.28194479737954 133.18741084052164 5.204232392490334 9.963536003473198 14.16008084175542 False
3356 1824.2122929274651 5622.88468973203 214.90830837317782 52.94472554085244 1817 1831 5614 5632 222.0 4.192065815282066 3.0970944210425535 -84.3286941993961 0.6739257381674263 -0.1828068748578509 1.7270791188445984 0.0 163.4212105796144 19.607317 227.80969799893015 37.68933954033961 1.7625270140002487 0.30095011744783295 8.406235467365967 206.38165466844868 60.45394930314182 3.2041528870036404 6.035591875678926 9.69247255258076 False
3357 4310.601334449629 5615.127469704476 214.88612802271174 52.92889481441911 4309 4312 5614 5617 15.0 1.106063898426523 0.9996887793862992 36.32915214524345 0.4279011887970304 0.16548084743425948 0.3790932353106541 0.0 3.9942722128755315 5.8252597 30.66524333387399 26.409029415924028 3.657842185321714 0.16055268350083549 2.1850968611841584 -0.06876683868951616 41.870541074852746 2.676178689630833 4.49127271441629 6.091509814404518 False
3358 7072.995277388904 5617.739362154896 214.8613861943955 52.91136248004952 7069 7077 5614 5621 53.0 2.511043493681748 2.261180547064127 2.2670302706382968 0.4348676540743507 -0.124554349180296 0.317158373043253 0.0 5.2652893651145245 10.807653 69.88058454927366 58.17337825947752 3.6308844352797798 0.417813257847024 4.1073621666150775 -47.802986970074514 93.30724801921092 5.704254311462374 11.966028737039503 15.777574869972302 False
3359 10277.544985515584 5615.370068618764 214.8327660500664 52.89098831260923 10277 10279 5614 5617 7.0 0.9268845896292505 0.4979211219645338 89.47733005305948 0.8434557743181442 -0.07101163465878645 0.15641382450063265 0.0 0.4642799090122991 3.4369187 11.112558460368358 16.678468991842003 4.215481837552608 0.250446775570109 1.4927053303604616 -1.283415264003069 26.829949780496918 3.086146510823622 4.7215996073454995 5.713245943914858 False
3360 2980.5828925786877 5615.5771333319 214.898029696454 52.93734353255359 2980 2985 5615 5619 26.0 0.6722637807071191 0.2579426686159373 -47.39743253566192 0.9234608565874758 -0.3332621504768742 0.10261515415840661 0.0 -3.3690495503037843 7.364486 0.3897995690793356 3.6773930187535373 1.4 -0.4248637081859735 2.876813695875796 0.3318173473797848 5.794048325645183 0.5355343679244485 0.8262318874578523 1.0675165856029534 False
3361 3019.5486664606087 5627.237686698518 214.8975579477855 52.93715902117907 3010 3027 5616 5641 343.0 4.683880029694177 3.4330151461756757 -63.10432308593244 0.6802904998288374 -0.04892327263154187 1.5487198441151189 0.0 164.61495051471672 24.313038 264.7277545107882 51.08351706868111 2.1541709847177333 0.45424425587053197 10.448937312523231 291.6935001968826 81.87067620925485 3.6804432324300778 7.519186972655857 17.11658444971743 False
3362 3367.5391569895946 5629.81671198002 214.89441513067806 52.93496312465668 3356 3378 5619 5642 439.0 5.298347965499352 4.892809037099561 -77.4076745974514 0.38369624042074857 0.1380477152571674 2.249060993398771 0.0 446.04278456069744 27.68693 623.4118473144542 62.57586035079365 2.085013428404556 0.2814972745357491 11.821084554078958 678.2194282670231 100.80766056860605 4.610700582774658 8.441593165748733 13.637329404835214 False
3363 3092.610147837154 5627.433487034613 214.89690172109368 52.936696128740124 3083 3099 5620 5635 219.0 3.4019021079927567 2.85031391655286 -78.01188504495676 0.5458868785392781 -0.278196651900234 1.0227419684493642 0.0 73.12902559340509 20.187649 77.332289371893 26.178868378061857 1.4 0.47589931296547194 8.349243383340204 49.31737398030282 41.38510175804548 2.3032470567103007 3.9666088727112165 5.6907633782134495 False
3364 9599.475930979785 5621.759120498677 214.83875769054316 52.89533171638959 9598 9601 5620 5623 12.0 1.0725859714405586 0.8420225922176491 30.233325230493474 0.6194454260016307 0.2567792940917554 0.39048693508435917 0.0 3.823264778276458 3.2617922 22.01111099971796 14.278688688369552 3.515175963788573 0.07818761959081025 1.9544100476116797 22.93175558242122 23.015949655556366 2.0879601043979097 3.5482748054903825 4.980843262541119 False
3365 3515.5990609590785 5632.619744978055 214.89306007757335 52.93403801281949 3511 3521 5626 5638 107.0 3.2232883597644912 2.316124338491867 -65.06721048076045 0.6954655308144898 0.08666190910387915 0.5704367671813432 0.0 38.75783523166232 10.831409 110.36301247398012 34.68709598317274 2.728321226658236 0.1902017185171332 5.836022431559495 153.33154498137898 55.877136588983355 4.018981316144662 7.406496027290128 14.194557495083721 False
3366 4390.88399640648 5629.836264715026 214.88525450849505 52.9284642979209 4386 4396 5626 5638 100.0 2.1953140172930077 1.7467486029107917 68.59877810119741 0.605728491041654 -0.7689752160798022 0.6598926708334313 0.0 7.224207902440724 16.019981 7.184255228954911 19.369780600957775 1.4 0.2867034654606074 5.641895835477563 -20.61987465864279 29.981711552924796 0.9673956238895491 1.54336830952266 1.985394067870322 False
3367 2392.94005108921 5636.750753262873 214.90306869423063 52.94118925162431 2389 2396 5630 5645 94.0 3.0116471444984123 1.7269359800961581 87.1015937920154 0.8192621933634575 -0.2043101311550579 0.4521382849875358 0.0 15.752717798243737 13.060929 -24.462295089071382 49.292417859027005 3.6145024173644384 0.335027707953344 5.4700209598571305 -30.40251096631819 78.54256578991307 24.604125535506576 25.69676194017938 26.751448923444705 False
3368 3724.61730866325 5634.593963864368 214.89116811990246 52.93272129404493 3718 3728 5631 5637 53.0 1.4874993256272082 1.446983865405215 47.56415186943161 0.2318031982953933 -0.24564562793368808 0.46384790987683006 0.0 6.1493522004765415 11.059369 11.299381452517313 13.835830053415336 1.4 0.4306976355437962 4.1073621666150775 0.7627027173035126 22.159591784041794 1.309719927857603 2.190782963659477 3.0214134231348 False
3369 6623.805668299797 5649.340948237115 214.8650706831369 52.914386476137054 6606 6641 5632 5665 871.0 7.253454582665938 4.991397849997253 50.164659549241684 0.7255772014679384 -0.4931409082736555 5.523506239312235 0.0 960.9644524647306 45.062046 968.9328002343796 57.26674109098581 1.4 0.5134866510432012 16.65076307158569 846.9997497571717 91.74686377902333 3.88751722713025 7.245448786717654 11.601548409764385 False
3370 3948.7049144016364 5642.154336399133 214.88908253188657 52.93133898421019 3943 3955 5635 5652 173.0 3.447571696157279 2.788084895718738 51.485075004954865 0.5882078852147536 -0.23472200883231537 1.059555460075451 0.0 69.92522251187728 21.630219 87.47353189239155 32.003037445607575 1.4 0.40864382746220873 7.420755373261929 39.2332491318786 51.145781673829156 2.5945689894986526 4.508982560014887 7.131541474953277 False
3371 9452.176231605667 5638.870978250564 214.83989380922876 52.896359983073786 9449 9455 5635 5641 41.0 1.9156770996620183 1.377709181354004 31.116330635974666 0.6948278493427928 -0.0034250473693902125 0.4952455972615776 0.0 10.749944005261021 7.404299 37.54639079956128 25.231115042539894 2.9393234047344663 0.3133894327051289 3.6125759969217834 16.427722014658475 40.95248029378895 2.689445439117392 5.035462053798305 8.18526478577721 False
3372 1079.0912556418164 5640.549837439569 214.9147968908048 52.949551689006974 1074 1084 5636 5644 76.0 2.655117107531566 1.7261437507062645 25.267151564789053 0.7598318676551695 -0.10441246389302158 0.47532829972584206 0.0 16.44163299827883 11.7235365 285.28519616703375 52.91899154527924 4.150547408237497 0.37832152909936884 4.918490759365935 469.550270881778 84.26788063789003 9.240398822970427 13.023111236575062 16.937146370991837 False
3373 3270.0743237489824 5640.108814544448 214.89517928560667 52.93563759265908 3267 3276 5636 5647 95.0 2.552841583314553 1.5274987797027544 -21.26665130018392 0.801233084859231 -0.14041123492343305 0.5019015735756793 0.0 9.762516892015103 12.739323 45.31421808234246 37.10723898153417 3.144064270851241 0.5910487348553594 5.499039842323396 34.65412342844051 59.303355739257135 3.3663113532255315 10.38374659954118 13.213598001337644 False
3374 8858.8826969743 5639.589706516693 214.84518886914796 52.90013378913761 8855 8862 5637 5642 44.0 2.0359011122239794 1.519194497518251 -6.385608990820956 0.6657190327675031 0.14512447918464264 0.6608855804944385 0.0 20.948748342480695 8.871192 54.45714708934767 26.54335401972284 2.610528926023395 0.14690502456895468 3.742410318509555 50.6372581926806 43.02575506490887 2.496995177325715 4.513310630628684 7.849101790231391 False
3375 7758.798964391395 5641.40559148049 214.8550043067052 52.90713315374305 7756 7763 5639 5645 38.0 2.4455041700219957 0.9341345874887064 -34.96730786237301 0.9241704372036321 -0.10317775185521026 0.288371206775399 0.0 3.1328406247787424 7.936574 8.602731497674029 35.09898256405578 4.0038682835352555 0.4546016046569483 3.477898169151024 5.252546476191771 56.43437646474501 2.0538536933369427 3.191408685679293 4.078589352871892 False
3376 9212.348736583137 5656.6126746080745 214.84185029966636 52.8979795862831 9201 9224 5641 5669 498.0 6.338470350871442 4.273192895744817 80.89828547473553 0.7385781726021239 -0.22038524226446846 1.964007504748893 0.0 385.2115844342503 29.54201 402.05839740019195 42.735350296282554 1.4 0.3642735388241684 12.590406002966217 399.56731428581884 68.33783417211657 4.097751508677356 7.083852361017762 10.248563925481308 False
3377 123.215733748447 5642.223790909963 214.92334393468326 52.95562906893656 121 125 5642 5645 14.0 0.7506427144959358 0.2739621500598984 -26.707236986583865 0.9310192386390782 -0.1877738447167694 0.04456838027151412 0.0 -0.7953542754625358 4.9544005 0.2764195784598542 5.099807310603473 1.9213289483208942 -0.514578481164746 2.111004122822376 -1.6829570782456273 8.16190474838553 0.7477753349962397 1.2854134460385356 nan False
3378 nan nan nan nan 2514 2518 5643 5647 23.0 nan nan nan nan -0.3604187668027838 -0.019997157843314455 0.0 -4.906052481083121 6.320828 nan nan nan -0.2491285645123365 2.7057581899030048 nan nan nan nan nan False
3379 6330.113767353532 5645.113767353532 214.86774218114726 52.91622933809984 6330 6333 5644 5646 9.0 0.5338370715288719 0.2886751345948129 45.0 0.8411800581485129 -0.30249031371962515 0.01880019525111452 0.0 -1.213860439628527 4.6498795 2.412308491322515 12.446379524976106 4.511968149155209 -0.4879741840591668 1.692568750643269 0.7286249565651337 19.696961597280232 3.7340365283771506 4.5281505447588755 5.064240414578396 False
3380 7881.378806819546 5646.593593307761 214.85385365478746 52.90638233775858 7880 7883 5644 5649 20.0 1.4292577341937325 1.0593731329685696 -85.91669296987061 0.6712786218470462 0.4698918796707112 0.7683245721091503 0.0 13.173736131881668 5.740417 82.5945608882493 23.403764461371612 3.331541767690036 0.07645406108214807 2.5231325220201604 120.35165372965685 37.67368678140346 2.825219312591733 4.990877928942939 7.54058981012691 False
3381 2190.802948535315 5645.0 214.90479203495545 52.94251726385079 2190 2192 5645 5648 10.0 0.4914829786309093 0.28867513459481287 0.0 0.8093291952087125 -0.31072645591652276 0.07545281186538176 0.0 -1.5032600471058593 4.1976495 0.2306513392653037 3.1448808991564254 1.4 -0.3759008816429532 1.7841241161527712 0.23831339198421558 5.044578653393483 0.46152255332695263 0.798880281181853 1.0575359131597164 False
