outputs/dr0.5_c0.1/nircam2_matched_f277w_f356w_dr0.5_c0.1.ecsv
# %ECSV 1.0
# ---
# datatype:
# - {name: label, datatype: int64}
# - {name: xcentroid, datatype: float64}
# - {name: ycentroid, datatype: float64}
# - {name: sky_centroid.ra, unit: deg, datatype: float64}
# - {name: sky_centroid.dec, unit: deg, datatype: float64}
# - {name: bbox_xmin, datatype: int64}
# - {name: bbox_xmax, datatype: int64}
# - {name: bbox_ymin, datatype: int64}
# - {name: bbox_ymax, datatype: int64}
# - {name: area, unit: pix2, datatype: float64}
# - {name: semimajor_sigma, unit: pix, datatype: float64}
# - {name: semiminor_sigma, unit: pix, datatype: float64}
# - {name: orientation, unit: deg, datatype: float64}
# - {name: eccentricity, datatype: float64}
# - {name: min_value, datatype: float64}
# - {name: max_value, datatype: float64}
# - {name: local_background, datatype: float64}
# - {name: segment_flux, datatype: float64}
# - {name: segment_fluxerr, datatype: float32}
# - {name: kron_flux, datatype: float64}
# - {name: kron_fluxerr, datatype: float64}
# - {name: kron_radius, unit: pix, datatype: float64}
# - {name: gini, datatype: float64}
# - {name: equivalent_radius, unit: pix, datatype: float64}
# - {name: kron4_2_flux, datatype: float64}
# - {name: kron4_2_fluxerr, datatype: float64}
# - {name: kron4_2_mag, datatype: float64}
# meta:
#   PHOTMJSR: 0.4047000110149384
#   PIXAR_SR: 2.11539874851881e-14
#   __serialized_columns__:
#     area:
#       __class__: astropy.units.quantity.Quantity
#       unit: !astropy.units.Unit {unit: pix2}
#       value: !astropy.table.SerializedColumn {name: area}
#     eccentricity:
#       __class__: astropy.units.quantity.Quantity
#       unit: !astropy.units.Unit {unit: ''}
#       value: !astropy.table.SerializedColumn {name: eccentricity}
#     equivalent_radius:
#       __class__: astropy.units.quantity.Quantity
#       unit: !astropy.units.Unit {unit: pix}
#       value: !astropy.table.SerializedColumn {name: equivalent_radius}
#     kron_radius:
#       __class__: astropy.units.quantity.Quantity
#       unit: !astropy.units.Unit {unit: pix}
#       value: !astropy.table.SerializedColumn {name: kron_radius}
#     orientation:
#       __class__: astropy.units.quantity.Quantity
#       unit: &id001 !astropy.units.Unit {unit: deg}
#       value: !astropy.table.SerializedColumn {name: orientation}
#     semimajor_sigma:
#       __class__: astropy.units.quantity.Quantity
#       unit: !astropy.units.Unit {unit: pix}
#       value: !astropy.table.SerializedColumn {name: semimajor_sigma}
#     semiminor_sigma:
#       __class__: astropy.units.quantity.Quantity
#       unit: !astropy.units.Unit {unit: pix}
#       value: !astropy.table.SerializedColumn {name: semiminor_sigma}
#     sky_centroid:
#       __class__: astropy.coordinates.sky_coordinate.SkyCoord
#       dec: !astropy.table.SerializedColumn
#         __class__: astropy.coordinates.angles.Latitude
#         unit: *id001
#         value: !astropy.table.SerializedColumn {name: sky_centroid.dec}
#       frame: icrs
#       ra: !astropy.table.SerializedColumn
#         __class__: astropy.coordinates.angles.Longitude
#         unit: *id001
#         value: !astropy.table.SerializedColumn {name: sky_centroid.ra}
#         wrap_angle: !astropy.coordinates.Angle
#           unit: *id001
#           value: 360.0
#       representation_type: spherical
#   astropy version: '5.1'
#   kernelfile: kernel_f277w_f356w.fits
#   make_catalog parameters:
#     ab_zpt: 31.4
#     coadd_bands: !!python/tuple [f277w, f356w]
#     deblend_contrast: 0.001
#     deblend_nlevels: 32
#     deblend_npixels: 1
#     detect_kernel_fwhm: 4.0
#     detect_kernel_npix: 7
#     detect_npixels: 4
#     detect_threshold_nsigma: 3.0
#     flag_isolated_buffer: 4
#     hst_bands: !!python/tuple [f606w, f814w, f125w, f140w, f160w]
#     jwst_bands: !!python/tuple [f115w, f150w, f200w, f277w, f356w, f410m, f444w]
#     near_border_kernelsize: 21
#     reference_band: f200w
#   make_catalog version: 1.4.0
#   photutils version: 1.5.0
# schema: astropy-2.0
label xcentroid ycentroid sky_centroid.ra sky_centroid.dec bbox_xmin bbox_xmax bbox_ymin bbox_ymax area semimajor_sigma semiminor_sigma orientation eccentricity min_value max_value local_background segment_flux segment_fluxerr kron_flux kron_fluxerr kron_radius gini equivalent_radius kron4_2_flux kron4_2_fluxerr kron4_2_mag
[from data line 2896]
2897 6635.852100564905 5142.445539896406 214.8703026314163 52.91157592244914 6631 6641 5137 5148 103.0 2.8801079654068227 2.158458062559159 -47.74949906698435 0.662076217060564 0.19372307199519873 1.0221034039571266 0.0 53.12249336871552 0.9943815 90.0709657085227 2.3655911863365633 2.2581974239672316 0.2485792527994059 5.725898905580716 102.2765360236024 3.775502484229394 26.375559973498063
2898 3539.188383687267 5147.023545310819 214.8979648601301 52.931267873154475 3534 3544 5138 5156 162.0 4.268415680597126 2.1576878105399433 -83.2586471862872 0.8628260991776298 0.14759309041145963 1.282417614780861 0.0 89.60699340787207 1.3584946 122.06601678990354 2.7101295436979336 1.9512591121483953 0.2903888751524837 7.1809610472257885 126.86309970141596 4.306000457521554 26.14166170375632
2899 3580.128649711582 5140.296995151887 214.89766920539944 52.93097160059096 3578 3582 5138 5143 24.0 1.42115504482868 1.2065661901593787 70.6612643308508 0.5283865633666118 0.24662570791431737 0.43163423650521376 0.0 8.013048933808975 0.49304113 23.521145708642486 1.6889441379430892 2.8338405854766857 0.09749885496337697 2.763953195770684 28.20736656332346 2.719956152578018 27.774093644094272
2900 9946.33086922793 5139.805788537897 214.84073443673853 52.89052933027048 9945 9948 5138 5141 12.0 1.0389687003933465 0.8648496987390304 -20.888614686775366 0.5541577096411335 0.2581986875078031 0.4037029638238761 0.0 4.194346408447114 0.36779028 18.010185430851955 1.34081208131956 3.0042529749126548 0.060360729054915886 1.9544100476116797 34.432224621740666 2.1284401684544045 27.557587292952586
2901 3746.4625636846945 5147.879140076158 214.89610027178648 52.929956270937716 3736 3756 5139 5157 304.0 4.712618363971636 3.569785600388739 -16.546074037607973 0.652840779193074 0.14986422187492407 1.7662833762974983 0.0 188.25974275384687 1.8912317 230.86090864102638 3.5023157426938236 1.8440450348686042 0.33726251984534816 9.83698151873187 247.68587043153428 5.4953507013147 25.415246919028366
2902 1687.348434317985 5147.329715457931 214.9145448095363 52.94302767062925 1682 1693 5140 5154 133.0 3.1221840205329046 2.476413809826267 -88.62471652852294 0.6090039965796282 0.14977910685862686 1.1560354673950128 0.0 61.05064652471404 1.1657695 96.84958811962616 2.7013283673756647 2.226294841828375 0.2940982312539281 6.506551687525748 126.68651979387323 4.36209222322687 26.14317398549454
2903 593.1268040484698 5144.410939377755 214.924378513735 52.94995851516737 590 596 5141 5147 37.0 1.7061279787358767 1.4411616945320957 42.70177997779513 0.5352443123547911 0.22447320309006408 0.6501348844348795 0.0 15.278839202581786 0.6230912 28.721579446928565 1.5755533841486955 2.289228220280159 0.17521445393291715 3.431831258788849 34.96968640911722 2.5229950276443813 27.540770655529474
2904 9408.862864624978 5146.000566778251 214.84547225659293 52.89397790983904 9402 9415 5141 5151 101.0 3.1549223211070903 1.9203348511161253 32.902146014269476 0.7934166108163097 0.17497297802010567 1.0478937478933996 0.0 50.81655085527655 1.189917 81.57760617686182 2.7009248541000317 2.145226204518093 0.26190280423476275 5.670035141386943 83.4292397657102 4.278084423438316 26.596704284575782
2905 10258.154896460517 5144.108145733275 214.83790286637108 52.88857104331148 10254 10262 5141 5147 44.0 2.296757495297649 1.4203528219278385 29.694612545519277 0.7858504844307701 0.251621202310385 0.5231649942311587 0.0 17.798116672286987 0.8289439 40.788928448066514 2.5669273445487195 2.5516138630113803 0.10086983703144388 3.742410318509555 38.40648794661793 3.936980663179321 27.438988511906132
2906 2950.8691065918265 5149.841237773511 214.90320258362874 52.93501882864617 2947 2954 5145 5154 65.0 2.259942138217459 1.8032049717862515 -86.1459771552714 0.6027915143097675 0.17863110921277275 0.7710442936522548 0.0 27.334069488453665 0.8791823 50.0880422683273 2.1930766902413423 2.367995907623989 0.22690242614123327 4.54864184146723 49.054376003737886 3.507655831093722 27.173305610898375
2907 2603.5535479152395 5149.710133293319 214.90631401620402 52.93722341936504 2600 2607 5147 5153 42.0 1.8673334770154684 1.4930216120873947 37.809227172955495 0.6006030032217262 0.18944439599034713 0.5310902873413113 0.0 13.985652771393058 0.6452343 33.15086504873611 1.9698753933216238 2.6847679029004654 0.1741907789917354 3.656366395715726 39.327840475976316 3.085461940478926 27.413249751005644
2908 7654.350806536008 5150.253170738011 214.861111861267 52.90514802015953 7651 7657 5147 5154 42.0 1.829864939496392 1.5281004993749854 -89.82816007691507 0.5501145167563658 0.22775727010515393 0.7264078979006804 0.0 19.55639296689622 0.6578292 39.22966549126677 1.8481514993273722 2.454058806787358 0.1780593836303311 3.656366395715726 47.573118729975135 3.0219187061069572 27.206595941987278
2909 9717.933107494628 5149.316871247032 214.84267524136956 52.89203191777198 9715 9721 5147 5151 25.0 1.8825436427260955 1.0738574397866458 -11.936429888925263 0.8213469333482909 0.2585323402909414 0.4159942678442632 0.0 8.636221673849667 0.54670304 51.96176694528319 2.3516757133274098 3.4030273009451792 0.07869972654337741 2.8209479177387813 63.84049343378654 3.7489886296595203 26.887259412275267
2910 6384.478329827844 5148.500715221731 214.87248732679595 52.91320532812942 6383 6386 5148 5149 6.0 0.9796079380474982 0.41263565207977915 18.53090400733843 0.9069560313354189 0.2477225759928838 0.28591054637418695 0.0 1.6359574077357062 0.23642418 16.928591643821225 1.0335999314069813 3.753701274214922 0.031018245313950712 1.381976597885342 24.63334341063824 1.6157552577765943 27.92119159664595
2911 1579.4163799679077 5152.6285763444 214.91545578859487 52.94374150973464 1576 1583 5149 5156 49.0 2.176688505757806 1.4859700883324143 44.05778095681481 0.7307224554345249 0.18687591008255033 0.5807547515078281 0.0 17.58988285447684 0.7172454 33.67294939328351 1.9297906712535773 2.395540335541843 0.1811485882042888 3.949327084834294 40.33867632895543 3.0247639348546547 27.38569589201005
2912 446.66706758300995 5156.1720861401855 214.92556694422228 52.95095174026535 442 451 5151 5160 71.0 2.281521533408046 1.9449858283464165 41.8704576838023 0.5227352855693331 0.13346846558961184 0.7300819482592862 0.0 28.572911489474958 0.8283953 43.18120741562444 1.7954982242584434 1.9667070905883708 0.23153352452023326 4.753945931439391 42.55991486240479 2.836408980086996 27.32749812370597
2913 942.7849954701556 5155.58764084923 214.921127884829 52.94779915589656 941 945 5152 5159 28.0 1.7393259113567223 1.1403922372762443 -76.7114999254453 0.7550633498857495 0.2390868473474571 0.44542684756875195 0.0 9.196293446000187 0.53496 26.83098558546791 1.660021743380191 2.7643799434313943 0.11540715660150179 2.985410660720923 30.427661708692142 2.6859023488527805 27.691828552067996
2914 1314.4467707237957 5185.232003029452 214.91748589097912 52.945599706120845 1259 1371 5153 5210 3927.0 18.557642632289987 5.975589001429943 -3.202643536525057 0.9467391540231045 0.10273723925620307 23.340576788582236 0.0 9778.898911860597 7.796582 9829.898259470312 8.126118741558152 1.4268747362549938 0.6659197397711963 35.3553803973843 10451.213674698083 11.678106279833429 21.352083182586135
2915 6408.01134691246 5155.39470633568 214.8722042042935 52.913093033229806 6405 6411 5153 5158 32.0 1.6015469540705203 1.384882451301563 29.28810095545046 0.5022620131226955 0.177287070518463 0.5288410749235205 0.0 11.88222139233994 0.521666 25.081938675961695 1.4818896762449811 2.433475647095032 0.13966648918301353 3.1915382432114616 24.439238786662163 2.372932012003926 27.929780813166648
2916 3239.0012722288534 5166.508783113694 214.9004471407457 52.93327920412973 3229 3249 5154 5180 388.0 5.2223635563259 3.460308732744223 -65.65495472974199 0.748978431016844 0.1543257571514971 3.592811944854342 0.0 319.88711813202866 2.142636 386.83575870294567 3.6783360147104136 1.843929880314558 0.42524888699604274 11.11324596323283 431.1457211376669 5.820357299884011 24.813439799134628
2917 6476.730409898481 5160.051577927274 214.87154046353757 52.912681646731926 6473 6481 5155 5165 60.0 3.082266117190967 1.4333792051788918 -58.819892004778744 0.8852892993736273 0.19937515044083748 0.4689304851048568 0.0 21.124898007087044 0.7227959 77.25574917857179 2.665109679989362 3.0172146117850374 0.10660579860366111 4.370193722368317 107.01787751057803 4.249251205246946 26.32635916663616
2918 6789.756415178004 5161.601730923771 214.86872429601038 52.91070161491863 6786 6793 5159 5165 41.0 1.9099084125707388 1.4696809231504544 -30.98549617178912 0.6386427742822247 0.20312889424696778 0.5338267965814435 0.0 14.469376065678034 0.6362652 42.61588863173678 2.0694550250713837 2.905998833581435 0.155471840093782 3.6125759969217834 54.1233312421829 3.356487022093172 27.06653870204606
2919 7798.970506112798 5160.442101400072 214.85971141426432 52.90428421511938 7798 7800 5159 5162 12.0 1.086313241185872 0.8016147870077357 88.7672750750226 0.6748856568955829 0.352118376541929 0.4974787412988594 0.0 5.128986011580869 0.37154797 15.466784701213708 1.2196993669624396 2.7532706575850714 0.06593556533657569 1.9544100476116797 14.165490620132656 1.9547378387961598 28.521920947859495
2920 4351.636343961497 5164.411170437323 214.89050907990392 52.92620237057959 4346 4357 5160 5169 87.0 2.930801774427626 1.8425667523746165 -27.596599909917924 0.7776557473550427 0.12427798396722342 0.7944447877800275 0.0 34.010055536130544 0.9337725 46.29487923702234 1.548312521158067 1.5197770031485245 0.24551356523865794 5.262410103554244 44.20964784136059 2.4776139897155014 27.286207361296896
2921 6890.013527605804 5162.528277433139 214.8678178479771 52.91006974856233 6887 6893 5160 5165 28.0 1.840888857733536 1.1349419801261007 -40.24470144480174 0.7873404456844929 0.19561741186714315 0.41140887904398993 0.0 8.984557855130882 0.526096 31.416983737523594 1.903032827140231 2.9177910115168455 0.09817120830030159 2.985410660720923 34.799477153276825 2.923784802656043 27.546068202716345
2922 6982.131624738107 5171.971077652616 214.86689451283289 52.909535510985656 6966 6998 5160 5184 567.0 4.425881723921831 3.470532979884454 -0.8445948635056794 0.6205776621427254 0.13885038894860405 22.113346498738082 0.0 1184.825416008783 2.6861012 1192.6983073101517 2.7637726832238596 1.4264782295669438 0.6630262474766486 13.434347973244154 1276.6702985370289 4.076358840944293 23.63480311317196
2923 980.9084543353348 5163.482526911578 214.92070314548826 52.947599755133105 978 984 5161 5166 31.0 1.791868659770941 1.241928936035439 -31.842952622819478 0.7208496192212763 0.22402087162010062 0.41292234891298696 0.0 9.771715908413766 0.60292625 23.15706469117442 1.7010997886909371 2.4891043007635694 0.09910102375497205 3.141274657157109 18.272883555771614 2.672273071710561 28.245482283295722
2924 1618.6742232105282 5171.998451709177 214.9149000571776 52.94359682696726 1604 1635 5162 5183 468.0 7.50455572015547 3.165649484987104 -18.693860179066917 0.9066747721457139 0.18309440810667924 3.1020118097825855 0.0 404.56753951349697 2.3403888 464.9059546225074 3.7987757554639447 1.690352692749692 0.4009997339145373 12.205286835384658 496.54622340215667 5.9048176369168495 24.66010079222113
2925 6524.869660395151 5166.662649702149 214.87104023062116 52.91241152251982 6522 6528 5163 5170 42.0 1.9425929812863014 1.408768093301546 49.974435232023524 0.6885384603716566 0.1820460151962751 0.5759231745603007 0.0 14.750525491182714 0.6340219 24.337047664692783 1.5114315525209978 2.161839773557224 0.18961085234779487 3.656366395715726 25.493523172503593 2.4047329821223755 27.883925353594023
2926 7087.443692357566 5171.147742446203 214.8659613402245 52.908862081121484 7083 7093 5165 5177 97.0 2.851847076689711 2.0942680903722497 59.31083267210705 0.6787656221662806 0.19832098386755256 0.9962097967948325 0.0 49.29280165725359 1.0387366 86.21338760993385 2.6264434457062875 2.35420306455574 0.2432117081353209 5.556622981616415 81.42490050798031 4.1727904695792075 26.623106908553762
2927 9275.75633328815 5167.020880808589 214.8464404818039 52.894937003561154 9273 9278 5165 5169 26.0 1.6242248438964353 1.1280920568208679 32.45591859226546 0.7194523468471625 0.25930393703758453 0.5663205784158561 0.0 11.04237754494035 0.630971 40.770892050642075 2.1323949574455536 3.044078290479766 0.12486785922757368 2.876813695875796 42.674504985346644 3.33581949343534 27.32457876975564
2928 1390.2114272341687 5170.414309425334 214.91696328729927 52.94503871928381 1385 1395 5166 5174 77.0 2.6640614292562623 1.8811236399344158 -21.37645842650174 0.7081009524001944 0.19159138347646493 0.720002278064188 0.0 32.04086484147235 0.91235805 75.27430836333681 2.7178801244744464 2.6824011526380267 0.1937347098644656 4.950743503369154 114.1664627208002 4.298787245599369 26.256153636774982
2929 8438.810750473487 5168.826651545222 214.85390258574674 52.90026441658558 8434 8443 5166 5172 54.0 2.4053086733839026 1.5048345792666962 18.31554196134029 0.7801194905777796 0.2811170979932638 0.7630415700441624 0.0 26.418355208249313 0.9127226 55.15837917583389 2.325709497356416 2.4902930554384777 0.16296013291534492 4.145929793656026 64.60553368217207 3.640908447330738 26.87432570405618
2930 3261.5288086708497 5179.958332558495 214.90010375442316 52.933208737947275 3253 3271 5169 5192 337.0 4.669558751921893 3.6380706128365055 -69.40604819229644 0.6268950369269352 0.18554734966347644 2.9184685428462305 0.0 248.6018080582831 2.0623136 325.7919463881957 3.8822347201259086 1.997770142239996 0.41708632392487716 10.357143990692485 368.90347166518177 6.140882726868437 24.982718144272802
2931 9350.45933350953 5171.433930945528 214.8457263507477 52.89448613651512 9349 9353 5169 5173 23.0 1.1227156865923587 1.0872567950203045 -24.682998662773795 0.24933670739724925 -0.04178968986162752 1.3647162893247766 0.0 14.824767311631549 0.69723314 17.851010132905298 0.9479291562810376 1.4400178002530972 0.3744125299876489 2.7057581899030048 16.4424690749588 1.4090342856915457 28.360082415725493
2932 6669.045146577795 5182.036933215428 214.86958870451082 52.91157862538321 6658 6681 5170 5194 478.0 4.334148389446544 3.6281852993890094 61.63971751844946 0.5470252943605711 0.1147284061034838 10.545334316259819 0.0 747.0593187079883 2.3416073 777.1499143913037 2.7488978501324515 1.514000519865958 0.5912207255910309 12.334995970645954 829.3074534300108 4.242040614744126 24.10321107840788
2933 8880.497438320623 5170.980938694887 214.84993160579137 52.89746975970441 8880 8881 5170 5172 6.0 0.8014356186069552 0.49997133587383796 89.5699596631971 0.781548355896501 0.3696602960585734 0.42433382794053687 0.0 2.3740705554491814 0.27868792 13.215612012618543 1.0909111448700155 3.43742376529724 0.03767632051050957 1.381976597885342 15.379301844414712 1.7183926838861818 28.432658448072523
2934 3283.239005786019 5173.147260135608 214.8999811325263 52.933034124005665 3281 3286 5171 5176 30.0 1.4903961972072768 1.3775295740164661 -47.64148611821771 0.381737640995338 0.12771133963156361 0.33248113905397514 0.0 6.798725889358137 0.5697311 19.315250923382266 1.8349146099733213 2.8044255032861596 0.1614592619139909 3.0901936161855166 39.636090399668035 2.9700147321890076 27.404772974366182
2935 8116.997213161474 5177.793859867513 214.8566851862244 52.90235734589766 8110 8124 5171 5184 170.0 3.1378410839937048 2.671856976632474 -47.27851601064515 0.5243622140980218 0.17355844517270022 2.5655855413978164 0.0 137.9803948309639 1.5331893 174.73713088974193 2.867565594560559 1.9474977225111056 0.3883902129275085 7.356132180109627 192.25721412711943 4.565181551392583 25.690293387635343
2936 9176.9828330974 5173.486833031476 214.8472551812072 52.89559946587854 9176 9178 5173 5174 4.0 0.7938626465924012 0.31453203889497106 32.20398872850941 0.9181622451418588 0.28322733642344344 0.3243234789185538 0.0 1.2249006745828837 0.21252723 13.15255240983503 0.9228154575926603 3.964575053712146 0.0359561433477445 1.1283791670955126 21.071353158545307 1.4806783699993478 28.09076893501635
