outputs/dr0.5_c0.1/nircam2_f200w_dr0.5_c0.1.ecsv
# %ECSV 1.0
# ---
# datatype:
# - {name: label, datatype: int64}
# - {name: xcentroid, datatype: float64}
# - {name: ycentroid, datatype: float64}
# - {name: sky_centroid.ra, unit: deg, datatype: float64}
# - {name: sky_centroid.dec, unit: deg, datatype: float64}
# - {name: bbox_xmin, datatype: int64}
# - {name: bbox_xmax, datatype: int64}
# - {name: bbox_ymin, datatype: int64}
# - {name: bbox_ymax, datatype: int64}
# - {name: area, unit: pix2, datatype: float64}
# - {name: semimajor_sigma, unit: pix, datatype: float64}
# - {name: semiminor_sigma, unit: pix, datatype: float64}
# - {name: orientation, unit: deg, datatype: float64}
# - {name: eccentricity, datatype: float64}
# - {name: min_value, datatype: float64}
# - {name: max_value, datatype: float64}
# - {name: local_background, datatype: float64}
# - {name: segment_flux, datatype: float64}
# - {name: segment_fluxerr, datatype: float32}
# - {name: kron_flux, datatype: float64}
# - {name: kron_fluxerr, datatype: float64}
# - {name: kron_radius, unit: pix, datatype: float64}
# - {name: gini, datatype: float64}
# - {name: equivalent_radius, unit: pix, datatype: float64}
# - {name: kron4_2_flux, datatype: float64}
# - {name: kron4_2_fluxerr, datatype: float64}
# - {name: radius_kron20, unit: pix, datatype: float64}
# - {name: radius_kron50, unit: pix, datatype: float64}
# - {name: radius_kron80, unit: pix, datatype: float64}
# - {name: near_border, datatype: bool}
# meta:
#   PHOTMJSR: 1.891700029373169
#   PIXAR_SR: 2.11539874851881e-14
#   __serialized_columns__:
#     area:
#       __class__: astropy.units.quantity.Quantity
#       unit: !astropy.units.Unit {unit: pix2}
#       value: !astropy.table.SerializedColumn {name: area}
#     eccentricity:
#       __class__: astropy.units.quantity.Quantity
#       unit: !astropy.units.Unit {unit: ''}
#       value: !astropy.table.SerializedColumn {name: eccentricity}
#     equivalent_radius:
#       __class__: astropy.units.quantity.Quantity
#       unit: !astropy.units.Unit {unit: pix}
#       value: !astropy.table.SerializedColumn {name: equivalent_radius}
#     kron_radius:
#       __class__: astropy.units.quantity.Quantity
#       unit: &id001 !astropy.units.Unit {unit: pix}
#       value: !astropy.table.SerializedColumn {name: kron_radius}
#     orientation:
#       __class__: astropy.units.quantity.Quantity
#       unit: &id002 !astropy.units.Unit {unit: deg}
#       value: !astropy.table.SerializedColumn {name: orientation}
#     radius_kron20:
#       __class__: astropy.units.quantity.Quantity
#       unit: *id001
#       value: !astropy.table.SerializedColumn {name: radius_kron20}
#     radius_kron50:
#       __class__: astropy.units.quantity.Quantity
#       unit: *id001
#       value: !astropy.table.SerializedColumn {name: radius_kron50}
#     radius_kron80:
#       __class__: astropy.units.quantity.Quantity
#       unit: *id001
#       value: !astropy.table.SerializedColumn {name: radius_kron80}
#     semimajor_sigma:
#       __class__: astropy.units.quantity.Quantity
#       unit: !astropy.units.Unit {unit: pix}
#       value: !astropy.table.SerializedColumn {name: semimajor_sigma}
#     semiminor_sigma:
#       __class__: astropy.units.quantity.Quantity
#       unit: !astropy.units.Unit {unit: pix}
#       value: !astropy.table.SerializedColumn {name: semiminor_sigma}
#     sky_centroid:
#       __class__: astropy.coordinates.sky_coordinate.SkyCoord
#       dec: !astropy.table.SerializedColumn
#         __class__: astropy.coordinates.angles.Latitude
#         unit: *id002
#         value: !astropy.table.SerializedColumn {name: sky_centroid.dec}
#       frame: icrs
#       ra: !astropy.table.SerializedColumn
#         __class__: astropy.coordinates.angles.Longitude
#         unit: *id002
#         value: !astropy.table.SerializedColumn {name: sky_centroid.ra}
#         wrap_angle: !astropy.coordinates.Angle
#           unit: *id002
#           value: 360.0
#       representation_type: spherical
#   astropy version: '5.1'
#   make_catalog parameters:
#     ab_zpt: 31.4
#     coadd_bands: !!python/tuple [f277w, f356w]
#     deblend_contrast: 0.001
#     deblend_nlevels: 32
#     deblend_npixels: 1
#     detect_kernel_fwhm: 4.0
#     detect_kernel_npix: 7
#     detect_npixels: 4
#     detect_threshold_nsigma: 3.0
#     flag_isolated_buffer: 4
#     hst_bands: !!python/tuple [f606w, f814w, f125w, f140w, f160w]
#     jwst_bands: !!python/tuple [f115w, f150w, f200w, f277w, f356w, f410m, f444w]
#     near_border_kernelsize: 21
#     reference_band: f200w
#   make_catalog version: 1.4.0
#   photutils version: 1.5.0
# schema: astropy-2.0
label xcentroid ycentroid sky_centroid.ra sky_centroid.dec bbox_xmin bbox_xmax bbox_ymin bbox_ymax area semimajor_sigma semiminor_sigma orientation eccentricity min_value max_value local_background segment_flux segment_fluxerr kron_flux kron_fluxerr kron_radius gini equivalent_radius kron4_2_flux kron4_2_fluxerr radius_kron20 radius_kron50 radius_kron80 near_border
[from data line 297]
298 817.7076764063356 2182.248666373787 214.95356391567884 52.93253751639116 808 826 2173 2191 256.0 3.802773655157313 2.842869409877023 47.77899333278933 0.6641741758675381 -0.17967658928499455 4.622024101481832 0.0 255.15440744295523 4.2373123 284.70164692010627 6.109510266920736 1.6540512646029983 0.5019037165546449 9.0270333367641 307.7073888284087 9.849967155029926 2.3502609000699652 4.430885984962355 7.185228588064864 False
299 6451.716020962534 2175.161161566309 214.90319410398766 52.896735774447386 6449 6454 2173 2178 31.0 1.206205447387006 1.144103898705265 -7.474234186841432 0.31673236503710905 0.035552533584765005 2.214487373389332 0.0 20.990153179879698 1.3547642 35.62529360448657 3.1144236523252213 2.448115027893298 0.46568146504441366 3.141274657157109 54.49547745459912 5.022749189276667 1.1531873597644566 2.376733571857539 4.913457278639879 False
300 9332.053073329556 2182.646520493118 214.87735816039978 52.87848411937415 9323 9340 2175 2191 225.0 3.3968802524087223 2.2703336095135467 44.16465830863299 0.7438393553531427 -0.14658342706860966 6.926109704962589 0.0 179.31221366618274 4.0510693 210.48760081246303 6.0747174834558315 1.8851311537073405 0.6068890191836106 8.462843753216344 242.0942708659302 9.64927978944208 1.6314817744426724 3.474173936053016 7.436622371661088 False
301 9393.169682008394 2183.9773316121236 214.8767978596592 52.878103106840776 9387 9399 2175 2193 140.0 4.416354983474783 2.457279232383192 77.76557290734331 0.8309116511269816 -0.18576462382921147 0.7355672674306104 0.0 38.92083532886548 3.0578775 335.9343513218318 13.450883451635242 3.589541766381483 0.3126848626937986 6.6755811781245455 656.0236398420138 21.29486008966014 9.958896425665532 19.696001787954717 26.321370411305512 False
302 3737.6034512810543 2179.333380493551 214.92744077206692 52.913989577534366 3735 3740 2176 2182 35.0 1.6145916509103073 1.0802142929918066 -84.03540412244206 0.7432331467155879 0.025308546195408697 2.157627210806398 0.0 26.914646405663074 1.6686279 38.53805868956649 3.3936851252511215 2.1026870398367214 0.4200415104415594 3.3377905890622728 40.648300382864186 5.271041101987964 1.1549838069970304 2.284389040181475 4.421529375479257 False
303 1414.3271644914964 2178.8456041425247 214.9482539389994 52.92873294033457 1412 1416 2177 2181 19.0 1.1960385654356895 0.9569118541302226 49.62929465907848 0.5999096893032364 0.06869982117149143 0.9939866386463094 0.0 9.929918956495385 1.0569423 18.59111040966624 2.8393977822073784 2.5145805353828075 0.3015567623276139 2.4592453796829674 15.596684683882541 4.500244640190207 1.2231806757127657 2.238602398398763 4.180930680166509 False
304 9706.473347597032 2229.1348892021942 214.87352227088226 52.87635666026511 9657 9753 2177 2282 5869.0 21.258935802294353 6.124087895760371 52.05639356692953 0.95760898254252 -0.22765551156891017 126.2886538875874 0.0 20064.409661275677 23.965366 19824.37458118245 22.67923390596237 1.4 0.7465047246155377 43.222224861900244 20466.08859317757 32.229868087940154 4.967609258669613 13.02819419512225 28.676144979535195 False
305 7399.140274665644 2182.0695154993514 214.89464673606201 52.89075690226929 7396 7401 2180 2184 22.0 1.4115431042803177 1.0768863956176151 -9.230816974991408 0.6464996492489008 0.11188254177040172 0.8858348269613119 0.0 9.973965938247309 1.1001581 22.38071277730729 3.094931347304377 2.4626067343399614 0.2505140069202613 2.6462837142006137 28.24300371433113 4.965324456891438 1.5897940126729109 2.9769260334455705 4.892738248658061 False
306 3772.1536747293603 2185.5931528226924 214.92706553949398 52.913804053333486 3767 3777 2181 2190 80.0 2.295756523439303 1.6109259791157453 -28.286580392425176 0.7124752669754096 -0.061847455554755286 2.4726242429874103 0.0 51.863374607945374 2.4396772 64.79061217469398 3.855096453964079 1.6968348272998386 0.44794540076635264 5.046265044040321 62.96908503212666 6.103780551228097 1.5088964845002317 2.881372791201247 5.291544583453401 False
307 6280.015332024734 2185.7662827830604 214.9046185803926 52.89788324541732 6276 6284 2184 2189 38.0 2.1490861282776965 1.2213958276892036 28.84345837298399 0.8227988769409541 -0.007133055172895998 0.8069735492146626 0.0 12.902452679039264 1.4923651 74.11808516709884 5.960542852683728 3.4276061629999446 0.2870231199948425 3.477898169151024 113.10366104027614 9.549220667906852 3.8344769393266294 7.582369675784118 11.22949269985694 False
308 9445.83852759465 2189.317314382983 214.87627088312416 52.87779737670551 9443 9448 2186 2192 26.0 1.6960775145773903 1.0176617614569938 40.589947949717214 0.7999932552216663 -0.06748611333960076 0.4669754802456444 0.0 5.655853359336951 1.2891198 78.66031492468491 5.7856196436191105 3.922687022793688 0.29604304746346893 2.876813695875796 184.27710705395776 9.065189508972692 5.130541016061191 8.591465032255671 11.546438028965568 False
309 6247.7441338359995 2188.4904715381217 214.90487862567136 52.89810285596253 6246 6249 2188 2189 7.0 1.0086655300312086 0.48097755473107207 8.841409069114347 0.8789871613944898 0.30394930747128374 0.5272161470535573 0.0 2.9757592365901147 0.6442337 21.84281029533328 2.7493657514516987 3.685949893669033 0.11203281607578296 1.4927053303604616 38.163473308800015 4.617767983947526 1.8863246253702761 3.9385090783613257 5.58584165221532 False
310 8484.349936004703 2205.3057074274448 214.8846979286833 52.88399042826114 8454 8521 2188 2221 1050.0 13.926743446370365 2.994746267305716 -23.063168393909958 0.9766062006488544 -0.10325134949912798 7.061720595056102 0.0 1196.6320397858253 8.704397 1282.1806576137656 11.225738483905692 1.4957319340884612 0.5273483352963007 18.28183197857863 1336.024761495546 17.401734420621313 4.309356553520623 10.246246235004024 19.968682875228627 False
311 312.417768388542 2197.8536823984914 214.95792782628112 52.935828232175446 307 318 2190 2204 128.0 3.4515175125804722 2.3461832438030648 -52.19477228678059 0.7334400715524765 0.06935821072891754 3.1640744018140556 0.0 88.60351485811063 2.8384848 125.43465232439526 5.903544540955294 1.9490390370234028 0.39084811326964697 6.383076486422923 140.83535760252175 9.314340170685433 2.7229614973882477 4.754181512468397 7.964102189833291 False
312 6200.924266776737 2195.14668986992 214.90522744962638 52.89843606438669 6196 6206 2190 2201 95.0 3.1301726627117983 1.8971355384111859 -51.92458841928193 0.7954035726988733 0.14447168715316383 1.6371495727357797 0.0 75.17405548965543 2.4732203 152.4502356232785 6.570338631616263 2.524602272217779 0.24296659146365462 5.499039842323396 182.88567193077637 10.569601089330051 2.8223051576053835 5.752428317740596 11.317295116030062 False
313 6893.0762078660555 2194.5058134510195 214.89904225655857 52.89403760241435 6890 6897 2190 2199 61.0 2.3260265749418343 1.4755942751826898 -74.09442949034373 0.7730179905683906 -0.07084468298414522 1.3782121401310106 0.0 31.77993437898836 1.9243159 49.071617188981136 4.0189401989033025 2.0440889283640953 0.32286904735769306 4.406461512053774 53.8152688045774 6.327296133908415 1.8251133763824232 3.466270727341889 5.961901205372409 False
314 7698.145103560214 2193.2928373705818 214.8918545154758 52.888918651447774 7695 7701 2190 2197 49.0 1.5277402601379468 1.4433510185950815 -83.89916359528307 0.32775702991892 -0.037692216866755945 2.011432076349015 0.0 28.598933305786392 1.6547134 37.421916621960285 3.1466897979726265 2.0779687529634545 0.45869083419643997 3.949327084834294 45.30865730450925 5.195002418930994 1.1733721420365237 2.2548173971751257 4.375349733419227 False
315 7789.041191828932 2190.988106719974 214.891065908372 52.888328973508926 7787 7791 2190 2193 16.0 1.037507499733129 0.8330826317110356 -8.683332577138534 0.5960256330743157 0.02085081054428809 0.5343253440654879 0.0 3.822701320906849 0.9333631 12.810636185218804 2.796799342589704 2.9127850034463307 0.4084513136944025 2.256758334191025 19.827608684758488 4.500796748357928 1.4819405546928035 2.8396663854618303 4.035611394694704 False
316 3391.898493005356 2196.521733471228 214.93035518122 52.91627682628191 3389 3395 2192 2201 53.0 2.4006557788052554 1.2638635872107615 -73.42963787352248 0.8501961987080967 0.0475450436514686 1.2297221612544489 0.0 24.93826744622373 1.789368 41.803902966036674 4.290166524295007 2.2536765118254087 0.32271123358298975 4.1073621666150775 42.52553589661011 6.755054938229552 1.8142947977281803 3.733026766508751 7.837262647503986 False
317 6299.732755390152 2199.9273040916687 214.90429311951561 52.89783447387722 6296 6302 2197 2203 30.0 1.8281226903260104 1.1537351298942728 37.26777550292101 0.7756984117319377 0.2938597101379544 0.9658097387571739 0.0 14.899758286359067 1.3260419 29.803600426882042 3.8308819427863345 2.495765750634424 0.17817545890512718 3.0901936161855166 54.42093269094194 6.2678388333835535 1.7464615155060057 3.1906642295282697 6.515619083750146 False
318 3095.291969769884 2204.874800747792 214.9329232316067 52.91820464870233 3090 3101 2198 2213 158.0 2.9550531429138895 2.1792318784528097 -89.41574568775447 0.6753914073615035 -0.09546528208887604 3.832920814171905 0.0 107.88554744478097 3.130969 187.14000684109462 7.0040410666050175 2.516521255025601 0.521896516446858 7.091753098990329 251.19618526274354 11.133492892681188 2.1151339730398133 5.4663171481524016 11.795066594385322 False
319 3526.2546396431903 2200.390449138127 214.92911142878089 52.91544486386503 3524 3529 2198 2203 26.0 1.6249079933151152 1.018821587859045 -18.74726955965094 0.7790171371741307 0.10601176261080716 0.7089963281794376 0.0 9.051236294410113 1.2660707 15.37297982132996 3.5062839197212363 2.477515140391234 0.2944073019469772 2.876813695875796 17.357647610567156 5.707348506134055 1.3811972805999297 2.652358379480789 4.788180457902987 False
320 1771.5617588574523 2206.8229534521647 214.94475896785758 52.92661687700044 1766 1777 2200 2214 144.0 2.6624770673735396 2.064630998721578 -71.8563985400683 0.6314029090753884 -0.1469125465998568 3.9444030366224223 0.0 100.52273459626392 2.9549575 118.46924124074475 4.527439326452708 1.7980303969064813 0.5373058340770663 6.770275002573076 127.31252715149196 7.2228241160641184 1.5514033112987553 3.0889056615296377 5.885118556404901 False
321 9446.29961593832 2227.0304815820828 214.87586984734023 52.877997888852 9425 9473 2201 2246 1377.0 9.41113541546459 6.015327750246809 33.23666376835199 0.7690643904922629 -0.06457774427108486 7.370095606822138 0.0 2027.3300242231398 10.300706 2274.8233707857453 15.95047153299225 1.8140465694120398 0.5349406819310725 20.935919212565754 2682.858445229322 25.02505625716888 5.346239038408343 10.205372130577064 16.856393309034093 False
322 7926.50404156641 2209.171482810078 214.88964526404857 52.88755410619718 7920 7932 2203 2216 140.0 3.0480964471220653 2.078273093700066 -59.00251034877292 0.7315138765927297 -0.051493680532415174 3.385126942634752 0.0 100.17407176647505 2.8469522 134.56103083478874 5.596412624973846 2.143750485141323 0.469764201201437 6.6755811781245455 173.46421756783187 8.90844749165631 1.9859173029183563 4.083043009237104 7.7574187281309435 False
323 2969.430945028223 2210.230026027157 214.93399395657593 52.91903245462782 2964 2975 2206 2215 90.0 2.625013351485688 2.1351648078796517 -30.894307887836206 0.5817159845070945 0.030634673634439134 1.0830613286743231 0.0 43.66363369682441 2.4212158 66.95055194364605 4.910033656663945 1.8566094955884425 0.2660956691516445 5.352372348458314 63.35669238062562 7.714233687523058 2.4318189005518915 4.226210613732617 6.961492816602634 False
324 3112.1014195614484 2209.3407936828876 214.93272568939645 52.9181220653998 3108 3116 2206 2213 55.0 2.0440757993376195 1.7318619244247333 13.468574801012458 0.5311797554719618 0.03939100822413706 0.7946710909015716 0.0 22.91228559532712 1.8184906 98.76048163901308 6.7209175321567365 3.2865296159796404 0.24989697665481939 4.1841419359420025 174.2225377587339 10.651843186704559 3.7326608737720504 8.439328347047052 12.73601067432701 False
325 2448.8767230285775 2212.413471386006 214.93863303766037 52.922348298911764 2447 2450 2210 2217 24.0 2.078392980997959 0.8890683957052368 -83.10635163870822 0.9038889324115558 -0.15551018431055424 0.9964397095153267 0.0 9.769934634751507 2.0390997 61.17232577470441 7.925159859549033 3.1378168198278242 0.34263263115620135 2.763953195770684 91.74154289127401 13.173586587851895 3.2253670441130926 7.017623579205819 8.726320158915152 False
326 9392.763374813214 2212.566123744682 214.87650060711073 52.87825990913609 9390 9396 2210 2216 37.0 1.9129600262704631 1.4368058357859137 42.37272783282022 0.6601994170995479 0.08072510372678453 0.5197066986709317 0.0 10.333513833672807 1.5164812 72.08074914622958 6.5448070468034 3.486498945512978 0.21057749362251887 3.431831258788849 126.0409312174686 10.430459138752873 4.218515706382148 7.839965577684295 11.733159655658223 False
327 3265.869029300168 2219.8344509390135 214.9312382758236 52.91720268251688 3258 3274 2211 2229 247.0 3.176332513997013 2.5337410737798995 82.05172592802445 0.6030625509842049 -0.12167319682936636 6.154607491546164 0.0 207.98249612010875 3.9692225 220.552457739503 4.869368708825016 1.5602149186150498 0.6035725053271708 8.866935315394846 236.80825782369274 7.627908435373612 1.6885847808235277 3.3273996685078124 5.825512007445927 False
328 6200.465202440621 2222.66649491457 214.90494188480602 52.89858750323385 6188 6212 2211 2233 440.0 4.021915705590661 3.3907291105752577 -24.020436015231212 0.53781450966399 -0.1771523695541655 12.754877102219325 0.0 549.3851371482649 5.5020857 601.5757790377168 7.200308147594188 1.717680898986012 0.6254367798811727 11.834540545406394 675.3546379863465 11.091758838639993 1.9744919206642917 4.098008499064003 8.347159833151819 False
329 8303.121321687333 2215.0889109318973 214.88621534073582 52.88519419837904 8300 8307 2211 2220 64.0 2.400307333496108 1.7362736132025904 -83.2762071381884 0.6904766213882094 -0.059397650456590095 0.8173747132706455 0.0 24.093552157262337 2.4658442 57.274957243694224 7.7712460459571755 2.743758598285567 0.3183206368676859 4.51351666838205 56.56000002822503 12.709210995826322 2.607672485062782 5.219553525701628 8.207435038321583 False
330 3764.3302352684764 2219.854471157661 214.9267749166257 52.91403868955605 3759 3770 2214 2225 119.0 1.926171091784232 1.7715830463389428 -16.525636752242757 0.39252028755144225 -0.2418312634596355 6.095152933537004 0.0 69.53721747474636 2.9128265 71.25131727821105 3.247212393192309 1.5028957814072992 0.671712556969035 6.154581744998688 77.98009332310968 5.087466046168618 0.9414274755724144 1.7809000787671854 3.583829802611837 False
331 3841.51061492212 2216.294980210209 214.92612138370035 52.91352953658903 3840 3843 2214 2218 17.0 1.0607819500478188 0.9257197682341154 -87.28848502226572 0.4882983218961148 0.15069782131442733 2.408964395101918 0.0 20.151935254502316 1.2404239 33.4716460723662 2.6899859383961653 2.2854227704527696 0.3001822918331631 2.326213245840639 35.55877877392443 4.161816385214698 1.0204782660928493 1.9462017251782595 3.4841181092613183 False
332 6613.9133630084625 2217.7264529027298 214.90129506040148 52.89593557412001 6612 6615 2215 2220 19.0 1.4470491655549054 0.8624959015839734 -74.7019170082416 0.8029564265738564 0.15781471599328184 0.686383731777251 0.0 8.068311665032164 1.1293488 29.34517669174393 3.816628461882236 3.1090692924319963 0.21911932637894496 2.4592453796829674 35.16042675041861 6.010427383021694 1.9629094923220092 3.9668405479619686 6.610732397569569 False
