outputs/dr0.5_c0.1/nircam1_detect_f277w_f356w__dr0.5_c0.1.ecsv
# %ECSV 1.0
# ---
# datatype:
# - {name: label, datatype: int64}
# - {name: xcentroid, datatype: float64}
# - {name: ycentroid, datatype: float64}
# - {name: sky_centroid.ra, unit: deg, datatype: float64}
# - {name: sky_centroid.dec, unit: deg, datatype: float64}
# - {name: bbox_xmin, datatype: int64}
# - {name: bbox_xmax, datatype: int64}
# - {name: bbox_ymin, datatype: int64}
# - {name: bbox_ymax, datatype: int64}
# - {name: area, unit: pix2, datatype: float64}
# - {name: semimajor_sigma, unit: pix, datatype: float64}
# - {name: semiminor_sigma, unit: pix, datatype: float64}
# - {name: orientation, unit: deg, datatype: float64}
# - {name: eccentricity, datatype: float64}
# - {name: min_value, datatype: float64}
# - {name: max_value, datatype: float64}
# - {name: local_background, datatype: float64}
# - {name: segment_flux, datatype: float64}
# - {name: segment_fluxerr, datatype: float32}
# - {name: kron_flux, datatype: float64}
# - {name: kron_fluxerr, datatype: float64}
# - {name: near_border, datatype: bool}
# - {name: detmap, datatype: int32}
# meta:
#   __serialized_columns__:
#     area:
#       __class__: astropy.units.quantity.Quantity
#       unit: !astropy.units.Unit {unit: pix2}
#       value: !astropy.table.SerializedColumn {name: area}
#     eccentricity:
#       __class__: astropy.units.quantity.Quantity
#       unit: !astropy.units.Unit {unit: ''}
#       value: !astropy.table.SerializedColumn {name: eccentricity}
#     orientation:
#       __class__: astropy.units.quantity.Quantity
#       unit: &id001 !astropy.units.Unit {unit: deg}
#       value: !astropy.table.SerializedColumn {name: orientation}
#     semimajor_sigma:
#       __class__: astropy.units.quantity.Quantity
#       unit: !astropy.units.Unit {unit: pix}
#       value: !astropy.table.SerializedColumn {name: semimajor_sigma}
#     semiminor_sigma:
#       __class__: astropy.units.quantity.Quantity
#       unit: !astropy.units.Unit {unit: pix}
#       value: !astropy.table.SerializedColumn {name: semiminor_sigma}
#     sky_centroid:
#       __class__: astropy.coordinates.sky_coordinate.SkyCoord
#       dec: !astropy.table.SerializedColumn
#         __class__: astropy.coordinates.angles.Latitude
#         unit: *id001
#         value: !astropy.table.SerializedColumn {name: sky_centroid.dec}
#       frame: icrs
#       ra: !astropy.table.SerializedColumn
#         __class__: astropy.coordinates.angles.Longitude
#         unit: *id001
#         value: !astropy.table.SerializedColumn {name: sky_centroid.ra}
#         wrap_angle: !astropy.coordinates.Angle
#           unit: *id001
#           value: 360.0
#       representation_type: spherical
#   astropy version: '5.1'
#   make_catalog parameters:
#     ab_zpt: 31.4
#     coadd_bands: !!python/tuple [f277w, f356w]
#     deblend_contrast: 0.001
#     deblend_nlevels: 32
#     deblend_npixels: 1
#     detect_kernel_fwhm: 4.0
#     detect_kernel_npix: 7
#     detect_npixels: 4
#     detect_threshold_nsigma: 3.0
#     flag_isolated_buffer: 4
#     hst_bands: !!python/tuple [f606w, f814w, f125w, f140w, f160w]
#     jwst_bands: !!python/tuple [f115w, f150w, f200w, f277w, f356w, f410m, f444w]
#     near_border_kernelsize: 21
#     reference_band: f200w
#   make_catalog version: 1.4.0
#   photutils version: 1.5.0
# schema: astropy-2.0
label xcentroid ycentroid sky_centroid.ra sky_centroid.dec bbox_xmin bbox_xmax bbox_ymin bbox_ymax area semimajor_sigma semiminor_sigma orientation eccentricity min_value max_value local_background segment_flux segment_fluxerr kron_flux kron_fluxerr near_border detmap
[from data line 328]
329 10310.744297016428 550.8887666698155 214.95792453046627 52.93582634968441 10309 10313 549 553 18.0 1.251163947500601 1.0976651299802158 -64.32897518189844 0.479914644796207 0.5325844362692684 0.6463612751241522 0.0 10.54665679010386 0.77204734 83.18327940308103 3.2416968028428235 False 2
330 8273.627648153491 551.6431311040981 214.97617918909768 52.94875564335412 8272 8275 550 553 13.0 1.0504773078906233 0.9055969245438139 45.70858306076371 0.5067698675837425 0.2425289072476011 0.3138883633905588 0.0 3.548825224417764 0.28490558 17.090644386972933 1.0880207438696914 False 258
331 10025.954306390968 554.1220168193706 214.96044295607877 52.93765093702756 10024 10028 550 558 40.0 2.2896766241433064 1.2762575373662328 87.62854421255584 0.8302464927400491 0.23385108175980254 0.36073068180598744 0.0 11.671351626406256 0.49127358 38.2669228709001 1.707797001360454 False 258
332 6346.746349731373 556.6410142084129 214.9934109292919 52.961005850425956 6345 6348 555 559 15.0 1.1695815119376345 0.9745468787334506 84.13504999255568 0.552905319184631 0.22223026952666394 0.28591299917668195 0.0 3.7980904998531555 0.28222194 23.610301145970098 1.143229805889431 False 264
333 6961.917463671846 559.0021303016025 214.9878668471096 52.95711653737411 6959 6965 556 562 41.0 1.974072851942021 1.498398848635333 42.209416041142525 0.6510448232330296 0.21349419973511688 0.36795549105006053 0.0 11.555641091291307 0.45797902 28.15465048245833 1.3924337764980537 False 264
334 1270.7562029405487 560.3865350217214 215.03895040789467 52.99321361715462 1269 1273 557 563 26.0 1.7187892054190042 1.1539609663208736 -77.34954746420225 0.7411131391307989 0.20798677349848133 0.27154374931069925 0.0 6.245026453043617 0.35711843 27.914710610480086 1.4012530082835715 False 528
335 10093.173811980194 560.7454206784117 214.95977073885896 52.93726018192703 10090 10096 557 565 47.0 2.000134627906057 1.7154829295036322 81.9322528439712 0.5141776134225635 0.22980834663049513 0.4219794154091721 0.0 14.50531850055913 0.5371489 91.17872018904374 2.1710073837500863 False 258
336 3682.664895373958 564.7701135939511 215.0172385142407 52.97794528072096 3678 3687 558 572 105.0 3.3575681554535772 2.1021975920378555 75.45161809988629 0.779736991438241 0.21432459596661227 0.5579184189312316 0.0 36.84277059438433 0.75946915 90.08176588957599 2.3224661278792023 False 576
337 6409.512608274639 559.8653680873773 214.9928138019551 52.96062515821907 6408 6411 558 562 15.0 1.1220904636688487 0.9956312225459034 74.51828462348439 0.4611920965659547 0.21558832712457074 0.2843759277262419 0.0 3.696618185813559 0.2754343 13.138764994098164 0.9864956985354763 False 264
338 456.9019023824652 562.4367315161592 215.04624296636175 52.998383827221 455 459 560 565 27.0 1.6638300942869833 1.218490888812227 -65.94413653693708 0.6809381420272352 0.21556005900000355 0.2932720255767136 0.0 6.91617504126169 0.36581394 25.79419016514052 1.3422827703838534 False 528
339 6188.8380019028045 565.4532109010853 214.99473502481078 52.962055061487554 6182 6196 560 571 125.0 3.574775957411879 2.253254256530176 -23.734447944055834 0.776335093515603 0.21239759741227057 0.7737596075234267 0.0 49.989706466873336 0.8200862 101.42065226199553 2.320811596783633 False 264
340 9133.055500208213 562.6638087756874 214.9683571184098 52.94336257815784 9130 9136 560 565 28.0 1.9167110232780178 1.1347637856187325 -36.16453616370328 0.8059108057046088 0.2221514139720376 0.29902713740775455 0.0 7.227291915106237 0.4014526 38.9827600925621 1.592805928297931 False 258
341 10082.493382612529 564.5896394910395 214.9598259917829 52.937348719358 10077 10089 560 569 107.0 3.018355038431622 2.2209846210936393 18.498971114707043 0.6771704739057434 0.23027088378329755 0.8642982533679134 0.0 47.387769688672925 0.8055856 107.88781351500685 2.387546842444034 False 258
342 4379.994886948803 564.9994639970294 215.01097496212267 52.973524550391964 4379 4381 564 566 9.0 0.81172939867726 0.8065004771166789 -68.18101443257991 0.11332217351731297 0.21477615970010702 0.24271325786518924 0.0 2.0354684946458415 0.21295278 15.04010935264144 0.8921974488868637 False 576
343 1682.3590591355253 574.1142871786325 215.03510739224492 52.990678490743704 1678 1687 565 582 149.0 4.095996648888893 2.357908206400744 -84.48865402917822 0.8176879966776974 0.2101918389136689 0.6850008344705275 0.0 58.894751537440214 0.89158666 98.55043123965335 2.16074437181854 False 528
344 9905.417084145525 570.2689695805991 214.9613533453417 52.938503009258675 9900 9910 565 575 90.0 2.4179901315631365 2.3332301664915827 -38.57675601418653 0.26244810681261505 0.23825509165980696 0.8641548887777885 0.0 41.411591542054865 0.7694129 135.84950126979518 2.498571549029596 False 258
345 828.695203503017 571.2149500544082 215.04280896839978 52.99607452318768 824 833 567 575 74.0 2.2717559689355906 2.108348949755997 1.5175986485772928 0.37240536832490384 0.22803555272975423 0.7160831777354429 0.0 30.67910634355505 0.64693826 48.803018214266004 1.4537076890352418 False 528
346 1802.498810747199 574.4745997440448 215.03402417315797 52.98991878566848 1799 1807 568 582 109.0 3.4619866426037906 2.143542240066938 -85.76460774384722 0.7852606221813752 0.21699763415148152 0.5997692702405193 0.0 40.79557635807986 0.85416436 94.1502982786188 2.3931966695096256 False 528
347 2560.634821469106 571.3669785798146 215.0272461229131 52.98509537379869 2558 2564 568 574 37.0 1.7796010476837716 1.484163297950099 -51.10004291727317 0.5517848059547946 0.22672854663341596 0.4245627506135001 0.0 11.863570047195582 0.4710551 26.683298314602304 1.2847033050128138 False 576
348 3193.672970090414 577.301586130582 215.02149782741853 52.98111368214137 3190 3197 568 585 115.0 4.19930035956974 1.8435889833959227 -83.21056277519341 0.8984758768669108 0.2205810285465844 0.6372378723072379 0.0 44.15044251278362 0.78991383 79.2745315781734 2.070617946622125 False 576
349 6026.573091577276 572.7729543591628 214.99611399387948 52.96312382315044 6024 6029 569 576 29.0 2.127826782503186 1.0769547460008468 57.04668933796842 0.8624578139471734 0.49113041012384184 0.6272177649009966 0.0 16.298049049583057 0.9194266 94.15777938623592 3.634885593614151 False 8
350 248.7529134890543 585.5214047375869 215.04787074845643 52.99982811440674 238 260 570 600 534.0 5.850510879529798 3.824622675477411 64.31176086445299 0.7567325776455122 0.20759164152058693 4.871518997755012 0.0 478.5556128332378 1.8543568 666.6199387322029 3.532761861390734 False 528
351 7460.74161494872 575.4152964816658 214.9832193787521 52.95404096581891 7455 7467 572 579 82.0 2.9429456013052264 1.885572533698179 -6.3543114572167285 0.7677835820039839 0.2170871028354624 0.5430474390958816 0.0 28.732399675917875 0.6731582 57.14888055016809 1.799143514983654 False 264
352 9933.062207119605 582.5638231694165 214.96097610645327 52.938394008478355 9924 9942 574 590 254.0 3.9875670962979433 3.488800089020673 -18.028045774042738 0.48426843966582733 0.2319046659359874 1.6135012304694982 0.0 159.57363849829005 1.3110108 247.4291567852665 2.985881498811827 False 258
353 1569.0026684529334 577.4165842716043 215.03609112431724 52.991414991357125 1567 1571 576 579 14.0 1.0431719638996455 1.032963764216441 6.776717502164774 0.1395553669313147 0.22812426177354553 0.28130315149415885 0.0 3.5294844917122035 0.27949095 22.163906101503333 1.1608836171129153 False 528
354 2248.66002007328 578.7654711741347 215.02997067255032 52.98711336187451 2246 2251 576 581 25.0 1.4058349339111034 1.2512563224207272 31.822670898123196 0.45587272088631603 0.2277336136725914 0.4443325867036488 0.0 8.166022423413285 0.38796705 16.13313148199198 0.9767185915079942 False 528
355 2476.117507761092 585.1784577341152 215.0278598573603 52.98570592542322 2468 2484 577 593 216.0 3.6203062628308462 2.928781860850504 -43.96312140093737 0.5878260935103264 0.21088202326702918 2.314095117769075 0.0 166.25251787979903 1.1018028 207.93312082768477 1.996293378442931 False 576
356 7912.64971568727 611.2538848706714 214.9787887934831 52.95136781091965 7883 7942 577 653 3297.0 14.272033037006867 10.970935330637428 83.3757583332679 0.6396075161925343 0.21580367053028868 5.78035268680622 0.0 3011.6324551785724 4.5897613 3305.776081265468 6.305343504141974 False 264
357 724.1777944596245 581.4443063362604 215.04364055491632 52.99679239881464 723 726 580 583 11.0 1.110565931197872 0.7492543015342605 -48.78915341276649 0.7381287269654279 0.22299379467411223 0.26308954293940917 0.0 2.676859078197424 0.25051904 20.614823209298578 1.0491787258791554 False 528
358 3094.14720741908 588.2595176675001 215.0222762700385 52.981803997384276 3087 3102 581 595 160.0 3.9879217384864094 2.8445279152961915 -41.59320195861792 0.7008732974402423 0.20608962299052114 0.5921177290748666 0.0 54.773193550639704 0.94007266 110.19692434723518 2.601982045529073 False 576
359 220.81799682441235 584.6103825857978 215.04813144250062 53.000000257450466 219 223 582 587 27.0 1.5407679079798384 1.3175090861584675 81.8980990318216 0.5184647650673859 0.25047759765361666 0.37124297995230976 0.0 8.385450293813212 0.45870483 44.275764983794915 1.7118874856911308 False 528
360 496.38700239293877 583.3656234578086 215.04566763636598 52.998246749255514 495 498 582 585 13.0 1.072508860571477 0.9129911089089737 43.901842661279645 0.5247332247290895 0.20927004337683075 0.2344970655115743 0.0 2.8995902560133024 0.25118908 27.628610861719626 1.122520005071856 False 528
361 950.6250836350034 585.3655839905024 215.04156414670229 52.995378132952375 948 953 583 588 26.0 1.471576214758228 1.2981010756191242 -49.175247952108364 0.47103203827439344 0.21075586571792412 0.31555410496829006 0.0 6.786745787932218 0.35886684 24.572011492890958 1.311582148254136 False 528
362 1987.8820871347218 586.9505404892307 215.03222723102215 52.988810958385734 1984 1991 583 591 57.0 2.243344648991324 1.7328256176556915 61.40477090840494 0.6351005002510299 0.23007006236312277 0.5446345836561501 0.0 20.357449837469733 0.5793514 40.93281977887683 1.5259923128040545 False 528
363 2585.422926892847 589.4536716632117 215.0268329782275 52.985036017692565 2579 2592 584 594 115.0 3.1135208227620903 2.156915042820996 18.590247493603215 0.7211705646032607 0.20969304096538025 1.0787207047625453 0.0 57.002685092569706 0.7810049 80.1648369546747 1.607129226275688 False 576
364 6725.124043555682 590.6314659025177 214.98965814682944 52.95878950484368 6716 6734 584 597 209.0 4.051207557344139 2.9305364887129857 -11.1761622292221 0.6904568580415427 0.21210967429615946 1.2504659399554594 0.0 115.36862157521429 1.0967995 157.45645214199317 2.1726292683760837 False 264
365 3291.1732356126527 587.7831957217973 215.0205118110112 52.98055213221662 3289 3293 586 590 21.0 1.2784249040664954 1.2094102503953896 -16.087064969746017 0.3241203016493044 0.22937304088466962 0.35716960195252906 0.0 6.164586275595772 0.36912638 23.87258884635473 1.2688644792313843 False 576
366 1565.5375214505914 597.2123921351383 215.0359137665467 52.99154402516273 1558 1573 588 606 230.0 3.883134360469586 2.9134893090588823 -67.0749375853241 0.661105220520325 0.21456754595350552 2.3811820225526072 0.0 190.1305926345044 1.1488696 227.3651125734204 1.9887428327738133 False 528
367 3767.3237519682166 591.7186949240009 215.01619451553213 52.977554157603684 3763 3772 588 596 70.0 2.145617112560773 1.9793580323557487 26.815669031825756 0.38596784982266463 0.21775489706965173 0.9043630576712041 0.0 33.089150493159444 0.63286924 47.9657642158525 1.3168377054092346 False 576
368 7523.82183372411 589.1649897513703 214.98250879230528 52.953715107536446 7523 7525 588 590 6.0 0.7743552898417082 0.5748944364553588 -44.83398821783526 0.6699381910445805 0.22172493216640146 0.24275648248509396 0.0 1.3882902683766418 0.18315491 13.68657984733846 0.7926884112208061 False 264
369 2955.984625397194 590.4509201712444 215.0234940792767 52.982691883577274 2954 2958 589 592 16.0 1.1925079759792523 0.9850654876496664 -0.921901823124225 0.5636038769803138 0.21794699459615244 0.29721216001081535 0.0 4.085477701643217 0.29436862 18.723484412074164 1.1159824760461046 False 576
370 9498.664097933912 591.3515911600826 214.96477744006452 52.94119781283207 9497 9501 589 594 23.0 1.4434974274691492 1.1811417518148506 73.44217253464312 0.5748625558746923 0.2348116063106081 0.38132206919083783 0.0 7.10352506127078 0.3956051 25.64270777761847 1.337718312091136 False 258
371 3980.092471829955 599.2068799439697 215.01420517775045 52.97624543391756 3967 3991 591 608 343.0 4.779350231654983 3.081262971458446 -20.268196354532055 0.7644328790500545 0.21007173174448082 5.024768304776642 0.0 384.47786021871525 1.4656017 422.21206062729397 2.0691370499824915 False 576
372 7702.673827995422 596.8455562502213 214.98082373896784 52.952622018792 7698 7708 591 604 119.0 3.2137707880881843 2.33309817755941 -59.551355440362975 0.6877273552243773 0.22140934735924903 0.8440054534692222 0.0 52.29434024886831 0.84271705 86.20124621243198 1.965803429358499 False 264
373 10268.407810257808 591.7780970027925 214.95787346055153 52.93631586766187 10268 10269 591 593 5.0 0.7641774362821535 0.4504446139375272 -71.44160687231367 0.8078046494960348 0.26350307659697886 0.2905359081921432 0.0 1.4140057349088717 0.19239654 15.415303727143367 0.9094314425189917 False 258
374 2854.3356740246277 595.3436906061947 215.02435552832935 52.98336285039974 2851 2858 592 599 47.0 1.8895345772121308 1.6817636159547202 22.36935480029623 0.45588010321746475 0.22569660931277027 0.5619946600490474 0.0 17.111504113470186 0.5206504 33.38296622212394 1.3764758042041416 False 576
375 296.57365848776556 595.7716417073917 215.04733294431213 52.99958044030518 294 299 594 598 23.0 1.4678141075789217 1.1884199549238965 10.095274501229715 0.5869090004713304 0.21707181616216306 0.28056604556643705 0.0 5.78159117706401 0.36111507 39.7642585058929 1.4692133554365419 False 528
376 7217.755888806022 596.5558358928432 214.98517636460818 52.95569660276346 7216 7220 594 599 27.0 1.5958390759977867 1.2715409321536075 82.91663933706455 0.6042626665683255 0.23792953226425936 0.3285993320459583 0.0 7.590312040917947 0.41396946 26.38980502656493 1.3880592103096954 False 264
377 1507.818318061513 596.1783176349524 215.03644328025715 52.99190434949249 1507 1509 595 597 6.0 0.7752040379702061 0.5735140987862443 -45.73370179191627 0.6728010957479068 0.22302483591641364 0.24771380441758908 0.0 1.426112013032524 0.18347387 13.0430546461436 0.7827374218863453 False 528
378 2595.0165791032273 597.8632091468774 215.02665823599133 52.98502066712894 2593 2597 596 600 19.0 1.4116392992169922 0.9987548423820922 39.874204857943084 0.7066991325220127 0.21828805810907875 0.3086017499436989 0.0 4.837136050290753 0.32391003 19.098947536979104 1.1528017801971722 False 576
379 4275.757607953849 600.0763401734507 215.01154140360774 52.97437520923287 4272 4279 597 603 40.0 1.9931544114338464 1.4127841681908109 -38.64373092839728 0.7053911869751993 0.22713784838199827 0.4437410860239826 0.0 12.73852468952632 0.48358876 28.42371416988361 1.3168048906737988 False 576
380 9247.34268596024 599.5720296746941 214.9669439077134 52.94283684404262 9244 9251 597 602 36.0 1.8189880650981538 1.4255140240243245 22.16872986008605 0.6211581993772248 0.2306595211253036 0.4036956488356941 0.0 11.140999214843927 0.45980102 38.441718130572816 1.6536842432611347 False 258
381 3146.817471556812 604.980020519892 215.02162713993906 52.9815604440456 3131 3158 598 612 302.0 5.511668302158557 2.818165152536166 13.138659175349542 0.8593969926683221 0.2108905174502225 2.659783284339668 0.0 216.14242739417006 1.3516062 270.63011776245287 2.400235136065514 False 576
