outputs/dr0.5_c0.1/nircam2_matched_f606w_f277w_dr0.5_c0.1.ecsv
# %ECSV 1.0
# ---
# datatype:
# - {name: label, datatype: int64}
# - {name: xcentroid, datatype: float64}
# - {name: ycentroid, datatype: float64}
# - {name: sky_centroid.ra, unit: deg, datatype: float64}
# - {name: sky_centroid.dec, unit: deg, datatype: float64}
# - {name: bbox_xmin, datatype: int64}
# - {name: bbox_xmax, datatype: int64}
# - {name: bbox_ymin, datatype: int64}
# - {name: bbox_ymax, datatype: int64}
# - {name: area, unit: pix2, datatype: float64}
# - {name: semimajor_sigma, unit: pix, datatype: float64}
# - {name: semiminor_sigma, unit: pix, datatype: float64}
# - {name: orientation, unit: deg, datatype: float64}
# - {name: eccentricity, datatype: float64}
# - {name: min_value, datatype: float64}
# - {name: max_value, datatype: float64}
# - {name: local_background, datatype: float64}
# - {name: segment_flux, datatype: float64}
# - {name: segment_fluxerr, datatype: float32}
# - {name: kron_flux, datatype: float64}
# - {name: kron_fluxerr, datatype: float64}
# - {name: kron_radius, unit: pix, datatype: float64}
# - {name: gini, datatype: float64}
# - {name: equivalent_radius, unit: pix, datatype: float64}
# - {name: kron4_2_flux, datatype: float64}
# - {name: kron4_2_fluxerr, datatype: float64}
# - {name: kron4_2_mag, datatype: float64}
# meta:
#   PHOTMJSR: 0.3925000131130219
#   PIXAR_SR: 2.11539874851881e-14
#   __serialized_columns__:
#     area:
#       __class__: astropy.units.quantity.Quantity
#       unit: !astropy.units.Unit {unit: pix2}
#       value: !astropy.table.SerializedColumn {name: area}
#     eccentricity:
#       __class__: astropy.units.quantity.Quantity
#       unit: !astropy.units.Unit {unit: ''}
#       value: !astropy.table.SerializedColumn {name: eccentricity}
#     equivalent_radius:
#       __class__: astropy.units.quantity.Quantity
#       unit: !astropy.units.Unit {unit: pix}
#       value: !astropy.table.SerializedColumn {name: equivalent_radius}
#     kron_radius:
#       __class__: astropy.units.quantity.Quantity
#       unit: !astropy.units.Unit {unit: pix}
#       value: !astropy.table.SerializedColumn {name: kron_radius}
#     orientation:
#       __class__: astropy.units.quantity.Quantity
#       unit: &id001 !astropy.units.Unit {unit: deg}
#       value: !astropy.table.SerializedColumn {name: orientation}
#     semimajor_sigma:
#       __class__: astropy.units.quantity.Quantity
#       unit: !astropy.units.Unit {unit: pix}
#       value: !astropy.table.SerializedColumn {name: semimajor_sigma}
#     semiminor_sigma:
#       __class__: astropy.units.quantity.Quantity
#       unit: !astropy.units.Unit {unit: pix}
#       value: !astropy.table.SerializedColumn {name: semiminor_sigma}
#     sky_centroid:
#       __class__: astropy.coordinates.sky_coordinate.SkyCoord
#       dec: !astropy.table.SerializedColumn
#         __class__: astropy.coordinates.angles.Latitude
#         unit: *id001
#         value: !astropy.table.SerializedColumn {name: sky_centroid.dec}
#       frame: icrs
#       ra: !astropy.table.SerializedColumn
#         __class__: astropy.coordinates.angles.Longitude
#         unit: *id001
#         value: !astropy.table.SerializedColumn {name: sky_centroid.ra}
#         wrap_angle: !astropy.coordinates.Angle
#           unit: *id001
#           value: 360.0
#       representation_type: spherical
#   astropy version: '5.1'
#   kernelfile: kernel_f606w_f277w.fits
#   make_catalog parameters:
#     ab_zpt: 31.4
#     coadd_bands: !!python/tuple [f277w, f356w]
#     deblend_contrast: 0.001
#     deblend_nlevels: 32
#     deblend_npixels: 1
#     detect_kernel_fwhm: 4.0
#     detect_kernel_npix: 7
#     detect_npixels: 4
#     detect_threshold_nsigma: 3.0
#     flag_isolated_buffer: 4
#     hst_bands: !!python/tuple [f606w, f814w, f125w, f140w, f160w]
#     jwst_bands: !!python/tuple [f115w, f150w, f200w, f277w, f356w, f410m, f444w]
#     near_border_kernelsize: 21
#     reference_band: f200w
#   make_catalog version: 1.4.0
#   photutils version: 1.5.0
# schema: astropy-2.0
label xcentroid ycentroid sky_centroid.ra sky_centroid.dec bbox_xmin bbox_xmax bbox_ymin bbox_ymax area semimajor_sigma semiminor_sigma orientation eccentricity min_value max_value local_background segment_flux segment_fluxerr kron_flux kron_fluxerr kron_radius gini equivalent_radius kron4_2_flux kron4_2_fluxerr kron4_2_mag
[from data line 3295]
3296 1514.56931212703 5545.728253492648 214.91189490319925 52.94627506353487 1513 1516 5542 5548 22.0 1.3667298121084264 0.684640565083347 63.86476538095881 0.865485853672706 -0.080363512612046 0.2912043217268063 0.0 2.2956300117975217 1.2595422 5.463548481938704 3.1000219816005834 2.8059507553485825 0.47251287581997403 2.6462837142006137 14.302916818418689 4.928248880741846 28.511438467706384
3297 8463.009604031815 5545.786703155532 214.84971565026044 52.90214334092668 8460 8467 5542 5550 48.0 1.853914104448901 1.4822296293999009 -58.69728521727829 0.6006479218985074 -0.049759625398689666 0.5360828543666349 0.0 11.236107028259475 2.0635192 17.793176952799374 4.531929498818003 2.106083934090378 0.33049070398636354 3.9088200952233594 18.418198930200884 7.273452545526666 28.236882101596358
3298 4053.6571925268872 5547.095673853142 214.8891446050301 52.930159565036234 4051 4057 5543 5554 62.0 1.7622387288948418 1.2485901753776978 15.467075138136952 0.7056857235820003 -0.2677299960236262 0.19116222975042374 0.0 -0.6484506896134414 2.3264809 0.8462364849349544 2.6951580372772157 1.4 -0.5762319494475318 4.442433223290478 -0.9302645910162655 4.192306432866154 nan
3299 8105.708921789928 5548.009431210604 214.85288648265237 52.904425466082294 8104 8109 5546 5550 26.0 1.2157412698764118 1.1473215648377608 -28.525558535427553 0.3307402680851904 -0.10789411296101324 0.4956921380656151 0.0 6.227006726027173 1.4826888 7.896144439598169 2.1027398631702208 1.4 0.34966516574100814 2.876813695875796 6.223993070931781 3.3271724755650642 29.414827248777346
3300 1038.5957206905848 5553.767759149782 214.91607410982422 52.94934034467919 1035 1043 5548 5559 85.0 2.9812243528605857 1.8808159242835594 79.83775996312444 0.7758746634312788 0.12254068739955247 0.6892327173638211 0.0 32.957215417175796 2.1463637 165.07228103909597 8.133568782852608 3.3671183013804247 0.21771886352391742 5.201570947860099 320.6881406498861 12.830524650069766 25.134792750986087
3301 2951.6480295694564 5553.9310500961565 214.8989382895574 52.937194603050166 2946 2959 5548 5558 113.0 3.351536432475674 1.9643154894128154 -25.984765656246132 0.8102430436252636 -0.1701262161664202 0.6517925209203785 0.0 25.617662668020557 2.7568867 41.22029939895573 7.059540028341106 2.435130158744457 0.3931696955025792 5.997417539138688 49.7767712934935 11.210074989926687 27.157433191922756
3302 2884.375854618333 5555.925043557045 214.89951963555635 52.937632539678816 2881 2889 5550 5561 73.0 2.840946255716711 1.6286547676421146 -60.34604984511721 0.81936024600461 0.08425581530753606 0.641223349030499 0.0 20.79400776064299 2.110168 33.276981846809875 5.79431657876636 2.41245573058661 0.26077445564441115 4.820437914901168 50.801948252267536 9.219321838014562 27.13529908056064
3303 6107.0 5550.115138971057 214.87073880073487 52.91713420335867 6105 6108 5550 5555 18.0 0.43036649699325086 0.28867513459481287 90.0 0.741669211912288 -0.11367196992141844 0.015814783159042552 0.0 -0.7676888321390016 1.0660522 0.16494243760531396 1.0322381707720887 2.574852694656257 -0.48716789299140256 2.393653682408596 -0.41587868511662957 1.6532224922108756 nan
3304 6259.114913690395 5557.177325735316 214.8693036677075 52.91620603579949 6251 6265 5551 5563 139.0 3.072400617321059 1.8810548758438854 -39.04981345863381 0.7906698841929868 -0.1379615334389541 0.782262882656394 0.0 20.53053874394601 2.9476087 25.05941504808595 3.996587290762908 1.492602630324637 0.5769572242742713 6.651697090182843 24.72362167243314 6.35264554063844 27.9172197768034
3305 2748.320637845316 5569.838148079516 214.90059131849355 52.93857155990008 2732 2759 5552 5585 610.0 7.138365790985478 4.14655356189708 -78.43006207261953 0.8139872413049184 -0.1596889620258446 1.7526932577562913 0.0 174.60543620791975 6.223014 250.55539789299377 13.397792166599237 2.2287590547649416 0.5217248029942606 13.934454799959427 308.98624759240084 21.407497443347424 25.175152124477115
3306 3508.904669317984 5552.771775951776 214.89396128442118 52.93364966878951 3508 3510 5552 5554 9.0 0.8594663240684469 0.6892542826659056 -54.71603769532866 0.5973829373682181 0.02888543088598241 0.2809725274699049 0.0 1.5743135208580532 1.0485924 11.632725083206434 3.951046032668759 3.451541297945843 0.24996714209295998 1.692568750643269 14.626088866425974 6.332630047458322 28.48717948045166
3307 3158.6831747620436 5556.5713274053605 214.89705675350635 52.93589416521107 3156 3161 5554 5558 22.0 1.4924450265186686 1.0782160322789438 -8.715272221184298 0.6914237822683632 0.2573141091278201 0.6348373555764756 0.0 9.24305640758871 1.2050806 38.40081619613382 4.445097143314106 3.1205192147670244 0.15456919088052448 2.6462837142006137 48.010056204372 7.057304499558091 27.1966694640276
3308 954.8473217301224 5560.015520355376 214.91675858255934 52.94990576070604 945 964 5555 5566 161.0 4.951599742481249 2.6275144314012646 11.23172654122556 0.8475976149005489 -0.24339223724336098 0.37658944851362164 0.0 11.540486320120891 3.273343 211.1919041742076 15.989777959053775 3.9726872426272086 0.43793314790254834 7.158763278359629 508.90052432604193 25.30753846845859 24.63341775416973
3309 8726.940130309273 5570.332354380497 214.8470977870768 52.90059872834646 8709 8741 5557 5585 671.0 6.282211148105586 4.344448489381548 22.613647954479948 0.7223308234285242 -0.17613719311536383 1.1488215330351017 0.0 81.00082196462125 6.6000047 89.7618444188661 8.254627039415416 1.4 0.6295251554264378 14.614579488624488 90.04800076363502 13.279747448048262 26.513814812246036
3310 10302.164092549106 5558.50821742698 214.83314501458074 52.89052533892124 10301 10303 5558 5559 6.0 0.7828819077674171 0.4960980320297307 5.856755823947962 0.7735937895374828 0.28964349390170196 0.6323070945776543 0.0 2.840680305018293 0.6589035 16.981285780340542 2.5974951674994604 3.569846842655894 0.1510005843080178 1.381976597885342 29.164362485031138 4.080474933310724 27.73786878134903
3311 nan nan nan nan 924 927 5559 5560 6.0 nan nan nan nan -0.15085911554237488 -0.0670601712013105 0.0 -0.6364579415156377 0.6387301 nan nan nan -0.1791856713558992 1.381976597885342 nan nan nan
3312 6226.358433809962 5566.021753016208 214.86950351005464 52.91646181746156 6221 6233 5561 5571 115.0 2.4946412295556004 2.1964250242165084 9.306677941566338 0.4741254931680287 -0.2746811642642624 0.6792315741698448 0.0 19.84265352538403 2.683325 24.492003460283783 3.624927155298876 1.4 0.42755004911270433 6.050259243299904 19.841544569191168 5.789656663138941 28.15606130780254
3313 3071.5273742616973 5563.570332644202 214.8977633592859 52.93648538241469 3070 3073 5562 5565 13.0 1.0250765775534376 0.8685067680800315 19.187453384783282 0.5311777976276945 0.17839053040406874 0.40731293538853935 0.0 3.8506919743531514 0.91671056 7.5718393121390095 2.3574304737333365 2.2539764601898074 0.15727140829560726 2.0342144725641096 9.356173100550997 3.7426019670171886 28.972254379534647
3314 6562.205121461458 5569.459240498623 214.8664631887441 52.91434695056841 6555 6570 5562 5575 166.0 2.658898518246951 2.428763183806799 -37.261238677483085 0.40695744971007136 -0.11118868497364524 1.3966977981866733 0.0 43.47504791334991 3.4253824 46.74953805858266 4.70536831829453 1.5788188604814077 0.5775929091703277 7.269074295019226 49.611254793150806 7.486799218125067 27.16104947106859
3315 7880.856314307578 5569.611459566351 214.8546692665614 52.90597053177445 7871 7889 5562 5576 224.0 3.589856763707155 2.606024056563548 14.088036232178586 0.687757025504583 -0.12639711148949517 1.799098786899867 0.0 70.29300637814154 5.047316 73.88226737473187 7.55335241917677 1.6697072046463493 0.5436891262205257 8.444016491289505 81.68375398191823 11.91872536349107 26.61966077842405
3316 3230.7091841519755 5569.704329670466 214.89627351554776 52.93550765719566 3225 3235 5565 5575 95.0 2.378013060509323 1.9534058548320545 -50.48934487215453 0.5702884012830881 -0.2347583130013318 0.4171428409502045 0.0 9.817950078835896 2.635318 11.088807493436482 3.594436550878673 1.4 0.41556311531183543 5.499039842323396 7.7595410805388605 5.721236931921695 29.17540990822155
3317 1003.8085316423791 5571.163760556614 214.9162024663867 52.949655100480626 1000 1008 5567 5576 68.0 1.9847829077916719 1.809981929065344 47.636040943419275 0.41034708486333205 0.20394110828276704 2.4527668497002804 0.0 61.655741069599124 1.835311 140.2154537484975 5.137206470192379 2.7256093143338833 0.3499970764226317 4.652426491681278 235.37315414901317 8.265302586070833 25.470607682000505
3318 3813.8248559188905 5569.972193891978 214.89105040413338 52.931806091817194 3813 3815 5569 5571 8.0 0.7932706913880843 0.6757526999745744 -29.428215131433607 0.5237754355540009 0.12873760769810572 0.3500935319685426 0.0 2.0342635435605207 0.76717734 6.199249286555199 2.5699915013700005 2.8118741086314136 0.18750908176454656 1.5957691216057308 9.022647857109057 4.0324797495668365 29.01166498070773
3319 7808.123180286791 5577.497887270594 214.85523650316236 52.90647515577605 7804 7812 5574 5581 64.0 2.0256663040222787 1.7330766028897862 32.279100336572796 0.5177056736798854 -0.02428862607968887 0.9340793787260365 0.0 21.135059197590927 3.0756414 49.638679108337946 7.602710303142173 2.620093837281555 0.3993881067087195 4.51351666838205 37.989421263553425 12.029681726554672 27.45084330625269
3320 6736.808298835409 5582.896062921972 214.86475995026316 52.91331025445239 6730 6745 5575 5589 187.0 3.2353245517837355 2.9436491043357824 27.68572770677256 0.414944731452195 -0.056176715918948524 0.970977320922703 0.0 59.82196935358036 3.4099903 74.37764173527756 5.692465842859116 1.6753260202176798 0.4293328041244963 7.715176518808164 76.6807879859345 9.101661336434251 26.688283582201915
3321 8798.37307665641 5582.509800354385 214.84633099807877 52.900210507170655 8793 8803 5575 5589 124.0 3.1529911802330526 2.6317104054101055 -80.5804908478324 0.5507488235931092 -0.21633810587462493 0.1797090700028113 0.0 2.580307379495631 2.8886523 -2.4518865806849623 4.596018564798581 1.4 0.24595707758956872 6.282549314314218 -17.33066940528586 7.312773761686965 nan
3322 3953.7545442231603 5582.048206654858 214.88967059947 52.930982607387264 3949 3959 5577 5587 105.0 2.1569992682979433 2.0989404133449905 34.86665227450217 0.23045278849475145 -0.059556280591519885 2.4434873091263034 0.0 59.859235644011626 2.9006276 81.11775492559266 5.627426708408069 2.102239337669308 0.48673550990977266 5.781222885281108 87.97484806134572 8.991767109050425 26.53910368637191
3323 6334.0526360603235 5590.092385778428 214.86828658858437 52.91590754797095 6324 6345 5578 5602 383.0 5.133215270116168 4.081485688505309 39.45868372380034 0.6064614361524896 -0.07675059013104576 1.2615114021643934 0.0 139.49773536268623 4.980438 180.85460887515416 9.67349005899449 1.9058255164395985 0.3680618339856112 11.041407809169618 195.9996332316282 15.487379088647518 25.669361853313262
3324 3127.3427028422893 5579.944179920228 214.89709109951187 52.93621930750964 3126 3129 5579 5582 14.0 1.1084017289472907 0.878226327827153 10.847207778471521 0.6100852737352899 0.02563774243869135 0.2881232889546834 0.0 2.364084084145534 0.9452166 9.709062603308617 3.4418305486581757 3.1276877671110292 0.23760729565679362 2.111004122822376 18.090584378525026 5.514809726948828 28.256368509844716
3325 4237.5728731312365 5581.152445796654 214.88713960767345 52.92917530512605 4236 4240 5579 5584 26.0 1.42466167318528 1.1783348028396532 45.94307978907597 0.5620577541328644 -0.06003575872309578 0.15112349108117765 0.0 1.5900437057289134 1.3777832 1.4537136903459609 2.2247533850493655 1.4 0.33948931809803384 2.876813695875796 -1.0675632817287566 3.57063581078763 nan
3326 6984.146443271479 5586.409128061235 214.86251083556726 52.911757947922695 6978 6991 5580 5592 141.0 2.5295948428508215 2.1288128630099523 -35.10560438558561 0.5401593198190966 0.03487990885549367 3.929390115811595 0.0 106.51972918668402 2.9165862 123.76027390616923 4.554314564211227 1.7895607657639891 0.5338208521393084 6.699380116989518 139.74626361580792 7.28720663072633 26.036649487454106
3327 7322.707004587983 5584.322823982334 214.859505105625 52.909595871200445 7319 7326 5581 5587 46.0 2.036917094872723 1.3824907407149307 11.611367138429173 0.734399695993519 -0.05977358271623213 0.2459487332838638 0.0 5.465570901906576 1.6648239 20.62166837319243 5.901437970512119 3.203133780310137 0.3330770044802532 3.826519928662906 27.79681217461653 9.355679690288511 27.79001251869016
3328 9901.441530956998 5588.219880608743 214.83641258286855 52.89323203030561 9885 9917 5581 5595 368.0 7.688674061969658 2.7446564040036145 10.355874859846677 0.9341143366965278 -0.06453097499736542 0.8866953555329385 0.0 113.52666306166523 4.945765 146.94612496037075 9.496514145276276 1.8121149899380948 0.37444680982880035 10.823032759612019 153.47636759970055 15.1311226645374 25.93489622003031
3329 3664.1564116569266 5587.047110789131 214.89221031293343 52.93284870013137 3660 3669 5583 5590 58.0 2.9231784979891904 1.3598440832341703 -16.346929125494647 0.8852089388414052 -0.3347519862773767 0.3691785776453095 0.0 7.256413721091118 2.4384334 9.949636157406955 3.9243268093579813 1.4 0.355941838359145 4.296739856991561 6.348772936690855 6.376403092639115 29.393275512880198
3330 9567.150684614911 5587.374364834039 214.83940875359994 52.895351753806466 9564 9570 5585 5589 24.0 1.462883283322776 1.146706820786973 12.78852945999648 0.6209279929043503 0.15194147102117053 0.5712666211977464 0.0 9.430735378840318 1.2510984 15.974549697788285 2.1779279412058443 1.4947479529747185 0.17341202757148627 2.763953195770684 14.609884806705399 3.4986665530874816 28.488383020740816
3331 345.23680841003863 5601.867445288922 214.92177965414703 52.95400176983287 333 357 5586 5623 680.0 4.8752469499528335 3.1644966287779908 63.69807362374126 0.7607076689985138 -0.33287578216844693 10.728810655360112 0.0 365.5234998607426 7.789384 359.43857909119674 7.2829636493218315 1.4 0.7625173635949372 14.712264360219255 385.2325907003232 11.811816923772959 24.93569244663497
3332 3782.589436142912 5596.436715376361 214.89105118805642 52.932147250650154 3779 3787 5588 5600 86.0 2.399915781613646 2.055896011036584 58.26162332398564 0.5158923864601812 -0.09452092477442137 0.25970254755493316 0.0 6.32101455724982 2.5932443 29.334651560378642 8.877768653820063 3.1922889409980257 0.47464186246990764 5.232078956954491 67.34257737240742 14.168067521596065 26.829275665177438
3333 3842.0363577590165 5593.200476443699 214.8905531373444 52.93175226497192 3837 3847 5588 5597 82.0 2.4103672243436947 1.7695218021633108 22.11073724441571 0.6790094299763777 -0.10360394070665536 0.8423362940360892 0.0 23.750970257736288 2.554069 32.31890506858112 5.918522912525232 2.302729249104828 0.39371472851021855 5.108953969950291 43.643153145718635 9.534627017415975 27.30020969972821
3334 9293.49121326174 5596.869315965232 214.84175441165382 52.89714188288822 9290 9299 5591 5603 84.0 2.469301529656946 2.254309094792819 75.16779909610553 0.408107437014845 -0.19416153697784458 0.31182673285214246 0.0 10.564666321692759 2.2998924 61.94333802130532 9.047692118842182 3.4091199660598646 0.3152253723244129 5.170882945826411 85.02505971052025 14.57726428396609 26.576132636008232
3335 1633.1329773951754 5596.84983827641 214.9102942121606 52.94579822356615 1627 1638 5592 5601 95.0 2.73650142125358 2.1863609098554506 55.033390917587944 0.6013813847791952 -0.12352519522709879 0.3658393341195362 0.0 9.31589331574595 2.4897044 18.877904452297443 7.847129928197677 2.819179497037753 0.4511932012742279 5.499039842323396 14.478082959352582 12.50360716293837 28.498222347987355
