outputs/dr0.5_c0.1/nircam3_detect_f277w_f356w__dr0.5_c0.1.ecsv
# %ECSV 1.0
# ---
# datatype:
# - {name: label, datatype: int64}
# - {name: xcentroid, datatype: float64}
# - {name: ycentroid, datatype: float64}
# - {name: sky_centroid.ra, unit: deg, datatype: float64}
# - {name: sky_centroid.dec, unit: deg, datatype: float64}
# - {name: bbox_xmin, datatype: int64}
# - {name: bbox_xmax, datatype: int64}
# - {name: bbox_ymin, datatype: int64}
# - {name: bbox_ymax, datatype: int64}
# - {name: area, unit: pix2, datatype: float64}
# - {name: semimajor_sigma, unit: pix, datatype: float64}
# - {name: semiminor_sigma, unit: pix, datatype: float64}
# - {name: orientation, unit: deg, datatype: float64}
# - {name: eccentricity, datatype: float64}
# - {name: min_value, datatype: float64}
# - {name: max_value, datatype: float64}
# - {name: local_background, datatype: float64}
# - {name: segment_flux, datatype: float64}
# - {name: segment_fluxerr, datatype: float32}
# - {name: kron_flux, datatype: float64}
# - {name: kron_fluxerr, datatype: float64}
# - {name: near_border, datatype: bool}
# - {name: detmap, datatype: int32}
# meta:
#   __serialized_columns__:
#     area:
#       __class__: astropy.units.quantity.Quantity
#       unit: !astropy.units.Unit {unit: pix2}
#       value: !astropy.table.SerializedColumn {name: area}
#     eccentricity:
#       __class__: astropy.units.quantity.Quantity
#       unit: !astropy.units.Unit {unit: ''}
#       value: !astropy.table.SerializedColumn {name: eccentricity}
#     orientation:
#       __class__: astropy.units.quantity.Quantity
#       unit: &id001 !astropy.units.Unit {unit: deg}
#       value: !astropy.table.SerializedColumn {name: orientation}
#     semimajor_sigma:
#       __class__: astropy.units.quantity.Quantity
#       unit: !astropy.units.Unit {unit: pix}
#       value: !astropy.table.SerializedColumn {name: semimajor_sigma}
#     semiminor_sigma:
#       __class__: astropy.units.quantity.Quantity
#       unit: !astropy.units.Unit {unit: pix}
#       value: !astropy.table.SerializedColumn {name: semiminor_sigma}
#     sky_centroid:
#       __class__: astropy.coordinates.sky_coordinate.SkyCoord
#       dec: !astropy.table.SerializedColumn
#         __class__: astropy.coordinates.angles.Latitude
#         unit: *id001
#         value: !astropy.table.SerializedColumn {name: sky_centroid.dec}
#       frame: icrs
#       ra: !astropy.table.SerializedColumn
#         __class__: astropy.coordinates.angles.Longitude
#         unit: *id001
#         value: !astropy.table.SerializedColumn {name: sky_centroid.ra}
#         wrap_angle: !astropy.coordinates.Angle
#           unit: *id001
#           value: 360.0
#       representation_type: spherical
#   astropy version: '5.1'
#   make_catalog parameters:
#     ab_zpt: 31.4
#     coadd_bands: !!python/tuple [f277w, f356w]
#     deblend_contrast: 0.001
#     deblend_nlevels: 32
#     deblend_npixels: 1
#     detect_kernel_fwhm: 4.0
#     detect_kernel_npix: 7
#     detect_npixels: 4
#     detect_threshold_nsigma: 3.0
#     flag_isolated_buffer: 4
#     hst_bands: !!python/tuple [f606w, f814w, f125w, f140w, f160w]
#     jwst_bands: !!python/tuple [f115w, f150w, f200w, f277w, f356w, f410m, f444w]
#     near_border_kernelsize: 21
#     reference_band: f200w
#   make_catalog version: 1.4.0
#   photutils version: 1.5.0
# schema: astropy-2.0
label xcentroid ycentroid sky_centroid.ra sky_centroid.dec bbox_xmin bbox_xmax bbox_ymin bbox_ymax area semimajor_sigma semiminor_sigma orientation eccentricity min_value max_value local_background segment_flux segment_fluxerr kron_flux kron_fluxerr near_border detmap
[from data line 1087]
1088 6254.693090261685 1561.624716448704 214.80297770302482 52.839926605109916 6251 6258 1558 1565 49.0 1.8210372920396298 1.7459797863829445 -79.51651686071148 0.28413898098388923 0.22135459331665933 0.6311116434062384 0.0 18.53897183196328 0.5223853 30.177288806006956 1.1803144834162447 False 264
1089 2001.9714978599666 1564.0061810684501 214.84090980323506 52.86696887542539 1992 2013 1559 1569 175.0 4.970287787479249 2.2638984219123053 10.962369639746388 0.8902427489901492 0.21537962650980097 0.7212467862495353 0.0 69.85630597551938 0.9613956 128.23024766651145 2.5408805893214708 False 528
1090 2117.0561235433306 1565.104816567617 214.8398704423016 52.866243503386315 2110 2124 1560 1572 108.0 3.5973030730020494 2.4507285648296566 -25.975554297008994 0.732033808965261 0.20717305747603895 0.46710790581877504 0.0 33.376751294105496 0.82711995 114.43752843766671 2.745291870753337 False 528
1091 6497.496097681408 1560.9917743098229 214.80081868025468 52.83837962323097 6497 6498 1560 1562 4.0 0.800645665549667 0.31214444243844247 58.01171809344195 0.9208716417314659 0.23015264386852452 0.24526809130098504 0.0 0.9583208166191429 0.1537766 10.434158105038913 0.6850090039504582 False 264
1092 8964.965401827354 1563.727290993191 214.77879000333223 52.82270567965334 8961 8968 1561 1567 40.0 2.0495405545558287 1.4282761125675794 33.102773241440886 0.7171914026536685 0.26711228247671187 0.4384303859482099 0.0 13.715025674014013 0.57616687 39.20279289669179 1.8880979735037828 False 258
1093 9731.7513335967 1564.7756305473738 214.77194556598167 52.81783511372656 9730 9734 1563 1567 21.0 1.2451042566732662 1.1664693137714606 57.540052155705865 0.34974565499953236 0.2654523818837864 0.5711642476298806 0.0 8.516989545351711 0.41027415 16.540237629642554 1.1072788858390024 False 258
1094 9598.050097229641 1566.8867304363011 214.77311475262619 52.818696755490194 9595 9601 1564 1570 34.0 1.7358411871624846 1.4152157739524183 34.01597667136562 0.5790513909284613 0.2419560152833009 0.4396365939922612 0.0 11.191605875324193 0.48737106 30.655129009119523 1.5915038440057416 False 258
1095 8240.382214744372 1590.6939463830745 214.7849649320803 52.82745840430449 8219 8261 1567 1612 1437.0 7.150542952733636 6.349432753592973 -75.19831537551293 0.45991079577924715 0.23178151087463458 17.575178771890286 0.0 2695.4680553785747 3.5806189 2819.0888484664997 4.244732746884999 False 258
1096 9560.187826109635 1580.8234759405382 214.77330549221543 52.81901259269918 9541 9572 1569 1593 491.0 5.715090515851752 3.9141988771988494 41.127213260071144 0.728648033508222 0.2366851584464695 4.597497768163981 0.0 490.2744723674309 1.9783297 554.2488819389212 2.9450268976813265 False 258
1097 9866.789240420723 1571.1772210654963 214.77067493748868 52.81701080157907 9864 9870 1569 1574 32.0 1.7439391487442886 1.4123940573051383 -27.625595764407816 0.5865855987105786 0.22960413868045115 0.3069984011977985 0.0 8.514287917937917 0.43933856 43.127751902952 1.8488477767035483 False 258
1098 1323.8242513585935 1574.6488755700534 214.84685486480038 52.87133530511212 1320 1328 1571 1578 61.0 2.133936577895597 1.8614808258283093 -12.349797302157581 0.4889309857679507 0.20773954449892018 0.6118220498335611 0.0 22.607258143246046 0.5642417 40.536072936541274 1.4034741419101036 False 528
1099 2605.6325161237683 1575.4547927725428 214.8353985114487 52.86319458374101 2601 2611 1571 1580 91.0 2.442366189513653 2.2466149699513944 -6.29879868062963 0.3922660324632015 0.2075065228949827 0.8976115365740881 0.0 41.70608083798572 0.67356014 60.97185714806491 1.4741046235002173 False 576
1100 10177.002566284817 1572.7784073033138 214.7678940906326 52.8150465472452 10176 10178 1571 1574 10.0 0.965439208641012 0.7682029654706529 -89.53109098552092 0.6056868712931802 0.252362304924257 0.29519012304979275 0.0 2.7440246216673696 0.27221107 18.756878120437598 1.18861654273748 False 258
1101 719.5821600581444 1572.6815190916695 214.8522735700806 52.87516388318194 718 721 1572 1574 9.0 1.0462552627279755 0.6595759965544117 6.099735173849746 0.7762575221145954 0.2309941589867124 0.28379175809470214 0.0 2.331111739372163 0.24536976 14.872483973765746 0.9767592925462389 False 528
1102 2466.3900880958663 1582.8378193898407 214.8365641673598 52.864119234602825 2461 2472 1578 1588 106.0 2.9904069988674853 2.4005706562638256 -36.89244294111633 0.5963060688797 0.2068433271427316 0.5402663220737152 0.0 35.54970132100441 0.7444013 86.26295545238412 2.225769354207296 False 576
1103 6612.724607984677 1583.8088529763397 214.79955081824454 52.837769998214206 6610 6615 1581 1586 31.0 1.3973471947535707 1.3439802737617883 -29.726177402368492 0.27372357589749957 0.2437957263732173 1.0752520320227454 0.0 17.722272130207607 0.43941975 21.109437092715723 0.7196521519001474 False 264
1104 7360.476172167295 1589.3761916097776 214.79282384847232 52.8330459901749 7352 7369 1582 1596 203.0 3.950024540134272 3.1745128328340058 -14.283488473922942 0.5950763902931527 0.23099103318702624 0.9818501805886152 0.0 104.4314448670988 1.1648468 182.09138994894698 3.002012991325426 False 264
1105 7131.29094795998 1587.0104223379058 214.79489244295672 52.83449038278691 7129 7134 1583 1591 39.0 2.1133702435612416 1.3582120228193544 -76.47702980858743 0.7661382046863318 0.22727008638921237 0.3705623309518109 0.0 11.502953810904724 0.5035582 33.81424906239121 1.6517007919045932 False 264
1106 1791.0379501550015 1587.5286633845271 214.84254608893107 52.86843603169605 1789 1793 1585 1590 28.0 1.6266287550331622 1.2609066453293087 69.81463768763577 0.6317581037645953 0.21257921429388338 0.3260636849378606 0.0 7.4529128786927945 0.3865195 25.0647622346145 1.3553840563067288 False 528
1107 1968.8235226861032 1590.4426423991847 214.84092756834042 52.86732203739472 1964 1974 1585 1596 96.0 2.516632715899632 2.199694993517772 -79.87946775081816 0.48581298121308253 0.22725027731700725 1.1992037617617712 0.0 53.21889812553906 0.7519724 71.74020697466815 1.464428142600788 False 528
1108 8477.241194813483 1592.0663502589691 214.78283905229029 52.825959693488386 8470 8484 1585 1598 155.0 3.9841355530818783 2.6825966240154213 38.77737636898057 0.7393515358654811 0.24415425318487322 0.5811720611405583 0.0 57.978483406943425 1.0438155 133.81349067553268 3.1893047147648406 False 258
1109 4064.073143624249 1590.4622915812865 214.82222039536003 52.85400667710474 4059 4070 1586 1596 106.0 2.6179424129510056 2.404042496993548 -10.707296103128467 0.39589764609481565 0.20528234806139994 1.0060539630133727 0.0 52.213219110251686 0.764804 75.13039560388867 1.5813137037204428 False 576
1110 1494.4423423764822 1592.6885530770464 214.84514092581344 52.8703484652158 1492 1497 1589 1596 35.0 1.8125338208067752 1.3901268253751322 77.53288609563982 0.6417042174251737 0.20920103757791722 0.36365379225079264 0.0 9.749271182317866 0.41022968 28.92620047327887 1.4160450103881856 False 528
1111 2417.83980681774 1596.2821656220729 214.8368561932632 52.86450023426459 2410 2427 1589 1603 190.0 3.7882102155023265 2.6406587021445005 -25.974670000907683 0.7170002539779986 0.20861357918856444 1.9969455868115498 0.0 133.2389235464207 1.048272 176.91986179238677 2.039343428663839 False 576
1112 2456.464598699608 1590.0197696355885 214.83657720106854 52.864221025526 2455 2458 1589 1591 10.0 1.0818792103201769 0.6677221026019519 -26.8195612352525 0.7868162706287264 0.2033917545811689 0.24212769797056224 0.0 2.241201872010343 0.2174857 22.59144601144032 0.9843304127480769 False 576
1113 2666.1074558906066 1594.5069448901152 214.83465797011334 52.86291298304489 2664 2669 1591 1598 33.0 1.869370666373688 1.2648320969823617 74.36839939555574 0.7363429413377668 0.2116528458796005 0.3691986977859395 0.0 9.30379923211195 0.39803463 21.199464351068624 1.1526615272629683 False 576
1114 3958.997206590124 1593.9960185936454 214.8231210747505 52.854693558447885 3957 3961 1591 1597 27.0 1.5067800383776284 1.3083337406927376 89.69626426041536 0.49604333491860714 0.2206848548317601 0.36393330943017593 0.0 7.6914823891875335 0.3699651 19.290041284551307 1.1091620942254563 False 576
1115 1210.1921428804685 1594.980495547121 214.84765589970144 52.87216693729169 1208 1213 1593 1597 22.0 1.5233446369789405 1.1356520814428268 -7.161310645713355 0.6665066142637006 0.2075752815337003 0.3110669625465126 0.0 5.6367976545212155 0.32349738 26.33212777524428 1.368279832228458 False 528
1116 1991.8627995973322 1594.4536218366125 214.8406795839208 52.86719726149375 1990 1993 1593 1596 13.0 1.0591955470899406 0.9132586685804033 77.07457317003347 0.5065354508410497 0.2042087820005155 0.27901792601984277 0.0 3.1269469823470306 0.24933605 11.044762719896031 0.8994674852321263 False 528
1117 2360.7484976992723 1604.5815650553498 214.83727865234638 52.86490777208305 2352 2370 1593 1616 349.0 4.184103729554407 3.5160636129116694 74.20309749055596 0.5420619344297001 0.20192720890297522 4.406135586381064 0.0 367.0008340064676 1.4214733 408.8549456096489 2.0076490913735032 False 512
1118 9006.904036960123 1595.305699528285 214.77808390850873 52.822609064386874 9006 9008 1594 1597 9.0 0.9250341651283718 0.6950164411691068 68.69277189875216 0.6599137359012077 0.2795497046846707 0.424265120012603 0.0 3.162642690322834 0.31446695 8.87578643228957 0.8581906905934078 False 258
1119 2929.1540755185306 1603.1072854526697 214.83221874050412 52.861287700674026 2921 2938 1596 1611 220.0 3.7120861871756285 3.2876307662900577 1.7156328251834225 0.4643422811386381 0.20855287389937355 1.50033244952093 0.0 121.63203004010418 1.0885408 169.1271266205228 2.232319756681638 False 576
1120 8125.655586802277 1603.8493881441875 214.78584925075896 52.828258758320615 8123 8128 1600 1608 39.0 2.0810870531332 1.3917642999727329 71.9563418135519 0.7434712122199646 0.24001068807591408 0.4034622786562264 0.0 12.515790517771698 0.5393055 44.611728623037095 1.895952393728719 False 256
1121 8278.367917824968 1605.001503217313 214.78447573776023 52.82729393445757 8274 8283 1601 1608 61.0 2.4377482469827734 1.7613881950691026 -28.62092154278325 0.6913215814709116 0.2440053508327586 0.5625212943048331 0.0 23.665764219036724 0.6698955 66.77583184589409 2.1498350065268084 False 258
1122 2782.0173861784106 1604.5046231958786 214.83351777002295 52.86223028340406 2781 2783 1603 1606 12.0 1.1010070285741438 0.8076981161989555 -89.44831958941286 0.6795821457434426 0.2054967658807854 0.24714192988945094 0.0 2.740898072390759 0.23805957 18.15173405738701 0.976348432582229 False 576
1123 6999.4661792262805 1607.4449339533728 214.79585295978222 52.83543858364668 6995 7004 1604 1611 57.0 2.5920410814399912 1.5916921917514877 -31.877354017973225 0.7892523093690946 0.23950119145229407 0.46400372624991243 0.0 18.770681231307254 0.59542394 43.65306698023353 1.7946950943484143 False 264
1124 8841.276327195199 1609.5824005662498 214.77940988296996 52.82373918847073 8836 8847 1605 1614 86.0 2.6000494213026326 2.1732621694326766 23.7480136294183 0.5489515412524968 0.24700183566333367 0.6933465754463491 0.0 35.75453109696189 0.77846843 80.03377195720135 2.30876727633803 False 258
1125 9251.796629700386 1608.4895186990889 214.77576261359533 52.821122754220106 9251 9253 1607 1610 10.0 0.9961202205133676 0.7435668091746295 88.65299368780839 0.665427011788061 0.26408102390202526 0.326239666763052 0.0 2.9693321681710043 0.27889267 15.01021425146341 1.121861665040279 False 258
1126 4416.668806648183 1614.408586422268 214.81882140910022 52.85189467198629 4413 4420 1612 1617 31.0 1.8489771707384723 1.2655255388995368 22.12728655461494 0.7290632999168146 0.20087756413215035 0.28664306954815083 0.0 7.527306040871708 0.37552086 26.637418869688204 1.394424918642332 False 576
1127 10087.49539200058 1615.4715334023042 214.76824231968948 52.81584569531219 10087 10088 1615 1616 4.0 0.4999816879538642 0.4991860683830955 3.475788460537122 0.05639204390017225 0.2504189586834185 0.2858685216373895 0.0 1.0718063421794248 0.17047009 10.400496197852156 0.7176257983321583 False 258
1128 9439.826021511568 1618.6485346805448 214.7739800396287 52.8199817255685 9437 9443 1616 1622 36.0 1.8611218822212916 1.4101988041588003 -47.94399510365856 0.652586335755592 0.24836952759194694 0.43392170037020367 0.0 12.285296457765215 0.56526 43.300724353314266 1.8499880775288542 False 258
1129 1383.2418705056225 1620.5180136988342 214.84584126158066 52.87120508488788 1380 1387 1617 1624 54.0 1.9814322163132416 1.8599724194613023 44.43027427263248 0.34473238445702736 0.22274722149711126 0.5276213556927309 0.0 19.305105195467416 0.5745111 37.798193203285024 1.4686960515732517 False 528
1130 8860.017728561086 1621.002134990554 214.77912266542103 52.8236815172035 8858 8862 1619 1623 19.0 1.312592849845841 1.0883598529239653 -24.978051186438258 0.5589996409520592 0.23849467650334027 0.31961457117895625 0.0 5.221902155048129 0.34318584 21.598804162690985 1.2960995961708603 False 258
1131 9343.003057258202 1621.4893714560608 214.77481299382737 52.820612756780484 9342 9344 1621 1622 6.0 0.8094474432378493 0.499860702747875 0.4616271494072249 0.7865447836636899 0.24695912838818318 0.27528496442886385 0.0 1.5639247302441726 0.20312738 16.929003255058717 0.9208252294969588 False 258
1132 1224.216362563145 1629.6092567265055 214.847166093663 52.87226454359799 1210 1235 1622 1637 258.0 5.55364930685115 2.596123048511239 -23.710227622953052 0.884012877408475 0.20945280381778236 1.5657848311233917 0.0 145.23142917935928 1.2726042 197.01328927227854 2.358195335544148 False 528
1133 9018.49326012501 1622.520481048543 214.77769422749984 52.822681939365424 9018 9019 1622 1623 4.0 0.49998860042172466 0.4995462943351923 -16.106671786039144 0.04205332459499075 0.3450057301847484 0.38469115845977564 0.0 1.4579016111141432 0.20554572 8.67561570683782 0.7518665629732123 False 258
1134 2584.725230339968 1626.1700968142818 214.83505136502677 52.8636008422518 2581 2588 1623 1629 43.0 2.055276550117213 1.5137109497439873 -27.789213038626354 0.6764376648454243 0.20673799824605998 0.349487341695983 0.0 11.635733187506952 0.45861918 31.00065876502758 1.5364487015501282 False 576
1135 7781.05993986379 1630.098326026811 214.7886452085067 52.830591226491784 7777 7785 1627 1633 53.0 2.178552246305016 1.699483005651211 -15.198068706027637 0.625658054947975 0.23694846817520307 0.5044286686906905 0.0 18.87681612594566 0.59524316 52.927101386740766 1.9992155453904916 False 264
1136 1975.7981515007168 1642.4106769874506 214.840318240132 52.867557892770506 1966 1986 1628 1657 466.0 5.922167217647828 3.878793723242892 79.07453491641128 0.7556619264554574 0.208402762509256 2.225789906947823 0.0 340.2949917903775 1.6370287 415.2151078966922 2.8234069825508206 False 528
1137 7137.146243893896 1631.477676621772 214.79437224715497 52.83469271102963 7136 7139 1630 1633 13.0 1.0686415519177124 0.9140777444835966 -76.59724863030311 0.5180270803709878 0.2526241763793867 0.3293546084001684 0.0 3.798153315167027 0.30237237 16.25947216386175 1.0974942448359324 False 264
1138 9005.499380063588 1638.4855161393123 214.77764203012003 52.82285055230554 8998 9014 1630 1647 226.0 3.682951154165665 3.2952850005481578 48.07539005905802 0.4465867307753032 0.23427152622852684 1.796496739585701 0.0 152.0261927056731 1.3451556 224.458275322379 2.9418638502320293 False 258
1139 1544.9887362353836 1634.2203119156136 214.84425224749748 52.87025121382559 1543 1547 1632 1636 17.0 1.2279100769303688 1.0386351414026431 -40.97903024617739 0.5334112658477501 0.209609911643468 0.2998196975138775 0.0 4.223333891476129 0.293362 13.765679728444393 1.0082279595056574 False 528
