outputs/dr0.5_c0.1/nircam6_f444w_dr0.5_c0.1.ecsv
# %ECSV 1.0
# ---
# datatype:
# - {name: label, datatype: int64}
# - {name: xcentroid, datatype: float64}
# - {name: ycentroid, datatype: float64}
# - {name: sky_centroid.ra, unit: deg, datatype: float64}
# - {name: sky_centroid.dec, unit: deg, datatype: float64}
# - {name: bbox_xmin, datatype: int64}
# - {name: bbox_xmax, datatype: int64}
# - {name: bbox_ymin, datatype: int64}
# - {name: bbox_ymax, datatype: int64}
# - {name: area, unit: pix2, datatype: float64}
# - {name: semimajor_sigma, unit: pix, datatype: float64}
# - {name: semiminor_sigma, unit: pix, datatype: float64}
# - {name: orientation, unit: deg, datatype: float64}
# - {name: eccentricity, datatype: float64}
# - {name: min_value, datatype: float64}
# - {name: max_value, datatype: float64}
# - {name: local_background, datatype: float64}
# - {name: segment_flux, datatype: float64}
# - {name: segment_fluxerr, datatype: float32}
# - {name: kron_flux, datatype: float64}
# - {name: kron_fluxerr, datatype: float64}
# - {name: kron_radius, unit: pix, datatype: float64}
# - {name: gini, datatype: float64}
# - {name: equivalent_radius, unit: pix, datatype: float64}
# - {name: kron4_2_flux, datatype: float64}
# - {name: kron4_2_fluxerr, datatype: float64}
# - {name: radius_kron20, unit: pix, datatype: float64}
# - {name: radius_kron50, unit: pix, datatype: float64}
# - {name: radius_kron80, unit: pix, datatype: float64}
# - {name: near_border, datatype: bool}
# meta:
#   PHOTMJSR: 0.3925000131130219
#   PIXAR_SR: 2.11539874851881e-14
#   __serialized_columns__:
#     area:
#       __class__: astropy.units.quantity.Quantity
#       unit: !astropy.units.Unit {unit: pix2}
#       value: !astropy.table.SerializedColumn {name: area}
#     eccentricity:
#       __class__: astropy.units.quantity.Quantity
#       unit: !astropy.units.Unit {unit: ''}
#       value: !astropy.table.SerializedColumn {name: eccentricity}
#     equivalent_radius:
#       __class__: astropy.units.quantity.Quantity
#       unit: !astropy.units.Unit {unit: pix}
#       value: !astropy.table.SerializedColumn {name: equivalent_radius}
#     kron_radius:
#       __class__: astropy.units.quantity.Quantity
#       unit: &id001 !astropy.units.Unit {unit: pix}
#       value: !astropy.table.SerializedColumn {name: kron_radius}
#     orientation:
#       __class__: astropy.units.quantity.Quantity
#       unit: &id002 !astropy.units.Unit {unit: deg}
#       value: !astropy.table.SerializedColumn {name: orientation}
#     radius_kron20:
#       __class__: astropy.units.quantity.Quantity
#       unit: *id001
#       value: !astropy.table.SerializedColumn {name: radius_kron20}
#     radius_kron50:
#       __class__: astropy.units.quantity.Quantity
#       unit: *id001
#       value: !astropy.table.SerializedColumn {name: radius_kron50}
#     radius_kron80:
#       __class__: astropy.units.quantity.Quantity
#       unit: *id001
#       value: !astropy.table.SerializedColumn {name: radius_kron80}
#     semimajor_sigma:
#       __class__: astropy.units.quantity.Quantity
#       unit: !astropy.units.Unit {unit: pix}
#       value: !astropy.table.SerializedColumn {name: semimajor_sigma}
#     semiminor_sigma:
#       __class__: astropy.units.quantity.Quantity
#       unit: !astropy.units.Unit {unit: pix}
#       value: !astropy.table.SerializedColumn {name: semiminor_sigma}
#     sky_centroid:
#       __class__: astropy.coordinates.sky_coordinate.SkyCoord
#       dec: !astropy.table.SerializedColumn
#         __class__: astropy.coordinates.angles.Latitude
#         unit: *id002
#         value: !astropy.table.SerializedColumn {name: sky_centroid.dec}
#       frame: icrs
#       ra: !astropy.table.SerializedColumn
#         __class__: astropy.coordinates.angles.Longitude
#         unit: *id002
#         value: !astropy.table.SerializedColumn {name: sky_centroid.ra}
#         wrap_angle: !astropy.coordinates.Angle
#           unit: *id002
#           value: 360.0
#       representation_type: spherical
#   astropy version: '5.1'
#   make_catalog parameters:
#     ab_zpt: 31.4
#     coadd_bands: !!python/tuple [f277w, f356w]
#     deblend_contrast: 0.001
#     deblend_nlevels: 32
#     deblend_npixels: 1
#     detect_kernel_fwhm: 4.0
#     detect_kernel_npix: 7
#     detect_npixels: 4
#     detect_threshold_nsigma: 3.0
#     flag_isolated_buffer: 4
#     hst_bands: !!python/tuple [f606w, f814w, f125w, f140w, f160w]
#     jwst_bands: !!python/tuple [f115w, f150w, f200w, f277w, f356w, f410m, f444w]
#     near_border_kernelsize: 21
#     reference_band: f200w
#   make_catalog version: 1.4.0
#   photutils version: 1.5.0
# schema: astropy-2.0
label xcentroid ycentroid sky_centroid.ra sky_centroid.dec bbox_xmin bbox_xmax bbox_ymin bbox_ymax area semimajor_sigma semiminor_sigma orientation eccentricity min_value max_value local_background segment_flux segment_fluxerr kron_flux kron_fluxerr kron_radius gini equivalent_radius kron4_2_flux kron4_2_fluxerr radius_kron20 radius_kron50 radius_kron80 near_border
[from data line 5323]
5324 6474.645018175319 4521.337267312537 214.82208353621897 52.836075102756915 6473 6476 4519 4524 21.0 1.5726235942583047 0.9940100931773658 78.33859462312911 0.7749103105805647 0.13680846776176656 0.3955100880195442 0.0 5.108042897674567 0.75041276 29.52039081883992 3.5484595040863716 3.579580831349636 0.15767784748649116 2.5854414729132054 50.577630706710465 5.553005083770466 2.883253947454133 5.207519555587237 7.766559021023352 False
5325 1322.6914189604945 4510.2261784035545 214.86819999818232 52.86875100325313 1320 1326 4508 4512 29.0 1.807692733350248 1.2760224424474271 14.538842477956392 0.7083268643472329 0.16787482776418722 0.37696036978178354 0.0 7.1505401997659455 1.4131278 57.57304619073955 5747121.047774213 3.5799472450470144 0.1451595409133056 3.0382538898732494 120.04082994985154 17347847.80008005 3.978441006316817 6.717839217720312 9.605671243040373 True
5326 1322.2537630330285 4515.0709541664455 214.86815292561462 52.86877991479127 1320 1324 4513 4518 26.0 1.5204397176071553 1.2563029005590347 81.4535626121648 0.5632654035291076 0.2537390245071888 0.6441302687878976 0.0 13.314719069335196 1.3350624 48.243650980566215 9408192.825168498 2.8173861431186538 0.12328145564501368 2.876813695875796 65.73740161845086 16511638.61477525 2.3646109135431477 4.150553595140576 7.63726507327551 True
5327 1761.1333996468077 4515.4628452986035 214.86422753339522 52.86599405650575 1755 1767 4510 4521 101.0 2.880824328636808 2.490799583292401 -32.585958423704646 0.5024375673142787 0.18617834326907642 1.6066049517358896 0.0 83.33080634261071 2.6978343 230.22814148970917 inf 2.8697770613063085 0.20889900334142922 5.670035141386943 241.19297714846056 inf 3.823908524621414 7.855942819452205 12.902909748575832 False
5328 1756.121141996294 4521.990706501842 214.86420361998935 52.866061104720046 1749 1764 4517 4524 80.0 3.621617454740538 1.7510081430639919 0.1773806311220947 0.8753510555811745 0.27224331101783517 1.9223657975243222 0.0 94.74268085244532 inf 180.7103294858783 inf 2.1156529109688047 0.20267420489324411 5.046265044040321 204.91239052034663 inf 2.8580251082669745 5.007358692997976 8.327097686846283 False
5329 7663.133103262 4561.9860583208965 214.81105423497146 52.82873989651336 7614 7705 4538 4587 2905.0 17.180667291268637 7.470346854733764 15.926370136385447 0.900521629680897 -0.09890852289813774 5.480742678412651 0.0 2243.0086341753604 9.823063 2480.2318618085033 14.331116176058922 1.5460438708176458 0.4686618641316403 30.40871946274476 2584.4229537972296 24.77287139882455 7.189648649586745 15.551599775401233 27.498185343580666 False
5330 7666.557062832176 4580.6209317618295 214.8108276449391 52.82881854891326 7658 7676 4577 4586 108.0 3.522299576151131 2.1468148671518024 12.294868310352998 0.7927919013089743 0.019552670022184943 0.8274953625901885 0.0 41.73511771679988 2.161197 117.92663941287557 6.845946017226044 2.8482532351706205 0.3316285309030129 5.863230142835039 190.78659320635023 12.738156751239703 3.770258421713237 9.287551537266191 16.0794111853478 False
5331 9009.54396645982 4582.2310416250875 214.79883536755776 52.8202897481999 9008 9011 4581 4584 12.0 1.081700205813824 0.8820544718936322 37.88685936850582 0.5788509110914768 0.18035503627136049 0.44883089599690384 0.0 3.492182358776646 0.6875356 50.36293739652608 3.3825353684521335 3.6144982964301358 0.19518244923935768 1.9544100476116797 98.29679146861622 5.5853128927220315 3.2471097339301034 5.906925117148918 7.824573155698901 False
5332 9011.636014774074 4587.336559484636 214.79876300550657 52.82030395441573 9009 9016 4584 4590 33.0 1.9422452005712545 1.5874809505256533 -0.47276181454184385 0.5761510714505382 0.0087816275189773 0.3959968890116495 0.0 7.8357377011084965 1.2033051 147.0740195515853 7.092072273830088 3.969746013787958 0.2452745357876523 3.2410224072142872 257.0669045828505 12.585678266265218 7.17193481886749 11.24943762817008 14.855203530764584 False
