outputs/dr0.5_c0.1/nircam3_f814w_dr0.5_c0.1.ecsv
# %ECSV 1.0
# ---
# datatype:
# - {name: label, datatype: int64}
# - {name: xcentroid, datatype: float64}
# - {name: ycentroid, datatype: float64}
# - {name: sky_centroid.ra, unit: deg, datatype: float64}
# - {name: sky_centroid.dec, unit: deg, datatype: float64}
# - {name: bbox_xmin, datatype: int64}
# - {name: bbox_xmax, datatype: int64}
# - {name: bbox_ymin, datatype: int64}
# - {name: bbox_ymax, datatype: int64}
# - {name: area, unit: pix2, datatype: float64}
# - {name: semimajor_sigma, unit: pix, datatype: float64}
# - {name: semiminor_sigma, unit: pix, datatype: float64}
# - {name: orientation, unit: deg, datatype: float64}
# - {name: eccentricity, datatype: float64}
# - {name: min_value, datatype: float64}
# - {name: max_value, datatype: float64}
# - {name: local_background, datatype: float64}
# - {name: segment_flux, datatype: float64}
# - {name: segment_fluxerr, datatype: float32}
# - {name: kron_flux, datatype: float64}
# - {name: kron_fluxerr, datatype: float64}
# - {name: kron_radius, unit: pix, datatype: float64}
# - {name: gini, datatype: float64}
# - {name: equivalent_radius, unit: pix, datatype: float64}
# - {name: kron4_2_flux, datatype: float64}
# - {name: kron4_2_fluxerr, datatype: float64}
# - {name: radius_kron20, unit: pix, datatype: float64}
# - {name: radius_kron50, unit: pix, datatype: float64}
# - {name: radius_kron80, unit: pix, datatype: float64}
# - {name: near_border, datatype: bool}
# meta:
#   PHOTMJSR: 0.3925000131130219
#   PIXAR_SR: 2.11539874851881e-14
#   __serialized_columns__:
#     area:
#       __class__: astropy.units.quantity.Quantity
#       unit: !astropy.units.Unit {unit: pix2}
#       value: !astropy.table.SerializedColumn {name: area}
#     eccentricity:
#       __class__: astropy.units.quantity.Quantity
#       unit: !astropy.units.Unit {unit: ''}
#       value: !astropy.table.SerializedColumn {name: eccentricity}
#     equivalent_radius:
#       __class__: astropy.units.quantity.Quantity
#       unit: !astropy.units.Unit {unit: pix}
#       value: !astropy.table.SerializedColumn {name: equivalent_radius}
#     kron_radius:
#       __class__: astropy.units.quantity.Quantity
#       unit: &id001 !astropy.units.Unit {unit: pix}
#       value: !astropy.table.SerializedColumn {name: kron_radius}
#     orientation:
#       __class__: astropy.units.quantity.Quantity
#       unit: &id002 !astropy.units.Unit {unit: deg}
#       value: !astropy.table.SerializedColumn {name: orientation}
#     radius_kron20:
#       __class__: astropy.units.quantity.Quantity
#       unit: *id001
#       value: !astropy.table.SerializedColumn {name: radius_kron20}
#     radius_kron50:
#       __class__: astropy.units.quantity.Quantity
#       unit: *id001
#       value: !astropy.table.SerializedColumn {name: radius_kron50}
#     radius_kron80:
#       __class__: astropy.units.quantity.Quantity
#       unit: *id001
#       value: !astropy.table.SerializedColumn {name: radius_kron80}
#     semimajor_sigma:
#       __class__: astropy.units.quantity.Quantity
#       unit: !astropy.units.Unit {unit: pix}
#       value: !astropy.table.SerializedColumn {name: semimajor_sigma}
#     semiminor_sigma:
#       __class__: astropy.units.quantity.Quantity
#       unit: !astropy.units.Unit {unit: pix}
#       value: !astropy.table.SerializedColumn {name: semiminor_sigma}
#     sky_centroid:
#       __class__: astropy.coordinates.sky_coordinate.SkyCoord
#       dec: !astropy.table.SerializedColumn
#         __class__: astropy.coordinates.angles.Latitude
#         unit: *id002
#         value: !astropy.table.SerializedColumn {name: sky_centroid.dec}
#       frame: icrs
#       ra: !astropy.table.SerializedColumn
#         __class__: astropy.coordinates.angles.Longitude
#         unit: *id002
#         value: !astropy.table.SerializedColumn {name: sky_centroid.ra}
#         wrap_angle: !astropy.coordinates.Angle
#           unit: *id002
#           value: 360.0
#       representation_type: spherical
#   astropy version: '5.1'
#   make_catalog parameters:
#     ab_zpt: 31.4
#     coadd_bands: !!python/tuple [f277w, f356w]
#     deblend_contrast: 0.001
#     deblend_nlevels: 32
#     deblend_npixels: 1
#     detect_kernel_fwhm: 4.0
#     detect_kernel_npix: 7
#     detect_npixels: 4
#     detect_threshold_nsigma: 3.0
#     flag_isolated_buffer: 4
#     hst_bands: !!python/tuple [f606w, f814w, f125w, f140w, f160w]
#     jwst_bands: !!python/tuple [f115w, f150w, f200w, f277w, f356w, f410m, f444w]
#     near_border_kernelsize: 21
#     reference_band: f200w
#   make_catalog version: 1.4.0
#   photutils version: 1.5.0
# schema: astropy-2.0
label xcentroid ycentroid sky_centroid.ra sky_centroid.dec bbox_xmin bbox_xmax bbox_ymin bbox_ymax area semimajor_sigma semiminor_sigma orientation eccentricity min_value max_value local_background segment_flux segment_fluxerr kron_flux kron_fluxerr kron_radius gini equivalent_radius kron4_2_flux kron4_2_fluxerr radius_kron20 radius_kron50 radius_kron80 near_border
[from data line 1832]
1833 1345.7074927039112 2428.262880799302 214.83767279098268 52.87579845969888 1345 1347 2428 2429 5.0 0.8684003430218312 0.3923935093240879 -14.923375414077126 0.8920899540476066 0.05509936608038509 0.48108374556894995 0.0 1.50358867797052 0.6924742 8.71240338598173 2.3906994201785423 3.1042239181908906 0.32841596349961455 1.2615662610100802 18.111431179595332 3.8117304618272168 1.3774193272443553 2.183511552063554 2.837774719194121 False
1834 559.2198201507598 2432.597922508043 214.84465308525154 52.88081945034436 555 564 2429 2435 50.0 1.975083039452889 1.148275162181939 40.19526709841755 0.8136316613822994 -0.16183932733038264 0.6459866738357462 0.0 8.376737699405478 2.111008 34.98837480175313 6.674423074217145 3.314284275809501 0.5380064108582616 3.989422804014327 49.178134760420804 10.716874352301799 2.8997741225635285 8.47752263852166 10.924736041403241 False
1835 1109.8553265724534 2431.4595709430055 214.8397459040586 52.87731442447913 1107 1111 2429 2434 24.0 1.5297094914484246 0.9476898386600885 89.46688089123948 0.7849786977370021 -0.09714608532032791 0.6140659793732559 0.0 4.033588170714763 1.4455385 7.069608155591022 3.2600514838176218 2.0218667355158777 0.459666151905971 2.763953195770684 8.82121950407199 5.246870748177787 1.1983982610278998 2.322778070626562 3.2335050896000004 False
1836 8517.498612424002 2431.4195230645973 214.77364632468263 52.830224265377446 8513 8521 2429 2434 27.0 2.079904076239516 0.7826198718904608 -27.916667182733082 0.9265072528255953 -0.3208531382598036 0.5965460519845652 0.0 6.82843775141799 1.5510476 24.8422744132573 5.402053076178324 3.181883974859644 0.27692436157001976 2.9316150714175193 25.757129307091994 8.666942109677658 2.0100220727221494 4.234316610387939 8.288042757443032 False
1837 2902.7353562065473 2432.815254995842 214.82372022095527 52.86592787184594 2901 2905 2431 2435 16.0 1.1331136726504265 0.9698780792851015 -41.716506735742726 0.5170740418067932 0.07223992316973585 0.5029678728518848 0.0 4.71400589277319 1.1619927 35.852017101962126 4.779609154647172 3.535194510444947 0.2500382922111362 2.256758334191025 64.4060199367046 7.690236771714554 2.9211618797740413 5.552629851753864 8.461366166112898 False
1838 7406.136243274302 2435.7095165849873 214.78350895362914 52.83731457623193 7398 7415 2431 2441 171.0 4.06429484765433 2.2685255341268524 1.038630855319652 0.829733550866102 -0.07015304260340545 1.2019997620561382 0.0 63.22473614318376 3.688424 105.15297461956236 8.709530075730385 2.3152366486747606 0.40350005917625426 7.377736139048903 124.48011640953024 13.951518435784187 3.0233566894831325 6.04624819830658 12.9433093969961 False
1839 3695.47407486858 2433.280922495077 214.81663840341227 52.860891791290996 3694 3698 2432 2434 12.0 1.1479553918866858 0.7835296671695414 -6.141856103425496 0.7308448269932305 0.041096160646106966 0.3587616325889862 0.0 2.1536673107894764 0.8376029 26.759900317593054 3.892918182940839 3.7513308880470686 0.316251697765695 1.9544100476116797 50.95786893134871 6.240865662031983 3.2155147856686255 5.708196983941212 7.647960833197112 False
1840 4131.337013474019 2440.4275885377297 214.81267284233093 52.85815981044059 4123 4142 2432 2455 312.0 4.725194581534975 4.414218192088604 -84.00840612468865 0.3567821820988305 -0.2849189292042726 0.8522963644217685 0.0 47.7917100823421 5.8875837 74.40422317625085 15.31704235675839 2.253215498596887 0.5056165310751132 9.965574970333758 66.88239083886633 24.53553003969973 3.9987100934354842 7.480101578438034 18.07732919772384 False
1841 1939.7151606671514 2441.70994228989 214.83222582988958 52.872096139112486 1934 1946 2436 2449 134.0 3.4856724529309884 2.701240133585574 -53.72889468812753 0.6320161196005403 -0.18377046966917268 0.6458497230398154 0.0 26.00643458593727 3.4764376 91.41068576106208 13.036676402087554 3.1910651826930803 0.44845052420167425 6.530966601401967 111.01445325397451 20.86654767577536 5.045146291688349 11.834435831945758 18.223809411776955 False
1842 7337.344986785301 2439.3011957554227 214.78408452606232 52.83777134195206 7336 7339 2437 2442 20.0 1.4357628890538132 0.8175588531202361 -70.35156539465045 0.8220434966808619 -0.03525257541440388 0.5155750092547382 0.0 4.895933308329382 1.2423261 6.047526246590905 3.133805849793486 2.339783945020917 0.3248401295101237 2.5231325220201604 8.037151998610202 5.0261547977386645 1.003814848774944 1.7873326648290915 8.157745194098323 False
1843 184.07451879832547 2454.3555322871443 214.8477758502451 52.8833204251986 169 197 2439 2467 515.0 7.164241255495773 3.1101970361306503 44.361089341654186 0.9008512437896438 -0.40353731355373457 3.9043979679231806 0.0 440.05342644100267 7.5529413 507.0069340536198 12.193799993967517 1.7574672677497925 0.49513108317495197 12.80349918517013 566.6315097290756 19.394714628799665 3.6500620541217548 6.91019166528262 12.338017982770321 False
1844 3160.581921018064 2442.0937683392217 214.8213205152211 52.86433907129868 3157 3163 2439 2445 39.0 1.6262974383298694 1.558512691040258 26.48444165394357 0.28569838516438373 0.03424971135008378 0.7833815581920534 0.0 14.056382912925343 1.688849 37.42651279855873 5.687584945976523 2.931040643320451 0.3074967105886729 3.523362819972964 50.27205469871761 9.09414625982543 2.230150550807505 5.59235511993119 8.776661990466684 False
1845 3745.0113509764587 2453.917167440524 214.8159789753816 52.86068813323168 3738 3752 2443 2463 234.0 3.736904198281092 2.831983997947079 82.3149871211077 0.6524377967065729 -0.21918788234885775 1.221267519680003 0.0 47.82546636375562 4.070284 89.74005153935576 10.449735264831432 2.734273803908774 0.5016741281187801 8.63044108762739 137.70563507978972 16.685540219620435 2.9191497585980866 11.94797692464932 18.7480838936338 False
1846 7610.338477212376 2444.228679867973 214.7815985771045 52.83606199096603 7609 7611 2443 2445 6.0 0.7905951131619122 0.5518444197741688 59.509760515629885 0.7160866244252932 0.23427388010716285 0.6247988795293897 0.0 2.872137866794932 0.66257566 14.330139782330985 2.5538472954647493 3.170274474687682 0.1870405487798321 1.381976597885342 24.508078258411814 4.095057114780608 1.3903182050065668 2.484232798651933 3.883554283614268 False
1847 1388.3536752662826 2447.1028974105566 214.8370935023122 52.87562902539113 1386 1390 2445 2449 15.0 1.104408984588737 0.953553120736372 -59.50438144780572 0.5045100869717134 -0.2765649776692061 0.6025595259508307 0.0 2.9680797203198415 1.1999261 15.645816715443786 4.0521761602596 2.912035811675433 0.4124143023836332 2.1850968611841584 22.431271962040135 6.491150641728938 1.8248946125927241 4.011716973620804 6.612691050207679 False
1848 3149.815986695929 2455.29645511322 214.82127762941877 52.86447865489963 3143 3158 2445 2463 242.0 3.8354036108740144 2.836855547217098 83.27981095592811 0.6729919467819925 -0.12329129817758347 3.6619881329841606 0.0 190.6369538341969 4.3672214 243.6617532215928 8.246171069549664 2.0214821057118235 0.4991609019445394 8.77673016883152 287.6154720139232 13.099655364466312 2.3358843595881043 4.718922002180965 9.648434902955218 False
1849 9419.213545148372 2449.493630779902 214.76541967657295 52.824586936409155 9415 9425 2445 2455 91.0 2.642654145098355 1.9302280865169386 -49.77485383576715 0.6830060924892708 -0.17667085921247386 1.0704984019390333 0.0 39.5826853316389 2.922809 83.18776917924362 8.024186803360736 2.632089010697133 0.3573686797244298 5.382025607773058 82.446252109943 12.796481305894345 2.564029247982153 5.497379766669448 10.828761803968675 False
1850 6296.692272637692 2448.317719231445 214.79327012923426 52.84443668386539 6294 6300 2446 2452 35.0 1.3674626506451295 1.3414614113889656 5.88132462738289 0.19407963460150926 -0.2616607368591706 1.1816713179049552 0.0 10.58291569178112 2.0495815 16.673140353782316 4.131380917019378 2.0449092695096565 0.47800555657970834 3.3377905890622728 27.400685997256396 6.5871470454908865 1.1661481302516994 2.364303077176482 4.1348171509319585 False
1851 3247.1392924052498 2451.1073345105697 214.8204528861924 52.863837502525826 3243 3252 2447 2455 67.0 2.1862661147047713 1.5113198246601767 -24.65482701400386 0.7225879617051799 -0.16821416509845072 2.1750232248423282 0.0 35.13978448575593 2.4190288 42.2816045466198 3.246806755975254 1.4 0.45751453979825407 4.61809077155419 36.17745058725218 5.107136782345406 1.3885790864988798 2.5776728473673827 4.470664292768196 False
1852 4376.49630850346 2454.1711994932584 214.81034018902923 52.85667549647032 4371 4381 2449 2458 86.0 2.5798141831868273 2.093926160786193 4.8825726046516 0.5841332947409728 -0.29231245622379926 0.8759107232424046 0.0 26.96509688680948 3.1281505 39.46832738476681 7.154722722725426 2.0696415840419013 0.3999728132445765 5.232078956954491 59.11705082568871 11.326749992054518 2.1587286035266873 4.026546099340002 6.205566218179002 False
1853 4145.83160970306 2456.697868280108 214.8123721903838 52.85815535293856 4140 4150 2452 2460 58.0 2.6678628642293822 1.6978931110923698 48.874469597108174 0.7713390570223646 -0.4225270545090691 0.48541780035596027 0.0 5.066921731538934 2.5049949 6.710162636358913 4.376176278244231 1.4 0.44580250302639285 4.296739856991561 5.90224360321265 7.121205390315822 1.6431044320699775 2.9874779395802937 4.751096550031267 False
1854 4393.211370868434 2455.963420384831 214.8101721506409 52.85657890186517 4391 4395 2453 2458 23.0 1.6782149185332254 0.8879347422740475 66.52214171319082 0.8485627381707619 -0.08373871002827628 0.3886684903462158 0.0 3.3283134132221153 1.5749319 26.140692767939345 5.864377466552906 3.2763818995578475 0.4788749250974203 2.7057581899030048 47.33129562694219 9.310682320497698 3.625357194910502 6.8626201708694134 7.964930805496421 False
1855 8005.501632219439 2457.1709719017517 214.7779393138595 52.83361887113525 8003 8008 2453 2461 43.0 2.1254747365612188 1.5146299593488879 67.83526984431526 0.7015625898482801 -0.1659650070771167 0.582489104868241 0.0 9.139271473805284 2.0676482 17.405233094157374 3.504523938985965 1.4 0.35092918782354016 3.6996385101659595 16.47066109734261 5.63550560424284 2.082307422249644 3.7189326065585404 5.382215700026965 False
1856 8892.474793022913 2459.744879625287 214.77000600156106 52.8279921227165 8884 8900 2453 2468 204.0 3.5014538438674343 2.421300079803326 -33.369223899856394 0.7223642265589033 -0.14984880230655323 2.7975142967021376 0.0 118.86515550885912 4.350466 130.68227634205874 7.286130449861159 1.8611500451172005 0.520526435453115 8.058239062071396 142.90445762492462 11.63628797844896 1.8839644351094553 3.652686446500054 6.260623842388837 False
1857 4407.282780529293 2459.1092237836383 214.81001345570476 52.85650640580488 4402 4412 2455 2463 71.0 2.732093318856774 1.8227994612259457 33.22605703036028 0.7448960625039762 0.022418921149999625 0.8078517278267909 0.0 26.67375922911901 2.7713215 47.79564334838226 6.764381507126555 2.0738465596626683 0.2625572175239956 4.753945931439391 63.93082804694312 10.887005779961223 2.6194261687722515 4.447241502123091 8.083502425684939 False
1858 9177.653223096399 2460.479139994971 214.76745671226362 52.82618240341386 9173 9182 2456 2466 77.0 2.13300568506468 1.980088779905018 68.91611420925909 0.3718091548659013 -0.38672337532492196 0.8680989467444484 0.0 27.15678577459714 2.6649427 44.928174550327014 6.027091220280144 2.178446963093578 0.35737912866664856 4.950743503369154 47.1733243164507 9.64572809498847 2.1019800029480176 3.7325996222757563 6.863632986018813 False
1859 9919.372234196908 2463.297827438717 214.7608177076054 52.8214801530476 9913 9926 2458 2469 119.0 2.836107410574616 2.0447545640263605 47.1349432456379 0.6929639995914207 -0.14249057132701007 1.311877349290701 0.0 41.30129619310874 3.2502418 51.765179787805096 6.792994311142359 2.1415976258023677 0.47452394127880626 6.154581744998688 40.949975482303756 10.913714825140381 1.898876675805996 3.4825365819707175 6.330591443050025 False
1860 294.8167196074807 2466.137971767251 214.84666228890026 52.88268031023701 287 301 2460 2471 131.0 3.867339478589695 2.779411617119318 -24.278544339555793 0.6953323911871052 -0.4402007485971016 0.7747084804900596 0.0 23.03070817141934 3.7262309 52.584445857265266 7.980049874841939 1.6819907528824372 0.4557692616627461 6.457444935117649 51.102806476286254 12.78378087178928 4.356366622317811 6.539640535685242 9.045159340136061 False
1861 6304.960886857285 2466.327292693104 214.79300679654705 52.844481131687175 6296 6316 2460 2475 267.0 3.8949185076408144 2.878404574507913 15.800210196430015 0.6736885842376594 -0.4637962871220449 1.4084781727133464 0.0 78.44847272407296 5.555542 127.84716592654661 12.442150189799598 2.478866240532589 0.5407632913475615 9.218933756735217 122.44776055048712 19.73945675169591 2.890163614639726 5.748565466197454 15.592308150853388 False
1862 1315.6388902843858 2464.4241257740628 214.83756063586608 52.87618448040079 1314 1317 2462 2466 16.0 1.099238814830619 0.8527218559475943 23.69541520797255 0.6310545131333861 -0.1953863206047653 0.4620484941199934 0.0 1.8297134890593392 1.2422966 9.248397066994341 4.251688634239225 3.218228199318431 0.5390978102953393 2.256758334191025 13.356457329356648 6.780656810821504 1.9507009116919456 3.8759316774998678 5.743126749225802 False
1863 6077.22168922453 2463.6897803914067 214.7950659039746 52.845914863534155 6076 6080 2462 2465 13.0 1.4260368213458636 0.726475008620606 -26.54249688006599 0.8605083348253383 -0.06354616018724628 0.6607125579757037 0.0 4.121829737304577 1.1102835 17.738082085987763 4.144042348309918 2.9714249849663243 0.30463376699532757 2.0342144725641096 27.24194649973681 6.685711215437598 1.9240063835701213 3.5371026644824135 7.194090383671458 False
1864 6928.780052795968 2468.622391712308 214.7874191131195 52.84052714312503 6922 6935 2462 2477 159.0 4.0103616462342115 2.616090094053029 63.59084894250032 0.7579327352358717 -0.4927196266370293 0.5958202360932116 0.0 2.3379742635753082 4.3699026 46.827308417717205 21.924892941519666 4.456581117094311 0.6139504676112385 7.1141599576634995 68.35213713370212 34.515046533270834 16.648837830056596 21.18100235548277 26.26537214561049 False
1865 1553.1453938527357 2467.1505935924906 214.8354105130835 52.87468989532649 1550 1556 2464 2470 32.0 1.6736880967204795 1.1754730670064686 24.953465810620354 0.7118563983484563 -0.10425226291350964 0.6509338673367776 0.0 8.365604830151947 1.7795573 12.688287145258352 3.118779355681385 1.5860501797919417 0.3907752482235149 3.1915382432114616 11.228440013579458 4.981637931325591 1.3106672737855998 2.612354354342507 3.848796191911876 False
1866 1284.7214089652005 2467.5257081586064 214.83780414632588 52.87639766975657 1284 1286 2467 2468 4.0 0.6112273477730158 0.27698066727537735 49.68755063539973 0.8914317905327149 -0.10118380348576575 0.25928854726227146 0.0 0.39203385543291935 0.5955688 2.0767030144397083 1.7368379650736694 3.124614717273789 0.4380549864019073 1.1283791670955126 2.5046838964633094 2.792030759138353 0.824762318769533 1.5638384729469215 2.1956486159573445 False
1867 3372.7186800964573 2469.722645237456 214.81913583936168 52.8631396516731 3371 3374 2467 2471 14.0 1.1506978137022164 0.7576171920157349 -55.3586938607492 0.7526699230702975 -0.04251543160838461 0.3989359022330127 0.0 2.354927394044441 1.0178769 13.526711497039736 4.373895304074533 3.9295783355471605 0.43767897172221015 2.111004122822376 19.96647801098633 7.028553083634455 2.352905717087617 4.699549540061939 5.854019216473248 False
