outputs/dr0.5_c0.1/nircam2_f356w_dr0.5_c0.1.ecsv
# %ECSV 1.0
# ---
# datatype:
# - {name: label, datatype: int64}
# - {name: xcentroid, datatype: float64}
# - {name: ycentroid, datatype: float64}
# - {name: sky_centroid.ra, unit: deg, datatype: float64}
# - {name: sky_centroid.dec, unit: deg, datatype: float64}
# - {name: bbox_xmin, datatype: int64}
# - {name: bbox_xmax, datatype: int64}
# - {name: bbox_ymin, datatype: int64}
# - {name: bbox_ymax, datatype: int64}
# - {name: area, unit: pix2, datatype: float64}
# - {name: semimajor_sigma, unit: pix, datatype: float64}
# - {name: semiminor_sigma, unit: pix, datatype: float64}
# - {name: orientation, unit: deg, datatype: float64}
# - {name: eccentricity, datatype: float64}
# - {name: min_value, datatype: float64}
# - {name: max_value, datatype: float64}
# - {name: local_background, datatype: float64}
# - {name: segment_flux, datatype: float64}
# - {name: segment_fluxerr, datatype: float32}
# - {name: kron_flux, datatype: float64}
# - {name: kron_fluxerr, datatype: float64}
# - {name: kron_radius, unit: pix, datatype: float64}
# - {name: gini, datatype: float64}
# - {name: equivalent_radius, unit: pix, datatype: float64}
# - {name: kron4_2_flux, datatype: float64}
# - {name: kron4_2_fluxerr, datatype: float64}
# - {name: radius_kron20, unit: pix, datatype: float64}
# - {name: radius_kron50, unit: pix, datatype: float64}
# - {name: radius_kron80, unit: pix, datatype: float64}
# - {name: near_border, datatype: bool}
# meta:
#   PHOTMJSR: 0.4047000110149384
#   PIXAR_SR: 2.11539874851881e-14
#   __serialized_columns__:
#     area:
#       __class__: astropy.units.quantity.Quantity
#       unit: !astropy.units.Unit {unit: pix2}
#       value: !astropy.table.SerializedColumn {name: area}
#     eccentricity:
#       __class__: astropy.units.quantity.Quantity
#       unit: !astropy.units.Unit {unit: ''}
#       value: !astropy.table.SerializedColumn {name: eccentricity}
#     equivalent_radius:
#       __class__: astropy.units.quantity.Quantity
#       unit: !astropy.units.Unit {unit: pix}
#       value: !astropy.table.SerializedColumn {name: equivalent_radius}
#     kron_radius:
#       __class__: astropy.units.quantity.Quantity
#       unit: &id001 !astropy.units.Unit {unit: pix}
#       value: !astropy.table.SerializedColumn {name: kron_radius}
#     orientation:
#       __class__: astropy.units.quantity.Quantity
#       unit: &id002 !astropy.units.Unit {unit: deg}
#       value: !astropy.table.SerializedColumn {name: orientation}
#     radius_kron20:
#       __class__: astropy.units.quantity.Quantity
#       unit: *id001
#       value: !astropy.table.SerializedColumn {name: radius_kron20}
#     radius_kron50:
#       __class__: astropy.units.quantity.Quantity
#       unit: *id001
#       value: !astropy.table.SerializedColumn {name: radius_kron50}
#     radius_kron80:
#       __class__: astropy.units.quantity.Quantity
#       unit: *id001
#       value: !astropy.table.SerializedColumn {name: radius_kron80}
#     semimajor_sigma:
#       __class__: astropy.units.quantity.Quantity
#       unit: !astropy.units.Unit {unit: pix}
#       value: !astropy.table.SerializedColumn {name: semimajor_sigma}
#     semiminor_sigma:
#       __class__: astropy.units.quantity.Quantity
#       unit: !astropy.units.Unit {unit: pix}
#       value: !astropy.table.SerializedColumn {name: semiminor_sigma}
#     sky_centroid:
#       __class__: astropy.coordinates.sky_coordinate.SkyCoord
#       dec: !astropy.table.SerializedColumn
#         __class__: astropy.coordinates.angles.Latitude
#         unit: *id002
#         value: !astropy.table.SerializedColumn {name: sky_centroid.dec}
#       frame: icrs
#       ra: !astropy.table.SerializedColumn
#         __class__: astropy.coordinates.angles.Longitude
#         unit: *id002
#         value: !astropy.table.SerializedColumn {name: sky_centroid.ra}
#         wrap_angle: !astropy.coordinates.Angle
#           unit: *id002
#           value: 360.0
#       representation_type: spherical
#   astropy version: '5.1'
#   make_catalog parameters:
#     ab_zpt: 31.4
#     coadd_bands: !!python/tuple [f277w, f356w]
#     deblend_contrast: 0.001
#     deblend_nlevels: 32
#     deblend_npixels: 1
#     detect_kernel_fwhm: 4.0
#     detect_kernel_npix: 7
#     detect_npixels: 4
#     detect_threshold_nsigma: 3.0
#     flag_isolated_buffer: 4
#     hst_bands: !!python/tuple [f606w, f814w, f125w, f140w, f160w]
#     jwst_bands: !!python/tuple [f115w, f150w, f200w, f277w, f356w, f410m, f444w]
#     near_border_kernelsize: 21
#     reference_band: f200w
#   make_catalog version: 1.4.0
#   photutils version: 1.5.0
# schema: astropy-2.0
label xcentroid ycentroid sky_centroid.ra sky_centroid.dec bbox_xmin bbox_xmax bbox_ymin bbox_ymax area semimajor_sigma semiminor_sigma orientation eccentricity min_value max_value local_background segment_flux segment_fluxerr kron_flux kron_fluxerr kron_radius gini equivalent_radius kron4_2_flux kron4_2_fluxerr radius_kron20 radius_kron50 radius_kron80 near_border
[from data line 2436]
2437 1080.2281409418194 4667.329475957037 214.92504041461837 52.94429074985288 1065 1094 4656 4682 601.0 5.00068092297762 4.817109893405565 73.2402894550194 0.26846014139231367 0.13571566005055993 6.094732175176359 0.0 622.1588397630743 2.5886292 696.8293260645016 3.6637244446691017 1.6538026785898534 0.5132991687371801 13.831277655967225 750.0568434693575 5.774162648188212 3.0049202019877574 6.028143230050515 11.204334226844498 False
2438 8305.758032388187 4658.012505547952 214.8604720219352 52.898355025192224 8305 8307 4657 4659 7.0 0.7265706809207668 0.6983423056172173 -79.12602707667119 0.27603188093779896 0.23766675332845366 0.3487484752383865 0.0 1.9836587809152364 0.2871672 15.6044940532909 1.2174823688250087 3.611512902294555 0.07352392440712156 1.4927053303604616 21.962643982955747 1.9493166464939693 1.9454973884827993 3.304425563038948 4.929099046417697 False
2439 1344.5447273418486 4660.948655079488 214.9227396602903 52.94257839165557 1342 1347 4658 4664 32.0 1.8180270378057861 1.2349970064975933 65.98460777994379 0.7338549656394433 0.1824268670992733 0.4599269130758102 0.0 10.282631371772679 0.5627668 22.40585450108842 1.6744756302629458 2.5246189883707304 0.12805094786507812 3.1915382432114616 22.466353822529115 2.72126546213576 1.9140075385666124 3.529636782027071 5.861219544074947 False
2440 6962.295104672755 4661.912139323435 214.8724442288625 52.90691033299683 6960 6965 4659 4666 35.0 1.7514510699387844 1.3698870105358372 -78.75632384073295 0.6230976691567542 0.17496878054545106 0.6023153660665957 0.0 12.166635896187119 0.6011936 24.74504934639873 1.680632244576405 2.437171128761287 0.1768977950145678 3.3377905890622728 25.619595169393527 2.726787611330121 1.8593073225591163 3.4425280353961543 5.538619801289079 False
2441 9234.150158645367 4661.139218943843 214.8521401505476 52.89247361630022 9232 9236 4659 4663 18.0 1.316046710891339 1.0308099329299534 -32.89938403258817 0.6216912254805901 0.2133571840590015 0.3756960962006406 0.0 5.252155879798996 0.46677944 23.825305204678507 1.8007176335146693 3.1250601090637806 0.09206017893803535 2.393653682408596 39.80098297887159 2.8715553299199494 2.2619055516440305 4.125712936883301 6.948264863250687 False
2442 1122.085702993521 4665.979134862351 214.92467963200642 52.94401774644829 1115 1129 4661 4670 83.0 3.826374616559859 1.6131457143521806 -23.59315406936752 0.9067884542378329 0.1775892528855179 0.5203344492853446 0.0 27.0779344427761 0.9035101 101.85162767173023 3.3974627877518695 3.0966503014537348 0.15528355770464666 5.140011726956917 126.9256466899723 5.3533308108308315 4.466566448044413 9.369086848818474 16.70845360700412 False
2443 3881.3916764506325 4664.241748183504 214.89998705132393 52.92648958246091 3878 3885 4661 4668 48.0 1.7862522147329556 1.7687045187601007 54.963712278542936 0.13982487188941067 0.12006292432680164 0.588401073910753 0.0 16.10397869358501 0.68960255 25.77791052882263 1.3366445480891174 1.702411396399568 0.20194098625570994 3.9088200952233594 23.63311425932252 2.1420000926900413 1.8423169102796904 3.2923326147807286 5.057428863336124 False
2444 8347.870587821793 4664.849020209805 214.86002352839878 52.89812435726446 8345 8351 4661 4668 47.0 1.8843891815509128 1.5944559757589118 -63.96670976712744 0.5329616083458004 0.21747320642474968 0.9237284600767176 0.0 25.22175210430483 0.88528705 76.57549739347812 2.645023864839425 2.9785430411025455 0.21097963681692794 3.8678889139475245 91.07508486557714 4.110539180946745 2.631746553076623 6.050091564025854 10.065780247122266 False
2445 2201.9163771737785 4662.868388209046 214.9150396320732 52.93714574189277 2201 2203 4662 4664 8.0 0.8698758413642889 0.6781539352347915 -42.151737930962405 0.6262795842418252 0.24366006680364152 0.2922734541987856 0.0 2.079718371716607 0.27878648 32.488979016751244 1.3021772771686537 3.842676087848709 0.038510145513459125 1.5957691216057308 62.58446705438696 2.08089901938103 2.908479617807829 4.818602408962029 6.302534947026027 False
2446 3340.464640749678 4669.093521040875 214.90477862753312 52.92995050944473 3334 3346 4662 4676 144.0 3.0651844497912073 2.591352517281914 55.39190347377303 0.5341101902244085 0.11794302099205259 1.3204187695161909 0.0 76.42219954164972 1.277396 102.46707767367954 2.519988536936251 1.913615973652114 0.3215745525487692 6.770275002573076 101.420479051715 3.9686243462684616 2.4408170318338254 4.50584896189889 7.646911068024163 False
2447 3814.524477031798 4674.990459500878 214.90047242186483 52.926972188290144 3804 3825 4663 4687 396.0 4.874989437199756 3.8838471705094713 83.03115788216518 0.6043903642125965 0.14060591025286215 2.931485977770824 0.0 323.3516064278382 2.1332552 377.8002785005075 3.4487337801540034 1.7219324697342298 0.4185321225106596 11.227230955528665 400.5445651001721 5.440400964064399 3.1719014257101215 6.096326601959773 10.12058057490344 False
2448 9506.580804447076 4664.910691050055 214.8496655906587 52.89076303287273 9505 9508 4663 4667 14.0 1.542925697823285 0.7407169152982729 -60.34412190907827 0.8772285607509729 0.17932281790724494 0.2620665680030106 0.0 3.0607581878765253 0.40948305 54.42778960940724 2.097243682960734 3.883406103895046 0.0750219144194366 2.111004122822376 107.64208335686115 3.390077613751366 4.290094019108902 7.214930679786653 9.403546495944747 False
2449 373.7268585692672 4677.420390571001 214.9312644470376 52.94882994995472 366 381 4669 4685 201.0 3.308660213817518 2.820360941365536 51.32511457960682 0.5228612172742988 0.12666263558204938 2.567736178745829 0.0 137.69331623456299 1.4397981 157.64858944506722 2.138999239751082 1.604980804029023 0.4255814452944694 7.998767850296815 163.43967428637842 3.3699500439111283 2.152918436732514 4.115143659482737 6.9599007062961045 False
2450 202.50400941491498 4672.634964801035 214.93284923572918 52.949890947169635 201 204 4671 4674 10.0 0.9426832933695886 0.7703870621521317 67.41710195060281 0.5763146750116744 0.14848988116799516 0.4052212007924964 0.0 3.039169303062502 0.31638008 14.898738433241498 1.2190373678560085 3.2451316159616956 0.1654858796278431 1.7841241161527712 15.36720566301895 1.9390924563935688 1.7411530556240524 3.3270895426855214 5.021787574356336 False
2451 861.7251573298765 4677.00172401822 214.926896194515 52.9457300149367 858 866 4671 4683 86.0 2.849458112776137 1.8666882047019835 83.22708516932391 0.7555396891397269 0.06596992010384993 0.500814393707856 0.0 22.88070508747007 0.93069017 39.85426886919062 2.2990427558925566 2.2828318411348203 0.24847251381178148 5.232078956954491 39.45961193795736 3.7124936660815075 2.4503632593241518 4.717187462528802 8.407830402003565 False
2452 1846.1921192772518 4675.213935576008 214.91809570476735 52.9394707563722 1841 1851 4671 4680 90.0 2.3749891508548138 2.202707782178482 -5.737206780302485 0.37392202325229773 0.13442241965424626 0.9985408092456698 0.0 39.259955206630224 1.0304708 57.51903092647531 2.206769652426257 2.1117822861205573 0.28691145578797217 5.352372348458314 65.6237340236628 3.5437802273183925 2.114400606715049 3.967258899177283 6.498340813590191 False
2453 1105.5953580848743 4674.483794140742 214.92473777785625 52.94416834211904 1104 1107 4673 4676 13.0 1.2765143071480811 0.8051670884897871 48.65664699824971 0.7759824837847764 0.24183516977853012 0.3728901419765303 0.0 3.837344605487456 0.38694632 29.495836964020494 1.5201140405552465 3.360926353276766 0.07726522524907876 2.0342144725641096 49.5705130536223 2.4074128312197174 2.5524531920082256 4.886616269775375 6.985617264015346 False
2454 3892.006787436071 4683.982917197359 214.89968408499186 52.926528710823646 3884 3901 4673 4693 201.0 5.720538348892109 2.323877459348461 -45.71094891614099 0.9137690610584187 0.1036975349004824 0.7893367970708212 0.0 77.21993577430351 1.4424789 126.55008546938967 3.2769216104195156 2.019556969101881 0.22687341101270647 7.998767850296815 126.76024286164936 5.244561066628713 3.979989634991484 7.356207307547136 11.605935418732683 False
2455 6232.47464124868 4674.055879969091 214.8788443788024 52.91161148020409 6232 6233 4673 4675 6.0 0.7933314483941357 0.498865327124923 87.94281490233709 0.7775482064687144 0.2213041346042112 0.3314535016019977 0.0 1.6721270303278062 0.25437912 11.475053551241283 0.945629984104964 3.529033111968023 0.07628848940562512 1.381976597885342 16.00385043395775 1.5241477899591893 1.6517332053606655 2.8291943122149834 4.074372422482345 False
2456 7364.828875946532 4676.953812485148 214.86868584953035 52.904434517608806 7361 7369 4673 4681 65.0 2.0655336976755954 1.8186020806615353 -28.54894705761008 0.47413636651156094 0.13156928413956986 1.008860650288861 0.0 28.275553465834424 0.824503 50.35094681738418 2.197403645006546 2.4529930072750856 0.2915727294229538 4.54864184146723 60.49965843921887 3.5343221220699093 2.0467296478547627 4.03984031787954 7.899842276536078 False
2457 7970.855276019491 4676.514551258472 214.86327143154836 52.900582376990144 7968 7974 4673 4680 47.0 2.1822492408994196 1.5616949367930664 56.232945903072626 0.6984739723603076 0.17712468926319794 0.5384137213212804 0.0 15.841177098559195 0.7579497 44.942825732257745 2.6215765731988183 2.7176821791401577 0.134064323720095 3.8678889139475245 43.32393038663095 4.123347664613575 2.739264873094253 5.298836874890084 10.234493142205066 False
2458 7876.025218056358 4679.611412989662 214.86408671638065 52.90120150198802 7872 7880 4676 4683 47.0 2.1489663736382987 1.4786831940921783 -34.117526192729386 0.725624945425175 0.14047322494895248 0.6584678444545499 0.0 17.687442863193322 0.7652476 39.1968993093173 2.2307307511433474 2.5499726929173265 0.18749804774894924 3.8678889139475245 40.11141380900656 3.546609177695463 2.2515845814718767 4.3218046428976065 7.516129748963958 False
2459 8196.77159751885 4680.410699950117 214.86121051767017 52.899168196841345 8193 8201 4677 4684 57.0 2.0837022587956224 1.8554285367114043 14.167517674552592 0.4550849761972037 0.19399607235743582 0.5907071347722213 0.0 19.271794996279798 0.81504935 41.53288423379499 2.5645341423657246 2.681012662544842 0.17172502724139638 4.259537945889915 51.65453493730446 4.078191917974515 2.4603947006936364 4.590114086791688 8.16609137848513 False
2460 6964.559263917282 4687.957069425735 214.87214967134398 52.90703643965965 6959 6971 4679 4695 144.0 4.046474260112697 2.103871132719025 64.6695221640885 0.8542107104093694 0.12392300580929683 1.3450584557870642 0.0 71.8801900881879 1.2876977 106.93379012484058 2.806334489183522 2.124319638478663 0.3193014461004324 6.770275002573076 111.03341665569157 4.4560096917590695 2.7703411242630427 5.329133771263572 9.06280998868872 False
2461 9151.024492189415 4684.2186205503185 214.85264007061988 52.89312620737238 9146 9156 4679 4689 96.0 2.7734638228559265 2.1820834408520393 -34.42278747977211 0.6172438375859661 0.20250552493828133 0.8528013758363576 0.0 44.80549640857517 1.0882202 81.94397679394737 2.8029173460164083 2.351245129928252 0.22529624567445825 5.527906391541368 111.22026662809864 4.458457689422181 2.6976532817092806 5.168673072059135 8.741827389005005 False
2462 1219.1856043076323 4690.599510452539 214.92355035331903 52.94353426434713 1211 1229 4682 4697 166.0 4.958485554481108 2.1740419024356785 -35.04203598530686 0.8987561817952197 0.1352830744690738 0.9220856900964758 0.0 65.27808568435731 1.3045764 95.57306362611588 2.899905738747027 1.9493174675786042 0.2596249120740068 7.269074295019226 113.81134252855294 4.640446808921684 3.15313568167745 5.86531358074869 9.383477464609472 False
2463 7137.585850333516 4697.164629444896 214.87050522696785 52.90598702683766 7125 7150 4682 4712 445.0 7.205053536121209 3.0006612548986027 -52.1238148596139 0.9091512006562993 0.13503437737487006 3.1697877021804772 0.0 345.8391812932987 2.2986345 418.38341655171484 3.9979580005934134 1.8198028043588497 0.4069368727148289 11.901592303208293 468.8163697027701 6.32262007786189 3.532019408584838 7.197492732744355 13.051118534790605 False
2464 630.4578320086013 4687.212797019988 214.92886079419705 52.947253184734315 627 633 4683 4691 45.0 2.008375435603459 1.5061310389966394 89.08756042171444 0.6615228089989582 0.07140797839732796 0.4950971727564727 0.0 12.828330876445646 0.6513408 43.13112865904911 2.2806083554398735 3.037492885174029 0.19046156399547529 3.7846987830302403 76.57202708396836 3.6332887886318455 2.8832069372926385 6.661536630996102 10.876832577848674 False
2465 7488.82589516373 4688.4301651026335 214.86745613136281 52.90370874856409 7483 7495 4683 4694 120.0 2.629947727099016 2.288651922432275 -41.86580272235484 0.4926506902646539 0.0949393361074213 1.682871000822482 0.0 71.30157190375263 1.2068932 92.19934866077695 2.2235669646101677 1.9179860896771699 0.3854567598605495 6.180387232371033 103.31811796681075 3.5282920751898206 2.0346228026422417 3.7311528081359397 6.6098701930329735 False
2466 1255.1373711071617 4690.405510101058 214.92323031321317 52.943304989937324 1249 1261 4684 4697 106.0 3.765006235730283 1.6751282956071023 41.73384409336261 0.8955700903902188 0.09456291099833555 0.8870316787733964 0.0 41.302145151042346 1.0760261 59.24586093560336 1.8769771748140824 1.6735253341560208 0.27505878183652177 5.808687281605183 55.61164703509219 3.024479970406026 2.3212398602604143 4.6620778534884835 7.876624897910013 False
2467 3064.9707131965292 4709.0998584254685 214.90682387997947 52.93191566753906 3048 3084 4686 4735 1321.0 8.558428679244257 4.83350951870383 -74.94509352463537 0.8252510932606011 0.12351782999919286 24.418732058227988 0.0 2457.1480045999556 4.1422553 2521.8349808332496 4.603575992963429 1.4563816555616071 0.6220848705550853 20.505788442505388 2683.7283420839403 6.923996259591081 3.1598927329572875 7.04894305755825 13.815829349502245 False
2468 2905.0165949307534 4689.793706375659 214.9084595073621 52.93282707091914 2903 2907 4687 4692 19.0 1.6884099412056666 0.8195089121390223 52.89102077883958 0.8743070801975524 0.22058793804479537 0.45549100272332416 0.0 6.206812786809648 0.4191029 28.906291222050317 1.6857974244277543 3.2495350996485337 0.12056842454110193 2.4592453796829674 39.96143804982131 2.7335394310634804 2.434889249953757 4.581701682471376 7.053602227708899 False
2469 1052.87227573431 4690.333760582797 214.92504316082932 52.94458859961105 1051 1054 4689 4692 11.0 1.0337900069038806 0.7409889240231885 43.30452210936122 0.6973103987259537 0.15140829715909204 0.3859155144863506 0.0 3.033017440827875 0.32641104 15.831073578592234 1.2342171852294905 3.241331400743098 0.16699617309556228 1.8712051592547776 25.55918314528185 1.9914695308711001 1.8902810749524208 3.6794032124579013 5.921466451980002 False
2470 1405.880578361723 4691.56970810491 214.92186761128568 52.94235432533213 1403 1409 4689 4694 35.0 1.5983267889437387 1.414696809444843 32.57571792451803 0.46537974882494154 0.12117292885482438 0.4951712223203043 0.0 10.029055205435231 0.5873425 24.63562471990307 1.8429055613751208 2.721919536857207 0.2073042489588827 3.3377905890622728 24.535340195914046 2.945583336799941 2.008280590525695 3.987038821476409 6.457301477624746 False
2471 3431.857408150774 4695.84916282239 214.90367854080935 52.929514599991485 3426 3439 4689 4703 165.0 3.3011598321946662 2.386879017304982 -52.09065236737041 0.6908034983961161 0.11583842843484572 2.383348429727494 0.0 113.28569826516903 1.4146478 139.41401199746707 2.382339620429713 1.794771173999163 0.41061235297164517 7.247146419131151 145.3169138971989 3.7109729243433596 2.1455620850034904 4.094403019775942 7.205678119633588 False
