outputs/dr0.5_c0.1/nircam2_matched_f277w_f410m_dr0.5_c0.1.ecsv
# %ECSV 1.0
# ---
# datatype:
# - {name: label, datatype: int64}
# - {name: xcentroid, datatype: float64}
# - {name: ycentroid, datatype: float64}
# - {name: sky_centroid.ra, unit: deg, datatype: float64}
# - {name: sky_centroid.dec, unit: deg, datatype: float64}
# - {name: bbox_xmin, datatype: int64}
# - {name: bbox_xmax, datatype: int64}
# - {name: bbox_ymin, datatype: int64}
# - {name: bbox_ymax, datatype: int64}
# - {name: area, unit: pix2, datatype: float64}
# - {name: semimajor_sigma, unit: pix, datatype: float64}
# - {name: semiminor_sigma, unit: pix, datatype: float64}
# - {name: orientation, unit: deg, datatype: float64}
# - {name: eccentricity, datatype: float64}
# - {name: min_value, datatype: float64}
# - {name: max_value, datatype: float64}
# - {name: local_background, datatype: float64}
# - {name: segment_flux, datatype: float64}
# - {name: segment_fluxerr, datatype: float32}
# - {name: kron_flux, datatype: float64}
# - {name: kron_fluxerr, datatype: float64}
# - {name: kron_radius, unit: pix, datatype: float64}
# - {name: gini, datatype: float64}
# - {name: equivalent_radius, unit: pix, datatype: float64}
# - {name: kron4_2_flux, datatype: float64}
# - {name: kron4_2_fluxerr, datatype: float64}
# - {name: kron4_2_mag, datatype: float64}
# meta:
#   PHOTMJSR: 0.8704000115394592
#   PIXAR_SR: 2.11539874851881e-14
#   __serialized_columns__:
#     area:
#       __class__: astropy.units.quantity.Quantity
#       unit: !astropy.units.Unit {unit: pix2}
#       value: !astropy.table.SerializedColumn {name: area}
#     eccentricity:
#       __class__: astropy.units.quantity.Quantity
#       unit: !astropy.units.Unit {unit: ''}
#       value: !astropy.table.SerializedColumn {name: eccentricity}
#     equivalent_radius:
#       __class__: astropy.units.quantity.Quantity
#       unit: !astropy.units.Unit {unit: pix}
#       value: !astropy.table.SerializedColumn {name: equivalent_radius}
#     kron_radius:
#       __class__: astropy.units.quantity.Quantity
#       unit: !astropy.units.Unit {unit: pix}
#       value: !astropy.table.SerializedColumn {name: kron_radius}
#     orientation:
#       __class__: astropy.units.quantity.Quantity
#       unit: &id001 !astropy.units.Unit {unit: deg}
#       value: !astropy.table.SerializedColumn {name: orientation}
#     semimajor_sigma:
#       __class__: astropy.units.quantity.Quantity
#       unit: !astropy.units.Unit {unit: pix}
#       value: !astropy.table.SerializedColumn {name: semimajor_sigma}
#     semiminor_sigma:
#       __class__: astropy.units.quantity.Quantity
#       unit: !astropy.units.Unit {unit: pix}
#       value: !astropy.table.SerializedColumn {name: semiminor_sigma}
#     sky_centroid:
#       __class__: astropy.coordinates.sky_coordinate.SkyCoord
#       dec: !astropy.table.SerializedColumn
#         __class__: astropy.coordinates.angles.Latitude
#         unit: *id001
#         value: !astropy.table.SerializedColumn {name: sky_centroid.dec}
#       frame: icrs
#       ra: !astropy.table.SerializedColumn
#         __class__: astropy.coordinates.angles.Longitude
#         unit: *id001
#         value: !astropy.table.SerializedColumn {name: sky_centroid.ra}
#         wrap_angle: !astropy.coordinates.Angle
#           unit: *id001
#           value: 360.0
#       representation_type: spherical
#   astropy version: '5.1'
#   kernelfile: kernel_f277w_f410m.fits
#   make_catalog parameters:
#     ab_zpt: 31.4
#     coadd_bands: !!python/tuple [f277w, f356w]
#     deblend_contrast: 0.001
#     deblend_nlevels: 32
#     deblend_npixels: 1
#     detect_kernel_fwhm: 4.0
#     detect_kernel_npix: 7
#     detect_npixels: 4
#     detect_threshold_nsigma: 3.0
#     flag_isolated_buffer: 4
#     hst_bands: !!python/tuple [f606w, f814w, f125w, f140w, f160w]
#     jwst_bands: !!python/tuple [f115w, f150w, f200w, f277w, f356w, f410m, f444w]
#     near_border_kernelsize: 21
#     reference_band: f200w
#   make_catalog version: 1.4.0
#   photutils version: 1.5.0
# schema: astropy-2.0
label xcentroid ycentroid sky_centroid.ra sky_centroid.dec bbox_xmin bbox_xmax bbox_ymin bbox_ymax area semimajor_sigma semiminor_sigma orientation eccentricity min_value max_value local_background segment_flux segment_fluxerr kron_flux kron_fluxerr kron_radius gini equivalent_radius kron4_2_flux kron4_2_fluxerr kron4_2_mag
[from data line 4152]
4153 314.99563213007053 2650.0068862150933 214.95314399906988 52.93825414973948 293 337 2634 2661 936.0 7.4052388535019515 4.843991936580099 -1.8018833808927908 0.7563817852708361 0.1628540354252261 11.059104685243998 0.0 1407.1919149240443 6.4973907 1731.0599298159823 10.688021607110203 2.021912487221588 0.5397226300811198 17.26088217525478 2167.838967914879 17.68222516091863 23.05993245333158
4154 326.93314077779064 2686.7811957827735 214.95264979424127 52.938377020622276 280 371 2645 2730 5237.0 9.878793350358567 8.786341573397179 -7.276852485958536 0.4571016656123332 0.18406852487202902 217.8570910298609 0.0 24195.434771438042 16.352934 23420.96379012713 13.787808206261017 1.4 0.7976250767748224 40.828775072790414 24959.097132048813 20.08388112199256 20.40692782207951
4155 8831.416481036835 2651.2727412801037 214.87690103603023 52.8841920006543 8820 8844 2642 2661 326.0 4.92306423554623 3.3968259827012015 28.218456197090504 0.7238264726432838 0.23152014235767243 2.9661278442406798 0.0 281.7103648383036 3.912357 362.66950696999777 7.216857761746961 1.9592850701209112 0.390759256789427 10.186708148166206 380.1621889661432 11.356728758937182 24.95007770092234
4156 8824.745280266276 2661.673693079769 214.87685119456387 52.88429048179822 8822 8828 2659 2664 27.0 1.5055517366370088 1.328969197300329 28.10711077172831 0.4699136160396618 0.2490277123010584 0.4164753187041877 0.0 8.97813208169768 1.0089344 38.4824345396956 3.8245712853303484 3.094465636996407 0.08474263983300091 2.9316150714175193 56.3605906579139 6.131230841642032 27.02256116035238
4157 4133.940279019726 2695.1539079987447 214.91846219880824 52.91425824328028 4089 4177 2658 2734 4316.0 14.984026900391527 7.698226848667697 42.21223974716674 0.8579326235359265 0.19623439992844768 36.7729917697639 0.0 11506.26914912853 14.516509 11595.335536606082 15.032423800766288 1.4347180973350953 0.668300027382405 37.06515167605875 12440.21941057044 23.121582744432903 21.162929899603412
4158 4178.097085632234 2690.237417151397 214.91811866948422 52.91395137186395 4164 4194 2675 2710 660.0 6.864159058030058 4.594373384867118 -43.042273950873074 0.7429671055339389 0.1940610962858057 5.046989053311521 0.0 566.4272077630751 5.405627 815.5267331628985 10.998249691421007 2.1843648050843543 0.43823383612835204 14.494292838262302 1086.6479853884007 17.70572507071929 23.809777802072112
4159 4407.747800034015 2668.451364861953 214.91629228683772 52.912375802903405 4402 4414 2664 2674 83.0 3.031785841349331 2.096553399015412 -12.21335312966834 0.7223532555765643 0.20694617578352212 0.41588722428585645 0.0 25.05896139673807 2.1166685 94.92973989404555 7.804753253306518 3.074352320415671 0.10638628501823445 5.140011726956917 185.99461452861988 12.5149213093899 25.726249076476225
4160 4396.01573280053 2681.417206925257 214.91626080099655 52.912520275497876 4379 4412 2668 2693 559.0 6.870048737061696 5.420394680222715 13.685867026766608 0.6144069865138576 0.1467389986570591 0.922156079263257 0.0 236.42739464242197 5.2906675 442.24523304011416 14.067402742121535 2.423102900407335 0.2279171144331582 13.339236349084569 600.637327383323 23.282020681596872 24.45346920376558
4161 4420.043960154119 2678.0534392411455 214.91608113023224 52.91234956988028 4407 4438 2669 2688 377.0 7.557404702218052 3.831135827286984 -4.006205698508984 0.8619825038879103 0.16155551800309914 0.8611244473625091 0.0 148.9079327024345 4.326522 566.6571657921179 17.57343055293281 3.1344863827197855 0.17821850482138363 10.954580187815921 990.4872004989288 inf 23.91037783057255
4162 4419.482392398187 2690.4588948296514 214.91595555296138 52.91242009913636 4411 4427 2683 2697 164.0 4.724036496867798 2.6245257118971628 -36.85861714202663 0.8314707927010878 0.20066897678529422 0.5378061993364291 0.0 55.62135744636602 2.8909318 299.10965369125665 11.96078615378061 3.3374795091039373 0.10660513419780712 7.225151993843567 415.4984078600328 20.140986790068226 24.853576590102364
4163 9347.531073435159 2712.0629203977082 214.87164758087158 52.88124162913006 9338 9356 2707 2718 172.0 4.4837595689067715 2.7221053156473114 -3.063315835519466 0.7946229043530972 0.22156952218671097 0.628170098790321 0.0 66.44992390368816 2.778961 196.75401228657987 9.355050823427984 2.8360151984373876 0.13822029555656418 7.399277020331919 343.67937459745866 15.024455112285013 25.059616326532776
4164 9305.47007557277 2712.245798225007 214.87202161518184 52.881509789059585 9282 9328 2691 2724 869.0 7.698804060293274 7.003552265732744 40.331898530915616 0.4152802378622688 0.23462112991324002 4.839253900557722 0.0 934.7284850227256 6.430136 1590.4641242131886 15.240480341255626 2.2877692369780838 0.4309640452236546 16.63163525014044 1889.9159150852495 24.7594314384318 23.20889379436429
4165 9322.651593401275 2724.8831455848745 214.87173501878434 52.881468817827304 9311 9342 2706 2735 509.0 6.13897442413377 5.183967807024105 -46.08370088200551 0.5356572805328985 0.2598675862150587 5.178773948406222 0.0 913.228207442194 4.971902 1131.88199781539 7.131193120877745 1.8524190994825465 0.42812085071780087 12.728697186576065 1321.567053995722 12.112977394808219 23.59727699158126
4166 9288.64679753783 2733.195674836104 214.8719514723351 52.881729656106245 9261 9304 2703 2754 1135.0 11.238090962905947 6.860988871903697 52.932588408569565 0.7920070417246958 0.30209361196232526 4.6783370193317015 0.0 1934.952982225204 7.3681746 2629.2278344221922 13.644933525181829 1.9689881463010974 0.3537865637449761 19.007412259921193 3093.757950662091 23.374184563557844 22.67378416906408
4167 9276.907458419173 2765.8241273323692 214.8717129561768 52.881980224459454 9251 9295 2726 2809 2264.0 14.88340146720502 9.549033161705898 -87.19181160978641 0.7670482350359247 0.2598797467120036 4.964558239714075 0.0 3271.456202426756 10.250832 4964.769665715134 22.31106448797045 2.10809523925331 0.3795794640827565 26.844991754889815 5734.79044841737 36.64938447709592 22.003706116925834
4168 9324.347429085445 2770.7232188950234 214.87123734700523 52.881705308004655 9293 9369 2715 2839 5775.0 22.075625444269075 12.546267503585499 76.83514780895905 0.8227998576228632 0.23534786860783458 35.859039866604185 0.0 19888.636618447916 17.380556 23605.761605777898 25.725383275907426 1.6473515368952678 0.4989649639230622 42.87469641538458 25158.833351046356 41.24320559734035 20.398273753948295
4169 9300.625901677626 2781.4606100061546 214.87133635755197 52.88191390676648 9266 9312 2757 2812 1086.0 10.723073142486466 6.601507286081642 -70.33745793316017 0.7880308437652968 0.32149275363808816 16.282442712168017 0.0 4381.598559124327 7.549018 4959.910475581804 8.528660495605967 1.585961800180218 0.45076565812154995 18.592593589803354 5384.719329242067 12.430003390383634 22.07209232187977
4170 9292.030584380856 2808.8227863539532 214.87112516794528 52.88211609651764 9279 9299 2800 2823 257.0 5.154690196208805 3.7733374785536338 -58.147173812229916 0.6812828999880767 0.5443390014377424 2.2288651789738503 0.0 302.6260912693379 3.554885 494.9199319739884 6.516014384630348 2.4674918504811 0.226937916482346 9.044647077096718 836.3089202004082 12.603331498879449 24.094083177345823
4171 9307.713828569553 2821.0217169624175 214.87085657547334 52.8820822755423 9288 9337 2807 2839 771.0 8.590228816225126 6.75727973944139 39.93788528840317 0.6174323916371819 0.23833303793812316 2.5982687726838853 0.0 787.7952698933075 6.1234293 1943.8529891977219 18.759954631759395 2.8271547128198673 0.31162027159027816 15.665788274060857 2840.0879794963967 31.31608321784171 22.766670515711645
4172 9279.557841420894 2819.303888360574 214.87112632915114 52.882251859575256 9267 9290 2812 2827 221.0 5.810122118832728 2.9367908474104754 29.478384701933578 0.8628493806869412 0.2561699790111648 0.6924150515436328 0.0 103.91670018321776 3.149885 678.6523516780828 12.953826056125752 3.475074977924438 0.14597687314091032 8.387281135541944 1109.9703058246594 21.12199776909891 23.78672159850406
4173 9323.566270970427 2838.0681730232623 214.87053544477956 52.88207352644032 9311 9337 2830 2847 307.0 6.2058393577884825 3.7851759773559572 10.7305339826027 0.792449295269772 0.2344396200636993 0.9985720251576694 0.0 160.00633619313868 3.906506 940.2763613502249 15.200756467938053 3.380430250932466 0.20548147771164407 9.885400096021595 1473.2042377268936 24.16094999785394 23.47934260137766
4174 2807.7586842219816 2707.447554845184 214.9302070845575 52.922743330304584 2797 2818 2693 2721 458.0 5.294695067590505 3.561865083976138 -61.275509316512604 0.7398940963493656 0.16266760348918421 5.503543714301646 0.0 449.52698389800094 4.76723 528.8446789218943 7.524767281711944 1.837080178011387 0.49117915260107736 12.074184356393443 597.6955327320111 11.675618909829277 24.458799975344217
4175 2803.4463074565288 2728.632842888401 214.93002264998483 52.92288508721794 2797 2809 2721 2736 171.0 3.560303784800356 2.4487988815533366 64.01938468718154 0.725894402514224 0.13676160363705234 1.7813846971892382 0.0 90.83193092063868 2.777601 149.53798848506614 6.251066966446059 2.33503573054649 0.3748839850772575 7.377736139048903 191.8376223215483 10.107361082569785 25.69266554238734
4176 2812.5677022827654 2730.3911886118844 214.9299224502376 52.92283668131402 2810 2816 2726 2735 60.0 2.403146887877248 1.684570868026124 -82.25214206564915 0.7131756287240111 0.20712692284665196 0.5704299923398135 0.0 21.289726205892173 1.5922775 63.15321414613854 5.645138620116388 2.9970226392138892 0.17297682211117144 4.370193722368317 94.1514316032872 9.022230127484649 26.465432680018953
4177 8381.593549156012 2713.45904437714 214.88026801678666 52.88738454200975 8376 8388 2709 2719 107.0 3.200308348867725 2.046578695991305 -25.557971625561507 0.7687959031623335 0.1908405619048803 0.993614756155368 0.0 51.11156471319574 2.1795087 85.53645913561266 5.187859992638091 2.260150231564223 0.24688604596211391 5.836022431559495 90.85179493475906 8.443760109646117 26.504166220076417
4178 8373.789782019543 2723.2783207892026 214.8802344284062 52.887487079933145 8370 8378 2720 2727 56.0 2.0044086365808704 1.8258436683119528 -46.308941966179056 0.41259651597160957 0.20434606540028227 0.6661089105107169 0.0 22.892498896106197 1.5741346 40.483793413680516 4.129315019036365 2.3447405511329107 0.18469838024413157 4.222008245644752 54.598247930690725 6.474147497084412 27.05705323418329
4179 817.9960760647509 2730.8919663991223 214.94778473226373 52.93549891194638 801 834 2714 2750 929.0 5.704401546750548 4.6019748829389275 83.98215373422974 0.5909051372404347 0.1953100034778733 19.557890470411 0.0 1886.8446955402587 6.981803 1942.5849989812302 7.901500346480422 1.5509090140559851 0.6549788961954939 17.19621714984844 2128.7886875448967 11.841549011474664 23.07966861576526
4180 805.7698360073695 2751.01275802646 214.9476824236754 52.9356851708402 803 808 2748 2754 26.0 1.9065869024253754 1.1479873566874694 45.86519958860473 0.7984082717488665 0.22711294078778294 0.2854559479581623 0.0 6.590576717945443 1.0142771 69.1448226507554 4.70157454116861 3.5549595233954085 0.03490000307957026 2.876813695875796 134.5381843442249 7.321689749793788 26.077886094052488
4181 1272.6941226832153 2719.231627018936 214.94383336421424 52.93255021464706 1268 1277 2716 2722 55.0 2.50912035714968 1.6348663006176025 14.396816549978821 0.7585889430752821 0.26157873865141257 0.41395805407842134 0.0 18.560399587142754 1.4897903 60.77471525636008 5.2316053677682826 2.8860323287560936 0.07541202366704032 4.1841419359420025 63.54607635849192 8.477212442869352 26.89227814929979
4182 1281.5281990866047 2719.79689226306 214.9437482633566 52.93249720080791 1278 1285 2717 2722 36.0 2.0776997624117435 1.2970371205317202 -4.275294541401552 0.7812119309364531 0.2176481854180516 0.4172222267215611 0.0 11.648282442930935 1.1929412 44.17532565031841 4.3942675239414655 3.0232940223004494 0.09225339649205958 3.385137501286538 55.967812416535736 7.133279093597034 27.030154169484746
4183 299.52919060366753 2721.9190889755837 214.9525253965508 52.93874071062034 298 301 2720 2724 18.0 1.374135743176712 0.9951580220706613 -68.7999769626385 0.6895831793118907 0.20538380626502448 0.2629254950183407 0.0 4.274856377553585 0.8495413 88.91582938564912 3.9452838422661305 3.96113609167732 0.04426888345662303 2.393653682408596 175.85974314341905 5.784840395005689 25.78708391374426
4184 300.93569562615215 2726.3465634675536 214.9524661709343 52.93875569852286 299 303 2725 2727 8.0 1.3023951244182073 0.5324314992878147 22.50460611981765 0.9126197416863615 0.19637885739993924 0.23786595143061862 0.0 1.7426902833573052 0.5677307 47.55374706967345 2.9656246612696164 4.018147093387688 0.04129857863132828 1.5957691216057308 117.18995293771577 4.668033584966422 26.227774050375608
4185 7883.306498504648 2760.4079596280026 214.88422926396365 52.8908025823558 7877 7890 2755 2765 105.0 2.963949847695405 2.4954553061311 22.702573647983783 0.5395778080748723 0.26494047068375537 0.7348342744712557 0.0 50.45074597088625 2.0187192 303.8729878509824 7.726131800522247 3.4389381878653773 0.15403230996637135 5.781222885281108 538.3792860592114 12.795898844469356 24.572279144449233
4186 7867.95489177508 2763.9462802374806 214.8843292943969 52.890919171871424 7858 7877 2755 2773 224.0 4.323730387648607 3.958377341280951 3.098897865036049 0.4023168284658044 0.2626726890418277 1.1803738269074684 0.0 121.23768649075522 3.1018982 496.11904703561225 11.302557811812708 3.096609521791037 0.21804684785149114 8.444016491289505 772.2054580595938 17.98339949130225 24.180667832612652
4187 7921.793348094408 2772.6129684587177 214.8837566312352 52.89062399482425 7902 7937 2752 2792 722.0 8.768863174769823 5.5129966133019455 62.76807796505059 0.7776467971964376 0.2932148042594958 3.5569415160582643 0.0 585.5982990437385 5.3996954 1143.5124367017745 15.518616988148766 2.4908929202408756 0.32941106809279314 15.159806655254442 1397.6504048971674 24.70604147141767 23.536503613340635
4188 7872.842922040782 2781.7605420496147 214.88409805899522 52.89098423791668 7850 7897 2755 2804 872.0 9.952357026771733 4.731150919341035 -42.05519975562813 0.8797806030391475 0.2798043437162801 7.4903364877220975 0.0 1182.7483656225168 6.1117563 1868.7527833990964 12.945940649659482 2.2523790448595826 0.4837532069330761 16.66031874701878 2303.8898399801565 21.508956358397192 22.993845726134758
4189 7890.331418417944 2795.5722052130795 214.88379628185928 52.890947681681205 7858 7920 2753 2825 2398.0 9.201412680120447 8.811392879298225 -25.756594777570715 0.2880577071423695 0.2661057321811377 53.51039725930113 0.0 9627.437534790668 10.944307 10404.389320107952 12.465220631690453 1.5352354070119565 0.6301709522450295 27.628013085792652 11233.486453484042 19.56227207132153 21.27371358518832
4190 7917.186482446764 2794.2070291507575 214.88357051161265 52.89076975574567 7909 7930 2783 2805 306.0 4.441349265522627 3.681052077004466 40.916515009308135 0.5595243450230811 0.2811265302759418 6.346276764012304 0.0 535.764482932967 3.6595163 672.8315954618508 5.605448159171456 1.9530731958627443 0.41103803418759 9.869286963719311 826.3915712590926 9.187087195485569 24.10703530257858
4191 7916.603614280431 2816.6265595409304 214.8833397182748 52.89089441271099 7903 7927 2805 2828 347.0 5.9967858634047575 3.63955179569799 -45.90499205624034 0.7947651551952948 0.25638151164560014 2.0166188903371367 0.0 277.5905414271857 3.8702989 491.241261653848 10.127630882094481 2.3970160269515324 0.3066984711369325 10.509687459947386 676.5885174627745 16.07582600719842 24.324188442489188
4192 10160.200768648194 2765.0046737402095 214.8638272526036 52.876364812964724 10153 10169 2756 2781 295.0 4.690158987843218 3.200724089902637 -68.16107855420655 0.7309471919817433 0.17361973845344794 3.3211750175178834 0.0 221.34942180762343 3.5262895 293.84223439691993 6.9815585913199705 2.0257481904610275 0.4343820351403459 9.690274321412074 347.6411823924403 11.154512322531964 25.047171954074106
