outputs/dr0.5_c0.1/nircam2_f814w_dr0.5_c0.1.ecsv
# %ECSV 1.0
# ---
# datatype:
# - {name: label, datatype: int64}
# - {name: xcentroid, datatype: float64}
# - {name: ycentroid, datatype: float64}
# - {name: sky_centroid.ra, unit: deg, datatype: float64}
# - {name: sky_centroid.dec, unit: deg, datatype: float64}
# - {name: bbox_xmin, datatype: int64}
# - {name: bbox_xmax, datatype: int64}
# - {name: bbox_ymin, datatype: int64}
# - {name: bbox_ymax, datatype: int64}
# - {name: area, unit: pix2, datatype: float64}
# - {name: semimajor_sigma, unit: pix, datatype: float64}
# - {name: semiminor_sigma, unit: pix, datatype: float64}
# - {name: orientation, unit: deg, datatype: float64}
# - {name: eccentricity, datatype: float64}
# - {name: min_value, datatype: float64}
# - {name: max_value, datatype: float64}
# - {name: local_background, datatype: float64}
# - {name: segment_flux, datatype: float64}
# - {name: segment_fluxerr, datatype: float32}
# - {name: kron_flux, datatype: float64}
# - {name: kron_fluxerr, datatype: float64}
# - {name: kron_radius, unit: pix, datatype: float64}
# - {name: gini, datatype: float64}
# - {name: equivalent_radius, unit: pix, datatype: float64}
# - {name: kron4_2_flux, datatype: float64}
# - {name: kron4_2_fluxerr, datatype: float64}
# - {name: radius_kron20, unit: pix, datatype: float64}
# - {name: radius_kron50, unit: pix, datatype: float64}
# - {name: radius_kron80, unit: pix, datatype: float64}
# - {name: near_border, datatype: bool}
# meta:
#   PHOTMJSR: 0.3925000131130219
#   PIXAR_SR: 2.11539874851881e-14
#   __serialized_columns__:
#     area:
#       __class__: astropy.units.quantity.Quantity
#       unit: !astropy.units.Unit {unit: pix2}
#       value: !astropy.table.SerializedColumn {name: area}
#     eccentricity:
#       __class__: astropy.units.quantity.Quantity
#       unit: !astropy.units.Unit {unit: ''}
#       value: !astropy.table.SerializedColumn {name: eccentricity}
#     equivalent_radius:
#       __class__: astropy.units.quantity.Quantity
#       unit: !astropy.units.Unit {unit: pix}
#       value: !astropy.table.SerializedColumn {name: equivalent_radius}
#     kron_radius:
#       __class__: astropy.units.quantity.Quantity
#       unit: &id001 !astropy.units.Unit {unit: pix}
#       value: !astropy.table.SerializedColumn {name: kron_radius}
#     orientation:
#       __class__: astropy.units.quantity.Quantity
#       unit: &id002 !astropy.units.Unit {unit: deg}
#       value: !astropy.table.SerializedColumn {name: orientation}
#     radius_kron20:
#       __class__: astropy.units.quantity.Quantity
#       unit: *id001
#       value: !astropy.table.SerializedColumn {name: radius_kron20}
#     radius_kron50:
#       __class__: astropy.units.quantity.Quantity
#       unit: *id001
#       value: !astropy.table.SerializedColumn {name: radius_kron50}
#     radius_kron80:
#       __class__: astropy.units.quantity.Quantity
#       unit: *id001
#       value: !astropy.table.SerializedColumn {name: radius_kron80}
#     semimajor_sigma:
#       __class__: astropy.units.quantity.Quantity
#       unit: !astropy.units.Unit {unit: pix}
#       value: !astropy.table.SerializedColumn {name: semimajor_sigma}
#     semiminor_sigma:
#       __class__: astropy.units.quantity.Quantity
#       unit: !astropy.units.Unit {unit: pix}
#       value: !astropy.table.SerializedColumn {name: semiminor_sigma}
#     sky_centroid:
#       __class__: astropy.coordinates.sky_coordinate.SkyCoord
#       dec: !astropy.table.SerializedColumn
#         __class__: astropy.coordinates.angles.Latitude
#         unit: *id002
#         value: !astropy.table.SerializedColumn {name: sky_centroid.dec}
#       frame: icrs
#       ra: !astropy.table.SerializedColumn
#         __class__: astropy.coordinates.angles.Longitude
#         unit: *id002
#         value: !astropy.table.SerializedColumn {name: sky_centroid.ra}
#         wrap_angle: !astropy.coordinates.Angle
#           unit: *id002
#           value: 360.0
#       representation_type: spherical
#   astropy version: '5.1'
#   make_catalog parameters:
#     ab_zpt: 31.4
#     coadd_bands: !!python/tuple [f277w, f356w]
#     deblend_contrast: 0.001
#     deblend_nlevels: 32
#     deblend_npixels: 1
#     detect_kernel_fwhm: 4.0
#     detect_kernel_npix: 7
#     detect_npixels: 4
#     detect_threshold_nsigma: 3.0
#     flag_isolated_buffer: 4
#     hst_bands: !!python/tuple [f606w, f814w, f125w, f140w, f160w]
#     jwst_bands: !!python/tuple [f115w, f150w, f200w, f277w, f356w, f410m, f444w]
#     near_border_kernelsize: 21
#     reference_band: f200w
#   make_catalog version: 1.4.0
#   photutils version: 1.5.0
# schema: astropy-2.0
label xcentroid ycentroid sky_centroid.ra sky_centroid.dec bbox_xmin bbox_xmax bbox_ymin bbox_ymax area semimajor_sigma semiminor_sigma orientation eccentricity min_value max_value local_background segment_flux segment_fluxerr kron_flux kron_fluxerr kron_radius gini equivalent_radius kron4_2_flux kron4_2_fluxerr radius_kron20 radius_kron50 radius_kron80 near_border
[from data line 4612]
4613 6097.45955204034 4255.328444376921 214.8844622027748 52.91021000352953 6041 6152 4208 4297 3187.0 13.133662711563003 7.063538085261638 -31.07843713952064 0.8430601017044645 -0.37260975292323034 70.33249507545453 0.0 16886.918792225024 17.714176 17215.676575193196 15.310006373843768 1.4 0.6952658979740092 31.85048833640924 17486.59606176051 21.662265984921167 5.450303109700077 10.897298220603242 17.664124119344468 False
4614 6156.155015563374 4288.442559983026 214.88358836757095 52.91001587615808 6108 6204 4236 4335 5469.0 20.14553303516422 12.054191205433762 -53.50164561879925 0.8012307116185406 -0.6189320747775957 5.569712661223991 0.0 3387.2552866839105 23.508436 3706.9156681119725 33.732360364916765 1.5424141289202953 0.5305311534074254 41.72333600683377 3902.0440078575402 54.059318567555216 11.155219134175173 20.513950814901825 32.630725361784215 False
4615 6110.218539984821 4277.107258665384 214.88411869732806 52.9102464697748 6067 6159 4218 4322 3421.0 13.74479758934202 9.183405525918996 -39.051809984504764 0.7440384216813178 -0.4641293229720851 16.850851366868696 0.0 8979.354232081841 18.59869 9882.016871556205 20.03547143975987 1.4082823956378325 0.6560505875551311 32.9990624205408 10264.40459415432 28.915951248755132 7.27712486109849 12.859718810141201 20.435792561522078 False
4616 3645.7646067433147 4180.3871599241 214.90719278644437 52.925374440847186 3632 3660 4167 4194 604.0 5.187425727371441 4.936477482444004 48.33599081997727 0.3072657701557247 -0.3248205724355983 5.101309451398071 0.0 603.5123779379777 7.37939 757.015183530762 12.797385735869074 1.8938365647037823 0.5217430145334504 13.86575534383214 841.632155501021 20.44347517614089 3.5983447574348872 7.043092249753119 13.706852547785232 False
4617 3645.9958962746655 4192.177029550735 214.90706654226722 52.925436604131235 3639 3655 4189 4198 107.0 2.306035353007584 1.86539288532824 15.190128318175976 0.587921852372039 0.007465533444495374 7.809256250198904 0.0 200.46409155075077 3.082158 237.42335210422544 5.0713877340690106 1.8993191136642953 0.5328203352364592 5.836022431559495 279.45831420489503 8.259178356275903 1.4966989576062728 2.8445187118438753 4.852686347038714 False
4618 9177.101362407435 4177.17714610571 214.8577463918653 52.890226272752386 9174 9181 4173 4179 41.0 1.9384802761275042 0.9747455771909647 40.21897250434652 0.8643794617597559 -0.2826877799254395 0.47228926646547076 0.0 0.7413905511513328 1.8267845 3.6295780743595625 2.4184920138830077 1.4 0.8587125514250648 3.6125759969217834 1.3664162994861977 3.8271109152414646 1.0010152746911145 1.7134342909067757 nan False
4619 9188.687874464124 4178.695762623904 214.85762683881194 52.8901608519829 9181 9194 4174 4183 111.0 3.286076440046601 2.538379422742958 29.521607222638703 0.6350571962765751 -0.40912045213559317 0.4962310568805672 0.0 8.285987709378741 2.9310634 7.16774334647975 7.460206052496177 2.0787665360472993 0.42862231334069695 5.944106103225343 3.9751350384987205 11.886550403791423 1.4145732833088698 17.05105138839614 4.478516123704249 False
4620 8080.609086701211 4190.079029319785 214.86741276215463 52.8972615854065 8066 8096 4175 4202 497.0 6.759150434696735 3.7952172093558927 -42.87856338864304 0.8274813307322015 -0.33214525643872334 2.2429889645088714 0.0 246.4997242023435 6.627675 317.4297057320797 11.053813256964014 1.6469616775315958 0.4907198220754311 12.577758680835945 315.7418385266421 17.72381811264308 3.9492044426674573 7.93098292222206 13.567097936344855 False
4621 8071.071776589786 4201.170497267442 214.86738123882958 52.89738199355036 8063 8079 4191 4208 178.0 3.440389983869985 2.5698963318217025 46.343596435108 0.6648485259693757 -0.21854305081802036 2.423814486553876 0.0 121.51932548136216 4.025451 156.83284755598396 7.988957161209079 2.017819723710955 0.474186166714717 7.527227892173502 168.44969933506724 12.782471782720785 2.3428901425196322 4.298440001206964 7.7808148225144045 False
4622 675.3071528184943 4194.128492837435 214.9336531559199 52.94430619709133 660 692 4180 4206 373.0 9.173226289942658 2.963782984616789 -38.578211298981046 0.9463680459388972 -0.5147427199993727 0.7317007708579596 0.0 52.18518705495373 6.640909 142.52186844365295 22.98024999530505 2.95614011014409 0.4240216602457355 10.896310731002211 146.77553786829358 35.93600855300665 8.468093333259807 15.350831922856349 33.12033722167905 False
4623 656.2157668292868 4208.892093676084 214.9336687111338 52.94450709331022 649 665 4200 4217 188.0 4.842328239261293 2.4392328417672293 -56.738523104284795 0.8638603269473815 -0.1424618614530511 0.8631839117309562 0.0 48.05982758121293 4.6856956 89.64135272588709 11.61862262503926 2.3082526279367306 0.4339117538024277 7.735777827895049 121.34913669102953 18.730789900372415 3.9595489026261568 7.880834501673991 13.502906080480946 False
4624 3481.003683409897 4202.179711378304 214.90843834758908 52.92653818110516 3472 3491 4192 4213 268.0 5.183131800683108 2.729087232046306 -46.24944518917616 0.8501550149007336 -0.32230405962657377 1.395011318502871 0.0 97.07095601294232 4.9557867 110.3728810858287 7.022026307470039 1.4 0.4464608184066315 9.23618154310838 107.50191743759612 11.209882007793981 2.9144149989698658 5.6552177124161425 8.36106076294939 False
4625 3472.026351934867 4213.445825176122 214.9084000639627 52.926655987025214 3466 3479 4206 4220 148.0 2.615831280885941 2.2884864539048815 -57.85272083814084 0.48437566006097477 -0.3217210545894222 2.887583986558419 0.0 92.75750796742467 3.6881886 95.82739734857509 4.582408422319167 1.4 0.5213564076686379 6.863662517577698 91.57974449119226 7.275199188891718 1.6280504310242483 2.986897310602131 4.680846721777471 False
4626 9075.55965669544 4225.412770728118 214.8581460865322 52.89113150228609 9048 9103 4193 4256 1853.0 10.724162168284977 7.857650487653747 -53.123666375060324 0.6805460597226044 -0.5726280853472542 2.4858334215622038 0.0 458.5992735995327 14.845607 620.7157345862212 29.68738895370208 2.1977483061117304 0.5982739931428946 24.286379291663962 885.1963221217968 45.995198023970914 5.204482349645695 11.780067798223719 31.52547359006994 False
4627 9055.892475601422 4243.799138303148 214.85812827185902 52.89135560404393 9046 9070 4229 4258 353.0 7.456968473673611 3.7515414658144848 58.19447907968061 0.8642328398200841 -0.4440686939920582 1.1270642544847338 0.0 43.71502438127089 6.1236486 186.85455426115527 22.38708961230622 2.9357643975345957 0.49427755313093535 10.600159896099592 346.5814405135816 35.75085080370873 9.52181030427537 25.594173842288164 31.174747947354255 False
4628 8539.77431428144 4219.075225956972 214.86300228113433 52.89450110913042 8536 8544 4215 4222 61.0 2.314700524672894 1.6715325049297962 -22.65789001792952 0.6917493385046677 -0.11663705074673533 1.1253889238010832 0.0 33.09961417521129 2.5284688 65.29732068437056 7.144423054714861 2.5135126486522053 0.3116392351044727 4.406461512053774 78.01722100588937 11.487049354795221 2.340341429962558 4.290175873711204 9.278033989306682 False
4629 8532.59683748884 4219.470890673917 214.86306228027132 52.89454883945201 8529 8535 4216 4222 39.0 1.6701162012057673 1.44901299469234 -15.077013623726211 0.49724166657496244 0.0566108933949047 1.0651328424718967 0.0 20.438206201540112 2.1026165 59.83061857247746 6.951402742543279 3.0841008043420386 0.28793151890911367 3.523362819972964 69.4404163039847 11.100593133264942 2.3106775820299177 5.191093686983921 8.259772468592937 False
4630 4037.8712633421083 4244.673553036979 214.90300551139688 52.92323169946606 4013 4059 4227 4265 1163.0 5.135166139142875 4.546837918821853 -25.143627459487043 0.46476987596276065 -0.43199626889990417 25.977218014219837 0.0 1284.4380681712046 10.610272 1265.27656364793 9.29064263220996 1.4 0.7792756161560861 19.24043652393959 1320.8745041515535 15.100913292129418 2.03056854980055 4.0042706382953615 7.508207136754851 False
4631 4009.3872869898923 4250.356466808688 214.90320063651347 52.92344323326727 4006 4014 4243 4255 93.0 3.1587874881795717 1.965714272160458 -86.3816857636944 0.782778632560466 -0.24442458981642012 0.7513879141332559 0.0 17.290810863444324 3.0215585 35.90965876501753 6.57869064100254 1.9170544363510797 0.49671740765869604 5.440847306724618 38.37257696063595 10.523575575568252 2.6088948073954628 5.597196587210978 7.943514209085468 False
4632 4023.5116538018133 4276.382491510651 214.90280008683237 52.923494005078474 4012 4037 4263 4288 473.0 4.8348810941835385 3.3626565906348382 -39.491841840419056 0.7185267382819384 -0.3325622279737133 5.144360052023123 0.0 256.2803955958065 6.887338 267.9597567294286 8.35700136355668 1.4727285587261607 0.6202826256780654 12.27031279816994 287.4317941365424 13.579783153226924 2.1843856594693283 4.29127521016598 8.065694871064148 False
4633 1376.4274319400897 4239.7829880371255 214.92689054913018 52.94010224340474 1373 1381 4235 4245 61.0 2.217726544115723 1.739889977687121 72.56380777503551 0.620081181126661 -0.2169457810017715 0.986893621531365 0.0 23.96081913589017 2.4146678 44.76113673225076 6.430096046465461 2.418357432876431 0.28911915000921484 4.406461512053774 54.23663756626547 10.343097441215644 2.1723620366538547 4.076239742567551 8.180368865117094 False
4634 1385.8792769558077 4240.856439048257 214.92679456692164 52.94004803960103 1380 1394 4236 4246 129.0 4.421791562585654 1.9651614518812344 7.0661259405315455 0.8958153075236497 -0.36080629903104333 0.6944949453436713 0.0 22.12113791842183 3.454824 76.13503063988902 12.64138465772171 3.164059169641291 0.4258884597505784 6.407961869245868 80.56877223199831 20.296613647609455 5.570285956469489 10.644709660188878 18.23125211890221 False
4635 3280.828966361476 4250.04395172342 214.90972645509402 52.92806747595859 3274 3286 4242 4257 144.0 3.7996191438105367 2.298116152576282 -63.994676055015425 0.7963561119045185 -0.3970480822809523 0.7580269871535656 0.0 30.80586010221154 3.5963836 64.30860761318175 9.789096467929404 2.4676998564181996 0.41443465630088666 6.770275002573076 36.91435868851989 15.660954686004848 3.2055217153325217 6.974868131620269 14.806142813871947 False
4636 3272.898346784167 4261.5592549939565 214.90967617714904 52.92817998148404 3271 3276 4257 4263 29.0 1.5204447932193863 1.1204453323353327 -61.71152187418493 0.6759805710168537 -0.2501812788632534 0.6615962434920724 0.0 5.426415784720016 1.6218585 12.353068019676899 3.949819054015351 2.2216723908032097 0.5317502905658237 3.0382538898732494 15.770444009509614 6.288117494868969 1.4219557037569546 2.797122308685626 4.918822294428592 False
4637 3633.847926206795 4255.7968991014195 214.9065052340725 52.92585710127775 3614 3651 4244 4276 738.0 7.025161385064548 5.400429133376925 34.26285772187526 0.639577407075617 -0.5239817273215901 2.496732294034306 0.0 303.4829301096504 8.4830065 410.92335684448994 15.838274715701028 1.8844499565462867 0.5165714185918228 15.326861909850873 424.4084034102068 25.238067504620275 5.037820591994346 8.96057365732687 18.765555452237294 False
4638 3612.897000484308 4254.5404621811895 214.90670603482042 52.9259833463342 3606 3618 4248 4261 125.0 3.0967237995382626 2.7350000117315276 8.38921156792965 0.469012628959545 -0.33658506031205754 1.0285473353175811 0.0 21.509889017873043 3.439239 61.653516159207285 11.589924982192043 2.965845365342927 0.4998611041527063 6.3078313050504 68.0503349974284 18.597742307458287 3.889371002485566 8.573307148580552 15.416734521263606 False
4639 3611.6814281751845 4276.491832094963 214.90648571594195 52.92610953855914 3587 3638 4258 4306 1123.0 12.497267494456585 5.062907339623805 -45.79830133727312 0.9142630126989238 -0.36406590470391426 2.6551501243298365 0.0 394.91283477488366 10.381541 454.35397823961785 17.513618246479922 1.6008610061503976 0.5147686616240038 18.906665549070173 505.7592426384646 27.86623410299606 6.2888540423948 11.708832188249342 20.31799936840769 False
4640 3596.667521028054 4271.873694113357 214.90666877204183 52.92617994355654 3594 3600 4268 4277 54.0 1.9487493814690378 1.3634763093675537 68.11818421923881 0.7144687563364401 -0.43846996380513076 0.7790125542605242 0.0 11.056741386056087 2.2899053 19.456866945628832 4.6898510135833815 2.0929842686321867 0.4614251736933493 4.145929793656026 8.597079280026502 7.490276099037727 1.439963436385942 2.9140157615813105 6.178926728187002 False
4641 10108.81719510456 4260.386031519691 214.84854352235214 52.88475535843577 10103 10115 4255 4267 117.0 4.008590302273321 2.562303589642373 -81.13610702896858 0.7690379183346902 -0.5348300728093668 0.3783804708453674 0.0 -4.230959047423897 3.320344 -13.903658510435594 6.104021468911986 1.4 -0.4576722288807556 6.102643417692329 -27.476276201373928 9.829014865667165 4.491313162366935 7.640840951609292 12.36037078920437 False
4642 10116.77934461955 4261.7519659634045 214.84845799211442 52.88471213363878 10111 10121 4259 4267 66.0 2.4731338817653823 1.882493593443251 69.63924458533793 0.6485437385630698 -0.2451081912705593 0.4118646604215273 0.0 2.6164773761566367 2.5211353 7.64309620936167 4.162948549213321 1.4 0.5053140764649898 4.583497844237541 8.191307322985917 6.660112401680967 2.0247014623282924 5.903086863890204 6.905828473456189 False
4643 10119.34975174113 4276.150015747343 214.84828341713066 52.88477343569886 10107 10131 4268 4284 282.0 6.277939513773881 3.407576092975317 32.74594243021383 0.8398711997073538 -0.34881778438811806 0.43699488618829446 0.0 2.8534214963216815 5.379307 -0.08990599379522779 9.11511114562026 1.4 0.5503240667469498 9.474354220939228 -10.130940197769853 14.54400669837949 21.30007050790906 21.30523146581351 21.31040870290198 False
4644 10132.568646203244 4276.45372217801 214.84816209957813 52.8846910827975 10129 10135 4273 4279 30.0 1.6505730047302885 1.3772735688622828 -50.82568473491486 0.5511268404949835 -0.20257059312213596 0.2668334699967812 0.0 1.6006665407276897 1.7299156 9.99144616101573 6.315449301080548 3.0127968538769583 0.5188128954101766 3.0901936161855166 18.042864140874137 10.132264713698342 3.1834868248496435 5.215100785567083 7.410756633417354 False
4645 2665.312695072322 4257.6629962534635 214.91515779071082 52.9320164995571 2663 2668 4256 4260 22.0 1.3196765911236514 1.216924845086687 27.59644002496667 0.3868594492013694 -0.18021165834651054 0.45010401629843627 0.0 5.611260815951978 1.5640864 13.457241510018438 4.338348570324208 2.363985723690215 0.2532788257720449 2.6462837142006137 22.73371305871641 6.961077009702639 1.704050741996566 2.925664947655967 4.281622637591148 False
4646 2656.687308682135 4261.644308285542 214.91519309848948 52.932092750764625 2651 2664 4257 4267 102.0 3.1047445516604064 2.0697925343700265 21.106199669592502 0.7453666994686731 -0.28983066838068744 0.7212267031631638 0.0 25.552940341526895 3.368893 43.7847275621444 8.152475626798498 2.1944788953941265 0.3677729945419077 5.698035485213008 50.65584797247348 13.08984517265511 2.5101448859851256 4.853011937100626 10.261069787805486 False
4647 3344.86356138608 4282.153959497376 214.90881491949742 52.92783421537745 3318 3369 4256 4291 1027.0 7.152005658703858 5.722024126300967 64.1132171099868 0.5999217670115718 -0.6325755991797442 11.762643187569662 0.0 917.3104751931407 10.014124 1089.5257045395222 13.467808879922163 1.6130725134923465 0.696259216329888 18.080493718666894 1162.4866628567393 21.185408775096214 4.273657544795484 7.261941093005971 13.12018394496361 False
4648 3345.6261911493007 4299.406260782386 214.9086263793547 52.927922489113634 3303 3388 4267 4331 3650.0 15.557963675579368 9.383750007582238 -3.094994652897133 0.7976295205086154 -0.6670755244496075 3.939027773592605 0.0 1911.2615931787884 18.966862 2099.5719283841977 23.5189856438255 1.4 0.6055874468931675 34.085643379153574 2177.2884079365563 37.407146506531845 8.146868764503035 14.062327722352803 22.757960503716355 False
