outputs/dr0.5_c0.1/nircam2_f160w_dr0.5_c0.1.ecsv
# %ECSV 1.0
# ---
# datatype:
# - {name: label, datatype: int64}
# - {name: xcentroid, datatype: float64}
# - {name: ycentroid, datatype: float64}
# - {name: sky_centroid.ra, unit: deg, datatype: float64}
# - {name: sky_centroid.dec, unit: deg, datatype: float64}
# - {name: bbox_xmin, datatype: int64}
# - {name: bbox_xmax, datatype: int64}
# - {name: bbox_ymin, datatype: int64}
# - {name: bbox_ymax, datatype: int64}
# - {name: area, unit: pix2, datatype: float64}
# - {name: semimajor_sigma, unit: pix, datatype: float64}
# - {name: semiminor_sigma, unit: pix, datatype: float64}
# - {name: orientation, unit: deg, datatype: float64}
# - {name: eccentricity, datatype: float64}
# - {name: min_value, datatype: float64}
# - {name: max_value, datatype: float64}
# - {name: local_background, datatype: float64}
# - {name: segment_flux, datatype: float64}
# - {name: segment_fluxerr, datatype: float32}
# - {name: kron_flux, datatype: float64}
# - {name: kron_fluxerr, datatype: float64}
# - {name: kron_radius, unit: pix, datatype: float64}
# - {name: gini, datatype: float64}
# - {name: equivalent_radius, unit: pix, datatype: float64}
# - {name: kron4_2_flux, datatype: float64}
# - {name: kron4_2_fluxerr, datatype: float64}
# - {name: radius_kron20, unit: pix, datatype: float64}
# - {name: radius_kron50, unit: pix, datatype: float64}
# - {name: radius_kron80, unit: pix, datatype: float64}
# - {name: near_border, datatype: bool}
# meta:
#   PHOTMJSR: 0.3925000131130219
#   PIXAR_SR: 2.11539874851881e-14
#   __serialized_columns__:
#     area:
#       __class__: astropy.units.quantity.Quantity
#       unit: !astropy.units.Unit {unit: pix2}
#       value: !astropy.table.SerializedColumn {name: area}
#     eccentricity:
#       __class__: astropy.units.quantity.Quantity
#       unit: !astropy.units.Unit {unit: ''}
#       value: !astropy.table.SerializedColumn {name: eccentricity}
#     equivalent_radius:
#       __class__: astropy.units.quantity.Quantity
#       unit: !astropy.units.Unit {unit: pix}
#       value: !astropy.table.SerializedColumn {name: equivalent_radius}
#     kron_radius:
#       __class__: astropy.units.quantity.Quantity
#       unit: &id001 !astropy.units.Unit {unit: pix}
#       value: !astropy.table.SerializedColumn {name: kron_radius}
#     orientation:
#       __class__: astropy.units.quantity.Quantity
#       unit: &id002 !astropy.units.Unit {unit: deg}
#       value: !astropy.table.SerializedColumn {name: orientation}
#     radius_kron20:
#       __class__: astropy.units.quantity.Quantity
#       unit: *id001
#       value: !astropy.table.SerializedColumn {name: radius_kron20}
#     radius_kron50:
#       __class__: astropy.units.quantity.Quantity
#       unit: *id001
#       value: !astropy.table.SerializedColumn {name: radius_kron50}
#     radius_kron80:
#       __class__: astropy.units.quantity.Quantity
#       unit: *id001
#       value: !astropy.table.SerializedColumn {name: radius_kron80}
#     semimajor_sigma:
#       __class__: astropy.units.quantity.Quantity
#       unit: !astropy.units.Unit {unit: pix}
#       value: !astropy.table.SerializedColumn {name: semimajor_sigma}
#     semiminor_sigma:
#       __class__: astropy.units.quantity.Quantity
#       unit: !astropy.units.Unit {unit: pix}
#       value: !astropy.table.SerializedColumn {name: semiminor_sigma}
#     sky_centroid:
#       __class__: astropy.coordinates.sky_coordinate.SkyCoord
#       dec: !astropy.table.SerializedColumn
#         __class__: astropy.coordinates.angles.Latitude
#         unit: *id002
#         value: !astropy.table.SerializedColumn {name: sky_centroid.dec}
#       frame: icrs
#       ra: !astropy.table.SerializedColumn
#         __class__: astropy.coordinates.angles.Longitude
#         unit: *id002
#         value: !astropy.table.SerializedColumn {name: sky_centroid.ra}
#         wrap_angle: !astropy.coordinates.Angle
#           unit: *id002
#           value: 360.0
#       representation_type: spherical
#   astropy version: '5.1'
#   make_catalog parameters:
#     ab_zpt: 31.4
#     coadd_bands: !!python/tuple [f277w, f356w]
#     deblend_contrast: 0.001
#     deblend_nlevels: 32
#     deblend_npixels: 1
#     detect_kernel_fwhm: 4.0
#     detect_kernel_npix: 7
#     detect_npixels: 4
#     detect_threshold_nsigma: 3.0
#     flag_isolated_buffer: 4
#     hst_bands: !!python/tuple [f606w, f814w, f125w, f140w, f160w]
#     jwst_bands: !!python/tuple [f115w, f150w, f200w, f277w, f356w, f410m, f444w]
#     near_border_kernelsize: 21
#     reference_band: f200w
#   make_catalog version: 1.4.0
#   photutils version: 1.5.0
# schema: astropy-2.0
label xcentroid ycentroid sky_centroid.ra sky_centroid.dec bbox_xmin bbox_xmax bbox_ymin bbox_ymax area semimajor_sigma semiminor_sigma orientation eccentricity min_value max_value local_background segment_flux segment_fluxerr kron_flux kron_fluxerr kron_radius gini equivalent_radius kron4_2_flux kron4_2_fluxerr radius_kron20 radius_kron50 radius_kron80 near_border
[from data line 2701]
2702 10286.842869376662 4956.699364670424 214.8396202631366 52.88737840049401 10283 10290 4953 4961 57.0 2.1520574487621897 1.8236590594645294 -59.14845426272164 0.5309508900660211 0.05398377055374711 0.5023581450833412 0.0 18.579618595904403 4.5929 64.57686836991594 16.24877617062887 3.022383180541762 0.1783562768077681 4.259537945889915 100.23348157610891 25.97441977155603 3.2837129935474527 6.984578721364907 11.983737100103966 False
2703 9335.035169926032 4963.591656119042 214.84805321556223 52.89346348743962 9329 9343 4956 4971 158.0 3.5939464472497296 2.8644331985877365 -59.03794722640833 0.6039580519690166 0.16400313926964036 1.1803173619341836 0.0 106.59163354400027 7.883553 185.20170258528515 19.96331843902422 2.3004953408356217 0.21177919098897788 7.091753098990329 256.1481456349635 31.782232522907673 3.4451536943162906 6.231056180035336 10.104938978431369 False
2704 3159.7653635045103 4963.827229637062 214.903291770272 52.932688523565886 3154 3167 4959 4969 123.0 3.264280570727708 2.681837156886794 1.7572275245446405 0.570106694922679 0.09536903085628348 0.4793405028491397 0.0 38.58521411518359 6.6089215 59.26367362466354 14.303128499384473 1.8323264914125605 0.13642752708116934 6.257165172872317 52.54128712134506 22.967038181003563 3.1192688523810115 5.204899867883137 7.472660595639557 False
2705 8689.314354135584 4963.373966835561 214.85382714459118 52.897564973757575 8685 8695 4959 4968 77.0 2.7504576143391746 1.9256631459417086 -13.371373064963612 0.7140206502907024 0.040662050057725024 0.3396868547313215 0.0 17.93433309817623 5.424056 40.79571761004193 16.095709886382657 2.5891827564092513 0.1917684591539276 4.950743503369154 30.98471457905601 25.65489666307677 3.0405701136439496 5.527235810790163 9.168530652193189 False
2706 4087.161483759511 4968.03863277187 214.8949449846985 52.92682230378679 4080 4095 4961 4976 169.0 4.297145494014888 2.6001197420476436 42.499190340652255 0.7961641563141674 0.1751813874455083 1.0761145376020154 0.0 92.95189329444503 8.062036 191.27037823091203 21.931100904206062 2.4188542935975086 0.2025138171550563 7.334464586120832 201.2558565502016 35.26355367638773 3.9027368723715656 7.70890998591925 13.2318699477365 False
2707 6436.884091627927 4963.282931257801 214.87396951241809 52.91187335440427 6436 6438 4961 4965 12.0 1.2269492645767945 0.7393704370622055 -79.77462192829476 0.7980367293047592 0.1983901786641801 0.2793618331968143 0.0 2.775381074735651 2.018925 38.124815703943405 9.517966296494855 3.8557237222620326 0.0620899551495353 1.9544100476116797 42.32832898687002 15.223877377828103 3.2468238675679117 5.3646025323956374 7.28624123632457 False
2708 543.0609166442019 4969.921146185374 214.92666551571372 52.949334300492865 536 549 4962 4977 172.0 3.9673386444804657 2.66930850067479 -52.08399750469986 0.7398053716497779 0.046886814671377584 0.6275299915669496 0.0 55.25068690671394 8.095004 139.19091676443534 23.79751536915232 2.748979042180723 0.25144545666374385 7.399277020331919 192.5270976744033 37.69445515547589 4.3563473967015875 9.411020516971197 13.792663544312257 False
2709 6414.554564590033 4965.604591154461 214.87414479710228 52.91202771227567 6406 6418 4962 4969 77.0 2.4332195569806507 1.830589945908644 -1.9835842282696268 0.6587836800537655 -0.07036863389508406 0.33494603264714423 0.0 10.230551398691912 5.087487 25.901271960041285 13.057618997388303 2.3922826736016503 0.42058155547556686 4.950743503369154 50.07839404354987 20.955947504828245 2.715103602430285 4.9895789474815375 7.86825776570784 False
2710 6865.323158408988 4966.840052835682 214.8700998863953 52.909171086674995 6861 6870 4962 4971 80.0 2.6184504268130198 2.208790955501009 10.022107505758472 0.5370523878702914 0.020763994454528846 0.3378886069349652 0.0 17.668674524907445 5.3448324 99.28199299621724 21.421888952989292 3.3659813499689073 0.17915151893842046 5.046265044040321 167.32729684145153 34.18573339592803 5.343543756521131 11.100617134743382 17.177141474012267 False
2711 3007.9006546945307 4968.6735340324585 214.904600485371 52.93367896088346 3006 3012 4965 4973 50.0 2.023504863977404 1.3906265301863543 -81.90529789684432 0.7264336892970786 -0.02067064690955978 0.32094776921317186 0.0 7.6553734140394365 4.2222576 33.93090023074418 15.360606717025279 3.40446345432701 0.3687177499804452 3.989422804014327 34.24204029483738 24.45203742875172 3.1509568540024344 6.93259078789697 10.074117777903217 False
2712 6212.525100705239 4967.061505239028 214.8759366755824 52.91331882147546 6211 6215 4965 4969 22.0 1.3656199600569832 1.1124637146367697 -81.19152987478407 0.5799925972368609 0.0037782326579200863 0.12737120844710872 0.0 1.6766613878557177 2.8177538 19.878578048785386 12.718126900024483 3.924022057082624 0.27730587308038457 2.6462837142006137 38.84317618649298 20.338938436567503 3.8028409686091234 5.924980406128255 7.705598417248063 False
2713 8518.651640762486 4972.19549293916 214.85525984892703 52.89869682252495 8511 8525 4965 4978 137.0 3.7384022980362244 2.3811286485661864 46.920787315359455 0.7709154358389892 -0.007997936169634429 0.619877701991654 0.0 52.63510923004285 6.9779267 78.13493690512013 12.54094331315539 1.5830720268502787 0.22013244055412515 6.6036697681803656 73.16660105131322 20.171124640490884 3.066177280077293 5.200737772332476 7.502887177540513 False
2714 6050.511104802004 4966.552533801687 214.87739138586835 52.91434513600881 6050 6051 4966 4967 4.0 0.5017695707304166 0.49532230006514105 32.89372254651769 0.15979059677519902 0.16963892504936287 0.21833445786676792 0.0 0.7651885804107201 1.2739313 12.168156882122844 5.5391158441621995 4.126672561656723 0.07744827025148768 1.1283791670955126 17.998761821607385 8.862132846202096 2.0519005498036185 3.3811988526587524 4.454003476499753 False
2715 7390.3532805496525 4977.14112606346 214.86529593010718 52.9058914720003 7381 7398 4967 4987 239.0 5.704900665579563 2.8041939490820194 -55.27581393774816 0.8708542984111165 0.06343790055660688 0.6775966685412407 0.0 99.54715677222448 8.954956 168.04638571870763 22.72116354614463 2.169667837643245 0.20475828555243392 8.722159296752494 275.2373746493617 36.28065310450297 4.464549823997729 7.898314087703424 12.234681652512982 False
2716 9437.873405674589 4969.586583209234 214.84707098164495 52.89284239100557 9435 9439 4967 4971 19.0 1.264023872428717 0.9382385026393175 38.92398714893126 0.6701083692798039 0.00875635629506942 0.33069163347774083 0.0 2.720398656574281 2.6822083 16.43325504241149 9.983760503040195 3.336816178861384 0.41848690342991085 2.4592453796829674 -4.451698144822873 16.167754226236063 2.2548530243923386 3.861819012722713 6.027056971359861 False
2717 2327.492990957047 4977.716102059854 214.9105982095071 52.93804790411673 2322 2333 4968 4987 165.0 4.119616199697003 2.318295282499814 84.88110238358317 0.8266302412022449 0.0837852797199928 0.9444969843161579 0.0 73.90894658033602 8.025958 95.79908000826978 11.831963377917184 1.4 0.2908139420955093 7.247146419131151 87.98531318592069 18.90835261072838 2.7593312110777997 4.968108449561265 7.942623479106837 False
2718 3127.6441556180953 4973.197564187197 214.90348066087128 52.93294305231219 3122 3134 4968 4978 98.0 2.978977083508043 2.219304911376809 -18.192247189355573 0.6670768422483073 0.12217110542983196 0.5204523380408429 0.0 36.41129182981061 5.9153547 102.02615985273798 21.481523520794443 3.088374085227459 0.16708807531428596 5.585191925620057 98.4079150029403 34.21665723408081 3.759645872446687 8.726622789681059 12.648837852105554 False
2719 6221.927642657941 4969.867172434135 214.87582301160643 52.913274233930686 6220 6224 4969 4971 13.0 1.2972230773021645 0.7140333157613303 10.118009204321543 0.834879886113359 0.07445604855957247 0.20409458703958722 0.0 1.824121627466201 2.090076 16.280993764839593 8.87991211774861 3.5088454114883283 0.18204785034344634 2.0342144725641096 40.65898563397551 14.403312286876695 2.709180596959391 5.2599890841518135 7.921332553315132 False
2720 8787.388734328775 4976.686620158652 214.8528102477397 52.897013651968514 8784 8791 4974 4980 41.0 1.7365083752590034 1.5179495070039914 -65.49730529425649 0.48567602121916725 0.05627972361375314 0.3030313663754916 0.0 7.766543285647243 3.2364151 23.71301832872991 10.236322098013856 2.8733237395664917 0.22032296033431617 3.6125759969217834 22.398940952701558 16.37012349397825 2.5063315878608745 5.555019500611679 9.474090806478674 False
2721 2690.563643971429 4980.7248809207895 214.90731509989163 52.935758922191404 2686 2696 4975 4986 89.0 3.6300297125530325 1.6387107348358 52.18781537197946 0.892305641523071 -0.044552532524840066 0.37310712204729746 0.0 14.773298097924181 6.2608614 25.72714133429709 16.841859674141837 2.491936663098323 0.27903475463190297 5.322553886092406 63.5132020548388 26.8281949735889 3.067046872831718 5.188507585253889 15.479651841394478 False
2722 2579.511238073686 4978.9821410789 214.90832793195912 52.93645462370551 2577 2582 4977 4981 26.0 1.458935465276911 1.3245843458275763 -9.335298465049442 0.4191618238279979 0.11881406879325256 0.25452996156626834 0.0 5.150858361662953 3.065969 33.26668169736383 13.999335758449616 3.4336303131030603 0.11356204428653725 2.876813695875796 66.1822409673554 23.143999798086 3.284741780600042 5.794605228723436 8.750107496231045 False
2723 6420.846092000002 4978.472997497843 214.8739529747444 52.91205716458044 6419 6422 4977 4980 11.0 1.1235414884991313 0.7519061652322369 49.03758216904995 0.743056525523381 0.19197522071182116 0.2171335560518071 0.0 2.278640471782473 1.9264507 36.575335043174775 9.291432350965065 3.851418430905002 0.02334248033620803 1.8712051592547776 69.78579628953356 14.94423894320476 3.444270097628773 5.7282753943033375 7.5396923938349865 False
2724 1639.6639828538346 4979.938684706011 214.91673546934828 52.94242684479158 1638 1641 4978 4982 16.0 1.3420157532881147 0.8571545734029374 -57.29385861784567 0.7694502172931871 0.06323587648315805 0.1389443825342377 0.0 1.5979805940442975 2.3862588 8.514876578274574 9.186953474059244 3.241224600507951 0.14319178221571946 2.256758334191025 18.334662182262864 14.7406686373801 2.2616615562887725 3.8904741411707944 5.537166256951289 False
2725 6817.328483373015 4984.516374620173 214.870342965664 52.909571300904524 6815 6821 4978 4986 49.0 2.1232587874354714 1.2772113729467762 29.209700433160762 0.7988475457009058 -0.10240334917278264 0.1267207106858615 0.0 0.7281039842511496 4.2365417 13.421319952533802 14.644185099909006 3.396276134884339 0.5187704207272592 3.949327084834294 14.385798668271104 23.568949591300704 3.7147621099031016 6.4688831486759595 9.656207366240839 False
2726 2274.052814088391 5008.371485270098 214.91075386030923 52.93855266301863 2248 2302 4979 5042 2352.0 12.373928607325144 8.138888908269404 58.003430943132884 0.7532407292158921 -0.042741402489460366 5.2143639074587265 0.0 2599.403088126841 29.582644 2839.3741110259743 43.57901787652745 1.5996378567498477 0.4745034046627163 27.361740666563517 3012.385157184977 69.91694819983816 6.784020481065436 13.069063159930439 21.932186915597192 False
2727 7070.48675091315 4981.19282451737 214.8681138027072 52.907945253457214 7067 7073 4979 4985 37.0 2.2300478477619556 1.3587659423887233 30.679113427389932 0.7929405515727234 -0.05316300806112299 0.1733495795883731 0.0 1.7684279263635265 3.7670474 28.682930498581477 16.04698875817242 3.536767290670708 0.49780269784451503 3.431831258788849 20.469702816042577 25.844073865243438 4.413108586326046 6.305095555407665 7.984832411793441 False
2728 9020.861919223213 4983.603793783417 214.85065048162582 52.895567566893284 9018 9025 4981 4988 45.0 0.8903134412408703 0.8246440130523752 -0.09747327958315422 0.3769340427207014 -0.1170434729024396 0.08530746096811849 0.0 -0.8977718128503182 4.088537 0.2110935432876677 3.219351907799026 1.4 -0.46176517603493167 3.7846987830302403 -1.930471658002169 5.211263636724976 0.4005781029790873 0.6481461192654775 0.8384156183671881 False
2729 4174.988356548711 4986.3133062007355 214.89396633360144 52.9263631849011 4171 4179 4983 4991 61.0 2.239748346289478 1.8263813047758524 23.278157497953572 0.5788410329216694 0.020774258849326384 0.27599744320691166 0.0 9.509890986167724 4.813286 38.12530899919296 18.632701428705293 3.377713655899026 0.2767526930247308 4.406461512053774 44.556262401402286 29.79274456448225 3.559649243608495 6.449907535341173 9.2231204587828 False
2730 2473.625109090925 4992.594390907419 214.9091327683399 52.93720039093172 2463 2485 4985 5001 225.0 8.047221887855475 3.1061268445930286 -31.611609687653015 0.922504021865536 -0.15255155725387876 0.24321909458857677 0.0 1.9201027047378578 9.280091 153.61789371506222 63.89324048492507 4.6028893079899476 0.6100035896634525 8.462843753216344 290.1524565779391 105.2366908943367 20.503661521020085 29.46830108775664 61.92184848525547 False
2731 6685.409711001873 4990.555700854702 214.87145926061092 52.91044183922231 6681 6689 4985 4995 80.0 2.5898223961459568 1.8768025264969073 75.14435895082461 0.6890814778036536 -0.008003597589907523 0.36051217102959077 0.0 14.659686073710024 5.35743 33.541129864041395 15.089074970657078 2.620796956537104 0.2673465743511107 5.046265044040321 -0.8129487266351125 24.526219713014438 2.7724645554438845 5.691256640174777 8.69683018983544 False
2732 6194.07747433363 4990.61493992167 214.8758536080925 52.913563052591826 6192 6200 4987 4993 42.0 1.4768701894710843 1.0354494456048642 57.57050601390787 0.7130524740347967 -0.07412881293106797 0.1795183388728362 0.0 2.1939677055797646 3.7726157 3.9806174798587453 5.711821560649697 1.7967959401988889 0.5602335361762609 3.656366395715726 5.46603924632785 9.200756767420357 1.2714598291090253 2.1760994999478385 3.060861557170481 False
2733 802.871752373737 4990.340211809391 214.924122449594 52.9477952610215 800 804 4988 4993 24.0 1.4893285730031716 0.985952594509564 82.93426458317244 0.7494937068624478 -0.06246575169250717 0.1565380140080664 0.0 1.7195469438822526 3.1907618 7.352901248754876 10.346212152599273 3.009708014678698 0.3403634205067915 2.763953195770684 4.379795836526997 16.431348628681935 2.1430440003847586 3.766390465956078 10.29779841453881 False
2734 3054.0148573987326 4994.940945325185 214.9039108653014 52.933527917274944 3050 3060 4990 5000 103.0 2.697047200684152 2.556342087570903 -85.10826602820781 0.3187764169723882 0.008796420989166864 0.27848494926611156 0.0 15.404978642798328 6.179535 29.80357290676661 19.323415193973 2.7288203787385767 0.2473308611199428 5.725898905580716 -12.35889940602799 30.91869315217199 3.0561353856747973 5.461913248832308 14.00031047656181 False
2735 3745.727984137432 4991.723084887127 214.89775187335212 52.92911827717068 3744 3747 4990 4993 13.0 1.0510741396201828 0.9042100548945785 42.32572459223389 0.5098347054623451 0.30023897238580194 0.5077698684025008 0.0 5.559745104554696 2.1888032 20.814937892247073 8.244924275919905 3.156321059646721 0.09589528130732912 2.0342144725641096 12.674144804555006 13.255575335333289 1.7267347786615719 2.9428622369788986 4.145629638067652 False
2736 10118.80052561463 4995.750073336221 214.84071048709137 52.88865674488508 10115 10123 4990 5002 76.0 2.587860994746352 1.9125160873944518 66.94823214988101 0.6736686262164573 -0.017343346140327995 0.3831019761651991 0.0 17.369240652704093 5.2032404 65.81272749173527 18.084004631445897 3.0509285404498963 0.25840166246231516 4.918490759365935 34.77010869633398 29.18447246798143 3.7784085093839725 7.624557304441467 13.2554794987816 False
