outputs/dr0.5_c0.1/nircam3_matched_f115w_f277w_dr0.5_c0.1.ecsv
# %ECSV 1.0
# ---
# datatype:
# - {name: label, datatype: int64}
# - {name: xcentroid, datatype: float64}
# - {name: ycentroid, datatype: float64}
# - {name: sky_centroid.ra, unit: deg, datatype: float64}
# - {name: sky_centroid.dec, unit: deg, datatype: float64}
# - {name: bbox_xmin, datatype: int64}
# - {name: bbox_xmax, datatype: int64}
# - {name: bbox_ymin, datatype: int64}
# - {name: bbox_ymax, datatype: int64}
# - {name: area, unit: pix2, datatype: float64}
# - {name: semimajor_sigma, unit: pix, datatype: float64}
# - {name: semiminor_sigma, unit: pix, datatype: float64}
# - {name: orientation, unit: deg, datatype: float64}
# - {name: eccentricity, datatype: float64}
# - {name: min_value, datatype: float64}
# - {name: max_value, datatype: float64}
# - {name: local_background, datatype: float64}
# - {name: segment_flux, datatype: float64}
# - {name: segment_fluxerr, datatype: float32}
# - {name: kron_flux, datatype: float64}
# - {name: kron_fluxerr, datatype: float64}
# - {name: kron_radius, unit: pix, datatype: float64}
# - {name: gini, datatype: float64}
# - {name: equivalent_radius, unit: pix, datatype: float64}
# - {name: kron4_2_flux, datatype: float64}
# - {name: kron4_2_fluxerr, datatype: float64}
# - {name: kron4_2_mag, datatype: float64}
# meta:
#   PHOTMJSR: 2.962800025939941
#   PIXAR_SR: 2.11539874851881e-14
#   __serialized_columns__:
#     area:
#       __class__: astropy.units.quantity.Quantity
#       unit: !astropy.units.Unit {unit: pix2}
#       value: !astropy.table.SerializedColumn {name: area}
#     eccentricity:
#       __class__: astropy.units.quantity.Quantity
#       unit: !astropy.units.Unit {unit: ''}
#       value: !astropy.table.SerializedColumn {name: eccentricity}
#     equivalent_radius:
#       __class__: astropy.units.quantity.Quantity
#       unit: !astropy.units.Unit {unit: pix}
#       value: !astropy.table.SerializedColumn {name: equivalent_radius}
#     kron_radius:
#       __class__: astropy.units.quantity.Quantity
#       unit: !astropy.units.Unit {unit: pix}
#       value: !astropy.table.SerializedColumn {name: kron_radius}
#     orientation:
#       __class__: astropy.units.quantity.Quantity
#       unit: &id001 !astropy.units.Unit {unit: deg}
#       value: !astropy.table.SerializedColumn {name: orientation}
#     semimajor_sigma:
#       __class__: astropy.units.quantity.Quantity
#       unit: !astropy.units.Unit {unit: pix}
#       value: !astropy.table.SerializedColumn {name: semimajor_sigma}
#     semiminor_sigma:
#       __class__: astropy.units.quantity.Quantity
#       unit: !astropy.units.Unit {unit: pix}
#       value: !astropy.table.SerializedColumn {name: semiminor_sigma}
#     sky_centroid:
#       __class__: astropy.coordinates.sky_coordinate.SkyCoord
#       dec: !astropy.table.SerializedColumn
#         __class__: astropy.coordinates.angles.Latitude
#         unit: *id001
#         value: !astropy.table.SerializedColumn {name: sky_centroid.dec}
#       frame: icrs
#       ra: !astropy.table.SerializedColumn
#         __class__: astropy.coordinates.angles.Longitude
#         unit: *id001
#         value: !astropy.table.SerializedColumn {name: sky_centroid.ra}
#         wrap_angle: !astropy.coordinates.Angle
#           unit: *id001
#           value: 360.0
#       representation_type: spherical
#   astropy version: '5.1'
#   kernelfile: kernel_f115w_f277w.fits
#   make_catalog parameters:
#     ab_zpt: 31.4
#     coadd_bands: !!python/tuple [f277w, f356w]
#     deblend_contrast: 0.001
#     deblend_nlevels: 32
#     deblend_npixels: 1
#     detect_kernel_fwhm: 4.0
#     detect_kernel_npix: 7
#     detect_npixels: 4
#     detect_threshold_nsigma: 3.0
#     flag_isolated_buffer: 4
#     hst_bands: !!python/tuple [f606w, f814w, f125w, f140w, f160w]
#     jwst_bands: !!python/tuple [f115w, f150w, f200w, f277w, f356w, f410m, f444w]
#     near_border_kernelsize: 21
#     reference_band: f200w
#   make_catalog version: 1.4.0
#   photutils version: 1.5.0
# schema: astropy-2.0
label xcentroid ycentroid sky_centroid.ra sky_centroid.dec bbox_xmin bbox_xmax bbox_ymin bbox_ymax area semimajor_sigma semiminor_sigma orientation eccentricity min_value max_value local_background segment_flux segment_fluxerr kron_flux kron_fluxerr kron_radius gini equivalent_radius kron4_2_flux kron4_2_fluxerr kron4_2_mag
[from data line 2211]
2212 7727.432359686559 2912.754415757412 214.77562256460484 52.837840777285216 7724 7731 2909 2916 50.0 1.769324490983543 1.7135142926164542 17.442523265383162 0.24918160566730468 0.14794469209462865 0.7555532232478835 0.0 19.239813586689163 1.6400368 31.073076254925002 3.9178688595297517 2.1790916756629644 0.24941774218004129 3.989422804014327 31.70262471442895 6.188371349167074 27.647261950780173
2213 9325.192018479225 2912.725087608467 214.76138154992822 52.82767918510475 9323 9329 2909 2918 51.0 2.526088982960419 1.502055257533111 -71.87668455321372 0.8040091512103111 0.09524699534946268 0.348242210996738 0.0 12.85283913101261 1.628691 73.82385847655738 6.5977765603878185 3.3724547328615055 0.13324759171123307 4.029119531035698 99.3659294026265 10.577834475068977 26.406906252509902
2214 nan nan nan nan 8178 8191 2911 2924 145.0 nan nan nan nan 0.0 0.0 0.0 0.0 12041595.0 nan nan nan nan 6.793742230659745 nan nan nan
2215 7988.00712921779 2918.3909916242833 214.77324018923576 52.83621404457961 7982 7994 2913 2924 116.0 2.8842201455261645 2.436218378153048 40.929439778847645 0.5352851218162964 0.2387774414306348 1.1486937475760943 0.0 65.26445544313334 2.5304585 97.48919587887426 5.318681641154268 1.9753276440313883 0.244566176118021 6.076507779746499 94.46901066912119 8.500611218866784 26.461776581970213
2216 8494.724815922742 2914.7970165360107 214.76876111665695 52.83297216138228 8493 8496 2913 2917 15.0 1.197900862002031 0.8940652040479261 -82.93676396807153 0.6655425262303265 0.07891751506017093 0.21573609896065982 0.0 2.1258758839768985 0.8529053 20.051731494928422 3.7079410477728305 3.6948729977702204 0.17194921193291227 2.1850968611841584 28.321770893859682 5.861137909487479 27.769698986796584
2217 8612.579193014733 2917.732785900413 214.76767974819546 52.832238437259754 8609 8616 2913 2922 59.0 2.1242900388034953 1.7287368953441649 62.67485036129824 0.5811518570737738 0.10946999864526201 0.6093852888913457 0.0 19.543527669240582 1.7039726 36.61495301749401 4.609001496335381 2.472513366461401 0.23110881214689524 4.3336224206596095 55.758071819386956 7.339724916092236 27.0342306326786
2218 8265.932357564703 2916.6266820206565 214.77078124015446 52.83443706707307 8264 8268 2914 2920 23.0 1.7121801228403242 1.0513241400038005 -89.79259418210393 0.7892853312144399 0.28860661414834066 0.4979224979333384 0.0 8.985170934606684 1.0493796 94.62260434413335 4.705311179740268 3.652528353707723 0.09520762796859754 2.7057581899030048 175.35385508756525 7.541097396513673 25.790211704697814
2219 4367.564917377756 2933.026263759441 214.8053784100992 52.85931253327468 4349 4387 2915 2954 1179.0 7.1901736441184605 7.055954833541938 48.2746291943027 0.19231614390836899 -0.0024567660755609173 1.6757956588557295 0.0 410.7558239611941 7.867713 498.2602378004019 13.806111412169601 1.9322271701397462 0.479151766783295 19.37233480535295 583.6412589054022 21.979033536470684 24.484635036113783
2220 6249.589883786992 2918.2521880206514 214.78874308333442 52.84726765999836 6249 6250 2917 2919 5.0 0.7443428214663823 0.4569273222020325 -71.9524590946097 0.7894096471243116 0.18151639019791532 0.23292535763801298 0.0 1.092423615588915 0.64459795 9.261940118705935 2.353330264793487 3.662409665599509 0.04981845435928984 1.2615662610100802 15.980306676577674 3.777730834832326 28.391037226092706
2221 nan nan nan nan 8134 8165 2917 2942 610.0 nan nan nan nan 0.0 0.0 0.0 0.0 24698178.0 nan nan nan nan 13.934454799959427 nan nan nan
2222 8729.449981290689 2923.2241418819685 214.76658028036658 52.83152472008235 8724 8736 2918 2929 128.0 2.3977074081858656 1.9521909387430487 -65.73165250076578 0.580597619059667 -0.025001730532730006 0.6074494979965922 0.0 14.328999591655254 2.4797726 14.905647795536906 2.931613461770464 1.4 0.5810692513068476 6.383076486422923 11.606829540791088 4.673848494196144 28.738215984025114
2223 2997.2251467459696 2919.596620782549 214.81775140524655 52.86795083065365 2996 2998 2919 2920 5.0 0.753169706812868 0.4529501301176738 -18.247023472585756 0.7989542114142161 0.2661302551797852 0.31679119058736266 0.0 1.4896393079902799 0.55592644 6.621587602169836 2.0619800361631717 3.287876330460642 0.03741201643228701 1.2615662610100802 10.152862876680008 3.2740043244247046 28.883528698260566
2224 3681.933498720291 2922.5574978618474 214.81160793742316 52.86361454768038 3676 3687 2920 2926 60.0 2.8295018994334424 1.5153172680475795 13.04297043228451 0.8445085582632972 0.10848784524755242 0.3455364097021425 0.0 14.620764917098859 1.822349 44.2630718058902 5.953375140937271 2.8110639834821 0.14343388233710766 4.370193722368317 49.36301692445505 9.508575216758643 27.166495763360683
2225 4227.289893574826 2921.504723820036 214.8067515818057 52.86014217892958 4226 4228 2920 2923 10.0 1.0175058300376822 0.7046805092348444 -88.93855777514355 0.7213634155729797 0.17316347388986944 0.30955021928227283 0.0 2.5817034266359613 0.71187097 12.463539676771358 2.783461741278799 3.334759683736829 0.09720175063105867 1.7841241161527712 9.184060252756751 4.436254656601876 28.99241318928328
2226 6297.145422491899 2923.015288966468 214.7882687807601 52.846990944785446 6296 6299 2922 2924 10.0 0.9602131158846443 0.7626031363610551 -5.613145836133726 0.6076538904047453 0.17645444582150166 0.24101499735800466 0.0 2.0918140728691466 0.7713601 9.623428411243005 2.8215400661114267 3.107975486545677 0.06417300993214613 1.7841241161527712 15.267644103509799 4.508957234686048 28.44056993057131
2227 6728.578956364533 2924.375672486868 214.7844066925917 52.844255017073614 6727 6730 2922 2926 17.0 1.3067597986504351 0.9021366280647405 -61.68749251608733 0.7234646000314235 0.1513726926296402 0.4372870551827336 0.0 5.378286073807494 0.9494261 18.737223737103534 3.219538876661754 2.937153646263005 0.17181954350298623 2.326213245840639 25.00794315240283 5.166827739629059 27.904805066385016
2228 7335.912256483277 2926.0844881592584 214.77897298811325 52.84040230134184 7331 7341 2922 2930 78.0 2.452906473889624 1.9549795634743192 19.779525435431204 0.6039722548187788 0.0687121216702509 0.4911775480642254 0.0 19.62268410228267 2.0543623 34.34337096045424 5.208808805398441 2.3199873282605283 0.23979967578114303 4.982787485166879 46.395312055085824 8.328604217765093 27.233814749661498
2229 3564.846325297497 2930.4051665468123 214.81257044126045 52.864401105628524 3560 3570 2925 2936 108.0 2.673811451853527 2.2342240147842576 -62.29611646998473 0.5493456669465501 0.10911220441354351 0.969439122136052 0.0 42.90875907054485 2.503121 60.83102819248963 5.396331139674178 2.082369908959453 0.3126778860447328 5.863230142835039 71.62282821372499 8.472364836202255 26.762371334344802
2230 6259.341888709093 2927.4198844658426 214.78855958551785 52.84725503752259 6258 6261 2925 2929 16.0 1.2329786027842493 0.9797855274484324 -82.22502375357894 0.6070688283966815 0.230495619223704 0.4293384445889013 0.0 5.4805704539384585 1.0094773 28.21335364628107 3.9336551958577375 3.2704985287952892 0.11583110995932643 2.256758334191025 39.870761649341844 6.202041623143835 27.39836366987669
2231 8450.746994114783 2927.3342724764107 214.769021130645 52.83331936284536 8449 8453 2925 2929 22.0 1.3762734846047713 1.3077946904279432 27.55015148694036 0.3115086284996525 0.01038060281245198 0.05599354890613866 0.0 0.6909164149709219 1.080667 22.618957234993584 5.310723880266603 4.061494159178891 0.23012899228981568 2.6462837142006137 48.48193114013714 8.433402257368787 27.186050224022647
2232 1141.0827837526724 2939.9239838708972 214.83411303437975 52.87985709824789 1129 1156 2928 2954 567.0 5.958829113140677 4.871449849617769 28.635611503768754 0.5759030969748629 0.09103492228117396 1.7603894480395488 0.0 326.6566875255433 5.747017 382.39533557825916 8.110240639542655 1.4277652570878085 0.3842842634014123 13.434347973244154 381.0949388244598 12.73743566578849 24.94741704721944
2233 8068.785450142225 2929.2828883439065 214.77240542126086 52.835758992749156 8067 8071 2928 2931 14.0 1.0717437947546715 0.9691535839975506 25.82770228353987 0.4269456246613133 0.21562920616874884 0.473282772901642 0.0 4.907637997372941 1.4855398 13.0097117232194 4440309.460875693 2.6610712716361027 0.1244629383067403 2.111004122822376 9.886967238874227 9883349.832943048 28.912342262263056
2234 1535.0947001210156 2948.079342973004 214.83050781142842 52.87739710835807 1516 1553 2932 2965 776.0 7.7826437419831676 3.700809034315329 -38.97761341619584 0.879704474197224 0.08541615645634164 5.103601176363307 0.0 733.9955430329112 6.9622517 799.2352592252241 10.031738136757426 1.7355974536923824 0.5462870132049009 15.716503163191918 920.2217367038995 15.928228841660113 23.990268781027694
2235 9499.402895596075 2933.113430261195 214.75961453842342 52.82668090931152 9498 9501 2932 2934 9.0 0.9362104414927723 0.6963358539475697 17.789216054414574 0.6684230117478159 0.11698206554625724 0.3017413273405875 0.0 1.8411822687042365 0.6954794 20.142306465681877 3.150557520989139 3.8423257832255877 0.18521473077398407 1.692568750643269 26.04947766853086 5.013212337231337 27.86050245134771
2236 1664.4556332020786 2934.002500767542 214.82950066765173 52.876499116055214 1663 1666 2933 2935 10.0 1.046280041095909 0.6713491238373954 -28.254329915490832 0.7669947464683262 0.23608296695931988 0.3409637981952824 0.0 2.9656973696943565 0.7895684 12.897244085539773 2.8833095652316314 3.2173768468667685 0.07323627497750955 1.7841241161527712 18.15059380986166 4.594127845062756 28.252772905339963
2237 3225.839806479136 2934.1662454166017 214.81555705078614 52.86657623026678 3224 3229 2933 2938 30.0 0.9778135781797894 0.5969665889067831 78.50464192958978 0.7920072697580056 -0.09028857883577411 0.03120636756635966 0.0 -0.5218763021907911 1.3302326 -0.05232958026925154 1.152061696741566 1.4 -0.5684265151806381 3.0901936161855166 -1.2354347375188235 1.827528754073042 nan
2238 8653.822891810878 2937.011055111497 214.76710920064122 52.8320799421154 8649 8658 2933 2941 67.0 2.3022716285673437 1.8517116066358612 -34.76426264416873 0.5942266637001019 0.16116440768698537 0.6290029048125049 0.0 21.91787996158179 1.8342254 46.96137091341536 5.054829384059452 2.5464910689005222 0.20983921696400418 4.61809077155419 48.12475438707917 8.102737478813953 27.194078684935015
2239 10062.10578725809 2938.9649415755434 214.75453924693755 52.82313325368928 10056 10069 2933 2945 128.0 3.2140642370244312 2.009200006365097 -42.857044411016055 0.7805226348067115 0.08038758122155738 1.0996622953619157 0.0 47.624718297330105 2.6969821 61.92257141744577 5.281443626459163 2.0166406439594864 0.3765918633535002 6.383076486422923 62.64761230168544 8.354201133276591 26.907738691720994
2240 2632.741168157505 2941.858180893515 214.82077119605987 52.87038746590844 2625 2641 2934 2951 258.0 3.428779123816317 3.024542536868098 52.98894230210222 0.4710531974355371 0.010977155476159139 2.271093493041856 0.0 110.93290902029433 3.8404531 141.26140520829463 6.842674399429873 2.019985257194704 0.5078184486284268 9.062226582657155 162.41345917316133 10.819766201462734 25.873444959251408
2241 1044.186489757898 2936.8048312986834 214.8350114277009 52.88045604470155 1042 1046 2935 2938 12.0 1.345199858508035 0.7218394577382863 -33.82456781070479 0.8438342731404491 0.21005476587893226 0.376086124081087 0.0 3.5049921969476383 0.8258013 23.47176068553908 3.3842010845885535 3.3376920568270805 0.10823786694104656 1.9544100476116797 33.17726992745634 5.40884207898386 27.597898384554146
2242 7155.948483408183 2937.9293619951923 214.78045296291114 52.8416104795826 7153 7159 2935 2942 33.0 1.6213359583535156 1.5174651346453873 0.118190481898302 0.35217268683141373 0.11670864251603257 0.40475474507701675 0.0 10.058085918760488 1.3686872 93.99873325773987 5.886765662803686 3.606653355647392 0.13344135761277492 3.2410224072142872 154.2597698621345 9.285030504617964 25.92936830222629
2243 9187.507501585766 2946.942812054295 214.76224831148002 52.828739139594724 9181 9196 2940 2954 156.0 4.746527398646932 1.989023202874218 43.53905535032954 0.907964043846037 -0.014030854016160665 0.7647986820162159 0.0 43.581794343019205 2.8347707 57.409049264140776 5.731976084855186 1.8259272657498378 0.34142638186251467 7.046725639945928 62.32094915178696 9.122027025409276 26.9134148523854
2244 835.0106481189669 2961.2263749824347 214.836622852787 52.88191695853102 809 860 2941 2982 1185.0 3.7443342161146997 3.2837920021298914 -4.345364698387344 0.48048506377878625 -0.08694173369479423 541.1121343067606 0.0 12650.722193569196 16.072903 12130.078014291375 14.681938337448669 1.4 0.8766780448665871 19.42156572287085 12706.234333156148 16.130465251079947 21.13995784876149
2245 8276.37874261173 2943.608987023825 214.77040407534088 52.83451593426033 8274 8278 2941 2947 27.0 1.8233178361102562 1.0781159956944752 64.17489196887021 0.806456440158708 0.1091701636933086 0.22256687447324774 0.0 4.485384237447422 1.1285566 33.650680459168115 4.739050999904031 3.5398606214274273 0.11417821853991675 2.9316150714175193 66.88191465898389 7.610623132500985 26.836728256613647
2246 6942.975472147754 2944.2212721387614 214.78228583629112 52.842998629059935 6941 6945 2942 2947 18.0 1.2983965827096502 0.978817681658892 57.85533046876998 0.6570276302157105 0.2950315343600277 0.7635505348109747 0.0 9.11926825059936 1.0092583 29.148795901780815 3.375448810091797 2.9240476142357235 0.15969663912058224 2.393653682408596 38.713419713968015 5.354438796042562 27.430346159967346
2247 nan nan nan nan 7670 7673 2947 2949 8.0 nan nan nan nan -0.08795458639256057 -0.04636113421113543 0.0 -0.49341777109489754 0.6247248 nan nan nan -0.11549698681868117 1.5957691216057308 nan nan nan
2248 409.4173492111076 2948.5172483401925 214.84055891447744 52.884552893206084 409 410 2948 2949 4.0 0.49995447221359995 0.4928659732317598 -79.09265358741065 0.16779616823254467 0.18837906314773772 0.28118193934471014 0.0 0.9289658182915124 0.49188495 5.966447766139102 1.9131892926305543 3.647439061701671 0.12169994531819782 1.1283791670955126 8.775270170186397 3.0466766301648636 29.041848759344834
2249 447.1133535448172 2952.0827991920005 214.8401845738242 52.88433258021002 444 450 2949 2954 28.0 1.8078911283384973 1.0607849638336064 36.19837821339602 0.8097661965504233 0.07739480399535861 0.387978173238066 0.0 7.249065223377946 1.2696308 21.22997651867015 4.04618373951726 2.785905161759867 0.21059009671490214 2.985410660720923 18.284809914884367 6.476859465609877 28.244773875346002
2250 2506.846608006849 2952.557501083359 214.8217826303763 52.87124529702996 2500 2513 2949 2957 99.0 3.4095958575164813 1.8319164667637167 19.660805649147385 0.8434022923896625 0.050123303733683094 0.8263036554659191 0.0 40.63934196102343 2.3748975 64.91195924956821 5.402315149055995 2.0853818069230505 0.24385685117171121 5.613615477764332 73.02267758447854 8.63080836298178 26.74135561612514
2251 2558.3826149190677 2951.0246800629407 214.8213386079867 52.87090948197583 2557 2560 2949 2953 16.0 1.132983888719835 0.9622987921516064 -83.33561170997854 0.5278315899628596 0.22547401852526766 0.48139525429164537 0.0 5.417894517313149 0.9547151 12.80454750578333 2.8577408901172303 2.618622136493562 0.144578747571249 2.256758334191025 15.918572560413331 4.523201812036134 28.39523969654139
2252 8792.76450694488 2954.2630020051192 214.7656892340563 52.83128917627103 8787 8798 2949 2959 71.0 3.7345406529911647 1.4247374350759188 -43.91082338363804 0.9243677141447186 0.05704994553394785 0.32720345724935995 0.0 14.477194452960708 1.9082859 34.6125666680901 5.938717439943086 2.583001057568209 0.18183415920678156 4.753945931439391 36.22703570696008 9.512033029121344 27.502418002118915
2253 140.75569229634678 2966.4079852159907 214.84277096580223 52.88635650898921 135 149 2954 2978 306.0 4.524659672250284 2.776835015931144 88.31641822897826 0.7895304765528808 -0.06424759202339964 1.440425707555334 0.0 98.24267186547023 inf 104.12346366849602 inf 1.4 0.5064035623854339 9.869286963719311 93.8674589160234 inf 26.468712346879155
