outputs/dr0.5_c0.1/nircam6_f160w_dr0.5_c0.1.ecsv
# %ECSV 1.0
# ---
# datatype:
# - {name: label, datatype: int64}
# - {name: xcentroid, datatype: float64}
# - {name: ycentroid, datatype: float64}
# - {name: sky_centroid.ra, unit: deg, datatype: float64}
# - {name: sky_centroid.dec, unit: deg, datatype: float64}
# - {name: bbox_xmin, datatype: int64}
# - {name: bbox_xmax, datatype: int64}
# - {name: bbox_ymin, datatype: int64}
# - {name: bbox_ymax, datatype: int64}
# - {name: area, unit: pix2, datatype: float64}
# - {name: semimajor_sigma, unit: pix, datatype: float64}
# - {name: semiminor_sigma, unit: pix, datatype: float64}
# - {name: orientation, unit: deg, datatype: float64}
# - {name: eccentricity, datatype: float64}
# - {name: min_value, datatype: float64}
# - {name: max_value, datatype: float64}
# - {name: local_background, datatype: float64}
# - {name: segment_flux, datatype: float64}
# - {name: segment_fluxerr, datatype: float32}
# - {name: kron_flux, datatype: float64}
# - {name: kron_fluxerr, datatype: float64}
# - {name: kron_radius, unit: pix, datatype: float64}
# - {name: gini, datatype: float64}
# - {name: equivalent_radius, unit: pix, datatype: float64}
# - {name: kron4_2_flux, datatype: float64}
# - {name: kron4_2_fluxerr, datatype: float64}
# - {name: radius_kron20, unit: pix, datatype: float64}
# - {name: radius_kron50, unit: pix, datatype: float64}
# - {name: radius_kron80, unit: pix, datatype: float64}
# - {name: near_border, datatype: bool}
# meta:
#   PHOTMJSR: 0.3925000131130219
#   PIXAR_SR: 2.11539874851881e-14
#   __serialized_columns__:
#     area:
#       __class__: astropy.units.quantity.Quantity
#       unit: !astropy.units.Unit {unit: pix2}
#       value: !astropy.table.SerializedColumn {name: area}
#     eccentricity:
#       __class__: astropy.units.quantity.Quantity
#       unit: !astropy.units.Unit {unit: ''}
#       value: !astropy.table.SerializedColumn {name: eccentricity}
#     equivalent_radius:
#       __class__: astropy.units.quantity.Quantity
#       unit: !astropy.units.Unit {unit: pix}
#       value: !astropy.table.SerializedColumn {name: equivalent_radius}
#     kron_radius:
#       __class__: astropy.units.quantity.Quantity
#       unit: &id001 !astropy.units.Unit {unit: pix}
#       value: !astropy.table.SerializedColumn {name: kron_radius}
#     orientation:
#       __class__: astropy.units.quantity.Quantity
#       unit: &id002 !astropy.units.Unit {unit: deg}
#       value: !astropy.table.SerializedColumn {name: orientation}
#     radius_kron20:
#       __class__: astropy.units.quantity.Quantity
#       unit: *id001
#       value: !astropy.table.SerializedColumn {name: radius_kron20}
#     radius_kron50:
#       __class__: astropy.units.quantity.Quantity
#       unit: *id001
#       value: !astropy.table.SerializedColumn {name: radius_kron50}
#     radius_kron80:
#       __class__: astropy.units.quantity.Quantity
#       unit: *id001
#       value: !astropy.table.SerializedColumn {name: radius_kron80}
#     semimajor_sigma:
#       __class__: astropy.units.quantity.Quantity
#       unit: !astropy.units.Unit {unit: pix}
#       value: !astropy.table.SerializedColumn {name: semimajor_sigma}
#     semiminor_sigma:
#       __class__: astropy.units.quantity.Quantity
#       unit: !astropy.units.Unit {unit: pix}
#       value: !astropy.table.SerializedColumn {name: semiminor_sigma}
#     sky_centroid:
#       __class__: astropy.coordinates.sky_coordinate.SkyCoord
#       dec: !astropy.table.SerializedColumn
#         __class__: astropy.coordinates.angles.Latitude
#         unit: *id002
#         value: !astropy.table.SerializedColumn {name: sky_centroid.dec}
#       frame: icrs
#       ra: !astropy.table.SerializedColumn
#         __class__: astropy.coordinates.angles.Longitude
#         unit: *id002
#         value: !astropy.table.SerializedColumn {name: sky_centroid.ra}
#         wrap_angle: !astropy.coordinates.Angle
#           unit: *id002
#           value: 360.0
#       representation_type: spherical
#   astropy version: '5.1'
#   make_catalog parameters:
#     ab_zpt: 31.4
#     coadd_bands: !!python/tuple [f277w, f356w]
#     deblend_contrast: 0.001
#     deblend_nlevels: 32
#     deblend_npixels: 1
#     detect_kernel_fwhm: 4.0
#     detect_kernel_npix: 7
#     detect_npixels: 4
#     detect_threshold_nsigma: 3.0
#     flag_isolated_buffer: 4
#     hst_bands: !!python/tuple [f606w, f814w, f125w, f140w, f160w]
#     jwst_bands: !!python/tuple [f115w, f150w, f200w, f277w, f356w, f410m, f444w]
#     near_border_kernelsize: 21
#     reference_band: f200w
#   make_catalog version: 1.4.0
#   photutils version: 1.5.0
# schema: astropy-2.0
label xcentroid ycentroid sky_centroid.ra sky_centroid.dec bbox_xmin bbox_xmax bbox_ymin bbox_ymax area semimajor_sigma semiminor_sigma orientation eccentricity min_value max_value local_background segment_flux segment_fluxerr kron_flux kron_fluxerr kron_radius gini equivalent_radius kron4_2_flux kron4_2_fluxerr radius_kron20 radius_kron50 radius_kron80 near_border
[from data line 1507]
1508 3896.5923737809358 1966.345875068962 214.87196887905165 52.83867967718177 3876 3916 1949 1984 1058.0 7.19071312417927 6.153898274977371 -5.799270777953667 0.5172870511776755 0.015665950953577774 4.248046187201254 0.0 928.961141277746 19.789762 1111.1265276978656 34.990143844737005 1.9385168930959373 0.48500516498969914 18.351344898465904 1327.0975360539896 55.87683665934078 4.577710107505171 9.150880418806478 16.72937368866742 False
1509 2545.7442229418843 1955.585107029184 214.88414704218198 52.847201658181426 2540 2553 1951 1962 106.0 3.064772196812824 2.0427845728167027 21.18346737077821 0.745471801661555 -0.08908588966626688 0.42848665403845704 0.0 23.126456312490543 6.099298 97.4842151718818 22.559483143784274 3.4008421052433837 0.2855669930244847 5.808687281605183 106.6418988080209 36.37735308851727 4.690191831760198 11.318351530947682 17.332989858175626 False
1510 2625.4825655148434 1955.951858682191 214.88343087550342 52.846697206091115 2621 2630 1952 1961 82.0 2.633256534154323 2.1519479210913866 50.54121320796104 0.5763269062748715 0.023016206893735826 0.36882215098514687 0.0 20.3121932435711 5.412403 64.41701867430976 18.570136175521984 2.845211350999842 0.19413165240184105 5.108953969950291 94.96574667706848 29.78598656419348 3.7480420861183563 7.26128051692081 11.019909232436087 False
1511 384.272057422968 1956.0616306635998 214.90345698600203 52.86093045120478 383 387 1953 1957 20.0 1.151059231694318 0.8270546892092124 33.71654917695677 0.6955102373194528 -0.08567946709613553 0.14622715655480326 0.0 1.0474279849266048 2.710188 2.2539931812647223 4.312076265181051 1.64874239059207 0.4100552406172805 2.5231325220201604 1.5233279323188267 6.900940378636394 1.0962789843341336 1.8953535451532593 2.8320822540196495 False
1512 8350.353472299706 1959.8822195214225 214.83229213279577 52.810347695669456 8345 8355 1953 1966 109.0 3.453039173947113 2.220546390787948 69.79128581697046 0.765807281821214 0.08829243783532059 0.5204206254909113 0.0 35.75807119641459 6.060859 80.24218618688349 16.24965691379366 2.263720349136738 0.1953910386928276 5.890312181373172 82.95692655503001 26.12841003701324 3.6053796800296363 6.410386047743948 10.197377289672925 False
1513 9711.232052315916 1963.9969739719634 214.8201149121846 52.801720839689274 9702 9719 1958 1970 183.0 4.2420391174487015 2.823970750985122 -15.611157360037064 0.7462099495456105 0.17922615732345792 0.9611902329533962 0.0 90.71419865482244 8.133916 234.6469147201458 25.958577901981588 2.669105634665747 0.2166539744015473 7.632215220473915 348.42253670468176 41.9304171671836 4.847107218078654 9.450900974274614 17.465886041801912 False
1514 9770.148569266212 1961.2484564739448 214.81961860095467 52.80133155605241 9768 9773 1958 1963 28.0 1.6165818554663898 1.2455034875783266 34.71455690358375 0.637494450823092 0.1253061391537084 0.44391253526071484 0.0 8.099121455302468 4.4111714 45.37143703013362 17.896343878609237 3.3917705431818215 0.18572392192307138 2.985410660720923 51.64944268162219 27.568768793146496 3.0500248619051296 5.386047054632555 7.603495368331823 False
1515 2026.321001793817 1962.9639002503964 214.88870990569467 52.85054030476352 2023 2029 1959 1967 48.0 2.322821748825341 1.5138848874286668 -83.0692820290538 0.7584391201679136 0.10659746716427144 0.3466072026678858 0.0 13.14710297032553 4.282501 24.619834096461815 7.1796779994410445 1.4 0.11127098957087159 3.9088200952233594 21.039862231010552 11.357809080777084 2.236843086380917 3.832856100343827 5.5156610109709066 False
1516 7394.970643988078 1962.9627276225622 214.84078108139272 52.81643547796781 7393 7397 1961 1965 19.0 1.2961920708620769 1.0794955401906965 -43.58275705237694 0.5535429006117165 0.15354047243466046 0.28412906356112183 0.0 4.3615460883121955 2.751067 19.801851744394646 10.292420289823076 3.135104280775828 0.09878908773805181 2.4592453796829674 14.67446176899604 16.431692559842535 2.3254527217192194 4.25601830117949 6.599237421049619 False
1517 702.4457156540001 1964.8593683781453 214.9005204891228 52.85895759484976 700 705 1963 1967 26.0 1.7062788960427944 1.1484429347950478 31.475564336207036 0.7395799565586798 0.23443163688366878 0.428387924848972 0.0 9.329353725153707 3.2062745 53.36452219392399 12.411434559925157 3.2064273920094792 0.08833656011734987 2.876813695875796 71.57999346310848 19.918692108673977 3.1177605408662714 5.815784282411763 9.75209606703112 False
1518 2558.0449071873177 1973.5441071975147 214.88384829872817 52.84722042588443 2551 2565 1964 1981 184.0 3.962185798854063 2.986276976077675 51.47868042653391 0.657225117440864 0.06007124492579228 0.6180059290484605 0.0 70.91380317479762 8.324937 115.56258891357456 20.076079857005666 2.186549466025357 0.2139303205577957 7.653039857325812 149.69657541346908 32.18454223507569 3.6730514240587326 6.356062435083382 10.786699421470276 False
1519 9281.489266257346 1967.2602281297732 214.82391178545868 52.80446978336868 9278 9285 1964 1971 49.0 2.055291298313917 1.5948254530793455 63.64477835610492 0.6307811484545707 0.035210351861307436 0.2521545237742496 0.0 7.62999836738958 4.6449957 40.53641558292111 18.40974357359771 3.544656604971354 0.17781397576878422 3.949327084834294 29.236084293313795 29.106696138211845 4.17970724819146 10.742824084600802 13.950300698442174 False
1520 7794.038973689067 1966.9767474454627 214.8371791830012 52.81392122995644 7791 7796 1965 1969 24.0 1.4947291022852838 0.9817508166114812 38.821485455111905 0.7540573995272591 -0.05068801136293868 0.14649054462463285 0.0 1.3419634054131113 3.1613486 3.09340976128186 7.002360796213114 2.147499229556773 0.38872319130951427 2.763953195770684 5.0867309744567235 10.981202642851075 1.5148914169062482 2.450265716570593 3.310145019602244 False
1521 9053.092691334958 1970.2795943342546 214.82591640548372 52.805937649053355 9051 9056 1967 1973 31.0 1.58203383376444 1.4521984511874764 71.9933779659862 0.39673925760777534 0.11714783050860313 0.3323651100343339 0.0 7.570606113911054 3.2654293 43.09181779774989 13.522480489525996 3.3941949660501534 0.1577299734562866 3.141274657157109 55.10740320601885 21.546328298286447 3.2828653974217143 6.02189836720994 8.902814460321947 False
1522 1051.12879151063 1972.5780625726816 214.89732294035343 52.85678510428275 1048 1055 1968 1977 58.0 2.1271109605593503 1.8583667672607374 -78.60138025689466 0.4865411669855675 0.08892926488563853 0.4123825852194079 0.0 16.071785379977822 4.845381 42.2114909254818 15.016764746501252 2.7113959646137578 0.17046306792309315 4.296739856991561 48.87731162351791 23.834173197382707 2.78471489213878 5.216251252609367 8.876867284074601 False
1523 7293.105035687202 1974.1923148417807 214.8415717215194 52.81714331094182 7287 7298 1969 1978 87.0 2.827380630169387 2.173396455586997 34.61643337174337 0.6396141885671527 0.08094065393927388 0.4370051291810165 0.0 27.665024505839643 5.483828 63.257690705565366 15.690732469432822 2.3993219630751237 0.14728628428292997 5.262410103554244 86.02333770281842 25.200808866344953 3.2410059297566223 5.718170566581786 8.446334270708526 False
1524 3338.5997755513613 1971.262270444343 214.87690027163706 52.84225048870742 3337 3340 1970 1973 13.0 1.089175264647718 0.9113946278309497 -41.328473471082184 0.5475468983539417 1.01821831050871 1.4941596318122743 0.0 16.24742353311335 2.9526544 362.6137359818319 12.367799363970462 3.9900577555198007 0.07979058967975457 2.0342144725641096 823.0474511757635 18.266957251571533 4.220308712818763 6.829940175877999 8.882341587518718 False
1525 3560.8752619536435 1975.1730889261412 214.87487404242373 52.84085974666933 3554 3568 1970 1981 124.0 3.6726474541885903 2.2628404953032257 -35.630371295955165 0.7876418749704304 0.01575049579692107 0.4625343804638644 0.0 32.01827332149557 6.771897 71.77739365024298 19.428682509922726 2.4866628900053653 0.23257876567776298 6.282549314314218 102.32354785709809 31.017375622991334 3.634125717639307 7.08751597092985 11.749252378106796 False
1526 7191.554087113387 1986.16833828865 214.8423517321203 52.81785316360285 7180 7201 1970 1998 401.0 6.509283634626473 3.496321962092816 58.510907307079215 0.843500409168604 0.045958764960820526 1.199401705793563 0.0 201.8675185803503 11.953334 326.81050368968425 29.001976365407728 2.318782442391567 0.32114956930482946 11.297887606083718 420.01683271207935 46.65759411627799 4.682271581461447 9.296860948875114 17.146630915171105 False
1527 3463.436744681399 1972.5132541386115 214.87577220321947 52.84146430791465 3462 3466 1971 1974 15.0 1.3068674150420585 0.8635298451347038 32.35894756756008 0.7505944604717417 0.0691793899243579 0.1749266865381955 0.0 1.8939354626915186 2.3146174 22.022105390632476 10.804694379279098 3.794582863607796 0.14383695514433928 2.1850968611841584 29.395501654979583 17.4335482647305 3.6496217904602637 6.439551329053974 8.584197268959091 False
1528 10204.204535925293 1973.4990198023493 214.81562073445022 52.798638665227195 10202 10207 1971 1976 30.0 1.577467282889769 1.3482686179797927 -75.74287110582354 0.5191145976814371 0.07208116235745975 0.23727299341021071 0.0 5.345443599848261 3.292857 34.246723632467436 14.153100357524707 3.580974517111479 0.13939855594282374 3.0901936161855166 39.500213724795316 22.799439288783756 3.56455692568392 6.25166318138693 8.813323666065145 False
1529 975.5583130836108 1977.6042418533154 214.897945468675 52.85729210848996 971 980 1974 1981 67.0 2.4256732808622443 1.8264531140985165 -10.929701249015535 0.6580577207327876 0.016433384251905856 0.2202937865623611 0.0 8.779235321519636 5.556236 15.90814604255742 8.58311502791099 1.4 0.2384379796820601 4.61809077155419 14.594902207934117 13.275357800412591 2.3158073030970128 4.17611795400861 6.014936621118716 False
1530 3447.121184430445 1974.4548104725634 214.87589749746257 52.84157841390274 3446 3448 1974 1975 5.0 0.7819354842290582 0.4341306243975968 22.02638646870136 0.8317168377224166 0.15754596072593371 0.28081997516304247 0.0 1.1114966725406488 1.3565911 27.330855991067203 6.441872515475119 4.035670673729945 0.13190236808445996 1.2615662610100802 72.86099633600425 10.150719798430561 2.7241201838175555 4.279091146895565 5.39284003612987 False
1531 9438.854223759156 1979.3181145548356 214.82238204553227 52.80353460673871 9438 9440 1978 1981 10.0 0.9903456980754132 0.7838684995216971 -64.48239542651952 0.611156246963133 0.185006604744473 0.31393309114102613 0.0 2.71697674940472 1.9623533 32.35234552515246 8.82643192517082 3.7198733710280476 0.09208779453252634 1.7841241161527712 50.939558948240744 13.98134266777976 2.798562110602062 4.854426417813928 6.677673403097254 False
1532 6216.359311439602 1982.6365472787234 214.8510898751478 52.824030450754066 6213 6221 1980 1986 52.0 2.040310214145457 1.7462962117602963 -11.298801622715718 0.5171456633121639 0.13512635653663252 0.5116250617715563 0.0 17.708241218615026 3.7790766 73.21319777522459 14.150149578372126 3.1100280278122403 0.18022064306919505 4.068428945128219 121.41434096840938 23.021620643748342 3.484847762913463 6.90844024042047 11.278474929908588 False
1533 7848.525317769717 1987.5256455060114 214.83647714731293 52.813685764818004 7839 7860 1981 1994 233.0 4.468963531519159 2.7872540485236525 8.749680970998979 0.7816706838186189 -0.044187226366248576 1.2380287640886407 0.0 119.76021216200157 9.152839 139.14070831675525 13.06637306811329 1.4 0.3392788085566045 8.611980229936854 124.94322372222683 20.6934872870221 2.893280871377979 5.172519683087078 7.879265753503139 False
1534 9802.568620097538 1985.9830764436626 214.81906956270208 52.80125879957587 9796 9808 1981 1992 120.0 3.2873065999781677 2.2583721185581656 32.661736904010176 0.7266595773204392 -0.13396391407057517 0.471554132599914 0.0 27.98067464120264 7.5360727 94.45854166855867 25.228512014404746 2.939240551075194 0.2750678125719286 6.180387232371033 137.40588424374616 40.16195016970134 4.380445864157515 10.603922703786179 18.647735009835795 False
1535 9030.022129368428 1987.2755183489792 214.82594342329404 52.80617588195701 9025 9035 1983 1991 77.0 2.768256659832696 2.1025791801842773 5.906382439356855 0.6504700807853829 0.036886154046740935 0.4357207935744414 0.0 22.988457164596625 5.1526113 141.07945771627124 21.07384227250626 3.3379002233759447 0.12240571520280884 4.950743503369154 182.72676772668942 33.741046801247556 5.4434217971889645 9.966886638797737 15.499694805750906 False
1536 3329.664665745488 1987.594639510881 214.87680832364452 52.84239534655749 3323 3336 1984 1992 93.0 3.5876934392585396 2.009749826060925 10.77284356440872 0.8283717194787816 0.3677560204770162 1.1248037187423288 0.0 68.66290246018079 6.054856 735.4475440530471 26.31463173561681 3.581160473143073 0.1493366128144507 5.440847306724618 1634.2859681401646 41.05911566818658 8.063847612744341 14.14275070030686 19.716295216023326 False
1537 7441.825977136456 1985.0657871206015 214.84013071661408 52.8162569037312 7441 7442 1984 1987 8.0 1.0685479961783428 0.357002559714411 82.71995378085778 0.9425374095517494 -0.000519056818469816 0.06265524422769223 0.0 0.22837918480651279 1.6627951 6.781939442203871 6.734718069588496 4.1584002151368695 0.49528285274835265 1.5957691216057308 11.52448236818694 10.80921573255869 2.9685576919967356 4.650867974387722 6.461360574114174 False
1538 3203.051770515116 1985.9709437472072 214.87795621601225 52.843190786847515 3202 3204 1985 1987 5.0 0.6324890167452392 0.6255331426867607 79.94556968034391 0.14789960437400665 0.12352107514517195 0.16086615759244535 0.0 0.7213581391582244 1.3263819 9.114534498857155 6.237073151253978 3.743022034200557 0.06629864151234754 1.2615662610100802 16.238806340142823 10.08965528245999 2.0555925504574297 3.494913027393415 4.889819232802925 False
1539 7474.88498734128 1988.4884859128415 214.83979983178622 52.816065284568914 7472 7477 1985 1991 28.0 1.9561726689888062 1.0116591065552336 47.08555680183236 0.855887241678759 0.0318412730211816 0.1937228241219304 0.0 3.9201398556080442 3.6063476 10.66479135561394 9.162251303476529 2.182456779415122 0.16364354967780428 2.985410660720923 5.152131245752214 14.934885248491888 2.0879372867918233 3.7271768825127762 5.33045443960666 False
1540 862.1723163049141 1988.2108127070055 214.89884730047802 52.858069353460806 857 864 1986 1992 47.0 1.7554940169970636 1.4698884580537945 35.945059913691594 0.5467321153936296 -0.10454600264573224 0.2709700769546441 0.0 3.966518956561114 4.798766 24.571900974192918 16.733847770674952 3.264567512405694 0.477173364169171 3.8678889139475245 44.92501367433996 27.52359399273785 3.136695512159481 5.630982096032838 7.70523948382589 False
1541 7057.4379291904515 1991.3423172393027 214.84349381272273 52.81873326344249 7049 7065 1986 1998 152.0 3.6541242986929 2.796120485460709 -23.006600476335777 0.6437976556411209 0.038647121137335955 0.4976513287977049 0.0 39.95800996824629 7.4223595 77.0158164876822 16.777139692516926 2.0060830887768 0.24338120925166185 6.955796338302048 75.80662167132942 26.826936246430684 3.5966749344350175 6.429289842081735 9.200133559464721 False
1542 3590.6282976465127 1988.4096677247667 214.87446914064242 52.84074216219366 3590 3593 1987 1989 9.0 0.8982962710743729 0.2627042374331984 28.94365295037641 0.9562816686946594 -0.03424355931214792 0.028345216534309648 0.0 -0.036049660554401675 1.7782284 7.418065066053796 6.118158494965348 4.637914353029022 -0.6377703793454025 1.692568750643269 12.73742779958388 9.70169319852278 3.9112877542179567 5.350437799483642 6.4180636774427695 False
