outputs/dr0.5_c0.1/nircam6_f200w_dr0.5_c0.1.ecsv
# %ECSV 1.0
# ---
# datatype:
# - {name: label, datatype: int64}
# - {name: xcentroid, datatype: float64}
# - {name: ycentroid, datatype: float64}
# - {name: sky_centroid.ra, unit: deg, datatype: float64}
# - {name: sky_centroid.dec, unit: deg, datatype: float64}
# - {name: bbox_xmin, datatype: int64}
# - {name: bbox_xmax, datatype: int64}
# - {name: bbox_ymin, datatype: int64}
# - {name: bbox_ymax, datatype: int64}
# - {name: area, unit: pix2, datatype: float64}
# - {name: semimajor_sigma, unit: pix, datatype: float64}
# - {name: semiminor_sigma, unit: pix, datatype: float64}
# - {name: orientation, unit: deg, datatype: float64}
# - {name: eccentricity, datatype: float64}
# - {name: min_value, datatype: float64}
# - {name: max_value, datatype: float64}
# - {name: local_background, datatype: float64}
# - {name: segment_flux, datatype: float64}
# - {name: segment_fluxerr, datatype: float32}
# - {name: kron_flux, datatype: float64}
# - {name: kron_fluxerr, datatype: float64}
# - {name: kron_radius, unit: pix, datatype: float64}
# - {name: gini, datatype: float64}
# - {name: equivalent_radius, unit: pix, datatype: float64}
# - {name: kron4_2_flux, datatype: float64}
# - {name: kron4_2_fluxerr, datatype: float64}
# - {name: radius_kron20, unit: pix, datatype: float64}
# - {name: radius_kron50, unit: pix, datatype: float64}
# - {name: radius_kron80, unit: pix, datatype: float64}
# - {name: near_border, datatype: bool}
# meta:
#   PHOTMJSR: 1.891700029373169
#   PIXAR_SR: 2.11539874851881e-14
#   __serialized_columns__:
#     area:
#       __class__: astropy.units.quantity.Quantity
#       unit: !astropy.units.Unit {unit: pix2}
#       value: !astropy.table.SerializedColumn {name: area}
#     eccentricity:
#       __class__: astropy.units.quantity.Quantity
#       unit: !astropy.units.Unit {unit: ''}
#       value: !astropy.table.SerializedColumn {name: eccentricity}
#     equivalent_radius:
#       __class__: astropy.units.quantity.Quantity
#       unit: !astropy.units.Unit {unit: pix}
#       value: !astropy.table.SerializedColumn {name: equivalent_radius}
#     kron_radius:
#       __class__: astropy.units.quantity.Quantity
#       unit: &id001 !astropy.units.Unit {unit: pix}
#       value: !astropy.table.SerializedColumn {name: kron_radius}
#     orientation:
#       __class__: astropy.units.quantity.Quantity
#       unit: &id002 !astropy.units.Unit {unit: deg}
#       value: !astropy.table.SerializedColumn {name: orientation}
#     radius_kron20:
#       __class__: astropy.units.quantity.Quantity
#       unit: *id001
#       value: !astropy.table.SerializedColumn {name: radius_kron20}
#     radius_kron50:
#       __class__: astropy.units.quantity.Quantity
#       unit: *id001
#       value: !astropy.table.SerializedColumn {name: radius_kron50}
#     radius_kron80:
#       __class__: astropy.units.quantity.Quantity
#       unit: *id001
#       value: !astropy.table.SerializedColumn {name: radius_kron80}
#     semimajor_sigma:
#       __class__: astropy.units.quantity.Quantity
#       unit: !astropy.units.Unit {unit: pix}
#       value: !astropy.table.SerializedColumn {name: semimajor_sigma}
#     semiminor_sigma:
#       __class__: astropy.units.quantity.Quantity
#       unit: !astropy.units.Unit {unit: pix}
#       value: !astropy.table.SerializedColumn {name: semiminor_sigma}
#     sky_centroid:
#       __class__: astropy.coordinates.sky_coordinate.SkyCoord
#       dec: !astropy.table.SerializedColumn
#         __class__: astropy.coordinates.angles.Latitude
#         unit: *id002
#         value: !astropy.table.SerializedColumn {name: sky_centroid.dec}
#       frame: icrs
#       ra: !astropy.table.SerializedColumn
#         __class__: astropy.coordinates.angles.Longitude
#         unit: *id002
#         value: !astropy.table.SerializedColumn {name: sky_centroid.ra}
#         wrap_angle: !astropy.coordinates.Angle
#           unit: *id002
#           value: 360.0
#       representation_type: spherical
#   astropy version: '5.1'
#   make_catalog parameters:
#     ab_zpt: 31.4
#     coadd_bands: !!python/tuple [f277w, f356w]
#     deblend_contrast: 0.001
#     deblend_nlevels: 32
#     deblend_npixels: 1
#     detect_kernel_fwhm: 4.0
#     detect_kernel_npix: 7
#     detect_npixels: 4
#     detect_threshold_nsigma: 3.0
#     flag_isolated_buffer: 4
#     hst_bands: !!python/tuple [f606w, f814w, f125w, f140w, f160w]
#     jwst_bands: !!python/tuple [f115w, f150w, f200w, f277w, f356w, f410m, f444w]
#     near_border_kernelsize: 21
#     reference_band: f200w
#   make_catalog version: 1.4.0
#   photutils version: 1.5.0
# schema: astropy-2.0
label xcentroid ycentroid sky_centroid.ra sky_centroid.dec bbox_xmin bbox_xmax bbox_ymin bbox_ymax area semimajor_sigma semiminor_sigma orientation eccentricity min_value max_value local_background segment_flux segment_fluxerr kron_flux kron_fluxerr kron_radius gini equivalent_radius kron4_2_flux kron4_2_fluxerr radius_kron20 radius_kron50 radius_kron80 near_border
[from data line 1264]
1265 6740.2331165772475 1698.5208036831054 214.8494025900491 52.81916993261919 6733 6749 1691 1706 198.0 3.4580870390499414 3.270447505702638 -75.87416425811482 0.3249275195188502 -0.18454884722195666 1.3170479137522717 0.0 97.38092536002495 3.398213 207.74611422615698 9.27045932207388 2.665518583644432 0.33403084923460896 7.938851142601841 312.43993406059565 14.755775728035635 3.890235033437829 8.659384498019122 17.24522049347914 False
1266 1833.5566926789272 1694.4219723456563 214.89325622662946 52.85031549344984 1832 1836 1692 1697 22.0 1.5642552205368365 1.0049976558982936 -78.40930425770487 0.7663051534609631 0.1621343171566011 0.8837224669239173 0.0 12.32532533487524 1.1324488 31.524398883158398 3.618334460290614 2.755472362049598 0.2007033725320053 2.6462837142006137 30.20041565439113 5.803036688747734 1.8257414310916937 3.2770691411637745 5.47190244019603 False
1267 9833.976630874608 1698.295880229476 214.82181395122075 52.79950867976465 9823 9846 1692 1705 206.0 5.836555138027184 2.235551623098651 -18.24249453536096 0.9237376148733614 -0.1561261003455899 1.0808937050681275 0.0 63.67057414811053 3.566573 188.89600571134713 11.595427925452443 2.940044670864977 0.4219984980272068 8.097643889049511 289.87191162186707 18.583837997190496 5.761507190508145 12.994426184040963 20.25749044913615 False
1268 4372.52045615571 1701.1690081837141 214.87050763610875 52.83422616997604 4364 4381 1693 1709 244.0 2.8729296169359935 2.497071519347749 -37.739926008814265 0.49450895199544104 -0.10638330553305267 10.568251873755212 0.0 242.78275703114298 3.9363832 262.27800470987887 5.085532393905398 1.7380490902325627 0.6517057764006007 8.812923024107548 302.9457691377083 8.129967911774173 1.3953084833307032 2.924907137622544 5.745583974037008 False
1269 6761.491741230623 1695.9034064881052 214.84924043196003 52.81902074754783 6759 6765 1693 1701 44.0 1.978491047343963 1.4632270568985708 -61.94116251470613 0.6730827415905544 0.07607122563757952 0.7565114473814317 0.0 15.659721083800344 1.5320228 70.42398847459071 5.713401398159439 3.2393759563549045 0.3111796648623829 3.742410318509555 120.85365357513301 9.070790910416537 3.3976793093431645 7.134227652286828 11.221146326204142 False
1270 4055.254427739322 1717.1737942604218 214.87317220055382 52.83632779212596 4034 4077 1696 1739 1440.0 8.57978692433455 5.882936350269371 37.90015423480987 0.7279088134734527 -0.19174669415869286 13.724731717838079 0.0 2569.424288581869 10.060501 2638.6376512753995 11.630192802296952 1.429761507010039 0.5802491903801759 21.409489393833255 2733.246564141429 17.948822972772795 4.804986754447721 8.675080491754175 14.035481540057123 False
1271 7949.634137100628 1701.5374220138106 214.83858207597336 52.81150148696961 7945 7953 1696 1706 64.0 2.4396355053238254 1.5799165438676792 70.03922639812895 0.7619774794810052 0.015764103301889508 0.9201556304657105 0.0 26.58596452804535 1.807112 56.92668135036593 5.089815795145686 2.594058198404188 0.30297038594888875 4.51351666838205 53.57987282023528 8.201981125717763 2.387509256930595 5.068778578978584 8.514834020936737 False
1272 1487.7109296042713 1700.955372326068 214.89627786795882 52.852546983631136 1485 1491 1698 1703 33.0 1.4165605316697587 1.2712778814332846 -27.014857906399726 0.4411368296632087 0.0638787423843144 1.3606424536979052 0.0 17.70222133775217 1.544094 28.79152414066118 3.417014985266361 2.2845851180871968 0.3554662267382601 3.2410224072142872 32.11094339265105 5.361203996479007 1.321959536282389 2.5537902565001533 4.489896378219783 False
1273 8041.841313986737 1701.1653054618594 214.8377635847913 52.810913542823236 8040 8044 1698 1705 28.0 1.866359554202125 1.1587142425822123 76.99479061175735 0.7839357847858806 0.14184300349067047 0.4515616115032216 0.0 9.021656392767293 1.2417426 68.67690991678866 5.175337842658057 3.4502383578764393 0.15272157889416868 2.985410660720923 96.90663013462671 8.302251520796881 3.6489713558896 6.792765677676192 10.515456751924843 False
1274 7734.508091683559 1704.4434739241422 214.84047033680812 52.812884168278714 7727 7741 1699 1710 140.0 2.62439507831036 2.156321492608879 -32.12879177166001 0.5699993372419929 -0.01353079324348873 3.5224662211485667 0.0 100.35752818599661 2.8048954 105.87071684390207 3.7548648923058994 1.5346659237911386 0.5164305873671721 6.6755811781245455 113.13841585134571 5.88944250334203 1.5405410378210274 2.9425363014687904 4.873177618158838 False
1275 7918.830338246704 1713.3178167586257 214.83873297327446 52.81176074064351 7909 7927 1699 1727 413.0 4.87994888724172 2.8125809728889206 85.91974103606547 0.8171997178457451 -0.07280956174040804 10.959674335153505 0.0 513.2763724810534 5.127958 558.2160644356971 6.696850891213675 1.679802458526646 0.5976413896369958 11.465687201119065 617.2838351352578 10.369861457953933 2.123964798743536 4.503459734879261 8.522581987923605 False
1276 6705.466176412545 1711.3027308473152 214.849578409598 52.81945975363869 6693 6718 1702 1719 326.0 5.479451337170729 3.177715122307921 -4.150777283799561 0.8146641123959678 -0.19826389156483115 1.889264655316161 0.0 215.86405774898043 4.3933954 280.9300311184913 8.689639418868923 1.9999505954495256 0.3670948201728182 10.186708148166206 334.7946334862305 13.76417863579342 3.71617273342401 6.732075744303282 11.306760714632516 False
1277 8815.327277990551 1712.324084738951 214.8307483639782 52.80605829007068 8805 8827 1702 1723 315.0 6.252482900417599 3.014648856435363 -45.113219796688 0.8760874291219432 0.020781107476452395 1.9924151838007218 0.0 227.2564704531806 4.646373 314.5223037433183 9.941558862503307 2.048464834830661 0.32803860721537864 10.013371767186818 368.83437892550626 inf 4.214902723149258 7.825568167167381 12.503911648057366 True
1278 6972.54066598552 1713.2804615523855 214.84717475292828 52.817773475159754 6956 6983 1703 1722 348.0 5.265670808504223 3.2691747499472137 -34.3604120011693 0.783931935533302 -0.0679186553878519 3.146311202701788 0.0 234.69890615667356 4.511506 309.7152416117659 8.400277744869497 1.9226301069585021 0.4188747198411193 10.524820207108489 341.66393878855126 13.160696239463489 3.1019142204895456 6.525032881624924 11.966428531585407 False
1279 3735.4589424810865 1705.562789212759 214.8761499910119 52.83829644980337 3734 3736 1704 1707 11.0 1.342805612014456 0.3883322879224042 75.94043575525555 0.9572702941714003 -0.15837033077027507 0.08243800279607164 0.0 -0.4707627069819509 0.82084835 1.1256791250293623 2.773413978955487 3.334518229471184 -0.47923881185592954 1.8712051592547776 1.2784597534549829 4.38387630667765 4.983992946996135 6.6817083817767395 7.115273525987998 False
1280 361.1827169208203 1712.1107695245428 214.90622894348436 52.85976046373667 356 368 1705 1719 131.0 3.426032676132892 1.8622701249789917 -49.51365604794287 0.8393673282488914 -0.1550230092050302 2.4581282461857032 0.0 79.20284691160597 2.8967512 96.20566997237223 4.6632934220740845 1.7026876611901633 0.430671344126493 6.457444935117649 102.94413837649955 7.446711106978799 1.9257145968650455 3.8267158068799376 6.714351654379693 False
1281 3611.0183304655807 1711.569296135824 214.87719813171046 52.83911926028834 3607 3614 1705 1718 86.0 2.6912629612343544 1.6820234707323745 -85.03993017214584 0.780629474016054 0.008776621352841114 1.5881563814088913 0.0 43.87908713262422 2.464273 65.49527506326507 5.165214306272456 2.142863536754756 0.37739061763918735 5.232078956954491 78.81630337021824 8.35150288369351 1.8740386896850185 3.8307312866566194 6.625678288979557 False
1282 7691.6646383111665 1710.9116746978677 214.8407844906765 52.81319128460229 7683 7699 1705 1718 155.0 4.394687826021481 1.7910944069324455 -36.56823091401455 0.913178894203638 -0.014503460465897764 6.066363438726007 0.0 111.8831420457735 2.9234817 132.34114548363783 5.361447900640944 1.859327169879339 0.4860235965788613 7.024103669400641 150.21637148549055 8.560879419770867 2.7187392447405854 4.390171419352415 7.436051230842197 False
1283 9499.406169751457 1708.8408367672903 214.82468570163226 52.801691943820835 9497 9503 1705 1714 58.0 2.2929952849940367 1.52929872154481 72.53539862841806 0.7451081284514263 0.07738477070800677 1.6898204396430525 0.0 31.455432844738997 1.9470899 65.79481738640885 5.4941970289251705 2.614844014082936 0.34510842881284753 4.296739856991561 91.21442846776473 8.792473197964664 2.2132715914513645 4.499835916852187 8.0251431995974 False
1284 890.4757053288633 1712.3554948100023 214.90149538261156 52.856400960580075 886 895 1706 1718 105.0 2.86017383464868 2.312433223040695 -70.65607339243252 0.5885044971065242 0.05861928098882667 1.3608366442092406 0.0 60.94940750950667 2.5770009 105.52487802904996 6.616664283777201 2.316669815097229 0.2700237684701505 5.781222885281108 111.78177891394932 10.454942453123548 2.7204584543325128 5.131296178085197 8.859734047071173 False
1285 201.4127753933692 1712.886089916575 214.90764900770114 52.86077909405778 197 207 1707 1718 104.0 2.4394923044373424 1.9076703411165938 50.598611869709956 0.6232849302713314 -0.04705925705107673 2.9236729386368623 0.0 75.1590858714683 2.4610095 92.34438417155829 4.323802046830845 1.9187314473462127 0.4624337372205843 5.753627391751592 103.0536017592413 6.930687702490203 1.5687756507308692 3.0625401649682065 5.662888633660155 True
1286 1347.1945017473445 1713.0640006249162 214.89740622400603 52.853504628992184 1341 1355 1707 1719 121.0 3.8942393748127455 1.990824920256305 -41.898175093923896 0.8594480763084011 -0.25577990490869285 1.1099713748700697 0.0 50.5110647029241 2.7336392 129.79304263135066 8.352160361274054 2.760474877233694 0.31827690249090557 6.206085419025319 162.20216085641397 13.40657861939667 3.6446813005968055 7.847177261767983 12.542591837670964 False
1287 1671.9478483184796 1709.6548092533235 214.8945400769063 52.85142397025225 1670 1673 1708 1711 13.0 0.9651439539277235 0.8542996671513488 -44.20838299412208 0.4653008689391138 0.0944866966837134 0.6187793502294242 0.0 4.790442410004629 0.8943553 19.853776038452136 3.2722584333250064 3.217468089276335 0.2582857309486068 2.0342144725641096 27.629084366430956 5.204798980458525 1.7259496223051374 3.284047940740401 4.811505553891524 False
1288 3794.4118665650385 1710.773130105638 214.87556874801868 52.83795010205565 3791 3797 1708 1714 39.0 1.66519433540238 1.2832174441776345 41.66049667427118 0.6373055328556992 0.05882534983415039 1.176602726608958 0.0 20.64350552595019 1.7333887 32.8377720198496 3.8062710146329564 2.234361229338724 0.3390397136713817 3.523362819972964 39.530137244934856 5.960465592281269 1.4334654924561094 2.741502773157964 5.216401457064896 False
1289 8408.09099348491 1712.3964611121512 214.83437912051238 52.808646667600314 8406 8410 1710 1714 19.0 1.1879730035517273 0.9479856206143947 5.709869345440001 0.6026762137907478 0.044372558550079384 0.7010330367093881 0.0 6.313440485009345 1.0334692 7.352146691970457 1.5800680282187374 1.4 0.31980760103812267 2.4592453796829674 7.363546556061017 2.5599838788578086 0.868316546654705 1.574134977664352 2.3389009562633825 False
1290 4236.836719500006 1715.610530250684 214.8715672680904 52.835165946122736 4232 4241 1711 1721 76.0 2.460013887096734 1.810588992313506 -65.51219813655695 0.6769732400040746 0.05965492833180428 1.339033183759606 0.0 39.55434111902038 2.1245449 46.016096808030916 3.2662977714903896 1.4 0.32087768624968427 4.918490759365935 46.025537010037596 5.1891873809513855 1.6499706249728503 3.0962291568773597 4.7233650621548895 False
1291 8058.260055340034 1714.6215099405183 214.8374756805434 52.81088175070548 8054 8064 1711 1718 75.0 2.3472065760297074 1.716448306613417 -14.045657506051326 0.6820851145249942 -0.006792373186480817 1.8054387610357332 0.0 41.905831907848224 2.0456195 59.764760977373555 4.473959354727439 2.1718686397919096 0.3800505227100608 4.886025119029199 67.61815623762027 7.079158355505134 1.7845618500170117 3.3882870258394147 7.755076518709127 False
1292 2225.1745367098047 1717.781970789429 214.88951161172244 52.84795453582642 2221 2229 1713 1721 67.0 1.5451223345922909 1.4775957099157846 -42.86167233354402 0.2923973754268486 -0.026222028345007444 7.214489164933615 0.0 81.49580515828856 2.1627035 91.3960906867062 2.930202005527707 1.704993377138193 0.5965125965269213 4.61809077155419 100.53155427669796 4.490954181957852 1.0033920093094921 1.8579692455995975 3.486850588964521 True
1293 8791.361929736817 1716.4333606820876 214.83091886226245 52.80623274377427 8790 8793 1714 1718 16.0 1.108841243012634 0.9759522011985472 72.9161174722243 0.47468633570864066 0.11486735155076275 0.9709628435576539 0.0 8.927969833063845 1.0496694 29.65436992455978 3.360158042202379 2.9112280314713086 0.22097486808724404 2.256758334191025 40.19853332438775 5.272208754340057 1.7136610272199921 3.4696996478995197 6.287096787556586 True
1294 2900.3655474160028 1716.8200296012412 214.88349007515018 52.84366123890147 2899 2902 1716 1718 6.0 1.1221946598230867 0.34595319329428753 41.48636706280998 0.9512947915214967 0.36446368260650003 0.8546161305514093 0.0 3.2156206747482856 0.6882515 16.659483645126784 2.4197781215398977 3.4772570051682803 0.1908402435891676 1.381976597885342 23.270876447934 3.831866842139639 1.4219319516180984 2.58870364386397 4.073052587156543 False
1295 9122.983342078023 1722.3872703984398 214.82789934595905 52.804157304077066 9119 9126 1716 1729 80.0 3.287903332989576 1.3428387209514636 78.83812866882683 0.9127950386675361 -0.0693085594482971 1.4960745538680995 0.0 45.05532643213056 2.2590563 68.54126253448229 4.996224178197087 2.162996482475201 0.355183774640998 5.046265044040321 68.19707256535251 7.920464551437234 2.0328339231973946 4.42624285211892 7.488367727496534 False
1296 3535.933904632004 1722.0387820490268 214.87775859451654 52.83965264711331 3532 3540 1717 1727 73.0 2.1872859610629285 1.6266356143337157 89.0008258416451 0.6685384056704896 0.006490406450923424 1.8718778146114712 0.0 36.88538635166078 2.283368 46.833345575403385 3.799705206957074 1.753474679901305 0.4279570328621861 4.820437914901168 50.37073333225227 6.079745727174129 1.4418168141564376 2.863680206635298 5.089447142840391 False
1297 3206.1467918245503 1727.7607580737063 214.88064380146372 52.84177815916753 3195 3214 1718 1738 252.0 5.542229157421821 2.4964234208782967 45.946242763429524 0.8928083657206757 -0.014005973927357678 2.2907664653469832 0.0 170.69124222809893 4.146159 213.61474142221186 7.87595362749415 1.9327554138236083 0.411885396818815 8.95623198216277 259.2210014049256 12.518286365096113 3.1883788505605506 6.41037620923026 10.338808704165025 False
1298 4469.7416813677155 1720.579265913088 214.86943551328073 52.83371329845834 4469 4470 1719 1722 6.0 0.9939059966519206 0.43651040518661205 87.92151145706508 0.8983957618833986 0.13485729854802905 0.40621261608757364 0.0 1.4617993843394805 0.6231754 40.141354093659146 2.8164337440927225 4.0019215082701995 0.2631477873018823 1.381976597885342 123.38327113700991 4.531126291965749 3.056196225777138 4.635048814825687 5.643069110733329 False
1299 6773.422408361971 1733.405092870307 214.84873970258275 52.819147153210594 6760 6787 1719 1748 613.0 4.7060856234320125 4.073521776464539 -88.02532162896884 0.5007603183767589 -0.07860522763910627 15.407599628395127 0.0 716.2419638742153 6.144244 786.9627341650737 8.086100080926244 1.7159473037135862 0.6288819067867794 13.968677826861914 892.440405936067 12.505547170936197 2.1046193416237005 4.553075037508251 10.171500816527551 False
