outputs/dr0.5_c0.1/nircam2_matched_f277w_f140w_dr0.5_c0.1.ecsv
# %ECSV 1.0
# ---
# datatype:
# - {name: label, datatype: int64}
# - {name: xcentroid, datatype: float64}
# - {name: ycentroid, datatype: float64}
# - {name: sky_centroid.ra, unit: deg, datatype: float64}
# - {name: sky_centroid.dec, unit: deg, datatype: float64}
# - {name: bbox_xmin, datatype: int64}
# - {name: bbox_xmax, datatype: int64}
# - {name: bbox_ymin, datatype: int64}
# - {name: bbox_ymax, datatype: int64}
# - {name: area, unit: pix2, datatype: float64}
# - {name: semimajor_sigma, unit: pix, datatype: float64}
# - {name: semiminor_sigma, unit: pix, datatype: float64}
# - {name: orientation, unit: deg, datatype: float64}
# - {name: eccentricity, datatype: float64}
# - {name: min_value, datatype: float64}
# - {name: max_value, datatype: float64}
# - {name: local_background, datatype: float64}
# - {name: segment_flux, datatype: float64}
# - {name: segment_fluxerr, datatype: float32}
# - {name: kron_flux, datatype: float64}
# - {name: kron_fluxerr, datatype: float64}
# - {name: kron_radius, unit: pix, datatype: float64}
# - {name: gini, datatype: float64}
# - {name: equivalent_radius, unit: pix, datatype: float64}
# - {name: kron4_2_flux, datatype: float64}
# - {name: kron4_2_fluxerr, datatype: float64}
# - {name: kron4_2_mag, datatype: float64}
# meta:
#   PHOTMJSR: 2.962800025939941
#   PIXAR_SR: 2.11539874851881e-14
#   __serialized_columns__:
#     area:
#       __class__: astropy.units.quantity.Quantity
#       unit: !astropy.units.Unit {unit: pix2}
#       value: !astropy.table.SerializedColumn {name: area}
#     eccentricity:
#       __class__: astropy.units.quantity.Quantity
#       unit: !astropy.units.Unit {unit: ''}
#       value: !astropy.table.SerializedColumn {name: eccentricity}
#     equivalent_radius:
#       __class__: astropy.units.quantity.Quantity
#       unit: !astropy.units.Unit {unit: pix}
#       value: !astropy.table.SerializedColumn {name: equivalent_radius}
#     kron_radius:
#       __class__: astropy.units.quantity.Quantity
#       unit: !astropy.units.Unit {unit: pix}
#       value: !astropy.table.SerializedColumn {name: kron_radius}
#     orientation:
#       __class__: astropy.units.quantity.Quantity
#       unit: &id001 !astropy.units.Unit {unit: deg}
#       value: !astropy.table.SerializedColumn {name: orientation}
#     semimajor_sigma:
#       __class__: astropy.units.quantity.Quantity
#       unit: !astropy.units.Unit {unit: pix}
#       value: !astropy.table.SerializedColumn {name: semimajor_sigma}
#     semiminor_sigma:
#       __class__: astropy.units.quantity.Quantity
#       unit: !astropy.units.Unit {unit: pix}
#       value: !astropy.table.SerializedColumn {name: semiminor_sigma}
#     sky_centroid:
#       __class__: astropy.coordinates.sky_coordinate.SkyCoord
#       dec: !astropy.table.SerializedColumn
#         __class__: astropy.coordinates.angles.Latitude
#         unit: *id001
#         value: !astropy.table.SerializedColumn {name: sky_centroid.dec}
#       frame: icrs
#       ra: !astropy.table.SerializedColumn
#         __class__: astropy.coordinates.angles.Longitude
#         unit: *id001
#         value: !astropy.table.SerializedColumn {name: sky_centroid.ra}
#         wrap_angle: !astropy.coordinates.Angle
#           unit: *id001
#           value: 360.0
#       representation_type: spherical
#   astropy version: '5.1'
#   kernelfile: kernel_f277w_f140w.fits
#   make_catalog parameters:
#     ab_zpt: 31.4
#     coadd_bands: !!python/tuple [f277w, f356w]
#     deblend_contrast: 0.001
#     deblend_nlevels: 32
#     deblend_npixels: 1
#     detect_kernel_fwhm: 4.0
#     detect_kernel_npix: 7
#     detect_npixels: 4
#     detect_threshold_nsigma: 3.0
#     flag_isolated_buffer: 4
#     hst_bands: !!python/tuple [f606w, f814w, f125w, f140w, f160w]
#     jwst_bands: !!python/tuple [f115w, f150w, f200w, f277w, f356w, f410m, f444w]
#     near_border_kernelsize: 21
#     reference_band: f200w
#   make_catalog version: 1.4.0
#   photutils version: 1.5.0
# schema: astropy-2.0
label xcentroid ycentroid sky_centroid.ra sky_centroid.dec bbox_xmin bbox_xmax bbox_ymin bbox_ymax area semimajor_sigma semiminor_sigma orientation eccentricity min_value max_value local_background segment_flux segment_fluxerr kron_flux kron_fluxerr kron_radius gini equivalent_radius kron4_2_flux kron4_2_fluxerr kron4_2_mag
[from data line 41]
42 9792.703546004806 1851.2079461999544 214.87672887770253 52.87377027592809 9781 9805 1844 1861 339.0 4.4802893244666295 3.5650301391300494 1.7937615523920938 0.6056721919468325 0.45324198087163 8.81723420050488 0.0 847.4468826982759 15.358999 975.8769377413869 25.059530681313646 1.6965643600764135 0.4205555880414213 10.387831891992912 1040.3337189197564 40.224033103623114 23.857068312721474
43 9710.718108808878 1849.8805338623515 214.8774756068575 52.87428385832975 9701 9722 1845 1854 159.0 4.994727861821046 2.1406077042806455 -3.715105437750776 0.9035069485440111 0.1807737941854903 1.0122829654613836 0.0 100.75600183397985 10.406207 244.34036125949984 31.657036688870576 2.6293768145902403 0.1868987801335871 7.1141599576634995 263.58631157525036 50.81696056149629 25.3476928676087
44 1414.5010447955797 1847.5048050207047 214.951740559026 52.92694228260878 1413 1416 1846 1849 14.0 1.1815926297810808 0.8775236472641275 -45.02895647653271 0.6696667296521643 0.18835213175438972 0.21261781342744232 0.0 2.7871444873685642 6.0864964 21.57389221222547 23.04004124265275 3.507156564061428 0.024784229420648313 2.111004122822376 29.88793332474753 35.98098749510568 27.711260285728063
45 9422.39811442014 1858.6290449816395 214.8799605940953 52.876162327405574 9404 9441 1846 1880 964.0 6.233668769742393 5.812035289204839 -16.38537728399757 0.36152631734363117 0.2886182814611747 15.54154059974767 0.0 2595.7481757921832 25.552616 2804.7345250885796 36.88487237061908 1.6525442268187926 0.5440822133839021 17.517155313611116 3087.15225658689 59.49147025231637 22.67610487708445
46 3421.728599118392 1853.1616721063715 214.93370250725323 52.914233553742676 3415 3428 1847 1859 134.0 3.1529865290808883 2.79722156681293 -28.182706846630975 0.46145095492266675 0.24261557605864348 0.7403653506309242 0.0 59.5051983172348 18.317385 109.97710023877644 46.587621029198274 2.3107753270726135 0.17658995807686048 6.530966601401967 124.63250018176505 74.69084433416621 26.160921731890433
47 4257.208213124795 1849.1167487953096 214.9262649016771 52.90890836883018 4255 4259 1847 1851 19.0 1.3007692527610752 1.121494648700129 -74.19231678831888 0.5066054433653779 0.166687895148625 0.2166270029042601 0.0 3.711810580731965 5.6915417 27.099171978429904 25.517199326558096 3.4932950089059687 0.04544464572926636 2.4592453796829674 34.98952203023558 41.30995598699559 27.54015497524808
48 9971.047159189215 1850.5892039379635 214.87514147040912 52.872634145542655 9969 9973 1849 1853 18.0 1.3101332159100134 1.0640991059292286 -35.62447292904465 0.5833696214217058 0.42140062392744104 0.5609268540585337 0.0 9.038839894657757 3.43803 64.76507395828382 15.013849953018529 3.50055188666427 0.04415965919859299 2.393653682408596 82.93391842325111 24.193751650066933 26.603169536972466
49 561.1994798827546 1851.6087518470426 214.95934347769742 52.93237927399639 560 563 1850 1853 13.0 1.0635247576996085 0.9602783052046442 37.396516527253326 0.42980759882061603 0.16239073533031656 0.19711274537942644 0.0 2.3815030294615003 5.492042 19.643995824251842 25.33642706439749 3.5398460419882594 0.03253665652728675 2.0342144725641096 29.493957618395243 40.93919706831693 27.72566737037453
50 2656.540118814698 1855.9309361025612 214.94052581485693 52.91910525587076 2654 2659 1854 1858 24.0 1.4380216033355246 1.2524607321072716 -27.122887580312145 0.491352153107275 0.15257267241584396 0.21734614113795206 0.0 4.510194087238798 5.8216004 17.016654536717084 20.37828296727369 3.0154115618597315 0.06227613788830665 2.763953195770684 12.552198345620853 32.05091358401397 28.653200516978533
51 8248.237299086193 1857.2925755707213 214.89047175082877 52.88361226295844 8244 8253 1854 1860 48.0 2.315842187633642 1.6334737389857312 20.80850199484447 0.7088615923488554 0.2730259994921813 0.393730329090967 0.0 16.598324389948235 8.9106045 166.18786643101555 40.92567830694973 3.6372741442219367 0.05161132573013828 3.9088200952233594 284.0026969167594 65.37696419763243 25.266693839578657
52 690.6486282306334 1865.3414181684607 214.95803883999426 52.931632035028215 683 699 1856 1874 217.0 3.7097505124916315 3.499460156793621 -75.44591357027957 0.3319012076934663 0.20970899110726757 1.2401211160614705 0.0 126.28668458962898 24.161657 185.051990923645 51.62115983033618 1.9898966528594835 0.2577765880018372 8.311031542587394 191.2535113482826 82.23213485095611 25.695976456511886
53 1339.905600867424 1856.8155265879718 214.9523108906946 52.92746595364008 1339 1341 1856 1858 8.0 0.859204851779897 0.6829957671616244 -42.14593644274729 0.6067193741648259 0.15273590019377425 0.19600677831479954 0.0 1.4145692446309714 4.0161514 16.201494714530316 17.88294738433453 3.730042221178302 0.05120571298258444 1.5957691216057308 27.538192897379712 29.033715245477975 27.800161405699377
54 9080.79578111652 1859.183637196766 214.8830083378826 52.878334946570746 9078 9083 1856 1862 31.0 1.8275494989271497 1.2991241465222787 -58.76486297591287 0.7033377872305975 0.3759706247121275 0.5210741218515892 0.0 14.23124457617767 4.676267 79.21399877807222 19.20186572531856 3.3184204645819637 0.05111913282408348 3.141274657157109 93.32344193800623 31.299023725164453 26.47502313003441
55 9003.674862738892 1865.2940246041594 214.88363345854393 52.87885772180725 8991 9016 1858 1873 238.0 5.762389534749837 2.6215565259114375 27.001830558207068 0.8905207594470065 0.34737210346754427 1.5967134224523525 0.0 203.11576351142548 12.632442 322.49540212063954 29.05625056314247 2.062135960724229 0.2151876096298527 8.703892974511014 341.63408970998756 46.76243248502617 25.066097000151807
56 1178.8084860368754 1868.9615741048985 214.95362644412657 52.928553867682474 1170 1188 1859 1878 199.0 5.657238008038962 2.4426248822072205 -47.750667029935435 0.901983805298426 0.2278740532850607 0.577166486798573 0.0 74.81896728521204 20.525776 173.29490533771087 61.31549423116436 2.5569556906587745 0.14062512871062893 7.958873497585845 237.96634420425298 98.67420099331417 25.458711153156436
57 10180.507260081065 1866.3531985351706 214.87310366948714 52.871388715417694 10176 10184 1862 1871 74.0 2.4909588901363238 2.0342466449218546 76.07941144818516 0.5771303621511473 0.36033298579600315 0.8783696850451763 0.0 43.13203799756399 7.0952144 106.57140871864132 22.589311944758826 2.678026554638736 0.1453231305923676 4.853342309955121 125.32843083722275 36.26244992365228 26.15487599459936
58 3083.9515636618316 1875.5670194017514 214.936491350895 52.91649849971377 3079 3088 1868 1882 115.0 3.389884458620633 2.23418401868121 -75.42574092755645 0.7520782746612578 0.206495554981267 0.68107767367001 0.0 47.12657632763864 13.762086 89.72709306905143 36.880913037082735 2.351223823719569 0.1788740144196461 6.050259243299904 95.68372702174497 58.56507975587519 26.447904791545163
59 3521.0618577027885 1872.2617709482724 214.93261201401938 52.91370617348626 3518 3524 1869 1876 41.0 2.1606993875121363 1.4126584207204862 -53.871328807546064 0.756670138619174 0.14339494821504356 0.2482594208890036 0.0 8.350731457370824 8.814102 32.83414587047167 32.30602829394189 3.0941478811037033 0.07348148462723642 3.6125759969217834 36.24458681174106 52.014264477643174 27.501892117100628
60 369.81925539970683 1871.5957047439886 214.9608482147114 52.93370162215761 368 372 1870 1873 16.0 1.400161660768093 0.8649420965802594 32.49524983418059 0.7863789119356474 0.1516755111558287 0.1793561065378213 0.0 2.662760953306742 5.882511 20.069441591698165 24.65205206542626 3.5416553580408334 0.029385490472047946 2.256758334191025 25.21998519689968 39.37980141939826 27.895637931689922
61 9910.165312190868 1875.4747370533303 214.87542370138775 52.8731550957461 9906 9914 1872 1878 41.0 2.2713612531145446 1.391025946976702 -22.876196327787437 0.790532948753076 0.2733154593596311 0.4292153307054272 0.0 14.469986978403892 5.580778 62.49941887646946 20.517631049944576 3.0908200345182326 0.07922695295383511 3.6125759969217834 89.31362580705944 32.85168405580424 26.522705698764216
62 3237.725557752627 1877.6753012755114 214.9350921235079 52.915533845339866 3235 3241 1875 1880 33.0 1.682390999120844 1.4423213533147357 26.63791801674063 0.5148096887907134 0.187031331960637 0.3038296122140476 0.0 8.066883016981667 8.081058 28.322985051500453 29.468401899552912 2.976494551292743 0.08161424054201 3.2410224072142872 37.448592019114834 46.47862131908421 27.466411265326773
63 6204.500809276079 1879.4916755775946 214.90851787615298 52.896709719912515 6199 6210 1875 1885 94.0 2.6008282912505387 2.44900337246129 -11.130423572821712 0.3366652554714101 0.2601488541957051 0.6873348195671471 0.0 42.262358749663974 13.379943 109.69445188486765 42.36343192822183 2.754793936029749 0.1558499147211654 5.4700209598571305 134.4698580161928 67.2903134662662 26.078437634214833
64 1141.5880647898377 1886.8576284353987 214.95377154977785 52.92888672523066 1133 1151 1876 1896 311.0 5.1041466085671745 3.7614782182105797 -50.72566102210163 0.6759520920787034 0.19748558558864265 0.9619207990281584 0.0 149.4990607936095 25.995258 241.97084938807376 63.92929713231653 2.1931885116496677 0.24051833489379928 9.949591680222808 288.70000079693483 101.89771288253567 25.248883037301106
65 8254.660137163748 1876.69048004486 214.8902101734003 52.88367613870396 8251 8258 1876 1878 17.0 1.9231229871088544 0.7425810287749756 1.5133672153755562 0.9224431659988678 0.20452564271077872 0.23975245955277533 0.0 3.6745702522205077 5.2664413 72.01491538002196 26.318461198800293 3.8690458895021074 0.02645652854913593 2.326213245840639 154.36276839002574 42.27811303755271 25.92864360314531
66 10013.568773030342 1885.5186424369965 214.87439387498105 52.872552475722635 10003 10023 1877 1895 281.0 4.987460889281727 3.8724824928679125 25.393031835009925 0.6301866468570723 0.29487063888851256 0.7987730061212426 0.0 143.10194091158075 14.797295 277.3193941534921 39.963835300898495 2.3147379011191522 0.1526893935017871 9.45754080179648 316.66992497492026 63.19048518204916 25.14848295206639
67 6240.394621091045 1880.1983639918906 214.90818929957783 52.8964856335598 6240 6241 1879 1881 5.0 0.7689070266583481 0.44735971666197083 71.64925098841229 0.813322948809064 0.15021967972054692 0.16067122144713222 0.0 0.7697868352220032 3.0223632 8.067729170643256 13.355795338448122 3.8227120971162774 0.015186927212942533 1.2615662610100802 11.602805561373025 21.426789168907643 28.73859246389358
68 1026.0830983604749 1903.4582864535264 214.9546317560772 52.92970936606767 1008 1045 1880 1922 1065.0 7.082382552843975 5.140760165707948 -56.33507937563494 0.6878511146630082 0.18116627970718277 10.223117934681918 0.0 1666.8751328218425 49.619614 1757.2867307238625 63.084315170548315 1.5406539395164611 0.5785108065159592 18.411953421235268 1876.3853848700182 102.14423044238895 23.21669489605786
69 9058.987405493146 1883.508071101246 214.88294730661585 52.878604687363875 9058 9060 1882 1885 8.0 0.8481265242887518 0.7080823873995445 -89.59976184751127 0.5504346551597834 0.2123939885373772 0.24430709531300807 0.0 1.8400082948682588 2.402355 15.162685659637045 10.383634959875048 3.650981377363286 0.029787122302685293 1.5957691216057308 21.167449541267615 16.588751207097637 28.085828667053654
70 357.4169564684188 1894.7122375311733 214.96071600648736 52.93390519208136 348 367 1884 1905 327.0 4.283568291404504 3.9062379818466484 -63.884261255944295 0.410385459976826 0.22190412210917043 2.6201294378338287 0.0 284.5710826599528 24.735086 367.21998108176433 50.61418486840867 2.019199247227274 0.3609623751778573 10.202319970580199 424.61820051281694 82.00270460120583 24.830003486253602
71 2945.0804561082373 1890.357718954941 214.9375792908681 52.917459799994674 2938 2951 1885 1897 132.0 3.457433995770343 2.8340892402415347 43.584942093684845 0.572780414565329 0.20294593220955678 0.39592071172046206 0.0 38.18149206816916 12.984305 111.34564080274652 43.552224202352214 2.7936632423891004 0.10527059912342843 6.4820448144285745 116.68551939342987 70.30783157112234 26.23245759077203
72 3329.8300745276842 1887.427153498028 214.9341647130029 52.91500188499422 3327 3332 1885 1890 29.0 1.547976035388989 1.4219558276277682 -53.033901195010166 0.395211074276603 0.15880664948933632 0.2142719825442361 0.0 5.455735769988419 7.1275344 27.037650669431905 28.746249400517854 3.220286573846181 0.05029913561550134 3.0382538898732494 37.44664777478823 46.2804318687389 27.466467635703918
73 338.0301881475385 1887.250067827763 214.96096831506512 52.933987897635646 337 339 1887 1888 4.0 0.7023567040168405 0.432836611571137 -1.4142701193801726 0.7875402404954335 0.13587893694912384 0.15356571693174717 0.0 0.5858849059905992 2.7093353 8.268944799253768 13.08535430279365 3.8946020010047726 0.032132966708291404 1.1283791670955126 15.323847793135156 21.168177311574002 28.436580425938303
74 4069.1387654047976 1892.6441659349512 214.92749039009763 52.910337215566955 4065 4073 1887 1899 96.0 3.0354788062535754 2.1882210753792637 74.08419370549073 0.6930581482296129 0.19847180088508046 0.47387441094541294 0.0 30.420521454136534 12.74229 72.55277854984945 36.849539810035346 2.5881920392288715 0.13699771468499208 5.527906391541368 93.57864110353869 57.86233741241218 26.472058164196408
75 257.6417732135088 1891.6785247869466 214.96164216911464 52.93452190826201 256 260 1890 1894 19.0 1.2768196817370185 1.1460256687499508 -67.39158370904369 0.44088691629807514 0.13108555486795978 0.1746825655573515 0.0 2.9609052397578184 4.943507 17.365464136363823 20.431467389149518 3.383824803800772 0.04736714666312623 2.4592453796829674 20.583419377864615 32.543159891395845 28.116206193275115
76 917.925650911379 1902.0298430997202 214.9556159550234 52.93038799217682 903 933 1891 1917 614.0 5.5538762439068 4.736836228374041 -16.474435806438287 0.5220933810060878 0.21903372280924294 5.721674630558343 0.0 845.410940169983 37.71679 927.241890809775 54.824207576042014 1.567807587850619 0.46899274166664495 13.980066885278035 971.6288863942858 87.84929964157621 23.931248955398136
77 2212.087680991566 1898.6126316366838 214.94405740342773 52.92215657059898 2203 2221 1893 1904 181.0 4.600161640916868 2.7357163427966547 5.495453193794493 0.8039476689592834 0.1747089729584119 0.46153126644044656 0.0 53.72846535308015 15.316471 109.56056779744634 42.09402907089937 2.381344275667022 0.13699887780514516 7.590394548326596 114.62503153912745 67.32586495161303 26.251801329563975
78 2997.14381567317 1898.6987015490142 214.93702524052227 52.91717438785596 2994 3000 1895 1902 46.0 1.9186340813922205 1.695966579210366 71.67580379364993 0.46759130395929277 0.19730034461811918 0.3912277655047397 0.0 13.339758983041296 7.8234296 33.50936245975971 24.108107027350407 2.6442322029698175 0.10911173110476513 3.826519928662906 28.80888068193074 37.929118610637865 27.75118403783805
79 1459.06036769258 1899.902323219326 214.95078973896622 52.9269425087321 1456 1462 1897 1902 32.0 1.7271080040037672 1.3661217873699998 -0.5782262762631358 0.611831601999638 0.1597247706794106 0.2460409645116961 0.0 6.4990193692494875 7.8729644 29.5691952727093 29.58106029037863 3.181459388291643 0.07182729004331388 3.1915382432114616 44.57570919661336 47.191612373323835 27.277254346252207
80 4296.692609148121 1909.2089586103211 214.9252789127326 52.90898214902386 4291 4303 1900 1918 168.0 4.307045364736527 2.64192694197577 65.08623590171031 0.7897750456487539 0.22068415608344172 0.6520312848535635 0.0 68.79291004928564 22.388971 156.3069825677054 66.17583558652115 2.5827330530734742 0.16057169661930012 7.312732791431452 156.40138288813003 107.6446266250387 25.914398528157996
