outputs/dr0.5_c0.1/nircam3_matched_f277w_f444w_dr0.5_c0.1.ecsv
# %ECSV 1.0
# ---
# datatype:
# - {name: label, datatype: int64}
# - {name: xcentroid, datatype: float64}
# - {name: ycentroid, datatype: float64}
# - {name: sky_centroid.ra, unit: deg, datatype: float64}
# - {name: sky_centroid.dec, unit: deg, datatype: float64}
# - {name: bbox_xmin, datatype: int64}
# - {name: bbox_xmax, datatype: int64}
# - {name: bbox_ymin, datatype: int64}
# - {name: bbox_ymax, datatype: int64}
# - {name: area, unit: pix2, datatype: float64}
# - {name: semimajor_sigma, unit: pix, datatype: float64}
# - {name: semiminor_sigma, unit: pix, datatype: float64}
# - {name: orientation, unit: deg, datatype: float64}
# - {name: eccentricity, datatype: float64}
# - {name: min_value, datatype: float64}
# - {name: max_value, datatype: float64}
# - {name: local_background, datatype: float64}
# - {name: segment_flux, datatype: float64}
# - {name: segment_fluxerr, datatype: float32}
# - {name: kron_flux, datatype: float64}
# - {name: kron_fluxerr, datatype: float64}
# - {name: kron_radius, unit: pix, datatype: float64}
# - {name: gini, datatype: float64}
# - {name: equivalent_radius, unit: pix, datatype: float64}
# - {name: kron4_2_flux, datatype: float64}
# - {name: kron4_2_fluxerr, datatype: float64}
# - {name: kron4_2_mag, datatype: float64}
# meta:
#   PHOTMJSR: 0.3925000131130219
#   PIXAR_SR: 2.11539874851881e-14
#   __serialized_columns__:
#     area:
#       __class__: astropy.units.quantity.Quantity
#       unit: !astropy.units.Unit {unit: pix2}
#       value: !astropy.table.SerializedColumn {name: area}
#     eccentricity:
#       __class__: astropy.units.quantity.Quantity
#       unit: !astropy.units.Unit {unit: ''}
#       value: !astropy.table.SerializedColumn {name: eccentricity}
#     equivalent_radius:
#       __class__: astropy.units.quantity.Quantity
#       unit: !astropy.units.Unit {unit: pix}
#       value: !astropy.table.SerializedColumn {name: equivalent_radius}
#     kron_radius:
#       __class__: astropy.units.quantity.Quantity
#       unit: !astropy.units.Unit {unit: pix}
#       value: !astropy.table.SerializedColumn {name: kron_radius}
#     orientation:
#       __class__: astropy.units.quantity.Quantity
#       unit: &id001 !astropy.units.Unit {unit: deg}
#       value: !astropy.table.SerializedColumn {name: orientation}
#     semimajor_sigma:
#       __class__: astropy.units.quantity.Quantity
#       unit: !astropy.units.Unit {unit: pix}
#       value: !astropy.table.SerializedColumn {name: semimajor_sigma}
#     semiminor_sigma:
#       __class__: astropy.units.quantity.Quantity
#       unit: !astropy.units.Unit {unit: pix}
#       value: !astropy.table.SerializedColumn {name: semiminor_sigma}
#     sky_centroid:
#       __class__: astropy.coordinates.sky_coordinate.SkyCoord
#       dec: !astropy.table.SerializedColumn
#         __class__: astropy.coordinates.angles.Latitude
#         unit: *id001
#         value: !astropy.table.SerializedColumn {name: sky_centroid.dec}
#       frame: icrs
#       ra: !astropy.table.SerializedColumn
#         __class__: astropy.coordinates.angles.Longitude
#         unit: *id001
#         value: !astropy.table.SerializedColumn {name: sky_centroid.ra}
#         wrap_angle: !astropy.coordinates.Angle
#           unit: *id001
#           value: 360.0
#       representation_type: spherical
#   astropy version: '5.1'
#   kernelfile: kernel_f277w_f444w.fits
#   make_catalog parameters:
#     ab_zpt: 31.4
#     coadd_bands: !!python/tuple [f277w, f356w]
#     deblend_contrast: 0.001
#     deblend_nlevels: 32
#     deblend_npixels: 1
#     detect_kernel_fwhm: 4.0
#     detect_kernel_npix: 7
#     detect_npixels: 4
#     detect_threshold_nsigma: 3.0
#     flag_isolated_buffer: 4
#     hst_bands: !!python/tuple [f606w, f814w, f125w, f140w, f160w]
#     jwst_bands: !!python/tuple [f115w, f150w, f200w, f277w, f356w, f410m, f444w]
#     near_border_kernelsize: 21
#     reference_band: f200w
#   make_catalog version: 1.4.0
#   photutils version: 1.5.0
# schema: astropy-2.0
label xcentroid ycentroid sky_centroid.ra sky_centroid.dec bbox_xmin bbox_xmax bbox_ymin bbox_ymax area semimajor_sigma semiminor_sigma orientation eccentricity min_value max_value local_background segment_flux segment_fluxerr kron_flux kron_fluxerr kron_radius gini equivalent_radius kron4_2_flux kron4_2_fluxerr kron4_2_mag
[from data line 3750]
3751 300.076691241741 767.2671216623946 214.86449956000234 52.87348553710453 273 322 754 779 895.0 10.265471289244454 4.745235903854807 4.31946592190668 0.8867485405508408 0.21882390061474752 3.736558830308405 0.0 661.0977803075211 4.9605403 1141.4720811014763 11.177802807849194 2.4015671574809296 0.37816019736947315 16.878606226063 1626.252921686421 16.57739046849292 23.3720297754669
3752 244.12256424127511 773.6012757499269 214.8649328884478 52.873875153187484 213 271 756 817 2140.0 11.341266208973352 7.977938023926968 82.19863540262999 0.7107513538519875 0.16506945005916032 28.153561556639065 0.0 2953.3677236071953 7.603855 3780.550361904685 12.354912006677646 1.9700791963806699 0.5787053326084026 26.099485750361293 7119.407248991144 inf 21.768890408888385
3753 407.54828091846014 781.784064460192 214.86338644843187 52.87288110351738 366 472 759 820 1043.0 30.0732362477319 4.0786034580503205 29.799951654011544 0.9907606036761675 0.17198450222904751 0.6293928423461083 0.0 389.3572426768904 5.0786505 4356.612490207501 inf 3.1881069494888568 0.12395197711451225 18.220790632947125 5366.702116233609 inf 22.075731274902544
3754 243.52505033687083 839.6966031652754 214.86424257081123 52.87423542820439 226 263 806 921 2173.0 23.79582114771952 6.728211971962804 -89.75131884031904 0.9591943385935504 0.18102970991339926 4.182789962370059 0.0 1430.4977909275376 7.2522125 5459.969407145429 inf 2.7512755089614056 0.4022343856294531 26.299950240967704 7067.507747525947 inf 21.776834266892383
3755 4343.3795160448535 288.88349438685105 214.83342487984586 52.84521586313658 4330 4358 278 300 440.0 5.312300559892794 3.8939483145599474 -13.481252126104902 0.6802221460599925 0.18924848718941312 3.2944378278414623 0.0 366.10309473228057 3.600219 464.68338996396676 6.507962624742502 1.928429389281528 0.4245037489998808 11.834540545406394 506.40080931188527 10.366684802513968 24.638764022290115
3756 4326.3943090274015 285.4897118709856 214.83361218866352 52.845305508183806 4321 4332 281 290 96.0 2.840792289109859 2.153440822354588 10.490656516428624 0.6522053489028465 0.1630818813528728 0.7497510818707441 0.0 39.417248370054715 1.659013 90.0037104617726 4.893932419269953 2.708901808400701 0.22022754713889758 5.527906391541368 126.20133362288458 7.953128893411242 26.14734013923527
3757 6644.72645913804 318.0927670946826 214.8125841103811 52.830746579714834 6627 6661 303 336 746.0 3.954181003811398 3.838659701769973 -58.15062863197975 0.23995090465503927 0.06739460499139008 83.40995587795987 0.0 4379.076097591234 10.66544 4296.155854671626 10.069133559114066 1.4 0.7573070489463003 15.40971041561482 4562.7667310664165 12174974.30057014 22.251929334314376
3758 6650.4783496772 338.7528773042704 214.812315441419 52.830821351076835 6647 6655 336 343 50.0 2.33646881296088 1.6087613113058108 -42.55395585070207 0.7251946771833889 0.31854697986343167 0.7005739700654425 0.0 26.939919722796976 1.6490773 114.0947052715155 5.974667245753819 3.0926449770978692 0.11879402775302166 3.989422804014327 218.10157785561626 9.850422996617828 25.5533529812675
3759 9612.213972808759 335.33258707519025 214.78594618466565 52.81197366685037 9577 9640 321 362 1753.0 11.708566642581781 7.860852638071102 2.5633189697826655 0.7411167501007332 0.3012436755469672 7.303634467587813 0.0 2734.781933406933 4472136.0 3560.928913386796 43899557.65663063 1.9421390546529163 0.4190105899350595 23.62196500040132 4322.422210663249 79695994.50725576 22.31068203462827
3760 9581.937515858626 328.64754607996895 214.78628632264602 52.81213017032675 9566 9594 321 340 393.0 6.789654537273324 4.113932642680485 -19.460591268389283 0.7955317344930967 0.4249350519924369 1.6651076712009072 0.0 390.7545331044744 3741657.2 671.034013902658 34986481.84313366 2.3097205573635016 0.207148086278726 11.18462271470208 869.3851968781196 60631139.175362855 24.051969397160974
3761 825.8316848284944 360.07307866601934 214.8640872947916 52.86794946277801 803 848 337 384 1630.0 7.154005364905205 6.177728177422152 78.47342121846498 0.5042903081763671 0.1620584441083237 27.382313126951697 0.0 3317.334952048507 7.124068 3364.085509985527 7.588594335729135 1.4716330508037736 0.6674676213760415 22.778171886250636 3628.893918212088 11.487281017355516 22.500564317862136
3762 848.9717265672131 356.2184651135506 214.86392111454666 52.86778167312507 844 855 351 362 97.0 2.780734932334002 2.3517990913212503 28.10190196561074 0.5335836261741816 0.1474117330331107 0.6252203040480288 0.0 35.55673792411093 1.5963151 158.10923429141593 5.699011018399378 3.2092661223876564 0.2111919223864335 5.556622981616415 307.13408983122906 8.963454875053982 25.181679942741788
3763 6333.048443640616 372.3387957050603 214.81479346759326 52.83302006241448 6298 6369 347 394 1833.0 15.037862961563496 5.522826582404046 -30.28655309562124 0.9301177694992047 0.1943127364013195 6.736386579648869 0.0 2478.574593867016 8.164044 2921.164596242604 14.895595418999513 1.8203158364319392 0.4573536724949172 24.154958525629645 3313.296322187074 25.34922265951127 22.59934930394448
3764 6320.367332997327 414.5737586310919 214.81446221604963 52.83332827207237 6291 6354 388 456 2811.0 12.115639183370575 9.925878654052301 -63.9760133104587 0.5734198588469889 0.19234935683660154 20.035311321726592 0.0 6282.893927910716 10.092454 7352.9904389021085 14.571231360162875 1.6345545083822857 0.5230737614580225 29.912691120369555 7886.5350576419905 23.470370441655874 21.657784404481284
3765 6302.24886456715 430.22901160591505 214.81445912023082 52.83352780545877 6287 6314 411 448 539.0 7.394665507007936 4.275493700981994 43.8369492752208 0.8159048317560229 0.21882999859731175 3.378979603268302 0.0 721.6489914707738 4.1405067 1120.7900516044156 9.366699398907 2.243885720013999 0.4343857623315149 13.098436114783443 1364.433780148807 15.679867726968304 23.56261884257193
3766 9611.64864697012 362.63994528085897 214.78566395441945 52.81212435118759 9610 9613 362 364 9.0 1.1668482777371345 0.622088342056616 12.620782989284992 0.8460298135158129 0.3730749740754563 0.4316322424887915 0.0 3.6737300662823924 0.7088766 72.36819859378923 3.6075586438653175 3.928627010038117 0.027133891042608327 1.692568750643269 160.08268813609044 5.572284808222399 25.88913907890705
3767 9610.891803069566 367.19360305378393 214.78562279529905 52.81215369157567 9608 9614 364 370 41.0 1.8543472815503643 1.7243122007709986 -57.097114945062025 0.36787424353536097 0.33002860742596585 0.4519777656008527 0.0 16.354261774243426 1.4671412 201.57917931109267 6.671753538086767 3.7735107744753145 0.04476111683442237 3.6125759969217834 400.7555489018554 10.516796605201796 24.892801139117182
3768 9628.48660509498 378.64663356377133 214.7853455137409 52.81210350536359 9627 9630 377 380 14.0 1.0404965880616188 1.0223374320083096 -44.19767767969045 0.18601129339118108 0.28939276559361504 0.38157663764607197 0.0 4.794745424905541 0.7980726 66.41550096017681 3.7690350326545907 3.737010143871747 0.04648057620124632 2.111004122822376 148.86834287814835 5.8593708106648315 25.967994114838035
3769 9626.003758825953 383.8474947471267 214.78531292725336 52.81214730660046 9624 9628 381 386 24.0 1.536385246770814 1.189518265967456 -56.60508054450995 0.6329021799523038 0.2638942276907528 0.3434957485783533 0.0 7.343579931188988 1.0167387 78.3244843787902 4.477894901270385 3.6420741034357595 0.045336812316936724 2.763953195770684 178.21393952586322 7.17440146053975 25.772645823385396
3770 7935.054662491098 393.3093649934773 214.80028607505545 52.8229493017061 7929 7942 385 402 189.0 4.417370356175069 2.951588509955499 -82.92641099100115 0.7440016917054805 0.20625542606280906 0.6378338781306553 0.0 65.29039220833772 2.463512 229.84033274101432 9.187731008886272 3.0265965179024685 0.1712637790067807 7.756324418739616 328.0494071059415 15.33193473756944 25.110151857050276
3771 7920.670477343013 419.47513205392437 214.8001390419465 52.82318172202838 7908 7939 400 437 671.0 7.416161468630852 4.789178069779472 -52.03150529918473 0.7635270363579322 0.1623398611074527 4.197888028462331 0.0 500.50451221899095 4.673036 877.55997484221 11.184928552466891 2.454907554259152 0.44591431533431 14.614579488624488 1150.2358056323515 18.587305061353195 23.748032793492147
3772 7895.125161765679 421.85955492867714 214.8003417182949 52.8233569710644 7876 7909 408 430 499.0 5.511228540203869 4.872404934790176 20.3668980221681 0.46732254367695236 0.2039271212433248 4.3158033401607145 0.0 655.2852706190539 4.290681 885.0606858416302 7.310774596233113 1.976041745764232 0.47020930832368873 12.603040633343667 1111.6103955888327 12.085860922909513 23.785118501071324
3773 7892.5639713736955 433.35690484952084 214.80024359309988 52.823435198253485 7872 7910 414 444 475.0 7.004548726114632 4.972685193135211 11.827061875634321 0.7042800282270119 0.2665328484904545 5.619478147918738 0.0 902.6161289984168 4.383303 1305.3847324416624 6.358376589635077 1.970926117380648 0.4160928264057812 12.296226898414837 1630.9454946544815 13.02438474119256 23.368901381529184
3774 7904.451872612214 441.6748081200623 214.800050089401 52.82340443624864 7880 7924 424 458 758.0 8.587711088605696 4.573213522704746 -44.12916155374762 0.8464111481757141 0.17051828352964818 7.234181526299142 0.0 1256.7687974725136 5.565989 1645.108995058296 9.878956270912553 1.8789714828466504 0.47966460724036636 15.533154661153457 1885.5911229452586 15.409881518875723 23.21138118766585
3775 7873.817633506206 438.5496051416064 214.80035610538235 52.82358235347418 7862 7884 419 452 459.0 6.607341839245151 4.222910649565246 64.79096728332152 0.7691037194133673 0.19547034041259964 2.2350971732125617 0.0 392.84717513768817 3.9199722 654.4142337672788 9.543355767347023 2.273053966221264 0.3932252877793104 12.087358593107094 797.6965212381098 15.29144382143915 24.145405754767207
3776 7882.724583879823 447.8492769122567 214.80017885027263 52.8235758323319 7874 7888 442 457 126.0 3.991367065817285 2.1353281605268677 -44.04692828011308 0.8448605014318599 0.2171779904313938 1.7307281662143905 0.0 142.49517459878942 2.0004818 208.94172567611167 4.371192708030787 2.269627710113058 0.2516521103843345 6.333012368467128 293.33117581829185 7.636942195316414 25.23160444222194
3777 1906.6565607135435 410.7035038087343 214.85389936143932 52.861356010834896 1877 1937 390 436 2016.0 9.612843487704104 6.50995811232865 19.08324828321757 0.7357855419319216 0.16043084908240166 29.372038040857294 0.0 3505.7565878037954 8.383957 3620.1549549873835 9.528221113574505 1.4989514843004275 0.620073441633327 25.332049473868512 3909.8334074157237 14.643463949981253 22.419604367240144
3778 1904.5068500850216 461.29547595145783 214.85338616385826 52.8616424832611 1870 1939 433 502 2751.0 8.29941253679346 5.99981401865979 -36.707501367142 0.690931401743976 0.1450462752519896 108.05822499083347 0.0 10763.58553287744 9.877902 10495.518161109081 8.741450072559259 1.4 0.7841053489423195 29.59173021118583 11097.993979422234 11.893390905887246 21.286888787808145
3779 1874.7819300121419 451.0079191782466 214.85375991860448 52.86177586324155 1865 1882 439 463 241.0 5.790914194809382 3.0641635661635243 -63.04383019521025 0.8485389273103495 0.1897060141437921 0.5872610137641753 0.0 89.05208684698567 2.5128567 542.2657554662424 10.002709989900376 3.3996454884858287 0.14338419774798886 8.758577656805558 838.4746925601601 16.150573981867105 24.091275102612954
3780 1872.3991761537693 479.0506507103474 214.85348609417375 52.86194222070761 1861 1885 458 495 509.0 8.637517949941893 4.0373019433864785 56.925405215489334 0.8840382330931806 0.19853048629709258 0.8872268767347662 0.0 221.8653628810689 3.6789448 696.8553666047712 12.346957233939463 2.9765252857747284 0.1929656689028271 12.728697186576065 1004.2581875842228 20.02168233967356 23.895386547090915
3781 1908.0275086063987 492.79679745964575 214.85302321507262 52.861789982846396 1880 1928 476 513 891.0 11.722874394640371 4.980691087013979 -36.65766817365569 0.9052546373207219 0.1620690359612441 1.5642787462947347 0.0 468.17603548493986 4.8305345 997.3268197057571 inf 2.6185810435569485 0.27226822533242234 16.840846433293 1443.9136469870195 inf 23.50114694724564
3782 9313.716120946478 405.47829363251043 214.78786846148432 52.81424948547704 9297 9330 395 412 376.0 5.329389263937752 3.679859140250979 4.001092873843971 0.7233474646112189 0.29210647403328754 6.2876686842581035 0.0 736.3679524253541 4.110752 983.2070577891332 8.49257308695445 2.042645254109138 0.4334687503319421 10.940041919714261 1161.8441655766833 14.151671920367278 23.73713029640607
3783 9296.994400632157 423.070557773704 214.7878324189506 52.814450571088386 9245 9349 400 448 3006.0 20.827694058005868 6.159969623590058 -8.171520242916852 0.955262713013281 0.2520484391886904 15.10637389335318 0.0 7922.446912260875 inf 8639.306284209753 inf 1.5557279705157325 0.5005620798280951 30.93282266248062 9129.192079926757 inf 21.498919137970148
3784 9248.194461200414 434.8364671881664 214.78814356635806 52.814824236531116 9229 9267 420 448 653.0 7.339729853070127 5.105359049063895 23.766102849378825 0.7184500016528297 0.27145313075966626 3.6640501886777157 0.0 647.3159387871941 5.2955384 1125.0465997953972 12.910233188939474 2.3741994362567893 0.3997250650547862 14.417224270920368 1435.0977806920164 20.311846566324633 23.507796267937785
3785 418.0411017899061 425.0407761367454 214.86704721679527 52.87089036434789 397 439 407 448 1009.0 9.07338341887659 5.102540714940771 -44.854021820782094 0.8268900547457579 0.19014949496263367 4.810713173836377 0.0 878.3566817171213 5.0872164 1002.5295492909959 8.118636953615942 1.6750826273896384 0.4597449185743883 17.921346912535476 1082.6843720479114 12.889659284920691 23.813745329942577
3786 390.12073757361026 440.6761557054012 214.86713215523594 52.87115205734729 384 398 434 448 165.0 3.4831250683142647 3.0871854598728437 54.21475050278564 0.46306115812827453 0.1909584404051398 0.9588295481632007 0.0 70.27061638980398 2.0535169 184.74316434064968 6.461916964807909 2.8216021883642535 0.259815694523687 7.247146419131151 306.62267791409124 10.35219707338589 25.183489319327656
3787 7996.254123849093 447.87852077004504 214.79916632303167 52.82285422956423 7982 8012 435 462 477.0 7.528461877561705 3.3572757746342767 -36.856098593111476 0.8950606401204003 0.1914035636712783 2.0883377291887193 0.0 322.44399154806337 3.8788755 470.6039998151331 8.64038030051866 2.1745222720905235 0.3498369320079102 12.322086499845234 552.1386326101399 13.994012874087637 24.544879661571752
3788 7988.348345319266 467.6083786969223 214.7990292353125 52.823010787707304 7985 7992 463 472 57.0 2.7090484780976887 1.5749663196482564 67.01647922569451 0.8136375126212615 0.21130094843919311 0.41142868021144413 0.0 18.05373825370651 1.2806631 61.45807650346538 4.698558183079979 2.898533515973244 0.08705970754547337 4.259537945889915 92.738450207666 7.613629610406196 26.481850415156032
3789 9696.334485627363 453.5364258262289 214.7839530541342 52.81207547084667 9686 9707 442 466 322.0 5.279060536431399 4.205859744717603 67.9903017960089 0.6043669301647404 0.23303607763164585 1.1117738114342173 0.0 177.28857871015907 3.502225 336.95013554597574 9.871919373527753 2.3775557400037415 0.2152933761078047 10.124020118074668 385.58406519680915 16.032671566032757 24.934702305569875
3790 9704.750699237999 461.4394191580547 214.783794914689 52.81206452281973 9696 9711 454 468 132.0 3.8353726329999223 2.4835178165046137 -48.61641425982163 0.7620401859802928 0.21468467354182533 0.9265292211849072 0.0 68.09885719479554 2.2410936 165.082917533057 7.799517457943515 2.6888344765034704 0.21838196727910875 6.4820448144285745 231.74357515436816 12.242726439803366 25.487480743429895
