outputs/dr0.5_c0.1/nircam1_f140w_dr0.5_c0.1.ecsv
# %ECSV 1.0
# ---
# datatype:
# - {name: label, datatype: int64}
# - {name: xcentroid, datatype: float64}
# - {name: ycentroid, datatype: float64}
# - {name: sky_centroid.ra, unit: deg, datatype: float64}
# - {name: sky_centroid.dec, unit: deg, datatype: float64}
# - {name: bbox_xmin, datatype: int64}
# - {name: bbox_xmax, datatype: int64}
# - {name: bbox_ymin, datatype: int64}
# - {name: bbox_ymax, datatype: int64}
# - {name: area, unit: pix2, datatype: float64}
# - {name: semimajor_sigma, unit: pix, datatype: float64}
# - {name: semiminor_sigma, unit: pix, datatype: float64}
# - {name: orientation, unit: deg, datatype: float64}
# - {name: eccentricity, datatype: float64}
# - {name: min_value, datatype: float64}
# - {name: max_value, datatype: float64}
# - {name: local_background, datatype: float64}
# - {name: segment_flux, datatype: float64}
# - {name: segment_fluxerr, datatype: float32}
# - {name: kron_flux, datatype: float64}
# - {name: kron_fluxerr, datatype: float64}
# - {name: kron_radius, unit: pix, datatype: float64}
# - {name: gini, datatype: float64}
# - {name: equivalent_radius, unit: pix, datatype: float64}
# - {name: kron4_2_flux, datatype: float64}
# - {name: kron4_2_fluxerr, datatype: float64}
# - {name: radius_kron20, unit: pix, datatype: float64}
# - {name: radius_kron50, unit: pix, datatype: float64}
# - {name: radius_kron80, unit: pix, datatype: float64}
# - {name: near_border, datatype: bool}
# meta:
#   PHOTMJSR: 0.3925000131130219
#   PIXAR_SR: 2.11539874851881e-14
#   __serialized_columns__:
#     area:
#       __class__: astropy.units.quantity.Quantity
#       unit: !astropy.units.Unit {unit: pix2}
#       value: !astropy.table.SerializedColumn {name: area}
#     eccentricity:
#       __class__: astropy.units.quantity.Quantity
#       unit: !astropy.units.Unit {unit: ''}
#       value: !astropy.table.SerializedColumn {name: eccentricity}
#     equivalent_radius:
#       __class__: astropy.units.quantity.Quantity
#       unit: !astropy.units.Unit {unit: pix}
#       value: !astropy.table.SerializedColumn {name: equivalent_radius}
#     kron_radius:
#       __class__: astropy.units.quantity.Quantity
#       unit: &id001 !astropy.units.Unit {unit: pix}
#       value: !astropy.table.SerializedColumn {name: kron_radius}
#     orientation:
#       __class__: astropy.units.quantity.Quantity
#       unit: &id002 !astropy.units.Unit {unit: deg}
#       value: !astropy.table.SerializedColumn {name: orientation}
#     radius_kron20:
#       __class__: astropy.units.quantity.Quantity
#       unit: *id001
#       value: !astropy.table.SerializedColumn {name: radius_kron20}
#     radius_kron50:
#       __class__: astropy.units.quantity.Quantity
#       unit: *id001
#       value: !astropy.table.SerializedColumn {name: radius_kron50}
#     radius_kron80:
#       __class__: astropy.units.quantity.Quantity
#       unit: *id001
#       value: !astropy.table.SerializedColumn {name: radius_kron80}
#     semimajor_sigma:
#       __class__: astropy.units.quantity.Quantity
#       unit: !astropy.units.Unit {unit: pix}
#       value: !astropy.table.SerializedColumn {name: semimajor_sigma}
#     semiminor_sigma:
#       __class__: astropy.units.quantity.Quantity
#       unit: !astropy.units.Unit {unit: pix}
#       value: !astropy.table.SerializedColumn {name: semiminor_sigma}
#     sky_centroid:
#       __class__: astropy.coordinates.sky_coordinate.SkyCoord
#       dec: !astropy.table.SerializedColumn
#         __class__: astropy.coordinates.angles.Latitude
#         unit: *id002
#         value: !astropy.table.SerializedColumn {name: sky_centroid.dec}
#       frame: icrs
#       ra: !astropy.table.SerializedColumn
#         __class__: astropy.coordinates.angles.Longitude
#         unit: *id002
#         value: !astropy.table.SerializedColumn {name: sky_centroid.ra}
#         wrap_angle: !astropy.coordinates.Angle
#           unit: *id002
#           value: 360.0
#       representation_type: spherical
#   astropy version: '5.1'
#   make_catalog parameters:
#     ab_zpt: 31.4
#     coadd_bands: !!python/tuple [f277w, f356w]
#     deblend_contrast: 0.001
#     deblend_nlevels: 32
#     deblend_npixels: 1
#     detect_kernel_fwhm: 4.0
#     detect_kernel_npix: 7
#     detect_npixels: 4
#     detect_threshold_nsigma: 3.0
#     flag_isolated_buffer: 4
#     hst_bands: !!python/tuple [f606w, f814w, f125w, f140w, f160w]
#     jwst_bands: !!python/tuple [f115w, f150w, f200w, f277w, f356w, f410m, f444w]
#     near_border_kernelsize: 21
#     reference_band: f200w
#   make_catalog version: 1.4.0
#   photutils version: 1.5.0
# schema: astropy-2.0
label xcentroid ycentroid sky_centroid.ra sky_centroid.dec bbox_xmin bbox_xmax bbox_ymin bbox_ymax area semimajor_sigma semiminor_sigma orientation eccentricity min_value max_value local_background segment_flux segment_fluxerr kron_flux kron_fluxerr kron_radius gini equivalent_radius kron4_2_flux kron4_2_fluxerr radius_kron20 radius_kron50 radius_kron80 near_border
[from data line 1485]
1486 nan nan nan nan 1376 1415 1894 1916 695.0 nan nan nan nan 0.0 0.0 0.0 0.0 25176330000000.0 nan nan nan nan 14.873646859386387 nan nan nan nan nan True
1487 3562.125625023199 1898.5659710611678 215.00427201272387 52.98592058264729 3558 3566 1894 1901 47.0 2.2167251519821587 1.4636242204043128 -32.8874993179779 0.751033427515631 -0.0026276529353526893 0.6664023796090891 0.0 20.03717711707807 9.070668 50.23402464133449 26.640307094390835 2.5678803807235546 0.22442115563303805 3.8678889139475245 11.938739582490392 43.751892863622466 2.4884345485329815 4.511850789997353 7.405490372557499 False
1488 6461.208917357685 1895.574297580031 214.97828252517832 52.96751550037503 6458 6464 1894 1900 39.0 1.713750484309108 1.0415853827014143 1.3390700621775462 0.7941045098755545 -0.29763271745449227 0.30870062026964945 0.0 2.360154123643333 8.6707735 12.817773506521657 22.274919194570128 2.7735602652311346 0.3314019308516918 3.523362819972964 -27.721112066415692 36.20484423523393 1.9119919012861246 3.621481896690265 6.194845220665285 False
1489 nan nan nan nan 944 949 1895 1899 21.0 nan nan nan nan 0.0 0.0 0.0 0.0 4376325800000.0 nan nan nan nan 2.5854414729132054 nan nan nan nan nan True
1490 nan nan nan nan 396 410 1896 1909 170.0 nan nan nan nan 0.0 0.0 0.0 0.0 12451581000000.0 nan nan nan nan 7.356132180109627 nan nan nan nan nan True
1491 nan nan nan nan 989 996 1897 1910 87.0 nan nan nan nan 0.0 0.0 0.0 0.0 8907579000000.0 nan nan nan nan 5.262410103554244 nan nan nan nan nan True
1492 10118.669636446815 1909.2892434698133 214.9453416652732 52.94438210203393 10111 10125 1899 1915 184.0 3.4023077032613536 2.984225707573687 14.958462062080839 0.48027473221353634 -0.48129031842459297 0.763929791845537 0.0 54.01012385493628 18.317131 62.554292761095994 26.83122336636322 1.4 0.3620441629643202 7.653039857325812 54.27036511046041 42.81506482325115 2.4608697779967765 4.23613663007737 6.038177742991526 False
1493 nan nan nan nan 529 563 1900 1928 739.0 nan nan nan nan 0.0 0.0 0.0 0.0 25961051000000.0 nan nan nan nan 15.33724244738347 nan nan nan nan nan True
1494 nan nan nan nan 1055 1073 1900 1908 122.0 nan nan nan nan 0.0 0.0 0.0 0.0 10548237000000.0 nan nan nan nan 6.231677632421503 nan nan nan nan nan True
1495 nan nan nan nan 1096 1123 1900 1920 452.0 nan nan nan nan 0.0 0.0 0.0 0.0 20303422000000.0 nan nan nan nan 11.994835078277376 nan nan nan nan nan True
1496 nan nan nan nan 1807 1809 1901 1903 8.0 nan nan nan nan 0.0 0.0 0.0 0.0 2701127000000.0 nan nan nan nan 1.5957691216057308 nan nan nan nan nan True
1497 nan nan nan nan 657 669 1902 1917 157.0 nan nan nan nan 0.0 0.0 0.0 0.0 11966024000000.0 nan nan nan nan 7.069275219628611 nan nan nan nan nan True
1498 3166.70209059979 1906.76192264033 215.00773654181756 52.98847262170163 3164 3169 1904 1909 31.0 1.5501970778791423 1.481232132862933 -60.50375758491285 0.29495176463669504 0.27864962199555143 0.7990905402374826 0.0 19.368435884816677 7.201171 64.67432389430459 25.073988400943456 2.781228192526841 0.13420904414165946 3.141274657157109 74.86324031361255 39.879942500261265 2.477924008835621 4.242681984089003 6.181862560848368 False
1499 4129.426779571381 1914.5361922461157 214.9990101696533 52.982408959615384 4125 4134 1907 1920 88.0 2.73544408415322 2.3023843260803574 84.25819462988882 0.5399676708979031 0.049945082065639156 0.7427416360013303 0.0 25.743270729494377 12.327449 187.9899999406665 52.3211312633204 3.5682438996202555 0.2820803052960579 5.292567428401227 378.7343644371609 83.75907359307668 6.373780781682935 11.888410816274318 17.254919095539233 False
1500 6803.416868713213 1910.5182252767663 214.97505504993362 52.96542523891616 6801 6806 1909 1913 26.0 1.7024526161522917 1.2144731459583942 -13.771799897278672 0.7007908624850102 0.026211380921370805 0.23362881353696774 0.0 2.8165911196756843 6.6780725 15.910850848046325 26.75630583248616 3.179180305968974 0.29969263959805326 2.876813695875796 -9.279120528788038 43.36439733186917 2.855666346138819 4.178466860151502 5.162905372341595 False
1501 8081.174427855869 1909.5600482343802 214.96360466881939 52.95731310521288 8080 8082 1909 1910 6.0 0.7802719847392575 0.49637905398438614 -0.13607657993462083 0.7715558642935721 0.15017773639308615 0.337717455009531 0.0 1.4818965179537733 3.2255297 11.82753089622173 13.093108920765305 3.6136683026214653 0.17241854360022152 1.381976597885342 29.385945039662808 21.010390813871012 1.743796458010794 3.0933652551001622 4.324462227873277 False
1502 2771.6853551412078 1914.347395743084 215.0112042567941 52.99101867887395 2770 2775 1913 1917 23.0 1.4347781924849061 0.9840063833416004 25.949898298316047 0.7277667370744355 -0.04104994030420679 0.598845057424493 0.0 6.534294940067759 6.3744164 38.037260231293594 22.903831159723325 3.2353139922847474 0.38175378579391556 2.7057581899030048 35.39846436379317 36.345713232477564 2.473641765915335 4.374147506544908 6.543564520015627 False
1503 6271.009099631961 1917.079403575077 214.9797624776531 52.96883831948111 6269 6273 1914 1921 35.0 1.9259409734718638 1.2571051039971257 -78.49054304145098 0.7575970381974827 0.14070786704236174 0.5747583769835526 0.0 13.078777394830196 7.7971215 44.0581301723486 27.166407013081034 2.882771207209954 0.19339576505494419 3.3377905890622728 28.92622762844759 43.02560245195903 2.5353130220141304 4.914612375377976 7.243282481930163 False
1504 3137.856848932007 1917.519988331544 215.00788224957205 52.98871370959155 3134 3141 1915 1920 38.0 2.223816564244232 1.3198489773126412 -26.445876291595194 0.8048293975689589 0.33060132775902445 0.8049765708859422 0.0 23.34851890779166 7.965116 93.27882947747464 29.929482243067422 3.028125718448689 0.11172019756041861 3.477898169151024 137.46671314168066 48.49845645280077 3.1396753404603355 5.452765322971769 7.861719711696942 False
1505 7951.712375459206 1919.9374274973234 214.96465634098826 52.958190611515086 7947 7956 1916 1923 55.0 2.4472471908639544 1.6573390538629498 32.602225298229 0.7357752040746045 0.14227073696111797 0.41099593288597225 0.0 16.827225859356577 10.385887 35.97705618068463 17.665260315708323 1.441775230743723 0.11505473778207534 4.1841419359420025 36.96582541847241 27.88835978779292 2.5524651933288376 4.380014783157865 6.101439541629712 False
1506 nan nan nan nan 1468 1473 1919 1924 33.0 nan nan nan nan 0.0 0.0 0.0 0.0 5486015000000.0 nan nan nan nan 3.2410224072142872 nan nan nan nan nan True
1507 10094.91700428402 1931.2498584803666 214.94532325005477 52.94465144696943 10089 10101 1919 1938 193.0 4.689471301603293 2.6045040354099895 76.83269344642842 0.8315873673010007 -0.1065151825203379 1.5701374280196712 0.0 117.42286996480547 18.494862 188.27661140358782 33.85285688726344 1.617700343968602 0.3593206610018182 7.837972188868215 178.09100951504888 53.746009845487094 3.407096021993534 6.496253460891246 10.473559261409237 False
1508 3752.200851338032 1923.7647932673071 215.00229983467344 52.984851322811735 3750 3753 1922 1927 19.0 1.2384240772559691 0.7983602748566636 76.7660409470461 0.7644709054107572 -0.011465588203932672 0.3745254669145918 0.0 2.421598109926684 5.9608583 16.42528276782389 18.76162806451716 3.2192178913829164 0.49007975279600646 2.4592453796829674 44.48328388029768 29.67146506828862 2.1698957211985137 3.5582436472034 4.7519464441900245 False
1509 4183.923660968668 1935.087032603206 214.9983044106877 52.98217439795523 4170 4200 1923 1946 552.0 5.663149145698514 4.734135974022914 -0.3576154293083696 0.5487984967803745 -0.44401697905737725 1.7663456556192099 0.0 269.6434428936526 30.989437 285.0052769190765 49.000001591708 1.6162942202537718 0.44231529817498616 13.255453865237978 325.07506468978664 78.4721586917447 3.635787326610688 6.703448334112151 9.990485119895443 False
1510 7668.2490003179255 1925.168835401358 214.9671434051646 52.96001743020116 7666 7671 1923 1928 28.0 1.5348849108955718 1.1826299107200744 46.95288820242149 0.6374391412474416 -0.00876514254070067 0.5716246898442574 0.0 10.406177010202304 7.506227 17.644336469688366 11.55474366606987 1.4 0.20583927063730847 2.985410660720923 17.384306873918767 18.487230489132166 1.4805235529205785 2.55850522935191 3.66299586552359 False
1511 2225.578873307727 1928.0315460003214 215.01596532229073 52.99455569537821 2223 2228 1926 1930 26.0 1.4965174972984954 1.2864872792571915 15.855115928572253 0.5108766677822477 0.3261186542480667 0.6083408245948458 0.0 12.390285760190167 7.0140233 61.40202550479903 27.58878076398876 3.305148132293662 0.09476045777887562 2.876813695875796 77.80914458291677 44.53060230535172 2.859030993852221 5.188076994630386 8.426873534620393 False
1512 10051.903504598316 1943.1851022400508 214.9455830457626 52.94498888827485 10034 10068 1926 1958 834.0 5.729023955162727 4.941634224819709 -41.32799855792562 0.5059526080435023 -0.20707178579684477 8.67779033030129 0.0 1195.7546034766635 39.512547 1220.3712604526413 55.066642274286146 1.6960153230001234 0.5823199507938435 16.293263794503588 1419.503762889921 91.66055056587174 3.297019374517372 6.19355267825974 10.136145555633421 False
1513 nan nan nan nan 7672 7675 1928 1931 8.0 nan nan nan nan -0.3842636944201498 -0.14137101183567807 0.0 -2.3284825326242986 4.149543 nan nan nan -0.1536962932548374 1.5957691216057308 nan nan nan nan nan False
1514 4282.080540753627 1935.6022408320935 214.99741776741263 52.981554621829844 4277 4287 1929 1942 118.0 3.626840547729215 2.3912701554961107 84.5140491055139 0.7518572123142352 -0.01276968746494928 0.630492731344832 0.0 36.884060648757675 14.591336 277.5452171574691 57.59221660375533 3.3061852066910067 0.22991063470715467 6.128667601500942 313.95736812988054 91.95441829722809 7.707102431316587 14.71651123490194 20.868114355469984 False
1515 1849.0958992055896 1949.933024070733 215.01911667373508 52.99706139757475 1832 1856 1930 1976 798.0 11.346523562917591 3.2457639707593455 -74.28806472247221 0.9582123010636912 -0.4149565888588642 1.4116444627609448 0.0 176.5320962022986 15546154000000.0 434.623074711011 46825957439505.3 3.1897540132097295 0.682995020176358 15.937731619482898 186.39923179093253 77143270683328.23 10.455914908265996 18.23292812241067 28.806450489271114 True
1516 8693.769468803815 1937.589259633197 214.95781647253224 52.953577398856424 8689 8700 1931 1943 125.0 3.513156662829838 2.7694808194511187 -69.0835019563171 0.6152694067053136 0.11664236264050608 0.6880844850366512 0.0 49.77037239445462 14.675545 258.1164426706955 55.95409689441637 3.0450305236521564 0.19045435731572313 6.3078313050504 277.36674721856946 89.96511176799838 6.310801696680528 11.09908771501636 19.746915149211976 False
1517 8915.785123443678 1936.1637507195662 214.9558409787557 52.95216087127133 8912 8919 1932 1938 45.0 1.3521415672203265 0.6523136841486245 -58.91283158565798 0.875934515365916 -0.3670212223933559 0.1273179859103024 0.0 -3.4281203091582877 8.890677 0.21960952494255853 7.74317760132586 1.4 -0.5353742903052433 3.7846987830302403 -7.684202778728898 12.533543969654996 0.33357298544622777 0.5561601466989877 0.7191720896268531 False
1518 nan nan nan nan 1086 1094 1933 1940 53.0 nan nan nan nan 0.0 0.0 0.0 0.0 6952451600000.0 nan nan nan nan 4.1073621666150775 nan nan nan nan nan True
1519 6215.802042943981 1947.7650080463075 214.9799345797423 52.969354358180986 6201 6240 1933 1969 859.0 4.272429357805854 4.179572808591942 -63.76411410733973 0.20735340875605998 -0.17604800171726337 103.3453007866533 0.0 7192.797406577843 39.40336 7272.9007301567335 35.344144680861575 1.4 0.7577151246739012 16.5356642513047 7661.154023504782 56.986830723012176 2.2895501503550837 4.365727346543093 7.544768981088285 False
1520 6683.555698881198 1943.4584260898541 214.97578335204278 52.96636364568815 6675 6693 1933 1951 270.0 4.297009336304392 3.7496702619819136 -41.85180137343429 0.4883939594607682 -0.054462582555497026 0.9580825447548998 0.0 103.94695702785044 21.752293 558.0486226189005 81.33331757226269 3.394913648416926 0.37331919949796 9.27058084855655 713.2081120198504 129.97435990046495 10.121483573012718 17.98830053420072 29.013046738862734 False
1521 nan nan nan nan 1292 1295 1934 1937 13.0 nan nan nan nan 0.0 0.0 0.0 0.0 3443274800000.0 nan nan nan nan 2.0342144725641096 nan nan nan nan nan True
1522 6642.7946503593785 1955.8141952689657 214.9760188780023 52.96668900198498 6619 6672 1934 1978 1732.0 8.45270221725398 7.886627349736398 -14.828768201658004 0.35979778364708287 -0.3378144599034093 5.498158083743001 0.0 2006.3694705821415 55.27138 2098.948574093443 72.4347730571797 1.4995985886681125 0.5375259119897325 23.480049464818542 2219.1237229022854 116.59213559445033 5.535268397508001 10.059529015905037 15.624849837772903 False
1523 nan nan nan nan 4022 4026 1936 1938 12.0 nan nan nan nan -0.21254609711946135 -0.02930776980217666 0.0 -1.4513643236503646 4.484188 nan nan nan -0.30903793598566875 1.9544100476116797 nan nan nan nan nan False
1524 nan nan nan nan 1420 1442 1939 1958 387.0 nan nan nan nan 0.0 0.0 0.0 0.0 18786917000000.0 nan nan nan nan 11.098915530497878 nan nan nan nan nan True
1525 2720.6490765533185 1941.3762541739534 215.01137788622626 52.99148845209073 2718 2723 1939 1944 28.0 1.5215001260215495 1.2737310726927988 -33.3620753663064 0.5469660939864751 0.06022182432013323 0.27882995330272003 0.0 4.881845365157187 6.9133224 34.735861239725885 33.09883240610994 3.997599617068654 0.20997712203389465 2.985410660720923 13.435723808025745 52.370169258176944 3.8378866041556363 6.227787022939061 7.603253195834005 False
1526 8531.315321221726 1961.4527926149983 214.95902170597475 52.95473715531943 8506 8558 1939 1988 1943.0 7.4700236737293935 7.014593854891695 -36.966425926879296 0.3438288137975109 -0.28765811430327365 14.884175883694049 0.0 2805.445070686327 58.634354 2820.8042874804014 59.81783228351453 1.4 0.6787709793859581 24.86917989912625 2922.3127444737274 95.79559640928542 3.8392683039072133 7.399233033341892 12.977618874510512 False
1527 7648.422913089956 1946.3208913538078 214.96709841976562 52.96025749657327 7642 7654 1941 1954 142.0 3.194170606960956 2.3534418824108614 32.06626758056686 0.676118614129647 -0.3822823134696005 1.1251329806254542 0.0 62.2406051724617 17.059221 109.39808505173227 46.86583195803297 2.775417923204545 0.37183938020045487 6.723094811029982 22.859728692840218 74.59619740365845 2.7446639572214777 5.459132128615869 14.020543578063995 False
1528 4376.243275454646 1948.7922327570002 214.99643348252766 52.981028680062586 4374 4379 1944 1950 35.0 1.1993201633407649 0.6998600111195088 13.668455154299775 0.8120791709159432 -0.48685524238762534 0.24027704621940973 0.0 -3.190655279650726 8.978655 2.1626014506737574 8.803789909652778 1.4 -0.49963978942233866 3.3377905890622728 -5.671244675457154 14.109072627002252 0.7997196363106372 1.3190556296545726 1.818681114996059 False
1529 2300.8428452774165 1951.4710536316993 215.01504229536104 52.994205164615046 2294 2304 1945 1957 108.0 2.7790575927647554 1.9255725971325919 -86.7703671162694 0.7210462852160281 -0.2434002225435285 0.6277575564581709 0.0 27.73697233594509 13.840321 83.00693261005814 38.45717250131648 2.8124376429546576 0.4037627442604749 5.863230142835039 109.93076557911405 61.53208232278673 3.22519657267737 8.711565077417278 13.071186808062063 False
