outputs/dr0.5_c0.1/nircam3_f606w_dr0.5_c0.1.ecsv
# %ECSV 1.0
# ---
# datatype:
# - {name: label, datatype: int64}
# - {name: xcentroid, datatype: float64}
# - {name: ycentroid, datatype: float64}
# - {name: sky_centroid.ra, unit: deg, datatype: float64}
# - {name: sky_centroid.dec, unit: deg, datatype: float64}
# - {name: bbox_xmin, datatype: int64}
# - {name: bbox_xmax, datatype: int64}
# - {name: bbox_ymin, datatype: int64}
# - {name: bbox_ymax, datatype: int64}
# - {name: area, unit: pix2, datatype: float64}
# - {name: semimajor_sigma, unit: pix, datatype: float64}
# - {name: semiminor_sigma, unit: pix, datatype: float64}
# - {name: orientation, unit: deg, datatype: float64}
# - {name: eccentricity, datatype: float64}
# - {name: min_value, datatype: float64}
# - {name: max_value, datatype: float64}
# - {name: local_background, datatype: float64}
# - {name: segment_flux, datatype: float64}
# - {name: segment_fluxerr, datatype: float32}
# - {name: kron_flux, datatype: float64}
# - {name: kron_fluxerr, datatype: float64}
# - {name: kron_radius, unit: pix, datatype: float64}
# - {name: gini, datatype: float64}
# - {name: equivalent_radius, unit: pix, datatype: float64}
# - {name: kron4_2_flux, datatype: float64}
# - {name: kron4_2_fluxerr, datatype: float64}
# - {name: radius_kron20, unit: pix, datatype: float64}
# - {name: radius_kron50, unit: pix, datatype: float64}
# - {name: radius_kron80, unit: pix, datatype: float64}
# - {name: near_border, datatype: bool}
# meta:
#   PHOTMJSR: 0.3925000131130219
#   PIXAR_SR: 2.11539874851881e-14
#   __serialized_columns__:
#     area:
#       __class__: astropy.units.quantity.Quantity
#       unit: !astropy.units.Unit {unit: pix2}
#       value: !astropy.table.SerializedColumn {name: area}
#     eccentricity:
#       __class__: astropy.units.quantity.Quantity
#       unit: !astropy.units.Unit {unit: ''}
#       value: !astropy.table.SerializedColumn {name: eccentricity}
#     equivalent_radius:
#       __class__: astropy.units.quantity.Quantity
#       unit: !astropy.units.Unit {unit: pix}
#       value: !astropy.table.SerializedColumn {name: equivalent_radius}
#     kron_radius:
#       __class__: astropy.units.quantity.Quantity
#       unit: &id001 !astropy.units.Unit {unit: pix}
#       value: !astropy.table.SerializedColumn {name: kron_radius}
#     orientation:
#       __class__: astropy.units.quantity.Quantity
#       unit: &id002 !astropy.units.Unit {unit: deg}
#       value: !astropy.table.SerializedColumn {name: orientation}
#     radius_kron20:
#       __class__: astropy.units.quantity.Quantity
#       unit: *id001
#       value: !astropy.table.SerializedColumn {name: radius_kron20}
#     radius_kron50:
#       __class__: astropy.units.quantity.Quantity
#       unit: *id001
#       value: !astropy.table.SerializedColumn {name: radius_kron50}
#     radius_kron80:
#       __class__: astropy.units.quantity.Quantity
#       unit: *id001
#       value: !astropy.table.SerializedColumn {name: radius_kron80}
#     semimajor_sigma:
#       __class__: astropy.units.quantity.Quantity
#       unit: !astropy.units.Unit {unit: pix}
#       value: !astropy.table.SerializedColumn {name: semimajor_sigma}
#     semiminor_sigma:
#       __class__: astropy.units.quantity.Quantity
#       unit: !astropy.units.Unit {unit: pix}
#       value: !astropy.table.SerializedColumn {name: semiminor_sigma}
#     sky_centroid:
#       __class__: astropy.coordinates.sky_coordinate.SkyCoord
#       dec: !astropy.table.SerializedColumn
#         __class__: astropy.coordinates.angles.Latitude
#         unit: *id002
#         value: !astropy.table.SerializedColumn {name: sky_centroid.dec}
#       frame: icrs
#       ra: !astropy.table.SerializedColumn
#         __class__: astropy.coordinates.angles.Longitude
#         unit: *id002
#         value: !astropy.table.SerializedColumn {name: sky_centroid.ra}
#         wrap_angle: !astropy.coordinates.Angle
#           unit: *id002
#           value: 360.0
#       representation_type: spherical
#   astropy version: '5.1'
#   make_catalog parameters:
#     ab_zpt: 31.4
#     coadd_bands: !!python/tuple [f277w, f356w]
#     deblend_contrast: 0.001
#     deblend_nlevels: 32
#     deblend_npixels: 1
#     detect_kernel_fwhm: 4.0
#     detect_kernel_npix: 7
#     detect_npixels: 4
#     detect_threshold_nsigma: 3.0
#     flag_isolated_buffer: 4
#     hst_bands: !!python/tuple [f606w, f814w, f125w, f140w, f160w]
#     jwst_bands: !!python/tuple [f115w, f150w, f200w, f277w, f356w, f410m, f444w]
#     near_border_kernelsize: 21
#     reference_band: f200w
#   make_catalog version: 1.4.0
#   photutils version: 1.5.0
# schema: astropy-2.0
label xcentroid ycentroid sky_centroid.ra sky_centroid.dec bbox_xmin bbox_xmax bbox_ymin bbox_ymax area semimajor_sigma semiminor_sigma orientation eccentricity min_value max_value local_background segment_flux segment_fluxerr kron_flux kron_fluxerr kron_radius gini equivalent_radius kron4_2_flux kron4_2_fluxerr radius_kron20 radius_kron50 radius_kron80 near_border
[from data line 258]
259 1872.109644733879 557.0965858835655 214.85266735597648 52.86236491472052 1870 1874 555 559 19.0 1.6792641667643455 0.8002974595482676 -77.42343618875829 0.8791331270761628 -0.18442408372816685 0.17277796144338725 0.0 -0.4757958918130518 1.1946054 14.445680542685999 6.9689773225537754 4.749671050725305 -0.22797506825460706 2.4592453796829674 7.272798690255254 11.201571909861311 6.396926777998971 7.423000318781366 9.021851334574029 False
260 2184.5777506490695 565.6131266657592 214.8497869839367 52.860425540720556 2171 2194 557 575 290.0 4.937482795107775 2.1189682912947223 -30.525303344907606 0.9032286596774733 -0.43903815228605486 1.4797244302464974 0.0 67.3402235235595 4.8319764 68.17694800640439 5.674652833714506 1.4 0.608973442160463 9.607802401865856 62.53629199415582 9.069012891570464 1.9322685603748524 3.705155440575514 5.9606696816637825 False
261 9833.872793483923 566.3016634742561 214.78154112464628 52.81180827512398 9826 9842 558 574 231.0 2.840792959447427 2.6909767914965146 68.0775916286768 0.3204585083281962 -0.2665525540374436 3.5148326557698053 0.0 118.14502050571679 3.4752498 125.629845562804 4.156155154259404 1.4811349832977454 0.6082412237395187 8.574939283076915 130.90451560243335 6.66701742671196 1.7010400466052331 3.230216313867833 5.455018367183649 False
262 628.6822856827445 564.148775981031 214.86370109298224 52.87030253501606 622 634 559 571 132.0 3.6966656177319037 2.4743762758950165 -27.65438466892521 0.7429440203105748 -0.367188106053396 0.3033709029877148 0.0 -1.397021844370204 3.1732986 -0.1888470194855736 5.0661401724391455 1.4 -0.30209504234726897 6.4820448144285745 -4.035517276047994 8.088593623779447 6.555147376081959 9.816340731721198 6.60631308705829 False
263 6301.96571422573 565.1731174146755 214.81304181339559 52.83425680829551 6298 6307 560 568 71.0 2.7794364399143254 1.7635232868958224 2.4770522716053356 0.7729314663208915 -0.48461028407962614 0.26323129947586027 0.0 -3.9015490500380023 2.2811773 -4.366039338029414 3.7760098279631804 1.4 -0.5352423517199979 4.753945931439391 -1.671464442289193 6.013755468564438 1.643530967665199 4.298274160488729 5.084536398018961 False
264 7604.048903795449 570.0531608489633 214.8013779219646 52.826005887601475 7584 7621 562 580 440.0 7.6938561088649635 3.427099666412932 -19.871869490720403 0.8953151294528312 -0.5509554061283841 0.8006002602412031 0.0 68.5265734489667 7.1877894 74.27198057296836 10.820994115420264 1.4 0.48960581216655896 11.834540545406394 73.22209742575059 17.253995867475282 3.050801215363609 5.974778424044099 13.009638743522284 False
265 1765.096048415164 571.287613908958 214.85347384250178 52.86312134502448 1760 1770 565 579 115.0 3.6862724234933584 1.8604921041379419 -75.15132179712248 0.8632899757975662 -0.1869806999845192 1.1183714531740276 0.0 45.71347868859579 3.2867365 53.023609916529125 5.398478688482714 1.5102401670471477 0.35159198338575165 6.050259243299904 52.02773368264283 8.55332956685154 2.167877765558918 4.040618248533325 6.645175573071909 False
266 1715.9827037131847 578.3102800241211 214.85383862010167 52.86347125191738 1710 1723 567 589 232.0 4.014082706080787 2.6932325106021273 84.29044474631567 0.7415062644403723 -0.32170729438867474 1.0159628704527763 0.0 44.25538355102816 4.5738897 54.19413645703922 8.591513790080182 1.9603743195536751 0.5144528204072361 8.593479713983122 50.97845008350323 13.849489476097387 2.3368533777074676 4.325369362324252 12.02997942548611 False
267 1555.4498232253738 578.9111454148347 214.85526622785207 52.86449441357249 1549 1561 569 587 205.0 4.299644726014784 2.2145135801170035 -84.00975873451773 0.8571627117090755 -0.2880581468169493 1.1433478669503199 0.0 44.27122255152189 3.8681042 49.0953565831845 5.244999879132362 1.4178346649392832 0.5370635227335843 8.07796550300118 50.65467535551036 8.340774107069187 2.1531100602414366 4.2213030867515124 6.709267580482462 False
268 8983.300678163412 577.2822179029877 214.78900592559825 52.81727582187339 8976 8989 570 585 171.0 3.033650154396468 2.355298812175965 47.81265159098428 0.6302514941990154 -0.22435522297070074 1.1800135254918713 0.0 35.93404416414442 3.6432972 59.41546980649051 8.550914487713714 2.5806387399798663 0.5661454241166151 7.377736139048903 89.55405019997744 13.717126882383408 2.0643191964742678 4.642070322136188 11.463189636127902 False
269 3708.3593486460436 571.7567584746474 214.83611664029613 52.85077621885584 3707 3709 571 573 7.0 0.8151912421495979 0.5017850169801068 -56.70284232968543 0.7881035378252891 0.061933682788760255 0.5739059119724661 0.0 2.5119009591483463 0.79301834 8.702257862340812 2.756252577228286 3.2064399666317462 0.3285364362097535 1.4927053303604616 5.35554086575889 4.439451428166271 1.117072724784187 2.2801492302130604 3.5403469978354383 False
270 988.4707762408357 573.2509757773954 214.86039077398402 52.86806596563741 987 990 572 574 9.0 0.9582830221870432 0.5769874829620367 -14.482003791075362 0.7984165334617115 0.044270397568353125 0.8165615597880604 0.0 4.4298451635903175 0.7815324 13.303461512593 2.4217811394566846 2.7843861243489836 0.2609753260879087 1.692568750643269 10.57417745550221 3.909506596163339 1.1970403675245298 2.238739113673295 3.503034241651073 False
271 8064.532900557496 575.3523473937145 214.7972164313612 52.82310691286192 8063 8066 573 577 17.0 1.1353576670795755 0.9668155523616989 -86.5803646373981 0.5242709232455441 0.23983350776485227 0.9298971089682586 0.0 9.038715403123632 1.3086226 18.94635241172446 3.55065851900973 2.4322574579755742 0.24778283517473174 2.326213245840639 16.648614497676228 5.664908712569893 1.2815392795070975 2.3846536372985234 3.918212150072244 False
272 8454.592999167216 577.7529997709272 214.79371377955118 52.820639928726386 8450 8459 573 583 81.0 2.8480206462317432 2.2193030371569717 -75.5004755295188 0.626720646204108 -0.23386336140715494 0.4621361362991581 0.0 14.489748924053705 2.5252392 68.79671672226478 10.636469734862091 3.435442770624034 0.3633902688815054 5.077706251929807 82.79575779659939 17.063306015550086 4.872509759305643 13.58395569692783 17.86329814482582 False
273 6102.317429890169 575.7992753495117 214.81471094792994 52.83558311688244 6101 6104 574 577 11.0 0.7662949236356285 0.6003073915960603 20.660708788367952 0.6215310953614338 -0.1225669706146046 0.3028795653167823 0.0 0.6469039601383787 0.90848714 6.053463540180126 2.8525728234748065 3.539613959341037 0.6017611599198035 1.8712051592547776 12.451342712482004 4.598803059021233 1.6133906890433813 2.7865817851629187 3.7289537107994266 False
274 7570.494016641281 576.1549056504319 214.80161292532767 52.82625208232173 7570 7572 575 577 7.0 0.7865809501472694 0.5735030669291887 64.81111240696902 0.6843978415168159 -0.10337925951678016 0.3674804538012017 0.0 1.5850020613809765 0.8564073 3.737181257187293 2.2659989438849415 2.2936297417025506 0.25881354508944227 1.4927053303604616 4.2798165646498845 3.6697053620756432 0.8922296214466516 1.6037473726529285 2.541525122912804 False
275 9722.793138779225 576.659234821809 214.78242199748064 52.8125703944933 9721 9724 575 578 10.0 0.8928733621775663 0.8244021912081856 -2.46285178403391 0.3840466708945296 0.41369922799927644 1.0043905959873245 0.0 6.853579818638849 0.7543313 23.53556868341029 2.8147263864283807 3.0478591259752994 0.15866268641719705 1.7841241161527712 33.694193963999595 4.536337843787446 1.4251234739810448 2.9458667252054296 5.068119792158258 False
276 3200.9881102367667 582.7577166534534 214.84053046750296 52.85405965144238 3199 3203 577 586 40.0 2.403339956709495 1.015613959380783 70.16178550522113 0.9063235790145658 -0.252730634247911 1.0564614136474322 0.0 11.299233850382354 2.0061126 12.058946952701131 3.5072568637832315 1.604516493584066 0.39110402608530387 3.5682482323055424 14.38450764233353 5.589441545962967 1.3475398549829731 2.2641433443650594 3.1173458827844662 False
277 1968.9803004403075 579.636728126673 214.85156494196661 52.861870987288576 1967 1970 578 581 14.0 1.1748812929401935 0.8184274485173402 -82.02905211750611 0.7174554655362635 -0.1414440255406268 0.22825406576356994 0.0 0.39987156291584286 1.028029 5.670704698969191 4.112253831179341 3.419868106292514 0.771331996044227 2.111004122822376 6.850606429433729 6.604702010368408 2.698934927838435 3.577888637769993 4.397204853856071 False
278 3243.5789465957137 581.6628133693828 214.84016173102876 52.853783108594854 3241 3247 578 584 35.0 2.015099305704939 1.5043446004255532 -17.920374424040347 0.6653447870829609 -0.3991789914729678 0.35174033320465187 0.0 -0.6452768228479121 1.8159014 37.85898297943593 11.679333295668915 4.926422667625531 -0.7219669322179539 3.3377905890622728 43.61716285503148 18.708252773706803 8.348337766345448 11.584232751689532 15.150932876128293 False
279 6792.9218304196975 581.5116099826666 214.80849082493154 52.83122402144241 6791 6794 578 584 21.0 1.5338262023510933 0.824082747811028 69.82817008339461 0.8434086696412506 -0.08364623590251226 0.753121189686844 0.0 6.476167492211957 1.2841192 14.893378793506558 3.45723255178788 2.468063257773119 0.40353248394826857 2.5854414729132054 17.699006684337494 5.498112368721525 1.4580583206078657 2.8206321982723352 4.707910822299892 False
280 1311.0242239397646 584.0337758770013 214.85739573443772 52.866074926828134 1307 1316 580 588 56.0 2.475628206502402 1.602892259849937 9.12857775838523 0.7620918774774962 -0.2699856582281753 0.5604511793613955 0.0 7.371531781601634 1.9537336 23.070843861393477 6.964022441656968 2.9659895749248473 0.4676326722176799 4.222008245644752 53.79758845129135 11.267789620907342 2.927800768131261 7.967266555889906 12.425301390516182 False
281 6300.462210450162 583.6270349468518 214.81286105577158 52.834365810660415 6296 6305 580 589 79.0 2.320583588017803 1.9048671729449655 -8.999166410491863 0.5711338397624208 -0.34161592287942394 0.4780983845917852 0.0 10.48021245983477 2.4774404 17.260098604014807 3.634809057686248 1.4 0.36843035276732594 5.014626706796775 12.419500528429069 5.768470569961517 1.817094113491034 3.615684876895074 6.0980926745480915 False
282 7017.188837162032 582.3286666733532 214.80648209052904 52.82980278516844 7016 7019 580 586 23.0 1.6258778807200347 0.6935179337030838 -73.82813731098412 0.9044640636776948 -0.22076545539484135 0.3349344240658241 0.0 1.9203525461583097 1.3433669 4.426529111462107 2.0198478345475688 1.498463291078309 0.4217002899584359 2.7057581899030048 4.4876570962402385 3.199421784690222 1.2356903660430305 2.394540376134964 4.4544647059649165 False
283 7102.463476407941 581.7258015416795 214.8057279414721 52.82925744714694 7100 7105 580 584 23.0 1.3587868622520085 1.2122452101820795 59.24981877166174 0.4517341773309671 0.05178987759004685 0.592643949735431 0.0 6.57414652634279 1.3736006 9.797917096241124 2.253649934304608 1.4 0.27024740558937926 2.7057581899030048 10.118189257174416 3.604317529876927 1.3163195506494367 2.2030158573220193 3.0732002829630605 False
284 422.80610691304764 585.7691468798422 214.8653131029314 52.871726991572395 412 432 581 592 105.0 5.316996379610194 1.2493830228363434 -23.561869090299275 0.9720004231813042 -0.2511386987477981 0.287536303467608 0.0 -0.19725921571847108 2.7898571 103.623127691912 21.00232509599074 7.05519496071358 0.21245933449239057 5.781222885281108 253.7763495838128 32.69856115679863 27.743034011122496 35.26998898499076 46.16087101013281 False
285 3809.3754741085268 586.9093295980227 214.83505544265617 52.85021596941089 3805 3815 581 592 104.0 2.5600593688876265 2.150937136395819 60.94422492186923 0.5422916212962008 -0.2890359937080775 0.7019404215417016 0.0 18.118141139033593 3.310572 39.49276100941508 9.04633706489077 2.6430459834595648 0.488869253116297 5.753627391751592 42.038950729409905 14.506014618343636 2.434294754819369 6.37761266565323 11.214106994817385 False
286 2515.460113417609 586.5050947538056 214.84661219635814 52.858435820212556 2509 2522 582 591 102.0 3.8734667373871057 1.5795955854163644 22.880203159675858 0.9130717572265993 -0.17524755552817808 0.598422688592391 0.0 20.263144840792428 2.8908942 23.85836400914769 4.686355246474423 1.5104693790705745 0.4127486881070993 5.698035485213008 23.925428259889113 7.484050148460891 2.052835600293802 4.38286983584111 6.612634352166629 False
287 2158.300652995699 584.4481306426349 214.84982345021476 52.86069405801088 2157 2159 584 585 5.0 0.7096589828128629 0.46161835194877804 20.07143383008831 0.7595241352617641 0.3509272046016742 0.6185558445896937 0.0 2.7084295934345697 0.605152 4.616097352002695 1.7001053656866356 2.399225250019586 0.10812385785404126 1.2615662610100802 5.7655255364039455 2.751730515920874 0.705375323693693 1.1544489897893468 1.6655377498282735 False
288 9663.222470282357 592.0826265869381 214.78279058830623 52.81303226211548 9654 9674 584 600 264.0 4.821288581910232 3.851345230902239 23.614986339074246 0.6015691585093245 -0.3537536525266681 0.7563007718881887 0.0 44.23330269859345 4.016451 188.05011596878774 14.545238512789616 3.1238613626976277 0.4202218723817264 9.166995688475081 236.01158245318632 23.254183625414495 8.316181488314283 17.225504020303774 27.948572157578024 False
289 3694.005585046771 589.7853312203026 214.83605506098604 52.85096462336592 3686 3702 586 594 125.0 4.3214020407798746 1.661781867550516 -20.176075036292143 0.9231054448332827 -0.27204270728458063 0.6347947720904149 0.0 19.687910043214057 2.9098535 30.670212221625665 6.517669572008518 2.0505571683781283 0.4181029786210633 6.3078313050504 40.669619136497985 10.670424186708097 2.3864627713619115 6.201829277365416 7.9666547194413955 False
290 8883.703573286908 588.829321948875 214.78977217683743 52.817971285431035 8882 8885 587 590 12.0 0.9344671041608836 0.7419076175487143 75.1212462972408 0.6080005803168773 -0.06453827502643562 0.5675608904339398 0.0 2.2364835859470227 0.95888937 8.328788930692728 3.3468653570588853 3.225042716022374 0.5202227203349403 1.9544100476116797 5.320258571312416 5.3703257223830905 1.3114335577432932 3.057240837667703 4.327107312421972 False
291 1825.8287702350176 594.5423668007857 214.85268665539343 52.86286088091586 1818 1831 588 604 156.0 4.325144603652963 2.4618861805758234 -53.141748538538586 0.8221968795625981 -0.3649681382068475 0.5903228496706407 0.0 15.76857870628526 3.9333553 66.66047674508368 14.915656626916642 3.3546768742291917 0.4996086795879085 7.046725639945928 98.82260242123202 23.6789940318796 5.514500058987553 14.038075162983095 19.36917343447418 False
292 2230.355157826786 591.073951197232 214.84911021398403 52.86027196995272 2229 2231 589 592 9.0 0.8328319797743067 0.5770708711004995 82.90370862110207 0.7210318581355154 -0.050124157387214555 0.5652822981299818 0.0 2.652136590338072 0.84022564 4.358621572295844 1.4678584874546188 1.676596659267646 0.3802120718184521 1.692568750643269 3.247936133475817 2.347845559084902 0.7466070204718716 1.3487460005729168 2.1075536063976466 False
293 8863.756567715232 591.1886311899859 214.78992515103792 52.81811082167921 8861 8866 589 595 32.0 1.5360615738376553 1.1365115123437812 -84.99742904818652 0.6727315118808689 -0.216913011913705 0.3183129333243738 0.0 2.5621429536462523 1.5712179 6.689327034984343 4.232358100214639 2.5764428130512105 0.5146647289554472 3.1915382432114616 -3.2048121811369334 6.746465666803588 1.513681131020938 3.500814220461862 5.353893672404556 False
294 1535.2480675185654 596.5982020406077 214.85526054388487 52.86471814030839 1529 1541 592 603 111.0 3.014174340372023 1.977352996078242 24.204273764395783 0.754745136471726 -0.35801257894315036 0.6017017293787912 0.0 12.844498148043408 2.7781346 14.311344123498012 4.015560396197097 1.4 0.45341587391309734 5.944106103225343 14.484285782958256 6.417686186443938 1.6732756563997992 3.2372574813870183 4.484750624687382 False
