outputs/dr0.5_c0.1/nircam2_matched_f115w_f277w_dr0.5_c0.1.ecsv
# %ECSV 1.0
# ---
# datatype:
# - {name: label, datatype: int64}
# - {name: xcentroid, datatype: float64}
# - {name: ycentroid, datatype: float64}
# - {name: sky_centroid.ra, unit: deg, datatype: float64}
# - {name: sky_centroid.dec, unit: deg, datatype: float64}
# - {name: bbox_xmin, datatype: int64}
# - {name: bbox_xmax, datatype: int64}
# - {name: bbox_ymin, datatype: int64}
# - {name: bbox_ymax, datatype: int64}
# - {name: area, unit: pix2, datatype: float64}
# - {name: semimajor_sigma, unit: pix, datatype: float64}
# - {name: semiminor_sigma, unit: pix, datatype: float64}
# - {name: orientation, unit: deg, datatype: float64}
# - {name: eccentricity, datatype: float64}
# - {name: min_value, datatype: float64}
# - {name: max_value, datatype: float64}
# - {name: local_background, datatype: float64}
# - {name: segment_flux, datatype: float64}
# - {name: segment_fluxerr, datatype: float32}
# - {name: kron_flux, datatype: float64}
# - {name: kron_fluxerr, datatype: float64}
# - {name: kron_radius, unit: pix, datatype: float64}
# - {name: gini, datatype: float64}
# - {name: equivalent_radius, unit: pix, datatype: float64}
# - {name: kron4_2_flux, datatype: float64}
# - {name: kron4_2_fluxerr, datatype: float64}
# - {name: kron4_2_mag, datatype: float64}
# meta:
#   PHOTMJSR: 2.962800025939941
#   PIXAR_SR: 2.11539874851881e-14
#   __serialized_columns__:
#     area:
#       __class__: astropy.units.quantity.Quantity
#       unit: !astropy.units.Unit {unit: pix2}
#       value: !astropy.table.SerializedColumn {name: area}
#     eccentricity:
#       __class__: astropy.units.quantity.Quantity
#       unit: !astropy.units.Unit {unit: ''}
#       value: !astropy.table.SerializedColumn {name: eccentricity}
#     equivalent_radius:
#       __class__: astropy.units.quantity.Quantity
#       unit: !astropy.units.Unit {unit: pix}
#       value: !astropy.table.SerializedColumn {name: equivalent_radius}
#     kron_radius:
#       __class__: astropy.units.quantity.Quantity
#       unit: !astropy.units.Unit {unit: pix}
#       value: !astropy.table.SerializedColumn {name: kron_radius}
#     orientation:
#       __class__: astropy.units.quantity.Quantity
#       unit: &id001 !astropy.units.Unit {unit: deg}
#       value: !astropy.table.SerializedColumn {name: orientation}
#     semimajor_sigma:
#       __class__: astropy.units.quantity.Quantity
#       unit: !astropy.units.Unit {unit: pix}
#       value: !astropy.table.SerializedColumn {name: semimajor_sigma}
#     semiminor_sigma:
#       __class__: astropy.units.quantity.Quantity
#       unit: !astropy.units.Unit {unit: pix}
#       value: !astropy.table.SerializedColumn {name: semiminor_sigma}
#     sky_centroid:
#       __class__: astropy.coordinates.sky_coordinate.SkyCoord
#       dec: !astropy.table.SerializedColumn
#         __class__: astropy.coordinates.angles.Latitude
#         unit: *id001
#         value: !astropy.table.SerializedColumn {name: sky_centroid.dec}
#       frame: icrs
#       ra: !astropy.table.SerializedColumn
#         __class__: astropy.coordinates.angles.Longitude
#         unit: *id001
#         value: !astropy.table.SerializedColumn {name: sky_centroid.ra}
#         wrap_angle: !astropy.coordinates.Angle
#           unit: *id001
#           value: 360.0
#       representation_type: spherical
#   astropy version: '5.1'
#   kernelfile: kernel_f115w_f277w.fits
#   make_catalog parameters:
#     ab_zpt: 31.4
#     coadd_bands: !!python/tuple [f277w, f356w]
#     deblend_contrast: 0.001
#     deblend_nlevels: 32
#     deblend_npixels: 1
#     detect_kernel_fwhm: 4.0
#     detect_kernel_npix: 7
#     detect_npixels: 4
#     detect_threshold_nsigma: 3.0
#     flag_isolated_buffer: 4
#     hst_bands: !!python/tuple [f606w, f814w, f125w, f140w, f160w]
#     jwst_bands: !!python/tuple [f115w, f150w, f200w, f277w, f356w, f410m, f444w]
#     near_border_kernelsize: 21
#     reference_band: f200w
#   make_catalog version: 1.4.0
#   photutils version: 1.5.0
# schema: astropy-2.0
label xcentroid ycentroid sky_centroid.ra sky_centroid.dec bbox_xmin bbox_xmax bbox_ymin bbox_ymax area semimajor_sigma semiminor_sigma orientation eccentricity min_value max_value local_background segment_flux segment_fluxerr kron_flux kron_fluxerr kron_radius gini equivalent_radius kron4_2_flux kron4_2_fluxerr kron4_2_mag
[from data line 2756]
2757 4472.111887453295 5013.807460218238 214.89101728910913 52.924624662724774 4471 4473 5011 5016 15.0 1.3288386501507645 0.7588918851459624 85.10381858805 0.8208846160371566 0.47019910042306823 1.3757478789554578 0.0 14.865179730287078 1.0113664 35.75773428519116 2.8112950874846385 2.6031795973831056 0.15426057482776132 2.1850968611841584 40.23399126886171 4.5029240760692995 27.38851720666143
2758 7381.311461909384 5022.150154334633 214.86490271781207 52.906191664546036 7376 7389 5012 5029 169.0 4.3880657067733075 2.194426588501846 -65.90872967891751 0.8659735927387338 -0.013815536015205746 1.040720675263834 0.0 48.00309258267459 3.314661 57.27215777858521 5.470257649997527 1.5831423487100031 0.39364292834678044 7.334464586120832 59.63846979981082 8.770700115459203 26.96118377044297
2759 6124.744843166533 5016.812553261012 214.87619789257184 52.91414475501782 6121 6128 5013 5021 50.0 2.4043837712221334 1.5331418115048263 -64.23420544972154 0.7703308627244918 0.1384942264633792 0.40242494980154303 0.0 14.376534127269734 1.981689 70.56192841345447 7.505841994427555 3.2662059140055697 0.12541100748551462 3.989422804014327 93.19080791156904 11.96108761022732 26.47656730790689
2760 6372.302811435327 5016.814876448367 214.87398333853181 52.91257233060266 6370 6375 5014 5019 23.0 1.3547878263584159 1.1867345876645292 22.659370488626077 0.4823909258294376 0.17802838853318664 0.5188639178479177 0.0 7.958647438318447 1.3131874 20.3714037998756 4.1429672088948735 2.705272964727046 0.17153107212388272 2.7057581899030048 21.00719594528465 6.562870622040478 28.0940797841162
2761 205.2321759792812 5019.104585101344 214.92917458515572 52.95174431124128 201 209 5015 5023 65.0 2.3674071423461123 1.7897054453992727 55.03357007382584 0.6545981317300646 0.06385655223461653 0.38287728249172437 0.0 15.217893247851261 2.1326404 32.96582412047905 6.043089066833798 2.4735446072450964 0.20043680869575806 4.54864184146723 19.433612170732637 9.64652486929227 28.178616171427123
2762 7669.022683811727 5017.041286477311 214.86238377021226 52.90433638038741 7666 7671 5015 5019 22.0 1.1993636085776693 1.12182739162721 89.19095301060635 0.3537177677679333 0.04463630790013181 0.3868317810982071 0.0 4.851780027977567 1.1546439 6.446113228764689 2.3438530794633703 1.8605692014785733 0.26340235285163904 2.6462837142006137 8.594849776589317 3.7530330783236514 29.06440427410563
2763 8428.183936909765 5017.040025589376 214.8555962865478 52.89951341721165 8427 8430 5015 5018 11.0 1.080352757845445 0.700264575892698 -39.79939461006007 0.7614859534570984 0.4364326807352002 1.4659145149473292 0.0 10.037026237450874 0.878084 41.828411069423126 2.9464995322431253 3.0564789894185727 0.24196930054867788 1.8712051592547776 46.0468890445932 4.6918191349811025 27.241999264178425
2764 1653.8351178669336 5027.952756731808 214.91610269162643 52.94259605580829 1642 1665 5016 5039 375.0 6.06705558750797 3.1604136516567922 44.338885897236395 0.8536092184295969 0.04765427415917137 1.422993517611915 0.0 169.45553621447644 5.2821326 208.6191830610325 9.314905126579761 1.7734248171794011 0.3639459223910994 10.925484305920792 217.82082416850903 14.903934846012167 25.554751507626516
2765 8969.147744339945 5021.866070861932 214.85070973813518 52.896102456754804 8963 8976 5016 5027 125.0 2.6422263484549564 2.3199396793762217 -32.900757041680976 0.47861554220696173 0.056769535831860875 1.4712735696302306 0.0 60.33775499007602 2.9705324 84.19933483678042 5.980011979939558 2.092278186137952 0.3994956787852189 6.3078313050504 95.90625649276848 9.520680414547881 26.445382651216825
2766 2741.081194642999 5026.353225761965 214.90638204331418 52.93568442858594 2732 2750 5019 5033 199.0 4.164055997590625 2.5326318127571046 18.722414144353237 0.793774080370767 -0.02066204592856014 0.6898423869259711 0.0 42.315941212831135 3.4974182 80.24450261584013 8.892449295293314 2.5053609071760237 0.3662968801148369 7.958873497585845 84.66363600050468 14.249228699215694 26.580757710165102
2767 941.7989241778545 5023.021768058797 214.92253339953467 52.947089764876296 939 944 5021 5025 26.0 1.4722697359800805 1.249121912734332 3.802599503050324 0.5293031351842185 0.14280381307485793 0.3745184085816862 0.0 6.882241228521355 1.3922111 29.26826587059685 5.016044086451081 3.159862651709609 0.1456940016830505 2.876813695875796 46.31848820803266 8.03518732045805 27.23561406003358
2768 3139.5424493787477 5028.673652562993 214.90278971027558 52.933166895715566 3134 3144 5021 5035 112.0 2.8945702110943876 2.127342085854779 -82.36806584964698 0.6781296461519767 -0.00035980351364528983 0.33540020320449976 0.0 17.608491058124834 2.730027 25.14079673296746 6.619505298613212 2.325205057370201 0.3248664220213184 5.970821321441846 39.18431479693208 10.644543215603917 27.417219357981708
2769 740.6313474918207 5025.764393068094 214.9243068999003 52.94838161149479 737 745 5022 5029 62.0 2.0066658801477497 1.7889890130889592 -12.538419460385414 0.45297520706419375 0.09066194641256438 0.5216059189622723 0.0 14.15407208676696 2.104643 18.46240807964862 3.7520131343548657 1.6756713944575539 0.2877677977680586 4.442433223290478 18.589361085840455 5.941070341115696 28.226838841554958
2770 4243.770052856093 5024.868772292693 214.89294453079197 52.92613443660217 4241 4247 5022 5028 35.0 1.487053062713604 1.3147444899677336 26.510865382847797 0.4672457422440887 0.03326779601007739 0.3795708948747418 0.0 6.196978658235076 1.4323282 7.501687439116877 2.107480507264935 1.4 0.3160218265292988 3.3377905890622728 6.848862330630315 3.371633038674855 29.310953908700867
2771 952.0869297312306 5024.781722081895 214.9224226831063 52.947033955558 950 954 5023 5027 17.0 1.151114645018917 1.0583849959180962 -7.543240826084935 0.39322189934325386 0.19627625956397093 0.44740418644252583 0.0 5.6872447833472535 1.1079769 27.19512376002448 4.1278059565714385 3.200824610754206 0.1312648307501357 2.326213245840639 36.94090011246742 6.62778307295085 27.481231316560294
2772 2214.0562698664467 5030.004752758904 214.91106328245195 52.93905035175518 2209 2220 5023 5038 150.0 3.0103270288170454 2.313816489521298 -79.57414713956797 0.6396980768697014 0.03681521310059457 1.4514496730373905 0.0 52.286022513005136 3.4648814 82.4095417740428 7.754522692129256 2.3650965658470513 0.44078726703342347 6.90988298942671 96.20243370901399 12.39710941879634 26.442034852830986
2773 6313.013698406757 5031.147753599293 214.87436272243232 52.91302624201334 6311 6316 5028 5034 30.0 1.5613774658977118 1.2420396030470646 -82.67720715730788 0.6059839987799962 0.11533112073340421 0.44999140123877346 0.0 7.931169076085311 1.4615034 14.76588709902069 3.5825372346192808 2.1839011455514448 0.20578329031623666 3.0901936161855166 9.163980618536826 5.706644212591446 28.994789594994085
2774 nan nan nan nan 8126 8134 5028 5036 65.0 nan nan nan nan 0.0 0.0 0.0 0.0 8062258.0 nan nan nan nan 4.54864184146723 nan nan nan
2775 287.40623746169956 5042.1971400941275 214.92819490389977 52.95134736946674 271 305 5029 5057 760.0 6.88223398908293 6.15471742461656 19.606896475933667 0.447486597425436 0.032855442683411375 1.7454333735005763 0.0 275.5638620730246 7.584688 364.6552711973876 14.902273964484747 1.893225662776548 0.38361041450214106 15.553633450087505 408.119872647767 23.701676956675982 24.873030643848875
2776 996.1894537580519 5036.8583748968695 214.92190031992968 52.9468191779027 988 1004 5030 5044 180.0 3.2446638278121678 2.6120394626320445 13.61508181071749 0.5932392283530931 0.0866682976224317 2.516184175117024 0.0 126.95828891542088 3.767619 151.3503683860798 6.466195090783251 1.8401592486590073 0.4152506754643365 7.569397566060481 162.18394300570264 10.259908280351246 25.874980363123672
2777 3486.568715227632 5037.288127166363 214.89959196976264 52.93100982967165 3483 3490 5031 5043 91.0 3.344474061130358 1.6708914354764728 73.18205087080317 0.8662575667586162 -0.014594988370309437 0.4593557018342288 0.0 19.355987258179283 2.403192 36.50491324587479 6.361072733349858 2.4109908745188897 0.2704495746801835 5.382025607773058 48.43087689540346 10.203479216007661 27.187194168732645
2778 4336.928586602354 5033.287407970014 214.89202202042748 52.92558826100446 4334 4340 5031 5035 26.0 1.755695933011049 1.0430881435916686 -22.53522528265243 0.8043789125706774 0.2260368222921161 0.46195670821547424 0.0 8.852697928213347 1.2405788 21.91115161992888 3.7551030652072765 2.605943180370173 0.12242495347818134 2.876813695875796 26.515964591862467 6.064098014677255 27.84123142397495
2779 10187.781924007779 5032.083288898981 214.83971147242093 52.88841428966684 10187 10189 5031 5033 8.0 0.8268917050524682 0.694372315433779 52.14390593026942 0.5429919298985012 0.16345289707251864 0.2725538119282241 0.0 1.909071464644666 0.74152714 14.22470102556289 3.1227684591207967 3.544642872962484 0.082207602961643 1.5957691216057308 30.047419562297954 5.0315767992535525 27.705482046921357
2780 8664.530269290151 5034.1571854305075 214.85330319045343 52.898104131074106 8663 8667 5032 5036 21.0 1.2648742180437333 1.0644171342545197 49.43787098288711 0.5402257371229068 0.0906810388810641 0.557307302617059 0.0 6.870249039061685 1.1831903 19.50258791820867 3.6924399822010567 2.854708223734401 0.23829346868304077 2.5854414729132054 24.283400736011053 5.859008807588779 27.936726232885846
2781 611.4549892041451 5033.4915463209 214.92538292249063 52.94924334413966 611 612 5033 5034 4.0 0.5029324739877231 0.4949358445038864 52.08909931480861 0.17761532117841264 0.07281790452672016 0.08994683639874727 0.0 0.320117146587672 0.53626007 10.426973858329827 2.6018171606006573 4.419935418184062 0.06567941297513041 1.1283791670955126 21.924083046811347 4.156987183100952 28.04769640380305
2782 1813.150481952796 5038.1290455095095 214.91456844180144 52.941639532269406 1809 1816 5033 5043 69.0 2.196976895292597 1.6012311868044429 68.05966202898149 0.6846905729694219 0.01580523780334506 0.7605121767460322 0.0 18.63661232704257 2.1694038 26.176253981634694 4.073799464493063 1.9003972128765416 0.38929256238138105 4.686510657907603 22.70311785195244 6.483773097336309 28.009786241057263
2783 2098.0861900425543 5035.224566585338 214.91204694483469 52.93981482453932 2096 2100 5033 5037 19.0 1.2775326222774814 1.0920063069547679 13.021204908268682 0.5189944156443849 0.08021043748932247 0.2484134843602624 0.0 3.3730227789357112 1.1273944 21.332287207457835 4.674888706191706 3.4863112164632755 0.13777454439406994 2.4592453796829674 15.337385558138678 7.479948898009454 28.43562166199149
2784 2193.0206960095193 5037.704749291912 214.91117055910922 52.93922546894531 2187 2199 5033 5043 110.0 2.830493641419938 2.107060468386248 -13.0448262072072 0.6677178097545647 0.06041923767878411 1.0066637973422052 0.0 43.762586771045854 2.7832584 51.5916544614944 3.998315284067569 1.4 0.32876469683974424 5.917270272703197 49.44760869577587 6.355539501762175 27.16463676549261
2785 2848.5181676294683 5038.8013626673455 214.90528885542167 52.9350694437267 2845 2854 5033 5046 97.0 3.3562867754008523 1.94245868322412 -78.92759823195101 0.8155033892209388 0.020343641719722368 0.28099238228216994 0.0 15.410361097542781 2.4192736 72.51077786118947 8.950189748933276 3.179936685161455 0.2391815996008191 5.556622981616415 111.7301279180524 14.368008436893394 26.27957426004207
2786 9613.441200463447 5039.845808252187 214.84476198656048 52.89210565551589 9608 9619 5033 5046 110.0 3.9183561402950517 2.0050935030073815 -51.28591787925323 0.8591534514023427 0.021328995769125732 0.34553005586975216 0.0 18.05658918224498 2.7427692 23.9927989508313 5.606097118987019 1.7373234165049678 0.2795393202099455 5.917270272703197 24.750759687227013 8.979094138313286 27.91602866627984
2787 1174.8668131707768 5036.45924160495 214.92030374984887 52.94568272269143 1173 1177 5035 5038 14.0 1.250407912770818 0.8453897222101061 -38.676347691691134 0.7368179955174317 0.2758837962683452 0.4193989067625557 0.0 4.837554545553149 0.9970878 29.334317479372206 4.025174702830195 3.354740725851854 0.07476897885576238 2.111004122822376 44.29864667584529 6.4469922652716845 27.284023853188955
2788 4162.608816463712 5037.643046238694 214.8935364263028 52.92671877392864 4159 4167 5035 5040 45.0 2.236720749247031 1.4712745677221362 8.566911582229702 0.7532083958791705 0.12648405287477954 0.347756524458623 0.0 12.043812752685389 1.637133 33.8878980612811 5.331632896077513 2.7330732697176363 0.1309462126074698 3.7846987830302403 25.720942117706382 8.45667744048928 27.874282819829517
2789 1522.5089873187378 5042.703948619859 214.91712366415615 52.943509427182114 1514 1531 5036 5050 196.0 4.112413069007083 3.261026474012257 -34.449789377408436 0.6092586939879888 0.233138808680341 0.7434237899533617 0.0 88.6717440896052 3.8634956 248.1928193202233 12.613681835225613 2.851402830332369 0.15953181644333664 7.898654169668588 284.8756135519648 20.075262152579114 25.26336181611781
2790 682.7407507916122 5040.574851592747 214.92466956167834 52.94882906158948 680 685 5038 5043 30.0 1.698260490046667 1.2547484763212868 49.04138662148066 0.6738772131079652 0.1499606846038066 0.35240408447338156 0.0 8.03958242836446 1.4371831 36.12991313683903 5.433928612393366 3.196756109272515 0.11471930258903235 3.0901936161855166 39.49574461936455 8.706579508671277 27.40862423485055
2791 6863.296730409356 5041.565675055892 214.8693309263422 52.9095870183476 6856 6869 5038 5044 65.0 3.5980276774959847 1.299630832164145 -19.64828075415709 0.9324858684730357 0.0920211053403093 0.4468050718638643 0.0 18.810887561463936 2.0433924 39.4468719945088 5.5986183797250355 2.3362484819778513 0.17909772426300283 4.54864184146723 42.512682972682896 8.951447593717804 27.328703714678014
2792 10010.229294578943 5049.136437452345 214.84111837882185 52.88963446910717 10000 10021 5038 5066 405.0 7.073203769675578 3.3795502889411826 56.84067955109222 0.878470680455303 0.11779750071447959 1.4803945651134918 0.0 184.32901830862312 5.3729854 330.01039086619926 13.894787783004416 2.419763671779331 0.3085580742734229 11.354096349090721 357.0958811451478 22.163584156885506 25.018037897664573
2793 756.7462239745261 5045.480808361095 214.9239547861001 52.94838575501927 746 766 5040 5052 190.0 5.243800832521487 2.186224246056096 13.70672577354852 0.9089450391628168 0.026589336616657938 1.025902340621393 0.0 59.41569051396251 3.7405891 76.82344679867464 7.185198803987192 1.7831485989090115 0.38697137707387874 7.776816725043752 83.50741122144711 11.518403751593704 26.59568744872369
2794 2261.267936258004 5045.996783299086 214.91047197763297 52.93883691688068 2256 2266 5041 5049 77.0 2.7878748285832264 1.8362503423710654 -6.674237929395391 0.7524442438867357 -0.06853500392767871 0.21577136000258426 0.0 6.983596921671994 4.7378516 22.953241430319146 16.090298970637456 2.99318711994796 0.334468699807208 4.950743503369154 -1.9467014535657183 7196955.240229577 nan
2795 1507.4246735858753 5043.273368842377 214.91725278882794 52.94360826541061 1506 1509 5042 5044 10.0 1.1014944060107195 0.6693261203429026 16.239277238396802 0.7942028194379662 0.2918556180191322 0.531797806331474 0.0 4.400421076763356 0.85383093 34.36165533818191 3.6456446092807515 3.5145433156352897 0.0988673505041137 1.7841241161527712 59.8640240382982 5.802442451174255 26.957085233486918
2796 2443.1421251043203 5046.168210394045 214.9088413610232 52.937683089693394 2441 2445 5044 5049 22.0 1.3513509448042065 1.1505484891995088 -89.6610978420058 0.5245069951130417 0.24387546002544286 0.5523391075213192 0.0 8.938609914686241 1.2360523 31.136763035714722 4.2612712441169665 2.929831172652664 0.12819864419932434 2.6462837142006137 46.43498319637498 6.7753083527647595 27.23288676818978
