outputs/dr0.5_c0.1/nircam1_f356w_dr0.5_c0.1.ecsv
# %ECSV 1.0
# ---
# datatype:
# - {name: label, datatype: int64}
# - {name: xcentroid, datatype: float64}
# - {name: ycentroid, datatype: float64}
# - {name: sky_centroid.ra, unit: deg, datatype: float64}
# - {name: sky_centroid.dec, unit: deg, datatype: float64}
# - {name: bbox_xmin, datatype: int64}
# - {name: bbox_xmax, datatype: int64}
# - {name: bbox_ymin, datatype: int64}
# - {name: bbox_ymax, datatype: int64}
# - {name: area, unit: pix2, datatype: float64}
# - {name: semimajor_sigma, unit: pix, datatype: float64}
# - {name: semiminor_sigma, unit: pix, datatype: float64}
# - {name: orientation, unit: deg, datatype: float64}
# - {name: eccentricity, datatype: float64}
# - {name: min_value, datatype: float64}
# - {name: max_value, datatype: float64}
# - {name: local_background, datatype: float64}
# - {name: segment_flux, datatype: float64}
# - {name: segment_fluxerr, datatype: float32}
# - {name: kron_flux, datatype: float64}
# - {name: kron_fluxerr, datatype: float64}
# - {name: kron_radius, unit: pix, datatype: float64}
# - {name: gini, datatype: float64}
# - {name: equivalent_radius, unit: pix, datatype: float64}
# - {name: kron4_2_flux, datatype: float64}
# - {name: kron4_2_fluxerr, datatype: float64}
# - {name: radius_kron20, unit: pix, datatype: float64}
# - {name: radius_kron50, unit: pix, datatype: float64}
# - {name: radius_kron80, unit: pix, datatype: float64}
# - {name: near_border, datatype: bool}
# meta:
#   PHOTMJSR: 0.4047000110149384
#   PIXAR_SR: 2.11539874851881e-14
#   __serialized_columns__:
#     area:
#       __class__: astropy.units.quantity.Quantity
#       unit: !astropy.units.Unit {unit: pix2}
#       value: !astropy.table.SerializedColumn {name: area}
#     eccentricity:
#       __class__: astropy.units.quantity.Quantity
#       unit: !astropy.units.Unit {unit: ''}
#       value: !astropy.table.SerializedColumn {name: eccentricity}
#     equivalent_radius:
#       __class__: astropy.units.quantity.Quantity
#       unit: !astropy.units.Unit {unit: pix}
#       value: !astropy.table.SerializedColumn {name: equivalent_radius}
#     kron_radius:
#       __class__: astropy.units.quantity.Quantity
#       unit: &id001 !astropy.units.Unit {unit: pix}
#       value: !astropy.table.SerializedColumn {name: kron_radius}
#     orientation:
#       __class__: astropy.units.quantity.Quantity
#       unit: &id002 !astropy.units.Unit {unit: deg}
#       value: !astropy.table.SerializedColumn {name: orientation}
#     radius_kron20:
#       __class__: astropy.units.quantity.Quantity
#       unit: *id001
#       value: !astropy.table.SerializedColumn {name: radius_kron20}
#     radius_kron50:
#       __class__: astropy.units.quantity.Quantity
#       unit: *id001
#       value: !astropy.table.SerializedColumn {name: radius_kron50}
#     radius_kron80:
#       __class__: astropy.units.quantity.Quantity
#       unit: *id001
#       value: !astropy.table.SerializedColumn {name: radius_kron80}
#     semimajor_sigma:
#       __class__: astropy.units.quantity.Quantity
#       unit: !astropy.units.Unit {unit: pix}
#       value: !astropy.table.SerializedColumn {name: semimajor_sigma}
#     semiminor_sigma:
#       __class__: astropy.units.quantity.Quantity
#       unit: !astropy.units.Unit {unit: pix}
#       value: !astropy.table.SerializedColumn {name: semiminor_sigma}
#     sky_centroid:
#       __class__: astropy.coordinates.sky_coordinate.SkyCoord
#       dec: !astropy.table.SerializedColumn
#         __class__: astropy.coordinates.angles.Latitude
#         unit: *id002
#         value: !astropy.table.SerializedColumn {name: sky_centroid.dec}
#       frame: icrs
#       ra: !astropy.table.SerializedColumn
#         __class__: astropy.coordinates.angles.Longitude
#         unit: *id002
#         value: !astropy.table.SerializedColumn {name: sky_centroid.ra}
#         wrap_angle: !astropy.coordinates.Angle
#           unit: *id002
#           value: 360.0
#       representation_type: spherical
#   astropy version: '5.1'
#   make_catalog parameters:
#     ab_zpt: 31.4
#     coadd_bands: !!python/tuple [f277w, f356w]
#     deblend_contrast: 0.001
#     deblend_nlevels: 32
#     deblend_npixels: 1
#     detect_kernel_fwhm: 4.0
#     detect_kernel_npix: 7
#     detect_npixels: 4
#     detect_threshold_nsigma: 3.0
#     flag_isolated_buffer: 4
#     hst_bands: !!python/tuple [f606w, f814w, f125w, f140w, f160w]
#     jwst_bands: !!python/tuple [f115w, f150w, f200w, f277w, f356w, f410m, f444w]
#     near_border_kernelsize: 21
#     reference_band: f200w
#   make_catalog version: 1.4.0
#   photutils version: 1.5.0
# schema: astropy-2.0
label xcentroid ycentroid sky_centroid.ra sky_centroid.dec bbox_xmin bbox_xmax bbox_ymin bbox_ymax area semimajor_sigma semiminor_sigma orientation eccentricity min_value max_value local_background segment_flux segment_fluxerr kron_flux kron_fluxerr kron_radius gini equivalent_radius kron4_2_flux kron4_2_fluxerr radius_kron20 radius_kron50 radius_kron80 near_border
[from data line 4111]
4112 3971.728533744167 1020.2693678226184 215.00984574998742 52.978574910377134 3958 3986 1011 1031 440.0 5.0888696032606004 4.120934809018376 -4.957213863653581 0.5867146490103324 0.1388047471244347 4.063066136679775 0.0 425.7076733526925 2.3446212 537.0833906252533 4.236312609909457 1.9617105196720477 0.41600561395906044 11.834540545406394 644.5877229954565 6.616347364747067 3.3027980687286003 6.780176679109514 12.085980233980909 False
4113 6355.721090815691 987.1060766359893 214.98879732233652 52.96327540143541 6333 6381 965 1013 1409.0 7.488596175357876 6.917144872783356 21.66085675600376 0.3831395665948251 0.09311769427216722 12.388280895730755 0.0 1430.4022775464057 4.084845 1780.1984173403046 6.3035273508336225 1.9319299394091023 0.5618910262821925 21.177786230693734 2029.1854769671108 9.682045668378883 3.684488840143985 9.305767060293842 20.726859171485945 False
4114 6373.547542953727 1003.2213154671293 214.9884676624288 52.963249416744425 6363 6382 991 1013 348.0 4.66751236022686 3.878153477419638 -78.4078734803571 0.5564481807091005 0.11557780300119856 2.799187148906861 0.0 237.95254897919838 1.9351746 378.17625161426054 4.294752704136576 2.3427047747732486 0.38649397112550277 10.524820207108489 502.8912691178044 6.840153779218921 3.5920376756793178 8.000765038562044 16.710716980274587 False
4115 8462.878199683197 973.0049646513924 214.97004527971222 52.94983157364228 8455 8471 965 984 222.0 3.8525015318666362 3.396225705410301 -70.62232731685476 0.47206498597141083 0.1672130959812049 1.3937006961317826 0.0 133.56340579133317 1.6036167 268.6124383782387 4.330495260083376 2.620876028595315 0.29686522889249045 8.406235467365967 403.6970765867734 6.9768073360168605 4.073296862846498 8.455239162485835 17.664050700747595 False
4116 8479.339877067338 994.0954396939361 214.96967557996211 52.94984107561376 8457 8503 974 1014 1220.0 6.150211727414239 5.429938740232164 14.336571695234412 0.46958649447160034 0.12434626974646591 37.86352254552124 0.0 2605.9845087658878 4.2490053 2677.4352064950194 4.542948712746781 1.5159538176189007 0.672052727678361 19.706294962377495 2942.2428085387464 6.753491464980377 2.360001736117869 5.213347288843597 11.408083440316739 False
4117 8498.539708132083 1005.7317217235725 214.96938088381066 52.94978212601972 8487 8513 991 1016 395.0 4.861920053630733 3.929948140652021 -52.436091082178805 0.5887544234104133 0.11361439417269777 4.449294098210615 0.0 333.6412225403576 2.2419415 554.367126585736 4.917304976588207 2.3939697360579286 0.45950112737101906 11.213046198183495 815.7872511967114 7.619086708898365 3.4787623002124453 8.562950229531031 17.670534312773515 False
4118 7048.725509586303 979.8173603057153 214.98265676308267 52.95883998088314 7039 7057 970 990 299.0 4.293855003813176 2.9931409717725668 56.623214594891564 0.7169977661274575 0.11617510866683525 3.6613810760060166 0.0 238.03292869527797 1.8005403 290.0505064384794 2.982876697291156 1.9162073672874447 0.4747963969027401 9.755749892701914 349.78150441041663 4.71996752482763 2.5006610413434114 4.9988904078976475 9.565511245261158 False
4119 7036.7372931809705 987.1114563957461 214.9826874915549 52.958955446209785 7030 7044 980 995 161.0 3.5411853374332223 2.5729734665757333 56.635867773277276 0.6870761943514011 0.014859312668544547 1.039596132543455 0.0 50.08989855199381 1.2735726 112.74479092273228 3.58562176959188 2.74319754150397 0.3484707250323792 7.158763278359629 153.67816998065126 5.7451533066346645 3.4488513855805407 8.327516361399299 15.497114179505473 False
4120 7052.5969911799775 995.9814655626109 214.98245181035455 52.95890276927619 7039 7066 989 1006 242.0 6.981808934283474 2.7210335879519483 18.699385017861065 0.9209283654670198 -0.017782152504058835 0.6940404724356849 0.0 69.50135775988991 1.5744731 129.59536602983388 4.65908094642144 2.4313465684190447 0.23805198497972077 8.77673016883152 148.10283160216494 7.399956181212265 4.981673530801062 9.757968555079238 18.632639565928248 False
4121 2315.2790877457264 978.2382972565422 215.02516481991836 52.988851240623504 2312 2318 975 981 31.0 2.1965690006449687 1.1075989187062347 -40.2102680941164 0.8635633033981431 0.1652869827581517 0.4019440993989109 0.0 8.240994124817599 0.55566627 35.17336694404065 2.152010020191951 3.1245741280091264 0.12737625400921232 3.141274657157109 50.712723945361034 3.443622229169798 2.9745799347296478 5.748647872605981 10.44936420709113 False
4122 2317.500246544536 986.0480239221599 215.0250626080588 52.988879389073816 2311 2325 981 992 95.0 2.8869497069377896 2.391056702797253 29.197732524008252 0.5603891643656421 0.1110451871922411 0.7757046486559311 0.0 32.22001551555418 0.9856903 103.5297409662573 3.439536060330808 2.9731389669257657 0.2589176622423729 5.499039842323396 115.16335933460502 5.5162931560723765 3.842159261342129 9.00641331446871 13.754187953588755 False
4123 2311.8220584561705 993.1732800343946 215.02503856583095 52.98895392158091 2306 2319 985 1000 144.0 3.21764307914199 2.7242539078517005 -71.44095430794297 0.5321321493619567 0.09380344815566015 1.300601660109904 0.0 70.59879021603062 1.2618229 142.22590172881723 3.3711261266549983 2.5485260445043387 0.28763227962903865 6.770275002573076 166.59142722341002 5.365414342294771 3.218937531289229 6.914542979371867 13.13344414252675 False
4124 8563.781699172187 1010.7219099804323 214.96874332796077 52.94939514506832 8535 8585 984 1040 1905.0 9.693305871840812 7.051839256045486 -70.01077387712489 0.6861121402970481 0.11418320728376899 16.10446195419622 0.0 3333.185303398914 5.243688 3535.7639990974762 6.773380432772071 1.6048371544378175 0.5681130499166308 24.62479102815131 3865.7258547662946 10.252573880071855 4.491001418409179 9.575693937710998 17.549469536516245 False
4125 8531.624682472939 1023.6058958092425 214.9688959964597 52.94966877946819 8522 8546 1016 1034 274.0 6.004042021797337 2.6232781767966644 32.06814810260217 0.899501005028942 0.1065101116818824 1.775630604614269 0.0 136.31346030443618 1.7957644 358.29048281600785 5.291028500645062 2.892550219985556 0.3588682151017343 9.338999347593866 588.3330713579884 8.428768884061688 5.16287223095187 14.548929363161456 24.929260475995786 False
4126 462.6806876375473 1012.7098264556637 215.041448229458 53.00078281823179 441 484 987 1024 951.0 9.092285755868527 5.23532720661784 -57.77950422377981 0.8175914288699909 0.0923401584088816 10.266717825165555 0.0 1550.6137858217103 3.492117 2083.3401462474053 5.957867721636475 1.8468730672634888 0.5551511482104202 17.39864080210822 2307.9975113483697 9.27319316880598 5.881944653325036 10.241566264481195 18.338105567731954 False
4127 450.0984744205381 1046.168726382074 215.04120886827667 53.00104355839922 415 486 1008 1096 3305.0 15.781715780496807 6.967613815895745 -56.38878549923834 0.8972616767656557 0.10917998107820541 25.428445119470023 0.0 11485.031896712986 7.2166743 12228.630272603335 8.005712770859109 1.4316965640682064 0.6156969850040874 32.43476797878209 12732.311318007174 11.494224222849821 6.844256575629841 13.8229048376374 23.53976116095893 False
4128 431.32445084899257 1042.462854588755 215.04141664561612 53.00114252590861 417 438 1027 1054 380.0 4.437062361922254 3.7298030950134424 -37.608010103394115 0.5416534218131367 0.11707032695144692 10.283612660102538 0.0 592.9504218285231 2.1050084 724.5343930251025 3.212202497321114 1.907912773948821 0.5761981260964502 10.998079684646791 889.7314657779473 5.1614010304574105 2.6221591809621967 5.320435074930672 9.893264650451135 False
4129 8608.961147784947 996.9618544583155 214.96848312041155 52.949034153443684 8603 8614 993 1002 85.0 2.5792517948488687 2.168861819987589 7.537637249084143 0.5412092134439708 0.13815654287832824 0.7152981329205396 0.0 34.383696399960535 0.9901669 97.15953556884486 3.232977013572303 2.887780533086806 0.21068380687582752 5.201570947860099 164.0460233354998 5.212565502864449 3.434030762438696 7.515908474034287 13.982028256802217 False
4130 8612.210742167788 1016.1067671184765 214.96825238065918 52.94911696719439 8594 8629 998 1029 740.0 6.090544721287309 4.367906605446704 26.72529741031205 0.6969066032410032 0.1256458613487196 13.865646004208346 0.0 993.6918211665093 3.193078 1111.5854590219265 4.511735373954176 1.7697166459932911 0.5774153724736762 15.347615963921077 1265.358670928154 6.991419376063631 2.8616707201308134 5.961097324495068 12.24197585837024 False
4131 10312.08879360663 1003.1345823681368 214.9531507816217 52.938260594169655 10296 10328 993 1014 552.0 5.622828334452936 3.980709836509043 3.245948536108157 0.7062574718159745 0.2789403475495264 12.66665603908446 0.0 1166.8694671725088 5.1047406 1439.0949983234232 inf 1.923710786323131 0.501184362477219 13.255453865237978 1639.8588281853895 inf 3.1102728640117396 6.644556628219277 13.195085957313339 False
4132 10322.748542553067 1039.6888737850554 214.95267034476535 52.93839038531597 10287 10337 1013 1067 2151.0 7.205295453791493 6.977363350959868 50.77742917951834 0.24953403103046115 0.060917281416837395 136.19194366461141 0.0 12341.885164096744 12.2491665 12052.722882594193 17462324.419742715 1.4 0.738532296965666 26.166477890257482 12739.841071068175 inf 2.881944598198802 5.827511439613985 11.407240668606212 False
4133 6739.292099707783 1009.332143677615 214.9851218795499 52.96096239203382 6731 6746 1001 1018 208.0 4.739015522508271 2.594283101716807 -53.720968225501984 0.8368509480623905 0.07861117803718563 0.8359176363579504 0.0 81.59773752121069 1.4714804 231.00581290660756 4.5242298950854964 2.9568504726565674 0.2973077111738061 8.136857890256438 355.64220033245476 7.181238342519509 5.177116661822888 11.923744912078327 20.13616376939886 False
4134 6835.763584752134 1029.6253191528178 214.98404269475873 52.960460086839575 6817 6848 1017 1047 589.0 6.246526821640224 4.9519060156480466 -42.65155357977324 0.6095527667789856 0.12032219770713165 2.6813339797494895 0.0 342.58259434796616 2.4335961 701.9940793143069 6.452103363017755 2.672837610982609 0.3953466672246262 13.692498784453214 997.897162549826 10.384595093043231 5.508492295544739 14.348605950853074 27.40384028064106 False
4135 6681.878647286352 1060.1380569859516 214.9851019169449 52.96160115064881 6669 6693 1043 1071 459.0 5.696382561366721 5.240213583554146 -48.64448166106463 0.3921071964136162 0.11023473729289104 1.6814281085230818 0.0 279.33051758743125 2.2231476 875.8516868729441 6.980847616298665 3.0233945004151455 0.28641450477963126 12.087358593107094 1300.9795915199643 11.37097631712405 8.194908163651755 23.40841297483829 34.746800379642686 False
4136 6743.052921516855 1079.3770009970362 214.9843504824046 52.9613170581085 6661 6828 1011 1140 12196.0 17.91475352493006 13.600536952837976 -25.23385208143413 0.6508797965238806 0.054815007874888105 323.1446249728514 0.0 49375.37949880868 15.020518 49172.60910415964 14.075090512297544 1.4 0.7747536422998373 62.30655962174056 52320.73250697448 18.33204982665049 4.073277105555028 11.337979284115201 26.523294171872344 False
4137 6836.592708042955 1079.532388717712 214.98350967526582 52.96072452115609 6824 6848 1072 1087 271.0 4.4784410115146045 3.197298644583053 0.7969036194573592 0.7002158811481705 0.09356596576046793 2.0419954043503012 0.0 142.8744314375178 1.6789398 374.41921388907826 4.727574137016826 2.845272537589772 0.3700927766689772 9.287732724180174 585.4123561266131 7.340833139402679 4.714414710005109 13.288109352796678 21.862849571375236 False
4138 6789.4244967439545 1085.0014200092915 214.98387523520125 52.96105329127459 6773 6827 1056 1122 2292.0 13.35641861533525 10.848096456949454 -51.178751017864485 0.5833777057965279 0.05452741993015391 5.742003182454089 0.0 2210.4011032924136 5.110127 3932.0158563186774 11.552207791153776 2.4068144458211926 0.48400398335548717 27.010484244701136 5105.489086411797 19.364102750922452 11.851213786128827 22.778491745142503 50.759712578008106 False
4139 6736.89762228941 1123.3405398984278 214.98394270802865 52.961593681590195 6714 6759 1110 1145 1018.0 8.725867476463671 8.591343443794129 -26.102742654114238 0.17491630691934434 0.07331487821314817 3.3992836689518207 0.0 653.1362292413272 3.3487253 1701.6862969517974 10.102747460611372 2.782448644999402 0.39204262005233176 18.00109619259613 2510.9342136380055 16.10356229358414 10.887954619899242 24.60034288528575 47.704764981717474 False
4140 8373.9119979204 1028.8983766531467 214.97025446264985 52.95069800702805 8368 8383 1017 1041 257.0 4.699649955139414 3.0953281080752606 70.79920695555657 0.7524673943117807 0.12824806015403162 2.017432950755971 0.0 189.94249357615092 1.8475286 299.4956152949162 4.134649777053878 2.2315446547529305 0.34359136560433967 9.044647077096718 354.8582575941691 6.500638505280014 3.7054134813190642 6.935277450226706 13.144215782427928 False
4141 8363.097575140273 1031.334098883538 214.97032578782853 52.950779779882815 8351 8376 1015 1046 546.0 7.756072347127302 4.478579996811629 74.29130240005429 0.8164410046787594 0.03394672081726649 1.401654687922196 0.0 275.0560430300475 2.6023214 443.3829703004519 6.17702279070925 2.187004773084637 0.320283842515372 13.183216521636506 460.0831342254985 9.780772662824083 5.495776974159072 10.747716423609004 18.73494946707023 False
4142 3903.110792706401 1048.13400097678 215.01016837322084 52.979160698994754 3886 3921 1037 1060 511.0 5.695635455784206 3.864049743687934 9.632238369985219 0.7346715703244951 0.0977011065510885 3.827886436569533 0.0 426.1585520358707 2.4852283 609.8583322260624 4.865728906353926 2.2177924801621423 0.4777349127379364 12.753679933255228 768.0431455525252 7.613983230588275 3.56081579721803 7.68085685480506 17.305451725741893 False
4143 3884.956116936995 1042.6522395350858 215.01038911817753 52.979246192409555 3881 3889 1039 1047 49.0 2.0968885726797435 1.823943016405418 -45.16346815708738 0.49334616361247174 0.15226555156235771 0.3565882296119366 0.0 12.818821701061477 0.7222161 114.40295909382255 3.208845828669953 3.6279620908515624 0.10289110237576989 3.949327084834294 243.91725295354715 5.173274284719227 5.810637475290913 10.874522336474799 15.518262085076401 False
4144 3870.2448231550675 1060.4723979474923 215.01033352027213 52.97943582555766 3855 3888 1045 1075 774.0 5.891047107780353 4.917695747421861 -44.33502277590501 0.5505920254498091 0.12050380293311956 9.81202972775645 0.0 904.9283000448879 3.2258356 986.5536432747939 4.1611900755556075 1.5629744987675829 0.5375973105270858 15.696236870863475 1045.6106927298251 6.352974106948593 2.952425285853475 6.336225393604945 11.80329696487908 False
4145 6863.383119045206 1052.117686612585 214.98355804566958 52.96040642702702 6858 6868 1045 1062 140.0 4.1591379574548535 2.3062352135237374 65.18332036697035 0.8321848105226327 0.11206499186155457 0.7593052253469086 0.0 54.130307016471335 1.1535231 239.50040400058643 4.376457581996376 3.2422416675236945 0.21394189323919707 6.6755811781245455 422.890686535797 6.988591981915561 6.192862275242362 15.318425867851055 20.986528107578877 False
4146 6855.847081184488 1053.5368414777297 214.9836107068235 52.960461901627184 6847 6867 1041 1065 227.0 6.793135086655355 2.923033929601207 64.3381418728027 0.9026895978627093 0.056662908400111914 0.5977236558936 0.0 72.08718149636832 1.4825127 464.7501286559176 6.516858901999321 3.3703998988200294 0.19076836857212162 8.500373177909337 704.7527684328213 10.436762962340064 10.222552114586701 19.715749563188812 28.94912378001322 False
