outputs/dr0.5_c0.1/nircam6_f814w_dr0.5_c0.1.ecsv
# %ECSV 1.0
# ---
# datatype:
# - {name: label, datatype: int64}
# - {name: xcentroid, datatype: float64}
# - {name: ycentroid, datatype: float64}
# - {name: sky_centroid.ra, unit: deg, datatype: float64}
# - {name: sky_centroid.dec, unit: deg, datatype: float64}
# - {name: bbox_xmin, datatype: int64}
# - {name: bbox_xmax, datatype: int64}
# - {name: bbox_ymin, datatype: int64}
# - {name: bbox_ymax, datatype: int64}
# - {name: area, unit: pix2, datatype: float64}
# - {name: semimajor_sigma, unit: pix, datatype: float64}
# - {name: semiminor_sigma, unit: pix, datatype: float64}
# - {name: orientation, unit: deg, datatype: float64}
# - {name: eccentricity, datatype: float64}
# - {name: min_value, datatype: float64}
# - {name: max_value, datatype: float64}
# - {name: local_background, datatype: float64}
# - {name: segment_flux, datatype: float64}
# - {name: segment_fluxerr, datatype: float32}
# - {name: kron_flux, datatype: float64}
# - {name: kron_fluxerr, datatype: float64}
# - {name: kron_radius, unit: pix, datatype: float64}
# - {name: gini, datatype: float64}
# - {name: equivalent_radius, unit: pix, datatype: float64}
# - {name: kron4_2_flux, datatype: float64}
# - {name: kron4_2_fluxerr, datatype: float64}
# - {name: radius_kron20, unit: pix, datatype: float64}
# - {name: radius_kron50, unit: pix, datatype: float64}
# - {name: radius_kron80, unit: pix, datatype: float64}
# - {name: near_border, datatype: bool}
# meta:
#   PHOTMJSR: 0.3925000131130219
#   PIXAR_SR: 2.11539874851881e-14
#   __serialized_columns__:
#     area:
#       __class__: astropy.units.quantity.Quantity
#       unit: !astropy.units.Unit {unit: pix2}
#       value: !astropy.table.SerializedColumn {name: area}
#     eccentricity:
#       __class__: astropy.units.quantity.Quantity
#       unit: !astropy.units.Unit {unit: ''}
#       value: !astropy.table.SerializedColumn {name: eccentricity}
#     equivalent_radius:
#       __class__: astropy.units.quantity.Quantity
#       unit: !astropy.units.Unit {unit: pix}
#       value: !astropy.table.SerializedColumn {name: equivalent_radius}
#     kron_radius:
#       __class__: astropy.units.quantity.Quantity
#       unit: &id001 !astropy.units.Unit {unit: pix}
#       value: !astropy.table.SerializedColumn {name: kron_radius}
#     orientation:
#       __class__: astropy.units.quantity.Quantity
#       unit: &id002 !astropy.units.Unit {unit: deg}
#       value: !astropy.table.SerializedColumn {name: orientation}
#     radius_kron20:
#       __class__: astropy.units.quantity.Quantity
#       unit: *id001
#       value: !astropy.table.SerializedColumn {name: radius_kron20}
#     radius_kron50:
#       __class__: astropy.units.quantity.Quantity
#       unit: *id001
#       value: !astropy.table.SerializedColumn {name: radius_kron50}
#     radius_kron80:
#       __class__: astropy.units.quantity.Quantity
#       unit: *id001
#       value: !astropy.table.SerializedColumn {name: radius_kron80}
#     semimajor_sigma:
#       __class__: astropy.units.quantity.Quantity
#       unit: !astropy.units.Unit {unit: pix}
#       value: !astropy.table.SerializedColumn {name: semimajor_sigma}
#     semiminor_sigma:
#       __class__: astropy.units.quantity.Quantity
#       unit: !astropy.units.Unit {unit: pix}
#       value: !astropy.table.SerializedColumn {name: semiminor_sigma}
#     sky_centroid:
#       __class__: astropy.coordinates.sky_coordinate.SkyCoord
#       dec: !astropy.table.SerializedColumn
#         __class__: astropy.coordinates.angles.Latitude
#         unit: *id002
#         value: !astropy.table.SerializedColumn {name: sky_centroid.dec}
#       frame: icrs
#       ra: !astropy.table.SerializedColumn
#         __class__: astropy.coordinates.angles.Longitude
#         unit: *id002
#         value: !astropy.table.SerializedColumn {name: sky_centroid.ra}
#         wrap_angle: !astropy.coordinates.Angle
#           unit: *id002
#           value: 360.0
#       representation_type: spherical
#   astropy version: '5.1'
#   make_catalog parameters:
#     ab_zpt: 31.4
#     coadd_bands: !!python/tuple [f277w, f356w]
#     deblend_contrast: 0.001
#     deblend_nlevels: 32
#     deblend_npixels: 1
#     detect_kernel_fwhm: 4.0
#     detect_kernel_npix: 7
#     detect_npixels: 4
#     detect_threshold_nsigma: 3.0
#     flag_isolated_buffer: 4
#     hst_bands: !!python/tuple [f606w, f814w, f125w, f140w, f160w]
#     jwst_bands: !!python/tuple [f115w, f150w, f200w, f277w, f356w, f410m, f444w]
#     near_border_kernelsize: 21
#     reference_band: f200w
#   make_catalog version: 1.4.0
#   photutils version: 1.5.0
# schema: astropy-2.0
label xcentroid ycentroid sky_centroid.ra sky_centroid.dec bbox_xmin bbox_xmax bbox_ymin bbox_ymax area semimajor_sigma semiminor_sigma orientation eccentricity min_value max_value local_background segment_flux segment_fluxerr kron_flux kron_fluxerr kron_radius gini equivalent_radius kron4_2_flux kron4_2_fluxerr radius_kron20 radius_kron50 radius_kron80 near_border
[from data line 2603]
2604 9351.728945410656 3137.0434697563232 214.8109855858082 52.81032758135038 9338 9365 3132 3143 250.0 6.138804740207792 2.326287401679244 8.396594608289808 0.9254179919592942 -0.21558526566348407 1.7176478356259863 0.0 108.19167166541416 4.7443147 123.41539154450427 7.116351526118407 1.4 0.4095907728041004 8.920620580763856 114.32740562218059 11.437044265114139 2.9913058440879885 5.646199182480503 9.852779024599965 False
2605 1983.65682140391 3137.8779089576487 214.8767334532082 52.857149953047134 1980 1988 3133 3142 70.0 2.6155566906008327 1.739784793539577 -45.549174317839324 0.7466936720195186 -0.3294424821157378 0.5947403261206579 0.0 15.50839489046857 2.7104886 61.807201853840496 9.986136493943919 3.2660078009319173 0.30973822167756737 4.720348719413148 47.725565015910036 15.912059057015608 3.605496577146459 11.744913521835182 19.166310838590668 False
2606 3404.964366433465 3137.0441359930437 214.86404667561095 52.848117079323245 3400 3409 3133 3141 56.0 2.6951590456356542 1.558811793867402 44.93978564059239 0.8157712368987218 -0.22978106982878066 0.396617566528434 0.0 4.686294026160354 2.0546787 41.633834843447666 9.474366522610081 3.9110085368863867 0.4770509734198089 4.222008245644752 80.23217508189936 15.095818282597001 7.221704122714526 11.808951105476124 16.072207833771873 False
2607 8140.170517486537 3144.9692587637865 214.82170509860532 52.81807122378373 8129 8150 3133 3155 365.0 5.0982951460017265 3.4229512458535285 -44.841870292908425 0.7411030016634192 -0.5199373142754314 2.1588260443760556 0.0 94.88836551767207 5.6005425 140.41110120705662 12.687201119906097 2.3573816258091065 0.5506635004303477 10.778826859036359 328.03612456069084 20.15939285292009 2.7312906202441423 7.494343181486591 18.73751148149481 False
2608 9761.56497504708 3137.575386503173 214.80732655362036 52.80772521994274 9756 9766 3133 3142 86.0 2.599646588222818 1.9303266663726617 -15.289226377099782 0.6698080819155968 -0.3503640900924637 1.293973591853433 0.0 32.68176356020193 3.1181324 56.030132215815804 7.144333685422604 2.1676588571548234 0.37245091086849724 5.232078956954491 79.89966715741201 11.424210400731429 2.1409889229311947 4.493831874220892 7.0226790727210116 False
2609 7865.0155341954105 3138.0244923123673 214.82423208958275 52.819782601799766 7863 7868 3134 3141 39.0 1.9254872419967464 1.130129875139032 49.863208621332525 0.8096363078569315 -0.07328160167713642 0.49114554960624657 0.0 6.812805826698349 1.801677 13.089262060950478 3.777290647498116 1.950151598283726 0.4392972904555146 3.523362819972964 3.2375227446300503 6.044455254713043 1.7770389675899836 3.112139078615889 6.027156658304006 False
2610 4008.48788305946 3140.8219458673507 214.85861768012535 52.8443033632593 4003 4015 3135 3147 125.0 3.372739370916419 1.8388279872903008 -55.13107589385971 0.8383039848969818 -0.29881166029914175 1.2624241706514117 0.0 42.326421640980186 3.1959205 46.72251206356283 4.421001472398684 1.4 0.44243740967238676 6.3078313050504 47.963330033079444 7.023903878656042 1.8130124009539783 3.471943816882455 5.679842940801103 False
2611 462.03462364469533 3147.939641955455 214.89022504204434 52.866868330257894 450 476 3136 3160 532.0 5.965340774778568 5.277017149024894 3.9671784441396922 0.4663261651040352 0.017924022930227324 1.7906110064726704 0.0 400.729327064784 6.196645 511.7243784524217 12.449175420104888 1.8723981441683113 0.30035213226044466 13.013103375051497 550.9432878579323 19.84572460595111 4.95698774777658 8.62358941745573 13.494843985519287 False
2612 6541.043916433494 3142.516443860927 214.83599537368656 52.828220901069265 6534 6547 3137 3147 93.0 3.7911852516836984 1.94030952588053 32.45713669654705 0.8591076260139356 -0.08018607838442793 0.481938386462801 0.0 15.219685800603802 2.7426555 42.34366868564486 8.820348716875362 2.571719020151879 0.3592388324517705 5.440847306724618 53.219996260155284 14.083459211353828 3.936629870758397 7.351344108691651 10.297761272587314 False
2613 6479.214330878998 3143.0079827928794 214.83654186824407 52.828616460898985 6471 6486 3138 3148 120.0 3.259233752979868 2.060479083959428 -11.300810805880712 0.7748073666729834 -0.17866835283366844 0.8265137875331253 0.0 35.92767012015673 3.0871692 57.37537230852626 7.45382464103641 2.2919112538545146 0.3802171893036363 6.180387232371033 68.35075871577317 11.922770154613874 2.5669611391325193 4.941095156987003 9.559765953800525 False
2614 8083.14245930801 3138.8853642172285 214.82227766704082 52.81840089236466 8082 8085 3138 3140 11.0 0.8367621051916235 0.7341395334823296 36.12708046809687 0.47983722785579735 -0.11332135603158502 0.6114483774787888 0.0 3.371584216652769 1.0139731 13.365674553864594 3.4712314526133112 3.4211513693438897 0.3535497329669675 1.8712051592547776 13.113775724266393 5.546211245775532 1.4523125153798562 4.072275277313661 5.25398509045027 False
2615 10236.488934346913 3145.1903105554816 214.8030133660318 52.804747132959406 10230 10243 3139 3151 128.0 3.3235545084738276 2.7503993941328266 -3.8901958800179397 0.5613956277161521 -0.32114305343714533 0.8149185599585019 0.0 33.85459645741626 3.5958076 83.92066280916714 11.424021119507321 2.655654941722754 0.3672360666939314 6.383076486422923 115.15235657688103 18.321905697055666 4.139819105706506 7.255647785902271 13.86712240769681 False
2616 4283.311163500414 3154.290447244491 214.8560222497817 52.842630003763574 4265 4305 3140 3168 769.0 8.171539199995792 3.4815106085147263 -27.687721660267965 0.9046980997228047 -0.3534808668816116 4.0628706510344035 0.0 515.2310846191639 7.1354327 574.2329932695854 10.55685755420318 1.7315158474024077 0.5682472149313768 15.64545628849907 648.4799961712868 16.948983851070263 3.61939757636731 7.651751872078013 13.139665472547717 False
2617 6740.15340432739 3146.595343385014 214.83417602024173 52.82697758600519 6729 6748 3140 3154 206.0 4.090134825891267 3.145478649202387 1.054204626931567 0.6392002549764879 -0.1880148309339061 1.066713257563043 0.0 60.81025703060865 4.054662 154.4632426828618 13.130223393865585 2.915298571099414 0.40407982880784044 8.097643889049511 198.01007345769756 20.9971465323379 4.447984652444604 11.722689166390577 20.640252419346083 False
2618 6806.014252520358 3145.1165256038676 214.8336039862545 52.82655107484234 6800 6815 3140 3152 137.0 4.423744151178399 2.0063031822689767 -42.625644302943705 0.8912407233890871 -0.30272774449027995 0.6502328127292618 0.0 15.391695446354724 3.2989147 47.157381010362286 12.153060175323292 3.2635384349632948 0.5178982969746377 6.6036697681803656 83.75105395309293 19.169537673782123 4.426295120224171 10.527369142613608 30.61819243221959 False
2619 694.8367056315338 3145.106109646634 214.888174106165 52.86537457447211 691 698 3141 3149 43.0 2.259219630330621 1.522390568072744 41.07872876180289 0.7388619484072072 -0.15846302033827592 0.5441765412472495 0.0 7.6706148731947525 1.7572616 28.652270074298123 6.373627685465942 2.867883092449865 0.40127908206289237 3.6996385101659595 49.61456339652743 10.179491043619661 3.074238655956772 5.787315216253578 9.06389958628455 False
2620 7385.922038780467 3142.197965118198 214.82846143630692 52.82284996055075 7385 7387 3141 3143 7.0 0.7437274799109147 0.5619996245483897 -41.45338432970042 0.65497259952315 0.018781969172275988 0.33188635485033413 0.0 1.5159696606377624 0.71235573 7.482675334423635 2.4564470954066175 3.1056168727772984 0.28474000083767914 1.4927053303604616 13.20399788784409 3.943467161375899 1.3427012995658512 2.4956203640637225 3.883316197604748 False
2621 7736.649970113655 3142.064509975632 214.82533448940865 52.82062021540551 7736 7738 3141 3143 8.0 0.780802963730397 0.6477101514887976 59.10771662448844 0.5584418584938734 0.15675999732300644 0.6114303398033226 0.0 2.9691492816067457 0.7989812 17.786014671130445 2.991615119914683 3.372066277255308 0.24374625437566103 1.5957691216057308 33.116498052132265 4.789562592947555 1.7772759667801896 3.3477043580075803 5.316478878609205 False
2622 8633.862857019269 3146.346144723446 214.81728814772038 52.814940744932294 8627 8640 3141 3152 123.0 2.7809626543486234 2.344399725827572 2.893707246278801 0.5378863939101357 -0.19169131474703371 0.6918031615071786 0.0 20.42637711875233 3.144655 30.99510290582122 6.879292276899085 2.1329529788812156 0.47240681695937337 6.257165172872317 36.227662326437866 11.015481126662477 2.1722797484286622 4.404538757393182 10.356981946093308 False
2623 804.7813244743506 3145.4294040784844 214.88718808827167 52.864678075721244 803 806 3144 3148 19.0 1.0800303183898463 1.048856433048888 51.95790286646104 0.2385260407185731 -0.03989698291446345 0.47191291099120436 0.0 4.182010135260506 1.178829 9.354558308864016 3.150000522520663 2.475431582937547 0.3619245742483245 2.4592453796829674 12.744182614490066 5.000851828096428 1.380973244129501 2.481277407710599 4.1146794065833925 False
2624 1650.4708564628693 3149.155399679001 214.8795916997457 52.85932704735543 1645 1655 3144 3155 106.0 2.5644725138341538 2.373271191977389 87.18597599063588 0.3788887135818091 -0.17905749388434195 1.371568969208579 0.0 55.661557941477604 3.3759239 72.68968909646856 5.7808081550465 1.6232272946593274 0.3582321106938473 5.808687281605183 77.7962518474642 9.229579556522959 2.0816362357478857 3.8305781475378446 6.129378189433104 False
2625 3716.230800752586 3161.0964831495457 214.86101405393944 52.8462694003641 3707 3727 3145 3175 419.0 7.266989697304317 3.596934087665136 63.925084616067 0.8689106755187743 -0.23341098115865735 1.2387673488680315 0.0 154.7539167240792 5.4866743 276.5946727454135 14.41645312090683 2.3721059254615677 0.3352667179439731 11.54867275105708 334.0747295846709 23.147394297137858 5.439495793956221 11.32112782641664 20.00100238842722 False
2626 6444.609567500163 3151.198917981137 214.83676447930222 52.82888052052011 6433 6455 3145 3157 183.0 5.830192801624061 2.0419101672651867 -14.647362604197257 0.936663620392896 -0.16975372104884817 1.1548379822515724 0.0 55.91609823983369 3.9059339 114.91825995545514 11.764804865264843 2.623270510666275 0.36893213968596394 7.632215220473915 158.90385979480857 18.796026761643787 4.822188659421404 8.781529807781187 15.9517998151016 False
2627 7745.601768636536 3146.6536992627057 214.82520638276512 52.820588057259336 7742 7749 3145 3149 30.0 1.7770706356538406 1.0306921462334093 -3.9457116559096823 0.8146200089072001 0.02188904795992692 0.8336153521892108 0.0 13.21072924634729 1.5456445 42.73668578459211 5.235722046849128 3.108995238462488 0.3175159289177137 3.0901936161855166 66.70512189409126 8.395503030424006 2.1502272363055144 5.202632371942003 8.28158534951755 False
2628 1974.3552962632295 3150.8842490926118 214.876679734849 52.85727919590788 1971 1978 3148 3154 45.0 1.7341449202282844 1.4626466538234077 -20.260122651416125 0.5372238727371893 0.218008222371573 1.935074489497612 0.0 35.655410204460864 2.172632 52.28622920065416 4.284961891995782 1.8910299472684735 0.32845829958931794 3.7846987830302403 54.02266901333904 6.9665798208465 1.4311313904163874 2.7980543331391377 4.496413239967255 False
2629 1757.6814713610922 3151.619869041637 214.87860786013567 52.858659393397005 1755 1760 3149 3154 31.0 1.5208033045535754 0.9532160655907074 -18.395353445862774 0.7791925860042598 -0.3043632478674388 0.3509162242358637 0.0 -0.22108792715955566 1.6278818 -1.3186238613524703 2.2023178869835394 1.4 -0.19135493888897903 3.141274657157109 -3.4961026029170137 3.5455036678574725 3.200333758958619 3.4892528480354454 3.739778133675146 False
2630 3441.249007996995 3152.922198697865 214.86355562049766 52.84797221125815 3437 3445 3149 3157 64.0 1.977331876591352 1.8995468518294896 -3.241093614632667 0.2777215225717469 0.014534815067594667 1.2012664919579052 0.0 34.370900024739996 2.113091 53.65693320254621 4.5980537480980255 2.019601557379695 0.30545220812419493 4.51351666838205 58.25388540924633 7.343178871350885 1.9542770409302948 3.5015917727612296 5.966283032440631 False
2631 8580.270942304502 3158.019361851003 214.81764325639529 52.81534429218609 8574 8584 3150 3165 112.0 4.431774080780646 1.7769379432803096 67.74750580548668 0.9160981485508303 -0.3561120714422901 0.7286724073254708 0.0 21.54065841913038 3.0146732 40.18027992553354 4.942386972537255 1.4 0.4465554041472154 5.970821321441846 33.37691316560702 7.9073419404386005 3.654103496700707 5.712333310340451 8.886299022398292 False
2632 1811.2262876362033 3172.2237464239774 214.8779127105005 52.858430449810584 1799 1824 3151 3190 752.0 8.571181903070519 4.45593460513935 -87.01793616292721 0.8542429549073367 -0.4925225151660632 1.6745314170457342 0.0 177.12283371909598 8.16179 187.59642172097438 11.428016407979321 1.4 0.5369748045176193 15.471555655790098 159.25397548973632 18.097684356950424 3.543331971700396 7.464577630988705 13.494693962138559 False
2633 3600.3415629628453 3158.6051957429468 214.8620751239858 52.84699218879513 3593 3609 3153 3163 149.0 3.895580074266705 2.2933507089268215 -4.148808480313953 0.8083473531309864 -0.1310027283712895 0.9380879883461984 0.0 48.310468643884946 3.2668781 89.37609518144059 7.877979429633777 2.2058176693901466 0.36321797970501013 6.886811529393324 89.78759553517801 12.582661768593635 3.269878071952501 6.643680512906015 10.62982715766408 False
2634 6616.61662942277 3155.2065618919305 214.83518763397072 52.8278090639888 6615 6618 3154 3156 11.0 1.026498234382518 0.7598726858037684 21.781788379802883 0.6723238140952559 0.19423080168132384 0.706636762033459 0.0 4.648571374311775 0.92273355 25.280285119731598 3.796819147427171 3.453693191715876 0.20555216620682054 1.8712051592547776 39.233360232977134 6.089964528296106 1.8864970943936017 3.8649387846700285 5.744014395637349 False
2635 2988.131146543988 3160.616264490744 214.86752145267243 52.850892152665196 2985 2991 3158 3163 27.0 1.5542140025945945 1.137274800562214 -8.230714115536996 0.681587844804761 0.022384092602006994 0.7795629132465368 0.0 10.5007605951416 1.3693144 22.31574690627078 3.898436060566336 2.510250056548447 0.2740706404391425 2.9316150714175193 37.12196392639534 6.281367213773225 1.5673159330440758 3.1670219659911956 5.5715550916867445 False
2636 6405.051955008128 3161.5263802810455 214.83700881418739 52.8291875714102 6401 6409 3158 3165 49.0 2.0458767419569175 1.9035023565628708 -23.265891481772453 0.36652270043045854 -0.23054162166767864 0.3106038090128094 0.0 3.1394099315461212 2.1481001 13.292689205307314 8.463140793303815 3.0962053578929005 0.4445525155959042 3.949327084834294 15.299760655300396 13.455936574444866 3.444592613446939 7.540475446147352 8.984138212597948 False
2637 2968.565605786301 3162.6163432978733 214.86767516427423 52.85102722804591 2965 2972 3159 3165 48.0 1.7364173972698829 1.6187152681727222 -5.76203841852734 0.3619035803436382 -0.0366793882597414 1.1789425760076184 0.0 22.464377040940644 1.8182161 35.21779258433146 4.240322711201842 2.156214416828638 0.31514701264448985 3.9088200952233594 46.48595687667252 6.822901274981835 1.5968820811136206 3.0759417095936232 5.2987567098630635 False
2638 6623.909695515217 3167.57013982328 214.83499253080294 52.827829367575056 6617 6633 3159 3180 212.0 5.308054041725088 2.435941738447724 49.311294281030264 0.8884805535523629 -0.3127433555347526 1.4369487088507256 0.0 55.927528474798436 4.145173 119.9602058396037 11.179167297074235 2.4847442633625225 0.4753734470511816 8.214724333230155 142.42096384708137 17.92987824183308 3.983777694270528 9.030616743696438 17.741512581158204 False
