outputs/dr0.5_c0.1/nircam6_f150w_dr0.5_c0.1.ecsv
# %ECSV 1.0
# ---
# datatype:
# - {name: label, datatype: int64}
# - {name: xcentroid, datatype: float64}
# - {name: ycentroid, datatype: float64}
# - {name: sky_centroid.ra, unit: deg, datatype: float64}
# - {name: sky_centroid.dec, unit: deg, datatype: float64}
# - {name: bbox_xmin, datatype: int64}
# - {name: bbox_xmax, datatype: int64}
# - {name: bbox_ymin, datatype: int64}
# - {name: bbox_ymax, datatype: int64}
# - {name: area, unit: pix2, datatype: float64}
# - {name: semimajor_sigma, unit: pix, datatype: float64}
# - {name: semiminor_sigma, unit: pix, datatype: float64}
# - {name: orientation, unit: deg, datatype: float64}
# - {name: eccentricity, datatype: float64}
# - {name: min_value, datatype: float64}
# - {name: max_value, datatype: float64}
# - {name: local_background, datatype: float64}
# - {name: segment_flux, datatype: float64}
# - {name: segment_fluxerr, datatype: float32}
# - {name: kron_flux, datatype: float64}
# - {name: kron_fluxerr, datatype: float64}
# - {name: kron_radius, unit: pix, datatype: float64}
# - {name: gini, datatype: float64}
# - {name: equivalent_radius, unit: pix, datatype: float64}
# - {name: kron4_2_flux, datatype: float64}
# - {name: kron4_2_fluxerr, datatype: float64}
# - {name: radius_kron20, unit: pix, datatype: float64}
# - {name: radius_kron50, unit: pix, datatype: float64}
# - {name: radius_kron80, unit: pix, datatype: float64}
# - {name: near_border, datatype: bool}
# meta:
#   PHOTMJSR: 2.251199960708618
#   PIXAR_SR: 2.11539874851881e-14
#   __serialized_columns__:
#     area:
#       __class__: astropy.units.quantity.Quantity
#       unit: !astropy.units.Unit {unit: pix2}
#       value: !astropy.table.SerializedColumn {name: area}
#     eccentricity:
#       __class__: astropy.units.quantity.Quantity
#       unit: !astropy.units.Unit {unit: ''}
#       value: !astropy.table.SerializedColumn {name: eccentricity}
#     equivalent_radius:
#       __class__: astropy.units.quantity.Quantity
#       unit: !astropy.units.Unit {unit: pix}
#       value: !astropy.table.SerializedColumn {name: equivalent_radius}
#     kron_radius:
#       __class__: astropy.units.quantity.Quantity
#       unit: &id001 !astropy.units.Unit {unit: pix}
#       value: !astropy.table.SerializedColumn {name: kron_radius}
#     orientation:
#       __class__: astropy.units.quantity.Quantity
#       unit: &id002 !astropy.units.Unit {unit: deg}
#       value: !astropy.table.SerializedColumn {name: orientation}
#     radius_kron20:
#       __class__: astropy.units.quantity.Quantity
#       unit: *id001
#       value: !astropy.table.SerializedColumn {name: radius_kron20}
#     radius_kron50:
#       __class__: astropy.units.quantity.Quantity
#       unit: *id001
#       value: !astropy.table.SerializedColumn {name: radius_kron50}
#     radius_kron80:
#       __class__: astropy.units.quantity.Quantity
#       unit: *id001
#       value: !astropy.table.SerializedColumn {name: radius_kron80}
#     semimajor_sigma:
#       __class__: astropy.units.quantity.Quantity
#       unit: !astropy.units.Unit {unit: pix}
#       value: !astropy.table.SerializedColumn {name: semimajor_sigma}
#     semiminor_sigma:
#       __class__: astropy.units.quantity.Quantity
#       unit: !astropy.units.Unit {unit: pix}
#       value: !astropy.table.SerializedColumn {name: semiminor_sigma}
#     sky_centroid:
#       __class__: astropy.coordinates.sky_coordinate.SkyCoord
#       dec: !astropy.table.SerializedColumn
#         __class__: astropy.coordinates.angles.Latitude
#         unit: *id002
#         value: !astropy.table.SerializedColumn {name: sky_centroid.dec}
#       frame: icrs
#       ra: !astropy.table.SerializedColumn
#         __class__: astropy.coordinates.angles.Longitude
#         unit: *id002
#         value: !astropy.table.SerializedColumn {name: sky_centroid.ra}
#         wrap_angle: !astropy.coordinates.Angle
#           unit: *id002
#           value: 360.0
#       representation_type: spherical
#   astropy version: '5.1'
#   make_catalog parameters:
#     ab_zpt: 31.4
#     coadd_bands: !!python/tuple [f277w, f356w]
#     deblend_contrast: 0.001
#     deblend_nlevels: 32
#     deblend_npixels: 1
#     detect_kernel_fwhm: 4.0
#     detect_kernel_npix: 7
#     detect_npixels: 4
#     detect_threshold_nsigma: 3.0
#     flag_isolated_buffer: 4
#     hst_bands: !!python/tuple [f606w, f814w, f125w, f140w, f160w]
#     jwst_bands: !!python/tuple [f115w, f150w, f200w, f277w, f356w, f410m, f444w]
#     near_border_kernelsize: 21
#     reference_band: f200w
#   make_catalog version: 1.4.0
#   photutils version: 1.5.0
# schema: astropy-2.0
label xcentroid ycentroid sky_centroid.ra sky_centroid.dec bbox_xmin bbox_xmax bbox_ymin bbox_ymax area semimajor_sigma semiminor_sigma orientation eccentricity min_value max_value local_background segment_flux segment_fluxerr kron_flux kron_fluxerr kron_radius gini equivalent_radius kron4_2_flux kron4_2_fluxerr radius_kron20 radius_kron50 radius_kron80 near_border
[from data line 4505]
4506 505.3963934365554 2055.4647230098526 214.9013288600258 52.860697794840796 494 517 2042 2072 490.0 5.874687646058465 3.785017184784893 -67.78501346872878 0.7647791678851592 -0.18184848575749754 3.8085079359853804 0.0 290.0517391329894 6.543886 344.66508902472066 10.002579088232784 1.6503731470577618 0.48846404783766756 12.488868813069399 360.52704569773994 15.890696806478148 2.9508898137982684 6.338425556306168 12.148209598757733 False
4507 517.0 2052.8317394280243 214.9012528332713 52.86060990449191 517 517 2051 2055 5.0 1.7294502091593007 0.28867513459481287 90.0 0.9859709020799337 -0.09025960310813125 0.2497246220232973 0.0 0.5979917215077662 0.6183567 8.62571259508956 3.5077809247708807 3.991563370644452 0.3293511382316681 1.2615662610100802 8.669925350386022 5.628685243565202 2.3471227295022676 13.77162310703015 14.706620894381818 False
4508 510.193671933515 2071.2283064586054 214.90112018988788 52.860752403379955 502 518 2065 2076 134.0 3.6022277510193885 2.375529126697499 14.984444428254964 0.7517386771403181 -0.20708719214360388 0.6721224297392265 0.0 27.47139884467211 3.2630315 60.81394803659309 9.16123320924598 2.487629669324581 0.416973280629831 6.530966601401967 85.57330769131393 14.824932044844426 3.3385955868134856 7.7592699594360495 13.926080314026171 False
4509 4271.311336127312 2073.424956641283 214.86749695328436 52.83687695264749 4253 4291 2058 2092 760.0 10.01017341052656 3.715208210278473 38.815418621675704 0.9285756264770708 -0.18783977274082603 3.925523764462138 0.0 524.9133716049905 8.440944 663.4614777509428 16.368976105970575 2.040078679077049 0.4720623414067156 15.553633450087505 756.9019489770087 26.138256972163003 5.2509269616890775 10.534201333565447 18.648742067185456 False
4510 4249.901321713515 2071.3221287959304 214.8677102288635 52.837001615076694 4248 4252 2070 2073 13.0 1.500820393231671 0.6190779125939264 -20.359288283091715 0.9109607684100132 0.1690434077183469 0.8266952330489267 0.0 6.832015613165046 1.0442095 41.749364051977864 4.352140760615339 3.538239103225214 0.24403676581856457 2.0342144725641096 66.73862904785497 7.1379111528650325 2.474361477865659 6.294204879810925 8.428857985835997 False
4511 4296.006419926202 2076.530427847248 214.86724380445267 52.836736829670784 4288 4303 2070 2084 159.0 3.9431208609663053 2.0991604666505297 -35.09027929472669 0.8465179597672803 -0.2416335428111882 1.7384638690333638 0.0 55.20253491130846 3.8927062 64.33076126163552 7.092820453545683 1.8293397783027174 0.47722854903984985 7.1141599576634995 95.0770631148329 11.352944125642022 2.4473774919650753 4.238286692607692 6.971798072422417 False
4512 3051.588522788561 2069.8247990213727 214.87842722026974 52.84460517669174 3044 3059 2060 2080 249.0 4.662099090460209 3.190964180270822 -78.0944237585687 0.72906172530494 0.015081544187452342 1.8353146814885142 0.0 177.99803038662472 4.722618 308.6371941536752 11.852705675725483 2.3834462237898384 0.29364542866977944 8.902761462589227 388.25827344386744 18.998043693537717 3.9312970646649026 7.813190133323893 14.941978726657334 False
4513 3039.9562072793683 2071.532634911791 214.8785131583066 52.844688273164415 3034 3045 2062 2079 170.0 4.0678900505796305 2.589072159365064 79.59922484903714 0.7713050730660316 -0.1797884392964698 1.1227418246916092 0.0 77.63257818149951 3.805568 192.4453673419797 11.516094017399022 2.77056307502214 0.3181810376022585 7.356132180109627 318.8470003813268 18.401352847497403 4.335386106680258 9.58486771870125 18.080616646247858 False
4514 6434.877614394387 2065.628539658997 214.84826733722866 52.8230895475979 6428 6443 2062 2072 131.0 3.774400720320857 2.3422267235009824 -8.797019908533604 0.7841621938026869 -0.14776437157660585 0.6769580257254064 0.0 34.245782229373596 3.150634 59.97551226727124 8.311790957067984 2.277208013992432 0.3352495232116863 6.457444935117649 63.49675436449976 13.25003786615853 3.1459594905684374 6.082746842809987 11.190490235631042 False
4515 6445.5571031275385 2066.173323194673 214.84816631609135 52.82302462941044 6443 6449 2063 2069 38.0 1.5362154940281239 1.4288732696545023 -23.932640194615637 0.3672417124195245 -0.10700606782450962 0.620491620727931 0.0 8.539985344134411 1.7084333 19.351823554331446 5.6796816512278046 3.157261122965221 0.38796055031627635 3.477898169151024 27.959714173085427 9.190006608505294 1.796514624841944 4.239814253545611 7.703941436764794 False
4516 6078.093595373019 2077.3214967696986 214.85132813526135 52.82541949948861 6070 6089 2069 2084 228.0 4.625079957059547 2.422671462573758 20.760900121360343 0.8518340196426014 -0.10906053907257869 2.985354210230325 0.0 177.8959237180569 4.8863444 266.59319827817427 10.28952336333693 2.2330461804397634 0.4714471730194114 8.51907589177983 353.87069710897384 16.354510588795513 3.097605776431596 6.084638937574582 12.808352095077861 False
4517 6063.19785558153 2094.016628367711 214.85128551551836 52.82560416516091 6030 6098 2067 2121 2477.0 12.499533576331535 9.153521755878014 26.335118526875874 0.6809724166125198 -0.2562358009701104 8.389097414390543 0.0 2599.7547366742083 15.870521 3000.9047932367594 24.268041950504657 1.683330566750236 0.4789574388146694 28.07941573603784 3237.56388527447 38.545766777799116 7.86699284862557 14.523359534813405 23.38927708194942 False
4518 6062.743140232065 2134.0049932797706 214.85086909481535 52.82582268027302 6035 6089 2113 2161 1704.0 9.759127225270428 8.153455925687227 -53.450848465036245 0.5495363847647756 -0.19894042477428878 7.127845752938629 0.0 2523.385738718102 12.725644 2921.8344159507196 19.17588061852601 1.7843038031828926 0.4823671646297039 23.28948359361322 3288.813647338079 31.50722558656128 7.4930071869273664 12.355580169585632 18.760315322115 False
4519 6048.862349260289 2152.151663345625 214.8508021522449 52.8260087241478 6030 6069 2132 2170 781.0 7.032669791939545 4.775346869473863 29.256035652057363 0.734116690766938 -0.17151214681515023 8.534631582162474 0.0 864.1799158214801 8.382217 1116.7916427963942 14.79508629993725 1.9692363895549647 0.5775189880852909 15.767054928221077 1317.2428476281125 23.267617728442207 4.402686225062988 7.889716400874866 15.504149342192836 False
4520 630.6040920767604 2130.5582544643985 214.89941993308207 52.860307985075785 582 679 2095 2165 4931.0 14.137071727732586 8.291741234383267 15.036908776207634 0.8099313670953644 -0.31028248086928994 47.16144864851964 0.0 10810.461149548824 22.63912 10759.471164228806 21.857643089401858 1.4 0.7158308215744528 39.618001574691675 11222.025887166834 32.486990887260745 4.916626046104256 10.326230606399028 20.707654267987316 False
4521 592.5597892336641 2110.419133083285 214.89997179044397 52.86044088384486 584 601 2100 2118 213.0 4.753827772422461 2.7272037065127215 -52.37078557804715 0.8190754240629344 -0.1286811880437421 1.1529785936330306 0.0 76.29222632723241 4.236521 198.11919274967494 12.84063153747182 2.839242645148941 0.3560556991096331 8.234075889688375 288.79014976103133 20.602414510075857 4.661806900526259 11.679663228027525 20.13168725066239 False
4522 7196.464589589707 2109.468971949825 214.84101149773312 52.81848672235915 7192 7200 2105 2114 60.0 2.248178170238303 1.8248189097332526 -73.43832747961054 0.584091457775368 -0.013827166940370379 0.7598780323089102 0.0 22.48916306103176 2.1310124 93.5261697508006 7.715969585222258 3.1662961325751833 0.27172905313096335 4.370193722368317 124.54730661115845 12.40660247399257 3.820755748938974 7.220091636759745 11.829962523887277 False
4523 7190.533671030792 2112.4766853088113 214.8410327827528 52.81854062517653 7187 7195 2109 2115 44.0 2.299515855252034 1.6335572802645573 20.53363449021977 0.7038063977825522 0.07408642978850266 0.6316849448548472 0.0 16.416638173336406 1.9279218 104.36420675579917 8.387737338365248 3.542009406793183 0.24090002876884253 3.742410318509555 124.78914846983228 13.34771318355562 4.386347474904099 8.981097900256998 12.791023027585434 False
4524 7509.28408100424 2109.1601391367867 214.83822421298086 52.81649725420478 7505 7515 2105 2113 89.0 1.7105458353692469 1.4344701646559463 4.609502606266734 0.5447419005019543 -0.2021120554015754 16.75223642171156 0.0 117.70799256685558 2.845068 120.89800995794059 3.1815710672570527 1.5467519303935273 0.6864007152937064 5.322553886092406 133.2574885756246 4.914636282091694 0.781217704256896 1.5032303956391915 3.0652085783184835 False
4525 7505.516362615531 2132.5723130321003 214.83801165627432 52.81664741325402 7480 7527 2113 2154 1459.0 8.02824305697428 6.240412245112435 -32.82134011271106 0.6291210544813275 -0.13438498630359877 18.89231231757503 0.0 3023.3816126702786 11.622681 3145.7147922133636 14.244414178747869 1.551254240724121 0.5929684153008995 21.550269695346056 3378.819933366799 21.810096693460498 4.463783308985762 8.342904471758759 13.8558100853651 False
4526 9205.028414144968 2109.1475524824273 214.8231017601594 52.80572048589849 9202 9209 2106 2112 39.0 2.0915535257254683 1.5469498689650634 0.1339069387571846 0.6730273072214702 0.040592068710903824 0.6046895744432893 0.0 11.85527029017861 1.8328956 113.69454650065487 8.436362990312622 3.5837187051038906 0.2714643316793817 3.523362819972964 193.55459211548572 13.380556031231729 5.0419725221840155 9.21296947913311 14.325223141554169 False
4527 9211.516485842852 2135.7031230350244 214.82276471718086 52.805822376905915 9187 9236 2109 2160 1863.0 9.632058188778267 8.100849987781121 48.49436207357382 0.5409884689253 -0.049480262122001316 11.712528749688206 0.0 3004.561316683621 13.795403 3481.992201526446 20.277158128903213 1.7039145931566586 0.4843331011430157 24.351823709127043 3721.8470878382477 31.54623135166575 5.708947155565205 11.732653225678563 21.075292772436327 False
4528 8788.348048615211 2119.1813936268936 214.82671151103628 52.80842281100211 8777 8797 2113 2125 184.0 4.128909886978456 1.9533932919656969 -0.7382102156263384 0.8810079508212943 -0.23487227129553143 3.3039534069854173 0.0 134.31834294216404 4.102665 175.8653415548855 7.441751326578202 2.0267421984204477 0.4883735656940923 7.653039857325812 189.14854966305552 11.7004657466852 2.3115625523388044 4.651673657633505 10.192947505235171 False
4529 8801.04694610063 2123.247842701486 214.82655552319736 52.80836402223828 8798 8803 2121 2125 27.0 1.261690550683086 1.2462188879172564 -29.647898310127268 0.15612468307544428 0.029359875416962982 1.126578550673739 0.0 11.654587700950604 1.5696559 29.833961690641036 4.857648861700465 2.942431905823733 0.3628251406850596 2.9316150714175193 29.701598366553 7.533631842916032 1.61882478844228 4.239477995249028 6.225375579940643 False
4530 375.0896682906896 2134.115542683594 214.90166642424902 52.861949672379595 362 394 2119 2148 607.0 6.383733994748821 5.678643963338873 35.9197514288982 0.4568398407851304 -0.13482656437140556 5.859273961220406 0.0 602.5921799699863 7.4557447 891.9342616320477 16.413282402590518 2.114851083318195 0.5039944005277922 13.900147514093545 989.1080944328635 26.022526386948385 5.651591538351751 9.721666893265526 17.41567036395601 False
4531 387.87180948664485 2144.7202985039203 214.90144063189825 52.861925738526075 374 403 2128 2160 458.0 5.563178925069553 4.392198816778784 -45.65089976003851 0.6137345923158455 -0.12447962301337344 3.192981501988352 0.0 437.35269060978055 6.4657316 512.4346191270856 10.110353456528202 1.9687286366202246 0.4411179420525142 12.074184356393443 652.3591990249412 18.19666196559891 3.7300744925561102 6.708532664754913 11.543378991613697 False
4532 404.67194046728105 2149.610974091664 214.90123902223425 52.86184545375093 397 416 2140 2160 228.0 5.810874586135467 2.293445680101193 34.67638166505712 0.9188179254577008 -0.17650744533626284 3.1203204689694033 0.0 147.89053954163978 4.4196763 213.57982293349824 9.58952237374328 2.068871272429746 0.4586868359628895 8.51907589177983 270.1680985147352 15.28809354100195 4.0144075356178215 6.909411084415824 11.350440544479504 False
4533 396.1870224667706 2156.401220418052 214.9012434497819 52.861935976234214 385 409 2150 2165 237.0 3.520237200074434 2.8474867815932368 -33.990159380016394 0.5879591796357048 -0.15371286658277117 10.225264945682035 0.0 255.41548496916909 4.5923653 324.37928543483883 7.791814839500729 2.0227016680875485 0.5615765441513734 8.685588237163813 380.55876588170196 12.620968275322252 1.9021704771350005 4.445765794716735 8.636788927887672 False
4534 10064.68457194515 2169.596495683507 214.81480272053886 52.8005822750619 10020 10113 2124 2215 6186.0 15.078703722536538 11.816955187118706 50.551483309287676 0.621158345166168 -0.13017027015420932 46.35267706802028 0.0 26299.71361371268 28.29904 26524.447743594596 29.308611762463475 1.4 0.6427307366182102 44.37414738260251 27798.71963377163 41.93128213229698 8.148040991941345 14.986120052899262 24.458844873627985 False
4535 10115.189746358381 2183.8366888082905 214.81420283334523 52.8003379864635 10111 10119 2177 2191 101.0 4.123485312925821 1.897877821404507 -84.09205524674715 0.8877838592336625 0.028740568009699877 1.9122395794928997 0.0 45.441028813587465 2.935087 305.99283530045426 12.641754237656308 3.5266518815898733 0.33142376498545106 5.670035141386943 503.9978820135666 20.022340697643514 7.307995621026241 14.936497725793402 21.56791127857494 False
4536 1781.6833553408458 2147.201817687853 214.88895813578745 52.85308800974195 1777 1786 2143 2150 59.0 1.8254921441500669 1.6857991620209805 -61.7681306606254 0.38365490640481054 -0.30460333222257946 0.7916097617589 0.0 11.671108545375729 2.2190454 45.90374314495667 6.954825877420181 3.1119376261289804 0.4438735740504917 4.3336224206596095 58.779813132154516 11.192897964672179 3.005740908706601 9.203477816068713 12.299351800704013 False
4537 1785.0942686399399 2158.82014218667 214.88880546951512 52.85312903515202 1774 1799 2148 2168 350.0 5.425645131490595 4.001664739175709 24.15521792370391 0.6752965186591633 -0.19013949908170197 1.3880462527745514 0.0 112.53379438308755 5.566806 165.29135386040014 12.927814996235758 2.152893426733946 0.3936312112919284 10.55502061411188 194.77364268356058 20.5261558020621 3.8050227079398486 8.239454571257319 13.766631398739545 False
4538 3280.3260632677907 2171.0448949735196 214.87531979079472 52.84369834134664 3269 3295 2161 2179 329.0 5.478671802187364 3.818975214098019 -28.925952691518006 0.7170106274077815 -0.2194271211748806 1.976182121425369 0.0 139.73237911711655 5.474879 431.84709208329815 17.843743728542997 2.9897743450654097 0.368319044021021 10.233472165128859 692.9804526191972 28.524790664870746 6.880523005948117 17.13652262635277 28.94311429371738 False
4539 3237.6753650815476 2191.549363726087 214.87548508105465 52.844079858164335 3228 3248 2185 2201 217.0 4.771473780334368 2.7603456385218754 25.225615158423327 0.8156752399106275 -0.25776888831777367 0.8326600745915952 0.0 55.64675419421026 4.443581 151.83459744581427 13.07306648536014 2.7844418272231795 0.3992347186701718 8.311031542587394 301.00454399441196 20.762172401888392 5.199124288216421 11.211960602466696 16.813155987784555 False
4540 3268.3810516946855 2198.255659518243 214.87514031467074 52.84392099814036 3242 3281 2180 2217 745.0 7.905138439631461 5.420016154325463 -32.78390990274737 0.727948289890492 -0.2505419599880697 4.008370645085659 0.0 580.1184886952117 8.205623 877.5687309903169 15.362794872358052 2.292567301248308 0.45047707639326784 15.399378727952763 1327.7461983524704 28.80530097557212 6.151573061439054 10.970411018043439 21.447264121851767 False
4541 3314.871621586857 2203.3436042193775 214.87467159371056 52.84365314421585 3283 3347 2166 2229 2323.0 13.383095655508352 10.394351608442507 45.78101596071288 0.6298982380262448 -0.18746507270602442 7.23656730442957 0.0 3124.397322371628 15.407679 4327.929351208066 31.853014512545514 2.060656105788565 0.42188308192250257 27.192533269354396 5424.946256947946 55.982077268266686 10.644950330032497 18.391069643787876 29.89624269471137 False
