outputs/dr0.5_c0.1/nircam1_matched_f277w_f140w_dr0.5_c0.1.ecsv
# %ECSV 1.0
# ---
# datatype:
# - {name: label, datatype: int64}
# - {name: xcentroid, datatype: float64}
# - {name: ycentroid, datatype: float64}
# - {name: sky_centroid.ra, unit: deg, datatype: float64}
# - {name: sky_centroid.dec, unit: deg, datatype: float64}
# - {name: bbox_xmin, datatype: int64}
# - {name: bbox_xmax, datatype: int64}
# - {name: bbox_ymin, datatype: int64}
# - {name: bbox_ymax, datatype: int64}
# - {name: area, unit: pix2, datatype: float64}
# - {name: semimajor_sigma, unit: pix, datatype: float64}
# - {name: semiminor_sigma, unit: pix, datatype: float64}
# - {name: orientation, unit: deg, datatype: float64}
# - {name: eccentricity, datatype: float64}
# - {name: min_value, datatype: float64}
# - {name: max_value, datatype: float64}
# - {name: local_background, datatype: float64}
# - {name: segment_flux, datatype: float64}
# - {name: segment_fluxerr, datatype: float32}
# - {name: kron_flux, datatype: float64}
# - {name: kron_fluxerr, datatype: float64}
# - {name: kron_radius, unit: pix, datatype: float64}
# - {name: gini, datatype: float64}
# - {name: equivalent_radius, unit: pix, datatype: float64}
# - {name: kron4_2_flux, datatype: float64}
# - {name: kron4_2_fluxerr, datatype: float64}
# - {name: kron4_2_mag, datatype: float64}
# meta:
#   PHOTMJSR: 2.962800025939941
#   PIXAR_SR: 2.11539874851881e-14
#   __serialized_columns__:
#     area:
#       __class__: astropy.units.quantity.Quantity
#       unit: !astropy.units.Unit {unit: pix2}
#       value: !astropy.table.SerializedColumn {name: area}
#     eccentricity:
#       __class__: astropy.units.quantity.Quantity
#       unit: !astropy.units.Unit {unit: ''}
#       value: !astropy.table.SerializedColumn {name: eccentricity}
#     equivalent_radius:
#       __class__: astropy.units.quantity.Quantity
#       unit: !astropy.units.Unit {unit: pix}
#       value: !astropy.table.SerializedColumn {name: equivalent_radius}
#     kron_radius:
#       __class__: astropy.units.quantity.Quantity
#       unit: !astropy.units.Unit {unit: pix}
#       value: !astropy.table.SerializedColumn {name: kron_radius}
#     orientation:
#       __class__: astropy.units.quantity.Quantity
#       unit: &id001 !astropy.units.Unit {unit: deg}
#       value: !astropy.table.SerializedColumn {name: orientation}
#     semimajor_sigma:
#       __class__: astropy.units.quantity.Quantity
#       unit: !astropy.units.Unit {unit: pix}
#       value: !astropy.table.SerializedColumn {name: semimajor_sigma}
#     semiminor_sigma:
#       __class__: astropy.units.quantity.Quantity
#       unit: !astropy.units.Unit {unit: pix}
#       value: !astropy.table.SerializedColumn {name: semiminor_sigma}
#     sky_centroid:
#       __class__: astropy.coordinates.sky_coordinate.SkyCoord
#       dec: !astropy.table.SerializedColumn
#         __class__: astropy.coordinates.angles.Latitude
#         unit: *id001
#         value: !astropy.table.SerializedColumn {name: sky_centroid.dec}
#       frame: icrs
#       ra: !astropy.table.SerializedColumn
#         __class__: astropy.coordinates.angles.Longitude
#         unit: *id001
#         value: !astropy.table.SerializedColumn {name: sky_centroid.ra}
#         wrap_angle: !astropy.coordinates.Angle
#           unit: *id001
#           value: 360.0
#       representation_type: spherical
#   astropy version: '5.1'
#   kernelfile: kernel_f277w_f140w.fits
#   make_catalog parameters:
#     ab_zpt: 31.4
#     coadd_bands: !!python/tuple [f277w, f356w]
#     deblend_contrast: 0.001
#     deblend_nlevels: 32
#     deblend_npixels: 1
#     detect_kernel_fwhm: 4.0
#     detect_kernel_npix: 7
#     detect_npixels: 4
#     detect_threshold_nsigma: 3.0
#     flag_isolated_buffer: 4
#     hst_bands: !!python/tuple [f606w, f814w, f125w, f140w, f160w]
#     jwst_bands: !!python/tuple [f115w, f150w, f200w, f277w, f356w, f410m, f444w]
#     near_border_kernelsize: 21
#     reference_band: f200w
#   make_catalog version: 1.4.0
#   photutils version: 1.5.0
# schema: astropy-2.0
label xcentroid ycentroid sky_centroid.ra sky_centroid.dec bbox_xmin bbox_xmax bbox_ymin bbox_ymax area semimajor_sigma semiminor_sigma orientation eccentricity min_value max_value local_background segment_flux segment_fluxerr kron_flux kron_fluxerr kron_radius gini equivalent_radius kron4_2_flux kron4_2_fluxerr kron4_2_mag
[from data line 243]
244 3732.9007258825113 437.41596747631706 215.01812858926715 52.9769381419861 3732 3734 436 439 11.0 1.083100621852903 0.7592745560822342 -74.28883393362689 0.7131421951148942 0.16786200888129077 0.19580712526032118 0.0 2.0372206317715444 3.6536858 22.294272698095124 16.30898101671351 3.6943439969049274 0.03260524122697079 1.8712051592547776 34.94933503189727 26.304051666477573 27.541402707501398
245 8954.075932831167 446.06582430390546 214.97118941701322 52.943868198667225 8944 8965 436 457 350.0 4.901403445067522 4.360339405660783 51.589572581982466 0.4567202239371195 0.2577864222989097 1.2647266608001657 0.0 211.57036550434583 25.140526 383.27953762943235 65.5368917405752 2.3615871788262903 0.2372931057888651 10.55502061411188 408.34947377595586 105.2777388547748 24.872419999333705
246 375.79493999135116 437.4035727443331 215.04828887763696 52.99822157651713 375 377 437 438 5.0 0.7684973796934441 0.44873730779396054 -18.536357055142744 0.8118146519573467 0.15792186281967274 0.16555127118510918 0.0 0.8135244765905774 2135428400000.0 11.922618353188959 9821385984689.588 3.9522147168927697 0.011424853348256745 1.2615662610100802 22.315205373166094 15714217575503.34 28.02849777967432
247 1157.5016563703869 437.5101935835341 215.04126227491435 52.993266948961676 1157 1158 437 438 4.0 0.5000928412686135 0.49980045758658487 34.87736036460749 0.03419028780719313 0.16912319437703913 0.17732902426106 0.0 0.6924777884098451 1909985200000.0 9.788952493977064 8655337133278.412 4.091149796284383 0.01469569163678584 1.1283791670955126 17.217195440958882 13848539413245.459 28.310093976531185
248 2300.451721633898 441.5452711931233 215.0309505667263 52.98604290845063 2296 2305 437 446 74.0 2.421638208215674 2.1358004565552626 -60.26468697010884 0.47131466121565446 0.2026184075225038 0.4135460445556449 0.0 21.367230532223854 11.98055 57.145539909054605 38.35417137520145 2.7573417573572088 0.12615861191621464 4.853342309955121 59.28800572914754 61.21870635026274 26.96758289443583
249 10110.960931715255 442.8543717485758 214.96085251684565 52.93651048555423 10106 10116 437 449 98.0 3.2977698696338535 2.162963123476911 -59.26896686475794 0.7548594211010999 0.20097541004611982 0.34632512211767563 0.0 26.029440645613516 10.060315 107.66242245868195 37.733232645285696 3.109135397201602 0.09092898986159972 5.585191925620057 185.4137199857787 61.13603507467463 25.729645331713225
250 4170.022150735584 441.01617610145996 215.0141657669514 52.97418576190041 4169 4171 439 443 11.0 1.1088063221560205 0.7375646447943616 -89.98300936611525 0.7466759288251845 0.16859974124299135 0.1964287283246349 0.0 2.025270511120187 6.223829 15.581389083430864 25.04694624435117 3.5229298079018943 0.031372549139199415 1.8712051592547776 17.67917739559728 38.570136968707025 28.281344865963494
251 8472.808185805372 446.57870467012697 214.97549929877985 52.94692431674156 8467 8479 439 456 153.0 3.9292845734742814 2.4913509587796923 59.99487541160928 0.7732945403029173 0.20531657375727738 0.8718550766435701 0.0 70.66409063027535 17.237202 133.3230444196236 46.444503395526 2.3724114356579604 0.21261741681232005 6.978639737521917 154.3183550491822 73.99125391222519 25.928956036713803
252 3907.8211230999195 442.0058830645028 215.01650958474428 52.97585378097921 3906 3909 441 443 10.0 0.9615979679912889 0.7717714087234385 0.4624439429101307 0.5965275568148949 0.14822300345183653 0.17817613363802193 0.0 1.6470353360244356 4.2836547 11.876355948876405 18.76468218677871 3.508634380362218 0.029148621811463212 1.7841241161527712 15.54157261198969 30.010449563136866 28.421262595408898
253 6423.738139206011 442.52070041158726 214.99392179331255 52.959900706767584 6422 6425 441 444 14.0 1.0386366771383977 1.01386394240779 87.81359170561902 0.21710257266335137 0.18280225286133617 0.22175828370070405 0.0 2.8138591626237384 6.464883 20.321999912594922 24.64671247263366 3.484993518278052 0.03703272490617257 2.111004122822376 24.23366261323979 39.06065731761911 27.93895235688593
254 2599.540928882509 445.4633268221092 215.02822260556968 52.98416783805775 2595 2604 442 449 65.0 2.6261429112098615 1.7887335442749794 30.10523102880465 0.7321664570618662 0.18328118660918458 0.33789477850232547 0.0 16.96439679045851 10.939723 46.66629517685458 35.72359930688242 2.7038687760401494 0.09425382955118183 4.54864184146723 50.45435096103734 56.65764231882296 27.1427534404214
255 4335.902778837567 451.9629340077877 215.01256118136516 52.97319303947327 4331 4340 445 458 98.0 3.5962341045942314 1.9493885631927796 -62.537018480288914 0.840337292252611 0.16124356041191432 0.39359553763496274 0.0 26.349247860030932 13.307267 62.57602181162357 41.23482532848254 2.5465391810692686 0.126463189270483 5.585191925620057 70.6385923159111 65.37909200741655 26.777394909884382
256 9940.937422439116 446.65564538173925 214.96233642478518 52.93760986556456 9940 9942 445 448 11.0 1.0704771667886879 0.7667573759911288 75.1988704586257 0.69781682887133 0.1981707296191868 0.23435206045446808 0.0 2.4472679371256127 4.3587723 34.237504469047636 20.000504900934864 3.745670877286351 0.028887166014532423 1.8712051592547776 80.53370409719898 32.23737007412201 26.635055813364843
257 7484.79354413463 451.77415173066606 214.98430552029868 52.953220242958736 7478 7491 446 458 144.0 3.347578329838488 2.771381911803031 37.77872950237689 0.5609102094158914 0.22301142702737883 0.7763584775967947 0.0 62.88847223632587 16.541609 170.07002673095224 53.878301977053255 2.8695667647372125 0.19560856545916386 6.770275002573076 239.65816017748222 86.6771329491783 25.451019447561794
258 3630.004628360907 449.95976549261303 215.0189204675598 52.9776584254716 3629 3631 449 451 9.0 0.8142162793887107 0.808087092740235 -48.14215313420847 0.12246942463017291 0.1403288286778589 0.16622501390900668 0.0 1.3819371209349502 3.5429955 12.8079356313655 14.652521435922704 3.563214517562142 0.03535734560771217 1.692568750643269 16.13892544407807 23.17600292426931 28.380313461711914
259 3843.1333919778936 453.86152111392363 215.0169655781331 52.97632807304341 3842 3844 453 455 8.0 0.8524461001242915 0.6858563907316731 44.410906769616496 0.5938517336845248 0.16449621283778726 0.18321978874302627 0.0 1.3912481838886075 3.732377 12.164126278194711 16.3832663274578 3.6659244432932585 0.025546721012052753 1.5957691216057308 14.620320337246255 26.560794329952174 28.487607779256905
260 7830.909284199994 461.12967897263843 214.98110261343888 52.951075153420796 7816 7849 453 469 400.0 7.453984549468615 3.171316312004189 -15.316983111586808 0.9049807599599328 0.27211041647332135 1.6113812662422526 0.0 303.5030527562908 27.13808 424.2817412685165 57.57823450109037 1.9235332288386486 0.26586169117709474 11.283791670955125 424.67476964929 92.68484991982156 24.829858850275706
261 6723.114017020245 463.21070266707557 214.99101790263776 52.95811360883374 6719 6727 454 472 136.0 4.193544361477992 2.154273470135476 89.42095720514378 0.8579627764794692 0.20902725861373925 0.6914678212698593 0.0 56.31660347621953 24.612309 101.29095143803409 59.28500702741673 2.228573611386462 0.17286509232821146 6.579524642479541 121.64980488659688 104.28649746705592 26.187221458237392
262 8267.92153247205 472.8961012980002 214.97705950025767 52.94836635039957 8252 8283 455 492 787.0 7.267525566904023 5.332635111249527 63.82434737031731 0.6794064484167951 0.2475216205370583 3.4621056263505783 0.0 773.4637645888945 38.877106 915.2365184041871 63.68296345983444 1.6617764477203512 0.39420430998544564 15.827503922812443 946.3013546593493 101.93098499843748 23.959926345506467
263 3389.162097632532 469.2829638819128 215.02087977487255 52.979290054086526 3381 3398 456 482 311.0 6.4512693044903955 3.1659590878429635 -68.14256280033189 0.8713005444925698 0.211065309448742 0.7070374345007822 0.0 128.36068554256593 16.69057 272.89098869126906 49.77306486947506 2.555258205906387 0.1818351040510364 9.949591680222808 370.2642986761978 81.24928077526062 24.978720402805095
264 3724.0561882811335 457.0285546961334 215.01800147124627 52.97710026926515 3723 3725 456 458 7.0 0.9131555172431172 0.5350171639843749 45.25069462739017 0.8103838773607333 0.13280411146777552 0.16831242644837668 0.0 1.0727581781826505 3.1740043 9.977075702349957 13.610774827920473 3.6489768047319378 0.051083646372952735 1.4927053303604616 15.910578788499276 21.622312531971488 28.395785053699488
265 7858.489215523487 461.43381674343493 214.98085205328258 52.950901835195786 7857 7861 460 463 13.0 1.2185281714971816 0.9021480912299303 13.903268806440582 0.6722118736033278 0.18151450432628555 0.21650131550644994 0.0 2.637233758482058 4.933569 39.726046571556125 24.050754385648027 3.7752278520147113 0.03313974643833089 2.0342144725641096 63.01483770609593 39.02044105489389 26.901392944811846
266 1466.9892967568278 468.0385554956991 215.03815972159722 52.99147012451337 1462 1472 463 473 87.0 2.6647057105560714 2.203754357624544 -52.94208211801509 0.5621783292304304 0.22362399541740932 0.6023685204144428 0.0 33.12630796468188 8907579000000.0 61.33009526480663 22363116629288.453 2.180776440081105 0.15869184767773142 5.262410103554244 56.72558273221104 35780986606861.53 27.01555258496791
267 7027.773280169364 464.8389725496128 214.98826756678676 52.956189910245406 7025 7030 463 467 23.0 1.442569168894893 1.2033887485199808 31.85405468014658 0.5514645918380121 0.1590176452247073 0.20862242279152593 0.0 4.228030879849901 4270856600000.0 23.439650964544967 14424318443555.633 3.3358710193182413 0.04631791665666201 2.7057581899030048 28.230306030981872 20187164298839.703 27.77321103463214
268 7371.725030330971 465.5950872277317 214.9851742025752 52.954012183684135 7369 7374 463 468 30.0 1.5386742486889566 1.430249099602311 89.12731866247442 0.3687379365685453 0.21743615838668992 0.36556622431614877 0.0 8.813875274945113 9.835333 34.48564249413421 36.74600478707551 3.060066786832266 0.0818992383134917 3.0901936161855166 42.28200247471878 57.73631834644078 27.33461113175078
269 3195.303389306458 472.70301309361867 215.02258474653766 52.98053774890216 3187 3205 464 484 280.0 4.483594019536949 3.334731382089059 -60.919291221763 0.6684434048244551 0.24275355288925535 2.6898494409142346 0.0 272.24750317077405 16.762915 355.82925116098886 33.848075489471654 1.945161779887678 0.34176777830177524 9.440697438826296 421.4929056991628 55.59303445534005 24.838024326866396
270 8785.11945443749 467.9924031835976 214.97247343341675 52.945058609154124 8781 8789 464 472 58.0 2.124897583777956 1.8848731844200617 35.28366573051371 0.46168893458651944 0.1703172690612345 0.41644831414466976 0.0 16.46767738042743 10.126775 33.57744685931212 27.85933529357668 2.3296408215445545 0.13810282794877152 4.296739856991561 34.86277881162205 45.32179875496844 27.544094998712204
271 2347.550498122911 470.4388614187611 215.03022317312974 52.98590055841222 2343 2353 466 474 69.0 2.701146972907866 1.850190296343619 29.103025896866882 0.7285762655831943 0.18499003115691767 0.35749237304883325 0.0 18.961918348377196 11.134213 49.943654918294584 35.684922374699866 2.659872753491398 0.09425184585154976 4.686510657907603 51.68436685201705 57.38602105349806 27.116601998967525
272 6844.645535569186 468.35077985836267 214.9898734540355 52.95737050356705 6843 6846 466 470 14.0 1.301845542546128 0.8292260880162398 -60.9413840535443 0.7708952340532322 0.17106669729548435 0.20215100302942168 0.0 2.6003347015161897 7.265291 20.201529341414783 32.893692130692536 3.558341587953714 0.03187939018131453 2.111004122822376 25.23446487510948 56.293330469085234 27.895014751325263
273 3245.207378737961 475.4568193085603 215.0221075631099 52.980236215263645 3240 3251 467 484 163.0 4.204352214120153 2.590477485264424 -75.55170539496184 0.78763518293823 0.21812496561364506 0.6646403797186515 0.0 67.78402076398042 12.506896 131.16293345953395 34.72381228670925 2.414607185821467 0.16757054583883618 7.203090409536582 174.84241645195635 55.177678276998 25.793382999672126
274 6297.585370475627 467.7943787406883 214.99478759171564 52.96083746781397 6297 6298 467 469 5.0 0.766691961305773 0.44913409809867616 70.98399197832263 0.8104500428379953 0.15262868538980198 0.1675088463235556 0.0 0.7960087108585435 3.310959 10.197212904510977 15.37853258639479 3.900113991759076 0.02420517270394131 1.2615662610100802 16.95161153950449 24.465065157421897 28.326972521020206
275 1080.2418826684384 480.0258173048527 215.04150878888814 52.99398668207373 1072 1090 471 488 226.0 5.15150953451718 2.7853778216460143 -39.14533784296148 0.8412209085534155 0.2331788422677149 1.2207152454419319 0.0 138.5338832372977 14356686000000.0 214.81729086434052 34037441247572.27 2.1234039961136375 0.22724105164799432 8.481629223064205 233.15129985172808 54459905996115.625 25.480905397372755
276 2180.8594660821786 481.19269756588045 215.03160737178294 52.98701553887673 2170 2191 471 491 346.0 5.196818713349004 4.221585429738284 43.48054201880251 0.5831836656531597 0.21383750746112515 0.8771178931713808 0.0 157.85659535870093 25.923992 250.99297043139222 58.171906234673735 2.0047741246561506 0.21004292073695602 10.49453289192004 246.35048080332263 93.7749583781329 25.42111646443446
277 3621.5878580016456 478.8346355306549 215.01869196786524 52.977867922339136 3617 3626 474 484 81.0 2.6635439181651113 2.0777772333850644 -49.93589324345825 0.6256798349500613 0.17953305541800507 0.4708975157667027 0.0 25.648186274426692 10.418256 50.99080055170232 28.75352257943991 2.3187585900278473 0.14597718721867065 5.077706251929807 50.754750251075706 46.11840293745257 27.136308262291255
278 795.8761096813341 482.4931947611023 215.04403836640716 52.995802653690184 791 801 478 487 89.0 2.6034131984037834 2.2851492747514173 25.482649608121466 0.47911656766606175 0.24428039251741565 0.6283375502144521 0.0 35.49280135127721 9009383000000.0 70.55407748424145 24657985533894.703 2.3889870248774634 0.16026744687511063 5.322553886092406 69.9919944436704 39452776854231.52 26.787379077384507
279 3983.020829811343 481.0534549866899 215.01542316275683 52.97558804936684 3981 3985 479 483 21.0 1.2554566593172654 1.2483827385163786 -67.65884204484811 0.10600628290594596 0.16488432611428494 0.2147851829470322 0.0 4.030395552476542 6.3516774 22.583733079516357 25.049168155195062 3.3704034888306613 0.044309181331066295 2.5854414729132054 22.219445380030415 40.460973135221394 28.03316696423028
280 2495.7712484470926 502.849438563657 215.028550374062 52.98513609455772 2466 2527 480 524 2102.0 9.705197264558835 6.14941787878992 8.829080806586692 0.7736435141400503 0.19354956287319863 19.60286537327718 0.0 5113.783785938595 61.894855 5200.414789041439 68.37985210586343 1.4736309551781417 0.6474341991739798 25.866723425249052 5545.9542295153215 109.87468561142272 22.040059297385362
281 7346.995634593999 481.478547671364 214.98522878187507 52.95425488921815 7346 7348 480 483 12.0 1.1060856129010375 0.8105943644403758 88.68333005480176 0.6803907036030489 0.1757942546205597 0.20361253312417282 0.0 2.2926715420985175 6.8265376 23.334956169434136 31.537245789825743 3.6477947602740803 0.02526679695407501 1.9544100476116797 34.39676321230678 51.62729438201521 27.558706058191255
282 1390.9928192701132 482.71688099975023 215.03868800469365 52.992031290746226 1390 1392 482 484 7.0 0.7523695104873799 0.6943944779042605 0.7886817277946874 0.3849356712211118 0.15285645211653368 0.16646716599624248 0.0 1.1116174258104836 2526673000000.0 10.945851067890999 11242319712325.9 3.675549237376283 0.017739528914206153 1.4927053303604616 17.040766697104164 17987711539721.44 28.321277173449268
