outputs/dr0.5_c0.1/nircam3_f200w_dr0.5_c0.1.ecsv
# %ECSV 1.0
# ---
# datatype:
# - {name: label, datatype: int64}
# - {name: xcentroid, datatype: float64}
# - {name: ycentroid, datatype: float64}
# - {name: sky_centroid.ra, unit: deg, datatype: float64}
# - {name: sky_centroid.dec, unit: deg, datatype: float64}
# - {name: bbox_xmin, datatype: int64}
# - {name: bbox_xmax, datatype: int64}
# - {name: bbox_ymin, datatype: int64}
# - {name: bbox_ymax, datatype: int64}
# - {name: area, unit: pix2, datatype: float64}
# - {name: semimajor_sigma, unit: pix, datatype: float64}
# - {name: semiminor_sigma, unit: pix, datatype: float64}
# - {name: orientation, unit: deg, datatype: float64}
# - {name: eccentricity, datatype: float64}
# - {name: min_value, datatype: float64}
# - {name: max_value, datatype: float64}
# - {name: local_background, datatype: float64}
# - {name: segment_flux, datatype: float64}
# - {name: segment_fluxerr, datatype: float32}
# - {name: kron_flux, datatype: float64}
# - {name: kron_fluxerr, datatype: float64}
# - {name: kron_radius, unit: pix, datatype: float64}
# - {name: gini, datatype: float64}
# - {name: equivalent_radius, unit: pix, datatype: float64}
# - {name: kron4_2_flux, datatype: float64}
# - {name: kron4_2_fluxerr, datatype: float64}
# - {name: radius_kron20, unit: pix, datatype: float64}
# - {name: radius_kron50, unit: pix, datatype: float64}
# - {name: radius_kron80, unit: pix, datatype: float64}
# - {name: near_border, datatype: bool}
# meta:
#   PHOTMJSR: 1.891700029373169
#   PIXAR_SR: 2.11539874851881e-14
#   __serialized_columns__:
#     area:
#       __class__: astropy.units.quantity.Quantity
#       unit: !astropy.units.Unit {unit: pix2}
#       value: !astropy.table.SerializedColumn {name: area}
#     eccentricity:
#       __class__: astropy.units.quantity.Quantity
#       unit: !astropy.units.Unit {unit: ''}
#       value: !astropy.table.SerializedColumn {name: eccentricity}
#     equivalent_radius:
#       __class__: astropy.units.quantity.Quantity
#       unit: !astropy.units.Unit {unit: pix}
#       value: !astropy.table.SerializedColumn {name: equivalent_radius}
#     kron_radius:
#       __class__: astropy.units.quantity.Quantity
#       unit: &id001 !astropy.units.Unit {unit: pix}
#       value: !astropy.table.SerializedColumn {name: kron_radius}
#     orientation:
#       __class__: astropy.units.quantity.Quantity
#       unit: &id002 !astropy.units.Unit {unit: deg}
#       value: !astropy.table.SerializedColumn {name: orientation}
#     radius_kron20:
#       __class__: astropy.units.quantity.Quantity
#       unit: *id001
#       value: !astropy.table.SerializedColumn {name: radius_kron20}
#     radius_kron50:
#       __class__: astropy.units.quantity.Quantity
#       unit: *id001
#       value: !astropy.table.SerializedColumn {name: radius_kron50}
#     radius_kron80:
#       __class__: astropy.units.quantity.Quantity
#       unit: *id001
#       value: !astropy.table.SerializedColumn {name: radius_kron80}
#     semimajor_sigma:
#       __class__: astropy.units.quantity.Quantity
#       unit: !astropy.units.Unit {unit: pix}
#       value: !astropy.table.SerializedColumn {name: semimajor_sigma}
#     semiminor_sigma:
#       __class__: astropy.units.quantity.Quantity
#       unit: !astropy.units.Unit {unit: pix}
#       value: !astropy.table.SerializedColumn {name: semiminor_sigma}
#     sky_centroid:
#       __class__: astropy.coordinates.sky_coordinate.SkyCoord
#       dec: !astropy.table.SerializedColumn
#         __class__: astropy.coordinates.angles.Latitude
#         unit: *id002
#         value: !astropy.table.SerializedColumn {name: sky_centroid.dec}
#       frame: icrs
#       ra: !astropy.table.SerializedColumn
#         __class__: astropy.coordinates.angles.Longitude
#         unit: *id002
#         value: !astropy.table.SerializedColumn {name: sky_centroid.ra}
#         wrap_angle: !astropy.coordinates.Angle
#           unit: *id002
#           value: 360.0
#       representation_type: spherical
#   astropy version: '5.1'
#   make_catalog parameters:
#     ab_zpt: 31.4
#     coadd_bands: !!python/tuple [f277w, f356w]
#     deblend_contrast: 0.001
#     deblend_nlevels: 32
#     deblend_npixels: 1
#     detect_kernel_fwhm: 4.0
#     detect_kernel_npix: 7
#     detect_npixels: 4
#     detect_threshold_nsigma: 3.0
#     flag_isolated_buffer: 4
#     hst_bands: !!python/tuple [f606w, f814w, f125w, f140w, f160w]
#     jwst_bands: !!python/tuple [f115w, f150w, f200w, f277w, f356w, f410m, f444w]
#     near_border_kernelsize: 21
#     reference_band: f200w
#   make_catalog version: 1.4.0
#   photutils version: 1.5.0
# schema: astropy-2.0
label xcentroid ycentroid sky_centroid.ra sky_centroid.dec bbox_xmin bbox_xmax bbox_ymin bbox_ymax area semimajor_sigma semiminor_sigma orientation eccentricity min_value max_value local_background segment_flux segment_fluxerr kron_flux kron_fluxerr kron_radius gini equivalent_radius kron4_2_flux kron4_2_fluxerr radius_kron20 radius_kron50 radius_kron80 near_border
[from data line 3717]
3718 8472.545322291304 4657.461763680718 214.75060982477183 52.84249597943557 8469 8476 4654 4661 48.0 1.9129575630493167 1.65938830878393 48.968567271434964 0.49753050199058 -0.10920676172131323 1.120315036660237 0.0 23.632951273035566 1.6155163 45.008891459314185 3.855410042987346 2.231159015234825 0.2589666739416227 3.9088200952233594 46.165366112633464 6.24509140470538 1.9637579623661585 3.8294289071338965 6.219318145442585 False
3719 9020.894171582986 4657.175268014582 214.74572597506167 52.8390062128153 9015 9026 4654 4660 66.0 2.90647756637466 1.4988162541013559 9.581653371570573 0.8567804577249488 0.23574646169445015 1.483642761462576 0.0 48.06616813699795 1.8760325 109.29978746283615 5.443595506745456 2.621675010113288 0.22295088116505477 4.583497844237541 125.16421847571031 8.848535491150043 2.7773169281447547 5.5412090948403145 9.563876528586581 False
3720 7097.148539404256 4664.636555088237 214.76279520539597 52.85128307292198 7085 7106 4657 4670 252.0 3.942510126173792 2.8167845464724643 -20.163806922143166 0.6996714288816557 -0.019296919545517398 4.687164940958299 0.0 226.53466664190586 4.1580677 351.3175917859213 9.074550066235522 2.2843762501222473 0.48522006108720045 8.95623198216277 422.771130365041 14.922993739992492 2.6926049239195677 6.009311585729404 12.641324178257953 False
3721 10168.191302653786 4660.144109091704 214.7354725765854 52.831723214883574 10165 10171 4657 4662 23.0 1.7192529598657744 1.114831491639894 -35.521405453714465 0.7612662106819427 -0.006278674776019169 0.40267832994553615 0.0 5.658369434135892 1.1380454 192.55375154511134 6.540741654202518 4.104949330931221 0.2862737853704335 2.7057581899030048 622.2533140423127 10.67136889025324 6.9885784383656375 10.314141050703581 12.643484704541288 False
3722 10184.692825176146 4659.797212780383 214.73532923028122 52.83161636061609 10180 10191 4657 4662 38.0 3.407775386849825 1.0781758403090362 0.423728594552322 0.9486302043271284 -0.14634623175272268 0.44236704987569886 0.0 9.671931884300554 1.4177516 280.0349429728018 8.541511124955356 4.017573967692191 0.2183965999798597 3.477898169151024 792.9284792371566 14.136398790652642 8.104144083844314 12.164958416357832 14.877301133278758 False
3723 9289.838354984937 4662.107560173502 214.74327749745362 52.837321847635216 9286 9293 4658 4666 50.0 1.8973815354894301 1.504066056359701 86.74998221507377 0.6096039064442406 0.29364816433078006 2.37158270785395 0.0 47.430829941412675 1.6868885 102.3004540535871 4.845611302947957 2.622626280358954 0.33907154798337796 3.989422804014327 197.7441866700529 7.806530093028281 1.8900949928609316 4.203872325714804 8.272228467626471 False
3724 9420.600954583291 4664.2709927810765 214.74208957012925 52.83650161576845 9417 9424 4661 4666 34.0 1.6649264489001365 1.2058640299043566 -1.7691813192372934 0.6895115834170333 0.2077124612791085 1.8579579240173867 0.0 31.186667738968886 1.3607602 64.85972632586287 4.08128160823493 2.6013112833940966 0.309667887083167 3.2897623212397704 89.8292520456927 6.541844649303802 1.6660812911764982 3.3736569934718332 6.803691331641964 False
3725 8576.381373400176 4667.622467585151 214.74957737347023 52.84189015768306 8572 8582 4665 4669 42.0 2.5861296723100016 1.2560542614370362 -2.5720075698523557 0.8741317823614436 -0.07688055389917883 0.3513599764602279 0.0 6.995142834347367 1.3725733 160.16844976323074 7.725416231327607 4.0570095207755665 0.31420549913409873 3.656366395715726 206.66952256147587 12.364508344919706 5.776794267727264 8.707988773880354 12.581138110402357 False
3726 987.9730942071459 216.61830316617676 214.86414830058425 52.8661457335868 970 1005 199 232 704.0 6.8533173531648615 3.2377962442224724 -43.71457416551113 0.8813616619517827 -0.28605814738898727 29.314007476210385 0.0 1205.9232639556917 8.489038 1312.0781118339653 10.609829986019536 1.635030763803885 0.6409893743075925 14.96964127403822 1455.4739305996595 17.29702787252649 2.0861469634077956 4.949976869036894 11.320750427571209 False
3727 968.4907511603109 228.63354794539455 214.86419592062282 52.86633430036193 964 975 224 232 70.0 2.5546300942863502 2.0112352381180956 18.55203854974044 0.6165826309772741 0.04550083638529834 0.7907920908772235 0.0 32.767278791889545 2.071812 93.92886388759882 7.256672403743117 2.8014585608957465 0.20268940404402622 4.720348719413148 138.73422423373455 11.66722425577678 3.249802454756149 6.684192606725872 11.997826959454375 False
3728 524.7500119115273 221.75198089152028 214.86823307086567 52.869116035415374 522 528 220 224 17.0 2.0146355973118237 1.1183087155730675 40.75747318060858 0.8317887556118833 0.03885413404993942 0.5415927427454466 0.0 4.005826504004874 0.9921716 104.48883430229003 6.104340539495372 3.776661128313496 0.28248008119809287 2.326213245840639 206.03679794322494 9.903138660562076 5.226423781079905 8.642751231358945 12.612061423966082 False
3729 530.5888096297068 223.20335803430922 214.8681656256169 52.869086773818175 529 531 222 224 7.0 0.9508003113307305 0.4301848365178938 48.08978131882766 0.8917923142849787 -0.15205645378184038 0.3182301363715024 0.0 0.5685819867480955 0.60625225 19.784781410325756 2.685361256631398 4.0361793059620945 0.5503150345289554 1.4927053303604616 53.27707273154613 4.500860948184567 3.2641069691849496 4.4908464578618235 5.547526470978564 False
3730 1680.7172505520991 238.88109338136798 214.85772556448077 52.8618648851287 1676 1686 232 248 141.0 3.7662958509934876 1.907464256931417 80.70909577228961 0.8622656304132537 -0.0614671109391306 2.6934895997142343 0.0 95.60969244548181 3.0099323 155.61437164232993 7.3505351849153575 2.3356289855248424 0.4134925903859375 6.699380116989518 156.41409507012082 11.72984517276103 2.4149834328030333 5.625311710674559 12.742872463387071 False
3731 1682.4908741933746 250.93874898785788 214.8575828395428 52.861918641606565 1680 1686 249 253 34.0 1.9495029009490166 1.2790591965455846 5.949206257761102 0.7546782691278754 0.286176369580577 1.5199598704006911 0.0 25.50236551381564 1.4480004 70.22469684191964 4.634446897633519 2.7311000189631955 0.257365177409215 3.2897623212397704 74.60294473542193 7.3978549546802865 2.298601547443421 4.353272889020932 6.350014465946649 False
3732 1883.261309531885 237.03624492389397 214.85593583693398 52.86056813773246 1879 1887 235 241 39.0 2.065020959374313 1.2156343199408208 24.253850341394138 0.8083669478773365 0.027868402936025067 0.7941270842042877 0.0 17.738269267100303 1.4941227 74.08328199749694 5.951590814367464 3.1750564009414606 0.2787763822736576 3.523362819972964 95.7702769967087 9.647816879160306 2.8447529431287495 6.310806848730757 9.480030848944269 False
3733 1880.7756491527243 248.62277873399955 214.85583611474758 52.86064641179554 1875 1887 236 259 236.0 4.707992911483702 2.7797731253114897 89.07941414212628 0.8070837443802403 0.02454454571127267 2.371488244243472 0.0 145.7571118108093 3.8590438 229.10344958075993 9.04412494701202 2.2176791334240953 0.36339148637798224 8.667244841319219 293.65271388359486 14.764196850015876 3.16874537564237 6.936014451923411 13.416192311187713 False
3734 1819.8320643056036 263.79646609524167 214.85622078508604 52.86111542743436 1807 1832 250 278 567.0 5.188209582786887 4.408047613646269 -67.37072755831674 0.5273826231431767 -0.14597778511218212 4.115276512380386 0.0 435.73053359233495 6.0655975 540.2293867202195 10.324433006916983 1.9811296432066656 0.5186553365952525 13.434347973244154 642.0004350609955 16.657127670917397 3.3536364981436964 6.577917626206972 13.065997989731688 False
3735 1839.898938630676 270.92011014729366 214.85596658698614 52.86102635328265 1830 1849 254 285 433.0 5.151248026982886 3.303600244943652 75.92911399297209 0.7672732201751202 -0.16763232064725597 6.5274361811368165 0.0 283.2389535821795 5.1985664 358.29266450985904 9.097692985429779 2.0426278882999265 0.5793977961103637 11.740024732409271 455.1914390064878 14.520619915920395 2.6201150543562886 5.484905262451788 12.73469243547695 False
3736 297.62264818314577 307.3203335896799 214.8693621189904 52.87102034889876 252 353 256 334 3878.0 18.067407007898474 10.772803265568994 -43.39656147581064 0.8027942176522664 -0.0706861474453362 12.120317840460341 0.0 8324.712679456508 17.338844 11178.216030746398 29.439562407498492 1.9419476564724496 0.569773619895623 35.13411075608347 13054.343252917664 47.463200772084036 11.40326602546361 20.245711394398384 36.67566019805143 False
3737 271.3813690542538 375.5714773739448 214.86887834713508 52.871555173991766 194 365 284 474 19231.0 25.700570848034957 15.400729849733452 -56.605626388051974 0.8005717728524179 -0.2645708503362054 1117.5256574223274 0.0 172887.58201808864 54.42569 175706.2993118758 52.146724378564976 1.4 0.7666506015754203 78.23948760824344 183385.20135711716 62.97420034360615 4.687320011849749 15.705810223435172 40.0354041328149 False
3738 223.4071815281759 451.37485426670617 214.86850928891332 52.87226878603653 185 267 398 522 5002.0 22.218217759331694 12.48944628066442 56.469453885772985 0.8270513495867108 -0.06036714152847877 8.819185234735713 0.0 7745.19108606995 18.58933 12427.242727494446 inf 2.2470143300783314 0.4590464724433254 39.902206088026276 15206.250847250189 inf 14.578885073830547 29.368979860733738 58.95956526928015 False
3739 187.16648123055018 515.5740865716872 214.8681574922831 52.87284527240675 175 213 488 539 1291.0 10.919701866456421 6.6316866114794895 -48.25654016987426 0.7944619813156112 -0.01613818490365341 5.989170263948443 0.0 1181.1847943847895 9.042292 2287.6456591830856 43759101.2031648 2.4633256759202338 0.45636654800103016 20.27160731326635 3317.2367530313527 99860610.74536909 8.313751097829533 18.405368834398846 34.24059448802626 False
3740 246.38048560479243 571.9875216793497 214.86703463690523 52.8727733990737 227 266 509 605 2272.0 23.052362544139335 6.501832613749629 -89.05943400859924 0.9594008066788163 -0.11292388166749798 7.630069107756374 0.0 1940.439879415696 12.133471 540461.9483572409 inf 4.9955046461143 0.4182468694045442 26.89237924411993 550323.9482019595 inf 111.46291628135224 114.1025488607627 118.22598487426578 False
3741 186.61073656546318 650.829486864318 214.86673896376888 52.873578324850996 173 200 620 665 715.0 8.040356485766182 5.305715235034903 55.382355376648185 0.7513661108053814 0.04346109062655007 13.513385766133846 0.0 2002.5884857708427 7.505905 6584.514418788354 37857462.34170822 3.0172489789843007 0.4545607433831022 15.086138293858053 272579.6265985183 inf 9.868346460221996 22.395287574454095 34.0318148586057 False
3742 176.77491585370683 665.3627753235885 214.86667389913586 52.87371919297978 173 186 654 677 234.0 4.664710171463665 3.2264356086200774 83.17660933560838 0.722214606872663 0.7456286022463087 12.621725099678498 0.0 644.6416812326114 4.3963866 4092.4639526782153 15036261.332659775 3.408694479312313 0.3798944434746741 8.63044108762739 4986.256970427556 55477270.48107458 8.125327851155365 19.226708995022005 27.80612352450043 False
3743 247.92309847939686 667.5106932958129 214.8660155124651 52.873278811777105 201 296 599 683 4776.0 14.645228041170359 8.950635983014676 83.32162049522783 0.7915039981498798 -0.3606367062635911 642.1934214006677 0.0 49036.120395555066 28.34827 318779.75932515156 inf 1.4288377558014536 0.8308422328507863 38.990357992890814 321692.9707593778 inf 15.236863407860325 18.591802502177284 23.011874485509452 False
3744 227.23819803462595 683.4630574782378 214.8660324573086 52.87349625200338 173 241 621 703 2684.0 12.906163014458256 8.855710410700013 26.696496242414142 0.7274493682247724 0.013122379676876596 671.5148871414551 0.0 70385.38432449942 30.132757 344892.41454502486 inf 1.548425193274383 0.7605463325458471 29.229158977248975 349907.65343798196 inf 13.868188676609394 17.584655192137326 22.39099847034007 False
3745 275.49765230296396 680.0099566276406 214.86563755878777 52.873171059423505 254 408 594 703 7454.0 27.685735867818178 10.294611939375667 -31.22144085774247 0.9282975888669117 -0.3088866605746958 624.8207734129975 0.0 46497.923111052005 29.559607 319611.76443491696 inf 1.4488818136274697 0.8214329938504888 48.710182627598265 323875.82527676376 inf 25.464752023256494 29.974895187635596 34.50679399849976 False
3746 245.48801871705905 701.2785810886871 214.86568187408878 52.87347640847685 196 294 693 768 2439.0 10.00724762291521 7.77488001029023 0.4042694048659649 0.6295932625302987 -0.1398348778698281 745.4382663279688 0.0 50770.45542521166 26.567173 437298.44795580657 inf 1.9272078998256672 0.826454469718549 27.86319817254052 438475.99324581743 inf 11.69588776595619 16.343862861968038 18.223263033701198 False
3747 295.69548559701326 716.487376672053 214.86507315916336 52.87323949213931 268 388 696 771 4546.0 28.0636971242274 7.373371121658319 30.945049114717584 0.96486749226267 -0.31359153012094315 39.16188165522785 0.0 12555.075852015465 19.274271 281500.66978186084 inf 2.129261530293426 0.6443681947233111 38.03993615388323 284981.33158035314 inf 54.4651871447886 58.640488603345865 61.88409508881817 False
3748 204.39816003709427 710.948121660077 214.86594728121722 52.87378958473853 172 225 695 754 2222.0 14.888546830554514 7.04223620321496 -31.07744085636167 0.8810641016499083 -0.005827452747407887 68.67785235720362 0.0 9836.21865116415 14.352426 280315.0482984683 inf 3.185111637142208 0.6020533139031817 26.594822185913987 284232.1949063417 inf 43.74676150428894 47.86363655055542 51.495057470345095 False
3749 339.0179075759309 713.9847000675561 214.8647123827426 52.872950785333956 324 359 697 733 754.0 6.3418406384083665 5.278832467130472 25.286522766398285 0.5542026767889356 -0.10642542961087796 4.632523411094802 0.0 615.9684503707808 7.021067 777.4989011307771 10.774839253325474 1.9230689328717403 0.5285149214145008 15.492115871712882 962.6151394377597 15.251445528002291 3.7751813463987833 7.831545848355441 15.311871002078709 False
3750 244.45138161570668 734.2908653507168 214.86534368896565 52.87366104525121 204 274 715 773 1867.0 11.54520199034274 8.922871970988432 -85.73932945706727 0.6345715927355715 -0.08196699410149338 20.25801275259703 0.0 5197.948434648093 12.286298 541216.5974469688 inf 4.104194884715643 0.5360451081252063 24.37795228285463 546215.6477640239 inf 43.95201632514906 48.16051623255324 50.67690647257876 False
3751 300.51206438691696 767.241535300084 214.86449593891956 52.87348263335514 273 322 754 779 895.0 10.077993048856085 4.266367317380873 3.926807141734932 0.9059732153048596 -0.07835539661347682 15.473974555973236 0.0 632.418085745197 7.4657784 1018.613768109554 15.661514480958107 2.3728602168098285 0.5148693420418645 16.878606226063 1460.3961831903107 22.9466496103561 6.555864561961384 13.460272401270585 27.78259953836896 False
3752 244.18858744359656 775.8833295985797 214.86490827992196 52.873887041891635 213 271 756 817 2140.0 13.148398076919397 7.262651520754427 86.00526504917825 0.8336055615213763 -0.1113394803486483 50.83850132628948 0.0 2986.914739166833 12.165952 3897.360934638192 20.400486138365423 2.207904070460063 0.5857857967297887 26.099485750361293 479576.5780073559 inf 6.96953958792319 15.121843909730424 27.759041464388076 False
3753 404.7834084007613 780.3918650762566 214.86342580659212 52.872891159317916 366 472 759 820 1043.0 30.12891651393631 3.7255891505064653 29.779809314295367 0.9923252781040894 0.034010997430222296 2.1453773489042516 0.0 778.0143275222913 8.168757 272342.3766986468 inf 5.5241766446060385 0.2577831459502174 18.220790632947125 273873.8135339579 inf 181.10303675473858 185.09223526857335 188.2782044386009 False
