outputs/dr0.5_c0.1/nircam2_f356w_dr0.5_c0.1.ecsv
# %ECSV 1.0
# ---
# datatype:
# - {name: label, datatype: int64}
# - {name: xcentroid, datatype: float64}
# - {name: ycentroid, datatype: float64}
# - {name: sky_centroid.ra, unit: deg, datatype: float64}
# - {name: sky_centroid.dec, unit: deg, datatype: float64}
# - {name: bbox_xmin, datatype: int64}
# - {name: bbox_xmax, datatype: int64}
# - {name: bbox_ymin, datatype: int64}
# - {name: bbox_ymax, datatype: int64}
# - {name: area, unit: pix2, datatype: float64}
# - {name: semimajor_sigma, unit: pix, datatype: float64}
# - {name: semiminor_sigma, unit: pix, datatype: float64}
# - {name: orientation, unit: deg, datatype: float64}
# - {name: eccentricity, datatype: float64}
# - {name: min_value, datatype: float64}
# - {name: max_value, datatype: float64}
# - {name: local_background, datatype: float64}
# - {name: segment_flux, datatype: float64}
# - {name: segment_fluxerr, datatype: float32}
# - {name: kron_flux, datatype: float64}
# - {name: kron_fluxerr, datatype: float64}
# - {name: kron_radius, unit: pix, datatype: float64}
# - {name: gini, datatype: float64}
# - {name: equivalent_radius, unit: pix, datatype: float64}
# - {name: kron4_2_flux, datatype: float64}
# - {name: kron4_2_fluxerr, datatype: float64}
# - {name: radius_kron20, unit: pix, datatype: float64}
# - {name: radius_kron50, unit: pix, datatype: float64}
# - {name: radius_kron80, unit: pix, datatype: float64}
# - {name: near_border, datatype: bool}
# meta:
#   PHOTMJSR: 0.4047000110149384
#   PIXAR_SR: 2.11539874851881e-14
#   __serialized_columns__:
#     area:
#       __class__: astropy.units.quantity.Quantity
#       unit: !astropy.units.Unit {unit: pix2}
#       value: !astropy.table.SerializedColumn {name: area}
#     eccentricity:
#       __class__: astropy.units.quantity.Quantity
#       unit: !astropy.units.Unit {unit: ''}
#       value: !astropy.table.SerializedColumn {name: eccentricity}
#     equivalent_radius:
#       __class__: astropy.units.quantity.Quantity
#       unit: !astropy.units.Unit {unit: pix}
#       value: !astropy.table.SerializedColumn {name: equivalent_radius}
#     kron_radius:
#       __class__: astropy.units.quantity.Quantity
#       unit: &id001 !astropy.units.Unit {unit: pix}
#       value: !astropy.table.SerializedColumn {name: kron_radius}
#     orientation:
#       __class__: astropy.units.quantity.Quantity
#       unit: &id002 !astropy.units.Unit {unit: deg}
#       value: !astropy.table.SerializedColumn {name: orientation}
#     radius_kron20:
#       __class__: astropy.units.quantity.Quantity
#       unit: *id001
#       value: !astropy.table.SerializedColumn {name: radius_kron20}
#     radius_kron50:
#       __class__: astropy.units.quantity.Quantity
#       unit: *id001
#       value: !astropy.table.SerializedColumn {name: radius_kron50}
#     radius_kron80:
#       __class__: astropy.units.quantity.Quantity
#       unit: *id001
#       value: !astropy.table.SerializedColumn {name: radius_kron80}
#     semimajor_sigma:
#       __class__: astropy.units.quantity.Quantity
#       unit: !astropy.units.Unit {unit: pix}
#       value: !astropy.table.SerializedColumn {name: semimajor_sigma}
#     semiminor_sigma:
#       __class__: astropy.units.quantity.Quantity
#       unit: !astropy.units.Unit {unit: pix}
#       value: !astropy.table.SerializedColumn {name: semiminor_sigma}
#     sky_centroid:
#       __class__: astropy.coordinates.sky_coordinate.SkyCoord
#       dec: !astropy.table.SerializedColumn
#         __class__: astropy.coordinates.angles.Latitude
#         unit: *id002
#         value: !astropy.table.SerializedColumn {name: sky_centroid.dec}
#       frame: icrs
#       ra: !astropy.table.SerializedColumn
#         __class__: astropy.coordinates.angles.Longitude
#         unit: *id002
#         value: !astropy.table.SerializedColumn {name: sky_centroid.ra}
#         wrap_angle: !astropy.coordinates.Angle
#           unit: *id002
#           value: 360.0
#       representation_type: spherical
#   astropy version: '5.1'
#   make_catalog parameters:
#     ab_zpt: 31.4
#     coadd_bands: !!python/tuple [f277w, f356w]
#     deblend_contrast: 0.001
#     deblend_nlevels: 32
#     deblend_npixels: 1
#     detect_kernel_fwhm: 4.0
#     detect_kernel_npix: 7
#     detect_npixels: 4
#     detect_threshold_nsigma: 3.0
#     flag_isolated_buffer: 4
#     hst_bands: !!python/tuple [f606w, f814w, f125w, f140w, f160w]
#     jwst_bands: !!python/tuple [f115w, f150w, f200w, f277w, f356w, f410m, f444w]
#     near_border_kernelsize: 21
#     reference_band: f200w
#   make_catalog version: 1.4.0
#   photutils version: 1.5.0
# schema: astropy-2.0
label xcentroid ycentroid sky_centroid.ra sky_centroid.dec bbox_xmin bbox_xmax bbox_ymin bbox_ymax area semimajor_sigma semiminor_sigma orientation eccentricity min_value max_value local_background segment_flux segment_fluxerr kron_flux kron_fluxerr kron_radius gini equivalent_radius kron4_2_flux kron4_2_fluxerr radius_kron20 radius_kron50 radius_kron80 near_border
[from data line 4545]
4546 9869.668381722118 4140.120787666972 214.85194690721084 52.885626343395856 9862 9880 4130 4147 190.0 4.723501546824025 2.911969668376887 -37.25783352116117 0.7873663508250832 0.1640032545165453 0.9538392354203017 0.0 114.23028159831843 1.5675145 221.2473650118946 3.8618953075133455 2.5597687468231354 0.19673785123423598 7.776816725043752 324.4264440358469 6.586333713610858 4.267827850411857 8.27435890024403 17.3365985497698 False
4547 9874.846770914595 4158.535770099544 214.85170673137736 52.8856927410088 9865 9886 4138 4177 545.0 8.300943708460451 4.465310289391684 -80.73892546377202 0.8429907682928688 0.0792995038950022 1.1616241947411234 0.0 338.07499413944845 2.5661542 553.7890774210599 6.326743721117498 2.195176814576043 0.24514178942665388 13.171138446245484 684.9415040302067 10.091218149176655 6.543507319952313 11.582074039748626 20.538624669451014 False
4548 6675.206987320967 4039.722786301041 214.88156448909237 52.90537741435907 6664 6687 4026 4053 467.0 6.053166153408028 4.4267246492484835 -61.91062009046887 0.6820481068990643 0.10808814508064646 1.84575782603491 0.0 258.59541975896616 2.1845877 340.0023283576174 3.765538773041672 1.6377500163444878 0.3106725597827935 12.192240025845548 335.2744007568938 5.854805871764935 4.139805858464356 8.39064187612579 13.095866772253302 False
4549 6664.764592482867 4049.597331506353 214.88155390988052 52.90549700948608 6661 6669 4044 4054 69.0 2.486293922579735 1.9034773744006916 71.20318774592195 0.6433309065636632 0.12631250937090585 0.7326772916119113 0.0 29.027231635273438 0.8114358 47.74613154618994 1.9870036176945676 2.1488120334574865 0.21472349747245556 4.686510657907603 67.88326065575495 3.1830531556144823 2.239580579704687 3.989406969718598 6.656308520736678 False
4550 4021.694806661304 4072.6107014079716 214.9049624812624 52.92240581051821 3999 4053 4041 4105 2222.0 9.645613611335293 7.47144157309878 76.9740121095662 0.6324578941329533 0.06564134153014106 14.046021388472662 0.0 3681.4928799659233 5.401053 3910.7690357239044 6.705741557636665 1.6227941801671664 0.6094286502977001 26.594822185913987 4298.463231407203 10.252829522007618 5.112008488309962 9.598390548179164 17.252907669677246 False
4551 4088.0431818984243 4077.421416989072 214.90431788855759 52.92201049016286 4046 4123 4038 4114 3845.0 8.054232972544256 6.7963411458998575 52.49521139369614 0.536622751578248 0.07868836140438693 278.9809299858424 0.0 22155.470553042345 9.517906 21469.999529776287 8.467206504459236 1.4 0.8264422028418504 34.98430380008548 22377.178035989484 10.297125274595532 2.5187199249693952 5.515325263925651 11.546862194018066 False
4552 4130.580425161446 4085.765840273976 214.90384923486437 52.92178542922454 4118 4142 4068 4105 764.0 6.29664450387237 4.289796588430665 86.1678151264601 0.732020171951065 0.09059057246658267 10.59458142990104 0.0 936.0526919803107 3.0791821 1057.3547703317004 4.43055114443813 1.8065360050180195 0.5776903833000071 15.594510349620345 1219.7917389896168 6.907855802139847 2.916054590864928 6.125248514675077 12.501681597394233 False
4553 10315.920288931797 4050.349729984425 214.84890449504678 52.88230695314865 10307 10324 4044 4056 169.0 3.8687708599695734 3.1106605875538405 0.17296996545989762 0.5945702919343508 0.34336037031071326 1.2719520930012325 0.0 138.99690390213982 2.3919902 364.84101255460155 21965395.669747967 2.6414874585506474 0.1491413649983247 7.334464586120832 413.711131796886 38681863.85630126 4.843504498142138 9.004954544334954 14.863109968759614 False
4554 10304.450921096357 4052.146641488835 214.84898805736557 52.88238951582599 10300 10308 4049 4056 55.0 2.2834360665445814 1.8428730967477556 -27.02451847197574 0.5904675309124884 0.48877551475591685 0.9280694954024667 0.0 37.31195908470157 1.3464885 229.1567194346119 5.394743305200456 3.447239181703614 0.09086107535881503 4.1841419359420025 328.14244115710176 14361071.824210107 4.889016696219576 11.00348793840214 15.309818137138675 False
4555 10297.264178456744 4054.601283636821 214.8490264281184 52.88244841418567 10293 10301 4051 4058 44.0 2.2985654004814817 1.5357804551349001 -42.584942903405505 0.7440289481373933 0.2547162694632292 0.7275518673473618 0.0 22.82118575142866 1.176274 160.3147126922038 5.253856977287146 3.500520076412859 0.13534931254156485 3.742410318509555 242.2268724216417 7.934567081156361 4.665492243301098 8.50347120367839 12.402583261496094 False
4556 2532.6882495318077 4066.1057435271905 214.91836309607234 52.93182445781301 2525 2541 4058 4076 239.0 3.388867479603371 2.990984975929838 -80.13204598835888 0.47014102769735105 0.08904437394024796 3.548621350118182 0.0 190.41602472134247 1.659505 212.8349915639903 2.507499915648115 1.699940471220612 0.4792578520781647 8.722159296752494 230.08799792099188 3.916488286345619 2.148509324265515 4.073665436970733 7.113748838726671 False
4557 2534.8534811822583 4078.6358859996512 214.91821173261928 52.93187835129602 2534 2536 4077 4080 11.0 1.0676305791786236 0.7434454088972787 75.2169301963218 0.7177015828731658 0.2137392986958401 0.32269894399848764 0.0 2.967558807879228 0.3336177 13.083125297160706 1.2730748758211736 3.18849899933783 0.07366149206849956 1.8712051592547776 19.689146504215515 2.1536003928770504 1.7668789435949073 3.3073387284348503 5.272224486769685 False
4558 7399.1568808105385 4067.1757850750396 214.87480050066804 52.90092729815037 7391 7407 4058 4074 199.0 3.73096322034002 3.0483143325162554 89.54801896341678 0.5765930896283459 0.11357228513488313 1.702849491261163 0.0 122.81174390176216 1.6461756 165.96800759011083 3.3008023628211487 1.9463540286225216 0.3447326980796324 7.958873497585845 190.7110761109267 5.134451730631752 2.8241637470225727 5.454531975751803 8.838139070602011 False
4559 7399.414781198103 4084.3256752609736 214.87461760034708 52.901018171686175 7385 7411 4069 4109 575.0 8.478176989631498 4.347548485829758 61.92393737979061 0.8585123759743418 0.07511070124721611 1.779739674188073 0.0 356.7021149739043 2.7898824 539.9394393451579 5.804192602051643 1.9237398556107732 0.3372261361611604 13.528790949515026 554.0689777856028 9.09825004920768 5.335355553450147 10.860425141512493 18.56849577432805 False
4560 6140.20415563829 4080.6535365080103 214.88591932279866 52.908996120436576 6130 6148 4068 4092 308.0 4.302666378081866 4.052309113927497 85.86644402037955 0.3361359907889029 0.11409996688130514 1.5917183554412804 0.0 179.2826772922918 1.6908212 332.6814201684697 4.399959013276779 2.4972772930663596 0.3411859666129363 9.901487006738307 497.2359744665228 6.969295182772536 4.280913058167583 8.959914226614828 18.447119497971347 False
4561 6166.0438896184805 4095.319512920991 214.88553371091785 52.9089111393599 6140 6195 4065 4124 2223.0 11.460088276540228 8.201076258807952 61.708263294414664 0.6984891056275823 0.04898254924650154 8.178540665201082 0.0 2513.820898112611 4.866178 2740.2031795785438 6.512708020815218 1.611642712578338 0.5021973852417806 26.60080594618454 2954.8318135905756 10.426263296885983 5.7983441394985675 12.15317371431698 20.914750472721366 False
4562 6188.1191004932 4110.248007858514 214.88517901355857 52.90885148200828 6179 6199 4096 4123 335.0 5.79163441804721 3.53693543529578 -58.05341477551778 0.7918641435083638 0.0601231579790808 1.7322786856081462 0.0 191.99922755503633 1.788936 320.7050608865215 4.367518993018551 2.2691603366283326 0.36408578757170357 10.32636489145962 363.8179954006291 6.917068365127678 4.299652436601593 8.399753538971805 16.017496974248882 False
4563 8643.033995751124 4074.583379428763 214.86360066600798 52.89306584583086 8639 8648 4070 4079 55.0 2.6615124851927194 1.5910399868537775 47.88940641967752 0.8016486948891265 0.12319421705595908 0.4155661584714687 0.0 15.978671762496445 0.85021275 87.12229893071128 3.4505173087497996 3.3742287280145224 0.12720015941069868 4.1841419359420025 116.6666930558858 5.592973387939761 4.468031681428493 8.235344453543716 12.336388192139806 False
4564 8665.9454352297 4091.431637478692 214.86321843800837 52.89301116462238 8644 8685 4077 4105 802.0 7.951121877083383 4.896368435034914 4.473387697901702 0.7878958633893189 0.08102975801362368 3.5042998370396483 0.0 617.9388342492189 3.46804 796.5461028770188 6.5513612592136985 2.000312109005783 0.41498467435360054 15.977625878690493 850.8163240704959 10.17547024821402 4.590855827782983 9.771902323685923 17.58308389452222 False
4565 8645.016832219373 4083.148028011889 214.863492756145 52.893099441387164 8640 8651 4077 4090 85.0 2.9389142731121254 2.24105713349927 -65.01372721828797 0.6469340742144696 0.12628072523200434 0.5326412885035163 0.0 27.282166605279297 1.0158733 156.66781629216064 4.302655841791054 3.3789340498314746 0.13791492717022996 5.201570947860099 207.1763728828334 6.936589096025208 5.822670411668923 12.73858922406627 18.3189820267681 False
4566 6354.081493342556 4076.4474981731732 214.88405028957195 52.90761508203224 6351 6356 4074 4079 24.0 1.545677192096158 1.242245922332446 61.38406065111821 0.595047678207657 0.09988425007692874 0.3641967139806244 0.0 6.272217064969617 0.4869477 52.54886592615196 2.180302322941289 3.4893007792058404 0.17908320071971115 2.763953195770684 118.77176115865913 3.452236927090105 3.961587741444375 7.737996560717097 10.500253756244913 False
4567 6347.940203813479 4077.5311999517553 214.88409381507248 52.90765993280946 6346 6350 4076 4079 16.0 1.2125579257980388 1.017441664273149 -7.655251892186456 0.5439971569765025 0.13684544816585162 0.3401990025571721 0.0 4.402429609687299 0.39305303 31.896040124701827 1.6849497169846772 3.4048043432956407 0.08908996957613209 2.256758334191025 63.61771888870657 2.698344104098712 2.7657939243724923 5.746593008053142 8.310556606140922 False
4568 1852.2171935431504 4105.546762437223 214.92404233821924 52.93635722166992 1807 1884 4076 4142 3473.0 13.333297475319966 11.689955357626067 19.178434023650638 0.4809482030077889 0.0725081945821069 8.05881798906682 0.0 3271.2288515569885 6.3219876 3716.7204124382465 9.269489600450612 1.6233323041473375 0.4771616250624891 33.24891328624599 3937.8187611638878 14.558243983882916 7.867623507615269 16.41429154718625 27.892051000559118 False
4569 1836.088411644987 4138.256545790406 214.92384228434594 52.93663619741365 1823 1853 4129 4150 458.0 5.901783769120109 4.225169354634251 24.178631441442004 0.6981885205777955 0.07146100960037104 2.9152721088988898 0.0 265.6009283793742 2.2121716 494.7976683532996 5.692572127551892 2.5360408644032617 0.39005228050359414 12.074184356393443 640.274118263667 9.07745971123967 4.842322771643654 11.033513717806365 23.462837224667755 False
4570 1870.2655937703257 4136.756892840003 214.92355194145068 52.936411140257285 1862 1877 4128 4144 148.0 4.369680406172491 2.651365013501167 -61.06097163993844 0.7948819902665593 0.0991501598612161 0.5277020956594283 0.0 45.529588403944146 1.2679261 199.9208306801246 4.789952786675429 3.184868866924907 0.18057994223581025 6.863662517577698 312.1420658195412 7.6313266910236015 6.607212276382239 14.218390495873214 22.48598265664575 False
4571 1019.1294236732884 4080.3284354781067 214.93177118500927 52.941509350105605 1016 1023 4077 4084 49.0 1.8777183694626163 1.6386792850609793 -69.03626920341401 0.48826207701778085 0.08307826753539974 0.6385942552167705 0.0 16.483577199283783 0.6818264 54.848890514029065 2.4002770192839655 3.0846720407842865 0.23755235542438155 3.949327084834294 85.35956446214306 3.8646321534388375 2.8166415179439013 7.144394852434309 10.840427929907495 False
4572 1033.418405305417 4085.1274275187848 214.93159261354648 52.94144456178616 1022 1047 4077 4093 302.0 6.066422694593757 2.6121939485077017 23.857552599888432 0.9025434770484287 0.08233109826311773 1.5490806287368817 0.0 172.97161666859182 1.7602473 248.6317768462518 3.695469186961547 2.088547506750977 0.3759613655534966 9.804569629897316 282.8746905206432 5.835540333018369 3.8773321260660776 7.4756680858676745 14.00157038432884 False
4573 1460.7478074703629 4107.9184181764085 214.9275241109168 52.938855061513635 1444 1479 4079 4134 1360.0 9.384782105227753 5.263499687500858 -85.05494692443675 0.8279142114407758 0.11990051149992437 14.446750602382538 0.0 1974.9288307514275 4.1308656 2233.1081777425634 5.767661643099093 1.736982034538833 0.5743056877808961 20.806283791440396 2526.105692174089 8.8655484084648 3.783884651220276 8.457632751774334 17.66002574570019 False
4574 1471.928426290367 4126.750789447806 214.92722558949984 52.93888576360576 1442 1487 4111 4145 687.0 9.665895873486003 4.401039703508377 -38.947614312052465 0.8903297646006216 0.14198596267895874 2.863400933599035 0.0 432.2013473037264 2.7602098 833.7595131734639 7.298981788872217 2.496109597594073 0.42240289390370306 14.787795366729423 1167.2342320316104 11.588870530898049 6.12583384662448 14.20715822258739 28.649718732729475 False
4575 923.8869980655693 4137.470681642114 214.93202264226568 52.94242243280226 889 955 4110 4162 2596.0 7.8213732763858985 4.9932560003958 29.2833409835468 0.7696950925357204 0.09414594576411106 147.56554456640717 0.0 14129.371428625484 7.339405 13719.274971652914 6.541308766355743 1.4 0.8178037162769942 28.745999104799274 14310.15421485448 8.134374525451651 2.7644408649072805 5.601176228454454 10.218273755267836 False
4576 889.1400108369326 4134.089656532833 214.93236958425024 52.942624733340146 886 893 4130 4139 56.0 2.3474130527213157 1.708799429538339 -75.1022849282039 0.6856301749754677 0.15211690886227971 0.4300654582205742 0.0 15.476620390434032 0.7269371 78.24525959733802 2.771009759762956 3.1797589498745373 0.15004178369612373 4.222008245644752 173.73136987991415 4.413558019825825 4.265922377847815 9.652109527288376 14.198183674520351 False
4577 5997.267751590267 4116.074979813232 214.88682506217577 52.91009501229573 5995 6000 4114 4118 21.0 1.369736881750236 1.1008791623961551 -30.552259112248144 0.5950133831285891 0.11153295683359009 0.494522111852678 0.0 6.513641710429 0.7240395 43.152535321900636 2.930259150727665 3.4342733531706737 0.19295846086915594 2.5854414729132054 64.8930393247462 4.575845939092414 2.974943270516788 5.568844456522536 8.496824751620752 False
4578 6007.171367694079 4130.1603944746375 214.88658812500836 52.910108111090814 5997 6016 4114 4143 314.0 6.1269213489766186 3.19052615865406 71.5979684648788 0.8537160062190032 0.05520902735244704 2.102112188352432 0.0 206.55472734151633 2.3811579 351.4933946283369 6.135655285702209 2.2364333070463562 0.37446678903267616 9.997464891746821 394.20623726496865 9.641359219125496 4.3850799682476485 8.844400561084512 17.165249722242603 False
4579 6012.088025312134 4143.764578058939 214.88640087134272 52.91015028491824 6004 6019 4133 4157 249.0 4.7686569192309936 2.853409362191012 -88.0656553255352 0.8012217696332266 0.06226824895775717 2.069057503233398 0.0 166.26571186070555 1.9296223 280.3162485684345 4.715810970912777 2.35156992992608 0.41569020426257325 8.902761462589227 364.1094412082764 7.890746353611626 3.4869837309634497 7.2028819432962585 14.465821183273114 False
4580 6012.266687963374 4161.628852982693 214.88621114206958 52.91024553379959 6009 6016 4158 4165 53.0 1.9642961177196065 1.8160471352498762 -76.81241382464766 0.3811136641977055 0.12238819676695993 0.5833849690889488 0.0 17.185790769374204 0.83056056 70.33344635247606 3.2810099306928375 3.2010621397334336 0.2031009194280934 4.1073621666150775 130.07597647806682 5.454419832350031 3.5647794849621053 7.652103595860299 11.659435636212923 False
