outputs/dr0.5_c0.1/nircam2_matched_f814w_f277w_dr0.5_c0.1.ecsv
# %ECSV 1.0
# ---
# datatype:
# - {name: label, datatype: int64}
# - {name: xcentroid, datatype: float64}
# - {name: ycentroid, datatype: float64}
# - {name: sky_centroid.ra, unit: deg, datatype: float64}
# - {name: sky_centroid.dec, unit: deg, datatype: float64}
# - {name: bbox_xmin, datatype: int64}
# - {name: bbox_xmax, datatype: int64}
# - {name: bbox_ymin, datatype: int64}
# - {name: bbox_ymax, datatype: int64}
# - {name: area, unit: pix2, datatype: float64}
# - {name: semimajor_sigma, unit: pix, datatype: float64}
# - {name: semiminor_sigma, unit: pix, datatype: float64}
# - {name: orientation, unit: deg, datatype: float64}
# - {name: eccentricity, datatype: float64}
# - {name: min_value, datatype: float64}
# - {name: max_value, datatype: float64}
# - {name: local_background, datatype: float64}
# - {name: segment_flux, datatype: float64}
# - {name: segment_fluxerr, datatype: float32}
# - {name: kron_flux, datatype: float64}
# - {name: kron_fluxerr, datatype: float64}
# - {name: kron_radius, unit: pix, datatype: float64}
# - {name: gini, datatype: float64}
# - {name: equivalent_radius, unit: pix, datatype: float64}
# - {name: kron4_2_flux, datatype: float64}
# - {name: kron4_2_fluxerr, datatype: float64}
# - {name: kron4_2_mag, datatype: float64}
# meta:
#   PHOTMJSR: 0.3925000131130219
#   PIXAR_SR: 2.11539874851881e-14
#   __serialized_columns__:
#     area:
#       __class__: astropy.units.quantity.Quantity
#       unit: !astropy.units.Unit {unit: pix2}
#       value: !astropy.table.SerializedColumn {name: area}
#     eccentricity:
#       __class__: astropy.units.quantity.Quantity
#       unit: !astropy.units.Unit {unit: ''}
#       value: !astropy.table.SerializedColumn {name: eccentricity}
#     equivalent_radius:
#       __class__: astropy.units.quantity.Quantity
#       unit: !astropy.units.Unit {unit: pix}
#       value: !astropy.table.SerializedColumn {name: equivalent_radius}
#     kron_radius:
#       __class__: astropy.units.quantity.Quantity
#       unit: !astropy.units.Unit {unit: pix}
#       value: !astropy.table.SerializedColumn {name: kron_radius}
#     orientation:
#       __class__: astropy.units.quantity.Quantity
#       unit: &id001 !astropy.units.Unit {unit: deg}
#       value: !astropy.table.SerializedColumn {name: orientation}
#     semimajor_sigma:
#       __class__: astropy.units.quantity.Quantity
#       unit: !astropy.units.Unit {unit: pix}
#       value: !astropy.table.SerializedColumn {name: semimajor_sigma}
#     semiminor_sigma:
#       __class__: astropy.units.quantity.Quantity
#       unit: !astropy.units.Unit {unit: pix}
#       value: !astropy.table.SerializedColumn {name: semiminor_sigma}
#     sky_centroid:
#       __class__: astropy.coordinates.sky_coordinate.SkyCoord
#       dec: !astropy.table.SerializedColumn
#         __class__: astropy.coordinates.angles.Latitude
#         unit: *id001
#         value: !astropy.table.SerializedColumn {name: sky_centroid.dec}
#       frame: icrs
#       ra: !astropy.table.SerializedColumn
#         __class__: astropy.coordinates.angles.Longitude
#         unit: *id001
#         value: !astropy.table.SerializedColumn {name: sky_centroid.ra}
#         wrap_angle: !astropy.coordinates.Angle
#           unit: *id001
#           value: 360.0
#       representation_type: spherical
#   astropy version: '5.1'
#   kernelfile: kernel_f814w_f277w.fits
#   make_catalog parameters:
#     ab_zpt: 31.4
#     coadd_bands: !!python/tuple [f277w, f356w]
#     deblend_contrast: 0.001
#     deblend_nlevels: 32
#     deblend_npixels: 1
#     detect_kernel_fwhm: 4.0
#     detect_kernel_npix: 7
#     detect_npixels: 4
#     detect_threshold_nsigma: 3.0
#     flag_isolated_buffer: 4
#     hst_bands: !!python/tuple [f606w, f814w, f125w, f140w, f160w]
#     jwst_bands: !!python/tuple [f115w, f150w, f200w, f277w, f356w, f410m, f444w]
#     near_border_kernelsize: 21
#     reference_band: f200w
#   make_catalog version: 1.4.0
#   photutils version: 1.5.0
# schema: astropy-2.0
label xcentroid ycentroid sky_centroid.ra sky_centroid.dec bbox_xmin bbox_xmax bbox_ymin bbox_ymax area semimajor_sigma semiminor_sigma orientation eccentricity min_value max_value local_background segment_flux segment_fluxerr kron_flux kron_fluxerr kron_radius gini equivalent_radius kron4_2_flux kron4_2_fluxerr kron4_2_mag
[from data line 732]
733 737.1313849098981 2654.821447429109 214.949310332672 52.935601257029674 735 739 2653 2657 21.0 1.2795138633894505 1.0234249364234254 -7.460799278876061 0.6001939354094706 0.116867654010606 0.6107685782525474 0.0 7.621416031956141 1.3124769 9.37837613368535 2.0387911360775166 1.4 0.2404354946350897 2.5854414729132054 6.297813815561975 3.236205964066999 29.402025456767447
734 6954.919997166029 2655.8738421873054 214.89363261948625 52.89613452222332 6952 6958 2653 2660 43.0 2.0004202354512985 1.3691425154021724 34.14615274180219 0.7290809758160525 0.008684099342020406 0.2665796759708634 0.0 4.556184972831078 1.8592722 8.757786222095616 5.777342518765657 2.7419020180935902 0.4044757333052209 3.6996385101659595 24.553653745769168 9.226397178357281 27.924709682115598
735 1077.9966797340944 2658.514800412842 214.94621711976433 52.93345796487156 1074 1082 2654 2663 64.0 2.3587273829543376 1.4832892402922568 88.67406685765152 0.777525432156432 -0.11656679332135426 0.8222519603428755 0.0 21.15148671674622 2.7093651 22.56140544386438 3.969512641212693 1.4 0.3596964260043483 4.51351666838205 20.816232718033937 6.288593181236364 28.103994663746068
736 4178.211225978519 2661.5460141072426 214.91841971170186 52.91379576679955 4174 4182 2655 2666 75.0 2.4368850491507263 1.9117340654274484 86.25334295300394 0.620129988226706 -0.1331785279164821 0.9201280064543479 0.0 30.645319029703906 2.8883631 81.35725986598607 9.530757872489708 3.0143119637610405 0.30432994554446235 4.886025119029199 116.04145107713683 15.256952061274289 26.23846712265574
737 10068.70487292797 2658.0416709690207 214.86577074228853 52.876369150356965 10065 10072 2655 2661 42.0 1.566597043868003 1.496796882459187 -5.557741101133563 0.2951700808382234 0.0012119824325030983 1.4238774668635474 0.0 26.41760624763257 1.8327264 29.722247920352864 2.698859982639108 1.4 0.3466801387313981 3.656366395715726 27.72703578700191 4.311906462906423 27.79274139260409
738 6752.986986403896 2658.713372678727 214.89540900350715 52.897432187519655 6751 6755 2657 2660 15.0 1.2324531859154662 0.8841394122078462 -6.625643460052201 0.6966802980462761 0.08138719769138197 0.4789001097065271 0.0 4.562175400815586 1.1117612 25.653576606858735 4.478594802724674 3.3700136701095738 0.19122230543012997 2.1850968611841584 17.11678964513061 7.224367984683455 28.31644421628289
739 1549.476837166471 2659.9532791850097 214.94197777731677 52.93047344018 1547 1552 2658 2662 24.0 1.423496491245934 1.1145558388803887 15.684873838159328 0.622058766359748 0.019185761564491415 0.4112098087019597 0.0 5.972288604027614 1.5127082 20.08673904442478 4.66773883783857 2.815707123300768 0.27000602239485677 2.763953195770684 37.19027301781526 7.4416954873046635 27.473926583566442
740 4320.056985359952 2662.1755721388804 214.91714331701652 52.912898645593636 4318 4322 2659 2665 29.0 1.566553602235443 1.1341686834584983 -79.93912817121235 0.6898107741837556 0.11557359617397964 0.9037161757447106 0.0 14.317863378494266 1.6643913 26.481013832716435 4.536596709158083 2.4260537876699706 0.26576555528814216 3.0382538898732494 25.97968233362304 7.173923424903992 27.863415408907866
741 2257.3949688918487 2667.1127472679386 214.93556094379792 52.92601894676066 2252 2263 2661 2673 126.0 2.87636432966122 2.0408342280745475 -46.40987474451697 0.7046866253320272 -0.2163063495881075 1.0132803453856511 0.0 37.19266832276921 3.1785955 74.3861198718237 7.929982325786208 2.5829675364533635 0.480985458231842 6.333012368467128 97.49337873988728 12.686073357927732 26.42756219599405
742 10175.969973584459 2670.8828360322955 214.8646770226291 52.87575700229483 10171 10180 2664 2677 100.0 3.2068871808488204 1.8360795010792754 75.9677211591968 0.8198749779832566 -0.05837382946675819 1.1645907157620998 0.0 54.193182415719875 2.874867 82.08998667375114 6.227685372240194 2.019280051705363 0.2934136339760994 5.641895835477563 98.71214816543898 9.960463885587277 26.41407349227323
743 1454.2901056109458 2668.5822996982347 214.94273969348745 52.93112416328969 1452 1458 2666 2672 36.0 1.6104581886393854 1.4114814036750805 -56.61014615962048 0.4814981690629058 -0.031321158752788604 0.4517777155708901 0.0 9.451813390099817 1.8031828 35.193176585369415 6.758348614201804 3.2383481581921707 0.2421891514493298 3.385137501286538 40.75819458355508 10.7595133704448 27.374462654142256
744 4191.1952728426095 2666.972517109971 214.91824634946525 52.91374263013373 4191 4193 2666 2668 8.0 0.844556852623924 0.39600152417740236 -88.61699798601468 0.883258290995382 -0.12111141530238063 0.21632196965508677 0.0 0.5944486358247252 0.9283875 8.363451793235868 3.3101348305291167 3.907064670626646 0.4682749499838234 1.5957691216057308 10.659367901540104 5.242123637353285 28.830671370312167
745 4439.668121484726 2670.190601178484 214.91598824851306 52.912182538455106 4436 4442 2668 2673 28.0 1.9897199756418422 1.254688130788867 -30.03036560906181 0.7761199667933711 0.05662670806197524 0.5362371769044838 0.0 7.255078868108852 1.661579 29.292156830933315 5.992192251390277 2.7631700070234593 0.27144349011121977 2.985410660720923 50.831658865568706 9.619398843213489 27.134664292711218
746 451.9027416872016 2672.5795071639245 214.9516793740379 52.93750726037821 450 455 2670 2675 26.0 1.4560037082894017 0.9513029520637211 -54.748233600465845 0.7570424025408822 -0.1692111135936986 0.272163665583854 0.0 3.0602042787565464 1.6487536 3.424970949965688 2.3689279421780185 1.4 0.3453600776567139 2.876813695875796 3.0719055289397517 3.7614085078133686 30.181480360998314
747 3539.472092145695 2670.671695204721 214.92404211546545 52.91789995314127 3539 3540 2670 2671 4.0 0.5060629980335928 0.46221439869955006 23.73494071063957 0.4071675656790835 0.20978049558188286 0.5102755682377705 0.0 1.5054632635509049 0.66060185 11.305340826959094 2.666559742647573 3.797830420132398 0.24753217583121448 1.1283791670955126 14.672015895253693 4.1984467793485285 28.48377552792811
748 4456.861287714853 2678.0261017737694 214.91575185731293 52.91211567925882 4443 4466 2672 2685 216.0 4.94855891020896 2.653716317586605 -17.782552802471905 0.8440525775713488 -0.06162738742125939 1.0761517821374011 0.0 83.7026554232265 4.553812 182.4678173543372 12.597112752691396 2.5206172676303837 0.34954464828495885 8.291859587312052 197.3561840731115 20.002714837286184 25.661873151550314
749 2672.8174042696633 2678.2589661856114 214.93172289334785 52.92344228481003 2668 2678 2673 2683 91.0 2.9517384750361133 1.7933194220516284 45.74602266653048 0.7942838416688873 -0.09981007040342203 0.823839634040856 0.0 27.50227597001016 2.7048774 38.0084853754415 4.840474245469116 1.6661606756253298 0.34364347137649653 5.382025607773058 37.01983975961471 7.792258827243847 27.478913663557037
750 3562.578971826288 2675.538250454085 214.92378398996934 52.917779540702576 3562 3563 2675 2676 4.0 0.49868376251364915 0.4935735592799107 -80.14325008545491 0.1427927030475279 0.45180153558980424 0.7254259879840773 0.0 2.3342358766888816 0.65476185 25.386437500928906 2.8075181772072666 3.9413095566176293 0.13079607110750316 1.1283791670955126 30.027477515890382 4.457126783699786 27.70620287387671
751 4197.315473684035 2675.9436606540485 214.91809711383254 52.91375220319258 4196 4198 2675 2677 8.0 0.8795469182447123 0.6551324626929323 54.5868936899651 0.6672294887149587 0.12883996876151865 0.3682754843344544 0.0 2.0110252285303245 0.9113004 12.725331766545832 3.437736920407129 3.161654157524418 0.16982260103894825 1.5957691216057308 15.403553634076035 5.557303847188332 28.430947687254275
752 3259.9389554395552 2679.7971090998176 214.9264489689831 52.91972370085529 3257 3263 2676 2684 46.0 2.2203535361654247 1.4186429252824881 77.26007290599878 0.7692677074887332 -0.06408805250370536 0.3717521975917287 0.0 10.252402936687488 2.1542401 17.756981900703817 4.746765725334947 1.893072576075385 0.2387952012514114 3.826519928662906 17.756856841668828 7.609953283284859 28.276584766597203
753 6560.340590916929 2677.9145395859996 214.89693017950714 52.89875914674695 6558 6564 2676 2681 37.0 1.9020087871724836 0.8000276019633779 -27.774182678288142 0.9072357752593783 -0.19807096573400526 0.2879747906879318 0.0 1.8218655426408 1.7443515 4.367125116384054 2.193727241192505 1.4 0.4576588686637115 3.431831258788849 2.285976462821456 3.533604298142843 30.50232061389754
754 9628.192079534938 2681.453259640876 214.86946122059425 52.87929372328993 9622 9634 2676 2687 119.0 2.901098174082038 2.236580297574009 28.714746110895252 0.6369045762648139 -0.22335772882600916 0.416143225623334 0.0 15.839345985220787 3.2948194 22.582925335624633 6.874279349148354 2.0150630230356055 0.39708822897426055 6.154581744998688 24.8173052244587 10.97538048447112 27.913113444853586
755 10047.920909504495 2679.4839675437147 214.86573078796496 52.8766168299232 10045 10051 2676 2682 38.0 1.6793305573833743 1.4610655196618916 -46.157202425761206 0.49300135162183534 0.08400817258703043 0.6122847556824 0.0 13.592414235940987 1.7260274 24.641458321882762 4.828085569843785 2.4817827611775267 0.21506093556871594 3.477898169151024 20.072881902206504 7.745444671282663 28.14347567635796
756 7585.788201440878 2686.257781835044 214.88767040040054 52.892292054325665 7575 7596 2678 2695 258.0 4.928093926158742 2.6424728328594034 -35.17564945943714 0.844087245286429 -0.18789785581506574 1.776425503592687 0.0 84.57673095878667 5.052211 118.65691294848827 9.812280172302136 1.9362427759986907 0.5005053717448045 9.062226582657155 113.08904651855366 15.654167398518688 26.266448643895885
757 201.19817994828404 2680.410657028973 214.95384373329537 52.9391405135003 199 203 2679 2682 17.0 1.136884289431258 0.9193660293146343 9.530482318207333 0.5882603630906558 0.14681697174306205 0.9483437939872522 0.0 9.388436199247286 1.2157427 25.95807549670352 4.103565116106329 3.0477499524496356 0.2543875280879415 2.326213245840639 33.08755061012249 6.554334352594568 27.60083845350264
758 1074.6410406292887 2681.622382964677 214.94600387908662 52.93360405612075 1072 1078 2679 2684 34.0 1.7785910133813818 1.151448299859316 -41.98829756746238 0.762155907954551 -0.03515705871914081 0.6834608093457009 0.0 12.53397067767521 2.0180247 26.10630691786585 6.212627377080429 2.879577313269196 0.3065751305612983 3.2897623212397704 27.1167734221072 9.93709610647775 27.816904969197097
759 1179.8683056759264 2683.8802508406334 214.94503727784945 52.93294842648264 1177 1185 2680 2687 62.0 1.9065117097575135 1.6279389603992516 56.85140565402692 0.5204641262639446 -0.09779200121878076 0.6075753503022897 0.0 15.58330658623221 2.4775715 21.801564732575464 5.6974929981582285 2.254810897493005 0.400063302918523 4.442433223290478 26.0842079240142 9.084205665459713 27.859055866440915
760 2269.8212965348357 2688.4694200379454 214.93522478076713 52.92605539245631 2262 2277 2682 2695 165.0 3.3325339510951237 2.3087098655158345 5.9254063784257225 0.7211498603152038 -0.07868637087375616 1.1440517979136702 0.0 55.06432760872117 3.6532884 64.52328744619155 6.077133797087634 1.7326207662716149 0.48254155201012916 7.247146419131151 75.19006079910591 9.700824864192166 26.709598910003173
761 2974.8942762633396 2690.7886727771197 214.92888573316546 52.9215924610062 2966 2982 2682 2701 248.0 4.507615891023464 2.5317838204634313 -47.7726747476036 0.8273626794838427 -0.23142229468335987 1.6519558813535045 0.0 83.4255844652504 4.454218 103.13936793051248 8.04360851037616 1.8809063429860133 0.4858909809592282 8.884866446580956 126.0983362700057 12.908104758389756 26.14822660857765
762 7642.3158541327575 2689.6145849086365 214.88712954236274 52.89195116561603 7637 7648 2684 2695 118.0 2.955509771560787 2.3118824322982126 -9.801853566931037 0.6229922877343148 -0.11373385512576407 0.621485681403371 0.0 26.42732899375983 3.4524403 47.9234284433975 8.943306651886676 2.442323279279926 0.3869423387324372 6.128667601500942 75.1097519061179 14.257609177936414 26.710759181322345
763 10278.422315974925 2693.003893550661 214.86352866523987 52.87522546746418 10268 10290 2684 2702 328.0 4.647496060881146 3.2257189289458896 41.65414373671281 0.7199010174010965 -0.245891430090356 0.8311882783782938 0.0 77.07771831780451 5.1909637 85.29274537273096 8.15801271606035 1.6625125696044132 0.471112297837486 10.217907939900583 104.34572866811484 13.026916433769733 26.35381330956854
764 1157.7675881244165 2692.4037338696426 214.94514554930046 52.93313472027772 1152 1163 2685 2700 156.0 2.9797500271091204 2.256714111249115 -82.91718647559802 0.6530090043968649 -0.33670878203704246 1.0511795283897416 0.0 25.483110878926063 4.2149606 34.44361627501797 7.677647960410925 2.007932889362743 0.5401161232285941 7.046725639945928 44.9607898615493 12.182083625191089 27.26791516944829
765 3281.096172386939 2692.661571846041 214.92612407822148 52.919658849468114 3274 3289 2685 2700 199.0 3.242166380468204 3.098314659952707 73.64908886505917 0.29456648764475535 -0.29823392007769384 1.3788103544397103 0.0 60.802646674062316 4.5848017 57.70033982873178 6.381282486888094 1.4 0.4263450947720036 7.958873497585845 55.39715088999182 10.174373491409575 27.041281426832953
766 3580.3330269105986 2689.8056871929757 214.9234748169219 52.917743859929395 3575 3585 2685 2694 88.0 2.064592251360839 1.9341898870194818 70.13275039394746 0.3497617486726328 -0.08749256405666969 1.5480039648237691 0.0 41.51548295963205 3.1417217 47.44700541281897 5.289450175430488 1.820640866101381 0.4692702541417883 5.292567428401227 57.41310908856124 8.42004944054599 27.00247233543307
767 2598.455187617088 2688.371862517504 214.9322824027567 52.923968902776004 2597 2601 2686 2690 20.0 1.133607889711712 0.9138917324368875 36.57412252759702 0.5916706856784546 -0.07741887643962836 0.40290798132682154 0.0 3.8197787830361882 1.3632443 9.979950666830991 3.7542593854310833 2.735638696662696 0.3892378550748507 2.5231325220201604 18.656162344388736 5.9846391663321015 28.222944219274527
768 6108.723931443125 2687.816985626402 214.90086622076007 52.90168035435316 6107 6110 2687 2689 8.0 0.7203053084662955 0.6832863854105982 70.08388178371264 0.31645770153654795 0.04749575297848759 0.4769285124752164 0.0 2.146619627329282 0.84082 3.914847068078592 1.6709422968617091 1.828552654201089 0.2985712824738679 1.5957691216057308 4.166672273431221 2.675990919061249 29.850526643287854
769 7907.0958189077655 2690.4429370052653 214.884753028001 52.89027402111243 7903 7910 2687 2694 51.0 2.033880730780684 1.3739519679194188 -48.048124861671916 0.7373304672860245 -0.06366873257643552 0.7905454920957247 0.0 17.632257637314254 2.2803507 31.5909489286013 5.790633948311456 2.419602375034541 0.3496967634327394 4.029119531035698 29.946987246680557 9.191226614411686 27.709117155887448
770 430.4101135007613 2695.698189699463 214.9516285534958 52.937768519190094 425 434 2691 2699 69.0 2.152083942777472 1.5453176970323457 -4.804502951874051 0.6959848949499483 -0.24219879379173312 0.49268732137659177 0.0 7.8632818588495805 2.576304 26.715150117093913 8.568855315559908 3.3304518961628 0.5133873933367085 4.686510657907603 8.423068268556612 13.71587341722197 29.08632419839662
771 3440.465988640039 2704.10523620341 214.92457658830307 52.91870894981266 3432 3453 2691 2719 405.0 7.141391626488378 4.740440714812194 -74.50985142743961 0.7479119983242365 -0.45564164932821616 0.3913500460775446 0.0 13.712962424767266 6.491141 53.5305953085973 28.3989365704921 3.3926243063767947 0.47478306004084214 11.354096349090721 163.59178556728682 45.18139427372265 25.865596268354356
772 188.04231255929395 2695.4158150979515 214.95380364032658 52.93930504586469 185 191 2693 2698 32.0 1.82800008907453 1.205616985486583 -18.676991961104555 0.7516801200318795 -0.05770619180393822 0.3947048569428175 0.0 6.082357329760081 1.7602661 16.686850164553768 5.1516765278802215 2.5114325748255655 0.33319243144940686 3.1915382432114616 30.044400228827776 8.242378480840136 27.705591153274835
