outputs/dr0.5_c0.1/nircam2_matched_f150w_f277w_dr0.5_c0.1.ecsv
# %ECSV 1.0
# ---
# datatype:
# - {name: label, datatype: int64}
# - {name: xcentroid, datatype: float64}
# - {name: ycentroid, datatype: float64}
# - {name: sky_centroid.ra, unit: deg, datatype: float64}
# - {name: sky_centroid.dec, unit: deg, datatype: float64}
# - {name: bbox_xmin, datatype: int64}
# - {name: bbox_xmax, datatype: int64}
# - {name: bbox_ymin, datatype: int64}
# - {name: bbox_ymax, datatype: int64}
# - {name: area, unit: pix2, datatype: float64}
# - {name: semimajor_sigma, unit: pix, datatype: float64}
# - {name: semiminor_sigma, unit: pix, datatype: float64}
# - {name: orientation, unit: deg, datatype: float64}
# - {name: eccentricity, datatype: float64}
# - {name: min_value, datatype: float64}
# - {name: max_value, datatype: float64}
# - {name: local_background, datatype: float64}
# - {name: segment_flux, datatype: float64}
# - {name: segment_fluxerr, datatype: float32}
# - {name: kron_flux, datatype: float64}
# - {name: kron_fluxerr, datatype: float64}
# - {name: kron_radius, unit: pix, datatype: float64}
# - {name: gini, datatype: float64}
# - {name: equivalent_radius, unit: pix, datatype: float64}
# - {name: kron4_2_flux, datatype: float64}
# - {name: kron4_2_fluxerr, datatype: float64}
# - {name: kron4_2_mag, datatype: float64}
# meta:
#   PHOTMJSR: 2.251199960708618
#   PIXAR_SR: 2.11539874851881e-14
#   __serialized_columns__:
#     area:
#       __class__: astropy.units.quantity.Quantity
#       unit: !astropy.units.Unit {unit: pix2}
#       value: !astropy.table.SerializedColumn {name: area}
#     eccentricity:
#       __class__: astropy.units.quantity.Quantity
#       unit: !astropy.units.Unit {unit: ''}
#       value: !astropy.table.SerializedColumn {name: eccentricity}
#     equivalent_radius:
#       __class__: astropy.units.quantity.Quantity
#       unit: !astropy.units.Unit {unit: pix}
#       value: !astropy.table.SerializedColumn {name: equivalent_radius}
#     kron_radius:
#       __class__: astropy.units.quantity.Quantity
#       unit: !astropy.units.Unit {unit: pix}
#       value: !astropy.table.SerializedColumn {name: kron_radius}
#     orientation:
#       __class__: astropy.units.quantity.Quantity
#       unit: &id001 !astropy.units.Unit {unit: deg}
#       value: !astropy.table.SerializedColumn {name: orientation}
#     semimajor_sigma:
#       __class__: astropy.units.quantity.Quantity
#       unit: !astropy.units.Unit {unit: pix}
#       value: !astropy.table.SerializedColumn {name: semimajor_sigma}
#     semiminor_sigma:
#       __class__: astropy.units.quantity.Quantity
#       unit: !astropy.units.Unit {unit: pix}
#       value: !astropy.table.SerializedColumn {name: semiminor_sigma}
#     sky_centroid:
#       __class__: astropy.coordinates.sky_coordinate.SkyCoord
#       dec: !astropy.table.SerializedColumn
#         __class__: astropy.coordinates.angles.Latitude
#         unit: *id001
#         value: !astropy.table.SerializedColumn {name: sky_centroid.dec}
#       frame: icrs
#       ra: !astropy.table.SerializedColumn
#         __class__: astropy.coordinates.angles.Longitude
#         unit: *id001
#         value: !astropy.table.SerializedColumn {name: sky_centroid.ra}
#         wrap_angle: !astropy.coordinates.Angle
#           unit: *id001
#           value: 360.0
#       representation_type: spherical
#   astropy version: '5.1'
#   kernelfile: kernel_f150w_f277w.fits
#   make_catalog parameters:
#     ab_zpt: 31.4
#     coadd_bands: !!python/tuple [f277w, f356w]
#     deblend_contrast: 0.001
#     deblend_nlevels: 32
#     deblend_npixels: 1
#     detect_kernel_fwhm: 4.0
#     detect_kernel_npix: 7
#     detect_npixels: 4
#     detect_threshold_nsigma: 3.0
#     flag_isolated_buffer: 4
#     hst_bands: !!python/tuple [f606w, f814w, f125w, f140w, f160w]
#     jwst_bands: !!python/tuple [f115w, f150w, f200w, f277w, f356w, f410m, f444w]
#     near_border_kernelsize: 21
#     reference_band: f200w
#   make_catalog version: 1.4.0
#   photutils version: 1.5.0
# schema: astropy-2.0
label xcentroid ycentroid sky_centroid.ra sky_centroid.dec bbox_xmin bbox_xmax bbox_ymin bbox_ymax area semimajor_sigma semiminor_sigma orientation eccentricity min_value max_value local_background segment_flux segment_fluxerr kron_flux kron_fluxerr kron_radius gini equivalent_radius kron4_2_flux kron4_2_fluxerr kron4_2_mag
[from data line 3972]
3973 8692.661959243604 2043.9824812426168 214.8845333713528 52.88179705259634 8692 8694 2043 2045 7.0 0.7589890258486366 0.6979942040100352 -73.99389310421125 0.3927699591320748 0.1448300926460179 0.2112755875341163 0.0 1.2780681576337218 0.84159666 28.151139308601508 4.247195756444046 4.014176061403543 0.07827732907042899 1.4927053303604616 52.81723815365821 6.776228298422874 27.09306078016208
3974 2086.5137605744326 2048.527894670253 214.94360407115684 52.92376314334787 2074 2099 2034 2065 540.0 6.2254141902147815 3.1809519694084307 -52.421083473600675 0.8596031208058305 0.0741948340280597 7.1297509094757645 0.0 645.6342771481309 8.073924 698.715884109251 10.737365532917007 1.6112933027546699 0.558248436855864 13.110581167104948 746.1319737616869 16.804482211244615 24.217960872312776
3975 2095.7473995430787 2080.4758033742496 214.94318503386336 52.92387707103846 2078 2114 2063 2098 908.0 5.5306617263395745 4.4845401337115565 -3.157377540070215 0.585253258394716 0.11718615510708422 25.68553850402715 0.0 1755.6684374408858 10.640263 1784.852806727035 11.359707679115873 1.4727654306540268 0.6679927322041362 17.000746355818674 1925.9237679565672 17.303374136530604 23.188402267861292
3976 2097.974315414744 2103.376784109061 214.94292399863804 52.923986610495184 2091 2103 2096 2110 133.0 3.540554930274061 2.113193313501939 54.74968725314338 0.8023500854856164 0.06115885468245747 1.0669579302088719 0.0 55.33761544132861 3.8193989 96.59009736415913 9.338111434772447 2.3656569122454516 0.3355298487275299 6.506551687525748 150.37143935252305 14.9476300086457 25.957086607989087
3977 1268.4907962699149 2045.1907026977262 214.95096765959843 52.928936585722155 1260 1280 2040 2051 185.0 4.113140737771354 2.209647658988425 9.403365500597442 0.843444294884717 0.01918241646754103 1.3584409644746929 0.0 80.54556019869312 4.5737257 99.63042975520932 7.585687505379278 1.7174689755512726 0.42557345049994144 7.673807981960539 106.34162600880353 12.11673425320242 26.33324175855817
3978 1280.9512181640434 2041.8409454032437 214.95089128163573 52.928839418736054 1278 1284 2039 2045 30.0 1.5145975862897698 1.3593291392647229 45.55883719684643 0.44104427571755744 0.14650873113853433 0.5162390912967104 0.0 10.057586100148507 1.8157027 19.21778519758237 4.8726169996604 2.3291148988112296 0.18039969657390742 3.0901936161855166 25.22463975958944 7.7839578057309025 27.895437568331158
3979 6774.074829480707 2062.8761384217905 214.9014922116652 52.89408290264253 6764 6784 2046 2077 481.0 6.982096394534745 3.9250602119065445 80.45893300436272 0.8270280194248497 0.0944768598147241 3.262408449693938 0.0 334.3646745698702 6.8919277 444.822552710098 13.651377490186745 1.8970030905565478 0.388695667146242 12.373643572303322 498.1814583243024 21.805952066982584 24.656531100957487
3980 6775.639613820858 2077.6248335004616 214.9013229790697 52.89415256025717 6767 6783 2074 2084 144.0 2.9480406049198433 2.2831421333747595 -1.7011969316604212 0.6326217977061253 0.053229228353589994 2.822991669738931 0.0 114.45179815475299 3.879319 138.04300208160913 6.718388852357336 1.8714572467258104 0.4512424723455713 6.770275002573076 152.3330036811547 10.66118974111372 25.943014986180497
3981 8597.584763533221 2055.1619690165176 214.88526575026043 52.882461209806216 8588 8606 2046 2067 266.0 4.862267473202436 2.9297623380115025 -53.52205066856713 0.7980806576432848 0.09765016472988276 2.138334599702032 0.0 178.4645721029588 5.4401407 220.41904484815944 9.743345346766139 1.7811221962419 0.3560825121660189 9.201653640780462 232.81972288344673 15.591805383345136 25.482450580065777
3982 8591.41804999286 2067.3926225830555 214.88519216254477 52.88256636209561 8588 8595 2064 2071 46.0 1.7531392410569924 1.6883286805450337 57.077811872571495 0.26938805882148587 0.16097617780803108 0.6936653697774016 0.0 17.27956606438618 2.252445 40.98383658218776 7.049949821473334 2.816711829280146 0.23896280246572635 3.826519928662906 56.12446059940355 11.246896432575076 27.027119549707777
3983 3689.8923986990058 2060.041457149399 214.92912370557218 52.91364837646732 3682 3699 2054 2066 169.0 3.4166855732744854 2.5169027856262844 -5.509449775210944 0.6762737551380223 0.09599817211421453 1.7516907613763062 0.0 91.40445283458124 4.7425985 146.14891067779988 10.774595021287952 2.2998277811191628 0.3796677406064969 7.334464586120832 189.05945821907213 17.071722621250014 25.708503977456843
3984 3706.3182603643772 2062.069576557867 214.92895528834137 52.91355505944776 3699 3713 2058 2066 105.0 3.451280743110393 1.9230536078443976 12.684978832345044 0.8303783277360129 0.15955616891614505 0.772476806359394 0.0 41.51977134279866 3.681927 100.98983591135344 11.000556175867636 2.717131251964536 0.21960800408598616 5.781222885281108 160.1037457907534 17.63192157182422 25.888996267996497
3985 6600.8252726477795 2088.0743306501313 214.90277681340282 52.89531898473774 6571 6630 2057 2127 2769.0 12.062129315266315 8.57591190868038 64.29988485323437 0.7032139721849167 0.01837506303417285 9.06924779658591 0.0 4110.355744819231 17.429045 4256.889615626491 20.486472474861706 1.4 0.5635831297366806 29.688382826333207 4364.646133140855 31.81702597732317 22.30012740318013
3986 6614.18587751494 2111.6327086580345 214.90240932861656 52.89536128752782 6606 6626 2105 2126 277.0 4.070028593485272 3.855450918345497 34.40669291450788 0.3204111209118219 0.061724908762720444 2.0236994250082923 0.0 211.56377987736505 5.600926 333.5970433818003 11.907429976078946 2.3646997793500795 0.4211294081523259 9.389986074159536 397.24911001753264 19.86393489821688 24.902342667742662
3987 8332.228531961811 2060.094015974444 214.88758638297784 52.884173084401894 8327 8339 2057 2064 73.0 2.8683341583630533 1.7580587617834094 6.715172926389605 0.7901451351082222 0.15114503206520158 0.6918218614310191 0.0 24.860671330121324 3.1385722 61.97692631479178 9.413382677369318 2.6913855509598053 0.21418095448135174 4.820437914901168 111.4814143899083 14.88070837423945 26.281993824828753
3988 8347.637794364151 2063.766879802543 214.88740994871014 52.88409503886495 8337 8356 2059 2069 150.0 4.877138607086486 1.9077549547485086 16.631119120482936 0.9203215210997044 0.026097521357454197 0.7057620847823214 0.0 48.63712247679986 4.085855 133.96985955976413 13.115776041473383 2.887169181104417 0.27316542834627466 6.90988298942671 241.86265943114057 21.184402995719676 25.44107794024431
3989 7998.688993828383 2080.6221779355055 214.8903527537318 52.88640207487234 7993 8003 2077 2085 71.0 2.334061762011904 1.893358351621032 25.33840739047165 0.5847881539751902 0.07291350427067729 0.6395135042842739 0.0 20.010076052921022 2.5536416 27.698352367738416 5.288051906746733 1.9110023734476822 0.28003243133646083 4.753945931439391 28.135301487438777 8.481404465110085 27.776871066866804
3990 7989.851252473923 2082.2729105095486 214.8904144087413 52.88646710714112 7985 7995 2078 2087 79.0 2.6578090486398303 2.0113913316615375 -23.123421180436722 0.6536633057679876 0.08256532468909648 0.4275550743429808 0.0 18.875599982480633 2.6776595 29.1008400811153 6.331672856829741 2.0795507555381687 0.22228850508111542 5.014626706796775 26.31872780654703 10.157848865215897 27.84933776864348
3991 2475.5615112904256 2088.8847951109574 214.93969446499065 52.92151187749228 2451 2498 2078 2099 708.0 8.936472046977704 4.00514586620896 -12.172414325906717 0.8939434578545719 0.04725993393152155 3.189949152540544 0.0 520.6072174457851 11.193803 902.5161654777908 26.662167323746925 2.4401067574180124 0.39141973744590275 15.012108426804138 1242.1792029998273 inf 23.664539365350592
3992 2501.1659043527 2086.411574487572 214.93949117280022 52.921336012521806 2496 2507 2081 2091 104.0 3.193131289616678 2.219424624306584 40.25223803142815 0.7189496785771768 0.12439668265750699 0.6924614470281393 0.0 38.10839567201228 3.7223465 217.57034362359872 14.206218962614923 3.419400207000517 0.19061156090502832 5.753627391751592 384.6252897100708 22.75209498038438 24.937405409055312
3993 7620.599784526341 2108.51546931101 214.89344030211237 52.8889536523997 7617 7625 2105 2113 56.0 2.2019768269814954 1.7206338580872371 64.9503630178567 0.6240252679189409 0.15736153837532094 0.7249597912251109 0.0 23.921164741885207 2.3064234 66.1458179393235 7.156417342105769 2.7391412875903667 0.2093520281662313 4.222008245644752 91.03582072416114 11.394124155001569 26.501969220246437
3994 7625.961983208633 2113.552719570936 214.89333932972448 52.88894678092217 7621 7630 2109 2117 58.0 2.2600608997893032 1.7723967969632215 11.473760835263295 0.6204762494498952 0.1114314362200965 0.6648753981977497 0.0 23.142753625529117 2.3463354 77.39337341529358 8.195541540300036 3.0695417493237973 0.18803483346860725 4.296739856991561 77.30192082274158 13.114487384599952 26.679524286150077
3995 10310.080506363895 2139.307045808874 214.86907328162454 52.872037961475606 10301 10315 2133 2145 100.0 4.336162541370808 2.0855523631944703 45.16226716015337 0.8767385369946811 0.7181278738055052 2.532692923820742 0.0 151.49065201546588 3.9182024 7311.613602405032 25.009099133984567 4.10942259023949 0.19340939607922428 5.641895835477563 21304.811322216912 41.335721315422816 20.578805769017055
3996 10294.585649508814 2151.445445036825 214.86908400069106 52.87220186098569 10289 10299 2145 2157 84.0 3.4158138552231376 2.1617698422405 -57.85352935675714 0.7742571806537326 0.5859250053579985 1.1626855028228322 0.0 70.5394938064839 3.5085905 1266.7316671110866 17.192989310386864 3.8489251779102736 0.07786024657733187 5.170882945826411 5871.032308381909 29.488432349371212 21.978213824216215
3997 10308.748118004683 2150.8322347219096 214.86896389662897 52.8721085897491 10296 10315 2137 2162 258.0 6.78575237409449 3.330948250214749 53.35172395045614 0.8712306721223116 0.6847108925594443 3.041880389853336 0.0 431.60467123189215 6.353849 17487.10416993206 40.06039385632851 4.19623124138646 0.20880010329399062 9.062226582657155 43165.480720372514 inf 19.81215854531235
3998 10306.408482037188 2177.7475546424944 214.86870154502424 52.87226862724181 10286 10316 2151 2205 1042.0 12.255744911251297 6.685692404981753 83.79133414994774 0.8381010736933939 0.6604824100248552 4.82816273583773 0.0 2025.7836209242473 12.631249 52696.98620356988 69.31956736330538 3.759721213849502 0.26415407253572903 18.212053739309848 159700.3676845439 inf 18.391735209917023
3999 10293.669992569225 2185.476463378502 214.86873403759446 52.87239123375051 10284 10300 2175 2197 199.0 5.160259684543754 3.2008038893798294 -81.5061957384925 0.7843807745397869 0.5256806490122381 1.6862354408575344 0.0 220.9783154318543 5.4363565 3111.060656452059 24.423119491000016 3.6373908917536033 0.1509852165806682 7.958873497585845 14628.167526148485 43.363160505442856 20.987025186588117
4000 7862.93523146644 2158.9414881380494 214.89074240053603 52.887686785975994 7835 7886 2144 2176 1197.0 11.244599493172267 5.901661977455139 21.40226964205279 0.8511983581248241 0.17940650723663049 3.308385816452651 0.0 1088.7507858402732 10.766583 1446.9592857278212 20.478172016079746 1.8667106849141484 0.3431213208142195 19.519655062577243 1537.5492539980053 32.41312999500895 23.432927407748153
4001 7885.442832650322 2155.6262123730417 214.8905760206602 52.88752596020634 7877 7894 2146 2166 248.0 4.775465654236233 3.2344011549208758 59.28861743375203 0.7357111353214636 0.22222532464199632 1.6758247222785396 0.0 186.31921735608626 4.8673973 401.18983103299485 13.990608308166733 2.6544279501942114 0.2513413690978466 8.884866446580956 483.3115431343939 22.17903375410833 24.689432080745256
4002 7890.186837148305 2168.7718484961933 214.89039523854615 52.887566762594695 7887 7896 2163 2174 72.0 2.9558224077011843 1.8586079746666504 -54.929612680999675 0.7775706765964616 0.17818441350812908 0.6775033640031214 0.0 30.848779616621698 2.6215043 164.23796053350907 10.415407659260525 3.3040427493629725 0.16604325378830953 4.787307364817192 243.21669444758032 16.54685178508218 25.43501654576773
4003 6399.150036541072 2152.268147862871 214.90390533844996 52.896946000409756 6392 6407 2146 2160 193.0 3.2711400615414234 2.765198372788665 88.70262241790225 0.5342418229949628 0.010561724450047424 2.207691490741471 0.0 88.7360062888087 4.3587794 110.88660771951949 8.03608599919863 1.9452470038655123 0.4597441590666599 7.837972188868215 124.13972099657623 12.810411133659757 26.16522308756069
4004 6405.643559349406 2171.569107116908 214.90364408851448 52.89700893363163 6384 6429 2161 2182 717.0 8.159267649306221 3.5615376031524826 8.30387834112472 0.8997032298158254 0.08590449744613725 5.609952207848801 0.0 583.6990155553516 8.536378 743.2618276752132 14.87295048120403 1.9931247945983641 0.5042354573580312 15.10722305368455 815.7100940190953 23.589229093508894 24.121160408686947
4005 1965.5014559657325 2195.442607891523 214.9431414315756 52.92532455917182 1921 2008 2150 2248 5503.0 18.17264358129936 15.038651986015799 82.74616261660132 0.5614016874334191 0.0036227008497051465 8.298137294849067 0.0 5372.088953982983 25.43813 6083.564483032773 33.727915843265045 1.4 0.42044541912771977 41.85282909994736 6138.530572941668 53.90400550975013 21.929838942032262
4006 2004.598578075186 2175.4897969243984 214.94300126105665 52.9249686705651 1999 2013 2166 2185 162.0 4.468211457525839 2.5067487828247916 58.7813874714635 0.8278033401193797 0.08675533286708663 0.5754430012416266 0.0 49.221093156241615 4.383538 193.1193398377773 15.316836102205 3.1918294696786442 0.24145680508557227 7.1809610472257885 245.6169361305857 24.759162433898698 25.4243542260089
4007 1924.4196086219483 2198.371882434695 214.94347860324055 52.92560111067707 1917 1931 2189 2209 191.0 4.455903185558993 3.087945677967112 76.47564115515658 0.7209365548944602 0.03282550999879966 0.512653409528621 0.0 57.54799983667806 4.622754 177.47281775219312 16.28050294468666 3.09740535860494 0.1669806772147626 7.797255174810172 221.59987799687474 26.3538973757536 25.536076207617352
4008 2003.9945327849045 2205.3146554435484 214.94269268545722 52.92513356793351 1994 2016 2183 2223 491.0 8.007092513146711 3.9801059157894016 -60.548976729332644 0.8677089819063624 0.055984781766593085 1.2610891085418303 0.0 211.1788715761876 7.5256596 358.6791611609915 17.85912371804852 2.1881933907981588 0.33883916089216365 12.501606061472312 363.32846489782054 28.660584465817376 24.99925144021946
4009 1991.0270626439665 2220.8940137192053 214.94264483043028 52.9253000018623 1982 2006 2213 2236 314.0 5.2951308163297535 4.114225309978445 36.750784029649715 0.6295218854314129 0.06974861561776304 1.2657628046461573 0.0 169.6846054049125 6.0166774 256.0873704207183 12.390162396579472 2.172529781833087 0.30411857608472953 9.997464891746821 278.0553217307722 21.21899412463651 25.289671971246598
4010 1942.707470624931 2227.4866201575173 214.94300826736756 52.925642273625876 1923 1959 2208 2246 617.0 7.686320127832764 4.8234177515740315 46.996806166471046 0.7785901515580015 0.1096453853411711 3.7015738088564185 0.0 437.49888279672734 8.37976 690.5368443576207 18.526846117477024 2.1921238186095318 0.3912175173106794 14.01417852659937 756.7151606177425 30.3557597474655 24.202668912382947
4011 1929.3406955747744 2224.6432045113684 214.9431579416964 52.92571175277952 1923 1934 2213 2233 137.0 4.388817861790517 2.343779538158996 62.49908277975999 0.8454627740446711 0.14352118822870447 1.0802828327092016 0.0 64.76858832245054 3.916516 186.53698073604585 13.02344216050717 2.8258583637166197 0.27678701655219373 6.6036697681803656 217.07666811862458 20.814176030088642 25.558467132426454
