outputs/dr0.5_c0.1/nircam6_matched_f814w_f277w_dr0.5_c0.1.ecsv
# %ECSV 1.0
# ---
# datatype:
# - {name: label, datatype: int64}
# - {name: xcentroid, datatype: float64}
# - {name: ycentroid, datatype: float64}
# - {name: sky_centroid.ra, unit: deg, datatype: float64}
# - {name: sky_centroid.dec, unit: deg, datatype: float64}
# - {name: bbox_xmin, datatype: int64}
# - {name: bbox_xmax, datatype: int64}
# - {name: bbox_ymin, datatype: int64}
# - {name: bbox_ymax, datatype: int64}
# - {name: area, unit: pix2, datatype: float64}
# - {name: semimajor_sigma, unit: pix, datatype: float64}
# - {name: semiminor_sigma, unit: pix, datatype: float64}
# - {name: orientation, unit: deg, datatype: float64}
# - {name: eccentricity, datatype: float64}
# - {name: min_value, datatype: float64}
# - {name: max_value, datatype: float64}
# - {name: local_background, datatype: float64}
# - {name: segment_flux, datatype: float64}
# - {name: segment_fluxerr, datatype: float32}
# - {name: kron_flux, datatype: float64}
# - {name: kron_fluxerr, datatype: float64}
# - {name: kron_radius, unit: pix, datatype: float64}
# - {name: gini, datatype: float64}
# - {name: equivalent_radius, unit: pix, datatype: float64}
# - {name: kron4_2_flux, datatype: float64}
# - {name: kron4_2_fluxerr, datatype: float64}
# - {name: kron4_2_mag, datatype: float64}
# meta:
#   PHOTMJSR: 0.3925000131130219
#   PIXAR_SR: 2.11539874851881e-14
#   __serialized_columns__:
#     area:
#       __class__: astropy.units.quantity.Quantity
#       unit: !astropy.units.Unit {unit: pix2}
#       value: !astropy.table.SerializedColumn {name: area}
#     eccentricity:
#       __class__: astropy.units.quantity.Quantity
#       unit: !astropy.units.Unit {unit: ''}
#       value: !astropy.table.SerializedColumn {name: eccentricity}
#     equivalent_radius:
#       __class__: astropy.units.quantity.Quantity
#       unit: !astropy.units.Unit {unit: pix}
#       value: !astropy.table.SerializedColumn {name: equivalent_radius}
#     kron_radius:
#       __class__: astropy.units.quantity.Quantity
#       unit: !astropy.units.Unit {unit: pix}
#       value: !astropy.table.SerializedColumn {name: kron_radius}
#     orientation:
#       __class__: astropy.units.quantity.Quantity
#       unit: &id001 !astropy.units.Unit {unit: deg}
#       value: !astropy.table.SerializedColumn {name: orientation}
#     semimajor_sigma:
#       __class__: astropy.units.quantity.Quantity
#       unit: !astropy.units.Unit {unit: pix}
#       value: !astropy.table.SerializedColumn {name: semimajor_sigma}
#     semiminor_sigma:
#       __class__: astropy.units.quantity.Quantity
#       unit: !astropy.units.Unit {unit: pix}
#       value: !astropy.table.SerializedColumn {name: semiminor_sigma}
#     sky_centroid:
#       __class__: astropy.coordinates.sky_coordinate.SkyCoord
#       dec: !astropy.table.SerializedColumn
#         __class__: astropy.coordinates.angles.Latitude
#         unit: *id001
#         value: !astropy.table.SerializedColumn {name: sky_centroid.dec}
#       frame: icrs
#       ra: !astropy.table.SerializedColumn
#         __class__: astropy.coordinates.angles.Longitude
#         unit: *id001
#         value: !astropy.table.SerializedColumn {name: sky_centroid.ra}
#         wrap_angle: !astropy.coordinates.Angle
#           unit: *id001
#           value: 360.0
#       representation_type: spherical
#   astropy version: '5.1'
#   kernelfile: kernel_f814w_f277w.fits
#   make_catalog parameters:
#     ab_zpt: 31.4
#     coadd_bands: !!python/tuple [f277w, f356w]
#     deblend_contrast: 0.001
#     deblend_nlevels: 32
#     deblend_npixels: 1
#     detect_kernel_fwhm: 4.0
#     detect_kernel_npix: 7
#     detect_npixels: 4
#     detect_threshold_nsigma: 3.0
#     flag_isolated_buffer: 4
#     hst_bands: !!python/tuple [f606w, f814w, f125w, f140w, f160w]
#     jwst_bands: !!python/tuple [f115w, f150w, f200w, f277w, f356w, f410m, f444w]
#     near_border_kernelsize: 21
#     reference_band: f200w
#   make_catalog version: 1.4.0
#   photutils version: 1.5.0
# schema: astropy-2.0
label xcentroid ycentroid sky_centroid.ra sky_centroid.dec bbox_xmin bbox_xmax bbox_ymin bbox_ymax area semimajor_sigma semiminor_sigma orientation eccentricity min_value max_value local_background segment_flux segment_fluxerr kron_flux kron_fluxerr kron_radius gini equivalent_radius kron4_2_flux kron4_2_fluxerr kron4_2_mag
[from data line 123]
124 7923.804345156688 394.3588299146767 214.85255278897833 52.80461765423511 7914 7933 384 404 313.0 3.8556896529929743 3.070429118426403 -51.72461085250511 0.6048529219972425 -0.15933478531795844 4.710114933690232 0.0 239.92228240099513 4.923835 250.01066903496942 5.946652655517331 1.4 0.5422969156574133 9.981532666656284 261.08675778873214 9.635760204536345 25.358037887132834
125 8741.65530031996 389.91190249894134 214.84530530346635 52.799397235521404 8737 8746 385 395 82.0 2.722486986021331 1.7911911414061406 -45.617321199298 0.7530838136104018 -0.3074963786643162 0.8158248196855783 0.0 27.795826945644905 3.368812 34.855217191810006 7.149666691566449 2.009083825584842 0.3680573224429269 5.108953969950291 57.51273717748875 11.383473970499303 27.00058990682766
126 1588.9423658281623 386.9491803314062 214.9091889139992 52.844812786557156 1587 1590 386 389 13.0 1.3426211482109358 0.5685621394299563 -23.504570921588368 0.9059093052009489 -0.08523046211939485 0.20762054972905367 0.0 0.6289342727102041 1.0526385 4.5975682992946405 2.9364178868573605 2.64020511708307 0.505526877949795 2.0342144725641096 8.06392837484196 4.697689981424606 29.13363334589377
127 6316.505992803013 392.0695515212738 214.86691704662806 52.814816417947064 6309 6326 387 398 157.0 3.9265041840398576 2.8306969707683187 -20.8564771972737 0.6930178752855392 -0.16049673415703217 0.4208957012812131 0.0 19.15421320473654 3.2855844 45.71797346628475 9.836574098265478 2.5481459550007455 0.42301292249695893 7.069275219628611 60.232087006967305 15.702296551497193 26.950430221290436
128 9762.381359401303 390.0496567840034 214.83620268420495 52.79291188963322 9760 9765 387 394 37.0 2.434517205383102 1.1320525320165502 -78.21794718215692 0.885310241638005 0.016158943519206603 0.6652837952762688 0.0 9.916542877379984 1.7408416 38.17323864087544 5.865435281787394 2.7798872059059265 0.31243646942700815 3.431831258788849 45.88786156331386 9.416162076926094 27.245755451366527
129 2024.8636687845096 399.52259025650625 214.9051614367223 52.84211280818277 2010 2037 388 413 556.0 6.797588776034755 4.65678651667521 36.616316520527015 0.7284824494044904 -0.14018577904052915 0.8665838499802251 0.0 179.98060185260954 6.0877843 434.44825228628724 18.434443030840207 2.862279041583893 0.36544232151013234 13.303394180365686 537.4366817635372 29.494206959658687 24.574181737277506
130 2226.6509238244294 392.4701446568008 214.90343261324162 52.840793474767466 2222 2232 389 396 64.0 2.4766919764127495 1.622554607115824 -7.290288564366951 0.7555163826364594 0.07583071417156387 0.8864755496054563 0.0 30.990906427479686 2.1132457 46.13672512633735 4.814424848001786 2.05173402719766 0.2513701560630735 4.51351666838205 56.46153594583555 7.719215232413248 27.020618279353027
131 2690.740114846955 391.9045622619375 214.89929234467775 52.83784353110712 2689 2692 389 393 18.0 0.9571092700844847 0.6961666997588092 82.61555502630304 0.6862519982421267 -0.06460816927355938 0.1583876752868572 0.0 0.389704776443058 1.2534597 -0.5922683318635975 1.5064112314703861 1.4 0.6656779814094229 2.393653682408596 -1.4387894325155397 2.439800705650734 nan
132 3085.788568027833 397.0860414587934 214.89570892303027 52.83536288342657 3083 3089 393 400 47.0 2.162405285206918 1.1759759916759478 -82.46823466263554 0.8391968678089844 -0.09673822426346089 0.5398884969837515 0.0 8.856201396948757 2.0525749 38.03707821685764 7.134735169158814 3.4806780196844542 0.4355445163006972 3.8678889139475245 23.045387833028883 11.352763614943832 27.9935399467368
133 2633.6337473096874 397.9299005647834 214.8997391693573 52.838238670969425 2631 2636 394 399 28.0 1.9847096807419253 0.5041173352102702 -29.341035073402338 0.967204075938942 -0.1960857362670506 0.28703102354239585 0.0 -0.6226272922131625 1.5964206 6.131189083712222 4.070279264723468 3.064791696759983 -0.2555561315291733 2.985410660720923 15.089558528912725 6.589859831768755 28.453308665183584
134 3989.1708023841047 402.0660185551237 214.88758822513296 52.829652763354076 3984 3993 398 406 48.0 2.886001789424896 0.8995698687873819 -34.471725930785844 0.9501802134291562 -0.21427352406039019 0.22331352310254313 0.0 0.6918658362821073 1.8803067 0.529657746449665 2.7470948541731794 1.4 0.3509890628246901 3.9088200952233594 -0.47879584462495384 4.37878084659193 nan
135 9193.827910314405 400.26040724317727 214.84116447558688 52.79657983392539 9190 9197 398 404 47.0 1.9849882443118116 1.444716167748563 16.949413013058837 0.685767135051515 -0.09930451945267486 0.5675560571834581 0.0 14.610667978108209 2.152863 21.752402492179705 4.401814198995382 1.863831046734144 0.28119023300427565 3.8678889139475245 18.439652492285347 6.990596216718436 28.2356181694458
136 7255.964353214403 410.1612781863823 214.8583443053434 52.80894584913934 7244 7272 401 420 407.0 6.741977440382926 3.7668933574267127 10.47755657976968 0.8293547828181808 -0.16800016813066104 1.397838307530763 0.0 109.848344394529 5.8052526 131.06224385317586 8.941022369395343 1.4 0.4406007259713403 11.382096629215674 120.52011125073432 14.222490639670147 26.197351190265582
137 898.1583485274579 442.05780612319296 214.91478328788236 52.84949605553261 858 944 402 472 4290.0 17.70991930508004 10.68527172995845 -35.0950052602958 0.7974768512217555 -0.4084075447271179 5.222316106253044 0.0 1779.260070692024 21.246363 1953.750223145384 32.408640423895704 1.6327171603172135 0.5564693490182085 36.95334100901381 2176.340555205963 52.66827129013112 23.055682862422824
138 8384.408444357363 409.88599549224057 214.848281371428 52.80177485584307 8376 8392 403 418 195.0 3.083573640282282 2.9351976011445027 78.73235980545815 0.30646542199869 -0.024378997577421437 3.6582445483053054 0.0 164.29969057572123 4.4252114 212.57523694482455 8.207009964055707 1.9278122493832628 0.4535386937440261 7.878478774854901 232.27255266676707 13.077202115855778 25.485005267897566
139 1468.3903331659108 404.95733625606954 214.91007691890925 52.84567539453432 1467 1470 404 407 13.0 1.0930785108760328 0.7414901869874244 20.55950362995629 0.734738597684922 -0.007279629626073248 0.32938382939786276 0.0 2.9228183413917366 1.0316459 6.874019657825077 2.167948190429317 1.8870908949774314 0.2660561977899297 2.0342144725641096 5.547720902126291 3.4704842707655112 29.53971348945262
140 7035.819810929419 406.40735324311504 214.8603478566253 52.81032418135001 7032 7039 404 410 42.0 1.8923222635028787 1.4409642336805368 37.770411653191196 0.6481892276111116 -0.026187472730235466 0.6585318445676074 0.0 10.394357176363037 1.8654375 17.26949527139243 4.462898939532148 2.145806314436071 0.4102113833326041 3.656366395715726 20.4416481203625 7.080054339649613 28.123710229669694
141 666.3189039010706 407.3782643846074 214.91722015502992 52.850780744617495 665 670 405 411 32.0 1.2348535375644902 1.0682747598670284 -32.55119166126207 0.5015952913386931 -0.19940957994142805 0.6205809311205509 0.0 5.808306558293307 1.8849751 5.917437669994455 2.3924496224289653 1.4 0.5308111002255219 3.1915382432114616 1.4866303597383859 3.854264687786838 30.969492505867144
142 818.994483143275 413.0724406093031 214.91579559289121 52.849842190510046 812 825 407 419 135.0 3.3124292685440677 2.4183735707368816 27.298086477512722 0.6833503291309544 -0.04444661716555371 0.7496674322442942 0.0 39.33555774171407 3.776577 85.30925622418722 11.154418962570132 2.6913839880654886 0.3120652209771377 6.555290583552474 134.07163433382806 18.004592495192192 26.081657741340038
143 2046.0884752603367 422.88831142589544 214.90472616179275 52.84210414405672 2035 2058 408 437 514.0 5.664049049404614 4.034332921814019 89.67582307692236 0.7019054563752164 -0.13453468413255665 1.8228715130486515 0.0 163.4798805841883 5.8709064 287.78409667559185 13.720815275586203 2.4988796333558114 0.5010274847803431 12.791062563308351 380.4497889292719 21.919118086298113 24.94925663126682
144 7470.814555206852 410.3089720736355 214.85642601329002 52.807581672005064 7468 7476 408 412 29.0 1.5483589653879666 1.0439153166169057 -3.785557886471287 0.7385419209739441 -0.06470085368320962 0.3303191627524688 0.0 3.614496993686759 1.5316068 21.866245477906556 5.506181579145709 3.4851460494793383 0.39702204334352353 3.0382538898732494 29.41422529744895 8.717900208084425 27.728606463591102
145 8453.043072124974 411.7601704144793 214.8476495544592 52.80134886736441 8450 8455 410 413 18.0 1.450794900338273 0.8763285243014672 -7.563276266437924 0.7969590297049215 -0.07936090881209248 0.10334707467189362 0.0 0.8108526349256412 1.3069247 9.788227770044674 5.356896907472717 3.37044256544684 0.29380843936868106 2.393653682408596 2.658855764214138 8.657961506427784 30.33826305334738
146 2399.1879445074055 418.84813036233504 214.90161379785152 52.83984026335208 2392 2406 412 426 171.0 3.739893097254584 3.1066457358420423 76.51495326401162 0.5567536129813742 -0.22449210579301113 0.4333655590606505 0.0 15.431825486245724 3.9502676 32.514246489626935 13.822755841601824 3.0176379340395814 0.4759089332137606 7.377736139048903 36.349963050120714 22.04150649172982 27.498740065666887
147 937.7045603227408 418.5393834524631 214.9146770649649 52.84911803456072 937 938 418 420 4.0 0.7958213280603126 0.3852649077437007 69.45410622045407 0.8750072553666418 0.06563109413719442 0.1323111993273219 0.0 0.4036891186882892 0.6454806 5.081675903932617 2.879170993521772 3.668435269252703 0.1922478176438704 1.1283791670955126 14.546101213416254 4.603336302483484 28.493133487209953
148 4331.614715062946 422.4007256253311 214.88431657870058 52.827587614977084 4328 4334 419 425 35.0 1.6387006072593922 1.426420916683525 -40.72464933084936 0.49224176263809777 0.08682843895702247 0.6801562273841214 0.0 13.11714979579996 1.8115631 42.35450282725091 6.1106653096448005 2.94920265738542 0.27170251163228165 3.3377905890622728 56.01936015074887 9.876778544195396 27.029154639914026
149 8512.210129377809 420.5320348184233 214.84702969270998 52.801020223066324 8512 8514 419 421 6.0 0.5605407577984524 0.31740014437024006 56.44055243654939 0.8242409722217611 -0.11182290915823496 0.0638013191476229 0.0 -0.08156756907228252 0.7946563 2.0916560946237857 2.6449690976217766 4.330956623135537 -0.8026212514726618 1.381976597885342 -2.5008438538783264 4.21429894459606 nan
150 2647.52576269809 422.8477632425096 214.89935312611314 52.8382849262612 2646 2650 420 425 26.0 1.4505027682310296 1.042016393761047 63.203323707548876 0.6956478997369314 -0.0928906467663735 0.2373354585146229 0.0 2.7018592334908496 1.5494972 3.669470814741607 6.108244849442824 3.7420040176455474 0.3166255761515424 2.876813695875796 -2.281694859941865 9.750550769213529 nan
151 3306.359157371863 428.5750480489654 214.89340774603338 52.834132099517184 3303 3311 423 433 74.0 2.4228805994779594 1.974372489086198 -63.51888304086523 0.5796206762688371 -0.06121937329961236 0.6033184459991221 0.0 20.032836648822986 2.3179388 36.12704504677727 7.000778592366219 2.6697996286376537 0.27906227419365576 4.853342309955121 33.244723143446826 11.200123340027572 27.595693198575276
152 3847.2734801446077 427.1440362373206 214.88859179881274 52.83068923815449 3844 3850 423 431 54.0 1.9958383173319445 1.6088901536044358 -79.2706535077926 0.5917487063271091 -0.07490315205454591 0.4122329131804527 0.0 10.340507047021164 1.9428513 14.518491775620225 2.948597559110006 1.4 0.2989086347014247 4.145929793656026 10.753854478620127 4.724841601077919 28.821089611752484
153 8003.0 423.0 214.85154537410006 52.804268923283516 8001 8003 423 425 8.0 0.28867513459481287 0.28867513459481287 0.0 0.0 -0.3047423176160167 0.018096543629133023 0.0 -1.2361723257446864 0.86770624 -0.00211250634906043 0.5445665784153875 1.4 -0.3703978428470461 1.5957691216057308 -0.09138230333259326 0.8752813719545959 nan
154 8495.107299606743 426.33894494598525 214.84712119289404 52.80116020304004 8491 8499 424 432 59.0 2.09026030952855 1.6991978434269934 11.872669195277295 0.5823864352288741 -0.06774205437800183 0.3426724066500724 0.0 8.644210903079154 2.4960876 16.790641894453803 7.221086989818872 2.6177938195234765 0.3963804462334987 4.3336224206596095 2.373951445137881 11.451711678833155 30.4613204199872
155 2536.232558145998 427.35938245174066 214.90029996265298 52.8390159800484 2535 2537 426 428 8.0 0.820827760213458 0.6683243465333808 -31.61890005397108 0.5805735911166237 0.06412242952569065 0.2951524204584247 0.0 1.4855150045543588 0.81968904 13.52868342872696 3.464493368123626 3.613455474680325 0.2413076325801957 1.5957691216057308 18.768992869667553 5.573951249756796 28.21639757668861
156 9692.923392873046 431.4759648363691 214.8363865611993 52.79357660117501 9687 9698 427 438 105.0 2.5247437741039302 2.1427200586509807 -18.712528034233387 0.5288936256211084 -0.09123929804143774 1.34899034666057 0.0 41.972064556518134 3.0125453 58.477901084577944 5.798699868117971 1.9357531847247285 0.39730037820910824 5.781222885281108 70.70621301443578 9.229686693411795 26.776356056761923
157 2968.914885677506 437.598661157742 214.8963270439688 52.83632367312294 2964 2978 431 445 179.0 2.2541924388543855 2.1190601169201253 31.614583560452438 0.3410286848200717 -0.12709666956632376 18.87248595840305 0.0 374.43204546615834 3.887148 393.9067245204038 4.328294415496273 1.529432217159255 0.6987876368031682 7.54834217738561 425.0129581086133 6.903988183186595 24.828994571643186
158 6541.395035461579 433.2685950569131 214.8644771802878 52.81361001380336 6539 6544 431 436 25.0 1.2620282410136245 1.1817480627000168 -60.25191730236936 0.35096662179987487 0.06595024115358425 0.785822094545763 0.0 10.408863515919961 1.3848866 19.91864183007823 3.8941702277407693 2.56302951492203 0.2856559520742123 2.8209479177387813 21.253605589154837 6.216368933302957 28.081418457605565
159 9135.237706902684 434.6850829392405 214.8413251221972 52.797137732036205 9125 9145 431 440 169.0 4.217832807898495 1.8624216763194947 3.3159173021089687 0.8972322581139034 -0.2737482473027608 0.923891077122328 0.0 40.49120911620283 4.2436333 41.82908147676079 5.617911343089013 1.4 0.47752690343080034 7.334464586120832 30.999614181259815 8.937124102339448 27.671609278316943
160 7238.817088633653 439.8525418476435 214.85818522770106 52.80921490761698 7235 7243 436 443 60.0 2.206631601492181 1.6643746704764808 64.82840085428874 0.6565754800866014 -0.15366850404466273 0.41727872801591426 0.0 10.460800280488595 2.277368 26.360693232595118 6.709974392013836 2.753125103718814 0.36501097150982764 4.370193722368317 34.87557670103842 10.722731006636016 27.543696505460172
161 1529.5306069586193 439.25048872330035 214.90917002532927 52.84547229518177 1527 1531 437 441 22.0 1.4537500611274667 1.15326865831722 -46.09958579407829 0.608823108064407 0.047731367113945065 0.32273658266007443 0.0 3.258033136535023 1.3501632 10.239894584618524 4.036517700235019 2.460713979097902 0.301809980688521 2.6462837142006137 9.173803273554064 6.442159137010749 28.99362644319103
162 6641.617311455811 441.56523389803357 214.86349566713275 52.813018083924064 6639 6643 438 442 23.0 1.265815366575416 0.8384059531354775 17.407146361930177 0.7491993401433027 -0.24740895355167009 0.2757627119713659 0.0 -0.3708678928554636 1.3494767 2.7549385753483078 3.2302487641585054 2.5220893666482915 -0.40243510657001047 2.7057581899030048 1.192733968473562 5.215317719194669 31.208641030194983
163 8230.031699657668 441.88196817190214 214.84932196279996 52.802928255200975 8224 8238 438 446 106.0 3.803090124932449 1.8841096901503285 28.692464184720052 0.8686561516975437 -0.24978884271739749 0.34676186776181794 0.0 8.164023005131192 3.219128 44.92720038361552 12.856947052202603 3.451423523641422 0.4357512574860892 5.808687281605183 85.15936741631812 20.584755083051608 26.574418933156583
