outputs/dr0.5_c0.1/nircam6_matched_f606w_f277w_dr0.5_c0.1.ecsv
# %ECSV 1.0
# ---
# datatype:
# - {name: label, datatype: int64}
# - {name: xcentroid, datatype: float64}
# - {name: ycentroid, datatype: float64}
# - {name: sky_centroid.ra, unit: deg, datatype: float64}
# - {name: sky_centroid.dec, unit: deg, datatype: float64}
# - {name: bbox_xmin, datatype: int64}
# - {name: bbox_xmax, datatype: int64}
# - {name: bbox_ymin, datatype: int64}
# - {name: bbox_ymax, datatype: int64}
# - {name: area, unit: pix2, datatype: float64}
# - {name: semimajor_sigma, unit: pix, datatype: float64}
# - {name: semiminor_sigma, unit: pix, datatype: float64}
# - {name: orientation, unit: deg, datatype: float64}
# - {name: eccentricity, datatype: float64}
# - {name: min_value, datatype: float64}
# - {name: max_value, datatype: float64}
# - {name: local_background, datatype: float64}
# - {name: segment_flux, datatype: float64}
# - {name: segment_fluxerr, datatype: float32}
# - {name: kron_flux, datatype: float64}
# - {name: kron_fluxerr, datatype: float64}
# - {name: kron_radius, unit: pix, datatype: float64}
# - {name: gini, datatype: float64}
# - {name: equivalent_radius, unit: pix, datatype: float64}
# - {name: kron4_2_flux, datatype: float64}
# - {name: kron4_2_fluxerr, datatype: float64}
# - {name: kron4_2_mag, datatype: float64}
# meta:
#   PHOTMJSR: 0.3925000131130219
#   PIXAR_SR: 2.11539874851881e-14
#   __serialized_columns__:
#     area:
#       __class__: astropy.units.quantity.Quantity
#       unit: !astropy.units.Unit {unit: pix2}
#       value: !astropy.table.SerializedColumn {name: area}
#     eccentricity:
#       __class__: astropy.units.quantity.Quantity
#       unit: !astropy.units.Unit {unit: ''}
#       value: !astropy.table.SerializedColumn {name: eccentricity}
#     equivalent_radius:
#       __class__: astropy.units.quantity.Quantity
#       unit: !astropy.units.Unit {unit: pix}
#       value: !astropy.table.SerializedColumn {name: equivalent_radius}
#     kron_radius:
#       __class__: astropy.units.quantity.Quantity
#       unit: !astropy.units.Unit {unit: pix}
#       value: !astropy.table.SerializedColumn {name: kron_radius}
#     orientation:
#       __class__: astropy.units.quantity.Quantity
#       unit: &id001 !astropy.units.Unit {unit: deg}
#       value: !astropy.table.SerializedColumn {name: orientation}
#     semimajor_sigma:
#       __class__: astropy.units.quantity.Quantity
#       unit: !astropy.units.Unit {unit: pix}
#       value: !astropy.table.SerializedColumn {name: semimajor_sigma}
#     semiminor_sigma:
#       __class__: astropy.units.quantity.Quantity
#       unit: !astropy.units.Unit {unit: pix}
#       value: !astropy.table.SerializedColumn {name: semiminor_sigma}
#     sky_centroid:
#       __class__: astropy.coordinates.sky_coordinate.SkyCoord
#       dec: !astropy.table.SerializedColumn
#         __class__: astropy.coordinates.angles.Latitude
#         unit: *id001
#         value: !astropy.table.SerializedColumn {name: sky_centroid.dec}
#       frame: icrs
#       ra: !astropy.table.SerializedColumn
#         __class__: astropy.coordinates.angles.Longitude
#         unit: *id001
#         value: !astropy.table.SerializedColumn {name: sky_centroid.ra}
#         wrap_angle: !astropy.coordinates.Angle
#           unit: *id001
#           value: 360.0
#       representation_type: spherical
#   astropy version: '5.1'
#   kernelfile: kernel_f606w_f277w.fits
#   make_catalog parameters:
#     ab_zpt: 31.4
#     coadd_bands: !!python/tuple [f277w, f356w]
#     deblend_contrast: 0.001
#     deblend_nlevels: 32
#     deblend_npixels: 1
#     detect_kernel_fwhm: 4.0
#     detect_kernel_npix: 7
#     detect_npixels: 4
#     detect_threshold_nsigma: 3.0
#     flag_isolated_buffer: 4
#     hst_bands: !!python/tuple [f606w, f814w, f125w, f140w, f160w]
#     jwst_bands: !!python/tuple [f115w, f150w, f200w, f277w, f356w, f410m, f444w]
#     near_border_kernelsize: 21
#     reference_band: f200w
#   make_catalog version: 1.4.0
#   photutils version: 1.5.0
# schema: astropy-2.0
label xcentroid ycentroid sky_centroid.ra sky_centroid.dec bbox_xmin bbox_xmax bbox_ymin bbox_ymax area semimajor_sigma semiminor_sigma orientation eccentricity min_value max_value local_background segment_flux segment_fluxerr kron_flux kron_fluxerr kron_radius gini equivalent_radius kron4_2_flux kron4_2_fluxerr kron4_2_mag
[from data line 1553]
1554 7290.989593169651 1999.2739436481183 214.84132688063872 52.81729197747137 7288 7294 1997 2002 35.0 1.77980527131637 1.5185506864341545 -13.28119585427144 0.5215647514673508 0.1221316550627683 0.3118429324702111 0.0 7.591273214973783 1.5683596 16.555778503200745 4.744126586015654 2.475549743257078 0.1490563088262303 3.3377905890622728 13.577859814701362 7.711138489270201 28.56792169883442
1555 10120.184940780202 2003.0608863959535 214.81605884530194 52.79933202713073 10115 10125 1997 2009 123.0 2.6907604863206425 2.053036504618652 62.97786665418258 0.6464045141693524 -0.20008463885056374 1.2877983115191447 0.0 37.561234413030256 3.2433321 43.934549561957795 4.3971180475288865 1.4466747199081942 0.4669463203420879 6.257165172872317 41.03837876754708 7.051186490559972 27.367024511201105
1556 1267.1364468660872 2009.0752061763542 214.89500868948093 52.855610352769595 1257 1277 1999 2019 307.0 4.387194774186352 3.4366506971064115 -43.846842700985576 0.62159762478203 -0.13687295608933603 0.8928231548835481 0.0 51.2838029402525 4.7136407 70.40644887529251 9.236569991813667 2.0062806946471223 0.514074013185489 9.885400096021595 70.28327705704041 14.68140232146277 26.782869992777886
1557 9037.965762367203 2009.066768055178 214.82564349488848 52.806242850619 9028 9048 1999 2019 350.0 4.070956576798875 3.5796577767924145 -56.100038656585426 0.47623853896055823 -0.029170153888470312 2.55787188674472 0.0 197.8126786535684 4.9693475 233.6138538019054 8.364238983824139 1.8553572950803587 0.5053764528859441 10.55502061411188 264.29448722291016 13.419474743364768 25.344779738724252
1558 1080.9338269026016 2005.1175380164325 214.8967143591378 52.856771429501855 1072 1089 2000 2009 142.0 4.628996276794878 2.142881753376417 -12.15718273183738 0.8863970408040147 -0.12415406807473363 0.4762354107062822 0.0 20.347085148226054 3.162652 37.6817677699939 6.956415858394626 1.8847132332773682 0.3877392158409368 6.723094811029982 41.26611969895123 11.140964180213535 27.36101591604013
1559 3348.6320562207957 2012.4510116133204 214.87637753697425 52.8424089584519 3337 3361 2002 2023 439.0 3.8822247256929407 3.556453207180801 -41.81981911519191 0.40098097058909155 -0.25477213487959494 4.219084199875926 0.0 196.24164647004898 5.90046 245.490875455427 9.645500439365547 2.088140780988657 0.6494522048927205 11.821084554078958 350.1964873940976 15.477320543224845 25.03922053592991
1560 9274.60266208314 2007.2963749631067 214.82355227144805 52.80472933921682 9270 9279 2002 2011 69.0 3.2157387042991217 1.9083311643357164 -49.60849371623162 0.8048820854955582 -0.1534670953542583 0.25663483140966087 0.0 2.4428677722353234 2.2708614 1.9467867040215963 4.22005236190071 1.4 0.4831403876408414 4.686510657907603 -9.494114884108368 6.664376748602278 nan
1561 3410.8232276463773 2010.5321888779442 214.87584228618366 52.84200358568937 3396 3423 2003 2023 393.0 6.058862352650669 3.3250985521330763 -12.677126345364872 0.8359542362856295 -0.15767406413556664 1.461510629329753 0.0 110.15098322087205 5.4809313 185.80808031144073 13.823057490355946 2.477991353052177 0.5030761160099645 11.18462271470208 352.0021532653966 22.141221562419396 25.033636699625553
1562 9134.94650451115 2018.1604573021134 214.82468319852896 52.80567549837202 9121 9146 2003 2032 577.0 5.524643870571999 4.313501186555903 -61.23588223669938 0.6248128865267502 -0.19649379433287834 0.9903780519474267 0.0 63.00145109724641 6.4336505 72.4114933960901 8.102109725134293 1.4 0.6086075757339303 13.552298857686367 87.07083924829685 12.978039685599624 26.550318173732705
1563 7780.397244819469 2017.9308199445613 214.8367651311275 52.81428261067076 7766 7797 2005 2034 639.0 6.98528821148144 4.922577293467899 -41.1216464858785 0.7094990435702571 -0.1730587250784846 0.9139475196905247 0.0 162.79058256908078 6.7756534 193.8691037189204 9.736761263660345 1.4 0.4164454554124658 14.261837794318172 183.8769342665538 15.535941301441985 25.73868186435753
1564 9697.743383871051 2008.6065621196938 214.819766170978 52.802046994855644 9696 9701 2006 2011 26.0 1.6351638835629216 0.9681362532701379 -44.4524293125677 0.8058843954404719 -0.05152055372117086 0.20032212545633923 0.0 1.619450457831103 1.3526258 1.5432740341208189 2.055525066114254 1.4 0.4879500932404017 2.876813695875796 -2.829267342789624 3.2948065679725635 nan
1565 960.931021596121 2009.9481465392878 214.89773603996707 52.85755953226921 958 963 2007 2012 27.0 1.3584273285720594 1.1956749684515324 -57.547175148421175 0.4746203785206778 -0.10627239918568716 0.16326665955180425 0.0 1.7256054699683276 1.4183853 2.9932248342521466 2.145362945999295 1.4 0.3569611970683411 2.9316150714175193 2.8649525445936037 3.409064798494332 30.257206418353014
1566 8543.998733911912 2014.5338448148168 214.82999065790244 52.809411656226494 8538 8550 2009 2018 103.0 3.3289175708227385 2.362967447221884 -7.919453398483786 0.7043724625293865 -0.22923955413996833 0.19932268410577433 0.0 -0.5402127363728122 2.8404927 -3.759579453495208 4.81592350051523 1.4 -0.7502785270181817 5.725898905580716 -1.9943584597623818 7.671902957024636 nan
1567 3441.680833648448 2018.6199224732027 214.87548165115453 52.841851213728695 3429 3455 2011 2025 276.0 5.313526771179792 3.0805270249015595 14.379557182707561 0.8147930913223406 -0.20566232036956938 0.49882314711366943 0.0 43.63209112325819 4.6061406 66.75438129620301 9.591737436761925 1.9199489160029788 0.4203916133030628 9.373021315815206 89.78938645925052 15.300043561000413 26.516937490029875
1568 9329.436209756052 2014.5987575137722 214.82298662810513 52.804420191830374 9327 9332 2012 2018 32.0 1.9858252575405775 1.1339243370155097 -46.504586925031674 0.8209437145396805 -0.04176455175434634 0.30093154538975214 0.0 2.727071826515059 1.479042 6.2418140738557994 4.424403279379697 2.535448396894632 0.5152733283242038 3.1915382432114616 10.092590068096472 7.112217933890458 28.889993415444913
1569 233.79778955588287 2017.870914142776 214.9041520218305 52.86221948734609 227 238 2015 2021 59.0 2.4680001085799987 1.435535116514704 7.661088080859166 0.8134325450877679 -0.02891202279717593 0.7644614495854845 0.0 17.076090708665586 1.9831533 24.21518521441383 3.0330575724449136 1.4 0.32440451887761224 4.3336224206596095 23.82291661752405 4.892789751334956 27.957512673321737
1570 7230.1437409972805 2020.7308054410846 214.84164407579814 52.81779429421897 7222 7239 2016 2028 163.0 3.5232025321098184 2.0490683466964477 33.644060537628654 0.8134802426388338 -0.1713766053325484 0.6039729950365322 0.0 24.044060317726895 3.4471967 42.609140160787696 7.941233218573559 2.437800847571901 0.49929059227061573 7.203090409536582 72.63625051231476 12.617320964684769 26.747116455540098
1571 1159.0026723487383 2044.2193327979082 214.89560543661062 52.85648667579905 1130 1195 2017 2069 2146.0 10.781746552473077 9.434311539493404 26.79664469025729 0.484075423372307 -0.3205682744395418 2.0909212674079263 0.0 222.92552219947777 12.32344 536.1598008696518 33.28994658271387 2.8059620750049175 0.5800565763354655 26.136048204547198 826.325911204814 53.2956513330008 24.107121572009298
1572 2170.2570010491463 2031.9636236376039 214.88669830189443 52.84999847185257 2157 2182 2018 2044 379.0 7.196300770764324 2.94454444373551 -42.3927594253059 0.9124560472618899 -0.20789033815197588 0.6126139557501128 0.0 52.56633163568308 5.5080104 98.11558500834596 14.621464185423559 2.4934740055578155 0.4352857547712161 10.983598994121039 76.27937185792979 23.413387971615016 26.693982229801776
1573 4074.9578148240953 2024.1762591323165 214.86976805810374 52.83785861222909 4067 4082 2018 2031 161.0 3.060664620689292 2.902812504500045 4.861101700502502 0.3169999835682797 -0.16308633065207265 0.3968184498168955 0.0 17.717714238550947 2.8629472 21.967184070500046 4.157254017505626 1.4 0.40565769389758016 7.158763278359629 25.567541903517956 6.670638508173581 27.8807775589969
1574 6163.364059054782 2022.638393301353 214.8511421803732 52.824582860838895 6159 6166 2018 2028 67.0 2.386388930745966 1.6973627596174456 83.44206105805495 0.7029206414964373 0.07190671131153267 0.9887335307988835 0.0 26.271327267243098 2.5761259 35.715912347301234 5.893332056583724 2.1887737870233637 0.31880415939782847 4.61809077155419 51.79126096815669 9.402818643337728 27.114358787581466
1575 6934.833763623065 2022.215371738101 214.84426302291294 52.81967876383293 6933 6938 2019 2024 25.0 1.4088803929685003 0.691795292920145 37.65604669514141 0.8711455620064729 -0.17403643734549984 0.25577129947598093 0.0 1.7470710224934418 1.2984452 2.3010907646506134 1.601571140061046 1.4 0.44284534738221276 2.8209479177387813 1.269481920760113 2.5557884405791387 31.140933699303393
1576 7366.582083960422 2020.3502335879539 214.84043094316897 52.81692526311624 7363 7369 2019 2023 26.0 1.793012304726245 0.8814605371156006 -26.623438671479274 0.87081619032505 -0.09135940299794715 0.318093983065096 0.0 2.7742035228390067 1.3497231 7.9911460632861795 3.9806756318916894 2.6872653735374192 0.4820253660948965 2.876813695875796 9.096852138532263 6.344359868911818 29.00277216078309
1577 9603.86488750968 2021.295699115747 214.82046965942646 52.80271206828725 9601 9606 2019 2023 25.0 1.4348574601007844 1.052753975658182 -18.764356728334416 0.6794742630890597 0.08401490416449553 0.8249353045222764 0.0 11.670588140318047 1.3437515 21.18400091936256 3.221007831169344 2.2261257412533437 0.26455142588222064 2.8209479177387813 21.5193354214127 5.1806945058156835 28.06792786263377
1578 3819.9759083667886 2022.026957393369 214.87206752199714 52.83946669579289 3818 3821 2020 2024 14.0 1.0686755492751159 0.8659001246133465 63.37349005373157 0.5860769590994966 0.05373154004035557 0.26241925914019315 0.0 1.939183964131143 1.0854425 6.981288473649937 3.7406759845599535 3.110430299885687 0.28990514139016516 2.111004122822376 8.612958585259824 5.934221903545184 29.06211910262496
1579 3540.5062189975074 2023.0273952600517 214.87455272295196 52.84124726838953 3538 3542 2021 2026 26.0 1.6892075883788682 1.3926395447492899 77.4229204901822 0.5659586459331593 -0.02828141713627177 0.22600755740041822 0.0 1.7741857257416638 1.4037722 12.854521137595906 5.588009826686193 2.9656050240006198 0.46839248424607166 2.876813695875796 10.348484060872616 8.967063429227691 28.862808162285077
1580 7899.56378312424 2024.0407091859777 214.83563800363802 52.81355827737666 7896 7903 2021 2027 46.0 1.8995494008061569 1.6542218688740493 -40.06941945776748 0.49154953353703607 0.02442749521231934 0.2493724936201612 0.0 6.643604980342102 1.8529907 17.775822832078646 4.782442743672404 2.2168424102047775 0.25075357473294113 3.826519928662906 21.304883197249822 7.618633842887463 28.078802106126425
1581 2649.427819980584 2027.5662211959213 214.88246386514197 52.846931486451915 2645 2657 2022 2032 112.0 2.67876247793574 2.0674479924051856 -22.815581665040288 0.6358748276189647 -0.0913790342635363 0.6106433730315938 0.0 20.16906553172817 2.9748752 34.46055402953502 6.058776385136682 2.0116116933851456 0.480256364636694 5.970821321441846 27.05351490955876 9.72068902367291 27.819440753689616
1582 3207.3391231681817 2025.2011344992582 214.87750538045995 52.84337518540048 3204 3210 2022 2028 39.0 2.038646176990988 1.611989950308277 -11.6999259377087 0.6121832753570311 -0.02113629129746902 0.2847134496130854 0.0 4.877805526851371 1.7186859 35.13542620852667 8.7300930439721 3.904050123674785 0.37811229221935777 3.523362819972964 67.95974606612577 13.996721120222237 26.819370631389702
1583 3925.929965109609 2030.7003783045227 214.87103017675759 52.838840452120586 3914 3938 2023 2039 310.0 4.2893223730666294 2.4631101938602646 10.042276402570314 0.8186854227027437 -0.11641078595805145 4.219388468955944 0.0 193.20058110455946 5.108384 200.46134072766577 5.833994511098061 1.4 0.5998736213585908 9.933582672781009 210.49012007421013 9.269674804012942 25.591920710354042
1584 8332.548950410977 2033.9085215000562 214.83167262142064 52.81085988532991 8323 8342 2023 2043 302.0 3.93590071363169 2.5753298833744216 -52.365224349154175 0.7562196908229367 -0.10253700115971028 4.439751700482363 0.0 232.85377104810868 4.653786 254.84212438161813 6.763242302266472 1.7838621873859803 0.5978158137552096 9.804569629897316 291.3071341012937 10.812266110694363 25.23912219846442
1585 9361.068320171866 2031.0107126865382 214.8225320694628 52.80430760225166 9358 9364 2026 2034 39.0 2.4086362291700896 0.946621344685755 -71.3155662629728 0.9195336258222807 -0.18008815682546214 0.27064799187825245 0.0 2.859491900877602 1.6971449 30.908769602785963 7.131769445958403 3.9785908212278667 0.46969915911626425 3.523362819972964 55.723890367346286 11.445457635475064 27.034896427224133
1586 10290.268993353478 2036.3250794681137 214.8141931487739 52.79843018263867 10283 10296 2028 2045 142.0 4.424063669071034 1.8737847823069407 -56.349298103679295 0.9058756211353787 -0.06908899820510726 0.48255712600847667 0.0 28.81993875945831 3.486023 35.50734370252717 5.224498052362705 1.4 0.3717906964587184 6.723094811029982 28.74616414098824 8.385739317421935 27.753550247309327
1587 3994.1855282148476 2036.7739706118011 214.8703568226795 52.83843964379708 3988 4001 2029 2044 193.0 3.138621508476222 2.826391764193478 86.5584921733513 0.4348143788262728 -0.06334681500624376 0.9644044920361626 0.0 45.4825366632779 3.592933 50.88080009815536 5.973768098655532 1.743054935880745 0.4613844421109459 7.837972188868215 55.05187529985537 9.56015976282895 27.048069706330597
1588 3023.985218173927 2036.9953658430593 214.8790190089432 52.84460339645439 3018 3028 2032 2044 97.0 3.2284619241844412 1.78486088630765 -59.37234899654225 0.8332796177669151 -0.07159272528758283 0.48984222125456467 0.0 18.362353635478126 2.7065594 40.97764552772456 7.288881569048976 2.484334034348469 0.39913006052585676 5.556622981616415 83.14424386661109 11.715053075475737 26.600419529776197
1589 3293.7028424041278 2041.1370075503346 214.876566456401 52.842912598266686 3290 3298 2037 2045 59.0 1.94274170427366 1.519784815279437 -73.9465442400572 0.622916080868409 -0.14492806145964007 0.8871287143645156 0.0 18.44315571514017 2.167241 29.18754853162395 4.454910937412778 2.1140982664842913 0.39994921253972415 4.3336224206596095 25.60129451082313 7.1259493109351935 27.879345185871408
1590 3201.022294377575 2058.5022696868114 214.87721160212496 52.84359495196042 3186 3219 2038 2080 867.0 10.269019335042215 5.174878731349045 47.53454645116457 0.86374382500165 -0.3055426829269265 0.6193397593105804 0.0 101.74747446068436 8.188436 222.3764639391473 23.52920160210624 2.602923547832922 0.4677253804617389 16.612485404699278 316.7889463239778 37.68011654934498 25.14807495149939
1591 4246.831176988173 2043.364758873579 214.8680316312788 52.83687032397596 4242 4254 2038 2049 108.0 2.4911923603962607 2.0452847183164367 84.53339214318959 0.5709190766976809 -0.1702118588069393 0.219743078123545 0.0 -0.30545683586796923 2.4658582 52.52591763257752 12.027520954280549 5.0695529690160175 0.08387826187860334 5.863230142835039 80.68078024532034 19.470279857901495 26.633074776191602
1592 441.60330593909663 2041.3987570454103 214.90204701413649 52.86102695919925 439 444 2039 2044 27.0 1.5734879533582986 1.10065910825985 11.803751694595137 0.7146299323904588 0.03544459836804046 0.300224635466592 0.0 5.179855023903974 1.358297 20.040992853479306 4.735050359730457 3.0858403949899587 0.23442546176668422 2.9316150714175193 31.352124507088487 7.580631423513779 27.659332562087663
