outputs/dr0.5_c0.1/nircam3_matched_f277w_f410m_dr0.5_c0.1.ecsv
# %ECSV 1.0
# ---
# datatype:
# - {name: label, datatype: int64}
# - {name: xcentroid, datatype: float64}
# - {name: ycentroid, datatype: float64}
# - {name: sky_centroid.ra, unit: deg, datatype: float64}
# - {name: sky_centroid.dec, unit: deg, datatype: float64}
# - {name: bbox_xmin, datatype: int64}
# - {name: bbox_xmax, datatype: int64}
# - {name: bbox_ymin, datatype: int64}
# - {name: bbox_ymax, datatype: int64}
# - {name: area, unit: pix2, datatype: float64}
# - {name: semimajor_sigma, unit: pix, datatype: float64}
# - {name: semiminor_sigma, unit: pix, datatype: float64}
# - {name: orientation, unit: deg, datatype: float64}
# - {name: eccentricity, datatype: float64}
# - {name: min_value, datatype: float64}
# - {name: max_value, datatype: float64}
# - {name: local_background, datatype: float64}
# - {name: segment_flux, datatype: float64}
# - {name: segment_fluxerr, datatype: float32}
# - {name: kron_flux, datatype: float64}
# - {name: kron_fluxerr, datatype: float64}
# - {name: kron_radius, unit: pix, datatype: float64}
# - {name: gini, datatype: float64}
# - {name: equivalent_radius, unit: pix, datatype: float64}
# - {name: kron4_2_flux, datatype: float64}
# - {name: kron4_2_fluxerr, datatype: float64}
# - {name: kron4_2_mag, datatype: float64}
# meta:
#   PHOTMJSR: 0.8704000115394592
#   PIXAR_SR: 2.11539874851881e-14
#   __serialized_columns__:
#     area:
#       __class__: astropy.units.quantity.Quantity
#       unit: !astropy.units.Unit {unit: pix2}
#       value: !astropy.table.SerializedColumn {name: area}
#     eccentricity:
#       __class__: astropy.units.quantity.Quantity
#       unit: !astropy.units.Unit {unit: ''}
#       value: !astropy.table.SerializedColumn {name: eccentricity}
#     equivalent_radius:
#       __class__: astropy.units.quantity.Quantity
#       unit: !astropy.units.Unit {unit: pix}
#       value: !astropy.table.SerializedColumn {name: equivalent_radius}
#     kron_radius:
#       __class__: astropy.units.quantity.Quantity
#       unit: !astropy.units.Unit {unit: pix}
#       value: !astropy.table.SerializedColumn {name: kron_radius}
#     orientation:
#       __class__: astropy.units.quantity.Quantity
#       unit: &id001 !astropy.units.Unit {unit: deg}
#       value: !astropy.table.SerializedColumn {name: orientation}
#     semimajor_sigma:
#       __class__: astropy.units.quantity.Quantity
#       unit: !astropy.units.Unit {unit: pix}
#       value: !astropy.table.SerializedColumn {name: semimajor_sigma}
#     semiminor_sigma:
#       __class__: astropy.units.quantity.Quantity
#       unit: !astropy.units.Unit {unit: pix}
#       value: !astropy.table.SerializedColumn {name: semiminor_sigma}
#     sky_centroid:
#       __class__: astropy.coordinates.sky_coordinate.SkyCoord
#       dec: !astropy.table.SerializedColumn
#         __class__: astropy.coordinates.angles.Latitude
#         unit: *id001
#         value: !astropy.table.SerializedColumn {name: sky_centroid.dec}
#       frame: icrs
#       ra: !astropy.table.SerializedColumn
#         __class__: astropy.coordinates.angles.Longitude
#         unit: *id001
#         value: !astropy.table.SerializedColumn {name: sky_centroid.ra}
#         wrap_angle: !astropy.coordinates.Angle
#           unit: *id001
#           value: 360.0
#       representation_type: spherical
#   astropy version: '5.1'
#   kernelfile: kernel_f277w_f410m.fits
#   make_catalog parameters:
#     ab_zpt: 31.4
#     coadd_bands: !!python/tuple [f277w, f356w]
#     deblend_contrast: 0.001
#     deblend_nlevels: 32
#     deblend_npixels: 1
#     detect_kernel_fwhm: 4.0
#     detect_kernel_npix: 7
#     detect_npixels: 4
#     detect_threshold_nsigma: 3.0
#     flag_isolated_buffer: 4
#     hst_bands: !!python/tuple [f606w, f814w, f125w, f140w, f160w]
#     jwst_bands: !!python/tuple [f115w, f150w, f200w, f277w, f356w, f410m, f444w]
#     near_border_kernelsize: 21
#     reference_band: f200w
#   make_catalog version: 1.4.0
#   photutils version: 1.5.0
# schema: astropy-2.0
label xcentroid ycentroid sky_centroid.ra sky_centroid.dec bbox_xmin bbox_xmax bbox_ymin bbox_ymax area semimajor_sigma semiminor_sigma orientation eccentricity min_value max_value local_background segment_flux segment_fluxerr kron_flux kron_fluxerr kron_radius gini equivalent_radius kron4_2_flux kron4_2_fluxerr kron4_2_mag
[from data line 3387]
3388 1231.1451580585463 4254.949422584811 214.81945879616669 52.88637278878926 1220 1242 4245 4264 352.0 4.403954423582404 3.0173539329351518 -32.83509875490053 0.72840530049984 0.1680106210325065 6.043433565737751 0.0 371.82383010578445 3.8119292 419.6257765525182 5.603410801992359 1.742432808754215 0.531203413803831 10.585134856802455 463.8131029764794 9.109885779843585 24.73414246616401
3389 6139.806372955921 4249.294748706266 214.7757067245685 52.85513491705907 6137 6143 4245 4253 50.0 2.174754976596294 1.535065180991026 63.23685595632706 0.7083547433769183 0.2220948774154802 0.5661554345853587 0.0 18.085441470704744 1.3702905 30.772265177539587 3.1254741474392795 2.1591557110986064 0.16339759900477863 3.989422804014327 37.42338498253498 4.820004004287631 27.467142331724627
3390 6362.891496786237 4251.016104009807 214.77369897473343 52.85372551391494 6358 6368 4245 4257 115.0 2.8733834177982387 2.3158155877355657 -87.23211545347657 0.5919778214926649 0.17248694708859044 1.0923798104926945 0.0 54.81855692601901 1.9156499 89.5279379641501 4.51204147012613 2.2033066329949733 0.2827893412720639 6.050259243299904 93.95050484711447 7.065888556557251 26.467752204642352
3391 376.92284229508806 4252.289190895589 214.8271175092556 52.891787622917164 373 381 4247 4257 73.0 2.604381827074765 1.7981406161199074 -69.05359651810402 0.7234002086661906 0.24608935741060575 0.7935292181524083 0.0 33.459113119127416 1.611868 67.12586230902488 4.523504984077496 2.50286579961786 0.19892077998608554 4.820437914901168 83.96792501178858 7.314817164217643 26.589716447065943
3392 7554.050364537 4255.578342780489 214.76302958487236 52.84617453505609 7544 7567 4247 4263 282.0 4.663507910764363 2.9433795158052294 -23.389791370403298 0.775659666777186 0.16028905448167272 2.8398736017051993 0.0 200.76750421183277 3.246275 290.7801181921081 6.699873367841512 2.1831649217302824 0.4001225235762127 9.474354220939228 335.75104216888246 10.98271002824277 25.084956576525315
3393 6057.061614280609 4256.381723366675 214.77637009364736 52.85569927805201 6048 6066 4248 4266 286.0 3.4870683194576366 3.404298679032807 6.7230971336686585 0.21658469675849 0.20343242447826493 4.925444830640843 0.0 298.59080343577637 3.194255 340.5595643598018 4.8932938742779175 1.736811552146549 0.4829526515665731 9.541311620975605 377.843694626695 7.650523892768766 24.956719551993714
3394 176.0067393226584 4253.304211895062 214.8289018598346 52.893069983159386 171 181 4249 4257 65.0 2.6154451399838 1.7093167781277274 26.899159798895013 0.7568857854964158 0.1910587474142466 0.5661508267100939 0.0 24.198166641252058 1.525642 51.666304547019365 4.399446383797752 2.4784995276493533 0.14796976554074842 4.54864184146723 57.76687948589277 7.087482897389215 26.995802730041255
3395 3979.624100587828 4251.8189398266 214.7949528096866 52.86888411919042 3978 3981 4250 4254 18.0 1.3436120292609355 1.0314600304938935 65.58014151338122 0.6408369901954065 0.22284106133835055 0.3074420074242305 0.0 4.9694685784885255 0.8652743 32.07665244241886 3.79260244737492 3.417916745403326 0.04531544062125216 2.393653682408596 34.039349656185024 5.815357323830643 27.57004686496365
3396 1990.4626392826492 4253.528507871774 214.81269245231542 52.881538733190496 1987 1994 4251 4256 31.0 1.6866253310174564 1.2714233560447736 1.7059135073049478 0.6570731873321644 0.12475008757907499 0.3538403916166553 0.0 7.650969122015057 1.1485394 23.20021128813014 3.9115681996170024 2.927571972857486 0.15004685692754588 3.141274657157109 33.31724952945215 6.1624354170620785 27.59332714627583
3397 3262.018778325589 4265.082772850414 214.8012181204082 52.87351781404402 3250 3275 4254 4276 453.0 4.619173718734531 3.6812759145604477 26.45199625181489 0.604038017183376 0.1566784760659733 6.931025772148443 0.0 545.3341097372788 4.5982294 606.7158596079971 6.759371366834778 1.7363621345373783 0.5324820243888266 12.008096370418468 674.1888289413494 10.717894058075709 24.328046119634482
3398 7461.631443608166 4255.97774762019 214.76384932851698 52.846764486655765 7460 7463 4254 4258 15.0 1.4243592475531046 0.7746819768635594 57.90740518971785 0.8391623344234841 0.23591965203539011 0.36381543851594866 0.0 4.601040767020528 0.8380397 20.130491864331734 2.7555828073869906 3.072038235528577 0.08089402197122444 2.1850968611841584 30.12399703273287 4.458629741437079 27.702718509623672
3399 7180.85123822323 4255.836741408645 214.7663542123745 52.84854950522423 7180 7182 4255 4257 8.0 0.8515661871972436 0.6822258293595231 -44.63468689764496 0.5984736920790352 0.26106070530081565 0.3211609977263446 0.0 2.344203569190335 0.5409223 15.52288305872031 2.140407169147701 3.458886150768009 0.04837257377351815 1.5957691216057308 22.124028154246236 3.438463046461606 28.03783949383727
3400 8115.768293897883 4257.3245055845155 214.75800374805533 52.84261118644022 8112 8119 4255 4261 37.0 1.7394527074591717 1.5641919992558293 -21.29130177526007 0.437447886759792 0.19158013118087708 0.5316461906555379 0.0 13.872766367469836 1.520121 44.853646568971925 4.164616697543285 2.8942325297772227 0.15230802894759893 3.431831258788849 58.40616081866094 6.458580832717355 26.983853350180098
3401 8328.427199252032 4266.259472616687 214.7560141198132 52.8413066400221 8320 8336 4258 4275 222.0 3.564560133853625 2.602130861975704 -53.97790158364737 0.6834465564050387 0.17309148802217006 4.058715217901534 0.0 220.5541049928202 2.8409252 251.85013326218095 4.272570931929353 1.6677773798891813 0.48045828584972505 8.406235467365967 268.9842265667038 6.935454375925492 25.32568296649854
3402 7283.071874788505 4262.021909805218 214.7653776667853 52.847932687270536 7280 7287 4260 4264 30.0 1.919642794996641 1.2024122430398136 0.12759311297216105 0.7795235583512179 0.2599590757869246 0.341115934797064 0.0 9.104649182735209 1.048131 63.47853899816383 4.8725413798245665 3.4588261900898396 0.04624172580659713 3.0901936161855166 116.39473631780578 7.389431062098596 26.235166648008708
3403 2945.2023632690516 4265.664302332879 214.80404017983014 52.87553502593802 2941 2950 4261 4270 76.0 2.5141131977464974 1.995296558684469 -51.842152973474946 0.6083898643500072 0.18699839562336049 0.5954405598972857 0.0 26.26428235069343 1.8356895 47.66665272067654 4.619740274982251 2.2557464609305886 0.1838942956547322 4.918490759365935 51.34026337675149 7.527832326147737 27.123854769295036
3404 6730.580467512636 4273.511180930805 214.7701830621328 52.85150832075927 6721 6740 4264 4283 304.0 4.034461175035957 3.7055439310342613 67.81841642795925 0.3954835323089056 0.25926895856550153 3.1968435653919998 0.0 297.8956789397969 3.0922058 349.6257051859599 4.886508065154942 1.6605902338275709 0.3850051377793199 9.83698151873187 368.09305341945424 7.884808435666686 24.98510594599258
3405 9666.209631081465 4270.981643486496 214.74404276789008 52.832822180421566 9661 9672 4264 4277 99.0 3.7482157407194783 1.896194664749275 47.90412306904731 0.8625964650539713 0.22663377698379095 0.5808397327475524 0.0 38.645238952370725 2.0151 88.2919939372591 5.702214318117824 2.455835274424761 0.130351346247507 5.613615477764332 106.88810288975574 9.134886364855316 26.327676577409893
3406 812.3854590159767 4272.980472444649 214.8230093632911 52.88913153993003 809 815 4270 4276 40.0 1.6615876427424034 1.6029023500515913 67.25254723188 0.2634201875376139 0.20204118002122176 0.5220852441586586 0.0 13.425733644600655 1.2043434 25.80071477171996 3.2637302662585572 2.397604947591161 0.1658766220355915 3.5682482323055424 26.765984499243988 5.255207114672709 27.831041944709803
3407 7629.773697422296 4281.127072553868 214.7620854482078 52.84583048032786 7622 7639 4273 4293 233.0 3.9872767146034045 3.7232849917359063 -36.94065274442565 0.3578176731593819 0.2058123395348766 1.0509751932952531 0.0 111.07654776460441 3.000596 196.97650868522214 7.593022543105985 2.3434494095573877 0.24970249367925756 8.611980229936854 261.5337757092433 12.254995298984426 25.356180540826188
3408 8354.022041281216 4280.063019441956 214.75564062839914 52.84121815309486 8349 8359 4274 4286 117.0 3.0932484816776915 2.2476768784581376 -57.97799154175841 0.6870188304362994 0.24921111121580164 1.2945745240710513 0.0 72.19011616390648 2.1182952 103.04413331073778 4.398131537523976 1.851452335702791 0.25724588866788284 6.102643417692329 105.28499698292902 6.815089025566715 26.344083777443366
3409 2383.9498669431878 4281.523299208775 214.80888401637873 52.879188334948154 2379 2389 4275 4288 121.0 2.9138514953864103 2.381873611799295 80.71500076364738 0.5760260062332655 0.1420830441046067 1.0346986376759562 0.0 55.79820161684145 2.0670178 75.56031628341536 4.05217308479635 1.8283304455853024 0.287372967355792 6.206085419025319 78.28016600212572 6.709709955907681 26.66587065510373
3410 657.1312635958076 4287.9415533179645 214.82423866227134 52.89019892054283 645 668 4276 4300 433.0 4.752332062531415 3.840764677365799 -42.144456549904575 0.5889283498283076 0.17830607513982097 4.386740827959719 0.0 434.6179742469935 4.2530127 491.1520721892041 6.315062418124174 1.674410732414956 0.4744485791463384 11.740024732409271 525.9217775892733 10.04946592639143 24.59769711341592
3411 4431.685717921681 4276.604838697427 214.79065755439402 52.866143443935236 4431 4433 4276 4278 6.0 0.8922605440858865 0.5333136799292537 -42.75180718691217 0.801711863253539 0.21996484519086199 0.28495001233351624 0.0 1.564420002957214 0.49500376 27.65709097697721 2.77608208098562 3.835878522758884 0.05614828464270828 1.381976597885342 67.3136602127995 4.331498015668795 26.82974198457223
3412 284.3817889729268 4279.911243422533 214.82765331159214 52.89252464277035 282 287 4277 4282 28.0 1.4504231164449357 1.3599911284656179 -28.13438503643605 0.34757737203106254 0.17525484503348446 0.416391857512571 0.0 8.441134269376017 1.1537797 29.511138576212293 3.947963081127603 2.944063698181013 0.1292952380804759 2.985410660720923 46.664777589467626 5.91352385407846 27.227526999339766
3413 3739.494108375691 4277.512184960837 214.7968253335151 52.87054922333273 3739 3740 4277 4278 4.0 0.5021720189649047 0.49763448319134596 -44.28154513424766 0.1341267802198527 0.259811062388902 0.27911429017939626 0.0 1.0678580956953116 0.4167681 11.625472562860125 1.7553678648965982 3.996251344086713 0.020174363988439237 1.1283791670955126 16.476361406886973 2.7849963298482954 28.357846726042613
3414 6307.2257191006465 4279.588534898969 214.77389451730383 52.85423338863461 6306 6309 4278 4281 12.0 1.0863211962582475 0.8216375871922312 -59.87554304701515 0.6541687061148563 0.23073721322419866 0.31092873961334583 0.0 3.3193651535627917 0.60295963 12.443919100436212 2.1817271545170875 3.001874680209435 0.048443065281451474 1.9544100476116797 13.513259503412778 3.4971602107758466 28.57309970782849
3415 7680.441901539774 4281.132876354252 214.7616336808808 52.84550824666158 7678 7684 4279 4283 26.0 1.798149322672937 1.1461019559911843 -8.845786857827441 0.7705507634560853 0.24850681852563894 0.351335581087416 0.0 7.663985601301425 1.0141634 48.153086884932485 4.261881134634552 3.42333147886874 0.06174074687748939 2.876813695875796 64.59774912224883 6.9840202893396 26.87445653631328
3416 2984.240323475762 4289.421484629637 214.80344144495763 52.875414859844994 2975 2993 4280 4297 252.0 4.1207481060648155 3.516145052167179 24.62484357205609 0.5214557466805432 0.1762639650622229 1.2406789230385349 0.0 120.1110520363403 3.4107585 213.9151878558293 8.374207972394409 2.4084348688743176 0.2886224471734124 8.95623198216277 241.06994921172657 13.3783387969306 25.444642309030705
3417 7745.301291480813 4322.237750521118 214.76062259757427 52.845317037505836 7700 7790 4281 4361 5190.0 12.18518788869009 10.421045572658986 -13.073847262438877 0.5182611838385928 0.16567267370160257 74.48088133301657 0.0 10496.07919543331 15.397337 10412.579606927742 15.064465888935208 1.4 0.6965819284742818 40.64515111663227 11295.68767337108 22.299461949132088 21.267718311004828
3418 1838.6119370279164 4285.447373943976 214.8137122645986 52.882675970760225 1835 1842 4282 4289 55.0 2.166717179657733 1.7896569179688813 47.53204492225312 0.563704926595168 0.2049346702679348 0.4222698057211141 0.0 16.555900204047656 1.3864894 36.2002170533048 4.160180701892142 2.3841374020878168 0.1168189280866044 4.1841419359420025 35.99940885382341 6.510621986660298 27.50926157680611
3419 3168.6070158993975 4284.148064413147 214.80185115737135 52.87421438355511 3167 3171 4283 4285 12.0 1.262820080813284 0.7259487926357251 17.892758959499925 0.8182495348771062 0.2371831750629645 0.30793580303682844 0.0 3.3444741238002256 0.7299133 27.486150860995572 3.0239635537002147 3.4762581366477736 0.044068717403803 1.9544100476116797 40.80576838140709 4.929871760279036 27.373196099681056
3420 10107.943796140797 4289.442587581447 214.73991289709542 52.83011132944949 10102 10114 4285 4295 105.0 3.1467060634870947 2.1745841534331416 33.760900772896896 0.7227908757055967 0.25066119260880393 0.9482578471912038 0.0 55.82345294081141 2.2723012 90.16812874652733 5.288144474667078 2.1456590538563147 0.20487206167270403 5.781222885281108 93.75265781089247 8.091006442025037 26.470041028834125
3421 2549.749942669261 4295.8259125476325 214.8072530108807 52.8782114398391 2530 2570 4287 4304 531.0 8.84686908071165 2.9197423755824374 8.616428454018985 0.9439700419537148 0.1437464719039061 2.5096726770033952 0.0 468.1303906331551 4.8090215 509.8962800297505 6.971708343456439 1.5432941288101056 0.40510321310267117 13.000867261978827 530.2615780673256 11.207569396447363 24.58877460011735
3422 7806.261089987464 4288.990219790003 214.760429289275 52.84475029717761 7805 7807 4288 4290 7.0 0.7418858775851355 0.6962613046272591 -82.60749064011532 0.3452740743270749 0.26374855827285687 0.3331027658699689 0.0 2.1012798828597097 0.5218472 11.448279663449426 2.0776253285844946 3.29841197024892 0.040508460532722376 1.4927053303604616 17.9717148120632 3.2635937533125534 28.263526204294173
3423 8040.695113533581 4294.567479861466 214.7582807460722 52.84328921136077 8035 8046 4290 4300 81.0 3.1162246947688295 1.8499826261539 -38.61400054675607 0.8047148709949917 0.23760048596177238 0.48941588232803473 0.0 27.891467144398714 1.7087818 88.02818630764678 5.800616705010948 2.8607030133400952 0.11699144656031606 5.077706251929807 107.77434697526459 9.001398200994112 26.31871149984207
3424 255.9634726103563 4304.936239167127 214.82764359159742 52.89284013972429 249 263 4291 4319 339.0 6.350219075703104 3.1907817609486244 81.68375191711901 0.8645958174682374 0.18693882057600758 1.0834549941432918 0.0 165.40412392716837 3.678476 314.22068373951674 9.843868641010381 2.480678661034652 0.25545159349322627 10.387831891992912 424.5180801953845 15.906905794964711 24.830259521136206
3425 6368.751095331596 4295.535917376372 214.773177857963 52.853928005077734 6367 6370 4294 4297 15.0 1.1091483206210273 0.9834980383176103 -54.804622830025465 0.46231717684543033 0.19395620175518052 0.3692440247180572 0.0 4.466547114575221 0.7019836 17.51270031180945 2.38673126614506 3.0431577107409074 0.10449133379515105 2.1850968611841584 24.857182921061266 3.888673494882359 27.91137022937695
3426 1530.5985549428144 4297.661674808904 214.81633434545722 52.884699622813905 1528 1533 4296 4300 19.0 1.4774905565540204 0.9629158248377886 -33.01890681051351 0.7584563476543017 0.20968587542223896 0.3439018321509986 0.0 5.410508892283125 0.81444746 17.320374392601185 2.8291425376163923 2.8491725375444 0.08306000743543772 2.4592453796829674 18.49313741554159 4.662231591666315 28.23247350811217
3427 7122.519100722461 4298.341282834463 214.76642669841604 52.849149370703465 7121 7124 4297 4300 12.0 1.1087938969559676 0.8486712265704107 50.94903199566824 0.643554440862495 0.298596137664413 0.3325406853208568 0.0 3.785665397465678 0.638944 55.55584564601078 2.976716518334757 3.787231564064932 0.023008589041244896 1.9544100476116797 116.79045229811544 4.679409268827508 26.23148164913201
