outputs/dr0.5_c0.1/nircam3_f277w_dr0.5_c0.1.ecsv
# %ECSV 1.0
# ---
# datatype:
# - {name: label, datatype: int64}
# - {name: xcentroid, datatype: float64}
# - {name: ycentroid, datatype: float64}
# - {name: sky_centroid.ra, unit: deg, datatype: float64}
# - {name: sky_centroid.dec, unit: deg, datatype: float64}
# - {name: bbox_xmin, datatype: int64}
# - {name: bbox_xmax, datatype: int64}
# - {name: bbox_ymin, datatype: int64}
# - {name: bbox_ymax, datatype: int64}
# - {name: area, unit: pix2, datatype: float64}
# - {name: semimajor_sigma, unit: pix, datatype: float64}
# - {name: semiminor_sigma, unit: pix, datatype: float64}
# - {name: orientation, unit: deg, datatype: float64}
# - {name: eccentricity, datatype: float64}
# - {name: min_value, datatype: float64}
# - {name: max_value, datatype: float64}
# - {name: local_background, datatype: float64}
# - {name: segment_flux, datatype: float64}
# - {name: segment_fluxerr, datatype: float32}
# - {name: kron_flux, datatype: float64}
# - {name: kron_fluxerr, datatype: float64}
# - {name: kron_radius, unit: pix, datatype: float64}
# - {name: gini, datatype: float64}
# - {name: equivalent_radius, unit: pix, datatype: float64}
# - {name: kron4_2_flux, datatype: float64}
# - {name: kron4_2_fluxerr, datatype: float64}
# - {name: radius_kron20, unit: pix, datatype: float64}
# - {name: radius_kron50, unit: pix, datatype: float64}
# - {name: radius_kron80, unit: pix, datatype: float64}
# - {name: near_border, datatype: bool}
# meta:
#   PHOTMJSR: 0.4907999932765961
#   PIXAR_SR: 2.11539874851881e-14
#   __serialized_columns__:
#     area:
#       __class__: astropy.units.quantity.Quantity
#       unit: !astropy.units.Unit {unit: pix2}
#       value: !astropy.table.SerializedColumn {name: area}
#     eccentricity:
#       __class__: astropy.units.quantity.Quantity
#       unit: !astropy.units.Unit {unit: ''}
#       value: !astropy.table.SerializedColumn {name: eccentricity}
#     equivalent_radius:
#       __class__: astropy.units.quantity.Quantity
#       unit: !astropy.units.Unit {unit: pix}
#       value: !astropy.table.SerializedColumn {name: equivalent_radius}
#     kron_radius:
#       __class__: astropy.units.quantity.Quantity
#       unit: &id001 !astropy.units.Unit {unit: pix}
#       value: !astropy.table.SerializedColumn {name: kron_radius}
#     orientation:
#       __class__: astropy.units.quantity.Quantity
#       unit: &id002 !astropy.units.Unit {unit: deg}
#       value: !astropy.table.SerializedColumn {name: orientation}
#     radius_kron20:
#       __class__: astropy.units.quantity.Quantity
#       unit: *id001
#       value: !astropy.table.SerializedColumn {name: radius_kron20}
#     radius_kron50:
#       __class__: astropy.units.quantity.Quantity
#       unit: *id001
#       value: !astropy.table.SerializedColumn {name: radius_kron50}
#     radius_kron80:
#       __class__: astropy.units.quantity.Quantity
#       unit: *id001
#       value: !astropy.table.SerializedColumn {name: radius_kron80}
#     semimajor_sigma:
#       __class__: astropy.units.quantity.Quantity
#       unit: !astropy.units.Unit {unit: pix}
#       value: !astropy.table.SerializedColumn {name: semimajor_sigma}
#     semiminor_sigma:
#       __class__: astropy.units.quantity.Quantity
#       unit: !astropy.units.Unit {unit: pix}
#       value: !astropy.table.SerializedColumn {name: semiminor_sigma}
#     sky_centroid:
#       __class__: astropy.coordinates.sky_coordinate.SkyCoord
#       dec: !astropy.table.SerializedColumn
#         __class__: astropy.coordinates.angles.Latitude
#         unit: *id002
#         value: !astropy.table.SerializedColumn {name: sky_centroid.dec}
#       frame: icrs
#       ra: !astropy.table.SerializedColumn
#         __class__: astropy.coordinates.angles.Longitude
#         unit: *id002
#         value: !astropy.table.SerializedColumn {name: sky_centroid.ra}
#         wrap_angle: !astropy.coordinates.Angle
#           unit: *id002
#           value: 360.0
#       representation_type: spherical
#   astropy version: '5.1'
#   make_catalog parameters:
#     ab_zpt: 31.4
#     coadd_bands: !!python/tuple [f277w, f356w]
#     deblend_contrast: 0.001
#     deblend_nlevels: 32
#     deblend_npixels: 1
#     detect_kernel_fwhm: 4.0
#     detect_kernel_npix: 7
#     detect_npixels: 4
#     detect_threshold_nsigma: 3.0
#     flag_isolated_buffer: 4
#     hst_bands: !!python/tuple [f606w, f814w, f125w, f140w, f160w]
#     jwst_bands: !!python/tuple [f115w, f150w, f200w, f277w, f356w, f410m, f444w]
#     near_border_kernelsize: 21
#     reference_band: f200w
#   make_catalog version: 1.4.0
#   photutils version: 1.5.0
# schema: astropy-2.0
label xcentroid ycentroid sky_centroid.ra sky_centroid.dec bbox_xmin bbox_xmax bbox_ymin bbox_ymax area semimajor_sigma semiminor_sigma orientation eccentricity min_value max_value local_background segment_flux segment_fluxerr kron_flux kron_fluxerr kron_radius gini equivalent_radius kron4_2_flux kron4_2_fluxerr radius_kron20 radius_kron50 radius_kron80 near_border
[from data line 3239]
3240 8871.614630764721 4061.7195203091283 214.75332677195942 52.83675033304908 8867 8876 4058 4066 67.0 2.100124890751487 1.8141409046480514 -7.13890236526036 0.5037915649009584 0.06905331281609885 1.12764623905382 0.0 32.42963286048281 0.9796042 51.82785932157468 2.434531026482409 2.264566801621522 0.3008189145269849 4.61809077155419 64.20295769215089 3.8692613299495164 1.907394498419838 3.6616451085671677 6.757231875574879 False
3241 9499.799574540604 4065.660041672164 214.7476874722752 52.83277556860303 9490 9507 4058 4073 154.0 4.997237781535321 2.140459371445586 -40.74398133036139 0.9036230932521204 0.14167744831229145 0.9072973597581745 0.0 69.97170678058632 1.6927724 129.14005308693825 4.262141781171857 2.270476410069135 0.19643432572159308 7.001408606295148 145.72174970247806 6.717531737288414 3.5966199669595946 7.1500679600633985 11.624378277394824 False
3242 9184.437788379917 4068.029356003363 214.75047260965349 52.83479441982729 9174 9197 4061 4075 294.0 5.135390072467024 3.306043306969446 5.913113874322501 0.7652135996918185 0.1088981041183475 1.3734463602571148 0.0 162.80109254001434 2.0701387 283.4107431211885 5.01037209724854 2.280732581908716 0.30908311542126665 9.673836185197393 298.4748052240109 7.9450487225885364 4.128238539831849 8.560949049627078 15.349864592866986 False
3243 9836.373896474892 4077.4903578198964 214.74456408892817 52.83069814101883 9821 9853 4063 4091 664.0 7.034297444818101 5.919088081471584 -26.876916963990194 0.5403176081731691 0.17271491035379377 1.3647340765113547 0.0 389.2166074772113 3.1237478 628.1229749124752 7.3422964300493 2.1074586615844053 0.24560051729610355 14.538148590038452 637.1269672366415 11.646500225840244 6.3369703611144 12.090900948175934 20.16710665944763 False
3244 5961.899596303432 4065.7000476157377 214.77922700657385 52.85527746177915 5961 5963 4065 4066 4.0 0.6829026474154194 0.4543602012213411 -6.699818950926252 0.7465434088348699 0.4116091313757552 0.6628974010626826 0.0 2.210008774202438 0.37192476 18.31820225021983 4192535.700102718 3.427711486534533 0.1335389767285799 1.1283791670955126 33.54261550689979 7870617.642309085 1.4562951814041811 2.485466864548234 3.80864488538101 False
3245 8217.135344705774 4068.876603304014 214.75908462199848 52.84095182631124 8213 8222 4065 4073 73.0 2.142466379940201 1.8705239192618452 48.65987605579123 0.4875942222718237 0.13896312678712916 1.464921045067237 0.0 40.26256301610132 1.0121777 59.977800394802046 2.126180736473929 2.0388347133067173 0.32910097034917657 4.820437914901168 62.59477603786124 3.5645781828754677 1.7985826845275439 3.5366285838681195 5.9626289408108475 False
3246 2530.020460173677 4066.4526432653474 214.8098451271581 52.87710088862208 2529 2531 4066 4067 4.0 0.7784285864933986 0.3183433310272909 -32.592511101004675 0.9125539355811954 0.3177496704469903 0.4441308672261309 0.0 1.445977434854035 0.19701014 11.272490208747678 0.7916136157038325 3.661028896380716 0.08983909973418308 1.1283791670955126 20.581755369455024 1.2609978161892925 1.4316319189569124 2.5548204482154517 3.8091070197248933 False
3247 8962.244650728993 4079.361737025264 214.75233332782452 52.836268815218155 8945 8981 4068 4091 589.0 6.989593637044479 3.5175480133731187 -18.74637559738011 0.8641379491990537 0.04501306547202774 7.115083547854357 0.0 634.1567885667677 3.0900538 707.9603786810997 4.613996516979352 1.6768839635124806 0.49259274492296806 13.692498784453214 775.2821491075281 7.363443876952046 3.1056723431601325 6.57552235414047 12.1376410580211 False
3248 813.9375342059044 4104.467633987142 214.82477055567512 52.888213423313125 779 851 4070 4140 3741.0 8.09150441944741 7.812672500671569 26.52784402129135 0.26025409225482016 -0.009288551975971535 172.21650068686284 0.0 12284.742619498349 8.292616 11916.9351435578 7.4178202746992765 1.4 0.7901111247095556 34.50793074372268 12586.964848373282 9.809661053741705 2.4893083863299394 5.729656521359232 12.745877680262732 False
3249 1001.6599657982373 4078.498622316834 214.82336722703639 52.8868803602228 997 1006 4071 4086 102.0 3.2860207026412707 1.7785196456317367 -76.87789681131478 0.8408693742922854 0.1285581177786149 1.3014954636098675 0.0 50.19502552276431 1.0840474 73.59676301665071 2.323812008874222 2.0692862773544465 0.30420780503893874 5.698035485213008 75.71160175919482 3.646824395229254 2.164607180613258 4.405447183465794 7.964967175322471 False
3250 4087.099177290906 4077.5712709417967 214.79582885928636 52.86726209252151 4081 4094 4071 4083 120.0 3.563226460026542 1.965359828170749 39.283278836434 0.8341302766529225 0.09918953355953958 1.0634816490127261 0.0 61.74093603784608 1.1356632 85.05778784320731 2.398656704243355 2.014489195589837 0.2863080931064074 6.180387232371033 96.43757636599182 3.8805312554138514 2.4743089205712834 4.527923995612551 7.579162214570266 False
3251 1337.5642468137771 4078.37780133336 214.82036819298884 52.88474476954784 1330 1345 4072 4084 155.0 2.855132968602026 2.180286187654028 10.5621642102802 0.6456454060883585 0.053302422716960104 2.827048818618612 0.0 86.99394815860614 1.2722192 104.11587032460355 2.2374319785382077 1.9983009226389614 0.5151296940902862 7.024103669400641 141.9408874229164 3.561200361293442 1.7271387494195858 3.3661191039972524 6.518654290333891 False
3252 9148.73842593865 4074.444963423869 214.75072317676896 52.8350560458746 9147 9150 4073 4076 14.0 1.1360650286775027 0.9333702343411973 62.20662157787189 0.5700907953099884 0.2809212017321059 0.4681923268639315 0.0 5.2075200431745445 0.4848617 19.219724602939273 1.7877191975454785 3.0751899260314395 0.08673645857384508 2.111004122822376 20.307675723876628 2.7486079859297377 1.7849107843258079 3.3334080547502842 5.607768698249149 False
3253 9201.252532087876 4076.0104713746146 214.75023873373203 52.83473042339204 9201 9202 4075 4077 4.0 0.7006497568152493 0.43443813091724437 -89.4985720172925 0.784562015666507 0.3271994877728838 0.3492731839018863 0.0 1.3618410784380335 0.22149198 15.426640576511327 1.0664878539861935 3.851194793553233 0.01680808539166395 1.1283791670955126 27.388312998754234 1.7027272338453066 1.7511778434765775 3.086049871090622 4.3542812819511605 False
3254 10188.252598018584 4077.0931511875374 214.74143341294686 52.82845745284129 10186 10190 4075 4079 21.0 1.3528149772703522 1.1556597541733784 59.94821405683358 0.5198410917005266 0.23204454380893175 0.43286918884052844 0.0 7.678574865332666 0.5406915 24.423832809959933 1.820828599623489 2.8430608764519865 0.08396593851817491 2.5854414729132054 30.322605414564922 2.910648849940362 2.008870206334825 3.6135329619228744 6.0060982087712045 False
3255 3702.0588230173016 4080.981278791518 214.79922939172135 52.869728406176435 3699 3705 4078 4084 38.0 1.6540904549979871 1.4382926931982336 -65.50677354236534 0.4938679707751491 0.16938963446584127 0.8293070320904511 0.0 16.18008088617663 0.7009077 23.48235922219405 1.3626273430286286 1.883814064355542 0.24471971866250733 3.477898169151024 21.845065234739817 2.1206129845030595 1.5113216043512092 2.645028099842984 4.44200836254353 False
3256 9723.895985131838 4083.0699466477013 214.74550746331113 52.83144370975071 9720 9727 4079 4086 53.0 1.8745048739148988 1.7236424964490844 24.14415078808957 0.3930459931249797 0.20432223318220716 1.0640649758160272 0.0 25.440022993964746 0.8490091 47.073882280575305 2.2472508439194447 2.43371108022016 0.2627187763145332 4.1073621666150775 52.918997019101944 3.665094656563343 1.9340355419428839 3.832574205312063 6.790988056480051 False
3257 7421.339956827062 4083.5697251783668 214.76602413193683 52.846092394869586 7419 7424 4081 4086 31.0 1.513412859472405 1.4245483877255536 55.86177877424172 0.33762118778602523 0.22489709276499323 0.623390575531915 0.0 12.707768744645309 0.62537307 27.769244909794832 1.8998724810277272 2.55629115131583 0.13283943694713637 3.141274657157109 29.19317940285262 3.0752422558808328 1.873131019412757 3.4096257015915477 5.7433246089456045 False
3258 9674.629729455692 4093.154016167134 214.74584023194654 52.83181139902968 9651 9697 4081 4105 830.0 9.461158398176309 3.7986513845860337 -13.429388907336842 0.9158591950040973 0.07900044762885818 6.328144181377082 0.0 1061.3343833448464 3.8598216 1178.4276664433303 5.7852023454956285 1.6992670633963178 0.4822129116152995 16.25414425715935 1280.5668538037173 9.007114401410957 4.698002416796965 8.96998713756455 15.075640290612771 False
3259 3524.1065974107632 4082.50370954352 214.80080169389487 52.87086792894244 3523 3525 4082 4083 6.0 0.7928776643893534 0.49998525695918206 0.09227257997882629 0.7761114902996824 0.3951201962464296 0.56107705176805 0.0 2.978679871996098 0.24978265 15.434241260258814 0.9553220229007365 3.3465453144024373 0.08676174601856959 1.381976597885342 33.978333386529684 1.5039570586446924 1.5225440299411441 3.164615460736813 4.4608285812780535 False
3260 8006.728013667446 4087.8807483247574 214.76076005026965 52.84239243162954 8003 8011 4083 4093 72.0 2.432947227734305 2.145448197023307 74.04687178620678 0.47156563965627646 0.18853633194587568 0.5570655429627553 0.0 27.877667653565922 0.9924219 94.76974054765896 3.6056256581507604 3.0229988653963256 0.1306072750826496 4.787307364817192 118.26851732943024 5.696950903621101 3.7472811670493087 7.4347858518891465 12.661265232281284 False
3261 885.9123703697413 4088.120924146024 214.82429980118337 52.88766787369275 881 891 4084 4092 70.0 2.387440395602768 1.7990674144693046 -16.083948846968468 0.6573849777401576 0.08813521502670754 0.8339324839486282 0.0 29.315157163790374 0.90399134 42.39596412478949 2.084918669118849 2.023722416188406 0.2736289286239229 4.720348719413148 56.615947104069306 3.24116200430263 1.994864386838466 3.568469420694405 5.620024443280132 False
3262 1691.6097882130446 4088.4640235233505 214.81709992942092 52.88254880272289 1687 1696 4084 4093 86.0 2.057210884392335 1.879485974389614 45.59875248675222 0.4065943363930452 -0.014594718056849323 2.3308807829909073 0.0 55.29688073779244 1.0578703 63.73886102298637 1.66566228651039 1.7496622958912647 0.4515321193117599 5.232078956954491 67.99086805430109 2.626148010697117 1.4550148607357882 2.711424238340796 4.514305248228703 False
3263 8428.457166516579 4085.280943462087 214.75702830181984 52.83969601707946 8427 8430 4084 4087 13.0 1.0262112163043646 0.9318131619225343 -0.8864850697253469 0.41894191334492215 0.27482245827603696 0.623585811457516 0.0 6.1453063587313626 0.529416 22.631192941592055 1.720125265559523 2.974541614400493 0.12237523763000373 2.0342144725641096 35.56643819338359 2.682996661975936 1.6964451447270654 3.247539647952936 5.636515015797475 False
3264 1376.0785106012095 4088.9762277626032 214.81991256662516 52.884557095694824 1372 1380 4085 4093 51.0 2.0614260137630134 1.5338047321412058 37.48801665810499 0.6681235570009705 -0.13853008610926262 0.8960745611966597 0.0 21.028693399699392 0.7799634 44.50926079038634 2.112722787599549 2.662266554533504 0.2777235596813566 4.029119531035698 73.74930627143286 3.370731533333789 2.0938560597285605 4.6029946111358155 8.992085279496724 False
3265 6180.625964122398 4086.729972837563 214.77705467205254 52.853999825759956 6179 6182 4085 4088 12.0 1.0865513113111047 0.8351014268588517 31.413784150907155 0.639753888798282 0.40193452814474917 0.5208468377425642 0.0 5.357281907114486 0.37034607 22.09060437365062 1.4143648860912135 3.0697943179421516 0.04746088592916003 1.9544100476116797 26.103802377547623 2.286773979186297 1.767082193820877 3.25664486691902 5.287700351066131 False
3266 5961.3158022938 4091.2825406008674 214.77896280112492 52.85541895766737 5961 5962 4087 4094 13.0 2.15281726736348 0.4487379344078535 86.69827370000068 0.9780346904120306 0.22491868129721265 0.8020852304804879 0.0 6.051191878809079 0.65336776 55.833096798379806 6248766.571008087 3.745891305246849 0.2422974854227603 2.0342144725641096 108.15049603690044 13802276.371724505 2.8259772122788664 5.603871808323281 8.560199585730372 False
3267 9562.620268962319 4103.647980753378 214.7467277320165 52.83258043169533 9553 9573 4088 4119 416.0 6.555025693759275 3.166904007749204 -64.30646928832103 0.8755507810420884 0.06884125815986786 3.1791831247019378 0.0 314.0059573532182 2.5740619 374.9353880794598 4.330162366142395 1.7562153642304719 0.39816752306696157 11.507254783503184 398.3397386594904 6.980820878959162 3.204769791041706 6.720698203996068 12.035059732600697 False
3268 7899.829601882019 4092.7680660493747 214.76166150865905 52.84309865730668 7898 7902 4090 4095 24.0 1.5286119148632236 1.1527693111694204 72.34479861071877 0.6567272631069313 0.23058530383097037 0.5546269138225289 0.0 9.454119340321869 0.5679793 33.71404232194662 2.0323227024734503 3.0291096241946405 0.14875819164417764 2.763953195770684 36.988329385843855 3.2850109490152364 2.2870163305838047 4.4040033079826975 7.35519172300837 False
3269 2951.738407106983 4097.05764571686 214.80575771605155 52.874585000818065 2947 2957 4092 4102 87.0 2.206742986087025 2.1262478447851314 -50.5795656845075 0.2676251746068831 0.05464944358911446 1.4400416681805905 0.0 44.503246770259935 1.0291597 56.59212218370524 2.0108191319006985 1.9142157889988913 0.3441600229002212 5.262410103554244 67.01617191138517 3.132686531209544 1.740381029607215 3.309208028412322 5.444455253179169 False
3270 10252.254329108568 4096.904982798722 214.74065465736604 52.828156920006826 10249 10256 4092 4102 70.0 2.6222648233868693 1.640571036884684 82.32026321428945 0.7801188596569315 0.1232777310977471 1.0163481836905808 0.0 35.612307625113836 0.98162144 48.42803951323695 1.8649611418994392 1.7627436691869616 0.25105988235420135 4.720348719413148 46.49899296402264 2.9624035619953544 1.9151109122888252 3.5224256487398633 5.412414975741179 False
3271 10118.077352352124 4109.974016118726 214.74171235853038 52.8290808772707 10102 10133 4093 4127 821.0 6.404262154206164 4.588781102789966 54.206303200390074 0.6975666793776563 0.11907553785317128 12.001889077405213 0.0 1382.5695176932195 3.7738805 1457.2247218374278 4.7555950391962565 1.5499438568626294 0.5590131712210277 16.165779181867237 1560.0874807220412 7.304326074658918 3.186926603190458 6.440190978818969 11.22232847120794 False
3272 1437.233508878769 4098.549463628584 214.8192655303956 52.884219990743055 1433 1442 4094 4104 84.0 2.338249758157008 1.9777867875976047 81.9769928431408 0.5334355893950862 0.1098106203787159 1.6913256199343618 0.0 52.76936579203717 0.92759454 72.2648985858732 1.877517816714023 1.9722968780057835 0.33078637801139227 5.170882945826411 80.87457501467397 3.0654387689500866 1.8745649399090594 3.535196857140862 5.927865564262548 False
3273 1019.9235259156553 4095.508357155757 214.82302492009262 52.88685596076347 1019 1021 4095 4096 4.0 0.7443024892966551 0.3263318182638112 34.48279155999499 0.8987605693171189 0.14456073924484458 0.2878227846121165 0.0 0.8505506787113536 0.21674979 4.745120607093545 0.8175248121909634 3.577785873444682 0.16884380092677234 1.1283791670955126 5.075824305345419 1.2806907113503596 1.1469198463992003 2.0006342558978805 2.916707496911815 False
3274 9093.19879958976 4098.424870786519 214.75096560087016 52.83553843262565 9092 9094 4098 4099 5.0 0.757114772124416 0.4416692124698532 21.16227033950041 0.8122149060459785 0.27775500943044185 0.3664625281675606 0.0 1.6400694615983344 0.25049147 14.244880474352072 1.1074205559656731 3.703619250280583 0.06947079815217999 1.2615662610100802 21.226013233414 1.770613652633493 1.7145229646252047 3.230521058430308 4.612108528575466 False
3275 3341.6708698259667 4103.748419553081 214.80220637865776 52.87214219545377 3339 3344 4101 4106 31.0 1.4634216949406742 1.4293923347682778 -33.0075252826007 0.21439648465856023 0.20233657684918 0.6933667334161039 0.0 14.701212285016535 0.5816214 27.36422600748981 1.480580320703475 2.272373830603518 0.1670040388810216 3.141274657157109 22.938450108167302 2.4257077441147694 1.6810600157086546 2.9816103830743224 4.749697715658744 False
