outputs/dr0.5_c0.1/nircam1_matched_f115w_f277w_dr0.5_c0.1.ecsv
# %ECSV 1.0
# ---
# datatype:
# - {name: label, datatype: int64}
# - {name: xcentroid, datatype: float64}
# - {name: ycentroid, datatype: float64}
# - {name: sky_centroid.ra, unit: deg, datatype: float64}
# - {name: sky_centroid.dec, unit: deg, datatype: float64}
# - {name: bbox_xmin, datatype: int64}
# - {name: bbox_xmax, datatype: int64}
# - {name: bbox_ymin, datatype: int64}
# - {name: bbox_ymax, datatype: int64}
# - {name: area, unit: pix2, datatype: float64}
# - {name: semimajor_sigma, unit: pix, datatype: float64}
# - {name: semiminor_sigma, unit: pix, datatype: float64}
# - {name: orientation, unit: deg, datatype: float64}
# - {name: eccentricity, datatype: float64}
# - {name: min_value, datatype: float64}
# - {name: max_value, datatype: float64}
# - {name: local_background, datatype: float64}
# - {name: segment_flux, datatype: float64}
# - {name: segment_fluxerr, datatype: float32}
# - {name: kron_flux, datatype: float64}
# - {name: kron_fluxerr, datatype: float64}
# - {name: kron_radius, unit: pix, datatype: float64}
# - {name: gini, datatype: float64}
# - {name: equivalent_radius, unit: pix, datatype: float64}
# - {name: kron4_2_flux, datatype: float64}
# - {name: kron4_2_fluxerr, datatype: float64}
# - {name: kron4_2_mag, datatype: float64}
# meta:
#   PHOTMJSR: 2.962800025939941
#   PIXAR_SR: 2.11539874851881e-14
#   __serialized_columns__:
#     area:
#       __class__: astropy.units.quantity.Quantity
#       unit: !astropy.units.Unit {unit: pix2}
#       value: !astropy.table.SerializedColumn {name: area}
#     eccentricity:
#       __class__: astropy.units.quantity.Quantity
#       unit: !astropy.units.Unit {unit: ''}
#       value: !astropy.table.SerializedColumn {name: eccentricity}
#     equivalent_radius:
#       __class__: astropy.units.quantity.Quantity
#       unit: !astropy.units.Unit {unit: pix}
#       value: !astropy.table.SerializedColumn {name: equivalent_radius}
#     kron_radius:
#       __class__: astropy.units.quantity.Quantity
#       unit: !astropy.units.Unit {unit: pix}
#       value: !astropy.table.SerializedColumn {name: kron_radius}
#     orientation:
#       __class__: astropy.units.quantity.Quantity
#       unit: &id001 !astropy.units.Unit {unit: deg}
#       value: !astropy.table.SerializedColumn {name: orientation}
#     semimajor_sigma:
#       __class__: astropy.units.quantity.Quantity
#       unit: !astropy.units.Unit {unit: pix}
#       value: !astropy.table.SerializedColumn {name: semimajor_sigma}
#     semiminor_sigma:
#       __class__: astropy.units.quantity.Quantity
#       unit: !astropy.units.Unit {unit: pix}
#       value: !astropy.table.SerializedColumn {name: semiminor_sigma}
#     sky_centroid:
#       __class__: astropy.coordinates.sky_coordinate.SkyCoord
#       dec: !astropy.table.SerializedColumn
#         __class__: astropy.coordinates.angles.Latitude
#         unit: *id001
#         value: !astropy.table.SerializedColumn {name: sky_centroid.dec}
#       frame: icrs
#       ra: !astropy.table.SerializedColumn
#         __class__: astropy.coordinates.angles.Longitude
#         unit: *id001
#         value: !astropy.table.SerializedColumn {name: sky_centroid.ra}
#         wrap_angle: !astropy.coordinates.Angle
#           unit: *id001
#           value: 360.0
#       representation_type: spherical
#   astropy version: '5.1'
#   kernelfile: kernel_f115w_f277w.fits
#   make_catalog parameters:
#     ab_zpt: 31.4
#     coadd_bands: !!python/tuple [f277w, f356w]
#     deblend_contrast: 0.001
#     deblend_nlevels: 32
#     deblend_npixels: 1
#     detect_kernel_fwhm: 4.0
#     detect_kernel_npix: 7
#     detect_npixels: 4
#     detect_threshold_nsigma: 3.0
#     flag_isolated_buffer: 4
#     hst_bands: !!python/tuple [f606w, f814w, f125w, f140w, f160w]
#     jwst_bands: !!python/tuple [f115w, f150w, f200w, f277w, f356w, f410m, f444w]
#     near_border_kernelsize: 21
#     reference_band: f200w
#   make_catalog version: 1.4.0
#   photutils version: 1.5.0
# schema: astropy-2.0
label xcentroid ycentroid sky_centroid.ra sky_centroid.dec bbox_xmin bbox_xmax bbox_ymin bbox_ymax area semimajor_sigma semiminor_sigma orientation eccentricity min_value max_value local_background segment_flux segment_fluxerr kron_flux kron_fluxerr kron_radius gini equivalent_radius kron4_2_flux kron4_2_fluxerr kron4_2_mag
[from data line 4641]
4642 2266.718709408553 2628.459673512246 215.00821582286164 52.99808161269796 2224 2289 2601 2671 2429.0 11.004539612167576 8.148381270069564 87.91831973224728 0.6721044479684496 -0.05343363791170118 13.843152688359368 0.0 1910.3534655346539 16.399176 2391.4671239122813 29.255666567653613 1.8590921535435325 0.6310357209347459 27.806019376034886 2752.6491394576133 14417311.986051366 22.80062285374357
4643 7458.848900452317 2508.39285049897 214.9628778110378 52.96449680459748 7456 7462 2504 2512 43.0 2.3729064206645636 1.4183762758739014 74.00132756646143 0.8016915333799912 0.24218077405410252 0.421259017704945 0.0 13.993887908463867 1.6668924 107.77285588349787 7.439471407023771 3.5042943185742117 0.07589377418853403 3.6996385101659595 144.64059796711453 12.236453085661767 25.99927447855726
4644 7459.649411396728 2513.8280221023733 214.96281337304413 52.96452108642034 7458 7461 2513 2515 9.0 0.9163004235308543 0.7893749965791995 9.829648120937817 0.5077905620620208 0.3806171847595217 0.4923438047625077 0.0 4.018873664207712 0.7644237 41.51839916030852 3.435714401230005 3.618177976524138 0.05023597663300814 1.692568750643269 68.27126864165767 5.494277764210568 26.814405067136505
4645 2528.2899046884463 2516.689976190079 215.00704406616768 52.99581856212377 2522 2537 2510 2520 116.0 3.7175656591163513 2.352809768657328 19.129048292797055 0.7742418039163036 0.003450515637287883 0.23224054740951425 0.0 12.323763934154078 2.792994 81.11351184091772 11.28065835205003 3.473500498844294 0.28974773133801673 6.076507779746499 196.772014960964 18.416515809990337 25.6650916678644
4646 2513.896813820923 2565.2075531456085 215.00666211709932 52.99617212404539 2464 2569 2511 2617 8180.0 15.562039926291478 15.003834058234867 -54.56949043642575 0.26542943507892935 -0.0977061100510191 60.64844689512705 0.0 9212.857056669189 24.072523 9300.162681107191 25.222931738052793 1.4 0.649164135691987 51.02719734595863 9844.519553416943 40.33777367570355 21.417013685201486
4647 2579.1421707492364 2529.1209185416064 215.00645633849243 52.995563266767576 2569 2587 2522 2538 196.0 3.898090000062788 2.6587608886453222 33.30022474902983 0.7312891287504902 0.006756135674872749 0.7630955353118101 0.0 56.04340263959576 3.63482 71.98047149384603 6.848387415901007 1.8726657573350909 0.3714617075610755 7.898654169668588 72.62020400417103 10.87892538922427 26.74735633851095
4648 2593.1955541477746 2543.7058031499814 215.00617643594993 52.99555298662897 2585 2601 2535 2551 187.0 3.9298030088065654 2.4132699524344807 53.38760825666462 0.7892325951571978 0.04152370810398698 1.0157449900411002 0.0 69.12938590938525 3.5664773 99.25460788482847 7.635767595972331 2.1804845068465526 0.3949911554118758 7.715176518808164 110.21057462854736 12.143692113214025 26.294441833073208
4649 6735.302330481003 2556.2754548828834 214.9688634748125 52.96934633675527 6731 6739 2552 2562 78.0 2.4654779606359085 1.7927364833915058 -84.15024818635464 0.6864939939432705 0.17285155400966584 1.368314921907847 0.0 45.321682183153406 2.306345 69.4457597287384 5.354324891526123 2.2370393705186444 0.31674545115874253 4.982787485166879 86.97705697239999 8.502000604701287 26.551488228922928
4650 6739.142736018741 2568.9245421230066 214.96869576257254 52.96939030839526 6733 6744 2562 2576 137.0 2.7548955229092167 2.3614351988807734 -88.36284798213046 0.5150206518973717 0.06676453437710494 1.5057775850424642 0.0 56.230941290432895 3.0677078 70.62976896841309 5.828902619252959 1.9619005398010763 0.42340241250531135 6.6036697681803656 84.61116972162318 9.163302762447833 26.581430752323875
4651 1548.9489639101726 2558.21545266569 215.01540406597073 53.00225354021882 1545 1554 2553 2564 68.0 3.1997373180167625 1.6502639354908086 48.56387544515275 0.8567392406666067 0.10500448965339067 0.2881530649431621 0.0 15.30564033207902 2.2973764 40.08441525990327 7.581001770549224 2.7370819711853254 0.10468163679693424 4.652426491681278 72.83568853717486 12.200529629096522 26.74413942476322
4652 1542.0527726326652 2570.268038619163 215.01533902147668 53.00236243484557 1533 1551 2559 2579 285.0 3.5108006399367837 2.707666935030288 -59.29542691504406 0.6365454883321765 -0.009045635957507967 5.019628670610798 0.0 191.2793728597153 4.813981 210.3064739321934 6.691347251983385 1.7542484118643098 0.5974314891622203 9.52461639974967 236.54453288869155 10.572614901983375 25.46521771271547
4653 7164.924376960672 2573.1175754797828 214.96483223465805 52.966711434189634 7162 7169 2566 2578 65.0 2.951485803742219 1.7316096150630726 87.57219404986581 0.8098110188439693 0.03399377727051719 0.16600458433237217 0.0 7.4717770097408565 2.0533147 131.69134853082818 9.922231625229294 3.923070605227698 0.14989762196265533 4.54864184146723 268.3428037931209 15.909343809062301 25.32827511697407
4654 7178.561580672662 2573.390255321875 214.96470704116484 52.96662637900269 7162 7189 2560 2583 370.0 6.618281138209072 4.535721066004728 28.239355818376353 0.7282305937910604 0.011860386864053002 0.38916864817560337 0.0 66.64147166625665 4.8772497 362.539472166251 19.636626945610363 3.206441221038618 0.23149067415210853 10.852403323135505 541.3465606206593 31.39031727137314 24.566311545282655
4655 7110.458316359628 2605.1669618822584 214.96498313623036 52.96723016055545 7099 7125 2593 2625 445.0 7.912659997796253 3.7302214535695364 -52.516148734647274 0.8819064463248484 0.02286890044921744 0.46314784164521444 0.0 91.5297231671314 5.4287157 241.74283238160578 17.18472080143471 2.8222515359726024 0.25309192362036426 11.901592303208293 363.7918646035349 27.471033507856884 24.99786754298685
4656 7189.207400464003 2597.3720100089795 214.96435890265502 52.96668838567185 7184 7194 2585 2608 164.0 5.417197846267763 2.2353200248781357 75.30411068623893 0.9108969100322164 0.12132999491877754 0.48135176698090304 0.0 40.83764282927555 3.2854133 207.405518939794 12.909802575064987 3.363714480934365 0.1660151433981137 7.225151993843567 345.8992177838021 20.815460045511394 25.05262605024425
4657 7151.712354957456 2629.497151675069 214.96435677563215 52.96709984010876 7113 7194 2582 2666 4882.0 12.909872214627372 12.220968572874643 -16.638561401234217 0.32230037153022595 -0.04875967029436926 21.88821989593545 0.0 3966.603687600436 18.270607 4081.3630187800486 21.78758402765784 1.513187404615767 0.6362171515600864 39.420665447824014 4472.933865299633 34.39701548829811 22.27351880763552
4658 8842.577667689127 2581.471558650439 214.94969995059537 52.95611086816074 8828 8856 2570 2595 515.0 6.369652483227185 5.267004740527866 -4.076080841767887 0.562363051123241 0.16983414658136908 0.9578213280118741 0.0 243.61960436412545 5.6797433 508.9552984039743 15.706784833725665 2.492474723917001 0.19965645654818712 12.80349918517013 493.1804670661528 25.087797663037048 24.667485331069578
4659 8852.961806655836 2593.3810395974238 214.94948139531758 52.95610929066235 8844 8864 2586 2600 156.0 4.486339005017324 2.375369460033925 -33.24773814535995 0.8483303946248283 0.1038091235415886 0.6855734459567637 0.0 56.44631755131073 3.1135235 173.1434988946674 10.44060321913529 2.933891075104991 0.21590812335769127 7.046725639945928 234.4233088622351 16.688811815325344 25.4749980208097
4660 4160.280502610361 2634.0553345187386 214.99115265093644 52.98610220196634 4105 4216 2590 2679 7499.0 19.092082412520774 13.727322678739029 18.899528251270095 0.6950038174802208 -0.03119122483525329 17.832737349707227 0.0 11441.864570938305 22.927208 11592.93725979401 26.187198116867062 1.4 0.5767208151046054 48.856993731627064 11863.769702528603 40.582398983687355 21.214443230870412
4661 4216.949531335644 2632.8247675839452 214.99065687339424 52.98573609792026 4211 4222 2625 2641 133.0 3.9307528396571185 2.0507552704149505 70.52093055194237 0.8531163297394316 -0.047084883163864236 0.4261060869996883 0.0 18.54573121265893 2.8950489 31.531629980460448 5.921943715341331 1.8962890084822723 0.33140478808944385 6.506551687525748 19.524094797026663 9.473239516228118 28.17357273085706
4662 1783.6186727987365 2602.136752448535 215.0128329535554 53.001002901577685 1777 1792 2596 2608 128.0 3.4676032064960585 2.274329599858842 21.148404632273948 0.7548656694125577 0.027479462192940632 0.6534841908155876 0.0 35.757833151180606 2.9881024 77.46505860700972 8.566157757729611 2.6206115534474663 0.29569375228126094 6.383076486422923 80.24093220153213 13.598653000988342 26.63901008632161
4663 1796.4816033939458 2607.237554472275 215.01266364680674 53.00094891029721 1786 1804 2601 2614 173.0 3.5692439185928126 2.8798517931779717 1.2830480358873064 0.5907535527928249 0.08887678512023404 0.9773003815402674 0.0 66.77567712064986 3.47749 88.95845426460454 6.845348069116822 1.8547046927843194 0.29350110286583947 7.420755373261929 100.6136711849815 10.901375328665125 26.393357510506274
4664 6041.02744770654 2605.8604534515284 214.97456989823755 52.97401905622671 6038 6045 2603 2609 46.0 1.8780890729236273 1.6582166605073247 15.966284761713016 0.46950917921124824 0.0673394944657873 0.3450400188968038 0.0 9.760078942594623 1.823769 28.941204014316515 5.861489769835899 2.8512931336735035 0.19663105546168036 3.826519928662906 42.888977601202015 9.361934709119312 27.3191357661608
4665 6093.286544805145 2606.84110956284 214.9740906703223 52.973692807937354 6078 6112 2599 2616 384.0 6.686697158108697 3.225702401365692 4.569802150486633 0.8759477797810473 0.007201790789232818 0.5705318165262546 0.0 83.52954281102392 5.239479 158.50569277868874 13.975654579768964 2.5557525495080005 0.3577685441714149 11.055812783082736 222.01117566843766 22.285888576876303 25.534062908366952
4666 6071.531197494183 2614.3809575050154 214.9742064329184 52.97387156877999 6056 6090 2603 2626 527.0 6.372605444250203 3.8093950047333 -27.282771028033103 0.8016626634484028 0.00985816565479003 2.1627276324029485 0.0 196.58297740188362 6.1473866 234.85847234435977 9.399659751088564 1.844132699139279 0.4587565230713045 12.951807210534664 292.7094862733243 15.724736323217325 25.233908006271182
4667 6042.158390523604 2623.9908725514574 214.9743687351725 52.97410984161861 6029 6058 2608 2636 586.0 4.941208684263856 3.4943174622207938 -36.54341267113421 0.7070348695399158 0.0034518009293768004 10.865235210259915 0.0 467.56095207108604 6.621893 497.67346075952213 8.04405091862865 1.6146173244184445 0.6462740361808855 13.657583728599336 548.2405010656819 12.838493494230702 24.55257221066507
4668 446.2987034058659 2641.8327617419245 215.0244311840289 53.0096973787476 427 474 2610 2671 1572.0 10.5488022415883 7.0978230652012 -46.19402007757418 0.7397736376176727 -0.033635140138800104 6.775164208004183 0.0 509.0705157873237 10.860909 586.8649955424951 16.785336631551942 1.6075964937391112 0.6271922035748227 22.36924542940416 624.4158267781338 26.745513621316558 24.411315244023648
4669 525.2633052352827 2701.6570414522243 215.02309108044687 53.00952019726302 507 537 2694 2712 334.0 8.806197366944636 3.5346487565205136 -17.01291863561248 0.9159107611766116 -0.051985433740970415 0.29420367571490075 0.0 35.50618745049644 4.998474 86.22845510899285 17.396467631102645 2.5999077453341766 0.35116962957236625 10.31094088749354 109.39540684759217 27.77950038705642 26.30250228053256
4670 452.00626701777276 2741.67576385884 215.02332772456438 53.01020108554983 365 522 2668 2804 12074.0 11.50731198895706 9.475912383211156 -5.366744248049826 0.5673615576342576 -0.21451084975063378 876.5978513467121 0.0 32535.540578152566 36.73048 31226.045251499112 27.582238040264702 1.4 0.8954590332222343 61.99414138273946 32608.431455882637 35.38891577958027 20.116675228256376
4671 495.8075246649854 2744.782082982698 215.02290133981043 53.00994015725587 486 525 2726 2767 879.0 6.826469982280466 6.5567893488184374 83.16553987145576 0.278297715759254 -0.0084712737611419 2.9791304066058966 0.0 510.4994799421107 8.270785 576.5369551897184 9.758357175651696 1.5455509728111518 0.5300288609674488 16.727055627203253 611.06464642122 11.549601262967956 24.43478210492202
4672 522.4584491872353 2763.332597740504 215.0224663346229 53.0098714830553 499 544 2735 2795 1752.0 9.846529881460526 6.953613282482184 -70.64610924327297 0.7080130209487857 -0.04977743237101567 6.123027741592866 0.0 536.8069585982527 11.5209875 652.7920944246209 19.36387796863485 1.9432505826890383 0.5834962814653119 23.615226456547084 785.0155504188499 30.847347213054828 24.162804350512
4673 466.41916482064823 2790.0095156101 215.0226888336547 53.01037105779086 456 482 2783 2800 284.0 5.013190193382022 3.869741099945595 -10.361738165325427 0.6357295331823795 -0.042652156580950965 0.44753355460802924 0.0 41.28424367982564 4.602265 159.05269352987833 14.812089973633736 2.9975313709494777 0.3762748900637261 9.507891862878783 298.5589454412709 24.69997349684936 25.212424779823984
4674 6389.1508016498865 2636.4826954646364 214.97112386662207 52.97197587219162 6374 6406 2620 2653 717.0 6.307928781525913 5.133514591165937 54.9511662143328 0.5811179245691444 0.029551218235908536 4.680122504257618 0.0 702.1913456203052 7.3318834 804.5181245365968 11.975959617557388 1.784646364906628 0.48487418732320736 15.10722305368455 899.7232188731359 19.03543072100716 24.014727679188923
4675 6396.035151703437 2654.3133237694783 214.97087424672313 52.972028529298804 6380 6413 2635 2669 653.0 7.204354900695803 4.008474345157426 -42.277647000804656 0.8309172500207336 0.12061219436979065 4.968423574378758 0.0 685.569835067148 7.079718 793.3249372366715 10.66689014304541 1.6571094007865155 0.4909918619121733 14.417224270920368 837.9449311412767 16.82375993191345 24.091961304520133
4676 9047.749032735946 2632.0076990923603 214.9473282279464 52.95508173596536 9037 9060 2624 2643 259.0 4.053932845269564 2.5710753935899704 -39.94626790227033 0.7731546338350872 0.15443369071628374 8.258523513563345 0.0 326.76863150362044 4.333197 420.1385497933717 7.389729467051022 1.9762484918988514 0.5395443410125911 9.079772052293041 485.2841630725951 11.620063066908436 24.68500970341593
4677 9061.086035596747 2635.2602102945148 214.947174402784 52.95501466060224 9046 9075 2624 2650 434.0 5.9073470342864765 4.523531186093584 -48.79615164415831 0.6431423420282886 0.16475755611622758 2.9417725370668504 0.0 370.56418169623964 5.5147 514.1930061557873 11.322668159957681 2.117867209905354 0.3377542104172831 11.753573524837677 558.774733141239 19.030225014487737 24.53190810045972
4678 9074.753401935146 2640.5046082786967 214.946996633133 52.95495624597117 9063 9084 2628 2655 339.0 6.189852268221487 3.5155715387352395 -64.55563570319836 0.8230580477439222 0.1482675461864266 1.7224409378643464 0.0 199.85356846935596 4.838026 290.20640341257115 10.603382168480238 2.0123174616951305 0.2775551059270245 10.387831891992912 301.1832165865267 16.858971825046204 25.202923082065983
4679 10177.944697902783 2675.0007751742005 214.93674516174025 52.948140853183794 10166 10184 2666 2682 174.0 4.537821434312426 2.646657082007421 46.51573792444548 0.8122970192125397 0.0867870446267515 0.7355004149567816 0.0 74.34010395815469 3.4006536 127.3254928821725 7.900995965744854 2.3719758570327563 0.24800704841138338 7.442171739215616 149.47756225981487 13.546111110147343 25.963559983534182
4680 10186.747464680684 2715.299534707739 214.93624176285192 52.948302583866486 10142 10224 2663 2772 6218.0 19.823118705832425 14.144575770606158 -86.6121187146493 0.7006151279689035 0.031442670842897966 10.55205364891327 0.0 6011.327875292924 20.896807 6570.011440527098 29.868833666336197 1.5503131006511233 0.47088553266057226 44.48877242957835 6897.923972830877 47.2144761287137 21.803203991564793
