outputs/dr0.5_c0.1/nircam3_f814w_dr0.5_c0.1.ecsv
# %ECSV 1.0
# ---
# datatype:
# - {name: label, datatype: int64}
# - {name: xcentroid, datatype: float64}
# - {name: ycentroid, datatype: float64}
# - {name: sky_centroid.ra, unit: deg, datatype: float64}
# - {name: sky_centroid.dec, unit: deg, datatype: float64}
# - {name: bbox_xmin, datatype: int64}
# - {name: bbox_xmax, datatype: int64}
# - {name: bbox_ymin, datatype: int64}
# - {name: bbox_ymax, datatype: int64}
# - {name: area, unit: pix2, datatype: float64}
# - {name: semimajor_sigma, unit: pix, datatype: float64}
# - {name: semiminor_sigma, unit: pix, datatype: float64}
# - {name: orientation, unit: deg, datatype: float64}
# - {name: eccentricity, datatype: float64}
# - {name: min_value, datatype: float64}
# - {name: max_value, datatype: float64}
# - {name: local_background, datatype: float64}
# - {name: segment_flux, datatype: float64}
# - {name: segment_fluxerr, datatype: float32}
# - {name: kron_flux, datatype: float64}
# - {name: kron_fluxerr, datatype: float64}
# - {name: kron_radius, unit: pix, datatype: float64}
# - {name: gini, datatype: float64}
# - {name: equivalent_radius, unit: pix, datatype: float64}
# - {name: kron4_2_flux, datatype: float64}
# - {name: kron4_2_fluxerr, datatype: float64}
# - {name: radius_kron20, unit: pix, datatype: float64}
# - {name: radius_kron50, unit: pix, datatype: float64}
# - {name: radius_kron80, unit: pix, datatype: float64}
# - {name: near_border, datatype: bool}
# meta:
#   PHOTMJSR: 0.3925000131130219
#   PIXAR_SR: 2.11539874851881e-14
#   __serialized_columns__:
#     area:
#       __class__: astropy.units.quantity.Quantity
#       unit: !astropy.units.Unit {unit: pix2}
#       value: !astropy.table.SerializedColumn {name: area}
#     eccentricity:
#       __class__: astropy.units.quantity.Quantity
#       unit: !astropy.units.Unit {unit: ''}
#       value: !astropy.table.SerializedColumn {name: eccentricity}
#     equivalent_radius:
#       __class__: astropy.units.quantity.Quantity
#       unit: !astropy.units.Unit {unit: pix}
#       value: !astropy.table.SerializedColumn {name: equivalent_radius}
#     kron_radius:
#       __class__: astropy.units.quantity.Quantity
#       unit: &id001 !astropy.units.Unit {unit: pix}
#       value: !astropy.table.SerializedColumn {name: kron_radius}
#     orientation:
#       __class__: astropy.units.quantity.Quantity
#       unit: &id002 !astropy.units.Unit {unit: deg}
#       value: !astropy.table.SerializedColumn {name: orientation}
#     radius_kron20:
#       __class__: astropy.units.quantity.Quantity
#       unit: *id001
#       value: !astropy.table.SerializedColumn {name: radius_kron20}
#     radius_kron50:
#       __class__: astropy.units.quantity.Quantity
#       unit: *id001
#       value: !astropy.table.SerializedColumn {name: radius_kron50}
#     radius_kron80:
#       __class__: astropy.units.quantity.Quantity
#       unit: *id001
#       value: !astropy.table.SerializedColumn {name: radius_kron80}
#     semimajor_sigma:
#       __class__: astropy.units.quantity.Quantity
#       unit: !astropy.units.Unit {unit: pix}
#       value: !astropy.table.SerializedColumn {name: semimajor_sigma}
#     semiminor_sigma:
#       __class__: astropy.units.quantity.Quantity
#       unit: !astropy.units.Unit {unit: pix}
#       value: !astropy.table.SerializedColumn {name: semiminor_sigma}
#     sky_centroid:
#       __class__: astropy.coordinates.sky_coordinate.SkyCoord
#       dec: !astropy.table.SerializedColumn
#         __class__: astropy.coordinates.angles.Latitude
#         unit: *id002
#         value: !astropy.table.SerializedColumn {name: sky_centroid.dec}
#       frame: icrs
#       ra: !astropy.table.SerializedColumn
#         __class__: astropy.coordinates.angles.Longitude
#         unit: *id002
#         value: !astropy.table.SerializedColumn {name: sky_centroid.ra}
#         wrap_angle: !astropy.coordinates.Angle
#           unit: *id002
#           value: 360.0
#       representation_type: spherical
#   astropy version: '5.1'
#   make_catalog parameters:
#     ab_zpt: 31.4
#     coadd_bands: !!python/tuple [f277w, f356w]
#     deblend_contrast: 0.001
#     deblend_nlevels: 32
#     deblend_npixels: 1
#     detect_kernel_fwhm: 4.0
#     detect_kernel_npix: 7
#     detect_npixels: 4
#     detect_threshold_nsigma: 3.0
#     flag_isolated_buffer: 4
#     hst_bands: !!python/tuple [f606w, f814w, f125w, f140w, f160w]
#     jwst_bands: !!python/tuple [f115w, f150w, f200w, f277w, f356w, f410m, f444w]
#     near_border_kernelsize: 21
#     reference_band: f200w
#   make_catalog version: 1.4.0
#   photutils version: 1.5.0
# schema: astropy-2.0
label xcentroid ycentroid sky_centroid.ra sky_centroid.dec bbox_xmin bbox_xmax bbox_ymin bbox_ymax area semimajor_sigma semiminor_sigma orientation eccentricity min_value max_value local_background segment_flux segment_fluxerr kron_flux kron_fluxerr kron_radius gini equivalent_radius kron4_2_flux kron4_2_fluxerr radius_kron20 radius_kron50 radius_kron80 near_border
[from data line 3624]
3625 8454.61810486272 4510.676359411115 214.75231545459908 52.84181981000023 8451 8459 4506 4514 69.0 2.4330909422572544 1.8751273033365492 -81.63589011175539 0.6372259520866395 -0.35718583818588684 0.6474066363503581 0.0 13.002852261583794 2.8053553 20.23842398635393 4.429477360950135 1.4 0.4244988047568363 4.686510657907603 12.758583764976018 7.059818967991577 2.133775436748755 3.668882571959809 5.43783100268798 False
3626 9227.012778090457 4516.530647410721 214.74537038815515 52.83693791137186 9215 9240 4506 4529 439.0 4.264333934964487 2.9171750553818203 30.133829342243867 0.7294005002381654 -0.5266454554003173 7.157577265025784 0.0 228.97660225856015 8.54721 231.34913428281325 8.883024217141541 1.4 0.6974781435517186 11.821084554078958 219.55351071530941 14.225560437141214 1.5930025819400884 3.166429240773548 5.852469110153909 False
3627 6542.250772163828 4511.020049155923 214.76936114872822 52.85398503417559 6537 6548 4507 4518 96.0 2.811071636072368 2.16958904086131 -57.35054376347901 0.6358636566281786 -0.6087053536070142 0.632688082253775 0.0 6.435284876825774 4.123043 6.654480647512886 6.4540131299118055 1.4 0.5439079032703865 5.527906391541368 -8.048696827296135 10.380980416159227 1.6887521389646984 2.4856488749596983 3.279589081837814 False
3628 7130.527668755084 4510.6584885411885 214.76411927861088 52.850241685506575 7126 7136 4507 4516 77.0 2.1808962448193485 1.8500487871813147 8.33382482195987 0.5295199585909752 -0.3327639714166977 1.110216724368874 0.0 16.348457110870992 3.6900315 32.31367363324963 9.256517024909073 2.4718939920237015 0.4569176192570223 4.950743503369154 71.91345877697562 14.696865637239906 1.7842391002928761 4.387119309663827 10.311205600838631 False
3629 4294.869027724093 4514.88902070902 214.78936867737235 52.86829694351978 4290 4301 4508 4521 128.0 2.6367651807557904 2.376806278406606 80.42866591914502 0.432966701366861 -0.22737306089870107 1.856995133070303 0.0 54.97006112960701 3.8060987 71.18239223523281 7.310417205437928 1.9232661697980278 0.46581781538812883 6.383076486422923 61.486775632908724 11.784168278448696 1.831734604247954 3.7230078509073485 8.055639643056997 False
3630 7334.780174088447 4509.575820682847 214.7623095682848 52.84893676971731 7333 7336 4509 4511 7.0 0.9435922600798238 0.3389922331815738 -61.280913792211734 0.9332386218187348 -0.12159268385618828 0.3091706482334496 0.0 0.20703903539993895 1.010709 1.157272211042903 1.3350678437869479 1.4 0.8899617371491427 1.4927053303604616 1.599487776502027 2.1393576986929705 0.7766224290264765 1.2221258615791815 1.8752314047087701 False
3631 9430.06175871574 4519.454124763321 214.743530331838 52.83566193114445 9419 9439 4510 4529 269.0 5.722418557533683 3.056679211483394 -39.546388818493874 0.8453842714943578 -0.7006129323074531 1.1066449625193782 0.0 66.88374591355839 7.1327033 85.16096818685092 13.643669896358404 1.6608840403687435 0.44728814355486535 9.25339718068125 84.11591841521437 22.056078718106026 3.4200194009510985 6.252937886761239 12.666370555054687 False
3632 3361.256708254114 4517.502456714311 214.7976735310515 52.87424685979516 3356 3365 4512 4522 85.0 2.2709415149112697 1.9107328893359699 -44.059563142099954 0.5404384151153098 -0.37999446643873785 1.1517763439656528 0.0 26.54431784203393 3.4956255 44.202088323939904 8.048933152007686 2.3000646542154035 0.43444685586902426 5.201570947860099 71.09748772681225 12.851002929981876 1.8241842268225439 3.7308766921739394 9.006310124420832 False
3633 3475.033356478487 4531.75158586645 214.79650787424669 52.873600273207714 3456 3494 4513 4549 1081.0 5.8801364367891376 4.720855186582867 76.57418349823718 0.5961839065220415 -0.4685511538830595 10.623202079684097 0.0 1033.1545394230925 12.516579 1032.533378050298 12.443652604355622 1.4 0.7084939450707318 18.54974358218134 1081.152001734614 19.860670474400713 2.7669291049494 5.2922156631850195 9.295181562926063 False
3634 4160.999106154602 4516.080182398062 214.79055076438638 52.86915453081683 4158 4164 4513 4519 38.0 1.6146441386698764 1.4724279944725938 0.7462943108464194 0.41036566658614726 -0.20072828429940584 0.8912774914799773 0.0 16.168404142794277 2.4575882 29.408011012343657 7.247716161900121 2.6505025314923905 0.35010982724370376 3.477898169151024 27.33296945865043 11.457303667442044 1.7553472763017806 3.146451181157621 8.069807008497762 False
3635 2583.154630249419 4528.250272451188 214.80450652812073 52.87925143958921 2569 2596 4514 4541 603.0 5.526500818297291 4.159521220199817 45.19120731846159 0.6584207425230109 -0.5102015045927011 4.577512005921122 0.0 388.4221192835871 10.278918 425.2942886973094 12.675385260412364 1.4091916062007206 0.5647705509445072 13.85427231466257 432.3387546558023 20.384832563200774 2.831228584367256 5.652933411590913 10.173313256475966 False
3636 9358.30013788726 4521.476970446598 214.74414844987857 52.83612934169611 9356 9363 4518 4525 46.0 2.003804852387047 1.4286860588133448 -38.20666396984042 0.7011776327049939 -0.49258589312735046 0.7858122108705448 0.0 6.802588748280695 2.7833657 7.7847254116823805 4.296779982053613 1.4 0.5427303306216732 3.826519928662906 -2.700799901788839 6.972160185563721 1.700931490070111 2.4760923287693846 2.977012078914173 False
3637 6265.631772278107 4523.393887452886 214.77169775596474 52.855810868296984 6264 6268 4521 4525 22.0 1.494791985069615 1.1282586282567628 44.40620909721818 0.6559629750806282 -0.25933041978800303 0.5883691520019102 0.0 4.26835742253709 1.9948508 5.47697784768032 3.3745701766809595 1.4 0.37458825941910584 2.6462837142006137 4.718697440131241 5.3956142811266705 1.2773824301821803 1.9544734046860635 2.5605943841945384 False
3638 8655.373616072118 4523.964129959449 214.75038627982576 52.84061432044804 8655 8657 4523 4525 9.0 0.7628308655995567 0.5539785883217826 -76.37489416527124 0.6874685235663844 -0.05391729967571913 0.28118815697130417 0.0 1.075002462750198 1.003755 2.53372251583306 2.566009853136286 2.6631567880528735 0.49849144051510064 1.692568750643269 4.315227652823051 4.133798186279449 0.8574597404768195 1.654978084769661 4.413729398714219 False
3639 10140.52092386315 4528.3137268467 214.73710733118355 52.83118973973682 10136 10145 4523 4534 82.0 2.9256316593915748 2.0417480514777284 -84.1473792660514 0.716211965615965 -0.2940771339505486 0.8527011186818392 0.0 20.205467746733937 3.4671614 96.8070155138037 13.888382124333472 3.2609587453735505 0.40540831601196137 5.108953969950291 127.7816529745293 22.213964148660605 5.0035829770292315 9.22389524163144 13.909605875934428 False
3640 2964.768326673422 4525.452456489716 214.80112909115465 52.87681036007772 2964 2966 4524 4526 7.0 0.747279120113008 0.5066987838705518 -29.814348931273894 0.7350081556508118 -0.0030992943065346595 0.5804764739711408 0.0 2.235672862778953 1.0743186 6.617392674786379 3.076393209132945 2.7351168866815323 0.39114543139030195 1.4927053303604616 9.714586335345958 5.013254638098618 0.9776156375262328 2.009566550397329 3.0667116385436013 False
3641 3140.4617415135217 4532.399182096061 214.79948751859772 52.87573083104605 3132 3147 4526 4538 140.0 4.4570590626855635 1.972420636227181 34.41892546623951 0.8967494609696015 -0.2744433768838401 0.8876193154241583 0.0 40.60905698820918 4.9662957 41.43428033388164 7.697199096037253 1.4 0.3892665924433865 6.6755811781245455 39.56332348621447 12.378588296933852 2.2984075006778943 4.351957866642015 5.931084669543242 False
3642 3971.336526969771 4534.311084792139 214.79205133364502 52.87045863151841 3966 3976 4529 4538 79.0 2.427210795125278 1.900433398140796 -12.10153346853687 0.6220593819406992 -0.29532462417935157 0.43092549150681225 0.0 6.18116103583851 3.0725 11.991229547159733 4.5620080692120935 1.4 0.46227738584420414 5.014626706796775 7.777408678625584 7.28318319693665 1.9482217820610213 3.6798649991951145 7.085803609112301 False
3643 956.5464097464729 4532.380960126618 214.81898905247115 52.88961332585413 953 959 4530 4537 49.0 2.3911917775687765 1.020636916223172 -45.84086586420464 0.9043309869444778 -0.3605348785504102 0.49740949399375 0.0 -1.8021153377782726 2.5785465 -2.1522466246426273 3.5517344638502313 1.4 -0.24583738965082833 3.949327084834294 -0.39524573652816875 5.719635195776789 3.522163330642994 3.7955230831166147 4.176226986325992 False
3644 2192.0466758273897 4537.440325201758 214.80790178512106 52.88178722056781 2185 2200 4530 4543 154.0 3.5972588220979573 2.5694144189209998 -11.196148804699002 0.6998701480366711 -0.3379675537098297 1.0784858539137567 0.0 56.38676717746174 5.1151495 91.48980040281195 11.894190469912202 2.130778442967256 0.4024313835059313 7.001408606295148 95.05885285520284 19.076534054314894 2.985711520352076 5.653102248201023 9.077886101878853 False
3645 6905.960100835422 4532.235531882967 214.76589439913727 52.85178613327309 6902 6909 4530 4537 51.0 2.00026771742439 1.1305838529624948 -31.45698197168329 0.8249427683858414 -0.4279133102150632 0.763647811855511 0.0 5.625333928384977 2.965086 14.907187702740968 5.453612668746382 1.9704301621251594 0.6456064702677285 4.029119531035698 12.409084354562173 8.70017214138659 1.2822208833798885 2.606826421196415 7.630559790058563 False
3646 9409.24176926779 4533.4417379805955 214.74356854296656 52.83586967227629 9404 9414 4530 4537 61.0 2.6740534545255374 1.7507783823353353 22.155539086863886 0.7558643378796659 -0.5903349113950865 0.6830377294409526 0.0 9.412055069016423 3.2085176 18.163361532557445 5.551874105520531 1.4 0.39810276765122105 4.406461512053774 11.2075891153845 8.932440053390803 2.6594770351070336 4.506150800096043 5.85369963594268 False
3647 6552.290971847534 4548.256686371701 214.76887943429261 52.854121699143484 6536 6566 4531 4565 781.0 5.3678777158951325 4.000330389200706 -68.31429190962153 0.6668019074513072 -0.8959602959693825 9.690520282326657 0.0 412.5557201326652 11.896822 413.24170569363616 12.243881878095692 1.4 0.7258712531851643 15.767054928221077 416.8744638236808 19.668833527712398 1.8751129651811371 3.652507756090149 6.995097287025008 False
3648 2793.7870199182107 4536.4392053177735 214.80253977201605 52.87795653481583 2791 2796 4533 4538 30.0 1.402646072071514 1.1479953438260384 66.92719285639937 0.5745780948822091 -0.034720577464544954 1.8036074062138179 0.0 16.98337500151582 2.3256986 32.93005992652801 5.38036831129375 2.280755265415908 0.4414927924910748 3.0901936161855166 25.52171851270443 8.609397578161571 1.3424123897443176 2.925923751564529 4.838025221130092 False
3649 8431.008770274022 4535.396499198955 214.75226554748502 52.84210306976226 8429 8432 4534 4537 11.0 1.1766921071055823 0.7060310234819817 -37.099437130384075 0.7999899552142663 -0.012459084681893957 0.4177390756639593 0.0 2.471924832484757 1.1058935 8.41518483094768 5.292770804770697 3.9031267683702793 0.2992060142761677 1.8712051592547776 8.171452541774853 8.441813962009245 1.5840195615910075 3.0834324086237617 4.723591848534062 False
3650 7138.817521747705 4541.704230531818 214.7637183971819 52.8503561269602 7136 7143 4536 4549 80.0 3.3355542135403393 1.5213611431777134 73.88172230623077 0.889926246581607 -0.4142251046009726 0.9413700431301828 0.0 23.630707411509064 3.8682663 70.58472648802388 12.1402162961037 2.891098759218043 0.3842027146262485 5.046265044040321 128.746611154327 19.390114356648137 3.5853234228155815 7.237530080921067 13.570716800388897 False
3651 8264.164683412559 4541.223309120302 214.7536912753514 52.84319572778749 8258 8271 4536 4546 101.0 3.084474425339606 1.9972630267601281 25.274750166375412 0.762047313823604 -0.30454470777503617 0.9567099999221809 0.0 30.995771392881725 3.9126747 60.847742453524106 8.819013037014441 2.0685756696152766 0.393833439024638 5.670035141386943 62.29980077935209 14.17264409565991 2.491320289591663 5.8042170665665616 9.82654179128659 False
3652 417.968082553037 4539.6451742207555 214.8237236968417 52.893075591522646 415 421 4537 4541 33.0 1.7779430071094962 1.2075490826397122 15.10999298460725 0.7339687552845092 -0.24176390122199673 0.3735057604111222 0.0 3.328579626791779 1.7992141 11.093003261833129 6.378566614596959 3.064976524079576 0.3769032631691938 3.2410224072142872 5.169020711951353 10.214750707405498 2.0788801609320005 4.776387948426669 9.917356419059573 False
3653 2246.6799166188757 4539.093724196366 214.80739654357225 52.881448833595634 2243 2250 4537 4543 34.0 2.200124735799573 1.754760944103732 -31.155862841419694 0.6032219222274048 -0.5470230626900935 0.2555144526177008 0.0 -4.787904960413902 2.48854 -11.258656956045996 5.095648467163482 1.4 -0.5309220563319728 3.2897623212397704 -12.570754954423094 8.150871787996659 2.170177342343779 3.497154440117573 5.4090740452442825 False
3654 7648.770315272187 4541.496464049288 214.75917407462543 52.847111540422816 7644 7656 4537 4547 93.0 3.079273309290674 1.7458380491105374 -43.7544949380691 0.8237423613072332 -0.3965924878874496 1.1745329387191925 0.0 12.18227318707817 3.6826613 15.21712046030726 5.5309313195074274 1.4 0.5871712727566242 5.440847306724618 17.07370622935054 8.803577419915321 1.1172202740023474 2.287738287992534 5.6554424930889695 False
3655 9561.93647179301 4542.571038547625 214.74211188071257 52.834947410845736 9556 9568 4537 4548 114.0 2.560326987850497 2.326603306804205 -30.565292405164683 0.41742071438704503 -0.40777281420826744 1.463135887125865 0.0 44.321959552374956 5.246193 55.78021599247862 8.295784999019054 1.5857098733988488 0.44847709342724157 6.023896332520351 52.518146886348305 13.027869574254714 1.8355706181468487 3.475099570613012 5.7401246851278795 False
3656 2348.8921608646906 4541.164260796201 214.80646209218892 52.880810235383876 2345 2352 4538 4545 60.0 2.165319758586533 1.8752504060655244 50.04014600898615 0.4999772117540985 -0.6495846192239735 0.3286852338618292 0.0 -4.2590662806830855 3.2490897 -11.015005036763947 5.2432334895696515 1.4 -0.47050626267767975 4.370193722368317 -19.677912600885648 8.314771568137866 3.480793834239699 4.814607829401508 6.0251044508878895 False
3657 9127.374750384219 4541.496782965889 214.74599533675985 52.8377061497664 9125 9130 4539 4544 25.0 1.5191055524799124 1.0887215761901792 35.925648829527724 0.6973960691226531 0.010633430388548299 0.5965515293151659 0.0 8.235647190673236 1.6917106 28.913940624381922 5.639386557001229 2.8944835338141095 0.24589418933850263 2.8209479177387813 32.38764718359237 9.047777848890872 2.171498179313515 4.050425063573603 7.686147497117374 False
3658 9804.50045357781 4540.623354862593 214.7399712498411 52.83339377025347 9804 9805 4540 4541 4.0 0.5007166266321175 0.4838039189133066 11.979447529288368 0.257707436529998 0.3048258514479749 0.5192735925689782 0.0 1.6467050702747754 0.84525627 17.810659962598503 3.453757819802201 3.7585303709541895 0.1690554980911107 1.1283791670955126 20.90258415930215 5.48012792191269 1.5513698973115297 2.611844227682365 3.625058479492139 False
3659 3133.6519821350216 4547.891247352794 214.7993851203955 52.875857589774796 3130 3136 4546 4549 16.0 1.344097597224844 0.8030586159598544 -25.963037497327505 0.8018909176821701 -0.2870775413713216 0.5545897264092307 0.0 0.18686426672988188 1.7081467 8.629644130599214 7.650216208567006 3.947568420004634 1.638813065961664 2.256758334191025 -4.009998014741587 12.239686804589475 2.1211469162050074 3.406966136236127 12.251846940638924 False
3660 7849.757223609059 4550.206458525994 214.75729062249746 52.84588004374922 7849 7851 4549 4551 7.0 0.7309201833032147 0.6833275968139979 -36.74617699147225 0.35494613564550054 0.2984108039859045 0.9215068698537124 0.0 3.8849674696823424 1.0077183 17.100034102329733 3.5646985622265226 2.9796795064758337 0.2315214289053042 1.4927053303604616 12.442352958982088 5.75106381339727 1.325292283571813 2.4039031968765063 4.0061508656958305 False
