outputs/dr0.5_c0.1/nircam1_f356w_dr0.5_c0.1.ecsv
# %ECSV 1.0
# ---
# datatype:
# - {name: label, datatype: int64}
# - {name: xcentroid, datatype: float64}
# - {name: ycentroid, datatype: float64}
# - {name: sky_centroid.ra, unit: deg, datatype: float64}
# - {name: sky_centroid.dec, unit: deg, datatype: float64}
# - {name: bbox_xmin, datatype: int64}
# - {name: bbox_xmax, datatype: int64}
# - {name: bbox_ymin, datatype: int64}
# - {name: bbox_ymax, datatype: int64}
# - {name: area, unit: pix2, datatype: float64}
# - {name: semimajor_sigma, unit: pix, datatype: float64}
# - {name: semiminor_sigma, unit: pix, datatype: float64}
# - {name: orientation, unit: deg, datatype: float64}
# - {name: eccentricity, datatype: float64}
# - {name: min_value, datatype: float64}
# - {name: max_value, datatype: float64}
# - {name: local_background, datatype: float64}
# - {name: segment_flux, datatype: float64}
# - {name: segment_fluxerr, datatype: float32}
# - {name: kron_flux, datatype: float64}
# - {name: kron_fluxerr, datatype: float64}
# - {name: kron_radius, unit: pix, datatype: float64}
# - {name: gini, datatype: float64}
# - {name: equivalent_radius, unit: pix, datatype: float64}
# - {name: kron4_2_flux, datatype: float64}
# - {name: kron4_2_fluxerr, datatype: float64}
# - {name: radius_kron20, unit: pix, datatype: float64}
# - {name: radius_kron50, unit: pix, datatype: float64}
# - {name: radius_kron80, unit: pix, datatype: float64}
# - {name: near_border, datatype: bool}
# meta:
#   PHOTMJSR: 0.4047000110149384
#   PIXAR_SR: 2.11539874851881e-14
#   __serialized_columns__:
#     area:
#       __class__: astropy.units.quantity.Quantity
#       unit: !astropy.units.Unit {unit: pix2}
#       value: !astropy.table.SerializedColumn {name: area}
#     eccentricity:
#       __class__: astropy.units.quantity.Quantity
#       unit: !astropy.units.Unit {unit: ''}
#       value: !astropy.table.SerializedColumn {name: eccentricity}
#     equivalent_radius:
#       __class__: astropy.units.quantity.Quantity
#       unit: !astropy.units.Unit {unit: pix}
#       value: !astropy.table.SerializedColumn {name: equivalent_radius}
#     kron_radius:
#       __class__: astropy.units.quantity.Quantity
#       unit: &id001 !astropy.units.Unit {unit: pix}
#       value: !astropy.table.SerializedColumn {name: kron_radius}
#     orientation:
#       __class__: astropy.units.quantity.Quantity
#       unit: &id002 !astropy.units.Unit {unit: deg}
#       value: !astropy.table.SerializedColumn {name: orientation}
#     radius_kron20:
#       __class__: astropy.units.quantity.Quantity
#       unit: *id001
#       value: !astropy.table.SerializedColumn {name: radius_kron20}
#     radius_kron50:
#       __class__: astropy.units.quantity.Quantity
#       unit: *id001
#       value: !astropy.table.SerializedColumn {name: radius_kron50}
#     radius_kron80:
#       __class__: astropy.units.quantity.Quantity
#       unit: *id001
#       value: !astropy.table.SerializedColumn {name: radius_kron80}
#     semimajor_sigma:
#       __class__: astropy.units.quantity.Quantity
#       unit: !astropy.units.Unit {unit: pix}
#       value: !astropy.table.SerializedColumn {name: semimajor_sigma}
#     semiminor_sigma:
#       __class__: astropy.units.quantity.Quantity
#       unit: !astropy.units.Unit {unit: pix}
#       value: !astropy.table.SerializedColumn {name: semiminor_sigma}
#     sky_centroid:
#       __class__: astropy.coordinates.sky_coordinate.SkyCoord
#       dec: !astropy.table.SerializedColumn
#         __class__: astropy.coordinates.angles.Latitude
#         unit: *id002
#         value: !astropy.table.SerializedColumn {name: sky_centroid.dec}
#       frame: icrs
#       ra: !astropy.table.SerializedColumn
#         __class__: astropy.coordinates.angles.Longitude
#         unit: *id002
#         value: !astropy.table.SerializedColumn {name: sky_centroid.ra}
#         wrap_angle: !astropy.coordinates.Angle
#           unit: *id002
#           value: 360.0
#       representation_type: spherical
#   astropy version: '5.1'
#   make_catalog parameters:
#     ab_zpt: 31.4
#     coadd_bands: !!python/tuple [f277w, f356w]
#     deblend_contrast: 0.001
#     deblend_nlevels: 32
#     deblend_npixels: 1
#     detect_kernel_fwhm: 4.0
#     detect_kernel_npix: 7
#     detect_npixels: 4
#     detect_threshold_nsigma: 3.0
#     flag_isolated_buffer: 4
#     hst_bands: !!python/tuple [f606w, f814w, f125w, f140w, f160w]
#     jwst_bands: !!python/tuple [f115w, f150w, f200w, f277w, f356w, f410m, f444w]
#     near_border_kernelsize: 21
#     reference_band: f200w
#   make_catalog version: 1.4.0
#   photutils version: 1.5.0
# schema: astropy-2.0
label xcentroid ycentroid sky_centroid.ra sky_centroid.dec bbox_xmin bbox_xmax bbox_ymin bbox_ymax area semimajor_sigma semiminor_sigma orientation eccentricity min_value max_value local_background segment_flux segment_fluxerr kron_flux kron_fluxerr kron_radius gini equivalent_radius kron4_2_flux kron4_2_fluxerr radius_kron20 radius_kron50 radius_kron80 near_border
[from data line 1422]
1423 8666.687942749903 1830.2414535489318 214.95918993672083 52.953169384717356 8658 8676 1826 1834 112.0 4.504976269476234 1.8032065847335368 -15.16759191419196 0.916397279832273 0.19622463660234934 0.578649158273354 0.0 39.465712300769724 1.1347077 113.06285863391335 3.8228138763614954 2.7990106837714293 0.13230371630903798 5.970821321441846 139.30554449778342 6.18916736099164 4.405676319116744 8.434975082503453 14.571298704266608 False
1424 2701.8638328925417 1831.9150381844424 215.01269979547482 52.99101578540395 2699 2705 1828 1836 47.0 2.029764707311042 1.6248113428014255 -80.11986244375122 0.5993428253114554 0.14317211420584783 0.43384523612139686 0.0 12.527612814529238 0.69666076 36.04279459956007 2.3382923769542825 2.9308985212668293 0.1513807203801041 3.8678889139475245 46.21131358623696 3.783828079618205 2.7219190336135233 5.087147672530191 8.765350371200203 False
1425 3721.7407460316867 1832.705224782915 215.00353261678845 52.984552272552286 3718 3726 1828 1837 64.0 2.295563046401759 1.8699094145682653 -46.438869250536825 0.580057545448519 0.11222563064105542 0.5920183452508405 0.0 23.07891284974908 0.8261956 63.55731471762715 2.7572453529939143 2.808822239933076 0.18657889102364156 4.51351666838205 94.63969122880756 4.336414842663154 2.9450887534054337 6.083089311660743 10.699015939874311 False
1426 6835.214213571524 1830.7124680594777 214.9756104226841 52.96479230502285 6832 6838 1828 1834 38.0 1.7906640279522095 1.5809996751626454 37.57410989771283 0.46953753423964983 0.21344659276746028 0.42538943794812106 0.0 12.017932220407198 0.6060839 26.111897234125724 1.703818026981861 2.303818876021231 0.11134190383059249 3.477898169151024 28.489511048531888 2.6970407350186703 2.1774759632608043 3.672270112000008 5.5998431521009016 False
1427 8706.830652233133 1829.9582852020721 214.95883300061902 52.95291313122308 8705 8709 1828 1832 18.0 1.1780332611801294 1.0140755922498237 -15.142103767340084 0.5089081111745756 0.051998772543865125 0.3263371670482072 0.0 3.305426004815771 0.4671515 14.46929361643977 1.6463248612340553 3.094173589683279 0.2411430066690277 2.393653682408596 19.551354570810545 2.592785121710037 2.1685214299601747 4.270492454375749 6.703990251494898 False
1428 6443.725234216329 1833.2952905624034 214.97909540116711 52.96728989342966 6441 6447 1830 1836 36.0 1.6118475877193457 1.4052609973631078 -24.459331523969468 0.48980426292312707 0.056612576940461234 0.6923369641700775 0.0 12.983796290807357 0.6319298 23.23691711126527 1.55303271266258 2.2590928786935014 0.24317492030398283 3.385137501286538 31.137495227621578 2.4197514913120295 1.6441427353195073 3.0384321519806643 5.0877679976525725 False
1429 2430.311805925765 1837.945347159127 215.01507535940402 52.992770379296644 2419 2439 1831 1846 195.0 5.112196504736207 2.5876075607354605 33.883777285812194 0.8624375077591598 0.09276485936276949 0.7332293112939381 0.0 64.38868047875178 1.3889308 121.60435628915775 3.5403044729634487 2.2329859300416586 0.22557545198016413 7.878478774854901 137.51358710328566 5.712567435737633 3.986978957397612 7.968513511981306 13.040220664778971 False
1430 2730.5030071492743 1835.2065846990959 215.01240789193923 52.99085196873611 2727 2734 1832 1839 48.0 1.8679626828477747 1.7017552547628343 21.582870871063026 0.4123575679301565 0.17648370379036243 0.6081461885717416 0.0 17.8217784052855 0.67392105 40.74240070428813 2.076156298781635 2.640047903800478 0.18559308335760283 3.9088200952233594 38.972963883386996 3.441517063677915 2.2803004708954417 4.435171870592919 7.484846340608121 False
1431 6688.474745882396 1848.8794364775936 214.9767354679329 52.96582140390526 6671 6704 1832 1878 1008.0 7.597024870347606 4.26478502065465 66.21399273842846 0.8275610812692841 0.034909446146835776 19.576877071783414 0.0 1553.7474877473373 3.6091306 1580.4305604690458 4.008872091831026 1.43834470332124 0.6475588043170288 17.91246396432554 1698.8230550911878 6.009338845979983 2.827263077655319 5.516423452630659 10.646658762651326 False
1432 7065.213775100599 1839.2542809376225 214.9734572316525 52.963379275409494 7058 7074 1832 1846 182.0 3.898538580288511 2.6305514442341282 33.93346677433782 0.7380434253322377 0.02680498651156966 1.1462079624092514 0.0 76.36425999338275 1.4387782 106.85929472238371 2.9751637433675597 2.0529085226484285 0.3325157557389819 7.611333607551958 133.16683832078334 4.698860054494478 2.7302688111506104 5.477669878031669 9.04891184469622 False
1433 1533.4739473928248 1840.1793398953441 215.02310864053953 52.99846921379526 1527 1540 1834 1846 141.0 2.775226273126455 2.5363791095745762 14.788459556373237 0.4058584074598872 0.10245983558330654 1.8875681948617768 0.0 90.13736633129054 1.2257519 111.75675433743248 2.0673842088254784 1.731473268011519 0.38182450056105044 6.699380116989518 113.45155029188189 3.258276574937977 2.076028818196789 3.87357774076978 6.656207390174958 False
1434 8861.563047092377 1855.5720062268338 214.9571759387939 52.95206962778506 8842 8879 1834 1877 1235.0 8.615365510880505 6.717616204978519 42.94402295861089 0.6261220841649328 0.1034730538842783 6.088001614872074 0.0 1298.1499851718968 4.2215734 1475.4026365768361 6.48791513743983 1.6830803611349392 0.43325012085380094 19.827070117316413 1606.705930696749 10.159428659378817 5.054254131853744 10.39256353454527 17.077506108167025 False
1435 9148.05694448155 1838.3918869893557 214.95478842997306 52.950158829038905 9145 9152 1835 1842 49.0 2.002681707919898 1.6412283462270756 53.220205434960356 0.5730572709438225 0.20608249410447047 0.7051195615706773 0.0 19.61544948508221 0.7507522 40.25304014968331 2.0795661044420815 2.4070697471236606 0.17427411423901512 3.949327084834294 44.99464645418047 3.315012782053061 2.1808784023396406 4.082061081785952 6.544308121511533 False
1436 10206.132808650378 1836.1981512387754 214.94532760445796 52.94343228673299 10205 10207 1835 1838 9.0 0.9206122403745237 0.7030104641357426 -69.84707160460776 0.6456498151355623 0.1983237688338983 0.3746839155700877 0.0 2.6292160944698484 0.30666742 15.338495801964568 1.249515412442804 3.3663875357845288 0.12017327548496913 1.692568750643269 22.75486582280278 2.0139572573328732 1.8314972549262516 3.279784148164583 4.835528667848276 False
1437 889.7320187166683 1839.5997602000575 215.0288991590118 53.00254764131041 888 892 1837 1842 23.0 1.348100881134927 1.1317467945029687 62.16703403997018 0.54334122984885 0.19460952888872723 0.6014608309605014 0.0 8.451026308483888 0.4670711 21.119942638715905 1.492342430298195 2.811923492999568 0.19609537374401068 2.7057581899030048 24.28473533533076 2.417739911785607 1.686851800574435 3.397024583656484 6.400833201199382 False
1438 1685.8670905908382 1842.1839296505939 215.02171833589819 52.99751378277314 1682 1689 1839 1846 49.0 2.0866665356894063 1.5222047834954222 -34.409996560917875 0.6839902434872493 0.1744430606470633 0.7066181821602562 0.0 18.32760300421599 0.70865875 33.00090382185604 1.7197743919590476 2.204888443542695 0.21609888416693507 3.949327084834294 34.2937998806345 2.7482556103772184 1.9575168063763417 3.7063617458817673 6.219566826080133 False
1439 2373.717971744862 1842.4066348683916 215.01553671203084 52.99315337202066 2371 2377 1839 1845 36.0 1.9044280610255897 1.376534063428475 -36.07340212393027 0.6910498839658263 0.19801958034697634 0.44616221204612516 0.0 11.442455547144633 0.601747 22.80570082056746 1.6683987274468646 2.332237040984039 0.1223821449427958 3.385137501286538 29.7606849956411 2.6609985678165002 1.9815195317884458 3.4516295209546333 5.604609435143947 False
1440 4257.560980329212 1843.6894596306845 214.99860614577952 52.98121333259242 4253 4263 1839 1849 89.0 2.692866235220213 1.8807510137648602 -47.148010995210555 0.715688358411837 0.10292687240005033 1.0186446515785499 0.0 39.204685279149246 0.9710749 63.89147691556982 2.263924381719466 2.2863727161095797 0.3034692406679752 5.322553886092406 70.61653286627727 3.619097171041364 2.1860605346766917 4.387436954893937 8.048641956306781 False
1441 3727.9546490310627 1845.0833516672824 215.00334642391627 52.98457977528276 3725 3731 1842 1848 36.0 1.6522994726695264 1.582991078719934 72.77628414166148 0.2865898453250827 0.17394351159217153 0.3921125449844878 0.0 10.75056958824879 0.62122226 35.03373305687414 2.164848153337819 2.920018466891205 0.10667739183636343 3.385137501286538 56.13964560546873 3.467922808703299 2.5974809330489896 4.869886617109328 9.058856541201479 False
1442 4002.182974502923 1844.8805167421997 215.00088636585627 52.982839471628665 3999 4006 1842 1848 47.0 2.0392642311414697 1.6232808669620655 37.65355521749096 0.6052795069646894 0.18859384074754587 0.5588888664095707 0.0 17.173563176467646 0.70332426 55.129991813091976 2.4946264031234224 3.053859777365025 0.14245802716101874 3.8678889139475245 98.15186748414908 4.0382582818767165 2.9026538588017474 6.374542190369537 10.18225185747403 False
1443 7734.817780547653 1853.4840276320558 214.9673014389896 52.95920778786089 7726 7742 1842 1871 342.0 6.30393826326729 3.403463642586003 74.08162125410425 0.841732486262751 0.10369135099946822 1.5613425939344951 0.0 160.04693069567978 2.0665176 233.89865630991832 4.540687941132108 2.057461702707159 0.32358878426808996 10.433694507453072 246.89775528874256 7.329237389953402 4.488783190144889 7.934697522088441 13.864970930391626 False
1444 802.7928413847349 1848.5868931286989 215.0295857572077 53.003147448094246 796 808 1844 1854 83.0 3.4005619908353615 1.5635012796178644 -39.12215453300501 0.8880342424418275 0.09244165624243843 0.9302762461020658 0.0 36.59640040548454 0.9269372 60.51236401795474 2.1818953184221876 2.190616213940133 0.259271628662798 5.140011726956917 64.36164198633067 3.524040448153905 2.301092608268547 4.605991338365034 8.386283762505943 False
1445 2600.2322887141445 1859.0775694875358 215.01332647357972 52.991807121483376 2589 2611 1845 1872 487.0 5.869568606118841 4.030967500473232 -68.56172049510248 0.7268870492804249 0.10353041597432427 3.239538073223604 0.0 387.04890374075904 2.2975192 451.93076970763 3.5633566700795756 1.6095372599187616 0.41248046453441356 12.450578884995911 463.1003429055838 5.5909828111857625 3.664282415453926 6.7871047736863845 11.519922023404936 False
1446 7228.093255378537 1847.8035049692057 214.97190615047543 52.96239209025019 7227 7230 1845 1851 19.0 1.7460564563896255 0.7971626587517228 -88.53672884560542 0.8896975847517633 0.10199792553756666 0.49602021425386794 0.0 4.988327577427028 0.44115353 34.43266014071317 1.776333820744179 3.3534964971756316 0.22352154284996928 2.4592453796829674 61.984592014087674 2.907543151463637 3.2396113279674355 6.028632661390147 8.080427154430403 False
1447 1061.1255598847922 1846.9455403807597 215.02728158460187 53.00150069483731 1060 1062 1846 1848 9.0 0.8291749733235924 0.8121186163528319 71.97326414368052 0.20178556238556583 0.1716068540655139 0.2988073846440983 0.0 2.162233613140271 0.29150206 15.143437768042975 1.1838784272492602 3.3669928236565716 0.11696150720172577 1.692568750643269 21.430208156585635 1.9022064290566623 2.010784659556567 3.5890735327808243 5.531679540321676 False
1448 4074.245927806674 1893.5413049329331 214.9997267548165 52.98264545485916 4028 4121 1846 1937 6294.0 10.982811781482493 9.315399245862162 -60.70816304330482 0.529708414490607 0.05220481525948131 224.83351885683857 0.0 30782.801498944937 11.502847 29980.342922666703 10.315007094541087 1.4 0.7982078955427792 44.759830469303374 31265.28177646474 13.165984322884372 3.5169234937002196 8.362057092299253 16.62409280581947 False
1449 8833.497180844093 1846.4951169477997 214.95752316644598 52.95219869245648 8833 8834 1846 1847 4.0 0.510828094873133 0.4888996478311989 44.979226667414636 0.28984781800309295 0.3626854893587057 0.4035772710522382 0.0 1.5239331107616456 0.22014447 10.848060337051912 0.8959758226979527 3.7956069755739974 0.03252203915971585 1.1283791670955126 20.687256253078385 1.4336499200510286 1.3885194445457416 2.4002985382795137 3.535755950719494 False
1450 7271.095121917057 1850.442670743727 214.9714926362804 52.962133524101034 7269 7274 1847 1854 33.0 2.1988856478857626 1.1974506665044156 -66.10178988651532 0.8387143595541062 0.21477401541410202 0.377780912406313 0.0 9.30497097976897 0.5897576 94.656456768142 2.7596886785433035 3.597593440631874 0.08421530194639082 3.2410224072142872 209.28516643899226 4.352464852392581 5.122354498588219 9.737598214566354 12.55315749533524 False
1451 10112.477620256606 1852.8143211661923 214.9459919527657 52.94411640318584 10104 10121 1847 1858 165.0 3.9101125671728343 2.3434865260919437 2.0772403871263534 0.8004946399600189 0.06621716364068488 1.347091056592929 0.0 86.24993766096136 1.3476225 131.89342952799294 3.0470289551200826 2.2272047361682548 0.3155782398887293 7.247146419131151 154.79229325593576 4.854354940419402 2.842949588468712 5.663261189415194 10.192886197603421 False
1452 868.9314298710659 1853.7164008895882 215.02893735327822 53.00275586141189 865 873 1849 1858 70.0 2.062261055939617 1.8035412843655054 -74.00758028137064 0.4849433310865812 0.04919987514211836 0.918244834740001 0.0 25.168019711624513 0.868774 40.043487031836065 1.8594422518895077 2.1028490967167106 0.34638003687703456 4.720348719413148 40.43128841863554 2.9326851467918273 1.840619050415195 3.6181729124293187 6.755791017136612 False
1453 8592.441862860967 1850.0594020045992 214.95964690333955 52.953747559903015 8591 8594 1849 1851 10.0 1.052123197118175 0.673420132293969 -25.598714238891926 0.7683263867999357 0.22658974795500736 0.3777570116364202 0.0 3.1120226179129253 0.34195513 20.521051782092506 1.3986159540947298 3.425609598431969 0.07680611753124131 1.7841241161527712 24.655277903092482 2.2316466648681983 2.05612957091294 3.5325726724065274 5.670736143222631 False
1454 10138.609875867096 1853.7008156460279 214.94574841401175 52.9439553436194 10133 10145 1849 1859 109.0 2.959520365407678 2.1506398032604164 -27.049013108616474 0.6869705555332472 0.13339426849676525 1.0684727916944683 0.0 53.64473775704701 1.1191202 102.27803325317316 2.871083737992183 2.4849135073290585 0.2785614709842274 5.890312181373172 131.8454726229451 4.561603264512941 2.7312557532343016 5.687515755927526 10.377022492736273 False
1455 2062.9080193112727 1852.9521618469144 215.01821760513258 52.99518125575394 2060 2066 1850 1856 39.0 1.6553797141235949 1.514270964167141 35.371900590000294 0.40400342271888445 0.09058710175340921 0.7141486465836411 0.0 16.784257824414095 0.643892 24.64936150523168 1.3701311303373878 1.932016319047601 0.20827512203189813 3.523362819972964 22.37760016654184 2.179756711204147 1.5778118664671632 2.7501273272746696 4.283226741582617 False
1456 2548.300761440934 1856.4097780722116 215.01382102891515 52.99212201213959 2542 2555 1850 1862 136.0 2.871070922571015 2.596549701916626 -30.611361802511638 0.4267202240749286 0.09727231295598385 1.2478540682945127 0.0 69.45225941595484 1.1658053 89.83775723941935 2.194144605065698 1.8294221559482495 0.3234308098684588 6.579524642479541 98.58423733601168 3.523591470019184 2.283075861540563 4.220576525112026 6.967818260219194 False
1457 4046.735358048136 1851.1496599077761 215.00042032309446 52.98259079440781 4046 4048 1850 1852 6.0 0.7604254688293853 0.55816855713026 -49.69167179818675 0.6791263533629315 0.16280091338479494 0.29596454281372736 0.0 1.4246285643165972 0.2537178 16.709938366773258 1.1393536583362665 3.7402677108302647 0.11822287266173727 1.381976597885342 36.65508853694322 1.795098079581821 2.3052657638354974 3.87633422989026 5.197058822492781 False
