outputs/dr0.5_c0.1/nircam6_f200w_dr0.5_c0.1.ecsv
# %ECSV 1.0
# ---
# datatype:
# - {name: label, datatype: int64}
# - {name: xcentroid, datatype: float64}
# - {name: ycentroid, datatype: float64}
# - {name: sky_centroid.ra, unit: deg, datatype: float64}
# - {name: sky_centroid.dec, unit: deg, datatype: float64}
# - {name: bbox_xmin, datatype: int64}
# - {name: bbox_xmax, datatype: int64}
# - {name: bbox_ymin, datatype: int64}
# - {name: bbox_ymax, datatype: int64}
# - {name: area, unit: pix2, datatype: float64}
# - {name: semimajor_sigma, unit: pix, datatype: float64}
# - {name: semiminor_sigma, unit: pix, datatype: float64}
# - {name: orientation, unit: deg, datatype: float64}
# - {name: eccentricity, datatype: float64}
# - {name: min_value, datatype: float64}
# - {name: max_value, datatype: float64}
# - {name: local_background, datatype: float64}
# - {name: segment_flux, datatype: float64}
# - {name: segment_fluxerr, datatype: float32}
# - {name: kron_flux, datatype: float64}
# - {name: kron_fluxerr, datatype: float64}
# - {name: kron_radius, unit: pix, datatype: float64}
# - {name: gini, datatype: float64}
# - {name: equivalent_radius, unit: pix, datatype: float64}
# - {name: kron4_2_flux, datatype: float64}
# - {name: kron4_2_fluxerr, datatype: float64}
# - {name: radius_kron20, unit: pix, datatype: float64}
# - {name: radius_kron50, unit: pix, datatype: float64}
# - {name: radius_kron80, unit: pix, datatype: float64}
# - {name: near_border, datatype: bool}
# meta:
#   PHOTMJSR: 1.891700029373169
#   PIXAR_SR: 2.11539874851881e-14
#   __serialized_columns__:
#     area:
#       __class__: astropy.units.quantity.Quantity
#       unit: !astropy.units.Unit {unit: pix2}
#       value: !astropy.table.SerializedColumn {name: area}
#     eccentricity:
#       __class__: astropy.units.quantity.Quantity
#       unit: !astropy.units.Unit {unit: ''}
#       value: !astropy.table.SerializedColumn {name: eccentricity}
#     equivalent_radius:
#       __class__: astropy.units.quantity.Quantity
#       unit: !astropy.units.Unit {unit: pix}
#       value: !astropy.table.SerializedColumn {name: equivalent_radius}
#     kron_radius:
#       __class__: astropy.units.quantity.Quantity
#       unit: &id001 !astropy.units.Unit {unit: pix}
#       value: !astropy.table.SerializedColumn {name: kron_radius}
#     orientation:
#       __class__: astropy.units.quantity.Quantity
#       unit: &id002 !astropy.units.Unit {unit: deg}
#       value: !astropy.table.SerializedColumn {name: orientation}
#     radius_kron20:
#       __class__: astropy.units.quantity.Quantity
#       unit: *id001
#       value: !astropy.table.SerializedColumn {name: radius_kron20}
#     radius_kron50:
#       __class__: astropy.units.quantity.Quantity
#       unit: *id001
#       value: !astropy.table.SerializedColumn {name: radius_kron50}
#     radius_kron80:
#       __class__: astropy.units.quantity.Quantity
#       unit: *id001
#       value: !astropy.table.SerializedColumn {name: radius_kron80}
#     semimajor_sigma:
#       __class__: astropy.units.quantity.Quantity
#       unit: !astropy.units.Unit {unit: pix}
#       value: !astropy.table.SerializedColumn {name: semimajor_sigma}
#     semiminor_sigma:
#       __class__: astropy.units.quantity.Quantity
#       unit: !astropy.units.Unit {unit: pix}
#       value: !astropy.table.SerializedColumn {name: semiminor_sigma}
#     sky_centroid:
#       __class__: astropy.coordinates.sky_coordinate.SkyCoord
#       dec: !astropy.table.SerializedColumn
#         __class__: astropy.coordinates.angles.Latitude
#         unit: *id002
#         value: !astropy.table.SerializedColumn {name: sky_centroid.dec}
#       frame: icrs
#       ra: !astropy.table.SerializedColumn
#         __class__: astropy.coordinates.angles.Longitude
#         unit: *id002
#         value: !astropy.table.SerializedColumn {name: sky_centroid.ra}
#         wrap_angle: !astropy.coordinates.Angle
#           unit: *id002
#           value: 360.0
#       representation_type: spherical
#   astropy version: '5.1'
#   make_catalog parameters:
#     ab_zpt: 31.4
#     coadd_bands: !!python/tuple [f277w, f356w]
#     deblend_contrast: 0.001
#     deblend_nlevels: 32
#     deblend_npixels: 1
#     detect_kernel_fwhm: 4.0
#     detect_kernel_npix: 7
#     detect_npixels: 4
#     detect_threshold_nsigma: 3.0
#     flag_isolated_buffer: 4
#     hst_bands: !!python/tuple [f606w, f814w, f125w, f140w, f160w]
#     jwst_bands: !!python/tuple [f115w, f150w, f200w, f277w, f356w, f410m, f444w]
#     near_border_kernelsize: 21
#     reference_band: f200w
#   make_catalog version: 1.4.0
#   photutils version: 1.5.0
# schema: astropy-2.0
label xcentroid ycentroid sky_centroid.ra sky_centroid.dec bbox_xmin bbox_xmax bbox_ymin bbox_ymax area semimajor_sigma semiminor_sigma orientation eccentricity min_value max_value local_background segment_flux segment_fluxerr kron_flux kron_fluxerr kron_radius gini equivalent_radius kron4_2_flux kron4_2_fluxerr radius_kron20 radius_kron50 radius_kron80 near_border
[from data line 2970]
2971 7411.729215775264 3557.1362235345628 214.82386705359372 52.824922468066504 7408 7416 3554 3560 50.0 1.9908815285190709 1.464609505649461 -27.874717951908963 0.6773522996114707 0.15013066023265795 1.618247074884587 0.0 34.166744065409475 1.8004245 55.646337516029206 3.9698537648638914 2.2450562302191295 0.2886850943668886 3.989422804014327 63.05097288248236 6.2793723141196285 1.727346950090065 3.2900925350877683 6.027415378499497 False
2972 1140.0345336264454 3559.4212213876403 214.87983665157563 52.86478234447907 1137 1144 3555 3563 55.0 2.1006303216636573 1.4844420513839363 -72.34678642414053 0.7075482270411143 0.0289748732741932 1.544776675894045 0.0 36.91751443056483 1.7938914 60.431585900389706 4.176491763005846 2.2895547313079625 0.31737992979667623 4.1841419359420025 82.62804406939085 6.6198761302696765 1.7386738639172001 3.4608517494671482 5.9259476826997055 False
2973 8356.001829120542 3561.285802613796 214.815401845645 52.818943062129726 8349 8363 3555 3567 143.0 3.055869204677813 2.074994053042186 -18.139881458588356 0.7341204543037118 -0.061840599622650476 3.258999470508765 0.0 112.48393857740359 2.8708732 143.19852573685512 5.0453939733727475 1.968127834272183 0.46246118133959263 6.746726148605861 159.56372055559405 7.965188899147212 1.9262124655763078 3.801649749675409 7.1737441254929175 False
2974 3312.184516093792 3569.6064926320328 214.86032493820971 52.851039384669306 3302 3323 3556 3582 476.0 4.872947099641254 3.490741323050925 -81.10479077633089 0.6977399307613246 -0.09861728991254597 10.069969836150745 0.0 661.4985961411196 5.8639417 698.6884393700802 7.20180894056429 1.5063553056702408 0.5694890213238227 12.309163489997376 736.6820031822758 11.181507186662811 2.5759986610545242 5.002455494003184 8.556097224716819 False
2975 3832.9766429307265 3563.877093235194 214.85573462910116 52.84769984738909 3826 3840 3556 3572 196.0 3.3544922409906524 2.4206980871255728 -66.6073659205379 0.6922802381126831 -0.25515305139175426 3.525866291340093 0.0 154.88608441578668 3.5038064 170.75736357963805 5.014219684229166 1.6168873069780048 0.5049366567386419 7.898654169668588 185.7495930244727 7.928775233714951 1.9489831715720205 3.6186200028306423 6.305960983471719 False
2976 1806.8575219787967 3560.6279461501535 214.87386568492693 52.86055341085607 1802 1811 3558 3564 55.0 2.1462184844237986 1.3534340683518034 -11.408901889469503 0.7760971455056553 0.09673604297376154 1.7162583661182256 0.0 36.875328994669644 1.7656102 48.101771157494454 3.5497155724811216 2.0325315533817756 0.3774938070413857 4.1841419359420025 56.543754049666724 5.681550266220356 1.4613709583044414 2.736796928771103 4.533200753156177 False
2977 8095.649286895978 3568.0386540475365 214.81765255980525 52.82063430832352 8089 8103 3562 3575 156.0 2.7927969438850835 2.4078941425145137 51.84947803626832 0.5066017718938719 -0.2261514398753566 2.54010173022101 0.0 87.5771202049141 4582575.5 111.49051762563413 10866237.924498925 1.8860747368942608 0.5224750837937331 7.046725639945928 129.7205024240083 20276035.543155946 2.029979296639444 3.8189091092512073 7.222252533291494 True
2978 7434.509246208217 3565.00138700453 214.82358113343298 52.82482007749752 7432 7437 3564 3566 15.0 1.7089657312145692 0.6410846419967184 -14.72647730487581 0.9269721351983988 0.1906352290486729 0.6681215107685938 0.0 6.428976580193831 0.9726597 33.52801477530947 3.6228285786880376 3.3301032037853795 0.1573651930203564 2.1850968611841584 42.808429622249335 5.698957712316529 2.5231147861148764 4.283030795456788 6.623733643979987 False
2979 7573.402453454854 3568.631788150597 214.82230408197518 52.823956877552156 7568 7579 3565 3573 81.0 2.5306687836691037 2.024144844603556 0.4545457464515684 0.6002055203364821 0.15428923873224318 1.2936328714239314 0.0 51.89696401486021 2.0724535 97.45852424481774 5.327827723623217 2.2425231150277556 0.23309760841854354 5.077706251929807 85.23038692721178 8.526267351859866 2.5144815487286767 4.7619653066620815 7.522249971261051 False
2980 9910.662248517812 3569.796229519449 214.80145205912652 52.80910623771795 9906 9916 3565 3575 92.0 1.996495423771607 1.7418303453859185 -52.53359342680139 0.488714191885631 -0.05250992162169051 3.5945480737556776 0.0 60.942235971533485 2.3850775 68.21806318268037 3.177722141190499 1.5825682604470372 0.5608329614976386 5.4115163798060095 71.04588419446065 4.955683554412238 1.1779401648497976 2.2466923378633226 4.369490182830822 False
2981 9066.713960935444 3570.971836425277 214.8089629707412 52.81447759522982 9061 9073 3566 3576 123.0 2.4450857788432288 2.234879694711519 -26.28693371063958 0.4056484919795639 0.00872415910570789 3.312442722807252 0.0 113.86906294218433 2.7380733 129.36704957052265 3.7399359746087466 1.5077491855768228 0.4569737943703587 6.257165172872317 131.24365470783533 5.898941131192802 1.6940131102334748 3.143148742126638 5.208922255423838 False
2982 9174.172044535482 3574.9597405384584 214.80796300262725 52.81381599342726 9162 9187 3567 3585 352.0 5.9418940424727085 3.9597038025641482 0.8998616193602882 0.7455905678847757 0.20516819327740504 1.5762888354793598 0.0 277.4054095553215 4.67235 487.3089615218525 11.46062204747601 2.231471741857913 0.20347906419652448 10.585134856802455 525.2775237061692 18.038480607883947 5.250765402240121 9.720002650676511 16.109220787884567 False
2983 2124.8667970028687 3574.2031677466252 214.8708817641616 52.85860663811123 2119 2131 3568 3580 107.0 3.3782786588517366 1.734085232822613 -55.414709418637486 0.8582066262615998 -0.021896274310861615 1.5873479856033095 0.0 55.49428106970965 2.46493 77.0386782824383 4.910264948679535 1.9463843830433019 0.37087654970053235 5.836022431559495 84.60611447741644 7.690300219442034 2.0042772553450576 4.126275839475627 7.9174370578824975 False
2984 3885.457677123463 3571.7418712572758 214.8551832864227 52.84740883213634 3882 3888 3568 3575 45.0 1.7652573063663421 1.5634460848965706 -86.89650361439554 0.4643037454204556 -0.04805882293829278 0.9029354022171544 0.0 18.590656572281418 1.6199689 26.618764271377906 3.2847327118775214 1.8535595273361665 0.2951720374275903 3.7846987830302403 20.01055030914281 5.225708479143722 1.6599685741989056 2.8077191030874693 4.541255220025096 False
2985 7886.380802188109 3570.494007925416 214.81949305090407 52.821977662255044 7885 7887 3569 3571 6.0 0.7669953801414854 0.49942683860148923 61.489670566085564 0.7589515256723116 0.07470390008272511 0.5431850494310523 0.0 1.6447876285499579 0.5618322 13.248922307864598 2.1609997115087536 3.4182278440795835 0.40924981222842943 1.381976597885342 23.564591498001228 3.4197490795017127 1.7043264880692846 3.040072702364203 4.222437346538645 False
2986 7514.333960908555 3574.691080690119 214.82276720783827 52.82436496011807 7511 7517 3571 3578 42.0 1.7538721272699256 1.250566600944833 -75.36269321863814 0.7011316932792266 0.040866418602542656 1.5006074613466356 0.0 23.965428624001433 1.4982358 31.392722529744773 2.4167115907544097 1.5991651550837764 0.3748730941921841 3.656366395715726 29.43324584444587 3.896854154227619 1.2341061101339719 2.347923601612855 4.0808970060765475 False
2987 6436.326647389433 3582.6451958343832 214.8323003746365 52.831258979442154 6432 6441 3576 3590 119.0 3.5436044906757846 2.2797510138457078 70.93756609141832 0.7655785771266393 0.06363887868425472 0.7857199876049662 0.0 38.98461983788841 2.6277273 103.86236629858516 8.429951048144387 2.759169704941039 0.2491116887230827 6.154581744998688 137.94333667334377 13.384520039166778 4.065221109687759 8.182523856429173 12.866350999430336 False
2988 722.8462042598057 3587.5771602836226 214.88326871816327 52.86758394057175 714 732 3577 3596 269.0 4.438321621647391 2.3121548860140044 52.38860062920149 0.8535856486298379 -0.08312634343622995 5.974683593035318 0.0 218.98226594947684 4.0458355 251.59969717465353 6.104813935793834 1.809585405396215 0.5585706912403035 9.25339718068125 283.1793211313068 9.592617249892257 2.1974929779498003 4.333674780216805 8.36031734384343 False
2989 7657.9597729620555 3579.1449960282143 214.82143931322094 52.82347611020073 7656 7660 3578 3580 12.0 1.195088424422621 0.6337622561926514 -16.816245833504667 0.8478064742393718 0.1161430292060908 0.8355037978225834 0.0 4.5317997054344605 0.9392168 20.712758728869737 3.2463805823374674 3.245506998765145 0.3216076293565397 1.9544100476116797 72.50506281940875 5.299987731527397 1.6913202246838992 3.5507898779521674 7.243731063007215 False
2990 9355.510413941267 3585.4665382950093 214.80623587348225 52.81271985578383 9349 9362 3579 3592 135.0 2.303042700778338 1.8977044588536622 -38.59493838202699 0.566591520477357 -0.12747519011113403 3.9393368289421815 0.0 73.38479709527127 2.8800402 77.58239561789014 3.5433333058554775 1.564044470277594 0.6220363988605545 6.555290583552474 84.99738641068842 5.5265960997353005 1.1856886096210022 2.3260565638969615 4.328154854861366 False
2991 6744.692456507143 3587.601236017795 214.8294970240733 52.829325990733565 6740 6749 3581 3594 99.0 2.988611964943714 1.8444741339231594 83.30442453020957 0.7868318078580303 -0.142160206319672 1.0835045288989322 0.0 44.467992182272745 2.3601685 60.21064945026389 4.361565987346645 1.8131558052602277 0.3354807036287053 5.613615477764332 61.04155714227525 6.980960156366729 2.17295911790968 3.8943480675381723 6.630993327859212 False
2992 9211.159085757003 3589.512035647708 214.80748020391147 52.81365928524819 9205 9217 3581 3597 151.0 4.2775964368914625 2.0062509895970457 60.712971711223 0.8831909330894708 -0.022785926319245274 1.310198444154678 0.0 68.42984214721035 2.9166703 139.42963802115185 7.938429427980612 2.605756286101412 0.33125962662196534 6.93287767191607 240.46627551576103 12.67467090821707 3.39134123430641 7.79989503774416 15.0912318629207 False
2993 2462.3863481261324 3591.4300304050494 214.8676854138516 52.85655555004437 2452 2472 3582 3601 307.0 3.9118581295645978 2.8914118575178778 -51.81247511553817 0.6735515329402483 -0.008690885130588619 8.43429506284225 0.0 419.57749407406976 4.444872 436.2218538348093 5.338939199569355 1.4396390677235025 0.5777603070290104 9.885400096021595 448.1604813766246 8.26977202453791 2.402051365287762 4.107948239409704 6.521372235352492 True
2994 nan nan nan nan 8127 8140 3582 3599 185.0 nan nan nan nan 0.0 0.0 0.0 0.0 13601470.0 nan nan nan nan 7.673807981960539 nan nan nan nan nan True
2995 9832.89524789412 3588.5415376292544 214.80194807758394 52.80970162400325 9830 9836 3584 3593 61.0 2.176007620888914 1.351435573789663 78.20551950172191 0.7837614642416358 0.15215707606911003 2.990815580866377 0.0 51.54736977965154 1.9391457 62.38394475266272 3.1489353187559104 1.730079363980638 0.416631253017286 4.406461512053774 66.36525090602927 4.974430335648356 1.3035134041165952 2.561325065056842 4.35939226454625 False
2996 3402.4464181191333 3589.898898676706 214.8593053887298 52.850575391497046 3399 3407 3587 3593 49.0 1.6217611486676837 1.437527355277478 4.505099474728689 0.46292216163333005 0.034448086051155964 2.791796801134066 0.0 40.67979183823595 1.880094 57.2691029119049 3.7022685036832597 2.173917160989236 0.42949732875439134 3.949327084834294 61.10890474355333 5.799920284664954 1.2821301918603425 2.5303824793635803 4.986607383693772 False
2997 4482.52946805311 3589.441038522015 214.8496663086071 52.84371076944417 4481 4484 3587 3592 21.0 1.8041134247075399 0.8354797105949987 59.30297260044982 0.8863075470697058 -0.21935798199943418 0.11764740910484207 0.0 -0.6505396042896432 1.0359294 -1.1129213752033122 1.7645999744499212 1.4 -0.5444024801698168 2.5854414729132054 -5.2660866575688825 2.815961821466812 1.394239348679015 2.231568876488766 2.6012008857857456 False
2998 2493.100154991274 3594.6368115795754 214.86737732077086 52.856377740708155 2490 2496 3591 3598 46.0 1.9769897219162462 1.4975587915160962 64.36890096166674 0.6528415736757082 0.023898688951764238 0.9687768453516534 0.0 19.524948764674704 1.6330885 52.575137597556306 5.28317562359 2.88750783374976 0.2663172714464765 3.826519928662906 67.95001757062525 8.470063474778158 2.427511216033614 4.990988625210761 8.704997021506436 False
2999 7497.595508194418 3595.420480930903 214.82269847043136 52.82458307090844 7496 7499 3594 3597 11.0 0.9015649260130681 0.8007635030308857 76.32583045757492 0.45947088787256585 0.6560104509558381 1.8679067418888682 0.0 13.195371602519316 0.88012373 25.69601929534476 2.1887541932736814 2.4607879237489807 0.1984234856638338 1.8712051592547776 30.584676194251223 3.464660231526217 0.9846931467845658 1.879446018360824 3.2981344945970137 False
3000 995.5460026556923 3603.20737164387 214.88066717945847 52.86593626910771 988 1003 3595 3609 155.0 3.507721935084324 2.1101801788350802 35.89897050393145 0.7988115242708458 -0.0053659033774326025 2.6137718732727646 0.0 83.9845763521728 3.01405 132.81578016015305 6.724527278218432 2.3575430373904687 0.4496259251354412 7.024103669400641 157.88950564464415 10.715089368267545 2.421762927131365 5.2346662830546915 12.16054898917414 False
3001 6765.798234354269 3596.2797959379573 214.82921744267995 52.8292386384329 6765 6767 3595 3597 8.0 0.901700107339266 0.5945972152670752 31.078883083868075 0.7517765612039002 0.06264411723490997 0.49966181420614625 0.0 2.2608843936355365 0.6817133 13.380367464370941 2.4759285953226637 3.3237656688041275 0.26699070770900774 1.5957691216057308 21.32531319149758 3.9988803050311073 1.7164352791112287 3.0125457648491327 4.781678322473594 False
3002 6473.234594669234 3603.6858310915227 214.8317497509239 52.83113784815717 6468 6479 3597 3610 125.0 3.120532308489928 1.8998570375810466 51.14693276536744 0.7933048135444671 -0.10564514096039625 2.4572417275196123 0.0 82.42539817811928 2.937785 112.77050596406806 5.723013718557866 2.161223738109783 0.4422475744374575 6.3078313050504 143.58259672869696 9.092254044946241 2.013421927361631 4.0406514523623835 7.989535278056514 False
3003 8989.810842909768 3600.453895973178 214.80933852619984 52.8151253141334 8987 8993 3597 3604 44.0 1.779498062649999 1.3708317929143508 68.71277157051743 0.6376243470475229 0.10710783738294069 1.1363372317320144 0.0 22.098990875472722 1.6074101 38.14466892581284 3.9089585063644376 2.3916222467051216 0.3266197397380953 3.742410318509555 42.57231358029044 6.18163775428776 1.6332522379581234 3.1902637724724072 6.299504324066583 False
3004 3393.298735887519 3603.9363825051523 214.85923940507323 52.85070921004659 3390 3397 3599 3608 57.0 2.2769625165498617 1.4981829557307806 76.34738514405667 0.7530403315309477 0.1115935535296729 1.4267432906058577 0.0 34.02225511239044 1.9501632 64.59220143930534 5.269566374577322 2.5475456393170335 0.3215372218441537 4.259537945889915 79.85440267016136 8.346998127961559 1.9928714356998887 4.186272585208142 7.9379131810522985 False
3005 1308.7231444292988 3601.34802477491 214.87788814906793 52.863937096078075 1307 1311 3600 3604 16.0 1.1371013550358366 0.907442361824585 -69.99144940364926 0.6026161296336985 0.09028365550123636 0.7842758676761951 0.0 6.457692106772844 0.9658719 25.52075348403656 3.374170581835908 3.1171708232054343 0.3190750589985215 2.256758334191025 49.6910089260973 5.363812307365991 1.8242446676418747 3.90442147472976 6.117598646602335 False
3006 9735.032908950725 3608.728575842243 214.8026080701999 52.81043252730815 9721 9748 3600 3616 352.0 6.524215887962102 2.75779340025285 12.960639319321617 0.906269142318554 -0.04443602628290692 5.379633978333589 0.0 304.6499003520988 4.764623 478.4641875645315 10.49443976131006 2.3189285678749902 0.4390759296473313 10.585134856802455 575.7723848429421 16.651777937360492 4.615396910768778 8.808975432148296 16.21669017168963 False
