outputs/dr0.5_c0.1/nircam2_matched_f277w_f444w_dr0.5_c0.1.ecsv
# %ECSV 1.0
# ---
# datatype:
# - {name: label, datatype: int64}
# - {name: xcentroid, datatype: float64}
# - {name: ycentroid, datatype: float64}
# - {name: sky_centroid.ra, unit: deg, datatype: float64}
# - {name: sky_centroid.dec, unit: deg, datatype: float64}
# - {name: bbox_xmin, datatype: int64}
# - {name: bbox_xmax, datatype: int64}
# - {name: bbox_ymin, datatype: int64}
# - {name: bbox_ymax, datatype: int64}
# - {name: area, unit: pix2, datatype: float64}
# - {name: semimajor_sigma, unit: pix, datatype: float64}
# - {name: semiminor_sigma, unit: pix, datatype: float64}
# - {name: orientation, unit: deg, datatype: float64}
# - {name: eccentricity, datatype: float64}
# - {name: min_value, datatype: float64}
# - {name: max_value, datatype: float64}
# - {name: local_background, datatype: float64}
# - {name: segment_flux, datatype: float64}
# - {name: segment_fluxerr, datatype: float32}
# - {name: kron_flux, datatype: float64}
# - {name: kron_fluxerr, datatype: float64}
# - {name: kron_radius, unit: pix, datatype: float64}
# - {name: gini, datatype: float64}
# - {name: equivalent_radius, unit: pix, datatype: float64}
# - {name: kron4_2_flux, datatype: float64}
# - {name: kron4_2_fluxerr, datatype: float64}
# - {name: kron4_2_mag, datatype: float64}
# meta:
#   PHOTMJSR: 0.3925000131130219
#   PIXAR_SR: 2.11539874851881e-14
#   __serialized_columns__:
#     area:
#       __class__: astropy.units.quantity.Quantity
#       unit: !astropy.units.Unit {unit: pix2}
#       value: !astropy.table.SerializedColumn {name: area}
#     eccentricity:
#       __class__: astropy.units.quantity.Quantity
#       unit: !astropy.units.Unit {unit: ''}
#       value: !astropy.table.SerializedColumn {name: eccentricity}
#     equivalent_radius:
#       __class__: astropy.units.quantity.Quantity
#       unit: !astropy.units.Unit {unit: pix}
#       value: !astropy.table.SerializedColumn {name: equivalent_radius}
#     kron_radius:
#       __class__: astropy.units.quantity.Quantity
#       unit: !astropy.units.Unit {unit: pix}
#       value: !astropy.table.SerializedColumn {name: kron_radius}
#     orientation:
#       __class__: astropy.units.quantity.Quantity
#       unit: &id001 !astropy.units.Unit {unit: deg}
#       value: !astropy.table.SerializedColumn {name: orientation}
#     semimajor_sigma:
#       __class__: astropy.units.quantity.Quantity
#       unit: !astropy.units.Unit {unit: pix}
#       value: !astropy.table.SerializedColumn {name: semimajor_sigma}
#     semiminor_sigma:
#       __class__: astropy.units.quantity.Quantity
#       unit: !astropy.units.Unit {unit: pix}
#       value: !astropy.table.SerializedColumn {name: semiminor_sigma}
#     sky_centroid:
#       __class__: astropy.coordinates.sky_coordinate.SkyCoord
#       dec: !astropy.table.SerializedColumn
#         __class__: astropy.coordinates.angles.Latitude
#         unit: *id001
#         value: !astropy.table.SerializedColumn {name: sky_centroid.dec}
#       frame: icrs
#       ra: !astropy.table.SerializedColumn
#         __class__: astropy.coordinates.angles.Longitude
#         unit: *id001
#         value: !astropy.table.SerializedColumn {name: sky_centroid.ra}
#         wrap_angle: !astropy.coordinates.Angle
#           unit: *id001
#           value: 360.0
#       representation_type: spherical
#   astropy version: '5.1'
#   kernelfile: kernel_f277w_f444w.fits
#   make_catalog parameters:
#     ab_zpt: 31.4
#     coadd_bands: !!python/tuple [f277w, f356w]
#     deblend_contrast: 0.001
#     deblend_nlevels: 32
#     deblend_npixels: 1
#     detect_kernel_fwhm: 4.0
#     detect_kernel_npix: 7
#     detect_npixels: 4
#     detect_threshold_nsigma: 3.0
#     flag_isolated_buffer: 4
#     hst_bands: !!python/tuple [f606w, f814w, f125w, f140w, f160w]
#     jwst_bands: !!python/tuple [f115w, f150w, f200w, f277w, f356w, f410m, f444w]
#     near_border_kernelsize: 21
#     reference_band: f200w
#   make_catalog version: 1.4.0
#   photutils version: 1.5.0
# schema: astropy-2.0
label xcentroid ycentroid sky_centroid.ra sky_centroid.dec bbox_xmin bbox_xmax bbox_ymin bbox_ymax area semimajor_sigma semiminor_sigma orientation eccentricity min_value max_value local_background segment_flux segment_fluxerr kron_flux kron_fluxerr kron_radius gini equivalent_radius kron4_2_flux kron4_2_fluxerr kron4_2_mag
[from data line 1653]
1654 9329.936043134354 3766.3391744917867 214.8607061623056 52.88703969270921 9311 9349 3750 3783 792.0 3.781720143353672 3.66160380433663 14.703529712415989 0.25003172494163545 -0.004515828180112583 99.79835653795493 0.0 4134.793383488793 6.2992444 4037.5647327524903 5.337341324523098 1.4 0.7937428592133281 15.877702285203682 4262.199001769397 8.134136852010961 22.32591569242461
1655 7655.709624298687 3755.12097600196 214.8757921333366 52.897614396954545 7648 7664 3751 3759 112.0 3.890525736269314 1.9304761906281522 -1.423294481842323 0.8682086405598887 0.2330047562734873 0.7389256325318914 0.0 50.66606786791626 2.0565314 110.67720293886475 6.209041675231998 2.623125641623366 0.17762794099401624 5.970821321441846 143.72857052185415 9.914425382403902 26.00614223438495
1656 8988.039309385551 3753.819435981299 214.86389399538328 52.88914415980943 8986 8990 3752 3756 20.0 1.2559060802630773 1.1662107284563474 19.843829268001954 0.37112938980570603 0.24076269087554877 0.38725167384570114 0.0 6.375185769032123 0.8759224 30.675137990434617 3.3532010248091733 3.214087949630928 0.07755232492573735 2.5231325220201604 48.94241117074263 5.47115081189512 27.17578659684177
1657 7344.343033301127 3762.0289489641714 214.87850387316826 52.89962935177774 7340 7348 3756 3768 91.0 2.663841454531923 1.9848580579240485 -84.5682293440536 0.666940270741777 0.1950557030474022 1.2472328846962888 0.0 53.18536724904731 1.7948564 86.01529208081791 4.807137347240787 2.3084234795347602 0.2781018495908125 5.382025607773058 105.83425621880835 7.40412714633481 26.33843434495779
1658 2086.2934618519503 3758.74204370471 214.92559831554715 52.93299899296991 2085 2088 3757 3760 12.0 1.0179814289689657 0.8817998563168352 -18.792594570643185 0.49965601498028767 0.25320836013911835 0.3351213844680565 0.0 3.459753895105873 0.5462614 10.225920180949696 1.9412206367699165 2.698402100506226 0.061682436149819664 1.9544100476116797 9.388398390904328 3.0459049655816206 28.968521224158803
1659 1474.1856295929756 3763.952305317848 214.93102654817508 52.93691264954162 1467 1480 3758 3770 131.0 3.043928980025723 2.3502517448654414 28.45872547054915 0.6354874117589524 0.14882026663004164 1.5521254104528133 0.0 86.28482283567263 1.8266772 114.70423142534645 3.65554280589482 1.9529370240478687 0.3209231638436532 6.457444935117649 132.26449312417856 6.086494107913358 26.0963918201792
1660 2496.8193342933923 3761.853463324663 214.9218887107082 52.930409720354525 2494 2500 3759 3765 42.0 1.7133665316750188 1.6812201756998013 -40.37095869813013 0.1928008963474931 0.19365936297678682 0.48729319413090405 0.0 14.037185029729203 0.9782945 31.649180638628994 3.0191952749173 2.576845627855439 0.13997592097032058 3.656366395715726 43.01050518663146 4.882439367481813 27.31606364085507
1661 2259.7369804677164 3763.2871284525395 214.9239969635214 52.931922503109305 2258 2262 3761 3766 23.0 1.4881291361649995 1.131399104158726 -71.98564667542776 0.6495921364239887 0.22326236595957988 0.3528238439591389 0.0 6.643528525701824 0.74399585 20.2321502978352 2.535521556693234 2.8345002859246287 0.07881075885944971 2.7057581899030048 22.61664270848885 4.085302092538343 28.013929656947195
1662 396.3599829109819 3766.1748469087747 214.9406604149551 52.94376583713579 394 399 3764 3769 27.0 1.4080454602835553 1.3587899526789171 46.00436135305416 0.2621817063464134 0.21215368179922175 0.44304319478320986 0.0 8.787803545452087 0.86502874 26.644707782513006 2.6895478552432897 2.8583295718496147 0.11560021386567829 2.9316150714175193 29.596338102479585 4.317515385042197 27.721905050077932
1663 6844.930813407511 3775.7379444815765 214.8828261741867 52.9028752655016 6833 6858 3765 3787 416.0 5.5407931422958 3.3709620483014735 -37.327829368530494 0.7936383607200549 0.21237519849292258 3.7689389937003366 0.0 413.00127737276955 3.4767978 463.67076898520594 5.090596104592122 1.5432243144363589 0.44096576919257446 11.507254783503184 476.88852411900524 8.19824796378524 24.703957820837942
1664 2447.316176002192 3766.838458239579 214.9222795575378 52.93075089025897 2446 2449 3766 3768 9.0 0.9625467673327709 0.6848529932356661 18.416527954527645 0.7026850777734763 0.23022667722808685 0.2984237690593816 0.0 2.473010804184333 0.47778478 14.510791522747942 1.9608979205666737 3.369236201601431 0.05322538685608361 1.692568750643269 18.916470166542293 3.173519285622051 28.207899750466158
1665 7607.76327340579 3771.176476906699 214.87605183454772 52.89800554946054 7605 7611 3767 3775 49.0 1.976081703069452 1.6460085365575916 -76.05697732227667 0.5533244306336177 0.23871567437982658 0.7132376583213911 0.0 22.212382322147736 1.2899837 42.12815618941774 3.7029953187446867 2.3768130520505273 0.17581363871439293 3.949327084834294 44.11130595357221 5.8551899756097505 27.288625210913636
1666 4283.18665381612 3769.197825368958 214.90581708223493 52.919107942941025 4282 4284 3768 3770 5.0 1.0091995171035104 0.3439824863230952 -44.88670262778171 0.9401188319356028 0.20881093786368932 0.22765221404773828 0.0 1.088282717051747 0.35244185 17.705309562593552 1.6180533409536673 3.9849949477471895 0.022992571507397235 1.2615662610100802 33.256773291381776 2.5832932325110542 27.59529972526324
1667 1408.4584506878134 3782.269121119049 214.93142245958305 52.93742875452054 1397 1421 3769 3796 477.0 5.771724751649109 4.364886492243219 -59.434508908158556 0.654278830814233 0.1872769729998892 2.0883606364629856 0.0 302.4068950025384 3.5473368 435.4998909687837 7.572345209066895 2.1188959175249518 0.3556115924502562 12.322086499845234 529.7268989128352 11.966660720067683 24.5898699338456
1668 213.00778651787172 3785.8212093043303 214.94209661923927 52.94503562928279 206 220 3770 3799 344.0 5.929829826507965 2.8465515184955565 -86.97613276301414 0.8772469690104122 0.19409138252568997 2.4393868335595332 0.0 251.3505123005886 4.542771 302.22845535102124 7.424028078356889 1.7214324824133653 0.39056338428156384 10.464157913908982 315.4689927699416 11.872357302601309 25.15260830206932
1669 1119.477102277698 3773.585166114941 214.93410293116074 52.93921615904209 1116 1123 3770 3777 46.0 1.8020833794159041 1.6370377815145323 -85.20589720132038 0.4180717570374637 0.1902643473489977 0.6800997717026698 0.0 18.723704243813888 1.0766538 44.13480240959478 3.275503751003538 2.7755200739859367 0.20152290649322516 3.826519928662906 59.184635493410475 5.260618101652307 26.969477556946206
1670 6739.569507749715 3773.196001244156 214.88379535584286 52.903530720078535 6738 6742 3770 3776 24.0 1.6136677975682063 1.1284862289943907 88.66663091512201 0.7147990020989852 0.2102487040267719 0.31287927460775233 0.0 6.578463328147198 0.838338 28.894406972728945 3.2107406771034257 3.1096806774632806 0.05750468234617805 2.763953195770684 34.105631481134935 5.142193172606445 27.567934762250907
1671 10084.109227450912 3775.0519905115316 214.85387439880316 52.8822953116068 10080 10088 3770 3780 78.0 2.3925245725248883 1.9770056238272329 61.81617982235979 0.5631918770277594 0.20454442705293058 0.901972314484502 0.0 36.26999618163599 1.6831255 57.8157519877788 3.9199299367228067 2.170892938910387 0.24097066384784444 4.982787485166879 64.37706383542029 6.286390277958583 26.878172087188833
1672 1536.5156205347698 3771.4984427226536 214.93038869101295 52.93655774715264 1536 1537 3771 3772 4.0 0.5009099439031893 0.49884145966396276 -48.354246029727555 0.0907846588829712 0.3443307248884175 0.36955660365438336 0.0 1.4233415818820174 0.32306886 13.333881561610445 1.4038389375316467 3.936921256621077 0.02222902126436363 1.1283791670955126 16.699421657556574 2.251237530980885 28.34324642322103
1673 3941.4962076637053 3771.9843762326655 214.90884642339054 52.92129250026622 3941 3942 3771 3773 6.0 0.8107144183478672 0.4998447063406488 -88.93446741519003 0.7873169797321429 0.21962270417841712 0.2441770057624029 0.0 1.411073077543988 0.37774742 15.472241817797833 1.6382530952542498 3.7492747372397597 0.021661881942301113 1.381976597885342 30.222349512860255 2.652918410731187 27.69917944059418
1674 7172.609893345251 3795.249814441463 214.87968994601556 52.90089933049566 7145 7202 3772 3817 1802.0 9.487245218500043 5.978344542554396 34.29240463465277 0.7764771045561386 0.24721471413623092 20.4217231246553 0.0 3835.865317266669 8.24682 3984.044067515858 9.65271791606763 1.5044830116243078 0.6121929545589471 23.949831208240088 4272.108797681435 15.153499553583458 22.32339423918153
1675 9621.044871057937 3783.3513379256137 214.8579252377749 52.88528202780044 9607 9635 3772 3795 436.0 6.1933796339931915 3.1889325089793856 33.96523985726755 0.8572539990487914 0.22479976900159604 4.115813179848176 0.0 490.7333665533397 4.1247983 599.3090658563344 7.060122108509312 1.848479789549836 0.43560450410895396 11.780624362746345 666.1669535177871 11.339626830729443 24.34104228779134
1676 2986.611289163121 3775.874425074277 214.91735485302883 52.92737599551179 2982 2990 3773 3779 52.0 2.0898798987516938 1.6638935382025055 10.019132700071127 0.6050768628318925 0.20661946782518342 0.6052482610869587 0.0 19.164123620514445 1.2076507 39.682848260938016 3.248056694132369 2.4618329220679165 0.1717750717475494 4.068428945128219 44.75226997072119 5.203855933217285 27.272962327643604
1677 7318.800712603257 3778.4071140847427 214.87855984838293 52.899879939126905 7317 7321 3775 3781 23.0 1.6788762316794748 1.0031904268964034 63.378728045307916 0.8018414459457749 0.2052595729734608 0.40198687274329015 0.0 7.274690667085868 0.8871144 37.820011389238715 3.6326135259400054 3.2958683306950625 0.09209584390254737 2.7057581899030048 46.92704535339254 5.815615521314522 27.221441973040736
1678 2414.3900842266535 3777.5485683732227 214.92246164964348 52.93101773125924 2413 2416 3776 3779 15.0 1.1264097865067508 0.978902574349967 45.69904131772682 0.4947302690913383 0.2230539569758354 0.31918632598422203 0.0 4.1096007844069735 0.67746633 21.651787271368427 2.4871108573840974 3.229931341301822 0.060809429357226365 2.1850968611841584 37.74315465869144 3.905300089892093 27.457904508334156
1679 6031.534805565879 3779.335092364253 214.89006455730345 52.90806050472096 6028 6035 3776 3783 54.0 2.0523751220798143 1.8526593307897352 -52.380499729057014 0.43029063685941354 0.22095406450698124 0.4836357033295355 0.0 19.17924883609493 2.5621755 45.95759150136748 6.941385784335139 2.591008373433321 0.1168104900269496 4.145929793656026 65.73996958870681 10.494589098700825 26.85542625289716
1680 8269.224807656108 3793.3771367116324 214.86990355012912 52.89392372733968 8239 8304 3776 3811 1642.0 13.151031909328735 5.1147063806635185 16.525955478834103 0.9212713045497102 0.1986099309635956 9.034163439861661 0.0 2982.214254055037 8.873455 3162.1162694790078 11.871706953784889 1.5504522226849395 0.5036861251236617 22.861864165325283 3343.0279702607063 18.42865791610388 22.589649974403212
1681 772.8519538252303 3781.692968907862 214.93712327324843 52.941460047423135 768 777 3777 3787 87.0 2.6982787622959052 1.9696874238651703 -57.166047967156366 0.6834693406839427 0.17046256651099076 0.8282616306803277 0.0 37.08464537154236 1.4202886 86.83608913800006 4.341410019897541 2.7396064230162627 0.23936922908894537 5.262410103554244 111.44828357445209 7.048281635287603 26.282316539356493
1682 6477.682590246628 3783.559561687348 214.88602882986913 52.9052498926582 6471 6482 3777 3790 112.0 3.5125871096602013 2.0666322625119795 62.933631586581285 0.808606040829226 0.18707654736809431 0.7557421771138428 0.0 46.931096880685836 1.843955 80.00968993126789 4.428256809672483 2.1745635453797534 0.20886453329847002 5.970821321441846 90.61790780343176 7.07313177557539 26.506964922703762
1683 1992.3940187993428 3782.8938823703484 214.92618501607222 52.9337254545795 1986 1998 3778 3788 117.0 2.8628057181234032 2.410732343772628 11.022285029211341 0.5393412422083558 0.18115648671386778 1.0039655746898837 0.0 58.571742374159335 1.9500625 82.11620948421118 3.8841264718082504 1.9731683791580088 0.26315459185049195 6.102643417692329 90.61521518506419 6.02003023638441 26.50699718472297
1684 9135.054355933822 3781.827994866647 214.86228497973562 52.888361274822806 9131 9139 3778 3786 65.0 2.3439524548884494 2.0047440062453834 42.725115014289344 0.5181602334220586 0.2600042582190682 0.4553057011736705 0.0 23.120600956194412 1.4900169 56.3493177911025 5.046188452073231 2.611379671164957 0.0950471078792623 4.54864184146723 63.59981409682676 7.964431152465685 26.8913603844969
1685 7808.292450499329 3784.046493105208 214.87412314716133 52.896801253637925 7801 7815 3779 3790 130.0 3.227445114383433 2.4251725772169603 18.46425244020339 0.6598221708358281 0.20342621734188376 0.999434300888737 0.0 64.87114854469358 2.16507 100.85182129671105 4.931429122705253 2.103190432122703 0.24865867703663222 6.432750982580687 100.36915713297468 7.958525981837459 26.395999307241205
1686 10103.822394890818 3783.774594147797 214.8536064076632 52.882217102054945 10099 10108 3780 3788 72.0 2.337167793088618 1.9486341727905974 26.196402444271737 0.5521288737487948 0.18913261457148628 0.7227098857080834 0.0 29.526881855839196 1.7493869 71.38990395494703 4.903551893088767 2.761744801245997 0.21238882955921695 4.787307364817192 112.94808424096615 7.6568374514658135 26.26780282732237
1687 1287.1306128525064 3792.5669363037923 214.93240096164948 52.9382544854439 1274 1302 3781 3806 560.0 5.981253817780083 5.308075669999367 -17.576326515557525 0.460900147155144 0.173060293005909 1.5512089427007303 0.0 266.4885191641812 3.8242588 374.3950722324257 8.279750550547666 2.0660860421117437 0.31356510733873005 13.351162356249091 442.91562378155743 13.132448519220585 24.78419749943238
1688 4406.059436313798 3782.7140746173386 214.90457490818306 52.918400705908944 4404 4408 3781 3785 17.0 1.2483326661751732 0.9957128618663299 23.883952888885236 0.6031414751918545 0.19791679187619407 0.39469954985503686 0.0 5.301807993446122 0.6823803 14.44201648135495 2.2204041993785326 2.6362558345402705 0.1034290504644224 2.326213245840639 15.587293810880926 3.4482578443159677 28.418073195834648
1689 7360.282449603597 3784.936221163193 214.87812012133855 52.89965168771216 7358 7363 3783 3787 26.0 1.5408116198718853 1.2819599450564354 27.480250349024978 0.5547710777557634 0.21110927641455932 0.28190337951614874 0.0 6.5908587788827 1.0107752 43.04718014547888 3.958617715349129 3.3971917743591518 0.04730621305576098 2.876813695875796 65.33317580798713 6.398350474099398 26.862165576232115
1690 2800.561688068807 3787.2391619590126 214.91890120597478 52.928618489158055 2798 2804 3784 3790 37.0 1.6512737165858942 1.5781522824035483 -61.36135007607656 0.29428352592699564 0.2402497996068211 0.5028433522817598 0.0 13.716471347465093 1.0245979 34.90550520908029 3.147245202877415 2.659696216320245 0.12071908597722479 3.431831258788849 48.37779198323059 4.9146361336191875 27.18838489302453
1691 4195.219431097054 3786.143713233237 214.90642604728842 52.91975794530267 4193 4198 3784 3788 26.0 1.476168569092147 1.2907411857280615 -6.8817367333633666 0.4852309321578167 0.23333988318770243 0.4078144561997639 0.0 8.420615635578786 0.7744611 22.508742625485404 2.4886426619916264 2.626067123541921 0.08484066599220749 2.876813695875796 25.734458837474953 4.087061939857338 27.8737123999285
1692 6223.015647513279 3788.3465758235143 214.88825661179376 52.90689308225255 6218 6228 3785 3792 71.0 2.859384697019183 1.782066932939722 21.561610178278947 0.7820350829214548 0.19630804649398495 0.40700660426280877 0.0 20.800156729963984 1.4071544 71.10338244326428 5.142384377683755 2.9961553022243823 0.11552102456441198 4.753945931439391 84.58748607253906 8.237539231314273 26.581734705039324
1693 2454.8637513377676 3787.8691122295127 214.92199047397816 52.93081651007196 2453 2457 3786 3790 19.0 1.2654873460791956 1.092517834526404 -46.19968458106624 0.5046605423281342 0.3039224023750339 0.4455576971549821 0.0 6.823023723633127 0.6601546 17.088491948915628 2.1019695633154964 2.520636277227961 0.07596537757555116 2.4592453796829674 16.740234696171836 3.5091809656410184 28.340596143853034
