outputs/dr0.5_c0.1/nircam3_matched_f277w_f444w_dr0.5_c0.1.ecsv
# %ECSV 1.0
# ---
# datatype:
# - {name: label, datatype: int64}
# - {name: xcentroid, datatype: float64}
# - {name: ycentroid, datatype: float64}
# - {name: sky_centroid.ra, unit: deg, datatype: float64}
# - {name: sky_centroid.dec, unit: deg, datatype: float64}
# - {name: bbox_xmin, datatype: int64}
# - {name: bbox_xmax, datatype: int64}
# - {name: bbox_ymin, datatype: int64}
# - {name: bbox_ymax, datatype: int64}
# - {name: area, unit: pix2, datatype: float64}
# - {name: semimajor_sigma, unit: pix, datatype: float64}
# - {name: semiminor_sigma, unit: pix, datatype: float64}
# - {name: orientation, unit: deg, datatype: float64}
# - {name: eccentricity, datatype: float64}
# - {name: min_value, datatype: float64}
# - {name: max_value, datatype: float64}
# - {name: local_background, datatype: float64}
# - {name: segment_flux, datatype: float64}
# - {name: segment_fluxerr, datatype: float32}
# - {name: kron_flux, datatype: float64}
# - {name: kron_fluxerr, datatype: float64}
# - {name: kron_radius, unit: pix, datatype: float64}
# - {name: gini, datatype: float64}
# - {name: equivalent_radius, unit: pix, datatype: float64}
# - {name: kron4_2_flux, datatype: float64}
# - {name: kron4_2_fluxerr, datatype: float64}
# - {name: kron4_2_mag, datatype: float64}
# meta:
#   PHOTMJSR: 0.3925000131130219
#   PIXAR_SR: 2.11539874851881e-14
#   __serialized_columns__:
#     area:
#       __class__: astropy.units.quantity.Quantity
#       unit: !astropy.units.Unit {unit: pix2}
#       value: !astropy.table.SerializedColumn {name: area}
#     eccentricity:
#       __class__: astropy.units.quantity.Quantity
#       unit: !astropy.units.Unit {unit: ''}
#       value: !astropy.table.SerializedColumn {name: eccentricity}
#     equivalent_radius:
#       __class__: astropy.units.quantity.Quantity
#       unit: !astropy.units.Unit {unit: pix}
#       value: !astropy.table.SerializedColumn {name: equivalent_radius}
#     kron_radius:
#       __class__: astropy.units.quantity.Quantity
#       unit: !astropy.units.Unit {unit: pix}
#       value: !astropy.table.SerializedColumn {name: kron_radius}
#     orientation:
#       __class__: astropy.units.quantity.Quantity
#       unit: &id001 !astropy.units.Unit {unit: deg}
#       value: !astropy.table.SerializedColumn {name: orientation}
#     semimajor_sigma:
#       __class__: astropy.units.quantity.Quantity
#       unit: !astropy.units.Unit {unit: pix}
#       value: !astropy.table.SerializedColumn {name: semimajor_sigma}
#     semiminor_sigma:
#       __class__: astropy.units.quantity.Quantity
#       unit: !astropy.units.Unit {unit: pix}
#       value: !astropy.table.SerializedColumn {name: semiminor_sigma}
#     sky_centroid:
#       __class__: astropy.coordinates.sky_coordinate.SkyCoord
#       dec: !astropy.table.SerializedColumn
#         __class__: astropy.coordinates.angles.Latitude
#         unit: *id001
#         value: !astropy.table.SerializedColumn {name: sky_centroid.dec}
#       frame: icrs
#       ra: !astropy.table.SerializedColumn
#         __class__: astropy.coordinates.angles.Longitude
#         unit: *id001
#         value: !astropy.table.SerializedColumn {name: sky_centroid.ra}
#         wrap_angle: !astropy.coordinates.Angle
#           unit: *id001
#           value: 360.0
#       representation_type: spherical
#   astropy version: '5.1'
#   kernelfile: kernel_f277w_f444w.fits
#   make_catalog parameters:
#     ab_zpt: 31.4
#     coadd_bands: !!python/tuple [f277w, f356w]
#     deblend_contrast: 0.001
#     deblend_nlevels: 32
#     deblend_npixels: 1
#     detect_kernel_fwhm: 4.0
#     detect_kernel_npix: 7
#     detect_npixels: 4
#     detect_threshold_nsigma: 3.0
#     flag_isolated_buffer: 4
#     hst_bands: !!python/tuple [f606w, f814w, f125w, f140w, f160w]
#     jwst_bands: !!python/tuple [f115w, f150w, f200w, f277w, f356w, f410m, f444w]
#     near_border_kernelsize: 21
#     reference_band: f200w
#   make_catalog version: 1.4.0
#   photutils version: 1.5.0
# schema: astropy-2.0
label xcentroid ycentroid sky_centroid.ra sky_centroid.dec bbox_xmin bbox_xmax bbox_ymin bbox_ymax area semimajor_sigma semiminor_sigma orientation eccentricity min_value max_value local_background segment_flux segment_fluxerr kron_flux kron_fluxerr kron_radius gini equivalent_radius kron4_2_flux kron4_2_fluxerr kron4_2_mag
[from data line 691]
692 1165.4350459445495 1058.1072792082625 214.85370685484983 52.86955638958568 1161 1171 1056 1060 32.0 2.487236174764814 1.0347609926503862 -9.100564388385855 0.9093516012993573 0.1971826661716132 0.3088608869240493 0.0 8.01124733805767 0.8700953 36.150461900447596 3.5173262727175914 3.156717111036397 0.08221774459642281 3.1915382432114616 42.59279698471633 5.702180492289367 27.326659599325872
693 9682.548645709754 1060.7588328507084 214.77768741327827 52.8154336385416 9680 9686 1058 1064 32.0 1.668730950626366 1.45204795626903 -31.559154843162734 0.49278512981572087 0.24205693413156426 0.39854021908593723 0.0 10.174318655635934 1.0712608 61.73218067554988 4.801513406187819 3.416739641951054 0.0820238934352714 3.1915382432114616 87.25362630697188 8.082570932437761 26.54804128621191
694 6023.899402810194 1064.897095176725 214.810263916525 52.83871723604174 6020 6027 1062 1068 46.0 1.916607921212525 1.6791410476071948 1.1153878775551975 0.482128628992908 0.2854963261293175 0.6160957880233195 0.0 19.941982912891334 1.604738 38.909491876705005 4.935471564526776 2.085410724114934 0.12819579351720392 3.826519928662906 46.84984969971325 855446.614708629 27.223229495114992
695 6270.709156411543 1067.941319632236 214.80803025880388 52.83716473017743 6268 6273 1065 1070 25.0 1.3525824546915197 1.314451643551011 -75.03928924210926 0.23577000705619658 0.274547410985304 0.5476252555913197 0.0 10.198815723082609 0.8866662 24.844913521937983 2.6184942059864422 2.60759398651482 0.11360858940359336 2.8209479177387813 32.29371539005597 4.272104014170436 27.627204966384387
696 9596.79230498101 1067.3910139427355 214.77838182444358 52.81601468992492 9594 9599 1065 1070 29.0 1.552817591561835 1.3392332470064503 55.08742854373203 0.5061359984936069 0.2651267384908699 0.47427197646069336 0.0 10.539631289354473 1.0840645 36.38220241917385 3.707615390031496 2.9083211692632704 0.09986441922960806 3.0382538898732494 59.99810300493706 6.005379812148715 26.95465620185389
697 7733.736000220226 1080.4405710043889 214.79485132926942 52.82793112251669 7724 7743 1069 1089 253.0 5.5754007405134365 2.942764338054093 -44.3904679213061 0.8493611234404593 0.18246766656422186 0.8966498898576848 0.0 105.42382883685096 3.0423114 239.94664647897872 8.85893958363918 2.647472693993543 0.227624837248841 8.97398468933946 286.3143080225715 14.115611220820314 25.257892370952085
698 9017.775588252298 1072.517520460032 214.78348812418008 52.819724193444934 9016 9019 1071 1074 11.0 1.0342234352160995 0.8381142699318048 54.800980108475834 0.5859042693855688 0.24239682445642013 0.32429570573355293 0.0 3.202556839155819 0.5827179 16.960104424940365 2.4426748420246853 3.2966105836743216 0.0578404587906124 1.8712051592547776 19.396253767266842 4.029235322286538 28.180705356271318
699 3682.0679664487348 1090.9901289118368 214.83088711727083 52.85374231205105 3667 3698 1073 1109 827.0 7.054323284496712 5.875998724676656 60.22127903160243 0.5533268905311859 0.17512859864712296 2.5745893824693997 0.0 611.5867056980634 4.7296214 786.2937210751223 8.944749720778887 1.8975337032271227 0.37794746884066666 16.224742705941285 859.1308093176274 14.337246738370094 24.06485176609202
700 3910.1594013659965 1078.54705338817 214.82898202305458 52.85222567332134 3906 3914 1073 1084 89.0 2.8403315044554995 2.1050468218007725 -83.63768139893567 0.6713646792005321 0.18989194054622568 0.5168250210182687 0.0 27.761308741673137 1.4734344 56.60318506931134 4.249100517990846 2.387156833941212 0.16436292219944307 5.322553886092406 63.02831819316634 6.88441178645349 26.90116070288135
701 10251.305105280118 1073.9352921334737 214.7724809551098 52.81188770306665 10250 10252 1073 1075 7.0 0.7493301229250026 0.685286890503725 -81.52309642082854 0.4045120085426473 0.27937752009380823 0.3538600377681312 0.0 2.2476140938786413 0.4907256 13.441185757323055 2.1909969327871965 3.398905055091389 0.0620341688223257 1.4927053303604616 19.142287637057635 3.659313588317764 28.19501540558514
702 6155.609349757418 1082.2876702239862 214.80890599682164 52.83797370220819 6147 6167 1074 1092 277.0 4.552551459614662 2.9907353211179926 38.822433321394335 0.7539462736496699 0.23069301356076916 3.0329322179927045 0.0 212.68130983485017 2.8638835 289.550194284567 5.99896107471373 2.065267271584782 0.4152198464811491 9.389986074159536 337.76664157573896 9.470429791310009 25.078458110824286
703 8915.136599313564 1078.3775409971363 214.78434128243953 52.820408402280535 8912 8918 1075 1082 41.0 1.8554917702943157 1.6131009598002763 -84.06754607810217 0.49416922733393137 0.27834434002929614 0.4549710682673408 0.0 14.655164487609085 1.2102983 44.22457833794097 4.286681130075375 2.8397404804245596 0.08628017149750619 3.6125759969217834 43.782314212735514 6.750936276630762 27.296753216373254
704 3497.838882838515 1084.1290357609385 214.8326039377305 52.85487611449024 3490 3507 1077 1091 196.0 4.019888520264048 2.4247794157740916 28.508229363215204 0.7975932320085182 0.16349202851124173 2.0658100488555986 0.0 137.12436195366496 2.2635727 188.95232192699547 4.787212218454528 2.120841919626677 0.3836053688645284 7.898654169668588 239.18687475698948 7.828148929440498 25.453156639227966
705 6779.816621381321 1077.8758506691179 214.80338481803614 52.833981855653384 6778 6782 1077 1079 12.0 1.206961003306963 0.7328922324788573 9.356008487508458 0.7945328760006853 0.2636606484150791 0.3211188244840593 0.0 3.5451278030208533 0.6838789 23.11937632801567 2.5695848233602545 3.414747778339251 0.044316140071571336 1.9544100476116797 43.42077365006448 4.004026239325549 27.30575610691607
706 9809.226013233027 1083.7795808060932 214.77631638432243 52.814752058529315 9806 9811 1080 1087 40.0 2.2024069941004756 1.2913524348194616 -54.26469322068746 0.810067323616604 -0.019342320141455947 0.06587674447386094 0.0 0.9730005550128481 1.3127086 9.05450512730361 5.193213099215949 3.389555918207798 0.3990731920129648 3.5682482323055424 21.308829410199348 8.333766577296098 28.078601018447312
707 4437.961962125543 1086.0358731779581 214.82419232409416 52.84891161613538 4434 4441 1082 1090 62.0 2.1505427097150687 1.800882216316407 59.872044052467466 0.5465779136122025 0.23204739263377414 1.3784782819265307 0.0 47.100301712176176 1.9877036 69.43559924707053 9646000.144617008 2.0972097316427045 0.22939635597769062 4.442433223290478 68.66838990977107 17544473.723744906 26.808107838828434
708 8628.09611813768 1095.4421688481023 214.78672025183468 52.82232547403795 8613 8644 1083 1106 579.0 5.991895189627039 4.206239124956774 11.3719183977921 0.712188673172446 0.21813374292544974 5.255444607898944 0.0 625.2315967248612 4.5645165 707.2354406007714 6.886448949583114 1.6370821381719023 0.46653120853152535 13.575766059431594 740.3670780394716 11.216521697529817 24.22638225324083
709 9731.565775143388 1086.7631613948197 214.7769770115625 52.81526198329356 9728 9735 1083 1090 43.0 2.1820302675686762 1.3160558281469645 -38.91116361774622 0.7976401624361559 0.21121641610035913 0.6542787004011729 0.0 18.16270326028144 1.5348008 30.1700456305135 3.318810943149082 2.093918885390022 0.17444001610096738 3.6996385101659595 30.820618923830033 5.0843380870375015 27.677896610628586
710 6489.188494558283 1085.1174192684216 214.80590074014367 52.83586842464332 6487 6491 1084 1086 12.0 1.1789313354463686 0.7388729689242657 9.162582801977496 0.7792355804033354 0.25790083607896025 0.3499546521811459 0.0 3.6971750577231632 0.60406625 21.69093983608215 2.428455992488814 3.3618953273449934 0.0607285831954617 1.9544100476116797 27.360290109704337 3.8933530344804064 27.807198254918568
711 9042.881598621358 1086.0986483452343 214.7831214593428 52.81963770309536 9042 9044 1085 1087 8.0 0.8606371880032808 0.6762735499050544 44.34513123498675 0.6185030552634203 0.27328764318834736 0.3253703407607632 0.0 2.4087332997566806 0.5474127 17.784024684380697 2.2427434186633493 3.5607041659986898 0.03456157466391825 1.5957691216057308 23.550210491369725 3.6711238280437604 27.970013017003122
712 2066.6129729691866 1093.7471061367542 214.84528227579764 52.86402272248467 2063 2070 1088 1101 81.0 3.2188560627345844 1.6875137745579618 -89.99365362956723 0.8515589581709935 0.1509189542102948 0.5603441475349293 0.0 26.53461557558661 1.3936117 42.724137024921575 3.361406630305041 2.010624871894744 0.1899433973517536 5.077706251929807 44.34729542510908 5.356793227475593 27.28283215253255
713 10109.975840431483 1091.7492660857479 214.77355273996363 52.81288241512014 10108 10112 1089 1095 29.0 1.5865351465079165 1.2630380958256497 89.49442622285628 0.605167194546854 0.2878269171631546 0.6555694351030501 0.0 13.298325765986808 1.015946 32.254586418331755 3.2530205459288024 2.6761468661707513 0.1305344127140859 3.0382538898732494 40.129093727532506 5.225720083667473 27.391351620574206
714 1707.1656040683347 1094.2938411223356 214.8484869047952 52.866309571868285 1703 1711 1090 1098 59.0 1.9704292140813238 1.9136217589949522 4.069359920297011 0.23838794478219144 0.1908287369400846 0.6346254037800164 0.0 21.77549095721429 1.1912138 39.27197158705195 3.0589620213883677 2.2667838384795505 0.20192228758484546 4.3336224206596095 35.000311829653 4.922057919699183 27.539820215889
715 2790.15514461342 1096.7489220538828 214.83878943143506 52.85944131049488 2785 2796 1091 1103 119.0 2.696491888713864 2.2423758787349612 -56.77716736987611 0.5553899128777013 0.1489898052844672 1.6345627892330632 0.0 70.79313856558501 1.7566663 96.88505759526728 3.544348802310218 2.0626936770103628 0.3678317824858923 6.154581744998688 113.52600245900322 5.791346447992175 26.2622616362411
716 6025.839465874043 1098.2733240521618 214.80989538255963 52.838884754659375 6022 6030 1091 1105 109.0 3.3296448480365965 2.2553646446682656 84.67259614319168 0.7356526971913534 0.20858881364394394 0.6111826265748186 0.0 40.50633430192303 2.049879 100.29803264111995 6.745396044162755 2.6534808227679028 0.16076866325601824 5.890312181373172 126.99498245774909 13423339.327719823 26.14053359394789
717 6703.134060786878 1096.831333360043 214.80386926338224 52.83457147242131 6693 6713 1093 1101 152.0 4.957757288084383 1.9974445938440253 -9.915901595952795 0.915247186001495 0.1985795138979459 0.7066513469270691 0.0 61.1296263676105 2.2177796 128.99339842171423 6.453022702731121 2.575869579917401 0.19577138653454543 6.955796338302048 172.79886858501044 10.216768571649494 25.8061477635678
718 1611.4663453410833 1096.9791116554422 214.8493134310563 52.866932102286896 1608 1615 1094 1100 48.0 2.0351417362799866 1.6638503352756526 22.144743782625415 0.5758435212807378 0.19087210501800733 0.36261141456560003 0.0 12.855502459917044 1.0535152 33.47561119581036 3.5067137356606453 2.7104371489499735 0.10953323459717962 3.9088200952233594 35.77690805222301 5.668315801798163 27.515992987948813
719 3102.880661614444 1098.6844407634148 214.83597683750386 52.8574644872809 3099 3106 1094 1103 62.0 2.3461023168521558 1.7266420048071303 -82.04988653196537 0.6770229152167759 0.15749054911949717 0.5850242069957692 0.0 21.83593553583669 1.2895283 38.37608824026847 3.0752213520377065 2.1503291029330738 0.18548327625686273 4.442433223290478 40.20338370923362 4.968095885726992 27.389343482686485
720 2402.0246115648997 1107.1535594416234 214.8421457691702 52.861963744102454 2396 2408 1101 1114 141.0 2.6740067554236755 2.56504375523305 -48.19773787696727 0.2825552096022942 0.1425805624122819 1.9722204276259323 0.0 95.1339930935768 2.076322 117.10742727851562 3.595177683216478 1.87172592860022 0.3921776168162351 6.699380116989518 128.33834046956568 5.576805103951689 26.129108952069174
721 3657.414354426441 1104.4478242225105 214.83096556130124 52.853971531661884 3653 3662 1101 1108 59.0 2.4490589933257256 1.795459067546511 17.913915963531053 0.6800971320506344 0.2444288066897058 0.4339759796101713 0.0 19.72263868057589 1.1951996 97.27727931740046 4.858183663376413 3.272586300867217 0.09312005127793532 4.3336224206596095 116.7105663698743 7.9154037141659135 26.232224558507063
722 221.79743982020227 1104.7164703550486 214.8616472601349 52.87580278007696 218 226 1102 1108 43.0 2.0278805495413255 1.4544343538924633 -0.7789775763658546 0.6968478894257005 0.20100298439337058 0.5098202211981815 0.0 14.829253331407248 1.0934476 27.714763787059717 2.637884685418115 2.184376179156299 0.14779993387145343 3.6996385101659595 27.237980389078103 4.186050945015488 27.812062742852195
723 3289.9265822318193 1106.9125050430105 214.83422029182537 52.85632020187731 3286 3297 1103 1111 66.0 2.6685196337105097 1.7983641264243524 26.843143602636452 0.7388059080010992 0.19049193454759142 0.6053351151590459 0.0 23.130936833197097 1.2751936 83.63523743044802 4.8123251546400185 3.0288395685384897 0.19125473161214684 4.583497844237541 104.94342538053445 7.777938144755218 26.347611911055413
724 3532.7139253415826 1114.4939549409603 214.83197302890497 52.85481816670993 3521 3545 1104 1124 412.0 4.648583465812991 3.7700332036549518 10.810383459515867 0.5850366056122595 0.18098846302477745 4.086585791089854 0.0 412.38445947200546 3.8086948 468.5565883484626 5.775067560717998 1.7364040751218925 0.4729724555026448 11.451797811161432 514.1580162773225 8.99864796574492 24.622258471719725
725 9216.212968705811 1125.085617795618 214.78116641906485 52.81874551582892 9192 9237 1104 1142 1281.0 8.838727673951094 6.112428836697912 35.463540171750125 0.7223278666336502 0.19915527363962135 7.426903385009882 0.0 1569.4499359146246 7.0601954 1687.0814165027602 9.504793944001015 1.474145734862469 0.4828446716267022 20.192943425895987 1737.5032575553546 15.136518557516073 23.300185931251832
726 9514.711261557306 1110.6453397307969 214.77865817114844 52.81676960681977 9511 9518 1107 1114 44.0 1.8944050660231502 1.6311908686347543 -66.31962270344032 0.5085083366897937 0.18902148871909868 0.6424626487124572 0.0 18.679531497251713 1.6343282 62.18324226867868 5.0633849167964335 2.9120838332322356 0.17564098169150955 3.742410318509555 84.14601189368273 7.7008976815399555 26.58741615654691
727 2717.091697154691 1127.1951650784656 214.83912138750202 52.8600697338225 2697 2738 1109 1145 1137.0 5.804382289652944 4.836188849108432 24.055032645375363 0.5529775875238141 0.14394784320353088 31.241661136322737 0.0 2736.5748834032834 6.2277756 2722.021959336191 6.122650282798046 1.4 0.6929313651056538 19.02415150778005 2870.054583115636 8.992530226124758 22.755274609279557
728 3594.576000364648 1113.865511374135 214.8314273970009 52.85442164155762 3590 3599 1109 1118 79.0 2.392667769942123 1.8821914960875494 44.007648880552 0.6173995265696097 0.14538355250573137 1.0299672871454697 0.0 37.98628613515924 1.4329473 68.38580655237968 3.9058636779703626 2.5002029780172736 0.2879777737802925 5.014626706796775 81.09046612241427 6.262147403149238 26.627575507931383
729 1840.751574717606 1116.1249266689554 214.84706397455318 52.86557849722676 1833 1851 1112 1121 113.0 4.948542939036192 1.6849071781493394 -16.00714644925456 0.9402497624870564 0.18842131060839878 0.5333613973922174 0.0 39.58628967767036 1.7655404 73.37897102947014 4.75431559341624 2.3254073000166118 0.1429120549571994 5.997417539138688 83.3183501896253 7.609759170940906 26.5981483455696
730 7167.613694526166 1121.739209503345 214.7994648147497 52.83175282768205 7159 7176 1113 1131 250.0 4.589988836523514 3.423553622944917 66.8502021466104 0.6660869928463291 0.2425647510424366 1.0983002527178178 0.0 135.48753154175205 2.8697934 340.46188815647577 8.994620963181465 2.7777003884271094 0.22656895398744664 8.920620580763856 658.8789987612415 14.35613515987671 24.352985837548907
