outputs/dr0.5_c0.1/nircam3_matched_f277w_f444w_dr0.5_c0.1.ecsv
# %ECSV 1.0
# ---
# datatype:
# - {name: label, datatype: int64}
# - {name: xcentroid, datatype: float64}
# - {name: ycentroid, datatype: float64}
# - {name: sky_centroid.ra, unit: deg, datatype: float64}
# - {name: sky_centroid.dec, unit: deg, datatype: float64}
# - {name: bbox_xmin, datatype: int64}
# - {name: bbox_xmax, datatype: int64}
# - {name: bbox_ymin, datatype: int64}
# - {name: bbox_ymax, datatype: int64}
# - {name: area, unit: pix2, datatype: float64}
# - {name: semimajor_sigma, unit: pix, datatype: float64}
# - {name: semiminor_sigma, unit: pix, datatype: float64}
# - {name: orientation, unit: deg, datatype: float64}
# - {name: eccentricity, datatype: float64}
# - {name: min_value, datatype: float64}
# - {name: max_value, datatype: float64}
# - {name: local_background, datatype: float64}
# - {name: segment_flux, datatype: float64}
# - {name: segment_fluxerr, datatype: float32}
# - {name: kron_flux, datatype: float64}
# - {name: kron_fluxerr, datatype: float64}
# - {name: kron_radius, unit: pix, datatype: float64}
# - {name: gini, datatype: float64}
# - {name: equivalent_radius, unit: pix, datatype: float64}
# - {name: kron4_2_flux, datatype: float64}
# - {name: kron4_2_fluxerr, datatype: float64}
# - {name: kron4_2_mag, datatype: float64}
# meta:
#   PHOTMJSR: 0.3925000131130219
#   PIXAR_SR: 2.11539874851881e-14
#   __serialized_columns__:
#     area:
#       __class__: astropy.units.quantity.Quantity
#       unit: !astropy.units.Unit {unit: pix2}
#       value: !astropy.table.SerializedColumn {name: area}
#     eccentricity:
#       __class__: astropy.units.quantity.Quantity
#       unit: !astropy.units.Unit {unit: ''}
#       value: !astropy.table.SerializedColumn {name: eccentricity}
#     equivalent_radius:
#       __class__: astropy.units.quantity.Quantity
#       unit: !astropy.units.Unit {unit: pix}
#       value: !astropy.table.SerializedColumn {name: equivalent_radius}
#     kron_radius:
#       __class__: astropy.units.quantity.Quantity
#       unit: !astropy.units.Unit {unit: pix}
#       value: !astropy.table.SerializedColumn {name: kron_radius}
#     orientation:
#       __class__: astropy.units.quantity.Quantity
#       unit: &id001 !astropy.units.Unit {unit: deg}
#       value: !astropy.table.SerializedColumn {name: orientation}
#     semimajor_sigma:
#       __class__: astropy.units.quantity.Quantity
#       unit: !astropy.units.Unit {unit: pix}
#       value: !astropy.table.SerializedColumn {name: semimajor_sigma}
#     semiminor_sigma:
#       __class__: astropy.units.quantity.Quantity
#       unit: !astropy.units.Unit {unit: pix}
#       value: !astropy.table.SerializedColumn {name: semiminor_sigma}
#     sky_centroid:
#       __class__: astropy.coordinates.sky_coordinate.SkyCoord
#       dec: !astropy.table.SerializedColumn
#         __class__: astropy.coordinates.angles.Latitude
#         unit: *id001
#         value: !astropy.table.SerializedColumn {name: sky_centroid.dec}
#       frame: icrs
#       ra: !astropy.table.SerializedColumn
#         __class__: astropy.coordinates.angles.Longitude
#         unit: *id001
#         value: !astropy.table.SerializedColumn {name: sky_centroid.ra}
#         wrap_angle: !astropy.coordinates.Angle
#           unit: *id001
#           value: 360.0
#       representation_type: spherical
#   astropy version: '5.1'
#   kernelfile: kernel_f277w_f444w.fits
#   make_catalog parameters:
#     ab_zpt: 31.4
#     coadd_bands: !!python/tuple [f277w, f356w]
#     deblend_contrast: 0.001
#     deblend_nlevels: 32
#     deblend_npixels: 1
#     detect_kernel_fwhm: 4.0
#     detect_kernel_npix: 7
#     detect_npixels: 4
#     detect_threshold_nsigma: 3.0
#     flag_isolated_buffer: 4
#     hst_bands: !!python/tuple [f606w, f814w, f125w, f140w, f160w]
#     jwst_bands: !!python/tuple [f115w, f150w, f200w, f277w, f356w, f410m, f444w]
#     near_border_kernelsize: 21
#     reference_band: f200w
#   make_catalog version: 1.4.0
#   photutils version: 1.5.0
# schema: astropy-2.0
label xcentroid ycentroid sky_centroid.ra sky_centroid.dec bbox_xmin bbox_xmax bbox_ymin bbox_ymax area semimajor_sigma semiminor_sigma orientation eccentricity min_value max_value local_background segment_flux segment_fluxerr kron_flux kron_fluxerr kron_radius gini equivalent_radius kron4_2_flux kron4_2_fluxerr kron4_2_mag
1 500.6990804786341 207.40889756271778 214.8685989137289 52.86919145133031 477 526 192 235 1403.0 5.328857192872526 5.095040105605181 57.82684871789906 0.29296726932797956 0.14858601209623212 110.34111755278299 0.0 7686.859915575666 5099019.5 7507.4540495314395 7121713.3769118115 1.4 0.7673268865261637 21.13264702577172 7954.9875929781265 inf 21.648401233414127
2 560.8752731458263 200.63574722795823 214.86813249343788 52.86877266076552 558 563 194 208 65.0 4.2314934047303705 1.2971874761159492 84.37480580824302 0.951852793217019 0.3646209595089782 0.6489638032941999 0.0 35.02562029656947 inf 131.6597079619756 inf 2.922115649697414 0.07115740726799397 4.54864184146723 289.1509422935219 inf 25.2471884701664
3 1784.11922885258 211.16640905188837 214.85709359395145 52.861058499232286 1774 1795 207 219 216.0 4.542636384607046 2.9668913822665672 4.4099659564860625 0.7572535322910683 0.29193919363130766 1.9708781329574223 0.0 184.59127187738767 4358899.0 308.58451367873465 22735917.48450027 2.311934861417321 0.29490288050620717 8.291859587312052 400.1166670992709 inf 24.89453339361899
4 1955.870362629382 214.51142656156202 214.8555243369475 52.859985365425615 1929 1983 208 230 842.0 12.443354334577862 4.490607234887079 6.205148924244293 0.9326107189449704 0.2902727122660789 2.831465916473593 0.0 735.9463033831012 6855655.0 1074.247305258627 40738492.4877163 2.0941114723630108 0.2973647810691055 16.371222439596615 1572.4962941590204 70591678.44962698 23.408525923416086
5 4133.553350683131 210.39298934952978 214.83612358479166 52.8461261490326 4132 4135 209 212 10.0 0.9849268450221476 0.8183305762263722 -47.74395072303304 0.5564902050990086 0.3788046882096996 0.489859884063638 0.0 4.484894426408249 0.8253885 32.938047316179734 inf 3.4032434581878546 0.042712086171434224 1.7841241161527712 46.593987650919466 inf 27.229175299395592
6 2387.2571167013684 212.4727353524449 214.85169304103485 52.85723359019807 2381 2393 210 216 63.0 2.8688860396259828 1.585967008464534 0.26116119244012764 0.8333031392684762 0.3312739580834187 0.8222294320019968 0.0 34.175424138156046 2645751.2 146.24878495141297 inf 3.173705334401731 0.13452177571789684 4.478115991081385 238.11317739864586 inf 25.45804142420136
7 2681.6470970285054 213.36049441381795 214.8490547590386 52.855367922058875 2676 2687 211 217 61.0 2.6117423668267423 1.6278316521190583 -3.4661078956313274 0.7820033651492933 0.35585514023439985 0.9746245624866536 0.0 38.426914016407416 3000000.0 70.84413385910298 inf 2.2305625703576917 0.1595209762383019 4.406461512053774 78.97245641734693 inf 26.65631088290493
8 3164.890378285492 213.88611880314454 214.84473429443756 52.852300264293774 3162 3168 211 217 45.0 1.5059980421446686 1.4880556581889064 23.25604512333638 0.15390242341857224 0.17599691448535884 5.4810360204663 0.0 84.32783180119071 2236068.0 77.55130744839894 5111233.035419472 1.5550633012567054 0.3873742587309163 3.7846987830302403 88.5118844202259 9595707.3657641 26.532496032532134
9 3200.4634273632146 212.35202711606942 214.8444328248495 52.85206595833418 3198 3203 211 214 21.0 1.4978947592152045 0.9961394049696164 5.894113069933758 0.7468199410434765 0.2896255748171601 0.5388903527682903 0.0 8.704171058062512 2236068.0 23.958124725857658 9631755.970471254 2.741601224264591 0.10436330644894441 2.5854414729132054 28.659034816313994 15940235.398044236 27.756846099833364
10 3244.7099438862947 231.22412127574873 214.84383920068169 52.85188656097527 3237 3254 214 250 334.0 8.175964098468798 2.4843520405415704 68.03900914118053 0.95271655469295 0.2431549948034096 2.105679703468275 0.0 231.28097397865878 5.6057734 367.14919806422853 20208699.859976623 2.191974534883887 0.292103054573681 10.31094088749354 452.10015420632055 39365458.49439785 24.76191336208169
11 1515.09017081659 222.8185993491701 214.85937406489592 52.86283049910961 1509 1521 218 228 107.0 2.9971755727892964 2.327979968110077 22.502355925001172 0.6298403854925777 0.386345476264181 1.3998893469665858 0.0 85.25023817730435 3.2054195 167.84820595657425 inf 2.4304715744381853 0.19882648255095406 5.836022431559495 178.87943148930754 inf 25.768598985141725
12 930.1021571362535 225.2422361729132 214.86457458211095 52.86655987748003 924 936 220 231 110.0 2.621033244766659 2.1947841748217334 -36.4002988851957 0.5466309270085881 0.18818918834182755 2.2394392266575243 0.0 95.15856841294095 2.6691735 153.87293551321505 inf 2.3436532503926637 0.3540945223029406 5.917270272703197 182.1843382280255 inf 25.74872240146877
13 3601.5399331926396 227.87445697357563 214.84068873965143 52.84960110616383 3596 3607 222 234 114.0 3.0954656353303105 2.4092217858931995 43.35983698035679 0.6278842323063577 0.3244311780230216 0.994349068616954 0.0 66.08504690555034 3.2297363 202.72981776485335 4667711.719815429 2.946581384724227 0.18578523989950635 6.023896332520351 260.69597032856194 23099373.75974986 25.359664204564744
14 1233.7228897568948 225.77081271739132 214.86185649644224 52.864633917184086 1230 1237 223 229 47.0 1.5230136393485667 1.4575110585115478 2.3282101617450706 0.29011606326775535 -0.041683434374158036 6.819920630352094 0.0 109.84491024587349 4.0007753 102.02477200262304 4.292895956706424 1.4 0.4204041315281657 3.8678889139475245 99.20527123320767 5.286333972481249 26.408663127914096
15 2768.5162582300586 231.26548796754113 214.84809064525797 52.85491251650037 2763 2773 225 237 104.0 3.1286660668595374 2.0041027110869636 -56.878648487474734 0.7679069571302779 0.2974179217756002 1.4134571620191259 0.0 73.80651228595808 2.7218628 117.40522285118278 6.171610556819684 2.1954675643062482 0.24863685005408162 5.753627391751592 108.549215683091 9134318.251042997 26.310933275428006
16 373.91363914938125 231.14511890984028 214.8694820321567 52.87012485404278 373 375 230 232 8.0 0.8643084985845881 0.6780121516193345 42.42095681218393 0.6201842357478207 0.25310397980058225 0.2981141131643859 0.0 2.202287574808018 0.5406297 29.81962988329947 2.5248270813664746 3.8045917954603135 0.03762267277320424 1.5957691216057308 60.809918216722195 4.090334434795274 26.940063951674297
17 4269.491026007256 233.01953548905024 214.83467216386006 52.84538426974337 4266 4273 230 236 45.0 1.5529637508091418 1.4976299873859773 -8.835987678469362 0.2645610911724457 0.1100682942614689 2.6441946470655573 0.0 48.77793590055869 3.033064 56.67882800762558 inf 2.148152974145025 0.36208077922730203 3.7846987830302403 79.14211575946479 inf 26.653980859070032
18 1923.3764530714666 236.77420818413782 214.85558029514576 52.86031186274834 1918 1929 234 240 60.0 2.63085220073482 1.5964648611771624 -7.512140079009333 0.7948360546567373 0.21445337813616508 0.6779623081755229 0.0 26.88128511524211 1.7526248 110.68084370420992 7.272305624115392 3.0712663780246374 0.15807734273561705 4.370193722368317 205.34599892409747 1732050.8040585425 25.618784386909127
19 2636.067249413555 234.84495335502163 214.8492357078552 52.85577337053971 2634 2638 234 236 11.0 1.215121112243076 0.6705976357422156 -13.801287209403714 0.833925390751725 0.5181923614950465 0.7203454861751458 0.0 6.807047632361305 0.8646214 28.416561479612575 inf 3.1420734418864726 0.06016960159915267 1.8712051592547776 30.510407921527445 inf 27.688879964597348
20 1029.2062797083877 238.00548931320336 214.86355485686133 52.86599914205866 1028 1031 236 240 12.0 1.0470530760132553 0.896333173279483 89.46268956376281 0.5168876650563491 0.2440447489409331 0.31285192893232244 0.0 3.3693356100315457 0.65493476 18.716855183490917 2.745716193939346 3.313628290743607 0.04654642936873514 1.9544100476116797 26.014666765469133 4.989182230564624 27.86195433205438
21 1128.9409281941053 242.43478571638929 214.86261722493566 52.86538944534066 1123 1135 237 248 101.0 3.5042236523473274 1.8724484953895175 -38.18217788236698 0.8452693461890379 0.2015399676704375 0.8276722437889347 0.0 45.52863183369359 2.123376 89.28416371971434 5.340830397076525 2.401983090092786 0.19857572166414222 5.670035141386943 92.94112360666082 8.709610723423951 26.479480203614713
22 3919.1407569375388 239.75541085392376 214.83772853144995 52.84764696308623 3917 3922 237 243 32.0 1.9717155511725988 1.2417221550747182 -60.0829882199415 0.7767837764739177 0.25158382765770043 0.37537592347048643 0.0 10.50025623208699 1.1077669 48.27355988129186 5.360115164902619 3.19913710150935 0.055366702532061864 3.1915382432114616 47.752258131414095 8.719316101162303 27.202515216178366
23 2060.8310400418063 242.67999925888617 214.85429046912313 52.859470416917475 2056 2066 238 247 75.0 2.8516616687099856 1.7680986933068967 38.23537674316805 0.7845828389897456 0.20224790812220764 0.6210125509049009 0.0 30.393524872320317 1.7656255 55.66360126283768 5.096566655303235 2.339451008669089 0.1668888988765324 4.886025119029199 59.40439290278144 inf 26.96545359533762
24 2392.4185782851073 241.23073959000294 214.85134433715987 52.857355867009474 2391 2394 239 243 17.0 1.2240324629116326 1.0556870066297976 78.31060715519544 0.5061141361634295 0.2920947758525719 0.45069059996478233 0.0 6.416687229455475 0.7257055 41.145733018586235 3.916241758554215 3.294827974928366 0.07600562813751649 2.326213245840639 90.63991403867757 6.473714776567274 26.506701287554545
25 3200.4317236618194 244.40723320630644 214.8440958143429 52.85223898916464 3198 3203 242 247 28.0 1.5127826832441167 1.3271733488930835 35.09277817224497 0.47993140583902644 0.20830853132921892 0.4240398256378985 0.0 9.091828908293913 1.0141854 29.533803672229 4.044630808918678 2.9552855000572724 0.10547536875244037 2.985410660720923 17.241470601507054 6.90163033774234 28.3085642350716
26 3153.00226218443 248.50132891578465 214.84447620585848 52.85256243552669 3152 3154 248 249 6.0 0.8077303981467795 0.4999976911223388 0.06654557216407395 0.7853787154565645 0.3666588812730255 0.3933685578746487 0.0 2.259648999838244 0.46113536 15.203452653545625 1.896302188824355 3.5674516467025463 0.018516875229648833 1.381976597885342 18.27134609621 3.0553154435844463 28.245573639743856
27 405.7797971610834 260.9356833376528 214.86888378331741 52.87008311710758 396 417 254 268 239.0 4.54780648432805 2.7895819711508696 19.424621536613543 0.7897796601994379 0.15146888171610154 1.5210171924392988 0.0 126.12581526492534 2.4912107 203.29465803847017 5.919113235115374 2.315807893738051 0.3420624818050347 8.722159296752494 306.84381451730883 9.703489980320136 25.182706567442516
28 2201.9981936226304 256.52126585949696 214.85288403306322 52.85864816052959 2201 2203 255 258 10.0 1.083964135361659 0.6684960757313035 -63.816210756183175 0.7871871405167548 0.260431938978737 0.297883450625603 0.0 2.7947886012974514 0.64444935 25.709548146117076 3.0412886510826325 3.6936245402514825 0.02402592389327269 1.7841241161527712 34.31087567847197 4.5453016500100265 27.561420494463526
29 1623.8415271731337 266.9170227552223 214.85793858006352 52.86237741506776 1618 1630 261 272 111.0 3.3967332011590408 2.1030718268291295 -37.05420664604038 0.7852763467328677 0.15467296920951898 0.6370549339371278 0.0 39.96653603653829 1.7050422 91.21285690241339 5.441094373813208 2.6493299209244943 0.2017625089948028 5.944106103225343 122.88313336098417 8.892489912719599 26.176269308059325
30 1653.0432801447516 266.518164889416 214.8576819341324 52.86218974229466 1650 1656 264 269 36.0 1.7606181365732734 1.4960008710679558 -5.191857509641002 0.5272631185229303 0.20878216737478253 0.4282372189489641 0.0 11.63070075072834 1.1808208 51.07099244645376 4.2491729879327425 3.17792060798835 0.11291432443048015 3.385137501286538 74.49121403469621 6.825860368214555 26.71973736917841
31 3100.518317004724 267.20638304160536 214.8447479903384 52.852996774658095 3098 3103 264 271 38.0 1.9632251544215282 1.4296935298766735 85.71654324016315 0.6853251963222643 0.20822949697326448 0.36497997825898587 0.0 11.22996002461847 1.0855365 39.6065779171098 4.003996292966179 2.9187284718512205 0.0835924370853985 3.477898169151024 47.10351785726485 6.45733518970762 27.217366642530912
32 1285.320236673544 268.7051407232959 214.86094374971086 52.86453767815418 1282 1288 266 272 34.0 1.8803858875683679 1.2917662105445757 49.765840226169104 0.7266870255381637 0.19295690875417715 0.39423344950384537 0.0 9.789061228111244 0.99903864 35.2379863498944 3.5835336211090647 3.070285102078745 0.1132342960072354 3.2897623212397704 50.42598054394388 5.811561325449415 27.143364120210713
33 3772.963834453002 269.3183545712842 214.83872234360607 52.84873523181982 3771 3775 267 271 16.0 1.195935399414944 1.0183889234339552 -44.65562233775146 0.524286798663974 0.23702380406634366 0.3640642559693968 0.0 4.91295241969285 0.6302763 14.979684582436422 2.1817059261655145 2.7514856290922047 0.07009507263685444 2.256758334191025 17.129083848396885 3.7254368014017616 28.31566466179608
34 809.3509156392747 277.1072036842981 214.8651076373938 52.867606689250394 801 822 270 286 190.0 5.661025809834077 2.174539640471084 35.37678336933693 0.9232812367036978 0.16792763212498057 0.896640991572841 0.0 79.00681968657742 2.3017745 135.44166135702957 5.706724347468302 2.2817575532029717 0.2421996961455102 7.776816725043752 155.6533060240509 9.133609708399208 25.919604126535667
35 3581.0481646272024 277.3872825383557 214.84035069468325 52.849998256938804 3576 3587 272 283 108.0 2.4485803370891084 2.323268915684651 57.748966291090696 0.3158088732565686 0.17371042782996465 1.3993437709772991 0.0 58.750821336348274 1.6857032 82.22437758803125 3.344409595837841 1.9938704219625287 0.342766548297119 5.863230142835039 91.81825539656327 5.514364825935408 26.492677408385997
36 1243.858070043221 276.20658070456676 214.8612352094641 52.86484153747028 1241 1247 273 279 36.0 1.5958222963663684 1.549055609116297 -50.71757641621812 0.24031765071694045 0.19352399879138987 0.45589433880331304 0.0 11.189231585176127 0.97905475 27.180786956686383 2.9543964998683063 2.6946902495375107 0.14453372769896297 3.385137501286538 38.87968769077723 4.711841836596389 27.425693080732515
37 3542.0176778133155 275.35070100807917 214.84072056556633 52.85023529258881 3540 3544 273 277 17.0 1.1476776750802833 1.0925935606127075 4.937987878537078 0.3060860618427393 0.2572931642009963 0.39162757357479094 0.0 5.447181130138931 0.7036094 20.002144521916925 2.4000007048902523 2.9477714818390695 0.07496051571731759 2.326213245840639 23.699251116645726 3.909450282865276 27.963163443102054
38 1559.2026385131446 276.62999950780625 214.85841376094018 52.86284045152653 1556 1562 274 280 40.0 1.7864259232640558 1.5166967762003445 -43.69529954431685 0.528373807326433 0.21782828066079649 0.5937958053844825 0.0 15.666117726144073 1.0905793 30.2614117252575 2.8512163332170073 2.3314057414048963 0.1575387340224509 3.5682482323055424 29.39976046874886 4.386954175230754 27.72914051984753
39 247.51161705252596 276.0190099026884 214.8701393171291 52.871169829352006 247 248 275 277 6.0 0.8141622905922526 0.49984923136407 -89.6457290014949 0.7893503686755494 0.2633567243215832 0.292997165646198 0.0 1.6896581595680944 0.39505595 26.339233580882322 1.835847772744243 3.8861558191482892 0.022131476783735317 1.381976597885342 57.56041121080777 2.9412065731254433 26.99969028032595
40 194.22895411611344 278.24405916072834 214.87059204324655 52.87152029113425 190 199 276 281 47.0 2.3231442202209314 1.444484090204932 9.99060890766392 0.7831921294172476 0.20132137882569495 0.5309138824087988 0.0 18.609907191155727 1.232099 51.58237016234999 4.415114405544913 2.751164825613709 0.12602385433712154 3.8678889139475245 41.589311235986095 11984326.065222183 27.352545679905617
41 2117.4450783894267 285.6495138128395 214.85333267236297 52.85934243634392 2116 2119 284 287 11.0 0.9721918931831947 0.8509554789771392 18.35486717886141 0.4835879092367011 0.25404077933451297 0.3213973325733815 0.0 3.119009965938766 0.5055195 12.031546425106779 1.887011506341838 3.042873194253925 0.05283354782896664 1.8712051592547776 11.814737295964985 3.070910635143359 28.718939826463117
