outputs/dr0.5_c0.1/nircam3_matched_f277w_f140w_dr0.5_c0.1.ecsv
# %ECSV 1.0
# ---
# datatype:
# - {name: label, datatype: int64}
# - {name: xcentroid, datatype: float64}
# - {name: ycentroid, datatype: float64}
# - {name: sky_centroid.ra, unit: deg, datatype: float64}
# - {name: sky_centroid.dec, unit: deg, datatype: float64}
# - {name: bbox_xmin, datatype: int64}
# - {name: bbox_xmax, datatype: int64}
# - {name: bbox_ymin, datatype: int64}
# - {name: bbox_ymax, datatype: int64}
# - {name: area, unit: pix2, datatype: float64}
# - {name: semimajor_sigma, unit: pix, datatype: float64}
# - {name: semiminor_sigma, unit: pix, datatype: float64}
# - {name: orientation, unit: deg, datatype: float64}
# - {name: eccentricity, datatype: float64}
# - {name: min_value, datatype: float64}
# - {name: max_value, datatype: float64}
# - {name: local_background, datatype: float64}
# - {name: segment_flux, datatype: float64}
# - {name: segment_fluxerr, datatype: float32}
# - {name: kron_flux, datatype: float64}
# - {name: kron_fluxerr, datatype: float64}
# - {name: kron_radius, unit: pix, datatype: float64}
# - {name: gini, datatype: float64}
# - {name: equivalent_radius, unit: pix, datatype: float64}
# - {name: kron4_2_flux, datatype: float64}
# - {name: kron4_2_fluxerr, datatype: float64}
# - {name: kron4_2_mag, datatype: float64}
# meta:
#   PHOTMJSR: 2.962800025939941
#   PIXAR_SR: 2.11539874851881e-14
#   __serialized_columns__:
#     area:
#       __class__: astropy.units.quantity.Quantity
#       unit: !astropy.units.Unit {unit: pix2}
#       value: !astropy.table.SerializedColumn {name: area}
#     eccentricity:
#       __class__: astropy.units.quantity.Quantity
#       unit: !astropy.units.Unit {unit: ''}
#       value: !astropy.table.SerializedColumn {name: eccentricity}
#     equivalent_radius:
#       __class__: astropy.units.quantity.Quantity
#       unit: !astropy.units.Unit {unit: pix}
#       value: !astropy.table.SerializedColumn {name: equivalent_radius}
#     kron_radius:
#       __class__: astropy.units.quantity.Quantity
#       unit: !astropy.units.Unit {unit: pix}
#       value: !astropy.table.SerializedColumn {name: kron_radius}
#     orientation:
#       __class__: astropy.units.quantity.Quantity
#       unit: &id001 !astropy.units.Unit {unit: deg}
#       value: !astropy.table.SerializedColumn {name: orientation}
#     semimajor_sigma:
#       __class__: astropy.units.quantity.Quantity
#       unit: !astropy.units.Unit {unit: pix}
#       value: !astropy.table.SerializedColumn {name: semimajor_sigma}
#     semiminor_sigma:
#       __class__: astropy.units.quantity.Quantity
#       unit: !astropy.units.Unit {unit: pix}
#       value: !astropy.table.SerializedColumn {name: semiminor_sigma}
#     sky_centroid:
#       __class__: astropy.coordinates.sky_coordinate.SkyCoord
#       dec: !astropy.table.SerializedColumn
#         __class__: astropy.coordinates.angles.Latitude
#         unit: *id001
#         value: !astropy.table.SerializedColumn {name: sky_centroid.dec}
#       frame: icrs
#       ra: !astropy.table.SerializedColumn
#         __class__: astropy.coordinates.angles.Longitude
#         unit: *id001
#         value: !astropy.table.SerializedColumn {name: sky_centroid.ra}
#         wrap_angle: !astropy.coordinates.Angle
#           unit: *id001
#           value: 360.0
#       representation_type: spherical
#   astropy version: '5.1'
#   kernelfile: kernel_f277w_f140w.fits
#   make_catalog parameters:
#     ab_zpt: 31.4
#     coadd_bands: !!python/tuple [f277w, f356w]
#     deblend_contrast: 0.001
#     deblend_nlevels: 32
#     deblend_npixels: 1
#     detect_kernel_fwhm: 4.0
#     detect_kernel_npix: 7
#     detect_npixels: 4
#     detect_threshold_nsigma: 3.0
#     flag_isolated_buffer: 4
#     hst_bands: !!python/tuple [f606w, f814w, f125w, f140w, f160w]
#     jwst_bands: !!python/tuple [f115w, f150w, f200w, f277w, f356w, f410m, f444w]
#     near_border_kernelsize: 21
#     reference_band: f200w
#   make_catalog version: 1.4.0
#   photutils version: 1.5.0
# schema: astropy-2.0
label xcentroid ycentroid sky_centroid.ra sky_centroid.dec bbox_xmin bbox_xmax bbox_ymin bbox_ymax area semimajor_sigma semiminor_sigma orientation eccentricity min_value max_value local_background segment_flux segment_fluxerr kron_flux kron_fluxerr kron_radius gini equivalent_radius kron4_2_flux kron4_2_fluxerr kron4_2_mag
[from data line 1493]
1494 10157.128839942772 2031.93880593982 214.76323924791572 52.81764536690581 10154 10160 2029 2035 43.0 1.8255166460596832 1.6863138747074524 48.63023772495892 0.3830054182400573 0.2238545185984946 0.40150328848962613 0.0 13.034164230133976 8.680403 37.68152873947994 28.524128845128462 2.803761307117731 0.09740834500731847 3.6996385101659595 42.084613024543245 45.5936122744377 27.339691654710652
1495 4146.498794293617 2030.9958435695494 214.81684765596293 52.855857006278235 4146 4147 2030 2032 6.0 0.8088321530032622 0.4999728976225156 -89.5436106859569 0.7860666733506848 0.12921658523953705 0.1396162904844937 0.0 0.8044345342111643 3.4009643 6.7566358998586775 13.978663620893416 3.6835532676721234 0.018625364167558767 1.381976597885342 8.619724222634014 21.89503815571752 29.061266571663328
1496 482.4998822927789 2032.5004174177707 214.84955103475917 52.87914965007416 482 483 2032 2033 4.0 0.5010642021850367 0.4989333394313187 44.99784376798056 0.09212634236540314 0.18589286185044868 0.18779777005029438 0.0 0.7475572495743499 1.8970268 12.427728231551956 8.815049325099817 4.146345522192788 0.0031192908378711555 1.1283791670955126 24.945728122534977 13.992747685971224 27.907509538092906
1497 1571.3068285416387 2039.3082781890846 214.83975273913265 52.87226797828133 1561 1579 2032 2046 203.0 4.129487580686282 3.210523227843326 13.39483435469067 0.6289288514452704 0.20554623463795393 0.7781628336316185 0.0 84.41451198530748 20.343737 151.33158281010373 51.77758955613322 2.283902050031685 0.1984800657061646 8.03846421247924 177.33234458903877 83.56147651190217 25.77803010973712
1498 4125.22874061593 2036.8774335238343 214.81697558149526 52.856023899493685 4122 4129 2034 2040 44.0 1.8820784281686906 1.6990641231074777 36.055041547141386 0.43014572005408114 0.18035631434603097 0.30908906751347 0.0 10.615045601182084 8.304428 41.17907815121119 30.92571346432117 3.071628017102182 0.08648679891429985 3.742410318509555 63.854056386609415 49.78038467166316 26.887028771437436
1499 7787.931848642579 2043.7109539467958 214.78423088052563 52.83277545820922 7776 7800 2034 2054 401.0 4.54522740716244 3.995119716030154 -25.184619574774775 0.47687658986278847 0.34309670266129677 6.312277497042267 0.0 708.6574305103593 25.9825 801.9668200110424 42.12478372949471 1.6886783349658685 0.43285201517034283 11.297887606083718 861.8303512439186 67.53746237657688 24.061445538366733
1500 677.8102530348219 2040.9664550207665 214.84771691184093 52.87795433775838 675 681 2036 2045 59.0 2.4285356036650234 1.73859203971337 78.87221214516804 0.6982013927440023 0.1799214736203325 0.3617019415998389 0.0 15.70521158007905 7.1867566 42.21725552369307 23.262327848909838 2.7021036642487433 0.10847295068909123 4.3336224206596095 42.980297158830396 37.65740671022245 27.316826465480787
1501 603.6499679686862 2040.9187299154098 214.8483799840131 52.87842528261178 602 605 2040 2042 11.0 1.0681548063119295 0.7634728128271158 15.318208182436615 0.6993712690590399 0.19279590012323122 0.22534822329474988 0.0 2.305706332177652 3.1072319 19.316889714276126 13.514425401355846 3.5609313716070425 0.027891804856810757 1.8712051592547776 25.006173060115152 21.671014269916345 27.904881918819044
1502 830.7925018572051 2043.0850345653646 214.84632786457252 52.87699372512742 828 834 2040 2046 37.0 2.0728187178054456 1.346041406157638 50.95248222988613 0.7604663913647057 0.1654152352939804 0.224408913942602 0.0 7.157997766458403 6.5860515 37.51143912486249 26.490614978805457 3.342213138324816 0.051752917956339996 3.431831258788849 42.37691053105068 42.606591102478575 27.33217677127076
1503 2616.5865341174863 2050.9621861986147 214.83029519190956 52.865688244268696 2599 2631 2040 2065 526.0 6.994907321972036 3.9563583684137638 27.278561433205198 0.8246759165935517 0.16975120808391575 1.9143914994827584 0.0 357.0168217125141 31.671444 462.4512582371332 60.36084363992966 1.8779372783884236 0.35615029093699746 12.939513133525306 501.4268108449112 96.87785793977447 24.64948112104471
1504 9733.147225899284 2046.042674445608 214.76686848841973 52.82041785879572 9729 9737 2042 2051 74.0 2.252884835495234 2.135613363606353 -60.57541238853341 0.31843086643622265 0.2797694223882656 0.927448771026962 0.0 40.120920174746985 11.575274 82.11263856284339 31.56350582139719 2.4838508111414406 0.18713137924706402 4.853342309955121 108.42990479427638 50.10451808929257 26.31212730888504
1505 9998.399479346223 2046.473133001291 214.76450051005992 52.81873316924543 9995 10001 2042 2050 45.0 2.3151484648935106 1.4525938853215887 -67.9046492242244 0.7786728717307785 0.19362256788244178 0.3104600790483443 0.0 11.494979463911125 8.745435 57.618610506620456 34.25385639174926 3.254476669502529 0.07385452967276358 3.7846987830302403 80.03772502353856 54.87617608087951 26.641763160402064
1506 6263.799587332709 2049.042379734842 214.79776637232754 52.842494789361965 6258 6269 2043 2054 102.0 2.7573636410648037 2.4912985711021753 49.66330670834554 0.42857239940271574 0.2528532991235025 0.6560023018878961 0.0 41.77977509698529 12.938615 106.48334275065261 41.30536179518112 2.7359721898827702 0.15997742824002906 5.698035485213008 128.8587711707055 65.86886281846613 26.12471503627533
1507 8390.984549286624 2096.5492167285056 214.77829865595453 52.829225328365254 8372 8412 2048 2137 2310.0 15.241291225652818 5.285881506448461 -76.15102344907334 0.9379342090162031 0.2730257419394592 16.505417239035058 0.0 6788.063193608583 62.621235 6983.260642339332 73.73203885008952 1.4254854674856112 0.5666446798762753 27.11633893217439 7250.523445016487 117.76157845072713 21.74907659699454
1508 8470.106998006975 2057.59808193728 214.77800331863386 52.828512400526634 8463 8477 2048 2068 233.0 4.549083250746738 3.1066615996245437 -70.28860649882368 0.730492829112054 0.24335046092933826 1.2620372924850385 0.0 142.85920031277823 20.2602 200.94496117951854 42.071416980590406 1.9275978546736272 0.24535909705909484 8.611980229936854 207.62516461156133 67.32189641918447 25.60680002554626
1509 8738.889619331097 2048.8702035781043 214.77569938858986 52.826756159090515 8738 8740 2048 2050 8.0 0.8572700660303596 0.6809727369821864 -44.7557370545391 0.6074599539133062 0.21534419644788144 0.24397936157625585 0.0 1.8345157949456008 3.633799 16.80123898846186 16.479569842524544 3.6804987756751113 0.024163301695227 1.5957691216057308 22.75897049424436 26.36996523075902 28.007118468036563
1510 7501.2146984880155 2052.2092802961274 214.78669780125432 52.83464433378987 7497 7505 2049 2055 49.0 2.113824422497177 1.7075654211607896 19.678491049430548 0.5894449611618805 0.23086113083328888 0.3688947599025689 0.0 14.682010511419687 9.396118 44.3757044664989 31.23261492103122 2.79566948437516 0.07663603602899692 3.949327084834294 56.12794196487441 50.292071400464536 27.027052204253273
1511 9545.063481374 2056.016544428128 214.76843949395368 52.82166775363708 9538 9553 2050 2066 148.0 3.9541109476220755 2.827276616365901 40.40637430473688 0.699101874983594 0.2549996884223057 0.823590896485414 0.0 69.5194427886604 15.601196 207.52220994078743 53.990608425299875 2.8339989378244317 0.1837341927160967 6.863662517577698 304.10208679297887 86.64438227064508 25.192451499133536
1512 3305.421217023107 2066.18525031873 214.82398487004076 52.861392474024214 3290 3321 2051 2080 697.0 5.684022233246352 4.648850144151029 34.22213249181325 0.5753883197611604 0.21373861511272554 8.088024133074507 0.0 1010.3200254723786 34.602615 1114.2074133674987 49.71611695890289 1.6669438156952063 0.5305240057875226 14.895032415879534 1205.074159385928 79.88381255925655 23.697465565251676
1513 8322.331085439979 2054.2846961785926 214.77935546899116 52.8294342680944 8319 8326 2051 2058 48.0 1.9799454295654204 1.722438716315143 -29.072347199636106 0.49315313242656633 0.30083822452960624 0.6077116220689688 0.0 20.965267738170517 8.76991 67.81931850677474 30.96983747520283 2.9705519682151604 0.11489805201088307 3.9088200952233594 71.30389085747737 50.600584086681394 26.76721692811128
1514 1617.464570260973 2053.855333595458 214.83918732029383 52.87205309580272 1616 1619 2052 2056 15.0 1.1316570322255195 1.005128036560678 -73.90254288496227 0.45947366440977266 0.12495410054358415 0.1501381786383261 0.0 2.0707613984208133 9.70665 11.589064551482448 31.736044449850347 3.3836338350793285 0.03438798649858579 2.1850968611841584 8.973664235143696 51.85305219512606 29.01757546090761
1515 4122.136403481576 2054.131037212012 214.8168215590337 52.85613653799627 4121 4123 2053 2055 8.0 0.8546316343453206 0.6851313323853857 -45.65349329046098 0.597768752094504 0.14775759560972923 0.16302466672870106 0.0 1.2416897723935414 3.591975 11.907849104848708 16.209336980890434 3.6941548355050067 0.02224502758740747 1.5957691216057308 18.640202967363223 25.617232632281095 28.223873407647428
1516 9258.239580987669 2056.9953110419733 214.77098519479017 52.82349714127412 9256 9260 2055 2059 19.0 1.2979496820626972 1.1118837219883306 78.21547179923637 0.5159042644414782 0.21471564918826833 0.29955171927197594 0.0 5.005608555792777 5.4483533 44.99614991721685 24.32830275758734 3.6368330230055865 0.05161546290128549 2.4592453796829674 65.6976003477825 39.21159726797523 26.85612623267395
1517 9998.507109288492 2060.7103337564195 214.7643497176028 52.818809145745035 9993 10004 2055 2067 123.0 3.0947100823716767 2.6708529168868793 -63.10285824861289 0.5051387158999517 0.23748762511604893 0.6843263667814793 0.0 54.09267762411643 14.18286 118.43051994257543 41.87442267747635 2.5418483639486285 0.1607783317547151 6.257165172872317 121.98289575089257 67.1172521495618 26.184252652857616
1518 6412.348966230557 2060.0815185030306 214.79632520713687 52.84160983506337 6408 6417 2056 2064 67.0 2.259985512684376 2.0991850534408942 12.096875140418069 0.3704588024099488 0.2051023963526789 0.4202970105158707 0.0 19.94155319046888 12.0341625 51.462315126295536 39.42821372652307 2.670613226387778 0.11931108121914603 4.61809077155419 60.96163032382451 61.856808750906765 26.93735856745965
1519 7861.44370558203 2063.084972172621 214.78337157232002 52.832412375319656 7860 7863 2060 2066 17.0 1.7407998734965033 0.7724245322331318 72.39631068372671 0.8961663833332648 0.20676291531692878 0.2449094768334708 0.0 3.8652013232153277 6.3452334 64.95332251492758 26.003222051786437 3.7755230904877948 0.03358411379178968 2.326213245840639 168.29228232657465 40.86867436866972 25.834839499422202
1520 10146.607497527817 2061.746422282862 214.76301929190493 52.8178727822084 10145 10148 2060 2064 10.0 1.4534412455488195 0.6216805058431393 69.3635711314464 0.9039065211097639 0.16226429664755523 0.19809008076462886 0.0 1.8136204410967822 4.019394 18.66170830860457 20.041720361738665 3.621503875696248 0.04231772443036744 1.7841241161527712 23.449153116115333 31.84600853212259 27.97468209384767
1521 3538.563167629621 2069.0474851536724 214.82187347901896 52.85992611521515 3531 3546 2061 2076 191.0 3.6170190329373235 3.27183167723325 -11.514459918768763 0.426334062012811 0.24776374416327665 1.0989209517706795 0.0 108.09936219563235 17.688902 162.93296606474848 39.37309078798685 2.018456033404931 0.2277386076812335 7.797255174810172 166.7089685003931 63.1081117794605 25.84510258913034
1522 9268.748026888496 2067.980555454022 214.77077593267688 52.82348946847953 9259 9278 2061 2076 230.0 4.192978215962151 3.1851624933624962 -24.17862511014797 0.6503414355270242 0.28899650013300054 1.907302905367388 0.0 193.55051190420974 19.237867 288.02949477947266 43.5236420279758 2.117186054901272 0.2799139234803549 8.556358677747903 314.7841721990586 70.27683241222789 25.154967781788006
1523 9293.932732017196 2063.100792946237 214.77060285066804 52.82330302481892 9292 9296 2062 2065 14.0 1.319460566506027 0.801098756214008 -23.042047378412747 0.7945940281325216 0.1458131097035671 0.18917849935278394 0.0 2.3836841012583547 4.819368 19.229169966325347 20.752956476016866 3.56767632950144 0.04574447166111653 2.111004122822376 36.42438426218183 33.544700595927914 27.496519452621556
1524 896.9740075784746 2069.7885779970884 214.84545548221888 52.876717187093796 893 901 2065 2074 67.0 2.9518727548748958 1.6880449462318756 -47.304876959199404 0.8203543016044383 0.18807590312476272 0.315219160067861 0.0 17.336021254210944 10.939193 54.29054532897753 37.2585501622214 2.8287672530540315 0.07579852501267959 4.61809077155419 55.866365881412804 59.49900798085856 27.03212394666588
1525 8211.225111989885 2076.9420373740963 214.7801074414965 52.830262817058966 8205 8219 2070 2084 173.0 3.443074201024389 3.0870479579301158 45.95941109683795 0.4428486003373048 0.30092206479648614 1.3923365183505572 0.0 120.73673122019969 16.703005 220.6920668821905 45.080570256987535 2.420506055816655 0.23624100034128664 7.420755373261929 318.72679879072376 72.63059985655667 25.14145354795491
1526 2244.3765015376284 2073.7939231596865 214.83337852109346 52.86817673368925 2242 2247 2071 2077 27.0 1.7024905666621504 1.241999276800306 -78.34851807270337 0.6839605078340399 0.16632215075093923 0.23127960382576085 0.0 5.521645585110329 4962287400000.0 56.00277123771908 22490469622576.38 3.6549423543088913 0.04735888437459963 2.9316150714175193 87.3190050064064 35984751396122.21 26.54722805422038
1527 7288.434590235689 2074.362172351966 214.78836191866395 52.83611659869729 7285 7292 2071 2077 46.0 2.0492937904835107 1.6848297093451754 3.3957194115129923 0.5692689304760687 0.20752871992676336 0.30261250823718205 0.0 11.837539041429691 6.9140315 47.9167320329674 26.494724634573995 3.1206050318568423 0.05996774078398689 3.826519928662906 52.83522914036379 42.80139849691502 27.09269101187716
1528 9061.788344795546 2080.038031156582 214.77249345978694 52.824870574239775 9056 9067 2074 2086 100.0 3.016527287929354 2.321747619799553 -50.049597904803534 0.6384351057423617 0.2344384853500986 0.5668275896535762 0.0 38.65961981978071 12.471183 87.83568533192206 36.805487770108705 2.5086618287348474 0.13535270920413264 5.641895835477563 98.66432694494509 59.53396520593054 26.41459960594947
1529 2743.3328307100824 2077.7700986014356 214.8288812657304 52.86502724656772 2742 2745 2076 2079 12.0 1.041870071140073 0.8923402771017924 -19.38800060110427 0.5161811682154118 0.15399395586535344 0.18018678980661382 0.0 2.056788679749176 4.549515 17.72959906298643 20.723945398518186 3.6096842784026295 0.020849528020314242 1.9544100476116797 20.580057233571445 33.22888449839889 28.116383554474574
1530 9569.217898231907 2077.8993278518856 214.76799395303112 52.82163197229833 9567 9571 2076 2080 21.0 1.3727964789985736 1.1542760950432354 -54.72964877093043 0.5413132754321522 0.21962207286171384 0.2866226193520926 0.0 5.359815917544725 5.943588 40.14884169377716 24.543405695120214 3.4660235429780295 0.04694185834446155 2.5854414729132054 62.275378766677285 39.96119723305218 26.914209055874558
1531 7225.429353719441 2082.506164737938 214.7888380171437 52.83656107389361 7221 7230 2077 2089 93.0 3.3649289521787047 1.9211198893240262 -58.70719227495355 0.8210026684822065 0.21236154162315968 0.4943193132540758 0.0 31.363926607126267 9.51428 65.77249186792979 25.60241616170842 2.356274279427789 0.13347791137613504 5.440847306724618 68.51545157724232 40.796836813588484 26.810528688860263
1532 9680.100131384203 2080.9964124779544 214.76697330834648 52.82094345218706 9676 9685 2077 2085 64.0 2.2822238887276822 1.9774316226232904 5.372588673301955 0.49926481810660106 0.23008744563455633 0.46771265675906554 0.0 21.17421311466172 10.107624 53.641438540391476 32.102088403425036 2.653448164249174 0.12190689939907895 4.51351666838205 59.68397013781293 51.487651168399246 26.960355738989414
