outputs/dr0.5_c0.1/nircam6_f115w_dr0.5_c0.1.ecsv
# %ECSV 1.0
# ---
# datatype:
# - {name: label, datatype: int64}
# - {name: xcentroid, datatype: float64}
# - {name: ycentroid, datatype: float64}
# - {name: sky_centroid.ra, unit: deg, datatype: float64}
# - {name: sky_centroid.dec, unit: deg, datatype: float64}
# - {name: bbox_xmin, datatype: int64}
# - {name: bbox_xmax, datatype: int64}
# - {name: bbox_ymin, datatype: int64}
# - {name: bbox_ymax, datatype: int64}
# - {name: area, unit: pix2, datatype: float64}
# - {name: semimajor_sigma, unit: pix, datatype: float64}
# - {name: semiminor_sigma, unit: pix, datatype: float64}
# - {name: orientation, unit: deg, datatype: float64}
# - {name: eccentricity, datatype: float64}
# - {name: min_value, datatype: float64}
# - {name: max_value, datatype: float64}
# - {name: local_background, datatype: float64}
# - {name: segment_flux, datatype: float64}
# - {name: segment_fluxerr, datatype: float32}
# - {name: kron_flux, datatype: float64}
# - {name: kron_fluxerr, datatype: float64}
# - {name: kron_radius, unit: pix, datatype: float64}
# - {name: gini, datatype: float64}
# - {name: equivalent_radius, unit: pix, datatype: float64}
# - {name: kron4_2_flux, datatype: float64}
# - {name: kron4_2_fluxerr, datatype: float64}
# - {name: radius_kron20, unit: pix, datatype: float64}
# - {name: radius_kron50, unit: pix, datatype: float64}
# - {name: radius_kron80, unit: pix, datatype: float64}
# - {name: near_border, datatype: bool}
# meta:
#   PHOTMJSR: 2.962800025939941
#   PIXAR_SR: 2.11539874851881e-14
#   __serialized_columns__:
#     area:
#       __class__: astropy.units.quantity.Quantity
#       unit: !astropy.units.Unit {unit: pix2}
#       value: !astropy.table.SerializedColumn {name: area}
#     eccentricity:
#       __class__: astropy.units.quantity.Quantity
#       unit: !astropy.units.Unit {unit: ''}
#       value: !astropy.table.SerializedColumn {name: eccentricity}
#     equivalent_radius:
#       __class__: astropy.units.quantity.Quantity
#       unit: !astropy.units.Unit {unit: pix}
#       value: !astropy.table.SerializedColumn {name: equivalent_radius}
#     kron_radius:
#       __class__: astropy.units.quantity.Quantity
#       unit: &id001 !astropy.units.Unit {unit: pix}
#       value: !astropy.table.SerializedColumn {name: kron_radius}
#     orientation:
#       __class__: astropy.units.quantity.Quantity
#       unit: &id002 !astropy.units.Unit {unit: deg}
#       value: !astropy.table.SerializedColumn {name: orientation}
#     radius_kron20:
#       __class__: astropy.units.quantity.Quantity
#       unit: *id001
#       value: !astropy.table.SerializedColumn {name: radius_kron20}
#     radius_kron50:
#       __class__: astropy.units.quantity.Quantity
#       unit: *id001
#       value: !astropy.table.SerializedColumn {name: radius_kron50}
#     radius_kron80:
#       __class__: astropy.units.quantity.Quantity
#       unit: *id001
#       value: !astropy.table.SerializedColumn {name: radius_kron80}
#     semimajor_sigma:
#       __class__: astropy.units.quantity.Quantity
#       unit: !astropy.units.Unit {unit: pix}
#       value: !astropy.table.SerializedColumn {name: semimajor_sigma}
#     semiminor_sigma:
#       __class__: astropy.units.quantity.Quantity
#       unit: !astropy.units.Unit {unit: pix}
#       value: !astropy.table.SerializedColumn {name: semiminor_sigma}
#     sky_centroid:
#       __class__: astropy.coordinates.sky_coordinate.SkyCoord
#       dec: !astropy.table.SerializedColumn
#         __class__: astropy.coordinates.angles.Latitude
#         unit: *id002
#         value: !astropy.table.SerializedColumn {name: sky_centroid.dec}
#       frame: icrs
#       ra: !astropy.table.SerializedColumn
#         __class__: astropy.coordinates.angles.Longitude
#         unit: *id002
#         value: !astropy.table.SerializedColumn {name: sky_centroid.ra}
#         wrap_angle: !astropy.coordinates.Angle
#           unit: *id002
#           value: 360.0
#       representation_type: spherical
#   astropy version: '5.1'
#   make_catalog parameters:
#     ab_zpt: 31.4
#     coadd_bands: !!python/tuple [f277w, f356w]
#     deblend_contrast: 0.001
#     deblend_nlevels: 32
#     deblend_npixels: 1
#     detect_kernel_fwhm: 4.0
#     detect_kernel_npix: 7
#     detect_npixels: 4
#     detect_threshold_nsigma: 3.0
#     flag_isolated_buffer: 4
#     hst_bands: !!python/tuple [f606w, f814w, f125w, f140w, f160w]
#     jwst_bands: !!python/tuple [f115w, f150w, f200w, f277w, f356w, f410m, f444w]
#     near_border_kernelsize: 21
#     reference_band: f200w
#   make_catalog version: 1.4.0
#   photutils version: 1.5.0
# schema: astropy-2.0
label xcentroid ycentroid sky_centroid.ra sky_centroid.dec bbox_xmin bbox_xmax bbox_ymin bbox_ymax area semimajor_sigma semiminor_sigma orientation eccentricity min_value max_value local_background segment_flux segment_fluxerr kron_flux kron_fluxerr kron_radius gini equivalent_radius kron4_2_flux kron4_2_fluxerr radius_kron20 radius_kron50 radius_kron80 near_border
[from data line 5293]
5294 9627.103997209988 4515.316386222243 214.794034130571 52.81600298562829 9617 9634 4503 4526 295.0 4.716851925868691 4.241362112240517 65.1176679745203 0.4375514056114341 0.05095074249452969 2.7200648939299095 0.0 316.9783709610746 4.3246746 564.7682213861509 10.258672163186604 2.465718564149084 0.32541108960757875 9.690274321412074 850.8329716748771 17.56110874890369 4.58413602596511 8.511656287952192 20.37365362833483 False
5295 9628.924427735903 4531.055185439869 214.79385233547225 52.81607619909615 9618 9638 4522 4546 330.0 5.609695489401444 3.8265876599977022 54.73918536315634 0.7312232610785595 0.08498275713578714 2.171161610015453 0.0 283.0908815552638 4.4819493 653.2058021590105 12.83753189829149 2.756297006324549 0.32555637984601626 10.249012754438885 913.7389241500987 20.96244457671304 5.851603097103172 12.701288382543863 27.67938445380749 False
5296 9684.898057651744 4551.295639878755 214.79314048784568 52.815829360664345 9657 9708 4541 4568 694.0 11.639458604638452 4.632629057834177 -19.594103304407607 0.9173807733445901 -0.015617654351418627 2.0792996281540557 0.0 437.8841618534833 6.4864187 1568.727370155547 22.588149410088963 3.060436708088213 0.27278631342521587 14.86294254216004 2029.9164867437069 37.091339497170765 12.407054960717291 25.53135846267773 44.507769462130355 False
5297 9715.553337037787 4548.52403450385 214.7928964017329 52.81561952458516 9707 9725 4543 4556 161.0 4.885022907322864 2.5267584200373507 -18.081688636760692 0.8558367863400108 0.10398929186559945 0.936818141650244 0.0 84.75128768543799 3.12426 437.1974221790231 11.445440290055629 3.2741183237715363 0.18776606319282127 7.158763278359629 799.1789124531558 18.886756789121723 8.054681406490953 18.247695285363065 25.645832274493436 False
5298 9715.754553222036 4561.072723865518 214.79276259837374 52.81568584593492 9708 9722 4554 4568 181.0 3.1720539533212486 2.242143480304362 40.57485924146909 0.707370669470078 0.0022659669353170537 6.630091231493866 0.0 119.46376505619571 3.3903444 200.2949264923119 6.925165159374316 2.456679173169709 0.5627711220768983 7.590394548326596 320.6104981259566 11.047728436399533 1.9191235780976608 5.808120903497566 11.631081525987486 False
5299 1778.4614981103969 4428.034502173778 214.86499273244252 52.86541244091174 1772 1784 4424 4431 80.0 2.966052603372876 1.87867186465272 16.142828034332606 0.7738316886095797 -0.1819503963110113 0.5337884143008642 0.0 14.27434183641629 2.1570227 34.57082498681622 7.470781594971183 3.0174179050482497 0.4021006103683264 5.046265044040321 48.70869523310378 11.930026346695044 3.0395420264717403 6.359489602959577 11.755867056035601 False
5300 1769.305830171099 4430.209190662894 214.86505164652675 52.86548233194472 1766 1774 4427 4433 44.0 1.695690419001096 1.2485855263378702 -1.7153075219168685 0.676624003149073 -0.12290207304874474 0.9321462181939895 0.0 9.181524523933078 1.5995206 27.906118676603235 4.551123630527698 2.9424043004926994 0.49469571730749146 3.742410318509555 35.95622847678142 7.212219549158054 1.9847868027098532 5.604404447627707 8.535125798229489 False
5301 6688.041372839104 4457.916583663755 214.82084695510568 52.83437697865567 6670 6708 4436 4480 1255.0 9.126435691712881 7.622462816694499 81.97223829105349 0.5499357199558109 -0.1298968733377416 4.675123521707867 0.0 546.28698718605 8.659708 1060.9695584735814 21.892927739781573 2.475645552455876 0.3898766109086505 19.98696843347328 1236.3866534578779 34.88387565931269 8.181019623755896 19.310148774256763 34.0196671906471 False
5302 6704.18856297807 4452.593281717053 214.82075890716447 52.834245658822134 6700 6711 4444 4462 126.0 3.4830063607705166 2.4037357321757566 61.325367447906594 0.7236830755980952 -0.011021258130161554 0.9809598206298161 0.0 44.61158499808161 2.777076 219.75828504467987 9.827299192423531 3.2311508148471604 0.3586658939759865 6.333012368467128 374.05275297734886 15.797682435127468 5.991539411678306 13.310004529611609 21.14466537797051 False
5303 6159.785463921916 4444.617290632072 214.82569997365923 52.837662733976686 6155 6164 4441 4449 54.0 2.0695001007513607 1.5706723775037241 19.845647007046534 0.651134669890354 0.057930583797081554 1.418810302516631 0.0 22.930612543981415 1.8541443 31.5722785648438 2.7805470113094133 1.4 0.3207038484425244 4.145929793656026 27.136558892301874 4.484559758933717 1.47851959351003 3.0229293733937044 4.734421695761676 False
5304 6167.959841187809 4446.65709092211 214.8256055754539 52.83762177602412 6162 6173 4442 4451 80.0 2.6956213434815233 1.8633336051194973 -24.259614873616137 0.7226208897205253 -0.19837473442447792 0.7211596813058464 0.0 25.670459984206452 2.308948 55.0179797960519 6.4625490696470935 2.5810348589687377 0.30844684849930276 5.046265044040321 42.79113052725832 10.33752002179057 2.6636206140292544 5.660742883670424 10.482186020279 False
5305 178.0 4453.0 214.87903210373497 52.875713297583 178 178 4453 4453 1.0 0.28867513459481287 0.28867513459481287 0.0 0.0 0.07957184538357022 0.07957184538357022 0.0 0.07957184538357022 0.24463552 2.88543731502379 1.2252321340004682 3.8743614746708164 nan 0.5641895835477563 7.573670299030035 1.9497469455540009 1.5431589553301914 2.0951450314363433 2.507507936166708 False
5306 175.24007568047975 4453.920124567316 214.87904708974057 52.87573579104991 174 178 4452 4456 13.0 1.6775538592672967 0.8423995416866568 31.58004463453184 0.864775043451746 -0.13170112059094707 0.26624299898155407 0.0 1.2450099990930334 0.94277894 32.95279373245441 4.67441053977269 3.6769574901203277 0.4036215296047088 2.0342144725641096 73.87208936116888 7.439954772115075 4.282831743957632 7.5485950180820955 9.651300581526877 False
5307 154.59396742781334 4465.969032861499 214.87910483292666 52.87593192505694 151 158 4463 4468 34.0 1.9531258822237398 1.4266322881255578 -33.69031160866946 0.682981789005609 -0.005315423683439446 0.536769893161852 0.0 8.783511243873738 1.394121 160.0142278257223 6.807587281896629 3.8324051904376044 0.3018378699888359 3.2897623212397704 359.0666309343033 11.035456336861774 6.727036240643499 10.871074939754601 13.681879217489165 False
5308 164.29657435062313 4470.163130319371 214.87897397009658 52.8758929247145 156 176 4462 4477 144.0 4.3170711037712035 3.2867923133783346 11.62192515278792 0.648343754540251 -0.12760609234295775 0.5469761519521305 0.0 31.660903365068666 2.8757935 717.338839072782 16.364905694027645 3.896740111559187 0.33316385868817605 6.770275002573076 2359.706668812517 30395367.94354864 15.311271932044603 24.95050666576245 32.534541135009725 False
5309 208.05705417344038 4493.903428519795 214.87833299002816 52.87574304907943 178 240 4459 4502 1792.0 9.298539023127404 8.066118488844607 -2.835761424879708 0.4975054651776441 -0.2469312873799996 40.528512593633 0.0 1494.3494424133983 11.728231 3673.85906228561 11061794.202917647 2.6322680116712265 0.6579729938439862 23.883285285767386 4939.179588119724 67212202.2162858 7.776722508623655 21.72823106317887 43.15715997219568 False
5310 172.57642700769313 4478.626632770224 214.87881089449445 52.87588599291264 166 183 4466 4487 182.0 5.525141297874719 2.8451913049114106 -59.08733362012818 0.8572180632234837 -0.17296417855275303 0.5654070267188833 0.0 39.969535139055125 3.2093277 1169.6853278177857 19.555689020708396 4.07679964347567 0.30825972476463076 7.611333607551958 2745.879311463553 36851019.18147065 19.195730003355855 29.461978753133085 36.13080947563523 False
5311 182.54298317122593 4481.666528608254 214.8786898193227 52.87583908924307 175 190 4472 4489 164.0 4.386158787376491 3.4664552465113188 -30.60473181876345 0.6126983422220623 -0.2293754342183645 0.5830106967626265 0.0 35.00132793880344 3.0570176 1369.7230369481301 18.61974000703791 4.199006804177206 0.3550343081081319 7.225151993843567 3367.600089413622 17704401.988294598 23.494852678682616 31.318522146023827 36.76917626160659 False
5312 3148.1181814570373 4470.70843818957 214.85230944550582 52.8569410898903 3141 3153 4461 4476 109.0 3.8433159108889163 2.5759134546405043 85.32488893942005 0.7421516122629487 0.2345729902411045 2.0865936234746774 0.0 75.66182393460062 2.57072 323.10338783664383 9.83374964752321 2.9905941176561623 0.28284603154708016 5.890312181373172 573.6981551756713 15.944455090020005 5.510771044431484 11.29784557759542 18.245546386550068 False
5313 3149.097651411727 4496.923917435428 214.8520248468202 52.857076228913655 3114 3191 4467 4523 2295.0 4.6002454881437655 3.733799396774108 12.398068814336307 0.5841409908038687 -0.14343566050578385 6356.833936714844 0.0 45202.87747765747 49.515358 43069.992484751245 48.44586240410048 1.4 0.9181343413066766 27.028155482603687 44935.58556031144 49.151619521424905 0.7301003174994912 1.452400157690896 3.7024916280606956 False
5314 3174.2274124552714 4482.355239081132 214.85195372404345 52.856838007229655 3168 3184 4475 4488 126.0 4.877923886848836 1.7930492758156962 -33.85691513473141 0.9299901213939714 0.15068621796267112 3.4076017845343176 0.0 109.30511077293609 2.7597058 390.3976729562107 9.290325472326941 2.940243332243954 0.3117533632807721 6.333012368467128 571.5415294926099 14.930116652468671 5.203271070518462 9.767338673562472 16.87362004355996 False
5315 3124.951514562294 4510.485004163442 214.85209778846536 52.8573027678186 3116 3131 4506 4516 128.0 4.448029001309328 1.9882490442059837 -24.03509104757913 0.8945361946473273 0.2930529790424101 4.512180159544099 0.0 158.94613471601502 2.9184132 535.1449870604815 9.410604773073617 2.942136087177675 0.34007985746426633 6.383076486422923 875.1133082452018 15.94354572151115 4.994063534273089 10.027835793553436 16.457467191445723 False
5316 3173.058817998439 4510.239820177129 214.85167074496655 52.85699579352284 3167 3183 4506 4518 122.0 4.576095654332009 1.7226385973266218 27.75625536437584 0.9264398323820764 0.1757164211659927 5.265567960116935 0.0 157.36199129829654 2.756665 439.42031218509453 8.597295382229012 2.8332136546150095 0.40037186702356437 6.231677632421503 659.4537332512771 14.13523168089577 4.207059429445411 8.387012353530292 14.899848176824857 False
5317 6065.272532000878 4494.011071600902 214.82602361436255 52.838529643359834 6055 6075 4487 4503 243.0 3.6105498687560584 2.0576886812293083 18.45557531099242 0.8217070810313178 -0.27181595703978906 9.830185269693352 0.0 200.56477417289892 4.0127897 206.62744983153738 4.672721077619514 1.5230688723811165 0.6606710829664783 8.79484521425256 225.0650832505042 7.307398535767367 1.4119422213022454 3.1057257531548506 5.755031963430843 False
5318 6060.184638796132 4508.7258967698945 214.82591419477612 52.83864129235717 6056 6064 4501 4514 96.0 3.082152041351886 1.83126764696143 -65.4723192900782 0.8043525807936525 -0.16869581359817024 0.7464749965729808 0.0 22.679775193733228 2.4853678 28.64693059579956 3.668497304413412 1.4 0.3858844193859953 5.527906391541368 27.084407253142544 5.779598676168702 1.9615356976476466 3.7201608207800354 5.676860086131575 False
5319 8628.28698361481 4496.837454689715 214.8031328973494 52.8222534566061 8623 8634 4493 4502 65.0 3.2840993147848025 1.3799334225954203 29.2678033540574 0.9074378784867846 0.03991142599818343 1.2433425611898112 0.0 27.18968590245271 1.8976038 45.5426649636955 4.344905445188277 1.9615823887595993 0.29837391348296377 4.54864184146723 39.046630632116894 6.802754358761526 2.2699881217000866 4.352480367568476 7.312819617076181 False
5320 8634.79499707718 4504.779434911574 214.80299131976133 52.822254874971705 8631 8638 4500 4510 54.0 2.5193314257526995 1.425555770928823 57.952524034693404 0.8245103598854027 -0.06097691773452516 0.8020760130082117 0.0 16.645400015142805 1.7786725 42.768468806699275 5.189075986488813 2.678832313221595 0.3446656138240951 4.145929793656026 53.8509611584107 8.236955725025506 2.656334423345232 5.623368952192391 10.290249308612347 False
5321 2716.1483950115535 4519.5136189170225 214.85565385310852 52.859948744480334 2689 2743 4496 4534 1603.0 12.197999064621214 8.704059031810221 11.89228613419554 0.7005895465482802 -0.22873883565725556 2.4067992619025036 0.0 645.997013908916 9.944721 1030.706074886642 24.239408653512992 2.001999661187126 0.33812399707253615 22.588730543184948 1077.1604000989053 24897026.444080736 10.669856393028601 18.213830001586356 30.65533507995732 False
5322 2688.4350602169275 4520.979905078624 214.855885950594 52.86013272160786 2685 2691 4516 4526 62.0 2.357196073174 1.5231310503253037 69.89292696061959 0.763200094313457 -0.13004712652603181 0.5901036458746504 0.0 11.412975664534303 1.7851561 80.57736696767375 7.28197684349968 3.5098703327924006 0.39652320566796023 4.442433223290478 172.19683569120303 12.18383846188799 6.1901472469150605 10.926843841098309 16.541707164731733 False
5323 6472.240333499275 4507.79966553456 214.82224742106092 52.83601742328196 6466 6478 4498 4518 186.0 3.9599429072086725 1.7940851165674816 77.0997655658695 0.8914808750066651 -0.13155007477193792 3.5431590418306262 0.0 88.33231487368283 3.36724 109.86124781833973 5.756991300847633 2.0225510477362327 0.5708834684098466 7.694520051971082 136.5418678065156 9.175949792669119 1.8924328836877353 4.023712393989715 8.407608460562422 False
5324 6474.367607344582 4521.593653848783 214.82208331375614 52.83607824775672 6473 6476 4519 4524 21.0 1.3799455694409908 0.8658811940179733 73.69170806139608 0.7786367977168183 0.07758243876669821 1.2679254568416847 0.0 10.43171954679803 1.1616751 23.895818531386723 3.184833493911054 2.7835520324552028 0.3252466656106924 2.5854414729132054 33.07429580735405 5.099352536417264 1.3552741153873271 3.147760663432185 6.325180750846945 False
5325 1323.408375985999 4510.417583052509 214.86819157774585 52.868747481294676 1320 1326 4508 4512 29.0 1.915508377422876 0.9878020153430973 2.169320133782981 0.8567772893960001 -0.14929523781362664 0.619134936206638 0.0 6.865529570915891 1.4624903 13.197302754120184 4.16455712102486 2.475668869094357 0.3949125275620361 3.0382538898732494 18.31827416444701 6.658083463356157 1.7769768922532791 2.894467078371063 4.358791889798215 False
5326 1322.372953931484 4516.067968284201 214.86814136869646 52.86878453527246 1320 1324 4513 4518 26.0 1.4738380598401246 1.0642710993914744 71.19963690396011 0.6917797392639721 -0.3256580679565092 0.6111236405988393 0.0 4.10914005206941 1.7428815 22.117726751480376 5.0664168410935035 2.9665623620672825 0.47255110930822436 2.876813695875796 30.13820828032989 7.820625056385872 2.3889044687800354 5.781829603136587 8.486344849171795 False
5327 1762.3500583768475 4515.44916399609 214.86421680755606 52.865986253742875 1755 1767 4510 4521 101.0 2.681837320791247 2.2433509015681583 -26.24705338763642 0.547970349313812 -0.10507264446839046 0.6754006566701124 0.0 20.52299181414012 2.3836205 266.90965100513483 9.56510427055892 3.4536364337909986 0.39249969641150856 5.670035141386943 518.7203509644122 15.566141222631387 13.643857252204874 18.890606477283935 20.98655039616012 False
5328 1755.513340818513 4521.902383495005 214.86420997962043 52.86606448949322 1749 1764 4517 4524 80.0 3.8879755228090165 1.7740623785964331 2.2637165955906875 0.8898287501188692 -0.048454278681865554 0.5926144552164807 0.0 11.72125940410848 2.4808717 683.8630623882916 14.5028704949392 4.583153959373835 0.39501461754010364 5.046265044040321 747.7978467957794 23.967785357713176 10.1456413255715 12.801718062922834 15.986708587751668 False
5329 7662.933138961351 4562.171713819736 214.811054065166 52.828742168047796 7614 7705 4538 4587 2905.0 17.598776234191515 7.591150558608502 15.74019778595727 0.9021868853388617 -0.17505584794126008 8.185725748588634 0.0 2487.3337498669307 13.410414 2700.305029410866 18.184495801180795 1.4601262666992387 0.4547044923631755 30.40871946274476 2768.555721956165 28.35894338349839 7.213318826325382 15.844075766731695 26.97575150743104 False
