outputs/dr0.5_c0.1/nircam3_f444w_dr0.5_c0.1.ecsv
# %ECSV 1.0
# ---
# datatype:
# - {name: label, datatype: int64}
# - {name: xcentroid, datatype: float64}
# - {name: ycentroid, datatype: float64}
# - {name: sky_centroid.ra, unit: deg, datatype: float64}
# - {name: sky_centroid.dec, unit: deg, datatype: float64}
# - {name: bbox_xmin, datatype: int64}
# - {name: bbox_xmax, datatype: int64}
# - {name: bbox_ymin, datatype: int64}
# - {name: bbox_ymax, datatype: int64}
# - {name: area, unit: pix2, datatype: float64}
# - {name: semimajor_sigma, unit: pix, datatype: float64}
# - {name: semiminor_sigma, unit: pix, datatype: float64}
# - {name: orientation, unit: deg, datatype: float64}
# - {name: eccentricity, datatype: float64}
# - {name: min_value, datatype: float64}
# - {name: max_value, datatype: float64}
# - {name: local_background, datatype: float64}
# - {name: segment_flux, datatype: float64}
# - {name: segment_fluxerr, datatype: float32}
# - {name: kron_flux, datatype: float64}
# - {name: kron_fluxerr, datatype: float64}
# - {name: kron_radius, unit: pix, datatype: float64}
# - {name: gini, datatype: float64}
# - {name: equivalent_radius, unit: pix, datatype: float64}
# - {name: kron4_2_flux, datatype: float64}
# - {name: kron4_2_fluxerr, datatype: float64}
# - {name: radius_kron20, unit: pix, datatype: float64}
# - {name: radius_kron50, unit: pix, datatype: float64}
# - {name: radius_kron80, unit: pix, datatype: float64}
# - {name: near_border, datatype: bool}
# meta:
#   PHOTMJSR: 0.3925000131130219
#   PIXAR_SR: 2.11539874851881e-14
#   __serialized_columns__:
#     area:
#       __class__: astropy.units.quantity.Quantity
#       unit: !astropy.units.Unit {unit: pix2}
#       value: !astropy.table.SerializedColumn {name: area}
#     eccentricity:
#       __class__: astropy.units.quantity.Quantity
#       unit: !astropy.units.Unit {unit: ''}
#       value: !astropy.table.SerializedColumn {name: eccentricity}
#     equivalent_radius:
#       __class__: astropy.units.quantity.Quantity
#       unit: !astropy.units.Unit {unit: pix}
#       value: !astropy.table.SerializedColumn {name: equivalent_radius}
#     kron_radius:
#       __class__: astropy.units.quantity.Quantity
#       unit: &id001 !astropy.units.Unit {unit: pix}
#       value: !astropy.table.SerializedColumn {name: kron_radius}
#     orientation:
#       __class__: astropy.units.quantity.Quantity
#       unit: &id002 !astropy.units.Unit {unit: deg}
#       value: !astropy.table.SerializedColumn {name: orientation}
#     radius_kron20:
#       __class__: astropy.units.quantity.Quantity
#       unit: *id001
#       value: !astropy.table.SerializedColumn {name: radius_kron20}
#     radius_kron50:
#       __class__: astropy.units.quantity.Quantity
#       unit: *id001
#       value: !astropy.table.SerializedColumn {name: radius_kron50}
#     radius_kron80:
#       __class__: astropy.units.quantity.Quantity
#       unit: *id001
#       value: !astropy.table.SerializedColumn {name: radius_kron80}
#     semimajor_sigma:
#       __class__: astropy.units.quantity.Quantity
#       unit: !astropy.units.Unit {unit: pix}
#       value: !astropy.table.SerializedColumn {name: semimajor_sigma}
#     semiminor_sigma:
#       __class__: astropy.units.quantity.Quantity
#       unit: !astropy.units.Unit {unit: pix}
#       value: !astropy.table.SerializedColumn {name: semiminor_sigma}
#     sky_centroid:
#       __class__: astropy.coordinates.sky_coordinate.SkyCoord
#       dec: !astropy.table.SerializedColumn
#         __class__: astropy.coordinates.angles.Latitude
#         unit: *id002
#         value: !astropy.table.SerializedColumn {name: sky_centroid.dec}
#       frame: icrs
#       ra: !astropy.table.SerializedColumn
#         __class__: astropy.coordinates.angles.Longitude
#         unit: *id002
#         value: !astropy.table.SerializedColumn {name: sky_centroid.ra}
#         wrap_angle: !astropy.coordinates.Angle
#           unit: *id002
#           value: 360.0
#       representation_type: spherical
#   astropy version: '5.1'
#   make_catalog parameters:
#     ab_zpt: 31.4
#     coadd_bands: !!python/tuple [f277w, f356w]
#     deblend_contrast: 0.001
#     deblend_nlevels: 32
#     deblend_npixels: 1
#     detect_kernel_fwhm: 4.0
#     detect_kernel_npix: 7
#     detect_npixels: 4
#     detect_threshold_nsigma: 3.0
#     flag_isolated_buffer: 4
#     hst_bands: !!python/tuple [f606w, f814w, f125w, f140w, f160w]
#     jwst_bands: !!python/tuple [f115w, f150w, f200w, f277w, f356w, f410m, f444w]
#     near_border_kernelsize: 21
#     reference_band: f200w
#   make_catalog version: 1.4.0
#   photutils version: 1.5.0
# schema: astropy-2.0
label xcentroid ycentroid sky_centroid.ra sky_centroid.dec bbox_xmin bbox_xmax bbox_ymin bbox_ymax area semimajor_sigma semiminor_sigma orientation eccentricity min_value max_value local_background segment_flux segment_fluxerr kron_flux kron_fluxerr kron_radius gini equivalent_radius kron4_2_flux kron4_2_fluxerr radius_kron20 radius_kron50 radius_kron80 near_border
[from data line 551]
552 3529.8438665255917 891.0617057709735 214.8343500854522 52.853631964102064 3527 3533 889 894 34.0 1.793005969472396 1.4065613839662818 34.89478469527295 0.6201653624839901 0.13627780485646412 0.495806981702074 0.0 10.641708397063171 1.0858418 31.38635733908172 3.273073595442546 2.6869698328651643 0.18132411889602393 3.2897623212397704 37.96793679049951 5.110562005105627 2.421722757152307 4.1357763090090875 6.379487119457698 False
553 3240.756421606644 895.9957505146815 214.83687902060882 52.85549564751412 3232 3250 890 901 163.0 3.8031315244956048 2.4908419267116195 -9.342811904186531 0.7556765604795096 0.005500262745843442 1.0037451155258963 0.0 67.26791639135052 2.07627 144.19269509753798 5.828183476075412 2.6662677933441303 0.31554231226463875 7.203090409536582 144.08168209873025 9.352186404208258 3.60188028529492 8.194948720246014 13.666466209653386 False
554 3758.3392375797634 896.4839355425904 214.83225325928157 52.852209117835685 3753 3764 890 903 126.0 3.1603550786461834 2.1997563901018173 57.61778187834503 0.7179960008412924 -0.030802959498224335 1.180548585040666 0.0 61.71273283759581 1.7899024 98.62386756892919 4.304592460088983 2.3063547853630166 0.32276946681786156 6.333012368467128 112.41567912732964 6.989768676458799 2.613137867255595 4.987265925179865 9.435669445915156 False
555 964.8281018764442 893.1504633070074 214.8572351996449 52.86994135449173 963 967 891 896 23.0 1.6009658665949027 1.1032505959801564 79.95474571893124 0.7246514013451486 0.013992535814324381 0.3297632708031326 0.0 3.1154948359460732 0.72151566 18.70694138728448 3.0657953418271466 3.3297820282740056 0.31408538919549306 2.7057581899030048 31.40256613698328 4.999270983153007 2.8558479436338304 4.740262305906535 8.86088139846197 False
556 1188.2750347716492 895.1404868971425 214.85521805880092 52.868532477911494 1182 1194 891 900 99.0 2.921143627945903 2.133934362870104 -27.690574339452724 0.6828984351909052 -0.010565509549963539 0.6133719250808497 0.0 30.386893142105336 1.5564107 42.520116295565984 3.4795383569331735 2.00099452898944 0.259892127420821 5.613615477764332 51.07657829616177 5.607080604602749 2.4635695230502335 4.1988191481431425 6.535457339708833 False
557 1318.4156793008722 898.4272044413133 214.85402089631128 52.867723373411856 1312 1325 891 906 170.0 3.5311364816906385 2.9383997947762306 75.89415902758671 0.5545656639118911 -0.029925904611557856 0.6211878148645549 0.0 52.39835270063824 2.0210638 89.1630236814803 5.23087144153307 2.295973688980776 0.2804672024662659 7.356132180109627 91.42704852611357 8.332298845260377 3.3437480672350324 6.3466196871202945 11.379441986870642 False
558 8269.61131736384 893.7008352316668 214.79203863172586 52.82351807248012 8267 8272 891 896 24.0 1.8202007415457697 1.007956000832987 -40.16871579618365 0.8326757265723024 0.08011682686115347 0.44827188028140197 0.0 7.074779623303268 0.97307605 39.51634872710456 3.504711691311454 3.155502154282794 0.17046845109631614 2.763953195770684 50.20795778727508 5.612281727148313 2.9255012260100868 4.920882338937287 7.7331263336490865 False
559 9076.008448278557 894.0760655505941 214.78484661590792 52.818392772295326 9072 9080 891 897 54.0 2.1788460102736167 1.7099858798935865 -30.05714158406139 0.619733109491136 0.12065594041704918 0.5984911014822684 0.0 20.418313630491742 1.3100365 39.36982475557374 3.7265081386746624 2.3772588482043786 0.1659508772274019 4.145929793656026 41.48131632290638 5.985299909226662 2.32697813830831 4.043267517756607 7.013010799370457 False
560 4241.480386370717 895.3019945034899 214.8279531769951 52.849132295134766 4238 4246 892 898 45.0 1.6724797391178634 1.5524307637818786 -28.72479082831622 0.3720293443212751 -0.04077491849541677 0.5434964913726897 0.0 11.683151059021437 1.1357219 16.912272874852853 2.1065092291045246 1.7576718313323034 0.34685727796917654 3.7846987830302403 17.69208057422249 3.3034658723450674 1.5170424024408649 2.7145346725592687 4.550191946641955 False
561 8144.196179187537 911.7499083693667 214.79296680005015 52.82441269356756 8121 8164 896 928 992.0 6.874753223970753 3.945068722223429 -28.757537899348062 0.8189612825967558 -0.02869424417845136 31.29305023271009 0.0 2631.2398734078915 6.217993 2657.217624668393 6.514433332587342 1.4394671639944285 0.6629028164699127 17.769732893161912 2845.8902464639727 10.1354876107035 2.594616269921839 5.301836624800266 10.192110654493305 False
562 3034.76844717631 908.3833460345221 214.83858776611243 52.85687140328997 3028 3042 897 920 229.0 5.829201807291531 2.5323511395875182 -65.41270668838982 0.9007079981013892 -0.019012519425260395 0.650893679859527 0.0 65.73556725243898 2.427096 150.9709254239763 7.150218360595967 2.6310454864244943 0.26225160783139834 8.537737635702333 193.45195209676183 11.502287808521627 4.960838896390479 10.129159731925508 17.057011740496126 False
563 1237.0177198143942 901.5529567015785 214.85471513583263 52.8682573797958 1233 1242 898 905 65.0 2.195631807401164 1.7306621538648295 -34.07026558155818 0.6153811613781447 -0.10794475350374774 0.4102782494915401 0.0 12.358979359250867 1.2500033 16.592392992009714 2.5170396213687187 1.8807779073452724 0.28625557338142105 4.54864184146723 20.855862281947232 4.2035323146675925 1.8025333104427186 3.1645471833093013 5.026317830556668 False
564 3958.1044759507618 905.9887424901152 214.8303700539701 52.850990826212 3953 3963 901 911 97.0 2.4719558737997382 2.254005566744381 -25.682555043995066 0.4105661266906974 0.04987714863423015 0.8728144153146513 0.0 39.78592202471783 1.5341148 57.588753834999366 3.463522314537891 2.069365588382618 0.2927112464318113 5.556622981616415 60.47479657903247 5.534202366652374 2.2141035392341815 4.038134327968504 7.5094091550700774 False
565 9324.756073277384 909.153848129449 214.78247103118318 52.81689228205522 9319 9331 902 916 148.0 3.037803001866101 2.493101184993129 63.70604023773255 0.5713705772190497 0.04698549347772722 1.733546137038864 0.0 86.45909515035186 2.3472571 133.74097574694562 5.3090717680620445 2.1400537663297334 0.3809444517798195 6.863662517577698 141.3671494671884 8.358088832292783 2.50677166904647 4.962116120859475 9.015041179695677 False
566 251.94474631933713 905.1521479589231 214.8634783995464 52.87453496526897 251 253 903 908 16.0 0.9430823470084339 0.6946398273885154 -68.03943194318641 0.676368637409889 -0.11615921332368054 0.32539070272925663 0.0 1.3184893073011972 0.6241803 3.402403595329596 1.5747105866132722 2.8202677415803725 0.4923763556117844 2.256758334191025 11.176843817769258 2.5314284176573443 0.9829612581208309 4.365705433289508 5.080162931673959 False
567 1016.027851901021 908.760002655234 214.85661349767778 52.8697002518588 1013 1019 904 913 56.0 2.240026503316736 1.689872458528805 64.15940496352195 0.6564168046527435 0.046881593534998246 0.40157744008006424 0.0 11.715223136952044 1.2071321 34.87641244133873 4.449728482138503 3.0799857098541454 0.24240667056938028 4.222008245644752 46.31032579873215 6.993932024758802 2.9381305167199177 7.8700444659483875 11.48555619643291 False
568 8353.242311819487 909.2674516779839 214.79112929359076 52.82307019726063 8349 8358 904 914 89.0 2.4341153398581032 1.99963604248312 -87.88343168358702 0.5702024235452245 -0.16583012182834841 1.1303201036643802 0.0 36.986562781286125 1.937728 45.2097790924239 2.9863339984404043 1.5413234974132897 0.3377436267842643 5.322553886092406 44.74213740615239 4.635193982563649 1.817669785755633 3.2680332745146274 5.1433864031957075 False
569 3094.0042265232787 907.3153477567615 214.8380701224453 52.85648922783743 3090 3097 905 910 36.0 1.6746201500211941 1.3795438635749726 26.12452437417495 0.5668876814875234 0.0058812186260411015 0.372831904616586 0.0 6.39003618160224 0.927877 44.73503885057543 3.5958892158231324 3.3925446864152584 0.26444984632686114 3.385137501286538 79.90257942346304 5.788941076515751 4.063118052647449 8.448855247878406 11.554718963358605 False
570 8839.568908414438 921.5263622774132 214.786665195221 52.82004403480473 8828 8852 906 935 550.0 4.748366646017742 3.731247838758889 -67.51809254967915 0.6184856828425396 0.11878405432027898 16.848994972944894 0.0 1116.4286924836222 4.578306 1158.7956194190656 5.439662732655022 1.521127873500239 0.6013525201781638 13.231418571003069 1248.6950880881031 8.458628809674305 2.305465903779762 4.484097123188926 8.616369929464334 False
571 9868.684158579423 907.6893332938964 214.7776392846984 52.81342559054099 9867 9871 906 909 14.0 1.1837912789067029 0.7706018442489811 26.938341008909195 0.75911125532504 -0.04423532994435589 0.2596209082486008 0.0 2.0251368240764513 0.7964466 33.393236673833925 3.4701594591806466 3.8670969595367715 0.29420551518207744 2.111004122822376 41.49024437822464 5.322019979671551 3.6489671919341595 5.854307931800295 7.951867414529253 False
572 4082.16741901315 911.2859796471637 214.829206928165 52.850230934164315 4078 4086 908 915 50.0 2.3118520710436448 1.4478574475271448 37.37418101873357 0.7796014255526559 0.12711246477288285 0.6307848993918409 0.0 16.841365984069995 1.1458764 48.631738874109544 3.7054059112794477 2.855189449162112 0.20065563180457163 3.989422804014327 64.30395635487204 6.034507135478701 2.748052025772906 5.808085028477411 9.55514902193843 False
573 1401.3682973131126 926.1474211297971 214.85298813784925 52.867345819363045 1385 1419 909 943 750.0 7.394097972743899 3.8924353125756066 -48.64775049711742 0.8502217979101366 -0.07663577011965403 4.967765108275542 0.0 630.2068556965239 4.5683284 687.0269398731334 6.349681432630379 1.604810471446516 0.5289335104569014 15.450968080927584 737.783846657139 9.967824556318426 3.334796600418491 6.774536513129494 12.356258444874946 False
574 4159.542881842076 913.6386859785005 214.82849154026093 52.84975187315096 4156 4162 910 917 43.0 2.111313226282317 1.4851629332024519 -69.30023655461805 0.7107636658865026 0.026956296458309683 0.3833784959285595 0.0 10.628866772305656 1.103283 28.792395547645093 3.29099130434691 2.5774086408522283 0.18830884773131873 3.6996385101659595 16.366153021638063 5.30901096639424 2.6306011073767253 4.477147977994296 6.254409584617413 False
575 6156.437016219635 915.7815825453488 214.8106507584267 52.837071211463716 6151 6162 910 921 112.0 2.511493412926628 2.4336943391514123 -29.46949803795986 0.2469713423977346 0.08460733157880798 1.4459200342384104 0.0 50.68318072398198 1.8438756 80.36663014935273 4.2463406701703725 2.2672612932588994 0.34493168776866023 5.970821321441846 95.52665192662758 6.778430620492888 2.3549262277481335 4.608362242574154 8.702951902394613 False
576 1357.768834235126 921.5892684856561 214.85342557893654 52.86759824695035 1353 1362 914 929 106.0 3.519864977238788 1.900352471696411 -70.53643754426989 0.8417332903513914 0.05387758976272444 0.6331202511240914 0.0 31.544549388191143 1.5816615 68.00387647156293 4.638253877067658 2.5243496053371115 0.2500658100286384 5.808687281605183 82.41470453957382 7.4584343365598516 3.151429510011778 6.486629771073902 13.947761495852015 False
577 2703.3653602999752 916.8590309271358 214.84145764897627 52.859022978970174 2702 2705 915 918 11.0 1.180328248550438 0.7149683086651885 -39.55827605843112 0.795665052206905 0.11193530248059926 0.22956365770458345 0.0 1.8111983757322243 0.5124805 39.443408904101425 2.6553507944944306 4.035794958842952 0.13219874292431794 1.8712051592547776 101.0263517881649 4.337211070965112 4.149107022414887 6.372636877228065 8.219641583923929 False
578 2923.4430469010017 918.7836725947191 214.83947229867888 52.857634891987516 2921 2925 917 920 16.0 1.2360532495902996 1.0031037396667188 36.049748293384425 0.5843001416015285 0.09355680490809225 0.36961981336107425 0.0 3.0543350865120895 0.6263308 12.32145851025735 2.4992168578727507 3.1885698649923295 0.20488489984525457 2.256758334191025 14.073577105485386 4.080082626640873 1.9813114355877341 3.44744211692419 5.131744447088361 False
579 1483.3779761095466 920.7169871164655 214.85231272628656 52.8667954887267 1482 1485 918 923 18.0 1.41056967134755 1.0036078941027653 81.7547625806803 0.7026950166993411 0.2117734126331655 0.3078246716437898 0.0 4.393790229289251 0.6431092 22.406327021475885 2.5751923548655253 3.1001749268628442 0.06071720851014214 2.393653682408596 31.382647231696783 4.17354672875443 2.403296450432617 4.380310107391547 7.127601548310001 False
580 3054.043270699922 929.7557052141448 214.83819074522208 52.85686414066454 3046 3062 920 938 230.0 3.7303004496281975 2.7169847833793215 -49.194109522558136 0.685199453662564 -0.002193058563144095 3.1987028208951838 0.0 199.28274615773864 2.4134889 245.54619542164687 4.401916778815304 1.9441512288338103 0.45704788797722984 8.556358677747903 291.91302174099684 6.998325836997761 2.3981461509856805 4.535194019534135 8.461291107911258 False
581 3140.3391834179115 931.6367612817195 214.83740046864744 52.85632590483986 3126 3156 921 943 536.0 5.523044872155557 3.9653777924665126 4.981931789701495 0.6960745578002967 -0.07153116197009728 3.889703941526793 0.0 433.44588458533667 3.7350557 478.5987614590489 5.4562708646824465 1.6637869010281232 0.49885874843914524 13.061933202803933 512.1608711972585 8.791140984813458 3.1227886703721297 5.9742452108644555 10.421149526805651 False
582 1636.06058323875 926.3033135045486 214.8508901136524 52.865855531979044 1633 1639 924 931 25.0 2.334309322759816 1.0826235400873774 -55.080427989414375 0.8859464616812982 0.12350358629773826 0.5262060386645251 0.0 7.57850778147219 0.7810824 110.6811579774927 4.20940149714729 3.712004041996756 0.2055906680003201 2.8209479177387813 180.1205484618278 6.684351724846056 4.953589204392352 9.289419000900367 12.308622324532266 False
583 2003.6391520389939 927.923313140697 214.84758996603534 52.8635287655433 2002 2006 926 931 23.0 1.386772272967122 1.2535746621306265 77.83668663365859 0.42763531760668655 -0.016560618372776198 0.2924180035510316 0.0 3.7158242231385676 0.74337864 17.660743588559086 3.2521127179451574 3.3917698889044607 0.22427513404967 2.7057581899030048 21.315021915735283 5.389830926030587 2.619040219257647 4.906038458876555 6.903768881492403 False
584 2664.630577407273 926.4276957951655 214.841702825073 52.85932070060977 2664 2665 926 927 4.0 0.5401483015698831 0.43123248368394895 48.20798078847429 0.6021812348988532 0.04434861925043643 0.13555538168156506 0.0 0.42063542116983754 0.30488965 12.2028267796291 1.3943023358284012 4.2371766945368865 0.23160554687849128 1.1283791670955126 27.526756526881 2.2433819819825747 2.3771046242142235 3.6378652663225335 4.596738714175317 False
585 6374.511447872749 932.740745893587 214.80852706057468 52.835776357769696 6368 6381 926 939 153.0 3.0482013177468015 2.911663343956367 46.3093349306717 0.2959383712308978 0.089839216205826 1.0063071393220353 0.0 74.08873813858465 2.108545 137.1211666997603 5.5290835419968145 2.4473733427067224 0.2980986724969948 6.978639737521917 188.1705570483607 8.890120287442983 3.2105971559182187 6.386812618568778 11.598829381914628 False
586 243.73529464718695 928.3444414023764 214.8633076507992 52.87471220043353 243 245 927 932 12.0 1.6855002947961952 0.6263897533615015 87.33502490701441 0.9283791969474459 -0.0031700666848194195 0.21751630622349424 0.0 1.0082263905393618 0.5211894 16.00355533890731 2.4258163508027986 3.4846188243038956 0.4933029811772849 1.9544100476116797 36.60641813212514 3.886582633802514 3.806330825555571 7.5448319892800715 10.419021293550252 False
