outputs/dr0.5_c0.1/nircam1_f606w_dr0.5_c0.1.ecsv
# %ECSV 1.0
# ---
# datatype:
# - {name: label, datatype: int64}
# - {name: xcentroid, datatype: float64}
# - {name: ycentroid, datatype: float64}
# - {name: sky_centroid.ra, unit: deg, datatype: float64}
# - {name: sky_centroid.dec, unit: deg, datatype: float64}
# - {name: bbox_xmin, datatype: int64}
# - {name: bbox_xmax, datatype: int64}
# - {name: bbox_ymin, datatype: int64}
# - {name: bbox_ymax, datatype: int64}
# - {name: area, unit: pix2, datatype: float64}
# - {name: semimajor_sigma, unit: pix, datatype: float64}
# - {name: semiminor_sigma, unit: pix, datatype: float64}
# - {name: orientation, unit: deg, datatype: float64}
# - {name: eccentricity, datatype: float64}
# - {name: min_value, datatype: float64}
# - {name: max_value, datatype: float64}
# - {name: local_background, datatype: float64}
# - {name: segment_flux, datatype: float64}
# - {name: segment_fluxerr, datatype: float32}
# - {name: kron_flux, datatype: float64}
# - {name: kron_fluxerr, datatype: float64}
# - {name: kron_radius, unit: pix, datatype: float64}
# - {name: gini, datatype: float64}
# - {name: equivalent_radius, unit: pix, datatype: float64}
# - {name: kron4_2_flux, datatype: float64}
# - {name: kron4_2_fluxerr, datatype: float64}
# - {name: radius_kron20, unit: pix, datatype: float64}
# - {name: radius_kron50, unit: pix, datatype: float64}
# - {name: radius_kron80, unit: pix, datatype: float64}
# - {name: near_border, datatype: bool}
# meta:
#   PHOTMJSR: 0.3925000131130219
#   PIXAR_SR: 2.11539874851881e-14
#   __serialized_columns__:
#     area:
#       __class__: astropy.units.quantity.Quantity
#       unit: !astropy.units.Unit {unit: pix2}
#       value: !astropy.table.SerializedColumn {name: area}
#     eccentricity:
#       __class__: astropy.units.quantity.Quantity
#       unit: !astropy.units.Unit {unit: ''}
#       value: !astropy.table.SerializedColumn {name: eccentricity}
#     equivalent_radius:
#       __class__: astropy.units.quantity.Quantity
#       unit: !astropy.units.Unit {unit: pix}
#       value: !astropy.table.SerializedColumn {name: equivalent_radius}
#     kron_radius:
#       __class__: astropy.units.quantity.Quantity
#       unit: &id001 !astropy.units.Unit {unit: pix}
#       value: !astropy.table.SerializedColumn {name: kron_radius}
#     orientation:
#       __class__: astropy.units.quantity.Quantity
#       unit: &id002 !astropy.units.Unit {unit: deg}
#       value: !astropy.table.SerializedColumn {name: orientation}
#     radius_kron20:
#       __class__: astropy.units.quantity.Quantity
#       unit: *id001
#       value: !astropy.table.SerializedColumn {name: radius_kron20}
#     radius_kron50:
#       __class__: astropy.units.quantity.Quantity
#       unit: *id001
#       value: !astropy.table.SerializedColumn {name: radius_kron50}
#     radius_kron80:
#       __class__: astropy.units.quantity.Quantity
#       unit: *id001
#       value: !astropy.table.SerializedColumn {name: radius_kron80}
#     semimajor_sigma:
#       __class__: astropy.units.quantity.Quantity
#       unit: !astropy.units.Unit {unit: pix}
#       value: !astropy.table.SerializedColumn {name: semimajor_sigma}
#     semiminor_sigma:
#       __class__: astropy.units.quantity.Quantity
#       unit: !astropy.units.Unit {unit: pix}
#       value: !astropy.table.SerializedColumn {name: semiminor_sigma}
#     sky_centroid:
#       __class__: astropy.coordinates.sky_coordinate.SkyCoord
#       dec: !astropy.table.SerializedColumn
#         __class__: astropy.coordinates.angles.Latitude
#         unit: *id002
#         value: !astropy.table.SerializedColumn {name: sky_centroid.dec}
#       frame: icrs
#       ra: !astropy.table.SerializedColumn
#         __class__: astropy.coordinates.angles.Longitude
#         unit: *id002
#         value: !astropy.table.SerializedColumn {name: sky_centroid.ra}
#         wrap_angle: !astropy.coordinates.Angle
#           unit: *id002
#           value: 360.0
#       representation_type: spherical
#   astropy version: '5.1'
#   make_catalog parameters:
#     ab_zpt: 31.4
#     coadd_bands: !!python/tuple [f277w, f356w]
#     deblend_contrast: 0.001
#     deblend_nlevels: 32
#     deblend_npixels: 1
#     detect_kernel_fwhm: 4.0
#     detect_kernel_npix: 7
#     detect_npixels: 4
#     detect_threshold_nsigma: 3.0
#     flag_isolated_buffer: 4
#     hst_bands: !!python/tuple [f606w, f814w, f125w, f140w, f160w]
#     jwst_bands: !!python/tuple [f115w, f150w, f200w, f277w, f356w, f410m, f444w]
#     near_border_kernelsize: 21
#     reference_band: f200w
#   make_catalog version: 1.4.0
#   photutils version: 1.5.0
# schema: astropy-2.0
label xcentroid ycentroid sky_centroid.ra sky_centroid.dec bbox_xmin bbox_xmax bbox_ymin bbox_ymax area semimajor_sigma semiminor_sigma orientation eccentricity min_value max_value local_background segment_flux segment_fluxerr kron_flux kron_fluxerr kron_radius gini equivalent_radius kron4_2_flux kron4_2_fluxerr radius_kron20 radius_kron50 radius_kron80 near_border
[from data line 1799]
1800 7084.776695301564 2249.9070499268864 214.9689560551758 52.96547383736268 7079 7089 2246 2254 80.0 2.734335658111992 1.7170580467045078 30.696265500378967 0.7782442503636432 -0.12066814301023228 0.5174346176464701 0.0 16.64278351102156 1.921644 16.474956644685605 2.898822010796196 1.4 0.36488309547612013 5.046265044040321 13.379101522559772 4.643498499431619 1.5994131584933269 2.9559191346166482 4.155694878689727 False
1801 423.7328847425163 2251.2597638786538 215.0287496724224 53.00772835682247 421 427 2247 2253 42.0 1.6185403223962995 1.1835565353425916 -54.710528979432354 0.6821102617840495 -0.27939342525562744 0.3910908629159657 0.0 3.8670952247149892 1.5073926 9.319657330536394 3.8719996229191005 2.6863030543602635 0.4727973670556854 3.656366395715726 17.07932566202064 6.10783391759163 1.598364125478658 2.89794760133981 7.4280759248528145 False
1802 6751.833680756582 2252.9328410678786 214.97191082594878 52.96760257143732 6745 6759 2247 2259 142.0 3.481010955702644 2.5172924672701678 -2.658544219011141 0.6906911965639005 -0.026103768196251542 0.9345694024952568 0.0 63.473945813666546 2.5447905 82.3618748369361 4.483946206901518 1.6049528556396735 0.2920930741178637 6.723094811029982 82.31964409770227 7.169934631129488 2.6975324955102384 4.671052822217556 7.158894781500961 False
1803 9031.729624057807 2249.174365923402 214.95150457315452 52.953115757306186 9030 9035 2247 2251 17.0 1.4593704643328267 0.7961662351002837 -24.364969788703995 0.8380752976032284 -0.01391317311066242 0.5328545942151925 0.0 4.3362747224366345 0.891782 26.24930164612772 3.604143321342836 3.422011316133534 0.3375316491572705 2.326213245840639 32.592626153555756 5.748320418983462 2.4165635614722456 4.788811655425219 7.100420599139791 False
1804 2967.021768757797 2248.8682046214003 215.00592554537525 52.991588368624406 2965 2969 2248 2251 16.0 1.310273574664957 0.6646614407825829 18.77752056385524 0.8617876471817046 -0.040381430975471706 0.3658717150823597 0.0 3.0341433514464073 0.8924228 10.809236115299758 2.7855838702216156 3.1224961783146736 0.3460287943851626 2.256758334191025 21.485530807349537 4.456181450584492 1.6981191528474406 3.6118468021260663 4.93814563530917 False
1805 7240.227446085049 2252.2070800629585 214.9675374641527 52.964499966519256 7236 7244 2249 2256 51.0 2.1061234102436286 1.6872899144245832 -54.05123240595914 0.5984832092290303 -0.04486021774872888 0.5290775899903832 0.0 10.198033087572524 1.5320469 19.228023058265098 2.870005669065585 1.59667797613437 0.3111316263158909 4.029119531035698 18.593808659791307 4.56363367136948 2.176714609903132 3.8034007219122286 5.59434926130832 False
1806 9438.730586213554 2264.9070136420823 214.94769035403453 52.950617831261226 9411 9453 2249 2279 818.0 8.295037579279171 3.5489385292951052 21.392061850689444 0.9038550779397413 -0.20446699575857719 8.500900989795436 0.0 445.3965526269245 6.26387 453.07296163100443 7.423998201082295 1.4 0.6549129993316353 16.13621662281282 474.63130851953804 11.892034986772085 2.9138553360395347 5.753393723158373 10.439946296751359 False
1807 3150.255863324905 2255.4390685219805 215.00421076681295 52.99046182642029 3146 3153 2250 2262 84.0 3.882288421393875 1.7593261113720962 -69.85945456308812 0.8914254932243597 -0.21967684252371666 0.26954551563879886 0.0 4.45468050875028 1.9812708 16.997131604365453 6.704962992154593 2.660759234960513 0.48824753929890896 5.170882945826411 22.206439081524596 10.666970584572415 4.954622711480936 13.741839836367918 17.733659472575876 False
1808 6262.542618038513 2260.7956053646203 214.9762176789551 52.970749270196755 6249 6283 2250 2271 580.0 8.444612323253057 4.2096208458973745 15.566745513447826 0.8668909516411175 -0.4690341041922095 0.9430350982668765 0.0 93.06821925440285 5.545335 96.51151935723178 8.547662751495862 1.4 0.47660245868299667 13.58748446131949 92.75924286828898 13.621038070002294 3.994667565565948 7.428590025767738 12.030139985836476 False
1809 6449.472660755739 2252.512337820054 214.9746278192059 52.96951859072493 6449 6450 2252 2253 4.0 0.5276021381004194 0.4698258483644536 -45.29589742351095 0.4549975441128695 0.15383490242939155 0.21558416943709752 0.0 0.7210458752142429 0.47998646 7.02683770854074 1.977044708312506 3.804080192756557 0.09595846651533484 1.1283791670955126 7.637541457929141 3.111801516783574 1.647044876557323 2.710354484351813 3.906169834070766 False
1810 7770.764897925393 2255.6488157318213 214.96274287262585 52.96115230477706 7768 7774 2252 2260 47.0 1.8581363002660687 1.554497235178194 78.70187759785415 0.5478303418048417 -0.13071559487832293 0.35203410796129897 0.0 7.276727953398492 1.5320066 14.3886463254365 4.318882214307165 2.5754173309264723 0.3820258928180155 3.8678889139475245 11.16531906845875 6.861789731374035 1.8020844553791944 3.7827174522380504 7.030716017713205 False
1811 3980.895086068848 2254.576820135588 214.99676133732873 52.985188997187215 3978 3983 2253 2256 18.0 1.4852576021701493 0.9853746238918764 5.8511750622095295 0.7482322814955067 -0.0981822230762813 0.42298022968721866 0.0 3.246202741055227 0.91812897 8.396458493205014 3.2495410510769616 2.7189548669155577 0.3146154689429097 2.393653682408596 8.086372288071894 5.258307782619991 1.7612169555015038 2.910446235698587 4.799661098639753 False
1812 8458.619218856044 2254.688628861668 214.95658479251261 52.95678240348378 8457 8459 2253 2256 8.0 0.7886921568208352 0.37355299090054034 63.472621175978 0.8807206983470589 -0.08702965867468765 0.12027654026625344 0.0 -0.028118613003257215 0.6279629 -1.762711389630832 2.3718226954947434 4.488288803574386 0.8634136501990465 1.5957691216057308 -0.03349245284705804 3.7995545713870067 8.76783770460493 nan nan False
1813 9966.253190899048 2255.5986635495105 214.94306014733039 52.94721964526571 9965 9968 2254 2257 12.0 0.8945221158885878 0.6984771844538102 59.170336231259405 0.6247331039640776 -0.07579637203343811 0.14570551476378132 0.0 0.38871739581641646 0.7417652 -1.050791324569416 2.70984511608655 3.5502032454013666 0.39761240320911395 1.9544100476116797 -5.014396510507758 4.3577790701894354 6.732973386536587 6.856945888759721 6.985102236504548 False
1814 3113.216191304965 2257.277960163308 215.00452402294138 52.99070667299137 3112 3116 2255 2260 21.0 1.1547465208273495 0.5986233953313682 -65.88187158682358 0.8551367884406245 -0.1280817740642127 0.20079112344820357 0.0 0.16497638627053166 1.0432059 5.772929113418112 3.345167338354317 4.1218633574702785 0.6827899751052161 2.5854414729132054 9.670002179569675 5.323058853579383 4.860683070621102 7.6028119186711525 9.121019161471178 False
1815 4429.190625105413 2264.599407989362 214.99263114287334 52.98239974314841 4422 4437 2256 2271 180.0 3.888357166121983 2.2178916974851375 -55.81360655552115 0.8213719187710671 -0.10233589397683643 0.9470920172923146 0.0 41.14989009919098 2.388398 52.80341640995435 3.866692722390313 1.6649227927306052 0.4486401404494701 7.569397566060481 54.31814153410562 6.176649045491697 2.4025109209942705 4.590266833341106 8.694978841675885 False
1816 6778.978394023525 2257.9356218493863 214.9716146138277 52.96745738145644 6777 6781 2256 2260 16.0 1.2261641974274606 0.947080288518866 -72.82316491350454 0.6351452590343256 0.036319837049190964 0.32031405425049214 0.0 2.592432959426367 0.8455344 11.265347679449285 3.139226379447137 3.096585884191768 0.3345885329441777 2.256758334191025 13.751765023736379 5.044209418831457 2.0363954912897158 4.338981364465479 7.425432561345362 False
1817 9765.160125993838 2261.6530517409287 214.9447987129932 52.94852859818944 9757 9773 2256 2267 164.0 3.6779807114119647 2.5368758199741945 -9.537070473423082 0.7240505536092526 -0.21821567095552658 0.654912831080827 0.0 20.29901509689224 2.800267 17.519074006236337 4.13985508035935 1.4 0.47349277639519965 7.225151993843567 20.357093392966917 6.647164041529683 1.6376683676996886 3.0528593408042006 4.781620958727644 False
1818 2884.621241749937 2268.6244712096823 215.0064574261871 52.992217742503435 2874 2896 2257 2280 424.0 4.880716429194472 4.207964181561186 71.5925607144085 0.5066341074949623 -0.19960615457732322 2.233415882074905 0.0 284.03802187967915 4.51922 336.2582361755325 8.06219795226313 1.846899533403623 0.41468662344062446 11.617374563210365 355.5428453270215 12.828775240482612 3.4990431102002693 6.353574692993794 10.539609381493651 False
1819 3849.142286774691 2272.303647343815 214.99775749376354 52.98612046148099 3833 3864 2257 2286 568.0 5.883085457843892 5.020395954077647 -51.75098683002511 0.5213203687673122 -0.3137652536483648 0.5614501815151481 0.0 22.960380916393493 5.15254 21.197161344909496 7.289142024896945 1.4 0.6047307399422726 13.446189622059965 23.781532332560456 11.675964933163298 1.78566861437032 3.473840484353691 5.299963287997197 False
1820 8719.77154813501 2268.5867965377543 214.95409688951105 52.955200270249065 8713 8726 2261 2276 185.0 3.306706925683357 2.371081887561191 84.53747751704765 0.6970193425603474 -0.24388754189994374 1.3351829493377594 0.0 52.32050171388485 2.955495 57.57535659582133 4.117013571824909 1.5288581845061318 0.5176665636185873 7.673807981960539 60.509182183821 6.61406827090188 1.838096918669229 3.4991075436041617 6.12817109417751 False
1821 7727.681751996908 2263.1590172059086 214.9630501409276 52.961466244943786 7727 7729 2262 2265 9.0 0.812972453716406 0.6440028597333821 -48.774539962213616 0.6103157061405524 0.030250109585951715 0.5859983466776761 0.0 1.8803255676365542 0.6523217 14.463661139601307 2.5575514820622662 3.5878912621339705 0.4780195922991709 1.692568750643269 11.854429541116872 4.127396630463271 1.828208144448646 3.413458581849062 4.855665719959788 False
1822 1275.7295306554195 2275.57716517916 215.02083707486116 53.002457805932245 1270 1281 2263 2284 186.0 4.742561890266496 2.166951229303165 74.9255409854244 0.8895099753177661 -0.1889311748352371 0.8754005791525651 0.0 42.24116530701873 2.9335833 82.88130908370061 7.382668329465216 2.4150569868950638 0.4686465345725533 7.694520051971082 97.30588253407112 11.805432378776446 3.5631837718738755 7.806831135752052 15.348084287441116 False
1823 6455.974644118895 2265.646393147764 214.97443112451526 52.969548304995705 6455 6458 2264 2267 15.0 1.3016159291397527 0.7209488375132135 24.57998011137058 0.8325914961241334 -0.1456299773863022 0.3406587412334145 0.0 1.028395157874824 0.90112144 9.35541744777975 3.941087943882388 3.9916396985342364 0.5697303593160092 2.1850968611841584 11.230069399605195 6.312460442355492 4.019966568641485 7.082597116349987 8.396816726831222 False
1824 1753.3397506799824 2270.2298941380764 215.01660226585284 52.999400405480245 1750 1757 2267 2273 45.0 1.5714996422786607 1.4050433501212953 -30.564291485345418 0.44791117886138054 -0.022089173417435656 0.9052685480978264 0.0 13.690070545784469 1.4677802 22.401898009386933 3.40966815549546 2.3897084568310047 0.43902528781413386 3.7846987830302403 22.941454859563883 5.419605497865699 1.4663884067528081 2.8199663969507243 5.842388046949079 False
1825 404.68189939394955 2272.5143058607887 215.02869693318752 53.00796408498197 401 408 2270 2275 35.0 1.687368610673278 1.2273578028558507 44.77391051920364 0.6862351351984809 -0.08222834651706448 0.6030233451206402 0.0 7.9882390459919925 1.3749955 11.866541654583212 2.061993903591564 1.4 0.3968490030264745 3.3377905890622728 6.791421974744905 3.2914625434168703 1.4105393393601433 2.4719028196193746 3.8847870171715 False
1826 3585.362036119216 2277.6440135340067 215.0000696695541 52.98782233414617 3583 3588 2275 2279 22.0 1.1912672360197845 1.0475001977884524 -10.294671934285198 0.4762389982215127 0.004767100850330979 0.5265524238040045 0.0 4.809020222153546 0.9886507 8.19259574865059 2.30590603161273 2.16415163185325 0.3886767809137569 2.6462837142006137 8.871122010858677 3.7183894564046662 1.1454825391564933 2.173528142960586 3.447751056786324 False
1827 9237.81479698948 2277.3524187236862 214.94936028747105 52.9519601082645 9236 9239 2276 2278 9.0 0.9059951669459702 0.5606048076442428 -23.46254011313545 0.7855703099030849 -0.004446473653610226 0.4202422431121362 0.0 1.6133444265896757 0.67788076 15.161445815708584 2.7845751064427446 3.967816330812791 0.4592004121849395 1.692568750643269 21.94223307016664 4.430709869446956 2.2841527190011472 3.775811113975124 5.105321528448276 False
1828 9149.08607362797 2278.9656961779856 214.9501386989528 52.952531907821985 9147 9151 2277 2280 17.0 1.2181024511808622 0.9875766721924202 9.434129664782528 0.585392424966209 -0.08228138418422483 0.2015016402440366 0.0 0.9875788543787829 0.87806875 1.768020503461176 1.4683514542590905 1.4 0.45679444547011633 2.326213245840639 0.42243176218850187 2.3533202682504823 1.3461365729206933 2.008552408144222 2.658706696041808 False
1829 528.2244662267246 2279.7935847959516 215.02750990617568 53.00722016486718 527 530 2278 2281 13.0 1.0270333556152356 0.665244437071122 -13.62179918531755 0.7618665553816873 -0.2251456799902553 0.21385552664889107 0.0 0.6498708285936021 0.7682756 0.8665876803142875 1.976606067540527 2.483492132885799 0.22166843393046193 2.0342144725641096 0.22244829386364406 3.157851946012438 0.5767949250858404 1.01192295901878 1.374166196201751 False
1830 3129.2702172751037 2280.8711291572313 215.00413127467314 52.99073239638013 3128 3131 2279 2283 14.0 0.9758767339959525 0.8461113480544791 50.98546018820904 0.4982613877063196 0.02091999504299813 0.5384606169436023 0.0 3.2615156319239884 0.8045056 10.099896906832274 2.5300060807957565 2.921759550801379 0.37055979642567943 2.111004122822376 16.278816342348414 4.035719430977327 1.3727400664642153 3.125513159357074 5.464888494124575 False
1831 6493.968028034052 2302.200505750155 214.9737051809557 52.969504767252694 6465 6522 2279 2322 1918.0 6.753752897268544 5.867083148758802 -3.1153467942435236 0.4953131308137667 -0.3825173379165271 6.740093086180426 0.0 516.835627858502 9.785776 518.7165966104762 8.71812512319463 1.4 0.8133862756265567 24.708669767927827 523.144571111343 14.00740796669702 2.466487670366018 4.541160496309302 8.051821694253947 False
1832 8882.962290080446 2281.413890837617 214.95249868975353 52.9542339622316 8879 8887 2279 2285 49.0 1.5987447009084663 1.456560655254731 -60.373457968190735 0.4122623042853731 -0.19615682836098702 0.3578371071088411 0.0 3.5313077178737924 1.5760926 3.511296520938569 2.1351046357089905 1.4 0.4906175476732096 3.949327084834294 1.16436317570128 3.426017230819533 1.0829929373213676 1.6679806398726549 2.1368439389409257 False
1833 2518.724661822087 2290.4440423719075 215.0095138342055 52.99465611964353 2513 2524 2281 2297 137.0 4.233697215245314 2.233974379162573 65.47243827388039 0.8494524787462892 -0.17626370504672012 0.40489959684704413 0.0 8.461601975713343 2.5776682 16.116978216446512 7.303035045522603 2.395935481759716 0.5245927591709393 6.6036697681803656 17.73499010092966 11.742681957789122 3.066902115009606 6.364693995084319 13.660876109316382 False
1834 3115.5261004597396 2283.550473347249 215.00422647278967 52.99083404568704 3114 3117 2281 2286 18.0 1.5398869571531975 0.6632079226978748 61.04666882294354 0.9025017867321896 -0.07597721087320114 0.125324215116396 0.0 0.6537599321205011 0.9077977 6.355029784338373 6.027489874105614 6.22530635882078 0.5246951537655984 2.393653682408596 14.525215617568339 9.702035331459225 13.223866213412766 14.081234086239178 20.621834944239858 False
1835 8324.670302015815 2284.8923840928546 214.9574676955878 52.9577955378707 8321 8329 2281 2289 66.0 2.2669858678140744 1.849063625643674 -54.980150628137096 0.5785477700762955 -0.22334891825280642 0.4848268786392035 0.0 7.55205502086544 1.8928193 21.628544234118387 7.405007757040861 3.4657694429535906 0.45651527229817346 4.583497844237541 23.637609157016396 11.83726444026932 2.920848561718774 7.426006313325427 10.291517324827165 False
