outputs/dr0.5_c0.1/nircam3_detect_f277w_f356w__dr0.5_c0.1.ecsv
# %ECSV 1.0
# ---
# datatype:
# - {name: label, datatype: int64}
# - {name: xcentroid, datatype: float64}
# - {name: ycentroid, datatype: float64}
# - {name: sky_centroid.ra, unit: deg, datatype: float64}
# - {name: sky_centroid.dec, unit: deg, datatype: float64}
# - {name: bbox_xmin, datatype: int64}
# - {name: bbox_xmax, datatype: int64}
# - {name: bbox_ymin, datatype: int64}
# - {name: bbox_ymax, datatype: int64}
# - {name: area, unit: pix2, datatype: float64}
# - {name: semimajor_sigma, unit: pix, datatype: float64}
# - {name: semiminor_sigma, unit: pix, datatype: float64}
# - {name: orientation, unit: deg, datatype: float64}
# - {name: eccentricity, datatype: float64}
# - {name: min_value, datatype: float64}
# - {name: max_value, datatype: float64}
# - {name: local_background, datatype: float64}
# - {name: segment_flux, datatype: float64}
# - {name: segment_fluxerr, datatype: float32}
# - {name: kron_flux, datatype: float64}
# - {name: kron_fluxerr, datatype: float64}
# - {name: near_border, datatype: bool}
# - {name: detmap, datatype: int32}
# meta:
#   __serialized_columns__:
#     area:
#       __class__: astropy.units.quantity.Quantity
#       unit: !astropy.units.Unit {unit: pix2}
#       value: !astropy.table.SerializedColumn {name: area}
#     eccentricity:
#       __class__: astropy.units.quantity.Quantity
#       unit: !astropy.units.Unit {unit: ''}
#       value: !astropy.table.SerializedColumn {name: eccentricity}
#     orientation:
#       __class__: astropy.units.quantity.Quantity
#       unit: &id001 !astropy.units.Unit {unit: deg}
#       value: !astropy.table.SerializedColumn {name: orientation}
#     semimajor_sigma:
#       __class__: astropy.units.quantity.Quantity
#       unit: !astropy.units.Unit {unit: pix}
#       value: !astropy.table.SerializedColumn {name: semimajor_sigma}
#     semiminor_sigma:
#       __class__: astropy.units.quantity.Quantity
#       unit: !astropy.units.Unit {unit: pix}
#       value: !astropy.table.SerializedColumn {name: semiminor_sigma}
#     sky_centroid:
#       __class__: astropy.coordinates.sky_coordinate.SkyCoord
#       dec: !astropy.table.SerializedColumn
#         __class__: astropy.coordinates.angles.Latitude
#         unit: *id001
#         value: !astropy.table.SerializedColumn {name: sky_centroid.dec}
#       frame: icrs
#       ra: !astropy.table.SerializedColumn
#         __class__: astropy.coordinates.angles.Longitude
#         unit: *id001
#         value: !astropy.table.SerializedColumn {name: sky_centroid.ra}
#         wrap_angle: !astropy.coordinates.Angle
#           unit: *id001
#           value: 360.0
#       representation_type: spherical
#   astropy version: '5.1'
#   make_catalog parameters:
#     ab_zpt: 31.4
#     coadd_bands: !!python/tuple [f277w, f356w]
#     deblend_contrast: 0.001
#     deblend_nlevels: 32
#     deblend_npixels: 1
#     detect_kernel_fwhm: 4.0
#     detect_kernel_npix: 7
#     detect_npixels: 4
#     detect_threshold_nsigma: 3.0
#     flag_isolated_buffer: 4
#     hst_bands: !!python/tuple [f606w, f814w, f125w, f140w, f160w]
#     jwst_bands: !!python/tuple [f115w, f150w, f200w, f277w, f356w, f410m, f444w]
#     near_border_kernelsize: 21
#     reference_band: f200w
#   make_catalog version: 1.4.0
#   photutils version: 1.5.0
# schema: astropy-2.0
label xcentroid ycentroid sky_centroid.ra sky_centroid.dec bbox_xmin bbox_xmax bbox_ymin bbox_ymax area semimajor_sigma semiminor_sigma orientation eccentricity min_value max_value local_background segment_flux segment_fluxerr kron_flux kron_fluxerr near_border detmap
[from data line 383]
384 900.805989378143 685.5926755320424 214.85999166380483 52.869228754826395 900 902 685 686 5.0 0.7703076811031294 0.44753513893396 18.87143387442199 0.8139161818075794 0.22743690657071847 0.2455899460309521 0.0 1.1807694228902479 0.17120378 15.062744809831436 0.7516432088435746 False 528
385 2161.6762912394834 694.9015154620564 214.84863091394553 52.86126818072788 2155 2168 687 702 162.0 3.417123294865907 2.608570208266402 66.33835964069178 0.6459473774855808 0.2276667530924133 1.556772439942196 0.0 95.70563307232905 0.9905373 151.83195808473613 2.237039440621696 False 528
386 6253.8359142448635 688.990919737577 214.81216833072946 52.835229976997105 6252 6255 687 691 12.0 1.0548957207981566 0.8783934851138053 89.2274888413367 0.5537503170286421 0.21470405781521643 0.27256932947098816 0.0 2.9186267854076755 0.25169966 12.894604199023577 0.9618850568320622 False 264
387 566.4477526664936 704.8737224688565 214.86277610620064 52.87145686280267 552 581 690 719 548.0 3.3755879471474146 3.3194099199189186 17.88917953561153 0.18168080106366094 0.20603698848102128 36.18264398864903 0.0 1692.5626655260207 2.2391083 1663.0587289141954 2.103748071862743 False 528
388 2147.4030932244505 690.8013768299097 214.84880153626517 52.86133676161336 2147 2148 690 692 5.0 0.772882332466174 0.44698025786871537 -71.31141601997417 0.8158036409612102 0.2184869769468985 0.22492412538676404 0.0 1.1115069095628245 0.15543284 16.41049450088504 0.7741947800052191 False 528
389 3582.5497057860466 693.3749294433403 214.8359599441976 52.852231336583856 3580 3585 690 696 32.0 1.6329227276709635 1.4432375015301493 67.80850129449955 0.46779502207943535 0.22416573344550952 0.3382134289519698 0.0 8.85722617983598 0.43183944 30.262687338699983 1.559856795345145 False 576
390 8571.717040048283 702.6712063997355 214.7913554265427 52.82056819383412 8562 8581 690 713 356.0 4.809133786840902 3.8192845078147792 -73.1531729422121 0.6076916542826025 0.22504122747967276 2.0693676099858003 0.0 240.96252242933977 1.5500755 420.6397150694486 3.6504794156965623 False 258
391 9382.595279649178 691.2263555697557 214.78424840057454 52.81535069223866 9382 9383 690 692 5.0 0.7651324507478219 0.45091044853939477 -71.71783800263522 0.8078972358823048 0.23829187912161556 0.26505447745972815 0.0 1.2787075779348835 0.18390994 17.243862279913277 0.8490216810571009 False 258
392 2563.8976117779416 694.616823931144 214.84504192464863 52.85871095997905 2563 2565 693 696 11.0 1.0734419397664932 0.7596568298962163 75.20993191458736 0.7065298893540566 0.21160595516705258 0.24746445933175276 0.0 2.540682235610076 0.23736827 18.75129711878514 0.994615159825541 False 576
393 2146.4450079807475 701.6846571144063 214.84869555778727 52.86140153186157 2141 2153 694 708 133.0 3.1043362623893973 2.612077757439884 59.97182570378485 0.5403680887688421 0.21250874136596648 0.9330828664687895 0.0 61.10910015692768 0.85895234 121.20825837153387 2.3862791217997392 False 528
394 1557.29162266819 698.9492331051307 214.8539864888933 52.86513002114535 1553 1562 695 703 66.0 2.3191321741066924 1.8598214231079222 23.971703582522032 0.5973949937512544 0.20966390859734693 0.6122042504076767 0.0 24.053971624536214 0.6138772 47.146336414474455 1.5945517895553103 False 528
395 922.066382882205 700.6324956892697 214.8596434337911 52.86917479813858 918 926 696 706 80.0 2.3925657611442364 2.0583993865463226 81.93310230889986 0.5097351551923537 0.21721534271090673 0.8812646483440136 0.0 36.90826979334323 0.68387586 62.627911555493284 1.6791170518059344 False 528
396 8494.621491539467 700.8863417145907 214.79206145477352 52.82104875721664 8492 8497 699 703 24.0 1.4556093961072851 1.1940942918725421 21.644855847115654 0.5718764247915585 0.22586903852106271 0.35581136320983875 0.0 6.888836449414324 0.38917843 19.198153717649333 1.2128410168936874 False 258
397 8831.7645502108 703.5148070597708 214.7890285358313 52.818919310058064 8828 8835 699 707 50.0 2.108706551192892 1.7836500815134975 87.39258789357116 0.5334203407273216 0.2171433580450479 0.38234128053252475 0.0 14.466247738999678 0.5329616 90.83749183011204 2.2652257648696743 False 258
398 9596.469987877275 701.8128768205795 214.78223102184847 52.81404774907734 9594 9599 700 704 23.0 1.5088477640202642 1.119797920514885 -1.6975643290503208 0.6702290143205143 0.24188340744803796 0.3929903140905402 0.0 7.2854230936212865 0.40321085 24.50041331923523 1.3710486848563204 False 258
399 9984.458428146223 705.4733426658318 214.77873515666056 52.81160028323035 9982 9987 700 709 32.0 2.5726518013265194 1.0113826112240356 -60.3531376753807 0.9194835631855672 0.22896376115209538 0.31599638422775 0.0 8.81531405387594 0.45810133 34.074389090272454 1.699830886635018 False 258
400 3295.98072203672 702.7980023923374 214.83841914208367 52.8541031829447 3295 3297 701 704 10.0 0.9568036364078378 0.7696319396966607 -88.36919765874082 0.594117657182272 0.24038404141148131 0.2973089293752189 0.0 2.702293851568476 0.2519054 14.430626809186364 0.9857429488135157 False 576
401 7189.2243724475875 709.0940902465339 214.8036140914537 52.82939217539184 7187 7192 706 712 30.0 1.7771060793916178 1.2343944050519986 69.11756617754715 0.7193871864928859 0.22433836541734883 0.37653954903091796 0.0 9.011988549441664 0.43281096 27.012150396097013 1.4557969144475742 False 264
402 4037.7604536712693 726.5057406566125 214.83154782388905 52.84951711034659 4016 4059 708 746 1200.0 5.9067447630702965 4.912297568866577 23.725403076879523 0.5553120128389376 0.20334448991171228 29.024410478451376 0.0 2307.8272177582767 2.9007638 2291.296367378566 2.8467336396200795 False 576
403 7280.286988451699 710.9159246952056 214.80278285897063 52.828823087862595 7276 7284 708 714 51.0 2.0554592060416437 1.7346738413536902 -15.730302178506303 0.5364455399671307 0.2201992758618982 0.4830037982575354 0.0 17.493229879070604 0.569378 37.32986080594979 1.518794613438996 False 264
404 8321.396010186008 716.6761798661593 214.79343955761627 52.82223518319057 8317 8326 712 721 72.0 2.4943671067469726 2.0088632351066393 30.96836063648626 0.5927861646418224 0.23558436761018545 0.5088848883632962 0.0 25.334256715861578 0.66737926 57.57510955865969 2.0011458223635676 False 258
405 8335.198384051018 714.7755396889795 214.79333650970412 52.8221371895786 8331 8340 712 718 58.0 2.4926318501429003 1.6461681202866274 -11.713687373524435 0.7509019904231619 0.2355306741294499 0.4639596210481897 0.0 19.325617211648968 0.5958584 54.60015423478659 1.986120218449017 False 258
406 544.0656212848114 718.3358092816073 214.8628344084696 52.87167165485127 541 547 715 722 47.0 1.8033706130396203 1.7249802835280312 73.08974824299432 0.29162996209615766 0.2156046702760125 0.6097059817092187 0.0 17.728589232449945 0.49584904 50.94472091787947 1.5757072841981645 False 528
407 3970.5557787890893 719.8974904993815 214.8322172375199 52.84990857763916 3966 3975 715 724 84.0 2.395023101253077 2.150304821858172 32.29427924563435 0.4403582213766963 0.21760754940506824 0.9160160544954483 0.0 40.841899803678906 0.69374907 59.624346053034294 1.4425601997080748 False 576
408 3781.851926103011 721.8706421653826 214.83388092043015 52.851118420457205 3779 3785 719 725 39.0 1.7432416550330432 1.581272676874229 45.14118767933257 0.42094216558915526 0.2129254654833893 0.38615992594633003 0.0 11.096983982413379 0.44529223 24.805606283295006 1.2516762750539054 False 576
409 1405.9984083202946 721.0168383211815 214.8551056953577 52.8662102399127 1405 1407 720 722 9.0 0.8102730962212502 0.8010412747847562 -40.167439520083775 0.15052284525968232 0.2262997734637485 0.2755978330693737 0.0 2.238505805464445 0.21554986 11.952349062977927 0.8393035202678262 False 528
410 6789.02298686572 722.4636382943615 214.80704252538877 52.83200831051976 6786 6792 720 725 38.0 1.7114991392696741 1.5172336998674745 -2.088604115553906 0.46274010709526997 0.22411572517260345 0.5016247293465251 0.0 13.106882505333846 0.46892473 28.3789189151852 1.2859560909739043 False 264
411 8443.129699703397 721.246513144502 214.7923062596551 52.821485823990734 8442 8444 720 723 8.0 1.111825445496567 0.5258401983366641 54.70885224967009 0.8810881311728664 0.23343135527390974 0.2583811508620975 0.0 1.9714523110842364 0.22030345 17.741954424463174 0.9586798281443938 False 258
412 915.8337388513462 727.8593311503345 214.85941256762544 52.86936122731765 908 923 721 734 162.0 3.714384423595297 2.431766255647517 34.12245546636156 0.7558984343768689 0.21630866051579606 1.4399731212339715 0.0 100.91853772866287 0.9962731 134.7189389987534 1.8783805304386996 False 528
413 375.2318411354702 725.3059758952659 214.86426963548948 52.87278179284095 372 378 722 728 38.0 1.5364209479883195 1.500324079502654 -56.063429129774924 0.21549078750246478 0.23362349224524262 0.941349637752833 0.0 18.753187136459193 0.48284855 45.706468621015986 1.3577583544028167 False 528
414 1956.878322002434 725.5139952102692 214.85013783034034 52.86273447785727 1955 1959 724 727 15.0 1.1352830515226024 1.0086328667124755 14.070766836793053 0.4589893767603049 0.21269663335592134 0.24715553025357428 0.0 3.404480645669082 0.2720431 31.524642854923812 1.204296909814036 False 528
415 2340.122600534278 731.8442435079431 214.84664848822382 52.86033354833837 2335 2345 727 737 93.0 2.933069537110722 2.090126653089624 50.71526863238542 0.7015631758167525 0.2096593232708081 0.5928396236923436 0.0 33.37095684659546 0.66976297 67.63304919415614 1.8432333507234417 False 512
416 9800.288361571886 737.2433407643497 214.7800419995832 52.81294252745203 9796 9805 731 745 107.0 3.4668085262704498 2.0712425726343553 77.60725463610683 0.801906633813944 0.23454425329813658 0.610123614829713 0.0 41.42200421162928 0.8297525 90.51198277765832 2.4089141957187183 False 258
417 6733.161857017817 733.4115822445772 214.80742554874223 52.8324224054697 6731 6735 732 735 17.0 1.2619363347184767 0.9916705103548211 -17.393373229244503 0.618439467208982 0.2203181370518062 0.29982862824189427 0.0 4.4804771185731855 0.30758378 19.362700113424403 1.1224814284893347 False 264
418 412.09234460640357 736.600925008227 214.8638213913708 52.872608549277565 410 415 733 740 37.0 1.980498842383534 1.3417770387348804 88.02094257360854 0.7355278552801834 0.2106613605855733 0.38695569114368744 0.0 10.922600388114331 0.4451201 30.31219010876289 1.435852378242898 False 528
419 1709.7900365412127 749.1786805992623 214.8520957059892 52.864431985005425 1696 1724 733 766 732.0 7.345264319558142 5.8223665620619585 -61.40489892296337 0.6096516688491276 0.20477831957163797 1.6314610959821063 0.0 427.66737747999707 2.086964 545.9418601265069 3.857845521508484 False 528
420 2541.411489798841 735.6506490216204 214.84481088999868 52.85907507946159 2540 2543 734 738 17.0 1.286890925895971 1.0095202824587575 -81.25817748165449 0.6201736891305214 0.2013122700446138 0.26927335901196475 0.0 4.03341322655056 0.2913793 24.495327818877954 1.2499227581289076 False 576
421 3470.130260925051 737.3094183035134 214.83650120831683 52.85318257803834 3467 3474 734 741 51.0 1.9738185069793304 1.8258646854385785 -79.42432829949779 0.37986525400386484 0.22542881049818017 0.4545249368732394 0.0 16.548622343976415 0.5375724 41.99929997549477 1.7337209537957003 False 576
422 8343.159085996653 735.4999839032581 214.79304749303148 52.82219822052391 8342 8345 734 737 13.0 1.0657944984162353 0.9142927075577378 76.00192460630593 0.5138987579037889 0.2342980418006075 0.3228537798245716 0.0 3.634931627696584 0.28981832 19.76439866720159 1.104494639472482 False 258
423 9368.420927965963 740.9266774218696 214.78385183252917 52.81570852235679 9362 9375 734 747 86.0 4.338502547344543 1.643526833475465 -44.50342896231846 0.9254689276180181 0.23625127730677759 0.35573752159799404 0.0 25.328689214001663 0.7938672 165.39382223270235 3.2446721998070838 False 258
424 1776.47047983453 745.0620648928422 214.8515434427522 52.86398612922191 1769 1784 735 754 213.0 4.881587950975948 2.5111240350889483 -62.255173637541034 0.8575460471381398 0.2063538210607468 1.3606323091722632 0.0 120.94788642474441 1.0826155 152.47671289814352 2.0136605004205217 False 528
425 3228.6777601824206 736.0971982354686 214.83866959851525 52.85471038276715 3227 3230 735 737 9.0 0.960859180254055 0.6958096670690878 20.239060429994876 0.6896386840051509 0.21960142036521477 0.2473039096680319 0.0 2.086024363616923 0.21967694 16.72050278333417 0.9947306614029812 False 576
426 6668.74171746947 740.2737181974637 214.80792790931753 52.83286889158715 6661 6674 735 746 131.0 3.032581951369589 2.7202843962095486 41.35699170514722 0.4419914705341537 0.21084894779666485 0.9762448879729154 0.0 58.25227706442675 0.86451983 111.59104699935959 2.2941488558804304 False 264
427 2359.7556327785455 737.0091599846745 214.84641880227574 52.86023664928126 2359 2360 736 738 4.0 0.7008487232065079 0.42969237513697633 89.58162123153562 0.7900030700394125 0.21510621533730673 0.2359236429806951 0.0 0.892378234176201 0.14440306 8.588441615153275 0.6507132401324289 False 512
428 3934.9946608945575 748.7267133251017 214.83223128546257 52.85028997492306 3919 3947 739 759 445.0 4.913181744481845 3.397490977957949 -7.990763096973007 0.722371432939357 0.20417533616213043 7.5918616181743115 0.0 604.8982074541657 1.6824228 647.2330615322523 2.1922713579259594 False 576
429 2044.4568341161219 745.6145769243985 214.84914409963687 52.86228641283615 2042 2047 743 749 25.0 1.9126169866775813 1.0635904033168215 -55.92317315184877 0.8311209524615076 0.21644513660531114 0.32698662319751787 0.0 6.786574394771808 0.4141013 40.89934050818287 1.5522757167618073 False 528
430 2175.9712359372693 751.891499819245 214.84790348459433 52.8614846414683 2168 2184 743 761 243.0 3.6313087495672702 3.2494735321991564 76.40567418482173 0.4463686889793221 0.22215204391888851 2.527988143114265 0.0 185.7596640259723 1.2850815 248.6694370147922 2.433667147859347 False 528
431 6107.697508204704 750.8311942435417 214.81282124183826 52.8364921521586 6103 6112 747 755 78.0 2.492863048296783 1.9713769459420245 31.007351872186224 0.6120638310700289 0.21986997976009906 0.7977896501863018 0.0 34.435747086523754 0.65872765 58.94117619377893 1.6319371524952444 False 264
432 2306.431205919568 761.918875780168 214.84663286201842 52.86070977874526 2297 2316 749 774 370.0 4.905959740558635 3.3093319906586056 65.52083188360687 0.7382260253567864 0.21686574283723858 4.30282730946344 0.0 413.18698373745764 1.7359921 472.3764817054865 2.5323010501081966 False 512
433 2924.8972083697117 759.1335490027259 214.84113947037565 52.856764935301555 2914 2935 749 770 359.0 4.945956230070359 4.187084084074481 45.1245103343611 0.5322819324619044 0.20391830995371268 1.2788640473027393 0.0 180.93616030169082 1.4051175 248.58072963206575 2.740751658856128 False 576
434 6210.445535691528 752.5390515866434 214.8118867146682 52.835848235865875 6207 6214 749 756 54.0 2.009170556461575 1.8396665234252694 44.066939109892395 0.4020110371922863 0.20856167852621316 0.4635211112458368 0.0 17.048077005500573 0.53153455 38.46876264483549 1.5517922788289098 False 264
435 2052.8437833908956 755.3626367121761 214.84896660452137 52.86228568607595 2047 2060 750 761 122.0 3.4345185674750236 2.502933449573712 6.045888779737382 0.6847711564138285 0.2125191552236165 0.5589020535548704 0.0 45.41026260274246 0.85223895 96.78101289169915 2.433129812998142 False 528
436 579.8340537834096 755.3902539511571 214.86212482714822 52.87164426979082 577 583 752 759 47.0 1.9614877445488963 1.6801211063815553 81.33302038959691 0.5160566154697475 0.2046132316333726 0.42385301482674004 0.0 14.174156447261758 0.4834937 40.72840352966296 1.6024005354729223 False 528
