outputs/dr0.5_c0.1/nircam6_f150w_dr0.5_c0.1.ecsv
# %ECSV 1.0
# ---
# datatype:
# - {name: label, datatype: int64}
# - {name: xcentroid, datatype: float64}
# - {name: ycentroid, datatype: float64}
# - {name: sky_centroid.ra, unit: deg, datatype: float64}
# - {name: sky_centroid.dec, unit: deg, datatype: float64}
# - {name: bbox_xmin, datatype: int64}
# - {name: bbox_xmax, datatype: int64}
# - {name: bbox_ymin, datatype: int64}
# - {name: bbox_ymax, datatype: int64}
# - {name: area, unit: pix2, datatype: float64}
# - {name: semimajor_sigma, unit: pix, datatype: float64}
# - {name: semiminor_sigma, unit: pix, datatype: float64}
# - {name: orientation, unit: deg, datatype: float64}
# - {name: eccentricity, datatype: float64}
# - {name: min_value, datatype: float64}
# - {name: max_value, datatype: float64}
# - {name: local_background, datatype: float64}
# - {name: segment_flux, datatype: float64}
# - {name: segment_fluxerr, datatype: float32}
# - {name: kron_flux, datatype: float64}
# - {name: kron_fluxerr, datatype: float64}
# - {name: kron_radius, unit: pix, datatype: float64}
# - {name: gini, datatype: float64}
# - {name: equivalent_radius, unit: pix, datatype: float64}
# - {name: kron4_2_flux, datatype: float64}
# - {name: kron4_2_fluxerr, datatype: float64}
# - {name: radius_kron20, unit: pix, datatype: float64}
# - {name: radius_kron50, unit: pix, datatype: float64}
# - {name: radius_kron80, unit: pix, datatype: float64}
# - {name: near_border, datatype: bool}
# meta:
#   PHOTMJSR: 2.251199960708618
#   PIXAR_SR: 2.11539874851881e-14
#   __serialized_columns__:
#     area:
#       __class__: astropy.units.quantity.Quantity
#       unit: !astropy.units.Unit {unit: pix2}
#       value: !astropy.table.SerializedColumn {name: area}
#     eccentricity:
#       __class__: astropy.units.quantity.Quantity
#       unit: !astropy.units.Unit {unit: ''}
#       value: !astropy.table.SerializedColumn {name: eccentricity}
#     equivalent_radius:
#       __class__: astropy.units.quantity.Quantity
#       unit: !astropy.units.Unit {unit: pix}
#       value: !astropy.table.SerializedColumn {name: equivalent_radius}
#     kron_radius:
#       __class__: astropy.units.quantity.Quantity
#       unit: &id001 !astropy.units.Unit {unit: pix}
#       value: !astropy.table.SerializedColumn {name: kron_radius}
#     orientation:
#       __class__: astropy.units.quantity.Quantity
#       unit: &id002 !astropy.units.Unit {unit: deg}
#       value: !astropy.table.SerializedColumn {name: orientation}
#     radius_kron20:
#       __class__: astropy.units.quantity.Quantity
#       unit: *id001
#       value: !astropy.table.SerializedColumn {name: radius_kron20}
#     radius_kron50:
#       __class__: astropy.units.quantity.Quantity
#       unit: *id001
#       value: !astropy.table.SerializedColumn {name: radius_kron50}
#     radius_kron80:
#       __class__: astropy.units.quantity.Quantity
#       unit: *id001
#       value: !astropy.table.SerializedColumn {name: radius_kron80}
#     semimajor_sigma:
#       __class__: astropy.units.quantity.Quantity
#       unit: !astropy.units.Unit {unit: pix}
#       value: !astropy.table.SerializedColumn {name: semimajor_sigma}
#     semiminor_sigma:
#       __class__: astropy.units.quantity.Quantity
#       unit: !astropy.units.Unit {unit: pix}
#       value: !astropy.table.SerializedColumn {name: semiminor_sigma}
#     sky_centroid:
#       __class__: astropy.coordinates.sky_coordinate.SkyCoord
#       dec: !astropy.table.SerializedColumn
#         __class__: astropy.coordinates.angles.Latitude
#         unit: *id002
#         value: !astropy.table.SerializedColumn {name: sky_centroid.dec}
#       frame: icrs
#       ra: !astropy.table.SerializedColumn
#         __class__: astropy.coordinates.angles.Longitude
#         unit: *id002
#         value: !astropy.table.SerializedColumn {name: sky_centroid.ra}
#         wrap_angle: !astropy.coordinates.Angle
#           unit: *id002
#           value: 360.0
#       representation_type: spherical
#   astropy version: '5.1'
#   make_catalog parameters:
#     ab_zpt: 31.4
#     coadd_bands: !!python/tuple [f277w, f356w]
#     deblend_contrast: 0.001
#     deblend_nlevels: 32
#     deblend_npixels: 1
#     detect_kernel_fwhm: 4.0
#     detect_kernel_npix: 7
#     detect_npixels: 4
#     detect_threshold_nsigma: 3.0
#     flag_isolated_buffer: 4
#     hst_bands: !!python/tuple [f606w, f814w, f125w, f140w, f160w]
#     jwst_bands: !!python/tuple [f115w, f150w, f200w, f277w, f356w, f410m, f444w]
#     near_border_kernelsize: 21
#     reference_band: f200w
#   make_catalog version: 1.4.0
#   photutils version: 1.5.0
# schema: astropy-2.0
label xcentroid ycentroid sky_centroid.ra sky_centroid.dec bbox_xmin bbox_xmax bbox_ymin bbox_ymax area semimajor_sigma semiminor_sigma orientation eccentricity min_value max_value local_background segment_flux segment_fluxerr kron_flux kron_fluxerr kron_radius gini equivalent_radius kron4_2_flux kron4_2_fluxerr radius_kron20 radius_kron50 radius_kron80 near_border
[from data line 3498]
3499 8562.659790562922 4194.113218039408 214.8069026378858 52.821039529929 8555 8570 4186 4202 208.0 3.8932186120778383 2.7989611932449465 -59.88297823626815 0.6950799472339548 -0.07910936192376744 1.9288567070252256 0.0 117.85348241399012 3.9190037 187.45400755105692 8.883399817176082 2.2425494304072076 0.38606359413177804 8.136857890256438 198.47015749415215 14.200161583070193 2.9700948110382863 6.324257776083362 11.928433929638434 False
3500 139.43081619655484 4192.807439307413 214.88211494296348 52.87455457275329 136 144 4187 4197 66.0 2.5014278802169265 1.5550083527469958 62.57537507862639 0.7832965015113519 -0.015579018051231635 1.5070405689289403 0.0 35.00212603899878 2.595139 56.95482103164322 5.658520850284146 2.061961235731472 0.33071951876837324 4.583497844237541 53.30389495846694 9.298744687506417 2.0141763716001218 3.8604747107399984 6.96294101957038 False
3501 1316.2072077615692 4187.900717333462 214.87164973535445 52.86705360637424 1316 1317 4187 4189 4.0 0.7620138936008142 0.40404990444764455 87.17156480542705 0.8478478749420889 0.2637424108581425 0.4468148019272205 0.0 1.297393311106914 0.64875114 24.7289976844486 2.89442391966541 3.8442769245173314 0.1537424667003598 1.1283791670955126 55.869821112050985 4.540625280703488 2.386558717652752 3.8085200907991505 4.816313433889688 False
3502 2111.29921038554 4188.531714570635 214.86453941460596 52.86200632085803 2110 2113 4187 4190 13.0 1.0460722467780497 0.874043639633221 -84.02841091870167 0.5494173589262776 0.060964401214790534 0.4499535092056206 0.0 3.7477075583103896 1.0665606 8.46232107821928 2.8957193391604275 2.4625956204479618 0.2175851470634496 2.0342144725641096 11.449537526085212 4.612423863233231 1.290044159414738 2.2636979698395674 3.6489686701683812 False
3503 4116.840230080781 4194.213269202897 214.84656864314937 52.849295204550046 4110 4122 4189 4199 102.0 2.3295815413275265 1.8182113459713412 -40.2746929389325 0.6251702755830797 0.03912653146386422 8.85720609809453 0.0 119.02406144964979 2.899225 181.30242231605547 5.9981665786799985 2.320161556990421 0.5404181969240353 5.698035485213008 237.01456597495877 9.444965188517017 1.3797631448718932 3.659342129627651 8.207770429095959 False
3504 6740.7346251741465 4200.01084279916 214.82309016677695 52.83265205023091 6735 6746 4192 4210 171.0 3.0460965819828996 1.8822751287723154 -87.15628480840445 0.7862329452097551 -0.3228382406353667 5.032589474108566 0.0 103.54437246725948 3.9068217 111.18933703284432 5.290773722501271 1.7097890451967004 0.6279612519866975 7.377736139048903 122.37057790906539 8.237743050412446 1.4514243195092473 2.786966052622756 5.042167350050363 False
3505 1260.03994040426 4194.134678453161 214.8720860225564 52.8674440099284 1258 1261 4193 4196 11.0 1.345261980240446 0.6324379194260407 42.2642990657214 0.8826011778278722 -0.051867905687957065 0.45545107120378064 0.0 1.9490157665818226 0.9592891 25.52677677922138 4.2168480876140375 3.5732947949757707 0.38420557249062715 1.8712051592547776 78.76770028626729 6.835343130526081 3.5129328652718663 6.391101321928986 7.759041917303961 False
3506 4375.922658353958 4194.647799063241 214.8442510369542 52.84765132791309 4375 4377 4194 4195 5.0 0.7288318591858708 0.4293153503360284 -20.82519828827849 0.8080996459482805 0.27273025192557987 0.8840496399566753 0.0 3.0982569183580884 0.68028057 14.475804892461138 2.3475344497578257 3.1940597026420834 0.2694131666593725 1.2615662610100802 16.58703928595265 3.5939987261517667 1.169253441322458 2.181992662001542 3.3041783591994482 False
3507 3370.422306526555 4197.171149819228 214.8532023669028 52.85405367043287 3369 3371 4196 4199 10.0 0.9508419881453832 0.6280605406127796 83.95886470692099 0.7507988368603848 0.043175604682838806 0.9250910173661022 0.0 5.426784262755415 0.90834165 11.815354970952495 2.248308378676809 2.332514849336646 0.31701314764282057 1.7841241161527712 11.323530829632885 3.6340923772257145 0.986092203872362 1.7870034468976985 2.8407917299787844 False
3508 8619.390929267165 4209.899887688438 214.8062307316705 52.82076395596067 8606 8632 4196 4222 564.0 5.094667072376832 4.243669874560221 -68.54946513701124 0.5533284827196705 -0.10676190696556714 9.537985301398718 0.0 649.8887509996409 6.7747545 717.4550507097194 9.257619901074175 1.619056763529329 0.540406378322843 13.398760233979036 766.6261087558219 14.48459725578468 2.6899899179925115 5.726650891852587 10.457941144824535 False
3509 3177.302102964688 4200.079570542455 214.854896393075 52.855296321740404 3173 3181 4197 4203 51.0 1.8326130542421604 1.408269533858735 -13.310357796062117 0.6399111248180291 0.029289485238560193 1.4619226156920009 0.0 25.735718908328444 2.142741 28.246163664705357 2.935436355297401 1.4 0.3943723935023349 4.029119531035698 28.02221805391674 4.75784400675975 1.2234252256550275 2.200366602796554 3.4237971225014845 False
3510 7418.355773131057 4203.248346632409 214.817011461557 52.8283625791027 7413 7423 4197 4209 113.0 2.417429089599115 1.8989901785456782 89.09347874919791 0.6188093431939079 -0.08482301665115613 2.4616555861469003 0.0 49.74711510121439 3.023066 54.935904695310114 4.478647233034505 1.6684111039603893 0.547150993951383 5.997417539138688 57.49254484202042 7.26386499309745 1.4029077020649723 2.751881763406783 4.682840960196293 False
3511 1435.1943673696287 4205.527242137852 214.87040107539204 52.86639286371333 1431 1440 4199 4212 106.0 3.12378428020263 1.429066856262621 80.10150397992082 0.8892202361866688 -0.22921353356793756 1.9520609499917756 0.0 39.58106264552331 3.1066666 43.160919014518214 3.9326294861284614 1.4 0.524778506344042 5.808687281605183 43.96616137305601 6.185321958125623 1.5785904653304859 2.9878309488337345 4.9536642093703485 False
3512 1316.5257255023855 4202.798946265743 214.87149012266693 52.867131944598384 1316 1318 4202 4205 6.0 0.8627869079560004 0.4640436399926879 75.31465878644562 0.8430452124234717 -0.12776371377375767 0.26992958750441054 0.0 0.7670746073654753 0.7248359 23.84921400738179 3.3726809983033776 4.071481933611109 0.31601222282920527 1.381976597885342 55.124471701168375 5.391838199921539 3.111514322160866 4.758963289429252 5.696945589488965 False
3513 10048.066487309587 4207.598686412089 214.79351899932595 52.811668821929324 10045 10051 4204 4210 38.0 1.8103924411238788 1.3041597906552946 46.73181577563325 0.6935857435939681 0.09886665335362657 1.5368109247228903 0.0 28.714461941039733 1.7435458 51.20567721237798 4.361142623562041 2.282266621753586 0.27463479322955064 3.477898169151024 52.047623822710946 7.092673724115979 1.703615417863719 3.1629553911898927 5.3455968446947795 False
3514 6447.468299496542 4205.739450454074 214.82564632258712 52.834546814953995 6447 6449 4205 4208 6.0 0.9076987024165812 0.4925530769340285 44.668805315750404 0.8399657637956404 -0.11005065575843385 0.34768142231188337 0.0 0.7000762169268869 0.7855772 12.8072572982754 3.384969198250072 3.629696851924582 0.5078507366245762 1.381976597885342 25.274109038158905 5.364850428042327 2.001144573945359 3.727844900982502 5.200172353325571 False
3515 8920.313022359289 4207.018874054855 214.8035780230586 52.81883544830029 8918 8922 4205 4209 20.0 0.9611532023354564 0.8591167202815517 49.32901756959649 0.448387005190386 0.16384985801970525 4.3142156141619425 0.0 24.23436651803239 1.3041955 27.99754678470873 2.008964209697532 1.7579457191109618 0.5166853935291834 2.5231325220201604 31.591089370137635 3.2138685375048346 0.6914083468582715 1.276870018276492 2.1951177520273117 False
3516 4193.088551794091 4211.831591667376 214.84570252831503 52.84890571815803 4185 4198 4208 4216 80.0 3.696535010738567 1.543138018645146 -26.75676099516464 0.9086974733511973 -0.09848072244684446 1.7297000449958002 0.0 37.442198350049765 2.612154 97.79305085510319 7.731259900399125 2.609646782471593 0.3531473568308157 5.046265044040321 124.03764150043878 12.329120014380313 3.56616963694442 6.498964313456639 10.547215845306848 False
3517 3542.4532535083104 4211.986909433738 214.8515102703206 52.85304056057888 3540 3545 4209 4215 35.0 1.3820359661945303 1.2100321651945936 28.268160136509778 0.4831398755531503 -0.016373140559842785 1.8519890649186095 0.0 15.727914334714361 1.6420121 17.97540331533766 2.210441767786716 1.4 0.4555218513711475 3.3377905890622728 18.24903846124661 3.5332243094314983 0.9029261495533555 1.809981197586726 2.933041644847202 False
3518 8393.67697773701 4216.879463684321 214.80816992572232 52.82223640604199 8384 8404 4210 4223 216.0 3.7404352346702123 2.3314919609883167 18.546426835147493 0.7819660399310318 -0.2284270696724043 3.390655696420113 0.0 115.67953363080252 4.0037603 129.45224585409426 5.714687646473559 1.6192635879970527 0.542837777274541 8.291859587312052 132.34343293843395 9.07972209942188 1.9571535180163635 3.9020220350275765 6.808282545634156 False
3519 10021.267197473386 4212.785245748536 214.79370329653133 52.81186715040402 10020 10022 4212 4214 7.0 0.8309052860151926 0.47861384594964795 -60.30753474641042 0.8174391758752304 0.02939586161099537 0.6023852424100734 0.0 2.6727605302544 0.7278021 15.076956328881746 2.779687565446547 3.485046335527255 0.33603243464473104 1.4927053303604616 16.44302701628461 4.395750609861104 1.4977303217172906 2.608666058803797 3.8398000075574985 False
3520 6071.447965737409 4213.824167324281 214.8289163206617 52.836980151456174 6071 6072 4213 4215 4.0 0.7801188574014207 0.3083641534053786 57.014106998699475 0.9185613570081831 0.25755987096553445 0.5483617922482911 0.0 1.6538559746864006 0.5910777 5.102116159312941 2.2172015144937607 3.404071542642844 0.19975405923103637 1.1283791670955126 4.3891586154226685 3.513091007119636 0.8958544083741968 1.6063739709786764 2.499565681324338 False
3521 7697.528481269422 4219.080660610111 214.81435492758482 52.82667340442299 7691 7704 4214 4225 119.0 2.9941423451365607 2.1968735260187358 -30.412720604783168 0.679447843602909 -0.22486360404874797 1.4089918403800097 0.0 40.91672763240949 3.1486166 64.35009528352083 7.309285707634555 2.2348753139967164 0.3836096349232307 6.154581744998688 65.71040348442384 11.616694670635683 2.28372416287294 4.834091637868875 9.04944970811418 False
3522 2840.595809085575 4219.6087935443165 214.85769804086905 52.85754080563603 2836 2845 4216 4223 64.0 2.261533144610579 1.6457603112365564 1.4963440156308754 0.6858755482079616 -0.06356073729194947 0.9330806200182038 0.0 28.56786231437934 2.2508502 49.47745640586267 5.704460873278876 2.3956347410666927 0.33517092083562705 4.51351666838205 66.65721159736867 9.186387391429788 2.1066159211909823 3.8573855523977487 6.742317772838576 False
3523 2715.192933211197 4224.124838237373 214.85877057394634 52.85836185374841 2702 2730 4217 4232 363.0 5.385543221617667 2.490750285734706 5.426499016068529 0.8866254274039147 -0.24227212619678268 8.153977892540087 0.0 348.83252181495845 5.692302 384.09817637923754 7.654942067709047 1.625297878602162 0.572069217750441 10.749255261864239 417.06487097390084 11.992157825773244 2.2385669520266176 4.560056069574845 9.245727339468607 False
3524 3518.8110359986244 4218.406214720374 214.85165384579096 52.85322538774097 3518 3520 4218 4219 5.0 0.7988384978427694 0.44540288666062733 -18.18258521580197 0.8301345464582527 0.4467565724393579 0.5812508534425028 0.0 2.629703186977129 0.65342087 14.160689402194672 2.5929601792543595 3.5351424352585723 0.05516998385670521 1.2615662610100802 15.248586804015943 4.21771244078453 1.3414722905932415 2.47765234858816 3.6882204399309386 False
3525 1873.5769673160266 4225.861002552275 214.86627036075296 52.86371779463972 1867 1881 4219 4232 148.0 1.5927514384828196 1.4061466108935203 -5.211559182160504 0.4696715807970225 -0.14261413788023417 64.60046419049975 0.0 459.71736363571176 3.984535 445.83198879894513 3.303091406958336 1.4 0.8269040537426022 6.863662517577698 471.8330807931964 4.671374503026519 0.7246907985820014 1.3142061299521566 2.3366508893110516 False
3526 8410.441854693043 4220.1770509112785 214.80798574544033 52.82214760322525 8409 8412 4219 4221 10.0 1.1209213897852197 0.6319665336997194 -15.82539456150044 0.8259167991379136 0.05438560176028752 0.7409581111698845 0.0 4.671019645634708 0.84759337 11.9620421225594 2.6156530762466934 2.600093517522793 0.22545380281127614 1.7841241161527712 18.465141634078073 4.158818017195568 1.271188865139729 2.2822618297676254 3.3718251300309987 False
3527 nan nan nan nan 2323 2330 4220 4226 43.0 nan nan nan nan 0.0 0.0 0.0 0.0 6557439.0 nan nan nan nan 3.6996385101659595 nan nan nan nan nan True
3528 4106.28589600999 4223.4538071114275 214.84635522427706 52.849519925805566 4105 4108 4222 4225 14.0 0.9124814559477127 0.851450650174768 71.28347780666594 0.3595766129822989 0.30446675709938265 1.7737103262089635 0.0 11.743392038473587 1.0585592 20.464933363357073 2.6433700960928443 2.4105283112231812 0.3224289575026505 2.111004122822376 33.33824493628859 4.282440794298061 0.9126599221002633 1.872803565185448 3.4873633080790376 False
3529 7481.465944931315 4225.399126904366 214.8162155312768 52.82808081275452 7478 7484 4222 4228 36.0 1.7676324932943028 1.2010089524934349 43.18928032746156 0.7337264982032884 0.06902428623127164 1.234221238741997 0.0 19.435244541015848 1.8071145 37.24682945888168 4.692377320001663 2.4724402972140416 0.34147169530969923 3.385137501286538 34.335080337477635 7.345718786646126 1.5853599475591362 3.3434335728087516 6.102993440070763 False
3530 9846.181260276531 4223.967746457262 214.79514619973202 52.81304056471383 9843 9849 4222 4226 31.0 1.870700571903644 0.9659521831290387 0.3562150967245308 0.8563725102795706 0.02362752744799432 1.287169235472697 0.0 16.47170643903629 1.577922 24.989463928414064 3.4984002277409356 2.0904187029214154 0.34207005282228525 3.141274657157109 33.09429724258835 5.670521537290662 1.431864120164216 2.6517936594310374 4.726334908548605 False
3531 9433.128190308327 4226.803477014042 214.79879820275477 52.81568189672548 9428 9439 4223 4230 70.0 2.731052518890288 1.5849600634343561 -5.3923037678693575 0.8143687988312931 -0.24231167494121797 0.6267743918011064 0.0 19.071717836458998 2.2729461 32.51330986298257 5.06755943156893 1.9722627850627927 0.31836079768857817 4.720348719413148 36.17517125342586 8.046873026148605 2.175503887519096 4.234415561894791 6.989186637638406 False
3532 6385.15941523857 4231.497346115886 214.82593126725163 52.83508165435259 6376 6394 4225 4238 187.0 4.505591808211782 2.069378016405841 -21.4038102185421 0.8882858360398029 -0.09329766524962901 1.736944483421809 0.0 76.91036710493148 4.093853 116.08752303692933 9.323667589873006 2.309990426424589 0.4661282884999226 7.715176518808164 146.7728384414887 14.869043050793733 2.860912416316096 6.073049378532475 11.608111337728888 False
3533 957.5643106599858 4233.409315118469 214.8743756674451 52.869577173135184 950 965 4227 4240 176.0 3.0655600097642726 2.499828338634422 21.211059204362464 0.5788195101139849 -0.33092216144002834 2.7739718344068476 0.0 84.7781661532612 3.8220627 124.52598377965558 7.7968612777988096 2.2585429882622767 0.5086117983005712 7.48482063701911 161.06113615097638 12.520642248837117 2.0462234300028346 4.67403084636991 10.445786020731827 False
3534 9947.677594466239 4235.599739402581 214.79411920434345 52.81245793107206 9936 9961 4227 4245 398.0 5.269234639560908 3.7007943947291237 -5.773147262981918 0.7118416169465781 -0.13943250069572713 2.211617056522634 0.0 207.84101847417807 5.835911 332.75170322447116 13.0606155449214 2.3337377993458626 0.4487478101394727 11.255546841497692 409.05400686034096 20.741465722882445 3.9982413695934955 8.425263320909234 17.605122509680267 False
