outputs/dr0.5_c0.1/nircam2_detect_f277w_f356w__dr0.5_c0.1.ecsv
# %ECSV 1.0
# ---
# datatype:
# - {name: label, datatype: int64}
# - {name: xcentroid, datatype: float64}
# - {name: ycentroid, datatype: float64}
# - {name: sky_centroid.ra, unit: deg, datatype: float64}
# - {name: sky_centroid.dec, unit: deg, datatype: float64}
# - {name: bbox_xmin, datatype: int64}
# - {name: bbox_xmax, datatype: int64}
# - {name: bbox_ymin, datatype: int64}
# - {name: bbox_ymax, datatype: int64}
# - {name: area, unit: pix2, datatype: float64}
# - {name: semimajor_sigma, unit: pix, datatype: float64}
# - {name: semiminor_sigma, unit: pix, datatype: float64}
# - {name: orientation, unit: deg, datatype: float64}
# - {name: eccentricity, datatype: float64}
# - {name: min_value, datatype: float64}
# - {name: max_value, datatype: float64}
# - {name: local_background, datatype: float64}
# - {name: segment_flux, datatype: float64}
# - {name: segment_fluxerr, datatype: float32}
# - {name: kron_flux, datatype: float64}
# - {name: kron_fluxerr, datatype: float64}
# - {name: near_border, datatype: bool}
# - {name: detmap, datatype: int32}
# meta:
#   __serialized_columns__:
#     area:
#       __class__: astropy.units.quantity.Quantity
#       unit: !astropy.units.Unit {unit: pix2}
#       value: !astropy.table.SerializedColumn {name: area}
#     eccentricity:
#       __class__: astropy.units.quantity.Quantity
#       unit: !astropy.units.Unit {unit: ''}
#       value: !astropy.table.SerializedColumn {name: eccentricity}
#     orientation:
#       __class__: astropy.units.quantity.Quantity
#       unit: &id001 !astropy.units.Unit {unit: deg}
#       value: !astropy.table.SerializedColumn {name: orientation}
#     semimajor_sigma:
#       __class__: astropy.units.quantity.Quantity
#       unit: !astropy.units.Unit {unit: pix}
#       value: !astropy.table.SerializedColumn {name: semimajor_sigma}
#     semiminor_sigma:
#       __class__: astropy.units.quantity.Quantity
#       unit: !astropy.units.Unit {unit: pix}
#       value: !astropy.table.SerializedColumn {name: semiminor_sigma}
#     sky_centroid:
#       __class__: astropy.coordinates.sky_coordinate.SkyCoord
#       dec: !astropy.table.SerializedColumn
#         __class__: astropy.coordinates.angles.Latitude
#         unit: *id001
#         value: !astropy.table.SerializedColumn {name: sky_centroid.dec}
#       frame: icrs
#       ra: !astropy.table.SerializedColumn
#         __class__: astropy.coordinates.angles.Longitude
#         unit: *id001
#         value: !astropy.table.SerializedColumn {name: sky_centroid.ra}
#         wrap_angle: !astropy.coordinates.Angle
#           unit: *id001
#           value: 360.0
#       representation_type: spherical
#   astropy version: '5.1'
#   make_catalog parameters:
#     ab_zpt: 31.4
#     coadd_bands: !!python/tuple [f277w, f356w]
#     deblend_contrast: 0.001
#     deblend_nlevels: 32
#     deblend_npixels: 1
#     detect_kernel_fwhm: 4.0
#     detect_kernel_npix: 7
#     detect_npixels: 4
#     detect_threshold_nsigma: 3.0
#     flag_isolated_buffer: 4
#     hst_bands: !!python/tuple [f606w, f814w, f125w, f140w, f160w]
#     jwst_bands: !!python/tuple [f115w, f150w, f200w, f277w, f356w, f410m, f444w]
#     near_border_kernelsize: 21
#     reference_band: f200w
#   make_catalog version: 1.4.0
#   photutils version: 1.5.0
# schema: astropy-2.0
label xcentroid ycentroid sky_centroid.ra sky_centroid.dec bbox_xmin bbox_xmax bbox_ymin bbox_ymax area semimajor_sigma semiminor_sigma orientation eccentricity min_value max_value local_background segment_flux segment_fluxerr kron_flux kron_fluxerr near_border detmap
[from data line 4423]
4424 6604.162052261289 3565.4247718798097 214.88719431349165 52.90326971626167 6588 6615 3545 3584 799.0 8.001890077797663 5.413754553613978 -73.2657222786634 0.7363879929655204 0.2136894864490396 2.545214597899065 0.0 536.0494824136267 2.156308 717.8294850437281 4.353048035547723 False 264
4425 6591.197741923897 3588.500123246959 214.88706731311225 52.90347655191552 6586 6598 3577 3599 193.0 4.959853779692306 2.598032951552085 76.72349717034338 0.8518336464649872 0.22198259554215885 0.7522257821960381 0.0 83.49065875736903 1.0422765 184.30734092986816 3.0541735204280824 False 264
4426 6599.023792822691 3600.67814444912 214.8868690801382 52.903492554521165 6591 6605 3594 3606 121.0 3.206649241018701 2.543762912583976 8.762412016095675 0.608860164154858 0.21918742437732647 0.7208956560563033 0.0 47.12176034655844 0.8129253 120.92686346712843 2.61165579907411 False 264
4427 2367.9628923789696 3572.7908983504685 214.92503384768082 52.93020704635143 2353 2389 3552 3598 1128.0 8.209161528003738 5.870358004798192 51.39173658276993 0.6990238373765488 0.20816147901413534 7.380542677338478 0.0 1729.0341590637174 2.6975067 2133.798454221911 4.500021049797501 False 576
4428 2345.3234589701556 3566.2653837047715 214.92530533478728 52.93031553226751 2326 2357 3553 3574 466.0 5.739578390516785 4.9901327337926515 -5.324131529830049 0.4940650083805491 0.2136491239029404 2.647557747464503 0.0 472.0811955186898 1.6767813 778.6709273810701 3.7950796223039327 False 512
4429 2342.1216738309613 3595.0793353394774 214.9250305660085 52.93049141669866 2304 2377 3562 3633 3239.0 10.20977771490756 8.747524308492975 -22.974037579470227 0.5156835746650973 0.20905184891296 36.79065221600511 0.0 8666.884051249788 4.982492 8978.79400112822 5.315335921874102 False 512
4430 1605.514886580467 3601.104567545363 214.9315651257347 52.93519976698777 1597 1612 3597 3605 96.0 4.16193100434273 1.9219383174610951 -10.493215254686854 0.8869892624757332 0.21386741090984016 0.35716660972693864 0.0 25.462615291587746 0.7097949 117.67186425162353 2.812112311894252 False 528
4431 1579.9444108285809 3631.200340801958 214.93147723714154 52.93552457310821 1558 1603 3604 3656 1559.0 8.537840029484212 5.7855488394640915 -57.506718333332074 0.7353973627504085 0.20559974753402108 17.32411227012 0.0 2737.0533048407833 3.2295208 2872.194371456462 3.8598430470882716 False 528
4432 1605.4715110444756 3642.7083007228293 214.9311273601268 52.93542467329608 1600 1611 3638 3647 93.0 2.877407155486875 2.233629577998138 16.467312182405582 0.6304071134301885 0.20841281570042886 0.5364577994123576 0.0 30.88462503212179 0.70790946 121.96962130173961 2.508885916087316 False 528
4433 1588.755677456103 3650.6450657862583 214.93119351772373 52.93557363098599 1579 1596 3644 3660 196.0 3.7365557205376807 3.3030730446987118 -46.23593877959752 0.46750825998190787 0.20346215330487272 1.1457704699049884 0.0 105.72820666542879 1.0240676 286.96171697161714 3.210458211817196 False 528
4434 2700.91772371003 3608.7052083295803 214.9216737387706 52.92828728369083 2693 2708 3598 3626 280.0 5.7442328037361206 2.7243928467392102 -74.21106840717191 0.8803723590688218 0.2072962722858789 1.5905475217076133 0.0 146.7535508596581 1.2148516 236.0129830668046 2.858428647074567 False 576
4435 2712.035882120212 3632.641803135877 214.9213220919169 52.92834592235857 2698 2724 3621 3643 413.0 5.354992130828951 4.000007300740185 26.49119710748532 0.6648600872762568 0.20654665230621916 1.7974408196482694 0.0 233.42620353332032 1.4976646 455.8841645880317 3.794269024901462 False 576
4436 2787.264326906199 3610.121569415433 214.92088556461366 52.9277467744947 2784 2791 3607 3614 45.0 2.1924272673197827 1.5568196430306234 -49.178809995535616 0.704111399197941 0.21488139453003485 0.3089573165951566 0.0 11.613900500412575 0.47815356 77.34758465251932 2.0179109550073204 False 576
4437 2763.788362225501 3622.884798176487 214.92096138574246 52.927964708659815 2740 2789 3610 3637 970.0 8.19720937903156 4.560124662446452 -10.288774343949266 0.8309801387990214 0.20814879908219638 7.639181859711463 0.0 1112.3543913046708 2.4250424 1277.5691751950783 3.655511220894707 False 576
4438 2738.819514216261 3625.2222647769413 214.92116037207688 52.92813583770232 2736 2742 3619 3630 64.0 3.014112022091057 1.6530250902700123 88.45704722548552 0.8361974192276285 0.21015591623052898 0.32594193666688964 0.0 17.461298673077295 0.5668017 123.82010040455268 2.3890081970393156 False 576
4439 555.3675395836082 3621.363359527532 214.94076071151943 52.94197464116826 552 558 3617 3625 50.0 2.2283201241043673 1.7565927068998977 86.87764717994641 0.6152865047802286 0.20942394539135215 0.26241640194200405 0.0 11.628162473169267 0.4942027 79.80651251039554 2.1220816042387836 False 528
4440 572.5314319717827 3641.909326035007 214.9403905143917 52.94197665498277 550 594 3617 3664 1535.0 7.430631923218035 6.114179350016723 -69.75307750610857 0.5682812654994842 0.20906102890042605 18.97520377918205 0.0 2572.0142688780434 3.1348233 2644.782249881059 3.4913341030080853 False 528
4441 8604.790099288512 3621.0015557938896 214.86871841358274 52.89086237411928 8601 8610 3618 3624 37.0 2.2716203299597835 1.2970239319799275 -21.70535556653579 0.8209718822511167 0.24087513506526795 0.33995777880102335 0.0 10.917422891902168 0.49851474 117.31889562207053 2.3307955977902037 False 258
4442 8623.702353130493 3632.613366698901 214.86842708345432 52.89080486932138 8615 8634 3621 3645 268.0 5.731373229677448 3.6645708091582314 67.86452847993799 0.7688843134793636 0.23547170730332698 0.5837608958604069 0.0 101.71607771682271 1.472709 445.96697107078194 5.486611887440209 False 258
4443 8606.163717100257 3628.7179675751167 214.86862489031387 52.89089526905619 8593 8618 3621 3636 263.0 5.681243288628713 3.906381653980396 -10.639496273022255 0.7260965640866467 0.24358705468498545 0.6004747621465938 0.0 106.6356824936773 1.4189166 507.47891334636273 5.656026123815853 False 258
4444 8601.355474576889 3646.565706923437 214.86847996281654 52.89102207881796 8573 8631 3626 3670 1346.0 12.161005878400912 7.950174712828019 18.316825352238464 0.7567164914154848 0.24008997061083356 1.3076001170672034 0.0 719.9559716084168 3.258534 1422.5796064226995 8.552145469618694 False 258
4445 8578.486939353885 3657.5071433157523 214.86856920729863 52.891226361915734 8562 8596 3640 3673 667.0 8.602631377886976 5.4537920685390775 29.560687300909656 0.7733593690163327 0.25298747803361915 0.8528707254437448 0.0 339.36992526381476 2.4091382 713.6211694252729 6.561599161420226 False 258
4446 8579.410144340436 3671.3222690398998 214.8684154979593 52.89129501282689 8574 8587 3667 3676 94.0 2.961855877195994 2.261595572128084 7.216552078838919 0.6457205580605283 0.24774236098621838 0.6318876866484469 0.0 39.80778332877094 0.827844 157.606131087356 3.001492364564894 False 258
4447 2818.3964015310635 3652.227875351604 214.92016334644163 52.927776440895414 2808 2828 3638 3667 475.0 7.481683918796048 4.847892361039536 86.69035375621966 0.7616674916385485 0.21302522319136216 0.7209037067979682 0.0 184.8487148527787 1.6318376 468.0174221592365 5.157387951242527 False 576
4448 2839.2031787390897 3671.0834171759543 214.91977844959723 52.92774613868769 2813 2865 3642 3696 1514.0 9.656856264872063 7.364147341717856 58.46957444563274 0.6468912475756906 0.21095483346882624 6.380016388187755 0.0 1281.5807558554839 3.0030267 1582.5758894566345 4.8546377133407175 False 576
4449 2856.955277687207 3693.8868162285994 214.91937933186853 52.9277565392223 2842 2870 3681 3704 407.0 6.874769108277975 4.3359487180035465 -23.368964108188717 0.7760229813837572 0.2037363939961225 0.5352143207220089 0.0 147.0436470158788 1.4614099 373.2559789894999 4.722143500800132 False 576
4450 3383.992709707399 3660.872197704316 214.91500777788582 52.92423236332062 3376 3392 3647 3676 392.0 5.776250664450196 3.2946141406347524 -88.66582611158258 0.8213861993943903 0.21831078789211236 3.3617590322505277 0.0 356.67219659596236 1.5706141 474.78882228242634 2.9929761653227587 False 576
4451 3384.250511955714 3677.8938048399236 214.9148262154928 52.92432260666457 3378 3390 3674 3684 114.0 3.044481384168534 2.496258627166363 23.889026028665285 0.5724652023062364 0.22120212721384225 0.750621771092317 0.0 52.84239053310917 0.79205316 122.3983145127292 2.3877159612890386 False 576
4452 6072.638229193565 3700.6811166753787 214.8905250512533 52.90737507967767 6019 6130 3654 3750 7659.0 13.57004639279471 11.472398753558627 -9.190503879251333 0.5341008903970468 0.20235089175963497 120.40799164157464 0.0 21278.24765488338 7.9243655 20761.414950096907 7.356562863253522 False 264
4453 6119.113422709407 3735.4346430916926 214.88974331021942 52.90726744963573 6106 6132 3721 3747 409.0 7.335434337089936 4.089624039696629 -46.06758504570335 0.8301660082168031 0.20496776078333692 0.46258094079329737 0.0 132.48362137733488 1.4678322 515.9336748121664 5.296895099964806 False 264
4454 6077.098329904479 3759.0770299993355 214.88987024071838 52.90766184010982 6066 6088 3749 3770 374.0 5.489940877952394 4.432883705781832 43.04938547936878 0.5899282966048904 0.2116369610951468 0.704460076793643 0.0 136.22183269041335 1.3842514 468.3424936879294 4.704900345807204 False 264
4455 7417.413085157006 3683.709500017937 214.8786750588282 52.89874273918095 7414 7421 3678 3690 74.0 2.832540874093681 1.8393822017274186 79.64868640757032 0.7604680557920259 0.251581128187796 0.5788650996526219 0.0 29.508144623574566 0.701956 67.71881306670718 2.0765681119068384 False 264
4456 7420.111503155462 3694.4816986810824 214.87853750309958 52.898783712286935 7416 7424 3688 3701 89.0 3.2244667753890996 1.886807226220591 75.91480625132371 0.8109227270618473 0.2363198353658146 0.6264143491157153 0.0 35.66567021909484 0.7486389 83.38612918636674 2.2877603629505168 False 264
4457 8654.338396749328 3706.8786275147086 214.86737128384604 52.891010823349895 8647 8662 3695 3717 297.0 5.311674200842676 3.362789899132012 -83.33720744225852 0.7740747952779031 0.23323429872956747 1.2865517974338414 0.0 159.87983926404144 1.4661983 279.9825413751883 3.6659152421863546 False 258
4458 8655.091369392108 3734.5736773691347 214.86707295521015 52.89115541733602 8620 8687 3714 3755 1760.0 14.732195914163505 6.659510303569947 -23.35819187751044 0.8919987521152865 0.23720255648364405 2.5247643701471545 0.0 1282.87893380369 3.6666193 1690.2730001643986 7.092809446582952 False 258
4459 8685.21934045566 3755.393265575319 214.86658441239985 52.891076324438984 8665 8708 3734 3771 995.0 7.107546417637454 5.232622166009136 38.296767903537955 0.6767569197219192 0.23935961138253314 9.886151177192646 0.0 1377.5992161395184 2.915195 1518.4626880597802 3.9165704885849997 False 258
4460 4261.097733366331 3710.1422327958257 214.90663670669738 52.91892946749876 4247 4270 3698 3721 377.0 5.35638184076005 4.502383182547373 -72.97123315875227 0.5417118338282303 0.21803716422263938 1.2965911027254273 0.0 244.53654579267743 1.4894716 475.2991500161727 3.720881905907388 False 576
4461 4278.807937725409 3710.6624701836736 214.90647269990995 52.918819825657806 4268 4292 3698 3719 395.0 5.407447639556661 4.930668222351073 -0.740902018381004 0.41056991610655313 0.20982541302018354 1.2265252017181185 0.0 235.49076810328563 1.4644812 517.6520604520518 4.270487639522585 False 576
4462 4245.232232902786 3717.677242869537 214.90669937419767 52.91907087154215 4235 4255 3705 3729 355.0 5.69301074152911 4.45535367194869 81.95818089047393 0.6225241257830954 0.20989946905648765 0.7598147433122099 0.0 173.0052613073922 1.4246095 448.36505774466707 4.425287219541485 False 576
4463 4286.232364966714 3726.664538553733 214.9062377289896 52.918859049373594 4273 4302 3715 3738 474.0 6.971961358554187 4.754555373797266 1.5411182883814272 0.7313952744958342 0.2117894799981457 1.2531720346778858 0.0 338.15186515540984 1.6500293 617.3898936495987 4.091131776090519 False 576
4464 4262.642775031443 3740.120597418611 214.9063071820089 52.91908145373482 4232 4283 3718 3770 1350.0 10.060235924197528 7.719173493156383 47.160284298862166 0.6412937356657156 0.20483680864112933 5.79240668506313 0.0 1670.0093887211833 2.9366148 2242.1414896435317 4.870067014789331 False 576
4465 4288.714087326095 3744.0136671645364 214.9060328150444 52.91893692633215 4278 4301 3733 3758 369.0 6.478954268722651 4.035589917204441 45.002841877579755 0.7823199895546696 0.21153812749936826 1.3135242159615774 0.0 281.8016039767655 1.4640673 447.5783911541612 3.4337937581478846 False 576
4466 4238.091247722399 3749.7651790420828 214.90642538434906 52.91928939489534 4225 4247 3736 3761 338.0 4.875299874263122 4.683385319764904 13.809596014004413 0.2778124481919341 0.21335813119236235 1.501915765043435 0.0 200.65640795219377 1.3832657 410.52514835628733 3.875604582572795 False 576
4467 4253.776174265296 3756.233030003547 214.90621687224788 52.91922471193458 4237 4268 3747 3768 402.0 5.766525380793303 4.111875402115034 10.58644790551161 0.7011035760201793 0.21135145611408176 2.704042411147081 0.0 405.4634470907307 1.5479175 583.3177366994087 2.8229501002278683 False 576
4468 4286.8269968364475 3757.4241792240027 214.90590848324237 52.91902128569871 4277 4298 3752 3765 209.0 4.503226811252278 2.937470526903575 7.046475487712284 0.7579578933163015 0.20840784942814766 1.3476436034229786 0.0 140.57075969709538 1.0893785 260.3529269283003 2.7288980303280823 False 576
4469 4255.456694401578 3773.994044354695 214.9060147907808 52.91930989903624 4250 4263 3768 3780 147.0 3.241027370774243 3.033263340151773 -40.20859004200316 0.35227741508297195 0.21110347264685625 0.7288024724478466 0.0 54.821757021394944 0.8857691 157.8660268467586 2.8936480925287302 False 576
4470 1764.9362807876591 3737.155387488619 214.92870417732618 52.93492238128469 1757 1773 3731 3744 138.0 4.359418967954201 2.2518264970429507 31.200023436861457 0.8562613688286761 0.21784409013247336 0.5662081811104567 0.0 52.23487525915369 0.87096006 178.79744125774997 3.0298737694725513 False 528
4471 1758.2269952424583 3750.102935383885 214.92862791601044 52.93503487479165 1742 1777 3736 3764 721.0 6.634263977640052 4.657730644891406 17.603419883704788 0.7121060156997222 0.21056459430056068 4.898017165556847 0.0 629.817571806225 2.0779443 776.5017304785249 3.4921498305817296 False 528
4472 6973.640241113937 3774.6069071749052 214.88168686791505 52.902051696741424 6939 7016 3751 3798 2618.0 9.443773914056573 6.337773179614731 -9.84729252791048 0.7413614226830623 0.21323713241342238 51.06759138036798 0.0 9102.645642621592 4.9346333 9007.02859816681 4.749950952593772 False 264
4473 7005.449128909117 3794.8885599689747 214.8811888059522 52.90195908571313 6990 7018 3783 3806 463.0 5.402514998801764 4.61044126162241 3.4716220829574542 0.5212763060250991 0.20971226757759479 2.063398957800305 0.0 276.9861409372568 1.6916165 474.1089424845819 3.9865647787662746 False 264
4474 2383.258019356745 3770.4755547770415 214.92281496276192 52.93117718025355 2375 2396 3762 3780 233.0 4.69792565362954 2.9763254230997456 -43.20961540794383 0.7737096584957024 0.21151860403928321 1.807091551607921 0.0 161.65620581153516 1.1402732 244.22979649757355 2.5688836256847565 False 576
4475 2390.7076542084997 3777.5509855291593 214.92267372657872 52.93116808546366 2380 2399 3764 3789 341.0 5.1359346030828075 3.612095251597497 -62.46288717386768 0.7108946328740658 0.21491144631024411 2.3242381179576284 0.0 244.8440915126855 1.3867224 354.2792498462381 2.9056430828022872 False 576
4476 314.1498790973281 3768.4443490825847 214.94137323564945 52.944299865452585 311 317 3764 3772 47.0 2.3002910867843775 1.4976910900543348 81.48647012550389 0.7590025611571818 0.2058859886305024 0.37844050542626206 0.0 13.4998627111462 0.47183383 36.41638775825126 1.559734489148101 False 528
