outputs/dr0.5_c0.1/nircam6_matched_f277w_f125w_dr0.5_c0.1.ecsv
# %ECSV 1.0
# ---
# datatype:
# - {name: label, datatype: int64}
# - {name: xcentroid, datatype: float64}
# - {name: ycentroid, datatype: float64}
# - {name: sky_centroid.ra, unit: deg, datatype: float64}
# - {name: sky_centroid.dec, unit: deg, datatype: float64}
# - {name: bbox_xmin, datatype: int64}
# - {name: bbox_xmax, datatype: int64}
# - {name: bbox_ymin, datatype: int64}
# - {name: bbox_ymax, datatype: int64}
# - {name: area, unit: pix2, datatype: float64}
# - {name: semimajor_sigma, unit: pix, datatype: float64}
# - {name: semiminor_sigma, unit: pix, datatype: float64}
# - {name: orientation, unit: deg, datatype: float64}
# - {name: eccentricity, datatype: float64}
# - {name: min_value, datatype: float64}
# - {name: max_value, datatype: float64}
# - {name: local_background, datatype: float64}
# - {name: segment_flux, datatype: float64}
# - {name: segment_fluxerr, datatype: float32}
# - {name: kron_flux, datatype: float64}
# - {name: kron_fluxerr, datatype: float64}
# - {name: kron_radius, unit: pix, datatype: float64}
# - {name: gini, datatype: float64}
# - {name: equivalent_radius, unit: pix, datatype: float64}
# - {name: kron4_2_flux, datatype: float64}
# - {name: kron4_2_fluxerr, datatype: float64}
# - {name: kron4_2_mag, datatype: float64}
# meta:
#   PHOTMJSR: 2.962800025939941
#   PIXAR_SR: 2.11539874851881e-14
#   __serialized_columns__:
#     area:
#       __class__: astropy.units.quantity.Quantity
#       unit: !astropy.units.Unit {unit: pix2}
#       value: !astropy.table.SerializedColumn {name: area}
#     eccentricity:
#       __class__: astropy.units.quantity.Quantity
#       unit: !astropy.units.Unit {unit: ''}
#       value: !astropy.table.SerializedColumn {name: eccentricity}
#     equivalent_radius:
#       __class__: astropy.units.quantity.Quantity
#       unit: !astropy.units.Unit {unit: pix}
#       value: !astropy.table.SerializedColumn {name: equivalent_radius}
#     kron_radius:
#       __class__: astropy.units.quantity.Quantity
#       unit: !astropy.units.Unit {unit: pix}
#       value: !astropy.table.SerializedColumn {name: kron_radius}
#     orientation:
#       __class__: astropy.units.quantity.Quantity
#       unit: &id001 !astropy.units.Unit {unit: deg}
#       value: !astropy.table.SerializedColumn {name: orientation}
#     semimajor_sigma:
#       __class__: astropy.units.quantity.Quantity
#       unit: !astropy.units.Unit {unit: pix}
#       value: !astropy.table.SerializedColumn {name: semimajor_sigma}
#     semiminor_sigma:
#       __class__: astropy.units.quantity.Quantity
#       unit: !astropy.units.Unit {unit: pix}
#       value: !astropy.table.SerializedColumn {name: semiminor_sigma}
#     sky_centroid:
#       __class__: astropy.coordinates.sky_coordinate.SkyCoord
#       dec: !astropy.table.SerializedColumn
#         __class__: astropy.coordinates.angles.Latitude
#         unit: *id001
#         value: !astropy.table.SerializedColumn {name: sky_centroid.dec}
#       frame: icrs
#       ra: !astropy.table.SerializedColumn
#         __class__: astropy.coordinates.angles.Longitude
#         unit: *id001
#         value: !astropy.table.SerializedColumn {name: sky_centroid.ra}
#         wrap_angle: !astropy.coordinates.Angle
#           unit: *id001
#           value: 360.0
#       representation_type: spherical
#   astropy version: '5.1'
#   kernelfile: kernel_f277w_f125w.fits
#   make_catalog parameters:
#     ab_zpt: 31.4
#     coadd_bands: !!python/tuple [f277w, f356w]
#     deblend_contrast: 0.001
#     deblend_nlevels: 32
#     deblend_npixels: 1
#     detect_kernel_fwhm: 4.0
#     detect_kernel_npix: 7
#     detect_npixels: 4
#     detect_threshold_nsigma: 3.0
#     flag_isolated_buffer: 4
#     hst_bands: !!python/tuple [f606w, f814w, f125w, f140w, f160w]
#     jwst_bands: !!python/tuple [f115w, f150w, f200w, f277w, f356w, f410m, f444w]
#     near_border_kernelsize: 21
#     reference_band: f200w
#   make_catalog version: 1.4.0
#   photutils version: 1.5.0
# schema: astropy-2.0
label xcentroid ycentroid sky_centroid.ra sky_centroid.dec bbox_xmin bbox_xmax bbox_ymin bbox_ymax area semimajor_sigma semiminor_sigma orientation eccentricity min_value max_value local_background segment_flux segment_fluxerr kron_flux kron_fluxerr kron_radius gini equivalent_radius kron4_2_flux kron4_2_fluxerr kron4_2_mag
[from data line 3581]
3582 2199.94531461279 4285.59057980685 214.86272624044216 52.861966651830066 2194 2206 4280 4291 127.0 2.998988991480678 2.608989990729434 -30.96249132337687 0.49312845597222443 0.28599146831620614 1.2394543763558956 0.0 82.87217675441237 8.890213 128.39371234985109 19.575892088824222 2.1234681691312356 0.22874193476465207 6.358093703724522 147.5022583986223 31.067429818444225 25.978003325442494
3583 1556.9937934202082 4281.690932885297 214.86851136642187 52.86602998062712 1556 1558 4281 4283 7.0 0.7533266224770245 0.6910002163291804 0.9855577275939674 0.3982772206998882 0.1466799341254245 0.16961987007852078 0.0 1.1113661262303003 2.0969014 10.713729185773357 9.49814310959984 3.7068073063136477 0.028791535265712234 1.4927053303604616 15.340031538027768 15.26863291900971 28.435434368767893
3584 7511.13206054851 4287.236943370357 214.81530039728062 52.82822549719256 7505 7517 4281 4293 131.0 2.9341071073770317 2.7254731288409886 -24.628682120137803 0.3703468603380385 0.2783083673296712 1.1765132099418985 0.0 77.92915646592202 9.509245 113.22024683526656 20.143282003166988 1.9395042768972834 0.234890748349881 6.457444935117649 116.96932926046733 32.46764530063101 26.229820001171568
3585 9151.50341990831 4281.516346436296 214.80073323746421 52.81776709057089 9151 9152 4281 4282 4.0 0.5010948865266447 0.4986231171380031 42.03248879025401 0.09920253277134874 0.20234920867365994 0.21891787869334847 0.0 0.8382263058745226 1.6389341 13.41907860594161 7.498628778462133 4.146819630820545 0.024075187268035318 1.1283791670955126 23.89308204797304 12.093858689191347 27.954319563874144
3586 8817.505911616503 4283.014698427631 214.80369519253932 52.81989847809461 8816 8819 4282 4284 10.0 1.0907340473799323 0.6688446342773056 26.522536676405092 0.7899230551293387 0.21290292718736753 0.22971629534276264 0.0 2.2238221556485365 2.5216823 28.904152626874225 11.035597547432713 3.8232575092880188 0.015297230299508902 1.7841241161527712 51.976839930249575 17.52940898904022 27.11047532029132
3587 3609.273547186315 4303.395478370459 214.84995182456987 52.85310890082739 3590 3628 4283 4322 1106.0 7.0109081727068405 4.818585599520442 39.71848069110132 0.7263752349348963 0.24200383890381785 18.30605862442913 0.0 2640.008441465937 25.683216 2722.4062250359357 29.396784058293868 1.4802758027007048 0.6207241974903005 18.763015059400033 2897.822864755867 46.98833974422601 22.74482041294044
3588 8687.732804428753 4287.293306658675 214.80480723935696 52.82074651532815 8684 8692 4283 4292 67.0 2.4609416477962753 1.919692098928107 -57.69843263267943 0.6256996755833547 0.26805317779865134 0.5503443618731543 0.0 26.741797257608507 6.0428977 59.26893001239732 17.187576543713863 2.4362878219794304 0.11602038823612075 4.61809077155419 62.15717215565233 27.411102751728077 26.916271880029278
3589 9159.094290545128 4289.008782748903 214.8005867497349 52.8177591998956 9154 9165 4283 4295 109.0 3.2523812281962887 2.3332068732568088 52.27116189129182 0.6966777761687688 0.22942636854707654 0.5381749814281868 0.0 39.48002968482163 8.537089 97.4223636048106 26.770086428985707 2.6448729337481782 0.13597409069760222 5.890312181373172 130.5337292301046 43.000662928491366 26.11069313602856
3590 9814.02154508307 4293.136188280943 214.7947052633077 52.81361765857861 9799 9828 4284 4305 397.0 6.247183239340052 3.4399755208291913 -30.28435784331136 0.8347400262714842 0.2207629594861226 2.1651368028882487 0.0 333.4264276022899 14.927164 430.5232963702308 29.80690916832504 1.8329247139887075 0.3289163155365767 11.24139781410501 456.3911223110599 48.09113318395194 24.75165703009565
3591 3952.5610585772347 4288.153003923354 214.84704699890696 52.85084553149142 3951 3954 4286 4290 15.0 1.1363754682843383 1.002174121343464 -74.94581943495517 0.47142895182195904 0.17589333988941697 0.2179447566481079 0.0 2.9966926227535344 2.9573255 19.320132509970314 12.383716641840273 3.4242551270786077 0.0365260108315627 2.1850968611841584 20.771580581518787 19.70354569461989 28.10632613808998
3592 7427.176481293028 4293.447766117036 214.8159838869427 52.82879261225432 7423 7432 4290 4297 65.0 2.4248822733461974 1.9349411694691745 -19.1528628766602 0.6027201772916891 0.26297964301830223 0.4744486500205581 0.0 23.698291365798603 6.73667 76.31847147202672 23.047898793423165 2.9101444361301323 0.0961988039306682 4.54864184146723 87.497240680911 36.28602698719367 26.545014106757066
3593 8172.885380185887 4291.339991920576 214.8093554761577 52.82404116005344 8172 8174 4290 4293 9.0 0.9537726796654028 0.69864683779689 69.37583968674835 0.6807576105834307 0.1784196844123928 0.2000341159139865 0.0 1.7001275221412036 2.51069 13.52659825395126 10.890688085787213 3.573069669628218 0.027225147672345615 1.692568750643269 17.663563197892234 17.373870222825605 28.282304208706865
3594 3541.5272799152885 4292.610718435158 214.8506702400367 52.8534811851543 3539 3544 4291 4294 17.0 1.5126113156102594 1.009848477378598 -2.9256391768233048 0.7445028522666446 0.19261417441873968 0.2482206716694427 0.0 3.7835116452466133 3.285714 48.504855736678664 15.206956952462654 3.70161559827914 0.045775530668763095 2.326213245840639 81.6086362375189 24.256975061552268 26.62065969895375
3595 3249.1199954272515 4293.894305638887 214.85326792385237 52.855345929408394 3248 3250 4293 4295 8.0 0.8676134263956643 0.6778969262539083 45.54754857827109 0.6241115894051622 0.15731348851021348 0.17489677068106751 0.0 1.3495308983509835 1.7588947 19.01887603366235 8.126625365755952 3.8446371127432353 0.01950065383104798 1.5957691216057308 34.7279965964662 12.989905416026737 27.54830067433148
3596 7579.604249543937 4294.696395682767 214.81461121045723 52.82783046508708 7578 7582 4293 4296 13.0 1.2482361056731266 0.8177474059590877 -23.823055710218217 0.7555227790962737 0.17211231419777503 0.20271412482311754 0.0 2.489056243751557 2.959733 19.080875307945124 13.19432551801841 3.512518702079706 0.026152778630728863 2.0342144725641096 22.241152035072943 21.14442029101754 28.032106802896127
3597 411.65030156458874 4298.89707768101 214.87856541513867 52.87339792757991 407 416 4294 4304 77.0 2.6076022269205943 2.0593428676694163 53.3250849757167 0.6134342630415771 0.21780246250659244 0.49052121109965224 0.0 25.98905827615565 5.6135607 84.87340731467822 19.45583641186647 2.9205278831919013 0.13027081313394126 4.950743503369154 149.7223880925941 31.25615443796419 25.961783136114775
3598 2550.4441848738675 4294.856217323674 214.85949786395784 52.85978995298463 2548 2552 4294 4296 12.0 1.2687241235581037 0.7346928222240627 17.358176712757512 0.8152706923420246 0.14485351335256788 0.17329490291678804 0.0 1.9525447477877917 2.1924765 15.952139681670099 9.612858055082114 3.535054879649744 0.0272097977338789 1.9544100476116797 21.086431908281426 15.575984419088764 28.08999225544539
3599 7702.063004308082 4298.212973046459 214.81348202020374 52.827071020089726 7700 7704 4296 4300 19.0 1.4261842848337167 1.01595723581216 47.12929481446599 0.7018138160128166 0.17062080142654473 0.20696235669014318 0.0 3.5809127114882173 3.5798652 20.912487387199892 14.87087608849617 3.379170438575004 0.03451110263608378 2.4592453796829674 21.035952490364473 23.905655975689715 28.092594546775636
3600 788.5440137953448 4298.9807487178905 214.87519613069645 52.87100447396589 787 790 4298 4300 12.0 1.0943731288899528 0.8114999207273619 -0.07659554575962355 0.6709304019007656 0.15905146114298524 0.20217617117981454 0.0 2.212726659728048 2.2145383 14.532373841753895 9.289869550043147 3.4305304055811 0.04301139698625038 1.9544100476116797 16.053230987110382 14.697615712254441 28.386093863185984
3601 3942.685508356341 4301.941779788743 214.8469900926759 52.85098262706495 3938 3947 4298 4306 64.0 2.318140739876942 1.9668353581213505 -23.904802055472864 0.5292694220607386 0.1860411319053412 0.37726903963602776 0.0 17.750625464619638 6.1292114 42.29662917626139 18.172070851513652 2.532142997810385 0.11014955521983245 4.51351666838205 41.08955806462767 29.32109339153025 27.36567132432924
3602 4246.922623559927 4300.705503227959 214.84428682767552 52.849042832577325 4244 4250 4298 4304 43.0 1.6966118209839973 1.6517383027558732 3.283303519326998 0.22846938043417347 0.692930929775344 2.413586600434327 0.0 61.475468729832926 4.133128 132.16527651566923 12.141622935943346 2.5699179964935537 0.18766353854000759 3.6996385101659595 179.69911506150672 19.46067927775766 25.763635153983977
3603 8126.563662227866 4300.365386297112 214.80967360730682 52.82438424845517 8125 8128 4298 4302 11.0 1.3069111078730853 0.7578269241156153 89.47252175156461 0.8147153456883505 0.17932244012473747 0.2261833010699254 0.0 2.2548998091407104 2.7472155 27.230584966867827 13.857582405155094 3.7070071679597936 0.05113097930207493 1.8712051592547776 44.92109484057487 22.070881946744095 27.268874168569535
3604 6260.25665009027 4307.320179590893 214.82624799506937 52.83628415821951 6252 6269 4299 4316 229.0 4.466875697450332 2.9733640945930424 47.08620136510502 0.74626641927615 0.20556508732302753 1.4726871029325115 0.0 146.4480444614327 14.162286 226.10829704177837 32.422984184129426 2.145044843794688 0.28198149198852845 8.537737635702333 250.00078493649923 51.13768671107528 25.405146569389352
3605 8019.4423991805 4305.306117310455 214.81057691274032 52.82509180811231 8015 8024 4299 4311 94.0 3.0286069237819535 2.271910323988192 -80.75103301963571 0.6612673901893243 0.21709948339297794 0.3829420115036842 0.0 27.7331085784266 8.269453 140.97323266373843 32.54651884978668 3.28693375820458 0.08962275125095097 5.4700209598571305 209.56053165773778 52.43574156093545 25.596726271030153
3606 3407.020485132825 4301.011401646581 214.85178296368662 52.854381086029555 3406 3408 4300 4302 9.0 0.8132763389707914 0.8086911407646433 44.811653728300264 0.10603811302907536 0.16005302435979288 0.1798375815942026 0.0 1.5379998033522135 2.3013237 10.947931996287643 9.809154332600071 3.4355670970653294 0.024959866666673207 1.692568750643269 13.047915642852095 15.743314681186778 28.611147149378805
3607 7659.688284048346 4303.051729557686 214.81380904714487 52.82736644725428 7657 7663 4300 4306 37.0 1.7567894958187014 1.5295428662367496 -83.74762608580454 0.49190896890931407 0.18326826174405925 0.33001926602806086 0.0 9.585131463327405 5.0056257 26.107678550596358 16.466507763866254 2.692556347148007 0.09380392860363707 3.431831258788849 28.49573211686522 26.29201030470958 27.7630504514604
3608 183.68668028994895 4305.198222568009 214.88053666113123 52.874879824741654 174 193 4301 4310 137.0 4.667239840142137 2.0576516615628044 -13.744973791238767 0.8975703754363067 0.21330250167203646 0.5524641162625789 0.0 48.79067819052838 7.614918 98.27049474707306 20.699059580378055 2.327115167610032 0.14131176287594377 6.6036697681803656 110.88387475845707 33.12334238913003 26.28782901588518
3609 640.4976950171946 4307.803232181575 214.87642637792356 52.871992419466466 632 649 4301 4314 184.0 3.6480847879695135 3.044611803319315 -4.839214397923802 0.5508895846270698 0.24982701256490408 1.281542040186662 0.0 116.3098007661336 8.548113 174.16549810214252 19.03971416752595 2.0112597392281737 0.24475624352954 7.653039857325812 175.70458749910773 30.464416276144586 25.788042248231896
3610 1615.0325346387597 4304.006416325924 214.86775798974952 52.865781663005514 1613 1617 4302 4305 14.0 1.2373142154799703 0.9181194189823396 1.087400438235594 0.6703710124037411 0.19611194382652453 0.22764522334012255 0.0 3.0101035051489413 2.6662328 31.290159720542814 12.563895558793842 3.7130314995805116 0.026363366054466368 2.111004122822376 37.720434982295835 20.14516238022047 27.458558269335608
3611 7947.757504631168 4306.019374778897 214.81120869435674 52.82555132573036 7945 7950 4304 4308 18.0 1.5633889937855538 0.8976647698698254 -35.426186464715165 0.8187299553560942 0.15790242082861686 0.1963923310804823 0.0 3.2717657529800186 3.4703894 26.292866156074528 15.382334640508512 3.51714831971275 0.033632315600118354 2.393653682408596 38.00913516169765 24.823665572537674 27.450280029936955
3612 8314.708356027195 4305.214853561723 214.80794483590145 52.82321438478965 8313 8316 4304 4306 10.0 1.1212609779514568 0.6910680940016417 -17.497056247114216 0.7874870697000205 0.20078101835672776 0.22479894474370657 0.0 2.143952731366359 2.632736 19.14528224965969 11.797666171377381 3.638634402917819 0.02321982616952816 1.7841241161527712 20.611554836326317 18.712836217720273 28.1147231147578
3613 3467.0549931028745 4310.045140405584 214.851151812053 52.85404836403988 3464 3470 4307 4313 40.0 1.880311848383091 1.5287224109082382 -40.19787556564735 0.5822422411326368 0.16469448013896493 0.2782921813002329 0.0 8.583884920300232 4.896189 22.956894187899717 15.145795644355047 2.6671977360357064 0.0919472403829221 3.5682482323055424 27.468072566517705 24.001201168070963 27.802929534838984
3614 4271.8172984617595 4325.325111506661 214.843805539042 52.84901738734975 4264 4282 4307 4340 486.0 7.074528239537186 3.8415122166718128 88.40449396428079 0.8397287302250669 0.18950507913973313 1.6366547823769366 0.0 295.81860820289035 13.881823 442.42928263272825 32.34378202250857 2.2000520195184676 0.3251249418832345 12.437789380968077 603.6197695796767 51.82355590233445 24.448091361941408
3615 3203.910367942076 4318.273539193825 214.85341514684123 52.85576462916953 3198 3209 4313 4324 106.0 2.858936476611781 2.5926095833177856 -54.46536386141288 0.4214662942031217 0.20864156122152208 0.4972763392087881 0.0 36.164984541606444 6.257628 137.34525554811918 22.799177935747217 3.0519856290359013 0.127704545122762 5.808687281605183 227.00109378253975 36.49515767387344 25.509930125491014
3616 392.5746838230622 4316.88354653159 214.87854663411838 52.87361611784536 391 395 4315 4319 18.0 1.2536706111699714 1.0999065203961291 56.512623021287155 0.4798530227595372 0.1674101867721659 0.21645234238839203 0.0 3.4441703226602076 2.72423 21.210844362789963 11.415086663704729 3.392929960926862 0.04497692146421227 2.393653682408596 27.692245453666228 18.33112727891411 27.794104569050788
3617 2523.536970855903 4316.772401768571 214.85950759702524 52.86007908710431 2521 2526 4315 4318 16.0 1.3184498162670184 0.9544906398458001 0.8721555487032104 0.6898533254233368 0.15405767189095482 0.17864854858821827 0.0 2.687963041149173 2.5904098 30.23078358947643 12.088222976747574 3.6930480131595975 0.027900095967289755 2.256758334191025 49.00761050773981 19.48506676103786 27.17434118029268
3618 6597.45992778764 4319.605022381316 214.82311020903967 52.83420724524385 6593 6602 4315 4325 64.0 3.093152287545522 1.5440336158041288 52.303840821725444 0.8664994578006611 0.16907992512284273 0.2626988756172063 0.0 13.832462979643593 5.100668 58.55170802119814 19.236538168926018 3.0812927129651206 0.07086593925659543 4.51351666838205 100.6872665145183 31.173448887025422 26.39256362332172
3619 1575.4511190889139 4319.757715896624 214.86794589072778 52.86611805582209 1571 1580 4316 4323 57.0 2.331834118044772 1.7570326716125542 2.4200946946713344 0.6574500379873601 0.16647323387816818 0.32279965191111387 0.0 13.901201578994455 5.492172 36.49964195060099 18.012613047119103 2.6777330376793382 0.10203964518394483 4.259537945889915 31.649530288247448 28.588799962199122 27.64908182744484
3620 9314.15234756494 4322.248518407272 214.79885478971283 52.8169525090499 9308 9320 4317 4328 122.0 3.0303941643783516 2.5333701018088948 27.057998116978116 0.5487492590805747 0.2782929055570643 1.1031107245627763 0.0 73.5766148837488 9.282654 117.49495469232247 21.59026815029218 2.1070375455286947 0.2133392100238007 6.231677632421503 124.37314007642932 34.33713568575148 26.163183502009176
