outputs/dr0.5_c0.1/nircam2_f606w_dr0.5_c0.1.ecsv
# %ECSV 1.0
# ---
# datatype:
# - {name: label, datatype: int64}
# - {name: xcentroid, datatype: float64}
# - {name: ycentroid, datatype: float64}
# - {name: sky_centroid.ra, unit: deg, datatype: float64}
# - {name: sky_centroid.dec, unit: deg, datatype: float64}
# - {name: bbox_xmin, datatype: int64}
# - {name: bbox_xmax, datatype: int64}
# - {name: bbox_ymin, datatype: int64}
# - {name: bbox_ymax, datatype: int64}
# - {name: area, unit: pix2, datatype: float64}
# - {name: semimajor_sigma, unit: pix, datatype: float64}
# - {name: semiminor_sigma, unit: pix, datatype: float64}
# - {name: orientation, unit: deg, datatype: float64}
# - {name: eccentricity, datatype: float64}
# - {name: min_value, datatype: float64}
# - {name: max_value, datatype: float64}
# - {name: local_background, datatype: float64}
# - {name: segment_flux, datatype: float64}
# - {name: segment_fluxerr, datatype: float32}
# - {name: kron_flux, datatype: float64}
# - {name: kron_fluxerr, datatype: float64}
# - {name: kron_radius, unit: pix, datatype: float64}
# - {name: gini, datatype: float64}
# - {name: equivalent_radius, unit: pix, datatype: float64}
# - {name: kron4_2_flux, datatype: float64}
# - {name: kron4_2_fluxerr, datatype: float64}
# - {name: radius_kron20, unit: pix, datatype: float64}
# - {name: radius_kron50, unit: pix, datatype: float64}
# - {name: radius_kron80, unit: pix, datatype: float64}
# - {name: near_border, datatype: bool}
# meta:
#   PHOTMJSR: 0.3925000131130219
#   PIXAR_SR: 2.11539874851881e-14
#   __serialized_columns__:
#     area:
#       __class__: astropy.units.quantity.Quantity
#       unit: !astropy.units.Unit {unit: pix2}
#       value: !astropy.table.SerializedColumn {name: area}
#     eccentricity:
#       __class__: astropy.units.quantity.Quantity
#       unit: !astropy.units.Unit {unit: ''}
#       value: !astropy.table.SerializedColumn {name: eccentricity}
#     equivalent_radius:
#       __class__: astropy.units.quantity.Quantity
#       unit: !astropy.units.Unit {unit: pix}
#       value: !astropy.table.SerializedColumn {name: equivalent_radius}
#     kron_radius:
#       __class__: astropy.units.quantity.Quantity
#       unit: &id001 !astropy.units.Unit {unit: pix}
#       value: !astropy.table.SerializedColumn {name: kron_radius}
#     orientation:
#       __class__: astropy.units.quantity.Quantity
#       unit: &id002 !astropy.units.Unit {unit: deg}
#       value: !astropy.table.SerializedColumn {name: orientation}
#     radius_kron20:
#       __class__: astropy.units.quantity.Quantity
#       unit: *id001
#       value: !astropy.table.SerializedColumn {name: radius_kron20}
#     radius_kron50:
#       __class__: astropy.units.quantity.Quantity
#       unit: *id001
#       value: !astropy.table.SerializedColumn {name: radius_kron50}
#     radius_kron80:
#       __class__: astropy.units.quantity.Quantity
#       unit: *id001
#       value: !astropy.table.SerializedColumn {name: radius_kron80}
#     semimajor_sigma:
#       __class__: astropy.units.quantity.Quantity
#       unit: !astropy.units.Unit {unit: pix}
#       value: !astropy.table.SerializedColumn {name: semimajor_sigma}
#     semiminor_sigma:
#       __class__: astropy.units.quantity.Quantity
#       unit: !astropy.units.Unit {unit: pix}
#       value: !astropy.table.SerializedColumn {name: semiminor_sigma}
#     sky_centroid:
#       __class__: astropy.coordinates.sky_coordinate.SkyCoord
#       dec: !astropy.table.SerializedColumn
#         __class__: astropy.coordinates.angles.Latitude
#         unit: *id002
#         value: !astropy.table.SerializedColumn {name: sky_centroid.dec}
#       frame: icrs
#       ra: !astropy.table.SerializedColumn
#         __class__: astropy.coordinates.angles.Longitude
#         unit: *id002
#         value: !astropy.table.SerializedColumn {name: sky_centroid.ra}
#         wrap_angle: !astropy.coordinates.Angle
#           unit: *id002
#           value: 360.0
#       representation_type: spherical
#   astropy version: '5.1'
#   make_catalog parameters:
#     ab_zpt: 31.4
#     coadd_bands: !!python/tuple [f277w, f356w]
#     deblend_contrast: 0.001
#     deblend_nlevels: 32
#     deblend_npixels: 1
#     detect_kernel_fwhm: 4.0
#     detect_kernel_npix: 7
#     detect_npixels: 4
#     detect_threshold_nsigma: 3.0
#     flag_isolated_buffer: 4
#     hst_bands: !!python/tuple [f606w, f814w, f125w, f140w, f160w]
#     jwst_bands: !!python/tuple [f115w, f150w, f200w, f277w, f356w, f410m, f444w]
#     near_border_kernelsize: 21
#     reference_band: f200w
#   make_catalog version: 1.4.0
#   photutils version: 1.5.0
# schema: astropy-2.0
label xcentroid ycentroid sky_centroid.ra sky_centroid.dec bbox_xmin bbox_xmax bbox_ymin bbox_ymax area semimajor_sigma semiminor_sigma orientation eccentricity min_value max_value local_background segment_flux segment_fluxerr kron_flux kron_fluxerr kron_radius gini equivalent_radius kron4_2_flux kron4_2_fluxerr radius_kron20 radius_kron50 radius_kron80 near_border
[from data line 5244]
5245 10010.17900021135 5994.646565085376 214.83115977924197 52.89473193237616 10005 10015 5989 6001 102.0 2.1947749145223208 2.0174063939227556 54.12445299649725 0.39382366765133847 -0.23226385471770086 2.1000771744509765 0.0 50.19031648334811 2.630894 83.8570607643612 6.016743791337598 2.5002490581482024 0.50123908587397 5.698035485213008 140.51946132233095 9.587683531905167 1.8851142220376322 4.005639945754228 10.188245592003682 False
5246 6947.811859805938 6001.747491954026 214.8584601896156 52.91422871441497 6937 6956 5994 6010 211.0 4.059464069274102 3.2093241914179442 2.9395775003490905 0.6123609687117162 0.18383103047021648 2.313248909388162 0.0 182.53941832099048 3.7101128 338.36043231775284 9.769600131972727 2.4237545533927696 0.2938651177918301 8.19532708223289 374.4880319643156 15.724591243389753 3.8485802737680945 7.556572201960466 13.630689072665657 False
5247 6936.914501712025 6007.761838266996 214.8584942828648 52.9143303803205 6927 6948 5999 6015 228.0 4.2955077622164435 3.5309100321453553 1.0095856880505056 0.5694865978788147 -0.05924552718156571 1.6594854142672006 0.0 164.9520984893902 3.896132 344.54808925893053 10.906608823977475 2.5714673071317997 0.2863831807275767 8.51907589177983 368.9180041270989 17.77499484891861 4.605595841371826 8.784395239708516 17.41668899102273 False
5248 495.0840397472722 6006.72416223691 214.9161706386657 52.955235966431935 484 508 5999 6016 280.0 4.990203826758788 2.81955367898721 -18.02326206223161 0.825078757211708 -0.46350803941039465 2.216934363842967 0.0 90.0388912070998 5.3794627 94.88012604896417 7.24695222654552 1.4 0.5516061175844902 9.440697438826296 86.86527115287925 11.296039074978221 1.9537067277247948 3.961255399528472 7.330153219954221 False
5249 510.38877738034773 6001.299882881737 214.91609066888975 52.95510952147621 507 514 5999 6004 30.0 1.9789827349728473 1.0180019037369172 -16.502765508861597 0.8575463752069055 -0.18187052202528883 0.4760317977525422 0.0 5.549508804613204 1.610078 14.146159776794526 4.333359466079917 2.302844966999135 0.39678021482375764 3.0901936161855166 -0.8758722630093532 6.906539259081172 1.945125254046017 4.591781720574853 6.1388152189185865 False
5250 607.4117051817602 6012.179967014428 214.91510668612554 52.954552279086 606 608 6009 6016 18.0 2.585145505259545 0.670642606241973 -80.75697193054512 0.9657641683300996 -0.4286813595832232 0.19322573192829207 0.0 -1.1881721669563747 1.2223833 -2.233396190822088 2.123916988027835 1.4 -0.6279381817455293 2.393653682408596 -2.534384357115729 3.346056285089614 0.8374122706465991 1.6749565347460333 5.397948661408579 False
5251 607.3937320806633 6026.246034513332 214.91495861429223 52.954628319739754 605 609 6017 6036 64.0 5.377765969987728 1.0137452188885034 -85.93866836991138 0.9820718929116584 -0.35737908610847435 0.2821973641089196 0.0 -2.0836574083424058 2.3528025 -1.8597545513656468 4.246502704063326 1.4 -0.7036217704356742 4.51351666838205 -11.584608369655925 6.85670709384166 4.044697875465166 4.328033989738465 4.55641082420324 False
5252 nan nan nan nan 606 608 6037 6038 4.0 nan nan nan nan -0.26348638992318174 -0.12967228081549584 0.0 -0.7407156489684026 0.66767895 nan nan nan -0.1908282300228879 1.1283791670955126 nan nan nan nan nan False
5253 7302.568392660084 6048.684217315302 214.85479317958539 52.912227997971534 7285 7320 6024 6077 922.0 11.597171367427592 3.5961621239524604 -62.629353001504604 0.9507073396515682 -0.6657691740938835 2.4482420659956317 0.0 269.494474310592 10.353044 324.944270208789 17.187807405106042 1.8013511289264301 0.5805254347032327 17.131308037083887 356.1441384408396 28.033945502833294 4.760548829493901 9.118054406390847 20.875636541220395 False
5254 7285.368574894124 6081.904095809709 214.85459699478494 52.912516413175155 7284 7287 6078 6083 18.0 1.1603647055794037 0.8191346541700271 75.79428154908211 0.7082829835930908 -0.16359311542645355 0.3962739706863938 0.0 0.7010275804530688 1.4109758 3.283844690425733 4.0074484528763294 2.743807595832864 0.865785182818281 2.393653682408596 18.18068995736816 6.371161181307728 1.388175563342486 2.0937587237538686 3.0574767030374352 False
5255 9312.141519505863 6026.132438873701 214.83706584987567 52.89933760500661 9310 9314 6024 6028 18.0 1.199051642706069 0.9763382631936168 -32.07188549628234 0.5805021333873329 -0.1418071573502286 0.243720570191797 0.0 0.16569388779742766 1.0504283 24.19061337672528 9.017452826615054 7.355938269903919 1.0508771188702029 2.393653682408596 46.849685574693126 14.439723485983768 7.707465091349708 12.532651738717613 19.824603737870163 False
5256 9303.474999770771 6030.042573473186 214.83710211122406 52.89941375715955 9298 9309 6027 6034 50.0 2.573335219224792 1.2514917829919852 -24.056472543092404 0.8737748574183779 -0.1254007240985811 0.45959350131687476 0.0 8.219543616111629 1.777073 21.87611836119148 5.237620619231259 2.617050021195619 0.4084689657633261 3.989422804014327 34.24601330166976 8.480950256092726 2.402908107946273 4.636289290253427 7.264475061855084 False
5257 9297.121554788564 6034.790377262823 214.83710887602336 52.89947972637959 9295 9298 6034 6036 7.0 0.8734329563073376 0.33999302950744964 -22.41928408359519 0.9211276739073532 -0.1449863371910209 0.1549217419881036 0.0 0.2331232481749606 0.6666843 0.4384335964811566 1.6239416629585819 2.6645411230313285 0.23327047333870232 1.4927053303604616 4.703998748209863 2.6077278734637765 0.432241463470178 0.720428298243807 0.9924518811303132 False
5258 607.0 6043.0 214.91478558256765 52.95472125464182 607 607 6043 6043 1.0 0.28867513459481287 0.28867513459481287 0.0 0.0 0.35860859608015516 0.35860859608015516 0.0 0.35860859608015516 0.28070885 1.6658403901231436 1.1018591099554005 2.832957186817655 nan 0.5641895835477563 2.9713233025390204 1.7895345221154637 0.5575349698736591 1.2497708250177122 1.7232026374534015 False
5259 607.0 6044.0 214.914775044173 52.95472665247119 607 608 6044 6046 6.0 0.28867513459481287 0.28867513459481287 0.0 0.0 -0.28569830117718803 0.18055537122225362 0.0 -0.7725791062297617 0.71180195 0.05249851269814716 0.5098315082352893 1.4 -0.3034597560679812 1.381976597885342 -0.11357795150433611 0.8277545419075887 0.13605307288416996 0.2151187964894331 0.27210614576833697 False
5260 9257.52567862754 6057.257044039603 214.8372260701035 52.89985246153504 9254 9262 6054 6060 26.0 1.1528883902622407 1.028482932095678 -7.4398810872433625 0.4518530846099636 -0.23075037310218988 0.3421136948182628 0.0 0.8424935840636113 1.3206515 2.564112604910368 2.258716297856201 1.8196001612563155 0.5433480916785173 2.876813695875796 3.8691046226994907 3.5473216946007398 0.8535366090498085 1.7160686533055292 3.9081364877999625 False
5261 9252.343393670408 6060.350797939513 214.83723979325728 52.89990207148276 9248 9254 6059 6063 23.0 1.3905373273617885 0.6569108170585106 -34.522642594457416 0.8813761866906912 -0.14093790576434603 0.3000484088226327 0.0 0.04735489210647009 1.2106403 4.429021607021099 4.937002435421903 4.696563408987558 7.2950507411342445 2.7057581899030048 14.64471362904963 8.003238695985054 5.607036535896391 6.2554370128161185 6.750405283459227 False
5262 615.8066210271667 6061.5764830437965 214.9145109099662 52.95476561565374 615 617 6060 6064 11.0 0.9735744715368203 0.6691723366958692 86.41634290088008 0.7263400396738569 -0.07606319906079616 0.43486342917040044 0.0 2.456055684920713 0.99437547 3.7094132017311683 1.4968731155742965 1.4 0.3524327405526867 1.8712051592547776 1.8957812699040446 2.3251655778252265 0.7973418959542495 1.3243772592607344 1.8761110590428858 False
5263 615.0 6066.0 214.91447152016013 52.954794614013785 615 616 6065 6066 4.0 0.28867513459481287 0.28867513459481287 0.0 0.0 -0.23069728041412862 0.005629107432471528 0.0 -0.5505576971467213 0.5786951 -0.21831185858084745 0.5214460398966272 1.4 -0.4908802180313489 1.1283791670955126 -0.9299210698662681 0.8338449419585682 0.7070660946273034 0.8454525905907365 0.9501965918570187 False
5264 616.5219969767285 6072.742303436689 214.9143868298546 52.95482134473167 615 617 6067 6074 19.0 0.9029031104183242 0.3841664589601449 -66.99981256542637 0.9049682218407007 -0.4414405510391295 0.22735402234447258 0.0 -1.5935510419431915 1.3001899 0.7990633528604895 1.0991974533976714 1.4 -0.42080095352621016 2.4592453796829674 0.2819578187549892 1.7194950875758594 0.5833832615065492 1.0694686432017042 3.100610120864702 False
5265 9363.0548192736 6107.074744120342 214.83575813644472 52.89945041925123 9340 9385 6088 6124 917.0 10.215961587068987 4.971071025015789 -31.413620972632128 0.8736257511537311 -0.2971928033933324 1.590635389967996 0.0 348.3280109805224 7.8493547 636.7086074256301 20.230257659552898 2.464359220051641 0.4825881376690582 17.08479340321492 964.2162871432215 32.92230190215674 6.785329272829723 15.978096731189408 33.71570782639387 False
5266 9378.711221138667 6119.802089104085 214.83548413731515 52.89941953769663 9351 9415 6090 6143 1887.0 12.613595610085053 7.248301887296804 -28.010182539675277 0.8184048904196967 -0.2592678424061909 4.404368330079304 0.0 1640.110553252794 11.235945 2187.1432382242538 21.318850010189156 1.9915706313162629 0.5017450470594684 24.508177313476683 2526.657958188101 35.300356345599845 7.404592340304691 14.22047734722866 28.98710277274995 False
5267 9372.524740956122 6176.063436825364 214.8349467168929 52.89976214569336 9339 9411 6122 6196 3520.0 15.951090302415484 10.205053540798435 51.16084775510825 0.7685651448986147 -0.2570340625262502 15.787045730180502 0.0 6098.1730472841955 16.198053 11548.583508205533 36.351552805695654 2.2960710401237496 0.5325221823217151 33.47313548753602 12005.784787604623 57.91414933877556 12.426343928333422 27.673774327268962 50.91531119734657 False
5268 8209.074550497506 6107.71137035971 214.84606614705498 52.90678666150352 8203 8215 6100 6115 141.0 3.0237233543867834 2.3940434425847688 76.64237969563618 0.6108407737679338 -0.3423048587732801 1.368213352205259 0.0 39.31484588674505 3.6750002 47.52040945600457 5.0865942323616915 1.4 0.4465575471435102 6.699380116989518 54.256219947113806 7.710232251006473 1.8540517291256635 3.7485544394561656 6.077956785287427 False
5269 8204.465875061445 6116.328995552094 214.84601655874857 52.906862409133694 8199 8210 6110 6120 79.0 2.2786576010079918 1.8768636151013283 7.577551879552575 0.5670683342216732 -0.5666198766742921 1.5600697730556876 0.0 33.11944146390607 2.7865312 36.43291713173525 4.009734439563356 1.4 0.43393520554676507 5.014626706796775 36.494607925526 6.187191559005249 1.4435343931268851 2.573450472990717 4.229405406930649 False
5270 9810.169901709647 6144.524748572081 214.83136806486695 52.89681092060428 9800 9821 6138 6152 236.0 5.54830762956025 2.7106358360848812 -15.664467762555446 0.8725348767349655 -0.35556055911970513 0.6171519494846375 0.0 25.77186434514811 3.8647556 32.916795703468324 6.308292016301499 1.4487224918472443 0.46849463189044355 8.667244841319219 36.00925033844052 10.150975749486552 2.8155563594766932 7.411474009312136 11.890269265667872 False
5271 9798.18108286683 6147.974782520009 214.8314388482366 52.89690570780873 9794 9802 6143 6152 62.0 1.8566872311437572 1.7794113197818018 -42.18919582001914 0.2854967310709924 -0.2075449780942184 1.130732356813468 0.0 20.35817644472053 1.99795 32.61329421828307 4.743643677727104 2.324737965890427 0.41633207014360896 4.442433223290478 33.01359720809713 7.644315113299047 1.696784410376215 3.3247973332354954 7.7394454943692255 False
5272 5987.115889509447 6167.06967336434 214.86531126948339 52.92122341728612 5977 5995 6148 6185 510.0 8.821776193263101 3.2879285776753746 -84.60758463227486 0.9279494955603672 -0.25866803647422437 1.1777379565144535 0.0 136.9648695873169 5.802251 171.58285290677492 8.594699145025942 1.4 0.4409981806514336 12.741194683142286 144.79281976213522 13.609861553788981 4.5516570570365324 9.204477216783689 15.2893903775718 False
5273 5983.178363926239 6186.132748365386 214.86514563639656 52.921351246440004 5980 5987 6182 6190 44.0 2.2379175144804053 1.5375387031694128 65.73092314268784 0.7266196584397778 0.07725906678092152 0.7299663322575648 0.0 13.393780318585192 1.6854216 36.815149473624416 5.199126266127895 2.4934305756452093 0.2737167625622898 3.742410318509555 30.02828961588915 8.345902795921162 2.7047781415601757 4.8035590666661205 7.950266066839345 False
5274 6417.26304559609 6156.7953900791435 214.86157180095518 52.91843542396647 6415 6420 6156 6158 13.0 1.3135750119674785 0.8042926354143484 -8.510735161389759 0.7906310273565258 0.15504870465086296 0.374000505818759 0.0 3.2133966686194593 0.9169837 65.51594514214824 4.435067630375141 3.922777682577199 0.17585099959969525 2.0342144725641096 138.23386135716675 7.1542522063468885 4.554345293962131 7.210828873462256 8.993088074906368 False
5275 6400.413053335909 6161.719077296994 214.8616706401738 52.91856902278007 6397 6403 6160 6163 21.0 1.7456749837062162 0.8163789042185031 -0.011015722136091997 0.8839094849145218 0.019877205605030278 0.5600363637187048 0.0 5.634822299268024 1.1632965 89.2020072587375 5.176444600487808 3.897639265872751 0.3273696562147403 2.5854414729132054 204.44987694528595 8.282390824811653 4.757771807648303 7.889240530186742 10.458070139327162 False
5276 6415.677161254793 6168.134745506582 214.86146651207358 52.918506653419726 6406 6428 6157 6176 241.0 6.002891110024918 3.525198806890819 -25.23561042801764 0.8094054863598945 -0.04378331941615711 0.9401540486919078 0.0 89.60933508226724 3.9524705 990.6976476642132 18.721671470076714 3.652505204807254 0.2774302326105585 8.758577656805558 1498.181598224354 30.13398359918304 14.030774528760261 24.97719078850822 33.91596181864989 False
5277 6398.855843941948 6167.548743279784 214.86162314609257 52.91861035563993 6392 6405 6162 6170 59.0 3.7808367461081342 1.3401921678892625 20.65775960958164 0.9350674910887007 -0.1430178391152299 0.6457643407815221 0.0 17.41408512693414 1.9362098 317.02841966905504 9.787249933758126 3.865998744514499 0.3156895411684106 4.3336224206596095 636.7857948054098 15.639559074351078 7.595583284259491 13.621209560547555 18.23020828094303 False
5278 6406.07503107166 6179.006439464668 214.86143785217294 52.918626286387465 6405 6407 6177 6181 13.0 1.2050650842450463 0.7704729710595609 80.67247044500542 0.7689057648388075 0.21671388329074875 0.673944276163226 0.0 5.307963374899279 0.94151056 99.1475749492293 4.232099794011254 3.8755604969590394 0.16133644156523624 2.0342144725641096 232.77597765376868 6.785034161501448 3.9810353707668074 6.524305876977157 8.202718237742424 False
5279 7608.014721353716 6174.292112956424 214.85073855993878 52.91096467655327 7598 7619 6165 6183 268.0 4.22754679628972 2.738730935036913 -1.8050836257104683 0.7617850795835758 -0.2840078412027994 1.5236227279227283 0.0 60.98993254040184 3.838767 68.62192553246652 5.607951759870179 1.586307880683774 0.5441234063948281 9.23618154310838 70.82826240350275 8.997217847959769 2.501186755326304 4.124728424987804 6.633332780725762 False
5280 7611.995997162878 6182.313867462551 214.8506184464609 52.91098263570834 7603 7618 6178 6190 109.0 4.698264055483287 1.9651658958875244 -27.978028178723594 0.9083204906553483 -0.30017535230044967 0.42482341259907547 0.0 3.4244196694139477 2.4817264 8.16307627437954 4.1764085796376635 1.4 0.4331915548231216 5.890312181373172 4.578866672835769 6.525171277267343 3.1045442614505814 4.951232567075634 16.377350418420797 False
