outputs/dr0.5_c0.1/nircam3_f200w_dr0.5_c0.1.ecsv
# %ECSV 1.0
# ---
# datatype:
# - {name: label, datatype: int64}
# - {name: xcentroid, datatype: float64}
# - {name: ycentroid, datatype: float64}
# - {name: sky_centroid.ra, unit: deg, datatype: float64}
# - {name: sky_centroid.dec, unit: deg, datatype: float64}
# - {name: bbox_xmin, datatype: int64}
# - {name: bbox_xmax, datatype: int64}
# - {name: bbox_ymin, datatype: int64}
# - {name: bbox_ymax, datatype: int64}
# - {name: area, unit: pix2, datatype: float64}
# - {name: semimajor_sigma, unit: pix, datatype: float64}
# - {name: semiminor_sigma, unit: pix, datatype: float64}
# - {name: orientation, unit: deg, datatype: float64}
# - {name: eccentricity, datatype: float64}
# - {name: min_value, datatype: float64}
# - {name: max_value, datatype: float64}
# - {name: local_background, datatype: float64}
# - {name: segment_flux, datatype: float64}
# - {name: segment_fluxerr, datatype: float32}
# - {name: kron_flux, datatype: float64}
# - {name: kron_fluxerr, datatype: float64}
# - {name: kron_radius, unit: pix, datatype: float64}
# - {name: gini, datatype: float64}
# - {name: equivalent_radius, unit: pix, datatype: float64}
# - {name: kron4_2_flux, datatype: float64}
# - {name: kron4_2_fluxerr, datatype: float64}
# - {name: radius_kron20, unit: pix, datatype: float64}
# - {name: radius_kron50, unit: pix, datatype: float64}
# - {name: radius_kron80, unit: pix, datatype: float64}
# - {name: near_border, datatype: bool}
# meta:
#   PHOTMJSR: 1.891700029373169
#   PIXAR_SR: 2.11539874851881e-14
#   __serialized_columns__:
#     area:
#       __class__: astropy.units.quantity.Quantity
#       unit: !astropy.units.Unit {unit: pix2}
#       value: !astropy.table.SerializedColumn {name: area}
#     eccentricity:
#       __class__: astropy.units.quantity.Quantity
#       unit: !astropy.units.Unit {unit: ''}
#       value: !astropy.table.SerializedColumn {name: eccentricity}
#     equivalent_radius:
#       __class__: astropy.units.quantity.Quantity
#       unit: !astropy.units.Unit {unit: pix}
#       value: !astropy.table.SerializedColumn {name: equivalent_radius}
#     kron_radius:
#       __class__: astropy.units.quantity.Quantity
#       unit: &id001 !astropy.units.Unit {unit: pix}
#       value: !astropy.table.SerializedColumn {name: kron_radius}
#     orientation:
#       __class__: astropy.units.quantity.Quantity
#       unit: &id002 !astropy.units.Unit {unit: deg}
#       value: !astropy.table.SerializedColumn {name: orientation}
#     radius_kron20:
#       __class__: astropy.units.quantity.Quantity
#       unit: *id001
#       value: !astropy.table.SerializedColumn {name: radius_kron20}
#     radius_kron50:
#       __class__: astropy.units.quantity.Quantity
#       unit: *id001
#       value: !astropy.table.SerializedColumn {name: radius_kron50}
#     radius_kron80:
#       __class__: astropy.units.quantity.Quantity
#       unit: *id001
#       value: !astropy.table.SerializedColumn {name: radius_kron80}
#     semimajor_sigma:
#       __class__: astropy.units.quantity.Quantity
#       unit: !astropy.units.Unit {unit: pix}
#       value: !astropy.table.SerializedColumn {name: semimajor_sigma}
#     semiminor_sigma:
#       __class__: astropy.units.quantity.Quantity
#       unit: !astropy.units.Unit {unit: pix}
#       value: !astropy.table.SerializedColumn {name: semiminor_sigma}
#     sky_centroid:
#       __class__: astropy.coordinates.sky_coordinate.SkyCoord
#       dec: !astropy.table.SerializedColumn
#         __class__: astropy.coordinates.angles.Latitude
#         unit: *id002
#         value: !astropy.table.SerializedColumn {name: sky_centroid.dec}
#       frame: icrs
#       ra: !astropy.table.SerializedColumn
#         __class__: astropy.coordinates.angles.Longitude
#         unit: *id002
#         value: !astropy.table.SerializedColumn {name: sky_centroid.ra}
#         wrap_angle: !astropy.coordinates.Angle
#           unit: *id002
#           value: 360.0
#       representation_type: spherical
#   astropy version: '5.1'
#   make_catalog parameters:
#     ab_zpt: 31.4
#     coadd_bands: !!python/tuple [f277w, f356w]
#     deblend_contrast: 0.001
#     deblend_nlevels: 32
#     deblend_npixels: 1
#     detect_kernel_fwhm: 4.0
#     detect_kernel_npix: 7
#     detect_npixels: 4
#     detect_threshold_nsigma: 3.0
#     flag_isolated_buffer: 4
#     hst_bands: !!python/tuple [f606w, f814w, f125w, f140w, f160w]
#     jwst_bands: !!python/tuple [f115w, f150w, f200w, f277w, f356w, f410m, f444w]
#     near_border_kernelsize: 21
#     reference_band: f200w
#   make_catalog version: 1.4.0
#   photutils version: 1.5.0
# schema: astropy-2.0
label xcentroid ycentroid sky_centroid.ra sky_centroid.dec bbox_xmin bbox_xmax bbox_ymin bbox_ymax area semimajor_sigma semiminor_sigma orientation eccentricity min_value max_value local_background segment_flux segment_fluxerr kron_flux kron_fluxerr kron_radius gini equivalent_radius kron4_2_flux kron4_2_fluxerr radius_kron20 radius_kron50 radius_kron80 near_border
[from data line 3940]
3941 7493.308147608138 909.5939624862775 214.79879282068873 52.82853926301979 7489 7498 906 916 69.0 2.3520842988826174 1.858999443340051 -62.944689532078314 0.6126393498493091 -0.031085323507716034 1.2349946974424366 0.0 21.165342079392556 1.9155625 85.95780065858344 6.816305903827945 3.161718950714782 0.3463892569983923 4.686510657907603 174.01311017960842 10.760483546666672 3.937520271116112 8.84045703860207 14.013237603099727 False
3942 7504.8557424225255 921.6717703407967 214.79856276722356 52.82853091895134 7492 7518 902 937 624.0 4.39759987024827 3.3346929766008886 86.90551477959012 0.6519076052741486 -0.20533509703980263 46.88442277190951 0.0 1054.4951775873137 6.3056345 1049.8338017649485 6.216908750052761 1.4458197191171231 0.7231540615146295 14.093451279891855 1153.3190442104747 9.450849765385499 1.5494511467429275 3.1999476054704576 6.808729724296435 False
3943 7134.92802840997 908.5325524954575 214.80199978843567 52.830811914879774 7131 7139 904 914 77.0 2.3738376468953515 1.8693311015574643 -88.71270563634226 0.6163502001153223 -0.20203267361113075 1.0954324293131659 0.0 37.81538942098876 2.140618 73.87463118297588 5.448788500706463 2.53113211802248 0.33145258431604324 4.950743503369154 110.16915614890837 8.753572201044438 2.3532892995859913 4.8037520658206905 9.100311204447902 False
3944 7130.749833794591 922.3137884945905 214.8018920376173 52.83091272850213 7123 7140 914 931 239.0 3.252245581274709 2.377558186293682 45.8303299794245 0.6823225592859024 -0.07296688803651173 9.606007292344588 0.0 254.342906257682 3.985541 290.5647556925438 5.63588880548339 1.8723322006313277 0.6156531611326985 8.722159296752494 353.1653285831144 8.582938940969441 1.5666539192350748 3.2440106971566656 7.064818017563991 False
3945 2095.79025575012 924.8446823689369 214.8467993576697 52.86292664690215 2087 2102 913 931 184.0 4.503388925426146 3.4884727884933553 -89.08004909375428 0.632411274221525 -0.028860751101288933 3.5376396371015115 0.0 137.4528273322572 3.4733927 507.43815825122215 11.802277935932125 2.886303324158049 0.37463991916832307 7.653039857325812 816.9880317517269 19.256827634539405 6.248314334777085 12.335068685847585 21.922001559987457 False
3946 2096.03819505453 952.6589077491755 214.8465044096282 52.863075040994055 2039 2152 917 984 3350.0 5.4909095382228355 4.073769724487515 12.411979929392027 0.6704976599331641 -0.2571385539458648 7419.787570868789 0.0 69843.2325679507 74.49437 66599.63000869588 73.31505057908294 1.4 0.9335883063280545 32.654833007009834 69214.72996928239 73.96392723894698 0.8306767207568911 1.544025226775326 4.148956788879937 False
3947 2122.6789494939135 936.9250674029554 214.84643207564218 52.86282093292144 2114 2143 924 945 307.0 7.36056968011811 2.998188460323956 -32.292874863520964 0.913280585884304 -0.10751386483073996 5.0793287946504355 0.0 329.1507697657289 4.5485706 905.5197616623946 14.284808158039002 2.838536217405271 0.39474418038880704 9.885400096021595 1344.9428087796528 22.90226067335302 6.748596442427319 14.416681885614222 25.449436431829326 False
3948 2126.2894204515796 970.3523745061824 214.8460480208968 52.86297822511676 2114 2154 962 986 477.0 10.778087777639772 3.129162980666281 28.502556094080454 0.9569276907440859 -0.08588630218384428 7.517677259512432 0.0 480.47829506553796 5.65894 942.1016280960532 15.247473085470537 2.409149272962349 0.43782418681442503 12.322086499845234 1402.8979679484635 24.022884293547364 7.592179517591162 13.77874960703733 25.439363260781658 False
3949 2068.2022236641596 968.9195639648839 214.8465818743927 52.86333958386375 2044 2079 960 983 385.0 9.133390680884444 3.4752867954024973 -25.82094170722641 0.9247794945890176 -0.05627436575790261 8.887554540581698 0.0 377.0462373740198 5.0754247 852.674619218039 14.909778744150477 2.4734140687968975 0.45670088176157725 11.070199012698888 1333.1474231808731 23.903395207945593 7.608566503692369 13.234578068880024 24.81123623835262 False
3950 2096.2569843216284 980.7528769171697 214.8462067756841 52.86322512789256 2090 2103 974 994 171.0 5.279372971465193 2.651080456771667 -88.85763246257169 0.8647757725506933 -0.07284185051563456 4.6607674308402975 0.0 127.23220408581899 3.3264363 441.56246217133315 11.719513563786997 2.9165982336953373 0.43928570275376133 7.377736139048903 586.5830265528025 18.758118013662884 5.851813131322224 11.027348465113683 20.172215313236666 False
3951 4116.349220934751 925.5714956212043 214.82875149412007 52.85009070231582 4109 4122 919 931 132.0 2.710549708388873 2.5289655743092214 -49.863990344599415 0.3598546585193768 -0.06618231016518801 1.5859086491271523 0.0 56.42066153125149 2.861313 121.21217522802792 7.812729973677784 2.742242594991832 0.40644825539862545 6.4820448144285745 157.7338725328248 12.38403445743438 2.8944706278314745 6.920393521564202 14.560642031688804 False
3952 4111.3049273673705 933.2170039069664 214.82871605883577 52.8501639714097 4106 4118 927 939 86.0 2.7043114225127622 2.452228789140932 56.57382559832718 0.42159355721916875 0.013167734268628372 1.0041630877549155 0.0 39.67461288391331 2.3572743 134.92114302629284 7.959732099891125 2.9704536855736676 0.2665150687660806 5.232078956954491 215.75479057887415 13.071453541868916 3.9381188606711968 9.101124648117933 15.238253715383122 False
3953 4122.702042995477 946.0010192946546 214.82847979623932 52.85016044814636 4106 4141 931 961 688.0 7.379810344901117 5.104958537921689 22.394229044852914 0.722140342686053 -0.07944075303144014 2.0791902724761555 0.0 340.3572110925263 6.6039467 514.6579371541413 14.027302693515423 2.1244819808709186 0.3976030565610737 14.798554040663838 608.5729966223437 22.478600493145365 5.268446208143788 11.0763137115307 19.598344050828686 False
3954 7809.677379198662 939.9314870174743 214.79565271132833 52.82669134009456 7794 7826 920 956 647.0 6.762939419692593 5.11617747753111 -27.136772055500302 0.6539913311412733 -0.15302629512519259 6.206903260898349 0.0 682.692650431359 6.3230915 893.3644017747744 11.562247994314594 1.8945037678976124 0.4971891864926737 14.350836085779552 1011.762352744148 18.266774405298605 4.667094142867944 8.248323960715384 15.627976855129273 False
3955 7795.435367428773 965.1688220265653 214.79551414230284 52.826917849030565 7773 7818 940 996 1521.0 10.978062243288926 5.2513424789607175 -54.60105488579404 0.8781699506733648 -0.053228054291848056 14.646263545381029 0.0 3156.39576600427 10.232704 3478.2479188355956 13.570338267424546 1.6245060624788852 0.5594505994650789 22.003393758362495 3747.5785281806966 20.721306599550573 5.032238414733598 10.295425211762135 18.217055635168013 False
3956 2710.778990507181 939.6225167489646 214.8411518798789 52.85909859623246 2700 2721 930 954 301.0 5.015725823455218 3.340136240701348 -54.95710405443309 0.7460117510393209 -0.11844362873795895 2.031374167606864 0.0 117.3027682198474 4.415933 499.6308179961836 14.678182842098497 3.2308363232896276 0.41957320881814913 9.788323438736636 836.5812736826767 23.43999119770026 8.047893665843093 19.063728931740734 27.21550972520228 False
3957 2718.869168310218 948.4925505040703 214.84098628855858 52.85909500962598 2702 2733 927 969 554.0 9.550263318563248 3.6250545842846766 -49.84775818062785 0.9251603944121145 -0.16217498324765928 3.932669426605455 0.0 209.7115408520291 5.981502 602.6560572689693 19.18719739863687 2.9581807191999645 0.42861673590840205 13.279445656570912 866.227314046421 30.666120547392904 7.476859994876396 21.692198334569408 32.743070967664735 False
3958 2695.8843021971743 974.7546898012034 214.84091513531803 52.85938265166629 2685 2706 965 983 225.0 5.5963406182963835 2.5349060610094716 -41.604839692590105 0.8915319642715215 -0.013430473696422718 0.7631417572156778 0.0 61.32591122599098 3.6962347 196.60108450871618 12.691629344027756 3.0491800186432303 0.32161516294769193 8.462843753216344 323.80320759007776 20.22863034382202 6.251161911854048 14.004848102722667 22.122615218416122 False
3959 9095.164212288437 957.8523687609238 214.7840048609449 52.818614488346846 9069 9122 931 986 2163.0 11.255912789690194 8.76808146356528 72.57624001217009 0.6270542308460778 -0.2423689086328769 10.020320426733504 0.0 2524.7077349534447 12.912686 2822.90147011426 18.588884997414127 1.580389244800791 0.4771102776752089 26.239365156488432 2972.6228540297852 29.113451729281927 5.723690909352515 13.43430401043783 21.936805439593975 False
3960 9114.911362299452 974.0991192264307 214.78365791913077 52.818576432532964 9108 9124 963 983 198.0 4.392168375275468 2.5047283933972087 -48.520090961548725 0.8214562863405274 -0.15011128819093836 2.024696512870669 0.0 131.67727107018726 3.7608895 227.3441881109397 9.188476392015815 2.411065707562614 0.41013937336273304 7.938851142601841 325.1488193088968 14.646562905067706 3.12583995519013 6.6949881002848715 14.816039613851968 False
3961 1635.6019959718776 956.345007119422 214.85057802675038 52.86602043611319 1617 1654 936 979 898.0 6.29997687999973 4.3480747458102265 64.87585729922927 0.7236442870750871 -0.2285192036024126 19.073398463104834 0.0 700.0828536353199 7.7190003 791.7150250947604 10.497867212963161 1.799865412053959 0.6829976332128073 16.906870727400857 929.2897475823426 16.387905602567674 1.8777949340536684 4.839670430318902 13.147377186877165 False
3962 1598.4762899702878 984.9193249870673 214.8506088993632 52.866410397426115 1555 1649 934 1031 5808.0 16.397908783760432 14.042969793975468 -65.11737356798882 0.5163330862888409 -0.2394084936594199 44.02686858059544 0.0 8330.015335385895 20.487345 9020.710639257239 25.116834486881064 1.4298812657693505 0.5645930067178808 42.997021047456954 9408.111230238806 38.76195249430048 7.1875629733238116 18.845138952361832 30.179503440679373 False
3963 1625.4258120542913 994.7744207437172 214.85026445633292 52.86629230964705 1617 1641 987 1012 368.0 5.252600228809975 3.4634665288080084 50.696697514336755 0.7518086595995925 -0.0617950413823365 10.83820527544987 0.0 391.55780139360877 4.950895 459.9102562780129 6.68796786580093 1.8631586232793802 0.5384552053249693 10.823032759612019 561.0417590077486 11.320175618400663 2.6309760393842128 5.553580100023477 9.25910730806304 False
3964 1617.7053701024768 1003.9507360653988 214.8502368362718 52.86639084281927 1610 1633 996 1019 237.0 5.485319152178087 2.5577733631363357 43.887515139307375 0.884629624920866 -0.07855591736331645 3.551424656255443 0.0 223.45692442337523 4.0673265 268.0424350475423 5.818290602177791 1.8692222684888422 0.45477611488050707 8.685588237163813 327.21526399291315 9.782849526631848 3.0275652442608902 5.196966221717033 10.417943547546708 False
3965 1965.1866393530702 963.0565018620542 214.84756362988966 52.86396252285694 1944 1987 943 984 1264.0 8.507789590400499 6.595671411481639 -52.226616610513176 0.6316534373519703 -0.10561982406123632 22.17940818696937 0.0 2147.312079002203 9.780613 2361.395117726601 13.363863725341714 1.5403850115502336 0.521956517405943 20.0585068271871 2481.0960798283068 20.706117435081637 4.9878923325364255 9.812776207269875 15.842847993891983 False
3966 1937.204561569083 964.175672349169 214.84780176810204 52.86414635167362 1923 1947 951 977 407.0 6.303192138974152 4.4944543826261505 -40.45290834095234 0.7011191176703644 -0.041311953138908314 1.532212043618336 0.0 238.3656069984678 4.9960227 420.4769779243867 13.598540499424843 2.3405834843681603 0.296336720247489 11.382096629215674 495.79233212546507 21.80356290839331 5.832577103578198 10.143771937886068 17.882049122350754 False
3967 1979.1679543464809 970.014095598485 214.84736553213654 52.8639112018805 1975 1985 966 976 77.0 2.550862587436665 1.900236771317239 -18.39103755477634 0.6671326962907623 0.019695152754222945 2.046069032644041 0.0 53.6023849223284 2.2389855 130.39409159185925 6.102116539505921 2.741281232989429 0.3664858718533186 4.950743503369154 194.14159959185082 10.115438843240307 2.8127812342249277 6.407983211591284 11.183284349506593 False
3968 1947.1700972019578 977.1427744006418 214.84757628685338 52.864152949566375 1935 1957 968 986 256.0 3.8249290321429914 3.192069570079514 39.12268034446771 0.550942090063968 0.024039801392288025 6.95943507479055 0.0 353.3659634582974 4.205007 402.8678978673239 6.538146342636415 1.7655542074461725 0.46200251349940497 9.0270333367641 465.7210556535752 10.479525647287366 2.578710808735412 4.620182468185386 7.6130856303434316 False
3969 7149.271751203414 979.5871633100494 214.8011242067452 52.83110355821987 7123 7175 954 1023 2194.0 12.640667216985754 6.212142277422705 -55.49140298576683 0.8709108637864237 -0.37004704305641567 12.630457359674871 0.0 2453.2139076006315 11.522436 2592.1103901423166 14.657841098090278 1.5615529142512303 0.6166727177187171 26.42672681750876 2815.483419779898 22.9439488774354 4.813862515613797 9.807288736653293 19.355869847056397 False
3970 7089.946138836796 1031.6818023320782 214.8011050900115 52.83176138810509 7082 7098 1018 1050 402.0 6.945207870112154 2.8821584152182678 -82.44514930251566 0.9098281657359457 -0.079932244202207 4.707804720104001 0.0 300.8636048303482 4.7144794 385.80814146206706 9.169411259110332 1.9906364140032113 0.48092914026642447 11.311965976163641 441.39329702179276 14.583771061469186 3.3919024602657264 7.127888448008475 13.640966382911044 False
3971 7126.346621101974 1050.0213355765845 214.8005874953994 52.83162878578661 7088 7166 1018 1081 3579.0 14.304086463998834 8.678626130483872 13.79546550854014 0.7949129090010251 -0.18343677469312888 34.15644623445108 0.0 5730.417292820756 15.444094 5966.9060415075255 17.641117048517252 1.4221616438840676 0.5998726069420568 33.75249742836501 6256.392128065927 26.836039428649833 5.599490985062139 12.928845062154078 23.402575770131637 False
3972 7146.098099668125 1080.4526203508287 214.80009113588943 52.831667173074706 7137 7156 1075 1088 161.0 3.941585491653194 2.322150558592275 -25.852337338294678 0.8080300743061936 0.012150138700888187 1.8559919700640932 0.0 64.4478161413312 2.9969811 151.05376422393064 8.421277109000163 2.71056611294697 0.4096471474758232 7.158763278359629 183.26237468013733 13.450957783116365 3.507914123967458 8.515865203463287 13.656076962313389 False
3973 3723.387047100369 991.2241187740204 214.8315682287158 52.852941940028934 3717 3732 984 1000 187.0 3.1777701012684783 2.198193997639675 64.60210325977017 0.7221456448071838 -0.09747267236788072 5.141182614699876 0.0 154.15159049355884 3.6848664 165.5721667971751 5.121128039281271 1.6482397382999439 0.5745742216653917 7.715176518808164 190.23510309417617 8.10889310567021 1.656630220757387 3.115587613147825 5.682279959578446 False
3974 3734.1014265476447 997.0382052794646 214.8314113972636 52.85290519003678 3732 3736 995 999 18.0 1.2809172524782462 1.0145894355297531 -40.68226505326667 0.6104167899664532 0.11584023057492855 0.5114953218064928 0.0 5.424316128052227 1.1408352 51.36975942637714 5.118309597092815 3.8529232682168297 0.1931310691847482 2.393653682408596 78.49651498259462 8.10984016223553 3.7027206336291987 6.3136446298267135 8.062069717240103 False
3975 3726.487511031755 1009.4926333089476 214.83134829288502 52.8530207124665 3721 3733 999 1020 215.0 5.038603539476007 2.458085428754123 78.75871504519569 0.8729271769188769 -0.08616771475478299 1.1918090321519623 0.0 80.02409240019851 3.8742645 153.75301875855243 10.414999357954217 2.5724912396353683 0.36754297987942447 8.272643200907131 206.20443334671523 16.68521509324416 3.948720549569968 8.544274921648272 16.400928077043922 False
3976 4271.639488190126 987.9440559777888 214.82670906217263 52.84943997400021 4262 4277 985 991 93.0 3.8875969921963947 1.4874311768732127 -0.8178600993118128 0.9239101916630914 -0.1337087192787343 1.4782452161794215 0.0 31.954026043482127 2.3569462 37.96782785979508 3.667555699529888 1.4 0.4263782139121913 5.440847306724618 37.471479475518585 5.762221325329603 2.2701371649161897 3.8327745629296386 5.604104309838352 False
