outputs/dr0.5_c0.1/nircam6_f160w_dr0.5_c0.1.ecsv
# %ECSV 1.0
# ---
# datatype:
# - {name: label, datatype: int64}
# - {name: xcentroid, datatype: float64}
# - {name: ycentroid, datatype: float64}
# - {name: sky_centroid.ra, unit: deg, datatype: float64}
# - {name: sky_centroid.dec, unit: deg, datatype: float64}
# - {name: bbox_xmin, datatype: int64}
# - {name: bbox_xmax, datatype: int64}
# - {name: bbox_ymin, datatype: int64}
# - {name: bbox_ymax, datatype: int64}
# - {name: area, unit: pix2, datatype: float64}
# - {name: semimajor_sigma, unit: pix, datatype: float64}
# - {name: semiminor_sigma, unit: pix, datatype: float64}
# - {name: orientation, unit: deg, datatype: float64}
# - {name: eccentricity, datatype: float64}
# - {name: min_value, datatype: float64}
# - {name: max_value, datatype: float64}
# - {name: local_background, datatype: float64}
# - {name: segment_flux, datatype: float64}
# - {name: segment_fluxerr, datatype: float32}
# - {name: kron_flux, datatype: float64}
# - {name: kron_fluxerr, datatype: float64}
# - {name: kron_radius, unit: pix, datatype: float64}
# - {name: gini, datatype: float64}
# - {name: equivalent_radius, unit: pix, datatype: float64}
# - {name: kron4_2_flux, datatype: float64}
# - {name: kron4_2_fluxerr, datatype: float64}
# - {name: radius_kron20, unit: pix, datatype: float64}
# - {name: radius_kron50, unit: pix, datatype: float64}
# - {name: radius_kron80, unit: pix, datatype: float64}
# - {name: near_border, datatype: bool}
# meta:
#   PHOTMJSR: 0.3925000131130219
#   PIXAR_SR: 2.11539874851881e-14
#   __serialized_columns__:
#     area:
#       __class__: astropy.units.quantity.Quantity
#       unit: !astropy.units.Unit {unit: pix2}
#       value: !astropy.table.SerializedColumn {name: area}
#     eccentricity:
#       __class__: astropy.units.quantity.Quantity
#       unit: !astropy.units.Unit {unit: ''}
#       value: !astropy.table.SerializedColumn {name: eccentricity}
#     equivalent_radius:
#       __class__: astropy.units.quantity.Quantity
#       unit: !astropy.units.Unit {unit: pix}
#       value: !astropy.table.SerializedColumn {name: equivalent_radius}
#     kron_radius:
#       __class__: astropy.units.quantity.Quantity
#       unit: &id001 !astropy.units.Unit {unit: pix}
#       value: !astropy.table.SerializedColumn {name: kron_radius}
#     orientation:
#       __class__: astropy.units.quantity.Quantity
#       unit: &id002 !astropy.units.Unit {unit: deg}
#       value: !astropy.table.SerializedColumn {name: orientation}
#     radius_kron20:
#       __class__: astropy.units.quantity.Quantity
#       unit: *id001
#       value: !astropy.table.SerializedColumn {name: radius_kron20}
#     radius_kron50:
#       __class__: astropy.units.quantity.Quantity
#       unit: *id001
#       value: !astropy.table.SerializedColumn {name: radius_kron50}
#     radius_kron80:
#       __class__: astropy.units.quantity.Quantity
#       unit: *id001
#       value: !astropy.table.SerializedColumn {name: radius_kron80}
#     semimajor_sigma:
#       __class__: astropy.units.quantity.Quantity
#       unit: !astropy.units.Unit {unit: pix}
#       value: !astropy.table.SerializedColumn {name: semimajor_sigma}
#     semiminor_sigma:
#       __class__: astropy.units.quantity.Quantity
#       unit: !astropy.units.Unit {unit: pix}
#       value: !astropy.table.SerializedColumn {name: semiminor_sigma}
#     sky_centroid:
#       __class__: astropy.coordinates.sky_coordinate.SkyCoord
#       dec: !astropy.table.SerializedColumn
#         __class__: astropy.coordinates.angles.Latitude
#         unit: *id002
#         value: !astropy.table.SerializedColumn {name: sky_centroid.dec}
#       frame: icrs
#       ra: !astropy.table.SerializedColumn
#         __class__: astropy.coordinates.angles.Longitude
#         unit: *id002
#         value: !astropy.table.SerializedColumn {name: sky_centroid.ra}
#         wrap_angle: !astropy.coordinates.Angle
#           unit: *id002
#           value: 360.0
#       representation_type: spherical
#   astropy version: '5.1'
#   make_catalog parameters:
#     ab_zpt: 31.4
#     coadd_bands: !!python/tuple [f277w, f356w]
#     deblend_contrast: 0.001
#     deblend_nlevels: 32
#     deblend_npixels: 1
#     detect_kernel_fwhm: 4.0
#     detect_kernel_npix: 7
#     detect_npixels: 4
#     detect_threshold_nsigma: 3.0
#     flag_isolated_buffer: 4
#     hst_bands: !!python/tuple [f606w, f814w, f125w, f140w, f160w]
#     jwst_bands: !!python/tuple [f115w, f150w, f200w, f277w, f356w, f410m, f444w]
#     near_border_kernelsize: 21
#     reference_band: f200w
#   make_catalog version: 1.4.0
#   photutils version: 1.5.0
# schema: astropy-2.0
label xcentroid ycentroid sky_centroid.ra sky_centroid.dec bbox_xmin bbox_xmax bbox_ymin bbox_ymax area semimajor_sigma semiminor_sigma orientation eccentricity min_value max_value local_background segment_flux segment_fluxerr kron_flux kron_fluxerr kron_radius gini equivalent_radius kron4_2_flux kron4_2_fluxerr radius_kron20 radius_kron50 radius_kron80 near_border
[from data line 1288]
1289 8409.931061228432 1712.3519839849662 214.8343631783772 52.808634734450635 8406 8410 1710 1714 19.0 0.9062421065832884 0.21711067780259807 -81.46561375547299 0.9708784795990483 -0.18153696575566536 0.060494314185109414 0.0 -1.0827008464864862 2.5651052 0.9696686681947878 4.207771651016967 3.683469846757958 -0.4978673014443325 2.4592453796829674 -1.2464090052359245 6.808869759286211 1.3070389719140127 2.559972444924366 nan False
1290 4236.721970175583 1715.7634427940377 214.8715666848341 52.835167499833915 4232 4241 1711 1721 76.0 2.5611282883775957 2.0118331251997046 -58.568807522231914 0.6188285227398858 0.1282083451710284 0.4663632382172743 0.0 21.23695530681989 5.369883 96.59084258998942 19.907004327982346 3.259885933156662 0.18078399890901195 4.918490759365935 72.53828334788258 31.73113294176764 4.554722675485314 8.8542423478705 13.98662118000906 False
1291 8058.916063565037 1714.6546379229121 214.83746948138557 52.81087776060673 8054 8064 1711 1718 75.0 2.500085986006696 2.018810619491214 -3.6122030269500134 0.589872396176389 0.0717394318089541 0.4594989557614275 0.0 22.67790691061084 5.0323358 54.58649181554581 15.448666488372078 2.658494673546497 0.18214995224812877 4.886025119029199 72.17162220304347 25.04268682540578 2.9823591726267744 5.543561904588094 10.510934088219331 False
1292 2225.7078166700308 1717.1596135430154 214.88951339180596 52.84794779111121 2221 2229 1713 1721 67.0 2.174021685314937 2.0488795246245015 -76.78442420575676 0.3343824024153936 0.3795880136104516 1.5111268998008998 0.0 62.8145325144673 4.8884306 132.50061133357022 13.939861408630604 2.3855205932023815 0.1983137498297912 4.61809077155419 142.97842026905877 22.201827599282925 2.5755534854701114 4.707422726026955 7.421352148392792 False
1293 8791.378443703 1716.0433949486817 214.83092281464332 52.80623053674006 8790 8793 1714 1718 16.0 1.2634145110227213 0.9585865996076756 -88.46311907654892 0.6514088286913932 0.2030763563216344 0.36074570912755055 0.0 4.784303191944542 2.3406632 26.665196171024952 9.363135751641916 3.26056981180413 0.08544570176728639 2.256758334191025 48.03491257472675 15.032149965093554 2.390762368858939 4.3640507727838855 7.239068932496367 False
1294 2900.672400024691 1717.103290748737 214.88348435564177 52.843660818242356 2899 2902 1716 1718 6.0 1.2889547408655873 0.33316004284046846 40.03432829197794 0.9660184732097186 0.04417356858482309 0.11992729628642648 0.0 0.4865871624395226 1.4627892 11.095665904526372 6.924826673977118 4.000360009395115 0.1847652374336141 1.381976597885342 15.397698613143536 11.326386219427798 2.877367121845149 4.3865438668685455 5.790585757017976 False
1295 9122.5146470293 1721.8662691987854 214.82790900202724 52.80415747451316 9119 9126 1716 1729 80.0 3.0660519817731187 1.7630291169380796 80.47626079668109 0.818142124425415 0.051632935812723275 0.522840180734751 0.0 28.157814092303866 5.3111405 66.56960595702606 15.51735729594845 2.5616024058096123 0.19404335867326655 5.046265044040321 65.75514446274245 24.907518807364593 3.1115554371791077 5.5984097659408665 8.344847426677088 False
1296 3536.1973404354576 1721.8676806982648 214.8777580409926 52.839650050852306 3532 3540 1717 1727 73.0 2.410449213666909 1.9308165895425764 70.91603586777461 0.5986383853241773 0.042379430278753814 0.31978454498773107 0.0 13.048121962524508 5.258998 22.568411029186322 8.114316731331174 1.4 0.2618750206682311 4.820437914901168 20.783613454451284 12.903070869985827 2.3065074454355963 4.204697973865079 6.185142073509321 False
1297 3206.48542230397 1727.777571450681 214.88064060016606 52.84177609909718 3195 3214 1718 1738 252.0 5.7208695826161176 2.915587000950275 45.40608275933476 0.860387430816444 0.009026111185788496 0.9672101493622918 0.0 139.28129422129263 9.580516 244.39231294343557 21.36998701928763 1.9596265221132945 0.2355207086532133 8.95623198216277 245.14506807735086 34.339878337650106 4.4796549130133565 8.555978891895421 13.55474917971665 False
1298 4469.760196523398 1720.595513773722 214.86943517713135 52.83371326848407 4469 4470 1719 1722 6.0 1.0123588587657233 0.42671723420894986 89.09516481303329 0.9068247398958107 0.16754279756445928 0.33606550078385755 0.0 1.5189115097019634 1.566411 46.06227979123429 7.254605945132511 4.104794759379262 0.15044133756651837 1.381976597885342 136.29980653077521 11.521123123658775 3.188464773318397 4.836066975843283 5.978688933637195 False
1299 6773.364501847625 1733.1083714454176 214.84874333888646 52.81914592121075 6760 6787 1719 1748 613.0 5.3750810070162185 4.969548397486188 -85.36576845889755 0.38105296536780275 0.010996259278620942 3.423340300992453 0.0 496.3045323948835 14.602989 562.777077468573 22.143777066293946 1.634583966735869 0.4682026782720983 13.968677826861914 603.0729226280215 35.37784844557739 3.5601827192255513 6.796106644135165 11.478581383108814 False
1300 8889.71833532041 1722.7994728211668 214.82997490528646 52.8056419888919 8885 8894 1719 1727 57.0 2.838740569155831 1.5528059147168312 -45.745408014286305 0.8371291939139821 0.0757031842401194 0.32089474187041966 0.0 12.304095734483443 4.4318705 196.531318855705 19.873823757217007 3.941278002603516 0.1610810729488747 4.259537945889915 314.63832516204207 29.98042565608938 8.83409044907223 14.293080482911249 18.046215674519072 False
1301 559.6031511385762 1722.555615416456 214.90434547189696 52.858556956117354 557 563 1720 1725 33.0 1.653569495539662 1.4558432750422292 -15.588082853357252 0.47418615488917976 0.11820477711048134 0.3921887288254952 0.0 8.200952604893034 3.5770009 54.71182451021549 14.780339363052637 3.4353201214011837 0.18017884421456232 3.2410224072142872 79.69583436241925 23.646239853488268 3.6900189235513268 6.290577233543611 9.431985604384138 False
1302 1705.126610795303 1732.1967117144231 214.89400655928492 52.85133490974711 1688 1722 1722 1743 625.0 7.111283096489237 4.41718694365907 -12.215799512401308 0.7836901990969724 0.1310972103912423 3.051680960833389 0.0 652.4368780126317 16.006147 778.682558798636 28.65134247275602 1.8161883639581677 0.37627436527645475 14.104739588693908 875.8349011091004 45.88315073332528 4.4353032187874435 8.233703614250308 13.429987050624906 False
1303 1294.3894943392222 1724.1878898589855 214.89776113673776 52.853899975273094 1293 1297 1723 1726 15.0 1.0774235605193325 1.006117700481717 43.303069467293255 0.35774798445407147 0.038320851647015666 0.23718823262082006 0.0 2.4167503377063895 2.4643474 19.09761705858687 9.850099687596876 3.4328144662625055 0.1771685120609526 2.1850968611841584 44.75848985980244 15.80554437599891 2.7432540253288544 5.038155966788584 7.60422698591561 False
1304 3042.488161511335 1733.62912614644 214.88204385688113 52.84284927023461 3031 3054 1723 1744 385.0 4.867778339877282 4.025042300100668 -27.858127190399955 0.5623863306114735 0.06703210053946664 2.089188063375999 0.0 258.767622066126 11.839139 358.65177165489257 24.30992641413279 2.036839832003743 0.3707173260156417 11.070199012698888 397.63239149357975 38.83221581197752 3.6751713385455873 7.2441738416732955 13.178221586287604 False
1305 4306.934836583569 1729.8161370537337 214.87079200821438 52.834797300476346 4302 4312 1724 1736 107.0 3.2803865603132003 2.119688510619131 -60.24250976194026 0.763193217429481 0.044838409409801314 0.397978919496443 0.0 19.87874842045219 6.671459 38.30665015391023 14.480087581339415 2.021378752277376 0.24765078896295434 5.836022431559495 1.1816514264649811 23.06215258172538 2.9901491481603015 5.661751266978855 8.626788086907558 False
1306 7362.206717826969 1727.4056508994777 214.84354994569514 52.815373679380095 7359 7364 1724 1730 30.0 1.8291235457257131 1.1613274331944294 72.48234674584953 0.7725867342140558 0.0169572247240379 0.21665902368920587 0.0 4.742534198872734 3.3434641 15.798987361043618 10.819700857858416 2.74671542848064 0.18084381224337612 3.0901936161855166 21.07129145004564 17.526948214644527 2.3739272169955323 4.236573970934022 11.014414501477738 False
1307 nan nan nan nan 2773 2775 1725 1727 6.0 nan nan nan nan -0.09240598083062757 -0.032429786665456914 0.0 -0.34329627260479695 1.5766889 nan nan nan -0.2500903249115747 1.381976597885342 nan nan nan nan nan False
1308 9664.621898248535 1726.7164787319073 214.8230248963977 52.80073823616294 9663 9666 1725 1728 11.0 0.9473895497508578 0.8566992909986664 6.9051102814520435 0.42695361069981097 0.09387498145386373 0.20372615281029738 0.0 1.8084098403521733 2.0212574 8.849707248383044 7.6610440542200715 3.1527707957081743 0.12271725601257666 1.8712051592547776 9.78518415969442 12.287266955685048 1.826459703336178 3.3682106083619407 5.649878902992731 False
1309 4469.633227338126 1728.1793503814495 214.86935656906869 52.833754981004695 4469 4470 1727 1729 5.0 0.782288917158709 0.44204838993600687 -72.69861233907282 0.8250426228331234 0.27278700952882945 0.31946387842751384 0.0 1.493001752981863 1.4146712 35.71864504521052 6.474977880789782 4.098734521462479 0.044228036783581205 1.2615662610100802 96.90612402274408 10.313722825195267 2.800153226492425 4.389672397363509 5.473372067433551 False
1310 8267.487812323729 1735.206564120296 214.83539324171218 52.8096631410558 8262 8273 1729 1740 110.0 2.907673804350672 2.85097864302842 67.67711239208622 0.1965113992299893 0.04908277582706088 0.327700621150967 0.0 21.30623102407393 6.2787356 104.66516807351275 22.622883882879247 3.0009082923029604 0.18520591580006265 5.917270272703197 100.19603449732932 36.32852210809828 5.709526738194336 9.906354392612853 16.76829700895625 False
1311 9832.296692145612 1730.6141313621329 214.82148918569467 52.79969354017636 9831 9834 1730 1731 6.0 0.8852608363122915 0.4805547910981132 -6.000810651688608 0.8398362824121058 0.09340323830933711 0.2271914280557555 0.0 1.0620650221295338 2.0502298 7.236313495289915 8.69239961885554 3.6084695243744362 0.15911966495100496 1.381976597885342 5.754121143182061 13.952949929599452 1.5792786040028428 2.6587843111063454 3.688807527276761 False
1312 1673.3860804123156 1746.7229799747436 214.8941374205755 52.85161485830015 1662 1688 1731 1759 550.0 5.232305085915383 4.389136476740284 -84.88702243846782 0.5443575227749152 -0.059788775236600665 2.8503675515772167 0.0 343.7509507328599 14.587168 369.2316665553843 19.78535002381309 1.4745068648133886 0.4914754184025333 13.231418571003069 379.41866664832224 33.85744067682487 3.156757483774227 6.0683843361437635 9.881537018696813 False
1313 4432.583521962401 1746.3571734394802 214.86949622556048 52.83408837778391 4424 4440 1731 1758 347.0 5.253024342895664 3.2178237725726526 81.97263785505005 0.7904194925822319 -0.12280309337153024 0.9102860464955651 0.0 91.51177332014547 11.272331 100.61876210622269 15.462836696344908 1.4 0.4325807885684308 10.509687459947386 81.28940323478778 24.74025525417512 2.9901579762119823 5.469854696840246 8.614669609919348 False
1314 8994.889566317543 1731.7383476075215 214.8289431629246 52.805021784345925 8994 8996 1731 1732 4.0 0.6975601974188292 0.4362851068950986 -5.624589609663124 0.7802687514337147 0.15384889088634895 0.24199320508704908 0.0 0.7981651271538972 1.2292205 14.196594540530839 5.590579431151366 3.7964481931019125 0.11684864536097145 1.1283791670955126 28.650497019981014 8.925094343194985 2.096903004797632 3.371781528406104 4.416102860904325 False
1315 7085.447792141293 1737.0249472276037 214.8459178017453 52.817184094431944 7082 7088 1734 1740 26.0 1.826442889080703 1.001046729430605 -43.85046327985343 0.8364223607148676 0.09100753021687176 0.3148465080980397 0.0 5.723779698202166 2.9686015 22.412125158029255 11.27345229378596 3.201370463793665 0.15929234379544394 2.876813695875796 26.634890108660592 18.313112139716598 2.4292610467226496 5.139525941727588 7.8049206961205835 False
1316 3839.7683284395966 1762.1505874721165 214.8746234823008 52.83793915390517 3810 3872 1736 1789 2597.0 8.796971761277046 8.631506613102017 -41.780206942098005 0.19304110920934764 -0.061516002386940084 15.106494249857494 0.0 5658.5767664459345 31.071957 5733.6206176940805 33.560432265547334 1.4242373873300354 0.6374345360959628 28.751535166305544 6016.255160327973 53.541606534679744 5.389308340169215 9.829603437296246 15.953918469927869 False
1317 195.15766839809854 1743.7431101639636 214.90738041628077 52.86098535168345 189 201 1737 1750 136.0 3.1589514448885354 2.75560166147353 -34.88464119771007 0.48894378628326024 0.08351609215088815 1.0115753065215574 0.0 75.70666650044008 7.206066 146.5381528145596 17.492525491226342 2.1926428080188294 0.21635252575733432 6.579524642479541 180.65901968047564 28.322857513627685 3.3347123306465534 6.306881626076297 9.698529999062737 False
1318 3181.098281324029 1738.0 214.8807598564521 52.841992491052544 3180 3183 1738 1738 4.0 1.0158099119163597 0.28867513459481287 0.0 0.9587702828920884 0.04906693008614958 0.16823058007942834 0.0 0.5030528184887761 1.1958951 4.436270329305548 4.7750123895174585 3.341231869815932 0.26914610034701314 1.1283791670955126 13.476407699915839 7.660237327501326 1.3857312648332674 2.453921100649071 4.774592142994236 False
1319 1879.5168922679381 1741.5143906311964 214.8923503539269 52.8502777303371 1879 1880 1741 1742 4.0 0.5010944104077157 0.49840942294044066 45.835523601469454 0.10338173232099936 0.3057698488640662 0.3463108756502061 0.0 1.2959485184525674 1.0965393 12.509965193829917 4.593721661608435 3.9395571916616228 0.03211677804832146 1.1283791670955126 17.039680088798214 7.189766461579526 1.6282593284213007 2.8014116673366707 3.9657322774350106 False
1320 2969.040693712005 1749.9385691673324 214.88252839626807 52.84340374403513 2965 2973 1743 1759 107.0 3.8462977463795256 2.0113633189539124 84.84057535641037 0.8523726254704156 0.0242114944132981 0.34615472626192356 0.0 22.244226064543053 6.2991266 102.4313828596101 24.69724042405486 3.3081018585462667 0.20666580123762637 5.836022431559495 54.627754279377434 39.61642061402959 5.6400140156865115 9.893099786504834 13.495572336743823 False
1321 3163.804138910833 1747.289778102662 214.88081663695604 52.842152449680114 3158 3168 1743 1752 79.0 2.952814419849847 1.8695043616965745 -49.13223766294325 0.7740485346096188 0.08299811599993057 0.437681395725085 0.0 22.25610034292186 5.5349755 114.47577510015108 19.685102125541864 3.1458496245772904 0.21263177989880513 5.014626706796775 191.71820768746545 31.590595390454215 4.981600979976143 9.019762523958768 13.417829985858905 False
1322 6709.5949914553885 1746.411951315138 214.84917244131088 52.81962283153748 6706 6714 1743 1749 53.0 2.1161079409488477 1.4996167520054595 -24.65795749674539 0.705542691695725 -0.03219249244527667 0.17427820796440413 0.0 4.582055069136075 4.3181424 9.034087447765693 9.875757631858002 2.1003436637231494 0.2933345058577254 4.1073621666150775 -1.231622253447234 15.683025867863645 2.0445346459104603 4.128299827272548 7.351728637601572 False
1323 9095.600473275981 1747.2799363652912 214.82788180640776 52.80446550753597 9092 9101 1743 1752 74.0 2.202978542125992 2.077960856280554 -46.47901908848846 0.3320817437097585 0.2497957263438412 2.227511747295272 0.0 83.45880008438291 5.21353 167.87082790123844 13.899110573891383 2.416753968237196 0.2835049131988479 4.853342309955121 188.0043483438661 21.91225923867299 2.4724662799201877 4.634238747398143 7.8804591625444464 False
