outputs/dr0.5_c0.1/nircam6_matched_f115w_f277w_dr0.5_c0.1.ecsv
# %ECSV 1.0
# ---
# datatype:
# - {name: label, datatype: int64}
# - {name: xcentroid, datatype: float64}
# - {name: ycentroid, datatype: float64}
# - {name: sky_centroid.ra, unit: deg, datatype: float64}
# - {name: sky_centroid.dec, unit: deg, datatype: float64}
# - {name: bbox_xmin, datatype: int64}
# - {name: bbox_xmax, datatype: int64}
# - {name: bbox_ymin, datatype: int64}
# - {name: bbox_ymax, datatype: int64}
# - {name: area, unit: pix2, datatype: float64}
# - {name: semimajor_sigma, unit: pix, datatype: float64}
# - {name: semiminor_sigma, unit: pix, datatype: float64}
# - {name: orientation, unit: deg, datatype: float64}
# - {name: eccentricity, datatype: float64}
# - {name: min_value, datatype: float64}
# - {name: max_value, datatype: float64}
# - {name: local_background, datatype: float64}
# - {name: segment_flux, datatype: float64}
# - {name: segment_fluxerr, datatype: float32}
# - {name: kron_flux, datatype: float64}
# - {name: kron_fluxerr, datatype: float64}
# - {name: kron_radius, unit: pix, datatype: float64}
# - {name: gini, datatype: float64}
# - {name: equivalent_radius, unit: pix, datatype: float64}
# - {name: kron4_2_flux, datatype: float64}
# - {name: kron4_2_fluxerr, datatype: float64}
# - {name: kron4_2_mag, datatype: float64}
# meta:
#   PHOTMJSR: 2.962800025939941
#   PIXAR_SR: 2.11539874851881e-14
#   __serialized_columns__:
#     area:
#       __class__: astropy.units.quantity.Quantity
#       unit: !astropy.units.Unit {unit: pix2}
#       value: !astropy.table.SerializedColumn {name: area}
#     eccentricity:
#       __class__: astropy.units.quantity.Quantity
#       unit: !astropy.units.Unit {unit: ''}
#       value: !astropy.table.SerializedColumn {name: eccentricity}
#     equivalent_radius:
#       __class__: astropy.units.quantity.Quantity
#       unit: !astropy.units.Unit {unit: pix}
#       value: !astropy.table.SerializedColumn {name: equivalent_radius}
#     kron_radius:
#       __class__: astropy.units.quantity.Quantity
#       unit: !astropy.units.Unit {unit: pix}
#       value: !astropy.table.SerializedColumn {name: kron_radius}
#     orientation:
#       __class__: astropy.units.quantity.Quantity
#       unit: &id001 !astropy.units.Unit {unit: deg}
#       value: !astropy.table.SerializedColumn {name: orientation}
#     semimajor_sigma:
#       __class__: astropy.units.quantity.Quantity
#       unit: !astropy.units.Unit {unit: pix}
#       value: !astropy.table.SerializedColumn {name: semimajor_sigma}
#     semiminor_sigma:
#       __class__: astropy.units.quantity.Quantity
#       unit: !astropy.units.Unit {unit: pix}
#       value: !astropy.table.SerializedColumn {name: semiminor_sigma}
#     sky_centroid:
#       __class__: astropy.coordinates.sky_coordinate.SkyCoord
#       dec: !astropy.table.SerializedColumn
#         __class__: astropy.coordinates.angles.Latitude
#         unit: *id001
#         value: !astropy.table.SerializedColumn {name: sky_centroid.dec}
#       frame: icrs
#       ra: !astropy.table.SerializedColumn
#         __class__: astropy.coordinates.angles.Longitude
#         unit: *id001
#         value: !astropy.table.SerializedColumn {name: sky_centroid.ra}
#         wrap_angle: !astropy.coordinates.Angle
#           unit: *id001
#           value: 360.0
#       representation_type: spherical
#   astropy version: '5.1'
#   kernelfile: kernel_f115w_f277w.fits
#   make_catalog parameters:
#     ab_zpt: 31.4
#     coadd_bands: !!python/tuple [f277w, f356w]
#     deblend_contrast: 0.001
#     deblend_nlevels: 32
#     deblend_npixels: 1
#     detect_kernel_fwhm: 4.0
#     detect_kernel_npix: 7
#     detect_npixels: 4
#     detect_threshold_nsigma: 3.0
#     flag_isolated_buffer: 4
#     hst_bands: !!python/tuple [f606w, f814w, f125w, f140w, f160w]
#     jwst_bands: !!python/tuple [f115w, f150w, f200w, f277w, f356w, f410m, f444w]
#     near_border_kernelsize: 21
#     reference_band: f200w
#   make_catalog version: 1.4.0
#   photutils version: 1.5.0
# schema: astropy-2.0
label xcentroid ycentroid sky_centroid.ra sky_centroid.dec bbox_xmin bbox_xmax bbox_ymin bbox_ymax area semimajor_sigma semiminor_sigma orientation eccentricity min_value max_value local_background segment_flux segment_fluxerr kron_flux kron_fluxerr kron_radius gini equivalent_radius kron4_2_flux kron4_2_fluxerr kron4_2_mag
[from data line 747]
748 6264.783894455758 1089.4530932262376 214.86004817574866 52.81890620078619 6257 6274 1083 1096 185.0 3.4568124879887168 2.5520620421469373 -3.357373052223231 0.6745049614002918 0.036668682593835274 1.0115321399167199 0.0 56.550988896388404 3.1146142 85.37367461258917 6.702574519972733 2.1967516220652703 0.41365954116240083 7.673807981960539 104.68418798881957 10.728883972994195 26.35029727831949
749 1513.7990854851375 1088.219346649113 214.9024877164479 52.84907470299315 1512 1515 1086 1090 14.0 1.3091256543895315 0.8167134703982722 -63.79409567172008 0.7815346892424561 0.1692933046733885 0.27537679399983733 0.0 3.2203191770448174 0.9608975 38.175840199783906 4.263625295871888 3.694974309764249 0.08385932956080003 2.111004122822376 73.25237422973373 6.746440731274169 26.737945736371085
750 nan nan nan nan 2334 2337 1088 1091 15.0 nan nan nan nan 0.0 0.0 0.0 0.0 3872983.0 nan nan nan nan 2.1850968611841584 nan nan nan
751 1045.5285807137884 1090.9322740242742 214.90664406486164 52.85206267307156 1044 1047 1089 1092 13.0 1.0556075899886426 0.8989389857032569 -14.919267896920504 0.5242174758662007 0.3511659139537774 0.5731215229000826 0.0 6.158285926058642 1.0176315 22.77010837713833 3.5419449759021613 3.0168020288542823 0.09240925068347888 2.0342144725641096 28.755933790286946 5.586690916084289 27.75318131252486
752 3900.62827300633 1090.7402213965843 214.8811393254974 52.833930614168544 3899 3902 1090 1091 6.0 0.9517876538085898 0.4381096522461989 1.275222310551944 0.8877624533750008 0.1118488915144869 0.21893430011795742 0.0 0.9946371927548736 0.6450289 7.611804798065233 2.7669268749141303 3.668008652334379 0.15215141536994756 1.381976597885342 13.595371232193935 4.436811161112459 28.566522322914235
753 6055.257099369449 1095.6948667836273 214.86185240471212 52.82027096048736 6049 6062 1090 1101 134.0 2.414170207446612 2.1760479061357203 -29.68352461297255 0.43306073697778474 0.13461332412173468 5.156990813219649 0.0 151.83432370277353 2.8296864 165.32632960645532 3.920984118184499 1.6044233753886161 0.5133971318752901 6.530966601401967 176.23327300711867 6.153039683364704 25.78478023244346
754 6916.602698394421 1092.452781911966 214.8542004584035 52.81478126779449 6912 6921 1090 1096 57.0 2.2610042259632714 1.6216973872056624 -13.360618145991905 0.6968195216638938 0.06103111010545211 0.47808574516456115 0.0 14.319222104065034 1.707213 56.484574015425196 6.134502396664513 3.133487171243393 0.23212751425959843 4.259537945889915 111.54678601083373 9.741090023542343 26.281357346235396
755 10242.771296613502 1107.4795959278058 214.82438034204736 52.79372614990872 10227 10259 1090 1120 595.0 5.283666254420234 4.301738425742155 -11.977649135020368 0.580643586333351 0.084327600388316 6.622211387623491 0.0 570.3771664851628 6.273205 618.7152386042358 8.598681970585226 1.6117563602856517 0.5683694022406103 13.762063154896342 676.0122060468875 13.481837350814338 24.3251136559634
756 1500.943168748613 1094.5860825472816 214.90253565870722 52.84919069461732 1498 1505 1091 1097 41.0 1.8752097063819957 1.4560819912622947 -16.60613387154149 0.6301293068669868 0.09174633068941257 0.49923702725927854 0.0 12.50488941573958 1.636837 38.80438652052663 5.415315530055668 2.863173591350534 0.18797454683490702 3.6125759969217834 88.00699892347116 8.740022430552765 26.53870697096052
757 3250.336210214902 1130.2563258424088 214.88653154635278 52.83827391377059 3220 3279 1100 1159 2560.0 11.976154620724634 8.33222952161889 -43.856710548269575 0.7182985854156905 0.05600773610450478 7.350243525636095 0.0 3340.9967573071817 13.392781 3424.5941537420067 16.090913537121885 1.4 0.525371595242726 28.54598585844434 3461.7346402940734 24.957574402252348 22.55176556520769
758 8425.026438833778 1108.1272346101653 214.84058027176695 52.805281423428696 8418 8433 1100 1116 203.0 3.81036723954972 2.7213512081402187 48.911505475299634 0.6999451844213043 0.18664465524701457 2.420717250475256 0.0 156.78565181012561 3.5077991 205.06029494422648 6.356103670915112 1.8461301439895121 0.36375896592568585 8.03846421247924 213.3337235379156 10.079800749530522 25.577351215938556
759 1928.1710819598234 1103.9189702810345 214.89861993679676 52.84652820750734 1926 1930 1102 1106 20.0 1.3395942006124364 1.0597199240745732 43.05916886912428 0.6117187446449747 0.1583531029195678 0.38507368364708 0.0 5.823468229689613 1.1627609 26.014848129069723 4.284080055006602 3.1958615722463666 0.1274372635997039 2.5231325220201604 41.42307839101643 6.76964112067779 27.35689407320607
760 6656.53172987237 1115.5192176765022 214.8562784632281 52.816557964949446 6643 6671 1103 1127 483.0 5.412061398391375 3.4524105544401564 -25.301363848995205 0.7701105441112054 0.1147193360698745 4.840039969762169 0.0 427.410891642243 5.2910614 474.85668196760173 7.530512488670101 1.6694830547995057 0.5212021842260482 12.399341717477219 509.90328853170234 11.832602718481027 24.631280467793776
761 876.3668926262329 1106.6433153557343 214.90799078673604 52.8532215418425 875 878 1104 1108 10.0 1.2381642371673542 0.48460432923565944 60.99679251852112 0.9202251657506947 -0.010648751618386508 0.05159303479987607 0.0 0.19994996945164598 0.7937084 1.0319213912316896 2.8207903541080452 3.2098173288030707 0.45788597319979585 1.7841241161527712 0.32294106809715295 4.496497479289887 32.62719180667468
762 6092.46847429626 1121.9291682949863 214.86124453213253 52.82017604835666 6088 6097 1116 1128 102.0 2.456066754816986 2.001205261515425 -83.00132990462674 0.579740965224866 0.09124349130258759 1.5488053422751695 0.0 50.014628678078054 2.4205132 59.78890989316807 3.847960745387341 1.6602564264082158 0.4029707515317068 5.698035485213008 60.5599775679097 6.133576745769852 26.94453573593867
763 7788.973342022049 1118.410030027525 214.8461451693607 52.809378467258746 7787 7792 1116 1121 28.0 1.367737898341908 1.2814276260564055 -76.34272165494777 0.34960924603021465 0.1383750013636985 0.8081051761046547 0.0 12.258359540542996 1.2114661 33.07984698747147 3.842654103759451 2.880496858818578 0.2575609104443143 2.985410660720923 37.30216725568237 6.103648448709133 27.470664837379047
764 10068.169837806918 1117.4817599761402 214.82583155869463 52.79488975078598 10068 10069 1116 1118 6.0 0.5000436308153232 0.37498879325865286 -86.63802358045216 0.6615374292822512 -0.022398107634629474 0.02564295741791574 0.0 0.03146780948233955 0.5766328 0.23303671172454168 1.5275809306528836 3.2322507234803326 0.4526226194646949 1.381976597885342 -0.19274818479335143 2.463828960661375 nan
765 1972.016442187546 1122.0798304715709 214.8980372273778 52.84634778973612 1966 1979 1117 1127 128.0 3.038549917702333 2.34752691384711 -12.613205986291376 0.6349158213113137 0.037792399196169245 0.7192757542125545 0.0 39.748673299545246 2.8767924 77.12241148563204 7.675365634916656 2.5867320752796994 0.3125097752742859 6.383076486422923 115.11816833563321 12.288701789271997 26.24714032287094
766 737.8361903077753 1120.2003618731892 214.90908643974848 52.854174285780815 737 738 1119 1122 4.0 1.1189680840344158 0.2429844546991039 -75.19171670502365 0.9761381407133009 0.15089760848445713 0.31611020248918315 0.0 0.9211763140208544 0.5202437 19.678620297091733 2.4920013308257336 4.213836455952755 0.19975875120721992 1.1283791670955126 38.87511888274161 3.974886577728186 27.425820674652975
767 4292.594831428177 1126.654660247883 214.87726167998855 52.83163478498417 4285 4300 1119 1134 198.0 3.9061204993695164 2.64543226336627 54.21465957401307 0.7357501087473075 -0.0323288571590315 0.9689009881322062 0.0 69.61476560776302 3.4952397 81.37486243376729 6.401430962851755 1.8189248676657375 0.3733341345037419 7.938851142601841 99.24013740592355 10.25481426091654 26.40828160770974
768 10262.535217519828 1120.5128295176883 214.82406719006244 52.79367078492978 10262 10263 1120 1121 4.0 0.5103214966353872 0.48802366729991753 -46.38484268095013 0.2923666220404683 0.12245958124013537 0.15462211455043487 0.0 0.5687571514509252 0.47823364 5.727535614703598 2.1097124978444786 3.891207337955477 0.06117754526778962 1.1283791670955126 11.653452139664866 3.4057039321257663 28.733863507813325
769 977.6900765421238 1123.7334283247635 214.90690548644642 52.85267044125893 975 979 1122 1126 17.0 1.4746380071943972 0.9425207053807685 50.04885309333561 0.7690788189163112 0.18493809196850516 0.41597791966087644 0.0 4.567457263215512 1.1309707 74.19670430463543 5.244834193863319 3.8434865119859363 0.13151949402854982 2.326213245840639 179.5820103679892 8.386418572447713 25.764342927373683
770 1769.4116056461055 1124.492356315718 214.8998221991852 52.84764735358885 1767 1772 1122 1127 30.0 1.598058739933959 1.303782743470022 39.26025562145977 0.5782578315279158 0.15251542974095403 0.41726216362950874 0.0 9.110444355914364 1.4614168 18.04348848660585 3.431083337867799 2.1276109908417333 0.12961601058087197 3.0901936161855166 11.581247846157282 5.47214631687355 28.740611610264228
771 7396.465752761619 1125.583329478816 214.8495710825449 52.81191108171527 7394 7399 1122 1129 38.0 1.8968435458519128 1.4490520356652115 -64.72785671650597 0.6453014013292723 0.10823963160698338 0.2716226075776595 0.0 7.866741015804199 1.4701306 46.9706423637545 5.649407822829233 3.4005617956424907 0.12478764054314233 3.477898169151024 76.93750188123934 9.02202005161254 26.684654797763613
772 10174.722053207115 1126.5177725660412 214.82478679997004 52.7942612570154 10171 10178 1122 1131 62.0 2.112241781182532 1.7690277521428068 -63.53576686797097 0.5464189953234809 0.19121407235656881 1.1608211556897656 0.0 36.332063506146966 2.0313873 51.229883937580084 4.153240954145741 1.9489755999592833 0.25061362241111174 4.442433223290478 54.27621903149716 6.622348187685322 27.06347603402254
773 10198.407344181836 1126.7276889876737 214.82457347197672 52.79411185440579 10194 10203 1123 1130 68.0 2.4674439583192127 1.8530137220278646 -6.037508899751931 0.6603191155675205 0.24607695739206734 0.7386328458865388 0.0 31.933356427233747 2.0756304 80.10327931107025 6.3095101025127915 2.6840016521558914 0.16587313483911778 4.652426491681278 107.94358770873171 10.057817308903438 26.317007878586708
774 2904.8750040625528 1126.0130734684958 214.88966187334384 52.84044498639928 2903 2906 1125 1127 10.0 0.9322984091121214 0.7744909751948476 -4.183237193308975 0.5566711988959681 0.24666525828559996 0.40026414574658953 0.0 3.4522946730289226 0.8068614 16.22402045943418 3.046935080778303 3.2282768454739377 0.07122102646929247 1.7841241161527712 17.029235585192648 4.875131924653934 28.3220121159396
775 1668.5566644430091 1138.746169879524 214.90057354021718 52.8483646963971 1661 1677 1126 1151 288.0 5.43702073688624 2.9165975039253755 70.05864037819488 0.8439428921088383 0.05054459795647673 1.5606213812366565 0.0 125.65481336521572 4.407806 157.7280217691609 7.136907684224919 1.5649482659641054 0.3596195057672154 9.574614729634384 156.56390026210656 11.346950368500156 25.91327092057857
776 6288.621909577719 1131.2491457383858 214.8593960765274 52.818980164069636 6283 6294 1126 1136 110.0 2.838086193781502 2.272212595749449 17.05200277274209 0.5991799623888584 0.11779911876462752 0.948868373462765 0.0 45.746235062691596 2.4880888 71.98544726297119 5.899860737527706 2.2576540856021206 0.2769700497588225 5.917270272703197 95.54335544809837 9.450514902550593 26.44949877629913
777 9301.08760315122 1130.7546878918042 214.83253053056413 52.79983629855327 9291 9310 1127 1135 129.0 4.202145190522925 2.0209436335924096 -4.9841298461139 0.8767582185638002 0.08966403302075555 0.8307999991035291 0.0 58.158284725807405 2.8576968 119.3405693925742 7.975851713456598 2.49126397797453 0.2278155757166446 6.407961869245868 140.3813290826696 12.736243610749838 26.031726625379804
778 nan nan nan nan 2343 2348 1128 1138 44.0 nan nan nan nan 0.0 0.0 0.0 0.0 6633250.0 nan nan nan nan 3.742410318509555 nan nan nan
779 6807.225214281973 1129.567523351648 214.85478620377182 52.815676324105496 6806 6808 1128 1131 10.0 0.9821093688320381 0.7252573623604928 -88.21544926183935 0.6742873850124583 0.177604786662525 0.2933055827274783 0.0 2.2640398688791765 0.7552766 6.61058923345948 2.4686084362280662 2.8281739587608663 0.09986532713418327 1.7841241161527712 6.780532607694633 3.9635024379900283 29.321840477906836
780 1049.202228896582 1133.5867856746622 214.9061627388482 52.85226955830069 1046 1052 1130 1136 40.0 1.4212330745422794 1.2855636401482744 25.00618854206354 0.42638657460605794 -0.03036727925552601 0.45467432462058843 0.0 6.7983562318618755 1.6290708 7.17777688850734 2.136656368124816 1.4 0.43614485377517026 3.5682482323055424 1.487262426957641 3.4180836759309385 30.969030984001133
781 9086.832412996293 1132.828284146846 214.83441907740277 52.80120905402258 9084 9089 1130 1135 30.0 1.5185495793142243 1.3108276103656078 -35.53932691136558 0.5048445397402188 0.16478517823522085 0.5104480424065047 0.0 9.25330971431959 1.3607606 15.426931917057534 3.047853838383094 1.9348322565428295 0.19025917379782473 3.0901936161855166 12.090688072766554 4.899828884927696 28.693872457587005
782 2738.4571173947947 1134.7319985754543 214.89105678611915 52.84154889520317 2737 2741 1131 1138 29.0 2.118409443145341 1.017190977810628 -74.99420303416873 0.8771769194712628 0.20706006572890961 0.5981440552590477 0.0 11.647624079906256 1.4144927 27.500844121845425 3.7993884100170563 2.3336957786514905 0.15796894636765663 3.0382538898732494 34.72444659774005 6.082169739309294 27.54841166717694
783 7026.70883454111 1135.7246197149138 214.85276321645426 52.81431505614318 7022 7031 1131 1140 81.0 2.7681046155053113 1.803341334656993 -29.021335365799086 0.7586730866325042 0.0572586755244952 0.5644829965595416 0.0 25.441669887600067 2.0961833 55.01208735341662 5.7769875502860835 2.5497275171550653 0.2850997667570575 5.077706251929807 82.09538511324264 9.245478771904752 26.61420313875391
784 4086.480969276385 1133.1259601978252 214.87903408902883 52.832978844315576 4084 4091 1132 1138 48.0 1.5435784009591436 0.931564339601058 -12.348001838463185 0.7973557530383564 -0.0696758813902798 0.16712204114178225 0.0 1.1037755406045415 1.7370971 4.667661980006021 3.092692504500178 2.322510104422471 0.6929289277464067 3.9088200952233594 4.679229120845347 4.87446792337177 29.724564222089754
785 2474.4151531288594 1137.795516864073 214.89338336531202 52.843242230530926 2471 2477 1136 1140 27.0 1.6553058705092778 1.100801691331618 10.440793800172814 0.7468308301617078 0.09802365060914957 0.33865687906447145 0.0 5.986135320374572 1.3142319 16.395564525956665 4.180656930336242 2.8060272053197175 0.17568290066271178 2.9316150714175193 31.478564418355845 6.729849613550091 27.65496270471213
786 7081.209563947223 1136.9082237762273 214.85226453083695 52.81397516781069 7080 7082 1136 1138 8.0 0.8537369626124915 0.6829195607924561 54.66854313285846 0.6001093222470292 0.14421297167353964 0.21404499762864185 0.0 1.5320789522252243 0.645204 17.42706336932332 2.9421029665480116 3.802135424400545 0.07817670555978393 1.5957691216057308 22.79001020001044 4.674648266090238 28.00563870111145
787 9037.268827283135 1140.2405669880525 214.83478310144696 52.80156398097029 9036 9039 1139 1142 12.0 1.0083179073502717 0.8811339180390133 22.24921045599572 0.48616831711128916 0.470535229116514 0.7010046595056146 0.0 6.966636195336672 0.90231556 26.672179684440785 3.176119108276871 3.0017990132281174 0.07661209307782914 1.9544100476116797 31.571286594478806 5.016636878914622 27.651769298397653
788 682.7309997381994 1141.143453496229 214.90935877759557 52.85463719945072 681 684 1140 1142 8.0 1.127783998398351 0.5250273527389497 -35.41601549385666 0.8850274048029142 0.5531754712368391 0.6033171237290049 0.0 4.600976506793324 0.7475584 90.77855827938981 3.4232810415730777 3.990251514149238 0.01815476040261168 1.5957691216057308 186.64208157274405 5.534737911963512 25.722476076522213
