outputs/dr0.5_c0.1/nircam1_matched_f277w_f125w_dr0.5_c0.1.ecsv
# %ECSV 1.0
# ---
# datatype:
# - {name: label, datatype: int64}
# - {name: xcentroid, datatype: float64}
# - {name: ycentroid, datatype: float64}
# - {name: sky_centroid.ra, unit: deg, datatype: float64}
# - {name: sky_centroid.dec, unit: deg, datatype: float64}
# - {name: bbox_xmin, datatype: int64}
# - {name: bbox_xmax, datatype: int64}
# - {name: bbox_ymin, datatype: int64}
# - {name: bbox_ymax, datatype: int64}
# - {name: area, unit: pix2, datatype: float64}
# - {name: semimajor_sigma, unit: pix, datatype: float64}
# - {name: semiminor_sigma, unit: pix, datatype: float64}
# - {name: orientation, unit: deg, datatype: float64}
# - {name: eccentricity, datatype: float64}
# - {name: min_value, datatype: float64}
# - {name: max_value, datatype: float64}
# - {name: local_background, datatype: float64}
# - {name: segment_flux, datatype: float64}
# - {name: segment_fluxerr, datatype: float32}
# - {name: kron_flux, datatype: float64}
# - {name: kron_fluxerr, datatype: float64}
# - {name: kron_radius, unit: pix, datatype: float64}
# - {name: gini, datatype: float64}
# - {name: equivalent_radius, unit: pix, datatype: float64}
# - {name: kron4_2_flux, datatype: float64}
# - {name: kron4_2_fluxerr, datatype: float64}
# - {name: kron4_2_mag, datatype: float64}
# meta:
#   PHOTMJSR: 2.962800025939941
#   PIXAR_SR: 2.11539874851881e-14
#   __serialized_columns__:
#     area:
#       __class__: astropy.units.quantity.Quantity
#       unit: !astropy.units.Unit {unit: pix2}
#       value: !astropy.table.SerializedColumn {name: area}
#     eccentricity:
#       __class__: astropy.units.quantity.Quantity
#       unit: !astropy.units.Unit {unit: ''}
#       value: !astropy.table.SerializedColumn {name: eccentricity}
#     equivalent_radius:
#       __class__: astropy.units.quantity.Quantity
#       unit: !astropy.units.Unit {unit: pix}
#       value: !astropy.table.SerializedColumn {name: equivalent_radius}
#     kron_radius:
#       __class__: astropy.units.quantity.Quantity
#       unit: !astropy.units.Unit {unit: pix}
#       value: !astropy.table.SerializedColumn {name: kron_radius}
#     orientation:
#       __class__: astropy.units.quantity.Quantity
#       unit: &id001 !astropy.units.Unit {unit: deg}
#       value: !astropy.table.SerializedColumn {name: orientation}
#     semimajor_sigma:
#       __class__: astropy.units.quantity.Quantity
#       unit: !astropy.units.Unit {unit: pix}
#       value: !astropy.table.SerializedColumn {name: semimajor_sigma}
#     semiminor_sigma:
#       __class__: astropy.units.quantity.Quantity
#       unit: !astropy.units.Unit {unit: pix}
#       value: !astropy.table.SerializedColumn {name: semiminor_sigma}
#     sky_centroid:
#       __class__: astropy.coordinates.sky_coordinate.SkyCoord
#       dec: !astropy.table.SerializedColumn
#         __class__: astropy.coordinates.angles.Latitude
#         unit: *id001
#         value: !astropy.table.SerializedColumn {name: sky_centroid.dec}
#       frame: icrs
#       ra: !astropy.table.SerializedColumn
#         __class__: astropy.coordinates.angles.Longitude
#         unit: *id001
#         value: !astropy.table.SerializedColumn {name: sky_centroid.ra}
#         wrap_angle: !astropy.coordinates.Angle
#           unit: *id001
#           value: 360.0
#       representation_type: spherical
#   astropy version: '5.1'
#   kernelfile: kernel_f277w_f125w.fits
#   make_catalog parameters:
#     ab_zpt: 31.4
#     coadd_bands: !!python/tuple [f277w, f356w]
#     deblend_contrast: 0.001
#     deblend_nlevels: 32
#     deblend_npixels: 1
#     detect_kernel_fwhm: 4.0
#     detect_kernel_npix: 7
#     detect_npixels: 4
#     detect_threshold_nsigma: 3.0
#     flag_isolated_buffer: 4
#     hst_bands: !!python/tuple [f606w, f814w, f125w, f140w, f160w]
#     jwst_bands: !!python/tuple [f115w, f150w, f200w, f277w, f356w, f410m, f444w]
#     near_border_kernelsize: 21
#     reference_band: f200w
#   make_catalog version: 1.4.0
#   photutils version: 1.5.0
# schema: astropy-2.0
label xcentroid ycentroid sky_centroid.ra sky_centroid.dec bbox_xmin bbox_xmax bbox_ymin bbox_ymax area semimajor_sigma semiminor_sigma orientation eccentricity min_value max_value local_background segment_flux segment_fluxerr kron_flux kron_fluxerr kron_radius gini equivalent_radius kron4_2_flux kron4_2_fluxerr kron4_2_mag
[from data line 2376]
2377 3754.560963862456 2893.84680794391 214.9920578029924 52.99007974173735 3753 3756 2893 2895 8.0 0.9424934076186066 0.680894444366713 -35.830560423074225 0.6914341633441368 0.1264880868514778 0.16120560424957622 0.0 1.158930083048776 2.1103606 14.15934250760782 10.003467466948397 3.737284663260152 0.0489908764770283 1.5957691216057308 22.13344012897911 16.138859228969405 28.037377699601127
2378 7401.215995361819 2898.6461703509885 214.95928328378415 52.966970618328574 7395 7407 2894 2903 102.0 3.0688989485762077 2.2071055710485252 25.531099381998615 0.6948188103089552 0.2684518836172424 0.7858371824469967 0.0 50.18769253844816 7.9695063 101.55909769736473 22.339598218393693 2.452992161466456 0.16786232469519685 5.698035485213008 122.07159125363785 36.99742391286635 26.183463485455277
2379 8851.719997584207 2902.004456608644 214.94624124116643 52.957783970030746 8845 8858 2895 2909 162.0 3.2288739053124704 3.066165914928157 76.71596229928119 0.31343868469700764 0.30417463540008804 1.3280742445328197 0.0 109.68912448310782 9.624014 177.92193770557782 23.78854426439867 2.25627280897307 0.23541414960061813 7.1809610472257885 240.4476215570854 38.057254377257316 25.447448786231536
2380 1720.5096382844986 2897.0192758625412 215.01029250145587 53.002997346732826 1720 1721 2896 2898 4.0 0.8033786716828556 0.31103453238068257 58.10596050174 0.9220133579996954 0.18629940588863933 0.2014725089043082 0.0 0.7871555933359419 1.4765749 10.797144883588839 6.679927921171398 4.074177135868397 0.01927609802653626 1.1283791670955126 19.680892322646148 10.773920234271369 28.164888036863328
2381 3657.875393191006 2913.0171331714723 214.992723899457 52.99079661945653 3640 3679 2897 2931 771.0 4.281824865042771 4.172941914698783 -21.770596364506947 0.22407936052163044 0.24662133873913575 42.24938580832081 0.0 3217.556504556124 21.249458 3185.0057085692724 19.935264503685175 1.4029915887889224 0.7200704506867946 15.665788274060857 3402.069476667921 31.958986859171326 22.570642053803482
2382 8320.921522753635 2901.847224590281 214.9510019234846 52.961151693789056 8316 8326 2897 2906 76.0 2.6043453187975967 2.046212599847558 -24.20163084725903 0.6186182125164572 0.22002638519118134 0.5186611202302329 0.0 27.166907460608087 6.5974746 58.398794449972584 18.618573400125754 2.425089285756887 0.1325753651377832 4.918490759365935 62.821538655845465 29.997582042829876 26.904728577136055
2383 3029.151003030311 2898.941654339009 214.99851788681516 52.994708333083345 3027 3031 2898 2900 14.0 1.3335158859447098 0.7802859949593671 7.4841018505383525 0.8109363439828823 0.16766196928827745 0.20356915491265723 0.0 2.5963584570618217 2.789611 17.13548482368968 11.690679771950748 3.4267182919033594 0.03526566696405545 2.111004122822376 29.273795949826052 18.737439168040307 27.733802396753447
2384 9605.781642199945 2907.6886580012956 214.93942187445808 52.953028881746555 9598 9616 2899 2916 217.0 4.064932445988148 3.373380819595315 -38.76055198000867 0.5579511837771073 0.23914715292931213 1.2036053055033022 0.0 133.62070435164384 11.28332 215.61553348234145 27.02269351479779 2.161996396525657 0.2292339425998621 8.311031542587394 216.18392323678725 43.41668206583032 25.56294151496183
2385 3733.116679814376 2903.5502197376663 214.99214809237844 52.99026820501088 3730 3737 2900 2907 46.0 1.9128948221821385 1.772020057777212 68.6313832339203 0.37665109981480877 0.18636166127024795 0.3111563699703293 0.0 11.521062280167197 5.4894066 47.334081346898316 19.248205667265726 3.0967192884384858 0.07474364993264053 3.826519928662906 64.75625891920609 30.858044837833955 26.871795622838505
2386 1030.5941895176543 2902.2681818426254 215.01643589353503 53.00740069950101 1029 1032 2901 2903 7.0 0.9889311230360117 0.5552315458924257 -31.365823495649682 0.8275132928779965 0.14023831201104792 0.15750700187940467 0.0 1.056439877777101 1.928785 12.326451874413603 9.033318546077421 3.681208759588881 0.021439131953535386 1.4927053303604616 15.844957891577607 14.320001619297848 28.400272276554947
2387 7697.452114917729 2904.977885923641 214.95655977803202 52.96512504417519 7694 7701 2901 2909 56.0 2.2426191065698013 1.8009623916508326 -54.05189566666382 0.5958953566925981 0.23530345991262314 0.44988989351207764 0.0 19.14345292459668 5.5791984 62.19277435017561 19.468139217092283 2.904629077635343 0.10065196631035536 4.222008245644752 72.72881353982298 31.38451975710382 26.745733743064772
2388 2432.581176509147 2911.6949170409707 215.00374138923542 52.99856086545633 2424 2441 2902 2921 282.0 4.3517033832730805 3.7552333824957507 64.6835466022741 0.5053164192266834 0.23340556139960028 1.2854416072052823 0.0 158.5864136194534 10.548353 251.39302614372025 25.878220692048032 2.1920652981264386 0.27407347732955883 9.474354220939228 299.43608590290563 42.33443976580366 25.209239656908473
2389 7373.283437708433 2908.2922296430065 214.95943217978004 52.96719996796395 7369 7377 2903 2913 76.0 2.5671904976654147 2.0410012941688755 79.59245254841248 0.6065661115035613 0.20119300548737343 0.49139131610422593 0.0 25.03481659661755 6.6700807 55.00574297426018 19.02294897835045 2.484538940752591 0.13803532517464423 4.918490759365935 65.1474398821604 30.427774056568836 26.865256615530704
2390 4150.1170204315595 2910.8230305308275 214.98832763414734 52.9876624448408 4146 4154 2907 2914 56.0 2.1535751653551105 1.9759233372265401 2.110826099087497 0.3977163660528686 0.19373303075409107 0.287936790969088 0.0 13.594547688304598 5.588893 69.966018837337 22.654340336673826 3.247246298091108 0.06077970995588203 4.222008245644752 87.6532780092619 36.31288477641357 26.54307959439854
2391 1802.135722809811 2913.153605668017 215.00938916898187 53.00256693332644 1797 1807 2908 2918 89.0 2.77719976525745 2.2113893343428352 50.97749041729126 0.6049468527149653 0.19665386759086861 0.4641094232965286 0.0 28.095306220199117 6.983411 62.89650823105594 20.915073109431876 2.51918195917712 0.13454376358001116 5.322553886092406 77.7273141296765 33.34487455860999 26.673565847744317
2392 3037.9577136448374 2916.2421731284458 214.99825649204246 52.99474598967808 3029 3047 2909 2923 199.0 3.9223093938423332 3.0547947185794238 -8.074774631436174 0.627240610497075 0.23724929501415554 1.187042263094109 0.0 111.75247816961718 10.688852 222.53476966061314 30.02866106235332 2.582037322348897 0.25280749851418405 7.958873497585845 322.9242264377656 46.688271961907176 25.127248430244652
2393 6585.852174963012 2910.6982031204634 214.96647009037326 52.97220933509796 6585 6587 2909 2912 9.0 0.9639545041285973 0.6904497466866862 -69.47132136861711 0.697825321294334 0.14545105742507353 0.17377315431181758 0.0 1.4467246701155918 2.0021954 12.014376203672985 8.598712793847922 3.631215549411607 0.039251885399731005 1.692568750643269 12.943830681081511 13.876914945529998 28.619842941808052
2394 6699.899420869968 2918.0208886650225 214.96536983264332 52.97152527350524 6689 6712 2910 2926 321.0 4.659665663735112 3.519207173488201 8.078609058536848 0.655438144867397 0.2678377549473846 3.073023463943199 0.0 328.66692750404377 13.859743 410.79166224515484 26.10400406902511 1.8712963919706873 0.3620361922033792 10.108287365572707 447.8501335605454 42.16920098547716 24.772168229829003
2395 1826.712953775499 2913.360322068916 215.00916619918496 53.002412191148316 1825 1828 2911 2915 15.0 1.1678817912847836 0.9865715268879663 -83.36206641302553 0.5351565588766594 0.1551942348140665 0.19380448242769968 0.0 2.6886149408900812 2.8708663 16.852073471578063 12.38235342861957 3.4335115669069256 0.03554781420899955 2.1850968611841584 18.494222774149968 19.561134143212005 28.232409788337062
2396 710.0004814023756 2914.5326423311585 215.01918751762616 53.009499890980365 708 712 2912 2917 26.0 1.5079104945451736 1.2720827272935127 -88.03008834349188 0.5369622744274659 0.1827650993023475 0.2522524739241314 0.0 5.573588963951059 3.8243086 44.47310640148745 16.345650237186042 3.542989749801924 0.05515703301398905 2.876813695875796 96.91135977019451 26.04565351455913 26.434063281925386
2397 4372.870918716557 2918.060518547695 214.9862516784042 52.98628856246327 4369 4377 2914 2922 62.0 2.473983308236176 1.8222640803475796 -50.42404158238294 0.67636035371726 0.17990674169244925 0.3343260610250033 0.0 15.707004193017564 6.0228534 44.55281701274954 19.708504073525248 2.7567523343095472 0.09508741195823311 4.442433223290478 41.088560067219674 31.726841211700144 27.365697695386228
2398 2660.5125049095163 2919.260119709684 215.0016144689005 52.99715618902718 2655 2665 2915 2924 77.0 3.00002198577584 1.8702215766561867 -41.48073845439207 0.7819009968943581 0.20578142557565143 0.3853742377878097 0.0 23.02104543375628 6.446633 68.20968324643567 21.59824917742486 2.797200674889586 0.09076102451564419 4.950743503369154 78.67792884436375 34.73636747726272 26.66036770294756
2399 8402.48970469598 2922.2210933087104 214.950055905085 52.96074409355499 8397 8408 2916 2929 128.0 2.9155235512331976 2.626068631140692 81.53405626516341 0.4344013787946808 0.36012389689532953 1.9692220081229674 0.0 119.61728308537366 8.727264 173.07688509993034 18.2746007846724 1.9607096127921515 0.2572612775537846 6.383076486422923 184.6044603798333 29.24805029729255 25.73439452459506
2400 237.23082795007502 2919.0878223757954 215.02338833952092 53.012522220035535 233 241 2917 2921 34.0 2.200340222292958 1.1747094046382243 -8.939480589775483 0.8455626179849245 0.18532632486132825 0.2516635914614671 0.0 7.365231616724342 4.298976 37.07998863961714 17.583410737941907 3.240884277328421 0.052290017169159694 3.2897623212397704 47.64117834746386 27.696911065577616 27.205043763256917
2401 911.0228444219415 2923.003648652625 215.0172918151452 53.008271020866665 908 914 2920 2926 41.0 1.8814071900683003 1.5883247724236067 40.26912702375372 0.535994146246213 0.17613856221007376 0.2830616117519975 0.0 9.39419772897269 4.8022885 25.371166650614672 15.144550566367473 2.643558791523237 0.07751086984045326 3.6125759969217834 21.44157877648886 24.351646731307596 28.071858100074827
2402 1672.6585178950902 2921.106665870697 215.0104685517997 53.00343101948704 1671 1674 2920 2922 11.0 1.0639230186297344 0.7638714277772161 -14.323374519839158 0.6960676309472829 0.18056479870870293 0.21509226152175306 0.0 2.1807082444598715 2.6252162 15.849140603170682 10.730300075431295 3.4764275148461885 0.03748906659561533 1.8712051592547776 20.900925713109185 17.005736158083998 28.09958619582381
2403 2991.6364513339176 2931.637383557595 214.99851024562307 52.995122994610696 2963 3021 2921 2943 1011.0 10.990906169879933 4.158188023578711 -9.134338157615918 0.9256708458704054 0.23164598596303299 4.681124833660665 0.0 1289.7781344674072 24.66391 1503.5168357480059 43.08229879138102 1.7669467145213567 0.43480265537845114 17.939099613186062 1653.39576183341 69.23320745357844 23.35405794984598
2404 8104.498122366649 2922.6728931830394 214.9527231318298 52.9626375964061 8103 8106 2921 2924 12.0 1.1044763053345992 0.8453102964006468 53.31582661819245 0.6436150012752817 0.16962657457186517 0.1876839192856283 0.0 2.1266017107393185 3.1371648 17.922284235369567 13.627389708908455 3.6307470971964437 0.021773156958178233 1.9544100476116797 20.19761599274029 21.12979832306509 28.136749722707606
2405 6758.994959682532 2925.616765234175 214.9647596756727 52.97119134785345 6755 6763 2922 2929 58.0 2.1823479585479038 1.883028156969362 -0.9066944690417923 0.5054684966063402 0.23924783726233612 0.4336953562235541 0.0 18.598839945060412 6.107814 49.97614454789152 19.087889230607143 2.7185940011684235 0.10689938691967557 4.296739856991561 62.40031537199215 30.528987679851994 26.912033038455405
2406 4462.602368459978 2933.116955749097 214.98528753202467 52.985800724721706 4449 4473 2923 2944 400.0 5.6208891085074795 3.8872677773706146 -41.07539380413293 0.7223044211432287 0.1951888132396382 2.2550351059572127 0.0 365.6732855579789 15.38918 461.13037382940814 29.382488608565875 1.839796679927097 0.3280828811402617 11.283791670955125 496.1495761986235 47.187143639407175 24.66096843818575
2407 6509.15326027959 2924.8759753637846 214.96700878635593 52.97277257340849 6508 6510 2924 2926 8.0 0.8543636054185366 0.6856093838915392 45.755162948179965 0.5966795243999805 0.16343644395483253 0.18805698031229656 0.0 1.4200505648799022 2.275528 14.730437400384453 9.800585241316336 3.7064652645760217 0.029244402895318294 1.5957691216057308 23.58514941147203 15.630443020223652 27.968403420405746
2408 3775.7362716027465 2945.1529236445404 214.99132704865855 52.99022271710528 3752 3804 2925 2970 1581.0 7.425853320161254 6.17788080889424 -35.50721013362471 0.5548622912277555 0.16886363758545475 17.181767213165063 0.0 3674.8273392192073 30.287603 3731.206817313144 32.99650535463202 1.4445210343956543 0.6400616639585297 22.433188138482972 3948.236910500682 53.09565683923973 22.408991989400498
2409 2935.209142510395 2931.3331287117253 214.99902019979777 52.99547923630524 2930 2940 2927 2935 68.0 2.4303883787816227 1.9959337975531835 -6.089001358701256 0.5705819401694985 0.17191081771784197 0.363343898731806 0.0 18.086912352491314 8.341481 47.90801292288714 25.267196502660163 2.690094015528646 0.10953756141575817 4.652426491681278 68.0082559163908 38.15832536879385 26.818595906422257
2410 4256.717854085675 2928.703100511992 214.9871822412877 52.987082875914496 4255 4258 2927 2930 10.0 0.9895994869176097 0.7804065775977077 -45.2642419050402 0.6148956145586917 0.17169201263101425 0.19681966048182187 0.0 1.867032050258679 2.3852434 20.162148774679686 10.936483551403546 3.7351273024681273 0.023384069490948897 1.7841241161527712 31.90461336622343 17.70715847354521 27.64036628494084
2411 6976.790044322487 2929.719766304378 214.96276276143885 52.9698315837189 6974 6980 2927 2933 40.0 1.735300641692501 1.645926115318588 -19.607681780377337 0.31678841998243557 0.17949655429525074 0.33546909675684844 0.0 10.061254600403577 4.736694 29.234352350157877 15.969917210594996 2.8133645278272708 0.1064384979205682 3.5682482323055424 37.97346926594946 25.68211968070933 27.451299309479282
2412 9845.549057402766 2948.2096911109384 214.93684600525543 52.95172587972667 9822 9871 2927 2970 1584.0 8.519602279991243 7.114543885115548 3.3848205902260586 0.5501295200519076 0.227604137637412 11.421280403058667 0.0 3294.540185252781 30.300472 3450.95813722786 38.7500696671909 1.4739214625748787 0.5347293741865657 22.45446191105733 3595.9565807747485 62.13085407683407 22.510463901943638
2413 300.01087629862803 2929.1470233431755 215.02271808266116 53.01217855186414 298 302 2928 2931 16.0 1.3387791581259445 0.9188560696939687 -0.20684866776572836 0.7272819694288576 0.15864790484888533 0.19823761800310874 0.0 2.909355277057802 3.7326105 23.09784659061596 15.07492415066558 3.5030374104813196 0.037297650227741785 2.256758334191025 34.86491548448254 23.28758890497999 27.544028458061277
2414 3523.6042853706213 2939.336339103425 214.99365216773165 52.9917905300911 3510 3540 2928 2950 525.0 5.899971561459964 4.832736028735226 0.28951738721473963 0.5736339787231443 0.19749715073569776 1.659574187236899 0.0 323.2943840950683 17.481892 626.1557633928948 46.87182282926467 2.604490152870951 0.3344252351645553 12.927207364566026 1077.3955815471622 75.68495315311678 23.819062024624177
2415 1726.2908863993791 2939.1563752276284 215.0097965124802 53.003188487301394 1715 1740 2929 2952 438.0 5.3730081385050665 4.016166244254961 27.217926919410324 0.6642947596055233 0.21348302236674233 3.001853479811455 0.0 409.1159431521272 15.692386 522.6753059448522 30.336034490965 1.9477955299621037 0.3913030195513705 11.807613228273542 586.8944624418998 48.49225588156122 24.478599970475187
