outputs/dr0.5_c0.1/nircam2_matched_f277w_f356w_dr0.5_c0.1.ecsv
# %ECSV 1.0
# ---
# datatype:
# - {name: label, datatype: int64}
# - {name: xcentroid, datatype: float64}
# - {name: ycentroid, datatype: float64}
# - {name: sky_centroid.ra, unit: deg, datatype: float64}
# - {name: sky_centroid.dec, unit: deg, datatype: float64}
# - {name: bbox_xmin, datatype: int64}
# - {name: bbox_xmax, datatype: int64}
# - {name: bbox_ymin, datatype: int64}
# - {name: bbox_ymax, datatype: int64}
# - {name: area, unit: pix2, datatype: float64}
# - {name: semimajor_sigma, unit: pix, datatype: float64}
# - {name: semiminor_sigma, unit: pix, datatype: float64}
# - {name: orientation, unit: deg, datatype: float64}
# - {name: eccentricity, datatype: float64}
# - {name: min_value, datatype: float64}
# - {name: max_value, datatype: float64}
# - {name: local_background, datatype: float64}
# - {name: segment_flux, datatype: float64}
# - {name: segment_fluxerr, datatype: float32}
# - {name: kron_flux, datatype: float64}
# - {name: kron_fluxerr, datatype: float64}
# - {name: kron_radius, unit: pix, datatype: float64}
# - {name: gini, datatype: float64}
# - {name: equivalent_radius, unit: pix, datatype: float64}
# - {name: kron4_2_flux, datatype: float64}
# - {name: kron4_2_fluxerr, datatype: float64}
# - {name: kron4_2_mag, datatype: float64}
# meta:
#   PHOTMJSR: 0.4047000110149384
#   PIXAR_SR: 2.11539874851881e-14
#   __serialized_columns__:
#     area:
#       __class__: astropy.units.quantity.Quantity
#       unit: !astropy.units.Unit {unit: pix2}
#       value: !astropy.table.SerializedColumn {name: area}
#     eccentricity:
#       __class__: astropy.units.quantity.Quantity
#       unit: !astropy.units.Unit {unit: ''}
#       value: !astropy.table.SerializedColumn {name: eccentricity}
#     equivalent_radius:
#       __class__: astropy.units.quantity.Quantity
#       unit: !astropy.units.Unit {unit: pix}
#       value: !astropy.table.SerializedColumn {name: equivalent_radius}
#     kron_radius:
#       __class__: astropy.units.quantity.Quantity
#       unit: !astropy.units.Unit {unit: pix}
#       value: !astropy.table.SerializedColumn {name: kron_radius}
#     orientation:
#       __class__: astropy.units.quantity.Quantity
#       unit: &id001 !astropy.units.Unit {unit: deg}
#       value: !astropy.table.SerializedColumn {name: orientation}
#     semimajor_sigma:
#       __class__: astropy.units.quantity.Quantity
#       unit: !astropy.units.Unit {unit: pix}
#       value: !astropy.table.SerializedColumn {name: semimajor_sigma}
#     semiminor_sigma:
#       __class__: astropy.units.quantity.Quantity
#       unit: !astropy.units.Unit {unit: pix}
#       value: !astropy.table.SerializedColumn {name: semiminor_sigma}
#     sky_centroid:
#       __class__: astropy.coordinates.sky_coordinate.SkyCoord
#       dec: !astropy.table.SerializedColumn
#         __class__: astropy.coordinates.angles.Latitude
#         unit: *id001
#         value: !astropy.table.SerializedColumn {name: sky_centroid.dec}
#       frame: icrs
#       ra: !astropy.table.SerializedColumn
#         __class__: astropy.coordinates.angles.Longitude
#         unit: *id001
#         value: !astropy.table.SerializedColumn {name: sky_centroid.ra}
#         wrap_angle: !astropy.coordinates.Angle
#           unit: *id001
#           value: 360.0
#       representation_type: spherical
#   astropy version: '5.1'
#   kernelfile: kernel_f277w_f356w.fits
#   make_catalog parameters:
#     ab_zpt: 31.4
#     coadd_bands: !!python/tuple [f277w, f356w]
#     deblend_contrast: 0.001
#     deblend_nlevels: 32
#     deblend_npixels: 1
#     detect_kernel_fwhm: 4.0
#     detect_kernel_npix: 7
#     detect_npixels: 4
#     detect_threshold_nsigma: 3.0
#     flag_isolated_buffer: 4
#     hst_bands: !!python/tuple [f606w, f814w, f125w, f140w, f160w]
#     jwst_bands: !!python/tuple [f115w, f150w, f200w, f277w, f356w, f410m, f444w]
#     near_border_kernelsize: 21
#     reference_band: f200w
#   make_catalog version: 1.4.0
#   photutils version: 1.5.0
# schema: astropy-2.0
label xcentroid ycentroid sky_centroid.ra sky_centroid.dec bbox_xmin bbox_xmax bbox_ymin bbox_ymax area semimajor_sigma semiminor_sigma orientation eccentricity min_value max_value local_background segment_flux segment_fluxerr kron_flux kron_fluxerr kron_radius gini equivalent_radius kron4_2_flux kron4_2_fluxerr kron4_2_mag
[from data line 4144]
4145 3876.835976521709 2650.580976638601 214.921233161443 52.91564983374707 3866 3885 2638 2661 238.0 5.171447586401651 3.5703074893736915 -60.373020232092344 0.7234388985396071 0.22415421326559734 1.1322638696305463 0.0 121.10461745587483 1.6657294 563.0364146694104 5.806258759029293 3.312921050703939 0.22104178221364737 8.703892974511014 1094.7682161178145 9.98363309906494 23.801694549357332
4146 3869.0246177561894 2669.6492711114593 214.92110234113267 52.915802361162115 3861 3878 2653 2687 386.0 7.3539045210947975 4.439489419507831 88.23570887105203 0.7972180447449693 0.20928435986697555 0.6770401109408865 0.0 138.40899583618335 2.0716372 1026.7446930933932 9.041630530036283 3.485760130025302 0.14712515567183357 11.084566571000565 1865.8900315727117 14.487853630175403 23.222784888730608
4147 3884.0329419857353 2679.903269681814 214.92086002020693 52.9157624382478 3865 3900 2662 2705 764.0 11.145582163304592 6.409225822168204 -63.080055632454396 0.8181208645147496 0.1881001132276651 0.9913236750907499 0.0 346.41063818120045 2.86536 2183.4190325739946 12.773853071545869 3.3822090887702227 0.2202340620792801 15.594510349620345 3651.6085028071698 19.32383182437193 22.493789475834888
4148 3896.5042147565473 2690.274496100272 214.92063917886554 52.91573925381453 3884 3910 2680 2705 400.0 6.133412420789819 5.389184027584969 64.44597181560353 0.47744805127472634 0.18060570806588352 0.7234897069952203 0.0 169.9406316434413 2.078406 884.2907473613473 8.481489695765303 3.305316086896102 0.1618972610686518 11.283791670955125 1628.403917234931 13.742581728711718 23.37059465391713
4149 3908.8774412672356 2690.005834994262 214.92053123436028 52.9156592536499 3903 3916 2684 2698 136.0 3.439726621101955 2.9059546293106235 50.95330388378657 0.535048424919117 0.25811351730357884 0.7433098197117778 0.0 57.76547121799214 1.232889 287.69590789019594 4.449984764505187 3.323582779395772 0.155062832955342 6.579524642479541 537.36528464671 7.4883817042803775 24.57432598419404
4150 7491.401115133338 2634.4039471107876 214.88906035880885 52.892611710243216 7469 7511 2622 2654 850.0 7.937571759417665 4.906527316223651 17.01792446757628 0.786068351351613 0.1642648899848428 5.09577319701125 0.0 678.5103547181534 3.2522984 816.6105090933584 5.456563106685803 1.8455933192760037 0.4620964224506194 16.448811606198852 919.5799649075283 8.547813675582466 23.991026248424497
4151 7489.646696208946 2657.7031962759092 214.88883078852294 52.89274856465134 7480 7501 2649 2665 219.0 5.025671634695352 2.61191347287658 -34.227325451756734 0.8543401164295389 0.16794362666224652 1.645950534430099 0.0 110.07661221271303 1.5382366 246.62033427289055 4.435901041101573 2.7115349018050776 0.2930129331026527 8.349243383340204 338.2213578093239 7.120164081074665 25.07699742823049
4152 349.0672697486033 2640.7830077635085 214.95293577207582 52.93798811380918 333 364 2630 2651 504.0 6.834131046956056 4.971316653171595 -7.483518392566993 0.686187371335142 0.20768444503335384 0.9810863445278081 0.0 229.80534501739535 2.196278 680.8001076233004 7.6205760782369305 2.92489906465065 0.19141705622699454 12.666024736934256 1019.9333674715772 12.150610794476755 23.878570499724265
4153 315.15119404153376 2650.020692679905 214.95314245953836 52.938253237129494 293 337 2634 2661 936.0 7.319428204629147 4.792703157744459 -2.0671469575597308 0.755809112415755 0.21117911803449138 11.95052449227303 0.0 1404.3810651247145 3.349068 1672.3253489660246 5.146390267587292 1.9442393786621375 0.5525618955062425 17.26088217525478 2064.255968755846 8.12273958378765 23.11309112744054
4154 327.0452608849715 2686.7783571313653 214.95264881930964 52.93837629378201 280 371 2645 2730 5237.0 9.797399431773039 8.679760575661438 -13.401313810546242 0.46382861886779453 0.180863739410202 241.18273870576007 0.0 24293.251919185386 8.892475 23501.966497028683 7.697753434365184 1.4 0.8014602717849744 40.828775072790414 24967.995325685046 10.481384525026975 20.40654081411992
4155 8831.447075154687 2651.3209666483285 214.8769002549071 52.88419206648229 8820 8844 2642 2661 326.0 4.897942271253166 3.348142217982066 28.123887134427154 0.7298742866391573 0.22191534219577932 3.1752837458911896 0.0 286.99612553286863 2.0071166 362.46429477310505 3.745937735374147 1.9406910186899788 0.40417386174469955 10.186708148166206 381.0681713351255 5.919018588105786 24.947493310244784
4156 8824.73048093376 2661.716628676747 214.87685087492582 52.8842908074145 8822 8828 2659 2664 27.0 1.5002675001070473 1.321296446453568 27.248646073705824 0.47366101880052425 0.24291916438689823 0.44826655327772835 0.0 9.559957322435892 0.53076005 36.903679999464835 1.9618279867311645 3.02764760230985 0.0958185764060995 2.9316150714175193 53.6274024940282 3.193253516213116 27.07653309522191
4157 4133.999605315268 2695.198017310214 214.91846120333017 52.91425810475475 4089 4177 2658 2734 4316.0 14.852023847077568 7.6413056047960035 42.32238386529288 0.8574928297269714 0.1838811531835367 38.768036254398176 0.0 11530.273388750229 7.683009 11567.022433510203 7.816059655506046 1.4184335264146521 0.6740847463865427 37.06515167605875 12390.090325042114 11.582160310592188 21.167313818901572
4158 4178.109472904744 2690.245116940554 214.91811847753047 52.91395133478714 4164 4194 2675 2710 660.0 6.8543019165482315 4.548540533426999 -42.558130996596574 0.7480842518646175 0.19625138126609754 5.534992423523996 0.0 578.3365895051163 2.8155541 839.2955199819553 5.584970587631187 2.200408319900627 0.4465422341035751 14.494292838262302 1119.2480622820233 8.825318815631125 23.777684122059647
4159 4407.759043999827 2668.4604561439014 214.91629209047707 52.91237578059339 4402 4414 2664 2674 83.0 3.0192388823204923 2.0786477668892145 -12.089608798677919 0.7252672177646308 0.19411848939130677 0.45037302124174927 0.0 25.48066643711606 1.179416 91.60991042226448 3.952604269582965 3.0461142780417205 0.1213110836124084 5.140011726956917 174.35717667579885 6.285865286889264 25.7964004300611
4160 4395.99593362366 2681.446469819923 214.91626067014752 52.91252055915713 4379 4412 2668 2693 559.0 6.864586764828411 5.40199346494691 13.565276292302677 0.6170340677294026 0.13523693149146254 0.9430407149040928 0.0 239.06812727420163 2.6940472 437.21558767116665 7.085552255203675 2.3965420695119564 0.2346915552390949 13.339236349084569 590.7332904355765 12.080407510019842 24.471521385090686
4161 4420.086089916857 2678.0607576056673 214.91608067606936 52.912349341914776 4407 4438 2669 2688 377.0 7.542648641651537 3.8116903489266867 -4.149422707969559 0.8629134687604555 0.15638751752722208 0.9462285448502002 0.0 150.41478306746123 2.37568 559.4846605036935 9.937737194021 3.116928065046295 0.19075149045885778 10.954580187815921 1018.8276689435111 38478082.985963546 23.87974817284998
4162 4419.494542038033 2690.5100080863645 214.91595490608782 52.912420297908184 4411 4427 2683 2697 164.0 4.732799528598062 2.6152510576702164 -36.64361919910917 0.8334597659795443 0.1796239020770544 0.5917079980219178 0.0 56.521960522531 1.6080744 280.63065076415114 6.716271277028207 3.31481344760734 0.11791572002937287 7.225151993843567 395.1236676259459 11.431741985320265 24.908167389024058
4163 9347.534448714474 2712.092953989544 214.8716472345709 52.881241769692316 9338 9356 2707 2718 172.0 4.497338534019944 2.718741568008098 -2.593357823812299 0.7965881953063343 0.23637315393221717 0.7020870795305183 0.0 70.9908944590583 1.4930134 224.2432686562803 4.982527690052914 2.9006188465582774 0.13851381981427036 7.399277020331919 394.8038267494643 8.010144772881832 24.909046616145048
4164 9305.522940969542 2712.270407804614 214.87202088360638 52.881509586002494 9282 9328 2691 2724 869.0 7.677867794876241 7.020373624177155 41.815301993372984 0.40489089609954876 0.2089667408716582 5.209039080355024 0.0 939.495262068393 3.4198737 1589.9662915678837 8.225013775182559 2.2791694727367635 0.433302648575384 16.63163525014044 1897.605260105106 13.363173211447558 23.20448531115707
4165 9322.699614558464 2724.876596972365 214.87173465848085 52.88146847747077 9311 9342 2706 2735 509.0 6.17367546512921 5.176495415307381 -46.22309610428701 0.5449343626283685 0.2807277175369817 5.369349910902889 0.0 925.036507998817 2.6991727 1157.4036554359955 3.860540282387879 1.8816282844406618 0.42646691326805264 12.728697186576065 1377.1815060078357 6.552723502875738 23.552522045031452
4166 9288.730732497084 2733.253216427212 214.871950116398 52.8817294333309 9261 9304 2703 2754 1135.0 11.196670984474594 6.844300690989089 53.098654750300824 0.7914144297659185 0.26677580520494515 4.891138503566632 0.0 1918.4905766399402 4.1161766 2567.106029333834 7.509896152465916 1.9374803742761781 0.3601111859970404 19.007412259921193 2999.1343583261196 12.57951163806768 22.707510194577026
4167 9277.002377777591 2765.859258455659 214.8717117379433 52.881979811024955 9251 9295 2726 2809 2264.0 14.824805277784652 9.508697392942722 -86.9416022870914 0.7672028529176285 0.2300341105889143 5.07377904162219 0.0 3223.1753941497605 5.7335434 4806.712715233543 12.170461395787946 2.080720366552517 0.38609517438396296 26.844991754889815 5542.3264318017755 19.564311290689744 22.040769746837718
4168 9324.367721113118 2770.631768981164 214.87123812823614 52.8817046858272 9293 9369 2715 2839 5775.0 22.01342366639175 12.561120349519998 77.10281720556907 0.821219897115252 0.24991726427366712 38.66296853281741 0.0 19994.041478257488 9.980305 23705.557269438556 14.197939926064203 1.644899118310874 0.5002925421161519 42.87469641538458 25248.93554138777 22.223456411576656 20.39439231596687
4169 9300.701517181033 2781.4606496371894 214.8713356812481 52.881913426664134 9266 9312 2757 2812 1086.0 10.65896437472418 6.564387202319503 -70.4891081908303 0.7878587327886439 0.31195172994754483 17.248186454627582 0.0 4376.961317485662 4.37755 4938.1345499264535 4.884290617226037 1.5725609640968732 0.45705010108401556 18.592593589803354 5332.847897531823 6.873185335466626 22.082602007511653
4170 9292.063387641934 2808.8085023429358 214.87112502509035 52.882115811100206 9279 9299 2800 2823 257.0 5.132120698246988 3.76396071430874 -58.34451337263887 0.679784025472815 0.5430164153360285 2.332252836823059 0.0 299.2180298132966 1.9372516 478.9873639976224 3.444408104659158 2.4423827383134533 0.23432723928061153 9.044647077096718 803.1220679043869 6.8307313064876745 24.138046101347854
4171 9307.731019755738 2820.9828727080558 214.87085683069432 52.88208195681729 9288 9337 2807 2839 771.0 8.571067432798895 6.731838302680696 40.381415531164436 0.6189705097624619 0.2044260131933902 2.6643859918996697 0.0 779.8900109845122 3.333389 1874.1193098341955 9.930077236570652 2.8019576629218426 0.31669318593177415 15.665788274060857 2720.7895574966283 16.434615375614808 22.813262619781007
4172 9279.567305518354 2819.3149443601583 214.87112612817825 52.88225185909429 9267 9290 2812 2827 221.0 5.782459112805017 2.9280632382328435 29.512574167505868 0.862316371848101 0.21416783441282028 0.6986324312811938 0.0 101.4366554022017 1.6731828 648.0083408640444 7.106808877407213 3.461779892362284 0.15459333073972586 8.387281135541944 1054.7653529144854 11.359623791624148 23.842110361031317
4173 9323.564915864401 2838.0649390810504 214.87053549093335 52.88207351760449 9311 9337 2830 2847 307.0 6.192428893549747 3.767975025974745 11.152366933804364 0.7935684794130224 0.21770431008473473 1.053854611801339 0.0 158.2589195502024 2.0001876 896.0614840230334 7.82644376421399 3.3569470807423527 0.2130585229229386 9.885400096021595 1407.1206488708144 12.540778790908393 23.529171659589274
4174 2807.768006546613 2707.4836473578434 214.93020662106434 52.922743466000504 2797 2818 2693 2721 458.0 5.258924324452987 3.4692954742532582 -60.93787746781064 0.7515318693462236 0.1518247998281665 6.123785061931896 0.0 455.20473551635024 2.3017037 528.1564236365865 3.5343289763554613 1.808645600250782 0.5087954022588986 12.074184356393443 595.4620411252931 5.585363357029809 24.46286479559263
4175 2803.459351476469 2728.6903269131926 214.93002192793395 52.922885314785816 2797 2809 2721 2736 171.0 3.536356312402723 2.4122410180025997 64.32536159592492 0.7312345406562222 0.15387813724538263 2.0518797568108496 0.0 92.6245984947985 1.333591 147.36456123764478 2.924516317864122 2.2886853829285787 0.3910899760643599 7.377736139048903 187.28295341638255 4.725441690370413 25.718754376291127
4176 2812.59499669933 2730.4689190986724 214.92992138739788 52.922836927738736 2810 2816 2726 2735 60.0 2.359884894922651 1.6778861167123738 -82.5778249778672 0.7031885989357224 0.19459515588248555 0.6234065619570768 0.0 21.549862829275654 0.82419395 61.76246808866312 2.679979524152198 2.9791320085265314 0.19559842701182642 4.370193722368317 89.40550523651547 4.234063691102185 26.521589345621283
4177 8381.632053018064 2713.503192059192 214.88026720781406 52.8873845356235 8376 8388 2709 2719 107.0 3.1880796160784435 2.0239522578744937 -25.39215561612747 0.7726354327283054 0.19122337832003217 1.1143551083799759 0.0 52.9980039799881 1.1211952 86.72584598378104 2.739216823542934 2.22178927958089 0.2623950281965201 5.836022431559495 92.13190630210586 4.3618277138176245 26.488974856883132
4178 8373.799004886454 2723.327093603411 214.8802338325448 52.88748728447407 8370 8378 2720 2727 56.0 1.997557208045634 1.8098833092600957 -48.50548007506193 0.4231742915259281 0.19709487600206158 0.7350886145968574 0.0 24.045946056911028 0.8296652 39.23150635017743 2.0857279018434856 2.2398701150252496 0.1957017016161761 4.222008245644752 52.62093395688646 3.3338441197391226 27.097103619971925
4179 818.0208862870609 2730.9407891189917 214.94778399586292 52.935499018172244 801 834 2714 2750 929.0 5.635388326269178 4.532956080638185 85.10331608035641 0.5941241823434188 0.1773186684299613 21.85344293114889 0.0 1903.8286123874673 3.5789738 1945.0685284075196 3.911794848001258 1.5280351900201128 0.6648133013936154 17.19621714984844 2124.6843449171643 5.772241506170279 23.081763955144037
4180 805.7190183660219 2751.0801139061755 214.9476821698041 52.93568585711699 803 808 2748 2754 26.0 1.945969972547651 1.1339580147953625 46.034963295756945 0.8126721164137628 0.20403333436333126 0.3145110433519144 0.0 6.616791512512484 0.49842325 67.30053817860642 2.2912750450902006 3.515672004703442 0.07114880401854716 2.876813695875796 128.94483843299452 3.5589892917320602 26.12399009416667
4181 1272.6916112674487 2719.24985522949 214.94383319478362 52.932550329025716 1268 1277 2716 2722 55.0 2.523878305051247 1.6276828134159744 14.21734486886789 0.7642556971507456 0.26643328997523774 0.4325936721220666 0.0 19.422099498726745 0.7542322 60.449279523797756 2.5478636292890706 2.8252206209506414 0.08050699025086865 4.1841419359420025 62.822197124843655 4.063577354880881 26.904717196964544
4182 1281.5594870497707 2719.7904805470985 214.94374805054363 52.9324969676093 1278 1285 2717 2722 36.0 2.0841711900282665 1.2856777779921336 -4.044734096282953 0.7870593795026082 0.20566966234001602 0.4812777070334592 0.0 12.275347739693801 0.6006113 43.70807430836743 2.170158598756649 2.9873829163034227 0.11480829202551877 3.385137501286538 55.473990946644534 3.459289478045304 27.039776471738975
4183 299.5459689907999 2721.8877431875208 214.9525255762465 52.938740434841556 298 301 2720 2724 18.0 1.3639839876273645 0.9942226900529552 -68.81533194351206 0.6846086569015827 0.19953945785265545 0.28736798234097505 0.0 4.554129398740913 0.4099834 85.32457814947658 1.971988165531995 3.9452880108526314 0.05915472866893652 2.393653682408596 164.46070054188033 2.8198383011701775 25.859844660346816
