outputs/dr0.5_c0.1/nircam2_f277w_dr0.5_c0.1.ecsv
# %ECSV 1.0
# ---
# datatype:
# - {name: label, datatype: int64}
# - {name: xcentroid, datatype: float64}
# - {name: ycentroid, datatype: float64}
# - {name: sky_centroid.ra, unit: deg, datatype: float64}
# - {name: sky_centroid.dec, unit: deg, datatype: float64}
# - {name: bbox_xmin, datatype: int64}
# - {name: bbox_xmax, datatype: int64}
# - {name: bbox_ymin, datatype: int64}
# - {name: bbox_ymax, datatype: int64}
# - {name: area, unit: pix2, datatype: float64}
# - {name: semimajor_sigma, unit: pix, datatype: float64}
# - {name: semiminor_sigma, unit: pix, datatype: float64}
# - {name: orientation, unit: deg, datatype: float64}
# - {name: eccentricity, datatype: float64}
# - {name: min_value, datatype: float64}
# - {name: max_value, datatype: float64}
# - {name: local_background, datatype: float64}
# - {name: segment_flux, datatype: float64}
# - {name: segment_fluxerr, datatype: float32}
# - {name: kron_flux, datatype: float64}
# - {name: kron_fluxerr, datatype: float64}
# - {name: kron_radius, unit: pix, datatype: float64}
# - {name: gini, datatype: float64}
# - {name: equivalent_radius, unit: pix, datatype: float64}
# - {name: kron4_2_flux, datatype: float64}
# - {name: kron4_2_fluxerr, datatype: float64}
# - {name: radius_kron20, unit: pix, datatype: float64}
# - {name: radius_kron50, unit: pix, datatype: float64}
# - {name: radius_kron80, unit: pix, datatype: float64}
# - {name: near_border, datatype: bool}
# meta:
#   PHOTMJSR: 0.4907999932765961
#   PIXAR_SR: 2.11539874851881e-14
#   __serialized_columns__:
#     area:
#       __class__: astropy.units.quantity.Quantity
#       unit: !astropy.units.Unit {unit: pix2}
#       value: !astropy.table.SerializedColumn {name: area}
#     eccentricity:
#       __class__: astropy.units.quantity.Quantity
#       unit: !astropy.units.Unit {unit: ''}
#       value: !astropy.table.SerializedColumn {name: eccentricity}
#     equivalent_radius:
#       __class__: astropy.units.quantity.Quantity
#       unit: !astropy.units.Unit {unit: pix}
#       value: !astropy.table.SerializedColumn {name: equivalent_radius}
#     kron_radius:
#       __class__: astropy.units.quantity.Quantity
#       unit: &id001 !astropy.units.Unit {unit: pix}
#       value: !astropy.table.SerializedColumn {name: kron_radius}
#     orientation:
#       __class__: astropy.units.quantity.Quantity
#       unit: &id002 !astropy.units.Unit {unit: deg}
#       value: !astropy.table.SerializedColumn {name: orientation}
#     radius_kron20:
#       __class__: astropy.units.quantity.Quantity
#       unit: *id001
#       value: !astropy.table.SerializedColumn {name: radius_kron20}
#     radius_kron50:
#       __class__: astropy.units.quantity.Quantity
#       unit: *id001
#       value: !astropy.table.SerializedColumn {name: radius_kron50}
#     radius_kron80:
#       __class__: astropy.units.quantity.Quantity
#       unit: *id001
#       value: !astropy.table.SerializedColumn {name: radius_kron80}
#     semimajor_sigma:
#       __class__: astropy.units.quantity.Quantity
#       unit: !astropy.units.Unit {unit: pix}
#       value: !astropy.table.SerializedColumn {name: semimajor_sigma}
#     semiminor_sigma:
#       __class__: astropy.units.quantity.Quantity
#       unit: !astropy.units.Unit {unit: pix}
#       value: !astropy.table.SerializedColumn {name: semiminor_sigma}
#     sky_centroid:
#       __class__: astropy.coordinates.sky_coordinate.SkyCoord
#       dec: !astropy.table.SerializedColumn
#         __class__: astropy.coordinates.angles.Latitude
#         unit: *id002
#         value: !astropy.table.SerializedColumn {name: sky_centroid.dec}
#       frame: icrs
#       ra: !astropy.table.SerializedColumn
#         __class__: astropy.coordinates.angles.Longitude
#         unit: *id002
#         value: !astropy.table.SerializedColumn {name: sky_centroid.ra}
#         wrap_angle: !astropy.coordinates.Angle
#           unit: *id002
#           value: 360.0
#       representation_type: spherical
#   astropy version: '5.1'
#   make_catalog parameters:
#     ab_zpt: 31.4
#     coadd_bands: !!python/tuple [f277w, f356w]
#     deblend_contrast: 0.001
#     deblend_nlevels: 32
#     deblend_npixels: 1
#     detect_kernel_fwhm: 4.0
#     detect_kernel_npix: 7
#     detect_npixels: 4
#     detect_threshold_nsigma: 3.0
#     flag_isolated_buffer: 4
#     hst_bands: !!python/tuple [f606w, f814w, f125w, f140w, f160w]
#     jwst_bands: !!python/tuple [f115w, f150w, f200w, f277w, f356w, f410m, f444w]
#     near_border_kernelsize: 21
#     reference_band: f200w
#   make_catalog version: 1.4.0
#   photutils version: 1.5.0
# schema: astropy-2.0
label xcentroid ycentroid sky_centroid.ra sky_centroid.dec bbox_xmin bbox_xmax bbox_ymin bbox_ymax area semimajor_sigma semiminor_sigma orientation eccentricity min_value max_value local_background segment_flux segment_fluxerr kron_flux kron_fluxerr kron_radius gini equivalent_radius kron4_2_flux kron4_2_fluxerr radius_kron20 radius_kron50 radius_kron80 near_border
[from data line 1861]
1862 7661.967698035845 3994.069354594242 214.87322011984347 52.89886360203293 7660 7664 3992 3996 22.0 1.5995469149160286 1.018903938111358 41.10915677081805 0.7708676482282285 0.16604079700812024 0.6859657397373424 0.0 9.851310702448846 0.6468161 22.810431565382785 1.6884064717906893 2.3009458622900327 0.15093051160719326 2.6462837142006137 21.472643311658405 2.646603190146179 1.7790787228422793 3.0080241676579518 4.331378745187326 False
1863 2087.965860283576 3994.970181512989 214.92309536420782 52.93426369673711 2086 2090 3993 3997 23.0 1.3518834731966092 1.2163822144090137 -38.01354510825342 0.4363674832546116 0.13982160157515228 0.42292506839033067 0.0 7.134058808032656 0.4894605 44.011740300877165 2.040379321006362 3.4655485568441167 0.14861230168016892 2.7057581899030048 80.89234357102768 3.3165090346948927 3.16084216118029 6.361955688689666 9.18443430164593 False
1864 4301.204327862367 3995.372817274838 214.90327392171244 52.92021418992534 4295 4307 3993 3998 51.0 3.3091304542745723 1.1581862605194466 -9.29089055861788 0.9367507609324194 0.17692123454102968 0.437702076455211 0.0 15.331471287498735 0.74554056 55.50502815981856 2.601910653477454 2.96514790874189 0.1296020778850182 4.029119531035698 68.6970278044837 4.139509330140925 3.4928121648625807 6.897940814553738 13.393670293333978 False
1865 6847.39663894333 3994.6584655891734 214.88049887163544 52.90404066198405 6846 6849 3993 3996 12.0 1.0044522879186186 0.9202832958733792 76.94290951481307 0.40071194489438616 0.1643050740860407 0.4015014162235241 0.0 3.076636625238069 0.385581 37.98795219210207 1.7131581499596868 3.6310083963935975 0.15755106142419883 1.9544100476116797 72.38860977589644 2.8029533045235486 3.0476378345138753 5.5987496270739525 7.559999904907842 False
1866 3681.3925005275128 3998.832069644044 214.90878595267156 52.92416833219568 3676 3690 3994 4004 118.0 3.1508629259281147 2.1281283921430028 16.184811536095385 0.7374412450395982 -0.016167946987833297 1.1559268507826068 0.0 38.60234884739298 1.2993233 60.83421378300889 2.703885658679012 2.148565906567421 0.3916253325005063 6.128667601500942 67.65920186372313 4.253908621579797 2.2697579055203834 4.726973090978806 8.82063331465262 False
1867 9478.61566840522 4009.2124814658778 214.85682009869473 52.88740491692168 9452 9503 3995 4023 1075.0 7.655622939337016 3.7848799936829347 -6.876229696812642 0.8692389705514467 0.10744239158954844 30.495131210523905 0.0 2167.0604278807605 4.610343 2179.426672334162 4.740652771742087 1.424295112890188 0.6721055642399815 18.498192550829796 2358.1717260345904 7.034840145709665 2.457042940568511 5.093547291715136 10.755355326122427 False
1868 1692.6158958432543 4004.7887440268555 214.92653324088906 52.93682640321016 1686 1700 3997 4013 199.0 2.9494948147792672 2.7387524616747574 -76.31983415687863 0.3712081555714725 0.10789514541364018 4.9741186029508295 0.0 193.78874598797273 1.6405535 216.84493274831712 2.387834663647095 1.723187560847404 0.4992930403192747 7.958873497585845 242.88158267537528 3.757007845123391 1.8653576845711086 3.597879031249751 6.3866042853558405 False
1869 2797.759390224125 3999.9329668819955 214.91668624908968 52.92978442277323 2796 2800 3998 4002 18.0 1.4183264780943596 0.9868474380358108 -65.1337296644653 0.7182520661448757 0.19338645963738524 0.37860989404229833 0.0 5.213867869792945 0.4295369 23.99001362254969 1.76629374720104 3.1896052938320234 0.10590338602373905 2.393653682408596 20.676060675320695 2.8353319379072617 2.3245983636120897 4.1226355478299554 6.091531744284886 False
1870 8754.99733471155 4012.7285229523363 214.8632510818689 52.892020976843654 8739 8768 3999 4024 553.0 5.866058792962235 5.074643981697678 -6.3814239838491345 0.5016239750410576 0.1480148138064513 3.0580349121800334 0.0 496.1723138420207 3.1574028 583.5790568655231 5.444066536927238 1.7472171490409543 0.3693350793897403 13.267455184007076 629.7631702910753 8.542951177113244 4.155967818259448 7.680166393989499 12.391886672195925 False
1871 6660.325356439914 4003.8228033191513 214.88207564743792 52.90527825405944 6657 6664 4000 4007 57.0 1.9492247274473307 1.824616236895225 21.083014798361233 0.35180637316405244 0.20999409059366167 0.9856347171615487 0.0 28.4474910314534 0.85833234 47.32769911016831 2.0741480951473052 2.242136331148944 0.2377188595663372 4.259537945889915 55.97010130112534 3.290600379267442 1.9540912475297565 3.6275354509681295 6.073897825877091 False
1872 2048.960638380495 4023.621660057241 214.92314295985906 52.93466598565249 2030 2067 4001 4045 1258.0 7.092097519248883 5.195908648155856 -78.53445506886003 0.6806232936390402 0.11811820513444567 16.327220402063947 0.0 2044.7898073766999 4.348716 2112.149848936101 4.909250674979364 1.5225285564831288 0.6449937343340234 20.010842981224172 2288.59418927939 7.32441766889715 3.399712777480983 6.339692719862217 12.036922074096637 False
1873 6028.2603757346 4004.648826997643 214.88772120131932 52.909296992113696 6026 6030 4002 4007 22.0 1.29015221825909 1.1051352398052703 67.84080664625408 0.5159928204495113 0.1998376011090581 0.9743231765362746 0.0 13.195961028882877 0.52147925 22.958213115679442 1.334358986790552 2.3489142041577464 0.22786837964997364 2.6462837142006137 22.990870663146882 2.1304682876809364 1.307463408321685 2.367497566441048 4.435353243135682 False
1874 7170.461667873977 4005.8561841993883 214.87749148105203 52.90204912146718 7169 7172 4004 4007 11.0 1.0442902814601018 0.7243008031644445 41.10432650018621 0.7203778131577225 0.3061708108479426 0.6206092987756033 0.0 4.918443541250416 0.39781433 14.678916031340036 1.2759708967909946 2.841146714633519 0.13441675020489666 1.8712051592547776 17.186276663394217 2.0452268691556643 1.357174053568142 2.5412324845657706 4.058900302789991 False
1875 359.85204254940334 4008.3236824882333 214.93843706488386 52.945305159236376 359 361 4007 4010 9.0 0.9304893154848606 0.700699105713056 68.78902960241444 0.6579705191476042 0.32539550971997977 0.4414485728116697 0.0 3.5289797896480777 0.31843013 18.69409159785598 1.2293636339080674 3.2817993894382047 0.06719233737584501 1.692568750643269 21.101239975909202 1.9580746923945584 1.774106427883209 3.2837609455345884 5.27979625143867 False
1876 2108.5417397245956 4016.100882734685 214.92268851287892 52.93424715235723 2097 2118 4007 4026 298.0 5.067199843886359 2.8763559323703425 34.72269676360979 0.8232754415204323 0.0657464393181233 2.502771075469746 0.0 193.1645474504138 1.9539098 299.12947692743387 4.203882408546346 2.3286754239449015 0.41197412772094255 9.739422266375435 378.3256003134187 6.605636386862963 3.5121663259840674 7.147050621785872 15.48853917732939 False
1877 8651.89652367236 4015.152176398044 214.8641472315797 52.89268901237845 8645 8658 4007 4024 182.0 3.874097123019967 2.339492414757226 -57.87758276835965 0.7970747275456116 0.08671964230164403 2.9865281119098626 0.0 144.22849589792457 1.8119467 179.42870516364752 3.2767705534537788 1.9401781764547157 0.4013179252100475 7.611333607551958 195.5793917160479 5.347293611301475 2.473895668420535 4.634621250093673 7.985997424742714 False
1878 2888.0612736786734 4011.354378552829 214.91575731738516 52.92927277618885 2887 2889 4010 4012 7.0 0.7618616848333041 0.6560053300716971 8.595701119620246 0.5085106864799475 0.27101642035610507 0.45085796800260686 0.0 2.6453348465644453 0.27862883 15.152197103860482 1.1264374181984773 3.3455541995098055 0.09806682925583148 1.4927053303604616 19.078829324725056 1.7878670384141448 1.6325642343700655 3.0583316453267013 4.829666755181307 False
1879 4165.644080004652 4015.5369128494963 214.9042749920824 52.92118377075328 4163 4168 4014 4017 21.0 1.4380884370214433 1.0326109183682002 6.499349587281815 0.6959976074453792 0.22624223925517228 0.4711521874018235 0.0 7.3906032355616285 0.51048476 27.473086011798816 1.7903469901087135 3.0975754839978547 0.11629321873748355 2.5854414729132054 46.61096887556006 2.808141319949352 2.145067132706796 4.354485891313354 7.133354985068064 False
1880 9716.480155951458 4017.3071561739307 214.85460903473307 52.885937354237704 9713 9720 4014 4021 54.0 1.7933996924534372 1.596019886454039 -45.1635333189557 0.4560757015520689 0.10361855972900492 1.5088274726602287 0.0 32.786306553696534 0.9154938 60.42654821521805 2.306188879993714 2.5312865034711645 0.3438968117667911 4.145929793656026 107.86649068347444 3.7085686840268792 1.784157055416787 3.745022916280648 7.9869089682193355 False
1881 7936.442029958096 4016.871890400845 214.87052569549758 52.897243128094836 7935 7938 4015 4019 10.0 1.3189009389496669 0.5698327460192323 -63.060230174982394 0.901849074003469 0.253217521506081 0.5053701344345451 0.0 3.5510431782986576 0.40085572 35.20834335385983 1.7687977290439454 3.7298924085815637 0.12554227955720743 1.7841241161527712 48.433400525255536 2.8891098531380446 2.678202892477568 5.201671570275067 7.128492078983027 False
1882 1105.786494567898 4018.8335425556575 214.93164250376293 52.94062726129869 1104 1108 4017 4021 13.0 1.4340331075152357 0.7895650925785922 -44.10654547804651 0.8347754396145662 0.23292229930106292 0.4434838950674674 0.0 4.302783000070214 0.3943608 20.75479006830898 1.549140543924661 3.1672047774653973 0.10058387506667876 2.0342144725641096 25.92091422402241 2.453220163631165 2.0905539497176724 3.916562180944193 7.002157954155713 False
1883 8696.992102765416 4020.206074307468 214.8636908805847 52.8924297938658 8695 8699 4017 4023 28.0 1.7039972132710943 1.2094717079879307 82.55009094035896 0.7044183526011232 0.2891233152237126 0.5938279965584564 0.0 12.963291302881782 0.70138174 51.32450918413047 2.550144762068303 3.111562123380673 0.0964518042664575 2.985410660720923 45.084243378514245 4.083386476143984 2.6168362459958976 5.372445229247947 8.390653230745905 False
1884 9862.59634622226 4028.542671823314 214.85318494418593 52.88506960765802 9836 9895 4017 4040 1114.0 11.714049586431907 4.2129034325133565 2.4102749121487723 0.933089076198926 0.12247483075777718 6.4112177401826385 0.0 1266.5787447403936 4.2726603 1467.2912573776657 7.136718073063671 1.8766024717900682 0.4630747152580846 18.83075179616424 1785.14416572514 11.24832384159805 4.878712908906613 11.004908833867306 19.626852968521057 False
1885 8783.040532380619 4023.623967367221 214.86288566999463 52.891901588843766 8781 8784 4022 4025 12.0 1.0992819504591307 0.759169440921834 -68.49754131195404 0.7232322919857412 0.05174498841084525 0.3997967355124818 0.0 3.943947544078722 0.41702804 19.344747666957726 1.5866789627989943 3.1749246299547242 0.13158436406905563 1.9544100476116797 25.336540806998137 2.546078236573422 1.911921087435767 3.4732074448933736 5.20537862423422 False
1886 1452.7933097204673 4032.5645763913885 214.9283890615579 52.938498719849285 1447 1459 4023 4044 200.0 4.414913059756511 2.3186964635917984 -72.04751173959255 0.8509810438983821 0.03722139914873101 1.7462607505490868 0.0 112.06524380477498 1.5529232 183.0613350539279 3.5543472028876097 2.3871459966504918 0.37931238965307634 7.978845608028654 259.3079915278503 5.664182763834168 2.9279749232438252 6.551819312061021 14.06873388484098 False
1887 3781.87477191034 4040.653044234469 214.90744593511005 52.923756057753884 3761 3802 4023 4057 1122.0 6.3036826165390805 5.541202677318745 4.388409144914631 0.47674407229849786 0.12026131760515792 17.7592976210793 0.0 1780.2454777203448 3.9220273 1859.6230211292523 4.574330822211043 1.530074557001599 0.6154769566537182 18.898245746582223 2010.4454675363409 6.974506567804637 2.956170632722837 6.270455338152683 12.01685913196848 False
1888 6917.189743888195 4026.006212099035 214.87954451963756 52.90376649013798 6916 6919 4024 4028 14.0 1.2277794837238225 0.832610346499052 85.31203875716558 0.7349297638214158 0.25910238213045256 0.5223437783564477 0.0 5.6510321050187695 0.43781513 21.89148345818146 1.5549773999081113 3.077208577024551 0.11491603692618141 2.111004122822376 25.145602940445897 2.4557410359674514 1.800971083259017 3.447641635264415 5.355334130128299 False
1889 7000.179182295051 4033.994901480653 214.87871813288766 52.903282479818756 6984 7014 4024 4046 431.0 6.154134331018714 4.424951037924274 -17.82223398582518 0.6949884779618402 0.0002311580022259896 1.3946990573692524 0.0 227.8348216825631 2.4105241 381.034062952686 5.771170070050171 2.1874793208454117 0.2827616052158561 11.71288013023329 407.3211011081354 9.123734694691294 5.1735437990502104 10.061210354041721 17.22646763536404 False
1890 1380.644807600392 4034.8465396891274 214.92901137456798 52.93896902092408 1375 1386 4025 4044 170.0 4.0531231126746965 2.3949504148288745 84.03618060381736 0.806752045221583 0.12065647962284931 1.161362199124384 0.0 84.1408695371984 1.4540515 129.0962448798704 3.020353458726872 2.076688515091803 0.30281000008266756 7.356132180109627 129.4131968007042 4.7729647157675705 3.021035274772804 5.789469128813229 10.206147660508242 False
1891 1789.723432203886 4035.0758691443752 214.9253443749174 52.93637348336886 1780 1802 4028 4041 203.0 4.6174500021672955 2.6419037312622944 -25.574084863861817 0.8201445080463199 0.09899356864756319 1.382150748122876 0.0 89.1032883925302 1.5133084 180.56130798685774 4.173541345540268 2.569489528987437 0.3070249583444432 8.03846421247924 205.9875849997812 6.748651105741975 3.7504153100188287 8.479934037051883 15.460945616983162 False
1892 7329.795597294213 4030.5219988223535 214.8758067723406 52.90117014237193 7327 7333 4028 4033 30.0 1.75255560300995 1.2144538187916751 42.27602105916846 0.7209744478591172 0.185377487624955 0.6558255612109867 0.0 13.471856599439187 0.6728875 34.18439545183115 2.1058224681887543 2.665539209366265 0.14368613255021928 3.0901936161855166 50.648945487644575 3.3589766909070993 2.0442857639240173 3.8125343526189193 6.537386326360122 False
1893 nan nan nan nan 5962 5978 4029 4048 240.0 nan nan nan nan 0.0 0.0 0.0 0.0 15491932.0 nan nan nan nan 8.740387444736633 nan nan nan nan nan True
1894 7311.956981758005 4032.022065357645 214.87595050903144 52.901291540552926 7309 7314 4029 4035 34.0 1.7431999686296737 1.3129514066766683 -78.72293064588814 0.6578091878143706 0.11565975029961517 0.6247280961375274 0.0 13.37562262943716 0.69075966 34.29135436919812 2.173722050632504 2.715763743143123 0.1808570134063639 3.2897623212397704 47.110343594569315 3.505601059974126 2.1185290431524004 4.0779709294184245 6.574984562192439 False
1895 1846.0034605780306 4034.173415330277 214.92484974998007 52.936011344395865 1842 1850 4030 4039 74.0 2.2171280441993026 1.911882987411846 78.53866487196008 0.5063567060883125 0.20113450499871408 1.2943993680387071 0.0 42.47800460017421 1.0036036 58.29643688531559 2.074971094581503 2.1125692842473964 0.29773506816279 4.853342309955121 72.25750848376337 3.264257195845301 1.831794677972162 3.3858419900969974 5.600898895573537 False
1896 6873.802267542436 4034.2720792331056 214.87984554401825 52.90408665576085 6870 6877 4031 4038 49.0 1.6790318147085983 1.5433429202153832 -31.091913204632817 0.3938231563993971 0.12668717008408603 1.642901205991859 0.0 34.02688766059064 0.842779 47.28422551888069 1.6309553832218402 1.9661981942465605 0.36889453897086666 3.949327084834294 44.15376875121157 2.5501537271599055 1.4383403520232712 2.628235149694559 4.686356334384559 False
1897 7995.923819376531 4032.961765902066 214.86982441786765 52.89695207697337 7994 7997 4031 4035 13.0 1.1637329699332026 0.8646302765338348 84.40875593633969 0.6693136616389727 0.2082539341472099 0.4722088672288924 0.0 4.6924094827861325 0.51407677 54.88858225597099 2.2244902557281403 3.6550933278795488 0.12753705698698875 2.0342144725641096 107.50476019147531 3.4557811648132675 3.31670706624483 5.810964315548963 7.6839460962742105 False
