outputs/dr0.5_c0.1/nircam1_detect_f277w_f356w__dr0.5_c0.1.ecsv
# %ECSV 1.0
# ---
# datatype:
# - {name: label, datatype: int64}
# - {name: xcentroid, datatype: float64}
# - {name: ycentroid, datatype: float64}
# - {name: sky_centroid.ra, unit: deg, datatype: float64}
# - {name: sky_centroid.dec, unit: deg, datatype: float64}
# - {name: bbox_xmin, datatype: int64}
# - {name: bbox_xmax, datatype: int64}
# - {name: bbox_ymin, datatype: int64}
# - {name: bbox_ymax, datatype: int64}
# - {name: area, unit: pix2, datatype: float64}
# - {name: semimajor_sigma, unit: pix, datatype: float64}
# - {name: semiminor_sigma, unit: pix, datatype: float64}
# - {name: orientation, unit: deg, datatype: float64}
# - {name: eccentricity, datatype: float64}
# - {name: min_value, datatype: float64}
# - {name: max_value, datatype: float64}
# - {name: local_background, datatype: float64}
# - {name: segment_flux, datatype: float64}
# - {name: segment_fluxerr, datatype: float32}
# - {name: kron_flux, datatype: float64}
# - {name: kron_fluxerr, datatype: float64}
# - {name: near_border, datatype: bool}
# - {name: detmap, datatype: int32}
# meta:
#   __serialized_columns__:
#     area:
#       __class__: astropy.units.quantity.Quantity
#       unit: !astropy.units.Unit {unit: pix2}
#       value: !astropy.table.SerializedColumn {name: area}
#     eccentricity:
#       __class__: astropy.units.quantity.Quantity
#       unit: !astropy.units.Unit {unit: ''}
#       value: !astropy.table.SerializedColumn {name: eccentricity}
#     orientation:
#       __class__: astropy.units.quantity.Quantity
#       unit: &id001 !astropy.units.Unit {unit: deg}
#       value: !astropy.table.SerializedColumn {name: orientation}
#     semimajor_sigma:
#       __class__: astropy.units.quantity.Quantity
#       unit: !astropy.units.Unit {unit: pix}
#       value: !astropy.table.SerializedColumn {name: semimajor_sigma}
#     semiminor_sigma:
#       __class__: astropy.units.quantity.Quantity
#       unit: !astropy.units.Unit {unit: pix}
#       value: !astropy.table.SerializedColumn {name: semiminor_sigma}
#     sky_centroid:
#       __class__: astropy.coordinates.sky_coordinate.SkyCoord
#       dec: !astropy.table.SerializedColumn
#         __class__: astropy.coordinates.angles.Latitude
#         unit: *id001
#         value: !astropy.table.SerializedColumn {name: sky_centroid.dec}
#       frame: icrs
#       ra: !astropy.table.SerializedColumn
#         __class__: astropy.coordinates.angles.Longitude
#         unit: *id001
#         value: !astropy.table.SerializedColumn {name: sky_centroid.ra}
#         wrap_angle: !astropy.coordinates.Angle
#           unit: *id001
#           value: 360.0
#       representation_type: spherical
#   astropy version: '5.1'
#   make_catalog parameters:
#     ab_zpt: 31.4
#     coadd_bands: !!python/tuple [f277w, f356w]
#     deblend_contrast: 0.001
#     deblend_nlevels: 32
#     deblend_npixels: 1
#     detect_kernel_fwhm: 4.0
#     detect_kernel_npix: 7
#     detect_npixels: 4
#     detect_threshold_nsigma: 3.0
#     flag_isolated_buffer: 4
#     hst_bands: !!python/tuple [f606w, f814w, f125w, f140w, f160w]
#     jwst_bands: !!python/tuple [f115w, f150w, f200w, f277w, f356w, f410m, f444w]
#     near_border_kernelsize: 21
#     reference_band: f200w
#   make_catalog version: 1.4.0
#   photutils version: 1.5.0
# schema: astropy-2.0
label xcentroid ycentroid sky_centroid.ra sky_centroid.dec bbox_xmin bbox_xmax bbox_ymin bbox_ymax area semimajor_sigma semiminor_sigma orientation eccentricity min_value max_value local_background segment_flux segment_fluxerr kron_flux kron_fluxerr near_border detmap
[from data line 1516]
1517 8915.303427345789 1934.8129056010196 214.95585952528762 52.952156631434626 8912 8919 1932 1938 45.0 1.6237917183319444 1.5422472509357759 16.14160955035911 0.3129140446529115 0.2726389520810932 1.6841617061612846 0.0 34.22015973126568 0.5997215 57.357192451709736 1.435208003611406 False 258
1518 1090.0886169037904 1936.3782396839563 215.02607907795164 53.001800684813404 1086 1094 1933 1940 53.0 2.4275996853799664 1.5430556536526512 34.07498764268234 0.7719936912056453 0.20938285907086412 0.4003260617271765 0.0 15.629973217947352 0.5163382 38.01359323808816 1.5884784314753493 False 528
1519 6220.279134629089 1950.2858195719184 214.9798678556992 52.96933957748117 6201 6240 1933 1969 859.0 3.7782146264370775 3.7174018391465022 -27.966857456452203 0.17869586700246354 0.2029810604704977 72.47632017261829 0.0 3388.9690939906195 2.797856 3284.3221637733886 2.4908701375463993 False 264
1520 6684.289139048834 1943.1202282546624 214.97578033465658 52.96635716525191 6675 6693 1933 1951 270.0 4.645084389046907 4.186157616254578 -41.38547956563123 0.43340007459922786 0.21322671645804187 0.6086825382559264 0.0 90.89345181343064 1.236767 239.6860939774487 3.915802217271946 False 264
1521 1293.6274991504868 1935.3900141365223 215.02426056686653 53.00050481650004 1292 1295 1934 1937 13.0 1.055025435019095 0.9082777510264936 -46.87931645329942 0.5087640123028954 0.23392818430868872 0.28737618480534827 0.0 3.360408719837234 0.26920703 16.143591418543167 1.044258820562573 False 528
1522 6642.081572632706 1956.5558879749917 214.97601746249447 52.966697533410205 6619 6672 1934 1978 1732.0 8.174860265193848 7.604498009511201 11.309190560246927 0.3669777381466999 0.2143920486500125 11.622771422162698 0.0 3166.799272558166 3.6091936 3315.3342749717795 4.355196649252843 False 264
1523 4024.171241631456 1936.9240257946808 214.9997193101367 52.98319754459213 4022 4026 1936 1938 12.0 1.2029112644739963 0.7427554944783527 -9.325584271461995 0.7865984274889691 0.21601573677191047 0.24584839781641504 0.0 2.7838229147401345 0.25197074 32.5534462643453 1.1511589506198192 False 576
1524 1431.1505647544368 1948.254591581536 215.0228893600018 52.999702408399116 1420 1442 1939 1958 387.0 4.58480875701814 4.0445816478760905 11.248150311034895 0.4709307190892526 0.21361498223688175 3.0768546999426003 0.0 343.8498483725783 1.5379261 395.420895516535 2.3398881128694895 False 528
1525 2720.389745300802 1941.1797367131874 215.0113822857976 52.99148903419281 2718 2723 1939 1944 28.0 1.5013605991458463 1.3341890573274156 -23.386050486531886 0.4585796602719463 0.23202437182515245 0.39096923535846767 0.0 8.404831046883295 0.41194588 20.65007038316464 1.1700639944660685 False 576
1526 8531.113413395175 1962.4806467131323 214.95901269008982 52.954743988715165 8506 8558 1939 1988 1943.0 6.9110396810742944 6.4925864950517775 -45.98385929897177 0.3426819316883186 0.23619729086771116 43.76767430424082 0.0 5522.337529821318 4.412146 5458.461106914887 4.239493719429305 False 258
1527 7648.226436965633 1947.177370016746 214.96709116042598 52.96026337026658 7642 7654 1941 1954 142.0 2.8432417747835106 2.6338758245270473 88.77132281048813 0.376630310026778 0.24510390074488814 1.9447102478879836 0.0 106.08784591065546 1.0382206 155.25797525797924 2.1642130926961443 False 264
1528 4376.57127593267 1946.7605668891244 214.99645194073952 52.981015618456524 4374 4379 1944 1950 35.0 1.6674161518796555 1.4764204729050086 80.24845170193065 0.4647268355467222 0.21623427738886866 0.42572064127017173 0.0 11.025039281072683 0.43264753 23.56691283226786 1.2156199675694042 False 576
1529 2299.1268247650664 1950.8947526058537 215.0150637814541 52.99421293037585 2294 2304 1945 1957 108.0 2.867797757296686 2.3541716746105865 79.64713807464244 0.5710737222320347 0.21543481529648636 0.8127416351334813 0.0 48.17457444806907 0.7703805 72.80694010186295 1.7528801957027602 False 528
1530 3838.682966076522 1947.097239660489 215.00127752866027 52.98442895869378 3836 3841 1945 1949 24.0 1.4628440747974518 1.2041049787058657 -19.43287613074977 0.56785878789148 0.22030901685772605 0.32356094027535526 0.0 6.4094627118288825 0.3580533 38.614002611461416 1.5073776438013942 False 576
1531 10237.187379579469 1951.2467760387058 214.94383760607508 52.94385651348208 10233 10242 1946 1956 83.0 2.4636609454339258 2.0792998888088525 -84.18212405003524 0.5363623027205475 0.22423824721535265 0.8793584715802327 0.0 38.877758401793805 0.71792865 62.58064857462154 1.6479846495857449 False 258
1532 8675.95876720315 1955.251855129478 214.9577901260564 52.953785824357624 8673 8679 1949 1962 75.0 3.2220018619696065 1.6514478299234574 83.15598894306929 0.8586553844084801 0.24031112371440394 0.5097029806273466 0.0 27.38372290201505 0.74428886 77.76711621774783 2.407937462084544 False 258
1533 1048.0329476537806 1953.4760204133831 215.02627684612565 53.00215979154702 1045 1051 1951 1956 34.0 1.7504435989073328 1.3897853412816552 -28.830260380747887 0.6079676542235605 0.21142791020065663 0.3653164414164398 0.0 9.66269802631536 0.41576552 29.703050312723814 1.4095392127192108 False 528
1534 2356.0429300714923 1960.1275064309434 215.014455254107 52.993901930848246 2348 2363 1955 1965 140.0 3.297920612644911 2.367655036776692 5.991124134061346 0.6961219041372496 0.2076956863681848 1.3126588635054077 0.0 75.39340485190927 0.86036754 127.28043560737459 2.117746292151991 False 512
1535 3149.6722340604288 1960.2521954861518 215.007325954646 52.98886979022055 3146 3153 1956 1964 57.0 2.078133340581352 1.8825328567461792 68.51931862771727 0.42354121025363206 0.21116332738466237 0.5111447288227008 0.0 19.33879088058298 0.5656603 54.53502750239619 1.840152041955023 False 576
1536 8600.287638630485 1960.8318668262734 214.9584098238897 52.954296138814215 8591 8609 1956 1965 135.0 3.9089003555158 2.1489883615921164 2.513808168226544 0.8353173872682295 0.25931535969732455 1.0167941366483588 0.0 71.58373716614312 1.0387316 120.49365635804554 2.432634445602939 False 258
1537 3438.7817406225095 1958.9111037623552 215.0047438558555 52.9870290404569 3437 3440 1957 1961 14.0 1.2282082266313126 0.907312491123172 -58.416563634284024 0.6740030555348034 0.2153337784352342 0.24778919249756254 0.0 3.2885700007843934 0.2745648 24.757642891695163 1.2184759552299924 False 576
1538 3632.9589122532384 1960.7481560369476 215.0029808988391 52.98580748912492 3630 3636 1957 1965 47.0 2.021288735429855 1.6357921086702993 80.53346973240984 0.5874206586543991 0.23106959718164713 0.4758018189549901 0.0 16.20587665288756 0.55488324 33.6363056903145 1.4648457627839575 False 576
1539 2470.2221650327097 1972.5747127678526 215.0132985140783 52.993245183778235 2462 2478 1959 1985 358.0 5.98797806636816 3.377551262557164 -84.37213861240005 0.8257369585602509 0.20648335639663737 1.7484183590672884 0.0 241.7434429592692 1.4153631 286.6988070011847 2.473910683597176 False 576
1540 3048.9855538108673 1959.6300753590137 215.00823673504917 52.98950495725163 3047 3051 1959 1960 8.0 1.2118828377218527 0.48274342979167084 -0.3226456478895629 0.9172371102002295 0.22101235854233053 0.24717616841839662 0.0 1.8857968639547695 0.2100795 15.384473416013225 0.9188418376213813 False 576
1541 973.5084930769583 1960.502738429689 215.02687249574433 53.00267029908156 973 974 1960 1961 4.0 0.5014572318785189 0.4984586374448256 -45.61759221465714 0.10919599167772542 0.21457604823157356 0.2246854140253973 0.0 0.883360968317741 0.14218386 10.84739392805919 0.6303205711067855 False 528
1542 4481.661825013017 1961.414903748231 214.99535415482174 52.98042827157439 4480 4483 1960 1963 15.0 1.07441220313717 0.9755086050205026 45.382187258710545 0.41908648469790044 0.41632921992114713 0.832634682096258 0.0 9.46372322188655 0.6142642 17.8923803813278 1.3898731163791458 False 576
1543 8792.80883717589 1961.6043670280399 214.9566755624921 52.9530786550748 8792 8794 1961 1962 5.0 0.7690158543550131 0.44715897575145297 18.438107925684296 0.813568470972975 0.25124358151846365 0.2715363879751779 0.0 1.3012553181176574 0.18704516 11.75152305632447 0.8227814576843462 False 258
1544 1921.145041842676 1965.013091237796 215.01831052123936 52.996686077358355 1918 1924 1962 1968 38.0 1.8527533734676538 1.4151382041088234 -40.3239929768134 0.6454496813599364 0.23174822037239004 0.4840427783961042 0.0 12.731158779073509 0.46703154 26.973280279052013 1.3085907047054173 False 528
1545 8921.023023091442 1972.6209699061471 214.9554100267547 52.95232455450077 8913 8930 1962 1982 289.0 4.543692219122504 3.682693247392919 78.125233341541 0.5857292856946319 0.24700113530865558 1.4044628123581195 0.0 169.84784583464125 1.4674687 274.50189734890535 3.500128573448123 False 258
1546 3282.410383493229 1966.799817281832 215.00606494811407 52.98806338250877 3280 3285 1964 1970 36.0 1.750453578876777 1.4793586127759661 -72.5012487842694 0.5345628373603895 0.2147371433254455 0.36787559422196153 0.0 10.363188804631488 0.44501027 28.890585117840768 1.4065865249009777 False 576
1547 10099.750612992937 1968.1674159930692 214.94489110784073 52.944820144127 10093 10106 1964 1972 76.0 3.7082707980373875 1.498612518715764 -22.68073935366214 0.9147028652560857 0.2288041457013934 0.4090229858893079 0.0 24.09408424153566 0.6834429 58.80858579434708 2.131641056114375 False 258
1548 3241.388802350273 1967.5986368775818 215.00642491301537 52.98832785444273 3240 3243 1966 1969 15.0 1.1394686134215841 0.9934960362222913 45.42462310891633 0.4896943572680511 0.21938331995586252 0.2561847681457886 0.0 3.5581159112228193 0.27689567 24.881449126049255 1.169513215727926 False 576
1549 6393.900377533414 1977.8110083808183 214.97802015181935 52.96838686594999 6385 6402 1969 1986 230.0 3.8466931937757574 3.5907487208122126 -48.954390511362604 0.3586717090794265 0.2074934621091832 0.9971860944355486 0.0 105.76274102618225 1.1247052 183.1236059447504 2.801678558758788 False 264
1550 8367.761070162525 1971.8760014579118 214.96037843499914 52.95583127736655 8364 8372 1969 1975 52.0 2.1284974861982167 1.6582736955407542 6.002397855549015 0.6269222580605739 0.24632390803183102 0.6024022921347952 0.0 20.80137817431266 0.61688423 39.76731633939043 1.5748228233962076 False 258
1551 3141.5905077458983 1977.5029402760815 215.00721679309748 52.98901430018257 3137 3147 1970 1987 117.0 4.559710133025809 1.8645110646164904 -62.603059124835035 0.9125747163681787 0.2234288657531771 0.43840679969364404 0.0 39.472587947443635 0.830644 108.41346605313504 2.677268543987391 False 576
1552 3789.07686621029 1972.6413018682842 215.0014538249242 52.984881650228125 3788 3790 1971 1974 11.0 1.081799604809633 0.7682643655288802 -74.77357222030474 0.7040276794238383 0.22219165295397508 0.23637724311488367 0.0 2.517797259904429 0.24710655 44.59613953486215 1.1921917919983678 False 576
1553 6312.962352646814 1976.5112184030988 214.97876002269135 52.96889331242189 6308 6318 1974 1979 53.0 2.4452872888457957 1.4793228021817504 5.3014561947905765 0.7962490877939902 0.2225583033340687 0.5254687929257671 0.0 18.75108385111112 0.53478336 35.585648380275 1.3834497096406204 False 264
1554 7493.94883290854 1983.6167542930332 214.9680910261475 52.96143909539311 7488 7501 1976 1991 174.0 3.3070239741004492 2.9771281950192403 -74.64795057176285 0.43538592232457524 0.23694612154608402 1.488808825695975 0.0 113.13528214940598 1.1376604 145.41294971415942 2.0538176769214482 False 264
1555 8416.81219061737 1991.1055944882485 214.95973606409044 52.95562390445108 8407 8428 1977 2005 453.0 6.317580562293313 4.272435589795859 83.07846308620807 0.7366472500119582 0.2372121861198409 1.4793683622248248 0.0 309.1140395284585 1.8934805 395.15073059570267 3.557447648364761 False 258
1556 9027.237161691937 1983.8388859464583 214.95433964482731 52.95171113607931 9024 9030 1980 1988 42.0 2.0659178692389415 1.4886226700477867 60.765764152618104 0.6933901319969763 0.2522899071762598 0.43817347910744836 0.0 13.928438832103145 0.5474613 64.39121193355423 2.0317183139852615 False 258
1557 9347.746948061229 1981.7617575656081 214.95148828129956 52.949665987882625 9346 9350 1980 1984 20.0 1.243830827842785 1.1935271033642134 -41.95371418812327 0.2815129706739894 0.2429393844391828 0.3573485948524877 0.0 5.9467818114851205 0.37447372 19.034271588754823 1.2971375269559915 False 258
1558 4145.205818525173 2013.1755537757888 214.99782936899027 52.982842047939386 4117 4173 1982 2044 2451.0 9.274755279036233 6.927940012577752 83.62992336885668 0.6648606432646126 0.2116101897509107 23.994156101477337 0.0 4722.573663236638 4.143218 4786.642974228149 4.363776377306877 False 576
1559 6968.002972416894 1987.5289253161254 214.9727674103867 52.96479714343631 6964 6972 1984 1991 53.0 2.118771816267988 1.6871657590129447 -9.686117757736785 0.6049095048154667 0.22106741822669326 0.5745221663573656 0.0 19.7973034086264 0.56146115 41.58138954919753 1.580456703516831 False 264
1560 1955.1646154672385 1991.0546305427683 215.01773053627807 52.99661116496847 1949 1962 1987 1995 84.0 3.1925739582466726 1.8721184211179913 6.817529953165829 0.810023204827857 0.21143265852811238 0.441478060426529 0.0 26.14672854752505 0.65704215 59.19410499138838 1.9465604353747712 False 528
1561 7067.092760087436 1991.0251424276253 214.9718417185606 52.96418736306167 7062 7072 1987 1996 89.0 2.484607311474347 2.2319964152631337 7.647065726285123 0.43932202406470144 0.22470824036423723 0.853280487241016 0.0 39.83286918564613 0.73477805 60.13038560527539 1.4871452703405519 False 264
1562 8938.679394169607 1994.1841530553543 214.9550246127061 52.95232898311655 8932 8946 1987 2001 180.0 3.2925123326797703 2.6646309765925222 38.51951642806335 0.5873952190703329 0.24714802093940447 2.8990766856420405 0.0 174.7081408280235 1.2709941 219.262714490519 2.2635993152039418 False 258
1563 1615.7515069984463 2008.0955780371953 215.0206002944437 52.99885548656329 1607 1626 1989 2027 575.0 7.611386946296221 3.726792811489985 84.71939211694607 0.8719281380158371 0.21075633896958884 2.346443163963403 0.0 423.6086964873081 1.812758 652.3596604524007 3.9711052112270164 False 528
1564 7304.019500122743 2003.3223266275656 214.96958698948652 52.96275060368851 7293 7315 1991 2016 419.0 6.0398186901417334 4.392712122078619 61.18924269351784 0.6863281086558227 0.23580749457101827 0.9429796403624999 0.0 202.90915480034545 1.7100338 320.56637650141374 3.8350900070745433 False 264
1565 7670.937930266276 1992.8315064012263 214.96640658286947 52.960365911555535 7668 7674 1991 1995 26.0 1.648367919704969 1.1817285925413548 5.43847137141066 0.6971675073901155 0.23241568642086394 0.33169349778572627 0.0 7.25225226934809 0.39761534 29.195936726666467 1.5149031603044811 False 264
1566 8201.253595691747 1997.539221572663 214.9616011902484 52.95702644888652 8193 8209 1991 2005 197.0 3.674321106760813 2.8352703079061046 -29.59814496536723 0.6360538491810477 0.24251513834202823 1.8970442879214462 0.0 136.9611322457915 1.2007926 191.46518086272715 2.435595818975542 False 258
1567 2392.426965654852 1995.7590754704524 215.01375303837233 52.99386385499838 2389 2396 1993 1999 40.0 1.790493181056536 1.5505204609929557 42.36244034710702 0.5000891017163347 0.21299331074016592 0.47041134739964086 0.0 13.081336707123775 0.47609326 32.015654922251194 1.4039830585693656 False 528
1568 10259.932713227818 1998.9830314498206 214.94313099963392 52.94396995056769 10252 10267 1994 2004 133.0 3.3958154767013022 2.2207317332447345 -0.5339696478101591 0.75652804558443 0.2297586979994644 1.4434980349919726 0.0 84.10421019865842 0.98308843 107.2440271176327 1.7152678592447461 False 258
1569 948.4582584932855 2003.8853921427012 215.02664051835097 53.00306372587293 939 960 1996 2011 252.0 4.367566548217871 3.200171800374376 10.596994350748579 0.6805380159003802 0.22387723011576427 1.971232070686406 0.0 162.74345067478015 1.2404044 202.71878712176516 2.204715846148424 False 528
