outputs/dr0.5_c0.1/nircam1_f115w_dr0.5_c0.1.ecsv
# %ECSV 1.0
# ---
# datatype:
# - {name: label, datatype: int64}
# - {name: xcentroid, datatype: float64}
# - {name: ycentroid, datatype: float64}
# - {name: sky_centroid.ra, unit: deg, datatype: float64}
# - {name: sky_centroid.dec, unit: deg, datatype: float64}
# - {name: bbox_xmin, datatype: int64}
# - {name: bbox_xmax, datatype: int64}
# - {name: bbox_ymin, datatype: int64}
# - {name: bbox_ymax, datatype: int64}
# - {name: area, unit: pix2, datatype: float64}
# - {name: semimajor_sigma, unit: pix, datatype: float64}
# - {name: semiminor_sigma, unit: pix, datatype: float64}
# - {name: orientation, unit: deg, datatype: float64}
# - {name: eccentricity, datatype: float64}
# - {name: min_value, datatype: float64}
# - {name: max_value, datatype: float64}
# - {name: local_background, datatype: float64}
# - {name: segment_flux, datatype: float64}
# - {name: segment_fluxerr, datatype: float32}
# - {name: kron_flux, datatype: float64}
# - {name: kron_fluxerr, datatype: float64}
# - {name: kron_radius, unit: pix, datatype: float64}
# - {name: gini, datatype: float64}
# - {name: equivalent_radius, unit: pix, datatype: float64}
# - {name: kron4_2_flux, datatype: float64}
# - {name: kron4_2_fluxerr, datatype: float64}
# - {name: radius_kron20, unit: pix, datatype: float64}
# - {name: radius_kron50, unit: pix, datatype: float64}
# - {name: radius_kron80, unit: pix, datatype: float64}
# - {name: near_border, datatype: bool}
# meta:
#   PHOTMJSR: 2.962800025939941
#   PIXAR_SR: 2.11539874851881e-14
#   __serialized_columns__:
#     area:
#       __class__: astropy.units.quantity.Quantity
#       unit: !astropy.units.Unit {unit: pix2}
#       value: !astropy.table.SerializedColumn {name: area}
#     eccentricity:
#       __class__: astropy.units.quantity.Quantity
#       unit: !astropy.units.Unit {unit: ''}
#       value: !astropy.table.SerializedColumn {name: eccentricity}
#     equivalent_radius:
#       __class__: astropy.units.quantity.Quantity
#       unit: !astropy.units.Unit {unit: pix}
#       value: !astropy.table.SerializedColumn {name: equivalent_radius}
#     kron_radius:
#       __class__: astropy.units.quantity.Quantity
#       unit: &id001 !astropy.units.Unit {unit: pix}
#       value: !astropy.table.SerializedColumn {name: kron_radius}
#     orientation:
#       __class__: astropy.units.quantity.Quantity
#       unit: &id002 !astropy.units.Unit {unit: deg}
#       value: !astropy.table.SerializedColumn {name: orientation}
#     radius_kron20:
#       __class__: astropy.units.quantity.Quantity
#       unit: *id001
#       value: !astropy.table.SerializedColumn {name: radius_kron20}
#     radius_kron50:
#       __class__: astropy.units.quantity.Quantity
#       unit: *id001
#       value: !astropy.table.SerializedColumn {name: radius_kron50}
#     radius_kron80:
#       __class__: astropy.units.quantity.Quantity
#       unit: *id001
#       value: !astropy.table.SerializedColumn {name: radius_kron80}
#     semimajor_sigma:
#       __class__: astropy.units.quantity.Quantity
#       unit: !astropy.units.Unit {unit: pix}
#       value: !astropy.table.SerializedColumn {name: semimajor_sigma}
#     semiminor_sigma:
#       __class__: astropy.units.quantity.Quantity
#       unit: !astropy.units.Unit {unit: pix}
#       value: !astropy.table.SerializedColumn {name: semiminor_sigma}
#     sky_centroid:
#       __class__: astropy.coordinates.sky_coordinate.SkyCoord
#       dec: !astropy.table.SerializedColumn
#         __class__: astropy.coordinates.angles.Latitude
#         unit: *id002
#         value: !astropy.table.SerializedColumn {name: sky_centroid.dec}
#       frame: icrs
#       ra: !astropy.table.SerializedColumn
#         __class__: astropy.coordinates.angles.Longitude
#         unit: *id002
#         value: !astropy.table.SerializedColumn {name: sky_centroid.ra}
#         wrap_angle: !astropy.coordinates.Angle
#           unit: *id002
#           value: 360.0
#       representation_type: spherical
#   astropy version: '5.1'
#   make_catalog parameters:
#     ab_zpt: 31.4
#     coadd_bands: !!python/tuple [f277w, f356w]
#     deblend_contrast: 0.001
#     deblend_nlevels: 32
#     deblend_npixels: 1
#     detect_kernel_fwhm: 4.0
#     detect_kernel_npix: 7
#     detect_npixels: 4
#     detect_threshold_nsigma: 3.0
#     flag_isolated_buffer: 4
#     hst_bands: !!python/tuple [f606w, f814w, f125w, f140w, f160w]
#     jwst_bands: !!python/tuple [f115w, f150w, f200w, f277w, f356w, f410m, f444w]
#     near_border_kernelsize: 21
#     reference_band: f200w
#   make_catalog version: 1.4.0
#   photutils version: 1.5.0
# schema: astropy-2.0
label xcentroid ycentroid sky_centroid.ra sky_centroid.dec bbox_xmin bbox_xmax bbox_ymin bbox_ymax area semimajor_sigma semiminor_sigma orientation eccentricity min_value max_value local_background segment_flux segment_fluxerr kron_flux kron_fluxerr kron_radius gini equivalent_radius kron4_2_flux kron4_2_fluxerr radius_kron20 radius_kron50 radius_kron80 near_border
[from data line 2737]
2738 4059.775147597522 3308.1915469947717 214.9849513024671 52.99038296060672 4056 4063 3306 3312 42.0 1.9939618600292608 1.3121911349677993 29.590722184080082 0.7529459488782471 -0.22051628886353963 0.36665843415140037 0.0 3.128963867508366 1.6208723 14.98356866023594 6.431146027232335 3.630894489474616 0.46447039771129944 3.656366395715726 -0.9796455562241206 10.240467056118787 3.435517934713537 10.944526107060707 17.39159549947204 False
2739 6845.071917129766 3314.1491228354116 214.9598937034549 52.972744034193035 6839 6852 3308 3322 159.0 3.3482992935754194 2.8363147398985076 26.61523361026276 0.5314476107463997 -0.02280203958355636 1.5656704303821645 0.0 62.984763753267984 3.2263072 107.69248232958805 8.184383441443734 2.383019561675265 0.31747126794941066 7.1141599576634995 132.38188880024558 13.060112782363055 3.2042660724061074 6.081520436304537 11.475322957442566 False
2740 2413.4511411384315 3314.0248716560623 214.9996732701584 53.00085698390294 2409 2415 3310 3317 39.0 1.5633757632370529 1.2801686312139402 71.87154593713574 0.5740090301309788 -0.6276552411695333 0.9457975729007783 0.0 3.9929257668064375 3.0063052 11.5627008599512 10.408564951714899 3.1599381122864494 0.6190610888961547 3.523362819972964 10.790591256993913 16.701432893915253 1.3072783823031255 5.647696181763093 6.9088400603384645 False
2741 8038.3898333795705 3317.5772795072535 214.94915517033604 52.96519001067187 8034 8043 3312 3323 95.0 2.5005742425005364 1.4035116990926102 -70.78552059394546 0.8276288572861857 -0.23821594589219444 2.752472992859672 0.0 37.77395204987569 2.4199007 39.02221509358214 2.8814248178828676 1.4 0.6030476854356732 5.499039842323396 36.548075217893334 4.586185217313475 1.2442546902500764 2.251136801778267 3.6385399825646747 False
2742 1619.1979504014246 3348.648331407772 215.00644303775275 53.00608137740186 1598 1637 3313 3379 1597.0 14.947061318984876 4.778909633564986 68.11485688730957 0.9475112749790977 -0.32575040271436323 6.51995969085259 0.0 1592.3069413138023 11.410867 1750.6441768051823 16.682176020285027 1.5906173092683744 0.48869151029514607 22.54641630582372 1846.098529216301 26.32754351791938 5.821645321782786 13.45493085229482 23.202539182703912 False
2743 7547.5447370319325 3339.8797130952025 214.95332192060826 52.968425387358025 7516 7579 3313 3367 2614.0 8.700926487861896 7.707400563795628 9.029834135871786 0.4640408934681888 -0.167426931139403 55.25460756750619 0.0 6367.513449524943 14.24801 6360.72221739988 14.177459149640079 1.4 0.6860956331860677 28.845485651734638 6650.88055534561 21.218543782364357 4.049193591165225 8.083733204372077 15.165917406817332 False
2744 2253.478004714632 3316.706559984713 215.00108189298737 53.001886077591166 2250 2255 3315 3319 22.0 1.7825416482839853 0.8906047940455144 -41.97802997627591 0.8662410178959844 0.12717377239554292 1.881303624807805 0.0 13.744121556667686 1.4255744 121.64856818629482 5.826071502904015 3.556983104006047 0.40469156372651344 2.6462837142006137 161.60654016932784 9.313826037407527 3.4275219231283174 6.4765595272080505 9.13926541118599 False
2745 281.0319689369744 3322.2876574801917 215.01874519008447 53.014424669836544 272 291 3317 3328 191.0 4.586960033258193 2.675050424514376 0.5730063326470888 0.8123387247250461 -0.06358548770771955 1.3670283173134352 0.0 74.6077282872046 3.8023987 158.6991945509215 10.966824731105246 2.586880721639863 0.29077772428846704 7.797255174810172 218.88255300468296 17.53374975264074 4.109819098114328 8.527801567224554 15.076359286595624 False
2746 720.2864205633203 3319.753902837535 215.01482437734867 53.01162563389965 717 723 3317 3322 35.0 1.2331519423444832 1.0569351935181022 6.191998667752313 0.5151491699931289 -0.11848011963506636 1.6562826253684786 0.0 12.684290378957305 1.631529 14.077323798337142 2.7538125408697645 1.9695325955489913 0.5868717052467907 3.3377905890622728 18.49645218256046 4.349601987602974 0.7455394639052542 1.3674095451322061 2.5691484103583964 False
2747 6023.46546412006 3322.3211155655804 214.96717843902002 52.97800135744596 6020 6027 3319 3325 43.0 2.0997390959575752 1.355633970546855 -28.16365727186846 0.763658667298158 -0.14256790242333747 0.8123523373730716 0.0 11.665594349965648 1.8125871 26.771162707800357 5.314757854357348 2.596176024681744 0.32554117679333366 3.6996385101659595 18.070479958683187 8.474561838653944 2.1990814950550486 4.111946380288328 6.860496884028667 False
2748 6627.940517446912 3326.655411925532 214.96170969215794 52.9741893577978 6623 6633 3322 3331 71.0 2.4898058712156708 1.4811554727437097 -30.81862884114838 0.8038086495223389 -0.028527971809889946 2.5250438863575813 0.0 47.55050542166299 2.2126205 61.03637641386304 3.684406817954358 1.6845626503924676 0.4124276619470427 4.753945931439391 58.57850559475685 5.809938387571921 1.6975111116832917 3.0764397141915794 5.108677660786625 False
2749 nan nan nan nan 2368 2373 3323 3328 29.0 nan nan nan nan 0.0 0.0 0.0 0.0 5385164.5 nan nan nan nan 3.0382538898732494 nan nan nan nan nan True
2750 2165.208309730478 3326.685348927389 215.00176959600213 53.00249984374614 2164 2166 3325 3328 9.0 0.9899278760602152 0.6669719927772362 82.82615570887805 0.7389519133905498 -0.05515635456025886 0.48329484365092473 0.0 2.9416525231089876 0.77747107 10.973526908829134 2.916732834859259 3.0906117083475713 0.21391290516727607 1.692568750643269 10.244449684803225 4.629890601929361 1.4565908402546794 2.857919772666022 5.077371626072034 False
2751 3416.506736897006 3329.9634810744055 214.9904973461906 52.994581044106766 3414 3419 3328 3333 30.0 1.1688402899106107 1.107963151721457 12.88874608475053 0.3185185356292738 -0.033013789305056135 2.267540760939829 0.0 16.907618733092608 1.4980795 18.172861252128417 1.9042664350624587 1.4 0.49995083839965354 3.0901936161855166 18.272739985926794 3.0076045272331053 0.8050706321121268 1.4509052887556302 2.410051722605081 False
2752 1409.0490451103929 3333.253107868655 215.00849331167043 53.00733086549421 1405 1413 3329 3337 61.0 1.7936734752100632 1.2873485078994493 -8.58843048599109 0.696335736892493 -0.08145602113497227 5.389180342878473 0.0 49.69909164341651 2.2451584 55.59544505364434 3.2421729270265285 1.7147411259222667 0.5799883608604056 4.406461512053774 59.689203424356414 5.120032716088718 1.0441435684777234 1.9336930222875475 3.528133470163587 False
2753 1819.1528020439637 3331.894592175038 215.00482328793606 53.004722715097394 1818 1820 3331 3333 7.0 0.7227845489454242 0.6476663149275979 -15.582929184181049 0.4439106445934773 0.28198261998876245 0.9138969167502086 0.0 3.949079551154743 0.7110348 18.77923642631525 2.644637254105983 3.2677244157007066 0.2594329795605406 1.4927053303604616 22.408927545642975 4.186206793154997 1.3833433761480292 2.519278420955619 3.877867242416186 False
2754 2407.4456522881774 3341.722305497105 214.9994353059767 53.001044785923305 2400 2416 3331 3353 292.0 3.212593824592184 2.1630665412699535 79.92456118751507 0.739361712951895 -0.6263110707224435 14.02619031783004 0.0 188.60468612876141 9.723164 190.55901416483786 9.367872391735409 1.4 0.7658587628389122 9.640875829802336 180.1902620268222 14.628926473427327 1.1241531678762018 2.2058289536449784 4.297431625554505 False
2755 7698.7850447455385 3335.221529622019 214.95201466040942 52.96744046781405 7694 7703 3331 3340 82.0 1.8678679911552678 1.7929247759923232 87.97988674781496 0.2804190753840199 -0.14088845237521383 2.3622604270477656 0.0 50.89443294612818 2.312405 58.4197730414848 3.5633420139538785 1.7580779875447747 0.5067614122601819 5.108953969950291 64.55987864911091 5.647851553664796 1.3758499439052896 2.4809442724693413 4.130327395875233 False
2756 3738.315381082899 3337.0945084484715 214.9875327519397 52.99257829681784 3730 3747 3333 3341 123.0 3.7236397509243866 2.0413323392789624 -7.281335986389258 0.8363414584410175 -0.189048954466735 0.778407289415295 0.0 21.509741396817038 2.8381114 56.80271297940044 8.946127003184134 2.853024409317572 0.4213263952180759 6.257165172872317 93.74232997698542 14.284250274421169 3.541268706976863 9.045754331657783 13.259636515663223 False
2757 10073.756370050705 3342.5890353475033 214.93064585688975 52.95240681903945 10066 10080 3333 3351 199.0 4.207365689295861 2.809530411721337 -58.89528155427189 0.744372397352436 -0.12162687004054373 1.0985633333687108 0.0 71.25540719653281 3.765639 127.39984220693964 9.670190815102492 2.4397783583913584 0.3657716189788388 7.958873497585845 119.04810344599446 15.449300340639779 3.4808331651290496 7.249280505835237 13.441612878397693 False
2758 1219.0052635331854 3352.0829192350952 215.0100023424797 53.00863784936291 1194 1255 3335 3370 1379.0 8.734697154337958 4.443256347287148 18.389845352911124 0.8609495369292536 -0.3461782301409387 9.489769833312954 0.0 909.7368191165226 10.327151 929.7393691593697 11.775637309538476 1.5464711241011608 0.7004981059709703 20.951117704013964 1033.3799387818203 18.662400147978893 3.2117929042459665 7.065821744654818 11.769882496569299 False
2759 2030.8955384975766 3339.890372867929 215.00283691070584 53.003423056725886 2025 2037 3335 3344 106.0 2.8047403771667 1.749169696928793 -1.129086036963387 0.7817055904001473 -0.20572215672581662 1.361819810249274 0.0 29.53358664407947 2.693146 63.67358267846775 6.936085929973486 2.708657017062288 0.5186225315723434 5.808687281605183 105.24303819359898 11.060433209745137 2.2134131634939673 6.602518258272051 12.092277645696619 False
2760 6972.535453630999 3341.4942978385507 214.95846221384446 52.972082934575695 6966 6980 3335 3349 176.0 3.3314046271573257 2.5140498926589387 48.346124938365456 0.6561257007581528 -0.18571233596172043 2.6610691451485655 0.0 81.90046057939358 3.3666553 161.74801844590814 8.505240882818736 2.6417873870024677 0.45690210876878407 7.48482063701911 210.0732377893719 13.482440024990847 2.840026388124307 7.4961076644952715 14.279559068697221 False
2761 3196.408627502232 3339.789460565628 214.9923701586006 52.996030228107266 3194 3200 3337 3343 40.0 1.7903332222036077 1.2993379152628315 -71.52069596084307 0.687956419873774 -0.025122711811308186 1.0177847336049366 0.0 18.75135692352528 1.7049721 22.79259922741895 2.6109678950668567 1.4520196435761854 0.31715295445647046 3.5682482323055424 22.055684896940253 4.148759883490838 1.3351377487661291 2.373374516715867 3.4996241714595726 False
2762 6466.534404872992 3343.4366153956744 214.96298083062538 52.975304163162534 6459 6473 3337 3351 165.0 2.769328203795828 2.4552536001874095 42.80343927038746 0.4625596526677248 0.04106452555487206 5.526916855951397 0.0 131.7980050661765 3.4738088 164.33672848663906 5.9602924952110845 1.9292547039467525 0.5053231136343715 7.247146419131151 185.33146449207857 9.40683421621492 1.6745207045736328 3.642829811917878 7.230706648689727 False
2763 7495.631160777383 3342.6703557479814 214.9537580973273 52.96876989662662 7491 7501 3337 3349 103.0 3.156235888023561 2.0913922663386266 -67.73671408865695 0.748953733373187 -0.09853768514042562 0.9267334608557892 0.0 39.788174472928105 2.579878 76.48439961633976 7.051219383071946 2.46568094385522 0.2816122451448365 5.725898905580716 121.53066840065541 11.23708773992564 2.8354385658430084 5.763882333938006 9.936371230270272 False
2764 2382.0 3341.780267646293 214.99966324461843 53.001206484867566 2362 2382 3339 3352 221.0 0.8374066506403504 0.28867513459481287 90.0 0.938703664556997 -0.28962289945658065 3.3854840295810247 0.0 7.193176459963504 14662877.0 10.617617141351172 1959234.1205799398 1.7719192651074356 0.9926935977959223 8.387281135541944 11.969189961977735 3633144.7861910504 0.49474381911301824 0.8523620889740274 1.180190935642212 True
2765 6506.935125347108 3342.822744345958 214.9626248597679 52.975044498043474 6504 6510 3339 3347 55.0 2.121295574000802 1.3760854267730318 86.2705791249391 0.7610438264524727 0.04239405904120886 1.8789836970708669 0.0 40.64947395816279 1.9352912 48.876031262952395 2.8857109949532798 1.4848712751294944 0.3632579583908264 4.1841419359420025 47.6201886457598 4.549971416594897 1.3949891964553658 2.604644116521488 4.130495622073298 False
2766 1364.8791583940515 3342.9067823616742 215.00878841203635 53.00766316528293 1364 1366 3341 3344 10.0 0.7370748927630533 0.6298329370208045 59.076374315019784 0.5194459450871138 -0.03392973028939645 0.7759819422341101 0.0 2.8349181763264584 0.8698775 7.166803544894185 2.1786137785384327 2.634767442863317 0.517009417198706 1.7841241161527712 12.210257598295367 3.486375206439211 0.9431074001545702 1.8109445148083125 3.660379100532714 False
2767 6919.755250752426 3355.957289485717 214.95878324790917 52.97249597473661 6908 6930 3342 3372 559.0 6.3916516146349505 3.4308010207711135 66.6364706715802 0.8437331701201459 -0.3352409825237891 4.790340366287684 0.0 129.89069636163583 5.935252 169.9324228499027 11.036580074561702 2.127527598693768 0.6545501449514829 13.339236349084569 246.8684038699919 17.644242293686503 2.6554285936879496 6.93271906745663 14.86941969297884 False
2768 7723.374907409036 3344.350600504726 214.95169794940176 52.967333727876365 7721 7726 3342 3348 35.0 1.4566313416336543 1.4069069268810193 42.295955830849515 0.2590518425458856 -0.09092402872246601 0.856776509462118 0.0 10.810087829825807 1.5091697 12.39212741227588 2.2336799273791312 1.4 0.3476284659322166 3.3377905890622728 11.414213228288752 3.5312269836367416 1.2313266593318384 2.090006027827734 2.907485036382898 False
2769 9613.476278848619 3343.488742945884 214.93476154570726 52.955333276872025 9613 9614 3343 3344 4.0 0.5324567932707754 0.4645431616217884 45.184459870136806 0.4886992521479003 0.3987720897831405 0.5736976141456858 0.0 1.9021149852112385 0.5164302 9.967187392019301 1.872666969322521 3.3252289865172595 0.10680416048626647 1.1283791670955126 16.702249579539828 2.9785629729592507 1.1878067282667097 2.214027847284059 3.4000147511136776 False
2770 1114.800226882307 3351.6523060221066 215.01094317302153 53.00929634120815 1108 1121 3344 3358 160.0 3.0403318960955708 2.642668159829514 80.55232275756592 0.49445392508555436 -0.11951738055680804 1.7084813038319726 0.0 80.5446967338518 3.472644 112.06620166219417 6.9939554899557095 2.0739869771539188 0.40686718371823355 7.136496464611085 126.16974111315642 11.08443527666845 2.35701047153793 4.61220908518914 8.466978572220658 False
2771 2045.1773886188764 3346.590836830156 215.00263800181108 53.00336869938168 2042 2048 3344 3350 39.0 1.7367388237407617 1.5085000676614355 -88.6764918698392 0.49554547987064584 0.03672184477492908 1.1001806973250567 0.0 15.234859281750696 1.6459785 68.35667314808356 6.234010773264789 3.3437399928443314 0.30875981109169276 3.523362819972964 114.29414804199158 9.93756269683092 3.243499739354484 7.020079234141979 10.191398536910281 False
2772 732.808961170573 3353.486085005847 215.01435631705064 53.01172860299687 726 739 3346 3360 164.0 3.2610998799387634 2.1792055784805133 63.08055405011877 0.7439435086061392 -0.18768855677136032 2.166804151190666 0.0 92.20334813102295 3.4563391 99.74737843970826 4.659567556733133 1.47638477209258 0.4997907109347597 7.225151993843567 102.6314363544567 7.451499299880873 1.8965151815571666 3.4454287349239476 5.691485490512237 False
2773 2275.093105694932 3353.941324708822 215.0004953196687 53.00195025796272 2269 2280 3348 3359 121.0 2.4540323022664747 2.0222342954607684 -41.72072297551931 0.566523609878237 -0.20627939839363235 2.7425624320782505 0.0 64.38986652061185 4.9362917 70.88324704228017 8.339794328467812 1.865883638322777 0.5466876163668847 6.206085419025319 74.12187950325753 13.235363402535597 1.4571703909990352 2.7717320116685564 4.776140178349879 False
