outputs/dr0.5_c0.1/nircam3_matched_f277w_f125w_dr0.5_c0.1.ecsv
# %ECSV 1.0
# ---
# datatype:
# - {name: label, datatype: int64}
# - {name: xcentroid, datatype: float64}
# - {name: ycentroid, datatype: float64}
# - {name: sky_centroid.ra, unit: deg, datatype: float64}
# - {name: sky_centroid.dec, unit: deg, datatype: float64}
# - {name: bbox_xmin, datatype: int64}
# - {name: bbox_xmax, datatype: int64}
# - {name: bbox_ymin, datatype: int64}
# - {name: bbox_ymax, datatype: int64}
# - {name: area, unit: pix2, datatype: float64}
# - {name: semimajor_sigma, unit: pix, datatype: float64}
# - {name: semiminor_sigma, unit: pix, datatype: float64}
# - {name: orientation, unit: deg, datatype: float64}
# - {name: eccentricity, datatype: float64}
# - {name: min_value, datatype: float64}
# - {name: max_value, datatype: float64}
# - {name: local_background, datatype: float64}
# - {name: segment_flux, datatype: float64}
# - {name: segment_fluxerr, datatype: float32}
# - {name: kron_flux, datatype: float64}
# - {name: kron_fluxerr, datatype: float64}
# - {name: kron_radius, unit: pix, datatype: float64}
# - {name: gini, datatype: float64}
# - {name: equivalent_radius, unit: pix, datatype: float64}
# - {name: kron4_2_flux, datatype: float64}
# - {name: kron4_2_fluxerr, datatype: float64}
# - {name: kron4_2_mag, datatype: float64}
# meta:
#   PHOTMJSR: 2.962800025939941
#   PIXAR_SR: 2.11539874851881e-14
#   __serialized_columns__:
#     area:
#       __class__: astropy.units.quantity.Quantity
#       unit: !astropy.units.Unit {unit: pix2}
#       value: !astropy.table.SerializedColumn {name: area}
#     eccentricity:
#       __class__: astropy.units.quantity.Quantity
#       unit: !astropy.units.Unit {unit: ''}
#       value: !astropy.table.SerializedColumn {name: eccentricity}
#     equivalent_radius:
#       __class__: astropy.units.quantity.Quantity
#       unit: !astropy.units.Unit {unit: pix}
#       value: !astropy.table.SerializedColumn {name: equivalent_radius}
#     kron_radius:
#       __class__: astropy.units.quantity.Quantity
#       unit: !astropy.units.Unit {unit: pix}
#       value: !astropy.table.SerializedColumn {name: kron_radius}
#     orientation:
#       __class__: astropy.units.quantity.Quantity
#       unit: &id001 !astropy.units.Unit {unit: deg}
#       value: !astropy.table.SerializedColumn {name: orientation}
#     semimajor_sigma:
#       __class__: astropy.units.quantity.Quantity
#       unit: !astropy.units.Unit {unit: pix}
#       value: !astropy.table.SerializedColumn {name: semimajor_sigma}
#     semiminor_sigma:
#       __class__: astropy.units.quantity.Quantity
#       unit: !astropy.units.Unit {unit: pix}
#       value: !astropy.table.SerializedColumn {name: semiminor_sigma}
#     sky_centroid:
#       __class__: astropy.coordinates.sky_coordinate.SkyCoord
#       dec: !astropy.table.SerializedColumn
#         __class__: astropy.coordinates.angles.Latitude
#         unit: *id001
#         value: !astropy.table.SerializedColumn {name: sky_centroid.dec}
#       frame: icrs
#       ra: !astropy.table.SerializedColumn
#         __class__: astropy.coordinates.angles.Longitude
#         unit: *id001
#         value: !astropy.table.SerializedColumn {name: sky_centroid.ra}
#         wrap_angle: !astropy.coordinates.Angle
#           unit: *id001
#           value: 360.0
#       representation_type: spherical
#   astropy version: '5.1'
#   kernelfile: kernel_f277w_f125w.fits
#   make_catalog parameters:
#     ab_zpt: 31.4
#     coadd_bands: !!python/tuple [f277w, f356w]
#     deblend_contrast: 0.001
#     deblend_nlevels: 32
#     deblend_npixels: 1
#     detect_kernel_fwhm: 4.0
#     detect_kernel_npix: 7
#     detect_npixels: 4
#     detect_threshold_nsigma: 3.0
#     flag_isolated_buffer: 4
#     hst_bands: !!python/tuple [f606w, f814w, f125w, f140w, f160w]
#     jwst_bands: !!python/tuple [f115w, f150w, f200w, f277w, f356w, f410m, f444w]
#     near_border_kernelsize: 21
#     reference_band: f200w
#   make_catalog version: 1.4.0
#   photutils version: 1.5.0
# schema: astropy-2.0
label xcentroid ycentroid sky_centroid.ra sky_centroid.dec bbox_xmin bbox_xmax bbox_ymin bbox_ymax area semimajor_sigma semiminor_sigma orientation eccentricity min_value max_value local_background segment_flux segment_fluxerr kron_flux kron_fluxerr kron_radius gini equivalent_radius kron4_2_flux kron4_2_fluxerr kron4_2_mag
[from data line 4910]
4911 7055.670211982803 4108.525659108922 214.7690216978983 52.848552392105105 7041 7071 4098 4116 330.0 5.684816890310946 4.091429278284239 -29.117960446424615 0.6942730415553406 0.2348242773372971 2.1931926515432076 0.0 298.176969249471 15.202597 623.865986237387 43.184078739444104 2.5429607275519257 0.362838042101233 10.249012754438885 824.4728703821864 70.79796318353323 24.10955907605581
4912 7042.251436997544 4114.084450892018 214.76908281010398 52.84866766619493 7029 7050 4103 4122 246.0 4.746858665593451 3.4910944949545817 32.765551356091336 0.6775750438666346 0.22641048921549733 2.1337898148795618 0.0 244.53365316082412 13.393753 421.95167651837806 30.43179566979278 2.4718852450115323 0.358027349826479 8.848967849484623 659.5196666273512 53.891545991810354 24.351930623567775
4913 7056.033906268742 4138.707154419341 214.76870062056574 52.84871260487287 7005 7099 4102 4181 4857.0 17.25293704990084 12.434277575448691 -17.48072848406073 0.6932419045009709 0.2147017689870581 16.24210429536013 0.0 9188.834329366178 60.78785 9926.199525437854 81.73161302975126 1.508832062463456 0.4897859049670948 39.31960220036148 10432.827474424188 132.68586483621718 21.353994935998266
4914 7017.505609710344 4123.327779442805 214.7692061215672 52.84887481862669 7008 7025 4111 4131 238.0 4.919020284405693 3.483067004623546 -62.948123389648906 0.7061307692735483 0.2437001794441326 0.8145695887537865 0.0 119.33124075962228 13.259388 504.5027359001224 48.39677207902254 3.2297796310250297 0.1856659048572847 8.703892974511014 763.191024110245 79.12276194748041 24.19341686502849
4915 6999.789686368871 4144.452280578334 214.7691416315127 52.84910124241242 6993 7006 4138 4151 164.0 3.7848421977965203 3.0267347943329055 44.28088278360125 0.6004010274660792 0.22106773877379624 0.5788830949942727 0.0 61.62887215583606 10.877849 213.03327948515056 38.07206256728328 2.9736797249898332 0.13704107364915788 7.225151993843567 348.35794559456775 61.01094943302549 25.044935698301334
4916 7058.006876521531 4172.41413140027 214.76832806513474 52.84888156645698 7036 7079 4161 4189 749.0 7.7982719053662475 6.345160700419576 -1.0938765776499133 0.5813376686950293 0.2317494920617007 2.2971481572048424 0.0 549.6106242289161 23.689713 1125.9176921172864 61.50794710086098 2.5271799591210318 0.3524351469510533 15.440663999700893 1490.137112860249 95.79415801226277 23.46693442189056
4917 7071.017786073852 4216.328801695207 214.76774958924858 52.84903529422069 7048 7097 4190 4241 1288.0 11.098638565602213 7.227049943878134 -33.354632805500636 0.7589358078853338 0.2359193758770231 2.00776808882392 0.0 1184.282301824972 30.243341 1737.7806345317947 67.79839966678497 2.0730362834406053 0.32071582475366556 20.248040236149336 2027.8666552711245 103.31568335139482 23.13240151484564
4918 7087.098189231801 4252.37133365027 214.76722664249422 52.849127107605916 7051 7121 4210 4292 3419.0 13.69522986623314 11.680813447238734 87.88260867854903 0.522056195042901 0.2651987382380714 10.621058918345792 0.0 7600.742733517111 48.35287 8349.423203063016 68.89130110129553 1.6309453541507464 0.44681674172908686 32.98941498211783 8980.680869666443 120.13449030917268 21.516726840199894
4919 7094.205481533987 4286.971315131616 214.76679889344513 52.84926821928225 7071 7121 4274 4309 1102.0 8.888246746667813 7.208934391358697 8.673231712376694 0.5849578246053537 0.2427464794300729 3.221708544966438 0.0 1245.728528932319 27.366053 2055.117903719911 66.32120397101104 2.252898185887721 0.41852396851998047 18.72905482330962 2361.24887366919 110.15827319704924 22.967145590578262
4920 1204.3005791452051 4126.41990083537 214.82105243242324 52.88585070228864 1185 1227 4109 4149 1100.0 9.515596552611106 6.333443926458288 -54.876688497639854 0.746321529283576 0.22335597336550667 2.7133492854365104 0.0 804.3882702476817 26.704603 1109.9589899830398 57.01425355740974 2.015984559201654 0.3522484055659814 18.712051592547777 1258.533873464678 91.6909328267945 23.650337727283848
4921 1221.1432294015965 4137.85803961261 214.82078151389032 52.885805299011054 1218 1224 4136 4140 25.0 1.871491771391101 1.103059566543537 23.880084998936606 0.8078404427294812 0.1890640363214993 0.26446342784964155 0.0 5.600929589509655 4.052636 76.67936248663621 19.309114487543837 3.7656530956070227 0.048547541109817884 2.8209479177387813 135.0789551956458 30.98319275136022 26.073530767976532
4922 7603.763606334841 4121.842697708602 214.76399471174165 52.84513825390499 7602 7606 4118 4125 30.0 1.9653718567657377 1.1830019800433471 88.71809255254225 0.7985543408845485 0.17374948538697307 0.2365269026413679 0.0 6.389777202264878 4.166095 32.46458765817046 16.516360990671576 3.2059832381181965 0.0467152193372972 3.0901936161855166 55.41212610574356 26.653563811241643 27.04098796523018
4923 7603.696139477075 4133.4296542088105 214.7638732962964 52.8452010731143 7598 7609 4126 4140 125.0 3.6450222199469082 2.428020869360212 -68.69694315414387 0.7458449117368198 0.22860221676313103 0.5344114109227309 0.0 45.00697000972567 8.554085 106.79379838271888 26.030918063476747 2.5746710834811313 0.13373357989385984 6.3078313050504 114.17374642968115 41.70601031724505 26.256084370074483
4924 7248.104776124102 4198.407478613293 214.7663593551107 52.84781253441062 7216 7278 4140 4277 4641.0 18.050529195451393 6.951476510748791 -72.57416218299899 0.9228698174928681 0.23655966568349351 36.31271550092929 0.0 14508.118249584377 65.826355 14506.253657779376 67.01408085619717 1.4 0.6722550778667422 38.43535067849613 15356.76692242707 104.96978694006769 20.934250517978604
4925 7259.436471181882 4249.860945611349 214.76571646736264 52.84801752637979 7244 7274 4224 4269 953.0 8.422096127581264 5.9284269988925855 -86.53002663585643 0.7102857255122919 0.23279828305109096 3.4259679374413503 0.0 1004.8938596067815 31.867952 1522.3768858785063 71.06559563420677 2.2393040163803293 0.3711756421305625 17.416926294072457 1898.0035360605875 113.80877367510412 23.204257456997617
4926 9079.05850822628 4160.430408474107 214.75043869757587 52.83596217794795 9054 9100 4141 4179 1146.0 10.123675541695992 6.131622486926473 7.6469731049875795 0.795714739095101 0.23635052233266685 3.997759003447514 0.0 1237.6223114124894 26.16575 1771.2559710323878 56.40055221805761 2.0826423580255673 0.4034520557638003 19.099296572560576 2089.5891596850897 90.77501917605954 23.099847733551265
4927 9073.477803271155 4174.915956802818 214.75033589621023 52.8360756579517 9057 9090 4167 4186 454.0 6.332901606804491 3.932707915570978 22.2177243284634 0.7838135641545295 0.2855477363727164 3.4309713250988345 0.0 576.372603005339 16.82604 888.8020950322611 38.01981405323731 2.2616113074741677 0.3632435177049922 12.02134303343187 1141.931438602162 60.60251720585517 23.755899925712736
4928 9040.128559032919 4178.024756290394 214.7506003478614 52.836304533204604 9025 9054 4170 4187 382.0 5.475324993997552 3.57791660871757 -1.9679360186211288 0.7569593551048492 0.2130279476781576 3.094427627296366 0.0 412.929533679035 15.136991 566.7974075155363 32.479822695670144 2.1446472252653317 0.3629399904170408 11.026984017500345 706.0287201722049 51.796773526695844 24.277944080378234
4929 3852.7337079384783 4170.846338724454 214.79693811278472 52.86925462875978 3846 3859 4165 4177 120.0 3.846347396308906 2.3703862466803596 -43.74061808478144 0.7875354038663226 0.22592208577112097 0.5378250203216018 0.0 45.35330790993071 8.436336 235.50832971977104 33.88752182900794 3.3778775210142316 0.12143477808140549 6.180387232371033 377.8985874699622 54.98146762771854 24.95656182852413
4930 3848.708485000159 4203.0525771052835 214.79663483085807 52.86945372824122 3803 3915 4155 4240 4534.0 22.734714601515222 7.877263161684926 -33.37430360579 0.9380550971512566 0.21928878112299688 19.698153110287215 0.0 12532.89955732025 51.656693 13899.072219852105 70.63338350933742 1.5603340431015167 0.5437258609016846 37.98969628672105 14625.621984617448 114.49859658425073 20.987214138970298
4931 3803.190397284047 4233.780321674175 214.79671744288288 52.869908660925596 3770 3831 4209 4260 1700.0 11.714423273292802 7.584529205327832 -33.95483990054177 0.7621060551431155 0.25949739371104685 5.889738077070034 0.0 2990.6132823431917 34.668488 3738.395519546078 57.8516282917333 1.8510209997010612 0.4447102262776006 23.26213245840639 4229.412461527497 95.17185340519757 22.334299898606773
4932 3865.8225935182495 4253.141475993208 214.79595453024604 52.86961476911683 3843 3888 4229 4274 1502.0 7.738254876169392 6.789073298332593 26.495019456812628 0.47987098776850806 0.26286419077332 11.054176115872199 0.0 2157.796919000057 33.66804 2583.5655106820855 53.570637087661574 1.970188345651487 0.5687336826719516 21.86553107171316 3160.2525347339383 77.40738934772091 22.65069552916657
4933 3773.3389558754857 4253.213845851063 214.79677918638342 52.87020314335289 3762 3784 4242 4265 215.0 6.557700788772076 2.4863779322986646 48.88008169989075 0.9253336199343584 0.28695541834048555 0.8034995940643778 0.0 126.68583973719637 12.045514 252.7141987770845 32.57242196299919 2.4749585348345287 0.15064281848251912 8.272643200907131 389.7267135544878 53.97893282678524 24.92309956191238
4934 3766.315338808882 4259.60299115433 214.79677457920667 52.87028221824884 3757 3777 4249 4270 258.0 5.591087352608041 3.324339078269507 45.16435326953693 0.8040377316277246 0.24283648300648364 0.7050043918148204 0.0 119.0363524238524 12.560632 283.32641049372035 40.49741189683372 2.6414033308686973 0.1694200747375589 9.062226582657155 405.09909028867906 64.01058640175376 24.88109683022327
4935 3792.23080254399 4262.168886514346 214.79651625506648 52.87013127924367 3784 3801 4258 4267 127.0 4.3186967546347015 2.2132342167692323 3.6971749317532967 0.8587007499468885 0.2614781362191909 0.5486930033668331 0.0 54.1058466016406 10.822909 234.94874840221263 37.05542603584794 3.1076592069974334 0.11805504761136701 6.358093703724522 436.5429631028201 56.03325715154185 24.799932520100555
4936 7779.27901323355 4165.771295187072 214.7619674088267 52.84425846858519 7769 7791 4159 4175 263.0 5.118296304990907 3.101517657118894 -21.275933149904926 0.7954899318523475 0.22369817814809495 1.191658044444153 0.0 152.43847738627616 12.6619625 210.22346442787915 25.42116715413231 1.8442715559483738 0.25529335562855066 9.149617481968136 215.914523401748 40.31776047606759 25.56429536010815
4937 7773.603012556342 4176.9502579246755 214.76190028779453 52.84435476089906 7771 7776 4175 4180 25.0 1.553805266695079 1.3050031640471804 82.01536156701606 0.5427789056503445 0.18051018773846458 0.2789350151738608 0.0 5.717147716307922 3.7700338 41.10121826329939 16.727659729282486 3.443439402231427 0.07411778264718076 2.8209479177387813 57.849050623773394 26.935627619732323 26.994259409941325
4938 6150.023117259994 4165.407793866195 214.7764990478776 52.85461816584076 6145 6155 4161 4170 84.0 2.63220792082134 2.353598787361074 30.338139245622717 0.4477599051309407 0.1632095934363183 0.34045268705125814 0.0 22.045102023429223 7.194664 92.88655560229856 27.16507561367878 3.1612955561902725 0.11042520209135617 5.170882945826411 173.00640447126074 43.10998004587086 25.804844548897012
4939 6164.351105704877 4175.952033322235 214.77626021291695 52.854583838323144 6152 6176 4163 4190 446.0 5.572590087221763 4.80575021941425 80.23468461889544 0.5062431937405351 0.24078207363939783 1.922053654949497 0.0 359.102047130292 15.859384 556.4817992579966 37.53648689590422 2.2061923317392034 0.31888389761673935 11.914957374576321 685.4043331820475 61.11284949317759 24.310132885630917
4940 6182.949705237992 4180.347539217434 214.77604804349107 52.85448923798957 6171 6203 4168 4192 597.0 6.947781261115229 4.509071494115181 21.382175734627356 0.7607931393686754 0.2503147606129412 3.5816689051556114 0.0 680.4640439293601 18.42766 958.618000456483 38.94341851544751 2.076751870181379 0.3875594781377911 13.785173268832098 1070.2163352189016 62.90926326741575 23.82632106117191
4941 761.0709322867492 4185.398696563087 214.82439032110497 52.8889856299144 732 783 4162 4209 1599.0 9.112178881584466 7.490935160988081 9.203881649543366 0.5693727684308498 0.17963428298576756 6.39162349578269 0.0 1699.2941377478382 32.019993 2054.5314589895343 52.96721550499964 1.7708678883222226 0.49488937256228327 22.560529869838636 2230.841570329986 85.6223534306149 23.02882817825118
4942 793.2834831841021 4180.251804990851 214.82415678165725 52.888753158368104 790 796 4177 4183 33.0 1.6946203564378632 1.5237624122653637 42.60599209021428 0.4375866020620503 0.16348816493286028 0.23901295216356025 0.0 6.891590371202998 4.620708 58.12396032766745 20.152180143109337 3.4996675038289915 0.05678042759369038 3.2410224072142872 112.89317438054724 32.04452182613836 26.268330787757886
4943 782.1302983252589 4194.073013613373 214.82411082483821 52.88889853783128 766 792 4177 4213 493.0 9.549421706774597 3.995156505463188 -71.40459272044252 0.9082783794576522 0.18985626141417064 1.0569385423391864 0.0 240.94546078747896 17.95993 511.9047827880337 54.27074291205237 2.461229659039906 0.2621860312401189 12.527041705391134 684.9807257791057 87.5262706361892 24.310804121654137
4944 6947.593693627312 4208.846440179676 214.768928921874 52.84977995665822 6941 6953 4203 4215 103.0 2.83768081431646 2.61937904264222 -51.16299206365935 0.38463114255128755 0.21219916023296276 0.6173304406538528 0.0 43.313732900509734 8.425678 81.36383250979387 22.920911000035805 2.2625703820844554 0.16604894849151203 5.725898905580716 93.42400172319884 36.923682378423386 26.473853835205645
4945 6939.485245214811 4217.974447085323 214.76890509633574 52.84988067841325 6932 6948 4209 4230 200.0 5.354768575696833 2.784977835063796 -61.10904566780665 0.8541096158885287 0.21659693311029507 0.6534730698782663 0.0 82.06570088244172 11.777662 190.69129452395634 36.96266675397987 2.529362021512919 0.17942895766572048 7.978845608028654 243.80824152170135 59.35609786885428 25.43237904471348
4946 7663.504210924038 4220.606049151939 214.7624220775058 52.84529007798555 7657 7669 4217 4224 77.0 2.9501199988029043 1.884228824378998 -11.299413125224222 0.7694594599700711 0.23700790965226937 0.4568602157123523 0.0 26.014133437894042 6.740767 60.40145387225377 20.610530849484558 2.5404591588590635 0.09905003622147275 4.950743503369154 82.9523248181198 32.62034401730518 26.602928594878662
4947 7655.066844950562 4227.569934219881 214.76242396154063 52.84538123799177 7650 7660 4222 4233 74.0 3.3541387598867076 1.6985629682646248 -52.14224292178953 0.8622939503835034 0.20775966452421396 0.3246755117515614 0.0 19.469556568710217 6.784553 106.55093938469659 27.501818001297654 3.381311880419027 0.0754566294776885 4.853342309955121 121.12240876618347 44.07406844706432 26.19193875231601
4948 4457.0 4233.0 214.79089092252644 52.86574759816524 4457 4457 4233 4233 1.0 0.28867513459481287 0.28867513459481287 0.0 0.0 0.33411358230213933 0.33411358230213933 0.0 0.33411358230213933 0.7735306 7.017514077076137 3.656493354728664 3.7014464531752225 nan 0.5641895835477563 16.097364476042397 5.880333750173864 28.38311305638082
4949 4455.349482267098 4236.123480882514 214.79087275358359 52.86577491822172 4454 4457 4234 4238 10.0 1.545311462479888 0.5287617680184492 -54.022988833838504 0.9396374641794103 0.3077813993949929 0.3824844694162798 0.0 3.4877717947722524 2.411618 57.50730796763997 12.271019455157253 3.8989724258388474 0.03900685170886664 1.7841241161527712 109.07137786588686 19.765983101537753 26.305723001295846
4950 6577.228312399404 4241.3401251219975 214.77188939972174 52.852310335254145 6565 6589 4234 4250 301.0 5.438709287341186 3.552666693400031 10.38991722327819 0.7571692743514956 0.19399618622064058 0.8286838241387048 0.0 127.20943320664766 13.870598 261.0246248481694 39.91967574810111 2.5789014753092387 0.21228458147059093 9.788323438736636 299.84897999998896 64.58439166830638 25.207743560421598
