outputs/dr0.5_c0.1/nircam6_f814w_dr0.5_c0.1.ecsv
# %ECSV 1.0
# ---
# datatype:
# - {name: label, datatype: int64}
# - {name: xcentroid, datatype: float64}
# - {name: ycentroid, datatype: float64}
# - {name: sky_centroid.ra, unit: deg, datatype: float64}
# - {name: sky_centroid.dec, unit: deg, datatype: float64}
# - {name: bbox_xmin, datatype: int64}
# - {name: bbox_xmax, datatype: int64}
# - {name: bbox_ymin, datatype: int64}
# - {name: bbox_ymax, datatype: int64}
# - {name: area, unit: pix2, datatype: float64}
# - {name: semimajor_sigma, unit: pix, datatype: float64}
# - {name: semiminor_sigma, unit: pix, datatype: float64}
# - {name: orientation, unit: deg, datatype: float64}
# - {name: eccentricity, datatype: float64}
# - {name: min_value, datatype: float64}
# - {name: max_value, datatype: float64}
# - {name: local_background, datatype: float64}
# - {name: segment_flux, datatype: float64}
# - {name: segment_fluxerr, datatype: float32}
# - {name: kron_flux, datatype: float64}
# - {name: kron_fluxerr, datatype: float64}
# - {name: kron_radius, unit: pix, datatype: float64}
# - {name: gini, datatype: float64}
# - {name: equivalent_radius, unit: pix, datatype: float64}
# - {name: kron4_2_flux, datatype: float64}
# - {name: kron4_2_fluxerr, datatype: float64}
# - {name: radius_kron20, unit: pix, datatype: float64}
# - {name: radius_kron50, unit: pix, datatype: float64}
# - {name: radius_kron80, unit: pix, datatype: float64}
# - {name: near_border, datatype: bool}
# meta:
#   PHOTMJSR: 0.3925000131130219
#   PIXAR_SR: 2.11539874851881e-14
#   __serialized_columns__:
#     area:
#       __class__: astropy.units.quantity.Quantity
#       unit: !astropy.units.Unit {unit: pix2}
#       value: !astropy.table.SerializedColumn {name: area}
#     eccentricity:
#       __class__: astropy.units.quantity.Quantity
#       unit: !astropy.units.Unit {unit: ''}
#       value: !astropy.table.SerializedColumn {name: eccentricity}
#     equivalent_radius:
#       __class__: astropy.units.quantity.Quantity
#       unit: !astropy.units.Unit {unit: pix}
#       value: !astropy.table.SerializedColumn {name: equivalent_radius}
#     kron_radius:
#       __class__: astropy.units.quantity.Quantity
#       unit: &id001 !astropy.units.Unit {unit: pix}
#       value: !astropy.table.SerializedColumn {name: kron_radius}
#     orientation:
#       __class__: astropy.units.quantity.Quantity
#       unit: &id002 !astropy.units.Unit {unit: deg}
#       value: !astropy.table.SerializedColumn {name: orientation}
#     radius_kron20:
#       __class__: astropy.units.quantity.Quantity
#       unit: *id001
#       value: !astropy.table.SerializedColumn {name: radius_kron20}
#     radius_kron50:
#       __class__: astropy.units.quantity.Quantity
#       unit: *id001
#       value: !astropy.table.SerializedColumn {name: radius_kron50}
#     radius_kron80:
#       __class__: astropy.units.quantity.Quantity
#       unit: *id001
#       value: !astropy.table.SerializedColumn {name: radius_kron80}
#     semimajor_sigma:
#       __class__: astropy.units.quantity.Quantity
#       unit: !astropy.units.Unit {unit: pix}
#       value: !astropy.table.SerializedColumn {name: semimajor_sigma}
#     semiminor_sigma:
#       __class__: astropy.units.quantity.Quantity
#       unit: !astropy.units.Unit {unit: pix}
#       value: !astropy.table.SerializedColumn {name: semiminor_sigma}
#     sky_centroid:
#       __class__: astropy.coordinates.sky_coordinate.SkyCoord
#       dec: !astropy.table.SerializedColumn
#         __class__: astropy.coordinates.angles.Latitude
#         unit: *id002
#         value: !astropy.table.SerializedColumn {name: sky_centroid.dec}
#       frame: icrs
#       ra: !astropy.table.SerializedColumn
#         __class__: astropy.coordinates.angles.Longitude
#         unit: *id002
#         value: !astropy.table.SerializedColumn {name: sky_centroid.ra}
#         wrap_angle: !astropy.coordinates.Angle
#           unit: *id002
#           value: 360.0
#       representation_type: spherical
#   astropy version: '5.1'
#   make_catalog parameters:
#     ab_zpt: 31.4
#     coadd_bands: !!python/tuple [f277w, f356w]
#     deblend_contrast: 0.001
#     deblend_nlevels: 32
#     deblend_npixels: 1
#     detect_kernel_fwhm: 4.0
#     detect_kernel_npix: 7
#     detect_npixels: 4
#     detect_threshold_nsigma: 3.0
#     flag_isolated_buffer: 4
#     hst_bands: !!python/tuple [f606w, f814w, f125w, f140w, f160w]
#     jwst_bands: !!python/tuple [f115w, f150w, f200w, f277w, f356w, f410m, f444w]
#     near_border_kernelsize: 21
#     reference_band: f200w
#   make_catalog version: 1.4.0
#   photutils version: 1.5.0
# schema: astropy-2.0
label xcentroid ycentroid sky_centroid.ra sky_centroid.dec bbox_xmin bbox_xmax bbox_ymin bbox_ymax area semimajor_sigma semiminor_sigma orientation eccentricity min_value max_value local_background segment_flux segment_fluxerr kron_flux kron_fluxerr kron_radius gini equivalent_radius kron4_2_flux kron4_2_fluxerr radius_kron20 radius_kron50 radius_kron80 near_border
[from data line 3516]
3517 3542.5446624805954 4211.517055640191 214.85151439767964 52.85303744623228 3540 3545 4209 4215 35.0 1.5514365345060033 1.2942627174351784 41.82101002087216 0.5514090135025946 -0.05659422999730673 0.884064920762864 0.0 10.282182027525355 1.6456616 30.90674189632434 5.3164619719781445 3.05227370854806 0.3984729562497751 3.3377905890622728 53.18379447521123 8.480521872026195 2.106652978724524 4.66701630626853 7.840170222071298 False
3518 8393.956454851505 4216.662702072839 214.80816971386182 52.82223346144917 8384 8404 4210 4223 216.0 4.164618465350523 2.6764343024983552 20.213101602657833 0.7661513814905284 -0.26480309081983444 1.3593250980892466 0.0 79.05140908401907 4.002471 104.24469682339682 7.383047085858998 1.8209079950553273 0.4314220997972381 8.291859587312052 103.91684247748192 11.815512454108067 2.6307480414464486 5.235633706351708 9.4379329718115 False
3519 10021.592574033377 4213.235092175045 214.79369566470487 52.81186750507703 10020 10022 4212 4214 7.0 0.5943915429491953 0.2606771687210206 -38.765893271691574 0.8987012438703854 -0.2550122542020296 0.1882957135556228 0.0 -0.27569813865347736 0.8113047 0.956555219617384 2.2293602121314913 4.134184066049177 -0.6599765293622785 1.4927053303604616 2.46051655288716 3.605386934068976 0.6310440879582274 1.0458334430393639 1.7047562373573988 False
3520 6071.662139330163 4214.662139330163 214.82890559370057 52.836983307211156 6071 6072 4213 4215 4.0 0.728529346397149 0.28867513459481287 45.0 0.9181453925997939 -0.05875068694036382 0.09259423473433673 0.0 0.06860023473114625 0.5991785 6.832441920424072 2.6499071607625657 4.355139788477159 0.6622296597731328 1.1283791670955126 12.543784756010785 4.255090752204413 2.317696882423617 3.2912084238560015 3.9574283374344548 False
3521 7696.233468006395 4219.189239259652 214.81436533528802 52.826682221129886 7691 7704 4214 4225 119.0 2.941116143379362 2.7473990201973577 -70.5160930122677 0.356920333859263 -0.35429263736956035 0.4322590636691571 0.0 3.1695960584781036 3.1309073 19.362456160890346 11.992502943945905 3.3017531126032402 0.6112012473971279 6.154581744998688 31.00286636744715 19.13862130435914 3.724416399536356 14.07929846968276 22.260165405419247 False
3522 2839.444799040394 4219.603109305505 214.8577083808748 52.85754808748005 2836 2845 4216 4223 64.0 2.4259828785651725 1.5559528782035168 19.737766006900706 0.767231644634545 -0.26278237474107646 0.5836591831802325 0.0 7.339853768517223 2.3350768 14.499867743952542 5.974336300767319 2.381854148069238 0.4634544025013565 4.51351666838205 19.29846185781254 9.561780075653923 1.7460587723847214 4.0684967874068105 5.935786962341515 False
3523 2715.193311007752 4224.360263672382 214.8587680934317 52.85836312097364 2702 2730 4217 4232 363.0 5.446596860097053 2.743518424358199 7.847824313271121 0.8638714077827859 -0.398226376185651 2.308978816266127 0.0 120.0367469796036 5.551435 127.13544150540743 7.005717440452646 1.4 0.5746860234108492 10.749255261864239 127.75094343699796 11.226639847995754 2.1408880340503806 4.287465107568297 8.923260513902143 False
3524 3518.748790841383 4218.478919726447 214.85165363664657 52.85322617526483 3518 3520 4218 4219 5.0 0.7651261945032138 0.43325414417480423 -23.22504122062707 0.8242322556225203 0.2922008798753418 0.500083243729115 0.0 1.891148303270571 0.6377982 5.785731021387189 2.160737891586577 3.091291180974588 0.13329979506624673 1.2615662610100802 13.643946462191643 3.450039361780493 0.9795791096647964 1.815083522964366 2.8295220334088538 False
3525 1870.9623874374902 4225.520467606921 214.8662973025911 52.86373256698064 1867 1881 4219 4232 148.0 2.190581936335823 1.9812287458255122 7.1178692621231265 0.4266213500464675 -0.13266513399987523 14.219626586421725 0.0 265.2220459260268 3.4818637 290.0904684745059 4.026494864468048 1.5350126458214508 0.6849141873989106 6.863662517577698 310.65188006216863 6.451881967562014 1.2432605083024395 2.3631795064694505 4.207046300147631 False
3526 8410.341158669187 4220.25421462005 214.8079858316138 52.82214865912397 8409 8412 4219 4221 10.0 1.380593564937467 0.5103518294459113 -32.57009579396659 0.9291666271636556 -0.1325342597473053 0.2828685858754553 0.0 0.6558397535827077 0.8908502 13.84161923057505 3.9438612684177277 3.8470696009723526 0.516423468746975 1.7841241161527712 27.673516324973363 6.309445263493072 2.652050721345814 5.467809567366011 7.962063971184304 False
3527 2326.713469752065 4222.02664278008 214.86226266224395 52.86081851021843 2323 2330 4220 4226 43.0 1.5201720598294446 1.3200346741323354 20.154252258956532 0.4959596462123202 -0.26268942741417767 0.3743113318582723 0.0 0.7828505859434616 1.9044319 3.128272929679976 2.556302615196569 1.4 0.8126002758267094 3.6996385101659595 1.6381894288365826 4.11184241668382 1.085916058554597 2.0530413272653023 3.6910668136772444 False
3528 4106.578841413707 4223.750997018344 214.84634948197146 52.849519666829124 4105 4108 4222 4225 14.0 1.0232026447171874 0.7786975360604688 -39.29218441685411 0.6487056481123805 0.057354998723648375 0.8543099931623918 0.0 6.37347516606242 0.91302425 18.38911089928024 2.8518860632588225 2.9392643416193054 0.3259554015948329 2.111004122822376 28.671168434845534 4.565060393514683 1.3409106583862616 2.8840499105090753 4.802066585214702 False
3529 7481.066670146281 4225.130281194155 214.8162219207776 52.82808190178912 7478 7484 4222 4228 36.0 2.1148655533352243 1.1070867303147267 41.14927722113682 0.8520388600710012 -0.14031009059798183 0.4926820333303641 0.0 6.4193658100972835 1.6719893 8.569192145323516 2.9668627835885446 1.5638854706772254 0.4305835542994243 3.385137501286538 8.63604907302963 4.750473007242125 1.3858637581732582 2.6542680729050154 3.853529295442897 False
3530 9845.630705515952 4223.557369197835 214.79515542363137 52.813041854218206 9843 9849 4222 4226 31.0 1.871404458749588 1.173438295051453 2.443917226725362 0.7789901375053218 -0.2729252443022026 0.5342324985602324 0.0 5.336865526127775 1.7410142 17.797542488222277 5.675438173827514 2.7528440996679326 0.36302811644421323 3.141274657157109 -4.611711342296933 9.072538870031346 2.350036091872757 6.8296343838261855 nan False
3531 9433.460763209114 4226.714839696861 214.79879617050312 52.81567930484021 9428 9439 4223 4230 70.0 2.940846781379023 1.7993441632179061 -1.8008355700472556 0.7909772195592976 -0.18304281555467483 0.5605343786105196 0.0 13.211224970597605 2.6417322 81.57601877926686 11.777674152424767 3.624904320075129 0.38947029817914136 4.720348719413148 86.02988635797374 18.82012916323582 6.867702721269063 13.541693481652839 18.39134515229939 False
3532 6384.871430413148 4231.71408543444 214.82593155652077 52.83508465286427 6376 6394 4225 4238 187.0 4.503202871185159 2.373043792773369 -20.948126611526202 0.8498851282105616 -0.24189635206485158 1.1872634803240218 0.0 77.15491808997437 4.1453037 103.03316585718645 8.546199698779517 1.9467052788134764 0.37136365070626715 7.715176518808164 121.07672009740271 13.739929115052883 2.9250530756611 5.536998292629138 9.622875933831589 False
3533 957.5830247922607 4233.518737018175 214.87437434878916 52.86957764451757 950 965 4227 4240 176.0 3.2340218600307713 2.6269681159236544 14.123383073121119 0.5832518287568289 -0.3240060397076436 1.106695023815957 0.0 58.21371927419798 4.0247936 100.5948729840525 10.010844426684717 2.5396484274148725 0.4573249855546586 7.48482063701911 128.53967312537358 15.98048381367611 2.810489219099107 5.69312294836344 13.207420151628792 False
3534 9948.939083018098 4235.289415207716 214.79411122509362 52.812448238902014 9936 9961 4227 4245 398.0 5.795252680880136 4.132609344378928 -2.960251981055132 0.7010597569231455 -0.36906913772709987 1.0557264987199813 0.0 96.02494089845084 6.2372146 122.74902141466092 10.997705304297888 1.6221095529006964 0.44740680314536013 11.255546841497692 126.93326726682385 17.658643245362715 4.07856700057856 7.600072304438933 11.35833096952635 False
3535 9052.73994990392 4228.8739504636505 214.80216748381332 52.81811133447552 9051 9054 4228 4230 10.0 1.03667990597117 0.6565712621264911 -29.84740146355343 0.7738733377313238 0.1699411115552894 0.6222752144046823 0.0 3.827934066230759 1.0785859 15.085460650162684 4.316965894356648 3.4370556479355683 0.23351065135633867 1.7841241161527712 27.985233291823047 6.875934751303268 1.548783383490891 2.972183404294062 4.055813831075552 False
3536 1284.8663733938026 4232.59055603949 214.87145953010963 52.86749374382499 1281 1287 4229 4235 22.0 1.567131822157379 0.8934728062889619 -11.82596556404648 0.8215527468958801 -0.26935813093502536 0.3059721418376198 0.0 0.007310217484109545 1.3707314 42.00575437950691 6.343158117698301 4.201753880361015 -4.964996591944267 2.6462837142006137 112.27998177717575 10.154346021865457 5.300089954684186 8.541475938970267 11.185596328042946 False
3537 2361.045844455582 4233.248971446623 214.86183789678162 52.86066092807542 2357 2364 4229 4237 57.0 1.8437098159562568 1.7329166774997053 64.23270585455273 0.34142919896975593 0.047355555895687886 1.1612434135881935 0.0 22.561854907213657 2.259339 37.427009259337275 5.459643322997883 2.29824107747937 0.3712322647571676 4.259537945889915 36.670271732297415 8.711408977677856 1.7722457658182402 3.4549815929204826 7.424983721035842 False
3538 336.69623486334956 4237.607298953336 214.87988030376056 52.87354335774632 329 346 4231 4244 208.0 4.153532110195754 3.0905975005573496 -2.5381865576584786 0.6680805186129419 -0.11285994029156608 0.8875460118740313 0.0 69.69618435765267 3.9540315 189.7192963595377 12.306248240509131 2.853788551862726 0.3369772222095324 8.136857890256438 291.2705827018502 19.693138745157945 4.939302911016928 11.269836241499503 17.970159176438543 False
3539 9364.193510059393 4235.507763621643 214.79932114781366 52.81616704523714 9361 9367 4231 4240 48.0 2.587381037683785 1.3915615871667044 86.83458720353559 0.8430556707416155 0.0004946012912672585 1.07684607756915 0.0 22.88479114666095 2.2749946 37.424811105817994 4.69443113789725 1.707561379586368 0.26260099650869695 3.9088200952233594 33.55422989540559 7.408100330922798 2.1282875120466356 3.540399836496397 4.865146811102869 False
3540 2315.7605400744214 4232.918361590705 214.86224589836337 52.86094683296316 2315 2316 4232 4234 4.0 0.7416880081634235 0.425535331595535 -86.95900930308484 0.8190381962229745 0.22813989690867503 0.3549793776363763 0.0 1.1138952969223022 0.59783363 9.0082842231127 2.7870926561601017 3.635968426701702 0.11467534715663157 1.1283791670955126 7.870034502054448 4.488514489589554 1.4648142700562727 2.377241234027585 3.2454057310618105 False
3541 6894.6024568667 4232.329502890263 214.82137750284977 52.83184828757676 6894 6896 4232 4233 5.0 0.6215140283008255 0.4428009538438062 -21.19295774776177 0.7017175126865149 0.061732157362535685 0.35052493363449433 0.0 1.0126745468634133 0.66860396 10.350546725217088 2.815828476136363 3.955037140662117 0.34967815394684504 1.2615662610100802 9.32544873504459 4.514547660928256 1.6985822167365339 2.9886718941822368 4.098717945212914 False
3542 7630.51052310021 4236.687228346117 214.81476743264207 52.827194275794135 7629 7632 4235 4238 12.0 1.020499029703864 0.7853653282733317 -36.89045789452431 0.6385389699859326 0.006543116056352301 0.43279746993256235 0.0 3.399330471879073 0.96457595 7.872757331613898 2.667794383115739 2.377171050483027 0.27847954388276897 1.9544100476116797 11.587603001350695 4.273841177648922 1.2245529527635788 2.215026171837629 3.6993111279347333 False
3543 9208.245336379245 4237.2823160029475 214.80069269959543 52.817168037447466 9207 9209 4236 4238 7.0 0.7259302607431721 0.6454046565773398 72.0407274825746 0.45776634751435985 0.1043653400212062 0.4393354441020967 0.0 2.3313023634378 0.8555313 18.418753346594787 3.554525886964239 3.58760959465055 0.223349164702366 1.4927053303604616 31.251740440219553 5.714709600074832 1.791036115622857 3.0710032690232847 4.428719152737151 False
3544 1460.9813429556111 4246.5290912433875 214.86973922352098 52.866450219811036 1455 1467 4241 4250 94.0 3.0105904275983333 1.7358330444017205 -15.053844416414883 0.8170437893032577 -0.3923172167432233 0.5193343839751228 0.0 4.419337401285381 2.764133 2.17591879563752 4.029626609173665 1.4 0.4584163281247908 5.4700209598571305 -0.27542280126995466 6.474388190733998 0.5657506544797458 0.9396782304652386 1.2494421937302316 False
3545 2894.911432833571 4245.745530995692 214.85693791852296 52.85733668012695 2889 2900 4241 4252 103.0 3.0519201751115697 2.4729287641179014 35.06780812967682 0.5860343794381533 -0.159161630922434 0.6727541234940372 0.0 24.322390791823764 2.940492 35.34190124704896 5.288220306627497 1.4923524195155944 0.34363391523991355 5.725898905580716 34.29534575675309 8.480137453707872 2.774451601026445 4.663889801867389 6.22472201677182 False
3546 7528.486921951394 4245.234713947533 214.81558746947383 52.827888831778154 7526 7532 4241 4248 49.0 2.255419309982385 1.5025518871791683 72.65299600617739 0.7457764786298516 -0.351451220401523 0.3831653456060641 0.0 2.158895006454284 1.9503806 17.92693576053166 6.490162262581006 2.8659221854318058 0.42232158722883933 3.949327084834294 44.43076935885422 10.376534995650875 3.860296037949954 6.585858571519234 9.014312196842264 False
3547 2804.854021580179 4249.4999412757925 214.8577027551958 52.85792907438327 2798 2813 4244 4255 148.0 2.9770360757590213 2.418648663155735 3.3905178330471895 0.5830516056590217 -0.21559006113777743 2.5614465215748914 0.0 89.13140891269262 3.633021 114.20519060227063 6.54539596104293 1.8686184149011495 0.44144179900926156 6.863662517577698 133.7506801315522 10.414272769611387 2.011779291226643 3.9122579646119178 7.4792709575059515 False
3548 8287.843473896473 4249.788013070476 214.80876746852107 52.823086495517806 8283 8293 4246 4254 74.0 2.4065137965058714 1.6221557516307665 11.128745887327636 0.7386686114175557 -0.13829635456095263 1.021432643888511 0.0 24.5856408702089 2.3688726 42.31032240497255 5.493346188348089 2.2801627521514805 0.40033359021981385 4.853342309955121 52.35212262440301 8.79152970574541 2.0520971034950426 4.05930895329098 7.5314648666840975 False
3549 7645.267285214721 4252.821045132983 214.8144660921028 52.8271874217746 7638 7654 4247 4259 155.0 3.710725497375724 2.4277611794267093 36.434090087212645 0.7562739117159434 -0.05146237489313148 1.1860209775354726 0.0 64.78322063186735 3.581815 98.4225034218601 7.74574080150181 2.0496891122088856 0.34173281629580377 7.024103669400641 133.92041362856162 12.368284677243752 2.7993234221546683 5.350399864829892 9.986386269005093 False
3550 7209.064094702421 4253.547120448031 214.81834915191746 52.82996393527036 7203 7214 4249 4258 83.0 2.4990880871324057 1.9172062508221739 -22.398056031844778 0.6414530011323554 0.1782484834061867 2.3752520307987424 0.0 71.00518740833215 2.5466857 118.73091595097252 6.388248622584147 2.3678277625312627 0.3194333140274634 5.140011726956917 131.50571275024018 10.229769973721393 2.1442574457568018 4.301335033593002 8.563877806151156 False
3551 8976.940854918894 4253.914809112125 214.8025798451121 52.81872812739355 8972 8981 4250 4257 63.0 2.466982294882508 1.7380486769850951 29.86122247306008 0.709679984633999 -0.008161123077914051 0.85215801878987 0.0 26.964379408991284 2.7212982 69.39763353007706 8.840597505386247 2.823863802021239 0.30070599776932366 4.478115991081385 97.46247028469665 14.139603504864391 2.811690957985547 6.237778201276494 12.885761974458628 False
