outputs/dr0.5_c0.1/nircam2_f140w_dr0.5_c0.1.ecsv
# %ECSV 1.0
# ---
# datatype:
# - {name: label, datatype: int64}
# - {name: xcentroid, datatype: float64}
# - {name: ycentroid, datatype: float64}
# - {name: sky_centroid.ra, unit: deg, datatype: float64}
# - {name: sky_centroid.dec, unit: deg, datatype: float64}
# - {name: bbox_xmin, datatype: int64}
# - {name: bbox_xmax, datatype: int64}
# - {name: bbox_ymin, datatype: int64}
# - {name: bbox_ymax, datatype: int64}
# - {name: area, unit: pix2, datatype: float64}
# - {name: semimajor_sigma, unit: pix, datatype: float64}
# - {name: semiminor_sigma, unit: pix, datatype: float64}
# - {name: orientation, unit: deg, datatype: float64}
# - {name: eccentricity, datatype: float64}
# - {name: min_value, datatype: float64}
# - {name: max_value, datatype: float64}
# - {name: local_background, datatype: float64}
# - {name: segment_flux, datatype: float64}
# - {name: segment_fluxerr, datatype: float32}
# - {name: kron_flux, datatype: float64}
# - {name: kron_fluxerr, datatype: float64}
# - {name: kron_radius, unit: pix, datatype: float64}
# - {name: gini, datatype: float64}
# - {name: equivalent_radius, unit: pix, datatype: float64}
# - {name: kron4_2_flux, datatype: float64}
# - {name: kron4_2_fluxerr, datatype: float64}
# - {name: radius_kron20, unit: pix, datatype: float64}
# - {name: radius_kron50, unit: pix, datatype: float64}
# - {name: radius_kron80, unit: pix, datatype: float64}
# - {name: near_border, datatype: bool}
# meta:
#   PHOTMJSR: 0.3925000131130219
#   PIXAR_SR: 2.11539874851881e-14
#   __serialized_columns__:
#     area:
#       __class__: astropy.units.quantity.Quantity
#       unit: !astropy.units.Unit {unit: pix2}
#       value: !astropy.table.SerializedColumn {name: area}
#     eccentricity:
#       __class__: astropy.units.quantity.Quantity
#       unit: !astropy.units.Unit {unit: ''}
#       value: !astropy.table.SerializedColumn {name: eccentricity}
#     equivalent_radius:
#       __class__: astropy.units.quantity.Quantity
#       unit: !astropy.units.Unit {unit: pix}
#       value: !astropy.table.SerializedColumn {name: equivalent_radius}
#     kron_radius:
#       __class__: astropy.units.quantity.Quantity
#       unit: &id001 !astropy.units.Unit {unit: pix}
#       value: !astropy.table.SerializedColumn {name: kron_radius}
#     orientation:
#       __class__: astropy.units.quantity.Quantity
#       unit: &id002 !astropy.units.Unit {unit: deg}
#       value: !astropy.table.SerializedColumn {name: orientation}
#     radius_kron20:
#       __class__: astropy.units.quantity.Quantity
#       unit: *id001
#       value: !astropy.table.SerializedColumn {name: radius_kron20}
#     radius_kron50:
#       __class__: astropy.units.quantity.Quantity
#       unit: *id001
#       value: !astropy.table.SerializedColumn {name: radius_kron50}
#     radius_kron80:
#       __class__: astropy.units.quantity.Quantity
#       unit: *id001
#       value: !astropy.table.SerializedColumn {name: radius_kron80}
#     semimajor_sigma:
#       __class__: astropy.units.quantity.Quantity
#       unit: !astropy.units.Unit {unit: pix}
#       value: !astropy.table.SerializedColumn {name: semimajor_sigma}
#     semiminor_sigma:
#       __class__: astropy.units.quantity.Quantity
#       unit: !astropy.units.Unit {unit: pix}
#       value: !astropy.table.SerializedColumn {name: semiminor_sigma}
#     sky_centroid:
#       __class__: astropy.coordinates.sky_coordinate.SkyCoord
#       dec: !astropy.table.SerializedColumn
#         __class__: astropy.coordinates.angles.Latitude
#         unit: *id002
#         value: !astropy.table.SerializedColumn {name: sky_centroid.dec}
#       frame: icrs
#       ra: !astropy.table.SerializedColumn
#         __class__: astropy.coordinates.angles.Longitude
#         unit: *id002
#         value: !astropy.table.SerializedColumn {name: sky_centroid.ra}
#         wrap_angle: !astropy.coordinates.Angle
#           unit: *id002
#           value: 360.0
#       representation_type: spherical
#   astropy version: '5.1'
#   make_catalog parameters:
#     ab_zpt: 31.4
#     coadd_bands: !!python/tuple [f277w, f356w]
#     deblend_contrast: 0.001
#     deblend_nlevels: 32
#     deblend_npixels: 1
#     detect_kernel_fwhm: 4.0
#     detect_kernel_npix: 7
#     detect_npixels: 4
#     detect_threshold_nsigma: 3.0
#     flag_isolated_buffer: 4
#     hst_bands: !!python/tuple [f606w, f814w, f125w, f140w, f160w]
#     jwst_bands: !!python/tuple [f115w, f150w, f200w, f277w, f356w, f410m, f444w]
#     near_border_kernelsize: 21
#     reference_band: f200w
#   make_catalog version: 1.4.0
#   photutils version: 1.5.0
# schema: astropy-2.0
label xcentroid ycentroid sky_centroid.ra sky_centroid.dec bbox_xmin bbox_xmax bbox_ymin bbox_ymax area semimajor_sigma semiminor_sigma orientation eccentricity min_value max_value local_background segment_flux segment_fluxerr kron_flux kron_fluxerr kron_radius gini equivalent_radius kron4_2_flux kron4_2_fluxerr radius_kron20 radius_kron50 radius_kron80 near_border
[from data line 966]
967 9849.226857501199 2912.5371964045544 214.86505337964803 52.87913600864735 9844 9854 2907 2917 98.0 2.6979389170019794 2.409221659172212 -20.22874619695781 0.4500844573432562 0.08132804114497871 0.6081567041995446 0.0 35.44676555150933 9.671421 146.124002392043 35.365360627834356 3.145190968237727 0.223656674014587 5.585191925620057 144.49858117052872 56.949195101366016 4.784956753325953 10.071282139299269 16.323472652336573 False
968 446.1530385051851 2934.232269648685 214.94897571124378 52.938956928584055 426 465 2908 2957 903.0 12.760664324231465 3.7483902138254073 53.027503671673436 0.955883605110838 -0.40133269939689736 2.1355628364890675 0.0 679.3759477845855 40.180496 921.547630199293 78.14074848370619 1.8961584657235775 0.37620692563058766 16.95387351680916 967.8163045725215 125.98900293606684 6.612933861876623 13.434651521463808 23.849728285134084 False
969 8304.76587325486 2911.4756085282906 214.8788704862301 52.888940756796764 8302 8308 2908 2914 36.0 2.1121195706255 1.1796227463508462 48.85044232333878 0.8295032564638648 0.08655222333231863 0.5076147817685636 0.0 10.327736034102049 5.651174 57.72658225262374 23.789389993227676 3.542843649091005 0.23518617754595725 3.385137501286538 59.48660918455663 37.796870118290144 3.3540496442269983 5.88730971164761 8.393423960526142 False
970 9289.143619502696 2909.6792252517557 214.87008932488143 52.88267844867981 9287 9292 2908 2911 20.0 1.4566349374985377 0.9923130030853544 -1.980201518181198 0.7320633320360197 0.13730256589501005 0.41060501371283736 0.0 4.881779680110613 4.2786107 32.46272915268622 17.27360575709623 3.419461965975618 0.18764992167340008 2.5231325220201604 44.06135496233919 27.4364103604236 2.856637818180911 4.928833062968757 7.495245741233253 False
971 2731.56128918135 2915.256993061836 214.92870145211037 52.924348999565936 2729 2736 2910 2927 104.0 3.003362985340513 1.5754399798086764 -89.46031401985188 0.8513743250228967 -0.5007415494378827 0.46150749440038186 0.0 4.165849166995426 13.451506 9.55768234288476 17.772061646766506 1.4 0.5109345499034311 5.753627391751592 8.369360445325285 28.46427134248495 1.2750596013547564 2.1326887640027796 2.8889002889579314 False
972 3027.59068031357 2917.8364635262096 214.9260232831439 52.92248377348576 3023 3035 2910 2924 143.0 2.4099712973895455 2.2814410013736777 51.523679328821466 0.32221272269869344 -0.37539622855657284 0.8655097978524148 0.0 28.137479109297125 15.573189 52.85118488455143 44.617020969772135 3.2465009879242164 0.49996289633623947 6.746726148605861 11.952911876671955 71.31378857272121 2.1168338007402707 4.004204085166926 10.241679715828242 False
973 6368.474621300159 2918.729186461203 214.89611144301784 52.901277022583955 6363 6374 2911 2926 142.0 3.077149278014643 2.9592023387524313 65.21699309114403 0.274209209801247 0.07619075771891579 0.8574528896261506 0.0 65.76658297851898 12.862499 93.90559937915776 20.081203588269354 1.4 0.25599596399601493 6.723094811029982 91.82043447615055 32.016898619212974 2.8673687652621354 5.067700362337049 7.483485822170046 False
974 7122.043341419311 2915.442119387137 214.88940530253225 52.89647376993271 7117 7130 2911 2919 104.0 2.789619389854353 1.671682916034708 53.15565292718467 0.800561012810206 -0.13366876216684212 0.45392204330257657 0.0 14.861801704255164 10.055633 41.6699581283563 22.92098092104803 2.371299772214289 0.47227450153325634 5.753627391751592 31.80639903239121 36.3406180294197 2.9777283342634786 6.213054902728264 9.312386598787485 False
975 651.5648918785406 2920.5043962490827 214.94727950583015 52.937579184784944 648 655 2916 2925 51.0 1.9889026693090197 1.406477151325788 47.479346226492716 0.7070511749291345 -0.024295934815996435 0.6721559358049142 0.0 15.420602204204485 10.16835 20.003132977824855 20.92178874862714 2.058169752974368 0.35640272710205395 4.029119531035698 2.5848861173010738 33.47654942877086 1.4740855347994937 2.589601573093639 3.9485155913777086 False
976 846.0935984772372 2920.028044095024 214.94554138767782 52.93634205188827 838 850 2918 2926 89.0 2.130152437772899 1.9198987215153465 -33.338648741278725 0.43320295604325887 -0.27843031128171036 0.4175033868501686 0.0 5.601719210392517 12.800527 42.54739320306945 38.62259006180736 3.1927662471220244 0.49218199123715206 5.322553886092406 46.27306238728514 61.671452341641036 3.143006168358826 6.5678771226463795 10.515494025566307 False
977 4367.1163065517285 2921.963414907133 214.91398695285127 52.91400218890839 4362 4370 2919 2926 53.0 2.1566879849987886 1.5295665544784676 12.017124100093119 0.7049870872121733 -0.09843286067051077 0.8352856600582036 0.0 17.032572094222868 11.534668 39.79492038039403 37.06306489115728 2.9655976203088317 0.4434762992137161 4.1073621666150775 32.36577909378036 59.20628859130613 2.1391901199444208 4.2725923007210636 6.909776469480099 False
978 623.3516963586021 2923.7246963642674 214.94749841671248 52.93777562732263 621 628 2921 2927 40.0 1.8778966535584771 1.0804069687856181 -72.30379745750037 0.8179226253398268 -0.3532049875776439 0.3340714356426999 0.0 5.08053577251086 9.695761 6.922614411820678 13.711912680555756 1.4 0.2771077124254307 3.5682482323055424 -3.398157862581147 21.91510552553001 1.2234462757922249 2.096737115801374 3.094923473868009 False
979 9150.347667261361 2924.6102026419517 214.87117279819424 52.88364063656202 9147 9154 2921 2927 45.0 1.8082001867781388 1.5445836328573352 0.3064552937769183 0.5199272805742658 0.05306523191920854 0.5087711334133875 0.0 13.393578603621739 6.334333 20.254116639590915 9.69725243053094 1.4 0.25332721772138683 3.7846987830302403 14.542263952873501 15.508181014075005 1.6836590140075651 2.9278766597908623 4.28477802263357 False
980 507.0554712649525 2930.0130194379044 214.94847436298187 52.938547639558905 497 517 2922 2939 265.0 4.974924573789797 3.5445199442777806 24.884714464894078 0.7016953399571855 -0.15912654924347405 0.9295136081902351 0.0 108.11024098685073 22.20244 120.81907689904904 35.23114158734722 1.4 0.28364949912878556 9.18434101276213 108.97450974933771 56.05989052797223 3.7097829354004634 6.150802897717312 8.292865179268807 False
981 1001.4119918859988 2926.369507575021 214.94408290496733 52.9353905648027 998 1005 2922 2932 70.0 2.923083839801017 1.7226785631143304 81.09681265915 0.8078880299285044 0.12450533039892413 1.0235686388386038 0.0 33.147386851094055 10.959851 87.34699568559725 32.20921339056198 2.4599448569083164 0.25041343785101583 4.720348719413148 50.385165128378 51.789215745677865 3.15728946035013 5.795905344325846 9.12500479467513 False
982 6105.9919012739865 2922.7958346196947 214.89841691228125 52.90296576699566 6104 6108 2922 2924 12.0 1.2463847286783845 0.7059917123110964 -8.62828747316632 0.824108747538495 0.24653745786785916 0.5405109274665564 0.0 4.7601753254928605 5.2645297 43.00981384363641 23.387892475895047 3.68459490185567 0.14937703874787178 1.9544100476116797 29.1483857464214 37.877444661049864 2.6882863853403394 4.605907515160622 6.471247929166431 False
983 8311.228351539947 2924.8820116288525 214.87867157724435 52.88897203322277 8309 8315 2923 2928 33.0 1.5331786422471978 1.1981993691138078 -28.215309210109123 0.623888688431885 -0.05104164566329319 0.4387514247360563 0.0 5.413536337424286 5.337573 45.440085177050236 20.064097200473118 3.5387346658619534 0.45446661165169877 3.2410224072142872 36.63095509034806 32.09818056208839 3.4203227842520105 6.287064943548079 9.308910312342514 False
984 8911.296369281465 2930.2337213516744 214.87325050761228 52.88518942864289 8905 8918 2923 2939 164.0 4.137039913579862 2.786172848297708 -55.21715676127171 0.7392144283036952 -0.07772315602391822 0.6553002810592599 0.0 59.65693882484707 12.354151 99.12723665917531 32.23713237305897 2.2167609936736006 0.2624238620179756 7.225151993843567 149.39268891745533 51.30190276199823 3.47409671538948 6.219163349540279 14.590549997682807 False
985 3790.332819035438 2935.35012304623 214.91900941709144 52.91773626332837 3776 3808 2924 2945 425.0 7.762795510873893 3.2438124085567046 29.30361198029881 0.9085084285163795 -0.5084615603000764 1.4790612708882662 0.0 258.5015949597522 27.853016 520.6947386136073 77.94872905971917 2.6109319818175 0.3042321444609971 11.631066229203196 761.1317514211903 124.31105349179158 5.943908703514396 12.958906785118616 21.66082115259848 False
986 615.1400152281606 2928.2780613107966 214.9475240549446 52.93785233286679 614 616 2928 2929 5.0 0.7469581144320707 0.41479204225433436 -15.82320240412671 0.8316445692931616 0.037760356523458036 0.20875953743482936 0.0 0.6060881753430708 3.3556623 21.979622545169526 15.444462393760741 4.030408131375742 0.3287657884931584 1.2615662610100802 34.097466053077426 25.03212221905858 2.779160112873536 4.220552293496969 5.406904272811449 False
987 1281.0130761995067 2933.960396584666 214.9414978104907 52.93365701628584 1276 1287 2930 2938 82.0 2.726569662325531 2.081549371539118 6.530800073987333 0.6458887136021929 0.06393906959243868 0.6561269495369388 0.0 36.34938738681095 11.837285 116.28455321325922 39.70938310071522 2.852937667409802 0.17572118595240507 5.108953969950291 188.95491783621577 64.68268147324532 3.740102202441908 7.1705281816930375 11.266531467570568 False
988 10080.788807310271 2939.1459195391326 214.86270389833214 52.8778084876053 10071 10088 2930 2946 231.0 4.146150907377902 3.203894860951629 57.80807165909479 0.6347232153280586 -0.049801331214317124 0.8260773754187685 0.0 71.03168338625947 14.592219 176.2148093303495 38.41970689060728 2.449388467915721 0.357559450644756 8.574939283076915 165.23780318625478 62.86951380583086 4.807654988195807 9.454620084734024 13.108938167563124 False
989 767.4045699068419 2940.1411686166325 214.94603469882202 52.936950071396566 762 773 2931 2951 214.0 4.550459104330425 2.839327617504769 82.7849922445419 0.7814522176052806 -0.1600063076252955 0.9989823894622151 0.0 91.90648248587515 19.598879 218.66098787797046 58.50441360925926 2.7452888607306805 0.3123172017168855 8.253382073025046 269.2823994919586 95.44059520949271 4.540066688089942 10.412448908350193 16.960543297502824 False
990 6911.146007875697 2932.21908470763 214.89111503019464 52.89790363003735 6905 6912 2931 2935 26.0 1.2571814768235323 0.7180271689601663 -64.96068513604648 0.8208523676598483 -0.15089670855431603 0.17452651550512896 0.0 -0.00834953551748372 5.1850214 20.715964229855548 16.981909237014097 3.9527967380580753 1.1549449191562757 2.876813695875796 60.01996187906677 26.9460011283974 4.095099172120857 6.921381185452228 8.230427388498716 False
991 2507.3989996245177 2941.915483424503 214.93042833028076 52.92591584560212 2503 2511 2932 2947 111.0 2.7943086906997396 2.024699891801956 81.11638488945894 0.6891908145231426 -0.13096192682833963 0.698970280055338 0.0 31.54044066184804 13.8392935 73.29043672396067 35.484287943080616 2.4880924981537818 0.3848425789018873 5.944106103225343 -0.8451296721952986 56.6021205087861 2.9348418858235976 5.785929315818044 8.359279923072512 False
992 3413.481149756282 2932.9947507318216 214.92240829123244 52.920115938480244 3412 3414 2932 2934 7.0 0.775647890994862 0.6085554326803501 88.10387961724044 0.6200314975062623 0.14723057734961897 0.4722338144895814 0.0 2.434604335080459 3.4620128 12.05337237552625 13.11091863354563 3.2987309594848284 0.18303028170827634 1.4927053303604616 10.234176231527993 21.145481639793523 1.4460465543471788 2.5825736437339444 4.159251032867478 False
993 9377.530393797564 2932.5215020410224 214.86905884681389 52.88224020449216 9377 9378 2932 2933 4.0 0.5031356299325915 0.49544769370120884 46.72298107703328 0.17414538404631932 0.2573079580679974 0.31573701361548834 0.0 1.1258909604152367 1.9804688 12.792032218624245 8.715076662321886 3.988410037812723 0.0548597574335828 1.1283791670955126 22.79401131147793 13.776045113059082 1.760945945114513 3.017370151693929 4.211553746317264 False
994 3923.7813344518604 2962.0212331876905 214.91753388251612 52.91703303405087 3884 3963 2933 2993 3548.0 12.884675967626764 8.49937743584089 -2.5257210665741283 0.7515728719730889 -0.3182457847226131 16.773508097828046 0.0 7346.335729426865 62.086884 7447.134900703411 69.36478072547173 1.4245592336864679 0.6233936151428978 33.60600357347016 7826.019448008985 116.20852557412142 6.073757899247105 11.86567701046781 20.59801179138311 False
995 3118.611526057809 2939.4313130085916 214.92498084210254 52.92202255925342 3116 3121 2936 2942 34.0 1.8364721766287873 1.4156557123687699 -54.05675609329046 0.6370093639265496 0.11362580449510479 0.5077596628534088 0.0 11.41388115099907 7.587066 50.70935397527926 28.295539567165765 2.982229171278617 0.14958671995239964 3.2897623212397704 48.7445680949175 45.59375183425482 3.049814402467436 5.067268374726745 7.023540084419381 False
996 7730.800347416142 2937.504929823379 214.88372873807236 52.89272662893685 7729 7732 2936 2939 10.0 1.0961743170595954 0.5541815296653025 -48.91651661788229 0.8627916415242394 0.0005429014866407607 0.15186847668703882 0.0 0.7371739126300804 2.6705816 4.924772674213479 9.944645251446142 3.426031708058417 0.413638447257467 1.7841241161527712 -4.160702715918264 15.701209903532423 1.7474651114341273 2.916848345533915 3.886951295624262 False
997 8398.361557987428 2937.609638317769 214.8777585471711 52.88848726147537 8397 8400 2936 2940 14.0 1.1135182336596823 0.927784793999429 -70.59300813161977 0.5529698565998079 0.21514867123644404 0.42865758782956287 0.0 4.685110961257992 3.6525507 30.612954871819348 15.349405044566097 3.527669015456743 0.11373160372644556 2.111004122822376 46.98885576391962 24.61675086400169 2.4290349103883893 4.381692285642757 6.400884712890466 False
998 731.4746326191972 2944.6178809208636 214.9463095190559 52.93720227537205 722 737 2937 2950 173.0 3.331463729499438 2.685032047952143 70.00880297745425 0.591967733604487 -0.5060261711501086 0.769062219102269 0.0 34.2805187023747 19.270887 41.523779382329714 27.306800118800464 1.4 0.3353316253828554 7.420755373261929 7.445678584364007 44.475603265801766 2.2035240024018865 3.676987053036496 5.034095013548914 False
999 6501.034152441336 2944.228626340398 214.8946571267207 52.90057283169676 6498 6504 2939 2947 54.0 1.871177161199595 1.6935168981746516 55.15005978009672 0.42529607387584506 0.02362658623928451 0.29364496867655104 0.0 7.739762772941383 7.463647 23.462400218428648 28.122291618219275 3.489941716842186 0.327907917473719 4.145929793656026 4.527988810529472 45.10134833611632 2.647409095370779 5.497828268307129 7.759633786701936 False
1000 6029.704568553121 2944.116827950159 214.89887497931082 52.9035652505277 6027 6033 2941 2947 39.0 1.9224527873289905 1.4915008073046685 55.78174664795214 0.6309392773346879 0.07378750747287027 0.4924765778487792 0.0 9.823064695446362 9.529448 33.81937824875526 31.04643694876163 2.651803116559334 0.2605728689556666 3.523362819972964 7.753559280728496 49.2959037302725 2.7579188505835806 4.53413003250647 5.940555523524551 False
1001 1881.01973134477 2947.8383783218014 214.93597644829626 52.92992371595542 1875 1886 2942 2954 128.0 2.7292520294152998 2.534376720682912 -8.411148062400093 0.3710884107850105 -0.09337122482318154 0.7499134663244059 0.0 42.5209573584101 14.846408 58.13755730274087 21.50820992696861 1.4 0.35761023921528456 6.383076486422923 37.823942556451755 34.76261964180011 2.367645146810105 4.242349739837654 6.5973306984865845 False
