outputs/dr0.5_c0.1/nircam6_f277w_dr0.5_c0.1.ecsv
# %ECSV 1.0
# ---
# datatype:
# - {name: label, datatype: int64}
# - {name: xcentroid, datatype: float64}
# - {name: ycentroid, datatype: float64}
# - {name: sky_centroid.ra, unit: deg, datatype: float64}
# - {name: sky_centroid.dec, unit: deg, datatype: float64}
# - {name: bbox_xmin, datatype: int64}
# - {name: bbox_xmax, datatype: int64}
# - {name: bbox_ymin, datatype: int64}
# - {name: bbox_ymax, datatype: int64}
# - {name: area, unit: pix2, datatype: float64}
# - {name: semimajor_sigma, unit: pix, datatype: float64}
# - {name: semiminor_sigma, unit: pix, datatype: float64}
# - {name: orientation, unit: deg, datatype: float64}
# - {name: eccentricity, datatype: float64}
# - {name: min_value, datatype: float64}
# - {name: max_value, datatype: float64}
# - {name: local_background, datatype: float64}
# - {name: segment_flux, datatype: float64}
# - {name: segment_fluxerr, datatype: float32}
# - {name: kron_flux, datatype: float64}
# - {name: kron_fluxerr, datatype: float64}
# - {name: kron_radius, unit: pix, datatype: float64}
# - {name: gini, datatype: float64}
# - {name: equivalent_radius, unit: pix, datatype: float64}
# - {name: kron4_2_flux, datatype: float64}
# - {name: kron4_2_fluxerr, datatype: float64}
# - {name: radius_kron20, unit: pix, datatype: float64}
# - {name: radius_kron50, unit: pix, datatype: float64}
# - {name: radius_kron80, unit: pix, datatype: float64}
# - {name: near_border, datatype: bool}
# meta:
#   PHOTMJSR: 0.4907999932765961
#   PIXAR_SR: 2.11539874851881e-14
#   __serialized_columns__:
#     area:
#       __class__: astropy.units.quantity.Quantity
#       unit: !astropy.units.Unit {unit: pix2}
#       value: !astropy.table.SerializedColumn {name: area}
#     eccentricity:
#       __class__: astropy.units.quantity.Quantity
#       unit: !astropy.units.Unit {unit: ''}
#       value: !astropy.table.SerializedColumn {name: eccentricity}
#     equivalent_radius:
#       __class__: astropy.units.quantity.Quantity
#       unit: !astropy.units.Unit {unit: pix}
#       value: !astropy.table.SerializedColumn {name: equivalent_radius}
#     kron_radius:
#       __class__: astropy.units.quantity.Quantity
#       unit: &id001 !astropy.units.Unit {unit: pix}
#       value: !astropy.table.SerializedColumn {name: kron_radius}
#     orientation:
#       __class__: astropy.units.quantity.Quantity
#       unit: &id002 !astropy.units.Unit {unit: deg}
#       value: !astropy.table.SerializedColumn {name: orientation}
#     radius_kron20:
#       __class__: astropy.units.quantity.Quantity
#       unit: *id001
#       value: !astropy.table.SerializedColumn {name: radius_kron20}
#     radius_kron50:
#       __class__: astropy.units.quantity.Quantity
#       unit: *id001
#       value: !astropy.table.SerializedColumn {name: radius_kron50}
#     radius_kron80:
#       __class__: astropy.units.quantity.Quantity
#       unit: *id001
#       value: !astropy.table.SerializedColumn {name: radius_kron80}
#     semimajor_sigma:
#       __class__: astropy.units.quantity.Quantity
#       unit: !astropy.units.Unit {unit: pix}
#       value: !astropy.table.SerializedColumn {name: semimajor_sigma}
#     semiminor_sigma:
#       __class__: astropy.units.quantity.Quantity
#       unit: !astropy.units.Unit {unit: pix}
#       value: !astropy.table.SerializedColumn {name: semiminor_sigma}
#     sky_centroid:
#       __class__: astropy.coordinates.sky_coordinate.SkyCoord
#       dec: !astropy.table.SerializedColumn
#         __class__: astropy.coordinates.angles.Latitude
#         unit: *id002
#         value: !astropy.table.SerializedColumn {name: sky_centroid.dec}
#       frame: icrs
#       ra: !astropy.table.SerializedColumn
#         __class__: astropy.coordinates.angles.Longitude
#         unit: *id002
#         value: !astropy.table.SerializedColumn {name: sky_centroid.ra}
#         wrap_angle: !astropy.coordinates.Angle
#           unit: *id002
#           value: 360.0
#       representation_type: spherical
#   astropy version: '5.1'
#   make_catalog parameters:
#     ab_zpt: 31.4
#     coadd_bands: !!python/tuple [f277w, f356w]
#     deblend_contrast: 0.001
#     deblend_nlevels: 32
#     deblend_npixels: 1
#     detect_kernel_fwhm: 4.0
#     detect_kernel_npix: 7
#     detect_npixels: 4
#     detect_threshold_nsigma: 3.0
#     flag_isolated_buffer: 4
#     hst_bands: !!python/tuple [f606w, f814w, f125w, f140w, f160w]
#     jwst_bands: !!python/tuple [f115w, f150w, f200w, f277w, f356w, f410m, f444w]
#     near_border_kernelsize: 21
#     reference_band: f200w
#   make_catalog version: 1.4.0
#   photutils version: 1.5.0
# schema: astropy-2.0
label xcentroid ycentroid sky_centroid.ra sky_centroid.dec bbox_xmin bbox_xmax bbox_ymin bbox_ymax area semimajor_sigma semiminor_sigma orientation eccentricity min_value max_value local_background segment_flux segment_fluxerr kron_flux kron_fluxerr kron_radius gini equivalent_radius kron4_2_flux kron4_2_fluxerr radius_kron20 radius_kron50 radius_kron80 near_border
[from data line 3167]
3168 6741.908830975158 3788.1427456814217 214.82741239454035 52.83042464442293 6740 6744 3786 3790 21.0 1.337242966484926 1.1625971768520849 -80.2385849309754 0.4941113803635279 0.18153752698093745 0.40930407948402975 0.0 5.7850387623885835 0.4823636 48.81640923628679 2.1591743982771323 3.616690728043356 0.14179360401723187 2.5854414729132054 52.59471450173038 3.531951558622853 3.4606921585322876 6.135238234655201 8.809339566696043 False
3169 7319.6302739925095 3791.9980678190773 214.82221816214604 52.826773667499985 7315 7324 3787 3797 82.0 2.540909422601376 1.9512582152280704 50.333525198076146 0.6405254492171741 0.16197943001184323 1.1611749913426703 0.0 47.04309052587569 1.1073377 75.10695270250906 2.593363448560948 2.208954729098502 0.2609448290808094 5.108953969950291 91.10722622983343 4.147833594863157 2.2174778312683925 4.1771612970010175 7.046698864177476 False
3170 3593.9439885861716 3796.0660348942615 214.85542639287596 52.850470593441734 3588 3601 3789 3806 190.0 3.3643026159802343 2.2888229176412325 60.3944840398958 0.7329095316653981 0.07346840340353476 6.42164868463982 0.0 214.7739651095638 1.6349828 226.0687218585845 2.0453918237769013 1.448276202004368 0.5279180011507775 7.776816725043752 235.92541020398446 3.123277269418664 1.888515598947697 3.39481380591088 5.568917414720796 False
3171 4381.484693905057 3791.4835746738945 214.84844293310823 52.845442205659424 4380 4383 3790 3793 16.0 1.1342005472250425 1.0264184200107993 -65.59817487221082 0.4254735971189888 0.23192426885821382 0.444351287695236 0.0 5.524837100770272 0.3907414 17.099498055241483 1.3511705319878897 2.9180844212097785 0.1142847113473423 2.256758334191025 18.994841768417494 2.185325736070241 1.7220588251876556 3.247895021569483 5.552315543647373 False
3172 3524.9237665703376 3801.142529479641 214.8559893195154 52.85093647282928 3516 3535 3792 3810 278.0 3.984728135321655 2.874652976953974 34.49780925309483 0.6925002943427898 0.08210259431322858 3.910179006187101 0.0 222.07365947081706 1.9731175 275.1448657482628 3.256362782121417 1.9454028614876102 0.5005865845094707 9.40692023773423 316.22905537269924 5.07563437838544 2.3873180074399403 4.757830067105643 9.393091202283841 False
3173 6824.62624962485 3795.6402312209043 214.82659557734667 52.82993935269363 6821 6828 3793 3798 37.0 1.7477754867463318 1.3094484533073816 14.248028051904129 0.6623340923430445 0.06825735658390641 0.5245129511346025 0.0 11.529032549095456 0.64135253 18.441983904882612 1.4355871042449317 2.0379191138907586 0.25389120605477106 3.431831258788849 18.042876537180334 2.312080312580499 1.5821031552933393 2.8545785155654575 4.936353524389662 False
3174 6956.733447246316 3795.801267801784 214.82541534704407 52.82910061417905 6954 6959 3793 3799 31.0 1.6512295369266672 1.2759787124447521 -72.24287389755824 0.634717085818542 0.24360651876686595 0.7796227092881056 0.0 14.849091647315863 0.5874487 23.093283935260352 1.2128706958308206 1.7993814413090399 0.15598174034802256 3.141274657157109 22.641084984447453 2.0121897303503404 1.5233622290402846 2.6531559635826536 3.933428130602848 False
3175 7730.991714852427 3796.8730332743544 214.8184977841067 52.824185361832726 7727 7735 3793 3801 66.0 2.1468706590242803 1.7481410593009337 59.93173848894588 0.5804806429534901 0.15318744397334005 1.4152472697242524 0.0 38.09899969606449 0.9745573 61.05001386461248 2.3535666664271777 2.1748060643937506 0.31168740978755194 4.583497844237541 64.33732398141096 3.8552869144394624 1.8588913455011635 3.675204756338787 6.506920272103157 False
3176 8576.50454308079 3794.56669341748 214.8109819588122 52.81879856736929 8575 8579 3793 3796 17.0 1.178112187762947 1.0838252802832096 -1.321520309159618 0.3919939319204518 0.28744648486276136 0.6120211229778902 0.0 8.057914663444256 0.49745017 35.11456374499494 2.0139041598364646 3.2618072298824017 0.09965860415733958 2.326213245840639 53.64010323045186 3.270049228016637 2.159328349309818 4.539867184390031 7.006126262003183 False
3177 8614.41759154467 3808.9505628267916 214.81049260861153 52.818635077536804 8592 8637 3793 3827 1233.0 7.99639947105353 5.7740639554559605 -8.084336820237422 0.6918064546488089 0.0708342958686579 11.018336756841508 0.0 1696.1489192982128 4.7889013 1948.2041755683113 7.070520451639009 1.7969751712100095 0.5354940018830782 19.8110093045411 2230.6592073891356 11.035849609168123 4.06428551250634 8.597346971175673 16.745598306208205 False
3178 9997.411930646413 3798.4773018457977 214.7982737099986 52.80978679409598 9991 10004 3793 3804 126.0 3.050474235951249 2.4886230790018367 10.470035070180034 0.5783127616803039 0.1077495237918956 1.0979609840360407 0.0 59.18523913149396 1.4235065 110.90400266118927 3.756103275040942 2.455785941912733 0.2629767468833375 6.333012368467128 107.24390656794424 5.793812024038079 2.9939033554244996 5.96296018799025 11.280872269335152 False
3179 10283.106247538071 3795.5486157127293 214.7957582387004 52.80795466713647 10282 10285 3794 3797 13.0 1.0758503597463447 0.9374825887630621 77.61895967110836 0.4905953227695837 0.3065108041520091 0.40836214953168676 0.0 4.665051611587839 0.41589764 79.29247185582841 2.0670330732696125 3.8397759234249826 0.05232514115488543 2.0342144725641096 179.55799027076702 3.2944517661603987 3.997268861698243 6.609696593080714 8.498000883556953 False
3180 6247.428486264895 3798.6165039423176 214.831714019639 52.833623636261684 6245 6250 3796 3801 29.0 1.613978955627208 1.200077060913833 45.94549706798297 0.6686782675859234 0.18665981262815162 0.6370408250707326 0.0 11.985984855786139 0.5929375 35.561111281775325 1.9968715781062207 2.873322056919119 0.1831630716397695 3.0382538898732494 43.29200817215046 3.1206032859177775 2.110397821581073 4.277754674029049 7.206268150695131 False
3181 2082.730563293777 3800.0249092850513 214.86888236033255 52.86009235123322 2081 2085 3798 3802 21.0 1.3125973589504119 1.0975030357934905 -56.50790532411586 0.5485301645104419 0.26285917780155565 0.6762208135138978 0.0 9.663247213332992 0.5024933 23.55609421236928 1.428087293393064 2.607319160662442 0.14198904251545702 2.5854414729132054 26.869460303969106 2.2582201822786683 1.6363005091288767 3.0513091390212486 4.9051824567643 False
3182 6455.301505799902 3798.450278613547 214.8298610279784 52.83230167905014 6454 6456 3798 3799 5.0 0.708631019151136 0.4661276782511721 19.018519549498446 0.753204729994622 0.3249119356342403 0.5638877541558254 0.0 2.4868396274688895 0.2465042 13.819178336078728 0.9683511344951489 3.466950735309567 0.10354689048740924 1.2615662610100802 15.76405905432972 1.5881965796905293 1.3838849357626604 2.629680369697071 3.861338786915215 False
3183 302.3390161721191 3800.062170294867 214.88479144555578 52.871401022545456 302 303 3799 3802 6.0 1.0454522717221133 0.42527663327052634 -77.42659962529338 0.9135229334021894 0.22004989859425358 0.3048067970648344 0.0 1.624934293251722 0.25483924 23.510640957407652 1.1651101301594013 3.853174795858543 0.07427946085383237 1.381976597885342 44.829281483724955 1.8551704471444532 2.4458700771569486 4.3132718842955935 5.620273966935247 False
3184 1063.4984455427707 3800.1926979369387 214.87798738096936 52.86656734940625 1062 1065 3799 3802 13.0 1.1324468701385415 0.8238344358909612 -8.838519150046064 0.6861270268445565 0.1358481683543374 0.4173826480438544 0.0 4.335152065371906 0.36547056 38.700180412548 1.614378093544953 3.5865265456056377 0.1484621358479495 2.0342144725641096 93.40002721887492 2.537849985840947 2.97476893319178 5.579084392169699 7.300180320740859 False
3185 6561.903753535846 3806.751796811057 214.8288225911917 52.831668943434444 6556 6569 3799 3816 187.0 3.527922657372189 2.715532178973483 -83.54686248182607 0.63837496055016 0.10709157608371588 1.6713016195413686 0.0 108.82026729224626 1.5690155 159.86401843932538 3.4803601364227315 2.2733191110593785 0.3741235267264575 7.715176518808164 230.53339676860566 5.4105432365975545 2.7334725542281366 5.361921870962946 10.682548131478613 False
3186 2558.6224482649427 3805.4129209623097 214.8645745339178 52.857098339104 2554 2563 3801 3810 86.0 2.2364871238344284 1.9637687842315523 55.68841239989357 0.4785514600508226 0.09981361558768713 1.6376536228868213 0.0 51.324013902082754 1.1128575 70.03251188309028 2.1348843537113895 2.098697863767971 0.37913084131722996 5.232078956954491 81.47387198565568 3.2630858964476848 1.790061248415047 3.3940006813785275 6.222062728981395 False
3187 2061.5633839748707 3810.841371527036 214.86895765865265 52.86028515268309 2055 2068 3803 3818 155.0 2.993371691751115 2.275563744514295 -70.60785360044191 0.6496881154078153 -0.011032370794242626 3.2778183077588627 0.0 127.10951303128753 1.5206968 152.4393933545423 2.4405286368141508 1.845460574374104 0.46351669804079637 7.024103669400641 167.39395725805264 3.829695975662589 1.9040831707112245 3.6667568972041154 6.559364701182593 False
3188 10243.361122435133 3804.1418408961836 214.79602207746393 52.80825365132343 10242 10245 3803 3806 13.0 1.0857621717880201 0.9640835249278192 -66.3847826562332 0.45997376743844165 0.2644277773600851 0.4344571498999812 0.0 4.332542517933079 0.42965463 87.88522997791658 2.175773145462719 3.94572524328929 0.08459703084297784 2.0342144725641096 196.8497810234835 3.6473344496794557 4.564247595056463 7.235279403507924 9.015725820597504 False
3189 8381.228636381424 3806.218836262999 214.81260065570663 52.820102640679764 8379 8384 3804 3809 27.0 0.9281699930083386 0.822531978685261 55.356050092935114 0.4633281650111987 0.01564077850057969 20.23808920427169 0.0 83.28969025021692 1.033055 85.2447026499371 1.1881862171034507 1.5102928534125757 0.6863883468713109 2.9316150714175193 91.99734582836682 1.7135191032183705 0.5659329216686754 1.0418071144026924 1.6710420752920288 False
3190 3567.3776041852134 3810.2893456972224 214.85551398638034 52.85071607791382 3562 3573 3805 3815 95.0 2.4557452765778303 2.117860477510753 48.998876577869254 0.5062095945412275 0.10255456310112489 1.4094123346317644 0.0 48.73236728722181 1.0651778 75.12029652332987 2.29204637083755 2.1338216719314165 0.35195747077207157 5.499039842323396 82.30348297551944 3.660678393635303 2.062361380753865 4.126297990284611 7.524059374351299 False
3191 4346.3495539726355 3819.591872466484 214.84846090338453 52.84581700723044 4340 4353 3806 3833 271.0 6.084126088650155 2.7228951382048905 72.70245625424337 0.8942634743429584 0.0415435640528222 1.260435922503708 0.0 115.56267767536167 1.7601295 172.3231194534697 3.3013542228408785 1.786040999821841 0.2671918750580603 9.287732724180174 169.5767502741764 5.207378828640185 3.6656346156418165 7.622475680136858 12.55451963578473 False
3192 2655.305897255544 3815.2787062713674 214.86360713666758 52.85653735428981 2648 2662 3808 3822 180.0 3.9873891241838053 2.7539392244098333 47.08045965883845 0.7231774530608843 0.15983628598483396 1.1242608887011598 0.0 91.03980222870928 1.4449872 134.19352603764074 3.0034546164073976 1.969118410913544 0.24894531380195273 7.569397566060481 151.69973580373926 4.756897666968354 3.1987259395719887 5.840754261806664 9.53788811749263 False
3193 8241.51856594583 3811.3123218125756 214.81379292330698 52.82101814944219 8239 8243 3810 3814 17.0 1.7643057519828023 0.5666848272036221 -13.48380349227556 0.9470133403072823 -0.11588133748334563 0.0778230709695495 0.0 -0.3725290250714468 0.52598333 6.631109588028716 5.384090565563209 9.470817430817261 -0.4395658855123633 2.326213245840639 3.4492186667728557 8.592117820962269 9.513481287005298 23.12345185905536 23.832085690519957 False
3194 7735.444196839384 3815.068642161646 214.81826667857064 52.82425512370481 7732 7739 3812 3818 46.0 1.9286453440752487 1.547482983163593 -30.822478289002667 0.5968298437470154 0.16032855873885754 0.7684159120939809 0.0 18.458598902291453 0.7814202 44.120763127398135 2.3873403118011853 2.6134745711684353 0.2255807507310446 3.826519928662906 68.36393261986434 4.0516727366440035 2.248373117986658 4.5840823675472455 7.3977420644630465 False
3195 2627.366434291386 3818.403342168008 214.86382382200895 52.85673169648751 2626 2629 3817 3820 13.0 1.069587017099861 0.8963859276399566 54.67100328479517 0.545566827160192 0.2922619026238351 0.40882567565065386 0.0 4.793746641367771 0.3611538 15.880758500759246 1.32040819986198 2.9228818842997892 0.05852525821297934 2.0342144725641096 16.904422652596335 2.138797781313817 1.636689507816262 3.0133349074345537 5.317349912547711 False
3196 6240.582725131316 3834.555037628305 214.8313970511542 52.833860868061656 6230 6257 3818 3849 583.0 4.845866558389911 3.8645097366250094 88.9739019902074 0.6033377242124415 0.07870892777915792 13.579690805318661 0.0 768.9890346705464 2.8413525 825.0693598158048 3.5852581840118076 1.6367870261381674 0.6085712983659403 13.622579184763433 919.8920602675735 5.66962930653703 2.2412771005488574 4.74153425368039 9.24405957900867 False
3197 8638.686932970488 3822.2305020568356 214.81013652734225 52.81855236584995 8634 8643 3818 3826 51.0 3.0740253353215556 1.3167026499089713 -45.56305861321053 0.9036215537290807 0.1606532461104194 0.5396743066245431 0.0 16.870108532251027 0.8497126 130.19020201531507 3.8330699397731762 3.4873948389063902 0.1477539601068273 4.029119531035698 257.79011321773964 6.199375770017447 5.391648499160511 9.88987569686543 13.627659090472886 False
3198 1034.2446268178112 3819.991851501239 214.878040483412 52.866859966065434 1034 1035 3819 3821 4.0 0.7092442010015999 0.42985119791953574 89.6411276178484 0.795411779211601 0.2924852653647934 0.3056230094446563 0.0 1.195638597524712 0.1931205 19.515067044755487 1.013813072971315 3.931411975850252 0.012596575425526658 1.1283791670955126 44.08896115469554 1.7083762651599357 2.176320714207849 3.6957399044865613 4.785011521791544 False
3199 1011.5539344750179 3822.3933313127905 214.87821798848066 52.86701704282652 1010 1013 3820 3825 15.0 1.312652294456758 0.9225055916942535 -79.33801792776283 0.7114073886997219 0.2770605694237573 0.3894673958981778 0.0 5.1489368297624845 0.3921436 77.17300112249302 1.9734616029728482 3.820912452292519 0.051320059733973876 2.1850968611841584 181.95597908155298 3.1847444176088087 4.497943237570156 7.278875651210083 9.24307985322288 False
3200 6684.470629876655 3823.0546096284766 214.82755758717326 52.8309778658332 6681 6688 3820 3826 42.0 1.9668919140633967 1.4016294059382441 41.34483529101815 0.7015590734870852 0.09944827400687797 0.5435818026437466 0.0 11.78832479679715 0.67764825 28.12236467070597 2.0459575431818995 2.685600020926394 0.2393133098423424 3.656366395715726 35.130801454599464 3.3343822045051064 2.162224118994238 4.392102537535232 8.471304316505424 False
3201 7835.657060279489 3834.4956708230466 214.8171685608542 52.823722856724174 7821 7849 3822 3849 456.0 7.287351614134058 3.150197468181162 43.537568317498646 0.9017380422532486 0.06334282339541006 3.193338998458203 0.0 370.6661881691974 2.7638538 431.7535088466093 4.661950083169095 1.8311869682172397 0.41844556910070535 12.047792665040703 516.9544196462884 7.378539565925369 3.5222807304991806 7.20299940283875 12.7994905895079 False
3202 613.9313086287038 3827.826987847436 214.88171434051014 52.86957183259309 610 618 3824 3832 48.0 2.4186469677356714 1.5090210228534129 47.25484501522236 0.7814952128133037 0.21670822089984024 0.5900050310183492 0.0 17.46261053514852 0.7505187 56.44311267545281 2.5621922341913326 2.887437072418645 0.13784427876997712 3.9088200952233594 64.08118187676223 4.0354387850020474 3.0638201174328317 5.727134280232474 8.835379233104009 False
3203 10208.0663366155 3825.844111777517 214.7961083798825 52.80859496414667 10207 10210 3824 3827 10.0 0.9463206842713608 0.826242544364242 -33.4268423758537 0.4875223282496483 0.21880417903200458 0.42522385577283667 0.0 3.2283925058213527 0.3767217 61.647983521804434 1.7864623022707582 3.927217927363774 0.12523006892421773 1.7841241161527712 148.77787789757025 2.8642523726704803 3.662475960888151 5.945016341491075 7.6441252796297405 False
