outputs/dr0.5_c0.1/nircam2_f115w_dr0.5_c0.1.ecsv
# %ECSV 1.0
# ---
# datatype:
# - {name: label, datatype: int64}
# - {name: xcentroid, datatype: float64}
# - {name: ycentroid, datatype: float64}
# - {name: sky_centroid.ra, unit: deg, datatype: float64}
# - {name: sky_centroid.dec, unit: deg, datatype: float64}
# - {name: bbox_xmin, datatype: int64}
# - {name: bbox_xmax, datatype: int64}
# - {name: bbox_ymin, datatype: int64}
# - {name: bbox_ymax, datatype: int64}
# - {name: area, unit: pix2, datatype: float64}
# - {name: semimajor_sigma, unit: pix, datatype: float64}
# - {name: semiminor_sigma, unit: pix, datatype: float64}
# - {name: orientation, unit: deg, datatype: float64}
# - {name: eccentricity, datatype: float64}
# - {name: min_value, datatype: float64}
# - {name: max_value, datatype: float64}
# - {name: local_background, datatype: float64}
# - {name: segment_flux, datatype: float64}
# - {name: segment_fluxerr, datatype: float32}
# - {name: kron_flux, datatype: float64}
# - {name: kron_fluxerr, datatype: float64}
# - {name: kron_radius, unit: pix, datatype: float64}
# - {name: gini, datatype: float64}
# - {name: equivalent_radius, unit: pix, datatype: float64}
# - {name: kron4_2_flux, datatype: float64}
# - {name: kron4_2_fluxerr, datatype: float64}
# - {name: radius_kron20, unit: pix, datatype: float64}
# - {name: radius_kron50, unit: pix, datatype: float64}
# - {name: radius_kron80, unit: pix, datatype: float64}
# - {name: near_border, datatype: bool}
# meta:
#   PHOTMJSR: 2.962800025939941
#   PIXAR_SR: 2.11539874851881e-14
#   __serialized_columns__:
#     area:
#       __class__: astropy.units.quantity.Quantity
#       unit: !astropy.units.Unit {unit: pix2}
#       value: !astropy.table.SerializedColumn {name: area}
#     eccentricity:
#       __class__: astropy.units.quantity.Quantity
#       unit: !astropy.units.Unit {unit: ''}
#       value: !astropy.table.SerializedColumn {name: eccentricity}
#     equivalent_radius:
#       __class__: astropy.units.quantity.Quantity
#       unit: !astropy.units.Unit {unit: pix}
#       value: !astropy.table.SerializedColumn {name: equivalent_radius}
#     kron_radius:
#       __class__: astropy.units.quantity.Quantity
#       unit: &id001 !astropy.units.Unit {unit: pix}
#       value: !astropy.table.SerializedColumn {name: kron_radius}
#     orientation:
#       __class__: astropy.units.quantity.Quantity
#       unit: &id002 !astropy.units.Unit {unit: deg}
#       value: !astropy.table.SerializedColumn {name: orientation}
#     radius_kron20:
#       __class__: astropy.units.quantity.Quantity
#       unit: *id001
#       value: !astropy.table.SerializedColumn {name: radius_kron20}
#     radius_kron50:
#       __class__: astropy.units.quantity.Quantity
#       unit: *id001
#       value: !astropy.table.SerializedColumn {name: radius_kron50}
#     radius_kron80:
#       __class__: astropy.units.quantity.Quantity
#       unit: *id001
#       value: !astropy.table.SerializedColumn {name: radius_kron80}
#     semimajor_sigma:
#       __class__: astropy.units.quantity.Quantity
#       unit: !astropy.units.Unit {unit: pix}
#       value: !astropy.table.SerializedColumn {name: semimajor_sigma}
#     semiminor_sigma:
#       __class__: astropy.units.quantity.Quantity
#       unit: !astropy.units.Unit {unit: pix}
#       value: !astropy.table.SerializedColumn {name: semiminor_sigma}
#     sky_centroid:
#       __class__: astropy.coordinates.sky_coordinate.SkyCoord
#       dec: !astropy.table.SerializedColumn
#         __class__: astropy.coordinates.angles.Latitude
#         unit: *id002
#         value: !astropy.table.SerializedColumn {name: sky_centroid.dec}
#       frame: icrs
#       ra: !astropy.table.SerializedColumn
#         __class__: astropy.coordinates.angles.Longitude
#         unit: *id002
#         value: !astropy.table.SerializedColumn {name: sky_centroid.ra}
#         wrap_angle: !astropy.coordinates.Angle
#           unit: *id002
#           value: 360.0
#       representation_type: spherical
#   astropy version: '5.1'
#   make_catalog parameters:
#     ab_zpt: 31.4
#     coadd_bands: !!python/tuple [f277w, f356w]
#     deblend_contrast: 0.001
#     deblend_nlevels: 32
#     deblend_npixels: 1
#     detect_kernel_fwhm: 4.0
#     detect_kernel_npix: 7
#     detect_npixels: 4
#     detect_threshold_nsigma: 3.0
#     flag_isolated_buffer: 4
#     hst_bands: !!python/tuple [f606w, f814w, f125w, f140w, f160w]
#     jwst_bands: !!python/tuple [f115w, f150w, f200w, f277w, f356w, f410m, f444w]
#     near_border_kernelsize: 21
#     reference_band: f200w
#   make_catalog version: 1.4.0
#   photutils version: 1.5.0
# schema: astropy-2.0
label xcentroid ycentroid sky_centroid.ra sky_centroid.dec bbox_xmin bbox_xmax bbox_ymin bbox_ymax area semimajor_sigma semiminor_sigma orientation eccentricity min_value max_value local_background segment_flux segment_fluxerr kron_flux kron_fluxerr kron_radius gini equivalent_radius kron4_2_flux kron4_2_fluxerr radius_kron20 radius_kron50 radius_kron80 near_border
[from data line 74]
75 257.5516901495509 1891.6968908700646 214.96164278313537 52.93452257907658 256 260 1890 1894 19.0 1.272912515976789 0.9505139419495825 -79.50271131205507 0.6651343608020965 -0.033377984700745905 0.8179141314427736 0.0 8.322691490752906 1.2562656 18.20451931632067 3.5310947763646414 2.5654179702329256 0.2741854433952565 2.4592453796829674 23.012418412748232 5.603598725397164 1.4063468949733007 2.7158174935501327 4.407164722647333 False
76 917.6612687756619 1902.4968479059726 214.95561340775976 52.930392192373624 903 933 1891 1917 614.0 4.958109151503871 4.022160305541497 -22.301129300060094 0.5847290319151015 -0.20351249969676893 9.377035011640174 0.0 494.260663947941 7.4279857 514.1606944272194 8.700548668899335 1.482060384737973 0.6303696958793069 13.980066885278035 551.7726812632827 13.737884805876313 2.480878782506147 4.829691868377817 8.90191103842946 False
77 2211.334405997561 1898.689357339256 214.94406334313825 52.92216176568669 2203 2221 1893 1904 181.0 4.980020216896975 2.385434397837186 10.523716502062264 0.8778143842430065 -0.17658771824602476 0.852881091995185 0.0 55.191861340912126 4.002646 74.03958842642898 8.135911809749164 1.7867990315881799 0.35396866840280816 7.590394548326596 72.20521481792012 13.065277171883073 3.297195483224815 6.25752148274261 8.70223960513826 False
78 2997.1332803971763 1898.4416925739802 214.9370280402724 52.91717306692666 2994 3000 1895 1902 46.0 1.5284630933400507 1.2874188815723733 80.24602109934094 0.5390147142209316 0.00805695282541476 2.5031683058089986 0.0 26.907710471309823 1.9683316 33.0947484899332 3.1693931109403244 1.7556508753518794 0.48532259512082576 3.826519928662906 39.15368152827692 5.080269753207303 1.0335390239980238 2.0116280878543886 3.738328620248314 False
79 1459.3648202620836 1899.888796002802 214.95078715366424 52.926940503587126 1456 1462 1897 1902 32.0 1.7009818085899062 1.1392220150381966 -1.0641175801555598 0.7425922477637875 -0.04172640409303988 1.2436165626353544 0.0 19.380353561183327 1.7052566 21.252621941930524 2.558782391154222 1.4 0.3240214219148365 3.1915382432114616 19.84783229833721 4.041561220614753 1.2021528534577615 2.015346309739746 2.8964754657864975 False
80 4296.586166364031 1909.1963295117068 214.92527999853527 52.90898275654331 4291 4303 1900 1918 168.0 4.241651003363612 2.185885477705688 65.38883062790457 0.8569867987718187 -0.17645295416582163 1.3545881842240761 0.0 66.32860025395976 3.7186003 121.81414176845962 9.567579159029288 2.4794954131151465 0.376686983626561 7.312732791431452 138.4385253019974 15.285156102224265 3.0930945317316683 7.200464543181757 12.582281894767915 False
81 7674.944509235278 1913.372451929129 214.8950081339076 52.887555546471326 7658 7689 1903 1923 481.0 5.9410698139036455 3.3243998744070296 13.125251158389117 0.8287881570232817 -0.14401917402094053 4.162860695079831 0.0 404.21876554918236 5.817504 473.2038764720951 8.896994901800085 1.7343808994539693 0.5101792502483389 12.373643572303322 512.3289973268509 14.056835166044634 3.1228714658813126 6.043365006248775 11.593718225779936 False
82 1534.336515134569 1906.5835100880975 214.95004498539194 52.92650088219666 1533 1535 1906 1907 5.0 0.6993076403323117 0.4817226647783257 -11.923593995040239 0.7248976627550114 0.7205063221748655 1.5372625252057825 0.0 5.655706745463151 0.6751115 15.699590060628951 2.1371600451993378 2.8755335506738993 0.1644524271258307 1.2615662610100802 14.032955039195745 3.4131359949250246 0.9066938666950837 1.6111311884962372 2.3930867420639617 False
83 6208.890394652436 1909.4896181512536 214.9081628708521 52.89684375622401 6208 6210 1906 1913 22.0 2.2313028031423525 0.7373145683720904 85.9408222278678 0.943826549910116 -0.014075597048133656 0.3590258443977659 0.0 4.2202531999606485 1.2538763 13.305014165958955 4.664996024801633 3.1005923243033284 0.2933659239249086 2.6462837142006137 15.608327752272519 7.446339440345279 2.1963800285780675 4.320143574177733 8.645868748507068 False
84 386.8725730069408 1915.853367368675 214.96022945291946 52.93383248726124 371 402 1907 1925 419.0 6.782724966834517 2.9682668810027724 15.840285860239048 0.8991592430818819 -0.23959509209228705 3.063288528906413 0.0 243.7752017729385 5.914338 341.1152551859573 11.91454902781873 2.109636279170651 0.43740383273304556 11.54867275105708 386.9485842778363 18.9268942327816 3.850624402367958 8.374555915427006 16.58603710262094 False
85 1493.8459457292097 1911.0813427683668 214.95036040029828 52.926782133537756 1488 1499 1907 1916 89.0 2.3721561422474657 1.9695653732960705 -17.192596898486762 0.5573392335654235 -0.10677372418458767 1.5311106255477287 0.0 41.76461892784627 2.7123497 49.94799484280132 4.286763830007808 1.5481053010154748 0.4228970738498998 5.322553886092406 51.940026929742885 6.865751314663473 1.7322215637497922 3.1286603602735377 5.02591334459783 False
86 3737.8428680732695 1918.31500873644 214.9301862574656 52.91257879885805 3736 3740 1915 1921 23.0 1.9460927655015825 0.8437138378387641 -55.973284418281985 0.9011331414074121 0.07821376755202453 0.5612012111205957 0.0 7.728045421676716 1.4734069 39.30468758703276 5.944946271834391 3.3756824944396815 0.2297580249535915 2.7057581899030048 49.540039102986896 9.528140293790583 2.695398503932502 5.049650088760971 8.831354625572397 False
87 6816.012800091559 1916.355888458969 214.9026592042828 52.89302587721853 6815 6817 1915 1918 10.0 1.0627447600729332 0.6551526647608714 -65.10409846176748 0.7873766264122547 0.39961413560419645 0.7342113495804903 0.0 5.324865636274051 0.84536266 24.98414421233251 3.2952779817384568 3.3694846742825204 0.1306930008834899 1.7841241161527712 28.069687904548942 5.29526837862929 1.7374857102528078 3.452000041388842 5.408726845458026 False
88 451.33653058633627 1920.8815550816696 214.9595987859205 52.93345059891932 449 454 1918 1924 26.0 1.606781874520809 1.0489080600901386 68.64715987560623 0.7575298458639881 -0.08655329561697636 0.5974481345650813 0.0 5.681585753675261 1.48509 17.732119924978335 5.333663252739372 3.2157853446785163 0.39119836489214505 2.876813695875796 26.926711238983863 8.4652433404787 2.1182683651314558 4.953000680925989 6.699979215048211 False
89 1150.204238412369 1919.2176378448191 214.95335368407768 52.92900683289462 1149 1152 1918 1921 13.0 0.9361348328317288 0.8375574308400753 41.825016988835614 0.4466727049688357 0.1907717483058547 1.5566727113156429 0.0 9.039314308278758 1.0594909 13.16672284135207 2.120487531972248 1.8861735021559194 0.2758429828540613 2.0342144725641096 14.548361932797839 3.3913917509259335 0.8396496905921116 1.580892570224125 2.676883382694402 False
90 3626.149995843441 1920.066788063486 214.9311678647661 52.91329724030725 3623 3628 1918 1922 23.0 1.4404509138089077 1.115368720029805 46.57800413301295 0.632795276253727 0.011762693994412779 0.9322990761417153 0.0 8.535364130400547 1.5721408 30.90145376348717 5.602328904142955 3.1997379240046198 0.36966511710650074 2.7057581899030048 41.320624359253294 8.936777049194346 2.1250715283421946 5.370358992437354 8.724222743779562 False
91 7306.155667216376 1920.9949462270451 214.89822619993024 52.889938556255736 7304 7307 1918 1922 16.0 1.111133754134123 0.8142276586753571 60.09432863338211 0.6804549031909881 -0.07229398112258043 1.1203517041514344 0.0 5.1299872086730005 1.0533932 19.806409348800617 3.4716408124226317 3.1567800381503113 0.5657102835255583 2.256758334191025 33.93480240151543 5.570170861292958 1.4956648626261646 3.890793602824009 6.323695336963887 False
92 nan nan nan nan 8177 8180 1918 1922 14.0 nan nan nan nan 0.0 0.0 0.0 0.0 3741657.2 nan nan nan nan 2.111004122822376 nan nan nan nan nan True
93 3179.6342041303883 1922.6237381681115 214.93513917391232 52.916145272488414 3175 3184 1919 1927 64.0 1.839597071083036 1.5861449297090169 22.970076698656793 0.5065269989775346 0.019889840592513062 2.682298936819393 0.0 47.2928020285753 2.3532207 56.8751208838097 3.7986825542178355 1.7375900740578072 0.44529999743655857 4.51351666838205 63.060401559925964 6.047828395055754 1.2759876284315366 2.4608324353654067 4.166749225754311 False
94 8446.376004457057 1921.253024124293 214.88802699251173 52.88269903998116 8444 8449 1919 1924 24.0 1.414760671718458 1.3226218182283214 -39.94923451303222 0.35498186424403505 -0.08776582296023724 0.38372560250291576 0.0 4.253943851134581 1.3500429 21.96694074846581 5.302316491967139 3.1374142094106987 0.34831201133036105 2.763953195770684 37.43769735445298 8.51323997152126 2.6428272008172393 5.111023017627305 8.235264042531169 False
95 9911.60631964355 1926.2128009800253 214.87487687795362 52.87341964133893 9898 9923 1919 1933 298.0 5.227334210683566 2.2835211189376325 -16.276058706831027 0.8995380674661831 -0.11794719614419716 4.3892673922985495 0.0 236.83883458418387 5.138961 259.6593611469211 7.374355226762122 1.656528873639677 0.5495204086934546 9.739422266375435 279.97437065203195 11.666073015795922 2.335518331100358 4.987503795584798 8.425163685579466 False
96 3710.8712752449455 1923.0505952101796 214.93037789785083 52.912775573327195 3708 3713 1920 1926 31.0 1.5031551323300212 1.318257556518286 -80.25249015171798 0.4805019031520893 0.030098474487579782 0.5919217543461931 0.0 8.308898453066824 1.7508965 17.2377504127232 3.152007756544891 1.615581502848107 0.33932657511234465 3.141274657157109 13.334602862068621 5.059793396947693 1.6545877201987875 3.100692703930332 4.378596793187743 False
97 1209.3247567018934 1923.8718826017778 214.95277496164536 52.928656797384924 1207 1211 1921 1926 25.0 1.3192520984677438 1.082113759713474 60.28335963318888 0.5720082054076228 -0.01994215624489171 0.8667001369995357 0.0 9.407407333360256 1.4638865 18.445383515411628 3.6196108522118733 2.3909035344360334 0.3482687774751339 2.8209479177387813 29.481064480777945 5.793117986761077 1.3760383085508625 2.661826400314308 4.407281829020314 False
98 2526.623802548068 1922.9079889173095 214.9409843556676 52.920291500452414 2526 2527 1922 1924 6.0 0.7763527221251695 0.4811892806132502 -84.73133011290632 0.7847538453593331 0.5013867732428247 1.0769328017130428 0.0 4.517208789556327 0.70760304 6.670895797533627 1.382244823318563 1.8028908183377104 0.20473100211530915 1.381976597885342 6.043889766236692 2.2125101757105887 0.6832857935643231 1.1711614020344236 1.6792616681801644 False
99 10120.456674290883 1925.5228198576688 214.87301765110107 52.872089324627396 10118 10124 1922 1929 45.0 1.7409392126524712 1.3590614258886222 79.54172434214486 0.6249704489770417 -0.022360765695634086 1.266914231004662 0.0 21.55515322607493 1.9454336 25.88102269225253 3.792278197324142 1.9534275807665116 0.3864761416897425 3.7846987830302403 30.198231886160613 6.05429579991096 1.2334955135437065 2.2653230147295793 3.6747335581192777 False
100 7497.470179789869 1928.928470974215 214.89643162292154 52.88876649587633 7492 7503 1925 1933 84.0 2.7427878759663207 1.7920837614279257 20.87751932614996 0.7570297815137847 0.054132017953873894 0.9765207584959915 0.0 33.80101935364015 2.4151838 53.983669250435476 5.073032535132651 1.9787161392416883 0.3165007211496009 5.170882945826411 53.98472130859507 8.034373219374192 2.1874082391237453 4.253723915426609 6.710372892110107 False
101 7871.396438440624 1934.964342889636 214.8930240530846 52.88642451212496 7861 7881 1925 1946 310.0 4.596009726478545 3.2334803745298117 -52.37718182993465 0.7106548657526929 -0.12773627883550345 3.4302738730282747 0.0 185.69995088766197 4.605815 217.99802666965877 7.246178611483667 1.6380294636232708 0.48056524588709826 9.933582672781009 219.07251139204817 11.521704115089488 2.545021317448577 5.245471535056093 9.43582169071075 False
102 3632.935812980794 1927.174132053508 214.93103229277096 52.91329254133085 3632 3634 1926 1928 7.0 0.8004935764207094 0.5160535094808433 59.943240874331366 0.7644617017865039 0.09741302760844049 0.6220036783555366 0.0 2.325738245004736 0.84321225 10.262190051954876 2.9372251072665847 3.3380885914388596 0.3577077566984128 1.4927053303604616 19.317862422253008 4.717520610276577 1.3161376637210778 2.897856539152972 4.5344748274051305 False
103 2117.677683942357 1931.544907222074 214.94455640848503 52.92293360045427 2115 2120 1927 1935 35.0 2.1678822606189754 1.0299431049150176 -82.1035481199778 0.8799362323560621 -0.07681432557014978 0.6289790375887332 0.0 11.420451308217988 1.6708578 26.740992138516546 5.028230427463483 2.6652827358605595 0.31979246695760527 3.3377905890622728 32.82605853178431 8.026885093047088 2.0391567170708504 4.170661721987204 7.023744744248445 False
104 8853.39501277892 1929.9666919931688 214.88429632026248 52.88016108673559 8849 8856 1927 1932 39.0 1.8388043871376238 1.1177355180262636 20.646115260707614 0.794044266764628 -0.2889534611686221 0.8963241445898709 0.0 6.972658097019022 1.8210536 6.36566038850721 2.5804175643637284 1.4 0.47341280966963917 3.523362819972964 6.354154318223936 4.109157951741842 0.9179634816502428 1.627958484822452 2.414375795485474 False
105 1149.0457968673772 1931.2442538731766 214.95323745560074 52.92907914287344 1147 1151 1928 1934 31.0 1.7726096569829166 1.184220666034596 -72.2455703937618 0.7441018081229921 0.07402748298502647 0.6659189053637626 0.0 13.89412837671146 1.6863171 30.16904184968641 4.655575077417759 2.4965609168498877 0.1987781287476288 3.141274657157109 37.55814119613795 7.399862999919297 1.8633236438502965 3.4495896480574517 5.87449850025863 False
106 7209.806516432797 1929.7946364207023 214.8989953493408 52.8905978633825 7208 7212 1929 1931 11.0 0.919510534465242 0.7337610041306666 4.895229833662762 0.6026695478995685 0.3186262535352637 1.4571994014838119 0.0 8.558084187086628 0.9058873 16.213418307439582 2.2036958804916456 2.295330229388869 0.3020201664977019 1.8712051592547776 15.887937035805045 3.4548177600639423 0.9622544371942348 1.7180688713557928 2.6753963160264065 False
107 1487.2061512222485 1947.4164399060703 214.95003738088297 52.927020515189135 1471 1503 1930 1967 979.0 7.440263116981535 5.445128186714585 -64.51671830337645 0.6814698523778098 -0.2503714154201878 10.196798427041943 0.0 1079.0585017624198 9.380582 1172.4432850497883 13.39509804781854 1.6127452123079018 0.5278768433626847 17.652914166616544 1231.3062370345328 21.13752647737243 4.782062012215623 7.992718579072225 13.39101958466279 False
108 8618.668294137791 1941.2965552311114 214.8862756119492 52.88171297229899 8609 8628 1931 1951 321.0 3.283089972012936 2.208160042159745 53.89336632816847 0.7400190534842624 -0.24997016624354337 18.047794598825423 0.0 376.0176580554686 5.3163433 373.09011480625907 4.995086713197433 1.4 0.733394080084666 10.108287365572707 399.5445653599713 7.7582008484458465 1.4097404674685596 2.7707462677843364 4.905971817229067 False
109 2726.0378244857934 1940.5242629737977 214.93901290123682 52.91912096691229 2717 2735 1933 1950 208.0 4.352292190238223 2.4420103099377815 -40.507141987843454 0.8277574985135563 -0.241465732929339 1.9619268329476143 0.0 100.85185587385581 4.221992 190.181140811809 10.67041186738649 2.538339752618002 0.41272827215818514 8.136857890256438 216.49041249501752 17.058693924251447 3.251150061341586 8.046033631132918 14.931813864227234 False
110 3061.808282181134 1943.0594851868073 214.93597918847382 52.917003488781894 3054 3070 1934 1952 262.0 2.660360291601377 2.406816016418348 -73.56135217134246 0.4260587170339204 -0.23431074125045692 6.76549418064982 0.0 111.05530439486171 4.7915096 113.67190600230496 5.147140598738677 1.5586145928261141 0.7392533213636314 9.13220620552083 130.5007534430438 8.116001736338312 1.1671283026249435 2.268006921130411 4.300415417597705 False
