outputs/dr0.5_c0.1/nircam6_matched_f277w_f160w_dr0.5_c0.1.ecsv
# %ECSV 1.0
# ---
# datatype:
# - {name: label, datatype: int64}
# - {name: xcentroid, datatype: float64}
# - {name: ycentroid, datatype: float64}
# - {name: sky_centroid.ra, unit: deg, datatype: float64}
# - {name: sky_centroid.dec, unit: deg, datatype: float64}
# - {name: bbox_xmin, datatype: int64}
# - {name: bbox_xmax, datatype: int64}
# - {name: bbox_ymin, datatype: int64}
# - {name: bbox_ymax, datatype: int64}
# - {name: area, unit: pix2, datatype: float64}
# - {name: semimajor_sigma, unit: pix, datatype: float64}
# - {name: semiminor_sigma, unit: pix, datatype: float64}
# - {name: orientation, unit: deg, datatype: float64}
# - {name: eccentricity, datatype: float64}
# - {name: min_value, datatype: float64}
# - {name: max_value, datatype: float64}
# - {name: local_background, datatype: float64}
# - {name: segment_flux, datatype: float64}
# - {name: segment_fluxerr, datatype: float32}
# - {name: kron_flux, datatype: float64}
# - {name: kron_fluxerr, datatype: float64}
# - {name: kron_radius, unit: pix, datatype: float64}
# - {name: gini, datatype: float64}
# - {name: equivalent_radius, unit: pix, datatype: float64}
# - {name: kron4_2_flux, datatype: float64}
# - {name: kron4_2_fluxerr, datatype: float64}
# - {name: kron4_2_mag, datatype: float64}
# meta:
#   PHOTMJSR: 2.251199960708618
#   PIXAR_SR: 2.11539874851881e-14
#   __serialized_columns__:
#     area:
#       __class__: astropy.units.quantity.Quantity
#       unit: !astropy.units.Unit {unit: pix2}
#       value: !astropy.table.SerializedColumn {name: area}
#     eccentricity:
#       __class__: astropy.units.quantity.Quantity
#       unit: !astropy.units.Unit {unit: ''}
#       value: !astropy.table.SerializedColumn {name: eccentricity}
#     equivalent_radius:
#       __class__: astropy.units.quantity.Quantity
#       unit: !astropy.units.Unit {unit: pix}
#       value: !astropy.table.SerializedColumn {name: equivalent_radius}
#     kron_radius:
#       __class__: astropy.units.quantity.Quantity
#       unit: !astropy.units.Unit {unit: pix}
#       value: !astropy.table.SerializedColumn {name: kron_radius}
#     orientation:
#       __class__: astropy.units.quantity.Quantity
#       unit: &id001 !astropy.units.Unit {unit: deg}
#       value: !astropy.table.SerializedColumn {name: orientation}
#     semimajor_sigma:
#       __class__: astropy.units.quantity.Quantity
#       unit: !astropy.units.Unit {unit: pix}
#       value: !astropy.table.SerializedColumn {name: semimajor_sigma}
#     semiminor_sigma:
#       __class__: astropy.units.quantity.Quantity
#       unit: !astropy.units.Unit {unit: pix}
#       value: !astropy.table.SerializedColumn {name: semiminor_sigma}
#     sky_centroid:
#       __class__: astropy.coordinates.sky_coordinate.SkyCoord
#       dec: !astropy.table.SerializedColumn
#         __class__: astropy.coordinates.angles.Latitude
#         unit: *id001
#         value: !astropy.table.SerializedColumn {name: sky_centroid.dec}
#       frame: icrs
#       ra: !astropy.table.SerializedColumn
#         __class__: astropy.coordinates.angles.Longitude
#         unit: *id001
#         value: !astropy.table.SerializedColumn {name: sky_centroid.ra}
#         wrap_angle: !astropy.coordinates.Angle
#           unit: *id001
#           value: 360.0
#       representation_type: spherical
#   astropy version: '5.1'
#   kernelfile: kernel_f277w_f160w.fits
#   make_catalog parameters:
#     ab_zpt: 31.4
#     coadd_bands: !!python/tuple [f277w, f356w]
#     deblend_contrast: 0.001
#     deblend_nlevels: 32
#     deblend_npixels: 1
#     detect_kernel_fwhm: 4.0
#     detect_kernel_npix: 7
#     detect_npixels: 4
#     detect_threshold_nsigma: 3.0
#     flag_isolated_buffer: 4
#     hst_bands: !!python/tuple [f606w, f814w, f125w, f140w, f160w]
#     jwst_bands: !!python/tuple [f115w, f150w, f200w, f277w, f356w, f410m, f444w]
#     near_border_kernelsize: 21
#     reference_band: f200w
#   make_catalog version: 1.4.0
#   photutils version: 1.5.0
# schema: astropy-2.0
label xcentroid ycentroid sky_centroid.ra sky_centroid.dec bbox_xmin bbox_xmax bbox_ymin bbox_ymax area semimajor_sigma semiminor_sigma orientation eccentricity min_value max_value local_background segment_flux segment_fluxerr kron_flux kron_fluxerr kron_radius gini equivalent_radius kron4_2_flux kron4_2_fluxerr kron4_2_mag
[from data line 3379]
3380 6792.151561267879 4042.8864096247007 214.82428440641536 52.831478392202484 6791 6793 4042 4044 8.0 0.8577862585211725 0.6825457788359912 46.5907565161594 0.6056828910507132 0.1532166835482384 0.17428766462158748 0.0 1.3321890436023778 1.666474 12.264442909795832 7.511184487606439 3.6789379766171564 0.026499103836414788 1.5957691216057308 14.68788587168384 11.907822668325052 28.48260177674912
3381 9738.225801575143 4045.8085712123293 214.79798244379955 52.81276709814454 9734 9742 4042 4049 56.0 2.0414976191157206 1.7560543515647442 -29.834977320711186 0.5099914407708086 0.7561595302293989 2.7228699399660603 0.0 88.70396534538818 4.5530086 157.7327617817008 11.848286212057152 2.320576234772155 0.1995388388807319 4.222008245644752 161.94661665544805 19.08175025990973 25.876570301802275
3382 9415.239188707714 4048.1339034009106 214.80083706917668 52.81483300922187 9409 9422 4043 4054 139.0 3.1735591647582266 2.7239441410895004 11.665593850766655 0.5131069586208694 0.31636399446431507 1.2770699855189316 0.0 93.9518204364403 6.968208 146.28038276130056 15.755019604315565 2.037249168484672 0.2218559493181223 6.651697090182843 145.93664791308453 25.37678972383383 25.989589083703127
3383 2406.546182294367 4063.331869848149 214.8632193105434 52.85945547370578 2386 2425 4044 4086 1156.0 9.91838056819983 5.562056107221825 -52.36481126565445 0.8279630292420377 0.2043225746294929 3.604573925510615 0.0 1270.8975333009103 20.617985 1435.973312760198 30.97797120681371 1.54479896815414 0.4147521237306598 19.182445840623714 1472.211872493357 49.9333105325713 23.480074210673493
3384 1725.2645239162523 4047.421687512218 214.86947297863838 52.863697478640624 1723 1728 4045 4050 29.0 1.521664084289658 1.4121774398103928 -60.31015575674625 0.37246040255838764 0.1845316840384947 0.2651988381258556 0.0 6.428348904181481 3.3455615 37.25728430883066 14.035755046635288 3.349617922559485 0.062465832258415156 3.0382538898732494 53.156520899075254 22.544076928911384 27.086108628567928
3385 2556.007232284654 4055.635748148954 214.86196523105454 52.8584644785007 2540 2573 4045 4067 566.0 6.640849249294082 4.19846077874382 15.535785054900591 0.7747910013780197 0.23091993656713594 3.187767492435806 0.0 562.8441839398722 14.521862 665.9170980759702 24.325990590054484 1.7100957418193323 0.3858165129467611 13.422495877444907 698.4913731229562 39.303059035853444 24.289597383424365
3386 8741.174096985344 4062.8109831988813 214.8066921364774 52.81919722978929 8726 8759 4046 4082 898.0 6.391367999351218 5.290399687180612 -69.12424406274359 0.5611098187841251 0.21192152773764447 10.080429577507035 0.0 1691.2342114572352 18.03967 1823.843975153064 24.394366094857066 1.5760119344274528 0.5330591764250135 16.906870727400857 1940.0537116163614 39.02133307413148 23.18046561546349
3387 9489.617360343811 4047.762845145245 214.80017794527086 52.81435815795028 9487 9492 4046 4050 24.0 1.4335026038918774 1.191003739537136 17.719762416715973 0.556519237970442 0.5122535234000184 0.9981299886176037 0.0 18.15590851705741 3.081212 58.405862390207204 10.180230694832934 2.887498137151383 0.10924002582859714 2.763953195770684 82.91257813385212 16.229485755845925 26.603448951074416
3388 8860.97846741826 4049.302999486375 214.80576605436625 52.81836285182913 8859 8863 4048 4051 18.0 1.3132614954459163 1.0352639062968416 0.3699934709379937 0.6152716928843045 0.18450122434117988 0.23137320913174617 0.0 3.744823145198648 2.5007207 19.784242482830656 10.14528789148259 3.3014509839248087 0.04064145457542139 2.393653682408596 18.02491780688635 16.167020937463143 28.260316767436326
3389 6254.265600360358 4051.0009393321866 214.82899801357027 52.834940635315434 6253 6255 4050 4052 7.0 0.7493258688531144 0.7016125262858215 87.71412572315421 0.35113464515670767 0.15264143741267727 0.16821473203655102 0.0 1.1301298511968443 1.7026292 14.358403466946545 7.77612750302887 3.7727222954956754 0.02218102180152003 1.4927053303604616 25.688641566986654 12.194678924670388 27.8756471522925
3390 9475.215097911923 4059.8083876291103 214.80017962740587 52.81451461732647 9470 9480 4051 4067 123.0 3.8901884852364503 2.200742686496345 -66.89444894664591 0.8246000058297771 0.17252983354828602 0.4405469078638386 0.0 33.839910394107015 6.716591 132.11137164024746 24.60034175344189 3.133049989294074 0.15266072994091195 6.257165172872317 175.74253300698837 39.569335031255164 25.78780779582372
3391 4166.728843839945 4065.8767705822684 214.84747347585116 52.84828624396263 4153 4181 4052 4078 588.0 5.755417374511427 4.623373308294225 -29.593585058960887 0.5955637001267694 0.2343141831068619 5.1624691167377526 0.0 763.1545198507365 14.739028 859.7740340285835 23.007267034371694 1.6442959088473306 0.43501951272592027 13.680870333281758 907.0553159899553 37.040539007793896 24.005915567640116
3392 3930.0902411547 4059.712533231893 214.84965112600855 52.84975656102198 3925 3935 4053 4067 136.0 3.484623049480377 2.6347802201966806 84.31110581357804 0.6544372925610091 0.24530123032193651 0.6708767469917057 0.0 58.505584354774506 7.1832485 123.02877403930349 20.43023350837677 2.4672584391525487 0.15343021509102434 6.579524642479541 146.73313500678037 32.75295135342288 25.983679508751045
3393 9880.241206000675 4065.3686560508804 214.79651087097275 52.81196959335363 9872 9888 4057 4074 242.0 3.9326644576570438 3.8028290301384455 82.29892175639932 0.25483186075729003 0.2852418913241982 1.2306478855432663 0.0 152.01746580279095 8.053541 243.1948482413167 19.194443235585375 2.1800760491199362 0.22782679828188082 8.77673016883152 284.4493439018736 30.722566942591886 25.264987659048174
3394 2616.8536402527643 4061.5612899965804 214.8613593932918 52.858109889781744 2616 2618 4060 4063 7.0 1.117325332446288 0.4886544433019661 48.4331721144193 0.8992947662063557 0.1525605947066254 0.16472113764534965 0.0 1.1081720576269976 1.6027824 14.342811414484757 7.433175211592969 3.712086704473274 0.017517838062873915 1.4927053303604616 25.21841854338834 12.048966760433235 27.89570537920261
3395 7527.4655885356915 4062.0648299902177 214.81752347383315 52.826908190235116 7524 7531 4060 4064 27.0 1.8742382407669604 1.0908427590990704 24.588097804190266 0.8131749982593786 0.19318283181897242 0.26746446611753477 0.0 6.374485280781901 3.171977 31.945825691506265 12.432009585827606 3.270648126985063 0.04925781751186035 2.9316150714175193 34.75692805329576 19.9889728916327 27.547396537726023
3396 9783.754022029449 4072.07103599831 214.79730038820978 52.812619136007946 9770 9797 4061 4083 497.0 6.05562063051143 4.738557349603249 -18.68727361261295 0.6226434853051629 0.2589740484732753 1.701514274399317 0.0 388.87206764091616 13.526072 543.375238660045 30.0671018433857 2.0347489497030384 0.27753336970975245 12.577758680835945 595.285074901679 47.684318052954445 24.463187515059804
3397 10174.511914396377 4063.2046164669027 214.7939108687429 52.810087020567885 10173 10176 4062 4064 10.0 1.0230953339360567 0.7456387299529409 0.4408877907986148 0.6847195045853545 0.2836446586675004 0.29580647812994815 0.0 2.906517991065168 2.0632315 60.09754681365981 9.621095727286034 3.9332265380282605 0.009853897508251053 1.7841241161527712 145.1085378667118 15.130014566277932 25.995767584699692
3398 6097.867383403489 4069.3588907415847 214.83020039881126 52.83603353633373 6091 6105 4064 4074 120.0 3.611182983699558 2.3004758296140664 -18.227964225776425 0.7708289555983996 0.2124769457281252 0.5090573496971733 0.0 42.102466190904416 6.8670516 105.82739275180343 20.999065541801357 2.6741219557872307 0.13244958386638384 6.180387232371033 127.97011906088807 33.345635287698414 26.13222856498048
3399 9184.170986073868 4071.1315024921255 214.8026550589612 52.81642588959451 9180 9188 4068 4074 52.0 2.1301706842294847 1.7484605219244742 15.742945925573526 0.5712046066608213 0.17480304033683033 0.34366390268827357 0.0 13.557134568551174 4.362102 40.12026124510032 14.363955300670334 2.8175419899620056 0.10181778378630867 4.068428945128219 46.03666916238291 23.201113017749055 27.24224026477366
3400 2143.376433778904 4073.044199454591 214.86546801481782 52.86117967220753 2140 2147 4069 4077 58.0 2.393501541548491 1.749518524247521 57.589983406917284 0.6824361341406715 0.17963044184504914 0.3049905944426664 0.0 13.62118639829097 4.98274 39.55588178635891 16.582950945323393 2.8091386314308586 0.09025315797207743 4.296739856991561 38.64617555177492 27.153117351970202 27.432233694140425
3401 1163.8087829548247 4073.396220122343 214.87421637621918 52.86740398211326 1163 1164 4072 4075 5.0 1.0248387955219578 0.38502475285612187 85.16475082246278 0.926744180540786 0.23167871843783605 0.24723341181632816 0.0 1.2116007661635417 1.5707974 27.476324035127124 7.274274902873029 4.042940941734304 0.015286035872693893 1.2615662610100802 49.17752911545621 10.019658375705804 27.170583239546357
3402 2503.604433693824 4078.7135475049404 214.86219049395027 52.858921845203334 2497 2510 4072 4085 137.0 3.63603315723334 2.5477347005303526 -41.662344635613294 0.7134651436396101 0.20899118479155693 0.5666897003201267 0.0 49.92094333699923 7.1999593 92.5702602718921 18.78181885931428 2.261134270145627 0.1559253799246716 6.6036697681803656 105.83950734502972 29.852345433072287 26.338380475855075
3403 3289.4068128176937 4075.1541075725177 214.85520965229068 52.853910416100994 3285 3293 4072 4078 52.0 2.2271768922590973 1.6811176382299915 13.16301698053485 0.6559319961600873 0.15668434496605388 0.3096973251371193 0.0 12.107206014636702 4.1462665 32.06421334707595 13.180010406415661 2.6911449061000607 0.10439904178447355 4.068428945128219 26.755622752693085 21.42463461416817 27.831462340288073
3404 6068.007205136932 4072.989757620715 214.8304286455195 52.83624287463293 6066 6070 4072 4074 13.0 1.3094207063545014 0.728525906892143 14.980911403610591 0.8309328742965949 0.1494434385731383 0.17201372485173297 0.0 2.075692966680314 2.159262 17.240422804696127 9.41658403806188 3.604134628983533 0.027796236912227875 2.0342144725641096 22.804679193354673 15.244398096220095 28.004940082130922
3405 9509.503810474578 4089.4105442246814 214.79956259769833 52.81445611583076 9495 9529 4072 4108 704.0 8.55286669538438 4.316179289877255 48.04738212098929 0.8633257290554243 0.23571093241848481 3.1096991428376812 0.0 719.3467799106995 15.958097 883.0819952932698 29.712143016523378 1.8426898218329864 0.3634613546203499 14.96964127403822 1002.7074232039964 47.71671764433034 23.89706442473735
3406 4352.298809041161 4077.852119421214 214.84569075052298 52.84717171067021 4349 4356 4074 4081 41.0 1.953710663779918 1.6154946307822111 42.96615688332725 0.5623706060691549 0.1688100859807602 0.25998171948580934 0.0 8.970795484526807 3.4377794 46.744090047524764 13.954576971865022 3.30725219017547 0.06628026068555516 3.6125759969217834 61.25798088747939 22.74214563818318 26.93209330497597
3407 2065.5072811044406 4078.5131055386228 214.86610611131118 52.86170383315193 2065 2066 4078 4079 4.0 0.5000276193194086 0.4997475465605571 32.45444331730347 0.033465137488620914 0.16146284937693858 0.17517655448969063 0.0 0.6726808857233746 1.3686297 12.289038802126903 6.477412491785114 4.170473581307524 0.022328121124132527 1.1283791670955126 26.94073644246383 10.261771382870354 27.823976341825194
3408 7658.525186229223 4088.776581213548 214.8160735454766 52.82621910600234 7651 7666 4081 4097 201.0 3.581859948578601 3.3229524706575475 68.07458827025718 0.37328422636607905 0.2787615791654604 1.4962374890342385 0.0 137.46892633106668 9.122615 242.0700989685263 23.84536775705325 2.4076179465736183 0.25943263604996325 7.998767850296815 381.9212723526624 38.72666064303293 24.94506537875844
3409 9069.92557039316 4090.5092577729415 214.80346973715896 52.81725657890762 9066 9074 4081 4100 130.0 4.3724103030247115 2.0264064242524014 79.95649730906285 0.8861215319280374 0.20411868688836923 0.5633816800954589 0.0 47.29176448073969 6.735529 110.37606963191229 20.74997459526639 2.5758247755292185 0.15086554466840554 6.432750982580687 114.12675227241311 33.30567309334887 26.25653135340539
3410 7301.334808114993 4084.2531704312446 214.81930705264105 52.828465072058336 7296 7307 4082 4087 46.0 3.1989164592045074 1.1215855425028518 -15.529898900571935 0.9365199843889546 0.20850696781625228 0.27815709165109453 0.0 11.499015034000966 4.1108823 97.96208027977559 17.99804620523016 3.5854234072216946 0.04184299962809624 3.826519928662906 130.2808036883033 28.794835488411817 26.112798927457064
3411 867.0233767173706 4092.222289402972 214.87667044098035 52.869390652549136 863 871 4085 4100 113.0 3.7218299076830337 2.0854070785722474 -76.66162833245683 0.8282777937978859 0.18397225554414262 0.45826996421415994 0.0 34.41356407472265 6.813188 70.9207932848592 17.763738018631635 2.34639673619608 0.14150795780743672 5.997417539138688 66.51152862915261 28.214341165039585 26.842757676739353
3412 577.5768078123642 4088.2109303453926 214.87929944830262 52.8712074584821 575 580 4086 4090 21.0 1.4267017364918069 1.151706824039946 10.520072938568335 0.5902078846347263 0.1682247845074311 0.19846752078225297 0.0 3.9121148318790495 2.3387055 34.08484507685202 10.636514188183764 3.606569733642231 0.027653432648875816 2.5854414729132054 36.53811515541865 17.063308127976395 27.493134649486205
3413 696.5179927796999 4087.993012075323 214.87823873164731 52.87045082440491 695 698 4086 4090 16.0 1.184619627319036 0.9947307658695579 -89.91661536859262 0.5430431650843924 0.10116305213864009 0.13004226171250827 0.0 1.8344479260845679 2.1962075 8.35093756081502 8.379470744788755 3.200670185425425 0.048382786523535885 2.256758334191025 4.947540467461239 13.35237217561237 29.66402661219591
3414 7479.569925373512 4090.0802284422225 214.8176559629354 52.827363603308804 7474 7485 4086 4094 81.0 3.01511738815175 1.920979337111623 -24.003758885036866 0.770767983251983 0.22506988512597798 0.43195875543904433 0.0 26.299086399845223 5.337212 69.02161705413315 17.33862069421548 2.6993003371518283 0.10452180359399542 5.077706251929807 78.23477646579187 27.7480078248589 26.666500384936796
3415 6823.260715216849 4095.49762359864 214.82345341696725 52.83156423787865 6819 6828 4091 4100 83.0 2.385116802651561 2.3123160292316314 -64.2114329488959 0.24518202865287073 0.26954337561699065 0.7324574412589049 0.0 38.05869861051547 5.36608 74.13434010120582 14.78102441214554 2.350040295179475 0.1657211976880507 5.140011726956917 75.90665003761902 23.939294458023607 26.699300436805128
3416 3275.843919600125 4095.9165387268495 214.8551123246186 52.85410854836289 3273 3279 4093 4098 28.0 1.5786205706758316 1.312140804437663 24.525517275851982 0.5559816822787632 0.166189065655072 0.27039995981161047 0.0 6.07438863040948 2.8019648 17.961486942990483 9.32740059492276 2.777415186650156 0.08378434835698287 2.985410660720923 13.93495736983063 14.806043421045937 28.539735888882905
3417 6580.847497896683 4095.9822139323924 214.82561099010718 52.833107532264236 6578 6583 4094 4098 18.0 1.45925966016321 0.9775292774995905 5.586829320362212 0.742469126190153 0.15813955120804532 0.20091603818315695 0.0 3.3030003050092107 2.5566874 29.835287348996548 11.78727564533448 3.5738532003136303 0.040794412808984146 2.393653682408596 40.41597676705575 19.36483595495793 27.38361730194235
3418 2507.0174510264374 4100.741872204504 214.8619282318655 52.859018965945154 2506 2508 4100 4101 4.0 0.6952432626500398 0.43752521483591317 0.8842220712141576 0.7771524223575286 0.12918746160369188 0.14315547973938203 0.0 0.554277559938435 1.2201525 6.179525384286166 5.689676860584702 3.8237431503084585 0.02773479596033705 1.1283791670955126 8.04683398380804 9.17918986774667 29.135937396539646
