outputs/dr0.5_c0.1/nircam2_matched_f200w_f277w_dr0.5_c0.1.ecsv
# %ECSV 1.0
# ---
# datatype:
# - {name: label, datatype: int64}
# - {name: xcentroid, datatype: float64}
# - {name: ycentroid, datatype: float64}
# - {name: sky_centroid.ra, unit: deg, datatype: float64}
# - {name: sky_centroid.dec, unit: deg, datatype: float64}
# - {name: bbox_xmin, datatype: int64}
# - {name: bbox_xmax, datatype: int64}
# - {name: bbox_ymin, datatype: int64}
# - {name: bbox_ymax, datatype: int64}
# - {name: area, unit: pix2, datatype: float64}
# - {name: semimajor_sigma, unit: pix, datatype: float64}
# - {name: semiminor_sigma, unit: pix, datatype: float64}
# - {name: orientation, unit: deg, datatype: float64}
# - {name: eccentricity, datatype: float64}
# - {name: min_value, datatype: float64}
# - {name: max_value, datatype: float64}
# - {name: local_background, datatype: float64}
# - {name: segment_flux, datatype: float64}
# - {name: segment_fluxerr, datatype: float32}
# - {name: kron_flux, datatype: float64}
# - {name: kron_fluxerr, datatype: float64}
# - {name: kron_radius, unit: pix, datatype: float64}
# - {name: gini, datatype: float64}
# - {name: equivalent_radius, unit: pix, datatype: float64}
# - {name: kron4_2_flux, datatype: float64}
# - {name: kron4_2_fluxerr, datatype: float64}
# - {name: kron4_2_mag, datatype: float64}
# meta:
#   PHOTMJSR: 1.891700029373169
#   PIXAR_SR: 2.11539874851881e-14
#   __serialized_columns__:
#     area:
#       __class__: astropy.units.quantity.Quantity
#       unit: !astropy.units.Unit {unit: pix2}
#       value: !astropy.table.SerializedColumn {name: area}
#     eccentricity:
#       __class__: astropy.units.quantity.Quantity
#       unit: !astropy.units.Unit {unit: ''}
#       value: !astropy.table.SerializedColumn {name: eccentricity}
#     equivalent_radius:
#       __class__: astropy.units.quantity.Quantity
#       unit: !astropy.units.Unit {unit: pix}
#       value: !astropy.table.SerializedColumn {name: equivalent_radius}
#     kron_radius:
#       __class__: astropy.units.quantity.Quantity
#       unit: !astropy.units.Unit {unit: pix}
#       value: !astropy.table.SerializedColumn {name: kron_radius}
#     orientation:
#       __class__: astropy.units.quantity.Quantity
#       unit: &id001 !astropy.units.Unit {unit: deg}
#       value: !astropy.table.SerializedColumn {name: orientation}
#     semimajor_sigma:
#       __class__: astropy.units.quantity.Quantity
#       unit: !astropy.units.Unit {unit: pix}
#       value: !astropy.table.SerializedColumn {name: semimajor_sigma}
#     semiminor_sigma:
#       __class__: astropy.units.quantity.Quantity
#       unit: !astropy.units.Unit {unit: pix}
#       value: !astropy.table.SerializedColumn {name: semiminor_sigma}
#     sky_centroid:
#       __class__: astropy.coordinates.sky_coordinate.SkyCoord
#       dec: !astropy.table.SerializedColumn
#         __class__: astropy.coordinates.angles.Latitude
#         unit: *id001
#         value: !astropy.table.SerializedColumn {name: sky_centroid.dec}
#       frame: icrs
#       ra: !astropy.table.SerializedColumn
#         __class__: astropy.coordinates.angles.Longitude
#         unit: *id001
#         value: !astropy.table.SerializedColumn {name: sky_centroid.ra}
#         wrap_angle: !astropy.coordinates.Angle
#           unit: *id001
#           value: 360.0
#       representation_type: spherical
#   astropy version: '5.1'
#   kernelfile: kernel_f200w_f277w.fits
#   make_catalog parameters:
#     ab_zpt: 31.4
#     coadd_bands: !!python/tuple [f277w, f356w]
#     deblend_contrast: 0.001
#     deblend_nlevels: 32
#     deblend_npixels: 1
#     detect_kernel_fwhm: 4.0
#     detect_kernel_npix: 7
#     detect_npixels: 4
#     detect_threshold_nsigma: 3.0
#     flag_isolated_buffer: 4
#     hst_bands: !!python/tuple [f606w, f814w, f125w, f140w, f160w]
#     jwst_bands: !!python/tuple [f115w, f150w, f200w, f277w, f356w, f410m, f444w]
#     near_border_kernelsize: 21
#     reference_band: f200w
#   make_catalog version: 1.4.0
#   photutils version: 1.5.0
# schema: astropy-2.0
label xcentroid ycentroid sky_centroid.ra sky_centroid.dec bbox_xmin bbox_xmax bbox_ymin bbox_ymax area semimajor_sigma semiminor_sigma orientation eccentricity min_value max_value local_background segment_flux segment_fluxerr kron_flux kron_fluxerr kron_radius gini equivalent_radius kron4_2_flux kron4_2_fluxerr kron4_2_mag
[from data line 4985]
4986 9383.425243239808 5514.407194792744 214.8418192594472 52.89612582954356 9370 9398 5500 5530 638.0 5.979656745154541 4.345631203277942 56.04423954373391 0.6869169798940965 0.1309675182371554 7.001723173637534 0.0 682.3964150662148 6.10513 764.6049522510339 8.937646835328584 1.687250013779522 0.5007605241831938 14.250673927406327 830.3003517165348 14.037691413128522 24.10191194527221
4987 9401.42391255137 5509.285288164642 214.84171235462094 52.89598384637842 9398 9405 5508 5511 25.0 1.9162272933782378 0.9582083180267885 -8.977480653106426 0.8659968778767139 0.23130503302517505 0.42745787628888543 0.0 8.08022715038242 1.1657505 42.99792514258348 4.452121987005257 3.267170180099954 0.10582071204872148 2.8209479177387813 69.47021558546311 7.067198312859391 26.79550338346649
4988 10030.236569814251 5515.1839619894945 214.83603102412016 52.892019844754024 10027 10034 5511 5520 53.0 2.3274154516909458 1.4776585080031528 -64.84161401398653 0.7726005252617749 0.12806228503428643 0.6381946757643996 0.0 19.114866051915 1.7312418 34.95283473854933 4.471803613957485 2.267791065944827 0.21465665601008124 4.1073621666150775 44.86302911158535 7.009007475435162 27.270278516470565
4989 10036.403070322045 5521.283875305232 214.835911673936 52.892013542149954 10030 10043 5515 5525 108.0 3.0098559434841117 1.9712659862926218 19.962636001675897 0.7556834930020371 -0.019250685755855805 0.9984751741736911 0.0 37.793803437090276 2.420553 57.216469449467226 5.271269805780482 2.1191079493027654 0.3528967786529865 5.863230142835039 70.12621214269419 8.490708421529936 26.78529904705483
4990 397.86760994712114 5529.128398000445 214.92207451533585 52.95327497737302 387 409 5517 5541 346.0 6.097872657690415 2.999165489224031 52.99402864652123 0.870686730252728 0.05503764727699807 1.9266194506598442 0.0 235.41040630058853 4.557155 489.7295638721759 11.823513442865242 2.6477652567728622 0.38568729273223185 10.49453289192004 864.0617279986387 18.914893452636537 24.058638076755347
4991 408.698900683366 5541.3444230755185 214.92184873839167 52.95327216542779 400 416 5533 5549 177.0 3.8626654721057148 2.9424251232100107 41.983177866807566 0.6478589963214807 0.17559558291768834 1.4032667536019334 0.0 115.3262533774529 3.2502618 438.10713934813043 9.96135551519883 3.032409775074891 0.2749040144177455 7.506054213402069 816.6844853179568 16.60889538003556 24.119864236732184
4992 2705.7890068575994 5523.795809370205 214.90145727871806 52.93859315567399 2696 2720 5517 5530 249.0 4.603054266142005 2.489773757418654 7.330260757021092 0.8410894659121742 0.1440652476734804 3.2560661530854396 0.0 223.43010535042347 3.8939326 271.80444969003963 6.948534376568633 1.9241109751418617 0.44269814529355317 8.902761462589227 310.3749974188948 11.042248606551784 25.170283177622522
4993 2720.595988321298 5528.418969149514 214.90127597864605 52.93852408378161 2716 2724 5524 5532 48.0 1.967740963409252 1.7745910129594709 -28.43483572088248 0.4320664345929176 0.13099112633452167 0.4630061451010082 0.0 13.743717976115256 1.6059772 69.87799856675012 6.272312389739975 3.3329450719804403 0.1699561431262382 3.9088200952233594 112.70336346324711 10.259475469771605 26.270157807228756
4994 2727.564502616992 5533.715507116143 214.90115777387024 52.93850841847268 2724 2731 5531 5537 41.0 1.8107631401673576 1.567494859186619 39.783693469709156 0.5006422580488754 0.2003784074147437 0.4738305706693113 0.0 13.02320776843497 1.5873166 44.08828727714254 5.293898349792046 2.978509943363876 0.14819024520276783 3.6125759969217834 73.99997896332425 8.448817684104435 26.72692100932504
4995 1062.327608483819 5525.744516771167 214.91615677570795 52.94903841022767 1053 1074 5519 5533 216.0 4.514132062532795 2.9758966949828585 -5.943794815628566 0.7519325384285117 0.15574498591351474 2.108740633688875 0.0 105.9102487734766 3.4808311 200.34715003922264 9.141997811386716 2.409609895155065 0.31881381331592024 8.291859587312052 250.03392498497988 14.563018706400754 25.405002653977878
4996 1073.275455888721 5528.944942285126 214.91602497305482 52.94898618143656 1068 1078 5523 5534 79.0 3.1743719629173204 1.9108963798918952 -48.79864000936179 0.7985140271138558 0.1627221778773108 0.30968696731539835 0.0 18.9346683161199 2.0558875 92.36036812692933 8.07302327681481 3.236616761327315 0.09841318201511193 5.014626706796775 193.07074272200626 12.89148903220942 25.685708831826396
4997 1133.919842578435 5541.379355672122 214.91535065462867 52.94866828688064 1129 1139 5536 5547 112.0 2.71900030463321 2.323883837954012 71.16601356632829 0.5191499348004761 0.02091352854114583 0.4279777803363779 0.0 18.221926143693942 2.5291116 124.19634263803047 9.118332907158846 3.529475533051916 0.3243513381899768 5.970821321441846 210.57916753564746 14.59257970928639 25.591461488762203
4998 1142.0748885045914 5548.039018503846 214.91520742432533 52.94865246053045 1140 1144 5545 5550 28.0 1.5181976298632338 1.3442698029973172 -79.53685506398261 0.4647576032716016 0.0488880827092912 0.188554864139225 0.0 3.689646174742881 1.2165139 44.92293925791789 5.314529166053598 3.6242631153794447 0.151737738924372 2.985410660720923 93.74909931334346 8.602419315042631 26.470082240070578
4999 1135.3705404451712 5554.895809167347 214.91519523720515 52.94873203687982 1130 1140 5551 5559 73.0 2.760951828900646 1.874806067612606 -29.70910734540123 0.734098144170807 0.13879820711599317 0.3651097388783531 0.0 17.548280061391047 1.9720519 109.6908117331651 8.13272355255444 3.4717988103214723 0.1449038771268605 4.820437914901168 187.9976372864653 13.03222022034818 25.71461902205221
5000 6136.22986955324 5576.157146905895 214.87020297543188 52.917088999764154 6109 6160 5546 5603 2156.0 9.646823652779911 6.314802353893026 57.595571986186826 0.7559761776933243 0.060301640805183736 20.46187742784869 0.0 4228.954823899738 12.41701 4254.102859777802 12.845197299208616 1.4 0.6499189092558892 26.196872229566885 4431.327792944574 19.347253509792267 22.283665308174385
5001 6103.347624823286 5576.407077404144 214.87049449374365 52.91729922074188 6097 6109 5572 5580 93.0 2.663768011412475 1.9409515143234526 -5.792612265581938 0.6848874685400929 0.06565139866924194 0.6324542876379756 0.0 23.55002326229778 2.279784 71.6730244093597 7.266671647036663 3.034403951266873 0.31975266018141135 5.440847306724618 115.14480941507853 11.628862209918742 26.246889086785146
5002 10282.892307407974 5557.811550496595 214.8333245397093 52.89064405454401 10276 10289 5552 5563 102.0 2.61968071257663 1.8573398659201399 41.2194341919602 0.705213760292222 0.07522507332426963 1.935290517735104 0.0 56.43244376190378 2.3957243 91.0385120390742 5.42903995828437 2.3679558405802057 0.47563257754806754 5.698035485213008 138.28402945772396 8.662672887506833 26.04806993510065
5003 10273.434827821457 5561.995344047068 214.83336497178792 52.890726709561164 10265 10283 5553 5568 196.0 3.436642003780165 2.581750740720336 -24.80989177936614 0.6600265536270469 0.06416451198181236 4.279560931080113 0.0 204.89389109654445 3.4532862 262.94374529866764 6.2329612447698315 2.0052399076227183 0.452837419488811 7.898654169668588 303.6263196589326 9.98564435021299 25.194151461493405
5004 nan nan nan nan 2372 2374 5587 5589 6.0 nan nan nan nan 0.0 0.0 0.0 0.0 2449489.8 nan nan nan nan 1.381976597885342 nan nan nan
5005 nan nan nan nan 2374 2375 5589 5592 7.0 nan nan nan nan 0.0 0.0 0.0 0.0 2645751.2 nan nan nan nan 1.4927053303604616 nan nan nan
5006 9320.040052810973 5628.454407097836 214.84118443592027 52.89714346967004 9286 9353 5594 5664 3137.0 14.440372401997049 9.87721627115289 -60.80142471877999 0.7294819074750465 0.14525990573806857 11.49934879285786 0.0 3760.225620712469 13.7958555 4308.726373717032 20.755598021705783 1.784263830854004 0.4833317005920262 31.599653684155328 4888.577516101204 33.74236440081187 22.177043735002727
5007 9355.433070983694 5620.589167417922 214.84095097220813 52.89687616583343 9345 9371 5597 5643 878.0 11.045671104386662 5.507345404822428 71.41577401162397 0.8668335515133384 0.11626613567074659 0.9110473378985486 0.0 450.11219265662976 6.8830366 888.4669731865829 19.146859619886573 2.4318043195470693 0.21964359393123778 16.717538098337574 1210.6164885834196 30.46525450825796 23.692483538242648
5008 9271.80770669385 5639.408318782396 214.84150011652943 52.897509010445866 9255 9287 5624 5652 577.0 6.639669432183946 5.961669891852617 44.51511837835352 0.44022691877751996 0.1902917288783631 3.1713346612837814 0.0 360.27936745958414 5.648105 796.5195458680148 16.243220394192285 2.562540649981626 0.34208681279300324 13.552298857686367 1134.9195999697922 25.297669143546916 23.76258725923054
5009 9288.924109056428 5645.0952638418 214.8412872381639 52.897430907541036 9277 9298 5628 5660 436.0 5.919117939657189 4.58395002132979 -75.20124726903762 0.6326580502599529 0.22872597497681615 2.5506382363109616 0.0 393.8454340768565 5.0136757 590.0192152028021 10.221880264177925 2.2785381741266475 0.2929843511127278 11.780624362746345 886.2263453405048 17.694689420345416 24.031138359000867
5010 9356.836838061368 5642.1180212502395 214.84071165114412 52.896983314430145 9353 9362 5638 5646 55.0 2.456838444499396 1.8889865307065352 -19.921790468293146 0.6394065242365479 0.24506167204011936 0.3583384406222835 0.0 16.889280896910364 1.7697297 143.48478540999093 6.2536188779081385 3.43547328572391 0.04992155411780587 4.1841419359420025 283.6945289062108 11.256749598065717 25.267872598902628
5011 9360.285908286554 5647.766409354771 214.84062132868786 52.89699184982468 9350 9368 5642 5653 115.0 4.382280180984873 2.0700784446734364 -25.585518827105407 0.88139781515001 0.17403440589106814 0.3670878437209939 0.0 32.1640504836818 2.4929707 256.78065215010116 10.742367848564777 3.5126034565005346 0.10068741595288454 6.050259243299904 400.2899736529547 17.0625647295998 24.89406321960189
5012 9297.74179425253 5661.2020119718345 214.8410387695533 52.89746171380537 9292 9305 5657 5666 96.0 2.8244213969707173 2.141430436543478 0.31611617957591504 0.6520409381457276 0.16768966162668647 1.1455670670433133 0.0 43.7996112937946 2.2869499 127.06518221819658 7.2075055405359505 2.9034913355724927 0.2542528811674642 5.527906391541368 229.4959281713464 11.399355936620362 25.498062538807027
5013 2666.6119498749285 5617.551431409646 214.90082025947555 52.939347887303015 2653 2682 5604 5630 549.0 5.976581454087903 4.183815552379708 39.1583284957286 0.714108640241337 0.13148857320210744 4.582982367982944 0.0 476.35135244581545 5.896186 548.5176511773991 8.461372546267178 1.5739686046013743 0.44509718699090095 13.219384536161321 568.4514274252365 13.412979935652217 24.513266596580507
5014 2680.501479938843 5628.683172548635 214.90057859557007 52.939319764225395 2675 2685 5622 5633 80.0 2.481760983461904 2.2549688137819186 -61.07460967428436 0.417631627915224 0.18725903471119001 0.836066020132659 0.0 37.30591785599043 2.170831 82.38961070631197 6.6678738082129145 2.593765419476694 0.21296283462768917 5.046265044040321 119.46524012826592 10.488897682359223 26.206896099058618
5015 3669.4925338401376 5624.4812350285 214.8917681402743 52.93301680085635 3655 3685 5611 5643 638.0 4.647517715004105 4.385431494437987 -51.76359048627344 0.33106694733028824 0.13918025919942822 21.267627927991203 0.0 1066.8376904229676 6.8328648 1115.8014500165373 8.044118883972558 1.5365563781055114 0.6242929199516684 14.250673927406327 1211.8407797626687 12.030899574553072 23.69138609277765
5016 3678.9889837302844 5646.42307829908 214.89145194868755 52.933074886775614 3664 3692 5626 5662 671.0 6.422597359043603 4.769931107208954 81.95612121289072 0.6696470913178404 0.07347230618227452 4.619711422207722 0.0 696.6623763528697 6.5038075 869.9896453637648 11.61850279230249 1.989748776304414 0.45731482376460875 14.614579488624488 1041.1232460124493 18.54982609378492 23.856244641413607
5017 1493.3846783084773 5687.60335747365 214.91058974594617 52.94717533961086 1441 1550 5629 5741 8243.0 12.84476658364589 10.109428407523955 67.42999755244085 0.6168936928992536 0.018920918493875134 333.40578715314535 0.0 34422.40580428358 28.077715 33527.0231236247 24.413645967234444 1.4 0.8043358250136028 51.22331882856661 34852.933627480765 32.42310020395658 20.04440165190592
5018 1494.9728199091242 5739.439592757599 214.91002931375445 52.947445039085274 1482 1508 5732 5749 278.0 4.2513821948128365 3.423305977860125 17.10503151818796 0.592973623807795 0.06813512731380494 1.9238247626146947 0.0 160.91100737224644 4.205189 292.6249204298092 10.14107323614726 2.4995162342712036 0.3727288796991645 9.40692023773423 374.18155546765763 16.26198969802784 24.967294059968438
5019 8135.5409507653 5663.917591255525 214.85139879452703 52.9048609398854 8074 8202 5638 5689 3750.0 17.666303443292513 4.932378603420054 18.091176418995296 0.9602338492654131 -0.019274554744549005 45.01009241314591 0.0 14343.681028157542 23706540.0 14205.21032981867 22802678.498352688 1.4 0.7311494133739324 34.54941494713355 14808.370222081605 46842349.63181507 20.973731840953043
5020 8161.182985681792 5645.721669332552 214.85136122679788 52.90459990450245 8156 8166 5641 5652 97.0 2.4870050310232665 2.3219203344571584 -83.45533557019287 0.35826201361525867 0.14703148539556712 1.4672778575748986 0.0 49.17490480387165 3.817155 190.6617615805289 20377343.831438854 3.271839521883822 0.32415410789391347 5.556622981616415 259.3558450088592 37117955.214160636 25.365259900056174
5021 nan nan nan nan 8200 8216 5666 5681 202.0 nan nan nan nan -0.39469197377245674 0.0 0.0 -12.242829873489901 14212670.0 nan nan nan -0.7788952790549442 8.018640596081465 nan nan nan
5022 3588.2842319262472 5658.908669989208 214.8921323957635 52.9337182797098 3580 3597 5651 5670 228.0 3.3826746988180294 3.040632855153766 57.23002997249143 0.4381862471669884 0.08946399025886152 2.963533679921233 0.0 153.6999143718214 3.7158897 198.72164207366126 6.824481879794994 2.024478642604928 0.45243301341070336 8.51907589177983 255.59199125456547 10.776842705788514 25.381131896319705
5023 3585.7648307796976 5669.418435195346 214.89204421773266 52.933790988087075 3580 3593 5665 5674 102.0 2.863555067600628 2.1781858742047113 30.514404896329857 0.6491529183331198 -0.0070243667998630245 0.6239646748929923 0.0 31.29306447702666 2.3857129 69.38303571302629 5.7841870674291735 2.6944477941553933 0.28148411947892715 5.698035485213008 136.78720581743522 10.190052886021098 26.05988630446989
5024 3585.5862196323205 5687.119590815679 214.89185931442776 52.93388763456927 3575 3595 5671 5704 528.0 8.23910459945649 4.644716954031536 80.18624885483094 0.8259519644762887 -0.03701021837422758 0.2634968926803615 0.0 64.36268909852757 5.4278917 288.1296480681318 20.587363616475088 3.1900982186925106 0.27938355267317766 12.964089628857149 417.15648435538577 32.87713886129007 24.849252503190474
5025 9928.177135030592 5675.647487340977 214.83525278039733 52.893533442748435 9913 9940 5666 5685 352.0 6.156288850254783 4.495350699708618 9.274102598000109 0.6832284975831725 0.1072811692167685 0.7112742920425741 0.0 119.23589810437113 4.3668323 822.86063259099 18.437061701892702 3.492914417682967 0.18718518801758374 10.585134856802455 1464.1767377452109 29.459107793965316 23.486016243312303
5026 9867.380998375538 5701.717762481574 214.83552142297816 52.89406032918791 9850 9885 5683 5720 825.0 8.869284417837102 5.306482426687685 -56.50456194894477 0.8012730611844041 0.08101522333485675 2.355407756527335 0.0 524.3103450099682 6.922076 1082.9730613487168 18.28577387024749 2.650732484624172 0.33669602631266193 16.205112036071434 1704.8688099638634 29.416746945822815 23.320772586108095
