outputs/dr0.5_c0.1/nircam2_f125w_dr0.5_c0.1.ecsv
# %ECSV 1.0
# ---
# datatype:
# - {name: label, datatype: int64}
# - {name: xcentroid, datatype: float64}
# - {name: ycentroid, datatype: float64}
# - {name: sky_centroid.ra, unit: deg, datatype: float64}
# - {name: sky_centroid.dec, unit: deg, datatype: float64}
# - {name: bbox_xmin, datatype: int64}
# - {name: bbox_xmax, datatype: int64}
# - {name: bbox_ymin, datatype: int64}
# - {name: bbox_ymax, datatype: int64}
# - {name: area, unit: pix2, datatype: float64}
# - {name: semimajor_sigma, unit: pix, datatype: float64}
# - {name: semiminor_sigma, unit: pix, datatype: float64}
# - {name: orientation, unit: deg, datatype: float64}
# - {name: eccentricity, datatype: float64}
# - {name: min_value, datatype: float64}
# - {name: max_value, datatype: float64}
# - {name: local_background, datatype: float64}
# - {name: segment_flux, datatype: float64}
# - {name: segment_fluxerr, datatype: float32}
# - {name: kron_flux, datatype: float64}
# - {name: kron_fluxerr, datatype: float64}
# - {name: kron_radius, unit: pix, datatype: float64}
# - {name: gini, datatype: float64}
# - {name: equivalent_radius, unit: pix, datatype: float64}
# - {name: kron4_2_flux, datatype: float64}
# - {name: kron4_2_fluxerr, datatype: float64}
# - {name: radius_kron20, unit: pix, datatype: float64}
# - {name: radius_kron50, unit: pix, datatype: float64}
# - {name: radius_kron80, unit: pix, datatype: float64}
# - {name: near_border, datatype: bool}
# meta:
#   PHOTMJSR: 0.3925000131130219
#   PIXAR_SR: 2.11539874851881e-14
#   __serialized_columns__:
#     area:
#       __class__: astropy.units.quantity.Quantity
#       unit: !astropy.units.Unit {unit: pix2}
#       value: !astropy.table.SerializedColumn {name: area}
#     eccentricity:
#       __class__: astropy.units.quantity.Quantity
#       unit: !astropy.units.Unit {unit: ''}
#       value: !astropy.table.SerializedColumn {name: eccentricity}
#     equivalent_radius:
#       __class__: astropy.units.quantity.Quantity
#       unit: !astropy.units.Unit {unit: pix}
#       value: !astropy.table.SerializedColumn {name: equivalent_radius}
#     kron_radius:
#       __class__: astropy.units.quantity.Quantity
#       unit: &id001 !astropy.units.Unit {unit: pix}
#       value: !astropy.table.SerializedColumn {name: kron_radius}
#     orientation:
#       __class__: astropy.units.quantity.Quantity
#       unit: &id002 !astropy.units.Unit {unit: deg}
#       value: !astropy.table.SerializedColumn {name: orientation}
#     radius_kron20:
#       __class__: astropy.units.quantity.Quantity
#       unit: *id001
#       value: !astropy.table.SerializedColumn {name: radius_kron20}
#     radius_kron50:
#       __class__: astropy.units.quantity.Quantity
#       unit: *id001
#       value: !astropy.table.SerializedColumn {name: radius_kron50}
#     radius_kron80:
#       __class__: astropy.units.quantity.Quantity
#       unit: *id001
#       value: !astropy.table.SerializedColumn {name: radius_kron80}
#     semimajor_sigma:
#       __class__: astropy.units.quantity.Quantity
#       unit: !astropy.units.Unit {unit: pix}
#       value: !astropy.table.SerializedColumn {name: semimajor_sigma}
#     semiminor_sigma:
#       __class__: astropy.units.quantity.Quantity
#       unit: !astropy.units.Unit {unit: pix}
#       value: !astropy.table.SerializedColumn {name: semiminor_sigma}
#     sky_centroid:
#       __class__: astropy.coordinates.sky_coordinate.SkyCoord
#       dec: !astropy.table.SerializedColumn
#         __class__: astropy.coordinates.angles.Latitude
#         unit: *id002
#         value: !astropy.table.SerializedColumn {name: sky_centroid.dec}
#       frame: icrs
#       ra: !astropy.table.SerializedColumn
#         __class__: astropy.coordinates.angles.Longitude
#         unit: *id002
#         value: !astropy.table.SerializedColumn {name: sky_centroid.ra}
#         wrap_angle: !astropy.coordinates.Angle
#           unit: *id002
#           value: 360.0
#       representation_type: spherical
#   astropy version: '5.1'
#   make_catalog parameters:
#     ab_zpt: 31.4
#     coadd_bands: !!python/tuple [f277w, f356w]
#     deblend_contrast: 0.001
#     deblend_nlevels: 32
#     deblend_npixels: 1
#     detect_kernel_fwhm: 4.0
#     detect_kernel_npix: 7
#     detect_npixels: 4
#     detect_threshold_nsigma: 3.0
#     flag_isolated_buffer: 4
#     hst_bands: !!python/tuple [f606w, f814w, f125w, f140w, f160w]
#     jwst_bands: !!python/tuple [f115w, f150w, f200w, f277w, f356w, f410m, f444w]
#     near_border_kernelsize: 21
#     reference_band: f200w
#   make_catalog version: 1.4.0
#   photutils version: 1.5.0
# schema: astropy-2.0
label xcentroid ycentroid sky_centroid.ra sky_centroid.dec bbox_xmin bbox_xmax bbox_ymin bbox_ymax area semimajor_sigma semiminor_sigma orientation eccentricity min_value max_value local_background segment_flux segment_fluxerr kron_flux kron_fluxerr kron_radius gini equivalent_radius kron4_2_flux kron4_2_fluxerr radius_kron20 radius_kron50 radius_kron80 near_border
[from data line 1063]
1064 4420.967855803683 3017.414162762545 214.9124999418555 52.914175504374185 4420 4422 3016 3019 9.0 0.8030404226330938 0.7548387110080482 57.40960344447643 0.34124060507602394 0.034070608788094786 0.1725912218577906 0.0 1.0647204342905434 2.2080915 18.83998771377661 9.513391683655916 3.7450512357430323 0.2312997982754504 1.692568750643269 43.75544640204616 15.408405891588961 3.2045298778165305 5.509887669481314 6.725158447160287 False
1065 7023.766051992568 3020.104130500186 214.88918248007994 52.89766261601436 7019 7028 3016 3025 70.0 3.1873469540698154 1.8572707930782166 -51.302814961975976 0.8126865009137162 0.10482559293341533 0.2739268179549523 0.0 12.224599313957492 6.4065375 39.53423948395911 20.375410179004355 2.5127072512253927 0.13537701598003957 4.720348719413148 70.4362914009275 32.69868267025862 3.9814627795715745 6.185834962993704 8.248967654760563 False
1066 611.0772054130086 3023.4481787811455 214.94655828958128 52.93839210071306 609 616 3020 3026 47.0 1.792830047041423 1.6349923040141134 -42.29865883784151 0.41027538533394137 -0.07562506366809107 0.3827836870056704 0.0 6.868554729812173 5.219055 44.5712539599494 21.635386507700996 3.6896027741691984 0.44163171446555805 3.8678889139475245 79.17419571145298 34.20273304181689 3.813706025189984 7.003907445632084 9.260121238257247 False
1067 1371.2390804314593 3032.5902184689353 214.93965087489138 52.93361697692177 1361 1381 3020 3047 431.0 5.736427760459123 4.475901059382348 -82.54776090368533 0.6254561840990198 0.03635835144702427 0.9587207604288179 0.0 179.71196951194696 15.418313 385.21599156691366 43.45235270622389 2.6185352482147115 0.2750579693791343 11.71288013023329 468.2594261551422 70.21059099938378 5.945391954658778 12.469480118641902 24.408493818433076 False
1068 8369.289103224579 3023.074837997047 214.8771187824771 52.889132964634484 8366 8373 3020 3027 54.0 1.92157634648215 1.7156858826697794 9.898579270066673 0.4503475227807433 0.04208380215108009 0.5677817900147724 0.0 16.8530687155155 6.3506517 22.59880070910382 9.787472794340305 1.4 0.24384904843147207 4.145929793656026 23.180130933769515 15.731872112886752 1.691009973515218 2.9554526670124486 4.4618591425578416 False
1069 1324.9167264060127 3023.499989345805 214.94016160720346 52.93386189292611 1324 1326 3022 3025 9.0 0.9320125841005267 0.698633381392505 -66.56811282029346 0.6618950600111447 0.06912890479513689 0.13790254704779856 0.0 0.9981507589252245 2.278345 7.638803508936171 8.928099474462423 3.269760443599191 0.12678742369550017 1.692568750643269 30.46019917312333 14.10774191253497 2.160499257955347 4.449204112878117 6.293922019808253 False
1070 4177.12553208024 3029.104077159891 214.9145596043634 52.915786734492265 4172 4185 3022 3036 159.0 3.187052424050347 2.85245458332908 75.80379534422048 0.4460392783178217 -0.1514732981338045 0.5751527094803348 0.0 44.938952144408404 9.299025 80.15149385927351 23.40483770684954 2.355700327018941 0.312587954175172 7.1141599576634995 92.92147610009874 37.60284285010492 3.222718990367571 5.958420770404379 9.596833760105989 False
1071 8505.286814430026 3027.001795199815 214.8758615387516 52.88829033229806 8501 8511 3024 3029 43.0 2.3010206753184046 1.3940528850386922 -2.4140909607327914 0.795585676014712 -0.031643394053595036 0.30726554955733726 0.0 7.217975506129657 4.868493 57.03387326186425 21.7416554787445 3.6360195171360186 0.2461278691552142 3.6996385101659595 70.58884450795755 35.316267467733624 4.544361188621884 9.598237954880181 12.320243016454144 False
1072 3657.703771109177 3042.5351628801436 214.9190682860082 52.91915686494797 3629 3689 3025 3061 1492.0 10.89384774709343 5.520682913698667 -23.7425716563081 0.862080884577798 -0.022280657049687028 4.449493954314593 0.0 1351.8739200137397 28.574942 1518.8615757822436 44.679944556947284 1.7516752862660405 0.5044764479497991 21.792621462004423 1689.0225295973087 71.62196962983843 5.257360797923799 10.460233987401423 18.7304120943875 False
1073 7632.315855486793 3032.318225481058 214.88361131465018 52.893863645948166 7623 7645 3026 3041 225.0 3.631378563715572 3.355456937340436 17.061158895391035 0.3823504487076567 -0.08843772161888952 0.6679726943994423 0.0 74.17860369666943 11.594362 113.93497364531322 29.2703770233587 2.3261931581622433 0.344187287998622 8.462843753216344 147.27362334861618 47.87003505318331 3.5068012047641144 6.0805172828236005 11.818330440397796 False
1074 9314.31714193677 3030.873969194282 214.8685885438484 52.88317224434587 9311 9316 3027 3033 32.0 1.5742575678199051 1.046816342658734 40.01424255293364 0.7468800856451309 -0.04157297424468869 0.1658337665584495 0.0 2.3971857911398478 4.5720305 8.506146322326506 12.653423239899508 2.865917686598865 0.4154113934657789 3.1915382432114616 49.16221834357604 20.223180995845198 2.107288338803214 3.933497014004619 5.985536377987658 False
1075 9369.765832272788 3030.2999334515666 214.86809897219376 52.88281692089032 9367 9373 3027 3035 53.0 2.1145193817485195 1.7651040119356276 58.34137165376231 0.5506227063571599 0.03419104935366143 0.3632470076467726 0.0 11.16104317314774 5.729367 52.79068040319788 21.0975631484689 3.1939263511161555 0.21535807025616072 4.1073621666150775 71.50539035094887 33.726926748622404 3.830043266471802 7.901812446670843 12.407973241871602 False
1076 7445.288695728208 3035.1681771921553 214.88525388992994 52.89506684967183 7435 7455 3028 3044 278.0 3.867557199362223 3.444138759578864 23.38702983018489 0.4549432232927359 -0.26373200473034625 1.9129125291682425 0.0 171.34428080253176 12.454049 267.75123421923143 29.423361041958564 2.3941851659102986 0.41096885940167194 9.40692023773423 297.88374424445476 47.40255161093314 3.4083183844366487 6.5216592419510535 15.831637282989385 False
1077 8977.98258063474 3031.074689589782 214.87159284641103 52.8853097840781 8975 8980 3029 3034 25.0 1.6185567419969173 1.2410133988338055 -42.149611398889284 0.6419568779368762 0.0482756697464384 0.1657608625745797 0.0 2.481199730144343 3.8003387 12.68475715583575 14.823084432769317 3.0823313877659078 0.20171925832103232 2.8209479177387813 10.129199378302637 24.05451598673137 2.8071175006284292 4.497681879719888 7.574770420240154 False
1078 2069.5779494740427 3035.3873102427856 214.93336555420697 52.92919960812908 2066 2074 3031 3041 80.0 2.474761332923821 1.8638610387724075 -78.48881076098226 0.6578513511946025 -0.010806439868967888 0.3543791647994773 0.0 13.37565467390026 7.5367336 16.940180970909097 11.212059984410626 1.4 0.3151122685355204 5.046265044040321 8.548765267726518 17.927097580558577 1.8933572533024445 3.3876226769661595 5.0702600985591335 False
1079 9322.762449328435 3048.3317004993787 214.868329283211 52.88321275988039 9312 9334 3033 3063 492.0 5.95536840295634 3.927347409470283 -72.92097804785035 0.7517366846586162 -0.011312736195488601 3.242448901764271 0.0 421.4987804822868 17.179554 491.11755141462373 29.917071297813088 1.7975009199701906 0.4240866470761804 12.514330345744634 581.4794860944254 47.965560945112784 3.4439581690913967 6.680978239995137 11.542466916937268 False
1080 4119.490937169883 3040.520624093988 214.91495533584214 52.91621427022865 4115 4124 3036 3046 80.0 2.6310808645782737 2.0683799747639644 52.133588916039784 0.6180571321557623 0.06588829869987123 0.6063368503128062 0.0 30.961572062186782 6.52969 81.83449828488295 22.57593060369659 2.9190027072199514 0.19595589808457708 5.046265044040321 43.72309913854396 36.361712854083564 3.2699654790484285 6.185237019625574 10.021587250980417 False
1081 6958.476959184846 3051.3243866999 214.88943777215206 52.898245701188934 6950 6967 3038 3063 339.0 5.735247165675532 3.3704226283127405 75.07420002221775 0.8091019932586835 -0.0006268469241892576 0.780585513726765 0.0 105.72965778691454 13.528666 171.700706650531 33.904326864152715 2.3352462994324656 0.31624222413436326 10.387831891992912 296.21912613571516 54.61697130076063 4.592320186120038 8.444984970922217 15.03889073046074 False
1082 3189.242928393542 3040.376180123831 214.92328549729822 52.92211915139832 3188 3191 3039 3042 13.0 0.9569391161620961 0.9034418269270238 77.3610198177061 0.3296723485390527 0.016391477496722744 0.12738590009910056 0.0 0.9723131245554842 2.6183345 19.853683830769157 12.317238621168014 4.080262209894957 0.2611036321990876 2.0342144725641096 21.76733356039825 19.913416565103198 3.9081743409772542 6.024313751654679 7.898524856002359 False
1083 9879.533176856308 3040.5222665888728 214.86343531405623 52.879633756255686 9879 9882 3039 3042 10.0 0.6871819013413278 0.16181634557236543 -45.038851696330816 0.9718796351884287 -0.09116417209683239 0.03871079279778005 0.0 -0.28659654115410693 2.399135 0.07923005872164986 1.58116915215134 1.4 -0.47556875400455684 1.7841241161527712 -0.09909553156825994 2.5290613808610685 0.3717283965450286 0.5779401895203855 0.7266067900274492 False
1084 2462.923475789545 3049.0931572015234 214.92969812612816 52.9267768331408 2454 2470 3040 3058 263.0 4.331377264613629 3.447889197222349 -58.37473177360107 0.6052623438266563 -0.0403643556523503 0.8042926370882907 0.0 100.3314536538677 12.161376 158.8108834489335 27.813985272083002 2.1779557055193672 0.32077954084339416 9.149617481968136 141.0139269709299 44.68363440918962 3.881015347052473 7.098266880638171 12.48918840287928 False
1085 8474.680488188804 3041.705737286968 214.8759803836808 52.888564054796745 8470 8478 3040 3045 39.0 2.1210764225048586 1.2817551541686227 -4.885215888149975 0.7967609206624626 0.016380732107809833 0.3414163078510334 0.0 5.4208082584806805 4.723015 43.487071260427605 18.513819406682845 3.3003844496460566 0.3900966118827091 3.523362819972964 88.49184281382358 29.922781939612776 3.8085107121902344 6.279439115864519 9.241283021738543 False
1086 1268.660034122066 3043.328952973095 214.9404568262452 52.93432602548773 1265 1270 3042 3046 26.0 1.6947393409389018 0.9492277381783256 23.43591828645587 0.8284233168054728 -0.06759298323936197 0.11874238118771205 0.0 0.4834958672614071 3.8748183 7.495055063322919 17.083561699669797 4.022684477496949 0.5490083810964804 2.876813695875796 -5.686569902872238 27.400632640487107 3.789199200513915 6.4628656945730665 7.644040553678205 False
1087 9581.467691623684 3046.6692677787305 214.86603448685716 52.88156039487657 9577 9585 3043 3050 57.0 2.4141225337100973 1.8219878548519304 31.18451279520151 0.6560464245302673 0.19122089078552157 0.46524068239698313 0.0 19.759477417341927 5.913283 93.03304717941222 21.2843489850185 2.9784987712157505 0.08960242508095367 4.259537945889915 112.06119888896686 34.30489822581037 4.124830642363048 7.17248477016151 12.950280402025967 False
1088 4332.783196177332 3045.6046922152964 214.91299249015321 52.91488754828211 4331 4338 3044 3050 38.0 2.740011689960121 0.5460772390492354 -16.839944739850843 0.9799390498971375 -0.32208871319837634 0.1160998750997478 0.0 -3.711028563461488 4.55686 1.4113722191821907 5.718031464223078 1.4 -0.5010612566549444 3.477898169151024 1.6242301942823953 9.208136435298588 nan nan nan False
1089 9228.080757994683 3051.8481043261995 214.86913857117028 52.8838331712164 9221 9235 3044 3061 192.0 3.86620495331493 3.0174394688898416 69.49904572331398 0.6251988875334535 0.0976594556071821 0.9271130067923202 0.0 93.74377055041575 9.100454 146.86324636986285 20.7780688381872 2.099214407701149 0.25249324292945685 7.817640190446719 164.73464981505094 33.97967566911432 3.391112206249422 6.181091939206626 10.399684625550194 False
1090 10234.186408798809 3050.390699819772 214.86016211945972 52.87743393645512 10228 10242 3044 3057 155.0 3.255080226606015 2.915221808920277 4.930987660781295 0.444877590855286 0.03642662680156348 0.6517255429121828 0.0 48.78904342870378 9.685548 87.41981514718164 23.111595894066756 2.195968698301849 0.2793866559179928 7.024103669400641 126.25193523416665 37.26114149749339 3.283809320750558 6.272114985017973 9.863672777775568 False
1091 7020.621325601256 3049.2349569256066 214.8889039251762 52.89783976476008 7019 7022 3047 3051 16.0 1.1609315824278774 0.9779242478168337 -79.73398528243287 0.5389126497592864 0.1280390020356905 0.3243240882126393 0.0 3.979113234969128 3.1531518 23.57424615160241 11.896141831677964 3.3503037196739007 0.1469766402997939 2.256758334191025 43.19784390747887 18.8896037312544 2.4557669901318913 4.742224232066489 7.199733554771103 False
1092 8006.378954154761 3054.112240017997 214.88003692061565 52.89160543833837 8000 8013 3049 3060 131.0 3.3436848032755275 2.743533080907283 -5.387901478348892 0.5716294832698143 0.14601511156854316 0.5206940540866025 0.0 45.65272962004627 8.5334635 86.9911165211167 21.080895756176925 2.0973010336256537 0.15001192356564103 6.457444935117649 42.84413707519182 34.011272936437464 3.572181790770754 6.213737242497432 10.348447055317974 False
1093 959.7295183742556 3062.615556093239 214.94302168554756 52.936390888136415 946 973 3051 3075 533.0 5.44646243211486 5.008386354428656 6.923504222263375 0.3929335704583231 0.011016774199448052 1.604876751810026 0.0 333.75190150691066 17.189367 416.28377074190126 30.77955360429591 1.7982123924273032 0.37006336361310377 13.02532799341193 391.55756587955136 49.10499509139861 4.361853537645424 7.767034691183306 12.929984600410291 False
1094 3561.3447492179794 3055.6669029739073 214.9197927453725 52.919839484421146 3560 3563 3052 3059 26.0 2.016470102382008 0.9595876578861144 -85.26978330116731 0.8795129384826958 0.13522706422842978 0.26505051775445226 0.0 5.434463290464893 3.7203488 42.62900675786135 16.102262736797435 3.53205879751021 0.109825368805076 2.876813695875796 33.86877602392063 25.68026975952707 3.7649645708952284 6.387554984235259 nan False
1095 7649.393674792357 3054.8822633184127 214.88322104952846 52.89387691635053 7644 7653 3052 3059 56.0 2.0885290217008388 1.7468747640397368 -44.40115251903396 0.5480982941415268 0.029976187532079358 0.40355794516227345 0.0 11.949369566568695 5.5554647 37.7498054833708 18.67823866952085 2.8180681466273043 0.29287227381008035 4.222008245644752 5.881737653696831 30.537011882193696 2.9426678363282597 5.401598034455418 7.629787159951192 False
1096 429.4844230733455 3055.3648851267008 214.94784950710934 52.939716925682156 424 435 3053 3060 75.0 2.393055710674634 1.4016949303921924 3.362020659205662 0.8105030978524136 -0.19712944246118097 0.6751583944791633 0.0 18.367376012099662 9.383027 23.96259437012764 12.468107636380605 1.4 0.418009295357495 4.886025119029199 11.434613435790464 20.17125633292933 1.5753845286374162 2.7686341314840432 4.443757115653749 False
1097 1891.7664718048422 3059.546051658716 214.93470391460377 52.93045868629149 1890 1895 3055 3063 44.0 1.8581393341912829 1.2521030149540624 58.13894161804396 0.7388702226283324 -0.04871466927621026 0.2947147450171996 0.0 4.943834233237044 4.9325485 25.772961775611925 16.85466441309611 3.3453876106778297 0.43368578945107633 3.742410318509555 44.97049977013398 26.949341505834486 3.234308026339839 5.862493305331244 7.7713739453273005 False
1098 4246.8685940776995 3058.8157260180055 214.91362245353693 52.915504322459974 4246 4251 3055 3062 42.0 1.8448200557913979 0.8738094180881356 -86.633615960572 0.8807101326998117 -0.14972653134514385 0.1963791929520077 0.0 1.7620441087305454 4.9478292 3.786650701606921 6.033948133873684 1.4 0.5081305723494377 3.656366395715726 1.1397918893465433 9.606990720535524 1.2720128981869698 2.149414990883155 3.048797039440279 False
