outputs/dr0.5_c0.1/nircam1_f140w_dr0.5_c0.1.ecsv
# %ECSV 1.0
# ---
# datatype:
# - {name: label, datatype: int64}
# - {name: xcentroid, datatype: float64}
# - {name: ycentroid, datatype: float64}
# - {name: sky_centroid.ra, unit: deg, datatype: float64}
# - {name: sky_centroid.dec, unit: deg, datatype: float64}
# - {name: bbox_xmin, datatype: int64}
# - {name: bbox_xmax, datatype: int64}
# - {name: bbox_ymin, datatype: int64}
# - {name: bbox_ymax, datatype: int64}
# - {name: area, unit: pix2, datatype: float64}
# - {name: semimajor_sigma, unit: pix, datatype: float64}
# - {name: semiminor_sigma, unit: pix, datatype: float64}
# - {name: orientation, unit: deg, datatype: float64}
# - {name: eccentricity, datatype: float64}
# - {name: min_value, datatype: float64}
# - {name: max_value, datatype: float64}
# - {name: local_background, datatype: float64}
# - {name: segment_flux, datatype: float64}
# - {name: segment_fluxerr, datatype: float32}
# - {name: kron_flux, datatype: float64}
# - {name: kron_fluxerr, datatype: float64}
# - {name: kron_radius, unit: pix, datatype: float64}
# - {name: gini, datatype: float64}
# - {name: equivalent_radius, unit: pix, datatype: float64}
# - {name: kron4_2_flux, datatype: float64}
# - {name: kron4_2_fluxerr, datatype: float64}
# - {name: radius_kron20, unit: pix, datatype: float64}
# - {name: radius_kron50, unit: pix, datatype: float64}
# - {name: radius_kron80, unit: pix, datatype: float64}
# - {name: near_border, datatype: bool}
# meta:
#   PHOTMJSR: 0.3925000131130219
#   PIXAR_SR: 2.11539874851881e-14
#   __serialized_columns__:
#     area:
#       __class__: astropy.units.quantity.Quantity
#       unit: !astropy.units.Unit {unit: pix2}
#       value: !astropy.table.SerializedColumn {name: area}
#     eccentricity:
#       __class__: astropy.units.quantity.Quantity
#       unit: !astropy.units.Unit {unit: ''}
#       value: !astropy.table.SerializedColumn {name: eccentricity}
#     equivalent_radius:
#       __class__: astropy.units.quantity.Quantity
#       unit: !astropy.units.Unit {unit: pix}
#       value: !astropy.table.SerializedColumn {name: equivalent_radius}
#     kron_radius:
#       __class__: astropy.units.quantity.Quantity
#       unit: &id001 !astropy.units.Unit {unit: pix}
#       value: !astropy.table.SerializedColumn {name: kron_radius}
#     orientation:
#       __class__: astropy.units.quantity.Quantity
#       unit: &id002 !astropy.units.Unit {unit: deg}
#       value: !astropy.table.SerializedColumn {name: orientation}
#     radius_kron20:
#       __class__: astropy.units.quantity.Quantity
#       unit: *id001
#       value: !astropy.table.SerializedColumn {name: radius_kron20}
#     radius_kron50:
#       __class__: astropy.units.quantity.Quantity
#       unit: *id001
#       value: !astropy.table.SerializedColumn {name: radius_kron50}
#     radius_kron80:
#       __class__: astropy.units.quantity.Quantity
#       unit: *id001
#       value: !astropy.table.SerializedColumn {name: radius_kron80}
#     semimajor_sigma:
#       __class__: astropy.units.quantity.Quantity
#       unit: !astropy.units.Unit {unit: pix}
#       value: !astropy.table.SerializedColumn {name: semimajor_sigma}
#     semiminor_sigma:
#       __class__: astropy.units.quantity.Quantity
#       unit: !astropy.units.Unit {unit: pix}
#       value: !astropy.table.SerializedColumn {name: semiminor_sigma}
#     sky_centroid:
#       __class__: astropy.coordinates.sky_coordinate.SkyCoord
#       dec: !astropy.table.SerializedColumn
#         __class__: astropy.coordinates.angles.Latitude
#         unit: *id002
#         value: !astropy.table.SerializedColumn {name: sky_centroid.dec}
#       frame: icrs
#       ra: !astropy.table.SerializedColumn
#         __class__: astropy.coordinates.angles.Longitude
#         unit: *id002
#         value: !astropy.table.SerializedColumn {name: sky_centroid.ra}
#         wrap_angle: !astropy.coordinates.Angle
#           unit: *id002
#           value: 360.0
#       representation_type: spherical
#   astropy version: '5.1'
#   make_catalog parameters:
#     ab_zpt: 31.4
#     coadd_bands: !!python/tuple [f277w, f356w]
#     deblend_contrast: 0.001
#     deblend_nlevels: 32
#     deblend_npixels: 1
#     detect_kernel_fwhm: 4.0
#     detect_kernel_npix: 7
#     detect_npixels: 4
#     detect_threshold_nsigma: 3.0
#     flag_isolated_buffer: 4
#     hst_bands: !!python/tuple [f606w, f814w, f125w, f140w, f160w]
#     jwst_bands: !!python/tuple [f115w, f150w, f200w, f277w, f356w, f410m, f444w]
#     near_border_kernelsize: 21
#     reference_band: f200w
#   make_catalog version: 1.4.0
#   photutils version: 1.5.0
# schema: astropy-2.0
label xcentroid ycentroid sky_centroid.ra sky_centroid.dec bbox_xmin bbox_xmax bbox_ymin bbox_ymax area semimajor_sigma semiminor_sigma orientation eccentricity min_value max_value local_background segment_flux segment_fluxerr kron_flux kron_fluxerr kron_radius gini equivalent_radius kron4_2_flux kron4_2_fluxerr radius_kron20 radius_kron50 radius_kron80 near_border
[from data line 2105]
2106 8109.44384838209 2595.7939353435568 214.95612250162574 52.96084063070062 8104 8115 2589 2600 84.0 3.355194140608673 1.500033237255364 32.916346728773895 0.894495012956964 -0.0799569306006266 0.5001994632179954 0.0 19.329411674557292 12.008769 31.430600071493767 18.270642237870206 1.4 0.348872188355079 5.170882945826411 21.957786543419115 29.7838199200898 2.2176472475835687 4.825870683774549 9.090559781877957 False
2107 2831.0717003163913 2594.2626315382677 215.00350727207035 52.99431768147738 2827 2838 2590 2598 88.0 2.6179921796279686 1.8358438556983299 42.237801760048185 0.7129241507650318 -0.11578879443173949 0.6233410379237081 0.0 25.371807644302727 12.394661 39.908150504443704 24.546255347187873 1.8905010078215776 0.35025632989657374 5.292567428401227 39.384131008019224 39.314142511498126 2.277108136061359 4.00150380109105 6.32700983647289 False
2108 7968.947508576129 2604.509889220847 214.95729056104827 52.961779247535 7936 7996 2590 2619 1201.0 10.402169355653843 4.639725768409079 14.265639093238581 0.89501579852751 -0.21814953076859953 11.470170670659519 0.0 2994.9506311520863 45.698536 3230.640281226572 63.29604056950012 1.5411900892049777 0.5047881836413618 19.5522421554852 3375.402148999214 101.19050409212467 4.72563946803941 9.062314285657711 16.089230589161456 False
2109 nan nan nan nan 1597 1601 2592 2596 20.0 nan nan nan nan 0.0 0.0 0.0 0.0 4270856600000.0 nan nan nan nan 2.5231325220201604 nan nan nan nan nan True
2110 8367.97178332163 2592.8396518308755 214.95383544819506 52.95918411784555 8367 8369 2592 2594 6.0 0.9719964201176096 0.4603524864430866 -38.07960562681593 0.880731763982018 0.23662497470990043 0.288415086842977 0.0 1.6200553162633748 3.2173765 19.2646310873359 14.101097134333255 3.6504137358513695 0.03710972661311388 1.381976597885342 36.54165711947714 22.593744336331604 2.3315466341112443 4.313077600794627 5.975090451359488 False
2111 6632.740781529582 2593.257149849257 214.96939393425112 52.970196855743794 6630 6634 2593 2598 25.0 0.9839705060968419 0.4316244318832121 85.0914680501854 0.8986551249119477 -0.10564414365419131 0.10795563228048428 0.0 -0.8876600659445176 6.6899824 0.9047556006269711 5.502831260964363 1.4 -0.34370499882268873 2.8209479177387813 0.7488744102607265 8.886805449443301 1.0025962600157279 1.5946249713235874 2.1944963325978777 False
2112 9022.556734272732 2593.5506676072505 214.94795919078527 52.95503391802455 9022 9023 2593 2594 4.0 0.5162735740042572 0.47715365728253145 -45.4803313523798 0.38184498860439076 0.08507601274120054 0.13591094239382992 0.0 0.47331508220831164 2.7890322 9.98926603345588 12.864446659514607 4.313153900585148 0.10942410180808648 1.1283791670955126 9.056299358144262 20.160634210144934 2.131800913467489 3.331614943730264 4.516251284899884 False
2113 6808.760589609171 2606.2522535505423 214.96767798609716 52.96915026467025 6796 6820 2594 2618 424.0 5.340947101720389 4.615971767278976 65.68337833221746 0.5030438259343679 -0.31469631160763334 0.733586833886437 0.0 88.23072344101026 27.63412 110.10046582696503 41.01067924236058 1.4 0.4287832791706763 11.617374563210365 64.66906136619026 65.3460118550104 3.6184747838009743 7.004092191534059 13.524266353818033 False
2114 nan nan nan nan 1461 1479 2595 2613 293.0 nan nan nan nan 0.0 0.0 0.0 0.0 16346842000000.0 nan nan nan nan 9.657370069115643 nan nan nan nan nan True
2115 8942.371600084132 2608.253571698614 214.9485231546943 52.95562220163738 8933 8955 2598 2616 319.0 5.763022933769317 3.71416384179763 -23.889752615576718 0.7646195846749282 -0.25580136507390805 0.8024688301041435 0.0 135.5845424940933 24.255604 983.1196139150182 94.49911377177827 3.4328121421165965 0.2560135490411434 10.076748170547344 1544.6827754527076 150.46092601905175 12.79836918210657 25.881284322440138 35.22285673024226 False
2116 9767.795368701802 2607.677797575491 214.94113020946145 52.95038051799904 9755 9776 2598 2620 250.0 6.349417381958553 2.4127431017805616 -52.15895710765795 0.9249887834888163 -0.32987641279246843 0.9377595854721741 0.0 99.34034548715178 22.008871 199.2166102113561 62.84000949932118 2.5416587352512168 0.36767111028350885 8.920620580763856 208.09073507534254 101.74100901149484 4.965540600528062 10.577023314263714 16.773805044380104 False
2117 4234.158894832431 2601.35472865939 214.99083395996306 52.98545685740826 4232 4237 2599 2604 29.0 1.4915752440513026 1.348074181047206 62.56124969160248 0.42797140816232987 0.15510174813516076 0.48276752042681714 0.0 9.764996433834858 7.142743 46.25858914362125 29.095100588514796 3.49953130096888 0.1572433105538933 3.0382538898732494 63.07805167931079 46.36462240859335 2.9109564879163194 5.424350660234962 7.641609147155807 False
2118 3080.418900395084 2606.9039532476927 215.00113475831168 52.992804614122655 3074 3088 2600 2616 196.0 4.288213623921044 3.069774815283701 -65.3873845983729 0.6982404427521793 0.06048931112875834 0.8579018669398151 0.0 92.91627526538663 18.732353 163.1054140751246 51.11930543861312 2.377202963681012 0.23422169265995751 7.898654169668588 13.687881490125534 81.92306898680418 3.9795014760241125 7.19571437921289 11.587458108045016 False
2119 2971.211574034753 2604.9965329694164 215.00213559490584 52.99348691996342 2967 2975 2601 2609 58.0 2.191296001930997 1.878978409333239 88.01885312513814 0.5145280108118249 0.3967023229624921 1.1808217283423343 0.0 49.674547402988445 16.414938 260.71126541280887 57.73300108132765 3.4294990758159205 0.14116638288213423 4.296739856991561 366.3992400963946 88.70005336527278 4.415712810370356 9.52378473665434 13.23652358055104 False
2120 10283.283143217912 2605.46171390735 214.93653368272825 52.947096760162474 10278 10286 2601 2609 60.0 2.194579033160346 1.435213942925572 79.87030483844421 0.7565105974846975 -0.49385360300662057 0.4156382173870888 0.0 9.121310962562713 10.246771 24.434744882204463 15.532175876327166 1.4930331048963696 0.2321558313304043 4.370193722368317 21.7480037555801 25.01652999931007 2.0633405745343953 3.6712556665201337 nan False
2121 nan nan nan nan 680 683 2602 2606 18.0 nan nan nan nan 0.0 0.0 0.0 0.0 4051690600000.0 nan nan nan nan 2.393653682408596 nan nan nan nan nan True
2122 3437.900563864773 2609.114207351718 214.9979013184912 52.99054927798295 3433 3443 2602 2614 105.0 3.1492444074785944 2.072045500597157 -62.058755282437716 0.753061576416398 -0.03443794539626958 0.7094090098850843 0.0 33.53949986534703 13.41664 97.90801471667342 49.69264556267134 3.293714825142498 0.3195572865710994 5.781222885281108 114.70270393895805 79.61830530940512 3.810542341546524 7.958207458540605 12.030306955346603 False
2123 8122.874405437687 2609.7347415470977 214.95585520516073 52.96083070549516 8116 8131 2603 2618 194.0 3.633121856165634 2.9532770357182336 56.95901828918834 0.5824369872386781 -0.2933124419583745 1.3000296892032923 0.0 106.92325169850714 18.525381 141.8457148587742 38.64656508684747 1.962066096828898 0.32930838345346064 7.858251581595959 210.36984347310297 61.158549786785315 2.8651280051818406 5.116402132604465 8.37504586391582 False
2124 nan nan nan nan 269 277 2604 2610 50.0 nan nan nan nan 0.0 0.0 0.0 0.0 6752818000000.0 nan nan nan nan 3.989422804014327 nan nan nan nan nan True
2125 4100.974673121402 2605.153020082354 214.99198960339893 52.98632217213729 4099 4102 2604 2607 12.0 0.9413673342411013 0.6622672492064109 -61.537129703668434 0.710679138314519 -0.02173316593664467 0.20049125665555434 0.0 0.7962712914164018 4.543627 7.264266447367177 15.39804979963254 3.2304613196412677 0.552717053951909 1.9544100476116797 26.70121518307895 24.62455820419012 1.925133393857466 3.189820168002597 4.252955770838323 False
2126 8464.497221575584 2607.476019602568 214.95281577802515 52.95865063315141 8462 8468 2604 2611 33.0 1.851949899810856 1.2024502458158153 -67.78694856710968 0.7605419856244797 0.08108930825004636 0.8036741998809329 0.0 15.016256793988639 8.248274 31.581193475980264 17.85017676728927 1.9262531097234579 0.24190850362015304 3.2410224072142872 27.596317501788366 27.74277081977524 1.8059573814189662 2.9968862442104567 4.100857927323245 False
2127 8956.303251142139 2653.7900937908794 214.94791855567487 52.955779720540654 8916 8985 2605 2716 4142.0 24.236436220086844 8.036977093279376 -63.45204098534544 0.943417540431854 -0.14024489528074435 8.122237728135731 0.0 7600.178789630403 85.8829 8638.619126474166 133.5900827854495 1.61646721351186 0.4551804504089657 36.310322892715526 8962.32204628006 213.1878934687965 10.871284949859746 21.130754130525183 36.43869131014216 False
2128 nan nan nan nan 1587 1591 2607 2610 15.0 nan nan nan nan 0.0 0.0 0.0 0.0 3698670200000.0 nan nan nan nan 2.1850968611841584 nan nan nan nan nan True
2129 3603.754597012029 2609.113528868331 214.99641208657914 52.98949733585178 3600 3609 2608 2615 59.0 1.6150691476136874 0.9545400852054045 17.92099044880994 0.8066560333589079 -0.3828199664704554 0.6379966649238773 0.0 2.047863930494255 10.158718 11.365038768694001 10.187055035337488 1.4 0.8208564005591045 4.3336224206596095 1.6873736429755821 16.355791087064944 1.2612866797564402 2.1062394397423807 2.8598203611859443 False
2130 7244.422833856331 2608.9852327939807 214.9637413007421 52.966400776596785 7243 7247 2608 2611 13.0 1.0200194526308701 0.5657833028155286 -51.315077087225745 0.8320644686505216 -0.03050791466790552 0.10789043907173215 0.0 0.2617013365074127 4.660209 8.359047629880799 18.09128954084387 4.071400580184395 0.7241044651510004 2.0342144725641096 27.55585918055666 29.167630307134512 2.9673002550908665 4.89763348534876 6.223905129087639 False
2131 6121.558518428463 2613.383962517217 214.9737680694557 52.97354879284043 6115 6129 2610 2618 107.0 3.510805468692447 1.9198236633694619 -14.694826047562515 0.8372418195107278 0.04522303822339106 0.8956564856010191 0.0 52.519187252686095 13.758353 78.11545597822598 31.051155983440392 2.0149536233956837 0.2418045245649419 5.836022431559495 156.8555636346174 49.44179874235489 2.595829312381305 4.6937532122901375 7.605381055786145 False
2132 9430.401494821746 2611.011424459381 214.9441192390541 52.952539856129256 9429 9434 2610 2617 38.0 1.7901761934690434 1.0314778274668732 33.94952432379412 0.8173172736645049 -0.24245531378577725 0.28105213080510705 0.0 -0.40307885460203546 8.13716 9.630984751628196 24.6808617720227 3.0365798834679505 -0.3873118298054404 3.477898169151024 6.794500416247919 39.01402176208219 2.4019286156802813 3.6601896883176317 4.613415420270181 False
2133 nan nan nan nan 746 747 2611 2612 4.0 nan nan nan nan 0.0 0.0 0.0 0.0 1909985200000.0 nan nan nan nan 1.1283791670955126 nan nan nan nan nan True
2134 9966.0 2613.3546492504456 214.93929399067733 52.94915319314352 9966 9968 2611 2614 11.0 0.7317785629965019 0.28867513459481287 90.0 0.918902692436962 -0.1915440930308431 0.1589159014352117 0.0 -0.6371968687522748 5.029781 0.7694851302773139 4.314203532277654 1.4 -0.3084258346921699 1.8712051592547776 1.1576789590447667 6.909599270934849 0.5755155808035766 0.9335477490888584 1.23279483898409 False
2135 3011.2408890826146 2617.408075398107 215.00164532805894 52.9933001369443 3006 3020 2612 2622 115.0 2.556896271761453 2.3125591576522444 4.117901000957183 0.42660093958928524 -0.1268275350450086 0.8504325021679345 0.0 41.283213871576336 15.702012 245.69194201014446 52.83501967212784 3.3395272823942994 0.4126472436892636 6.050259243299904 429.8891562093263 85.82181038914541 5.707219945327266 12.349521804819666 17.144675559329485 False
2136 nan nan nan nan 324 329 2614 2619 26.0 nan nan nan nan 0.0 0.0 0.0 0.0 4869526000000.0 nan nan nan nan 2.876813695875796 nan nan nan nan nan True
2137 2647.585985342066 2621.567951500334 215.0048674904444 52.995628956523085 2642 2652 2614 2632 155.0 5.042009649253628 1.9278731424437499 -68.85817505350006 0.9240125882258213 -0.3296431386134715 0.8404893428906742 0.0 35.17949622760527 16.658054 65.31457307339164 36.69773607800979 2.004679855309152 0.4524097857971672 7.024103669400641 68.91229962831187 58.58762693583947 3.2275532663274893 7.399990233508206 10.967531646773743 False
2138 3194.007069124441 2616.474628961665 215.00001386649572 52.99213593763024 3192 3198 2615 2621 43.0 1.2384009165403225 0.7365858592906194 27.442229258040136 0.8038826869597234 -0.3020252934660922 0.13743910922021574 0.0 -2.898151633573418 9.884911 0.7913303308133881 9.233156203459094 1.4 -0.49864480727149263 3.6996385101659595 -5.935841506101213 14.066652865150667 0.6267008537604918 1.007293593044565 1.3487361505713276 False
2139 2887.469019463154 2630.0283607845413 215.00262390801882 52.99415333944078 2877 2898 2616 2640 418.0 5.390831497944233 3.9653760895374295 -71.99006816274428 0.6774402323903481 -0.2203772673409566 2.01010282504669 0.0 272.11315352728457 26.971102 462.11714375710073 62.98491143092517 2.3129201567560895 0.4109098830103318 11.534883286137944 478.31326675383195 101.20636169728346 4.389682784648048 9.129861624758819 15.865899280346555 False
2140 9818.101653792142 2619.101902122632 214.9405589850914 52.950122924329605 9816 9826 2616 2625 76.0 2.2176156486199097 1.8598522906739645 58.793662765748664 0.5446367330309155 -0.40150144875831373 0.4059936899305381 0.0 -1.0124505094107263 15.736873 6.607709431550665 29.392101661457783 1.879175091692717 -0.5500774945968095 4.918490759365935 8.35162651079905 46.69276973251749 1.4315847501978067 2.4096959551945485 3.212000080052722 False
2141 6274.120942439031 2619.0802204763654 214.9723392387678 52.97261165456207 6273 6275 2617 2620 10.0 1.121482886766932 0.3882543542061839 -43.12455659715645 0.9381617266055402 -0.03538996077100592 0.058335038030713535 0.0 0.11235250894375567 4.12874 4.700774218534842 13.913554046601535 3.617633368362865 0.5949840099455417 1.7841241161527712 3.485073739427998 22.418307590514264 2.681271693558573 4.532290368279735 5.406363108178534 False
2142 7237.879929132182 2627.850860779556 214.96360123480508 52.966544206838186 7229 7246 2617 2640 336.0 4.877501153208711 3.757230436115815 -84.1378461583566 0.6376590566027005 -0.045100211842499356 2.034316352666729 0.0 271.5227718841851 24.115747 421.5681213022751 54.743697814863395 2.1548760459337215 0.3490214218561218 10.341765891652821 548.9717456770999 86.87930799755036 4.009242734024071 7.815750565983765 13.550350682328908 False
2143 8897.92144642997 2620.694418936629 214.9487905945714 52.955971483641065 8895 8900 2619 2623 25.0 1.5058974004153534 1.2074893604798973 -16.381542055085358 0.5975382726050991 0.18865543553040515 0.8319497926819925 0.0 14.105588663073478 6.5311356 116.50690439935762 28.43136725971869 3.5543104932321947 0.17761719420713995 2.8209479177387813 199.7181720937158 45.24866175150854 3.6039698765160697 6.439783304468446 9.20808390464261 False
2144 4048.495630307965 2625.033916718331 214.99225127306954 52.98676249279748 4044 4053 2620 2632 98.0 3.2209709318241266 2.392822465085959 -81.79516954853838 0.6694151057828113 0.13964484648902356 0.5410497430938918 0.0 33.31613765947407 12.874756 64.50265330605097 39.18080890957857 2.3860660778231986 0.1916566943006901 5.585191925620057 103.87765805514141 63.193678570642156 3.349117679505706 5.420512415376898 12.765206381619526 False
2145 nan nan nan nan 1700 1706 2621 2628 43.0 nan nan nan nan 0.0 0.0 0.0 0.0 6262305600000.0 nan nan nan nan 3.6996385101659595 nan nan nan nan nan True
2146 3556.0917671089337 2626.5205659055173 214.99665664139397 52.98989372799419 3550 3562 2622 2631 103.0 3.0886573364383114 2.105036857221753 10.518696353472121 0.73178287030654 0.04386203076201964 1.0055302769843106 0.0 51.26427420995599 13.776539 131.16985201075587 41.052455172728564 2.6743959772585875 0.25365576603570406 5.725898905580716 151.17398663856855 64.44531594007618 3.410713256923331 7.39989550114091 15.992966744446734 False
