outputs/dr0.5_c0.1/nircam2_f356w_dr0.5_c0.1.ecsv
# %ECSV 1.0
# ---
# datatype:
# - {name: label, datatype: int64}
# - {name: xcentroid, datatype: float64}
# - {name: ycentroid, datatype: float64}
# - {name: sky_centroid.ra, unit: deg, datatype: float64}
# - {name: sky_centroid.dec, unit: deg, datatype: float64}
# - {name: bbox_xmin, datatype: int64}
# - {name: bbox_xmax, datatype: int64}
# - {name: bbox_ymin, datatype: int64}
# - {name: bbox_ymax, datatype: int64}
# - {name: area, unit: pix2, datatype: float64}
# - {name: semimajor_sigma, unit: pix, datatype: float64}
# - {name: semiminor_sigma, unit: pix, datatype: float64}
# - {name: orientation, unit: deg, datatype: float64}
# - {name: eccentricity, datatype: float64}
# - {name: min_value, datatype: float64}
# - {name: max_value, datatype: float64}
# - {name: local_background, datatype: float64}
# - {name: segment_flux, datatype: float64}
# - {name: segment_fluxerr, datatype: float32}
# - {name: kron_flux, datatype: float64}
# - {name: kron_fluxerr, datatype: float64}
# - {name: kron_radius, unit: pix, datatype: float64}
# - {name: gini, datatype: float64}
# - {name: equivalent_radius, unit: pix, datatype: float64}
# - {name: kron4_2_flux, datatype: float64}
# - {name: kron4_2_fluxerr, datatype: float64}
# - {name: radius_kron20, unit: pix, datatype: float64}
# - {name: radius_kron50, unit: pix, datatype: float64}
# - {name: radius_kron80, unit: pix, datatype: float64}
# - {name: near_border, datatype: bool}
# meta:
#   PHOTMJSR: 0.4047000110149384
#   PIXAR_SR: 2.11539874851881e-14
#   __serialized_columns__:
#     area:
#       __class__: astropy.units.quantity.Quantity
#       unit: !astropy.units.Unit {unit: pix2}
#       value: !astropy.table.SerializedColumn {name: area}
#     eccentricity:
#       __class__: astropy.units.quantity.Quantity
#       unit: !astropy.units.Unit {unit: ''}
#       value: !astropy.table.SerializedColumn {name: eccentricity}
#     equivalent_radius:
#       __class__: astropy.units.quantity.Quantity
#       unit: !astropy.units.Unit {unit: pix}
#       value: !astropy.table.SerializedColumn {name: equivalent_radius}
#     kron_radius:
#       __class__: astropy.units.quantity.Quantity
#       unit: &id001 !astropy.units.Unit {unit: pix}
#       value: !astropy.table.SerializedColumn {name: kron_radius}
#     orientation:
#       __class__: astropy.units.quantity.Quantity
#       unit: &id002 !astropy.units.Unit {unit: deg}
#       value: !astropy.table.SerializedColumn {name: orientation}
#     radius_kron20:
#       __class__: astropy.units.quantity.Quantity
#       unit: *id001
#       value: !astropy.table.SerializedColumn {name: radius_kron20}
#     radius_kron50:
#       __class__: astropy.units.quantity.Quantity
#       unit: *id001
#       value: !astropy.table.SerializedColumn {name: radius_kron50}
#     radius_kron80:
#       __class__: astropy.units.quantity.Quantity
#       unit: *id001
#       value: !astropy.table.SerializedColumn {name: radius_kron80}
#     semimajor_sigma:
#       __class__: astropy.units.quantity.Quantity
#       unit: !astropy.units.Unit {unit: pix}
#       value: !astropy.table.SerializedColumn {name: semimajor_sigma}
#     semiminor_sigma:
#       __class__: astropy.units.quantity.Quantity
#       unit: !astropy.units.Unit {unit: pix}
#       value: !astropy.table.SerializedColumn {name: semiminor_sigma}
#     sky_centroid:
#       __class__: astropy.coordinates.sky_coordinate.SkyCoord
#       dec: !astropy.table.SerializedColumn
#         __class__: astropy.coordinates.angles.Latitude
#         unit: *id002
#         value: !astropy.table.SerializedColumn {name: sky_centroid.dec}
#       frame: icrs
#       ra: !astropy.table.SerializedColumn
#         __class__: astropy.coordinates.angles.Longitude
#         unit: *id002
#         value: !astropy.table.SerializedColumn {name: sky_centroid.ra}
#         wrap_angle: !astropy.coordinates.Angle
#           unit: *id002
#           value: 360.0
#       representation_type: spherical
#   astropy version: '5.1'
#   make_catalog parameters:
#     ab_zpt: 31.4
#     coadd_bands: !!python/tuple [f277w, f356w]
#     deblend_contrast: 0.001
#     deblend_nlevels: 32
#     deblend_npixels: 1
#     detect_kernel_fwhm: 4.0
#     detect_kernel_npix: 7
#     detect_npixels: 4
#     detect_threshold_nsigma: 3.0
#     flag_isolated_buffer: 4
#     hst_bands: !!python/tuple [f606w, f814w, f125w, f140w, f160w]
#     jwst_bands: !!python/tuple [f115w, f150w, f200w, f277w, f356w, f410m, f444w]
#     near_border_kernelsize: 21
#     reference_band: f200w
#   make_catalog version: 1.4.0
#   photutils version: 1.5.0
# schema: astropy-2.0
label xcentroid ycentroid sky_centroid.ra sky_centroid.dec bbox_xmin bbox_xmax bbox_ymin bbox_ymax area semimajor_sigma semiminor_sigma orientation eccentricity min_value max_value local_background segment_flux segment_fluxerr kron_flux kron_fluxerr kron_radius gini equivalent_radius kron4_2_flux kron4_2_fluxerr radius_kron20 radius_kron50 radius_kron80 near_border
[from data line 3599]
3600 2229.2738755942673 5875.081554401498 214.90202313673362 52.94351469743617 2202 2255 5853 5899 1862.0 10.328849710005446 8.159283643131733 -4.5267049434289 0.6131701633327478 0.11520433502611793 5.350048620497764 0.0 2129.311102891907 4.618123 2282.4485438604843 6.231239069680456 1.4965099526139487 0.4458675567344736 24.34528718405717 2367.550110570618 9.686844777513054 6.377816177120266 12.112971788351318 18.675578192866592 False
3601 1503.0325885514196 5859.796611101002 214.90868887058903 52.94804347524319 1495 1510 5854 5866 109.0 4.666691711597062 1.6580113176228974 -37.43274991377883 0.9347575583100224 0.1478085214816902 0.5331119879864918 0.0 33.25488885211835 1.0763993 75.2243740116497 3.0491661302554505 2.4837393875645644 0.1584065374022812 5.890312181373172 81.75410218497896 4.842656348166522 3.888465650238951 7.145725748565111 11.069802713323803 False
3602 4431.348145718884 5856.618028583602 214.88250298603043 52.92943081653138 4429 4433 5854 5859 23.0 1.4545747334036088 1.1189754845205921 -62.462104041990955 0.6389116014785566 0.19067229301005156 0.5018921296557202 0.0 7.416214471224014 0.6339239 16.227272869793893 1.6747914250603235 2.426709117103138 0.15704087391033442 2.7057581899030048 15.665081384225598 2.6200756304238824 1.6550422900438764 2.872592499612731 4.199881278296816 False
3603 9950.488781045813 5861.346528666824 214.83309732268802 52.89439270637982 9943 9959 5855 5868 175.0 3.7653201263480525 2.7272839595422833 27.45841131891097 0.689467496853973 0.11940486897325285 1.2158585755020648 0.0 87.59069357661971 1.4607314 208.75920552054123 4.037556203226455 2.7691251512491335 0.2861612398283963 7.463526651802308 356.03905778881875 6.454513974068654 4.116997147418544 9.483308662847481 17.418062036446234 False
3604 653.5445310823143 5858.424614641992 214.9163136328026 52.953429436934 651 656 5856 5861 32.0 1.553448504219524 1.3849621615867556 59.7075467282732 0.4529411059193283 0.12225582799491735 0.47635908622246564 0.0 8.688100353527737 0.5720415 38.97798151461569 2.0740515928605565 3.2810173593341405 0.1973737421093538 3.1915382432114616 75.20657223935787 3.3421459480265225 2.9687174381393375 5.859364499269524 8.980718306784494 False
3605 1117.4417455239204 5859.01056683032 214.91215130967836 52.950487394848174 1112 1123 5856 5862 33.0 3.403371789817911 0.8062880268763682 27.056400434024003 0.9715319438439286 0.13612953153875157 0.29087459847843283 0.0 7.137162999772655 0.58368105 104.69039947444668 2.749732449936365 3.839535614729573 0.11283496958352215 3.2410224072142872 225.4875520750959 4.244894628873174 6.4860153830970795 11.077610097806987 14.87906440430231 False
3606 8952.299081029903 5860.018784500012 214.8420318784721 52.90072866110012 8951 8954 5857 5863 21.0 1.6463408683137064 0.9273825971111948 79.71362656739394 0.8262529520389242 0.161150994870834 0.3577164055143464 0.0 5.7191123895010945 0.45018166 47.06559027962072 1.9062503900004348 3.513115317812157 0.13318665441326555 2.5854414729132054 84.55106551407408 3.075743332112626 3.543779666731931 6.854681333349592 9.837028826500815 False
3607 768.8089276710742 5864.178329746799 214.9152202713703 52.9527287142446 762 780 5858 5872 191.0 4.135684488941303 3.2075735459045203 -29.822346620910416 0.6312435334601457 0.10013976533390809 0.8052798773726747 0.0 72.0140809460942 1.3993471 199.56112998692095 4.541187334593638 2.8126371822668235 0.23722873408700704 7.797255174810172 304.4133347562714 7.2208297630893 5.043989573135718 11.258851436360471 18.24070914686106 False
3608 3821.046870716307 5860.859792590053 214.88792091699102 52.93332974009546 3818 3824 5858 5864 34.0 1.8569237524972058 1.2703732103402157 -51.791796577125865 0.7293621304445708 0.20017856162302633 0.5871533174670758 0.0 12.412564525758771 0.56517726 28.977907100184787 1.7250197262840123 2.5799322195686676 0.15721427136845625 3.2897623212397704 34.59564142263886 2.742211026132019 2.0338581776795697 3.848008963480384 6.389279446202123 False
3609 782.7864633852646 5861.666821450528 214.91512150570972 52.952626417446574 782 784 5861 5862 5.0 0.7475160298800526 0.4441475288583909 15.216283235799965 0.8043435100768087 0.18313689294518534 0.28145351460557383 0.0 1.1255876553402822 0.23273806 14.26032556078888 1.0111929534474997 3.8788522440356674 0.11901043609499737 1.2615662610100802 23.870217754466495 1.5880448577381443 2.0978117031656547 3.4617102223116745 4.6557454685879325 False
3610 2916.413326438865 5863.7986670862265 214.89598885017378 52.93909048671555 2911 2921 5861 5866 50.0 2.688395135574018 1.3572588780184371 -6.7755030862583485 0.8632021731341741 0.17125208967683456 0.4800061470978807 0.0 16.014387251167506 0.72723716 44.79406483046401 2.4180386366905866 2.791329558531124 0.12289901136793593 3.989422804014327 66.77363019814769 3.893807076787693 2.8679720732373317 5.581829997381915 9.783631893389298 False
3611 3359.1071204323475 5868.654346743832 214.89197412102888 52.93630542211115 3349 3368 5861 5877 227.0 4.513768076596479 2.6555365840688876 32.57788798671554 0.8086287634849085 0.09594879348925765 1.7670154775685594 0.0 121.29905649742582 1.5968863 161.2297454223238 3.0716867266053165 1.952582603538268 0.3657204997938546 8.500373177909337 187.0985678228376 4.880329051733654 2.8702249304550866 5.607479310222288 10.030640357942941 False
3612 8258.621276780837 5869.6436665961955 214.8481312437536 52.90518821917974 8250 8270 5861 5878 254.0 3.8020696102416656 3.2675374687356666 23.653930804110633 0.5112866895775519 0.11775560246213432 2.587102467131418 0.0 165.34912168991912 1.7109545 308.1797852536798 4.182982499630733 2.6051529356808825 0.41250687487590043 8.991702346646203 427.4457518283549 6.81352851564775 3.2820872896331448 8.236537648731018 17.53100290647112 False
3613 9622.32949624369 5870.251305665393 214.83593590794578 52.89652611142145 9611 9633 5862 5880 315.0 4.385791150832323 3.5597082911342612 8.303145514241288 0.5841501053580802 0.08627341236652192 2.9529902328375637 0.0 187.86500819020057 1.9716297 450.95885477313004 5.272557806106581 2.818282278701127 0.4170714494220576 10.013371767186818 699.8200067624093 8.344478381312411 4.4039843388508615 13.110780597579737 22.195469369819094 False
3614 4022.3568008730213 5865.843919598181 214.8860664292835 52.932078134161955 4020 4025 5863 5869 34.0 1.8608438483793608 1.2104532801441685 -59.349309886616766 0.7595180564991723 0.10981302687233477 0.5077149632969015 0.0 10.429051700212629 0.5639535 22.16958831948239 1.5150441607103835 2.3760076273157047 0.20003739453281977 3.2897623212397704 19.43617885002793 2.4251396624134216 1.8837945449159543 3.5315267382979454 5.304413655617326 False
3615 413.6811222652548 5867.3031360530895 214.91836927700257 52.95500015945001 410 417 5865 5870 39.0 1.8448718813837037 1.47370326250249 11.44499344907284 0.6015825660297067 0.20229123856716377 0.564245743518536 0.0 14.335611121550247 0.658696 32.46783785927168 1.8564266895507644 2.5947677944588574 0.15973921897647278 3.523362819972964 34.44530027432755 2.9624387235633836 2.1464638215731275 3.9152294284724496 6.859252462408763 False
3616 7685.898949820235 5868.637376176017 214.8532623358127 52.9088216574364 7683 7689 5865 5872 45.0 1.7187836090397077 1.686143715586736 -78.72469746399426 0.19395772706956213 0.11437317154919235 0.5715036009990736 0.0 15.267303057841513 0.67911065 26.77309083792495 1.6730497857029933 2.2635617328161164 0.20632228559576196 3.7846987830302403 22.519645273405246 2.6658964109450336 1.8692351690422755 3.379135034517795 5.641326067258278 False
3617 937.7093278650109 5869.225992835305 214.91365385359902 52.95168364307966 935 940 5866 5873 40.0 1.9631188500878145 1.3734141527178843 65.18922385564854 0.7145266193677282 0.1086175972878397 0.4993293685334534 0.0 11.469813574254987 0.61496377 27.38321951352425 1.8563119605184326 2.644589580439299 0.1937747059272602 3.5682482323055424 32.24653828027309 2.956895784563426 2.1674778753544075 4.205550534755809 7.02274822314187 False
3618 1794.4470849042814 5867.164074446711 214.90600097923016 52.94623294557303 1794 1795 5866 5868 5.0 0.7413650218321884 0.44547023866845203 68.12349604737176 0.7993404351950611 0.16456870580357807 0.274706209513097 0.0 1.088804240670174 0.2123888 17.751453223908097 0.9880810674167565 3.954300119224994 0.12018305380098862 1.2615662610100802 39.446263853644766 1.5921278726935009 2.4143808342059416 4.056777710890869 5.232747055209884 False
3619 8934.41785282572 5869.7790759151585 214.84208888392317 52.9008949051713 8933 8936 5867 5873 17.0 1.7538146938449257 0.7780933896177608 -86.93025914356409 0.8961963217355831 0.067498843844835 0.29527442844243323 0.0 3.4283911618185794 0.4088898 39.435694101021795 1.8633429934002295 3.623672793512498 0.1901734440926066 2.326213245840639 71.19311866796036 2.9913648033826927 3.6108224301789202 7.244793806736347 10.561136178009585 False
3620 8951.091181325206 5871.731742962504 214.8419192863589 52.90079948576516 8950 8952 5870 5874 11.0 1.0751768143080835 0.7122981075953904 70.06281922243151 0.7490672864072665 0.07906552607244718 0.2114696825698465 0.0 1.8081673795932056 0.33470455 24.54124332147261 1.4919845106426277 3.771106764569635 0.1662196837196358 1.8712051592547776 53.31013114085216 2.4078632824412898 3.078790299472428 5.572389700112263 7.278600615924645 False
3621 3947.977854926418 5872.498486162882 214.8866620843238 52.93258641373121 3947 3949 5871 5874 12.0 1.083467155513888 0.8066895801285915 88.82387834395249 0.6675727625454456 0.21710707559110348 0.3164210095241557 0.0 3.178153043404616 0.34904283 17.35958158997295 1.3822976172198145 3.333655529602639 0.06654820528081638 1.9544100476116797 28.91405587802946 2.2033326012449184 2.0876674215283675 4.14307794128059 6.240523586643638 False
3622 739.0699953843116 5874.835126188253 214.91537441859276 52.95297504335775 736 742 5872 5877 35.0 1.7815686784940865 1.3891085780585954 32.52132715632551 0.6261396486461289 0.1811559334990884 0.507043926987112 0.0 11.686360886594086 0.60847473 31.36087700365309 1.8682263670089452 2.7011322643153806 0.1472013306423986 3.3377905890622728 42.66274979374171 2.964318738920144 2.2464490078938164 4.146956027212223 6.598105417347702 False
3623 6914.09930126104 5881.922746668912 214.86002409547953 52.91379668316394 6901 6926 5873 5891 339.0 4.581611112695184 3.234608278709609 -17.370039756825474 0.7082138272548898 0.049282204760336075 3.6044521926325626 0.0 270.96323589853915 1.8170602 299.9855617200125 2.624188862556127 1.5872973222245734 0.4657964327757056 10.387831891992912 315.1415819296681 4.1140643016436655 2.5429547221951903 4.901766534593217 8.606825901631721 False
3624 8203.159465543775 5874.014832949691 214.8485810201184 52.90556418184824 8202 8204 5873 5875 9.0 0.7966193741245704 0.7761416801554443 47.816453906507896 0.22527916768270845 0.2432158681760473 0.5069034518584344 0.0 3.2496300054347227 0.29143223 12.397415927120374 1.035601807008126 3.0200250269510844 0.14693701804652032 1.692568750643269 16.25807036940228 1.6634696201235075 1.4361766274654573 2.662470024280347 4.288993266697469 False
3625 6091.7050114926005 5880.065245811019 214.8673995389807 52.919011045354765 6088 6095 5876 5883 49.0 1.7290692783607187 1.6673119959632312 -24.72410168122246 0.2648743554210366 0.11230440579599867 1.1293994446736089 0.0 27.803986842953154 0.68455386 43.02026000664971 1.5902026388263328 2.1967175679527484 0.2742052004391953 3.949327084834294 44.3534036623725 2.4895214257116045 1.6666750781793263 3.069168229677127 5.632847101379992 False
3626 6150.48294989822 5879.181371566664 214.8668830552936 52.91863289779481 6148 6153 5877 5882 28.0 1.4399635642961661 1.3577072343267504 44.570458908957995 0.33314359354266887 0.1948555958999426 0.456735703887204 0.0 9.010542316375558 0.54951876 21.657005500527937 1.5469540943059548 2.607327318209889 0.13588630251375583 2.985410660720923 27.917050359852645 2.4439771327184965 1.886495866997984 3.4767669891409247 6.100761867064337 False
3627 7891.066644292971 5880.16263217551 214.85130649462403 52.90758027069899 7890 7892 5879 5881 8.0 0.8813010273635952 0.6710395883586665 -45.133849458277766 0.6482597390750746 0.2177733550957922 0.3094065077714829 0.0 2.1241459019506443 0.27674332 10.659933677739243 1.059865374148201 3.258428127021985 0.06631596862219204 1.5957691216057308 13.602186322831363 1.6870728987975998 1.6015104770591362 2.6681400219674187 3.896667020224528 False
3628 6771.892240754299 5884.606502534783 214.8612676599865 52.91471458087697 6768 6776 5880 5889 76.0 2.3138955060596658 2.004658765364392 -67.99572019400014 0.49942582061280066 0.08448634174519698 0.6464637026628166 0.0 24.925163775066498 0.82302755 47.822544134334336 2.2358879516117605 2.4608304555116183 0.26043418599284646 4.918490759365935 57.89811528571698 3.543888527018943 2.3991928613980606 4.760485061405585 8.160540202891754 False
3629 7570.671976505168 5885.562285250268 214.8541143364277 52.90964500730683 7566 7575 5882 5889 65.0 2.146193507342352 1.778988012290476 18.28381465414334 0.5593911378838919 0.177171753640933 0.9585556106174692 0.0 30.0188688064801 0.78536433 44.8688573212897 1.7478678192006218 2.1009348360585056 0.2786158393128957 4.54864184146723 54.32025331058222 2.8046901138232365 1.8566571350270213 3.434509946533235 5.918298972095736 False
3630 10179.871812676858 5882.391301362129 214.83082607101784 52.89304841084227 10179 10181 5882 5883 5.0 0.7566444243238595 0.45770145460584305 -16.328541868890774 0.7962941731115655 0.15961566278762765 0.2620989051302787 0.0 1.077723230055426 0.22576138 20.689189380542473 1.093676965876883 3.998682963178234 0.10505094685254676 1.2615662610100802 48.31119510027446 1.777612512407053 2.3351207591083045 3.9803029779174355 5.254392126956128 False
3631 241.98666408358244 5886.034697188759 214.91971037757506 52.95619127284641 240 244 5884 5888 23.0 1.3721746773478873 1.1739040809167127 -44.32373214937301 0.517792401429491 0.2253999086267796 0.47917711892496145 0.0 7.7587056508440835 0.49341816 21.616688158379205 1.6165075900437633 2.8708550051642825 0.12211129846753588 2.7057581899030048 24.142271695489367 2.579938940210638 1.8829474179295562 3.500947625690909 5.764233774729326 False
3632 3211.419783183162 5887.615889946757 214.89309655628927 52.93734562027917 3208 3215 5884 5891 48.0 1.8650330367571626 1.7550385144956078 -0.03893444960164187 0.33834329696415183 0.13477254992957055 0.5280750724179041 0.0 14.912270783783027 0.76392275 43.499460300761925 2.4143399976853894 2.882031823787587 0.1703251186219323 3.9088200952233594 61.639822668422596 3.75975361855485 2.698025711049312 5.843757873152935 10.56432352895079 False
3633 8934.338001173955 5886.134116480056 214.84191730730925 52.900983589291435 8934 8935 5885 5887 5.0 0.8026205637933995 0.4282170784592872 72.78019294871845 0.8457851268051478 0.1558255241491188 0.23402613743470335 0.0 0.9597449774380051 0.23714274 12.973306537690577 1.008067589992565 3.8210212135547903 0.10157978761352475 1.2615662610100802 23.271397413284973 1.5895702517765564 2.0849733640302537 3.7638112491332416 5.494900164470576 False
3634 7246.247925371752 5891.313702522475 214.85695477245238 52.91173717373034 7238 7255 5887 5896 137.0 4.399597514675795 2.0271693936960347 -11.463484215525092 0.8875234933805712 0.09495847715672583 0.6396714855752265 0.0 48.80412963235969 1.2000778 95.7684173183768 3.1873945507945955 2.4870018989525886 0.20543636916024752 6.6036697681803656 111.23315991830363 5.117449740433273 3.602201630339754 7.184644167205318 13.573865195615548 False
