outputs/dr0.5_c0.1/nircam2_f140w_dr0.5_c0.1.ecsv
# %ECSV 1.0
# ---
# datatype:
# - {name: label, datatype: int64}
# - {name: xcentroid, datatype: float64}
# - {name: ycentroid, datatype: float64}
# - {name: sky_centroid.ra, unit: deg, datatype: float64}
# - {name: sky_centroid.dec, unit: deg, datatype: float64}
# - {name: bbox_xmin, datatype: int64}
# - {name: bbox_xmax, datatype: int64}
# - {name: bbox_ymin, datatype: int64}
# - {name: bbox_ymax, datatype: int64}
# - {name: area, unit: pix2, datatype: float64}
# - {name: semimajor_sigma, unit: pix, datatype: float64}
# - {name: semiminor_sigma, unit: pix, datatype: float64}
# - {name: orientation, unit: deg, datatype: float64}
# - {name: eccentricity, datatype: float64}
# - {name: min_value, datatype: float64}
# - {name: max_value, datatype: float64}
# - {name: local_background, datatype: float64}
# - {name: segment_flux, datatype: float64}
# - {name: segment_fluxerr, datatype: float32}
# - {name: kron_flux, datatype: float64}
# - {name: kron_fluxerr, datatype: float64}
# - {name: kron_radius, unit: pix, datatype: float64}
# - {name: gini, datatype: float64}
# - {name: equivalent_radius, unit: pix, datatype: float64}
# - {name: kron4_2_flux, datatype: float64}
# - {name: kron4_2_fluxerr, datatype: float64}
# - {name: radius_kron20, unit: pix, datatype: float64}
# - {name: radius_kron50, unit: pix, datatype: float64}
# - {name: radius_kron80, unit: pix, datatype: float64}
# - {name: near_border, datatype: bool}
# meta:
#   PHOTMJSR: 0.3925000131130219
#   PIXAR_SR: 2.11539874851881e-14
#   __serialized_columns__:
#     area:
#       __class__: astropy.units.quantity.Quantity
#       unit: !astropy.units.Unit {unit: pix2}
#       value: !astropy.table.SerializedColumn {name: area}
#     eccentricity:
#       __class__: astropy.units.quantity.Quantity
#       unit: !astropy.units.Unit {unit: ''}
#       value: !astropy.table.SerializedColumn {name: eccentricity}
#     equivalent_radius:
#       __class__: astropy.units.quantity.Quantity
#       unit: !astropy.units.Unit {unit: pix}
#       value: !astropy.table.SerializedColumn {name: equivalent_radius}
#     kron_radius:
#       __class__: astropy.units.quantity.Quantity
#       unit: &id001 !astropy.units.Unit {unit: pix}
#       value: !astropy.table.SerializedColumn {name: kron_radius}
#     orientation:
#       __class__: astropy.units.quantity.Quantity
#       unit: &id002 !astropy.units.Unit {unit: deg}
#       value: !astropy.table.SerializedColumn {name: orientation}
#     radius_kron20:
#       __class__: astropy.units.quantity.Quantity
#       unit: *id001
#       value: !astropy.table.SerializedColumn {name: radius_kron20}
#     radius_kron50:
#       __class__: astropy.units.quantity.Quantity
#       unit: *id001
#       value: !astropy.table.SerializedColumn {name: radius_kron50}
#     radius_kron80:
#       __class__: astropy.units.quantity.Quantity
#       unit: *id001
#       value: !astropy.table.SerializedColumn {name: radius_kron80}
#     semimajor_sigma:
#       __class__: astropy.units.quantity.Quantity
#       unit: !astropy.units.Unit {unit: pix}
#       value: !astropy.table.SerializedColumn {name: semimajor_sigma}
#     semiminor_sigma:
#       __class__: astropy.units.quantity.Quantity
#       unit: !astropy.units.Unit {unit: pix}
#       value: !astropy.table.SerializedColumn {name: semiminor_sigma}
#     sky_centroid:
#       __class__: astropy.coordinates.sky_coordinate.SkyCoord
#       dec: !astropy.table.SerializedColumn
#         __class__: astropy.coordinates.angles.Latitude
#         unit: *id002
#         value: !astropy.table.SerializedColumn {name: sky_centroid.dec}
#       frame: icrs
#       ra: !astropy.table.SerializedColumn
#         __class__: astropy.coordinates.angles.Longitude
#         unit: *id002
#         value: !astropy.table.SerializedColumn {name: sky_centroid.ra}
#         wrap_angle: !astropy.coordinates.Angle
#           unit: *id002
#           value: 360.0
#       representation_type: spherical
#   astropy version: '5.1'
#   make_catalog parameters:
#     ab_zpt: 31.4
#     coadd_bands: !!python/tuple [f277w, f356w]
#     deblend_contrast: 0.001
#     deblend_nlevels: 32
#     deblend_npixels: 1
#     detect_kernel_fwhm: 4.0
#     detect_kernel_npix: 7
#     detect_npixels: 4
#     detect_threshold_nsigma: 3.0
#     flag_isolated_buffer: 4
#     hst_bands: !!python/tuple [f606w, f814w, f125w, f140w, f160w]
#     jwst_bands: !!python/tuple [f115w, f150w, f200w, f277w, f356w, f410m, f444w]
#     near_border_kernelsize: 21
#     reference_band: f200w
#   make_catalog version: 1.4.0
#   photutils version: 1.5.0
# schema: astropy-2.0
label xcentroid ycentroid sky_centroid.ra sky_centroid.dec bbox_xmin bbox_xmax bbox_ymin bbox_ymax area semimajor_sigma semiminor_sigma orientation eccentricity min_value max_value local_background segment_flux segment_fluxerr kron_flux kron_fluxerr kron_radius gini equivalent_radius kron4_2_flux kron4_2_fluxerr radius_kron20 radius_kron50 radius_kron80 near_border
[from data line 2677]
2678 4220.319547314027 4920.6332130559695 214.89425245267307 52.92572090513945 4219 4221 4920 4922 8.0 0.7744437103580782 0.5996782131917092 -27.382609508955568 0.6327769133956943 0.03720720675027902 0.3517625271360714 0.0 1.4003223615654385 4.51626 4.612959165726041 11.940386013494363 2.462637065607724 0.39159725052625755 1.5957691216057308 -3.515978274474812 19.19498683904984 1.1066922539773725 1.9000135366945528 2.812362263854349 False
2679 7075.6833028745505 4933.28870127038 214.86857189148944 52.90765386114458 7067 7082 4921 4943 303.0 5.308147099150804 2.9222607113495407 80.04151044490297 0.8348195435066363 -0.15984518930938055 1.5591310037075488 0.0 190.69089086846398 26.743177 264.073203180093 50.687509569226634 1.913261331631325 0.39042552896900007 9.82078894558317 242.11823306091918 81.13974645543253 3.659542984815506 6.726751900104576 11.488600246840923 False
2680 4234.370869172371 4931.476062299495 214.8940124639689 52.92569018238947 4227 4237 4925 4941 155.0 4.103584928643078 1.9884997518064227 -89.32589939633914 0.8747490316879324 -0.3399102149234529 0.56576870681885 0.0 24.318448677111018 19.912256 37.993396688617885 28.0502494081189 1.4 0.4675297094300094 7.024103669400641 -25.526904422235436 44.48798466234736 2.5123738936737983 4.36445477505248 6.329478512499407 False
2681 nan nan nan nan 408 412 4926 4929 13.0 nan nan nan nan -0.25772593698285495 -0.023074841053810816 0.0 -1.9051899318726946 4.700934 nan nan nan -0.28249203732326406 2.0342144725641096 nan nan nan nan nan False
2682 9925.179048700542 4931.041284119682 214.8431221012717 52.88953820107126 9920 9931 4927 4935 85.0 2.788673109026798 1.961555480369146 -23.4091113259832 0.7107932327167163 0.012673640742613623 0.4906932046203792 0.0 24.817917660774736 8.549981 65.15530160588686 27.055858373105053 2.7750488334331167 0.2263570625115472 5.201570947860099 91.6952111269815 43.16537977069679 3.29524435175638 6.852080479268815 19.264063106973524 False
2683 10078.83063102212 4930.481663176366 214.84175500925835 52.88855884288226 10075 10082 4927 4933 45.0 2.0909169841042803 1.5727469734041082 -5.849027957293579 0.6589571321479519 -0.0082857868411737 0.3158278477610894 0.0 9.064645644490522 6.7325096 64.85807155276697 27.19758042383987 3.392260729955416 0.23853946559026634 3.7846987830302403 98.6150522943473 43.34823205388603 4.315936548539293 7.689641341893977 13.690998613524235 False
2684 1526.183631705094 4935.51434352669 214.91822001456546 52.94290747945636 1519 1533 4929 4940 148.0 3.782633766331992 2.872393227832001 3.751467652726137 0.6506668819950117 0.1239960354428298 0.8417536801219385 0.0 71.25534405572701 15.806718 153.16640934149248 40.57862095877994 2.1217201085747313 0.21880139274694307 6.863662517577698 187.3865736200126 65.5038588033909 4.156404445720174 7.235429672709592 10.289865838860726 False
2685 10086.22045661752 4930.21305853344 214.84169180627836 52.8885104375119 10085 10087 4929 4931 6.0 0.8011352386197115 0.5689509963505888 42.65674628832399 0.7040191743497318 0.10162521999627383 0.14306011364231003 0.0 0.6961745612107122 2.3217177 36.089116665844266 12.399109959686633 4.298869292743537 0.07570242706096988 1.381976597885342 69.04950873215489 20.20321969988498 3.721958832542506 5.381379961627119 6.6541492025165905 False
2686 7340.085021899717 4951.193050596448 214.86601876136714 52.906070850386165 7312 7364 4930 4973 1616.0 7.81615898391067 5.57556747916429 -31.989808773806015 0.70081960577262 -0.28200611156785094 16.07245238719099 0.0 2361.0514269122714 61.146717 2407.946943881635 66.02434975928371 1.4809965053845575 0.6882419474824072 22.680140565547774 2594.943974072162 106.11993086807578 3.4410051170231566 6.743058726440383 12.342878152579884 False
2687 2829.431159977932 4943.954139618328 214.9064589540593 52.93467874107105 2819 2841 4934 4952 338.0 5.052959461662996 3.98558395519779 -8.664189479982099 0.614698320503031 -0.17101345672493684 1.4299641376344119 0.0 203.2218092193042 24.751156 245.33577393430815 45.590145138406236 1.7324456943719933 0.3081228139792426 10.37249929043725 253.58308092274916 72.98151548978518 3.6995857477810064 6.693910329062552 10.039044036375026 False
2688 808.465768460317 4946.597108441266 214.92453318318346 52.94752359498444 792 822 4937 4956 417.0 6.499714169634097 3.6572532047362767 23.147871220634933 0.8266754201293673 -0.19211988341737907 1.8119909841107615 0.0 277.3123424900624 26.696108 501.33899613265044 71.38267781234676 2.474147920062317 0.3450899794098857 11.521077316754745 842.7018027804373 114.18804323144246 4.996364698227779 10.958441081607091 23.14124630166359 False
2689 9063.463714371614 4942.520654691377 214.85070238335484 52.895075363143754 9057 9069 4937 4947 106.0 3.2014277263197446 2.3595569476337883 19.702398497677727 0.6758570757639669 0.030075658365491403 0.7441776035842953 0.0 41.085735588881356 9.436663 139.5733501994772 32.612270041917114 2.8774037647440456 0.22443766684461544 5.808687281605183 180.84037674606222 52.26025468755782 4.518637230929569 7.972793130915942 11.414489389248095 False
2690 9996.430033268854 4945.805110804608 214.84232993084498 52.88916505464979 9989 10004 4937 4951 185.0 3.0524030846160826 2.94119803455699 -23.70101371422394 0.2674633559887617 0.5612180141278688 13.762269702911064 0.0 783.2653272026374 12.651272 998.3069184563728 21.128051627266547 1.6984454540045009 0.4379577832846892 7.673807981960539 1041.7316158959593 33.78845108012037 2.3925278392014935 4.419354656031868 7.217710016777076 False
2691 513.9443348743808 4940.376240785477 214.92723768784342 52.94935961872842 513 515 4939 4941 7.0 0.7650615079053489 0.6746374527026678 -8.895069118831522 0.47160834725819933 0.2620988609494527 0.42381189313468 0.0 2.3447260521711346 3.4727423 32.159958076405616 16.16690165284704 3.8368782615929997 0.0987232592579559 1.4927053303604616 47.36287788161293 26.00314365970876 2.497442441560104 4.217977462511775 5.775902888763884 False
2692 2291.449328772768 4939.691855435139 214.9113215896586 52.938071512637045 2291 2292 4939 4940 4.0 0.5075352093718289 0.4505906456932518 25.564008200553346 0.46022609389593955 0.05940848691566722 0.18232455969287711 0.0 0.5068146799837708 2.6103046 8.22731113096982 11.489490125467242 4.118474989397119 0.28958806500690976 1.1283791670955126 17.035786879099724 18.410220314476994 1.900140450737437 3.053714427330114 4.0409390651438155 False
2693 6505.017342035456 4944.219324857334 214.87356086181592 52.91133774607292 6501 6508 4940 4949 54.0 2.7511496814987737 1.5415135232776216 60.63581661453113 0.8282788433417915 0.17407339377111053 0.5520177758777095 0.0 20.11438487257706 13.413401 108.06744148163034 61.297376247005325 3.2702100288518867 0.1595628180249731 4.145929793656026 109.89601772255507 93.1082178547417 4.387755094274633 8.06830780187371 13.39948110326196 False
2694 3233.4546820372334 4947.181435040733 214.9028073451806 52.93213078577183 3229 3237 4943 4951 65.0 2.434058011729777 1.9760998229423359 3.5902108147673704 0.5838604479856395 0.016286785215151672 0.706164736118359 0.0 21.78047926927676 11.127409 50.28060712552286 19.137123902565452 1.4588492997899916 0.22625083785699693 4.54864184146723 46.56034023630909 30.25578924156957 2.9550548616691055 4.889735155426498 6.791894573475004 False
2695 4291.942403249553 4948.728800272371 214.89331541720674 52.92541767587656 4286 4294 4943 4956 74.0 4.11777171446589 1.4890406111066032 77.86789686295953 0.9323282108695753 -0.21836563637128042 0.2952872337499839 0.0 -4.298558096507374 12.936331 10.221491040255593 23.09471382869333 1.4 -0.3162230195612187 4.853342309955121 -24.979281644994455 37.41140166613629 9.103348573811687 9.947498035980901 10.870495575065195 False
2696 9918.102400380647 4961.598140842314 214.84286352737382 52.88974791486245 9899 9936 4943 4979 984.0 7.70865812412534 5.415396619012222 50.189361772613 0.7116755109241553 -0.051641082688814344 4.70610727051428 0.0 1061.9084487861605 29.30441 1135.557873789127 37.46037028992747 1.4 0.47849699110383137 17.697935698969246 1158.821483435029 59.98593015892673 4.316259749224823 8.18371868288384 13.556877829292151 False
2697 2093.6435345612163 4947.124006569398 214.91301487399693 52.939367496133265 2092 2095 4945 4949 16.0 1.200322606799476 0.9809662359972603 -87.46259419410595 0.5762802414210685 0.2592156519659442 0.4593102657461569 0.0 5.945710212316133 5.198314 16.869821850469297 13.004174221493152 2.0819414684595263 0.11075616409834532 2.256758334191025 7.0702606184243395 20.84246049994204 1.6502667422152613 2.7258839210190975 3.7193377995605084 False
2698 4100.908229614788 4948.79190988628 214.8950246813053 52.92663115093392 4100 4102 4948 4950 8.0 0.8243051498334629 0.6672012406845471 31.640427578308554 0.5872432613306126 0.07216651076228314 0.22535855416539416 0.0 1.13468266453271 4.9637876 3.5190411537639026 11.911210737199127 2.1602512561773564 0.19781397646151802 1.5957691216057308 -6.242317053455479 18.47792191052453 1.1935373315511528 1.9942002035585966 2.731697440171922 False
2699 2513.191614039856 4954.875740026476 214.90917579372524 52.93674559415867 2510 2516 4950 4957 42.0 1.9005591685976964 1.4730165860327056 34.19239763779476 0.6319075245631094 -0.0587292649829157 0.5126992801397884 0.0 8.000713343258727 8.421185 50.303812082199926 32.71492996024734 3.3032622686945254 0.3917511429607353 3.656366395715726 53.7249913016287 52.37047199792983 3.497748465725142 5.767551425948021 8.035753951402093 False
2700 8801.335431770465 4959.545690532689 214.85286610964891 52.89683261183511 8796 8806 4950 4971 192.0 5.034483951846894 2.4459688459654934 87.15218936371102 0.8740460902586368 -0.07456176644977512 0.7693882985374445 0.0 64.2497301036617 12.630725 78.91854906335985 20.090094066384562 1.4 0.2782352861699654 7.817640190446719 62.65349506601492 32.17693059634725 2.9649067026890426 5.45422794789808 9.319241130152207 False
2701 882.8220729013724 4954.718959267124 214.9237814064611 52.94709542184356 879 885 4952 4959 46.0 1.9112820995341988 1.5592831352791037 -89.94882997213672 0.5782904315348648 -0.11032341567707958 0.44792841721319954 0.0 9.914892343582812 8.913241 50.44543629069612 32.17959840066639 3.1099457579839216 0.341911045763188 3.826519928662906 84.18477013053166 51.18040500239562 3.4588400610194343 6.063526689507146 9.35255178741017 False
2702 10287.129338855419 4957.181600401019 214.83961262493253 52.88737917996354 10283 10290 4953 4961 57.0 2.1636124040958093 1.736257857400796 -58.83132865720426 0.5966776650111744 0.051404608504392886 0.4206460707042759 0.0 15.517958935018296 7.2602286 28.929725400889637 17.43433605248012 2.060484491983746 0.20178477880063364 4.259537945889915 36.768852420451594 28.0109433212837 2.2372727767199074 3.93750482098833 5.708235730296915 False
2703 9335.794563069776 4963.271797265182 214.84804979722853 52.893456937722696 9329 9343 4956 4971 158.0 3.8262039880836043 3.028148331797185 -55.53673533581863 0.6112680294097516 0.2551241123645194 0.8027193419441071 0.0 81.58041491132508 11.586725 130.39156521881108 22.64630136220223 1.6122130460431319 0.12050321193899052 7.091753098990329 129.59978804351215 36.19917302466498 3.6745985550431035 6.125465308002169 8.53362561747011 False
2704 3162.1055773577536 4965.061371340405 214.90325781587114 52.932680324429874 3154 3167 4959 4969 123.0 3.205562231856045 2.208981346820507 -0.15182419132272884 0.7246578324259398 -0.48232640162909696 0.40332140199590694 0.0 4.1426069680771995 14.455622 -3.1874022539512072 21.452726479836425 1.4 0.4154269152624323 6.257165172872317 -11.10776668919699 34.49851429707688 9.809432939873783 10.184147986927144 10.509084047475584 False
2705 8690.382244970826 4963.507059715774 214.8538161968308 52.897558906721635 8685 8695 4959 4968 77.0 2.606227497868595 1.9597425284151884 -31.8764117395657 0.659224624525032 0.09746913335295687 0.6724817384732827 0.0 27.477863845322272 8.139181 53.24981214863713 22.799950410323603 2.4443931664219045 0.2514000874402572 4.950743503369154 89.72145035668262 36.50833718917958 2.6362469086354063 4.752673056225798 11.261359578161686 False
2706 4086.9287036987776 4968.156886772906 214.89494582265803 52.92682442011734 4080 4095 4961 4976 169.0 4.265532347949911 2.4765009568879273 43.93527820309003 0.8142001675981267 -0.007128602169749055 1.228953059589233 0.0 100.40328293573614 19.608624 240.1763001302205 60.11703419562031 2.7139895748972602 0.2612456665818379 7.334464586120832 301.78364302352793 96.6126268825759 4.111308556907007 8.597318595925868 13.458734122461834 False
2707 6437.113735165716 4963.900522383422 214.8739609531217 52.911875227167094 6436 6438 4961 4965 12.0 1.1074862685634639 0.5659052970405014 -56.13471698977043 0.8595915470161692 -0.0636980593085238 0.3521905723705938 0.0 1.917340790528053 5.8294773 52.682198211552205 22.090941416345565 4.051735366693899 0.416701081848358 1.9544100476116797 149.311113643262 34.99020931960544 4.081330211862716 6.379512335098813 7.791967310390278 False
2708 542.5289101754634 4970.851389575121 214.9266604820726 52.949342699888504 536 549 4962 4977 172.0 3.8072510925874177 3.0716393061407135 -31.662248000409154 0.5908428910978688 -0.14692970895674767 0.8362753655190474 0.0 71.11296548442549 17.502842 96.67174180155413 28.528827736999308 1.4 0.2676662113793517 7.399277020331919 65.09909447057657 45.59476263924735 3.2431215069910735 5.4292624720003335 7.53205204636544 False
2709 6412.918745517933 4965.842632862765 214.8741569223352 52.912039386832376 6406 6418 4962 4969 77.0 3.416421595216046 1.7242737027122712 -8.755896265485223 0.863293819581159 -0.0025703002252729624 0.40784212932202396 0.0 19.400254089517613 13.478974 262.4167831655488 62.91623162212968 3.787149189445201 0.20354135348303562 4.950743503369154 507.3159228796052 100.01565941735065 9.64360864779945 15.037726887634886 18.274916311376842 False
2710 6867.9312643851035 4968.290933300198 214.87006127778554 52.90916234543025 6861 6870 4962 4971 80.0 2.2791485909124383 1.1989485652955747 -5.1160578181929575 0.8504529775189256 -0.5316582173619823 0.43755931648946433 0.0 -6.185148002439614 13.233444 0.287514141558074 15.156921538269055 1.4 -0.4303374380469585 5.046265044040321 -7.0872687897306115 24.372617881573625 0.21970200447590618 0.3463613840617749 0.43757502942604143 False
2711 3009.31371710214 4969.880641129507 214.9045751164661 52.933676503228185 3006 3012 4965 4973 50.0 2.4285284511958127 1.7913801960381077 -77.11804648958095 0.6751940056837534 -0.05331586924119925 0.42597133425394 0.0 7.295324057202241 9.096363 168.6963926365743 48.40502937264585 3.9931948733925005 0.4758313220858468 3.989422804014327 240.7033665263566 77.68707351110832 6.912905640854419 11.810383199339187 15.217909465228688 False
2712 6213.274718436702 4967.642321476194 214.87592385195413 52.91331719326507 6211 6215 4965 4969 22.0 1.3585296925542023 1.065910382791364 -43.93722059901043 0.6199948512227733 -0.01368896788529473 0.4414956850321001 0.0 4.539236289236321 7.4571033 58.422873408704106 28.995600824936076 3.5396919586383717 0.36951825935265686 2.6462837142006137 53.57905029435038 46.21892963563859 3.730938375133799 6.555204955377452 8.525627638907055 False
2713 8517.963041814726 4971.927677843687 214.85526882538863 52.89869975317686 8511 8525 4965 4978 137.0 3.6929893806400758 2.4324135015106796 38.119814075008065 0.7524432781172055 0.05502894996578771 0.6596736453805265 0.0 51.09141154868592 10.827642 103.33207419111388 29.14429330000056 2.358413483586006 0.2104581147291769 6.6036697681803656 106.08813943535647 46.606760842142535 3.5428413540164074 6.7634473714826715 11.566524500665675 False
