outputs/dr0.5_c0.1/nircam6_f444w_dr0.5_c0.1.ecsv
# %ECSV 1.0
# ---
# datatype:
# - {name: label, datatype: int64}
# - {name: xcentroid, datatype: float64}
# - {name: ycentroid, datatype: float64}
# - {name: sky_centroid.ra, unit: deg, datatype: float64}
# - {name: sky_centroid.dec, unit: deg, datatype: float64}
# - {name: bbox_xmin, datatype: int64}
# - {name: bbox_xmax, datatype: int64}
# - {name: bbox_ymin, datatype: int64}
# - {name: bbox_ymax, datatype: int64}
# - {name: area, unit: pix2, datatype: float64}
# - {name: semimajor_sigma, unit: pix, datatype: float64}
# - {name: semiminor_sigma, unit: pix, datatype: float64}
# - {name: orientation, unit: deg, datatype: float64}
# - {name: eccentricity, datatype: float64}
# - {name: min_value, datatype: float64}
# - {name: max_value, datatype: float64}
# - {name: local_background, datatype: float64}
# - {name: segment_flux, datatype: float64}
# - {name: segment_fluxerr, datatype: float32}
# - {name: kron_flux, datatype: float64}
# - {name: kron_fluxerr, datatype: float64}
# - {name: kron_radius, unit: pix, datatype: float64}
# - {name: gini, datatype: float64}
# - {name: equivalent_radius, unit: pix, datatype: float64}
# - {name: kron4_2_flux, datatype: float64}
# - {name: kron4_2_fluxerr, datatype: float64}
# - {name: radius_kron20, unit: pix, datatype: float64}
# - {name: radius_kron50, unit: pix, datatype: float64}
# - {name: radius_kron80, unit: pix, datatype: float64}
# - {name: near_border, datatype: bool}
# meta:
#   PHOTMJSR: 0.3925000131130219
#   PIXAR_SR: 2.11539874851881e-14
#   __serialized_columns__:
#     area:
#       __class__: astropy.units.quantity.Quantity
#       unit: !astropy.units.Unit {unit: pix2}
#       value: !astropy.table.SerializedColumn {name: area}
#     eccentricity:
#       __class__: astropy.units.quantity.Quantity
#       unit: !astropy.units.Unit {unit: ''}
#       value: !astropy.table.SerializedColumn {name: eccentricity}
#     equivalent_radius:
#       __class__: astropy.units.quantity.Quantity
#       unit: !astropy.units.Unit {unit: pix}
#       value: !astropy.table.SerializedColumn {name: equivalent_radius}
#     kron_radius:
#       __class__: astropy.units.quantity.Quantity
#       unit: &id001 !astropy.units.Unit {unit: pix}
#       value: !astropy.table.SerializedColumn {name: kron_radius}
#     orientation:
#       __class__: astropy.units.quantity.Quantity
#       unit: &id002 !astropy.units.Unit {unit: deg}
#       value: !astropy.table.SerializedColumn {name: orientation}
#     radius_kron20:
#       __class__: astropy.units.quantity.Quantity
#       unit: *id001
#       value: !astropy.table.SerializedColumn {name: radius_kron20}
#     radius_kron50:
#       __class__: astropy.units.quantity.Quantity
#       unit: *id001
#       value: !astropy.table.SerializedColumn {name: radius_kron50}
#     radius_kron80:
#       __class__: astropy.units.quantity.Quantity
#       unit: *id001
#       value: !astropy.table.SerializedColumn {name: radius_kron80}
#     semimajor_sigma:
#       __class__: astropy.units.quantity.Quantity
#       unit: !astropy.units.Unit {unit: pix}
#       value: !astropy.table.SerializedColumn {name: semimajor_sigma}
#     semiminor_sigma:
#       __class__: astropy.units.quantity.Quantity
#       unit: !astropy.units.Unit {unit: pix}
#       value: !astropy.table.SerializedColumn {name: semiminor_sigma}
#     sky_centroid:
#       __class__: astropy.coordinates.sky_coordinate.SkyCoord
#       dec: !astropy.table.SerializedColumn
#         __class__: astropy.coordinates.angles.Latitude
#         unit: *id002
#         value: !astropy.table.SerializedColumn {name: sky_centroid.dec}
#       frame: icrs
#       ra: !astropy.table.SerializedColumn
#         __class__: astropy.coordinates.angles.Longitude
#         unit: *id002
#         value: !astropy.table.SerializedColumn {name: sky_centroid.ra}
#         wrap_angle: !astropy.coordinates.Angle
#           unit: *id002
#           value: 360.0
#       representation_type: spherical
#   astropy version: '5.1'
#   make_catalog parameters:
#     ab_zpt: 31.4
#     coadd_bands: !!python/tuple [f277w, f356w]
#     deblend_contrast: 0.001
#     deblend_nlevels: 32
#     deblend_npixels: 1
#     detect_kernel_fwhm: 4.0
#     detect_kernel_npix: 7
#     detect_npixels: 4
#     detect_threshold_nsigma: 3.0
#     flag_isolated_buffer: 4
#     hst_bands: !!python/tuple [f606w, f814w, f125w, f140w, f160w]
#     jwst_bands: !!python/tuple [f115w, f150w, f200w, f277w, f356w, f410m, f444w]
#     near_border_kernelsize: 21
#     reference_band: f200w
#   make_catalog version: 1.4.0
#   photutils version: 1.5.0
# schema: astropy-2.0
label xcentroid ycentroid sky_centroid.ra sky_centroid.dec bbox_xmin bbox_xmax bbox_ymin bbox_ymax area semimajor_sigma semiminor_sigma orientation eccentricity min_value max_value local_background segment_flux segment_fluxerr kron_flux kron_fluxerr kron_radius gini equivalent_radius kron4_2_flux kron4_2_fluxerr radius_kron20 radius_kron50 radius_kron80 near_border
[from data line 916]
917 7320.406772744318 1289.350020745871 214.84852806943317 52.8132773791383 7313 7326 1278 1301 242.0 4.981355409593687 2.5505296453801467 77.20447576261533 0.8589763927977766 -0.11074142162875344 1.1669276231619352 0.0 98.34131479985692 2.8525624 144.8962497514798 5.828221922703975 1.9972818106635535 0.3894944056777655 8.77673016883152 155.92312383461658 9.356175660171006 3.144526057941882 6.302375263759658 11.99723028012975 False
918 7428.262955580775 1286.448754265765 214.84759639642832 52.81257643469291 7421 7434 1278 1293 155.0 3.153224513431838 2.3811332537984162 33.87997051368171 0.6555608945674825 -0.0421814170437926 1.5822570205146076 0.0 78.6146170016614 2.2821171 151.7352312828742 5.718045907296969 2.5772443042872935 0.42767480651659745 7.024103669400641 223.9349980229046 8.58479625935464 2.8278671448498405 6.627010195372241 12.39864068923142 False
919 9940.402710551196 1286.8597623696735 214.8251901592493 52.79661471894353 9932 9949 1282 1291 132.0 4.274964845183302 1.938686646198097 12.20277916058442 0.8912574559499642 -0.07580462923344436 0.5723116505342604 0.0 36.520200959884136 2.1235242 52.164547301858036 4.2592676507560645 1.7441152626644565 0.2619449596077176 6.4820448144285745 45.57849788827778 6.82075209708863 2.7715719620630703 5.201589660181327 9.003624316189287 False
920 1791.589276841148 1289.8778285373082 214.89788508737294 52.848399017420974 1782 1800 1284 1296 172.0 4.207852410565547 2.3835570089760334 22.42904469868381 0.8240930038867945 0.02994060744948426 1.1594742124204498 0.0 77.12500902449135 2.2182977 115.65823896341644 4.568035063527484 1.9550337222483072 0.3065091201386918 7.399277020331919 130.09698764953214 7.2017508777735415 2.963556043624525 5.814182074206752 9.320690643491067 False
921 7452.811932231479 1288.134079886417 214.84735968559704 52.812429540450054 7451 7455 1286 1290 21.0 1.4614400483702519 0.9041680636565129 -42.54038350639968 0.7856407497491652 -0.10054847118058237 0.18821688942511444 0.0 1.6524078296202964 0.9379379 15.247539305708656 3.3147102412570555 3.516084312188178 0.31818519835181175 2.5854414729132054 34.36005994615098 5.355617505680416 3.3248189669020927 5.261887997408316 7.221049838304583 False
922 7569.435032551651 1291.3712820169392 214.84628531640476 52.81170597954697 7565 7574 1287 1295 77.0 2.478947727837423 2.0880968245276015 13.113898835925479 0.5389591072759232 -0.028863724656124398 0.8673874001679358 0.0 27.972164765362514 1.8117332 70.35153433848916 5.443782787506338 2.698166849843908 0.25722763695854667 4.950743503369154 63.12715695306042 8.370988015629692 3.098305396146922 6.01208424324308 9.324064872507941 False
923 9139.018125756253 1292.0998756100705 214.83227960899467 52.80173599446898 9136 9143 1288 1295 51.0 1.9214484168479622 1.6881635744561534 82.31649819731402 0.477578526487584 0.05672999680008379 0.7930606537047062 0.0 21.046648040430735 1.3554542 48.190349655816576 4.255671307332415 2.7246731090274605 0.25358581090630444 4.029119531035698 57.62217929667762 6.710169942785476 2.2728199978527743 4.443378189656217 8.7408287706966 False
924 9633.582124349065 1291.019397906177 214.8278816156429 52.798587123361244 9632 9636 1288 1294 30.0 1.6740303435537152 1.1647542360887795 83.63566830832856 0.7182564652317942 0.08002496773832245 0.6124827663844681 0.0 10.643676681215888 1.1091425 19.7339822598044 2.676271468347803 2.1344691313220774 0.24276565427385988 3.0901936161855166 23.570811221582503 4.449921841377894 1.5896800448120754 2.8116095271000896 4.186193464905158 False
925 10159.78504400183 1288.5352089998796 214.8232169953376 52.795229436957435 10159 10162 1288 1290 10.0 0.6533708469296748 0.3282705915620317 -41.658944353682344 0.864620133618567 -0.18705678658488423 0.13409436220791482 0.0 -0.1884889445328679 0.6395923 0.3486928920582858 0.5532779203406801 1.4 -0.415215124725839 1.7841241161527712 -0.09503927394047726 0.8710569869355169 0.458741818472681 0.7334386107364368 1.0018614108164514 False
926 1352.0989894923005 1292.7761433583883 214.9017819071616 52.85120540037536 1348 1356 1290 1297 55.0 2.019290091285831 1.7309143687279125 -23.64185841579746 0.5150010407024181 0.059596600812293565 0.7531136398273148 0.0 21.669753919763945 1.1309277 45.638617843295606 3.2216282754785768 2.472741294668746 0.26663606607370793 4.1841419359420025 69.43659733585203 5.225358781255753 2.2184168124749957 4.313036228270414 7.348078564347923 False
927 8299.53535659371 1294.4822029023455 214.83974054526706 52.80708353493882 8295 8304 1290 1299 75.0 2.2788781297634264 1.8933349166380051 -32.98845320209449 0.5565429287135428 0.036848476815188894 1.2433052820260568 0.0 40.576852844360076 1.7195977 52.56254868738573 3.4909859909536176 1.8992079429012552 0.31700213780784214 4.886025119029199 47.468600302006365 5.540385434853553 1.8228279028208496 3.260203367567356 5.315050512133329 False
928 1881.6738677007766 1296.836962969599 214.89700697873837 52.847864522112424 1874 1889 1291 1303 159.0 3.7625049850078742 2.7757789602888097 6.01546188541199 0.6750766646540827 -0.1758771724960105 0.5496024599364319 0.0 40.493873835136526 2.161104 109.73236621930339 6.694225045584456 2.8232779540105684 0.2517503357951217 7.1141599576634995 139.5508480958744 10.758137682505765 4.599827052520596 9.480151578862973 18.264893691390654 False
929 10108.160334505546 1297.005707501098 214.82358812714813 52.79560320153131 10103 10113 1292 1302 80.0 2.2121108859704584 2.0883153179446112 15.770347933424718 0.32983854440833754 -0.11981456634533764 0.6171319580521947 0.0 18.11784723553596 1.7400892 29.73525779064611 4.117348800735338 2.2175150834275303 0.3667767597422218 5.046265044040321 34.42751119644606 6.596839637089335 2.085079655217259 4.113718871018475 6.977569578028687 False
930 7425.779421110231 1319.2617468981296 214.8472736107149 52.81276913905953 7407 7444 1296 1337 1077.0 5.633086644076268 5.040663713295325 -39.822386725000484 0.4464039403605321 -0.16712448185788106 20.340503688905056 0.0 1647.5048964664347 6.3838983 1647.8932500496876 6.498170635793141 1.4111631171950498 0.6908021280986943 18.515392175699183 1778.7516792454132 10.140485057493207 2.479091654356321 4.910610283669005 9.501044624433282 False
931 9908.488927308934 1303.044961807438 214.82530451974253 52.796904785746435 9902 9915 1298 1308 113.0 2.819838375497583 2.2628840895315485 -10.687185554077324 0.5966693875849209 -0.15424981031953097 1.1718176281903347 0.0 54.80737121404144 2.387503 116.90732530174671 6.242516940720078 2.7207367489716647 0.3268832164464248 5.997417539138688 148.10459487549304 9.831240546455259 2.9183456927523204 6.724863063639272 13.024154420458055 False
932 522.8901290410104 1307.9587226129295 214.90903346071477 52.85655242940138 511 536 1299 1316 355.0 4.594185613551358 3.285707939317821 -5.938319110308306 0.6989317933862532 0.0833318456873474 5.1115400851811215 0.0 359.7942045933241 3.1679974 394.76289651238267 4.153033516289764 1.4643087838270705 0.4756285890126325 10.630146264057032 405.1933189597161 6.4576323441379575 2.4375408090442594 4.846194274064315 8.660087665755002 False
933 3472.2062501763253 1317.1339105709762 214.8825851375148 52.83787303239038 3456 3490 1302 1333 827.0 8.211065253903488 6.123409508297265 -37.61239146077253 0.666224855336617 -0.07216436907370603 0.8559071624101828 0.0 216.99421586621287 4.667281 503.7033210218344 13.987543085851192 2.7488544681012983 0.3323133214607881 16.224742705941285 651.7671568167815 22.624724711390026 8.758816312037162 19.903402796222814 37.1128863461559 False
934 1780.2255211790703 1305.8241227521487 214.89781895695725 52.8485572302093 1778 1782 1303 1309 27.0 1.6914351162090095 1.2337069282221496 -79.62738644991094 0.6841037425609934 0.11682444851943333 0.3207491805350516 0.0 5.552485004914244 0.8047576 24.190141589864957 3.334957458848054 3.0787059108981825 0.15592994296170115 2.9316150714175193 50.20490348817269 5.146662400831617 2.728641977047431 5.9586271826433705 10.088165105420886 False
935 3863.972587120657 1303.8820611652754 214.87922578179774 52.83531328566005 3863 3865 1303 1305 8.0 0.985406816583888 0.5939733222108982 39.23098550473972 0.7979152515820971 0.014713021988075383 0.2533691456664221 0.0 1.3047133405609377 0.4415662 10.736382551900494 1.8213157654861618 3.3257106782705703 0.30537916862651937 1.5957691216057308 20.600437395655224 2.924029600443714 1.9468108132715949 3.0584071591581488 4.4539505735449145 False
936 1569.4142072398054 1306.4692463064905 214.8996959301708 52.84989937030994 1568 1571 1305 1308 13.0 1.1669632921175872 0.8307820947072713 36.97791516210067 0.7022626693765284 0.09094834892448961 0.4309402742787868 0.0 3.449581619147782 0.5723766 17.484339191960757 2.3829989840780517 3.2666778428205023 0.1742968406731812 2.0342144725641096 20.66316093775286 3.8736927513975714 2.095494162533532 3.851098349366652 6.553397112118462 False
937 3428.1089884886333 1308.8612707417135 214.88306595386425 52.83810847318772 3426 3430 1305 1312 32.0 2.292525957706616 1.1340131130482454 88.82897547843984 0.8690885113547497 -0.02986272444901146 0.40919961176130043 0.0 4.672107543003992 0.9102308 37.754228141114325 4.0921318289082445 3.4754164778003034 0.41779321147237236 3.1915382432114616 57.424269352192596 6.460952420265125 4.0609931599700335 6.733649305517341 11.574781839291829 False
938 7075.965190325141 1306.1046564370604 214.85053268306015 52.81492083736465 7075 7077 1305 1307 7.0 0.8320417013361433 0.6868414045523804 -59.5303433716455 0.5644179726502923 0.31004746520977555 0.5078034073621753 0.0 2.776627226251519 0.43211725 28.312455286301653 2.0323902773946925 3.52117746244481 0.11417664965114324 1.4927053303604616 59.27483330870988 3.3493253912722576 2.3929003473862553 4.450224659924323 5.803656468384353 False
939 8652.710148792965 1307.456812811221 214.83645454484304 52.804909202023445 8649 8657 1305 1310 37.0 2.084643390419135 1.38348242260031 -7.813029107820057 0.7480394716988458 0.15911176214848077 0.5705913596557851 0.0 12.76800112149028 1.1611397 59.628104491905745 4.922957364117147 3.3309127727942793 0.1559410397545812 3.431831258788849 84.03534859398235 7.711577806653992 3.352462952355992 6.285746831666566 9.612022667250942 False
940 6759.210649143823 1309.1901729062365 214.85332635010877 52.8169499912779 6756 6761 1306 1312 35.0 2.2295681358236084 1.2968008858449753 -86.92297280035686 0.8134479603518814 0.00705895232714465 0.5122641510642613 0.0 8.082480952908478 1.0981826 27.400676245388418 3.6759539935166576 2.7474002076200374 0.36609375851297965 3.3377905890622728 33.02206131597928 5.880820737775689 2.821730725606319 4.485202901057992 6.940977542747701 False
941 8766.915960979026 1321.5040506550147 214.83528846582732 52.80425917909954 8757 8777 1307 1334 392.0 5.885200755766539 3.5886520914390796 63.09882743400524 0.792574073386159 -0.03676236573457213 1.941141899413558 0.0 287.2865076060025 3.8820827 400.3561350805412 8.473588722435386 2.096341273229365 0.3471083912085654 11.170383851240114 487.2997826000822 13.726657905956154 4.063367949367946 7.814690648783944 13.37260575253908 False
942 8281.60501367501 1311.7451914156077 214.83971898908231 52.807290541166076 8278 8285 1308 1316 60.0 1.9418514824551854 1.7766663337921322 -76.71413418171996 0.40360303339399234 0.17880342731167964 1.4242694553180562 0.0 41.412368913312115 1.5330076 52.827117059307156 2.816791879315509 1.7266672919836716 0.29495640296768033 4.370193722368317 51.247187876572454 4.555238199425151 1.6451663648686288 2.8911333317660937 4.502968622732219 False
943 2793.1288879399067 1312.4610375534878 214.88869974463393 52.84216065420738 2790 2796 1309 1316 43.0 1.9195438299394625 1.5826697020208653 65.84867836111462 0.5658575396895417 0.15273972118048412 0.5868366099218679 0.0 14.564574395311059 1.1216812 31.78003637406777 3.3658853341330843 2.579809836974194 0.18208707109840952 3.6996385101659595 33.20690124789703 5.202739003629216 2.2313654333103963 4.068707025574861 8.495596005897335 False
944 9638.084142382075 1312.557311947002 214.82761508735354 52.798674604133915 9636 9641 1310 1315 28.0 1.6927994709877174 1.234115251702897 47.202051123805234 0.6844731543096085 0.21357332155270028 0.6321498165966353 0.0 10.931901792772871 1.0632974 29.185422778738243 3.4054573739914185 2.6053132132654695 0.152401604879272 2.985410660720923 26.82143229882673 5.881532308029736 2.113053223815998 3.6138758075688835 6.042659461806494 False
945 9925.102737338479 1311.1149354014813 214.82507159462358 52.796842692377055 9924 9926 1310 1312 7.0 0.9241916018554874 0.5158205959170173 44.90784556461622 0.8297524006977129 0.21406273195441772 0.36090045490797823 0.0 1.8799706877705675 0.5877673 19.42556752971973 2.4311665306732113 3.794924477395952 0.11982387841694142 1.4927053303604616 41.91610453285449 3.876408970770207 2.3070886515575832 3.762169395029918 5.133764140140714 False
946 4388.220288412502 1312.842667069841 214.87445038340047 52.83203176961686 4387 4390 1312 1314 10.0 0.9776529639110676 0.6596703221686481 21.404364663682085 0.738047314790003 0.014370119462287449 0.20897031023006454 0.0 1.375988047496467 0.47729793 15.781013839909807 2.1996215655826514 3.9627317889335516 0.22166552824901542 1.7841241161527712 28.063293419107595 3.489210882275811 2.763039766285961 4.187877380399871 5.811588021748373 False
947 3433.4864770504514 1319.5307952969185 214.88290574663586 52.838131882069504 3428 3439 1313 1326 128.0 3.2183688425679327 2.21394074392737 87.70171595590843 0.7257981682436727 -0.12842756691199075 0.9545854544044271 0.0 52.678112799736326 1.8121468 97.85467138811237 4.706443498077398 2.466809430092296 0.33758210567884306 6.383076486422923 142.20579033949684 7.6099447298403105 2.957017452993223 5.973387304355559 10.418724426365083 False
948 6891.271299842754 1327.6832236082907 214.85195365518916 52.816210665458286 6875 6906 1313 1342 658.0 7.034562257393219 4.11066835540389 39.34390524387612 0.8114995003351109 -0.021206488581347622 5.186750303944713 0.0 898.8412183509581 4.9620686 1000.7689405232805 7.73889614588166 1.7534357798679305 0.4757150456752661 14.472315126092793 1141.035577825331 12.120946265444898 3.8329085517575616 7.225842800146039 12.46740818249239 False
949 4148.296199857299 1319.3858603093945 214.87652386542865 52.83359101159727 4145 4152 1314 1324 70.0 2.8430857338731483 1.6233527706973714 -70.83773768330849 0.8209620913792044 -0.06809483135678045 0.5282962087229376 0.0 21.325180549558116 1.3823433 42.67277734906138 3.7511897048920813 2.4870978432444693 0.21426672340304637 4.720348719413148 51.91399238706904 6.074954647843317 2.5877904627984796 4.929665274689742 8.598892406346291 False
950 6428.040604857796 1335.0032320622413 214.85600998194718 52.81919322663151 6400 6455 1314 1355 1640.0 6.454153291215267 5.194977466368672 -18.814141659023747 0.5934042774434989 -0.16561718909423762 38.58365119791341 0.0 3163.590259325838 7.3914475 3084.480079174283 6.67787007303422 1.4 0.7541787957177482 22.847936741452536 3300.3985117554394 10.162290586291459 2.4545757470959044 4.834994288536542 9.443706718138301 False
951 6704.894720018542 1319.256038502323 214.85370516743572 52.81734936332007 6700 6710 1315 1324 82.0 2.685203146695719 1.895541660986266 49.623470644203245 0.7082904397013229 -0.05800304111440329 0.7440161371830016 0.0 17.6802634491037 1.5809021 27.189212771879305 2.473113837984579 1.4 0.4349158255880491 5.108953969950291 24.911661636372813 3.9608917577638385 2.2744220097155723 4.010214954776406 6.063743871141317 False
