outputs/dr0.5_c0.1/nircam1_f277w_dr0.5_c0.1.ecsv
# %ECSV 1.0
# ---
# datatype:
# - {name: label, datatype: int64}
# - {name: xcentroid, datatype: float64}
# - {name: ycentroid, datatype: float64}
# - {name: sky_centroid.ra, unit: deg, datatype: float64}
# - {name: sky_centroid.dec, unit: deg, datatype: float64}
# - {name: bbox_xmin, datatype: int64}
# - {name: bbox_xmax, datatype: int64}
# - {name: bbox_ymin, datatype: int64}
# - {name: bbox_ymax, datatype: int64}
# - {name: area, unit: pix2, datatype: float64}
# - {name: semimajor_sigma, unit: pix, datatype: float64}
# - {name: semiminor_sigma, unit: pix, datatype: float64}
# - {name: orientation, unit: deg, datatype: float64}
# - {name: eccentricity, datatype: float64}
# - {name: min_value, datatype: float64}
# - {name: max_value, datatype: float64}
# - {name: local_background, datatype: float64}
# - {name: segment_flux, datatype: float64}
# - {name: segment_fluxerr, datatype: float32}
# - {name: kron_flux, datatype: float64}
# - {name: kron_fluxerr, datatype: float64}
# - {name: kron_radius, unit: pix, datatype: float64}
# - {name: gini, datatype: float64}
# - {name: equivalent_radius, unit: pix, datatype: float64}
# - {name: kron4_2_flux, datatype: float64}
# - {name: kron4_2_fluxerr, datatype: float64}
# - {name: radius_kron20, unit: pix, datatype: float64}
# - {name: radius_kron50, unit: pix, datatype: float64}
# - {name: radius_kron80, unit: pix, datatype: float64}
# - {name: near_border, datatype: bool}
# meta:
#   PHOTMJSR: 0.4907999932765961
#   PIXAR_SR: 2.11539874851881e-14
#   __serialized_columns__:
#     area:
#       __class__: astropy.units.quantity.Quantity
#       unit: !astropy.units.Unit {unit: pix2}
#       value: !astropy.table.SerializedColumn {name: area}
#     eccentricity:
#       __class__: astropy.units.quantity.Quantity
#       unit: !astropy.units.Unit {unit: ''}
#       value: !astropy.table.SerializedColumn {name: eccentricity}
#     equivalent_radius:
#       __class__: astropy.units.quantity.Quantity
#       unit: !astropy.units.Unit {unit: pix}
#       value: !astropy.table.SerializedColumn {name: equivalent_radius}
#     kron_radius:
#       __class__: astropy.units.quantity.Quantity
#       unit: &id001 !astropy.units.Unit {unit: pix}
#       value: !astropy.table.SerializedColumn {name: kron_radius}
#     orientation:
#       __class__: astropy.units.quantity.Quantity
#       unit: &id002 !astropy.units.Unit {unit: deg}
#       value: !astropy.table.SerializedColumn {name: orientation}
#     radius_kron20:
#       __class__: astropy.units.quantity.Quantity
#       unit: *id001
#       value: !astropy.table.SerializedColumn {name: radius_kron20}
#     radius_kron50:
#       __class__: astropy.units.quantity.Quantity
#       unit: *id001
#       value: !astropy.table.SerializedColumn {name: radius_kron50}
#     radius_kron80:
#       __class__: astropy.units.quantity.Quantity
#       unit: *id001
#       value: !astropy.table.SerializedColumn {name: radius_kron80}
#     semimajor_sigma:
#       __class__: astropy.units.quantity.Quantity
#       unit: !astropy.units.Unit {unit: pix}
#       value: !astropy.table.SerializedColumn {name: semimajor_sigma}
#     semiminor_sigma:
#       __class__: astropy.units.quantity.Quantity
#       unit: !astropy.units.Unit {unit: pix}
#       value: !astropy.table.SerializedColumn {name: semiminor_sigma}
#     sky_centroid:
#       __class__: astropy.coordinates.sky_coordinate.SkyCoord
#       dec: !astropy.table.SerializedColumn
#         __class__: astropy.coordinates.angles.Latitude
#         unit: *id002
#         value: !astropy.table.SerializedColumn {name: sky_centroid.dec}
#       frame: icrs
#       ra: !astropy.table.SerializedColumn
#         __class__: astropy.coordinates.angles.Longitude
#         unit: *id002
#         value: !astropy.table.SerializedColumn {name: sky_centroid.ra}
#         wrap_angle: !astropy.coordinates.Angle
#           unit: *id002
#           value: 360.0
#       representation_type: spherical
#   astropy version: '5.1'
#   make_catalog parameters:
#     ab_zpt: 31.4
#     coadd_bands: !!python/tuple [f277w, f356w]
#     deblend_contrast: 0.001
#     deblend_nlevels: 32
#     deblend_npixels: 1
#     detect_kernel_fwhm: 4.0
#     detect_kernel_npix: 7
#     detect_npixels: 4
#     detect_threshold_nsigma: 3.0
#     flag_isolated_buffer: 4
#     hst_bands: !!python/tuple [f606w, f814w, f125w, f140w, f160w]
#     jwst_bands: !!python/tuple [f115w, f150w, f200w, f277w, f356w, f410m, f444w]
#     near_border_kernelsize: 21
#     reference_band: f200w
#   make_catalog version: 1.4.0
#   photutils version: 1.5.0
# schema: astropy-2.0
label xcentroid ycentroid sky_centroid.ra sky_centroid.dec bbox_xmin bbox_xmax bbox_ymin bbox_ymax area semimajor_sigma semiminor_sigma orientation eccentricity min_value max_value local_background segment_flux segment_fluxerr kron_flux kron_fluxerr kron_radius gini equivalent_radius kron4_2_flux kron4_2_fluxerr radius_kron20 radius_kron50 radius_kron80 near_border
[from data line 2632]
2633 2026.9154451346246 3208.410840782262 215.00425833431686 53.002737565805376 2016 2039 3194 3221 524.0 5.202924464270653 4.201469126653986 81.66998473247453 0.5898392522763615 0.06384475576765752 5.185304688704817 0.0 599.3919893926011 2.5722296 652.2993692027339 3.643659073601785 1.6020414180299456 0.48481303732847886 12.914889870235298 694.0380426585252 5.673909078921337 3.0998195313672436 5.967982159160982 9.976774570018065 False
2634 2287.996675104429 3201.6851565906254 215.0019840399325 53.00104540715241 2282 2294 3196 3207 126.0 2.793421320317742 2.3700445143139444 -39.639569500944354 0.5292949391258357 0.09381995051927525 1.4938023811194545 0.0 72.18024075469759 1.2785835 108.14329228991144 2.7096362269409133 2.2333654212419165 0.3537269343673103 6.333012368467128 144.90420740164654 4.211260593436929 2.341472849051376 4.500659283539469 8.724772579005178 False
2635 7531.607032074347 3199.7724481835726 214.9549411287711 52.96776976341069 7528 7535 3196 3204 54.0 2.5684124852950077 1.4623000195515323 -49.81266026370553 0.8221021469010426 0.10360097843743957 0.8305276277988913 0.0 27.732465448123847 0.9141155 65.29448328069063 2.8090672694980947 2.711649708562629 0.16831051217536566 4.145929793656026 101.78513716331176 4.443953597445144 2.672721864783924 5.023788433857019 9.102503040687491 False
2636 2345.9025294966777 3211.7074682804705 215.00135829925105 53.00073233179002 2327 2364 3203 3225 474.0 8.105637170837033 3.016538055903473 -21.979648763350212 0.928171355452382 0.05509124406171649 2.4157395730680524 0.0 295.86962671664253 2.3375812 393.07419652129715 4.289841445414374 1.898569902418992 0.39216068683903127 12.283276682185287 432.597678475949 6.80311348685712 4.0277517124311775 8.6708996173809 16.477742152946615 False
2637 2705.160473433158 3207.0869510310513 214.9981802893594 52.998428816509865 2703 2707 3205 3209 22.0 1.3280389154087304 1.1409555608339326 31.25484340249654 0.5117605826261835 0.29381130566462405 0.7294423467707488 0.0 11.090319462507468 0.47902733 28.193084633447043 1.5215113434387852 2.7140782873345324 0.1420908763842695 2.6462837142006137 26.064167262601195 2.4371065366972937 1.7259838464730137 3.27729713434254 5.6264221011258915 False
2638 408.7922157383458 3209.28633265569 215.01878797647356 53.01300355686452 408 410 3207 3211 13.0 1.2247571970753839 0.7670244359365339 85.24735872592031 0.7796090285907096 0.2189137671603725 0.52560300905748 0.0 5.374755180644853 0.40468562 25.396667495521683 1.5203239469856769 3.214987435002291 0.14883686117437694 2.0342144725641096 32.60322656991471 2.399508792075481 1.9904435182830067 3.6274149562604494 5.97573792935581 False
2639 1326.1766249059856 3209.727839937097 215.01053976100357 53.007188610106624 1320 1332 3207 3212 63.0 3.00336066048131 1.388584150178689 3.1093960980121067 0.8867009235546822 0.2143250699217213 0.7533275124218108 0.0 25.493741901661878 0.8401721 52.53543229466602 2.3979987007655823 2.506380783768786 0.18232141020110212 4.478115991081385 62.598899008051106 3.813540535452203 2.4754390121202894 5.003577898140681 9.226504719696713 False
2640 9298.184961868457 3213.6413433013768 214.93895567542845 52.95663332292139 9282 9317 3207 3221 434.0 7.53563570713319 2.7038013085256574 3.1971333739746464 0.933413686923969 0.0620161865186094 4.3460050052189505 0.0 452.3783505794952 2.8315673 487.60720143152156 4.113217057592593 1.5518055149261059 0.4309860262615452 11.753573524837677 515.420173234502 6.5249419284151715 3.382081373635148 6.615510851497447 11.32921137468446 False
2641 2801.211132882364 3210.2829119677385 214.99728397920921 52.99783688927828 2799 2803 3208 3212 18.0 1.6581479265845467 0.8389418422083114 40.03051393942856 0.8625621361776312 0.29651232026989427 0.6512226844687594 0.0 8.072523723704798 0.4460987 27.026877391171233 1.4969343016693442 2.841445322810022 0.1408558857584142 2.393653682408596 29.790406895864194 2.4046050544130773 2.0130690340914468 3.609777607401156 5.953661209979408 False
2642 3632.1399109419335 3212.364338837926 214.98980050140995 52.992577703672524 3627 3638 3208 3217 86.0 2.744820837123197 1.925248195657273 31.058230941184817 0.7127568084197436 0.15695632569280812 0.940021568998169 0.0 38.83885983437255 1.1191851 60.92499320757844 2.06280998905369 1.7915564771024897 0.24814532002078696 5.232078956954491 59.44958342745126 3.187883875966655 2.268068704165482 4.26523019330339 6.858927502942177 False
2643 7665.7292221843845 3210.6109330905824 214.95362408715968 52.96697719218271 7663 7668 3208 3213 23.0 1.5627911495768334 1.1061321929572714 -37.35666936930483 0.7064201799083574 0.24892167068373733 0.5082348024604777 0.0 8.413939549261135 0.58628494 39.02666457834328 2.2097984245257494 3.2259661745763153 0.12108164650169144 2.7057581899030048 60.186050040590295 3.5861381566447137 2.5890409103804375 5.2614193766003865 8.303604296289084 False
2644 7838.881027619723 3212.2299475729515 214.95205422983355 52.96588713019425 7835 7843 3209 3217 65.0 2.176276996415951 1.766530115676505 -38.362219835597394 0.5840451504561559 0.08867700632602946 1.2016790256549765 0.0 31.995434155880137 0.97366554 48.10137754450311 2.146555076043463 2.009101165871165 0.28416754480368356 4.54864184146723 53.161990221976964 3.4355587159582863 1.8103009868632634 3.488386462063357 5.933523147399305 False
2645 967.0639574047881 3214.898458266029 215.01371196762074 53.009493845405856 964 970 3212 3217 31.0 1.6792542426916741 1.237295294277232 3.400715836540878 0.676097282219292 0.19493441701160508 0.6170579903940635 0.0 10.89196214133989 0.5848509 32.390862284069286 1.8878308348428352 2.8957655074609177 0.17207789817004326 3.141274657157109 64.60354060535549 3.003441272708728 2.2107215743639306 4.5103997196318675 7.807149184021515 False
2646 6251.853147899404 3219.171275255868 214.9662162543978 52.975995011228505 6248 6255 3213 3224 64.0 3.1380811411896916 1.4317330884402395 66.58935365874281 0.8898543227301929 0.13520173287731643 0.6040678328320632 0.0 22.323609127670554 0.8356612 45.280159518177626 2.3820790141773407 2.404526561056726 0.1839169150532943 4.51351666838205 54.454565399632834 3.7729308286523024 2.610415013312764 4.928106548254357 7.651095036042604 False
2647 4442.348200083905 3215.073220815147 214.9824982257001 52.987452878696466 4441 4444 3214 3216 9.0 0.9635804354729235 0.6935208877648527 -24.26765748279247 0.6942507003548428 0.2870806819080113 0.3842623969783642 0.0 3.042836104444506 0.30377027 20.632662518356426 1.2461814265790216 3.4344521742028777 0.0584227102299016 1.692568750643269 42.227659116515376 1.989576651146 2.0671408984664135 4.04841510168777 6.183348828191753 False
2648 9028.052787232114 3216.728358599308 214.94134465353784 52.958364488529625 9025 9031 3214 3219 31.0 1.5826306055755424 1.3794488047601505 39.15069157454456 0.4901863248751286 0.2253585625420611 0.6296930927662141 0.0 12.819998125889704 0.6924261 35.83522980774336 2.2639910245627215 2.7515615218427794 0.1543085055040749 3.141274657157109 43.319864409308906 3.590607195015544 2.177084015286644 4.02621487770493 7.042597047840318 False
2649 3788.8732234507743 3218.0876415305142 214.9883329639362 52.99161444939112 3788 3790 3217 3219 8.0 0.8767070441063566 0.6496537357526658 42.2920479970505 0.6714876356568592 0.26093833382622494 0.3819799862060267 0.0 2.638545684756221 0.3128201 22.24705539821586 1.3096365677420272 3.5524990361408837 0.07792742260056788 1.5957691216057308 34.3219960935955 2.020077918922408 2.237678031198206 4.0700496712039085 5.607295884419477 False
2650 649.4512584921952 3225.099644850368 215.01645855001792 53.011563040749245 645 654 3218 3232 122.0 3.4097447756424626 2.075117887578162 77.12066417478465 0.793489056021959 0.14501483597927448 0.9833724644138511 0.0 58.25793396925821 1.151028 94.2928062954595 2.8113102490478754 2.299073153955227 0.28987008408283554 6.231677632421503 114.51655565539514 4.470789746651667 2.6369813995867517 5.245481878219879 9.527208827777677 False
2651 2317.8941924186865 3220.5635170983164 215.00151654058845 53.00095783802928 2314 2322 3218 3224 44.0 1.9284793303113232 1.5644894214068388 13.229863731860725 0.5846918410662657 0.10886833836994184 0.5085720654127723 0.0 14.570826385952694 0.7018073 59.247454124975846 2.3930348386782794 3.0908134499617392 0.1754993024735943 3.742410318509555 86.8276064351221 3.888383238157967 3.23658861079762 6.8318798066270245 10.763492257044383 False
2652 6454.788300763122 3223.1702344238884 214.9643534811174 52.974728997167894 6450 6460 3218 3228 62.0 3.3996308748022535 1.444238523276823 -47.94881096189282 0.9052768275020312 0.09692468429223544 0.3481551476433857 0.0 14.363828873040536 0.81836253 169.73738190285488 3.7925503228562 3.702957886515424 0.13371135018261543 4.442433223290478 318.45145759472894 6.0722931112698175 7.239416408043867 13.494086795158038 18.01050399692302 False
2653 8176.858043278778 3224.9285126932327 214.94888973491433 52.96381088093822 8171 8182 3218 3233 146.0 3.3092307437399753 2.1707026070606648 -82.55866226549736 0.7548010085193964 0.12840583035135633 2.375491817179629 0.0 112.23736006337228 1.4983648 128.38243746827123 2.2269177192208236 1.5386940242529812 0.40263048796597667 6.817128675830715 130.62702210686874 3.5469016595095657 2.0420755629280434 3.8111031583931747 6.135346117070622 False
2654 1297.4899580622262 3219.9138329970406 215.01069015182767 53.0074255956326 1297 1298 3219 3221 6.0 0.8049221839693339 0.49985466825114766 -89.39438205825888 0.7838125403059534 0.34048298287676804 0.4675307311741211 0.0 2.491575911149467 0.2548556 16.840306831256523 1.078165176982798 3.579526401748161 0.07295037747710297 1.381976597885342 22.010886222680796 1.7045580999426688 1.701515350850732 3.0466817943558913 4.773154337228388 False
2655 793.4504967555755 3223.393464600372 215.015182509163 53.010640698140655 790 797 3220 3227 55.0 1.9071544568945968 1.8190486232502316 23.818759349001798 0.30043444647914175 0.1864120959552921 0.908078644653803 0.0 27.132893582524378 0.81808585 41.797404473284224 1.9421996803615826 2.2104060996663084 0.22363935211860084 4.1841419359420025 60.31147683716544 3.125541310039553 1.8639529206000243 3.3592894382211007 5.428413358240164 False
2656 2667.267497164868 3225.185927647738 214.99832987355907 52.998766979804486 2663 2672 3220 3230 79.0 2.6295958543663285 1.758732607344413 -55.357412359435045 0.7434222210734578 0.1062895204635503 0.8759006568120768 0.0 32.339261535418764 0.90283996 48.28601826506372 1.9280551404294923 2.0262212013059266 0.279803553299107 5.014626706796775 46.14512476415379 3.145578411288381 2.0370343757823157 3.878991169713933 6.588684619255345 False
2657 773.8736283971765 3226.5613356072217 215.0153250423096 53.010781966113875 771 777 3224 3229 35.0 1.8898628134574393 1.2849777070437365 -37.608657024241104 0.7332754133818847 0.1857395398365414 0.46599520598062094 0.0 11.781571370061965 0.615075 39.85648857724691 2.060372561861565 2.877967915908861 0.14564881909395516 3.3377905890622728 57.17980106234785 3.277066523821912 2.6012786946948685 5.1743016472264625 8.551744637421656 False
2658 1419.8697492407082 3229.062785239631 215.00949419038443 53.006698977566295 1415 1426 3224 3234 105.0 2.7943468795709427 2.192361345855461 44.70774638652097 0.6200399745215881 0.1326307890477397 1.1195385600245031 0.0 47.99529466370865 1.0952762 67.39658090301083 2.3535759652483317 1.9756150833240964 0.28446589799052585 5.781222885281108 75.66804999088416 3.735891808002717 2.2514674450297387 4.172480947370776 6.8464580267466575 False
2659 1836.7723531328352 3229.8425157399156 215.00574054832396 53.00405929928639 1834 1839 3227 3232 31.0 1.4576356562174633 1.4082186750355852 5.614039138895117 0.25817618453839036 0.16459399254040188 0.6645789527830405 0.0 13.332916531138075 0.58737695 22.593941342492556 1.3988330727096434 2.0852717372982945 0.18714604331272972 3.141274657157109 23.455795664712657 2.2499572221379527 1.5467081865829715 2.7651614072604 4.446221966170169 False
2660 470.86077007296416 3235.213462830827 215.01795690127963 53.01275017116226 465 477 3228 3243 154.0 4.086709110661587 2.29585534331184 59.733126590375115 0.8272826971315871 0.12429928831627496 0.9041074482262647 0.0 63.179381143469 1.2806244 124.05514422224817 3.464144175314583 2.5135916673526606 0.25431066149005194 7.001408606295148 140.8190133853496 5.48274845825 3.4826530986827366 7.221717915156774 12.900197801334773 False
2661 892.583908572605 3235.18275327516 215.0141674441038 53.01007581211861 884 901 3228 3243 190.0 4.57480583709557 2.385413685420759 38.86412756505511 0.8532977108609913 0.015227076252201387 1.3560586872160245 0.0 94.1726555293682 1.6834654 188.59656099854845 4.355489109778801 2.5834936929387933 0.3177612823415275 7.776816725043752 260.3208332884871 6.666741001896349 3.663016112807567 8.182482356738577 14.101383505367671 False
2662 2763.851991222953 3230.6990288479815 214.9974043405246 52.998184192274486 2763 2765 3229 3232 9.0 0.9140991977528948 0.706381427699668 -67.13961094211535 0.634695500457831 0.22586463492569173 0.3708579178264224 0.0 2.7871555962234504 0.30025238 19.86018029586962 1.273049771680263 3.555735685779671 0.08563585752079533 1.692568750643269 26.34771145640778 2.0392435063158008 2.085252577140095 3.8370806467408833 5.473895659808644 False
2663 8132.745623786893 3234.089797231778 214.9491887546604 52.96414030604918 8128 8138 3229 3239 93.0 2.085155143518042 1.7371425083588088 39.29291911675799 0.5531225751511192 -0.020433472916991612 2.2048760769228095 0.0 40.993165520883274 1.2871634 58.747054202713564 2.3821814382469784 2.2240505201602447 0.5453663843520973 5.440847306724618 74.01753438174708 3.739872053700244 1.4941900633293286 3.0140680639868345 6.984917352287769 False
2664 345.76131459743686 3232.5496825634245 215.01910926273231 53.01352901409906 345 347 3231 3234 8.0 0.9751074181306219 0.613709522304867 70.08859422215946 0.7771006645334592 0.19471364856473813 0.3821495417996889 0.0 2.399915726532832 0.3053978 17.120977218708436 1.2549609459720399 3.4459583901466093 0.1279891365586323 1.5957691216057308 30.685019812890545 1.9988853155828317 1.9399745106175457 3.7226514968560527 5.511661811204954 False
2665 1765.2664438854356 3232.0423447627045 215.00635973588868 53.00452467265876 1764 1766 3231 3233 7.0 0.7522646177924985 0.6918922347021339 -74.81270816090426 0.3925145016962293 0.36139059015038355 0.520537964892412 0.0 2.996820417726001 0.35222244 16.810876351019637 1.309442772710084 3.29546038274447 0.06940901655111932 1.4927053303604616 18.466261159685473 1.8993129948658252 1.5874447137132919 2.8470987682131925 4.4237755707256285 False
2666 3324.9295314666256 3238.692597856125 214.9922815084727 52.99466863599353 3320 3331 3232 3245 124.0 2.6459440001327805 2.1099445674707114 64.55634601769408 0.6034167366891229 0.12756405082887395 2.892592634477051 0.0 102.0070585441779 1.2847953 124.68648795948442 2.228672558288157 1.9324873612152473 0.445938738396798 6.282549314314218 140.241628724114 3.5177564912011023 1.8075269746520062 3.3800955439555884 6.11288563722932 False
2667 681.1085890836632 3241.0781055198436 215.0160056572072 53.01144869040883 672 690 3233 3248 227.0 4.5994458644102485 2.773227354907139 -33.90015709253918 0.7977803793476379 0.07368693494231952 1.5016545019025558 0.0 136.31806868429888 1.5790365 173.1514466086458 3.188314143232437 1.955663036398023 0.33956015832079167 8.500373177909337 202.2638557608029 5.098041517895546 3.0814941318547224 5.630042090886059 9.38178541135374 False
