outputs/dr0.5_c0.1/nircam2_matched_f150w_f277w_dr0.5_c0.1.ecsv
# %ECSV 1.0
# ---
# datatype:
# - {name: label, datatype: int64}
# - {name: xcentroid, datatype: float64}
# - {name: ycentroid, datatype: float64}
# - {name: sky_centroid.ra, unit: deg, datatype: float64}
# - {name: sky_centroid.dec, unit: deg, datatype: float64}
# - {name: bbox_xmin, datatype: int64}
# - {name: bbox_xmax, datatype: int64}
# - {name: bbox_ymin, datatype: int64}
# - {name: bbox_ymax, datatype: int64}
# - {name: area, unit: pix2, datatype: float64}
# - {name: semimajor_sigma, unit: pix, datatype: float64}
# - {name: semiminor_sigma, unit: pix, datatype: float64}
# - {name: orientation, unit: deg, datatype: float64}
# - {name: eccentricity, datatype: float64}
# - {name: min_value, datatype: float64}
# - {name: max_value, datatype: float64}
# - {name: local_background, datatype: float64}
# - {name: segment_flux, datatype: float64}
# - {name: segment_fluxerr, datatype: float32}
# - {name: kron_flux, datatype: float64}
# - {name: kron_fluxerr, datatype: float64}
# - {name: kron_radius, unit: pix, datatype: float64}
# - {name: gini, datatype: float64}
# - {name: equivalent_radius, unit: pix, datatype: float64}
# - {name: kron4_2_flux, datatype: float64}
# - {name: kron4_2_fluxerr, datatype: float64}
# - {name: kron4_2_mag, datatype: float64}
# meta:
#   PHOTMJSR: 2.251199960708618
#   PIXAR_SR: 2.11539874851881e-14
#   __serialized_columns__:
#     area:
#       __class__: astropy.units.quantity.Quantity
#       unit: !astropy.units.Unit {unit: pix2}
#       value: !astropy.table.SerializedColumn {name: area}
#     eccentricity:
#       __class__: astropy.units.quantity.Quantity
#       unit: !astropy.units.Unit {unit: ''}
#       value: !astropy.table.SerializedColumn {name: eccentricity}
#     equivalent_radius:
#       __class__: astropy.units.quantity.Quantity
#       unit: !astropy.units.Unit {unit: pix}
#       value: !astropy.table.SerializedColumn {name: equivalent_radius}
#     kron_radius:
#       __class__: astropy.units.quantity.Quantity
#       unit: !astropy.units.Unit {unit: pix}
#       value: !astropy.table.SerializedColumn {name: kron_radius}
#     orientation:
#       __class__: astropy.units.quantity.Quantity
#       unit: &id001 !astropy.units.Unit {unit: deg}
#       value: !astropy.table.SerializedColumn {name: orientation}
#     semimajor_sigma:
#       __class__: astropy.units.quantity.Quantity
#       unit: !astropy.units.Unit {unit: pix}
#       value: !astropy.table.SerializedColumn {name: semimajor_sigma}
#     semiminor_sigma:
#       __class__: astropy.units.quantity.Quantity
#       unit: !astropy.units.Unit {unit: pix}
#       value: !astropy.table.SerializedColumn {name: semiminor_sigma}
#     sky_centroid:
#       __class__: astropy.coordinates.sky_coordinate.SkyCoord
#       dec: !astropy.table.SerializedColumn
#         __class__: astropy.coordinates.angles.Latitude
#         unit: *id001
#         value: !astropy.table.SerializedColumn {name: sky_centroid.dec}
#       frame: icrs
#       ra: !astropy.table.SerializedColumn
#         __class__: astropy.coordinates.angles.Longitude
#         unit: *id001
#         value: !astropy.table.SerializedColumn {name: sky_centroid.ra}
#         wrap_angle: !astropy.coordinates.Angle
#           unit: *id001
#           value: 360.0
#       representation_type: spherical
#   astropy version: '5.1'
#   kernelfile: kernel_f150w_f277w.fits
#   make_catalog parameters:
#     ab_zpt: 31.4
#     coadd_bands: !!python/tuple [f277w, f356w]
#     deblend_contrast: 0.001
#     deblend_nlevels: 32
#     deblend_npixels: 1
#     detect_kernel_fwhm: 4.0
#     detect_kernel_npix: 7
#     detect_npixels: 4
#     detect_threshold_nsigma: 3.0
#     flag_isolated_buffer: 4
#     hst_bands: !!python/tuple [f606w, f814w, f125w, f140w, f160w]
#     jwst_bands: !!python/tuple [f115w, f150w, f200w, f277w, f356w, f410m, f444w]
#     near_border_kernelsize: 21
#     reference_band: f200w
#   make_catalog version: 1.4.0
#   photutils version: 1.5.0
# schema: astropy-2.0
label xcentroid ycentroid sky_centroid.ra sky_centroid.dec bbox_xmin bbox_xmax bbox_ymin bbox_ymax area semimajor_sigma semiminor_sigma orientation eccentricity min_value max_value local_background segment_flux segment_fluxerr kron_flux kron_fluxerr kron_radius gini equivalent_radius kron4_2_flux kron4_2_fluxerr kron4_2_mag
[from data line 163]
164 8550.110843763172 2003.3290469455987 214.88623571357007 52.882483063660814 8548 8553 2001 2007 34.0 1.499887504922346 1.3966682062570295 59.48497081134456 0.3645547050571397 0.060905349967612946 0.4516712537225699 0.0 7.960834593174844 2.027089 15.412472847488962 5.073177811344297 2.3673753038945518 0.25942349353409283 3.2897623212397704 16.198635066226384 8.072296638134492 28.376303946387246
165 3950.426230243476 2003.4594272340655 214.92738672168832 52.911689072847 3949 3952 2002 2005 14.0 1.1369276120472929 0.8630544432712138 -48.82552924539622 0.6509610128737382 0.1793928817339036 0.2912485766386299 0.0 3.304158288237002 1.2969787 8.341612303324585 3.874303396373218 2.5593677301448454 0.1069262795841872 2.111004122822376 1.910931376925212 6.151816042232239 30.69688727131828
166 4470.83800185921 2008.072354124315 214.92267937513012 52.90841038251448 4468 4473 2003 2013 56.0 2.321654771841925 1.44035530381665 87.69509665886413 0.7842853274016213 0.13800135874198605 1.077910997141281 0.0 28.020044969568122 2.6526194 52.45461982235021 6.828029478296789 2.3923424339430412 0.2731231718208009 4.222008245644752 58.80993130000479 10.911397278115052 26.976373319818585
167 8779.930547349306 2010.1827381890712 214.88410888848804 52.88106044537885 8774 8785 2003 2018 153.0 3.3871627498609755 2.2351621442223606 85.6892019953382 0.7513603242135545 0.08333768435781119 1.7269067910515525 0.0 82.86934707370929 4.1646976 93.60301624737929 6.173588778964998 1.5188639690530839 0.3901297360713216 6.978639737521917 95.21774792037243 9.828366848471932 26.453205236562546
168 814.900492308549 2010.7319336186688 214.95539478763925 52.9316289096514 808 822 2005 2017 163.0 3.3768003381890628 3.1136157665702515 -20.569354846766256 0.3870446786962981 0.1162918356333414 0.7704815645567386 0.0 65.12076993094168 4.337854 103.4848195465967 10.045855625143977 2.0653162142746253 0.21173509082764136 7.203090409536582 101.04775703883075 15.974974473766553 26.388683305234878
169 4081.626700886084 2010.5890329958893 214.9261370835664 52.91089471626343 4078 4086 2006 2017 67.0 2.8601916708950053 1.577110257241003 67.56125645139765 0.8342408646552703 0.22059637486012526 0.927267770937899 0.0 34.36805620037857 2.7335382 77.379355401009 7.835662050769017 2.5362787415264676 0.21332039407516848 4.61809077155419 86.34238981922965 12.511466617002066 26.55943983734217
170 8008.183021180613 2020.3592100324631 214.89090210989616 52.88601662025457 8002 8013 2008 2031 163.0 5.760731218012783 1.8253026026475314 -72.41489391005273 0.9484747949515652 0.08491788610630883 0.5332880636153834 0.0 48.676134710437864 3.8294313 71.44876323638677 8.988547382961602 2.1007078629427594 0.2187766360331028 7.203090409536582 75.84711553151995 14.500202610374 26.700152326994182
171 3642.050979784372 2015.0078104584768 214.93002610541132 52.91370891598782 3636 3649 2009 2021 141.0 3.2355494795271524 2.6654590361638157 27.647669466388457 0.5668745445231104 0.12738076129474682 0.6952362237800908 0.0 48.25906510937739 4.3208156 79.80443832481859 9.3455822926182 2.0070467668661482 0.2511427732291429 6.699380116989518 96.68153837424455 14.828381526239415 26.436641119540514
172 7065.935344958821 2016.6453219030482 214.89936810370915 52.89198013065185 7057 7074 2009 2025 234.0 2.392228452976909 2.318636363500059 -12.491384104933447 0.2461292545351963 0.1646958636974538 51.072598782319105 0.0 1098.1901735883393 5.7596774 1097.4653270675276 5.744404112155653 1.4586638291471787 0.7068922134042205 8.63044108762739 1183.3211264794422 8.15828572631639 23.717243454295144
173 3976.271332842852 2013.5145270810572 214.9270494927484 52.911579298256314 3972 3980 2010 2017 53.0 1.7513960400290993 1.6632960257178824 -3.6430576375495516 0.3131694566379585 0.0865030373374952 0.7889470946540962 0.0 18.565720364705776 2.5412722 30.840635484575778 6.212797130887805 2.384013148851362 0.3216543227673341 4.1073621666150775 35.70268532348582 9.883647001953364 27.518247794641564
174 1748.7351272352284 2014.6501005653458 214.9469865738962 52.92572389982068 1746 1752 2011 2018 38.0 1.604064983295794 1.4031729895524596 88.5437167525168 0.48455519546893455 0.1527569792369213 0.8630760127639704 0.0 16.53817087247612 2.1499746 48.155298121062984 6.587064264785077 3.000640669436474 0.2688055626752947 3.477898169151024 57.3821178878088 10.49843417395183 27.003058566592493
175 6102.533489234871 2018.6096752957667 214.9079659271442 52.898107998439606 6096 6110 2011 2028 218.0 3.881442771761485 2.850212158542938 -80.54304654795264 0.6788059400362357 0.09760157273301404 1.8568203015730043 0.0 109.94081163036626 4.5683618 160.19647153780994 9.720236531933693 2.1577490414912157 0.3828897498919325 8.33015937350939 180.46801871459962 15.76823285364531 25.7589993739579
176 9796.889165884637 2044.7458824655498 214.87465472803189 52.874787709376875 9759 9835 2012 2078 3371.0 6.8163965171494985 6.154009824803252 39.19414065211278 0.4300091971597783 -0.030728529557765435 193.85878474261398 0.0 9310.585648573784 22.428104 8918.18243002141 17.30181308079198 1.4 0.8485041768558748 32.75702407615134 9369.716118021268 24.297367125389954 21.470683917723065
177 8728.775943034383 2017.1514258802954 214.88449288130695 52.881422931110635 8726 8732 2014 2020 38.0 1.569136940945134 1.4387401169571115 -33.55625262751134 0.39911927371494915 0.24236247006435438 1.2535174181777025 0.0 23.33207986934391 2.0653453 30.91692224510826 3.3327538973046424 1.5176830265632122 0.26160191090402896 3.477898169151024 29.614915451658003 5.279605578937548 27.721223757247852
178 622.5957438310085 2018.3611144462952 214.9570377639205 52.93289042325564 620 626 2016 2021 32.0 1.5326961309191764 1.387627267086973 13.23529277386545 0.4246650478994502 0.14664251005889153 0.4994146395461178 0.0 10.334207687677214 1.8730232 23.503273616045966 5.421854755977651 2.5872615779624772 0.16780996617369157 3.1915382432114616 32.73758182053464 8.653413696453267 27.612383507849593
179 9557.833181601702 2031.8586874325952 214.87692698778838 52.876236615097625 9545 9572 2016 2046 555.0 6.912705644626133 3.2151015614341416 -52.90769424995113 0.8852579841598396 0.0804137938901568 6.527290455766152 0.0 555.7544800868526 8.295757 594.3320778026532 11.55320520693442 1.5972096106753852 0.5337908714977538 13.291425312283248 638.6127010238009 18.32534853037663 24.38690612065453
180 9909.706606292362 2029.6451357152055 214.8738053593919 52.873989650279974 9890 9929 2016 2044 835.0 8.797894378789882 5.178052480011851 -7.263380614718019 0.8084565384388446 0.04958366899790987 2.6145096327097925 0.0 491.02457157593346 9.931961 559.8643203427763 14.267490232749104 1.4 0.35727676339474673 16.303029011918774 528.7360575749258 22.606150309917428 24.59190267882054
181 3610.9399195419433 2028.7595915288732 214.93015990400286 52.91398064683405 3605 3617 2017 2039 238.0 5.248631476092367 2.5153637811377294 -76.871711042118 0.877682894529156 0.1164246433036378 1.5368761671918283 0.0 140.5329139122103 5.507854 199.39419410203521 11.249926829234743 1.9771105787942904 0.3203718348654582 8.703892974511014 224.2735850527359 17.948504611405262 25.523054686544008
182 8560.326128344026 2025.5564424313418 214.88591045059061 52.88253811026467 8549 8570 2018 2034 277.0 4.284816460385338 2.7081839384135455 -17.576487838161515 0.7749341379463071 0.012246507615301891 2.7422550740723017 0.0 160.45913684475096 5.570186 171.84019676903756 6.995569215738509 1.4 0.4836724476632387 9.389986074159536 159.94798431160717 11.11941526638283 25.890053071473318
183 7802.2701058935045 2026.2887972636952 214.89268106703088 52.88735627489354 7795 7809 2019 2034 192.0 2.7434469919801088 2.504902915476291 -39.9805948137599 0.4078487502900892 -0.012023477555123207 6.112787570751449 0.0 191.66741145772414 4.2879653 206.64236686776954 5.6670686985097145 1.6000609001034523 0.5600208640065295 7.817640190446719 222.0611364158093 9.02963755558056 25.533818604946134
184 2902.060941890805 2046.6076481308917 214.93631975527333 52.91857656874675 2871 2933 2020 2075 2568.0 9.9820977126516 8.81032092999852 -24.133252894701933 0.47010185724592296 -0.002384812833027868 9.858310442555492 0.0 5121.1317380612445 18.441776 5204.164402262069 20.808950746944937 1.4 0.5800877544293664 28.590554169515052 5328.410914321743 31.941215841689722 22.083505726983102
185 6581.017678439896 2027.4217616755218 214.90359240108575 52.8951174258799 6573 6590 2021 2034 192.0 3.6141586715728207 2.7229872221419487 13.547645494184641 0.6575371117391339 0.069076903318349 1.072544269434073 0.0 67.15310545004101 4.306272 101.09284322584963 9.123194941253901 2.122229456248517 0.3664644380353991 7.817640190446719 107.89453263460602 14.60769290341797 26.317501404668548
186 1762.936530244392 2028.7808658777426 214.9467105905781 52.92571008777672 1754 1773 2022 2036 197.0 3.9414707109839178 2.4842882341595907 25.40710466886152 0.776355941583774 0.17234004080123344 2.691816449343872 0.0 143.25021543350596 4.6958213 204.60751211669083 9.686062735026944 2.112294632662717 0.38210531580689266 7.918778161951929 245.20947511976667 15.434682701841727 25.42615688072739
187 10239.355828284986 2024.9521428902397 214.87090874939022 52.87187040038036 10237 10242 2023 2027 25.0 1.5096768020428575 1.2263416450812166 -9.4845718355058 0.5832110744203098 0.32427323566393046 0.48761665197082 0.0 10.13701711689061 1.677224 57.416593831213596 6.7908146108059295 3.3849889373257516 0.06698428443178013 2.8209479177387813 109.45352685447153 10.849159113971082 26.301925599658627
188 187.80389143217917 2029.638826222542 214.9608156752805 52.93571030367156 183 194 2024 2037 122.0 2.7348719214690753 2.216344396874415 79.3582395296128 0.5858748636105814 0.1738619201493275 4.509969303887869 0.0 170.9465820471547 5.3947053 233.94283431328427 10.250960950593042 2.0154248755558206 0.41796746066546325 6.231677632421503 259.7962341706956 16.77562900153424 25.363417871136114
189 8212.553192392761 2030.4590592698166 214.88896835382792 52.88477322448521 8209 8217 2026 2035 72.0 2.918389048114894 1.7267397482076154 69.70454983008864 0.8061761101962067 -0.22376290521998443 0.5146678746310913 0.0 18.063184247902374 6.730704 40.55064735068337 20.471886914914762 2.54046822792005 0.2294314137945104 4.787307364817192 40.90888219429716 32.86395052816197 27.37045596780753
190 7219.702998084505 2032.9960853321859 214.89782064579285 52.89109193624017 7214 7225 2028 2038 99.0 2.4874884172375724 2.070609196019144 -25.636359123931935 0.554160884753347 0.15414614739760554 1.6244603379780012 0.0 53.81215959783101 3.0873008 73.05659072575423 6.025579866432745 1.962922930584042 0.35545806121652435 5.613615477764332 85.4491000514794 9.541066447248804 26.570731267253798
191 6972.870880039632 2031.7717384358068 214.9000413358044 52.892652715296826 6971 6975 2030 2034 20.0 1.2261519256242954 1.120908133693075 -19.582733174495303 0.40533682432981993 0.2238238311305917 0.5502977890719299 0.0 7.87686603176214 1.3894378 18.67750311231379 4.181387552602976 2.6159430275506708 0.14430448163944629 2.5231325220201604 21.348488861772083 6.639907236626433 28.076582151974485
192 7965.522109254129 2040.242893401013 214.89107432329075 52.88639483020142 7956 7975 2031 2049 210.0 5.681111951894007 2.1899472016176014 42.32949408162799 0.922716767303525 0.1521440741857459 1.1351358225465589 0.0 104.94699484943823 4.410662 157.0334581750121 9.424658670018088 2.0004668036020052 0.2688791131209627 8.175883811466258 157.2944391126134 15.060930200069908 25.90821657718934
193 8688.07951155313 2032.4470202993034 214.88469574441407 52.88176392024105 8686 8690 2031 2034 14.0 1.3761815257801366 0.7230468704137295 38.449048820469606 0.8508548657369753 0.2761696882899471 0.4957604094459078 0.0 5.494404631910603 1.233573 27.50137146568065 4.651689670581449 3.222510163025107 0.11450560819940746 2.111004122822376 45.36949401488687 7.403584804582028 27.25809016048428
194 8743.45389286254 2033.1407909156085 214.88419337830052 52.88141597497312 8741 8746 2031 2035 23.0 1.6152090787249922 0.9738262641841733 39.63548727570622 0.7978089463864146 0.1348479609697399 0.3683947552650398 0.0 5.839636169802157 1.5830212 12.813052303473402 4.50490478399194 2.448146686696381 0.15119721315938195 2.7057581899030048 5.8291647405318265 7.221598672388632 29.485984176809932
195 3733.619157372817 2034.4344307048432 214.92900175633469 52.91323255567685 3729 3737 2032 2037 46.0 1.9754918662329997 1.4307920637315918 1.6574911664208116 0.6895151070114433 0.1283220471852808 0.7907859983673243 0.0 19.91470759370827 2.490191 43.07978281497621 7.066363640090612 2.6496251041146417 0.23850728472891838 3.826519928662906 40.030704455198304 11.159389225057817 27.39401691792276
196 287.77995282831364 2039.3724465843711 214.95981716203272 52.93512849814013 282 294 2033 2045 116.0 3.1198983673175475 2.287005244877514 -29.74524864473582 0.6801872782387179 0.1056984553196183 0.7991623467919892 0.0 47.08372301866047 3.6124659 90.86355149412822 9.542757469154276 2.489803170037789 0.2554641612605252 6.076507779746499 93.78713157696147 15.409511413692924 26.469641866432596
197 6775.016084969846 2036.6979688533463 214.90175932445504 52.893935650624876 6774 6776 2035 2039 13.0 1.185234416671082 0.7783389137605768 -89.23425824680518 0.754155240817849 0.2841064856431001 0.4932680009275637 0.0 5.16700296081393 1.1049939 20.25498176043469 4.0135744682080245 3.042186011721874 0.0872982483050227 2.0342144725641096 31.777980787342777 6.3704382894685425 27.6446842546667
198 7130.316280979689 2057.7498382690032 214.8983596155699 52.891793128744936 7092 7167 2035 2080 1817.0 14.600885639396031 5.03460855641807 -25.928174569228926 0.9386705591402346 0.08021397701935601 7.910629753888361 0.0 1796.7579848407133 13.496908 2035.1803512537072 20.00682417919909 1.6953873556333676 0.5014650073256104 24.049304838101822 2215.386484167675 31.51875834422563 23.036376245498893
199 7565.009993328573 2054.023297656453 214.8945109858059 52.88901262875899 7552 7576 2035 2072 693.0 7.516083984073438 3.8745153629147437 -78.60479339419426 0.8568916541727776 0.0591805736722326 5.631719953330558 0.0 571.5216140597454 8.181428 739.2766621574123 14.57547684370841 2.0034690175962835 0.4971576973346314 14.85223051010746 836.862509665905 23.053017683463572 24.093364718810776
200 7023.713063127536 2041.7391839432794 214.8994816532092 52.89238365964407 7020 7027 2038 2046 58.0 2.31720019588309 1.6913416563909192 63.132003054418725 0.6835459993016987 0.2392833200900007 0.7128052156139826 0.0 26.57414845990939 2.363569 59.8616378423109 6.875799654026842 2.5560424392049432 0.1628137287143438 4.296739856991561 67.7337721578427 10.991090954621647 26.822986843624065
201 488.4849985765409 2051.538206541366 214.95789033801123 52.933920644164395 473 505 2039 2063 635.0 5.091814669346621 3.7664650425105277 11.29813817174334 0.6729260439684406 0.038627654156006844 10.955776068179013 0.0 728.1734310532145 8.600054 745.5385116696657 9.468899056142877 1.4451929597889979 0.6237861926504287 14.21712972884144 789.4887810536886 14.757666165423695 24.156635092768393
202 8656.349332830723 2040.8172379696896 214.8848913340143 52.882010599928186 8655 8658 2040 2042 9.0 0.9210648550197054 0.6830098786567803 19.826526788181855 0.6709045234614878 0.8194044554338128 1.2188043631167742 0.0 9.109888607967395 1.0362657 25.968658809069264 3.169257649721972 2.757138525473411 0.10397462800953149 1.692568750643269 28.453581512044998 5.074364994331332 27.764657650674803
