outputs/dr0.5_c0.1/nircam2_matched_f277w_f125w_dr0.5_c0.1.ecsv
# %ECSV 1.0
# ---
# datatype:
# - {name: label, datatype: int64}
# - {name: xcentroid, datatype: float64}
# - {name: ycentroid, datatype: float64}
# - {name: sky_centroid.ra, unit: deg, datatype: float64}
# - {name: sky_centroid.dec, unit: deg, datatype: float64}
# - {name: bbox_xmin, datatype: int64}
# - {name: bbox_xmax, datatype: int64}
# - {name: bbox_ymin, datatype: int64}
# - {name: bbox_ymax, datatype: int64}
# - {name: area, unit: pix2, datatype: float64}
# - {name: semimajor_sigma, unit: pix, datatype: float64}
# - {name: semiminor_sigma, unit: pix, datatype: float64}
# - {name: orientation, unit: deg, datatype: float64}
# - {name: eccentricity, datatype: float64}
# - {name: min_value, datatype: float64}
# - {name: max_value, datatype: float64}
# - {name: local_background, datatype: float64}
# - {name: segment_flux, datatype: float64}
# - {name: segment_fluxerr, datatype: float32}
# - {name: kron_flux, datatype: float64}
# - {name: kron_fluxerr, datatype: float64}
# - {name: kron_radius, unit: pix, datatype: float64}
# - {name: gini, datatype: float64}
# - {name: equivalent_radius, unit: pix, datatype: float64}
# - {name: kron4_2_flux, datatype: float64}
# - {name: kron4_2_fluxerr, datatype: float64}
# - {name: kron4_2_mag, datatype: float64}
# meta:
#   PHOTMJSR: 2.962800025939941
#   PIXAR_SR: 2.11539874851881e-14
#   __serialized_columns__:
#     area:
#       __class__: astropy.units.quantity.Quantity
#       unit: !astropy.units.Unit {unit: pix2}
#       value: !astropy.table.SerializedColumn {name: area}
#     eccentricity:
#       __class__: astropy.units.quantity.Quantity
#       unit: !astropy.units.Unit {unit: ''}
#       value: !astropy.table.SerializedColumn {name: eccentricity}
#     equivalent_radius:
#       __class__: astropy.units.quantity.Quantity
#       unit: !astropy.units.Unit {unit: pix}
#       value: !astropy.table.SerializedColumn {name: equivalent_radius}
#     kron_radius:
#       __class__: astropy.units.quantity.Quantity
#       unit: !astropy.units.Unit {unit: pix}
#       value: !astropy.table.SerializedColumn {name: kron_radius}
#     orientation:
#       __class__: astropy.units.quantity.Quantity
#       unit: &id001 !astropy.units.Unit {unit: deg}
#       value: !astropy.table.SerializedColumn {name: orientation}
#     semimajor_sigma:
#       __class__: astropy.units.quantity.Quantity
#       unit: !astropy.units.Unit {unit: pix}
#       value: !astropy.table.SerializedColumn {name: semimajor_sigma}
#     semiminor_sigma:
#       __class__: astropy.units.quantity.Quantity
#       unit: !astropy.units.Unit {unit: pix}
#       value: !astropy.table.SerializedColumn {name: semiminor_sigma}
#     sky_centroid:
#       __class__: astropy.coordinates.sky_coordinate.SkyCoord
#       dec: !astropy.table.SerializedColumn
#         __class__: astropy.coordinates.angles.Latitude
#         unit: *id001
#         value: !astropy.table.SerializedColumn {name: sky_centroid.dec}
#       frame: icrs
#       ra: !astropy.table.SerializedColumn
#         __class__: astropy.coordinates.angles.Longitude
#         unit: *id001
#         value: !astropy.table.SerializedColumn {name: sky_centroid.ra}
#         wrap_angle: !astropy.coordinates.Angle
#           unit: *id001
#           value: 360.0
#       representation_type: spherical
#   astropy version: '5.1'
#   kernelfile: kernel_f277w_f125w.fits
#   make_catalog parameters:
#     ab_zpt: 31.4
#     coadd_bands: !!python/tuple [f277w, f356w]
#     deblend_contrast: 0.001
#     deblend_nlevels: 32
#     deblend_npixels: 1
#     detect_kernel_fwhm: 4.0
#     detect_kernel_npix: 7
#     detect_npixels: 4
#     detect_threshold_nsigma: 3.0
#     flag_isolated_buffer: 4
#     hst_bands: !!python/tuple [f606w, f814w, f125w, f140w, f160w]
#     jwst_bands: !!python/tuple [f115w, f150w, f200w, f277w, f356w, f410m, f444w]
#     near_border_kernelsize: 21
#     reference_band: f200w
#   make_catalog version: 1.4.0
#   photutils version: 1.5.0
# schema: astropy-2.0
label xcentroid ycentroid sky_centroid.ra sky_centroid.dec bbox_xmin bbox_xmax bbox_ymin bbox_ymax area semimajor_sigma semiminor_sigma orientation eccentricity min_value max_value local_background segment_flux segment_fluxerr kron_flux kron_fluxerr kron_radius gini equivalent_radius kron4_2_flux kron4_2_fluxerr kron4_2_mag
[from data line 3498]
3499 7103.009476898973 5763.404825339996 214.85958323622148 52.911957382985236 7101 7105 5760 5767 36.0 2.05969476502417 1.3103599238797368 89.52919077002863 0.7715313402424194 0.20133378435670846 0.2824139287566353 0.0 8.828474911101344 4.6622906 68.05404187253833 19.898595063566315 3.4868005461153 0.05163497291829644 3.385137501286538 130.78635266700212 31.792522595669254 26.10859392884125
3500 6291.014378629877 5766.299826774668 214.86681522355033 52.917131346302064 6289 6293 5764 5769 22.0 1.3928365624578418 1.199788024728869 52.66893743652023 0.5079288921725131 0.1914862809266074 0.25496796242140296 0.0 4.945715504132979 3.5534444 33.220410961487104 14.845683707923797 3.4048284136036324 0.046974069450668114 2.6462837142006137 58.69979688501382 23.975024630983675 26.97840850377493
3501 6207.830529327664 5770.192988130836 214.8675183020988 52.91768076055188 6205 6211 5766 5775 51.0 2.800228591545469 1.377825777243029 -62.833739572566785 0.8705723296605715 0.16002666887939482 0.23952143320781616 0.0 10.567137562625778 5.677155 57.58632581833987 22.40267984449159 3.3008294212834466 0.05456576276237543 4.029119531035698 94.60826303474597 35.902482642049335 26.460177327238736
3502 2804.5007853282705 5772.680303148634 214.89795101892597 52.93930944825868 2794 2815 5768 5778 188.0 4.893355563223908 2.5628860977162295 -2.0436014041875796 0.8518731349705496 0.24247528229638068 0.7067493970205423 0.0 84.2125738534838 10.376869 200.19631083979252 32.209551359480976 2.671641291668714 0.16499940935715826 7.735777827895049 283.45947853129 51.62740685454234 25.26877254041149
3503 7224.964761637729 5771.37794139537 214.8584086214954 52.91122559903045 7222 7228 5768 5774 40.0 1.7679576737578602 1.6659708055352067 17.433955292525795 0.3347309632177507 0.19624309329993384 0.3036420158822986 0.0 9.83187971871926 4.8510695 43.067164844912476 18.71167201026115 3.1379825641864216 0.07444346256742 3.5682482323055424 74.03813874223927 29.94196483386558 26.726361268967715
3504 1830.999870002746 5775.4003538046945 214.90664052535632 52.94550559969449 1828 1835 5770 5780 67.0 2.6903563493872213 1.8573225540789144 87.09299304406268 0.7234631230646429 0.1934190526960731 0.3104952933330099 0.0 16.79138593337898 6.4453697 132.30718627881527 26.470721498369596 3.4870223894983865 0.07388125420199654 4.61809077155419 305.3447063062586 40.64126919144212 25.18802401217593
3505 6024.236561307623 5778.12391323292 214.86907709087768 52.91888978203441 6017 6032 5770 5786 210.0 3.524557621490139 3.2089712421781065 -80.08913802452349 0.41359556523053737 0.19300172665797793 1.629259017070602 0.0 135.23273120901035 11.692112 166.20928402670674 20.254066839024972 1.7015718387348242 0.3256922115517032 8.175883811466258 172.3116289120467 32.507186083283806 25.809213530089885
3506 2045.8851645620841 5779.748370919748 214.90467009540285 52.94416465613777 2036 2055 5771 5791 302.0 5.048180108895146 3.901390994189415 -46.70258207160824 0.6346116655582432 0.18608640657848022 0.8484872389407973 0.0 133.49389050383638 14.297844 202.49795890546517 30.240550958361474 1.962963654427021 0.2192508952604861 9.804569629897316 213.50410829094875 47.984191965384746 25.57648440943202
3507 2776.5733513563428 5783.508730791459 214.8980869912031 52.93954522308088 2766 2787 5772 5793 360.0 4.369408546098342 3.7365934304022477 -39.29505124744278 0.5183452475409777 0.2181116949996716 4.668740364813466 0.0 462.4376871875884 14.357548 538.3124104023632 24.0903063879784 1.7739100068146505 0.43649849385450046 10.704744696916627 582.4833072240637 38.8410771867222 24.486791290279985
3508 7256.153410005635 5773.883116501447 214.85810332303518 52.91104096574498 7255 7257 5773 5775 8.0 0.8531791957529157 0.6837482343032002 45.95724772139215 0.598112407327547 0.17197701489206957 0.20217549181630406 0.0 1.5167788718140724 2.1744928 12.833446791306558 9.411958285368266 3.624582820053693 0.031293229131645096 1.5957691216057308 17.730416643011463 15.228557530853994 28.278202647230813
3509 1711.7401512934366 5775.753424143702 214.9077050038124 52.946264728807805 1711 1713 5774 5777 8.0 0.955999267817397 0.6535603094865512 -83.34536275525423 0.7298184452613425 0.14119692854793628 0.15830965750458564 0.0 1.21221284021154 2.2201393 11.70645713587147 10.005986477944777 3.666594512681551 0.024997224190875002 1.5957691216057308 16.229370570570623 16.051058517208787 28.374245808109823
3510 662.1688685102582 5777.108475862895 214.91709325187833 52.95293573958026 660 665 5775 5779 21.0 1.404857413548965 1.1606967670048542 -12.242723480763551 0.5633731966215519 0.18905725793462783 0.22000259346768197 0.0 4.326642651933737 7.4372654 66.42144713586985 33.66842287362044 3.85165420712199 0.027412013297199656 2.5854414729132054 124.92591692324982 50.39696556240096 26.158368635667085
3511 7649.976064929935 5779.269772508684 214.85452500705964 52.90856797826365 7646 7654 5775 5784 71.0 2.571266073101647 1.9533193135320424 -48.01369585853158 0.6503062146232361 0.22933828625686364 0.4566848088855059 0.0 23.846525454216675 6.3769093 59.84053966961352 20.141809943262995 2.6258615600587256 0.11350342282972356 4.753945931439391 88.31157634629318 32.167144014755955 26.534955907710014
3512 7673.523190354182 5778.024731839166 214.8543275772591 52.90841166131574 7671 7676 5775 5782 40.0 1.9850401832687647 1.504510093641922 78.17220337748013 0.6523425711255368 0.1831213209814321 0.2997095578087799 0.0 9.929522430268719 4.837718 38.59798305445281 17.83637375956137 3.023163607116786 0.06993345431072298 3.5682482323055424 61.099295131730926 28.614765518569463 26.934909499850466
3513 1967.6950859996632 5780.073994673433 214.90536695750126 52.944662883636575 1964 1971 5776 5784 56.0 2.3453734541309696 1.7098557938150862 57.54961151034324 0.6844780281045236 0.20489901823030715 0.38163928162409183 0.0 16.01525838153744 5.679291 47.54667544963594 19.18272388832415 2.808383320972544 0.09914837852097291 4.222008245644752 54.981289779440914 31.314503619838945 27.04946269117299
3514 7996.557524037106 5778.295599547958 214.85143646872885 52.906360735142094 7993 8001 5776 5780 34.0 2.1525469064542118 1.2089793037351442 -4.062867903129284 0.8273745110282557 0.20994516110180608 0.2828577623722291 0.0 8.36994617809441 4.379288 49.116272294998794 18.221881034457386 3.3597278792849576 0.052567961841346975 3.2897623212397704 63.633223233286785 29.309375259312056 26.890790194385602
3515 1571.2583366423232 5781.1722832526 214.90890623487098 52.947185934137366 1568 1575 5777 5785 55.0 2.1608154912640636 1.8615868026079987 78.76488321111239 0.5077228179264319 0.16683229598812432 0.29618432726018334 0.0 12.966427199683773 5.560922 37.06911986656273 18.618787299976216 2.7254867998895005 0.08870625642519346 4.1841419359420025 41.441758723923286 30.155985740738025 27.35640455521983
3516 6527.614790342762 5782.53801532822 214.86452781882562 52.91571592298324 6518 6541 5777 5788 184.0 4.594106876848962 2.5597813517600705 -12.256441657912621 0.8303863566444809 0.196770863451819 0.9018563791646815 0.0 83.62148401847307 11.052702 145.71945692846128 26.41948990242234 2.1919750349224043 0.22664730017719253 7.653039857325812 146.1684597308714 42.15410933069204 25.9878658236196
3517 5969.703480049313 5779.4924735422355 214.8695505162843 52.91924357018736 5968 5971 5778 5781 14.0 1.038685112451614 1.0153942714732427 86.52246023975519 0.21058008181116578 0.24923466376247122 0.2930193224645 0.0 3.7940624811371353 2.8539267 29.13486512219465 12.757192933646454 3.5063528101841435 0.03072117326008551 2.111004122822376 51.037406267011136 20.63420253351986 27.130278511684473
3518 8974.404990613533 5782.4851726536035 214.84265105154748 52.90017017669383 8970 8979 5778 5787 87.0 2.4687674010767284 2.266891366972565 45.443871142155146 0.39605218057486563 0.3194685189378106 1.1412455284700365 0.0 57.40293197211806 7.955728 111.86742823353418 21.564787057865068 2.437772307765244 0.19410665035152042 5.262410103554244 163.75088312977255 34.41822388928081 25.86454087280834
3519 1787.0581316338037 5824.715586680878 214.90651445628782 52.946050763414256 1742 1835 5780 5867 5652.0 9.77221198092936 8.561912301055536 37.142065947998006 0.48204065232142085 0.13157358477336514 165.9195599203674 0.0 26968.44694886802 57.60087 26102.13163554508 43.31974710660674 1.4 0.8163669513917594 42.41565131777166 27420.136124763798 69.83257096901704 20.304825983814567
3520 6382.067876253664 5790.919744158878 214.8657413784618 52.91668572199617 6374 6391 5780 5800 266.0 4.551813184249795 3.357225534420791 49.06557253166939 0.6752839562610579 0.24344553056258803 1.9840995760402584 0.0 230.5176973491669 12.715263 287.2653796042698 24.092100056396596 1.7383773500289428 0.2916285740191864 9.201653640780462 301.10209267993264 39.24050456780196 25.203215565251735
3521 1281.8769384359236 5788.009957756319 214.9114264082491 52.949060162675046 1275 1291 5781 5796 199.0 3.7087508229251367 3.265777437874058 -47.78714800734717 0.4739347793572462 0.19099131272041758 1.058655748453032 0.0 103.00317515554285 11.06756 162.17020682403472 25.552742910257066 2.1149557093184006 0.2444887918859503 7.958873497585845 181.9048284045785 40.938077616847465 25.750389432637682
3522 1421.7343367145918 5794.503549768906 214.91010513912317 52.94820724397605 1409 1437 5781 5808 468.0 7.780185520379573 3.916484463904448 -38.754207171927305 0.8640580560610845 0.20545824057454784 0.7736582240775948 0.0 182.57794192789373 16.47994 498.7463948734412 53.68741264947725 2.8568918838268322 0.2052846035470579 12.205286835384658 684.5896386681554 86.08679002520626 24.31142419559577
3523 1496.0001079879514 5785.3437281613315 214.90953640707966 52.94768627917724 1493 1499 5783 5788 36.0 1.8297931103689997 1.4536701486173824 28.356306951410907 0.6073359878419311 0.21290720124531395 0.32299044932949084 0.0 9.514529266496353 4.617405 44.062720631997834 17.509868763338176 3.1712967055231016 0.0706994709428086 3.385137501286538 70.49235585685018 27.848363742536243 26.779644937634313
3524 9668.305173051835 5791.639368258574 214.83635315247298 52.89581016022266 9660 9677 5783 5800 273.0 4.016474629095846 3.762138091732895 -32.22535632529019 0.350195389377936 0.2629237492168081 2.131099655382369 0.0 237.19678307881577 15.155797 377.51468471705135 36.33684343881804 2.324413571958002 0.3068391225343288 9.321941800299703 503.7895507641035 57.6298018802476 24.644377111410723
3525 2913.253973019834 5789.597017478952 214.89679898958553 52.93871014157118 2911 2916 5786 5793 36.0 1.989271203496424 1.3652456835215439 68.44119151570175 0.7273143742149321 0.20601529429273793 0.28666061673194837 0.0 8.808029611395693 4.5250688 48.74228978058318 18.419606279946102 3.3031090873910047 0.054374478682187616 3.385137501286538 68.40375003664496 29.35506495187973 26.812300221738493
3526 8934.187038769312 5790.507903195515 214.8429260102944 52.90046898493001 8932 8936 5786 5795 39.0 2.429537706252733 1.234225268165062 88.34462931844658 0.8613521862645815 0.23003361812145762 0.31930200323150115 0.0 11.12235860881062 5.3155546 135.76161808301222 24.501555075972124 3.7976990679401506 0.049871138203331916 3.523362819972964 306.15043864537876 39.042447887108125 25.185162784951387
3527 1327.5599609009419 5795.252906127251 214.91094085170855 52.94880921224476 1320 1336 5789 5801 170.0 3.650662444178211 2.7386942412993016 -24.372239399903016 0.6612211501584789 0.2241221488735795 1.316206495593722 0.0 106.22698376611416 9.983056 156.30260604072976 22.69613858716965 2.11258876731419 0.26531519375469526 7.356132180109627 173.3950777869578 36.59037063539046 25.80240808779981
3528 4110.326074925404 5793.656616633118 214.886039618825 52.93112997279622 4108 4113 5790 5797 32.0 1.8960497235361435 1.2935049028718237 -88.99602447978606 0.7311558829101243 0.1872824031455268 0.25492972177248513 0.0 7.061105626725611 4.373262 32.6979260842409 17.095002960547514 3.186580313528873 0.05485214850397099 3.1915382432114616 38.983938634518566 27.63018425300147 27.422785713146972
3529 4316.097873735741 5794.248304757569 214.88419162418174 52.92982630178312 4312 4320 5791 5798 57.0 2.339228585251011 1.7232092341917493 24.2325001580588 0.6762665061527244 0.20820123244923316 0.4037033447469145 0.0 16.653811382868888 5.795899 40.481542812054975 17.83587034173562 2.5901606256768566 0.1122512075811808 4.259537945889915 40.860786147715416 28.841861635408204 27.371733204860348
3530 8653.269901723765 5820.725421148464 214.8451186670402 52.90241688947657 8612 8690 5791 5851 1782.0 17.819859136297595 4.49021088559865 -37.2917144593881 0.9677329860013018 0.24129922091309197 6.558330095996 0.0 2693.910635367646 34.015717 2964.02790412287 49.99652965152872 1.5860220562573437 0.446752159148283 23.816553427805523 3114.98584600753 79.20495552719713 22.666359805910737
3531 9790.253360484916 5806.317999439023 214.83510879548865 52.89511433980428 9777 9806 5791 5819 509.0 6.994546606341738 4.432909451987901 -48.35348673700819 0.7735244016081763 0.24917482170061778 1.4327015421047362 0.0 301.9477164430286 18.111727 683.5352431888283 45.317394315080506 2.6636308375301043 0.2797124871391084 12.728697186576065 1360.6650776056272 76.3576571689985 23.565621903831957
3532 10242.75837690956 5826.285527728558 214.83085520013194 52.892346325127214 10204 10276 5794 5870 3800.0 12.147320440782927 7.770766786676166 -40.3931166741434 0.7686160612242341 0.24066567776062822 57.46813884321815 0.0 21405.796960431493 48.532375 21306.588863850757 47.52607465451638 1.4 0.69474598733184 34.77898169151024 22051.08044761449 76.18147946901782 20.541425315837163
3533 2625.665860084119 5800.847496748631 214.8992555914068 52.940597053954406 2620 2631 5795 5809 121.0 3.5598900787007812 2.6985649156119385 82.27775743957912 0.6521996270322272 0.21050356080616564 0.49900775630512795 0.0 39.276441079170354 8.478889 93.65283663110145 26.461733590140703 2.486221022842104 0.13597882747721485 6.206085419025319 83.77157417674056 42.42037548299709 26.592258308808095
3534 2171.279530770735 5798.256030893808 214.90335204393347 52.94346833515169 2169 2174 5796 5800 21.0 1.5497175799498026 1.0393430286160517 -33.17240496351194 0.741759392847838 0.15813854484728784 0.19912215507652126 0.0 3.792829572355137 3.4586153 23.022174463785415 14.47637495632302 3.3509738326191973 0.038734067064872105 2.5854414729132054 36.20603279564894 23.236577591706553 27.50304764883488
3535 8934.881455842218 5798.561215774157 214.84283496854945 52.90050799178487 8934 8936 5797 5800 7.0 0.9185537910403443 0.6217834479380646 79.2806822036598 0.736060585793934 0.2508690773284725 0.2832114404536217 0.0 1.901145988084639 2.3281772 38.38303075985846 10.663406646849333 3.829149898299723 0.027717250831875536 1.4927053303604616 83.23363938618807 17.19766018143051 26.599252788625382
3536 1620.7109869699648 5801.534477938092 214.90824870663732 52.94698184698504 1617 1624 5798 5805 44.0 2.1573758503000184 1.501501729118277 -41.04642506114035 0.7180560970371483 0.1846364208479498 0.3220402461731192 0.0 11.284970190282465 5.047159 38.267313580258204 17.848199430643813 2.9280759200117705 0.08384354221844573 3.742410318509555 44.55802848574439 28.668909411954495 27.27768508300054
3537 378.6499993481413 5803.627224129096 214.91935418600258 52.95487881918255 373 385 5799 5809 110.0 3.130556701671131 2.3258990442292586 -30.039975413287404 0.6693285015015316 0.2242815456851483 0.6286252664277169 0.0 42.99552295191966 9.800862 82.09084721226485 26.63588603184066 2.3485932508305334 0.1716424135589907 5.917270272703197 93.23506305937534 42.23444206666006 26.476051827765936
