outputs/dr0.5_c0.1/nircam3_f356w_dr0.5_c0.1.ecsv
# %ECSV 1.0
# ---
# datatype:
# - {name: label, datatype: int64}
# - {name: xcentroid, datatype: float64}
# - {name: ycentroid, datatype: float64}
# - {name: sky_centroid.ra, unit: deg, datatype: float64}
# - {name: sky_centroid.dec, unit: deg, datatype: float64}
# - {name: bbox_xmin, datatype: int64}
# - {name: bbox_xmax, datatype: int64}
# - {name: bbox_ymin, datatype: int64}
# - {name: bbox_ymax, datatype: int64}
# - {name: area, unit: pix2, datatype: float64}
# - {name: semimajor_sigma, unit: pix, datatype: float64}
# - {name: semiminor_sigma, unit: pix, datatype: float64}
# - {name: orientation, unit: deg, datatype: float64}
# - {name: eccentricity, datatype: float64}
# - {name: min_value, datatype: float64}
# - {name: max_value, datatype: float64}
# - {name: local_background, datatype: float64}
# - {name: segment_flux, datatype: float64}
# - {name: segment_fluxerr, datatype: float32}
# - {name: kron_flux, datatype: float64}
# - {name: kron_fluxerr, datatype: float64}
# - {name: kron_radius, unit: pix, datatype: float64}
# - {name: gini, datatype: float64}
# - {name: equivalent_radius, unit: pix, datatype: float64}
# - {name: kron4_2_flux, datatype: float64}
# - {name: kron4_2_fluxerr, datatype: float64}
# - {name: radius_kron20, unit: pix, datatype: float64}
# - {name: radius_kron50, unit: pix, datatype: float64}
# - {name: radius_kron80, unit: pix, datatype: float64}
# - {name: near_border, datatype: bool}
# meta:
#   PHOTMJSR: 0.4047000110149384
#   PIXAR_SR: 2.11539874851881e-14
#   __serialized_columns__:
#     area:
#       __class__: astropy.units.quantity.Quantity
#       unit: !astropy.units.Unit {unit: pix2}
#       value: !astropy.table.SerializedColumn {name: area}
#     eccentricity:
#       __class__: astropy.units.quantity.Quantity
#       unit: !astropy.units.Unit {unit: ''}
#       value: !astropy.table.SerializedColumn {name: eccentricity}
#     equivalent_radius:
#       __class__: astropy.units.quantity.Quantity
#       unit: !astropy.units.Unit {unit: pix}
#       value: !astropy.table.SerializedColumn {name: equivalent_radius}
#     kron_radius:
#       __class__: astropy.units.quantity.Quantity
#       unit: &id001 !astropy.units.Unit {unit: pix}
#       value: !astropy.table.SerializedColumn {name: kron_radius}
#     orientation:
#       __class__: astropy.units.quantity.Quantity
#       unit: &id002 !astropy.units.Unit {unit: deg}
#       value: !astropy.table.SerializedColumn {name: orientation}
#     radius_kron20:
#       __class__: astropy.units.quantity.Quantity
#       unit: *id001
#       value: !astropy.table.SerializedColumn {name: radius_kron20}
#     radius_kron50:
#       __class__: astropy.units.quantity.Quantity
#       unit: *id001
#       value: !astropy.table.SerializedColumn {name: radius_kron50}
#     radius_kron80:
#       __class__: astropy.units.quantity.Quantity
#       unit: *id001
#       value: !astropy.table.SerializedColumn {name: radius_kron80}
#     semimajor_sigma:
#       __class__: astropy.units.quantity.Quantity
#       unit: !astropy.units.Unit {unit: pix}
#       value: !astropy.table.SerializedColumn {name: semimajor_sigma}
#     semiminor_sigma:
#       __class__: astropy.units.quantity.Quantity
#       unit: !astropy.units.Unit {unit: pix}
#       value: !astropy.table.SerializedColumn {name: semiminor_sigma}
#     sky_centroid:
#       __class__: astropy.coordinates.sky_coordinate.SkyCoord
#       dec: !astropy.table.SerializedColumn
#         __class__: astropy.coordinates.angles.Latitude
#         unit: *id002
#         value: !astropy.table.SerializedColumn {name: sky_centroid.dec}
#       frame: icrs
#       ra: !astropy.table.SerializedColumn
#         __class__: astropy.coordinates.angles.Longitude
#         unit: *id002
#         value: !astropy.table.SerializedColumn {name: sky_centroid.ra}
#         wrap_angle: !astropy.coordinates.Angle
#           unit: *id002
#           value: 360.0
#       representation_type: spherical
#   astropy version: '5.1'
#   make_catalog parameters:
#     ab_zpt: 31.4
#     coadd_bands: !!python/tuple [f277w, f356w]
#     deblend_contrast: 0.001
#     deblend_nlevels: 32
#     deblend_npixels: 1
#     detect_kernel_fwhm: 4.0
#     detect_kernel_npix: 7
#     detect_npixels: 4
#     detect_threshold_nsigma: 3.0
#     flag_isolated_buffer: 4
#     hst_bands: !!python/tuple [f606w, f814w, f125w, f140w, f160w]
#     jwst_bands: !!python/tuple [f115w, f150w, f200w, f277w, f356w, f410m, f444w]
#     near_border_kernelsize: 21
#     reference_band: f200w
#   make_catalog version: 1.4.0
#   photutils version: 1.5.0
# schema: astropy-2.0
label xcentroid ycentroid sky_centroid.ra sky_centroid.dec bbox_xmin bbox_xmax bbox_ymin bbox_ymax area semimajor_sigma semiminor_sigma orientation eccentricity min_value max_value local_background segment_flux segment_fluxerr kron_flux kron_fluxerr kron_radius gini equivalent_radius kron4_2_flux kron4_2_fluxerr radius_kron20 radius_kron50 radius_kron80 near_border
[from data line 185]
186 188.57057575978354 489.8083972317914 214.86841611051452 52.87269737977988 188 190 489 491 6.0 0.9246648153314542 0.5003281314949319 -47.56074895481075 0.8409638238237099 0.2002216067017413 0.3447846235918833 0.0 1.5425771043489003 0.28430858 26.21405675572221 1.4663055201105546 3.6802667981472617 0.14478748166805264 1.381976597885342 71.0051540756914 2.4997493212906075 2.5994549315063993 4.548131663791524 5.842908623589675 False
187 7903.349120926268 504.57037096526943 214.7993982051299 52.82375030813959 7896 7911 490 519 362.0 6.201520453930168 2.6608839064674035 -78.97047159153888 0.9032714307108074 0.06688694239284004 3.398465736130894 0.0 302.0837800047026 2.0230436 346.73290834379463 3.218476765463662 1.7403544579206287 0.44071769303646346 10.734438914006276 385.60138661299465 5.230297123907848 2.841137939353299 5.962654059226775 10.559955789479057 False
188 3609.312205607734 493.39843814089704 214.8378253937492 52.85098320328814 3605 3615 491 497 59.0 2.9098967170945924 1.6333041009026916 -10.557413297123874 0.8276172926419492 0.17172758089468854 0.4237430750767272 0.0 16.91954223774505 0.77462345 46.75674868001056 2.631440807883324 2.6926092495663787 0.11547181163743003 4.3336224206596095 45.03878538939421 4.264418774762103 3.2195802488281022 5.616153978119653 8.572527458041339 False
189 2552.4490404691683 495.8251929849229 214.84723614431962 52.85771186288506 2548 2557 492 499 59.0 2.10527747306421 1.7220408633304667 18.786149774274474 0.5752696264266529 0.04639382444294516 0.6492859369595861 0.0 19.77830733528205 0.78351796 41.46748668689201 2.3003746049888996 2.5276852776800367 0.25071778833603425 4.3336224206596095 49.13135390777849 3.668367336297379 2.2779840582455035 4.506854043603561 7.76714808100521 False
190 3202.4406280560365 493.4374846654553 214.84145742301595 52.85356886699363 3202 3203 493 494 4.0 0.505081591796776 0.48729805134515847 -44.37800425743034 0.26301862105372603 0.22183010072398468 0.36882027543479723 0.0 1.2059517326975766 0.19243276 10.20042076798914 0.8578458875188597 3.8002969676552163 0.12293507536862733 1.1283791670955126 12.885383028485647 1.3905003602862585 1.4869267568661735 2.5661489459229276 3.696159997943363 False
191 7083.255794198387 497.02141520320674 214.80679044596653 52.828923140791346 7080 7087 493 501 50.0 2.0335303716181374 1.5330096072381596 -63.36572543338234 0.6570280859117553 0.125582192949398 0.7986531998053632 0.0 21.173056276871034 0.7128619 41.029746030604684 1.9932503758402762 2.4759167214445115 0.23258269369708323 3.989422804014327 46.57724117546818 3.1643483407303377 1.992140570439506 3.984108318625882 6.877418182093094 False
192 7177.478067090352 498.66457523621506 214.80593288326585 52.828333026775226 7174 7181 495 502 45.0 2.1102729443877486 1.5521328317530871 50.19369938803952 0.6775107914093619 0.15227185222150086 0.4828038236516494 0.0 14.429854178284785 0.72375417 46.36656378708928 2.3587023475917426 2.842908950740255 0.13061773984220215 3.7846987830302403 59.01209021165271 3.8164746425626643 2.885431831480292 5.655057740482021 9.609413975196096 False
193 7487.93581524934 496.91123469279694 214.80318283114707 52.82634996823227 7486 7490 495 498 13.0 1.15268463510459 0.8427085082058055 -14.771452907121192 0.6822881952842546 0.2383773068061564 0.4531470057922196 0.0 4.512856753370157 0.36672494 22.345135285344973 1.4451085223454592 3.167796230355922 0.11278128705848947 2.0342144725641096 43.91696698907268 2.261808728663463 2.0693485882889124 3.901064451068214 6.192989360067839 False
194 1572.239936801926 506.62225985551913 214.85587700333994 52.86399791527152 1565 1579 497 516 253.0 4.008840658940182 2.7587208574954944 -84.9398132818482 0.7255596601620408 0.1290444999725457 3.634515928090524 0.0 239.42531312600838 1.6832284 279.47303117631776 2.6560093053220966 1.7984421750955926 0.46071744538251064 8.97398468933946 299.65124472428556 4.181326249860562 2.441125380851085 4.631473014973566 7.983792342999268 False
195 7349.862404721594 497.980911971631 214.8044028121203 52.82723348626691 7349 7351 497 499 9.0 0.8662058726707297 0.7322776807053867 42.99955369121886 0.5341570506043514 0.14590445132390564 0.33384892123279014 0.0 2.100530065698366 0.3058619 5.195492074875394 0.9011593458329541 2.520915222534414 0.15944224854226394 1.692568750643269 7.976673071061101 1.4450419852245635 1.1580574858357289 1.9744453139315334 2.938297879110947 False
196 6740.802610532943 502.7634005699908 214.8097842259286 52.831130995013346 6736 6745 498 508 83.0 2.4822394465761284 1.996044690898187 66.41474814225133 0.5944526735892888 0.0938516194140361 0.8180438227743734 0.0 30.474505088120292 0.9182222 56.001911832755326 2.3592324060575383 2.4084449447977114 0.27700514012765337 5.140011726956917 66.35692737737678 3.745824309105462 2.3251463514536614 4.744104186209162 8.574505827090205 False
197 6785.13932274853 505.11601145007086 214.80936403569288 52.83086183586966 6779 6790 498 514 127.0 3.9496243401601827 1.9291322387712797 -53.893695472607 0.8726006391760203 0.18004035720160272 1.4741098979295353 0.0 70.78722949972345 1.144878 103.97156411606694 2.401608883542056 1.9931050769207646 0.3165434291017952 6.358093703724522 107.81586142148466 3.819050902671448 2.39165733876534 4.855736650032305 8.56772940213651 False
198 3244.325463551056 504.54746110146596 214.84096655665394 52.85336261374246 3240 3249 500 509 71.0 2.160570687329057 1.91866204689457 -50.218702731058386 0.4597761641118356 0.07998726831513607 0.9054006152493878 0.0 28.250296108677176 0.91941583 46.50254892011979 2.316337093522736 2.3429156259343387 0.28202445235634754 4.753945931439391 56.29799633806621 3.6067723261291036 2.029798813356828 3.900996495007495 7.244623920568475 False
199 6501.443770272479 520.8160684091465 214.81172920387863 52.83274979184432 6476 6527 500 546 1829.0 7.988000440058755 6.493226350234176 34.23416939412735 0.582441589010943 0.04471617034895169 31.429405147445358 0.0 3873.7087378251376 5.06956 3897.814051302514 5.2541301273653565 1.4 0.6502979454108943 24.128588475709748 4107.8360702617665 7.70191533587004 3.3767610129703476 7.520826428490673 13.500948434313651 False
200 8397.16614967999 507.4149545537649 214.7949657317559 52.82062611555032 8390 8404 500 513 142.0 3.8421919100699036 2.199998238014613 -34.82884162222421 0.8198423113662944 0.039352855561541306 0.8585725851457391 0.0 59.7651094887204 1.2870568 94.78723160558064 2.9837939956515864 2.1776356477375876 0.27733159504318877 6.723094811029982 88.04804561384346 4.588258894408798 2.9639551883696105 5.64980544730255 10.686237654081767 False
201 3095.1319440730676 513.1527516572487 214.8422080537558 52.85435703205628 3089 3102 501 525 235.0 5.442215780713268 2.408252978166251 71.5491364436752 0.8967619309649212 0.13658011058896807 1.5280559882266982 0.0 120.7115780345373 1.5982234 168.15920359964008 3.271042950394319 2.0189271165672316 0.32608054002420306 8.6488625410045 174.46951306535732 5.150813609937427 3.302416771093226 6.400588563928089 11.333413821862104 False
202 9006.97642218217 503.56930738514285 214.78957040320904 52.8167282121193 9005 9009 501 507 27.0 1.5550600827987335 1.260789061014846 85.1426892168685 0.5853710863627944 0.17824441114478093 0.36218470585176044 0.0 7.517827981121609 0.5039352 22.51961307969467 1.6896998181212746 2.784412032367739 0.11621639924661606 2.9316150714175193 34.612504002931175 2.9365527203879136 2.1570339317374345 4.071491886360581 6.9214737744879695 False
203 4007.129372550422 505.5666190024347 214.83414616581808 52.84852077414067 4000 4015 502 510 96.0 3.844331115889744 1.6306849264856886 -17.17255368596055 0.9055783169400172 0.13134354426805087 0.7677433723640515 0.0 36.67310938972922 1.140621 68.23049028117399 2.8471504894722894 2.3674917492434875 0.21963141471584968 5.527906391541368 81.6612767453957 4.346800875065863 2.94440986416823 5.789174611481345 9.432218456807279 False
204 7410.665365996381 504.57706712282317 214.80379121153277 52.82688249410879 7409 7412 502 506 17.0 1.3177101730670622 0.9998243166075202 -70.79037600967683 0.6513715815342824 0.10870743183039629 0.33553028864856743 0.0 3.8111904122033113 0.40052056 36.07145303194863 1.8163150703742568 3.547692969261805 0.1638367127191326 2.326213245840639 80.39250752572335 2.9236512705247972 3.437793572893076 6.214833718785594 8.680313393430167 False
205 541.8282606668562 506.46750019710294 214.8650841903079 52.870543186870165 541 543 505 508 11.0 1.0337574404390524 0.7341515091211693 75.45735965957027 0.7040224402295528 0.2222789248196941 0.48704569686186355 0.0 4.110198627679618 0.3408849 21.765902403915447 1.3007014723976262 3.2801651092092934 0.14204803243637984 1.8712051592547776 43.51853776890834 2.09166290627745 1.920360538055833 3.6849930144734824 5.484645010438474 False
206 2544.5212586127577 508.3009651920213 214.8471756532727 52.85782950305043 2541 2548 505 512 57.0 1.90800821025011 1.8579259633359828 64.76639204326626 0.22761350453940826 0.1349530709120439 0.7663883494180286 0.0 23.8167477915889 0.8172576 41.78961002135594 2.0629973155266494 2.3857948410225887 0.23436620274361003 4.259537945889915 52.74313333542769 3.295519418810566 2.0458659788439313 3.7653788910229653 7.110599555251569 False
207 3838.1743668921117 513.8671157335644 214.8355669778379 52.84963920053183 3833 3844 506 522 154.0 4.004167833725903 2.26208927299797 -64.17321600384327 0.8251363137417793 0.11788126643558794 0.9980028005605248 0.0 69.5977482573098 1.2328175 113.61639197959533 3.0024710897745353 2.240522065379379 0.2793890843699747 7.001408606295148 148.61236892185366 4.769806738654241 3.03565970968495 5.950519342113987 10.484820012730133 False
208 4049.6737590307507 508.6186770013105 214.83373429469117 52.84826686164848 4047 4052 507 511 21.0 1.378306537403149 1.0502618812284574 20.343860220260666 0.6475835962997042 0.17606405495104913 0.47781796515986763 0.0 7.031630475705148 0.46399632 25.077990639336758 1.7473304213009013 3.0158839805658317 0.15032045529957974 2.5854414729132054 32.308650283429735 2.6991692984694238 2.0662779583350384 4.024310148393763 6.898334739020493 False
209 4255.103718667296 514.349602094937 214.83184036919246 52.84699225058122 4248 4263 507 521 172.0 3.576948920595189 2.653007374243078 30.569927380145923 0.6707366071178614 0.10742421830932669 1.5092558222326742 0.0 91.63921536276278 1.3342558 125.76314690924329 2.6565063618184097 1.88912845673418 0.3259786809772942 7.399277020331919 130.5273634051198 4.25752562962785 2.5992976650182937 5.131662998512849 8.62804751421553 False
210 2779.8319008719386 511.00586078651577 214.84504594318847 52.856348927208785 2776 2784 508 514 51.0 2.1922591498483968 1.5466482806460196 -21.70667228351153 0.7087056281832769 0.1463248840488525 0.47161578294226314 0.0 15.702066209634769 0.7507843 40.502700557625246 2.296048003682801 2.769056017133669 0.18024587368472236 4.029119531035698 40.293149855037214 3.625478546646219 2.5446699343052015 5.248007354642781 8.771998808073992 False
211 4132.551178018749 509.81594192824724 214.83298193791967 52.847746634526985 4131 4134 509 511 10.0 0.9865578916355153 0.7431192933033967 -0.8412145971605915 0.6577406345296676 0.28151717393185177 0.39949011370585297 0.0 3.4575466668890997 0.30234432 11.327947615478745 1.0444338318799098 2.852718459042618 0.06434121229864061 1.7841241161527712 11.482359278723452 1.6666700416512454 1.4144658056414865 2.445822158281658 3.740756037427471 False
212 8620.334335660706 512.1921531263249 214.79292606145725 52.8192329710208 8619 8622 509 515 23.0 1.8827677085951662 0.9383520776802028 73.68129614949055 0.8669531034149741 0.2195430684263219 0.38672399835235705 0.0 7.011023678952486 0.5290383 21.812900589284173 1.6662387543619657 2.747856109462294 0.08526411340277561 2.7057581899030048 22.731443092757555 2.6079526583014796 2.1491945034820317 3.9418811159491836 6.086935646693059 False
213 7374.14406672596 511.0785899365002 214.8040484797267 52.82714969599156 7373 7376 510 512 10.0 0.9685553813339721 0.7508420712307533 -1.943945950325944 0.6316931558023168 0.21932838453473094 0.3449427247556405 0.0 2.908003421675155 0.33844697 30.829659978212284 1.532589952070285 3.767473966036576 0.09078008882947511 1.7841241161527712 53.95653494978092 2.4046342527932176 2.917346997984554 4.9757093777077355 6.811466403993269 False
214 10137.634998041694 512.5235891589793 214.77940019370155 52.80958703284713 10136 10139 511 514 10.0 1.035103471399687 0.7073223327393551 -82.4991411009335 0.73010506574104 0.09452321610658294 0.29020576301420425 0.0 2.1660715703558893 0.32726327 12.90676785405289 1.2906657588586297 3.344206846841884 0.16088852337775691 1.7841241161527712 16.44372728469958 2.082220763809151 1.99734677442994 3.9051578824121584 5.817202812965638 False
215 3159.3403999782277 521.889196223322 214.84154283771556 52.85399613384432 3149 3171 512 532 352.0 4.614244638924648 3.224088303303592 32.72087130664112 0.7153903188898082 0.11142362863470466 3.799282193440639 0.0 326.68337943040353 1.9719058 372.6333532090035 3.1338387028927297 1.7955599718638033 0.4770017981009003 10.585134856802455 424.51999332387 5.034119610640787 2.790508088904749 5.151508645242974 8.995611508530246 False
216 9622.633423889383 548.4184601060707 214.7836116574958 52.81305517090666 9595 9650 512 584 1984.0 15.44473809271027 5.017806082144213 -52.550987645926476 0.9457525866771883 0.09139693232413401 9.140673283064539 0.0 2716.279074336349 5.3127995 2845.3870721710073 6.7026458707199605 1.4979091652478158 0.5194351674741821 25.13019725725687 2993.642088146739 10.347089357264622 5.474317164753121 12.053095194524449 22.337922408000747 False
217 6600.613268974885 518.1843999871309 214.81087235022682 52.83210523011807 6595 6607 513 523 115.0 3.083129444491615 2.1118932036724436 34.21727053116274 0.7285584564050679 0.13608739878540252 1.173631938101168 0.0 57.22354161287462 1.1702209 86.08845527327861 2.4159424647497403 2.0608893466632354 0.3124988701011558 6.050259243299904 90.02212449650466 3.7505363758940202 2.37367466924872 4.528067171886815 7.865540771326386 False
218 4380.316274382024 515.764775302326 214.8307079133466 52.84620414095882 4378 4382 514 517 16.0 1.2101570409452003 0.9963501533062195 -0.2961379018389471 0.5675730787567806 0.14269757596606333 0.33071423379809717 0.0 3.9374207412400772 0.39924648 25.580486556849173 1.6935397389840672 3.4366500849385098 0.10326885013579996 2.256758334191025 32.48417626604848 2.665330794283032 2.5774828404285146 4.860072994919688 7.191984781301414 False
219 8915.71615090619 518.0095652529667 214.79023190716168 52.81738625000799 8912 8919 514 523 63.0 2.3036091899506816 1.6967529087199134 -77.85126835811829 0.6763691259578609 0.05004165118021998 0.7052208990231247 0.0 22.595364072018345 0.76701456 52.7987716406368 2.33528621404112 2.689222906823616 0.25102075790242495 4.478115991081385 62.30333278606811 3.763953132400763 2.5198950114892438 5.359472957560369 9.747536981991766 False
220 3650.6470795948185 518.6430999604788 214.83719074670566 52.850856629918376 3649 3652 517 520 15.0 1.1477853128006232 0.9554355311366095 -48.52716349506228 0.5541503658220814 0.18268437830264608 0.3835325373008701 0.0 4.850557941194623 0.39105454 17.394838404619787 1.3685195184374193 2.8818629989524847 0.08911957151819856 2.1850968611841584 18.852584996723962 2.204156432780602 1.8188884929521305 3.214935001399384 5.0848624368136335 False
