outputs/dr0.5_c0.1/nircam1_matched_f277w_f140w_dr0.5_c0.1.ecsv
# %ECSV 1.0
# ---
# datatype:
# - {name: label, datatype: int64}
# - {name: xcentroid, datatype: float64}
# - {name: ycentroid, datatype: float64}
# - {name: sky_centroid.ra, unit: deg, datatype: float64}
# - {name: sky_centroid.dec, unit: deg, datatype: float64}
# - {name: bbox_xmin, datatype: int64}
# - {name: bbox_xmax, datatype: int64}
# - {name: bbox_ymin, datatype: int64}
# - {name: bbox_ymax, datatype: int64}
# - {name: area, unit: pix2, datatype: float64}
# - {name: semimajor_sigma, unit: pix, datatype: float64}
# - {name: semiminor_sigma, unit: pix, datatype: float64}
# - {name: orientation, unit: deg, datatype: float64}
# - {name: eccentricity, datatype: float64}
# - {name: min_value, datatype: float64}
# - {name: max_value, datatype: float64}
# - {name: local_background, datatype: float64}
# - {name: segment_flux, datatype: float64}
# - {name: segment_fluxerr, datatype: float32}
# - {name: kron_flux, datatype: float64}
# - {name: kron_fluxerr, datatype: float64}
# - {name: kron_radius, unit: pix, datatype: float64}
# - {name: gini, datatype: float64}
# - {name: equivalent_radius, unit: pix, datatype: float64}
# - {name: kron4_2_flux, datatype: float64}
# - {name: kron4_2_fluxerr, datatype: float64}
# - {name: kron4_2_mag, datatype: float64}
# meta:
#   PHOTMJSR: 2.962800025939941
#   PIXAR_SR: 2.11539874851881e-14
#   __serialized_columns__:
#     area:
#       __class__: astropy.units.quantity.Quantity
#       unit: !astropy.units.Unit {unit: pix2}
#       value: !astropy.table.SerializedColumn {name: area}
#     eccentricity:
#       __class__: astropy.units.quantity.Quantity
#       unit: !astropy.units.Unit {unit: ''}
#       value: !astropy.table.SerializedColumn {name: eccentricity}
#     equivalent_radius:
#       __class__: astropy.units.quantity.Quantity
#       unit: !astropy.units.Unit {unit: pix}
#       value: !astropy.table.SerializedColumn {name: equivalent_radius}
#     kron_radius:
#       __class__: astropy.units.quantity.Quantity
#       unit: !astropy.units.Unit {unit: pix}
#       value: !astropy.table.SerializedColumn {name: kron_radius}
#     orientation:
#       __class__: astropy.units.quantity.Quantity
#       unit: &id001 !astropy.units.Unit {unit: deg}
#       value: !astropy.table.SerializedColumn {name: orientation}
#     semimajor_sigma:
#       __class__: astropy.units.quantity.Quantity
#       unit: !astropy.units.Unit {unit: pix}
#       value: !astropy.table.SerializedColumn {name: semimajor_sigma}
#     semiminor_sigma:
#       __class__: astropy.units.quantity.Quantity
#       unit: !astropy.units.Unit {unit: pix}
#       value: !astropy.table.SerializedColumn {name: semiminor_sigma}
#     sky_centroid:
#       __class__: astropy.coordinates.sky_coordinate.SkyCoord
#       dec: !astropy.table.SerializedColumn
#         __class__: astropy.coordinates.angles.Latitude
#         unit: *id001
#         value: !astropy.table.SerializedColumn {name: sky_centroid.dec}
#       frame: icrs
#       ra: !astropy.table.SerializedColumn
#         __class__: astropy.coordinates.angles.Longitude
#         unit: *id001
#         value: !astropy.table.SerializedColumn {name: sky_centroid.ra}
#         wrap_angle: !astropy.coordinates.Angle
#           unit: *id001
#           value: 360.0
#       representation_type: spherical
#   astropy version: '5.1'
#   kernelfile: kernel_f277w_f140w.fits
#   make_catalog parameters:
#     ab_zpt: 31.4
#     coadd_bands: !!python/tuple [f277w, f356w]
#     deblend_contrast: 0.001
#     deblend_nlevels: 32
#     deblend_npixels: 1
#     detect_kernel_fwhm: 4.0
#     detect_kernel_npix: 7
#     detect_npixels: 4
#     detect_threshold_nsigma: 3.0
#     flag_isolated_buffer: 4
#     hst_bands: !!python/tuple [f606w, f814w, f125w, f140w, f160w]
#     jwst_bands: !!python/tuple [f115w, f150w, f200w, f277w, f356w, f410m, f444w]
#     near_border_kernelsize: 21
#     reference_band: f200w
#   make_catalog version: 1.4.0
#   photutils version: 1.5.0
# schema: astropy-2.0
label xcentroid ycentroid sky_centroid.ra sky_centroid.dec bbox_xmin bbox_xmax bbox_ymin bbox_ymax area semimajor_sigma semiminor_sigma orientation eccentricity min_value max_value local_background segment_flux segment_fluxerr kron_flux kron_fluxerr kron_radius gini equivalent_radius kron4_2_flux kron4_2_fluxerr kron4_2_mag
[from data line 5019]
5020 7083.580109077697 3674.2810766018283 214.95395941953106 52.97317582597997 7081 7086 3670 3678 44.0 2.228786236022034 1.5118134942177086 71.27788919865769 0.7347735669236247 0.19252350854242653 0.35392735991484015 0.0 12.591905769126091 8.59681 93.37136216324123 37.15609093885317 3.5042531795862453 0.0849340947609714 3.742410318509555 155.2793813595546 59.89514931358004 25.92221551966533
5021 7105.034508833861 3684.491489007112 214.9536593896525 52.97309482907262 7099 7110 3679 3688 70.0 2.7929832319361205 2.0486258463033495 -18.051721226556914 0.6797000203178984 0.23288382857409348 0.3902485998989119 0.0 22.347033960319834 11.025078 109.89272716302574 45.168568170971575 3.1933138981023523 0.07742531380849128 4.720348719413148 141.28915611362396 71.97587524046428 26.024727922001652
5022 708.1792605718994 3667.6517370922415 215.01126626516512 53.01358331543518 693 726 3655 3683 623.0 5.800939483056887 5.439220548363205 -18.722689750188287 0.3475950106626795 0.21419813137651403 3.267354679822407 0.0 664.7821241026112 33.72246 930.4226548396481 72.44810211375476 2.1613926909598127 0.3968136310259143 14.082153922340915 1223.909437877016 115.21724638782293 23.680626790617815
5023 693.5825155919762 3683.086214988362 215.0112347443697 53.01375932416902 677 708 3667 3697 548.0 6.9147606862256294 4.810517771738254 -43.152121098525434 0.7183438289878934 0.19413931716463798 1.6630591302634905 0.0 381.16735960047697 31.365126 878.2624505776864 93.66843298553852 2.7523392526302026 0.3271079750145526 13.207339536360731 1225.736363582121 149.49894989504034 23.679007324041866
5024 10205.709653727146 3661.4816333966082 214.9261034340718 52.95329092163595 10199 10212 3658 3665 44.0 3.6077949591024496 0.9621186779695569 25.980610516479956 0.9637857502372033 0.23088528379223452 0.3120238398037446 0.0 12.119793781839975 8.728226 191.76894586465087 42.6473162585532 3.8930429525293118 0.05145197885814335 3.742410318509555 378.5560937594966 69.16575116855921 24.954674396055545
5025 10216.059120535549 3667.205966620251 214.9259503752109 52.95325612848399 10212 10220 3664 3670 27.0 2.636714788224122 0.8430040687202377 36.61254846655054 0.9475128862713764 0.201214821102809 0.288288873647772 0.0 6.747884508641025 6.9063916 121.74950453891188 32.46560041038793 3.8036535933065556 0.057038521011044424 2.9316150714175193 244.12351820030656 52.93151426311919 25.430975949525283
5026 2428.43596132784 3685.4919446034883 214.9956236058259 53.00276977187162 2399 2455 3659 3716 1915.0 12.186957690048912 10.424630081173365 -80.34280256217995 0.5179806648971119 0.20905242332462093 2.068407818661179 0.0 1295.8896065187666 58.98287 1942.1211689925244 136.42098853328406 2.0517089382465046 0.31464503889158296 24.68933842860029 2291.0235420151316 219.85109676675089 22.999926120201174
5027 2451.1013576099467 3680.61582094775 214.9954714283294 53.00259965762142 2444 2459 3670 3694 243.0 5.102165860184808 3.436579542486685 73.40899334696422 0.7391388537158988 0.2118946446607138 0.7018501766279847 0.0 112.08082984183118 21.64309 337.48317381912943 72.2565429594039 2.8766581308240085 0.18388313595210745 8.79484521425256 546.4868825729911 115.1395542683373 24.556050645102424
5028 2409.37548280051 3679.9748976408027 214.9958529501514 53.00286084641213 2397 2419 3665 3693 430.0 6.301047413569546 4.7678680227960495 -50.89197946308722 0.6537869892285839 0.20844592128009312 1.0898379708776131 0.0 268.20163880041525 27.9163 544.225107432067 82.6447930301203 2.5576272372584206 0.24070525310278912 11.699284211396439 765.4296376482672 133.8544458794352 24.19023681445732
5029 2425.0154490784857 3709.581211648427 214.995400426449 53.002921668212686 2416 2434 3705 3714 127.0 4.174436163090264 2.4587220602230735 7.738710080036352 0.808136672134039 0.22836519436706176 0.4901633272900426 0.0 41.33753626416698 14.864112 254.91241705896036 64.9527539544614 3.424498529335435 0.12366955819497884 6.358093703724522 394.9150604964995 104.1783806841762 24.908740759189882
5030 751.3984191109937 3671.0396149819308 215.01084218257375 53.01332755764419 740 764 3662 3680 380.0 5.131583661307686 3.9888860754057984 -1.5178824238981805 0.6291045765402323 0.2524519243919274 2.7188424587359865 0.0 380.8844936055493 26.278252 568.4813612053947 59.134848580662286 2.2030006531301 0.34079446930814844 10.998079684646791 673.107707613727 94.45400821945584 24.32978859100174
5031 755.0711387759482 3683.8321659461494 215.0106743374125 53.01337342726279 751 759 3680 3688 62.0 2.3842079264324614 1.9609423648987145 -42.55499305159327 0.5688067491335096 0.25810100049594464 0.4818814347421023 0.0 23.442965672792162 10.4194355 93.03522902765697 39.74725997583423 3.0861943596724424 0.098859189003432 4.442433223290478 163.6194734864147 63.40893526023433 25.865412522988194
5032 10228.371515566962 3674.2193523766578 214.92576614419508 52.95321583388335 10226 10231 3672 3676 22.0 1.7787099955092598 0.9561572334081774 34.31392569089157 0.8432276920139855 0.2318452432875319 0.32369330033377464 0.0 6.258294060118075 6.125833 87.20016572467014 28.170751252203903 3.799834829701501 0.057970359258592896 2.6462837142006137 173.49476946184166 45.16202551486993 25.80178403457616
5033 10240.843769764497 3681.31447062865 214.92557961981674 52.95317496547154 10232 10248 3675 3686 96.0 4.556278364016485 1.658265121597777 31.04817196701896 0.9314178340465916 0.21671061552602522 0.405543969577224 0.0 30.517194205792848 13.3210535 275.2893808354089 57.41516855233469 3.578883740322619 0.09865369272821485 5.527906391541368 589.0829343282115 92.99048062123993 24.474558896370176
5034 10249.034192260244 3686.5328521279553 214.92545124021947 52.953151145712596 10247 10251 3684 3689 17.0 1.3433161445805946 1.0224047825821987 -70.84691097143089 0.6486285615481735 0.2354965324557721 0.3510854939108754 0.0 5.337211927094276 5.445849 55.50808174442757 24.059244388716294 3.7064739017498303 0.0671040172921921 2.326213245840639 120.52361435720428 40.208756091095914 26.197319632094846
5035 10253.05085843283 3689.15164290461 214.9253876531697 52.95313978621288 10250 10257 3686 3691 32.0 1.8880086579431878 1.3797907824640472 19.071677929340876 0.6825723374453149 0.22438705503121317 0.34189410376042345 0.0 9.826337418422012 7.8523602 100.58151764519138 33.222075238260345 3.6329366888187593 0.060799504399343354 3.1915382432114616 225.59134605345028 54.038303545149724 25.516693911027144
5036 10263.64507111058 3695.011144850273 214.92523097800395 52.95310416823584 10257 10270 3690 3700 61.0 4.373714242270509 1.0940330657808808 34.48329553399232 0.9682101395241861 0.2272424476286249 0.331350343854776 0.0 17.981797556444924 10.898872 210.19044157628258 45.23609567596632 3.7422821067986667 0.05922391466402526 4.406461512053774 460.215647814532 74.58652466901994 24.742596547371544
5037 10276.739691452629 3703.092136201107 214.9250284897197 52.953064670663515 10271 10282 3699 3707 49.0 3.2112544944943178 1.238266783994429 31.241969697894294 0.9226651324719721 0.2573093628641678 0.38246138068639307 0.0 16.38864151893348 9.600089 182.49931686005135 41.076072817434216 3.6657760249460636 0.05981989913279235 3.949327084834294 390.75962161727045 66.26563344206794 24.920225799018308
5038 10284.862510047366 3708.270450897277 214.9249011387211 52.95304106315202 10281 10289 3705 3711 36.0 2.3926276568528095 1.2027602427634412 37.25715013625479 0.8644642610003036 0.2691868822823409 0.3880676772944763 0.0 12.527699665218165 8.4401865 135.82426501596038 34.66555343136831 3.6941074739377155 0.05700697126016593 3.385137501286538 296.84547323061406 57.041980454550824 25.21867392374185
5039 10294.143918538906 3713.640987547111 214.92476138039035 52.9530111384835 10289 10299 3710 3717 54.0 3.179542498995214 1.347541814384116 28.56035320167558 0.9057481861460582 0.29073586748055835 0.41721844073429964 0.0 20.24134267020506 9.680568 275.39281730759916 44.86810869131077 3.8107200418187346 0.052625853742662786 4.145929793656026 574.2022630915785 73.6953958740863 24.502337750400557
5040 10305.964829755481 3720.0392806893383 214.92458803674094 52.952970641308944 10300 10313 3716 3724 54.0 4.058180250108923 1.0694832178956877 30.009856080941493 0.9646491154448411 0.34751772704685535 0.479895623924894 0.0 23.305670594687413 9.898287 352.5298513947783 47.681193405013644 3.947332355623875 0.045840136395076926 4.145929793656026 539.3093699574472 77.76411211772789 24.570405085542042
5041 10316.205990083727 3726.0739938979114 214.9244326803489 52.952938209387895 10314 10318 3724 3729 22.0 1.681229724067716 1.0369368826845626 49.122002264632144 0.787141173082002 0.3523161491427202 0.45689777396804865 0.0 9.416582356232926 6.1609716 167.56415676475194 29.943123526270238 3.875950975991091 0.03906371106166363 2.6462837142006137 330.0693952230664 48.20354458807478 25.1034868564109
5042 3953.7660339790978 3702.048040657123 214.98175221467858 52.99318379091908 3920 3989 3677 3727 2602.0 8.787307817501537 5.654515627681832 -18.141911429409504 0.7654573004987013 0.15837262560459328 70.84556606936033 0.0 11296.59926120448 69.08709 11085.737797795035 59.25557337776857 1.4 0.7657125386081304 28.77919949981624 11610.659591177708 95.2479013463927 21.237857769199657
5043 3993.087577795981 3703.0583732859973 214.98138855463048 52.99293980524646 3986 4002 3697 3709 160.0 3.9507808678451974 2.936940043451768 -6.148619546511576 0.6688669176835967 0.16754112365460988 0.4162552705293081 0.0 49.86440344310782 16.854399 181.4646766021681 62.495141706524656 3.0322694448325054 0.11269644249609219 7.136496464611085 337.1987656830862 99.36166560423743 25.08028505945102
5044 6952.266292450094 3698.966096569993 214.95487711641982 52.9741424478203 6947 6957 3694 3704 98.0 2.9497645963773893 2.2466213072631733 -45.3316246497463 0.6480152959862906 0.21127975271952906 0.5967661404824167 0.0 36.326086190390534 13.570448 87.9525854619659 44.095759116471 2.6945330647052215 0.15833102652892833 5.585191925620057 106.46783873036837 70.82588469472073 26.331953904772732
5045 6959.354841158442 3704.159683453713 214.95475880343392 52.9741255180267 6956 6963 3701 3708 50.0 1.9694579937712275 1.7947601438683214 39.546617634241564 0.4117507976893065 0.1834842891792593 0.41057063623821793 0.0 14.946729141188726 9.531325 44.07846972666269 30.74138284463942 2.766598224559922 0.1230675384148854 3.989422804014327 79.82972643065483 50.69275142722369 26.644588397537035
5046 8923.475878195777 3701.0486473765354 214.9371790364076 52.96164355735538 8918 8929 3697 3705 87.0 3.002992338234097 2.1618377184918027 -15.323575685466968 0.6940834853122263 0.23421642300255477 0.5132329975752347 0.0 34.08574256164368 12.484701 135.0692485840666 46.01525685923465 3.0904993307978863 0.11530642354355 5.262410103554244 216.07233380042945 74.06862403313542 25.563502093053373
5047 8935.059510171106 3699.539162173678 214.9370911002451 52.96156188395316 8928 8941 3696 3703 79.0 3.304406619263544 1.8048002698988312 21.07446630016862 0.8376679445074882 0.18848039488952648 0.4565547347231736 0.0 26.205091750862785 12.572588 121.08138520805625 45.615531793864626 3.2345241537526297 0.12551900031908592 5.014626706796775 177.66811587160507 74.13084128980987 25.77597625805344
5048 8929.73250903147 3719.994866880659 214.93692330643697 52.961706151556946 8909 8951 3700 3742 1333.0 8.829027671261912 8.482596048957634 -18.14090744657087 0.27737338575683435 0.20452680005736207 2.5836866616724494 0.0 881.7590128792153 47.73332 1134.5093430479978 84.98509131781557 1.7043889220780708 0.33320371560442413 20.598715452255583 1151.0974239155944 137.50243858793058 23.7472197950124
5049 8935.5242143336 3742.534189114628 214.93663388166738 52.961791098047954 8930 8941 3738 3748 90.0 2.6477446771586766 2.465237100164272 -17.504921153313926 0.3648391779383304 0.25159829053475774 0.6371641013760425 0.0 40.93170569930475 12.268363 102.9125738188446 39.80398518418651 2.6769867999757158 0.14646020266432005 5.352372348458314 127.6400528209595 63.78467322739687 26.135032561888764
5050 2221.5500648045117 3766.9913481040608 214.99662281802756 53.00452247516824 2193 2250 3736 3806 2748.0 11.564986250413105 7.982200890001193 -65.57787347103564 0.7236147488112631 0.19200002120356074 12.234399625739222 0.0 4799.3457384315025 71.58162 5032.913882474287 90.15841684532977 1.545690091511893 0.5888725861471359 29.575590733458846 5410.510821309664 144.46905354576015 22.06690432503251
5051 2252.165666510648 3753.4954465689616 214.99649007564608 53.004255347144195 2246 2260 3744 3763 210.0 4.603463472826315 3.2529773606488734 88.45983374633644 0.7075763063111958 0.20055120640766902 0.5521947274321323 0.0 75.19594804722601 20.105236 270.01596371951524 66.25359781688694 3.0482554541303157 0.13624817872813116 8.175883811466258 559.9853988668298 109.75937189027205 24.529558241744475
5052 2280.513503049472 3786.077570033737 214.99589203023154 53.00425165420087 2248 2308 3753 3816 2177.0 12.730497743563985 6.532533860126694 50.40556647427746 0.8583046293201146 0.1910755439139286 8.709307606837957 0.0 2568.0255135648113 63.256424 2924.9750535803755 100.04748364038873 1.8245870619173268 0.5433514243608183 26.324145232506833 3428.28347730428 158.78959642244607 22.56230818599484
5053 2211.747997745439 3810.5904598146158 214.99625131215257 53.00482030006909 2209 2215 3807 3815 53.0 2.3101880904435337 1.7686715771648926 88.29657003843698 0.6433212448093348 0.17617922796023375 0.2585719428661309 0.0 11.787008469054957 11.18429 79.14404386670854 43.62136181738072 3.3951174563492863 0.05675723130638122 4.1073621666150775 138.69503964919164 67.91234741230102 26.044847677372786
5054 6328.272753950753 3749.9835904011484 214.95993704292724 52.978377614092615 6312 6344 3739 3762 484.0 5.30776481754673 4.129415841642074 -9.762002425717503 0.6282701516941248 0.19855974493059397 5.311718490622069 0.0 647.0771915884625 29.19382 778.2100254820365 51.92282158963182 1.8638508809791132 0.443604722258187 12.412170838050638 871.9018488740213 84.51924852073775 24.048831003527454
5055 6320.411681445492 3764.62074304942 214.95985331341845 52.97850656263108 6312 6329 3756 3773 244.0 4.2253598153643965 3.349768409983527 43.1181252960869 0.6095116929351333 0.29534775887861375 2.085687228114485 0.0 220.260721569336 21.04347 343.7990389544132 50.65142940259514 2.2618789032226982 0.2868762342962032 8.812923024107548 427.6073875456573 81.39202467862312 24.822387000808526
5056 3278.8601253362854 3794.456412024942 214.98683789643704 52.99796444201529 3214 3340 3745 3842 9036.0 19.509325335312802 11.854333115739266 29.536095879049206 0.7942248725892147 0.18743432765927892 48.055161245530634 0.0 25207.852572220716 129.65515 25132.59650902815 128.73365425978352 1.4 0.6853257669983012 53.63066409766648 26476.206093232697 206.0089033463585 20.342860617455827
5057 3229.2372208473644 3877.192480001708 214.98641143983008 52.99872633624864 3203 3254 3817 3928 3821.0 17.107516277400954 8.333441628350835 -87.49539820904792 0.8733341250670423 0.1999942087539679 11.018591866020806 0.0 6294.244169106485 84.40171 6726.640186531831 114.38245752624616 1.58192680268248 0.5412548118258628 34.874949105457695 7236.631333879483 182.23231147666093 21.751158879247384
5058 3315.966331996235 3844.6347653713005 214.98597583061562 52.99800023495902 3302 3329 3836 3854 323.0 6.344845240470305 3.5057753385361194 -30.45399389778669 0.8334869511483757 0.2209026057718716 0.6731862620766031 0.0 127.34704253931613 25.41076 516.011175980766 87.902305900007 3.1590137200506523 0.15766623749921205 10.139728459745083 907.2215135668658 141.95491324218688 24.00571664901429
