outputs/dr0.5_c0.1/nircam1_matched_f277w_f444w_dr0.5_c0.1.ecsv
# %ECSV 1.0
# ---
# datatype:
# - {name: label, datatype: int64}
# - {name: xcentroid, datatype: float64}
# - {name: ycentroid, datatype: float64}
# - {name: sky_centroid.ra, unit: deg, datatype: float64}
# - {name: sky_centroid.dec, unit: deg, datatype: float64}
# - {name: bbox_xmin, datatype: int64}
# - {name: bbox_xmax, datatype: int64}
# - {name: bbox_ymin, datatype: int64}
# - {name: bbox_ymax, datatype: int64}
# - {name: area, unit: pix2, datatype: float64}
# - {name: semimajor_sigma, unit: pix, datatype: float64}
# - {name: semiminor_sigma, unit: pix, datatype: float64}
# - {name: orientation, unit: deg, datatype: float64}
# - {name: eccentricity, datatype: float64}
# - {name: min_value, datatype: float64}
# - {name: max_value, datatype: float64}
# - {name: local_background, datatype: float64}
# - {name: segment_flux, datatype: float64}
# - {name: segment_fluxerr, datatype: float32}
# - {name: kron_flux, datatype: float64}
# - {name: kron_fluxerr, datatype: float64}
# - {name: kron_radius, unit: pix, datatype: float64}
# - {name: gini, datatype: float64}
# - {name: equivalent_radius, unit: pix, datatype: float64}
# - {name: kron4_2_flux, datatype: float64}
# - {name: kron4_2_fluxerr, datatype: float64}
# - {name: kron4_2_mag, datatype: float64}
# meta:
#   PHOTMJSR: 0.3925000131130219
#   PIXAR_SR: 2.11539874851881e-14
#   __serialized_columns__:
#     area:
#       __class__: astropy.units.quantity.Quantity
#       unit: !astropy.units.Unit {unit: pix2}
#       value: !astropy.table.SerializedColumn {name: area}
#     eccentricity:
#       __class__: astropy.units.quantity.Quantity
#       unit: !astropy.units.Unit {unit: ''}
#       value: !astropy.table.SerializedColumn {name: eccentricity}
#     equivalent_radius:
#       __class__: astropy.units.quantity.Quantity
#       unit: !astropy.units.Unit {unit: pix}
#       value: !astropy.table.SerializedColumn {name: equivalent_radius}
#     kron_radius:
#       __class__: astropy.units.quantity.Quantity
#       unit: !astropy.units.Unit {unit: pix}
#       value: !astropy.table.SerializedColumn {name: kron_radius}
#     orientation:
#       __class__: astropy.units.quantity.Quantity
#       unit: &id001 !astropy.units.Unit {unit: deg}
#       value: !astropy.table.SerializedColumn {name: orientation}
#     semimajor_sigma:
#       __class__: astropy.units.quantity.Quantity
#       unit: !astropy.units.Unit {unit: pix}
#       value: !astropy.table.SerializedColumn {name: semimajor_sigma}
#     semiminor_sigma:
#       __class__: astropy.units.quantity.Quantity
#       unit: !astropy.units.Unit {unit: pix}
#       value: !astropy.table.SerializedColumn {name: semiminor_sigma}
#     sky_centroid:
#       __class__: astropy.coordinates.sky_coordinate.SkyCoord
#       dec: !astropy.table.SerializedColumn
#         __class__: astropy.coordinates.angles.Latitude
#         unit: *id001
#         value: !astropy.table.SerializedColumn {name: sky_centroid.dec}
#       frame: icrs
#       ra: !astropy.table.SerializedColumn
#         __class__: astropy.coordinates.angles.Longitude
#         unit: *id001
#         value: !astropy.table.SerializedColumn {name: sky_centroid.ra}
#         wrap_angle: !astropy.coordinates.Angle
#           unit: *id001
#           value: 360.0
#       representation_type: spherical
#   astropy version: '5.1'
#   kernelfile: kernel_f277w_f444w.fits
#   make_catalog parameters:
#     ab_zpt: 31.4
#     coadd_bands: !!python/tuple [f277w, f356w]
#     deblend_contrast: 0.001
#     deblend_nlevels: 32
#     deblend_npixels: 1
#     detect_kernel_fwhm: 4.0
#     detect_kernel_npix: 7
#     detect_npixels: 4
#     detect_threshold_nsigma: 3.0
#     flag_isolated_buffer: 4
#     hst_bands: !!python/tuple [f606w, f814w, f125w, f140w, f160w]
#     jwst_bands: !!python/tuple [f115w, f150w, f200w, f277w, f356w, f410m, f444w]
#     near_border_kernelsize: 21
#     reference_band: f200w
#   make_catalog version: 1.4.0
#   photutils version: 1.5.0
# schema: astropy-2.0
label xcentroid ycentroid sky_centroid.ra sky_centroid.dec bbox_xmin bbox_xmax bbox_ymin bbox_ymax area semimajor_sigma semiminor_sigma orientation eccentricity min_value max_value local_background segment_flux segment_fluxerr kron_flux kron_fluxerr kron_radius gini equivalent_radius kron4_2_flux kron4_2_fluxerr kron4_2_mag
[from data line 973]
974 2272.885438544954 1333.0735100617414 215.02180803524945 52.99103878316686 2266 2280 1327 1340 136.0 3.8023901700265625 2.1682577458861956 44.97090634655137 0.8214812893222667 0.18713099652533707 0.8496694608470778 0.0 55.05918359490081 1.8365839 158.90052361029643 6.100803534042939 2.9547018923978525 0.24638803278479998 6.579524642479541 337.87171946353936 9.822647249573256 25.07812039504436
975 7656.540627645397 1333.7553410035364 214.97347739719973 52.956896465344414 7648 7667 1327 1341 201.0 4.985579614536967 2.464612326529991 33.02590713578416 0.8692639723133491 0.1790266584172829 1.0147380386919815 0.0 95.30145783865915 2.8559391 125.740950153683 5.087094128467269 1.6965033744297104 0.2468333569906416 7.998767850296815 121.12746320236454 7.924806885628846 26.191893445506864
976 4412.701944314063 1334.9452437752545 215.0025723037635 52.977479414558694 4403 4421 1328 1343 228.0 4.044085850395356 3.198714457294195 27.578660225868042 0.6118664815647578 0.16809058410422084 1.185013680570361 0.0 104.39989834172405 2.6588793 197.95522772237774 6.605922674547345 2.498068669091481 0.29562865601170574 8.51907589177983 282.31609498079683 10.222649274402533 25.273160904507904
977 10244.964226120075 1331.4040866550397 214.95029566431683 52.94045958331118 10242 10248 1329 1334 33.0 1.6038829767461675 1.3785251880323206 33.20623759603262 0.5111485676912778 0.25046776484927114 0.6792850514423391 0.0 14.805876733068613 1.0527186 27.744899574079824 2.978193941949403 2.380301105663086 0.16119712321843754 3.2410224072142872 27.275815420445888 4.780984325900097 27.810555642884196
978 7592.050443654204 1340.6065686514848 214.97398365336605 52.957342630855464 7582 7601 1330 1351 296.0 4.850719016575848 2.922163696290618 -56.000833426076106 0.7981802719852966 0.17102977516543907 2.6639750145386434 0.0 218.9578773190884 3.4026256 280.42256486554686 5.9603648592361695 1.920365155166976 0.4087001715413143 9.706684619910241 296.20123762784976 9.484084730705336 25.221032827958506
979 3714.063960794743 1336.2740956370228 215.00883090404386 52.981917303816765 3710 3718 1332 1340 61.0 2.0437268373710924 1.9043094423229616 -78.57054416644176 0.36301636307295526 0.13672483760144943 0.5126949948578506 0.0 18.134612985007443 1.2496287 30.93748297527739 3.121139252472279 2.2227819951296164 0.20541697653506913 4.406461512053774 37.49644981010568 5.059416626982719 27.46502462407198
980 1019.3711220276444 1340.9620220741685 215.03298735480467 52.99902906028601 1014 1025 1334 1348 142.0 3.2756182472931488 2.3613215070162012 -61.12723899763565 0.6930618612772218 0.14621770865534806 1.328249600114568 0.0 75.85113183409906 1.7947313 122.46391451720908 4.388702399667582 2.339959994093834 0.31909384498215454 6.723094811029982 156.75777738076772 7.118348386587023 25.911927257187934
981 6893.249568252223 1337.1053501306105 214.98028875220072 52.96175696701987 6888 6899 1334 1341 80.0 2.8320297508577075 1.8844320172112048 10.60288205500964 0.7464871814589336 0.16982427908540318 0.5883785703179323 0.0 28.274342573763587 1.6760774 80.10094982660786 5.235879615166599 2.8018419218153934 0.1787181337848711 5.046265044040321 110.11406145992007 8.271994563630994 26.29539304624644
982 4023.7999821196863 1348.0915708514415 215.00592536091952 52.98001690774286 4013 4037 1335 1361 503.0 4.91265126253083 3.636638861711018 52.01380857714231 0.6723207876173245 0.1900570904890553 9.409385102586436 0.0 728.3786722829325 4.0530477 781.4190789807282 5.232802842421428 1.6191236316704483 0.5584752504193896 12.653452997124806 850.4793777392658 7.947767482248362 24.075840531532478
983 7782.98708229073 1338.6377089260616 214.97229191516024 52.95612061634715 7781 7786 1336 1341 29.0 1.4957253535895831 1.3342596905246746 -72.85786625687876 0.4519395044361178 0.1708421673236091 0.5160060365164924 0.0 10.33943842576723 1.0822786 26.767323260095743 3.4018399929224636 2.7302634062848403 0.14707920264198066 3.0382538898732494 30.771620501370123 5.392994934099656 27.679624080613763
984 3592.0054702867856 1342.6045220807364 215.00986023577113 52.982725578476206 3587 3597 1338 1348 97.0 2.2687065359771323 2.18584330151404 -36.49663723575167 0.26779627366501674 0.1642592084861255 1.5761106682240706 0.0 59.10550731620389 1.6491855 76.18613097420304 3.1415481773540193 1.9063050961448842 0.36253363564606317 5.556622981616415 79.30208932293101 5.110672209745981 26.651788426111203
985 10184.145953774674 1341.8207547081572 214.95073103547233 52.94090180283482 10181 10187 1338 1345 44.0 1.8744570309327369 1.588984837093118 72.05109859403622 0.5304694384634301 0.1412331652112996 0.40128088386941263 0.0 11.540764507252856 1.1970012 21.07063184357814 2.930378992028717 2.083048135413804 0.15436934859164145 3.742410318509555 15.344755944542115 4.7679247432092815 28.435100036373246
986 6752.365727638029 1346.3475219883323 214.9814552933083 52.96270064821085 6748 6757 1339 1353 85.0 3.5894457354776756 1.7585112183084455 -63.44822924390767 0.8717720991252907 0.23885843289912218 0.5682022097238156 0.0 31.575396023090697 1.7885624 82.40025204902494 5.382911452471611 2.659583027773871 0.13086228128322125 5.201570947860099 110.31713588887095 8.54766976064604 26.29339255516531
987 2757.095737995396 1374.2047843223472 215.01702540415326 52.9881908649036 2730 2787 1343 1404 2459.0 8.034310745384843 6.109409885983672 75.75753029302082 0.6494375459627442 0.1589148523426551 94.22387344680347 0.0 11217.713400136417 8.7169285 11022.783434681034 7.852568297367002 1.4 0.7536052795776349 27.977205187901475 11561.414181198123 11.682601273317829 21.242472600444692
988 3613.1788845871447 1345.4713811424685 215.00963991093732 52.98260680374955 3611 3616 1343 1348 26.0 1.4164248495159213 1.3144478279902947 -65.50277622430829 0.372570402040284 0.23337274088368296 0.4560408052698488 0.0 8.860724555569996 0.90859634 24.358550408175407 3.0938054967814135 2.7498519769219083 0.11168747092949163 2.876813695875796 24.715864531742007 4.723648833909846 27.917560484574032
989 2533.4210332187504 1349.9013936302795 215.01929046495835 52.989477772702706 2530 2537 1344 1355 75.0 2.779593437206697 1.802177642244446 75.40167134244761 0.7613337668385497 0.20334255306854435 0.5917027023653469 0.0 27.652461736808643 1.4721501 54.93196657837082 4.0817874653278965 2.4588509368176257 0.16631848178025033 4.886025119029199 69.46116589423099 6.359002127038614 26.795644828506795
990 2794.9952910831908 1347.3332563509243 215.01696805868474 52.98780525131858 2791 2799 1344 1351 57.0 2.0932904500344227 1.867987766240347 -3.0821128214540745 0.45130626588047035 0.15888413509440147 0.4329238464694644 0.0 16.387885854699633 1.2442529 89.58990261815899 4.748823120899218 3.366115880514998 0.14662807617037404 4.259537945889915 181.46253754109847 7.566897408650408 25.753032550791243
991 9165.185352079785 1346.8246648923728 214.95981188446748 52.947394895720606 9164 9166 1346 1348 6.0 0.7751201249863335 0.5729042503356961 -44.720251489832116 0.6735773622009205 0.2658696417347683 0.2949775784678331 0.0 1.6888682518037699 0.439317 13.448800737538381 1.9594769859960255 3.5447333424498555 0.026639956200237746 1.381976597885342 15.6580795911985 3.088992487014379 28.41315375928529
992 2983.711657129039 1355.0023397319333 215.01519233804873 52.98665004125541 2973 2994 1347 1363 276.0 5.212783244920941 3.0000483866458243 25.711789764627532 0.81778940911345 0.17360244236784367 1.318678472759834 0.0 166.53176599982044 2.6600904 208.59565819508015 4.902615924770901 1.7565434391843446 0.30655528770994545 9.373021315815206 212.64303874067048 7.819480152165983 25.580872075356307
993 3039.9164918778497 1353.4671970601619 215.01470372861922 52.986285334250596 3035 3045 1347 1361 119.0 3.217084252396882 2.2630758227776355 -89.6905622495503 0.7107392398345191 0.15729414797296623 0.8504888148939055 0.0 49.88193141854412 1.7268066 77.86239267434533 3.834738699371496 2.017847494060916 0.24887531306701055 6.154581744998688 78.0343484478174 6.160619106581192 26.669285478601438
994 2366.8071067844257 1356.0510910255482 215.02072230381913 52.99056749560126 2354 2378 1349 1364 291.0 4.688084724736725 2.7521394099244043 -13.443044422939717 0.809550788867347 0.1909603628017134 3.484457401159833 0.0 237.92907267078988 3.0884085 299.2309012406697 5.423799596526297 1.999063317353468 0.45161189907199323 9.624353322664494 359.88024217098575 8.582469574376066 25.00960498986714
995 3533.6297923456136 1355.0165462418092 215.01025368775748 52.983162875308814 3526 3542 1349 1361 142.0 4.101515019719806 2.1272268360104016 -31.539696494078125 0.8549901924925472 0.15390203666915545 0.9391111786658748 0.0 68.69390027803684 1.9786444 114.32951820442773 4.871948633614332 2.226003039188376 0.23772977424659494 6.723094811029982 122.65546821506533 7.797309576159175 26.178282713371033
996 7744.503186952571 1350.632683620272 214.97251073597602 52.95642958327391 7743 7746 1349 1352 13.0 1.2035534464350823 0.8073851275900186 -38.92313003033396 0.7416071236586204 0.28491287821552 0.3633771335114409 0.0 4.205967380219402 0.7347739 20.959902375928785 2.7023407908533454 3.239526391612915 0.04357821062423598 2.0342144725641096 24.37128703432677 4.227288655093391 27.932803838389553
997 10227.073293896236 1351.1650074510355 214.95024791215985 52.94067984951024 10224 10230 1349 1353 27.0 1.5872810711721586 1.247277588385736 14.562787593909642 0.6184869921791938 0.2527532074772722 0.4392531391396146 0.0 9.502376282491793 0.9645869 35.48621056456102 3.7620923330646296 3.073513841651071 0.08514312360677428 2.9316150714175193 39.626828697689405 5.96443677879877 27.40502670625787
998 6207.6927459993985 1361.9053222818886 214.9861782251099 52.96623989870012 6203 6212 1355 1368 97.0 3.2718684786560024 1.9560407887231752 -69.44584111710999 0.8016184304257155 0.1671521046777479 0.6727705238753018 0.0 37.05257132355828 1.8422223 72.08544139135002 4.934558761841891 2.4804393186543554 0.19756114738102348 5.556622981616415 102.00666735305697 7.877821036226675 26.37842860245774
999 1202.146269272216 1368.5444086111665 215.03105436030341 52.99801945128098 1186 1214 1358 1378 406.0 5.792264654721927 3.8171558738122813 11.503070827584386 0.7521348508891272 0.18349140522753135 1.7903718138498452 0.0 219.19679022933363 3.1896305 320.2517046698815 6.98798223377784 2.123754744406806 0.3530783412893361 11.368105109938904 354.73881382974946 11.170592990891512 25.02522822624147
1000 8288.666924818775 1371.6360256953055 214.9674095156164 52.95309053929202 8277 8302 1359 1384 500.0 6.495577187934749 4.733954264137546 39.04463322958116 0.684730300464736 0.257622368437543 1.3537337664302627 0.0 313.5048629008046 4.5073547 459.69323789034445 9.819993750708166 1.9411548168827997 0.23828886739282631 12.6156626101008 493.59787272630876 15.215929399257748 24.666566801657133
1001 9947.355333577581 1365.600009942209 214.9526028749748 52.94253291442978 9940 9955 1359 1373 190.0 3.027721742262974 2.993420091383638 12.698776531214381 0.15010009959810255 0.1688342874752395 2.722604227482195 0.0 139.82932853631095 2.6781893 182.11336238644142 4.98223135913384 1.9336801211957442 0.42918037025109157 7.776816725043752 204.079360692485 8.125566949808336 25.625502287212846
1002 1755.909734431971 1368.29306335314 215.0260813875939 52.99450713224708 1743 1769 1361 1377 346.0 5.459944331659802 3.103484468658946 3.3685008925386284 0.8227457627456339 0.17836507694376175 3.484207351860421 0.0 337.0287759098165 3.106105 403.45115013497355 5.3079914894882965 1.8002771428195734 0.4084436062036956 10.49453289192004 436.4684267782345 8.415852790211613 24.8001179169632
1003 843.5706130837655 1364.8310952314068 215.0343157466665 53.00027269047811 842 845 1363 1367 16.0 1.3804052380609522 0.8546979462787696 57.080558449937456 0.785261292493013 0.21572640968202958 0.31162744956083815 0.0 4.2478991149324665 0.6138606 19.706395023504395 2.3686824446856294 3.197203862266982 0.06243496784065633 2.256758334191025 25.575007137341686 3.80677618567357 27.880460591037775
1004 3480.109576491477 1364.3736832231648 215.01063572479745 52.98355286409547 3479 3481 1363 1366 9.0 0.9484861592254804 0.699271969124087 -69.99379686235797 0.6756194085599985 0.22469003154576941 0.28033854600449787 0.0 2.296318024643184 0.49460942 15.61415229155887 2.0392182296770485 3.4929452750259844 0.043088432672495076 1.692568750643269 21.09672711327164 3.211961234506329 28.08946228674345
1005 7965.173327498753 1371.1012075494536 214.970316121607 52.955140124690026 7959 7972 1364 1378 141.0 3.8343344827490617 2.197584886279175 -46.79811655113892 0.8194621329167866 0.2252840314366572 1.1329936602098505 0.0 80.21952667932263 2.2672367 132.75902375589385 5.683187652929835 2.280988543173882 0.25710129212237154 6.699380116989518 151.3993376891487 9.102121482096434 25.949690061736117
1006 4192.4772141800095 1376.3532642464168 215.00411325930227 52.979099938500354 4182 4203 1366 1387 321.0 5.524239413982585 3.3184095738001758 -42.37781631184893 0.7994746629199094 0.21825855719113546 1.5477263848405227 0.0 224.88109485403945 3.5449047 299.65090074260934 6.576859063474524 1.9299368889313802 0.28968735710807336 10.108287365572707 319.8918673576213 10.198922285014602 25.137492002217087
1007 8495.16101844035 1369.9721233958837 214.96557541800675 52.951771366864875 8492 8499 1366 1374 57.0 2.290566655336781 1.7418746297657486 -65.67190225022343 0.6493897302677604 0.2906556218014018 0.6531927468894759 0.0 26.275557037155338 1.6588972 58.75688518088862 4.534648246934457 2.515146784819535 0.12427950398557738 4.259537945889915 59.82967526813111 7.080812482367513 26.957708385826585
1008 8025.604151846094 1370.8706431063197 214.969776607166 52.95475546805716 8024 8028 1367 1375 36.0 2.2472747199697696 1.171086956302149 -86.04958268375454 0.8534869086117988 0.19419006731772792 0.37601429929486513 0.0 10.294713362110606 1.1094972 22.685239424268083 3.355145200479459 2.4312026207718356 0.10752807620572977 3.385137501286538 20.428979045535385 5.280069649316085 28.124383342592836
1009 806.5066001067148 1371.4380582739705 215.0345792329905 53.00054339936844 804 809 1369 1374 32.0 1.5252964453489706 1.4870759512586973 18.188763494182517 0.22245809816872247 0.21481096071615785 0.41161187911883546 0.0 10.262586941624646 0.84753996 23.6361637159835 2.6289037108683186 2.510769848905539 0.1019935397548756 3.1915382432114616 25.575129633745515 4.234717900045038 27.880455390708356
1010 2459.2091647923744 1373.2656319569894 215.01971095306445 52.99007467249871 2456 2463 1369 1377 54.0 2.0537443814974234 1.822188833578893 64.5484996446698 0.46128501829038093 0.21235059253536817 0.4656404891067429 0.0 17.252832957378242 1.1053947 61.43713423558404 4.153722198389436 3.1027723380901953 0.13271941183913888 4.145929793656026 78.01927532801554 6.787288582481035 26.66949521973455
1011 6389.140266701015 1373.5341453509504 214.9844277205765 52.96515173491178 6382 6397 1370 1377 107.0 3.7350637002748046 1.9248808553072048 -0.2506187397678289 0.856977259720467 0.24510677172002845 0.7752729523434863 0.0 46.038447393782484 1.7001697 152.68703460694996 6.213847638759007 3.024473906864702 0.18492569730284025 5.836022431559495 219.62105757633935 9.991885855489773 25.54581505364724
1012 2476.4019537243094 1373.1793581226025 215.01955742764318 52.98996518895228 2476 2477 1372 1374 5.0 0.7642441182806894 0.4477586758425291 71.18477848057013 0.8103946675150796 0.2774514653236939 0.3129024070373356 0.0 1.4706878958682537 0.33990574 11.741066281700016 1.4337148495137462 3.6711053436518455 0.03495848841420712 1.2615662610100802 19.468452524333443 2.303603728459841 28.176671418946704
1013 1666.9893443542323 1379.4983852918892 215.02676225279737 52.995131512763 1662 1672 1374 1385 112.0 2.847375459486051 2.507655472790137 76.27557550590598 0.47369282158297604 0.19885159013351714 0.7598332313063838 0.0 46.33391452679777 1.626791 69.91558934896364 3.7725058448483257 2.030172743219432 0.20867788363390813 5.970821321441846 72.36043304799313 6.189461348721914 26.75124710681804
