outputs/dr0.5_c0.1/nircam3_f150w_dr0.5_c0.1.ecsv
# %ECSV 1.0
# ---
# datatype:
# - {name: label, datatype: int64}
# - {name: xcentroid, datatype: float64}
# - {name: ycentroid, datatype: float64}
# - {name: sky_centroid.ra, unit: deg, datatype: float64}
# - {name: sky_centroid.dec, unit: deg, datatype: float64}
# - {name: bbox_xmin, datatype: int64}
# - {name: bbox_xmax, datatype: int64}
# - {name: bbox_ymin, datatype: int64}
# - {name: bbox_ymax, datatype: int64}
# - {name: area, unit: pix2, datatype: float64}
# - {name: semimajor_sigma, unit: pix, datatype: float64}
# - {name: semiminor_sigma, unit: pix, datatype: float64}
# - {name: orientation, unit: deg, datatype: float64}
# - {name: eccentricity, datatype: float64}
# - {name: min_value, datatype: float64}
# - {name: max_value, datatype: float64}
# - {name: local_background, datatype: float64}
# - {name: segment_flux, datatype: float64}
# - {name: segment_fluxerr, datatype: float32}
# - {name: kron_flux, datatype: float64}
# - {name: kron_fluxerr, datatype: float64}
# - {name: kron_radius, unit: pix, datatype: float64}
# - {name: gini, datatype: float64}
# - {name: equivalent_radius, unit: pix, datatype: float64}
# - {name: kron4_2_flux, datatype: float64}
# - {name: kron4_2_fluxerr, datatype: float64}
# - {name: radius_kron20, unit: pix, datatype: float64}
# - {name: radius_kron50, unit: pix, datatype: float64}
# - {name: radius_kron80, unit: pix, datatype: float64}
# - {name: near_border, datatype: bool}
# meta:
#   PHOTMJSR: 2.251199960708618
#   PIXAR_SR: 2.11539874851881e-14
#   __serialized_columns__:
#     area:
#       __class__: astropy.units.quantity.Quantity
#       unit: !astropy.units.Unit {unit: pix2}
#       value: !astropy.table.SerializedColumn {name: area}
#     eccentricity:
#       __class__: astropy.units.quantity.Quantity
#       unit: !astropy.units.Unit {unit: ''}
#       value: !astropy.table.SerializedColumn {name: eccentricity}
#     equivalent_radius:
#       __class__: astropy.units.quantity.Quantity
#       unit: !astropy.units.Unit {unit: pix}
#       value: !astropy.table.SerializedColumn {name: equivalent_radius}
#     kron_radius:
#       __class__: astropy.units.quantity.Quantity
#       unit: &id001 !astropy.units.Unit {unit: pix}
#       value: !astropy.table.SerializedColumn {name: kron_radius}
#     orientation:
#       __class__: astropy.units.quantity.Quantity
#       unit: &id002 !astropy.units.Unit {unit: deg}
#       value: !astropy.table.SerializedColumn {name: orientation}
#     radius_kron20:
#       __class__: astropy.units.quantity.Quantity
#       unit: *id001
#       value: !astropy.table.SerializedColumn {name: radius_kron20}
#     radius_kron50:
#       __class__: astropy.units.quantity.Quantity
#       unit: *id001
#       value: !astropy.table.SerializedColumn {name: radius_kron50}
#     radius_kron80:
#       __class__: astropy.units.quantity.Quantity
#       unit: *id001
#       value: !astropy.table.SerializedColumn {name: radius_kron80}
#     semimajor_sigma:
#       __class__: astropy.units.quantity.Quantity
#       unit: !astropy.units.Unit {unit: pix}
#       value: !astropy.table.SerializedColumn {name: semimajor_sigma}
#     semiminor_sigma:
#       __class__: astropy.units.quantity.Quantity
#       unit: !astropy.units.Unit {unit: pix}
#       value: !astropy.table.SerializedColumn {name: semiminor_sigma}
#     sky_centroid:
#       __class__: astropy.coordinates.sky_coordinate.SkyCoord
#       dec: !astropy.table.SerializedColumn
#         __class__: astropy.coordinates.angles.Latitude
#         unit: *id002
#         value: !astropy.table.SerializedColumn {name: sky_centroid.dec}
#       frame: icrs
#       ra: !astropy.table.SerializedColumn
#         __class__: astropy.coordinates.angles.Longitude
#         unit: *id002
#         value: !astropy.table.SerializedColumn {name: sky_centroid.ra}
#         wrap_angle: !astropy.coordinates.Angle
#           unit: *id002
#           value: 360.0
#       representation_type: spherical
#   astropy version: '5.1'
#   make_catalog parameters:
#     ab_zpt: 31.4
#     coadd_bands: !!python/tuple [f277w, f356w]
#     deblend_contrast: 0.001
#     deblend_nlevels: 32
#     deblend_npixels: 1
#     detect_kernel_fwhm: 4.0
#     detect_kernel_npix: 7
#     detect_npixels: 4
#     detect_threshold_nsigma: 3.0
#     flag_isolated_buffer: 4
#     hst_bands: !!python/tuple [f606w, f814w, f125w, f140w, f160w]
#     jwst_bands: !!python/tuple [f115w, f150w, f200w, f277w, f356w, f410m, f444w]
#     near_border_kernelsize: 21
#     reference_band: f200w
#   make_catalog version: 1.4.0
#   photutils version: 1.5.0
# schema: astropy-2.0
label xcentroid ycentroid sky_centroid.ra sky_centroid.dec bbox_xmin bbox_xmax bbox_ymin bbox_ymax area semimajor_sigma semiminor_sigma orientation eccentricity min_value max_value local_background segment_flux segment_fluxerr kron_flux kron_fluxerr kron_radius gini equivalent_radius kron4_2_flux kron4_2_fluxerr radius_kron20 radius_kron50 radius_kron80 near_border
[from data line 529]
530 1356.6324428635178 861.5437037392436 214.85406769769085 52.86728167400082 1355 1359 859 863 18.0 1.221703083201541 0.8525728855912135 30.094653674389725 0.7162380443219517 -0.048004899300555216 0.9693420378062624 0.0 7.5499969579057495 1.3562087 18.55992902492123 3.9691409923756242 2.9158200716079534 0.32822633806763596 2.393653682408596 24.200335867636344 6.324797588230477 1.357731823904703 3.1893438948382737 5.651809855703059 False
531 2112.5814537912784 860.579104469277 214.8473257579209 52.86247344591756 2111 2114 859 862 12.0 0.9272848402414083 0.8712255571973155 -39.232799736219974 0.34242627875415876 0.2257430524389187 0.8573617681152178 0.0 5.077676855954808 1.018364 16.22850695985271 3.4331442149271867 2.8954813771828607 0.21843234809008122 1.9544100476116797 12.70658305585669 5.397974019744042 1.474068529855584 2.541123772364225 3.6172230516175783 False
532 4186.809434789284 861.4196014101307 214.82879770248886 52.84929711297147 4182 4192 859 864 53.0 2.5062512782840654 1.3147033265362082 -2.6706514243269397 0.8513675437639835 -0.03695382323640198 0.9320203736901209 0.0 20.425106226687173 2.2409682 59.683320237105306 7.1226982308926186 2.951451354656535 0.2922362128991708 4.1073621666150775 81.8223674871241 11.420210879732474 2.728387526820756 6.497770120397909 9.547626919795135 False
533 6098.368611770549 861.4749605350167 214.8117402088236 52.837147687531335 6097 6101 860 863 16.0 1.1540128233827167 0.613096301386694 54.661157477561346 0.8472004415745494 -0.13130233432236865 0.6106126674096815 0.0 2.903079364991589 1.1643112 4.497816034655828 2.5063084536422284 2.3360869372671917 0.51595006778027 2.256758334191025 9.111714070703204 3.9993360595604925 0.7738595700183641 1.5574021723827556 3.87121026952242 False
534 2154.4806949473705 866.5664694276613 214.84688854675017 52.86223950505458 2149 2158 862 871 54.0 2.8501422154409846 1.2903979112177535 -50.363053076606434 0.8916382119158353 -0.06656897432269719 0.7429418590469745 0.0 17.284331779745333 2.2268553 33.79972088419196 6.4810740649784995 2.588795604642713 0.39265318978991487 4.145929793656026 17.397379041819455 10.35420333815463 2.0250000671799384 4.60509040660227 11.873593855022397 False
535 6092.283047094779 872.1451528778836 214.81168221627775 52.83724386970922 6086 6100 866 878 148.0 2.833511546596697 2.0551181535467866 2.0176503238484065 0.688443263610405 -0.2914777318817435 2.9248526277767093 0.0 66.01326666990926 3.4949796 86.25884097480099 6.383881267832676 2.0583155148208787 0.5658405895968842 6.863662517577698 101.1051482492671 10.0658318016477 1.7303402930646097 3.528084107754513 7.542510580786291 False
536 6493.520610508753 867.5604048095355 214.80815140936085 52.83466861772444 6492 6495 866 869 12.0 0.9312295069453556 0.7551596054175671 -33.73439159046272 0.5851466552608536 -0.1650822480023177 0.48691061405547587 0.0 2.934200809404532 0.966546 7.003189358419615 3.118262940586876 2.9890996807530295 0.28783263831815425 1.9544100476116797 8.688779229482321 4.983663992698804 1.0558357249877102 2.6081349859428715 3.7342145568201817 False
537 9456.344476454744 871.4293660422205 214.7816952350792 52.81585235122069 9455 9458 869 873 16.0 1.1614416082929004 0.9484705893817127 82.9491113995052 0.5771584591823633 0.022383127091413362 0.3929835570281186 0.0 4.438795071025834 1.1912072 34.27323127921896 4.758814126541628 3.407807205139785 0.18641855150872785 2.256758334191025 56.64610498902798 7.648477263756225 2.8760438999123403 5.489892847389471 7.686638749780696 False
538 6057.8476291149145 878.3183101283824 214.81192444229058 52.83749602603837 6050 6066 870 886 236.0 1.7616296624084467 1.7087612993883408 -7.420793957027217 0.24314901756093096 -0.1619069554214506 106.19371938350723 0.0 785.5175849587354 5.3151984 750.1184454173524 4.196737956604277 1.4 0.857733645958818 8.667244841319219 795.240515627971 5.7801484346258825 0.7179523669864136 1.315542879231153 2.357009705092583 False
539 4023.290563876208 875.0195576704552 214.8301141100428 52.850409621624586 4019 4026 872 879 44.0 2.169903138114463 1.1029128302368933 -57.2971606087028 0.8611933786816014 -0.26691231140654176 0.9439800968118165 0.0 18.51382823046982 2.0050573 24.605880014381135 4.102545662718423 1.9907359150851973 0.3866055497117264 3.742410318509555 24.084665131795543 6.63181020576037 1.4680544907228736 2.5770857835557446 4.191908536649546 False
540 7341.321294299011 875.611323013145 214.80050567159913 52.82932242736774 7339 7344 873 878 28.0 1.5105330876943175 1.1851996124957356 65.97143913311378 0.6199726724182124 0.17881146390172353 1.2748119483790619 0.0 16.94815652256252 1.4574128 33.326821468485505 4.015641718693851 2.4744129284437477 0.24654102180783363 2.985410660720923 37.807802891089096 6.423083712693375 1.5813398293945913 2.961371202697153 5.166438820543561 False
541 nan nan nan nan 2374 2381 876 884 58.0 nan nan nan nan 0.0 0.0 0.0 0.0 7615773.5 nan nan nan nan 4.296739856991561 nan nan nan nan nan True
542 7218.601815331402 891.0730565133002 214.80143732417798 52.83018590508149 7207 7231 876 907 548.0 6.162278792671087 2.791730551366713 59.90482658189627 0.8914925179950167 -0.14843459635763617 17.170501934086467 0.0 763.5562868567815 6.9948506 775.8366409580444 7.713672486003245 1.4298045466561646 0.6374845374481949 13.207339536360731 821.5501643215621 11.824023428306097 2.15919520632537 4.8027894425833715 9.271137081551995 False
543 4262.895563805021 879.9143396109791 214.8279239716366 52.848913252098185 4261 4266 878 881 19.0 1.3164262873640702 0.8627508767633677 16.556965280251962 0.7553049728825325 -0.03080454359970598 0.8603108127837086 0.0 7.272089284078297 1.3221563 15.482451142355 3.5611903868533705 2.4980389301316364 0.34281875276959994 2.4592453796829674 27.50263486764379 5.711135923298041 1.3289834472935516 2.477707888733787 4.027033453811699 False
544 7015.104579333785 882.4427213411826 214.80334289701835 52.831433091158765 7009 7021 878 886 87.0 2.852244735468014 1.5948623037604914 -13.258709424209101 0.8290594963049602 0.1013490305291591 3.182218309725228 0.0 66.94901446517433 2.795396 89.93107859581875 5.350180427588345 2.008244411003732 0.4186315932324068 5.262410103554244 105.88058333795331 8.528401396355981 1.7749137299783477 3.5071808822713644 6.761920486253793 False
545 1761.3704782787413 881.1929875908837 214.85024561554323 52.86481611433117 1759 1764 879 883 26.0 1.6773293027303133 1.0205521132222244 -29.310064764149917 0.7936008505784318 0.032972006842128615 0.7775076171107893 0.0 10.933044770448673 1.4913479 28.663540773605398 4.671422651904179 2.7732594698348043 0.2567861255983608 2.876813695875796 27.75926010551586 7.480904862438173 1.8794889247779212 3.818835798976264 6.205345127316866 False
546 9070.362524042248 883.0181597208125 214.78501328190634 52.818369110309234 9069 9072 881 885 14.0 0.9964731119377999 0.8112632939978386 -52.48178238525537 0.5806761250742906 0.17502834107338314 1.301443865226269 0.0 9.68799010485358 1.1194551 17.96170307422776 2.9790753871272186 2.526589428673706 0.30751171318040094 2.111004122822376 18.140601401118268 4.769874245046973 1.0078523233274501 1.960293331245505 3.619009927061025 False
547 9238.01516926386 887.4509788877914 214.78347242914933 52.817326946988224 9233 9243 881 893 116.0 2.7008114672565777 2.0000765920705654 -70.61249621669893 0.6720050739845693 0.07977461714080293 3.3918374716007804 0.0 88.80140474402603 3.3655841 109.1529287911446 5.582919332420813 1.7937760870640451 0.4411660217793686 6.076507779746499 118.94289760635974 8.835169801264078 1.6223439792201402 3.3957604814142917 6.043394980958578 False
548 2090.8095384856865 887.0512416393346 214.84724159816892 52.86275451703919 2087 2095 884 890 41.0 2.649950323847956 1.0880424386382301 27.838170385260906 0.9118201894677335 0.07529176533118315 0.7858977509143295 0.0 17.837366658883493 2.3499644 61.765041277671614 6.406888370732265 2.7850597117245797 0.23765200511854984 3.6125759969217834 85.04310895971994 9.971336929812711 3.0880317033959086 5.7835078177297765 9.937211527203504 False
549 3655.058000100224 885.9162478577884 214.8332864395953 52.85280850239716 3654 3656 885 887 5.0 0.7059769970387415 0.5596283871502639 1.5033487164925832 0.6096111573989464 0.25180321680869916 0.5956671904954938 0.0 2.1287507489051434 0.7288035 17.326382033480204 3.271379063839347 3.5891643515331 0.18342615401365128 1.2615662610100802 26.007563780789763 5.194985772147424 1.6308406443852617 3.1273825686887284 4.707795645130367 False
550 2536.605595385999 887.9227264734407 214.84325128227604 52.85992660621866 2536 2539 886 889 12.0 1.119351428190186 0.6305134590291155 85.03391578213967 0.8262629252357789 -0.11637528425437112 0.24055484491982124 0.0 0.514486453051234 1.0322238 19.164693820376772 4.670756767001767 4.188162999031191 0.5203611086031926 1.9544100476116797 46.522451080449514 7.541835278978319 4.598536844418009 6.50261028233246 8.150574624475334 False
551 3078.1057580643774 901.312355649343 214.83827524618096 52.85655789332234 3072 3085 888 914 256.0 5.6494696471924915 2.123354838708658 -79.41868232668504 0.9266803953112136 -0.17852051249591894 3.1561005960116124 0.0 213.9625398604611 4.9362936 243.3070932124623 7.947451359744863 1.7187823521497807 0.44062223868149203 9.0270333367641 258.2591283401594 12.710907648760099 2.6690450355974042 5.242435209946873 9.278072190878442 False
552 3529.8935486474147 890.6481154284484 214.8343539944952 52.85362941882069 3527 3533 889 894 34.0 1.676733021274026 1.2382749496523462 20.1269269292792 0.6742485027448738 0.05527357617504958 1.217333117560486 0.0 17.557601736178672 1.9668871 29.448714277932144 4.777325337374346 2.356224029444031 0.3258834180817913 3.2897623212397704 39.86117779171825 7.5531567937623345 1.4942308215302176 2.7868699301082756 6.176546338298544 False
553 3240.6306915301675 896.0200028508262 214.83687988789407 52.85549657723158 3232 3250 890 901 163.0 3.6187551332858106 2.4374362609854003 -3.162994329357457 0.7391356842715676 -0.024864006951121575 1.8769574493819072 0.0 87.06609576735654 3.8394444 121.5659555965988 7.964210184102842 2.0354651341358525 0.3854479323849296 7.203090409536582 125.70533544404435 12.781592260988933 2.4776181435180074 4.9522192572801815 9.761952195316269 False
554 3758.5569944461945 896.1979901061579 214.83225432467094 52.85220619258098 3753 3764 890 903 126.0 3.0218087821834874 1.9455201405627633 66.31344402471854 0.7651716289174457 -0.14240037981830506 1.9134990134017118 0.0 70.94692685439655 3.689415 87.4029768730193 7.264718878260319 2.0705186965963596 0.44887788624597 6.333012368467128 111.54359773086037 11.403042350439035 1.9900006248581301 3.650212581246951 6.437631863629128 False
555 965.320579566559 893.5957813152944 214.85722611291993 52.86994062720209 963 967 891 896 23.0 1.3991533715637972 1.0892181536013725 86.9525436557951 0.6276647688244539 0.07589086844790306 0.5806774277971287 0.0 7.0536480591138435 1.3996673 20.78314144390538 4.477812817979928 2.7472057513685906 0.26607274160245964 2.7057581899030048 22.74641178778834 7.2919280766044166 1.860573739773587 3.5308672732349806 5.669318618808703 False
556 1187.683391656025 895.6518268831817 214.85521796236625 52.86853899424031 1182 1194 891 900 99.0 3.0145967137937375 1.943662103544215 -22.80961448938989 0.7643932655124499 -0.13026862616852214 1.1728530788384766 0.0 47.81316320572061 3.1918643 70.36708239992659 6.576858623002425 1.9941523401957126 0.33454264946508533 5.613615477764332 83.94781346846726 10.334392950220328 2.4323308972009734 4.23895069359269 7.4030443305576075 False
557 1318.448282460621 898.5137767406111 214.85401969390784 52.867723633110494 1312 1325 891 906 170.0 3.3760983110883944 2.5540166905941604 79.41769873587636 0.6539942688389461 -0.12622847745806745 2.4748653520770576 0.0 146.73648863112743 4.0309315 188.3893784702836 7.901844772669206 2.014972596102999 0.38051711567636876 7.356132180109627 224.45604714435564 12.628593001729683 2.499884441270499 4.541222853886062 8.021573524250426 False
558 8269.729646420621 893.6085076184404 214.79203854829305 52.82351682277045 8267 8272 891 896 24.0 1.6574237421374336 0.9964921748815583 -40.48454581801525 0.7990763393524652 0.06052918080726017 0.7354601425710805 0.0 9.84956594395537 1.3907484 40.60105738571673 5.135655441944101 3.1062005856646917 0.2434076051373497 2.763953195770684 52.458449346554985 8.23913796151192 2.4488688981243567 4.989645445518604 8.563012631669453 False
559 9076.243595480588 894.0201227322412 214.7848451086991 52.81839097576524 9072 9080 891 897 54.0 1.9774259762010993 1.4287392240888461 -26.11820751021529 0.6913450474854664 0.01710616897501757 1.4543709754057754 0.0 23.428145429028472 2.334967 34.554601640937264 4.7303503115275305 2.0817495226131966 0.38540648568935115 4.145929793656026 48.17733432468383 7.421757235417828 1.5164400022160487 3.00704637866542 5.614411108829126 False
560 4242.440201660872 895.4094973320365 214.82794347897212 52.84912677463433 4238 4246 892 898 45.0 1.5615358256890186 1.1589972079434372 -18.630826066943683 0.6701604973955749 -0.12454280477051895 1.8624211361922756 0.0 20.9072062902855 1.9894685 21.99529243147924 2.4824287981041513 1.4 0.5381768278273812 3.7846987830302403 19.975227737887693 3.988826531278532 0.9158272603115288 1.7631740742076227 2.7505843348088534 False
561 nan nan nan nan 8121 8164 896 928 992.0 nan nan nan nan 0.0 0.0 0.0 0.0 31496030.0 nan nan nan nan 17.769732893161912 nan nan nan nan nan True
562 3034.7643511145266 908.4618920515186 214.83858697605652 52.85687185276919 3028 3042 897 920 229.0 5.890161620276933 2.4936291858683823 -67.7389465346273 0.9059638904722113 -0.16407751708340595 1.227502700185894 0.0 95.69714678647347 4.5436254 147.29011402360368 9.928375434268563 1.9585885535262235 0.3031085212964722 8.537737635702333 148.94717125651192 15.848151462790055 3.7660719449315594 7.521948131489663 12.674300943902386 False
563 1236.997853240538 901.4260744054915 214.85471664872563 52.868256821797104 1233 1242 898 905 65.0 2.285637125890641 1.518696808541452 -26.108666150473265 0.7473306914448453 -0.10804842135153281 1.288146354860557 0.0 30.814367471999034 2.4987512 39.03069416399538 3.48503173764947 1.4 0.4156641370151545 4.54864184146723 40.33776123727801 5.463708570163665 1.6139719541583994 2.943527159095259 4.731052308939453 False
564 3958.380484820435 905.9033354325377 214.83036848908404 52.85098861175271 3953 3963 901 911 97.0 2.1459003762600606 1.8924804998394575 -39.189949902354186 0.4714269648094087 -0.20956033086216533 3.337040996495581 0.0 66.9849829781993 3.1905775 85.93589643079481 5.850874426940485 2.0168000349792057 0.4992973039775641 5.556622981616415 113.23101971261019 9.238745305133136 1.4540196246421753 2.9538275180245406 5.977182216473099 False
565 9324.789605125627 909.391864561057 214.78246822807918 52.81689335082771 9319 9331 902 916 148.0 2.9790528019187166 2.1737122914118006 64.15440069710829 0.6838041685653086 -0.0965712882415719 3.4292499608396048 0.0 96.41920167536091 3.8463428 117.25233001845152 6.667123869761691 1.9363355398407185 0.48613996003488685 6.863662517577698 137.44326185212114 10.531972574030886 1.7498799615195941 3.575381718172402 6.786154714907046 False
566 251.96870638512064 905.7603872761199 214.86347178353685 52.87453809348306 251 253 903 908 16.0 1.5388496046021911 0.7689620963871014 -83.68507980444602 0.8661989336108947 0.1308899157651055 0.7086891728721284 0.0 6.101820681341456 1.1719532 127.54135847289581 5.784710535823252 4.057251696013816 0.25095793458513216 2.256758334191025 255.26502472205732 9.332604639152793 4.484496215322698 7.876656184784406 10.683096869904652 False
