outputs/dr0.5_c0.1/nircam3_matched_f200w_f277w_dr0.5_c0.1.ecsv
# %ECSV 1.0
# ---
# datatype:
# - {name: label, datatype: int64}
# - {name: xcentroid, datatype: float64}
# - {name: ycentroid, datatype: float64}
# - {name: sky_centroid.ra, unit: deg, datatype: float64}
# - {name: sky_centroid.dec, unit: deg, datatype: float64}
# - {name: bbox_xmin, datatype: int64}
# - {name: bbox_xmax, datatype: int64}
# - {name: bbox_ymin, datatype: int64}
# - {name: bbox_ymax, datatype: int64}
# - {name: area, unit: pix2, datatype: float64}
# - {name: semimajor_sigma, unit: pix, datatype: float64}
# - {name: semiminor_sigma, unit: pix, datatype: float64}
# - {name: orientation, unit: deg, datatype: float64}
# - {name: eccentricity, datatype: float64}
# - {name: min_value, datatype: float64}
# - {name: max_value, datatype: float64}
# - {name: local_background, datatype: float64}
# - {name: segment_flux, datatype: float64}
# - {name: segment_fluxerr, datatype: float32}
# - {name: kron_flux, datatype: float64}
# - {name: kron_fluxerr, datatype: float64}
# - {name: kron_radius, unit: pix, datatype: float64}
# - {name: gini, datatype: float64}
# - {name: equivalent_radius, unit: pix, datatype: float64}
# - {name: kron4_2_flux, datatype: float64}
# - {name: kron4_2_fluxerr, datatype: float64}
# - {name: kron4_2_mag, datatype: float64}
# meta:
#   PHOTMJSR: 1.891700029373169
#   PIXAR_SR: 2.11539874851881e-14
#   __serialized_columns__:
#     area:
#       __class__: astropy.units.quantity.Quantity
#       unit: !astropy.units.Unit {unit: pix2}
#       value: !astropy.table.SerializedColumn {name: area}
#     eccentricity:
#       __class__: astropy.units.quantity.Quantity
#       unit: !astropy.units.Unit {unit: ''}
#       value: !astropy.table.SerializedColumn {name: eccentricity}
#     equivalent_radius:
#       __class__: astropy.units.quantity.Quantity
#       unit: !astropy.units.Unit {unit: pix}
#       value: !astropy.table.SerializedColumn {name: equivalent_radius}
#     kron_radius:
#       __class__: astropy.units.quantity.Quantity
#       unit: !astropy.units.Unit {unit: pix}
#       value: !astropy.table.SerializedColumn {name: kron_radius}
#     orientation:
#       __class__: astropy.units.quantity.Quantity
#       unit: &id001 !astropy.units.Unit {unit: deg}
#       value: !astropy.table.SerializedColumn {name: orientation}
#     semimajor_sigma:
#       __class__: astropy.units.quantity.Quantity
#       unit: !astropy.units.Unit {unit: pix}
#       value: !astropy.table.SerializedColumn {name: semimajor_sigma}
#     semiminor_sigma:
#       __class__: astropy.units.quantity.Quantity
#       unit: !astropy.units.Unit {unit: pix}
#       value: !astropy.table.SerializedColumn {name: semiminor_sigma}
#     sky_centroid:
#       __class__: astropy.coordinates.sky_coordinate.SkyCoord
#       dec: !astropy.table.SerializedColumn
#         __class__: astropy.coordinates.angles.Latitude
#         unit: *id001
#         value: !astropy.table.SerializedColumn {name: sky_centroid.dec}
#       frame: icrs
#       ra: !astropy.table.SerializedColumn
#         __class__: astropy.coordinates.angles.Longitude
#         unit: *id001
#         value: !astropy.table.SerializedColumn {name: sky_centroid.ra}
#         wrap_angle: !astropy.coordinates.Angle
#           unit: *id001
#           value: 360.0
#       representation_type: spherical
#   astropy version: '5.1'
#   kernelfile: kernel_f200w_f277w.fits
#   make_catalog parameters:
#     ab_zpt: 31.4
#     coadd_bands: !!python/tuple [f277w, f356w]
#     deblend_contrast: 0.001
#     deblend_nlevels: 32
#     deblend_npixels: 1
#     detect_kernel_fwhm: 4.0
#     detect_kernel_npix: 7
#     detect_npixels: 4
#     detect_threshold_nsigma: 3.0
#     flag_isolated_buffer: 4
#     hst_bands: !!python/tuple [f606w, f814w, f125w, f140w, f160w]
#     jwst_bands: !!python/tuple [f115w, f150w, f200w, f277w, f356w, f410m, f444w]
#     near_border_kernelsize: 21
#     reference_band: f200w
#   make_catalog version: 1.4.0
#   photutils version: 1.5.0
# schema: astropy-2.0
label xcentroid ycentroid sky_centroid.ra sky_centroid.dec bbox_xmin bbox_xmax bbox_ymin bbox_ymax area semimajor_sigma semiminor_sigma orientation eccentricity min_value max_value local_background segment_flux segment_fluxerr kron_flux kron_fluxerr kron_radius gini equivalent_radius kron4_2_flux kron4_2_fluxerr kron4_2_mag
[from data line 3808]
3809 7502.73438993544 520.8504828666564 214.8027990032382 52.82638487438686 7495 7514 513 531 249.0 4.566679330690435 3.5723722619659 57.386965501266296 0.62294061512838 0.05414451535140103 0.7889088378892369 0.0 67.34183336361485 3.7602208 223.98507098736917 12.379854328635336 2.9915033652457352 0.3078553651336091 8.902761462589227 471.67281010069655 19.673134037196892 24.715897895582355
3810 7520.514936048532 539.9255356576765 214.8024397618506 52.82637461424092 7511 7530 531 547 233.0 4.6486769970273265 3.461719888647867 18.727363693171984 0.667435335052879 0.03599601187838515 0.40919368243328585 0.0 46.831686388580664 3.6114037 401.22304072336965 14.217916627400939 3.653984706553733 0.23413547339112073 8.611980229936854 742.9781537062293 22.346633395486126 24.22255988977191
3811 7429.882784302873 556.1769170482638 214.80307695119032 52.827038345835255 7383 7456 508 596 3475.0 14.014486098306234 9.611416584547483 -50.902162172807635 0.7277710892966257 0.050531592270974986 23.807863904641213 0.0 4047.314453846671 14.794823 5077.524993797228 22.855234746714668 1.8658623695702574 0.6416729387559227 33.25848545091422 5869.433556891949 36.06917450286804 21.97850952328058
3812 7467.246698795706 573.2137622486425 214.80256452181416 52.82689260852264 7395 7552 509 630 10009.0 13.834987383539474 11.490571341070082 0.11973077611160388 0.5569524164177934 -0.0571457221061662 458.4280410681547 0.0 40141.49357728345 30.785599 39767.494077558316 27.10337645574651 1.4 0.824784594803712 56.44434117618489 41893.08613429958 34.2041678898255 19.844644113317052
3813 7530.667940223161 577.6049848836792 214.80195279265456 52.82651308183014 7517 7562 554 603 1423.0 7.396797177067925 6.428224181838089 25.96875911021724 0.4947153356960232 0.06579776676619617 16.08842800895797 0.0 1287.6799006867543 9.3421755 1576.2630924629657 13.862751495060865 1.935418649471998 0.6401594628996758 21.282738734465877 1998.2857713044173 21.203868416694736 23.148356009962434
3814 7554.26368294192 622.0315853189558 214.80127496376255 52.826602439841274 7546 7561 615 628 173.0 3.5421055445422245 2.889134248720521 1.7341089099370348 0.5785393440608021 0.05445051370904797 0.7208803603242021 0.0 45.11589781422968 3.0268347 169.25431433804732 10.454824891906112 3.1900127427640546 0.30194908402457865 7.420755373261929 296.74073151729414 16.708288176975312 25.219057092591026
3815 880.3017013468199 564.3739103095712 214.861450597074 52.86870527497438 827 934 509 615 8104.0 21.36333089243536 14.459853349732425 -51.72801287007654 0.7361174013597904 0.08610304929666988 22.42781792056626 0.0 12835.129663757125 24.683464 13233.61463697708 29.01529250039688 1.4 0.5401951166225336 50.78959851813597 13669.282641718648 44.59073803999436 21.060635691070907
3816 928.5643719162492 585.4217085038803 214.860797896583 52.86851218220954 919 935 578 592 175.0 3.16615622177857 2.6692933603012765 46.98670946944831 0.5378028371756679 0.05667674606940525 1.9912332053246073 0.0 92.97932205299514 3.4088657 154.4094512644513 7.679703358760723 2.406079761555156 0.40466812685805065 7.463526651802308 193.31734886216236 12.240244908715326 25.684322923425647
3817 3923.685014779486 598.5683081112643 214.83391237356565 52.84955239928845 3874 3977 535 653 8043.0 14.25736291423537 9.429108130994315 69.45827795986237 0.7500773754567555 -0.06922526448335602 123.30677487030196 0.0 22544.95028801143 27.257751 22007.588958692566 23.32841303459551 1.4 0.7955405498566605 50.5980870643963 22930.584517737974 33.20554297766257 20.498962186595048
3818 3964.6959103800327 589.9635604980746 214.83363684572143 52.84924539320363 3956 3978 578 603 309.0 6.237763671772694 3.5741145469868227 44.928011227574636 0.8195692695754285 0.036495735864270455 0.6152799748283978 0.0 69.62432223842373 4.591487 322.65624130904615 16.85241218004541 3.2515207247960456 0.3054723418284079 9.91754782346883 549.3350651633425 27.31206372918405 24.550406695506403
3819 1627.4011721396187 560.2053580512483 214.8548203837213 52.86393641193357 1606 1648 539 587 1216.0 10.274591641289303 5.796648866109108 -55.09545956717722 0.8256564915306854 0.10023664846547242 6.071708642850127 0.0 1482.4874381677955 9.156783 1662.8895647426236 14.647771144757844 1.6875104239093988 0.4527922956078374 19.67396303746374 1799.6158009887263 22.932450729178495 23.262050505742053
3820 1614.129451475821 584.6056372126594 214.85468214665403 52.864152311156154 1601 1627 572 598 416.0 5.589148442568217 3.9143663606158805 50.071705784019954 0.7137985090116209 0.13901940853872208 3.024859529931735 0.0 377.5832724716529 5.4012275 492.0220217018028 10.361931112595439 1.9829205060653492 0.40461867144709407 11.507254783503184 610.0849536768283 16.233437297999764 24.436524214341294
3821 3163.8195140459043 548.836847420847 214.84121927404686 52.85411295656657 3152 3175 543 555 244.0 5.051299806651889 2.6172047822501776 -0.8025806470220941 0.8553048988690922 0.10144636914093647 2.176155441316845 0.0 148.90536347395292 3.9978201 219.22067342712637 8.435827254663744 2.122848557384309 0.34398680088670114 8.812923024107548 245.76038444904955 13.467784790630521 25.42372030567612
3822 3150.637919670119 553.7959186303199 214.84128477904545 52.854223453105305 3146 3156 549 558 75.0 2.804054190352047 2.0105271632180686 43.94473599152481 0.6970657171398551 0.17538106281574528 0.6295271416209831 0.0 29.16999555642217 2.1659582 62.23536600586783 5.799140396819448 2.254442541422462 0.1469250858238641 4.886025119029199 78.56440462616784 9.39894140256593 26.661935440750828
3823 6191.589948962059 549.957804503111 214.814186489286 52.834876409387256 6188 6196 546 556 66.0 2.4606710528451896 1.8499593384202024 -69.29096125459883 0.6593787672336825 0.1862557984796131 0.698898888781875 0.0 22.868118077264768 2.091177 50.38822728990783 5.716846853872747 2.447122647693262 0.19974193141636104 4.583497844237541 77.93526055790116 9.013836866732225 26.670665020740383
3824 6200.187466637822 553.575603620041 214.81407172998425 52.834841256414656 6191 6209 545 561 217.0 4.929181715551761 3.075533508384075 -48.66781959197048 0.7814690309724603 0.09557179824800384 0.5879123117089703 0.0 69.51558771434298 3.6552656 201.93470340596394 12.03240384721158 2.847713683778201 0.18091281916714672 8.311031542587394 241.47179962810836 18.96448331665401 25.44283395297499
3825 1944.411750666704 571.757108709363 214.85186729841536 52.86198459603648 1934 1957 549 594 779.0 9.848034875622933 4.737720030173533 -87.88573769998266 0.876675170972683 0.08796315802823244 1.6089062454830345 0.0 411.6463156287812 7.449288 676.59154124513 17.465149984759275 2.313927380543148 0.32784247428711627 15.746853696442757 858.6228968162028 27.648283077313554 24.065493836029926
3826 1957.433852107546 564.3056704220206 214.8518294081769 52.861861679141875 1954 1962 560 569 69.0 2.2705987602054583 2.029373982745919 55.674921749464986 0.4485423066957085 0.06761881954021952 0.36601067611446275 0.0 14.525516982035501 2.1610088 135.72509757425416 8.457836257927427 3.677341544564314 0.20962180939943845 4.686510657907603 237.20988277835306 13.622510065858927 25.462168052743564
3827 1935.2196482246757 595.0428574985767 214.85170434468685 52.8621685618778 1925 1945 589 601 169.0 4.491605828878173 2.6868574785981667 -22.63425958096219 0.8013503526982899 0.06514238605583683 0.45380191985956203 0.0 44.76015965819134 3.151644 160.58092124381088 11.466322103085435 3.011173489905053 0.1824021079177009 7.334464586120832 236.65746615020552 18.374227738568095 25.464699474274703
3828 8861.271628748023 558.1474339122137 214.79029491772857 52.8179486340538 8851 8868 552 565 140.0 3.7393346253013475 2.68399594013197 2.4768740362737938 0.6962764950727538 0.2392567050934505 0.8753186541864412 0.0 66.28963472066384 3.1391218 159.8788196275584 9.708807065537165 2.653510187818658 0.18991595255777027 6.6755811781245455 186.40762379587963 15.4154700856738 25.723840824043428
3829 8847.724506440303 556.7469923791782 214.79043040331422 52.818027224909514 8844 8852 554 560 38.0 2.513735558896974 1.2115182238641033 -29.13888500449256 0.8761936062486507 0.19545065156781352 0.4057352447291843 0.0 11.882530003304632 1.5558105 75.3068472226037 7.006284135075196 3.4609731220869207 0.10613829842369753 3.477898169151024 106.89718893760829 11.098367297821337 26.327584288075734
3830 469.96173143217135 559.4321991904644 214.86516892641794 52.871285385815185 466 475 557 563 30.0 2.8728480627306525 0.8162607844234644 -30.999164493699915 0.9587859233713434 0.46044029833932976 0.7516270457796899 0.0 19.41494032047919 1.354854 237.68787700177876 5.6643238368970845 3.652279704574 0.06378789139608536 3.0901936161855166 517.1458523109156 9.228434026006564 24.61596738539585
3831 459.93742962627465 565.3436728951435 214.86519628320465 52.87138094901172 455 466 562 570 38.0 3.4221536477604038 0.9298591591667822 -34.041347083691356 0.9623770468393794 0.33788658997793203 0.8405006833680155 0.0 26.543601245358545 1.6131775 369.0977829555101 7.2870889990378025 3.8904059392218366 0.09592144012401907 3.477898169151024 718.3580269380495 11.520856915981081 24.259147627661896
3832 450.0798727558474 570.3441500962515 214.8652317378203 52.87147053951651 445 456 567 575 64.0 3.104561516069823 1.5468721925755546 -26.29767167575478 0.8670288922661344 0.3096281815542784 0.8062401439075806 0.0 38.404707768202215 1.9552734 449.86329800221614 9.115276229603934 3.8998870868843034 0.11712999975922997 4.51351666838205 825.6204518069446 14.55488363676642 24.108048893710496
3833 441.5937195473122 575.3380596826693 214.86525500759913 52.87155138268621 438 446 572 578 42.0 2.3982659092515615 1.2975196121516348 -29.03381402445124 0.8410071002094466 0.31876035938524294 0.891805567383645 0.0 28.692111470832096 1.5904477 309.88963475402767 6.855205658496635 3.7053257360931005 0.12584419691377624 3.656366395715726 582.9737609361437 11.030270689391905 24.485877479899585
3834 9169.581486692003 560.5372054514363 214.78752179221976 52.816001188842634 9167 9172 558 563 32.0 1.5664053071656356 1.3891169023182028 -64.18176110205225 0.4621182648003208 0.20272873989982554 0.5991103527948306 0.0 12.288262577112608 1.513905 52.74178313712818 5.34757551472546 3.1552985712530806 0.1811111923398408 3.1915382432114616 73.21462601637839 8.664370084592967 26.738505379194976
3835 9168.610256327935 571.8995900127188 214.7874109097167 52.8160685688765 9162 9176 564 580 172.0 2.940273452515232 2.8167770344263494 76.82865755881573 0.2867738038801611 0.16515572158237948 3.476703481286664 0.0 144.83478686088637 3.5042875 220.86974164793926 7.785611782497442 2.3295305969155544 0.4257404392722325 7.399277020331919 281.911932012805 12.37419411786389 25.27471635521588
3836 9152.44425127472 582.5942566220068 214.78744247769328 52.81622896635932 9133 9168 564 603 797.0 7.588756515451702 4.299385246623897 -56.89905715456597 0.8240296075153741 0.13235673409370766 6.766243368091908 0.0 829.3592192660604 7.6552615 1013.8636847288006 12.360473808235069 1.8553889369555236 0.5110523016924404 15.927742441679586 1126.9486295490026 19.52476822886997 23.77023970059431
3837 6885.241955365019 568.471054645081 214.8078046541861 52.830566889832504 6875 6895 559 577 291.0 4.203394478581531 3.026160027436384 -41.4526222708999 0.6940441536759697 0.1004183879437371 3.9685697751893625 0.0 282.10189560330195 4.365764 340.66398010055156 7.396702799307398 1.9122764788137614 0.4574018239046184 9.624353322664494 387.70332197232597 11.495318057155556 24.92875119448952
3838 6897.952042165937 567.1124977623824 214.80770559219238 52.83047877313306 6895 6901 564 570 38.0 1.7003402610894984 1.5619896887711686 -72.32253928364295 0.39511051108869427 0.2286206827857974 0.5488319462584754 0.0 13.066018292680601 1.4981946 43.95293901946859 5.177203982519306 3.011156843205046 0.1462492537196384 3.477898169151024 68.52064552657679 8.113266661983337 26.81044638559915
3839 531.3207639744691 569.5190099949083 214.86451450867068 52.87095000046807 519 545 560 579 373.0 5.841049007628656 3.540749642642121 -36.09259399807267 0.7953245413412307 -0.0057656382513918475 0.7053282596346576 0.0 76.0843646578295 4.7630734 254.5068642402931 14.924016214158051 3.0716666650292948 0.3456421234798988 10.896310731002211 636.3236372503236 23.785332165555026 24.390804859767698
3840 531.0229445834897 590.863424344087 214.86429253390017 52.871067011252926 514 545 577 602 586.0 4.83731237556827 4.282580761860118 23.057907735126154 0.46497778002580015 -0.0014423182048426083 4.125234344380219 0.0 318.4761507131184 5.9494395 349.2636995996671 8.26944496095973 1.701436377135079 0.5909713822958614 13.657583728599336 398.11087579895144 13.202014636793823 24.89998989493103
3841 8592.516499629566 624.1677241357407 214.79199595838168 52.82001305369559 8534 8647 564 686 9637.0 18.533387539757037 13.023140793069862 -55.81862467656573 0.7115006900470928 0.22820063128949844 122.41043986115895 0.0 40348.89293550026 31.255682 40171.59014880518 30.892372876514948 1.4 0.6906339258771089 55.38548883194217 42644.73977157584 43.37954320252981 19.82533632853705
3842 8602.359417314923 681.6625468384052 214.79130331204144 52.820260194434425 8592 8614 675 687 208.0 5.3643047104085 3.056792309649953 3.4163954541990402 0.8217560648708702 0.3077416793095954 0.918238012826708 0.0 109.79956383580908 3.6965976 829.6613407722272 15.582031598023207 3.4721100988283222 0.14658867557272626 8.136857890256438 1605.8691788901065 24.956705897986733 23.38572459284925
3843 8936.252203828517 573.8058709535479 214.78946185142286 52.81755624155109 8924 8949 564 584 341.0 5.872189334326804 2.8842935094403352 -34.93872916587383 0.8710589077849558 0.09539047876334307 3.244585935247544 0.0 264.47556481693 4.9524493 365.9824068016733 9.786229268992706 2.0614232311309997 0.4154045835496134 10.418429401242426 399.6863145691116 15.417484200324001 24.895701804786754
3844 8922.283389815022 579.7587298978467 214.7895237310609 52.8176771251896 8917 8927 574 585 103.0 2.4359882715580015 2.1581184865866962 -65.35511352168425 0.4638163042720666 0.10731209264305093 1.7371103580360958 0.0 59.11367801923023 2.657436 90.03794625004164 6.153513952515493 2.338096258421461 0.38486086792640334 5.725898905580716 107.09492859747724 9.688384017252556 26.325577735952077
3845 1181.9658405355117 580.4437755181835 214.8585864377185 52.866875486199945 1177 1188 575 587 112.0 3.521304034536713 2.111203976657651 -50.484833088153515 0.8003359955186067 0.15067621790828192 1.1093083499616494 0.0 55.51895334059313 2.6656306 115.28586254114771 7.964306853953645 2.6288041871554046 0.25159129318098417 5.970821321441846 126.25343772203522 12.572775345741798 26.146891969391884
3846 1188.6557088944237 583.6812573054424 214.8584926023402 52.86685044447595 1188 1189 583 584 3.0 0.5755648762665871 0.3341041793054707 -43.876884929744364 0.814274158351022 0.2167587661520222 0.23413278646405516 0.0 0.6800430875845703 0.41681907 4.022924963417351 1.5984713152153254 3.410127024086693 0.025548411018694952 0.9772050238058398 7.017408411157961 2.574747815420532 29.284558117303195
3847 4224.84604603863 583.2087080090597 214.83138585395352 52.84755572520415 4220 4231 579 590 80.0 3.3495581282536913 1.7683324132302938 -48.18350149218307 0.8492878516876673 0.16163482144657218 0.5656778636593771 0.0 28.33484645846645 2.2324333 83.58717699808369 7.426380011519216 2.824095916764064 0.18574326294770788 5.046265044040321 104.49849096417935 11.867401002078065 26.352224952606285
