outputs/dr0.5_c0.1/nircam1_f125w_dr0.5_c0.1.ecsv
# %ECSV 1.0
# ---
# datatype:
# - {name: label, datatype: int64}
# - {name: xcentroid, datatype: float64}
# - {name: ycentroid, datatype: float64}
# - {name: sky_centroid.ra, unit: deg, datatype: float64}
# - {name: sky_centroid.dec, unit: deg, datatype: float64}
# - {name: bbox_xmin, datatype: int64}
# - {name: bbox_xmax, datatype: int64}
# - {name: bbox_ymin, datatype: int64}
# - {name: bbox_ymax, datatype: int64}
# - {name: area, unit: pix2, datatype: float64}
# - {name: semimajor_sigma, unit: pix, datatype: float64}
# - {name: semiminor_sigma, unit: pix, datatype: float64}
# - {name: orientation, unit: deg, datatype: float64}
# - {name: eccentricity, datatype: float64}
# - {name: min_value, datatype: float64}
# - {name: max_value, datatype: float64}
# - {name: local_background, datatype: float64}
# - {name: segment_flux, datatype: float64}
# - {name: segment_fluxerr, datatype: float32}
# - {name: kron_flux, datatype: float64}
# - {name: kron_fluxerr, datatype: float64}
# - {name: kron_radius, unit: pix, datatype: float64}
# - {name: gini, datatype: float64}
# - {name: equivalent_radius, unit: pix, datatype: float64}
# - {name: kron4_2_flux, datatype: float64}
# - {name: kron4_2_fluxerr, datatype: float64}
# - {name: radius_kron20, unit: pix, datatype: float64}
# - {name: radius_kron50, unit: pix, datatype: float64}
# - {name: radius_kron80, unit: pix, datatype: float64}
# - {name: near_border, datatype: bool}
# meta:
#   PHOTMJSR: 0.3925000131130219
#   PIXAR_SR: 2.11539874851881e-14
#   __serialized_columns__:
#     area:
#       __class__: astropy.units.quantity.Quantity
#       unit: !astropy.units.Unit {unit: pix2}
#       value: !astropy.table.SerializedColumn {name: area}
#     eccentricity:
#       __class__: astropy.units.quantity.Quantity
#       unit: !astropy.units.Unit {unit: ''}
#       value: !astropy.table.SerializedColumn {name: eccentricity}
#     equivalent_radius:
#       __class__: astropy.units.quantity.Quantity
#       unit: !astropy.units.Unit {unit: pix}
#       value: !astropy.table.SerializedColumn {name: equivalent_radius}
#     kron_radius:
#       __class__: astropy.units.quantity.Quantity
#       unit: &id001 !astropy.units.Unit {unit: pix}
#       value: !astropy.table.SerializedColumn {name: kron_radius}
#     orientation:
#       __class__: astropy.units.quantity.Quantity
#       unit: &id002 !astropy.units.Unit {unit: deg}
#       value: !astropy.table.SerializedColumn {name: orientation}
#     radius_kron20:
#       __class__: astropy.units.quantity.Quantity
#       unit: *id001
#       value: !astropy.table.SerializedColumn {name: radius_kron20}
#     radius_kron50:
#       __class__: astropy.units.quantity.Quantity
#       unit: *id001
#       value: !astropy.table.SerializedColumn {name: radius_kron50}
#     radius_kron80:
#       __class__: astropy.units.quantity.Quantity
#       unit: *id001
#       value: !astropy.table.SerializedColumn {name: radius_kron80}
#     semimajor_sigma:
#       __class__: astropy.units.quantity.Quantity
#       unit: !astropy.units.Unit {unit: pix}
#       value: !astropy.table.SerializedColumn {name: semimajor_sigma}
#     semiminor_sigma:
#       __class__: astropy.units.quantity.Quantity
#       unit: !astropy.units.Unit {unit: pix}
#       value: !astropy.table.SerializedColumn {name: semiminor_sigma}
#     sky_centroid:
#       __class__: astropy.coordinates.sky_coordinate.SkyCoord
#       dec: !astropy.table.SerializedColumn
#         __class__: astropy.coordinates.angles.Latitude
#         unit: *id002
#         value: !astropy.table.SerializedColumn {name: sky_centroid.dec}
#       frame: icrs
#       ra: !astropy.table.SerializedColumn
#         __class__: astropy.coordinates.angles.Longitude
#         unit: *id002
#         value: !astropy.table.SerializedColumn {name: sky_centroid.ra}
#         wrap_angle: !astropy.coordinates.Angle
#           unit: *id002
#           value: 360.0
#       representation_type: spherical
#   astropy version: '5.1'
#   make_catalog parameters:
#     ab_zpt: 31.4
#     coadd_bands: !!python/tuple [f277w, f356w]
#     deblend_contrast: 0.001
#     deblend_nlevels: 32
#     deblend_npixels: 1
#     detect_kernel_fwhm: 4.0
#     detect_kernel_npix: 7
#     detect_npixels: 4
#     detect_threshold_nsigma: 3.0
#     flag_isolated_buffer: 4
#     hst_bands: !!python/tuple [f606w, f814w, f125w, f140w, f160w]
#     jwst_bands: !!python/tuple [f115w, f150w, f200w, f277w, f356w, f410m, f444w]
#     near_border_kernelsize: 21
#     reference_band: f200w
#   make_catalog version: 1.4.0
#   photutils version: 1.5.0
# schema: astropy-2.0
label xcentroid ycentroid sky_centroid.ra sky_centroid.dec bbox_xmin bbox_xmax bbox_ymin bbox_ymax area semimajor_sigma semiminor_sigma orientation eccentricity min_value max_value local_background segment_flux segment_fluxerr kron_flux kron_fluxerr kron_radius gini equivalent_radius kron4_2_flux kron4_2_fluxerr radius_kron20 radius_kron50 radius_kron80 near_border
[from data line 3584]
3585 7695.444718119724 4231.722252448633 214.94259727524255 52.97230339693723 7695 7696 4231 4233 5.0 0.7432061997281274 0.46044503886902044 -71.31407987227992 0.7849660751185503 0.12993625309073234 0.18604461770700229 0.0 0.8202597666626511 1.7720394 11.91644151799966 8.014254344795056 3.910894786862354 0.08359189540749351 1.2615662610100802 24.46552180716565 12.94921269062276 2.113969968123767 3.3511892237103775 4.300023329848894 False
3586 nan nan nan nan 2897 2919 4232 4250 329.0 nan nan nan nan 0.0 0.0 0.0 0.0 21173759000000.0 nan nan nan nan 10.233472165128859 nan nan nan nan nan True
3587 1229.5173517480716 4239.029264662646 215.00055879220974 53.013365840962386 1225 1232 4235 4241 38.0 2.499324983450898 1.1185417792091628 -40.08216099768774 0.8942651405107752 -0.07789347970578243 0.10381358509687161 0.0 0.4203623094256285 7.349512 5.000239761459462 12.334473005537072 1.4 0.6732013295387392 3.477898169151024 -4.053099408916275 19.71581617633146 3.117473340833863 4.163655768553983 5.029732938157277 False
3588 1383.1344224014526 4252.801155123748 214.9990334599741 53.01246599118295 1366 1401 4235 4270 997.0 6.708806649653017 4.961176202487423 -52.22287668288432 0.6731543159138837 -0.26159826520947693 7.356366493168249 0.0 932.9922902959264 39.073925 990.9031250588271 50.77827040688787 1.6150967056943706 0.6054077945324012 17.81445919822545 1094.1139481308874 80.68742925054514 3.455494351794609 6.61519551799553 11.861210196801416 False
3589 5994.37299750967 4237.626239499381 214.9577933156604 52.98313046568694 5994 5995 4236 4238 5.0 0.510779682438651 0.45501436488750324 45.10277795384062 0.4543502152960217 -0.0026458875845334373 0.143574027704974 0.0 0.3899278506578845 2.4182284 12.05073878629095 10.250401228281167 4.363650515261817 0.4363231433115123 1.2615662610100802 20.11893616444386 16.709206768649256 2.5542180587348016 3.898019421763382 4.826527652564536 False
3590 nan nan nan nan 6517 6528 4236 4246 95.0 nan nan nan nan 0.0 0.0 0.0 0.0 11377892000000.0 nan nan nan nan 5.499039842323396 nan nan nan nan nan True
3591 7455.0931092617775 4253.583958513195 214.94452231152246 52.973946875905646 7436 7474 4236 4271 1023.0 6.857558391347346 5.737908000644255 -37.78389093199178 0.5476194067667924 -0.27496375579735155 3.1517297794778876 0.0 414.863509379317 34.21716 453.11873211146815 52.06667205496005 1.7445144566578645 0.5689908832517523 18.04524905802128 541.9442663094899 81.4461779075552 3.4725038727756092 7.296793508910285 13.385877906505334 False
3592 nan nan nan nan 2971 2982 4237 4245 89.0 nan nan nan nan 0.0 0.0 0.0 0.0 11012730000000.0 nan nan nan nan 5.322553886092406 nan nan nan nan nan True
3593 377.35944190737337 4238.5105351961765 215.0082214781529 53.018767411623045 376 378 4238 4239 5.0 0.7069897210345318 0.4704275572027057 -18.685035613820236 0.7464912899228463 0.14064142015381953 0.30399418459308564 0.0 1.1671287624648956 2.0192423 23.242672727537123 9.156587884429706 3.9783814173802114 0.169185757509788 1.2615662610100802 52.3327478487293 14.808811564971329 2.4964955365976524 4.002265942894666 5.082226017809787 False
3594 7935.367815978273 4240.220956021462 214.94035625667507 52.97082655543984 7932 7939 4238 4243 40.0 2.1656289389716723 1.4380449852344661 -19.504798877859475 0.7477049463302828 0.0880150685568286 0.2420322950902438 0.0 5.619684582033129 5.307306 15.270210429864218 11.929926247279838 1.9044509935022786 0.17304256655107547 3.5682482323055424 5.28335008329908 19.057718860477742 2.481846340113534 4.023312264847245 5.48366857449455 False
3595 10241.332474233794 4238.31016822922 214.91970595312 52.95617881788452 10239 10242 4238 4241 15.0 0.728049799125603 0.45574040918707853 8.013396974738185 0.7798437464754202 -0.21022511065760968 0.2080905651461416 0.0 -0.20895486470982924 4.3091135 1.7328931384388533 8.266918261002528 2.9166399717919265 -0.5055998421146598 2.1850968611841584 -3.9031744637970394 13.281222941117166 0.8569480755074023 1.412256072991323 1.9022469658936867 False
3596 1880.1986440387116 4240.390252124848 214.99469891847716 53.00924624980685 1878 1882 4239 4242 17.0 1.2357609890944543 0.9914279826345509 15.834408500798169 0.5969461039231587 0.02410370718375706 0.27407051660197435 0.0 3.179378294609535 4.928002 28.78164248610088 21.933643912720253 3.6402641288413387 0.201407991938749 2.326213245840639 21.74663759086259 36.29317181748815 2.958385099295175 4.932449918749951 7.244492714343477 False
3597 7260.77020076254 4242.530938006649 214.94638157733715 52.97512044737693 7256 7269 4240 4245 70.0 3.538483340164316 1.5700626670912183 4.284882093821935 0.8961701167096418 -0.024393059730074072 0.4037905841975575 0.0 14.097588158730462 9.094813 37.96459748415789 27.848080083383117 2.411692679379428 0.3534620965965059 4.720348719413148 93.98846842845835 44.15885770801112 3.15354770434369 5.196628185578301 7.88945172128378 False
3598 9243.846648745579 4245.915357995196 214.92856545723976 52.96255199648061 9239 9248 4242 4251 77.0 2.6377190425801067 1.962938996211314 41.116082079679146 0.6679786137464441 0.04760521493205064 0.572704015528341 0.0 24.028160893978306 7.1023607 74.54900321486302 23.301032350187068 2.860196962454278 0.21670661309046685 4.950743503369154 71.38929540272107 37.65552209681039 3.5030836677084634 6.96546594916742 11.845464726359266 False
3599 9732.600913549988 4248.232632394475 214.9241604062983 52.95946193789441 9729 9737 4242 4254 85.0 3.4117110562302737 1.803236205322595 -73.4982658053644 0.8489064922240461 0.10372251288769892 0.6837280172803236 0.0 37.404678751073895 7.8976974 132.69577112056317 28.199956650679223 2.8829473578701963 0.17699440950297507 5.201570947860099 239.81273746261866 43.53892400481882 4.381553329610672 8.913567423280991 14.326640189417208 False
3600 10017.293965279816 4242.685079187416 214.92166749628035 52.95762470829079 10016 10020 4242 4244 11.0 1.1666361758264112 0.6795627150952704 -15.199845734601185 0.812832457096969 0.11323369364311442 0.4407158745860886 0.0 3.508621836715964 3.0037456 22.34184165674722 12.160938115965411 3.357153222614779 0.17489664987063858 1.8712051592547776 29.934827819513885 19.963757435395966 2.062838823409763 4.0354886400734955 6.725598230020483 False
3601 1831.1107540803232 4253.030588478501 214.99500661979542 53.00962591977173 1824 1839 4243 4264 266.0 4.930902255171302 3.675185218240025 -76.28399997897516 0.6666876001138846 0.03778907504366542 0.8154393205858482 0.0 98.67822410257192 22.147087 185.10201403251725 65.71530806462586 2.592375974199444 0.27767214694557946 9.201653640780462 258.66830559420487 104.85263122053871 5.054389755471226 8.701799262490514 20.28311065759799 False
3602 1327.759600483626 4249.971564108753 214.99956078895198 53.012801904350944 1323 1332 4245 4257 103.0 2.7214953439361285 2.293728202179309 60.633684040447356 0.5381969883576294 -0.05402202051314979 0.4064178761009116 0.0 21.130288647008765 11.954125 107.84454544155622 44.67877230190061 3.4197711845059295 0.3236058627939867 5.725898905580716 156.63824442642021 71.36409366024868 5.342128593343437 13.166572437870895 17.439758726689096 False
3603 220.04672307462 4254.20254486872 215.0094698175127 53.01984986634501 203 236 4247 4262 366.0 7.182515742166676 3.2177040953488514 13.61779919876812 0.894037948669676 0.07106406108429827 1.8263202089571595 0.0 271.8389856477657 20.259258 1236.098993099933 71.84465045337268 3.217794528236516 0.24982731172357406 10.793582275744573 3461.5389541307536 113.1093831715215 10.031932279178431 21.683273224186628 33.941940399639684 False
3604 9408.551238683654 4254.867451726435 214.92699482300588 52.96155481601041 9403 9412 4249 4259 78.0 2.0684874286999757 1.9987476091842513 61.17543449654948 0.2574762402796878 -0.10850924841528214 0.5910340518081206 0.0 19.049863521145937 7.7269897 24.333546591370904 10.721835200017347 1.4 0.3854954207748125 4.982787485166879 14.628058997121768 16.896913871635956 1.7578228086543533 3.0585469140646357 4.495349335734064 False
3605 nan nan nan nan 6332 6340 4250 4257 54.0 nan nan nan nan 0.0 0.0 0.0 0.0 8578213600000.0 nan nan nan nan 4.145929793656026 nan nan nan nan nan True
3606 4272.277455924775 4253.929825595331 214.973076053293 52.99414515151384 4270 4275 4252 4256 26.0 1.5607330941946047 1.2063579738454064 -6.44815697299092 0.6344752692943869 0.10783132133153214 0.32976944903157035 0.0 6.320598344347343 4.0038643 31.642791645421894 15.383677134281 3.173519702315248 0.1267295198661913 2.876813695875796 64.9051475818064 24.821847874074958 2.9038652275777834 5.779318365064642 9.133632115045689 False
3607 1020.6882920244593 4257.4067178204305 215.00224135020832 53.01478961834839 1017 1023 4253 4260 47.0 1.8977043336880275 1.4933668796375366 -64.16886165625668 0.6170379731792054 -0.022507121614750457 0.37031579234189316 0.0 5.109100620443342 9.335847 12.962587649974484 34.01233115590829 3.607963064039804 0.4139893508448957 3.8678889139475245 -5.962984836730122 53.49237450708403 2.1637698658145506 3.8162360171788667 7.891207384906621 False
3608 1949.9559567698489 4256.069881781283 214.99390701633357 53.00888854207913 1949 1952 4255 4258 13.0 1.056430621475667 0.830477715273934 60.16454388865952 0.6180781435353291 0.07853241511124087 0.502629058657372 0.0 3.1283470896099423 4.624185 40.69756440557485 21.519532072633027 3.7244186987079004 0.3120870249028002 2.0342144725641096 55.73902856590236 33.860051059977465 3.1507135306204805 5.455045492278718 7.149745184471007 False
3609 3067.515083913268 4280.564992821704 214.98361180167444 53.00193204729885 3048 3090 4255 4303 1650.0 10.065727696365412 8.099253647321275 89.73187768814975 0.5937674831790384 -0.10937220730242159 2.9994371508322684 0.0 1401.1427091734208 45.92134 1619.843443421409 7297436928280.045 1.9761833008607008 0.4180835407389721 22.917489221187704 1659.486356346269 54699686056410.65 7.0887523057707735 12.674266142115403 20.08984423438909 False
3610 7722.889051026048 4259.717782725403 214.9420561163186 52.97228039900017 7717 7728 4255 4264 79.0 3.1356548943392704 1.923749197055411 35.05354569359597 0.7896885454653454 0.07776112530007755 0.44487279856571615 0.0 24.319833243084716 8.003899 130.42691133893533 30.79127462010841 3.194920400703739 0.1561453735392251 5.014626706796775 263.1635485983096 49.252276290570975 5.1602991496176 9.220472466199777 16.40126638439662 False
3611 1982.2666842030476 4262.436632629437 214.99354966533278 53.00871801255968 1975 1992 4256 4269 184.0 3.610946207968391 3.086662742527458 -0.9582062131592262 0.5189457450150965 0.12549088587728263 1.035181402592817 0.0 86.00128270124665 15.738823 155.19210682494153 40.53413763135933 2.236859679798986 0.29729315302020265 7.653039857325812 228.02252483843955 68.10923990020012 3.4398537298876533 6.866450942268654 10.777809366905007 False
3612 7809.459119099526 4258.983358887088 214.94128755117464 52.97172699419214 7806 7813 4256 4263 55.0 2.0270547522630205 1.5203065268233147 -7.322782301327935 0.6614291781854192 -0.12319148458454779 0.3669048595552194 0.0 9.319476191019666 5.843895 15.822472358542015 12.144370399261378 1.9460267640763855 0.3250245544628505 4.1841419359420025 4.16659583831923 19.413216896857605 1.8017393247465694 3.375779966534521 6.840718286465832 False
3613 6073.468909046869 4258.2609902122995 214.9568661842856 52.98274001771878 6071 6075 4257 4259 14.0 1.1321677136423294 0.7494234229186315 4.697488740176803 0.7495596920006077 -0.004569259613170971 0.278165364594025 0.0 2.1937673860140734 4.0930386 7.800782125138472 11.59224930963082 2.599103339762404 0.3172560023358656 2.111004122822376 15.118584448977245 18.55706195302192 1.5212678747211272 2.4768482540449765 3.2433342677803174 False
3614 131.243093316247 4260.792570012045 215.01019844954703 53.020448648027006 131 132 4260 4262 4.0 0.8760519357281613 0.34695447387308276 -71.72612816245459 0.9182318486001595 0.6479383591356165 0.7466644799568304 0.0 2.768281188283368 2.135363 77.4673351495003 10.76985152319384 4.104967837385164 0.039008007844683494 1.1283791670955126 220.80936584567678 17.124502462334725 2.6695119411013954 4.212309977184134 5.2744384502083665 False
3615 3642.523087137949 4269.252664220513 214.97856807751393 52.99822320660104 3633 3654 4260 4279 342.0 4.832493028439969 4.479902285807829 -23.922013732030234 0.3749686148210335 -0.07666522299099222 0.8876241925539846 0.0 149.37864075124384 20.418354 246.8597522559699 31.93774574151168 1.4 0.25795965535336496 10.433694507453072 233.58176402593864 51.451204484869756 4.662150082957997 8.877147445815659 12.53403058025128 False
3616 6058.376067524047 4262.333089625473 214.95695867494118 52.982857786416595 6056 6061 4260 4265 29.0 1.509860915538375 1.3631918291127854 -61.698967914274256 0.42993633489255556 0.09733161400607639 0.4410290578104534 0.0 8.522709544764195 5.927337 24.273485759281336 16.629026197330866 2.3641192808534663 0.20794566728424962 3.0382538898732494 14.216326529375753 27.18062981927648 2.105699623518605 3.5600322527489143 4.947759792792962 False
3617 8687.868066667124 4265.487638012048 214.93334310265823 52.96618678211404 8686 8690 4261 4267 30.0 1.1782523360979724 1.1046038418443611 0.7868580037064553 0.34800293140894134 -0.10850287991015024 0.23121250498829515 0.0 2.4507995789689128 4.355474 23.856842020926 14.815483710736622 3.592948135551724 0.46661680012611384 3.0901936161855166 8.24011971947984 23.86346963340435 3.0647746098018245 5.887929318693826 8.434082976260797 False
3618 3958.1051655496904 4271.15526048708 214.9757147950299 52.9962314153575 3948 3969 4263 4279 287.0 4.819174017858214 3.237068264486637 -6.946751961498104 0.7408177944019673 -0.24767486687549037 1.1401520398339702 0.0 119.04412204990135 24.271362 136.939765498385 36.48890955246522 1.4 0.3612363653544262 9.557977680176279 97.30284690428601 55.17307544883889 3.0996694417628388 5.564140661823784 8.949688328974357 False
3619 9121.530801908551 4263.958696731651 214.92947170131333 52.96342583965983 9121 9122 4263 4265 4.0 0.7910095410154364 0.315045435982162 -57.762536551862546 0.9172627052691227 0.2647762565296279 0.32934370678182 0.0 1.2137315908887456 1.5674926 8.41463547169132 6.380756661969589 3.6679377467199967 0.0559995858980542 1.1283791670955126 14.22001198049077 10.19137234047267 1.344354005974 2.2944138378583245 3.2338475330597407 False
3620 nan nan nan nan 2981 2986 4264 4269 29.0 nan nan nan nan 0.0 0.0 0.0 0.0 6286357000000.0 nan nan nan nan 3.0382538898732494 nan nan nan nan nan True
3621 8923.253732822322 4270.827333370554 214.9311766827193 52.96472151072577 8918 8927 4267 4275 65.0 2.6468436525486774 1.9001734790465912 -5.3874772729035545 0.6961445193758174 0.07153810522031825 0.39351953155796626 0.0 11.341137968076264 7.2714915 54.741578788805164 27.00221254752918 2.940170061656719 0.26359014546431314 4.54864184146723 62.899430228847976 43.093261821652106 4.334957804451192 7.240830641941442 10.44886480450557 False
3622 4063.2828520856265 4270.30843907113 214.97477951704292 52.99555957117111 4062 4065 4269 4272 12.0 0.9852508599687972 0.8365498133306111 54.89192466248207 0.5282756817769835 0.09078796618825137 0.2212164719112657 0.0 1.9088150388000438 4.0327206 2.773102432162938 6.647976563989839 1.4 0.16497742421989722 1.9544100476116797 0.8773302611457656 10.707551913968816 0.9302683635801862 1.5742035236224532 2.175858815359485 False
3623 8648.165563357503 4274.332991990076 214.93360581511834 52.96648654901978 8646 8650 4271 4277 27.0 1.7182158340648224 1.1056793077015554 86.38877977948036 0.7654424820298099 0.05492774832599332 0.33964190174865194 0.0 5.336785432198691 4.0133963 14.312299213471942 10.41580853487394 2.1908870997353174 0.21517970476985082 2.9316150714175193 6.348841642589257 16.877500800041314 2.002611372185117 3.48728014873345 4.983627717110029 False
