outputs/dr0.5_c0.1/nircam3_matched_f606w_f277w_dr0.5_c0.1.ecsv
# %ECSV 1.0
# ---
# datatype:
# - {name: label, datatype: int64}
# - {name: xcentroid, datatype: float64}
# - {name: ycentroid, datatype: float64}
# - {name: sky_centroid.ra, unit: deg, datatype: float64}
# - {name: sky_centroid.dec, unit: deg, datatype: float64}
# - {name: bbox_xmin, datatype: int64}
# - {name: bbox_xmax, datatype: int64}
# - {name: bbox_ymin, datatype: int64}
# - {name: bbox_ymax, datatype: int64}
# - {name: area, unit: pix2, datatype: float64}
# - {name: semimajor_sigma, unit: pix, datatype: float64}
# - {name: semiminor_sigma, unit: pix, datatype: float64}
# - {name: orientation, unit: deg, datatype: float64}
# - {name: eccentricity, datatype: float64}
# - {name: min_value, datatype: float64}
# - {name: max_value, datatype: float64}
# - {name: local_background, datatype: float64}
# - {name: segment_flux, datatype: float64}
# - {name: segment_fluxerr, datatype: float32}
# - {name: kron_flux, datatype: float64}
# - {name: kron_fluxerr, datatype: float64}
# - {name: kron_radius, unit: pix, datatype: float64}
# - {name: gini, datatype: float64}
# - {name: equivalent_radius, unit: pix, datatype: float64}
# - {name: kron4_2_flux, datatype: float64}
# - {name: kron4_2_fluxerr, datatype: float64}
# - {name: kron4_2_mag, datatype: float64}
# meta:
#   PHOTMJSR: 0.3925000131130219
#   PIXAR_SR: 2.11539874851881e-14
#   __serialized_columns__:
#     area:
#       __class__: astropy.units.quantity.Quantity
#       unit: !astropy.units.Unit {unit: pix2}
#       value: !astropy.table.SerializedColumn {name: area}
#     eccentricity:
#       __class__: astropy.units.quantity.Quantity
#       unit: !astropy.units.Unit {unit: ''}
#       value: !astropy.table.SerializedColumn {name: eccentricity}
#     equivalent_radius:
#       __class__: astropy.units.quantity.Quantity
#       unit: !astropy.units.Unit {unit: pix}
#       value: !astropy.table.SerializedColumn {name: equivalent_radius}
#     kron_radius:
#       __class__: astropy.units.quantity.Quantity
#       unit: !astropy.units.Unit {unit: pix}
#       value: !astropy.table.SerializedColumn {name: kron_radius}
#     orientation:
#       __class__: astropy.units.quantity.Quantity
#       unit: &id001 !astropy.units.Unit {unit: deg}
#       value: !astropy.table.SerializedColumn {name: orientation}
#     semimajor_sigma:
#       __class__: astropy.units.quantity.Quantity
#       unit: !astropy.units.Unit {unit: pix}
#       value: !astropy.table.SerializedColumn {name: semimajor_sigma}
#     semiminor_sigma:
#       __class__: astropy.units.quantity.Quantity
#       unit: !astropy.units.Unit {unit: pix}
#       value: !astropy.table.SerializedColumn {name: semiminor_sigma}
#     sky_centroid:
#       __class__: astropy.coordinates.sky_coordinate.SkyCoord
#       dec: !astropy.table.SerializedColumn
#         __class__: astropy.coordinates.angles.Latitude
#         unit: *id001
#         value: !astropy.table.SerializedColumn {name: sky_centroid.dec}
#       frame: icrs
#       ra: !astropy.table.SerializedColumn
#         __class__: astropy.coordinates.angles.Longitude
#         unit: *id001
#         value: !astropy.table.SerializedColumn {name: sky_centroid.ra}
#         wrap_angle: !astropy.coordinates.Angle
#           unit: *id001
#           value: 360.0
#       representation_type: spherical
#   astropy version: '5.1'
#   kernelfile: kernel_f606w_f277w.fits
#   make_catalog parameters:
#     ab_zpt: 31.4
#     coadd_bands: !!python/tuple [f277w, f356w]
#     deblend_contrast: 0.001
#     deblend_nlevels: 32
#     deblend_npixels: 1
#     detect_kernel_fwhm: 4.0
#     detect_kernel_npix: 7
#     detect_npixels: 4
#     detect_threshold_nsigma: 3.0
#     flag_isolated_buffer: 4
#     hst_bands: !!python/tuple [f606w, f814w, f125w, f140w, f160w]
#     jwst_bands: !!python/tuple [f115w, f150w, f200w, f277w, f356w, f410m, f444w]
#     near_border_kernelsize: 21
#     reference_band: f200w
#   make_catalog version: 1.4.0
#   photutils version: 1.5.0
# schema: astropy-2.0
label xcentroid ycentroid sky_centroid.ra sky_centroid.dec bbox_xmin bbox_xmax bbox_ymin bbox_ymax area semimajor_sigma semiminor_sigma orientation eccentricity min_value max_value local_background segment_flux segment_fluxerr kron_flux kron_fluxerr kron_radius gini equivalent_radius kron4_2_flux kron4_2_fluxerr kron4_2_mag
[from data line 2198]
2199 6997.185282611576 2897.9942723572763 214.78228909005654 52.84240493643473 6995 7000 2897 2902 29.0 1.259941288832305 0.9983214069098001 -10.694202825540568 0.6100596408219435 -0.06470361845233266 0.549957219824708 0.0 4.793335578935354 1.7283741 5.868028098963507 3.1808172640973695 1.9994774836321558 0.5434635769830642 3.0382538898732494 14.959914456599122 5.015121857669979 28.462677224590188
2200 9788.044591093598 2900.8656778673626 214.75738208429118 52.82467136643936 9785 9791 2899 2902 19.0 1.8503948233742167 0.7100003202677708 6.7483959204037545 0.9234569416299969 0.00948977338791847 0.3326597356275747 0.0 4.208280242105522 1.2148033 25.224818407417686 4.916222010030209 3.445357383489021 0.23848773795259073 2.4592453796829674 28.090150024259973 7.9615156074855395 27.778614853265697
2201 695.3409890342133 2906.6650914672377 214.83844515514264 52.88251036565927 688 700 2902 2911 86.0 3.3268608782428544 1.753468541279099 -21.90405870609194 0.8498256051223213 -0.06933514984174999 0.6588199487592125 0.0 23.40329836118427 2.41418 58.703064581391466 7.863447830546937 2.7880622231081533 0.3043982008151826 5.232078956954491 91.52269043414499 12.756823421353753 26.49617805421392
2202 1365.2907748175019 2903.8372558941337 214.83249033776124 52.87823773898321 1363 1367 2902 2905 15.0 1.467041187601358 1.1037247140690538 -18.020012169357095 0.6587664961853387 -0.04588892441241483 0.1741396388825436 0.0 0.5073370811451026 1.0179259 11.173805379233357 4.695539113299281 3.0868390793057445 0.5857726178431971 2.1850968611841584 15.359639572891606 7.521380438347598 28.434047438193048
2203 3237.5909132717115 2905.3080661254126 214.81575600324538 52.86634601789738 3233 3241 2902 2908 52.0 1.852614832761472 1.518658544480499 -1.9468940241132808 0.5727388740197165 -0.15526030864839754 0.3050350879751866 0.0 6.478622043342805 1.9795487 9.880302761155939 2.8744794488811114 1.4 0.3589468948821302 4.068428945128219 3.944358971372245 4.648300588609123 29.910058918282562
2204 8536.425367284384 2903.9342615129162 214.76850377741363 52.832648459389866 8536 8537 2902 2905 5.0 0.9558846757482787 0.3270177992089004 -65.61803922965592 0.9396598754241284 0.08771013614702838 0.2951862457838192 0.0 0.9551072006878392 0.60762197 3.847219786546317 2.3534842040559383 3.385169627216099 0.27619160907373613 1.2615662610100802 -0.8406200204839365 3.762488308402394 nan
2205 3748.2031294357257 2907.4623738715013 214.81117536055422 52.863111955783424 3744 3752 2904 2911 60.0 2.0110840386762137 1.6572331112959768 6.326443842767934 0.5665175757166191 -0.03430878910015999 1.1493657939802342 0.0 30.893470678620854 1.8654884 44.34086680609833 3.954462731549064 2.064619444976768 0.3266104333674794 4.370193722368317 51.13632457929709 6.328291407392898 27.128176225203838
2206 6220.5178739792245 2907.6000587352396 214.78911453034084 52.8473951276576 6219 6224 2905 2910 29.0 1.7943805875091112 1.0112259933320573 -61.36564334133769 0.826080886126167 -0.10927368349790108 0.34704032856169914 0.0 4.725792220237101 1.711359 13.761961908999105 5.271623034405419 2.851731918400367 0.317526346221578 3.0382538898732494 19.013179651063428 8.420797324336434 28.202363120587886
2207 4041.2943624764666 2911.7299123132516 214.808514468787 52.86127185779231 4034 4048 2906 2919 155.0 3.1012319784963194 2.262906574132194 -31.50882201524633 0.6837889107804161 -0.05626140204957178 1.2875777660859444 0.0 55.1270650787624 3.5549257 63.19860436383379 5.463369843213018 1.6242247318743983 0.4683408486016819 7.024103669400641 67.35937967912895 8.706919334170246 26.82900480240417
2208 1938.3972376861482 2914.367388594784 214.82726088547062 52.874652294627126 1932 1944 2908 2921 112.0 4.287907211683467 1.8262261741620598 39.28254237665184 0.9047695287810564 -0.07010556767522669 0.3608195215173871 0.0 13.025476662182069 2.8095253 48.68940993017075 9.953038040332196 2.9937459134948132 0.4315813100251339 5.970821321441846 54.89258455502767 16.07348667530775 27.051215801185812
2209 6821.884920864323 2911.354835015978 214.78371168145034 52.843591584300086 6818 6826 2908 2916 63.0 1.9476842127295348 1.5104956903321833 53.851341383105094 0.631305572985338 -0.1837870310251173 0.5370382671928098 0.0 10.70762622648617 2.320223 10.357534298059292 3.2669353199545474 1.4903293360167664 0.4503867892554938 4.478115991081385 12.003352626198538 5.230973664469595 28.701743588276905
2210 8684.664877867734 2916.123729423609 214.76705418788083 52.83177131601499 8679 8690 2908 2923 143.0 4.022037430359912 1.9898385634116127 65.49100140016039 0.8690444721069057 -0.1410999939637949 0.5213409330840049 0.0 27.126811631447225 3.8220634 27.066947541860067 5.517374428868729 1.4 0.3969428708718143 6.746726148605861 23.22610442230893 8.773137256134252 27.985059064368038
2211 4425.794794476166 2910.4208486053217 214.80509676907698 52.858820561397046 4424 4428 2909 2912 16.0 1.2522519375366115 0.7888778047421194 19.591648637929353 0.776621637605779 0.0407943179819381 0.1980381803177489 0.0 1.9329700129568044 1.0951179 6.981187982702023 4.658804843663741 3.724702966349116 0.25344948708207926 2.256758334191025 1.2491344344847695 7.544440004210272 31.158477048554076
2212 7727.340101666934 2912.2886042727173 214.77562829086634 52.83783885532866 7724 7731 2909 2916 50.0 1.9091917444752962 1.690261999705966 -55.84883455886141 0.4649659349079567 0.03060101232923215 0.5240198903132021 0.0 14.623947618971018 2.0447853 30.786146234607557 6.296307681266366 2.7991785960710365 0.2297898149599782 3.989422804014327 53.56732868353777 10.07173184832404 27.077750026634845
2213 9323.73003601175 2913.2174221247733 214.7613893953635 52.827691134672605 9323 9329 2909 2918 51.0 2.040038831162191 1.0648181845489963 -61.66984681473147 0.8529701084738065 -0.23368754596798727 0.2210158833922488 0.0 -2.211196846879181 2.0189521 72.82571462404695 41.582641561301465 22.413978769449912 -0.47702916582599514 4.029119531035698 102.90472895618785 66.97922228465964 26.368911667263333
2214 8184.4552966836245 2917.028198784913 214.7715033073576 52.8349573911349 8178 8191 2911 2924 145.0 3.545651582493109 2.510075767482904 -60.53146538778681 0.7062818557865486 -0.08488629700678654 0.5833276196403157 0.0 26.208123199551718 3.360983 55.42239883508136 10.222243374867524 2.736538000202241 0.41196163155254273 6.793742230659745 63.45610016129527 16.475514931264655 26.893816554922182
2215 7987.834808790971 2918.08956443359 214.7732448986122 52.836213517155116 7982 7994 2913 2924 116.0 2.5405419276083046 2.2831733985922735 -73.61869776200133 0.43857329979000187 -0.12829519610151652 0.5696070960805637 0.0 23.684430370161323 2.9865236 40.12239501892144 7.530459586098232 2.490648530718084 0.42786653847138695 6.076507779746499 61.66665142861231 12.099042337567035 26.92487408408096
2216 8495.03582088204 2914.547275396173 214.76876097357044 52.832968838617234 8493 8496 2913 2917 15.0 1.4810909102526528 0.8241837358186325 -42.49243261202782 0.8308672155126933 -0.1296818534417094 0.13368606135363284 0.0 -0.13256285736065304 1.0806873 24.32578532727813 5.505331685058581 4.003025467917868 -0.3661310574533735 2.1850968611841584 47.47981174099115 8.782263020695469 27.208727529264696
2217 8612.554771972267 2917.2578320467255 214.7676849656741 52.83223603502109 8609 8616 2913 2922 59.0 2.1882683300435333 1.7368693571161915 58.83531009881962 0.6082850686115691 0.06741744264831509 0.7188978901045335 0.0 20.00003884202475 2.3757603 36.88659270829463 6.522810951058573 2.446060739468129 0.2924205699119836 4.3336224206596095 66.9522118990781 10.475327343864109 26.835587676589
2218 8266.002411768039 2916.7201889138382 214.77077963133667 52.83443712509997 8264 8268 2914 2920 23.0 1.8158377795329301 1.051964091554826 83.01631246546296 0.8150951325133803 0.18966207990130365 0.5317944389495194 0.0 7.553473633716439 1.346538 81.28620342442942 6.254117847844844 3.6474485761130446 0.14463273782204478 2.7057581899030048 163.1428970057553 10.056816150199714 25.868579574968507
2219 4366.655956083757 2931.7944547407233 214.80539949132947 52.85931167436877 4349 4387 2915 2954 1179.0 7.2930265586962735 7.060892665507713 -37.35829472673971 0.2502918633007526 -0.23761342451994266 1.1577245033263823 0.0 186.3681155415583 9.7409525 192.23381848001918 12.630928226928653 1.4 0.5461785355860477 19.37233480535295 183.004920920539 20.258890687622973 25.743843080320065
2220 6250.0 2917.0 214.78875260840877 52.847258307191424 6249 6250 2917 2919 5.0 0.28867513459481287 0.28867513459481287 0.0 0.0 -0.0661347615994708 0.033003293997287464 0.0 -0.17754396588092525 0.6837374 2.1779214157735467 1.54871044116072 4.015716144711609 -0.2933570934783834 1.2615662610100802 6.177942811899255 2.4751840800545 29.422890290503844
2221 8148.701718718423 2929.9982380430956 214.77168548581633 52.83525461466291 8134 8165 2917 2942 610.0 6.7982324170104675 5.382708502699142 3.174981697634616 0.6108056078957578 -0.29002179731276834 0.44798633344007277 0.0 24.849702365324003 7.047756 38.99931197176569 14.673497645584888 1.9255671091342497 0.4871935610053391 13.934454799959427 7.7173811603950835 23.43420135268614 29.181325123688858
2222 8730.305678460856 2923.787603898963 214.76656672222114 52.831522311995414 8724 8736 2918 2929 128.0 2.8946843189032028 2.5223270640034463 -20.134031911901438 0.4906350561790912 -0.2869661650875102 0.48314230811226005 0.0 8.65904790322043 3.5590804 25.783381958925478 10.651273460924472 2.859331895496262 0.5205957751277225 6.383076486422923 40.3503674325946 17.057806301386808 27.38538126553806
2223 2996.6514990372457 2919.8054471659075 214.8177543278153 52.867955602243114 2996 2998 2919 2920 5.0 0.6674188624144808 0.34590321510613375 -19.70870334657931 0.855217015140465 0.028895025024336957 0.35612291152610487 0.0 0.810891756316548 0.6847612 4.991046300371245 2.3541546339417696 3.476724281721862 0.5316373389372662 1.2615662610100802 8.182587269265717 3.7096417384474005 29.117773385349793
2224 3681.985000342611 2922.872406382568 214.81160416201703 52.86361591726296 3676 3687 2920 2926 60.0 2.973632109320061 1.5906950671098095 22.84367860842814 0.8448942429925526 -0.04364720459344179 0.2460185551142178 0.0 6.295060550901646 1.8375974 30.31474568551892 7.355656465813606 3.221374113846442 0.33237627520008634 4.370193722368317 27.649177079837457 11.750797783360365 27.79579447509387
2225 4227.202782561774 2921.2052517608295 214.80675551233162 52.86014111904359 4226 4228 2920 2923 10.0 1.0063114474871864 0.6790083715172301 18.195132597485237 0.7380466176819672 -0.0830613516051959 0.04482537069807674 0.0 -0.16040789501281927 0.8664145 3.7550983992998264 4.492691734151435 4.3071427973840075 -0.598465128516959 1.7841241161527712 0.059866026977474895 7.210951844036692 34.45704890737561
2226 6296.923895228233 2922.654933615023 214.7882745503989 52.84699041221306 6296 6299 2922 2924 10.0 0.8324290485874 0.6791298673588135 -42.58057193822988 0.5782760825404286 -0.05160746699271306 0.37362157141382574 0.0 1.8313993087637936 0.95194197 4.290314493753745 2.2005404839507285 2.188656450742525 0.3659059347172203 1.7841241161527712 7.084370789034326 3.5727588302424484 29.27424679084728
2227 6728.535922219202 2924.192580740431 214.7844090039203 52.84425430451948 6727 6730 2922 2926 17.0 1.246538594531965 0.8926685664483482 -65.96595938662058 0.697979363965581 0.20805125448120887 0.6102384740408673 0.0 6.640921075923014 1.1776556 18.166635532016702 3.8436479748101657 2.8534067601791913 0.1946264831428206 2.326213245840639 20.46873992581134 6.162128886395101 28.12227223019168
2228 7336.09565007114 2927.295444898601 214.77895860452426 52.84040765716174 7331 7341 2922 2930 78.0 2.445387597908838 1.9260611937120269 51.20018591047169 0.6161482146204855 -0.2484787034528291 0.1782689553806761 0.0 -0.8596594283684923 2.4704952 51.47748649567788 13.294054737649383 4.882167036783232 -0.8711634448946616 4.982787485166879 70.2632534622704 21.342126394404755 26.783179361381407
2229 3565.416258403985 2931.3418391969667 214.81255549149705 52.86440253040245 3560 3570 2925 2936 108.0 2.725783717922781 2.0078858044768015 -30.872301153347756 0.6762992719160663 -0.15127958565472865 0.4659517108827135 0.0 13.991003210978592 2.8285046 12.404928936328284 3.9799799323201386 1.4 0.4518833695671379 5.863230142835039 4.0801790134775455 6.302021758179326 29.87330195571894
2230 6259.217499638514 2927.153353100238 214.78856350101262 52.847254392703285 6258 6261 2925 2929 16.0 1.277718164522952 0.9147085489662442 -81.92017170239448 0.6982107611630411 0.15840560550138033 0.3288381366404622 0.0 4.222494015750719 1.2080482 21.1784253851708 4.729380003982686 3.1761504715708013 0.10312694006262454 2.256758334191025 34.44983463332166 7.591508365586231 27.557032146147655
2231 8451.434709599827 2926.1259142393196 214.76902772112666 52.83330848217242 8449 8453 2925 2929 22.0 1.216726727814364 0.9264671631366979 14.195960065786032 0.6482327263642861 -0.056528871167324635 0.18195042012526477 0.0 1.0811602244856968 1.3763095 1.8863038575140574 2.0108868378146254 1.4760782843204547 0.47993695413980175 2.6462837142006137 2.0400316218240673 3.1953471670699956 30.625907751683705
2232 1141.750292032773 2940.5698038955625 214.8341002711516 52.87985633774447 1129 1156 2928 2954 567.0 5.996249807385154 5.144395022749359 18.312208728974234 0.5137575657204597 -0.1509347435302976 0.8378983893954185 0.0 127.77049935814449 6.7124453 190.3841431855156 15.103728848651349 2.190997284804638 0.4311969643119958 13.434347973244154 239.2770877991784 24.037916458039582 25.45274721417249
2233 8069.021386892157 2929.142598948524 214.77240479486 52.83575673681188 8067 8071 2928 2931 14.0 1.0853629208528361 0.9878123996041558 0.324862526971673 0.4143409252895357 0.2581758407912043 0.7311461146945009 0.0 7.380072906457243 1.0556813 30.238990109609823 3.9529129900296267 3.013197733928255 0.15616847534297112 2.111004122822376 40.67776935354448 6.3298925051507435 27.376607176246885
2234 1536.2262928281546 2948.8473638015603 214.8304896172023 52.87739405685175 1516 1553 2932 2965 776.0 7.362862327819035 3.555202880237942 -39.78911069337226 0.8756997207294057 -0.37429132329354775 1.7010801240764017 0.0 231.53530311144564 7.377337 242.89675367051584 8.427752749038751 1.4 0.6263855735767595 15.716503163191918 233.49143791839907 13.500488292427272 25.4793226007315
2235 9499.58884920391 2933.3509364628508 214.75961038130413 52.82668100532454 9498 9501 2932 2934 9.0 1.013940023929238 0.6161012623990165 13.857536705627085 0.7942195676202282 0.04132209875857578 0.17997577086479824 0.0 1.0828046359144816 0.8253579 23.70171248845817 4.067503918895839 4.118293113946781 0.23936506029246785 1.692568750643269 39.5921797503256 6.540806809372985 27.405976468688518
2236 1666.0 2933.0 214.82949743089978 52.87648389746568 1663 1666 2933 2935 10.0 0.28867513459481287 0.28867513459481287 0.0 0.0 -0.15520222805969425 0.021566265964647943 0.0 -0.843462312189722 0.87674737 0.03240941559894057 0.5001956197377609 1.4 -0.24993996457189158 1.7841241161527712 0.030825642599520576 0.7958513658910915 35.1777196530498
2237 3227.3643293488913 2935.6692725279004 214.81552761527607 52.86657463990642 3224 3229 2933 2938 30.0 1.5266067518986233 0.9384023681583614 15.298493263779006 0.7887624272737231 -0.035415825911378464 0.310117676413451 0.0 2.6226476187503764 1.4667814 4.501871693632929 3.046797920831861 2.1078109018507614 0.5505158433195478 3.0901936161855166 9.858810883145429 4.993482791576887 28.915438660423682
