outputs/dr0.5_c0.1/nircam1_matched_f277w_f140w_dr0.5_c0.1.ecsv
# %ECSV 1.0
# ---
# datatype:
# - {name: label, datatype: int64}
# - {name: xcentroid, datatype: float64}
# - {name: ycentroid, datatype: float64}
# - {name: sky_centroid.ra, unit: deg, datatype: float64}
# - {name: sky_centroid.dec, unit: deg, datatype: float64}
# - {name: bbox_xmin, datatype: int64}
# - {name: bbox_xmax, datatype: int64}
# - {name: bbox_ymin, datatype: int64}
# - {name: bbox_ymax, datatype: int64}
# - {name: area, unit: pix2, datatype: float64}
# - {name: semimajor_sigma, unit: pix, datatype: float64}
# - {name: semiminor_sigma, unit: pix, datatype: float64}
# - {name: orientation, unit: deg, datatype: float64}
# - {name: eccentricity, datatype: float64}
# - {name: min_value, datatype: float64}
# - {name: max_value, datatype: float64}
# - {name: local_background, datatype: float64}
# - {name: segment_flux, datatype: float64}
# - {name: segment_fluxerr, datatype: float32}
# - {name: kron_flux, datatype: float64}
# - {name: kron_fluxerr, datatype: float64}
# - {name: kron_radius, unit: pix, datatype: float64}
# - {name: gini, datatype: float64}
# - {name: equivalent_radius, unit: pix, datatype: float64}
# - {name: kron4_2_flux, datatype: float64}
# - {name: kron4_2_fluxerr, datatype: float64}
# - {name: kron4_2_mag, datatype: float64}
# meta:
#   PHOTMJSR: 2.962800025939941
#   PIXAR_SR: 2.11539874851881e-14
#   __serialized_columns__:
#     area:
#       __class__: astropy.units.quantity.Quantity
#       unit: !astropy.units.Unit {unit: pix2}
#       value: !astropy.table.SerializedColumn {name: area}
#     eccentricity:
#       __class__: astropy.units.quantity.Quantity
#       unit: !astropy.units.Unit {unit: ''}
#       value: !astropy.table.SerializedColumn {name: eccentricity}
#     equivalent_radius:
#       __class__: astropy.units.quantity.Quantity
#       unit: !astropy.units.Unit {unit: pix}
#       value: !astropy.table.SerializedColumn {name: equivalent_radius}
#     kron_radius:
#       __class__: astropy.units.quantity.Quantity
#       unit: !astropy.units.Unit {unit: pix}
#       value: !astropy.table.SerializedColumn {name: kron_radius}
#     orientation:
#       __class__: astropy.units.quantity.Quantity
#       unit: &id001 !astropy.units.Unit {unit: deg}
#       value: !astropy.table.SerializedColumn {name: orientation}
#     semimajor_sigma:
#       __class__: astropy.units.quantity.Quantity
#       unit: !astropy.units.Unit {unit: pix}
#       value: !astropy.table.SerializedColumn {name: semimajor_sigma}
#     semiminor_sigma:
#       __class__: astropy.units.quantity.Quantity
#       unit: !astropy.units.Unit {unit: pix}
#       value: !astropy.table.SerializedColumn {name: semiminor_sigma}
#     sky_centroid:
#       __class__: astropy.coordinates.sky_coordinate.SkyCoord
#       dec: !astropy.table.SerializedColumn
#         __class__: astropy.coordinates.angles.Latitude
#         unit: *id001
#         value: !astropy.table.SerializedColumn {name: sky_centroid.dec}
#       frame: icrs
#       ra: !astropy.table.SerializedColumn
#         __class__: astropy.coordinates.angles.Longitude
#         unit: *id001
#         value: !astropy.table.SerializedColumn {name: sky_centroid.ra}
#         wrap_angle: !astropy.coordinates.Angle
#           unit: *id001
#           value: 360.0
#       representation_type: spherical
#   astropy version: '5.1'
#   kernelfile: kernel_f277w_f140w.fits
#   make_catalog parameters:
#     ab_zpt: 31.4
#     coadd_bands: !!python/tuple [f277w, f356w]
#     deblend_contrast: 0.001
#     deblend_nlevels: 32
#     deblend_npixels: 1
#     detect_kernel_fwhm: 4.0
#     detect_kernel_npix: 7
#     detect_npixels: 4
#     detect_threshold_nsigma: 3.0
#     flag_isolated_buffer: 4
#     hst_bands: !!python/tuple [f606w, f814w, f125w, f140w, f160w]
#     jwst_bands: !!python/tuple [f115w, f150w, f200w, f277w, f356w, f410m, f444w]
#     near_border_kernelsize: 21
#     reference_band: f200w
#   make_catalog version: 1.4.0
#   photutils version: 1.5.0
# schema: astropy-2.0
label xcentroid ycentroid sky_centroid.ra sky_centroid.dec bbox_xmin bbox_xmax bbox_ymin bbox_ymax area semimajor_sigma semiminor_sigma orientation eccentricity min_value max_value local_background segment_flux segment_fluxerr kron_flux kron_fluxerr kron_radius gini equivalent_radius kron4_2_flux kron4_2_fluxerr kron4_2_mag
[from data line 4658]
4659 8852.959552367864 2593.4322340961444 214.94948087622453 52.95610958146457 8844 8864 2586 2600 156.0 4.75606084641097 2.4885929514638905 -32.2103138182394 0.852181279457556 0.24072152785760792 0.5796259300763179 0.0 65.45435599764212 16.885794 269.9116225226932 62.140450342380895 3.0916666659621965 0.12930048262803912 7.046725639945928 363.0609603093658 99.40951125244924 25.000051119894508
4660 4160.380255928961 2634.0777512573977 214.99115151920506 52.98610169038258 4105 4216 2590 2679 7499.0 17.274813503795546 12.392709474619561 18.821343997833022 0.6966759056430862 0.2041845293096616 47.39055139375371 0.0 29807.00874390868 114.85873 29945.261353302732 120.46938457659704 1.4 0.6452759680654708 48.856993731627064 30734.49213957543 194.06978325650044 20.180934897044505
4661 4216.688695487881 2633.1169454658207 214.99065613649665 52.985739331496895 4211 4222 2625 2641 133.0 3.9677795016590047 2.5678352014799173 71.01408844488917 0.7623441455416516 0.21347797645314792 0.3375955057010255 0.0 37.21174011204772 15.213129 296.5203322395424 66.74231988998085 3.534656459661992 0.06731824690639739 6.506551687525748 545.5347747441651 106.4583887699604 24.55794390096526
4662 1784.0076328357256 2601.8936722143935 215.01283202065386 53.000999120833455 1777 1792 2596 2608 128.0 3.6307109725862023 2.591033908001282 21.790097000688707 0.7005088938592057 0.19387065505906945 0.4220118634020981 0.0 40.38359058705474 16.815796 130.50376266872084 63.67936263307955 2.936001755433019 0.12236527449189764 6.383076486422923 201.00974828449478 111.94236049901814 25.641957200683798
4663 1796.0974044086574 2607.44093876302 215.0126649552125 53.00095244623662 1786 1804 2601 2614 173.0 3.668093292395342 3.105459985712016 1.0485385218805934 0.5322070481912161 0.20969996411109038 0.8055894569988186 0.0 77.10177613538141 19.295233 173.0838307813466 57.41162705139614 2.6379711475183765 0.19465784127101332 7.420755373261929 247.47164480636835 94.24244679108476 25.416186387882554
4664 6041.459599946067 2606.3040716125292 214.97456134691964 52.974018711451 6038 6045 2603 2609 46.0 2.047792274572297 1.717034279076408 30.05338046381004 0.5449313101019256 0.2193009339286737 0.32066633522166804 0.0 12.927555035827607 9.298117 73.03464637806084 38.79421996547007 3.344831646270459 0.06194141732331436 3.826519928662906 122.09135672591191 60.96383248854417 26.1832877004799
4665 6093.192847981415 2607.0167104330762 214.97408966095293 52.97369435116151 6078 6112 2599 2616 384.0 6.878879565626277 3.7453997569381574 5.462852078281687 0.8387750130333732 0.1811701999429701 0.8718865899866444 0.0 190.14220299089783 25.807976 473.2784548355263 84.11543729378403 2.791281722054109 0.21915319817908943 11.055812783082736 642.4480455045199 135.72202650508908 24.38040496945869
4666 6070.800855734235 2614.829507682238 214.97420826016113 52.973878625836235 6056 6090 2603 2626 527.0 7.020272802064026 4.3617562483773025 -19.912658312353315 0.7835659231559278 0.25374996176371334 2.199054533007259 0.0 443.7292881759754 31.331062 719.6524614099595 70.94923244894267 2.3979211654603034 0.29859263900355565 12.951807210534664 897.8001384172132 122.40376645752771 24.01705082994388
4667 6042.650707284878 2623.6767336756807 214.97436762748072 52.974105020899955 6029 6058 2608 2636 586.0 5.954509352889823 4.395285148054536 -38.44290094156675 0.674643228509016 0.24348597979236924 5.730503710177738 0.0 768.3067828755524 32.674274 903.196758721502 54.23463851525957 1.7662445040853942 0.4540803631291714 13.657583728599336 982.275580641639 87.53874500736468 23.919416630935725
4668 445.50688829085504 2642.5343030886943 215.0244309074162 53.009706192817326 427 474 2610 2671 1572.0 9.910860811384266 6.9609557057465485 -50.39150124131467 0.7118255424200182 0.16235022476380837 8.656101314690018 0.0 1355.3475572843165 37863983000000.0 1767.2987950275462 69715173677381.82 1.9834544268019387 0.5796668093457618 22.36924542940416 2060.815082590369 111544277883810.9 23.114902439539787
4669 522.1661870374232 2701.8611844991956 215.02311676312928 53.009540938668756 507 537 2694 2712 334.0 8.301434816825529 3.827755705784265 -11.137786291310475 0.887350425018101 0.15116240923781485 0.2883743591175318 0.0 75.1374950550815 17453127000000.0 321.255015060648 71208372992408.5 2.9851586126392173 0.08255156296184915 10.31094088749354 474.80870499610285 113933396787853.58 24.708703318559007
4670 451.591590907331 2741.1828191035324 215.0233366461615 53.01020104928094 365 522 2668 2804 12074.0 13.978714763715502 12.274462668812086 -6.579233669975365 0.4785095524184007 0.11934918984822412 411.69081633671203 0.0 63407.84112046753 104936260000000.0 61588.0460102847 77602884757570.89 1.4 0.8302715570780042 61.99414138273946 64774.94303004879 124164615612113.44 19.371482400766432
4671 497.20850238975197 2744.346462695906 215.0228933397677 53.0099289186668 486 525 2726 2767 879.0 7.946322101840389 7.254681789177805 -69.35083164318905 0.4080469342376883 0.1879235692732484 3.5654437198623135 0.0 1066.317996984267 28313560000000.0 1298.555038057356 36423091398728.22 1.8653430994828402 0.38878357355689425 16.727055627203253 1738.9834259574736 65979336421318.64 23.29926139296549
4672 522.6300089685516 2762.6568808341253 215.0224719137459 53.009866741439346 499 544 2735 2795 1752.0 9.571849537737242 7.02286116720012 -73.12919863506166 0.6794740994186836 0.15884855321449826 10.21381905300085 0.0 1786.7203943340523 39973030000000.0 2130.0898233112694 63741419455581.29 1.840180820206234 0.5630156082433679 23.615226456547084 2388.5722079505986 102079620791426.7 22.954654063007794
4673 466.99025609210634 2790.263112698953 215.02268102864284 53.01036880800911 456 482 2783 2800 284.0 5.634375999904211 3.9011326621075635 -14.049137843865209 0.7215324650972904 0.17700406600402818 0.7101600579390941 0.0 111.44310485555305 16093822000000.0 547.4371260401952 62200835775724.07 3.3078022519483827 0.2059336964117566 9.507891862878783 930.8193233515481 102868548527932.94 23.977836523879464
4674 6389.016921891834 2636.837034431421 214.97112133459035 52.97197863601939 6374 6406 2620 2653 717.0 6.495505117619539 5.591167843746656 56.958950106111224 0.5089858067495174 0.2115034989785362 4.020614269191343 0.0 919.7074768097175 35.061844 1219.6175423753873 71.22148794237191 2.0212524791686377 0.4174626577303993 15.10722305368455 1390.374481439922 114.40049299172367 23.542170529366558
4675 6395.858511063648 2654.4249915008427 214.97087465499374 52.97203025332066 6380 6413 2635 2669 653.0 7.320379952505459 4.439708136941113 -42.214787853647685 0.795094146502005 0.20650849488367615 4.258086110128252 0.0 913.6449932658863 33.82484 1098.7853477732956 58.59519606722894 1.7550647950061535 0.4136988120418258 14.417224270920368 1195.4404839747021 94.25431284943126 23.70618010182907
4676 9047.746089853985 2631.9157455497207 214.94732922300537 52.955081258027896 9037 9060 2624 2643 259.0 5.189157082974704 3.1114330683647053 -40.61910042664257 0.8002977529502905 0.2515081937027165 1.696505468524997 0.0 201.47981356592683 21.486633 408.9080853320532 60.50182356874811 2.528170975910342 0.3072983864249939 9.079772052293041 500.4701001005604 98.05100602168662 24.651554659343894
4677 9060.774699689153 2635.86112355477 214.9471708635294 52.955019881795735 9046 9075 2624 2650 434.0 5.988244949353138 4.727263115055382 -49.44001920196623 0.6138485608092613 0.2833968332332942 1.7841345817944039 0.0 398.00000060216985 31.928957 628.2151469478745 74.04342680836095 2.2921285287889086 0.26082174183284523 11.753573524837677 704.0573822615139 128.62001307439658 24.280979858593735
4678 9074.43007416822 2640.9424145588046 214.94699491960316 52.954960662376166 9063 9084 2628 2655 339.0 6.334604823071716 3.6706014082489777 -65.19631699050261 0.8150061462955576 0.21801047647958186 0.9981920493896658 0.0 190.99861617724721 28.502422 358.19975061046074 85.59219895840194 2.3342662374707874 0.2284397942386872 10.387831891992912 417.26494399078734 135.6025598694616 24.848970251202275
4679 10177.739441104715 2674.952214618235 214.93674751273073 52.948141893761154 10166 10184 2666 2682 174.0 4.901645911513874 2.64055197323443 42.785486221628126 0.8424930541710375 0.24005167084178602 0.9432602835793872 0.0 111.73506698974636 17.539398 270.7028104334528 52.348364465873246 2.773812714982833 0.2078148855798654 7.442171739215616 437.5881038133272 90.83263024828474 24.797336232902595
4680 10187.416488235198 2716.2509943042337 214.93622574446482 52.948303475077836 10142 10224 2663 2772 6218.0 18.032856121053072 12.975539447126277 -85.9136405995774 0.6944407613732387 0.19237230044434386 19.43874416851324 0.0 12453.399702630326 105.9361 13026.801313658238 130.68697805483424 1.4382044286957192 0.5444388287129796 44.48877242957835 13621.994923059696 209.5586665752252 21.064398214789147
4681 10128.515684267048 2701.1601454565644 214.93691256762295 52.94859584049204 10122 10136 2691 2710 175.0 5.033362306272558 2.6581677463496245 70.79045417037703 0.8491761208162727 0.23032356218274153 0.47518197921205224 0.0 63.358051192297765 17.676657 246.05848922549143 65.54566459512277 3.036421372349458 0.09488519326997409 7.463526651802308 455.4976446420857 105.89988468080345 24.753784661006215
4682 10136.145169282025 2722.179297992758 214.93662277436528 52.948660913786206 10103 10159 2698 2741 1288.0 13.156375855576563 5.477891933769001 -25.827252238600934 0.9091962456865358 0.2577674151823675 3.3385061255016724 0.0 1492.6421165637857 48.328274 1983.7235365536442 98.12503374582495 1.920391142430626 0.3699564145970168 20.248040236149336 2223.513230986109 156.70039458333923 23.032400704859448
4683 3877.1978651851714 2672.2730649606515 214.99329145058599 52.98810432929466 3874 3880 2669 2675 39.0 1.8513051413187744 1.6046295837618545 12.80973558473952 0.49873266939973016 0.22397670206572523 0.4061948483916244 0.0 12.562672144886646 8.12615 49.750134490295984 30.966255275811445 3.0497705656172993 0.0957178796910733 3.523362819972964 63.41715658408718 49.521278293769335 26.89448308550759
4684 3875.952728507915 2678.8748301565997 214.993233068852 52.988147907912776 3872 3880 2675 2683 65.0 2.2693016904362016 2.0508577074531984 79.79672580466243 0.4280827147793741 0.24103975666480054 0.4794624105099706 0.0 22.945932040876812 10.66577 71.78624229870306 37.77862401047406 2.9355642308133785 0.11207069853436682 4.54864184146723 76.7093691376118 60.05105165564444 26.687878972257042
4685 2110.7691893422284 2693.8404763380504 215.00892772759963 52.99942405089551 2107 2115 2690 2698 45.0 2.0707699426440964 1.6630920909837104 41.62249627511395 0.5958073269738239 0.20933390135800226 0.3329279588957832 0.0 12.537908195243412 8.9395 59.377263711551834 35.35256985984701 3.1818309558441364 0.07512446586827265 3.7846987830302403 79.307136734667 56.611904771342125 26.65171932347701
4686 2118.038649441569 2700.526827964123 215.0087919694798 52.99941409766801 2112 2124 2695 2706 92.0 3.4469126744206777 1.9827890830025052 40.03574429393724 0.8179873283484841 0.21633916892065685 0.38518135079724003 0.0 27.747165982858682 12.700361 87.80233018661411 45.529983670976556 2.9196223554467937 0.08733020255835171 5.4115163798060095 111.7753264887813 73.33439550723541 26.279135132277222
4687 7770.663882024987 2706.8551309637764 214.95799051853945 52.963590296770114 7758 7782 2698 2717 306.0 5.285219063962707 3.5663817450865962 30.54378175430456 0.7380151961153169 0.2441420932513321 1.7650309447315589 0.0 258.8744870293481 23.823503 404.98459857149885 56.85691230705336 2.134826852619286 0.2932862818265594 9.869286963719311 449.106127918719 89.98938994592055 24.769127547696538
4688 7788.422706641172 2717.8686317146057 214.95771522863316 52.96353709834097 7773 7807 2706 2729 497.0 7.933212511403539 3.7346384708735454 23.590307684007595 0.8822613556427452 0.24064354075240513 2.3768463860981837 0.0 478.576423469689 29.819826 662.250621719568 61.730007574999306 1.9054219189442048 0.30340497236449826 12.577758680835945 693.0971863384348 99.27094804667453 24.298014660471978
4689 6999.552896469553 2717.6177289034254 214.96479324108955 52.96854134352414 6990 7009 2702 2732 426.0 6.272297335283461 4.388784952687079 -89.9657137735211 0.714427642584149 0.22473216540517654 0.9499852163263484 0.0 202.2411655546564 27.231794 584.8516572081567 88.4527348625929 2.848790837995593 0.20819476162365444 11.64474179680661 883.6489286678575 141.44136933010643 24.034300611861898
4690 7020.101252248386 2747.8721598924094 214.96429017554615 52.96857440470489 6997 7041 2727 2767 972.0 4.6430739122827 4.540146563688997 -10.81990332292707 0.2093906577759621 0.2341373246416271 53.50772405727635 0.0 4386.219426095442 40.820694 4322.943593290881 37.24496069550584 1.4 0.7393161556796954 17.58969042850512 4614.74148825625 60.306323695340055 22.239631556404692
4691 8216.857595456762 2746.6987010485377 214.9535695573697 52.960974100187016 8209 8226 2739 2756 215.0 4.500526725070481 2.861609770328615 45.427203885133274 0.7718218366226852 0.27487083621577374 1.4369009632956868 0.0 144.63969778291752 19.246256 214.09202761036642 41.61908696308575 1.9338227411640372 0.2569013589245545 8.272643200907131 222.23747633338968 66.43560883876347 25.53295675826275
4692 8225.85113297872 2756.1971084933857 214.95338884755606 52.9609683316096 8223 8228 2754 2758 21.0 1.4874278722038905 1.0893945248559134 -33.75296801591127 0.6808729136283506 0.20931988636055418 0.30720057142504215 0.0 5.3674022145576785 6.0287223 33.0491398211131 26.614738168166408 3.419851827139162 0.06912887386344106 2.5854414729132054 46.87968283628027 41.922432036352546 27.22253833798042
4693 8063.222292037729 2762.255884710176 214.95478331142994 52.96203307089043 8054 8071 2756 2771 184.0 3.8185390954257246 3.1884302381968546 -9.991585801881739 0.5502697755939355 0.23737380396396823 0.9560619676638716 0.0 99.09146981742381 18.167227 229.80185110765174 54.540070086393484 2.6529308019382816 0.1905562993078515 7.653039857325812 281.49777832895165 87.46392718445789 25.276312570977275
4694 8053.460406620094 2759.733728587277 214.95489741987748 52.96208139444905 8051 8056 2757 2763 32.0 1.7375755972828115 1.4180491063681762 -83.13443428465412 0.5778996080741244 0.27376546710641975 0.42161183467375624 0.0 11.248279847424831 7.368798 74.52309583473999 31.714148326350823 3.4425630543439105 0.07329346175911257 3.1915382432114616 132.94581185630614 51.01971234516074 26.090813348846176
4695 8343.579644451744 2786.7550769561794 214.95201128769878 52.96038628386463 8329 8357 2769 2803 658.0 6.284581888585979 5.249268716466457 87.59327680925601 0.5498530534923138 0.28622986375771503 4.969780600011549 0.0 993.512908911135 54.301373 1283.8506718533602 5346743500274.322 1.9125212223703156 0.42741283195370594 14.472315126092793 1408.7579336572412 20587415733679.094 23.527909062841328
4696 8339.121910998269 2801.98295725367 214.9518908299625 52.96049682006482 8325 8353 2787 2813 395.0 5.766352469240557 3.686927662840894 39.4173394312745 0.7688855320060733 0.2509801490552267 3.8318370350188777 0.0 557.1180536540338 33.494884 755.177520234327 66.89880712187896 1.9976421775111708 0.39505415117111237 11.213046198183495 860.0366387029491 106.1264817317498 24.06370761710162
4697 9847.096747018946 2786.6660810713956 214.9385339472009 52.95084374438683 9828 9869 2769 2810 1254.0 6.4386214747576735 6.07283036077146 89.96922289328423 0.3322595985461778 0.23517445577165616 15.869661770054238 0.0 2622.41369850765 32159300000000.0 2728.4340503980766 38487692819127.96 1.5205729550548983 0.6171257387842413 19.979003910967972 2930.1034382269127 56402381530839.67 22.732792619884155
