outputs/dr0.5_c0.1/nircam1_f444w_dr0.5_c0.1.ecsv
# %ECSV 1.0
# ---
# datatype:
# - {name: label, datatype: int64}
# - {name: xcentroid, datatype: float64}
# - {name: ycentroid, datatype: float64}
# - {name: sky_centroid.ra, unit: deg, datatype: float64}
# - {name: sky_centroid.dec, unit: deg, datatype: float64}
# - {name: bbox_xmin, datatype: int64}
# - {name: bbox_xmax, datatype: int64}
# - {name: bbox_ymin, datatype: int64}
# - {name: bbox_ymax, datatype: int64}
# - {name: area, unit: pix2, datatype: float64}
# - {name: semimajor_sigma, unit: pix, datatype: float64}
# - {name: semiminor_sigma, unit: pix, datatype: float64}
# - {name: orientation, unit: deg, datatype: float64}
# - {name: eccentricity, datatype: float64}
# - {name: min_value, datatype: float64}
# - {name: max_value, datatype: float64}
# - {name: local_background, datatype: float64}
# - {name: segment_flux, datatype: float64}
# - {name: segment_fluxerr, datatype: float32}
# - {name: kron_flux, datatype: float64}
# - {name: kron_fluxerr, datatype: float64}
# - {name: kron_radius, unit: pix, datatype: float64}
# - {name: gini, datatype: float64}
# - {name: equivalent_radius, unit: pix, datatype: float64}
# - {name: kron4_2_flux, datatype: float64}
# - {name: kron4_2_fluxerr, datatype: float64}
# - {name: radius_kron20, unit: pix, datatype: float64}
# - {name: radius_kron50, unit: pix, datatype: float64}
# - {name: radius_kron80, unit: pix, datatype: float64}
# - {name: near_border, datatype: bool}
# meta:
#   PHOTMJSR: 0.3925000131130219
#   PIXAR_SR: 2.11539874851881e-14
#   __serialized_columns__:
#     area:
#       __class__: astropy.units.quantity.Quantity
#       unit: !astropy.units.Unit {unit: pix2}
#       value: !astropy.table.SerializedColumn {name: area}
#     eccentricity:
#       __class__: astropy.units.quantity.Quantity
#       unit: !astropy.units.Unit {unit: ''}
#       value: !astropy.table.SerializedColumn {name: eccentricity}
#     equivalent_radius:
#       __class__: astropy.units.quantity.Quantity
#       unit: !astropy.units.Unit {unit: pix}
#       value: !astropy.table.SerializedColumn {name: equivalent_radius}
#     kron_radius:
#       __class__: astropy.units.quantity.Quantity
#       unit: &id001 !astropy.units.Unit {unit: pix}
#       value: !astropy.table.SerializedColumn {name: kron_radius}
#     orientation:
#       __class__: astropy.units.quantity.Quantity
#       unit: &id002 !astropy.units.Unit {unit: deg}
#       value: !astropy.table.SerializedColumn {name: orientation}
#     radius_kron20:
#       __class__: astropy.units.quantity.Quantity
#       unit: *id001
#       value: !astropy.table.SerializedColumn {name: radius_kron20}
#     radius_kron50:
#       __class__: astropy.units.quantity.Quantity
#       unit: *id001
#       value: !astropy.table.SerializedColumn {name: radius_kron50}
#     radius_kron80:
#       __class__: astropy.units.quantity.Quantity
#       unit: *id001
#       value: !astropy.table.SerializedColumn {name: radius_kron80}
#     semimajor_sigma:
#       __class__: astropy.units.quantity.Quantity
#       unit: !astropy.units.Unit {unit: pix}
#       value: !astropy.table.SerializedColumn {name: semimajor_sigma}
#     semiminor_sigma:
#       __class__: astropy.units.quantity.Quantity
#       unit: !astropy.units.Unit {unit: pix}
#       value: !astropy.table.SerializedColumn {name: semiminor_sigma}
#     sky_centroid:
#       __class__: astropy.coordinates.sky_coordinate.SkyCoord
#       dec: !astropy.table.SerializedColumn
#         __class__: astropy.coordinates.angles.Latitude
#         unit: *id002
#         value: !astropy.table.SerializedColumn {name: sky_centroid.dec}
#       frame: icrs
#       ra: !astropy.table.SerializedColumn
#         __class__: astropy.coordinates.angles.Longitude
#         unit: *id002
#         value: !astropy.table.SerializedColumn {name: sky_centroid.ra}
#         wrap_angle: !astropy.coordinates.Angle
#           unit: *id002
#           value: 360.0
#       representation_type: spherical
#   astropy version: '5.1'
#   make_catalog parameters:
#     ab_zpt: 31.4
#     coadd_bands: !!python/tuple [f277w, f356w]
#     deblend_contrast: 0.001
#     deblend_nlevels: 32
#     deblend_npixels: 1
#     detect_kernel_fwhm: 4.0
#     detect_kernel_npix: 7
#     detect_npixels: 4
#     detect_threshold_nsigma: 3.0
#     flag_isolated_buffer: 4
#     hst_bands: !!python/tuple [f606w, f814w, f125w, f140w, f160w]
#     jwst_bands: !!python/tuple [f115w, f150w, f200w, f277w, f356w, f410m, f444w]
#     near_border_kernelsize: 21
#     reference_band: f200w
#   make_catalog version: 1.4.0
#   photutils version: 1.5.0
# schema: astropy-2.0
label xcentroid ycentroid sky_centroid.ra sky_centroid.dec bbox_xmin bbox_xmax bbox_ymin bbox_ymax area semimajor_sigma semiminor_sigma orientation eccentricity min_value max_value local_background segment_flux segment_fluxerr kron_flux kron_fluxerr kron_radius gini equivalent_radius kron4_2_flux kron4_2_fluxerr radius_kron20 radius_kron50 radius_kron80 near_border
[from data line 1512]
1513 7673.188288076962 1929.8015757606668 214.96705030933475 52.96001111933526 7672 7675 1928 1931 8.0 1.040641447974492 0.683211842711981 59.401265745204185 0.7543003206589926 -0.009836514301559754 0.24875819486172684 0.0 1.0596154888508784 0.5678775 28.754420935739425 2.715439937665749 3.829609072919862 0.3807201577577108 1.5957691216057308 40.064587487918054 4.484155060354793 3.3436876465747254 5.401650302805918 6.630099102994059 False
1514 4282.0257429715275 1935.2764020299776 214.99742169193766 52.98155320818899 4277 4287 1929 1942 118.0 3.006524781620347 2.309573593195202 82.91833730414261 0.6402253969420634 -0.0674649650466971 0.9149871935311252 0.0 48.51772980302311 1.8857983 93.41661864216347 4.88563263489509 2.5958668794558375 0.3059972742256524 6.128667601500942 107.64114144139202 7.813452125377153 2.9371714458227562 5.9625783766964275 11.664741298843452 False
1515 1843.8228155165957 1955.6792740108256 215.0191035060455 52.997125903782866 1832 1856 1930 1976 798.0 8.851883127804411 3.9073466920800652 -69.19572565881629 0.8973034746994776 0.01338265938303586 5.172569487716445 0.0 818.9912949988304 4.600108 902.2586109101595 6.312958626542419 1.5052731869753626 0.47491347101318643 15.937731619482898 930.7399283126783 10.052005349326437 3.9527436314250313 7.917647137337106 14.061227109970858 False
1516 8694.160717577592 1937.808443175044 214.95781065602696 52.953576100117196 8689 8700 1931 1943 125.0 3.0709696666403676 2.5950120244674744 -72.67467504292578 0.5347443552705448 0.08749778268873548 0.9650144079444907 0.0 56.90568138693644 2.193757 78.47705632067044 3.489620801515422 1.4 0.2476475660401067 6.3078313050504 73.05625902560936 5.647159316095621 2.619190785783415 4.709572171786821 7.056692271708921 False
1517 8915.28003722873 1935.0616704743097 214.95585711483696 52.9521581235546 8912 8919 1932 1938 45.0 2.185986044135691 1.4889830227334753 -21.485731962125325 0.7321444748448105 -0.08253546659218286 0.30708396315757924 0.0 4.063295645043257 1.3144904 45.29595847597843 5.619656757368482 3.551898446361884 0.4587933594236617 3.7846987830302403 112.26298903956535 8.746995471946322 5.678604933879344 10.155980439137931 14.35944762373645 False
1518 1089.9707137210048 1936.396823570457 215.02607994161784 53.00180153285739 1086 1094 1933 1940 53.0 2.0668519918141555 1.605219325967165 27.85388123818766 0.629933119111644 -0.04278740384366206 0.5378152157019118 0.0 13.487941483158952 1.1799427 28.383854120063774 3.180502728294049 2.4923855213683472 0.2671638820017044 4.1073621666150775 32.92870958839817 5.068010114123956 2.209216622526407 4.139566151520582 7.653020970119983 False
1519 6220.1241816843885 1950.1464518061225 214.97987071407337 52.96933980739918 6201 6240 1933 1969 859.0 3.876071979361532 3.70979192667893 -14.680937053267337 0.28975488521894677 -0.1475351121433865 55.496264820912565 0.0 2231.362935780395 5.388468 2180.0395343083133 4.430691269302708 1.4 0.8059544202696635 16.5356642513047 2294.0636572909743 6.69693275047155 1.6940194699913402 3.0818647929687453 5.889742838503977 False
1520 6684.241164176725 1943.1438555193592 214.97578051616782 52.9663575972766 6675 6693 1933 1951 270.0 5.16081840130339 3.801143351459323 -37.883223818701914 0.6763952199579238 0.01386255901819738 0.8897888377305774 0.0 89.82417791112763 2.923503 235.6659061171282 9.379534951174007 2.704286465625629 0.2789172125647614 9.27058084855655 408.6217270352778 15.077924673663146 6.1597351423420355 11.358322937112852 20.520509682898258 False
1521 1293.750252398065 1935.5074940783647 215.02425822613574 53.00050467345379 1292 1295 1934 1937 13.0 1.0987848734704588 0.9160033967668518 -52.1627246235387 0.5522912029559169 0.12406928713599844 0.24932902888281247 0.0 2.276256138929178 0.61633426 12.212236382492016 2.2339203991298744 3.138547955942035 0.1355804436125015 2.0342144725641096 11.586687799529017 3.508778600571519 2.107918775822196 3.4761851228797145 5.269103566631384 False
1522 6642.07040988907 1956.5257424652937 214.97601788018108 52.966697441345225 6619 6672 1934 1978 1732.0 8.214187674823265 7.699687039144525 9.65890673073944 0.34835039227477194 -0.16184719042433862 10.028175061505026 0.0 2562.4503804248925 7.6593423 2734.966002817062 10.27862946455773 1.6031987583478142 0.5562678148059507 23.480049464818542 2946.9669205460837 15.993752534734188 5.048021668835537 9.788565827701287 15.878947446279199 False
1523 4024.172351627259 1936.8830184240494 214.99971973217137 52.983197315894024 4022 4026 1936 1938 12.0 1.2512692730528199 0.7166126360805412 -13.01136984318765 0.8197590461990603 0.1425011787299836 0.25609088934592494 0.0 2.437907814419571 0.569707 30.87816047275511 2.622693131023644 3.88159235248113 0.08298270951672276 1.9544100476116797 63.656348461765276 4.25555858598515 3.436473547077543 5.526615283123525 7.307466704414789 False
1524 1431.1528742407272 1948.3123836067145 215.02288873036503 52.999702706258056 1420 1442 1939 1958 387.0 4.624178476660615 3.9892063746863777 14.7488501444509 0.5057427438795987 0.023504042808728167 3.059367355826013 0.0 309.02517210061325 3.4199007 354.01487340358074 5.6805509305645945 1.7382819534438474 0.428450010771738 11.098915530497878 381.9870573838108 8.814318960717742 3.1008202967981346 5.746282440250517 9.763664934587382 False
1525 2720.423161674668 1941.210688304126 215.01138165958216 52.991488989618645 2718 2723 1939 1944 28.0 1.5149507368677626 1.3278401014008718 20.129662050610985 0.4814189482429975 0.04432613365458938 0.3330146781185811 0.0 6.52671740763049 0.8109412 20.80033424409864 2.7120004297445943 2.7974917613223953 0.15429673597617316 2.985410660720923 23.641818942304486 4.387946097330622 2.270972714682037 4.112056993598805 6.801742333716387 False
1526 8531.098685659792 1962.382568378325 214.9590138551903 52.95474355237596 8506 8558 1939 1988 1943.0 6.890417558491458 6.42731039647013 -48.12184902474895 0.36042115779354506 -0.06624671116513606 50.56206294781905 0.0 5674.168366666237 9.428101 5602.0706595023275 8.912257427846043 1.4 0.7213600868161284 24.86917989912625 5938.444492745188 13.54933631054991 2.952532953269987 6.040022131825694 11.303946255850965 False
1527 7648.096303711075 1947.057276218492 214.96709359251867 52.96026354714121 7642 7654 1941 1954 142.0 2.8184555218821963 2.5400568427402543 71.54598904530327 0.4333557049122124 0.08372978949119174 2.1046966993138216 0.0 97.39304306234015 2.4466789 170.36283633264696 5.543437903535184 2.4423292332970203 0.38949151774830126 6.723094811029982 200.83613740449437 8.698826852467414 2.5022149835773475 5.713267103707785 11.084927744072305 False
1528 4376.655046170136 1946.7914965320558 214.99645086288288 52.9810152543099 4374 4379 1944 1950 35.0 1.5998151330726804 1.373622867701853 79.45703824680037 0.5126235079479616 0.0677278158840581 0.6432829339719922 0.0 12.047466799437855 0.9461481 31.10165698745766 2.922136214093066 2.7123527813658623 0.2538546164261562 3.3377905890622728 34.17400108206948 4.700545033220994 2.0238316024161493 4.111723533461738 6.770297396999546 False
1529 2298.9177860072423 1951.1807055471284 215.01506264654117 52.99421580198703 2294 2304 1945 1957 108.0 2.89872059400088 2.1744749663556333 80.26491845887526 0.6612678172757744 -0.03879622224107525 0.697080671850771 0.0 34.494078527007716 1.6552012 50.00503467206768 2.593544338010647 1.4776054227078936 0.3056346777272303 5.863230142835039 46.52714934040655 4.13091639478926 2.3828401538795245 4.329252926223932 6.846881829551758 False
1530 3838.794445039133 1947.4319110592144 215.00127300203044 52.98443006071935 3836 3841 1945 1949 24.0 1.6442348985558635 1.0895249267373126 -25.412783466041894 0.7489439264756755 -0.0906886284920453 0.3381043208835071 0.0 4.266735372377179 0.85932314 27.51314775001027 3.543641931862811 3.4854462912812827 0.2546803385206807 2.763953195770684 57.91555865017329 5.590787439930122 3.070262537255211 5.359934737232728 7.910575700578492 False
1531 10237.116254912708 1951.5133100166852 214.94383543631517 52.943858404272454 10233 10242 1946 1956 83.0 2.441610815266531 1.937232151323955 -77.90912550900457 0.6086695823639047 0.10064711335259416 0.8950659112988085 0.0 37.49237620139449 1.7143837 55.80617263531269 3.619578566664192 2.002104755186765 0.3088602054972086 5.140011726956917 59.57068868950216 5.715612399210044 2.110944203622598 3.792540012482738 6.5497810331756625 False
1532 8675.757948964476 1955.2155365766846 214.95779230911887 52.95378690248039 8673 8679 1949 1962 75.0 2.991022199167226 1.6079550979055186 81.17973759986856 0.8432039298942464 0.10786109735053705 0.7955381832432679 0.0 30.65115641077421 1.6151909 77.66835415894464 5.417958200447033 2.7932990559421222 0.2402412254003084 4.886025119029199 120.65748909501706 8.739689791655655 3.0209850467769535 6.546873250684591 11.928624834944017 False
1533 1048.0324478227294 1953.521623116108 215.02627637014757 53.00216004132007 1045 1051 1951 1956 34.0 1.8159202913650425 1.3286364145613245 -33.883715579986244 0.6816696443585155 0.10611801050489499 0.3624022274456434 0.0 8.925192189206614 0.88737357 19.57633518015442 2.68247694025595 2.4820315678171885 0.1498987460372584 3.2897623212397704 28.59188456009698 4.319536614241605 2.044982079918587 3.53433834882205 6.002939698811581 False
1534 2356.091161042789 1960.143830490965 215.01445464888846 52.99390171326174 2348 2363 1955 1965 140.0 3.1529034814702284 2.2652718775821437 2.217362645263299 0.6955562073450471 -0.027520263828360383 1.0968493800838683 0.0 50.853353312481005 1.9195956 89.54823007916063 4.541363876957207 2.373619367951446 0.4002891331926585 6.6755811781245455 86.88081487932463 7.147551479379625 2.5401924218087095 5.767746773814021 10.495270675766667 False
1535 3149.39451415232 1960.0663598909368 215.00733040650124 52.9888705468357 3146 3153 1956 1964 57.0 2.0140116918107775 1.7409198621174524 69.30393869060836 0.5027978114796386 0.04717049605304696 0.734208535531439 0.0 20.989802989504945 1.3218203 60.6049526288061 4.028533028589087 2.9870384567334196 0.2782015258209571 4.259537945889915 95.4490813113483 6.457152650601189 2.70502728774337 6.862332138250802 10.681733781802695 False
1536 8599.986862302123 1960.7653826359226 214.95841322096214 52.95429768826463 8591 8609 1956 1965 135.0 3.800309706056854 2.1734879057548264 5.19204878020076 0.8203066898502909 -0.05185047852355506 0.9250938550310316 0.0 51.587391614227414 2.2877002 90.62597548887034 5.655674650201565 2.253169743473092 0.30135453383801913 6.555290583552474 115.20749559983022 9.013883965724975 2.9925384145366856 6.004736194625624 11.733875291307347 False
1537 3438.8123081364583 1959.03399248225 215.00474228673505 52.9870295109058 3437 3440 1957 1961 14.0 1.240416202109077 0.922335518555695 -59.944927989475936 0.6686587788147392 0.1958830420963162 0.3398705077815424 0.0 3.7994751882915736 0.5846425 31.847501543757037 2.630113629951188 3.495567528020078 0.09953640063766374 2.111004122822376 38.110542609630215 4.221476343523337 2.761440553169963 4.846349271326615 7.399881969408571 False
1538 3633.113928045567 1960.7289161196502 215.00297970961373 52.985806401992704 3630 3636 1957 1965 47.0 2.143623735866263 1.582044112937556 -76.00713040082078 0.6747753050700053 0.023026733649917714 0.5084322045092723 0.0 10.631276140698137 1.1747916 23.85369068871826 3.442068367982432 2.4895417938296047 0.29649595638175297 3.8678889139475245 27.221558400625856 5.439545991924681 2.477740071000965 4.10089730600403 6.566493730890069 False
1539 2470.3504149364485 1972.1303428328083 215.01330204374142 52.99324196800816 2462 2478 1959 1985 358.0 5.96175033302455 3.2257493799020707 -81.50592123142214 0.8409748475110519 0.021035468842401827 1.7841177121974796 0.0 233.64625836140823 3.2279716 286.53699709816544 5.9244343810791555 1.84729134753548 0.362780805076218 10.674967880691588 307.9689901308569 9.258999741709276 3.661388875959297 6.823237672236054 10.947981813617226 False
1540 3049.3237048337937 1959.6929968410618 215.00823303531874 52.989503152950576 3047 3051 1959 1960 8.0 1.2335346854516576 0.4612479237208013 -0.08032100504940216 0.9274594460699873 0.07778120083286345 0.2876755641453321 0.0 1.5841925104250518 0.44348612 11.011795579246506 1.8744133300864763 3.5373375652725865 0.2062425374516314 1.5957691216057308 12.96174807014473 3.055009229150524 1.9061468180464063 3.2386939876165655 5.067767291962898 False
1541 973.7388676991335 1961.0 215.02686518638882 53.00267152748489 973 974 1960 1961 4.0 0.5256192116389948 0.28867513459481287 0.0 0.8356846166167562 -0.2129787463836414 0.10516692146978608 0.0 -0.20286415212573922 0.31100637 4.568871366777997 1.0323857543821482 3.919159300215173 -0.6876322530262564 1.1283791670955126 7.823617460668073 1.6471726445257846 2.0491599062401886 2.810289402442875 3.3015671747279964 False
1542 4480.790991187974 1961.5145968999102 214.9953609220397 52.98043433384675 4480 4483 1960 1963 15.0 1.128571380313434 0.4666122804611618 77.83544790377266 0.91052503640311 -0.050856726579852116 0.08507440710936573 0.0 0.2526894963588726 0.70336276 0.8950313003102045 1.896046225230409 3.1370852645043565 0.5667546186674867 2.1850968611841584 0.43415153854494837 3.0141016126289317 1.1320160523792844 5.7118118479877396 5.846004710697375 False
1543 8792.625556426778 1961.5378436111298 214.95667790639703 52.95307945877906 8792 8794 1961 1962 5.0 0.6844588493757068 0.4733888060302025 18.44752866742215 0.7222568460525892 0.16706032156181064 0.3924675392836129 0.0 1.59273873148804 0.42548957 15.040443816765803 1.879652766498023 3.8586763661654064 0.15796612600042995 1.2615662610100802 21.94167303069187 3.051948730831438 2.013372221296103 3.5110118117505267 4.8244311641655715 False
1544 1921.3398362042976 1964.78861617179 215.018311136259 52.9966836284486 1918 1924 1962 1968 38.0 1.7836693698789268 1.4208141924710682 -40.32879152107306 0.6045487558661938 0.12742721731047796 0.5785213100497667 0.0 11.780915698522985 0.98324764 17.69892656496917 2.0448460166703115 1.769280092393005 0.2077531528968162 3.477898169151024 17.077683943574144 3.2577001363134297 1.580719720125805 2.8140006154602077 4.244133310338589 False
1545 8920.97569057211 1971.880804997747 214.95541824706626 52.95232085691843 8913 8930 1962 1982 289.0 4.508468247782229 3.559224545275624 84.13066099552263 0.6138107966231052 -0.06397365733750585 1.1075997712004377 0.0 117.56155446776422 3.3644726 250.98545390358876 9.285494035772818 2.6420945524002817 0.36220227145147266 9.591222920311857 418.6161492030178 14.842112422402728 4.47171254851604 10.416359945629546 18.876156072671833 False
1546 3282.7269385696413 1966.839377098649 215.0060616886483 52.988061588808456 3280 3285 1964 1970 36.0 1.7962786828763548 1.4259004350889548 -48.02268026484747 0.608168412639838 0.02254360942590254 0.40191422425030915 0.0 8.88396301907193 0.97359335 22.54622465540438 2.996919788636334 2.557956897231558 0.23789923232051652 3.385137501286538 30.75002905016885 4.740264384536811 2.272428523059081 3.860749509158545 5.653638051258059 False
1547 10099.406518239246 1968.3602739757873 214.94489216046637 52.944823369461766 10093 10106 1964 1972 76.0 3.7302634959731598 1.4810894495252542 -22.806224135514288 0.9177983341315664 0.030225368049461947 0.4745241677879701 0.0 20.064412413922348 1.6297567 53.137216295538764 5.112374596198128 2.570925033069265 0.20523646020358619 4.918490759365935 63.55114029790694 8.132492620171131 3.6091785373500427 6.519761506225268 10.547618854371121 False
