outputs/dr0.5_c0.1/nircam3_matched_f150w_f277w_dr0.5_c0.1.ecsv
# %ECSV 1.0
# ---
# datatype:
# - {name: label, datatype: int64}
# - {name: xcentroid, datatype: float64}
# - {name: ycentroid, datatype: float64}
# - {name: sky_centroid.ra, unit: deg, datatype: float64}
# - {name: sky_centroid.dec, unit: deg, datatype: float64}
# - {name: bbox_xmin, datatype: int64}
# - {name: bbox_xmax, datatype: int64}
# - {name: bbox_ymin, datatype: int64}
# - {name: bbox_ymax, datatype: int64}
# - {name: area, unit: pix2, datatype: float64}
# - {name: semimajor_sigma, unit: pix, datatype: float64}
# - {name: semiminor_sigma, unit: pix, datatype: float64}
# - {name: orientation, unit: deg, datatype: float64}
# - {name: eccentricity, datatype: float64}
# - {name: min_value, datatype: float64}
# - {name: max_value, datatype: float64}
# - {name: local_background, datatype: float64}
# - {name: segment_flux, datatype: float64}
# - {name: segment_fluxerr, datatype: float32}
# - {name: kron_flux, datatype: float64}
# - {name: kron_fluxerr, datatype: float64}
# - {name: kron_radius, unit: pix, datatype: float64}
# - {name: gini, datatype: float64}
# - {name: equivalent_radius, unit: pix, datatype: float64}
# - {name: kron4_2_flux, datatype: float64}
# - {name: kron4_2_fluxerr, datatype: float64}
# - {name: kron4_2_mag, datatype: float64}
# meta:
#   PHOTMJSR: 2.251199960708618
#   PIXAR_SR: 2.11539874851881e-14
#   __serialized_columns__:
#     area:
#       __class__: astropy.units.quantity.Quantity
#       unit: !astropy.units.Unit {unit: pix2}
#       value: !astropy.table.SerializedColumn {name: area}
#     eccentricity:
#       __class__: astropy.units.quantity.Quantity
#       unit: !astropy.units.Unit {unit: ''}
#       value: !astropy.table.SerializedColumn {name: eccentricity}
#     equivalent_radius:
#       __class__: astropy.units.quantity.Quantity
#       unit: !astropy.units.Unit {unit: pix}
#       value: !astropy.table.SerializedColumn {name: equivalent_radius}
#     kron_radius:
#       __class__: astropy.units.quantity.Quantity
#       unit: !astropy.units.Unit {unit: pix}
#       value: !astropy.table.SerializedColumn {name: kron_radius}
#     orientation:
#       __class__: astropy.units.quantity.Quantity
#       unit: &id001 !astropy.units.Unit {unit: deg}
#       value: !astropy.table.SerializedColumn {name: orientation}
#     semimajor_sigma:
#       __class__: astropy.units.quantity.Quantity
#       unit: !astropy.units.Unit {unit: pix}
#       value: !astropy.table.SerializedColumn {name: semimajor_sigma}
#     semiminor_sigma:
#       __class__: astropy.units.quantity.Quantity
#       unit: !astropy.units.Unit {unit: pix}
#       value: !astropy.table.SerializedColumn {name: semiminor_sigma}
#     sky_centroid:
#       __class__: astropy.coordinates.sky_coordinate.SkyCoord
#       dec: !astropy.table.SerializedColumn
#         __class__: astropy.coordinates.angles.Latitude
#         unit: *id001
#         value: !astropy.table.SerializedColumn {name: sky_centroid.dec}
#       frame: icrs
#       ra: !astropy.table.SerializedColumn
#         __class__: astropy.coordinates.angles.Longitude
#         unit: *id001
#         value: !astropy.table.SerializedColumn {name: sky_centroid.ra}
#         wrap_angle: !astropy.coordinates.Angle
#           unit: *id001
#           value: 360.0
#       representation_type: spherical
#   astropy version: '5.1'
#   kernelfile: kernel_f150w_f277w.fits
#   make_catalog parameters:
#     ab_zpt: 31.4
#     coadd_bands: !!python/tuple [f277w, f356w]
#     deblend_contrast: 0.001
#     deblend_nlevels: 32
#     deblend_npixels: 1
#     detect_kernel_fwhm: 4.0
#     detect_kernel_npix: 7
#     detect_npixels: 4
#     detect_threshold_nsigma: 3.0
#     flag_isolated_buffer: 4
#     hst_bands: !!python/tuple [f606w, f814w, f125w, f140w, f160w]
#     jwst_bands: !!python/tuple [f115w, f150w, f200w, f277w, f356w, f410m, f444w]
#     near_border_kernelsize: 21
#     reference_band: f200w
#   make_catalog version: 1.4.0
#   photutils version: 1.5.0
# schema: astropy-2.0
label xcentroid ycentroid sky_centroid.ra sky_centroid.dec bbox_xmin bbox_xmax bbox_ymin bbox_ymax area semimajor_sigma semiminor_sigma orientation eccentricity min_value max_value local_background segment_flux segment_fluxerr kron_flux kron_fluxerr kron_radius gini equivalent_radius kron4_2_flux kron4_2_fluxerr kron4_2_mag
[from data line 2787]
2788 2231.557881983213 3560.8978998850575 214.81783459394367 52.87627364078892 2228 2235 3556 3565 54.0 2.5779164757610085 1.427176395641883 58.790352913474884 0.8327719207534545 0.1388602603549977 0.5306969392973183 0.0 18.074893461531566 2.4306064 36.54879108303849 7.210898062426941 2.2989933739212978 0.17586315744162254 4.145929793656026 21.34514146849066 6492138.985785278 28.076752406228177
2789 3938.1231463358777 3561.973533252977 214.8025883436415 52.86543135741681 3932 3943 3556 3567 110.0 2.75855635762044 2.239423326241794 46.85155079464497 0.583921832625197 0.021161918674351323 0.761521857718298 0.0 37.22500491805558 2.990569 49.539279034199815 5.828897027845211 1.8883576105002677 0.3147418924252798 5.917270272703197 49.53361240557808 9.382101347474274 27.16274999618555
2790 8477.67902718575 3558.569031946331 214.76213552781545 52.83654705856254 8476 8480 3556 3560 20.0 1.3000077718839098 1.0360449711139943 -44.451286093260805 0.6040414441453985 0.2482116604872491 1.0610395096608016 0.0 13.0055239722457 1.2627915 43.927712390712 4.042310750059149 2.912693824168147 0.23335990830923609 2.5231325220201604 53.59823905193292 6.530930210057451 27.077123696597898
2791 9791.872579985275 3558.4848080929587 214.75042506249466 52.82818739292784 9790 9794 3556 3561 26.0 1.5648501599744353 1.1787298576723007 -68.57810245704043 0.6577295829130608 0.22961839246085325 0.5114899327423249 0.0 10.066746448864146 1.4970806 41.50198925034417 5.333643271933201 3.193733051563325 0.10807611059188539 2.876813695875796 50.44351871421354 8.467538164014853 27.142986566505
2792 7616.402312881284 3559.9457111626984 214.76979869139723 52.842032183998185 7613 7620 3558 3562 29.0 2.0176377888718577 1.083682756951296 -10.00628582888263 0.8435155788961795 0.24459428967560942 0.4373454154423018 0.0 9.657691703303536 1.4879737 37.123379486026224 5.317429917725124 2.962350326419694 0.09374128800120515 3.0382538898732494 36.994157926285354 8.425946312480374 27.47966713447446
2793 2921.5162719625228 3565.9110496051994 214.81162145641775 52.87191504994028 2913 2930 3561 3571 135.0 4.70078268118633 2.027911614713101 18.935569666775407 0.9021613755272448 0.16664689719158907 0.6086362563033499 0.0 50.402620942229824 3.3511076 108.93178153230983 9.70593946774956 2.440872248159557 0.1558350168456859 6.555290583552474 129.5398340789145 15.340627537937497 26.118991658869547
2794 4222.490078944354 3576.84705729226 214.79989384466452 52.86370367370312 4209 4234 3562 3590 508.0 5.828779753558768 3.4268615493081387 -56.97062087622058 0.8089184093669965 0.03047953483170525 3.66602941229159 0.0 295.08053904829205 6.326561 330.578903606485 8.833350851999233 1.6158741580052105 0.5204932285715151 12.716187407449045 351.29013157852535 14.117401839629043 25.035835125528397
2795 1641.333501483773 3563.9897217604343 214.82307288127592 52.88004171423832 1640 1643 3563 3565 8.0 0.8959099278786462 0.6769461924832567 -34.35240580926448 0.6550376241393155 0.04182643234516344 0.09245459035625528 0.0 0.5089083291497889 0.8022653 7.080930461752677 3.528149671955656 3.6085695644624067 0.16521750454046463 1.5957691216057308 12.903029820009722 5.63811158406029 28.623270747583128
2796 8328.968222646494 3566.846183077743 214.76337389061896 52.83753746131294 8324 8335 3563 3571 84.0 2.4396573121038005 1.713700685691214 -26.012692441409804 0.7117478976555053 0.02686679702875236 0.8589834832590493 0.0 25.27128514165621 2.5371027 28.099445438559243 3.477564238675744 1.4 0.3831944921031895 5.170882945826411 27.396256388837678 5.469580808085528 27.805771945207
2797 9212.837087934206 3571.406250678245 214.7554485030027 52.8319401812641 9203 9223 3565 3579 256.0 4.770046340675525 3.2088792459657296 5.525549710398269 0.7399021744415333 0.2081903621064442 1.2800821013105566 0.0 137.1529123235502 4.5608377 262.8088268871953 11.7459051406693 2.443326993426345 0.26757316093023037 9.0270333367641 304.2126775205414 18.813913714783467 25.19205672864565
2798 980.4316544602625 3567.2678909699725 214.82894145302836 52.88425973701891 980 981 3566 3568 5.0 0.7186455124290525 0.46175854498990165 71.01008745958204 0.7662520771241896 0.14256149077434763 0.22032489472650138 0.0 0.9892613957540173 0.6594228 2.9848188740078556 2.0485219792774094 2.8600972607913953 0.08766370887376551 1.2615662610100802 4.581345151304367 3.2657690432870816 29.74751746982837
2799 2827.0746189773895 3567.19055753026 214.81245113710855 52.87252226679196 2826 2828 3566 3568 8.0 0.8267463090257082 0.68120630853978 -43.09424462333573 0.5666472286344939 0.1879432331214264 0.3121762865816567 0.0 2.0933547189684285 0.8318823 13.614530108926251 3.245966993714331 3.4934579207004317 0.08681863702521714 1.5957691216057308 23.688075954934664 5.144393681561994 27.963675532668546
2800 658.9488117550264 3584.6553622477627 214.8316301855631 52.88639653880789 648 671 3567 3597 586.0 5.668624628062042 3.6421499107734565 -88.78026722692455 0.7662770184228284 0.059380217954970775 8.472756755717944 0.0 674.1747675978469 7.1437197 718.668927103777 9.196763460760906 1.5783303742655834 0.5819902935833121 13.657583728599336 771.2055442747055 14.448668977228222 24.18207464226755
2801 7079.69069214246 3568.901536492036 214.77448976806573 52.845493646298586 7079 7081 3568 3570 7.0 0.7462026851891063 0.683487053924806 78.49454575893172 0.40128413651852507 0.2771537033033485 0.4050723393040895 0.0 2.4345912752513477 0.7224414 14.011064192892098 2.878000290108869 3.3208611898616094 0.0921235342166537 1.4927053303604616 23.041391924310062 4.646238317091255 27.99372822210777
2802 8478.935737997943 3570.8300003116274 214.7619952346384 52.83660508284668 8476 8482 3568 3574 42.0 1.9972685243068649 1.4728071801101426 52.57960556723331 0.6754446386530009 0.23658262775290467 0.5950789802598573 0.0 18.149109790102475 1.7849452 58.652641042769254 6.200521854157462 2.995136868039144 0.13646948922452626 3.656366395715726 75.36491478033325 9.756545904768405 26.707076968996695
2803 nan nan nan nan 8981 8983 3568 3569 4.0 nan nan nan nan -0.1147305737548707 -0.08637250711378845 0.0 -0.38110741827399125 0.5618814 nan nan nan -0.07928199835534558 1.1283791670955126 nan nan nan
2804 8667.048614792138 3575.053034105901 214.76027414107853 52.83543135648242 8662 8671 3569 3582 111.0 3.4345916169423 2.101260303746644 84.92597086976349 0.7910176354260379 0.17733670054794848 0.8011434489426911 0.0 43.98969930079496 2.9768758 88.64398155693631 8.140512427947153 2.4180201124447622 0.21295970005224876 5.944106103225343 90.14105857059371 12.762063550689136 26.512693365255785
2805 1054.5144874983393 3573.7920967847626 214.82821098461207 52.8838240857461 1049 1061 3570 3578 72.0 3.0317597414460953 1.5262273535526294 25.164472755627735 0.864045903059957 0.11689594959083895 0.7014976494121811 0.0 26.257864314808778 2.387381 56.30568304679643 6.809620456607292 2.585045117774162 0.2184617168438255 4.787307364817192 86.5183675940193 10.970724436650412 26.55722920827647
2806 nan nan nan nan 2356 2367 3570 3579 79.0 nan nan nan nan 0.0 0.0 0.0 0.0 8888194.0 nan nan nan nan 5.014626706796775 nan nan nan
2807 3140.915590231548 3573.4197247625953 214.80958372098362 52.87056086791325 3133 3147 3570 3578 81.0 3.719047847118356 1.627416477253638 -15.540402358032095 0.8991748355740412 0.023200498718181844 0.4482741146321876 0.0 21.20007001926368 2.6819324 36.008131923643774 6.975549214018408 2.171605234957661 0.17182071759753362 5.077706251929807 32.96797733848939 11.11619314233661 27.604769242521183
2808 1376.4666840994803 3575.193924076669 214.82532050283234 52.88178549688105 1372 1380 3571 3579 59.0 2.1455538171373463 1.8481727823942529 66.89973703906674 0.5079329503935847 0.15277029878741907 0.6166441297279933 0.0 22.097488076165423 2.152533 82.52955006369778 7.336977676114594 3.0859999377239378 0.16795677215701343 4.3336224206596095 134.10861705059756 11.833119178540278 26.081358289947964
2809 7739.506912951469 3575.0595001960833 214.7685420509853 52.841330656723855 7736 7743 3571 3579 58.0 2.2739209851938655 1.7577794562180493 -60.31652566460227 0.6343853723519757 0.19400247528603096 0.5283873910804697 0.0 19.975377285152362 2.078767 77.95173927835728 7.585407067933898 3.116982440357795 0.15025726440240386 4.296739856991561 173.26438842362984 12.126016462830355 25.803226725072957
2810 298.2454330609126 3582.7303617890775 214.83487300256033 52.888678411151886 290 307 3572 3594 300.0 4.49954492812563 3.0844518672883807 84.19556686543014 0.7280697352303155 0.1548101909237115 5.121004006919178 0.0 310.1606147477824 5.130901 348.28440449486413 7.848730464659421 1.6520400043953196 0.4566486435401493 9.772050238058398 371.02992715236104 12.33130346614455 24.976477647303753
2811 6873.775139323423 3575.6583944485733 214.7762547851998 52.84683951163897 6871 6876 3572 3579 34.0 1.927050079425675 1.301081957802927 -77.8886809184541 0.737664276863747 0.22841502193237145 0.48994894414796514 0.0 12.677534089029288 1.7213078 33.55898138321832 5.220037969505005 2.6230685775742364 0.10130503824316456 3.2897623212397704 25.215931782427624 8.198176660050697 27.8958124477538
2812 2019.7018429238317 3575.2952325165315 214.81957479010578 52.87769779778747 2018 2022 3573 3577 17.0 1.4314308569946799 0.9119681049864415 -56.67158343480417 0.7707791312065201 0.11200810742039122 0.2801037151551577 0.0 3.4901576372994434 1.1367584 19.963342469324747 4.571047145780973 3.2994861057966074 0.14710839298881154 2.326213245840639 15.692856580213373 7.306962753633169 28.410744985821758
2813 7449.313843948055 3576.931843419987 214.7711095389466 52.84318628093064 7446 7454 3573 3581 66.0 2.193128998317478 1.7509606255449208 -59.03624145969191 0.6021477222617033 0.08276719067940888 0.7678318923934898 0.0 23.595961324041145 2.2388968 44.08781588212793 5.847213151649462 2.4455873937401926 0.28149346698794386 4.583497844237541 49.901825447084015 9.348866823893742 27.154708918151186
2814 3777.029033384785 3578.7361983486476 214.80384962084162 52.86654578177976 3775 3779 3576 3582 25.0 1.5021756089861653 1.0892470432286194 -72.5417099797959 0.6886299119988827 0.45507197774416136 1.579018217168363 0.0 23.77261381709481 1.4415587 58.05543241003156 4.4338350984255 2.73126348157352 0.19811204239297248 2.8209479177387813 62.91251452560344 7.059595816298307 26.90315739080596
2815 2778.553149742458 3584.487527959218 214.81270217778763 52.872923903474216 2772 2785 3577 3593 184.0 3.0668051916242782 2.184597744881223 -60.47429125120352 0.7018379393626627 -0.017839871793303978 2.5915325832578486 0.0 87.88813600921607 3.9201 90.83797341881692 4.572258163622611 1.4 0.5602203365009016 7.653039857325812 88.82133326260535 7.178508017854212 26.52870678021821
2816 9593.95836486544 3578.8116904820263 214.75197446833067 52.829555771757214 9593 9595 3578 3580 6.0 0.9427664420593892 0.4730514981711704 36.76392572085891 0.8650013373402876 0.28225821062880313 0.3312553475899511 0.0 1.8722579093391678 0.7482583 20.024310969281842 3.257968236931819 3.648541101411864 0.038602466878301364 1.381976597885342 28.7900969454083 5.0453810681599665 27.7518921817797
2817 6918.31627322818 3582.3554033116343 214.7757870841003 52.84659233123484 6916 6921 3579 3585 34.0 1.7372912497350652 1.3473035421929984 -57.26701104605158 0.6313234009037314 0.17242998110549648 0.5027802744275707 0.0 11.01085038842627 1.6243199 58.68998133756996 6.23731908697185 3.327123769101678 0.17063147520582786 3.2897623212397704 78.29237924126261 10.041469287804738 26.665701272203112
2818 1856.0600207097266 3581.2814926179085 214.8209731053583 52.87877015475819 1855 1857 3580 3582 7.0 0.7340843755475048 0.6845295825436648 13.621936728633411 0.36118438558048493 0.2398765107324369 0.3588624243894459 0.0 2.1092281809222246 0.73751724 9.474764738847966 2.69808071078367 3.2290006964816063 0.08264463835635363 1.4927053303604616 8.40893614559367 4.31760587043843 29.088147363455143
2819 8742.927602736449 3583.126615456559 214.7595128621245 52.834992201707855 8741 8745 3581 3586 23.0 1.3099387530649953 1.197751266876582 -60.45035948500066 0.4049096654073738 0.12496576662648057 0.4258708469213035 0.0 6.810172510356673 1.501364 15.233221307730963 4.0592560725787115 2.5347405692183327 0.1620072518734305 2.7057581899030048 17.765715598652974 6.530999151090351 28.27604323636865
2820 9597.203991369635 3587.7146896136232 214.75185181609473 52.829583055041006 9594 9600 3585 3590 34.0 1.6647093606434402 1.484035982435932 4.848623320171885 0.453082647991071 0.12612144191377617 0.31518169725598366 0.0 7.686664951283998 1.6539366 68.96657509945297 7.234766524617074 3.609422699764993 0.12804440690839405 3.2897623212397704 100.44878386804331 11.322123446967828 26.395138292202102
2821 2494.5275052463357 3589.9927639408343 214.81518009625063 52.87475894976244 2491 2498 3586 3593 48.0 2.0449309997136895 1.601008083184522 59.39053694110454 0.622128114628513 0.11725185551859722 0.5047105509077116 0.0 16.125576021400974 1.986715 34.18612149788348 4.73306898328495 2.1080173700196254 0.1806148788455819 3.9088200952233594 21.478406439642015 7.528981923003071 28.069994859123845
2822 6912.354934337971 3587.4833772227857 214.77578624805318 52.8466578579321 6911 6914 3586 3589 14.0 1.1597527892325599 0.8695698576994186 -43.62159856623354 0.6616770281618599 0.22284083551935074 0.39187902246497386 0.0 4.334198753621555 1.193884 28.98843072984524 4.245322120411567 3.4039256597821326 0.10749747274337969 2.111004122822376 51.93318905985484 6.722967383351252 27.111387519693153
2823 2620.1123873201295 3590.839266098573 214.8140498830256 52.87396525090505 2616 2624 3588 3594 47.0 1.9941377769362163 1.5207309972705576 4.586807727240386 0.6468694388191818 0.17496083616584962 0.5859692435806962 0.0 16.39231204324118 1.9379764 27.369348081429266 4.269656294495398 1.9418030650151585 0.2046571132402021 3.8678889139475245 23.768792690714783 6.797603606301581 27.959982193037206
2824 7770.569619854919 3605.7794566035564 214.76794167350351 52.84129852717894 7748 7793 3588 3622 990.0 9.825004889430511 6.1596225276002325 29.053793093128785 0.7790729517720186 0.28710558891461574 2.094166290106657 0.0 736.4555577185372 9.033179 1722.8389851904599 26.01029334359943 2.719697922783457 0.2730084328120892 17.751810818109593 1757.2487251961213 41.34863054205542 23.2879169076802
2825 8725.411954320105 3597.431194994266 214.75951836195816 52.83518062714607 8717 8734 3590 3606 222.0 3.0149590987162647 2.8103130047937173 -13.167105771052778 0.3621415976617612 0.07662706812479293 4.515300615294131 0.0 192.53334851031767 4.6154375 218.18438628717263 7.027827137280257 1.757265263367008 0.5261954876398642 8.406235467365967 244.28729103913977 10.81728629031126 25.430247816143392
2826 591.8360540721578 3592.2564173186 214.8321496928527 52.88686401703762 591 593 3591 3593 7.0 0.8854612600877144 0.5896070535465593 54.11790943011939 0.7460627833757338 0.09734632552420026 0.17302294585211214 0.0 0.9558425459579292 0.727764 2.4988183049960964 2.016267622288952 2.3296528408279427 0.13967441717119683 1.4927053303604616 1.5197658971550774 3.3041200658804004 30.945558262710225
2827 7922.366836961703 3596.1853281086132 214.76668945161938 52.840281450935876 7919 7927 3592 3600 65.0 2.3025348991427905 1.9298458889908856 -45.46014850302285 0.5454556428278982 0.18246708915490492 0.6204026198690976 0.0 26.728004135406454 2.2356887 59.14513504799816 6.464206843342644 2.502105196421365 0.16291436095388626 4.54864184146723 65.85962123655789 10.225593044989354 26.853451928189713
