outputs/dr0.5_c0.1/nircam6_matched_f150w_f277w_dr0.5_c0.1.ecsv
# %ECSV 1.0
# ---
# datatype:
# - {name: label, datatype: int64}
# - {name: xcentroid, datatype: float64}
# - {name: ycentroid, datatype: float64}
# - {name: sky_centroid.ra, unit: deg, datatype: float64}
# - {name: sky_centroid.dec, unit: deg, datatype: float64}
# - {name: bbox_xmin, datatype: int64}
# - {name: bbox_xmax, datatype: int64}
# - {name: bbox_ymin, datatype: int64}
# - {name: bbox_ymax, datatype: int64}
# - {name: area, unit: pix2, datatype: float64}
# - {name: semimajor_sigma, unit: pix, datatype: float64}
# - {name: semiminor_sigma, unit: pix, datatype: float64}
# - {name: orientation, unit: deg, datatype: float64}
# - {name: eccentricity, datatype: float64}
# - {name: min_value, datatype: float64}
# - {name: max_value, datatype: float64}
# - {name: local_background, datatype: float64}
# - {name: segment_flux, datatype: float64}
# - {name: segment_fluxerr, datatype: float32}
# - {name: kron_flux, datatype: float64}
# - {name: kron_fluxerr, datatype: float64}
# - {name: kron_radius, unit: pix, datatype: float64}
# - {name: gini, datatype: float64}
# - {name: equivalent_radius, unit: pix, datatype: float64}
# - {name: kron4_2_flux, datatype: float64}
# - {name: kron4_2_fluxerr, datatype: float64}
# - {name: kron4_2_mag, datatype: float64}
# meta:
#   PHOTMJSR: 2.251199960708618
#   PIXAR_SR: 2.11539874851881e-14
#   __serialized_columns__:
#     area:
#       __class__: astropy.units.quantity.Quantity
#       unit: !astropy.units.Unit {unit: pix2}
#       value: !astropy.table.SerializedColumn {name: area}
#     eccentricity:
#       __class__: astropy.units.quantity.Quantity
#       unit: !astropy.units.Unit {unit: ''}
#       value: !astropy.table.SerializedColumn {name: eccentricity}
#     equivalent_radius:
#       __class__: astropy.units.quantity.Quantity
#       unit: !astropy.units.Unit {unit: pix}
#       value: !astropy.table.SerializedColumn {name: equivalent_radius}
#     kron_radius:
#       __class__: astropy.units.quantity.Quantity
#       unit: !astropy.units.Unit {unit: pix}
#       value: !astropy.table.SerializedColumn {name: kron_radius}
#     orientation:
#       __class__: astropy.units.quantity.Quantity
#       unit: &id001 !astropy.units.Unit {unit: deg}
#       value: !astropy.table.SerializedColumn {name: orientation}
#     semimajor_sigma:
#       __class__: astropy.units.quantity.Quantity
#       unit: !astropy.units.Unit {unit: pix}
#       value: !astropy.table.SerializedColumn {name: semimajor_sigma}
#     semiminor_sigma:
#       __class__: astropy.units.quantity.Quantity
#       unit: !astropy.units.Unit {unit: pix}
#       value: !astropy.table.SerializedColumn {name: semiminor_sigma}
#     sky_centroid:
#       __class__: astropy.coordinates.sky_coordinate.SkyCoord
#       dec: !astropy.table.SerializedColumn
#         __class__: astropy.coordinates.angles.Latitude
#         unit: *id001
#         value: !astropy.table.SerializedColumn {name: sky_centroid.dec}
#       frame: icrs
#       ra: !astropy.table.SerializedColumn
#         __class__: astropy.coordinates.angles.Longitude
#         unit: *id001
#         value: !astropy.table.SerializedColumn {name: sky_centroid.ra}
#         wrap_angle: !astropy.coordinates.Angle
#           unit: *id001
#           value: 360.0
#       representation_type: spherical
#   astropy version: '5.1'
#   kernelfile: kernel_f150w_f277w.fits
#   make_catalog parameters:
#     ab_zpt: 31.4
#     coadd_bands: !!python/tuple [f277w, f356w]
#     deblend_contrast: 0.001
#     deblend_nlevels: 32
#     deblend_npixels: 1
#     detect_kernel_fwhm: 4.0
#     detect_kernel_npix: 7
#     detect_npixels: 4
#     detect_threshold_nsigma: 3.0
#     flag_isolated_buffer: 4
#     hst_bands: !!python/tuple [f606w, f814w, f125w, f140w, f160w]
#     jwst_bands: !!python/tuple [f115w, f150w, f200w, f277w, f356w, f410m, f444w]
#     near_border_kernelsize: 21
#     reference_band: f200w
#   make_catalog version: 1.4.0
#   photutils version: 1.5.0
# schema: astropy-2.0
label xcentroid ycentroid sky_centroid.ra sky_centroid.dec bbox_xmin bbox_xmax bbox_ymin bbox_ymax area semimajor_sigma semiminor_sigma orientation eccentricity min_value max_value local_background segment_flux segment_fluxerr kron_flux kron_fluxerr kron_radius gini equivalent_radius kron4_2_flux kron4_2_fluxerr kron4_2_mag
[from data line 2949]
2950 3087.54406969868 3537.075270492565 214.862673386586 52.85229104180256 3087 3088 3536 3538 6.0 0.8068316215000834 0.4947926207038641 -84.87727672680515 0.7898858659519042 0.1293860103134829 0.2148580937061868 0.0 1.1289995914696809 0.7039192 11.857661278412884 3.096239747506399 3.730828629796877 0.09392496163848806 1.381976597885342 19.769348216243813 4.975581118141852 28.160019122208347
2951 1117.6068220712598 3541.029370004841 214.8802305691152 52.864825572730744 1113 1119 3537 3543 41.0 1.9368329444071757 1.5229432258605065 -81.99788682996835 0.6178373471137659 -0.09213879363189745 0.06767382405730456 0.0 -0.2321474356130485 1.757318 1.6256936127496693 2.933342852669978 1.4 -0.7128122173611153 3.6125759969217834 0.33576296720798204 4.777143731961993 32.58491801456975
2952 1607.945286584919 3544.6582058959584 214.8758109187065 52.86173072111642 1600 1616 3538 3552 190.0 3.8456369783839963 3.3966347235227214 -29.080945322976508 0.4689141980415818 0.2802969690421866 0.9112687158235123 0.0 109.82959809113603 4.1652904 195.29943001105275 10.844043998177485 2.239339464992938 0.1545516195942124 7.776816725043752 214.19446356964755 16.88960145117685 25.572979397161735
2953 3145.1021649539025 3540.7235791952335 214.86212095342287 52.85194506502141 3144 3146 3539 3542 8.0 1.1112482346917887 0.5187444779667855 -54.712761249180126 0.8843563559299182 0.19135091669674387 0.26022401224913394 0.0 1.7152991200154777 0.80810744 9.387849457613086 3.3400622830502757 3.440115567566657 0.05792400768349743 1.5957691216057308 6.517448054169254 5.3595095299590065 29.36480605397697
2954 8622.859420350867 3542.7186600253135 214.81321756212785 52.81714675865415 8618 8628 3539 3546 68.0 2.3757703587700045 1.582924652661506 -28.464443140413632 0.7457030194061866 0.0026199680934794346 0.6008325184642767 0.0 15.989291466156638 2.2063863 20.129346415781654 3.2403855236635963 1.4 0.3250657452103226 4.652426491681278 18.97765903652135 5.167637514140649 28.20439340103411
2955 181.47756644587037 3566.9000270624024 214.88832500608078 52.870910615006665 169 196 3541 3589 988.0 7.872528201027388 4.095992288404225 73.58777680472546 0.8539900648687286 0.0659822363769248 11.417926638531556 0.0 1542.6744459141273 9.684851 1591.8108306495958 10.894766783024146 1.4292111050310419 0.5942526782907425 17.733870630789692 1664.0823375591474 16.753597398607713 23.34706297236246
2956 nan nan nan nan 2377 2381 3542 3548 25.0 nan nan nan nan 0.0 0.0 0.0 0.0 5000000.0 nan nan nan nan 2.8209479177387813 nan nan nan
2957 7199.9548123756385 3545.0858931133375 214.82588284710272 52.82620346685088 7197 7203 3543 3547 27.0 1.491581826658616 1.1725388258141323 -22.237429488954202 0.6180939206891178 0.07043838145334547 0.49132073565988305 0.0 8.01713423753235 1.4604237 13.863935449288004 2.9450505084821823 1.7995805715088453 0.21139656982697114 2.9316150714175193 11.870022815387728 4.726023213614019 28.71387111571641
2958 7280.956180811493 3549.26916543391 214.8251162934813 52.82571120773073 7269 7292 3543 3556 190.0 6.301048567388692 2.0032128254058024 22.615564357492612 0.9481184220112227 0.15200398130308074 0.9077044981537216 0.0 82.51434120174044 4.0571814 159.8360074410145 10.834707293337866 2.416315156801062 0.22183986606958084 7.776816725043752 188.35985276574775 17.28555593993022 25.712529144254646
2959 827.090602645315 3546.0915474456183 214.88277354566816 52.86669804582457 826 828 3545 3547 6.0 0.7705414885270102 0.5811156631798934 38.71476512788369 0.6566846123290275 0.22183007656314163 0.34227451742264803 0.0 1.664827499361558 0.7236145 17.23199876871519 3.3119495657438587 3.6389909952990975 0.10497345260012116 1.381976597885342 24.693077047865845 5.187997465540299 27.91856197123709
2960 9985.86110756005 3554.6345592253538 214.8009412549191 52.80854648388098 9978 9994 3546 3562 221.0 3.869734274181567 3.0167743288524216 41.19640859534825 0.6263004472314067 0.12462184279586692 1.7694497283709947 0.0 122.57084585209434 4.2080827 167.0153249243454 8.437633345592493 1.9802066065043873 0.34498233229698183 8.387281135541944 185.89509560258284 13.605926761203511 25.72683016974497
2961 1245.8873764571529 3604.403689450293 214.87841748873515 52.864352686450864 1197 1295 3548 3660 7494.0 15.482288216301958 8.02113372090876 -56.82351310499585 0.8553294332485302 0.04229914989857452 172.66105278327126 0.0 38537.33033203992 32.149567 37642.039013345086 28.24038027902135 1.4 0.8055810498722 48.84070317943147 38965.88336936764 37.89832661302162 19.923288684286803
2962 9577.50829934671 3561.112406426357 214.80451302856815 52.81117738201159 9560 9593 3548 3576 642.0 5.323686767692521 3.7293218867943727 24.91347521225564 0.7136377787977665 0.09231509062317175 17.777108471886176 0.0 950.0050380252028 7.640342 989.9146845883902 8.90736467014177 1.531848391557465 0.6204490727949789 14.295277084757526 1072.3771958005368 13.820079016201062 23.824131074757425
2963 6607.845886013054 3557.5405064441916 214.83103412618755 52.8300336358259 6599 6617 3551 3565 177.0 4.947143702209172 2.136886898970575 -34.44563893322216 0.9019006345585154 0.09562706001746991 0.8335468035424279 0.0 65.85608515221116 3.8623605 131.01324786420298 10.358869799563587 2.522544211285953 0.2717077033366739 7.506054213402069 166.13007742630754 16.452695874129486 25.848879331307675
2964 7740.734392542398 3552.60601826336 214.82098018205576 52.8228069729072 7739 7742 3551 3554 14.0 1.001205199988297 0.9656234855932883 -67.20258066909435 0.26422481652420515 0.30371104647007274 0.6197755911105562 0.0 6.294780720088419 1.0534716 15.213510911191179 3.152449294098768 2.62088702098574 0.1364909158103159 2.111004122822376 16.473752916153188 5.037550033832547 28.358018630322373
2965 6514.822377671696 3553.7479289436974 214.8319039766693 52.8306043642338 6513 6517 3552 3556 16.0 1.1515591159186387 1.0206525998521776 83.34867184711227 0.4630687466011747 0.1985571989359859 0.41962501237641 0.0 5.356885177936231 1.1365664 21.81034926629701 4.235415516568139 3.076054644875808 0.10843896669566598 2.256758334191025 32.741033147903416 6.8374029509496035 27.61226905121107
2966 7853.985169476614 3569.732840199119 214.81978998066285 52.82217946568851 7834 7871 3552 3587 1010.0 5.658643781133864 4.562680847428709 -60.46142597219237 0.5914787801781822 0.07629974835865715 20.67226215172321 0.0 1761.4930917173574 9.775333 1764.1929910051447 9.895647219156501 1.4297602163450087 0.6859240717963186 17.93022545997759 1890.4780421070332 15.126079826181345 23.208570906500942
2967 6428.548781838907 3553.8682488800778 214.83267246643 52.831153283507795 6427 6430 3553 3555 11.0 1.084548226436377 0.743318858673977 14.203687809742984 0.7281932325059173 0.2229318053496518 0.31944948568574305 0.0 3.0263236291955353 1.2694169 15.983855618055262 4.312331236552223 3.293640790051207 0.07071201204690623 1.8712051592547776 21.194765308086296 6.7715469916581945 28.0844284701465
2968 6729.344508965779 3553.844625134164 214.82998902178025 52.82924157081398 6728 6730 3553 3555 7.0 0.8982445114056804 0.6087511547311284 60.524553088132215 0.7353273684545605 0.1284022514181259 0.17200785407175026 0.0 1.0609881977091156 0.8023772 14.940785213129171 3.625526766222848 3.7889270861458124 0.07625219236656713 1.4927053303604616 25.95298116693707 5.7754026100129 27.864531871033268
2969 9245.091318078794 3557.407725336049 214.80751535202268 52.81327059227287 9242 9248 3553 3561 51.0 1.935129084233954 1.5708509859961355 -89.69253232556711 0.5839979351266966 0.14837309717667885 0.8983081842997713 0.0 22.493349932708533 1.9853532 47.39231299731077 5.614076382747822 2.616901972737763 0.26223782750877644 4.029119531035698 67.0186829335353 9.018893063292207 26.834510278178097
2970 2437.7665785438617 3562.449812840245 214.8682102194758 52.856555632452746 2430 2447 3554 3571 242.0 4.294330142310946 3.1386573029340012 51.48252976012246 0.6825016781603377 0.1863907889247857 1.9405703043161004 0.0 168.85155474131437 4.813341 222.66246581572506 8.861508605246211 1.7692485466933627 0.3192826614467554 8.77673016883152 223.06846389153532 15.69204617484909 25.528904558445134
2971 7411.68600588143 3557.0132287945685 214.82386873270173 52.82492207977478 7408 7416 3554 3560 50.0 2.065962794662931 1.5396484422218928 -23.351492772383803 0.6667907396405621 0.23133439120469454 1.1005792806873627 0.0 32.19266390652751 2.2958806 48.82952044529753 4.5230497694248735 1.8568796953557325 0.20610770194675615 3.989422804014327 52.9130302537026 7.011337564203423 27.09109341582693
2972 1139.9780914916141 3559.335563601349 214.87983805715072 52.864782240865395 1137 1144 3555 3563 55.0 2.1125163524901054 1.6298549573862888 -74.33039161049923 0.6362014286903941 0.2221318241040968 1.076540116659078 0.0 31.85475975027074 2.1472864 58.994298472443035 5.6243161616803015 2.397585469858569 0.2256924302690283 4.1841419359420025 74.87306430322039 8.920643333110602 26.71418598073185
2973 8356.01212294334 3561.2965825996043 214.81540164046964 52.81894305479325 8349 8363 3555 3567 143.0 3.0263872785865273 2.3121858089910927 -19.104359771980114 0.6452060980800453 0.17615051915543864 2.3247479173652015 0.0 106.19052814324888 3.4453003 130.9511691720229 5.708266510521362 1.7525051603553918 0.39167353930337667 6.746726148605861 137.1123817201947 8.812603120122896 26.057308312881162
2974 3311.9149252581806 3569.6774705178104 214.86032659910362 52.851041480144104 3302 3323 3556 3582 476.0 4.978681852824345 3.7652685804935 -81.42336023060969 0.6542501623604943 0.08362918948706319 5.350325067342608 0.0 441.82785928510685 6.6103263 501.9052690767378 9.94917442490801 1.7321572652053674 0.5162556318619967 12.309163489997376 542.645141855045 15.718139491884886 24.56371020187341
2975 3832.782238177421 3564.0527220925164 214.85573451739455 52.84770202959516 3826 3840 3556 3572 196.0 3.481451994401142 2.617377050959622 -66.74897501384834 0.6593841820891639 0.13805633184991883 2.9195777575298782 0.0 161.95764220659507 4.2579145 208.79697257709216 7.757319903520771 1.9645515345724247 0.4241034576888394 7.898654169668588 231.85207221069953 12.203423983942944 25.486972545456126
2976 1806.8860405593448 3560.6635188643613 214.87386505588208 52.86055342159634 1802 1811 3558 3564 55.0 2.1186485085170843 1.516012163139426 -9.362029575774711 0.6985551271775918 0.30129563499054957 1.8256759880180085 0.0 48.7997318458301 2.180974 73.9677732039068 4.784783405947157 2.1131829358797716 0.2805372971059525 4.1841419359420025 80.04924936429549 7.475850796768615 26.641606840450798
2977 8094.811632463496 3568.034773399139 214.81766007083735 52.82063961164156 8089 8103 3562 3575 156.0 2.78416959828791 2.4085745579067437 75.94811227424277 0.5016059742371556 0.008879974291168217 1.1912772066422532 0.0 47.896051007257526 7745967.0 76.63758306356443 16204596.233306224 2.2963453109178364 0.494351094213162 7.046725639945928 90.02717800368944 27439015.914746772 26.514065907645318
2978 7434.896434400514 3564.963865112911 214.82357807447812 52.824817414419776 7432 7437 3564 3566 15.0 1.6886295540992744 0.6795778865976444 -12.598778320802015 0.915444852309469 0.10603039165416851 0.26328731906999797 0.0 2.629454825398583 1.1038326 10.591738417599815 3.9317427239433322 2.9154440596848334 0.16294516755327995 2.1850968611841584 10.961074670099038 6.283735747694154 28.80036715924286
2979 7573.298023427 3568.6078070412864 214.82230526566335 52.82395741203512 7568 7579 3565 3573 81.0 2.6348174423000654 2.043865866378935 -3.254676703843181 0.631084106133889 0.2862396385499294 1.047810711213596 0.0 48.829889482337826 2.5627203 103.08223366699148 7.019506329245487 2.432558421098719 0.18102221518893538 5.077706251929807 95.59435911208818 11.240683228615472 26.448919335177205
2980 9910.406640981522 3569.7480485537108 214.80145484415502 52.80910760310916 9906 9916 3565 3575 92.0 2.149384193107481 1.9217916526132628 -69.38114433419146 0.4478420733337518 0.11823327797627499 2.732806357259381 0.0 70.40579860252649 2.880564 83.84004798007251 4.485250054629112 1.732742579665742 0.44368217502297647 5.4115163798060095 89.91018080399806 7.0816066173658445 26.51547782248394
2981 9066.54750816117 3571.006872863938 214.80896408625097 52.814478842125716 9061 9073 3566 3576 123.0 2.6161152836771513 2.413352959290635 -17.02487795346422 0.38600931740507743 0.1883794660135942 2.3415999145998123 0.0 103.41296448286967 3.1756744 129.09246674161614 5.8180543725036715 1.8790964101606458 0.3622956886269277 6.257165172872317 143.92391486375612 9.258232667437891 26.00466759072444
2982 9174.000341456409 3575.0683045978194 214.80796339157268 52.813817669904765 9162 9187 3567 3585 352.0 5.812590639607815 4.030114637896326 2.431972670116019 0.7206084461030455 0.3455712949316414 1.3224192310702116 0.0 271.2449519321388 5.386319 516.2906790685536 13.993530191444547 2.350651319151196 0.1835537488461392 10.585134856802455 560.3097067740562 22.2994783348472 24.5289296344348
2983 2124.756117165619 3574.2947989666254 214.87088178892256 52.85860783541926 2119 2131 3568 3580 107.0 3.4850190071407185 1.832896919704597 -53.32544058683961 0.8505241531089978 0.12009039154317147 0.9983045973275889 0.0 45.22129680372516 2.996087 71.48466132180614 6.9874701937478125 2.172334768255207 0.26863762613922415 5.836022431559495 78.26030103287167 10.986464951311659 26.666146214731853
2984 3885.1980515212513 3571.8846212398134 214.85518410292445 52.84741125140779 3882 3888 3568 3575 45.0 1.8665897155928075 1.652031253045869 80.83782096162079 0.4654898319976666 0.15562322144299426 0.5969410971330906 0.0 17.41674618400685 2.0565681 28.35470126951087 3.5668896182302636 1.5511951239061952 0.15645615624069548 3.7846987830302403 25.589812978443618 5.554584741342072 27.879832220288556
2985 7885.997840651212 3570.2216225652123 214.81949933132907 52.821978628350266 7885 7887 3569 3571 6.0 0.7878496178040904 0.5584680983314855 35.84287264473608 0.7053581103492451 0.095379508742584 0.22368464908218455 0.0 0.865349693538723 0.6934179 19.59028669210189 3.4464351873382513 4.122473537951097 0.1972340565431008 1.381976597885342 29.479354454458363 5.430292436494273 27.72620507746803
2986 7514.395134872338 3574.653704958168 214.82276705532112 52.82436436986783 7511 7517 3571 3578 42.0 1.7697527761332164 1.3958310481009024 -78.9036765358875 0.6147586635867102 0.1672076758186244 1.031096175742532 0.0 21.65367281507872 1.8407648 31.025991540838632 3.7235535755393654 1.8910996796354007 0.26946354084740953 3.656366395715726 31.328068103538634 5.938029277015827 27.660165964426902
2987 6436.556653572581 3582.711152497612 214.83229762866543 52.83125787329112 6432 6441 3576 3590 119.0 3.716782606469112 2.1528680765757446 68.50390234336825 0.8151649075999299 0.03341361669355044 0.44589968862530177 0.0 31.296450881293534 3.2583709 101.60979368613518 11.200586967759213 2.968686602961413 0.20137380916858863 6.154581744998688 150.08509478072924 18.081191429444836 25.959156090442878
2988 723.0004650783296 3587.6946485122144 214.88326610338135 52.867583594687844 714 732 3577 3596 269.0 4.4731411178386855 2.663404031730415 50.33257526958889 0.8034135509230388 0.13607826886252275 3.6873866767915247 0.0 214.32786454375207 5.195086 253.50083271095832 8.306104188308808 1.767065693572118 0.46083842414133275 9.25339718068125 279.0312553930556 13.153364734540087 25.285867867403244
2989 7657.91817931718 3578.976629658845 214.82144145510517 52.823475467135715 7656 7660 3578 3580 12.0 1.2968278855089999 0.6617044689417118 -19.136249328680787 0.860027022585536 0.23109762213742602 0.37567600321365713 0.0 3.421110726131244 1.0434926 23.694720361899613 3.9967751775533262 3.4587627199348487 0.09966314685607618 1.9544100476116797 47.638564167341954 6.47828798237244 27.205103341713574
