outputs/dr0.5_c0.1/nircam1_f125w_dr0.5_c0.1.ecsv
# %ECSV 1.0
# ---
# datatype:
# - {name: label, datatype: int64}
# - {name: xcentroid, datatype: float64}
# - {name: ycentroid, datatype: float64}
# - {name: sky_centroid.ra, unit: deg, datatype: float64}
# - {name: sky_centroid.dec, unit: deg, datatype: float64}
# - {name: bbox_xmin, datatype: int64}
# - {name: bbox_xmax, datatype: int64}
# - {name: bbox_ymin, datatype: int64}
# - {name: bbox_ymax, datatype: int64}
# - {name: area, unit: pix2, datatype: float64}
# - {name: semimajor_sigma, unit: pix, datatype: float64}
# - {name: semiminor_sigma, unit: pix, datatype: float64}
# - {name: orientation, unit: deg, datatype: float64}
# - {name: eccentricity, datatype: float64}
# - {name: min_value, datatype: float64}
# - {name: max_value, datatype: float64}
# - {name: local_background, datatype: float64}
# - {name: segment_flux, datatype: float64}
# - {name: segment_fluxerr, datatype: float32}
# - {name: kron_flux, datatype: float64}
# - {name: kron_fluxerr, datatype: float64}
# - {name: kron_radius, unit: pix, datatype: float64}
# - {name: gini, datatype: float64}
# - {name: equivalent_radius, unit: pix, datatype: float64}
# - {name: kron4_2_flux, datatype: float64}
# - {name: kron4_2_fluxerr, datatype: float64}
# - {name: radius_kron20, unit: pix, datatype: float64}
# - {name: radius_kron50, unit: pix, datatype: float64}
# - {name: radius_kron80, unit: pix, datatype: float64}
# - {name: near_border, datatype: bool}
# meta:
#   PHOTMJSR: 0.3925000131130219
#   PIXAR_SR: 2.11539874851881e-14
#   __serialized_columns__:
#     area:
#       __class__: astropy.units.quantity.Quantity
#       unit: !astropy.units.Unit {unit: pix2}
#       value: !astropy.table.SerializedColumn {name: area}
#     eccentricity:
#       __class__: astropy.units.quantity.Quantity
#       unit: !astropy.units.Unit {unit: ''}
#       value: !astropy.table.SerializedColumn {name: eccentricity}
#     equivalent_radius:
#       __class__: astropy.units.quantity.Quantity
#       unit: !astropy.units.Unit {unit: pix}
#       value: !astropy.table.SerializedColumn {name: equivalent_radius}
#     kron_radius:
#       __class__: astropy.units.quantity.Quantity
#       unit: &id001 !astropy.units.Unit {unit: pix}
#       value: !astropy.table.SerializedColumn {name: kron_radius}
#     orientation:
#       __class__: astropy.units.quantity.Quantity
#       unit: &id002 !astropy.units.Unit {unit: deg}
#       value: !astropy.table.SerializedColumn {name: orientation}
#     radius_kron20:
#       __class__: astropy.units.quantity.Quantity
#       unit: *id001
#       value: !astropy.table.SerializedColumn {name: radius_kron20}
#     radius_kron50:
#       __class__: astropy.units.quantity.Quantity
#       unit: *id001
#       value: !astropy.table.SerializedColumn {name: radius_kron50}
#     radius_kron80:
#       __class__: astropy.units.quantity.Quantity
#       unit: *id001
#       value: !astropy.table.SerializedColumn {name: radius_kron80}
#     semimajor_sigma:
#       __class__: astropy.units.quantity.Quantity
#       unit: !astropy.units.Unit {unit: pix}
#       value: !astropy.table.SerializedColumn {name: semimajor_sigma}
#     semiminor_sigma:
#       __class__: astropy.units.quantity.Quantity
#       unit: !astropy.units.Unit {unit: pix}
#       value: !astropy.table.SerializedColumn {name: semiminor_sigma}
#     sky_centroid:
#       __class__: astropy.coordinates.sky_coordinate.SkyCoord
#       dec: !astropy.table.SerializedColumn
#         __class__: astropy.coordinates.angles.Latitude
#         unit: *id002
#         value: !astropy.table.SerializedColumn {name: sky_centroid.dec}
#       frame: icrs
#       ra: !astropy.table.SerializedColumn
#         __class__: astropy.coordinates.angles.Longitude
#         unit: *id002
#         value: !astropy.table.SerializedColumn {name: sky_centroid.ra}
#         wrap_angle: !astropy.coordinates.Angle
#           unit: *id002
#           value: 360.0
#       representation_type: spherical
#   astropy version: '5.1'
#   make_catalog parameters:
#     ab_zpt: 31.4
#     coadd_bands: !!python/tuple [f277w, f356w]
#     deblend_contrast: 0.001
#     deblend_nlevels: 32
#     deblend_npixels: 1
#     detect_kernel_fwhm: 4.0
#     detect_kernel_npix: 7
#     detect_npixels: 4
#     detect_threshold_nsigma: 3.0
#     flag_isolated_buffer: 4
#     hst_bands: !!python/tuple [f606w, f814w, f125w, f140w, f160w]
#     jwst_bands: !!python/tuple [f115w, f150w, f200w, f277w, f356w, f410m, f444w]
#     near_border_kernelsize: 21
#     reference_band: f200w
#   make_catalog version: 1.4.0
#   photutils version: 1.5.0
# schema: astropy-2.0
label xcentroid ycentroid sky_centroid.ra sky_centroid.dec bbox_xmin bbox_xmax bbox_ymin bbox_ymax area semimajor_sigma semiminor_sigma orientation eccentricity min_value max_value local_background segment_flux segment_fluxerr kron_flux kron_fluxerr kron_radius gini equivalent_radius kron4_2_flux kron4_2_fluxerr radius_kron20 radius_kron50 radius_kron80 near_border
[from data line 1730]
1731 9612.68702162257 2181.1965267069213 214.94701281090232 52.949061748842425 9605 9621 2174 2188 181.0 3.5004057427646185 3.0063977908068398 -30.16477469800561 0.5121915733542193 -0.03702677597558949 0.8121771638170655 0.0 70.1723994246926 10.011491 131.8196015661408 27.411975090938483 2.547094557964646 0.29169452039065774 7.590394548326596 137.95195044730843 43.80089871660126 3.576876719725592 6.854560017336086 15.0798250353456 False
1732 9774.938966372314 2177.9432558714084 214.94559278313818 52.94801446043581 9771 9779 2174 2181 49.0 2.321839389491281 1.6912034059745922 22.9492706531347 0.6851633036098924 0.16486187350868478 0.3379727844382026 0.0 13.471891903688116 5.3174143 80.82274729965496 22.572908985718783 3.3750324466196227 0.0888508846459833 3.949327084834294 103.66734890382628 36.026051671433464 4.321942470780185 7.950536198526771 12.076227939350204 False
1733 8402.573647583695 2180.628287460989 214.95786744538555 52.95673800294269 8399 8406 2175 2187 75.0 3.242850072951814 1.7280806752610298 67.19938726180844 0.8461848537118586 0.17209774099898464 0.5477763689634935 0.0 28.905968565123292 6.4595556 64.41924997606307 18.698111642443738 2.354751579226531 0.12665164576270893 4.886025119029199 93.38684821712573 30.414255798368725 3.11185425589102 5.44573982465174 8.079220576618015 False
1734 211.20588172482087 2178.797389230244 215.03142335797125 53.008683913361004 209 213 2177 2181 19.0 1.5398493837052865 0.8966848325496996 -18.733824485575308 0.8129597866300129 -0.03015803570882825 0.16694433904138292 0.0 1.2345610273233212 3.1848516 10.429997509593044 13.416117211934148 3.480690649726906 0.3719013610175254 2.4592453796829674 24.00978021395724 21.444208288933318 3.1083446936982875 4.96224017760683 6.948920211134134 False
1735 3180.562921188175 2182.1808029834224 215.00471043468087 52.98987360380787 3174 3187 2179 2186 82.0 3.1859684909607333 1.8725779443535775 1.4661330199820997 0.8090369131000361 0.07274182059884673 0.3845705904974642 0.0 17.323647503252833 9.031436 40.33467994752007 24.63918322699881 2.332530433776989 0.22513331284533933 5.108953969950291 50.62616219939668 37.84898954563327 3.2250663028297084 5.837246556925861 8.398088064940751 False
1736 1657.2562034847615 2194.6250854015066 215.018262100721 52.99960088669547 1638 1673 2180 2209 704.0 5.888448553340025 4.784139238881802 -29.40261312398752 0.583014492608702 0.10226600885615758 5.559709728387951 0.0 793.5351588971164 19.684895 929.5657927508943 33.20354241513699 1.9036045692590178 0.5050137985500068 14.96964127403822 1042.2044112880503 53.0236169964221 3.598568256562666 6.979801170700173 13.04488082414128 False
1737 9998.194527192034 2181.9368947492844 214.9435497505245 52.94661912544898 9996 10000 2180 2185 25.0 1.3086479472411663 1.159827076379641 29.18186061536564 0.4631519119251224 -0.04546459933636869 0.24779159434976686 0.0 3.7333441202169904 3.8152306 5.649810411140628 5.904539666341845 1.4 0.28887360357339886 2.8209479177387813 0.6558965731311779 9.464630056046047 1.2671113076873757 2.128412951137622 2.963882129786576 False
1738 9141.119777046997 2183.0817932009627 214.95122008960865 52.95206459347298 9140 9143 2181 2185 18.0 1.3134274219140656 0.9285379876921208 81.80310021983594 0.7072555582057243 0.05644583032886708 0.3614547359476355 0.0 3.884215245370017 4.019444 14.427521847418605 14.508813351710653 3.081848752094612 0.26628880074633543 2.393653682408596 9.209562759481827 22.99160575132709 1.891642526663995 3.212638520024158 4.50698482600751 False
1739 8895.789219796467 2210.2666389312653 214.95313312021437 52.953768283657055 8863 8927 2182 2241 2836.0 9.805727751451307 9.313949212124204 11.572794584228813 0.31271249189640304 -0.2334644593903083 6.460219036604997 0.0 1801.8925366655567 39.895557 1868.3690539352133 46.03973797435316 1.4504656540940803 0.618729634251429 30.045412914740087 1966.469799620187 74.5443032485168 4.864333927072662 9.85345566752964 19.12553130001746 False
1740 6299.347495345903 2186.5986089137036 214.9766690899665 52.970114868591985 6297 6302 2184 2189 32.0 1.75012117121515 1.2917051367813754 68.87095608073943 0.6747283951492514 0.0018740829032281787 0.2311437390584302 0.0 4.3677552920856 4.2983913 27.063274019937165 17.584406042414667 3.3286263909922806 0.2239913491570745 3.1915382432114616 58.77572945975572 27.771975376989317 3.5818740028996268 6.0566130847456385 11.299014641673347 False
1741 7506.082632380177 2185.756025538901 214.9658529378586 52.96245415316394 7504 7507 2184 2187 11.0 1.1569731711019076 0.711427103763293 30.09078952866019 0.7886021927511941 0.045431071711400976 0.2820569027153982 0.0 1.414574666222356 2.7440677 12.790768747542765 12.086066814570408 3.7172087070017863 0.3449141981960755 1.8712051592547776 7.9448832749502 19.20430630211615 2.3450221941462464 3.9796703074797897 6.130937885736287 False
1742 2883.4151167569717 2187.986459082708 215.00731785625644 52.99178946620093 2879 2888 2185 2191 52.0 2.3633643363299486 1.5441210069820868 22.46076340952338 0.7570498158008909 0.060304749216532956 0.31408423567600596 0.0 10.5140790714452 5.51167 65.56588344064753 21.479116819579104 3.3576027532044885 0.16567473829086835 4.068428945128219 86.26017977557828 34.588599497540116 4.781845709119067 8.731963591741074 13.32652129685774 False
1743 6397.200029697922 2197.2689732252447 214.97567875487465 52.969551731705245 6388 6405 2186 2209 325.0 5.215240930283353 3.6632328831695227 -83.10043806277363 0.711773421601327 -0.060420784925599255 1.064576358061315 0.0 155.2985395671828 14.059332 255.95236251825912 32.93835517590441 2.192861578982255 0.28430310590484614 10.171072362820547 219.9205926642031 52.58558894730948 4.358012140913137 8.484381002839113 15.201334508187038 False
1744 3991.0230601968215 2190.2860465304516 214.99734774032567 52.98477726256715 3988 3993 2187 2192 24.0 1.3200618463183242 1.0762318281175838 -87.17827525449728 0.5790543484943659 -0.012700090580972177 0.3227311438216702 0.0 4.186024204641941 3.8835206 34.20282402501885 14.404495264422865 3.5773736811971717 0.3682154033000525 2.763953195770684 46.71702686866043 22.988380366296695 3.1907197007325228 5.742563959598112 8.346026161690386 False
1745 273.0986666230764 2200.0222940571507 215.0306434192279 53.0084063001521 264 281 2189 2211 272.0 5.547137599876883 3.0572275195767533 -58.63856414985401 0.8344153951201988 0.11445391206354857 1.1522065837561593 0.0 158.43421664993718 12.06983 242.2912212392009 31.058200944684085 2.2700388049174385 0.24067747872890943 9.304852983362556 360.4875209145613 49.65875249615685 4.057309251291438 7.638560850502655 14.867805162210763 False
1746 8275.651198797075 2195.2705120232176 214.95885129103607 52.95762248256086 8269 8282 2189 2202 122.0 3.150225410644053 2.091279838300902 -53.78707291112952 0.7478649876723071 -0.019134102212949047 0.3446944624139616 0.0 17.337256681916173 8.22362 42.03989799825701 27.78521587121525 3.2265968575988433 0.3890142467018972 6.231677632421503 54.505725281014264 44.44073610106215 3.2336237740850615 8.690129274851714 11.506912880002075 False
1747 1924.0686495694815 2195.5394800806866 215.01585544023771 52.99791396058257 1919 1930 2190 2201 113.0 2.8007340921825925 2.6206454889267423 -76.86628543856135 0.3527980246664458 0.13218118764548342 0.547663907561252 0.0 38.08474650871707 8.605541 61.35159424535623 14.273703433822973 1.4872496693654054 0.20301540427974826 5.997417539138688 56.216663171307566 22.96894033437768 2.8280078340315065 4.996160963071124 7.739647408967701 False
1748 4490.552935033301 2192.9683497023643 214.9928349529625 52.98162338352498 4489 4492 2192 2194 8.0 0.8483225650651255 0.7049273677394854 -0.2921178886074637 0.5563229233823419 0.3087047617260311 0.4061908945240615 0.0 2.922824126217534 2.112191 23.39581901807369 9.366916692936623 3.600271948863606 0.05606162368397689 1.5957691216057308 41.2584906071591 15.071319762502675 2.080934573401629 3.7365150173217088 5.651285983328112 False
1749 8102.090108025679 2197.682080461191 214.9603822329494 52.958736825543724 8097 8108 2192 2204 87.0 3.791770538458054 1.756302689952408 -43.82495024949266 0.8862600395212158 0.10629380177283057 0.44668659750259393 0.0 25.413268010671437 6.9937353 55.85986383864396 17.955432052622577 2.0396001026473267 0.12863822603136255 5.262410103554244 60.48280219764315 28.360587276669666 3.391629185810557 5.75299268072703 8.091028535705904 False
1750 983.573383524893 2199.2221229888014 215.02426682028323 53.00389738224175 979 988 2196 2202 48.0 2.3265171000389673 1.4242966930172352 37.84707362438004 0.7907019798624941 -0.03849627661653424 0.3754782870114482 0.0 10.79422654701159 5.0064044 35.12975792463053 17.166886042024057 2.931199846365955 0.2419762327111336 3.9088200952233594 21.007642320281132 28.0998720181874 2.8268473005215164 5.4128307288530815 11.952663723207761 False
1751 9160.658395711045 2201.7541076345715 214.95084825406545 52.95204145002206 9155 9166 2196 2207 113.0 2.655015488817742 2.317021081638971 19.893201473624192 0.48826416919509535 -0.11503014670998238 0.7438651545632591 0.0 39.98253204504502 8.017595 52.34627544262251 11.486962405304478 1.4 0.34441518896290296 5.997417539138688 41.43424471634066 18.474837951163124 2.2226143560673046 3.8944656552381502 5.782657680200324 False
1752 7333.462136884852 2199.953270224862 214.96725164362678 52.963626109333646 7329 7338 2197 2204 67.0 2.5675979892357117 1.8414123691008655 -7.1343488967753235 0.6968950103671391 0.023863471576975798 0.42847779398052216 0.0 15.718402957991989 6.0817614 48.53071853404457 19.154381341457192 2.615867882783583 0.2187858570732396 4.61809077155419 24.067830034261043 30.74910247028457 3.4295278956343087 5.927456952785793 7.82635971215605 False
1753 9278.436504359435 2203.4572387109934 214.94977450214103 52.95130321520071 9274 9282 2198 2212 109.0 3.7820605069670172 2.028060119839077 -85.3919705807161 0.8440709320888583 0.11146832367560784 0.6269675170573481 0.0 35.96155008103111 8.025998 92.52948039910552 25.425875538001787 2.7080876711540167 0.22211283122404504 5.890312181373172 97.30624069443991 40.63396368146116 3.9251544764189914 7.236109274671796 11.087439844667104 False
1754 4158.709798820347 2199.4700126529956 214.99574550366572 52.98376333131025 4158 4160 2199 2201 6.0 0.8374301269298048 0.41611678620625236 22.284988504308203 0.8678093412989253 -0.004194532939040753 0.10577340622655593 0.0 0.30771048200507317 1.8720964 4.112938222996208 8.400098525560175 4.161220326149071 0.40317819856071324 1.381976597885342 -12.811184162517504 13.903881923522968 1.98666363156974 2.9962082296524453 3.79690295127519 False
1755 6309.095326600355 2200.3268866190533 214.97643701222287 52.97012720488865 6307 6311 2199 2202 19.0 1.285932057059373 1.0323802753744888 -9.383771533386444 0.5962127827878939 0.11276848959738407 0.2794889772975305 0.0 3.9458697079684684 3.326442 9.084738682663193 10.106599374048116 2.524935484519408 0.14685329220283086 2.4592453796829674 20.694540394237045 16.026900706994642 1.5262697530437623 2.6741398139051467 4.242799935846716 False
1756 6777.844144133986 2204.4531920816494 214.97218819001768 52.96717561895387 6772 6782 2199 2210 87.0 3.4088270722906806 1.8651487985538509 52.675518466764764 0.837032835166034 0.013702915255681016 0.26301097856626976 0.0 13.645883957370588 6.129138 51.362056970270494 22.489936763387732 3.0148622822462747 0.24386760829770598 5.262410103554244 31.875180808455664 36.318324720046256 4.305035313471293 8.573668874638935 12.135481542304168 False
1757 834.8768773605399 2207.989849358551 215.0255106614572 53.004887596855475 827 843 2200 2215 197.0 3.4218929437619368 3.134342555556854 -71.82733003353472 0.40125257586432633 -0.03197428472279603 1.213757859281571 0.0 88.91959544337521 10.339467 112.66264548159324 15.04478582801177 1.4 0.34634010031394397 7.918778161951929 99.21731555174416 23.85003282441429 2.6529947525023507 4.975068544813031 7.985893171816609 False
1758 4189.54783504607 2206.339083822309 214.99539628199798 52.98360486253305 4182 4196 2200 2213 147.0 3.0816979608218387 2.7440465405914187 -89.65719351425044 0.4551137286915547 -0.07741660651523062 0.9181649540858224 0.0 60.00045972358487 9.013284 74.73958405640369 13.568782331656964 1.4 0.30984186503978034 6.840435166640879 60.41738654336981 21.770891446302866 2.4828758760613083 4.429807839754939 6.5870429936794865 False
1759 9982.214766022495 2203.422230247116 214.9434666654803 52.946836571844244 9978 9988 2200 2208 79.0 2.7557636966682417 1.9591919522176875 28.773987039611697 0.7032492537478121 0.0036354683064379915 0.5413699887532487 0.0 19.885643326686644 6.740484 36.770569882785225 18.801525840655962 2.3910053545282843 0.26950624188061756 5.014626706796775 35.21150030777555 29.987683997828544 2.639361769061609 4.726839502358214 9.850255514305408 False
1760 3502.8678305393055 2208.5547090042137 215.00153831522493 52.98797207914501 3494 3512 2202 2216 222.0 3.7940220373084057 3.137487956588523 -16.898374691170712 0.5622671557276568 -0.08699432792335682 0.9044068831732116 0.0 76.09128231730205 11.581617 85.00563683430025 16.483056310758208 1.4 0.3544364780011463 8.406235467365967 68.36819345973714 26.223383392088785 2.6470979405028987 4.778612481066826 7.2026644403479105 False
1761 9043.57765610739 2206.626153712125 214.95184653246176 52.952810762845985 9036 9050 2202 2214 127.0 4.244198891662184 2.1198024602125556 -39.43957340095852 0.8663376437790051 0.020320944184024126 0.5451325708966949 0.0 33.19904241036032 8.386766 149.21366992440232 30.708858817386428 3.069448653352084 0.26901487290836495 6.358093703724522 218.7770218987359 49.0700157346548 5.697293677389872 13.325623321693776 20.367909630709228 False
1762 7692.138661583619 2208.942535539555 214.9639400176508 52.961398885387055 7684 7700 2204 2215 156.0 4.090832331597142 2.485082770942678 33.90221178202379 0.7943379743612345 -0.02544553398010994 0.3239728590832848 0.0 22.788623049516055 9.514684 108.10118188975724 33.25610791246669 3.1124057849635887 0.3061714155086707 7.046725639945928 108.64733221353737 53.7088657618931 6.642908170283684 12.998142252389417 18.203812897317484 False
1763 6996.70001796028 2212.0261712118763 214.97014515928976 52.96582799587767 6989 7004 2205 2222 208.0 3.9381656265478178 3.5359164683962607 58.388923470440716 0.440283618018642 0.0290864139651266 0.5681709193458195 0.0 61.39800660981477 10.861926 128.63736177540505 31.850361888120805 2.5120690888222743 0.24142592141902874 8.136857890256438 104.10773195331672 50.654653483002 4.580752697559225 7.985585055005822 15.796371794914231 False
1764 7501.412917366238 2208.9288153274006 214.965650719743 52.96260896931207 7497 7505 2205 2213 60.0 2.2863180924482798 1.8204941640440253 71.00219834718105 0.6049600117267999 0.0907067627801752 0.39117865434618093 0.0 16.748087405111683 5.9209085 34.695166089831105 12.832150092573293 1.865403110024208 0.16812028072575766 4.370193722368317 25.056269038345555 20.687080628527003 2.535885228550025 4.46420115668377 6.562684253151692 False
1765 4322.694426914254 2212.9000306037155 214.9941318433873 52.98279580925377 4318 4329 2208 2218 103.0 2.5412692268863983 2.4131532729084153 -15.965169350865676 0.3135071496759901 0.33170299971538386 2.8138766283561023 0.0 141.97183912255625 7.5518003 219.55293211340435 16.10092666576194 1.9737245810705915 0.2749736551601546 5.725898905580716 233.12680630682434 26.047319203567746 2.4079103362258953 4.441665109096307 7.207695930378397 False
