outputs/dr0.5_c0.1/nircam2_matched_f277w_f160w_dr0.5_c0.1.ecsv
# %ECSV 1.0
# ---
# datatype:
# - {name: label, datatype: int64}
# - {name: xcentroid, datatype: float64}
# - {name: ycentroid, datatype: float64}
# - {name: sky_centroid.ra, unit: deg, datatype: float64}
# - {name: sky_centroid.dec, unit: deg, datatype: float64}
# - {name: bbox_xmin, datatype: int64}
# - {name: bbox_xmax, datatype: int64}
# - {name: bbox_ymin, datatype: int64}
# - {name: bbox_ymax, datatype: int64}
# - {name: area, unit: pix2, datatype: float64}
# - {name: semimajor_sigma, unit: pix, datatype: float64}
# - {name: semiminor_sigma, unit: pix, datatype: float64}
# - {name: orientation, unit: deg, datatype: float64}
# - {name: eccentricity, datatype: float64}
# - {name: min_value, datatype: float64}
# - {name: max_value, datatype: float64}
# - {name: local_background, datatype: float64}
# - {name: segment_flux, datatype: float64}
# - {name: segment_fluxerr, datatype: float32}
# - {name: kron_flux, datatype: float64}
# - {name: kron_fluxerr, datatype: float64}
# - {name: kron_radius, unit: pix, datatype: float64}
# - {name: gini, datatype: float64}
# - {name: equivalent_radius, unit: pix, datatype: float64}
# - {name: kron4_2_flux, datatype: float64}
# - {name: kron4_2_fluxerr, datatype: float64}
# - {name: kron4_2_mag, datatype: float64}
# meta:
#   PHOTMJSR: 2.251199960708618
#   PIXAR_SR: 2.11539874851881e-14
#   __serialized_columns__:
#     area:
#       __class__: astropy.units.quantity.Quantity
#       unit: !astropy.units.Unit {unit: pix2}
#       value: !astropy.table.SerializedColumn {name: area}
#     eccentricity:
#       __class__: astropy.units.quantity.Quantity
#       unit: !astropy.units.Unit {unit: ''}
#       value: !astropy.table.SerializedColumn {name: eccentricity}
#     equivalent_radius:
#       __class__: astropy.units.quantity.Quantity
#       unit: !astropy.units.Unit {unit: pix}
#       value: !astropy.table.SerializedColumn {name: equivalent_radius}
#     kron_radius:
#       __class__: astropy.units.quantity.Quantity
#       unit: !astropy.units.Unit {unit: pix}
#       value: !astropy.table.SerializedColumn {name: kron_radius}
#     orientation:
#       __class__: astropy.units.quantity.Quantity
#       unit: &id001 !astropy.units.Unit {unit: deg}
#       value: !astropy.table.SerializedColumn {name: orientation}
#     semimajor_sigma:
#       __class__: astropy.units.quantity.Quantity
#       unit: !astropy.units.Unit {unit: pix}
#       value: !astropy.table.SerializedColumn {name: semimajor_sigma}
#     semiminor_sigma:
#       __class__: astropy.units.quantity.Quantity
#       unit: !astropy.units.Unit {unit: pix}
#       value: !astropy.table.SerializedColumn {name: semiminor_sigma}
#     sky_centroid:
#       __class__: astropy.coordinates.sky_coordinate.SkyCoord
#       dec: !astropy.table.SerializedColumn
#         __class__: astropy.coordinates.angles.Latitude
#         unit: *id001
#         value: !astropy.table.SerializedColumn {name: sky_centroid.dec}
#       frame: icrs
#       ra: !astropy.table.SerializedColumn
#         __class__: astropy.coordinates.angles.Longitude
#         unit: *id001
#         value: !astropy.table.SerializedColumn {name: sky_centroid.ra}
#         wrap_angle: !astropy.coordinates.Angle
#           unit: *id001
#           value: 360.0
#       representation_type: spherical
#   astropy version: '5.1'
#   kernelfile: kernel_f277w_f160w.fits
#   make_catalog parameters:
#     ab_zpt: 31.4
#     coadd_bands: !!python/tuple [f277w, f356w]
#     deblend_contrast: 0.001
#     deblend_nlevels: 32
#     deblend_npixels: 1
#     detect_kernel_fwhm: 4.0
#     detect_kernel_npix: 7
#     detect_npixels: 4
#     detect_threshold_nsigma: 3.0
#     flag_isolated_buffer: 4
#     hst_bands: !!python/tuple [f606w, f814w, f125w, f140w, f160w]
#     jwst_bands: !!python/tuple [f115w, f150w, f200w, f277w, f356w, f410m, f444w]
#     near_border_kernelsize: 21
#     reference_band: f200w
#   make_catalog version: 1.4.0
#   photutils version: 1.5.0
# schema: astropy-2.0
label xcentroid ycentroid sky_centroid.ra sky_centroid.dec bbox_xmin bbox_xmax bbox_ymin bbox_ymax area semimajor_sigma semiminor_sigma orientation eccentricity min_value max_value local_background segment_flux segment_fluxerr kron_flux kron_fluxerr kron_radius gini equivalent_radius kron4_2_flux kron4_2_fluxerr kron4_2_mag
[from data line 2859]
2860 628.5735469190988 5115.08384719375 214.92436989267935 52.949575169254764 626 631 5108 5121 56.0 3.436317234786959 1.28447447784373 -86.79318912964646 0.9275117831697809 0.21833166489947847 0.3320073023264335 0.0 16.32975127085759 4.655894 195.79335589230251 22.1172084582444 3.723701722977648 0.06041101368934713 4.222008245644752 423.28882844579164 35.96209421670522 24.833407983482886
2861 8498.42572397007 5116.399273629297 214.85392184978633 52.8996029468135 8489 8507 5108 5126 277.0 4.615436205768432 3.4121988320617462 37.31910563126295 0.6733745741349014 0.30983663607931833 2.1802839983160087 0.0 258.9130765908984 10.1608 328.0144963259638 17.606748585683125 1.6461201539296637 0.29074675004875145 9.389986074159536 328.6094363584622 28.102455785772506 25.108299923771202
2862 3164.7581347031833 5111.977502511333 214.90168635387445 52.93345635073318 3162 3168 5109 5115 41.0 1.7088995840465984 1.6865094974624308 66.54049350693946 0.1613456999336888 0.10481067793798102 0.20810557297096396 0.0 6.172797090094555 3.9309556 13.53092254278108 11.830240088475557 2.441687473786253 0.11442200440976111 3.6125759969217834 10.908945116061938 18.851226901423054 28.805543108044038
2863 10276.248167189564 5113.424611276112 214.83806435868155 52.888290651369445 10271 10281 5110 5116 60.0 2.629595546740265 1.6657431010093278 6.792865920572947 0.7737755917702669 0.2256248502664893 0.4126076251070544 0.0 19.015045322489687 4.6236315 50.19888442702339 14.979123022192843 2.6534790810737094 0.09448408765359322 4.370193722368317 45.57904275626045 24.0353675479395 27.25308700010715
2864 2232.9444973187838 5115.492966533508 214.90999348740394 52.93939184725841 2230 2236 5112 5119 45.0 1.96829143026138 1.6586037143744707 -49.64632606365034 0.5384434371383442 0.16508694651235112 0.2969447584253109 0.0 10.268040704816105 4.0349364 35.27871181384122 14.566001071370698 2.9857019717499536 0.09227841816630482 3.7846987830302403 43.27091444971144 23.34586308440568 27.30950981676011
2865 2687.679682250602 5116.531583001734 214.9059102161267 52.936510197769465 2681 2694 5112 5121 119.0 3.4597913124224955 2.380835868301411 13.556159963188952 0.7255738031554968 0.22132319329060898 0.5580770889267168 0.0 45.469195114639405 7.0190654 91.19717807189306 19.02737722045012 2.331201688230818 0.13912429360888234 6.154581744998688 98.54278903332911 30.352234484875094 26.415937875382035
2866 4274.110504017885 5116.0329403546575 214.89171261394716 52.92643366827112 4271 4278 5112 5120 50.0 1.984600592046061 1.8106878314847301 82.67462866489018 0.4093690458591891 0.1283737618342591 0.24866325470423956 0.0 9.244472716656539 4.2908454 26.498315738850728 14.314651998952648 2.7701485053656985 0.10615456492265618 3.989422804014327 35.07779294497442 22.77494733345755 27.53741934940898
2867 6083.442394005662 5115.665729783437 214.8755261105241 52.91494035081187 6078 6088 5112 5119 64.0 2.496604303268333 1.8229608038409977 8.58192056598412 0.6832589969284258 0.28624271665200773 0.6175727585216826 0.0 28.26040548161345 4.647644 69.35321865867822 14.339315971832447 2.5881824146085495 0.11860801044223991 4.51351666838205 80.03540707615673 23.182470019852786 26.64179460452214
2868 1880.596029883411 5116.590098895031 214.9131377183232 52.94163484283937 1878 1884 5113 5120 45.0 2.04869242966475 1.62361356766811 87.32923036024675 0.6098561713271644 0.18158846618352434 0.28693130578743126 0.0 10.499199299605046 4.033986 50.233162298602224 15.999989615437663 3.2402626455220407 0.0736108039298797 3.7846987830302403 63.90334805617648 25.55049086025245 26.88619096867945
2869 2817.563976488166 5120.116186199101 214.90470938781328 52.93570484214121 2811 2824 5113 5128 151.0 4.05334515586657 2.504150044548469 47.2890663249893 0.7863365498911126 0.15226468042825034 0.5049306100567704 0.0 46.18991987786535 7.4220924 107.92513000169421 22.724902891589622 2.6447249107092317 0.1697755237174694 6.93287767191607 167.0973666482683 36.43652117500586 25.842575985666542
2870 7580.4380102743335 5123.219718983874 214.8620575229923 52.9054717789541 7574 7586 5114 5133 210.0 4.843355710308299 2.9865864256068373 78.67950209856147 0.7872485725524586 0.2223563457065884 0.6377700762614482 0.0 83.13177262386276 8.708183 188.3567853177173 25.48610460933779 2.5558719138346198 0.15994671383873563 8.175883811466258 202.98123365910413 40.91609602518765 25.63136028077163
2871 4021.509472705473 5115.49093912578 214.89397934582158 52.92803487451611 4021 4022 5115 5116 4.0 0.49994983887728484 0.49987831220805384 -48.06341529002055 0.01691493169669505 0.13450377610295403 0.14485374041553278 0.0 0.5584438885611221 1.2062044 7.333333255360036 5.445587531269038 4.074833228112271 0.01867085677712467 1.1283791670955126 11.210203441270588 8.730149649716857 28.77596626453855
2872 303.9855199523918 5117.514484890474 214.9272527925104 52.951648763644876 303 305 5116 5119 8.0 0.8639759851654063 0.7014801465104081 89.90098051400103 0.5837674849376552 0.1668756582184239 0.18357507556473415 0.0 1.4065858283841757 1.7592854 21.19497877280459 8.54560610063221 3.9396421960273114 0.021747370238251587 1.5957691216057308 36.69732296351421 13.774897836190984 27.488414039954158
2873 2751.8302834585447 5117.073851345632 214.90533005354746 52.93610580097675 2751 2753 5116 5118 8.0 0.8563538394264415 0.68121658298962 47.71946742953326 0.6059733570568393 0.14633084208447783 0.1895326830370504 0.0 1.3850904774072161 1.763224 13.69748458482726 7.651321647123472 3.704567330128208 0.052181989535987953 1.5957691216057308 18.554464055009703 12.145703513334983 28.22887896428415
2874 4405.049067820896 5121.5910014320325 214.89048210316705 52.925632121741984 4400 4410 5117 5125 75.0 2.788017746222101 1.9537164035966834 -17.221767941194166 0.7134023539833939 0.18307306510839103 0.33803971366456437 0.0 19.431727099075097 5.5109224 61.17732405837933 18.6029773748919 2.896437162675582 0.09274684584384477 4.886025119029199 64.05306067590305 29.97414856388451 26.883650283342444
2875 9201.239195426971 5123.45764739891 214.84756530985757 52.89517559210347 9197 9205 5119 5128 72.0 2.2950391882228107 2.133052627854474 68.1615992385113 0.3690266195651786 0.24815007446128656 0.6102996337497844 0.0 28.88278598238412 4.1773725 65.73828356377149 12.497720188628705 2.568006578205898 0.14822342143176445 4.787307364817192 90.04133651142814 20.17117349422014 26.513895168140632
2876 1501.8073877830473 5131.619954423549 214.91637233249187 52.94412082349609 1483 1519 5120 5143 658.0 7.369499917107279 4.506796698719844 15.63110718164401 0.791207987045652 0.21043579957786337 2.637817549220414 0.0 588.0312807963168 15.640938 718.372546961763 27.8914577368559 1.7834332782192313 0.3741724979326561 14.472315126092793 755.2485287119154 44.639230152625004 24.204775280240703
2877 2980.3485172789347 5135.420699376679 214.90309054420513 52.934753819133576 2974 2987 5120 5147 272.0 5.707263571555694 3.0247247216795343 89.99028774862929 0.8480113266988278 0.1727061881348267 0.8929124910624835 0.0 123.90378046982124 10.238407 203.29802193573033 23.498653672640987 2.0941050903858485 0.2181628911995459 9.304852983362556 209.5783808708569 37.84966330287659 25.596633797931894
2878 8819.584232394222 5125.023829185845 214.85096013017193 52.89760897291967 8815 8823 5121 5128 51.0 2.486236712244751 1.5876308113039383 -38.4250592387989 0.7695655342732081 0.20498849291693855 0.2938855363695172 0.0 13.001548709766247 4.558139 85.68217261757782 18.409028674885043 3.3810312173270134 0.050919004620907544 4.029119531035698 130.87449677038578 29.13522398235363 26.10786243807291
2879 3823.866933797144 5124.706111714255 214.89565147518368 52.92933969038959 3822 3826 5123 5127 17.0 1.4457476596477514 0.888537255236176 38.599439961543894 0.7888492960871634 0.14941916753144915 0.2024058384965517 0.0 3.104974266191069 2.6306424 20.118169114731444 10.597549856012048 3.43610952621317 0.044423298687816117 2.326213245840639 20.071792392246913 16.910670046404135 28.14353460922662
2880 10102.468609286589 5129.690702209603 214.83944579022335 52.88948263121076 10096 10109 5123 5136 154.0 3.361225394238544 2.8150143597484147 -50.235818038153816 0.5464427546105274 0.26833581958837166 1.1192636994382683 0.0 86.98165748845362 8.408901 150.01797888732744 21.56970007210198 2.295106121291847 0.22981304714235043 7.001408606295148 182.63289421265057 34.23383807061653 25.746052496242385
2881 8436.95241510374 5126.347671471413 214.85436661659034 52.900047156125424 8433 8441 5124 5129 44.0 2.155398622083433 1.4977244444758893 9.548865017453975 0.7191342045446756 0.22437209289867716 0.4062874723280624 0.0 14.1276459410608 4.111568 59.85987517252368 14.930377701691318 3.1333768881890283 0.08433436146607157 3.742410318509555 67.60834406951805 23.934453970259135 26.82499925275983
2882 302.2783004096114 5131.614298414235 214.92711953381044 52.95173572468837 296 308 5125 5138 144.0 3.4356510157479336 2.6788329977878744 -55.391154191681835 0.6261330026769629 0.23658769286205414 0.7970989076106125 0.0 64.4481877608885 7.486457 122.92995001899162 20.446419991783852 2.4114336422439098 0.1982435557739445 6.770275002573076 147.77087778471991 32.95996657410936 25.976027867214132
2883 629.4706751749258 5125.9896242569475 214.92424695141634 52.94962835094281 629 630 5125 5127 6.0 0.8164040042104531 0.49913925768736694 89.97899981274642 0.7913313105908266 0.22686107297056657 0.26337619329937745 0.0 1.4687929969705733 1.5358264 25.906869834063453 7.013203927388483 3.9590421750786495 0.03934008731002617 1.381976597885342 54.56710682040968 10.979881346914578 27.057672680378154
2884 724.5760442268542 5142.585540081827 214.9232199477686 52.949114205990085 702 749 5125 5160 1270.0 6.9654224902795345 5.606785537482631 3.714394427153521 0.5933487430328442 0.16852768358504164 15.858098913736843 0.0 2864.0885874312708 22.941742 2911.144140490993 25.093021017349876 1.408534144410508 0.6150732762442781 20.106057680545288 3051.5425515480306 40.04149523393724 22.688701424358868
2885 6639.022028966822 5126.670327209458 214.8704404452943 52.91147069642863 6637 6641 5126 5128 9.0 1.154525610756982 0.6272570726595214 13.001813887197367 0.8395367748347008 0.18052430240861805 0.20753128700917567 0.0 1.7904123539438308 1.7527125 19.163566653165105 8.260789339707959 3.7155700241973157 0.023795577122778248 1.692568750643269 27.167142421396957 13.307566452630207 27.814890101221152
2886 7844.51482398713 5129.488827702135 214.85963021698726 52.90382794402075 7839 7850 5126 5133 71.0 3.1622811115330904 1.6590493822895127 24.19484362566348 0.851326092355162 0.20652873130444613 0.32963523142376905 0.0 19.151848500626148 5.127192 77.5906835435542 19.005030276768263 3.105742980779879 0.07218780941602958 4.753945931439391 86.2484556626724 30.079074479666588 26.560621681308724
2887 8535.003618405632 5130.656672776512 214.85344469387508 52.89944743481581 8533 8537 5128 5133 24.0 1.5931161126704347 1.131699975734426 -61.157386385615546 0.7038296476258458 0.20511806216761833 0.2869578120188038 0.0 6.099329914869043 2.9553094 29.95721063890023 11.952990906530308 3.257031854931138 0.05171052124539458 2.763953195770684 35.213531230508075 19.101919432473746 27.533226053695834
2888 8635.093535738199 5131.679330152176 214.85253918580918 52.89881703230836 8632 8638 5129 5135 37.0 1.9540944287608333 1.4218635197927523 39.76420078413417 0.6859666687968742 0.2261055023826245 0.3388746146780694 0.0 10.64833933027543 3.6948907 48.10137889181733 14.301532326333662 3.2049753597062987 0.05888985833099688 3.431831258788849 48.19525007785934 22.977154289471862 27.19248940474652
2889 1299.6115582872992 5133.563053100729 214.91816316297633 52.94541497419648 1298 1301 5131 5136 17.0 1.3284238899526908 0.9712342588743758 -70.00070353779097 0.682251320927876 0.1368771850829775 0.1830059862646549 0.0 2.755018364191782 2.719882 18.53465661300897 10.710068298264146 3.4609746040347846 0.04690460396647081 2.326213245840639 26.718657698451302 17.241202559018813 27.832963409727636
2890 2374.75614338147 5132.924157273084 214.90853980956825 52.93858553728926 2373 2376 5131 5135 15.0 1.2844186649317741 0.8879428646629617 62.636749248524694 0.7225498010611895 0.18303042753175927 0.22052124610965457 0.0 3.019752919628902 2.333895 23.947510077061995 10.244687244113964 3.541571629232766 0.036583977390114264 2.1850968611841584 31.410210471010735 16.33575001321898 27.65732288376557
2891 7431.202526073788 5133.33631507623 214.8632854517343 52.90647439267798 7429 7434 5131 5136 30.0 1.5212696244794253 1.4528614770139499 83.2487862674224 0.2965021012003443 0.15613159043785246 0.2519018518102147 0.0 6.109490893244141 3.1832511 19.2299119667633 11.031508816852096 2.865848977487438 0.07699843335176546 3.0901936161855166 17.5684687619698 17.91060930707207 28.288165223069765
2892 628.1211385303477 5137.751104142633 214.92413512468673 52.9497004141749 626 630 5132 5144 46.0 3.2285163867758584 1.1249529603620683 86.80909729801893 0.9373300839122156 0.23241900734603552 0.32428601467590507 0.0 13.50286154811918 4.251787 169.49824778864405 19.805846386446877 3.728450819015866 0.051775608737983966 3.826519928662906 386.1799820236344 32.08732095827352 24.93302560501658
2893 611.5382494904145 5137.121893346068 214.92429034014754 52.94980228679895 610 613 5133 5141 23.0 2.2136110379547174 0.867098595659979 -89.35029582269712 0.9200877679256125 0.22776726672640144 0.29481291041655083 0.0 6.198039656505758 3.0431597 105.68018971947237 15.04443021559131 3.9068993618141206 0.044248239966799725 2.7057581899030048 206.9764665400972 24.055968154364496 25.61019757878273
2894 10219.847793730169 5152.179861152437 214.83816012948475 52.88885798411365 10201 10238 5133 5173 1160.0 6.3129546670823435 5.827126279809649 -81.83874563570761 0.3846976773499559 0.20916684176557973 13.81255805753705 0.0 1965.2225960655128 21.067017 2099.896625801742 26.871836222586754 1.6206084521776165 0.6047865878417182 19.21560480373171 2298.899376657262 42.876203108966536 22.99620009370465
2895 3118.2336385921694 5136.950373973355 214.9018398287509 52.93388654171173 3115 3122 5134 5140 47.0 1.8906046785631483 1.7527105239180867 -11.814398729490179 0.37490443074414304 0.17570321429302554 0.3627152576156474 0.0 12.365485860289093 4.192744 40.84021300815835 15.202396589634287 2.984241441332569 0.11573307353761665 3.8678889139475245 47.95959655194809 24.089996219394585 27.19781119737749
2896 1216.3115895371425 5141.539630005734 214.9188253692168 52.94598686402673 1213 1220 5137 5146 59.0 2.2209169514343903 1.9287298015952896 -85.35137585103517 0.4957968933598541 0.18883505411375956 0.3872768054001678 0.0 17.16817309216055 4.757023 79.66885803718704 17.785720611253755 3.180488809379725 0.10331962800568267 4.3336224206596095 150.8275234634718 28.66003294878972 25.953798499653573
2897 6635.870832156311 5142.323826141046 214.87030374593866 52.91157514695025 6631 6641 5137 5148 103.0 3.0087336945355942 2.3523435783655486 -48.023073673601054 0.6234811105263408 0.2508698956341858 0.5866969788541317 0.0 40.42138273787259 5.9398174 93.86124457778146 17.99921483542245 2.568202134059136 0.13880226327863623 5.725898905580716 97.62890962556213 28.617019131049414 26.42605390276586
2898 3539.2265504914967 5146.913869444609 214.89796567385213 52.931267038943396 3534 3544 5138 5156 162.0 4.360854683218282 2.4310708669723358 -82.6213087408878 0.8301932030938326 0.2331641250347989 0.7506755811236707 0.0 71.9867474232935 7.9557896 126.71084837581851 19.621091959822206 2.219010880792516 0.18027234664367603 7.1809610472257885 133.88872667233767 31.614853211183213 26.08313997177371
