outputs/dr0.5_c0.1/nircam1_matched_f150w_f277w_dr0.5_c0.1.ecsv
# %ECSV 1.0
# ---
# datatype:
# - {name: label, datatype: int64}
# - {name: xcentroid, datatype: float64}
# - {name: ycentroid, datatype: float64}
# - {name: sky_centroid.ra, unit: deg, datatype: float64}
# - {name: sky_centroid.dec, unit: deg, datatype: float64}
# - {name: bbox_xmin, datatype: int64}
# - {name: bbox_xmax, datatype: int64}
# - {name: bbox_ymin, datatype: int64}
# - {name: bbox_ymax, datatype: int64}
# - {name: area, unit: pix2, datatype: float64}
# - {name: semimajor_sigma, unit: pix, datatype: float64}
# - {name: semiminor_sigma, unit: pix, datatype: float64}
# - {name: orientation, unit: deg, datatype: float64}
# - {name: eccentricity, datatype: float64}
# - {name: min_value, datatype: float64}
# - {name: max_value, datatype: float64}
# - {name: local_background, datatype: float64}
# - {name: segment_flux, datatype: float64}
# - {name: segment_fluxerr, datatype: float32}
# - {name: kron_flux, datatype: float64}
# - {name: kron_fluxerr, datatype: float64}
# - {name: kron_radius, unit: pix, datatype: float64}
# - {name: gini, datatype: float64}
# - {name: equivalent_radius, unit: pix, datatype: float64}
# - {name: kron4_2_flux, datatype: float64}
# - {name: kron4_2_fluxerr, datatype: float64}
# - {name: kron4_2_mag, datatype: float64}
# meta:
#   PHOTMJSR: 2.251199960708618
#   PIXAR_SR: 2.11539874851881e-14
#   __serialized_columns__:
#     area:
#       __class__: astropy.units.quantity.Quantity
#       unit: !astropy.units.Unit {unit: pix2}
#       value: !astropy.table.SerializedColumn {name: area}
#     eccentricity:
#       __class__: astropy.units.quantity.Quantity
#       unit: !astropy.units.Unit {unit: ''}
#       value: !astropy.table.SerializedColumn {name: eccentricity}
#     equivalent_radius:
#       __class__: astropy.units.quantity.Quantity
#       unit: !astropy.units.Unit {unit: pix}
#       value: !astropy.table.SerializedColumn {name: equivalent_radius}
#     kron_radius:
#       __class__: astropy.units.quantity.Quantity
#       unit: !astropy.units.Unit {unit: pix}
#       value: !astropy.table.SerializedColumn {name: kron_radius}
#     orientation:
#       __class__: astropy.units.quantity.Quantity
#       unit: &id001 !astropy.units.Unit {unit: deg}
#       value: !astropy.table.SerializedColumn {name: orientation}
#     semimajor_sigma:
#       __class__: astropy.units.quantity.Quantity
#       unit: !astropy.units.Unit {unit: pix}
#       value: !astropy.table.SerializedColumn {name: semimajor_sigma}
#     semiminor_sigma:
#       __class__: astropy.units.quantity.Quantity
#       unit: !astropy.units.Unit {unit: pix}
#       value: !astropy.table.SerializedColumn {name: semiminor_sigma}
#     sky_centroid:
#       __class__: astropy.coordinates.sky_coordinate.SkyCoord
#       dec: !astropy.table.SerializedColumn
#         __class__: astropy.coordinates.angles.Latitude
#         unit: *id001
#         value: !astropy.table.SerializedColumn {name: sky_centroid.dec}
#       frame: icrs
#       ra: !astropy.table.SerializedColumn
#         __class__: astropy.coordinates.angles.Longitude
#         unit: *id001
#         value: !astropy.table.SerializedColumn {name: sky_centroid.ra}
#         wrap_angle: !astropy.coordinates.Angle
#           unit: *id001
#           value: 360.0
#       representation_type: spherical
#   astropy version: '5.1'
#   kernelfile: kernel_f150w_f277w.fits
#   make_catalog parameters:
#     ab_zpt: 31.4
#     coadd_bands: !!python/tuple [f277w, f356w]
#     deblend_contrast: 0.001
#     deblend_nlevels: 32
#     deblend_npixels: 1
#     detect_kernel_fwhm: 4.0
#     detect_kernel_npix: 7
#     detect_npixels: 4
#     detect_threshold_nsigma: 3.0
#     flag_isolated_buffer: 4
#     hst_bands: !!python/tuple [f606w, f814w, f125w, f140w, f160w]
#     jwst_bands: !!python/tuple [f115w, f150w, f200w, f277w, f356w, f410m, f444w]
#     near_border_kernelsize: 21
#     reference_band: f200w
#   make_catalog version: 1.4.0
#   photutils version: 1.5.0
# schema: astropy-2.0
label xcentroid ycentroid sky_centroid.ra sky_centroid.dec bbox_xmin bbox_xmax bbox_ymin bbox_ymax area semimajor_sigma semiminor_sigma orientation eccentricity min_value max_value local_background segment_flux segment_fluxerr kron_flux kron_fluxerr kron_radius gini equivalent_radius kron4_2_flux kron4_2_fluxerr kron4_2_mag
[from data line 2285]
2286 7822.079289140452 2785.900918526283 214.95669666209423 52.96369100906739 7820 7827 2781 2788 52.0 1.9677749256968988 1.1722100754877212 44.55951404209801 0.8032045461111197 -0.066765186915488 0.131936256910628 0.0 1.2962066257352565 2.0306778 3.305881050092691 5.5089962561354335 2.895164701055907 0.5654323302409517 4.068428945128219 -11.919693711315668 8.88482116401736 nan
2287 6390.933055849625 2783.857070044 214.96955517811534 52.97276078885161 6389 6392 2782 2786 14.0 1.285970266576928 0.7592639705258764 -66.3312131060199 0.8070953678385202 0.05480981862680716 0.15091847456481766 0.0 1.4061762433188003 1.1121181 4.517059760786175 3.968758839450459 3.003730781967081 0.15498475664866448 2.111004122822376 0.5621079707187069 6.371328873206805 32.02545064086564
2288 8970.827998404495 2796.832078053188 214.94628143909347 52.95646006602689 8946 8990 2784 2809 875.0 8.693059448981352 4.236259771842542 -0.8158235887255568 0.8732261573479331 0.10956114510745951 7.774887792446023 0.0 915.375319778226 9.061454 979.1527485095253 11.437284938224737 1.4131217074911386 0.49669945355121903 16.688952945311364 1006.4715023017088 17.990906574584432 23.892996293538733
2289 8526.28406938029 2786.1138602330416 214.95037987256495 52.95922337050177 8525 8528 2785 2787 9.0 0.9400802184854644 0.6987949269797217 -21.546806131823526 0.6689188655786036 0.335759927448789 0.47298064333976564 0.0 3.8053021208786757 0.8859592 29.297874148115593 3.657140622073025 3.5411169850275037 0.04921991102537278 1.692568750643269 47.158439521103425 5.765071799662978 27.21610143550018
2290 8721.279574335786 2793.33875628827 214.94855548004978 52.95802491602087 8711 8732 2787 2799 226.0 4.677714201434751 2.7620469788067754 2.909787291567168 0.8070600459247993 0.2050865355454545 1.5529054399206965 0.0 152.50349867494958 4.484424 214.3002173657532 8.954808626572513 1.952521648140734 0.2967257723673858 8.481629223064205 227.9699326175268 14.203889462937207 25.505306072842988
2291 7110.566749253642 2791.570565226029 214.96301832525273 52.968236457274244 7106 7115 2788 2795 60.0 2.159533092603218 1.7035968211988375 24.491719610007607 0.6145565683842094 0.06761177922724444 0.5766171058805429 0.0 18.13082201768053 2.3809855 26.32186288232618 4.757798074783334 1.8709489851457095 0.24035222602409673 4.370193722368317 25.468265417228004 7.494747821124651 27.88500158197446
2292 7886.304130790194 2797.7171656434753 214.95599622124186 52.96334728599736 7867 7903 2789 2805 432.0 8.028877211669903 2.7558743274727933 14.074336762873694 0.9392457971283248 0.09089104586284115 2.2388413960232127 0.0 310.41673846643863 6.177217 372.9251976962323 10.317286042009291 1.6885297660451568 0.36966387220864727 11.726460285670077 384.44827476883984 16.437706886959123 24.93790520918562
2293 877.4009702572112 2796.6454544748567 215.01892556059508 53.00780100484533 871 885 2792 2801 117.0 3.015162880369975 1.9580337666035954 16.55060470498499 0.7604506842775823 0.08155403427288087 2.2478796532957688 0.0 79.85267479600405 3.3458788 105.67677680263816 6.255796676125204 1.9226329364521724 0.3807991518981899 6.102643417692329 111.20815525242891 10.030490230978895 26.284658408430314
2294 7770.1357590088655 2795.2665556960405 214.95706381650947 52.964071211477254 7769 7771 2794 2797 9.0 0.9695174614000598 0.6770799643120118 -68.94843552775211 0.7157388807842505 0.2256651765985165 0.3010458147595864 0.0 2.406488962997812 0.8740848 13.699040811032905 3.5894025680712804 3.4259579171440633 0.06524634952114423 1.692568750643269 14.412204670084247 5.710292561746917 28.503173947546124
2295 2623.003489531332 2798.040004776252 215.00322873560435 52.996738814655906 2621 2625 2796 2800 19.0 1.4227286325318238 0.9695365725395646 -36.69784192559409 0.7318527956553874 0.23191285288918598 0.5146945375363744 0.0 7.110340885136523 1.3291862 23.371764767108672 4.509992664422559 2.947663188199817 0.13518493836618212 2.4592453796829674 30.831841696921305 7.209820509493129 27.677501331313703
2296 6771.031157896545 2797.762689755167 214.96599877260405 52.97042427314645 6769 6773 2796 2799 13.0 1.1380965723028298 0.8469350331691563 0.8074891101770382 0.6679925222704322 0.22820940617816804 0.389378744147148 0.0 3.9254343019672238 1.0416138 10.761346774628972 3.3241371366481967 2.612892862542719 0.11224848453146091 2.0342144725641096 10.864835202105784 5.340163235389784 28.80994214168788
2297 7236.666066835631 2801.1662761102775 214.9617861753994 52.967488169095475 7233 7241 2796 2806 73.0 2.4519835943342287 1.893974069898731 89.25306479048635 0.6351056721997032 0.0727759932537092 0.3532823414936492 0.0 14.661839426458563 2.5643418 66.00667223420557 9.51488201571943 3.3345817296722076 0.21777583812837334 4.820437914901168 75.33140180745642 15.191095779556639 26.707559877264195
2298 693.5974737740515 2801.968853663351 215.02052117937086 53.00899525685536 690 697 2798 2806 49.0 1.900143027085892 1.5444907368367287 53.562055584566934 0.5825028300041295 0.12021970040535945 0.7701477030135473 0.0 17.37358173590154 2.2023866 54.39392189709118 7.115047260267852 3.0252789147883057 0.27142559679615075 3.949327084834294 87.8515694736854 11.215539422844092 26.540626188504454
2299 6081.936090352544 2800.643314230544 214.97215063955517 52.97481192851323 6079 6086 2798 2804 40.0 1.8473895065338544 1.4212446842896493 38.87648828271348 0.6388564666854007 0.11620749188125107 0.5683583081906599 0.0 13.773639487598544 2.0182045 29.91170391623415 5.4971365295918675 2.4387322745593045 0.2036294745326477 3.5682482323055424 33.39392999910844 8.977797818118535 27.590831168859218
2300 4348.584296849292 2800.565554405169 214.9877077404262 52.985807654435746 4347 4350 2799 2802 11.0 0.9592724396468622 0.8209228435717364 -16.64077793376793 0.5173456521889908 0.26057901806782646 0.44602329789640666 0.0 3.8750905429792732 0.97263527 13.343676164352804 3.529624475416454 3.035799830141965 0.1182923226597959 1.8712051592547776 11.552589217645757 5.580029394832081 28.743301672132073
2301 2162.5582761309133 2801.3812879604266 215.0073292916596 52.999676991119884 2161 2164 2800 2803 14.0 1.0495546362316175 0.9573724091268919 -51.42298897422993 0.4098116871260111 0.21437211460611091 0.4927756962588293 0.0 5.405996712762449 1.1170726 16.18848142852955 3.6948320341159495 2.8207461095936934 0.10719118516233994 2.111004122822376 10.553033737819192 5.894266769129166 28.841556683570527
2302 1284.490170649161 2811.1322574946207 215.0151149755546 53.005297962790124 1277 1293 2802 2821 249.0 3.8403892832258144 3.3325678446862756 89.43174686010613 0.4969690973250198 0.15913355133473597 2.2134269782702325 0.0 159.15739966233832 5.082545 212.23456022529277 9.901289876931752 1.989605135786132 0.36334675057577476 8.902761462589227 238.66431826429783 15.765058066228454 25.45553126437317
2303 1643.2537207342841 2804.4148771508653 215.01196243822594 53.002986615042175 1642 1645 2803 2806 12.0 1.2752534279216223 0.7047721795309315 -46.48715029225471 0.8334116956037405 0.23361217974883078 0.3491791332641623 0.0 3.558003141990933 1.1286753 21.509859485054776 4.443862336180228 3.4013665412085494 0.07619801045940036 1.9544100476116797 20.570681643151573 7.0463450265565175 28.1168782925237
2304 3068.425947283172 2806.5872885028625 214.99913837026526 52.99396003704718 3065 3072 2804 2809 41.0 1.957078785899556 1.468150830410236 7.79177133242138 0.6612397769797612 0.4137850323549118 0.8616059725422834 0.0 25.50467694667903 2.0240643 60.1200616792258 5.980101975190803 2.562465373583819 0.12257835507919994 3.6125759969217834 71.6341772223594 9.536087227467302 26.76219930744042
2305 6588.098446255556 2807.7515788077994 214.9675345901463 52.97163892010456 6585 6591 2805 2811 42.0 1.898166219383369 1.474297391485495 43.56578904080502 0.6298761080828066 0.2895596774648916 0.8726916961406044 0.0 23.178335458019138 2.063792 42.71332758438661 5.0582456305235395 2.2923854899520246 0.172181810416713 3.656366395715726 56.8417557657518 8.029227127160423 27.013331289405365
2306 9875.564604421757 2825.329350511586 214.93787150520518 52.95087183592616 9859 9894 2807 2844 1007.0 7.881037202993345 5.076056571808388 -52.29222994459668 0.764954064757747 0.06545149412968258 4.990695282158157 0.0 920.9035741468622 9.857281 1048.140288886747 14.79721325673729 1.7329497409341326 0.5112954690684159 17.903576608797394 1134.514287829535 23.31287138637439 23.76297507583269
2307 703.5529241367997 2813.8061979884737 215.0203069676559 53.00899613768862 696 713 2809 2818 125.0 3.9945855770977596 2.076496096819677 20.85837283741121 0.8542711500189913 0.15554553090124662 0.7191876146063229 0.0 48.41256217227752 3.520746 125.0288384929856 10.697819275487046 2.735741587348501 0.19474286113614073 6.3078313050504 164.47294489162624 16.979373374044506 25.859763828641007
2308 3923.0848371199595 2811.5627731462105 214.9914117916543 52.988566086989394 3922 3924 2810 2813 9.0 0.9261083172665079 0.7040321464886171 72.02337063647198 0.6496833090337589 0.2094081320145496 0.3585662632049775 0.0 2.6001126253792552 0.8961603 7.68704117500827 2.981937093815002 2.8309397237677243 0.08878152116647978 1.692568750643269 4.377658465290106 4.7600261819290415 29.796895310224112
2309 3491.444724572296 2813.530727152107 214.99526659618917 52.99131454916488 3489 3494 2811 2816 30.0 1.5141800313557328 1.3046309222590171 -38.455161407084184 0.507572834103862 0.17709113290318712 0.6092394584772035 0.0 11.572491649542014 1.7040589 23.648724154678717 4.558449130000977 2.4434759314836025 0.18485741788521876 3.0901936161855166 26.241385425069346 7.321219279723624 27.852533099824463
2310 2803.613190179712 2825.3810138039607 215.00131852674411 52.9957411512494 2796 2812 2815 2836 280.0 4.585923645238355 3.49642707723103 83.9931423505733 0.6470755047733237 0.06668626812235928 1.384931718789461 0.0 134.11322371755418 5.0138087 201.57468812001326 11.334345174193436 2.1510478802540143 0.32252485165660255 9.440697438826296 232.49414782981145 17.960263863634196 25.483969935937292
2311 1045.8998487954862 2820.6000769399725 215.0171590125997 53.006862080445664 1043 1049 2817 2824 45.0 2.017309768590535 1.6157557581374364 66.6368220927684 0.5987368770552276 0.325627292085952 0.7110944644078364 0.0 24.560259290348856 2.1695364 78.10613390972227 6.936300205020759 2.838710440850306 0.10514579382656278 3.7846987830302403 103.25213902274903 11.062752597712926 26.365252356293816
2312 6122.860996916536 2819.659457108964 214.9715830905323 52.974655023156615 6120 6126 2817 2823 39.0 1.7487955668935018 1.4305441174081868 -56.55878373643139 0.5751943572982908 0.13913939614122844 1.0661191577141702 0.0 23.91375048924211 1.9928211 44.998458022656 5.181875749917758 2.3268058301482184 0.2274747341981874 3.523362819972964 55.510012832841696 8.321091805514127 27.0390716806691
2313 3747.3027637050054 2832.817129559295 214.9927660562078 52.989795934239915 3728 3766 2820 2849 795.0 6.003374300383967 4.651351936740277 -24.4898957447869 0.6322191748524096 0.14385972181019901 9.629956295356203 0.0 1297.2190538497605 8.931541 1376.2512835893044 11.236953336238011 1.543753807956776 0.5739296704298102 15.907745268142609 1464.0726645246782 17.390269648718437 23.486093419842035
2314 8637.901498820778 2831.230550748847 214.94890382099817 52.958758699498816 8629 8647 2821 2842 313.0 4.791609011722565 3.815361983039229 84.25196562276902 0.6049558199625474 0.10577813994348627 1.4442374128998916 0.0 145.88863969799894 5.1123037 264.9199801930892 12.996222685661348 2.414053308507251 0.30771578632619667 9.981532666656284 317.4134988881689 20.64095464363096 25.145936519031828
2315 9542.410346173174 2825.717303852673 214.94085343736396 52.95298844065865 9539 9547 2821 2830 71.0 2.3749865950327713 1.8822006971218237 -65.70255895822939 0.609858879349363 0.103316182271964 0.6582403741532331 0.0 26.12081814156992 2.5439394 71.21067679857971 7.946414120886502 2.862882031091241 0.22340735816912938 4.753945931439391 70.14074073988566 12.67379030414878 26.785074129870743
2316 3052.277844289878 2829.2398674168808 214.99904468578663 52.994184898057334 3046 3059 2822 2837 162.0 3.1122070504094275 2.693579175576618 63.85170209920123 0.5009289248226255 0.04503885663660828 1.6054104861633904 0.0 80.82424746844393 4.1089354 106.36933246562741 8.324807655781266 2.0866604779459217 0.3606078768127469 7.1809610472257885 135.41426383045018 13.294603964166505 26.070838967329088
2317 756.1922234820793 2825.8753722940824 215.0197067365248 53.00872762093295 754 758 2824 2827 13.0 1.267067018941611 0.8116017347419402 -31.292297749379337 0.7679283439106277 0.17040866637509489 0.2329588423716384 0.0 2.7433650720483915 1.0733837 31.70974532180483 4.9788776282185845 3.6520149053669404 0.047383872332774114 2.0342144725641096 59.60833133142424 7.925709512937483 26.961732588971767
2318 2526.19334998298 2827.6918326988307 215.00378578761175 52.99751307890524 2524 2529 2825 2832 33.0 1.7202319661117558 1.281467238250023 84.3617780275204 0.667133002193333 0.21647541588946342 0.7447821107136523 0.0 13.409427993057626 1.8011049 37.32157644953462 5.680449152571525 2.779897066397 0.2052602392780129 3.2410224072142872 66.39702202872667 9.115198959302797 26.84462849681693
2319 681.7783656047645 2831.394290273109 215.0203172952136 53.009229306768965 678 686 2828 2835 56.0 2.171550719839398 1.6191256534532463 5.310296873975668 0.66638477335293 0.13864271842136097 0.5891104601966676 0.0 18.593034438923414 2.2924764 31.84170708692983 5.5411786400137775 2.2188087542019233 0.2285600348318468 4.222008245644752 32.07286046515662 8.834805325942193 27.63465576288282
2320 3438.2542882667517 2829.96456257113 214.9955710399241 52.99174074329567 3436 3441 2828 2832 20.0 1.2736717293213533 1.0602120801721102 -27.371266860859812 0.554166159801934 0.23363631494382345 0.7292038156157111 0.0 9.489059817234285 1.395265 21.733200135198103 4.109922704858695 2.5950704729600163 0.1804863243262163 2.5231325220201604 28.255627207590564 6.57130625356147 27.772237619891285
2321 6084.729428711185 2830.8027617128187 214.97180781210506 52.97495715404506 6082 6088 2828 2834 35.0 1.6621840654643847 1.3498719857417127 -37.81969173438578 0.583507981939118 0.0929827779172475 0.5254575993235663 0.0 11.145209534009757 1.8827509 15.421846701494365 2.937212310250729 1.4 0.21068021923207422 3.3377905890622728 10.785262388092722 4.73913865135403 28.817923211866123
2322 7716.850471462594 2831.96810180186 214.9571550137565 52.96460758414176 7715 7718 2831 2833 11.0 1.0090603528629685 0.7528404616735498 6.056846079809959 0.6658555236242278 0.02492803878679947 0.0726115987755363 0.0 0.572782674780883 0.9470124 1.193705584464751 1.5709300274647027 1.4 0.17309071494126804 1.8712051592547776 1.074522679768055 2.507138684205968 31.321961033739466
2323 8313.846595555879 2840.415720240825 214.95171256355118 52.96086479628279 8305 8323 2831 2849 260.0 4.355306339674574 2.7408353106232073 55.6930799087089 0.7771548447511113 0.016521687072140988 1.8966050113699906 0.0 143.28899865943492 5.7562723 185.26054921351817 10.658484571781829 1.9933100731946105 0.44730722057028993 9.09728368293446 212.62036573470505 17.03441301012176 25.580987847855006
2324 7550.466961356445 2839.015147141752 214.95857294909405 52.9657014424097 7545 7556 2832 2845 116.0 3.1195477015075537 2.0114235655461243 -53.05642399899545 0.7643677719415963 0.1401791266857799 1.2587035830893405 0.0 61.36235374990774 3.3426578 74.08361776897972 5.846828968248062 1.7577042846847732 0.32954475950655304 6.076507779746499 78.19520328190913 9.243243250167012 26.66704971748117
2325 4130.919888442933 2839.654636908276 214.9892498862061 52.98739959648319 4126 4135 2834 2845 97.0 2.3251511668354405 2.0536272613629167 88.84408082793112 0.46895300977091187 0.027740711531944188 1.3421399623769428 0.0 46.256768958328834 2.8380337 60.71273141658047 5.5354251005888 1.9991554487611016 0.3941736756994126 5.556622981616415 65.72886930818945 8.862979770793366 26.85560959636578
