outputs/dr0.5_c0.1/nircam6_matched_f277w_f356w_dr0.5_c0.1.ecsv
# %ECSV 1.0
# ---
# datatype:
# - {name: label, datatype: int64}
# - {name: xcentroid, datatype: float64}
# - {name: ycentroid, datatype: float64}
# - {name: sky_centroid.ra, unit: deg, datatype: float64}
# - {name: sky_centroid.dec, unit: deg, datatype: float64}
# - {name: bbox_xmin, datatype: int64}
# - {name: bbox_xmax, datatype: int64}
# - {name: bbox_ymin, datatype: int64}
# - {name: bbox_ymax, datatype: int64}
# - {name: area, unit: pix2, datatype: float64}
# - {name: semimajor_sigma, unit: pix, datatype: float64}
# - {name: semiminor_sigma, unit: pix, datatype: float64}
# - {name: orientation, unit: deg, datatype: float64}
# - {name: eccentricity, datatype: float64}
# - {name: min_value, datatype: float64}
# - {name: max_value, datatype: float64}
# - {name: local_background, datatype: float64}
# - {name: segment_flux, datatype: float64}
# - {name: segment_fluxerr, datatype: float32}
# - {name: kron_flux, datatype: float64}
# - {name: kron_fluxerr, datatype: float64}
# - {name: kron_radius, unit: pix, datatype: float64}
# - {name: gini, datatype: float64}
# - {name: equivalent_radius, unit: pix, datatype: float64}
# - {name: kron4_2_flux, datatype: float64}
# - {name: kron4_2_fluxerr, datatype: float64}
# - {name: kron4_2_mag, datatype: float64}
# meta:
#   PHOTMJSR: 0.4047000110149384
#   PIXAR_SR: 2.11539874851881e-14
#   __serialized_columns__:
#     area:
#       __class__: astropy.units.quantity.Quantity
#       unit: !astropy.units.Unit {unit: pix2}
#       value: !astropy.table.SerializedColumn {name: area}
#     eccentricity:
#       __class__: astropy.units.quantity.Quantity
#       unit: !astropy.units.Unit {unit: ''}
#       value: !astropy.table.SerializedColumn {name: eccentricity}
#     equivalent_radius:
#       __class__: astropy.units.quantity.Quantity
#       unit: !astropy.units.Unit {unit: pix}
#       value: !astropy.table.SerializedColumn {name: equivalent_radius}
#     kron_radius:
#       __class__: astropy.units.quantity.Quantity
#       unit: !astropy.units.Unit {unit: pix}
#       value: !astropy.table.SerializedColumn {name: kron_radius}
#     orientation:
#       __class__: astropy.units.quantity.Quantity
#       unit: &id001 !astropy.units.Unit {unit: deg}
#       value: !astropy.table.SerializedColumn {name: orientation}
#     semimajor_sigma:
#       __class__: astropy.units.quantity.Quantity
#       unit: !astropy.units.Unit {unit: pix}
#       value: !astropy.table.SerializedColumn {name: semimajor_sigma}
#     semiminor_sigma:
#       __class__: astropy.units.quantity.Quantity
#       unit: !astropy.units.Unit {unit: pix}
#       value: !astropy.table.SerializedColumn {name: semiminor_sigma}
#     sky_centroid:
#       __class__: astropy.coordinates.sky_coordinate.SkyCoord
#       dec: !astropy.table.SerializedColumn
#         __class__: astropy.coordinates.angles.Latitude
#         unit: *id001
#         value: !astropy.table.SerializedColumn {name: sky_centroid.dec}
#       frame: icrs
#       ra: !astropy.table.SerializedColumn
#         __class__: astropy.coordinates.angles.Longitude
#         unit: *id001
#         value: !astropy.table.SerializedColumn {name: sky_centroid.ra}
#         wrap_angle: !astropy.coordinates.Angle
#           unit: *id001
#           value: 360.0
#       representation_type: spherical
#   astropy version: '5.1'
#   kernelfile: kernel_f277w_f356w.fits
#   make_catalog parameters:
#     ab_zpt: 31.4
#     coadd_bands: !!python/tuple [f277w, f356w]
#     deblend_contrast: 0.001
#     deblend_nlevels: 32
#     deblend_npixels: 1
#     detect_kernel_fwhm: 4.0
#     detect_kernel_npix: 7
#     detect_npixels: 4
#     detect_threshold_nsigma: 3.0
#     flag_isolated_buffer: 4
#     hst_bands: !!python/tuple [f606w, f814w, f125w, f140w, f160w]
#     jwst_bands: !!python/tuple [f115w, f150w, f200w, f277w, f356w, f410m, f444w]
#     near_border_kernelsize: 21
#     reference_band: f200w
#   make_catalog version: 1.4.0
#   photutils version: 1.5.0
# schema: astropy-2.0
label xcentroid ycentroid sky_centroid.ra sky_centroid.dec bbox_xmin bbox_xmax bbox_ymin bbox_ymax area semimajor_sigma semiminor_sigma orientation eccentricity min_value max_value local_background segment_flux segment_fluxerr kron_flux kron_fluxerr kron_radius gini equivalent_radius kron4_2_flux kron4_2_fluxerr kron4_2_mag
[from data line 528]
529 4308.578145822127 824.5020276124725 214.88029543604205 52.82990325387461 4307 4310 823 826 12.0 0.937695358716841 0.921882486571769 -14.546829556844775 0.18287350764317564 0.3245273312066785 0.48571071120766174 0.0 4.806705549871927 0.38797107 15.040946712650562 1.2367670973334646 2.847841024731105 0.0829737792897066 1.9544100476116797 15.682643294648221 1.9369454841099485 28.411451838897786
530 1008.2789624149308 827.4096328658269 214.90974770471783 52.85087688171911 1004 1013 824 831 68.0 2.2524527846739497 1.7665300128478065 -21.81991856622742 0.6204203057606024 0.13927653616860194 0.957756974098109 0.0 31.174147172693516 0.81228876 42.57800383086379 1.482535703346859 1.7514879724901586 0.27337338583664333 4.652426491681278 41.31340347059687 2.4362888854294913 27.359772564022265
531 2815.42370427552 840.9028994875397 214.8934584115261 52.83947465753438 2804 2826 824 859 598.0 6.761159194903323 4.041631297466905 86.48129473739206 0.8016662017980373 0.1387130218648506 3.8256763511743914 0.0 449.7533744256003 2.5603786 602.0942959677114 4.945852240965913 2.094801756592394 0.44325454215628657 13.796713809378915 794.7429500305636 7.979066503191949 24.149433289789354
532 2742.566674440817 833.8228079889768 214.89418368162276 52.839899125037135 2738 2747 827 840 93.0 3.206215394024203 1.9021947117338391 -76.93138909537025 0.8049935905652194 0.1581012265223351 0.5867263002384796 0.0 33.49248775806968 0.9516197 92.37576019912991 3.1538974494747194 2.885024723188615 0.18624975699520635 5.440847306724618 153.55268967520672 4.974486922654782 25.934356429803014
533 3758.065451393829 828.9241853995393 214.88516491255018 52.833423548907696 3756 3760 827 831 22.0 1.304161048635056 1.190721780073534 -43.67013401960229 0.40792052769466736 0.21721129864381813 0.4210389005005145 0.0 6.996738912361996 0.5088108 17.800142873494345 1.5895711018290524 2.6367039140337885 0.09931648845875052 2.6462837142006137 25.024632886501763 2.4895577651169614 27.90408071234748
534 8267.581459328963 835.8538373176378 214.84484632423406 52.80481391044037 8256 8279 827 845 354.0 4.605431261079903 3.1050610341103835 -20.601428899998012 0.7385331057894955 0.155294185068405 6.245294219268353 0.0 434.5130206580383 2.1294875 466.58895267247385 2.935593803501084 1.6014814140124045 0.49875145660469605 10.61516366850092 499.7764965865822 4.629430537949076 24.6530604291612
535 8956.928070901286 841.610689666809 214.83863833015428 52.800464623337355 8945 8969 830 852 451.0 4.534171883304234 3.5579612519542088 31.85309675870152 0.6198766776073514 0.1506157391451965 9.279184399810603 0.0 597.2018870813923 2.5695615 636.0823585799496 3.1382101229515835 1.4949610647329976 0.5547623899549836 11.98155910843366 670.7315508587578 4.8523600016602915 24.333628160488104
536 9081.720371141177 832.422395606571 214.83762215693764 52.79962208538923 9080 9084 830 835 23.0 1.4747360900339426 1.1439304766186127 -80.25695657106974 0.6311204147319457 0.20795604320586497 0.3448420843057388 0.0 6.589039767305795 0.47420454 28.85933454986376 1.8752732210379834 3.1434895048166194 0.07787668467198874 2.7057581899030048 33.104911322345075 3.034761399962011 27.600268927798886
537 2842.443580415699 841.0910679843723 214.89321506660315 52.839304084745514 2834 2850 831 851 275.0 4.209198576169102 3.102080824617511 70.59348818873153 0.6759182656417535 0.19867466311486748 3.0525045819527596 0.0 229.1210569098335 1.8728718 319.8065327171031 3.681524783717077 2.1263601003985233 0.4089007442787041 9.356025796273888 363.143163195621 5.683552442434085 24.999805319444647
538 357.02946464960513 836.5966720505455 214.91547233223014 52.85506124748252 356 359 832 842 31.0 2.79585480776867 0.8468057437766465 -88.76352745382994 0.9530290151287786 0.1815916063044952 0.39453265649236186 0.0 10.137915587098426 0.5429062 108.14526097261249 2.441128873870672 3.602182183256471 0.08611317948980242 3.141274657157109 216.72165002333125 3.8534251293163413 25.560244253587783
539 7326.210692593106 837.836925470861 214.85322248030226 52.81080585400299 7321 7331 832 844 118.0 2.8302543119250303 2.3697148464499875 -69.88961604035853 0.5467746225547816 0.21415295022552797 1.4386087805332817 0.0 70.74944474302288 1.231732 109.2122970648384 2.8177211233497323 2.2368882953030473 0.2940976484559581 6.128667601500942 140.45121011865413 4.316683345157175 26.031186286481926
540 305.19363709735836 843.7960947471629 214.9158600205403 52.855429202695326 299 311 833 854 214.0 4.488686913173746 2.484142284375078 -79.4078324443373 0.8329003874195159 0.1184362623743076 1.7113129967582048 0.0 136.18062090567014 1.4699296 175.27542173795706 2.8365569592954336 1.9341573825114435 0.3564754515497416 8.253382073025046 197.65980081085024 4.54148297683674 25.660204116564067
541 339.42850112073285 834.4870072652163 214.9156518557695 52.85516160414252 338 340 833 836 9.0 1.0772047630477697 0.618396754803029 -86.41198018546402 0.8188024398891287 0.18556924001107625 0.34508233473204075 0.0 2.640174077513006 0.3022906 39.24296650936449 1.3928979651958444 3.808550690135853 0.09295011363265775 1.692568750643269 78.83388229964446 2.149737917588489 26.658217713473682
542 6198.591718344703 839.4043132516183 214.86326737474965 52.817978156384136 6196 6201 836 843 38.0 1.6499872285807087 1.459770779798887 78.66755894825886 0.46612967221694956 0.27316184149487793 0.9525338687741538 0.0 21.473914913807903 0.5906536 42.99755960700544 1.72965056315845 2.5713824968444694 0.21134896792926522 3.477898169151024 48.65175123328791 2.7767020660851687 27.18225380640967
543 2082.251105373685 840.5527191193883 214.90001220108508 52.844128550038825 2079 2086 837 844 43.0 2.16202555909569 1.4706665058156976 -36.61324426496582 0.7330022301175151 0.19678058175425256 0.3930256181335271 0.0 13.407670762495323 0.6538164 34.31647727289148 2.130257534368683 2.6634541114543957 0.09874662335994172 3.6996385101659595 32.173315330740536 3.476517681645229 27.631260461231285
544 340.094263014617 847.5614671570316 214.9155084375534 52.855227952207336 339 342 844 851 23.0 2.0598629034989737 0.873711883202774 -88.35950539882862 0.9055871662307422 0.2704926794163618 0.4304312188057014 0.0 8.19997912912635 0.47077248 89.56326869650931 2.182947288892544 3.679146336307502 0.0780608637370425 2.7057581899030048 186.39148065753608 3.4460788199066936 25.723934854257337
545 6300.447699687415 849.9212150534889 214.86224786187475 52.817387812300865 6293 6307 844 855 145.0 3.0231756555850855 2.182543032502582 0.615941065132678 0.691958559743607 0.13474728863692498 2.7947338389460836 0.0 112.14816116091725 1.2430398 131.97493713204858 1.9497587049395038 1.7147911462947543 0.43910826942654607 6.793742230659745 141.70095115143664 3.0814417867355446 26.021568086476726
546 2781.071760947032 849.3489590747627 214.8936764834548 52.8397383816394 2777 2785 845 853 63.0 2.210072564572387 2.094390014752484 -75.13075585361527 0.31929113541879006 0.18674877924607883 0.3899947442043271 0.0 18.886675902095032 0.7825275 53.3638720724198 2.609324959509277 2.7751164204431373 0.09963534426426689 4.478115991081385 98.28255367872696 4.19826848675162 26.418808919394948
547 8575.82483322685 862.5656221274984 214.84181654614247 52.80299928955453 8568 8583 845 875 332.0 5.541172041329363 3.2101486368255334 -78.8591050551227 0.81509547439581 0.20349240074790842 2.343108055996274 0.0 210.91150100067676 2.1630933 303.3185550021957 4.228840897474723 1.986793359013406 0.3722740798433074 10.280023453913834 297.6423308400697 6.460157571487043 25.215763257891837
548 2365.9143553887966 854.4981456444464 214.89733119639365 52.84240253245517 2361 2371 846 862 141.0 3.439455245820249 2.1761576226678 78.22096493404139 0.7743936034676682 0.15372864669938618 1.4461434659767325 0.0 74.25409597262384 1.1735418 98.66107309138056 2.344861861859013 1.9287925006918523 0.34661721696084785 6.699380116989518 100.92282558434516 3.83649124181881 26.39002649708773
549 3930.957621220829 850.1785085478514 214.88339749782617 52.83244015995471 3928 3934 846 854 54.0 2.1964526020764965 1.6328707708006405 -70.81064906995294 0.6688329759477698 0.21770135138446542 0.6284545203799814 0.0 20.334521988452792 0.7740037 51.43131808821799 2.4789898182705046 2.7245058248485146 0.1699656106836493 4.145929793656026 62.8227986333591 3.856552774352977 26.90470680133249
550 357.7571255849972 852.5132211513937 214.91529847855858 52.85514254363837 357 359 850 855 16.0 1.6146426146897503 0.7446138954559127 -89.07972718485429 0.8873152893759391 0.21324897423782088 0.36808122556835166 0.0 4.907248157460299 0.38897395 56.926429411032316 1.8028132560294434 3.71566717935986 0.09326880217362414 2.256758334191025 108.32586833818667 2.8399148889825176 26.313169552457452
551 10054.763193471617 863.5095043308993 214.8286204082675 52.7936060170055 10046 10063 850 879 407.0 6.421874580278578 3.3623746375443333 -82.28927925280092 0.851975602472743 0.14622386108496002 3.038781272596189 0.0 370.66734511990086 2.292882 421.6475429284257 3.5694654033974618 1.5449944650284575 0.36920430196431037 11.382096629215674 431.32274371285615 5.609620369845359 24.812994102093
552 840.1996074300733 861.352712836452 214.91089310769277 52.85212725115042 837 844 852 870 100.0 4.5042841503671305 1.655145403816999 79.51202351930836 0.9300392253976324 0.2029531473990421 0.4151863291569171 0.0 31.745397968054274 0.9942831 242.42745632909464 4.274065092521778 3.564429695975807 0.10459974543967257 5.641895835477563 397.86971172560203 7.004579622611503 24.900647801864533
553 6636.77931190534 857.3403270729049 214.8591686445538 52.815291145744666 6632 6642 852 863 102.0 2.9031961334344367 2.047483034528653 -53.2545415356541 0.7089573420627114 0.17112347383025378 1.0074484591705366 0.0 46.755786120922885 1.0509125 78.44076513588635 2.5148706080214582 2.2708289094889 0.27265327163402914 5.698035485213008 86.38249199041485 3.975320910876092 26.558935678595944
554 7282.415323979895 859.4892497626753 214.85338559812016 52.81120086387979 7278 7287 855 865 83.0 2.6054565820931233 2.3525279122649816 84.46481262305606 0.42980134651058954 0.2914302996410562 0.5953292558084695 0.0 33.93776331978433 0.94013846 87.827391585177 2.9682524806347135 2.635049951009536 0.10227541746562688 5.140011726956917 98.39856928146057 4.693777457558839 26.417528040448172
555 381.0309960017867 860.9570795279994 214.91500164519397 52.85504036140865 375 387 856 865 100.0 2.966340413892778 2.114470823662797 2.7383478981617086 0.7013456360640352 0.1915628488531712 0.8233283044820007 0.0 42.98661487953921 1.0453123 57.8382189889503 1.9567751511494693 1.701488487327031 0.2241021889654424 5.641895835477563 54.60756576715991 3.0366353955214604 27.05686795627387
556 1218.5714670768311 858.0162389697234 214.9075464421361 52.84970686687832 1214 1224 856 860 45.0 2.517520896356058 1.244495132241019 -7.856727276203426 0.8692722852272178 0.2209863210001586 0.5385255307583444 0.0 15.803770353969641 0.7314726 48.98391511921153 2.33814472034564 2.919308608304128 0.1482426100335457 3.7846987830302403 82.97053511463916 3.7758247559653593 26.602690272343505
557 2034.1075771954595 861.7173784845177 214.90021984731436 52.844548474291464 2031 2037 859 864 32.0 1.4785056919961947 1.4278598594695238 22.769461427001506 0.25949200105677256 0.323258895862061 0.9720080800934555 0.0 19.569984629856688 0.55576175 31.552228722846664 1.2715065436092263 2.04568422287183 0.1792382304627909 3.1915382432114616 32.73366667231887 2.062806286471243 27.61251336082377
558 1249.9671079437203 869.2478930144287 214.90714776903388 52.84956814315385 1241 1261 860 878 306.0 4.881638068214979 3.1636435130006926 -33.40987847410481 0.7615807163035218 0.19188040780709073 2.395435785857295 0.0 195.50938593226076 1.8732876 253.9405267098549 3.6026606801474808 1.9494734101363196 0.38430935011670114 9.869286963719311 277.5509701760078 5.742515143884955 25.291643125646097
559 2756.605911544654 872.0613700551843 214.89365625967758 52.840016305707124 2746 2768 864 880 292.0 4.498709377532668 3.272878108424155 -13.951651262417307 0.6860918805082157 0.2031021359405735 2.4150614207501335 0.0 198.83017860649085 1.7878611 284.6325821272909 3.760004901067348 2.1580580506381297 0.3716278302718954 9.640875829802336 348.45858546771615 5.965580851814995 25.04462207670997
560 3951.139711017486 876.0450447632417 214.88294534517786 52.83245153071665 3945 3957 864 887 154.0 5.663726119482003 1.7990510440484204 63.66716308474858 0.9482099015023308 0.24125442393770838 0.8062104842780057 0.0 72.45454123864485 1.376316 131.25248901739957 3.5295479633888305 2.3574794761029083 0.17702291310985985 7.001408606295148 159.65854157039794 5.584173628143809 25.89201960546934
561 3537.2041681493965 868.2509487613091 214.88672394594226 52.835038417887645 3535 3540 865 871 28.0 1.4901263766975903 1.3104726106256088 -78.272032280141 0.4760148751652121 0.2121916198727532 0.4895252329451908 0.0 9.422768964550352 0.5181089 24.243961392339767 1.6940173789388016 2.7305293651271403 0.13789141852542644 2.985410660720923 31.260728298164345 2.8546925085085486 27.66250227051141
562 1107.6300068503335 874.6395772304313 214.90836318060516 52.85050099228721 1097 1117 866 883 275.0 4.563316905015317 3.001457763701554 -31.215344351140764 0.7532485426650453 0.1470481816900116 2.0826928080424567 0.0 184.33426798562812 1.7270445 235.05010591951492 3.3072545322962665 1.9443578974394324 0.38288781024896845 9.356025796273888 273.96094602611066 5.241918899528242 25.305778356947343
563 1407.5270707596083 869.4539466246017 214.90573751498997 52.848568835301045 1405 1410 868 873 27.0 1.1831244605309692 0.8335104447072881 -29.693436655423724 0.7097046065659941 -0.02661563437631627 0.0543529730794071 0.0 0.3738430428938244 0.6716048 0.7194063256582555 1.201470332474171 2.225857789702847 0.5016646496534978 2.9316150714175193 1.1500287593009682 1.865127734770424 31.248228247269143
564 2311.8164959100545 878.956993176208 214.89755737289215 52.84287804865566 2305 2319 870 887 193.0 4.241892077769471 2.445700596201803 -59.21435075146443 0.8170555942492146 0.13433146295325502 1.3083708738770123 0.0 106.06994958281801 1.4545779 155.11204594943666 3.039554973505791 2.097970074388401 0.33924125078667544 7.837972188868215 166.64457015588718 4.841716425483954 25.84552208139257
565 2711.376661020944 872.3586337205973 214.89405717487415 52.840305133670384 2710 2713 871 874 13.0 1.0959931860989602 0.9012573916038945 43.618174749420966 0.5690249601031607 0.24168773437895233 0.2908006990814884 0.0 3.463634231825614 0.3564175 30.43347987619374 1.5626242779399089 3.5790527090922155 0.03168377463254142 2.0342144725641096 48.845334885530605 2.5604651522126116 27.177942271276507
566 3113.4831841063688 876.4368699372841 214.890422403339 52.8377735522319 3110 3117 873 880 48.0 1.7742781817276976 1.7547238240684335 37.86056379470045 0.14805600196832233 0.20339548740972285 0.6174301154237206 0.0 17.775411451688708 0.71144795 35.44155540375215 1.9177280001345092 2.4512118765777484 0.19223170065797246 3.9088200952233594 42.21324462890894 3.025182057969241 27.33637816366308
567 840.5552303152516 875.4747355413897 214.91074145017978 52.85220121680619 839 842 874 877 11.0 1.0007201411259588 0.8349325206893562 75.86255889847216 0.5512627693353304 0.2300472767308072 0.348349924742912 0.0 3.304776900192907 0.3165642 42.96602300965409 1.4731337870297603 3.73810611260434 0.07366271183823142 1.8712051592547776 95.23904273498701 2.3553310317307066 26.452962446045944
568 1450.4819651359705 875.0120201453768 214.90529520918068 52.84832608919777 1450 1451 874 876 6.0 0.8061218259897107 0.49965451977859265 89.59388698179673 0.7847400070525923 0.3333689899272952 0.3970447874957871 0.0 2.187430139815907 0.26618087 12.389194297924373 1.0393064329269799 3.468684017323173 0.03485781548632806 1.381976597885342 15.74552520665803 1.6556766472518485 28.407107121222253
