outputs/dr0.5_c0.1/nircam2_matched_f115w_f277w_dr0.5_c0.1.ecsv
# %ECSV 1.0
# ---
# datatype:
# - {name: label, datatype: int64}
# - {name: xcentroid, datatype: float64}
# - {name: ycentroid, datatype: float64}
# - {name: sky_centroid.ra, unit: deg, datatype: float64}
# - {name: sky_centroid.dec, unit: deg, datatype: float64}
# - {name: bbox_xmin, datatype: int64}
# - {name: bbox_xmax, datatype: int64}
# - {name: bbox_ymin, datatype: int64}
# - {name: bbox_ymax, datatype: int64}
# - {name: area, unit: pix2, datatype: float64}
# - {name: semimajor_sigma, unit: pix, datatype: float64}
# - {name: semiminor_sigma, unit: pix, datatype: float64}
# - {name: orientation, unit: deg, datatype: float64}
# - {name: eccentricity, datatype: float64}
# - {name: min_value, datatype: float64}
# - {name: max_value, datatype: float64}
# - {name: local_background, datatype: float64}
# - {name: segment_flux, datatype: float64}
# - {name: segment_fluxerr, datatype: float32}
# - {name: kron_flux, datatype: float64}
# - {name: kron_fluxerr, datatype: float64}
# - {name: kron_radius, unit: pix, datatype: float64}
# - {name: gini, datatype: float64}
# - {name: equivalent_radius, unit: pix, datatype: float64}
# - {name: kron4_2_flux, datatype: float64}
# - {name: kron4_2_fluxerr, datatype: float64}
# - {name: kron4_2_mag, datatype: float64}
# meta:
#   PHOTMJSR: 2.962800025939941
#   PIXAR_SR: 2.11539874851881e-14
#   __serialized_columns__:
#     area:
#       __class__: astropy.units.quantity.Quantity
#       unit: !astropy.units.Unit {unit: pix2}
#       value: !astropy.table.SerializedColumn {name: area}
#     eccentricity:
#       __class__: astropy.units.quantity.Quantity
#       unit: !astropy.units.Unit {unit: ''}
#       value: !astropy.table.SerializedColumn {name: eccentricity}
#     equivalent_radius:
#       __class__: astropy.units.quantity.Quantity
#       unit: !astropy.units.Unit {unit: pix}
#       value: !astropy.table.SerializedColumn {name: equivalent_radius}
#     kron_radius:
#       __class__: astropy.units.quantity.Quantity
#       unit: !astropy.units.Unit {unit: pix}
#       value: !astropy.table.SerializedColumn {name: kron_radius}
#     orientation:
#       __class__: astropy.units.quantity.Quantity
#       unit: &id001 !astropy.units.Unit {unit: deg}
#       value: !astropy.table.SerializedColumn {name: orientation}
#     semimajor_sigma:
#       __class__: astropy.units.quantity.Quantity
#       unit: !astropy.units.Unit {unit: pix}
#       value: !astropy.table.SerializedColumn {name: semimajor_sigma}
#     semiminor_sigma:
#       __class__: astropy.units.quantity.Quantity
#       unit: !astropy.units.Unit {unit: pix}
#       value: !astropy.table.SerializedColumn {name: semiminor_sigma}
#     sky_centroid:
#       __class__: astropy.coordinates.sky_coordinate.SkyCoord
#       dec: !astropy.table.SerializedColumn
#         __class__: astropy.coordinates.angles.Latitude
#         unit: *id001
#         value: !astropy.table.SerializedColumn {name: sky_centroid.dec}
#       frame: icrs
#       ra: !astropy.table.SerializedColumn
#         __class__: astropy.coordinates.angles.Longitude
#         unit: *id001
#         value: !astropy.table.SerializedColumn {name: sky_centroid.ra}
#         wrap_angle: !astropy.coordinates.Angle
#           unit: *id001
#           value: 360.0
#       representation_type: spherical
#   astropy version: '5.1'
#   kernelfile: kernel_f115w_f277w.fits
#   make_catalog parameters:
#     ab_zpt: 31.4
#     coadd_bands: !!python/tuple [f277w, f356w]
#     deblend_contrast: 0.001
#     deblend_nlevels: 32
#     deblend_npixels: 1
#     detect_kernel_fwhm: 4.0
#     detect_kernel_npix: 7
#     detect_npixels: 4
#     detect_threshold_nsigma: 3.0
#     flag_isolated_buffer: 4
#     hst_bands: !!python/tuple [f606w, f814w, f125w, f140w, f160w]
#     jwst_bands: !!python/tuple [f115w, f150w, f200w, f277w, f356w, f410m, f444w]
#     near_border_kernelsize: 21
#     reference_band: f200w
#   make_catalog version: 1.4.0
#   photutils version: 1.5.0
# schema: astropy-2.0
label xcentroid ycentroid sky_centroid.ra sky_centroid.dec bbox_xmin bbox_xmax bbox_ymin bbox_ymax area semimajor_sigma semiminor_sigma orientation eccentricity min_value max_value local_background segment_flux segment_fluxerr kron_flux kron_fluxerr kron_radius gini equivalent_radius kron4_2_flux kron4_2_fluxerr kron4_2_mag
[from data line 1422]
1423 9948.282732844928 3448.0673646347204 214.85853066670748 52.88139492769915 9945 9951 3445 3451 37.0 1.5603043851313505 1.4167271174119627 -24.53215181229196 0.4190108108800758 0.16448325086392868 0.7794308038263315 0.0 14.79802215525731 1.7103736 22.10471076215218 3.82884405300827 2.056354361587717 0.2579707458734168 3.431831258788849 23.378066635170228 6.0912836423569106 27.977978519547467
1424 8903.151494464671 3449.989667694646 214.86785165930633 52.88804469646372 8900 8907 3446 3454 57.0 1.8656526249179382 1.6755683101065109 71.616811717149 0.43976318447224333 0.08917527254518579 0.8177160200921376 0.0 19.150485807711746 2.1118772 32.25366121272477 5.112663224857094 2.332033182955743 0.33622543076407446 4.259537945889915 35.853342668685166 8.166375181049851 27.51367587022125
1425 1774.465678292431 3450.613033816801 214.93163652493521 52.93331479403302 1772 1777 3447 3454 43.0 1.8374547107453252 1.4398087813832547 -83.74505084593613 0.621279905393969 0.14794857063280914 0.6263653060191802 0.0 14.418174289786727 1.8566521 25.65368252982919 4.676495394800865 2.3471436254130085 0.23380469904635454 3.6996385101659595 27.17543820133215 7.448620853169562 27.81455861057094
1426 916.1544412514398 3458.6868007451853 214.9392411225662 52.93880630011129 903 931 3448 3470 538.0 6.150744676907289 3.9482216218028547 -18.27290168250991 0.7667803830958583 0.035718302439687204 2.5245064929096164 0.0 351.8243356562277 6.7706738 397.4837526907856 10.784495188296805 1.719346085484077 0.45813054109216766 13.086279790944385 425.15149172531665 17.12198357840491 24.828640731948777
1427 3556.556352730562 3450.9219618630264 214.91567365673419 52.922003509991995 3554 3559 3448 3453 27.0 1.3503927392812047 1.2642561220425472 -70.19383802555686 0.35143134793287206 0.1327167679851746 0.6794839976578044 0.0 10.651362263689691 1.508996 23.399843247566228 4.450194675256185 2.621268366136523 0.23311940370395573 2.9316150714175193 27.848754758752047 7.117904703221552 27.787985548217844
1428 9298.449745770125 3453.7759354338928 214.86427834405623 52.885553993686706 9296 9301 3450 3458 37.0 2.0577056222030676 1.2364047483046352 59.661400696485224 0.7993499855103744 0.38299624303773233 0.9513224756574638 0.0 23.256567627920422 1.7554026 49.94190698006108 4.896013601157047 2.431918143306076 0.1507111258585114 3.431831258788849 63.767239113379446 7.839854231312387 26.888505964893515
1429 1202.2196345739019 3460.189282016902 214.9366622224187 52.936998742274916 1194 1211 3453 3468 208.0 4.121764767444178 2.5730534591134226 39.852518181018205 0.7812165353347416 0.15789444821815649 1.9655672012257297 0.0 142.1763573945923 4.1762505 174.20899823170527 7.706118042004948 1.8729041985823351 0.36712520555570227 8.136857890256438 184.97434182265334 12.233465047044154 25.732221273285035
1430 9645.011995632594 3456.4657038220503 214.86115254658696 52.883366883175995 9644 9646 3455 3457 7.0 0.8533942495694378 0.5348493576956709 27.06339506716459 0.7792350010732746 0.0041418440273599975 0.0239302593251814 0.0 0.0865246932796316 0.77509314 4.267397669843238 3.793941997424098 4.331394010732238 0.35615707764146914 1.4927053303604616 0.614796979834271 6.047607441127371 31.928170686553585
1431 1009.4644501797073 3463.0171095435517 214.93835945883018 52.938237445973805 1004 1015 3456 3471 143.0 3.164952574287052 2.2591525386590345 78.81394513820915 0.7003465741886927 0.046674277066980054 1.099058058451833 0.0 53.20040600119543 3.438483 61.714614794388766 5.2493692804309795 1.553925592797372 0.3845630081551899 6.746726148605861 63.03099772900385 8.3398796925722 26.901114545736203
1432 1593.9394233157539 3465.6088517873504 214.9330957788716 52.93454164836047 1586 1602 3457 3473 217.0 3.1498361126027423 2.9451672555189834 61.643332849698645 0.354588706444074 0.06006494941926902 2.192410120221804 0.0 112.39886454584551 4.297593 136.34783795208867 7.309674903528079 1.8944909756116772 0.4729252648761828 8.311031542587394 161.29697707363113 11.604294990515546 25.880934429521137
1433 7026.489173620347 3465.8958032346336 214.88446469331492 52.90005053375339 7018 7034 3460 3472 162.0 3.2028672370756417 2.308892309967466 1.8995792990094125 0.6930568555099426 0.09621867139539435 2.4504910438793464 0.0 110.89003342915167 3.3289225 130.4566611893772 5.548520554797531 1.7976927168599837 0.436134749838906 7.1809610472257885 145.30985729966676 8.785910473583664 25.99426230930578
1434 1141.0188167124245 3461.7217874378957 214.93719440989958 52.93739546708197 1140 1142 3461 3462 4.0 0.6696233028020211 0.4479951342421323 1.211306407940821 0.7432393570894296 0.3122383755538416 0.40420747202831353 0.0 1.4528728284993409 0.65452635 11.883509096376233 2.604478884887358 3.5366365855993096 0.07644186797598572 1.1283791670955126 14.107435340199647 4.066809210072954 28.52637982897988
1435 9454.771053516315 3465.98980409592 214.86275256174588 52.884626808968555 9452 9457 3464 3468 20.0 1.361082742217849 1.046966423084581 -16.48470650703708 0.63898902251843 0.13054019762526872 0.2836675324564708 0.0 4.128593184482045 1.3180172 17.271321288214143 4.90044158757572 3.193932568884881 0.12390858590563648 2.5231325220201604 35.95641792402878 7.832147961542155 27.510558950947953
1436 3092.3121788531084 3470.388148769159 214.91962543043564 52.92505588554433 3087 3098 3465 3476 113.0 2.822867753519928 1.9988036829484854 -44.23750861809918 0.7061366670247814 0.07078517934045206 1.2880137912727425 0.0 53.21202711378352 2.899653 63.80892593099567 4.999967435986226 1.7484966486907574 0.3810578756774173 5.997417539138688 65.53752571416355 7.997162358433314 26.85877489719833
1437 1797.542265734496 3483.484930614025 214.93108363017137 52.9333457994362 1783 1814 3467 3508 656.0 8.942087990161443 3.508779304710373 -51.702849881229234 0.9197992537969686 0.017096762034118775 3.862564190779343 0.0 492.3404065775809 7.2578907 567.2363884136621 11.522319944236108 1.6661441317271275 0.4841914820591568 14.450303987687134 606.2965503577096 18.306374735827482 24.44328725690258
1438 2507.7533312970054 3470.9393479493087 214.9248544650035 52.928769782016964 2505 2511 3467 3475 44.0 1.8759545838488698 1.619765861792187 -70.24088304698216 0.5044591815063184 0.11393140292251186 0.3428598065494503 0.0 9.430492747595148 1.8417258 45.51139313879358 7.1621427324463935 3.3371164034008576 0.1635173880225738 3.742410318509555 97.54127031792689 11.465928903303327 26.427028981803886
1439 6237.025853266351 3479.5315920748117 214.89138299420839 52.905137854607425 6223 6251 3468 3492 483.0 6.011909422917724 3.4789153240027186 38.16543180862921 0.8155613521732618 0.0563893844849435 2.6991027928816447 0.0 313.3548154101998 5.761352 348.7333696351509 8.31800530012658 1.5845573028417568 0.4740030724827223 12.399341717477219 366.25324154462317 13.244727668672914 24.990546307183575
1440 2488.50013038376 3485.17070216519 214.92487702810354 52.928968833371535 2475 2500 3470 3497 515.0 4.879209023074735 3.6403791029836965 59.93210108950508 0.6658336184432736 0.027165088378928316 5.069666255066936 0.0 348.0876431855979 6.441293 379.9421187762695 9.347052579330297 1.7917916759634926 0.5985342026131302 12.80349918517013 430.70911342549914 14.832159542464785 24.8145398471286
1441 6317.662928251353 3488.3389314192036 214.89056887375656 52.904673282707385 6307 6328 3471 3505 499.0 7.299636609381001 4.136212434926768 70.06699915287544 0.8239705335278912 0.06643620781080219 0.9419869153045449 0.0 165.88616163618804 5.754708 271.6071736036582 13.778999797503122 2.195401560232526 0.2914423550003808 12.603040633343667 318.09314949158147 21.96038715097725 25.143614209580228
1442 816.5578504875091 3477.9159753372346 214.93993102222393 52.93954227070021 810 823 3473 3483 116.0 2.883300544974767 2.2658473768849525 -14.105837499612965 0.6184146676265049 0.1117188558703239 1.0788516885402866 0.0 52.759530451831736 3.1074586 69.02985275413486 5.736335754808168 1.7863664554016636 0.30351155995407847 6.076507779746499 66.88794998451701 9.148417351196247 26.836630285796964
1443 973.112277148314 3480.0499592775873 214.93850579105344 52.93856014992283 968 978 3474 3486 115.0 2.631326747771634 2.2657033436667744 -58.70461954817405 0.5085206574867999 0.07893439836435057 1.2639409027147488 0.0 49.87824750066948 3.0586982 66.1948546963564 6.002414639317678 1.9558104210381575 0.35775439152383914 6.050259243299904 71.7211446428862 9.62792890461492 26.760881969688942
1444 8348.675719982522 3481.386070177308 214.872478091529 52.891736170511315 8344 8355 3475 3488 119.0 3.4130652562369326 2.135136664928616 53.98356128835365 0.780162067859992 0.06125568833173881 0.837143787588005 0.0 43.44435570081109 2.9463465 67.30741720594784 6.50014865618582 2.0140860695543323 0.27078202426541786 6.154581744998688 59.99216056038465 10.369617728169995 26.954763742699438
1445 2700.8797565844407 3479.522412808231 214.92303449477785 52.927590130622825 2696 2707 3476 3484 68.0 2.667847445768296 2.0230237825027455 -14.14730857283319 0.6519079043596543 0.07096423207586601 0.3583843359460481 0.0 13.781663760284346 2.2668324 57.952026222941676 8.61960304997075 3.07417689583052 0.2082603348692948 4.652426491681278 80.76335245074691 13.734174406550931 26.631964154959867
1446 3257.394353093994 3483.295514816595 214.91801132802678 52.9240775377933 3253 3262 3476 3490 125.0 3.0476265346334688 1.9568836735918456 78.4012057028471 0.766620155304433 0.08636349601976662 1.4587353054897725 0.0 54.45803661926799 3.087537 65.17386622853844 4.749701011239232 1.6020608280292525 0.4076416405120198 6.3078313050504 64.74391283391039 7.582363600054474 26.87200264328723
1447 8368.96524898387 3481.735130219028 214.87229301529277 52.89160917421227 8366 8372 3479 3485 37.0 1.5967572745109684 1.4307850651664218 -8.705300613087338 0.4439396107174562 0.11132263612670251 0.4780248147040568 0.0 9.834063119033315 1.6263173 13.282498538713742 2.5794299723485494 1.4382724619749607 0.23424390867126485 3.431831258788849 12.890439312884823 4.099305966429221 28.62433070353066
1448 8928.578378775888 3481.3941307321375 214.86729373515755 52.88805256097823 8926 8932 3479 3485 39.0 1.5107733264601946 1.474931772721842 75.73758615374972 0.21652974302719172 0.1652680855176753 1.4321231731360384 0.0 25.90563401469425 1.8353447 48.26554160120551 4.669806098831492 2.5029779786807294 0.31276883540461703 3.523362819972964 62.28124559410997 7.445832208211614 26.914106775855522
1449 6283.008987173386 3483.2267221033576 214.8909327163058 52.904865772653466 6282 6284 3482 3485 10.0 0.9775970939554808 0.7758185202172978 87.74684047064792 0.6084432211711737 0.16323546745255546 0.21039841726676253 0.0 1.8246755589171522 0.806737 19.693471862396308 3.6920104062078116 3.722750705548 0.04808909971178644 1.7841241161527712 31.990813909461096 5.868129989216546 27.637436776165856
1450 6687.729065924364 3489.2162488445124 214.8872492142111 52.90232781575991 6686 6689 3485 3492 29.0 2.094331405518533 1.0393871388645275 -84.25298535902726 0.8681591496225033 0.2009267706303369 0.5220758987115041 0.0 10.217773424030945 1.3676677 48.77709990339787 5.25711199704528 3.182831169862294 0.15463379546413958 3.0382538898732494 56.363285065113764 8.415195991561427 27.02250925625613
1451 1286.1226816066821 3489.7958419413435 214.93559871432066 52.9366260607619 1282 1290 3486 3493 56.0 2.2205768426322074 1.6476176866684595 20.348237106337894 0.6704249660788884 0.24166316946165337 0.7888946096007261 0.0 26.07326225980502 2.0875347 48.45068769660965 5.615805181360734 2.3860782541993353 0.187404230136818 4.222008245644752 55.763541276785205 9.01405413755433 27.034124135153007
1452 6276.002005551039 3488.7173062009124 214.89093758948889 52.90493989696343 6274 6279 3487 3491 27.0 1.4086388067454332 1.2203294062894547 -15.872252698577913 0.49949255478942706 0.19177006795944254 0.917941741926907 0.0 14.487029822497995 1.3856094 32.07242066448701 3.8829248849496727 2.6176699571906306 0.2344472479965913 2.9316150714175193 42.45874200725478 6.2232773415647555 27.330082193783568
1453 1696.7174811506038 3491.796550573109 214.93189928217288 52.934030666016234 1694 1700 3489 3495 35.0 1.861301328191132 1.3046135163018702 36.40091534812141 0.7132450788270043 0.13158545228921367 0.37038939372081464 0.0 8.69086365933965 1.6834607 22.672749654275766 5.300503293414437 2.729105582005029 0.1515637571946979 3.3377905890622728 30.024126187863136 8.426690949161271 27.706324058256563
1454 1083.084909738723 3492.054886224684 214.93739402455708 52.93792697293762 1082 1085 3491 3493 10.0 0.9630207488374084 0.7700437419797863 -4.341316375589003 0.6005158859829268 0.13250607279561186 0.21105102862202502 0.0 1.6552514511898575 0.9011507 19.376568980190306 4.051986641029864 3.757150509860265 0.09078561267914434 1.7841241161527712 37.82975572737813 6.521871133478484 27.4554161575132
1455 1922.125332560317 3491.943189135063 214.92987858305597 52.93260066169171 1921 1923 3491 3493 8.0 0.8334698938721031 0.6693348055800459 48.34995985340509 0.5958844765084231 0.2862459859675573 0.45770169492185636 0.0 2.8879736805014433 0.803217 8.586733619276176 2.5976767303915844 2.8401010442106065 0.09604846750518517 1.5957691216057308 7.600911843954336 4.149786618388696 29.197835761060137
1456 7093.343820823652 3503.226426201736 214.88347369205638 52.8998273343365 7084 7103 3493 3513 275.0 4.288497170355005 2.548232868375145 46.81832973149317 0.8043159731882367 -0.004849786216830924 1.6994224744532989 0.0 109.18150043803614 4.173863 116.14000569931214 5.144397415575067 1.4 0.5113265366235258 9.356025796273888 118.60459449798884 8.224069674806962 26.21474621742781
1457 7920.758062092297 3501.059141068144 214.87609706741654 52.89456036548375 7910 7931 3494 3509 266.0 4.441443576360336 2.7421521697699993 -11.946270419544126 0.7866485086239491 -0.007941466642321537 1.5326090158266754 0.0 128.47835088537246 4.1526093 146.64198237131836 6.3756949088566355 1.6328028629279627 0.44654144458365924 9.201653640780462 155.78795402806804 10.127951268649731 25.918665315654003
1458 9198.70750984932 3498.02143517739 214.86470405572646 52.8864262497457 9197 9201 3495 3500 20.0 1.5811968977899615 0.8648470863690282 -53.097145276059734 0.837160546665173 0.07161511315704086 0.3248539657054477 0.0 4.53092905259496 1.2556579 11.543388462371603 3.6161552046106147 2.53271969498349 0.18952108876382232 2.5231325220201604 7.343845996361042 5.81785359837886 29.235191097637905
1459 297.52491893200255 3502.664678238151 214.94432146600064 52.94297008549331 288 307 3496 3509 212.0 4.142569793328805 2.4165817898150204 -13.778689772305146 0.8122185166679797 0.09465140804286507 2.296587312054336 0.0 127.14097429827277 4.01992 167.69471851440443 7.829266835661234 2.047154616401706 0.41478445406445746 8.214724333230155 188.58874081709283 12.509458493534837 25.711210598018074
1460 2367.499921766651 3516.047120668633 214.92563556745787 52.92990363875558 2338 2371 3498 3526 631.0 3.4269910067218823 0.7780343257090702 84.84411455204172 0.9738874551288751 -3.44699877802418 5.5252881319044995 0.0 6.131136693271758 25119712.0 77.92422264698337 26941727.065958314 4.025776945874141 0.9636343360461284 14.172280627406865 132.9152797202608 40843962.09119851 26.091062726033805
1461 6860.980802076494 3509.154258700231 214.88548958796278 52.901335074877544 6855 6866 3500 3517 149.0 3.8042997223403328 2.240221780349148 -82.66602605322157 0.8082308688827562 0.08407838144979378 0.9300421440073051 0.0 63.68023129271492 3.1909602 88.05715816837625 6.700989722171167 2.026833755212672 0.3081818297511421 6.886811529393324 97.17646914010764 10.681952309288128 26.43109721216446
