outputs/dr0.5_c0.1/nircam6_matched_f150w_f277w_dr0.5_c0.1.ecsv
# %ECSV 1.0
# ---
# datatype:
# - {name: label, datatype: int64}
# - {name: xcentroid, datatype: float64}
# - {name: ycentroid, datatype: float64}
# - {name: sky_centroid.ra, unit: deg, datatype: float64}
# - {name: sky_centroid.dec, unit: deg, datatype: float64}
# - {name: bbox_xmin, datatype: int64}
# - {name: bbox_xmax, datatype: int64}
# - {name: bbox_ymin, datatype: int64}
# - {name: bbox_ymax, datatype: int64}
# - {name: area, unit: pix2, datatype: float64}
# - {name: semimajor_sigma, unit: pix, datatype: float64}
# - {name: semiminor_sigma, unit: pix, datatype: float64}
# - {name: orientation, unit: deg, datatype: float64}
# - {name: eccentricity, datatype: float64}
# - {name: min_value, datatype: float64}
# - {name: max_value, datatype: float64}
# - {name: local_background, datatype: float64}
# - {name: segment_flux, datatype: float64}
# - {name: segment_fluxerr, datatype: float32}
# - {name: kron_flux, datatype: float64}
# - {name: kron_fluxerr, datatype: float64}
# - {name: kron_radius, unit: pix, datatype: float64}
# - {name: gini, datatype: float64}
# - {name: equivalent_radius, unit: pix, datatype: float64}
# - {name: kron4_2_flux, datatype: float64}
# - {name: kron4_2_fluxerr, datatype: float64}
# - {name: kron4_2_mag, datatype: float64}
# meta:
#   PHOTMJSR: 2.251199960708618
#   PIXAR_SR: 2.11539874851881e-14
#   __serialized_columns__:
#     area:
#       __class__: astropy.units.quantity.Quantity
#       unit: !astropy.units.Unit {unit: pix2}
#       value: !astropy.table.SerializedColumn {name: area}
#     eccentricity:
#       __class__: astropy.units.quantity.Quantity
#       unit: !astropy.units.Unit {unit: ''}
#       value: !astropy.table.SerializedColumn {name: eccentricity}
#     equivalent_radius:
#       __class__: astropy.units.quantity.Quantity
#       unit: !astropy.units.Unit {unit: pix}
#       value: !astropy.table.SerializedColumn {name: equivalent_radius}
#     kron_radius:
#       __class__: astropy.units.quantity.Quantity
#       unit: !astropy.units.Unit {unit: pix}
#       value: !astropy.table.SerializedColumn {name: kron_radius}
#     orientation:
#       __class__: astropy.units.quantity.Quantity
#       unit: &id001 !astropy.units.Unit {unit: deg}
#       value: !astropy.table.SerializedColumn {name: orientation}
#     semimajor_sigma:
#       __class__: astropy.units.quantity.Quantity
#       unit: !astropy.units.Unit {unit: pix}
#       value: !astropy.table.SerializedColumn {name: semimajor_sigma}
#     semiminor_sigma:
#       __class__: astropy.units.quantity.Quantity
#       unit: !astropy.units.Unit {unit: pix}
#       value: !astropy.table.SerializedColumn {name: semiminor_sigma}
#     sky_centroid:
#       __class__: astropy.coordinates.sky_coordinate.SkyCoord
#       dec: !astropy.table.SerializedColumn
#         __class__: astropy.coordinates.angles.Latitude
#         unit: *id001
#         value: !astropy.table.SerializedColumn {name: sky_centroid.dec}
#       frame: icrs
#       ra: !astropy.table.SerializedColumn
#         __class__: astropy.coordinates.angles.Longitude
#         unit: *id001
#         value: !astropy.table.SerializedColumn {name: sky_centroid.ra}
#         wrap_angle: !astropy.coordinates.Angle
#           unit: *id001
#           value: 360.0
#       representation_type: spherical
#   astropy version: '5.1'
#   kernelfile: kernel_f150w_f277w.fits
#   make_catalog parameters:
#     ab_zpt: 31.4
#     coadd_bands: !!python/tuple [f277w, f356w]
#     deblend_contrast: 0.001
#     deblend_nlevels: 32
#     deblend_npixels: 1
#     detect_kernel_fwhm: 4.0
#     detect_kernel_npix: 7
#     detect_npixels: 4
#     detect_threshold_nsigma: 3.0
#     flag_isolated_buffer: 4
#     hst_bands: !!python/tuple [f606w, f814w, f125w, f140w, f160w]
#     jwst_bands: !!python/tuple [f115w, f150w, f200w, f277w, f356w, f410m, f444w]
#     near_border_kernelsize: 21
#     reference_band: f200w
#   make_catalog version: 1.4.0
#   photutils version: 1.5.0
# schema: astropy-2.0
label xcentroid ycentroid sky_centroid.ra sky_centroid.dec bbox_xmin bbox_xmax bbox_ymin bbox_ymax area semimajor_sigma semiminor_sigma orientation eccentricity min_value max_value local_background segment_flux segment_fluxerr kron_flux kron_fluxerr kron_radius gini equivalent_radius kron4_2_flux kron4_2_fluxerr kron4_2_mag
[from data line 2212]
2213 4175.145076032754 2713.535202952584 214.86162383985447 52.84094023585948 4171 4179 2709 2719 84.0 2.6717396842824774 2.0282432388514033 76.27898362729675 0.6509191893393218 0.062067309328757495 0.5127714025083071 0.0 25.795955947373457 2.5029402 67.83379508184893 8.010728692310279 2.783994834383917 0.21271621495889675 5.170882945826411 79.90836195326602 12.744636249786192 26.64351942968297
2214 6319.332732917364 2713.971737820372 214.84248062247903 52.82731940651586 6316 6322 2709 2719 58.0 2.528043666191211 1.529154652698929 79.21511049278446 0.7963191604769985 0.14120402058116016 0.5483123893152275 0.0 17.285828531026617 2.2991753 35.88271836304205 6.715711622093373 2.5647474276296895 0.20046255457241782 4.296739856991561 42.47856947984532 10.610636803190708 27.329575292756104
2215 4439.452135235621 2714.9474833421345 214.85924918150064 52.83926873311441 4434 4445 2710 2720 98.0 2.5397965752556404 2.0921173217334745 -46.76098392550971 0.5669761491502056 0.1573577668411977 1.3983824057359948 0.0 54.02088466667069 2.828493 71.42231755456697 5.711694861132064 1.9882288101758165 0.3259579921145772 5.585191925620057 77.4852272385054 9.043488806872373 26.67695272245514
2216 6255.496248515908 2714.650601491705 214.84304310264898 52.8277286987945 6250 6261 2711 2720 88.0 2.5949683898845715 2.067171943568518 -17.80382652026666 0.6044965546196374 0.07296942365501626 0.5782715757910578 0.0 24.285455092942986 2.7886422 61.07827219983581 8.502327343273311 2.7985667236675353 0.263125977549357 5.292567428401227 104.56867187315063 13.582330126687285 26.35149601980229
2217 2027.9516915999736 2713.318665251919 214.88080360289734 52.85457825776622 2027 2029 2712 2714 7.0 0.7488058235074884 0.6806105876283556 -4.691424286510933 0.41695308033638273 0.16912503636601126 0.221502289482353 0.0 1.370736798284803 0.71540517 7.169348616665401 2.809503491669633 3.3044117793336385 0.06288146493590417 1.4927053303604616 10.484007299715774 4.561874248164341 28.848681713346124
2218 2863.898996904727 2716.5447363605667 214.8733020432834 52.84928600583597 2861 2868 2714 2719 30.0 1.6400889598914121 1.2473800321186652 6.093553331950067 0.6492719587352711 0.13143508229971054 0.5101630993317009 0.0 9.76401632168643 1.5861579 25.946575413193415 4.958806669488923 2.7148994759196814 0.19486372680181155 3.0901936161855166 24.76426281109525 7.876570461499988 27.9154364891956
2219 9342.566292407091 2723.6209970923164 214.81541471272644 52.808157942703545 9338 9348 2718 2728 89.0 2.3728746148385436 2.2280021102387026 -46.34454218271802 0.34406341250266315 0.1962032982248573 1.3061396475013292 0.0 53.07702212700447 2.8209574 99.07870331001259 6.894073090453691 2.428380555438947 0.2686234784145204 5.322553886092406 115.9444895871587 11.101619980440125 26.23937471736571
2220 1570.2764601667748 2725.3361681436218 214.884766443279 52.8575498936493 1565 1575 2719 2732 112.0 2.793676393201867 2.157285891466094 57.45425027009386 0.6353756332401153 0.07529245519165087 0.9740493595795459 0.0 38.547217625058565 3.0656056 127.77182613500491 9.624500574977175 3.0661001442222204 0.3440522247866058 5.970821321441846 256.878087002091 15.62086004853946 25.375682354164546
2221 3443.126007922489 2723.0600304825725 214.8680602770497 52.845641817175405 3439 3447 2719 2727 62.0 2.226536950419873 1.758119457030544 32.01980305600746 0.6135953861464956 0.09246496254302387 0.7023233623745331 0.0 24.29182071771633 2.4370427 46.38316233765099 6.651273977007845 2.4908276025559717 0.21837975639420854 4.442433223290478 70.63682349702732 10.423539723375999 26.777422097497894
2222 8677.29339199963 2740.947868417612 214.82116408190845 52.81247984513952 8653 8705 2720 2767 1659.0 6.107627297442808 5.509611795861623 -1.2591770721482358 0.43155401080382444 0.003180991305744757 31.03082530129539 0.0 2150.260594942822 11.658974 2111.4357002836714 10.510540695521835 1.4 0.7507132378186472 22.979906465843346 2264.897676647421 15.823230903426191 23.01237853431683
2223 1467.3530374826423 2726.213523786325 214.8856768920735 52.85820829877544 1463 1472 2722 2731 71.0 2.033682756716648 1.897572346445503 67.45181738924347 0.3596897636451847 0.1308763850265828 0.95842582604106 0.0 25.612551912230348 2.646547 78.64807412951112 7.884995997244788 3.093447537229896 0.33164878418923327 4.753945931439391 132.05598599851186 12.577350662505843 26.098104769421692
2224 2815.1472766978586 2722.9177056217013 214.87367046778388 52.84963005043635 2814 2817 2722 2724 11.0 0.9704130380198772 0.7753818488534175 -14.020786459930076 0.6013011301619555 0.20863136750417258 0.5381269844675596 0.0 4.424603976747911 0.9358812 12.845068603146625 2.892565946552087 2.737175502088892 0.1556124136481054 1.8712051592547776 13.944694081560948 4.625654768649407 28.5389775220942
2225 287.47248265622005 2733.0938874563512 214.89614937522714 52.865738395961316 276 301 2724 2743 362.0 4.958077283647261 2.7299760160633992 24.091830852324705 0.83476140934072 0.0020872945374625835 3.902354864555845 0.0 239.4167186551203 5.6399784 264.23735433651893 8.332795064145738 1.7445204272543413 0.5452953360622099 10.734438914006276 287.598468442182 13.122290735117957 25.2530335776151
2226 2495.960711791861 2725.597327768919 214.87649344284554 52.85167191780518 2494 2498 2724 2727 15.0 1.1120845590045463 0.953817197765615 -22.861663253150244 0.5141770668730764 0.09634604787253563 0.2617767915622523 0.0 2.8049411013893573 1.0818392 9.676498010252171 3.9297739325007055 2.9554714755253566 0.14086853302480531 2.1850968611841584 8.893193603564104 6.194445408374927 29.027355632630286
2227 6358.044908201938 2727.8163957828087 214.841989597914 52.82714806123706 6355 6361 2724 2732 46.0 2.3145719594696947 1.3444656664759338 62.07573933638876 0.813996263151705 0.16936409624490137 0.5481931187293352 0.0 15.094351528439157 2.0330977 39.22220309303263 6.299811042399337 2.746206965947551 0.16559017397211923 3.826519928662906 62.3710795599602 10.03005192810405 26.9125418470681
2228 10255.93370037483 2729.725129045689 214.80720882921887 52.802384930078865 10250 10262 2725 2735 112.0 2.490716985524477 2.1420974944339837 -30.95190825891741 0.5102392981329269 0.09194137427116239 1.5075903382752058 0.0 50.336375477316665 2.8981342 60.79940063337963 4.553022317262172 1.630144095961699 0.40877871411486427 5.970821321441846 60.41626256828813 7.350661769355114 26.947115360689487
2229 3414.354461238751 2735.481394474946 214.86818657810446 52.84589158105914 3403 3425 2727 2745 283.0 5.6364789676969185 2.493128749491211 -35.62799114212279 0.8968571804849707 0.09955286328159045 1.9237994131703853 0.0 178.1484593536013 5.1217856 227.69387251652887 9.527528461711016 1.9256980955429146 0.3947320164465552 9.491137855389772 269.24446501103614 15.217366245791816 25.324633039850923
2230 1526.8878886017692 2735.7463212764296 214.88504464064223 52.85788162250921 1522 1531 2730 2741 85.0 2.971960721649375 1.9903800104839018 -54.51834747985807 0.7426141720055673 0.0962988055244994 0.45870830433447624 0.0 21.251107033135366 2.721637 118.26145210342378 10.692119972686447 3.394138375714663 0.19818401057068616 5.201570947860099 209.5619116350203 17.136548230910382 25.596719121371045
2231 3890.41089297602 2741.5988059899883 214.8638710672941 52.84290043140335 3879 3900 2730 2754 386.0 4.69683016835222 4.30639121097363 13.33191210659869 0.3991817518928882 0.025784914166719252 2.1067300649890672 0.0 193.01569133206237 5.6129165 225.9167048158992 10.554419489386543 1.8491377941951879 0.4076085038588668 11.084566571000565 247.31020340585636 16.841737279391165 25.41689491338864
2232 1452.1538599174987 2740.879111894799 214.88565844572517 52.85838395384246 1436 1469 2731 2751 530.0 5.542900165743761 3.7089975593965487 1.4568501747041571 0.7431329002579511 0.1053172995557339 4.834386258699575 0.0 440.73003899039065 7.0507607 527.7276048125675 11.27911917111648 1.8862814237630567 0.5176638752390516 12.988619621707652 610.6494625777127 17.78466781437532 24.435520051949986
2233 6216.472123727813 2752.7844085926886 214.84299028709557 52.828182265301514 6198 6237 2732 2776 1336.0 6.84107800729561 4.9337196607624225 -77.58442794107727 0.6927369147371146 0.023940245306260963 25.815000003072797 0.0 1870.0709816360388 11.567211 1903.4039334270838 12.309000693265707 1.5267180726541114 0.6874378325654633 20.62188177498708 2103.329054609521 19.116997343358925 23.09273194735922
2234 6707.189236393881 2736.766268835355 214.838780252965 52.824977704161455 6706 6709 2735 2739 13.0 1.2065119163628861 0.8014042546142933 -78.54214181923889 0.7475261702358836 0.12409245152930379 0.2611600234202303 0.0 2.79207989611702 1.1024065 16.727988435758466 4.488767041082862 3.396855164841739 0.09457035036302479 2.0342144725641096 23.16949379532078 7.189648892163547 27.987708636317077
2235 10151.90801347547 2736.0950306219606 214.8080690189278 52.803080531201424 10151 10153 2735 2737 7.0 0.9035584334064297 0.5385062029272676 -45.05278426757272 0.8029964453975182 0.18299342931926 0.28205573215720076 0.0 1.7100190401907387 0.7521938 20.224111894575223 3.2888706075598653 3.767514390240167 0.09401592281762078 1.4927053303604616 32.38485394060528 5.146833731408914 27.62414514330862
2236 1580.7925353685953 2741.4872513501696 214.8845025917754 52.857570243140906 1576 1587 2737 2745 72.0 2.6920539363898697 1.8188274656707581 -31.758171254010417 0.7372425519302171 0.14585548611888297 0.5229899796131735 0.0 23.632608618743806 2.4495094 74.49679344326523 8.354831955865357 2.9244631348190624 0.17874831624852747 4.787307364817192 124.30128128791992 13.341945457487384 26.163810986654024
2237 1112.4828828162142 2745.512643050918 214.88864506109638 52.86056617091967 1101 1124 2739 2752 231.0 4.760508143318594 2.2464882540972617 15.629314806858693 0.8816515783039642 0.05555746223789353 1.8437754422783412 0.0 88.22779072701064 4.5367756 108.83431806577511 7.670336765087254 1.8371187648585878 0.44435427533088034 8.574939283076915 119.1378095047872 12.159008495355302 26.209875973005413
2238 3775.050275293588 2741.933300351267 214.86489766160372 52.8436350769924 3773 3777 2740 2744 18.0 1.3811784340221562 0.905175238338707 42.02973590148559 0.7553128118696969 0.23816669093555867 0.48499028764243507 0.0 6.321105984798123 1.212503 33.80673453115608 4.766052557303618 3.3267697200481514 0.14351486727612206 2.393653682408596 61.30156909662621 7.637419212225788 26.931321022460693
2239 3801.8395856949733 2748.2267526385017 214.86459225114413 52.84349883883092 3795 3809 2741 2757 188.0 2.671317770300815 2.5753803268703854 -68.31898733896818 0.2655898996370707 0.044427289043929334 5.326344546348944 0.0 192.65899330399475 4.046616 210.6894758639258 5.753763963928551 1.7142554424131193 0.5469907656304202 7.735777827895049 234.73364765566208 9.19414426519011 25.473561631097354
2240 7220.4829338004365 2746.4468237264537 214.8340991898416 52.8217680577847 7218 7223 2743 2750 38.0 1.8945380180349645 1.3321371440771381 -73.7522595572414 0.7110453353874665 0.229524870138672 0.790966670208047 0.0 18.594050760309376 1.8098665 39.581338403255515 5.0739691296171445 2.490689865793465 0.1828796642301969 3.477898169151024 48.841464264637075 8.059342676093255 27.17802831101325
2241 10204.877197574537 2747.7296160168185 214.80747457139765 52.802806505259476 10197 10212 2743 2753 140.0 3.7370423845210823 2.4309700168759005 -6.849680484541915 0.7595007660144888 0.09647114804785542 0.7562073092944037 0.0 53.73896035107013 3.3538644 79.62686163498586 7.076100979656985 1.9120864406048892 0.22537782920005855 6.6755811781245455 68.41061751106265 11.310555934013072 26.8121912234549
2242 4011.3326335913575 2749.5471381180987 214.86270773716132 52.84217511998274 4008 4015 2746 2753 48.0 1.918075003775838 1.8846910135403214 65.38987179487722 0.18576048607162735 0.076276897148927 0.23810608330656638 0.0 7.121863312041995 1.8965 53.456431968058205 8.485080153328534 3.5828055889095594 0.1810552138431408 3.9088200952233594 81.37024370286326 13.474446635507544 26.623835958239727
2243 2278.8590646053576 2749.600457642363 214.8781804011513 52.85318035532899 2276 2281 2747 2752 24.0 1.37853156173722 1.267424099946497 68.56755184387464 0.3933201359588899 0.5758621639602604 1.2769291978331394 0.0 22.42080659475553 2.4626956 92.52108957051483 8406639.634302028 3.10164996011573 0.12351435800434325 2.763953195770684 131.80158481234844 16366092.73425024 26.10019841913651
2244 8377.54985771634 2751.996924180953 214.82372078049897 52.81444449432211 8376 8381 2748 2754 35.0 1.6655177331858861 1.039435937507939 -86.51450094508415 0.7813510363823783 -0.0668462185267647 0.07034508076339428 0.0 0.25009205578487387 1.5059748 0.4463750821999271 2.091792502220427 1.4 0.4366458740977394 3.3377905890622728 -1.227202528146491 3.3886233405727255 nan
2245 1697.0610038197053 2751.8688804412222 214.88335450677187 52.856887815368175 1695 1699 2750 2754 22.0 1.3623904165362475 1.171469836371914 -23.09933686514267 0.5105239517088869 0.14686750303005575 0.26432959591989574 0.0 4.620341727173769 1.3835471 33.389769043512466 5.4973913024067 3.482607134561509 0.10895268220458004 2.6462837142006137 52.39887614472889 8.943526582952106 27.101695069247597
2246 2913.4763303682953 2754.754905164716 214.87245732537474 52.84917720299895 2908 2920 2750 2760 125.0 2.8712179596189236 2.211591070339298 -17.710659082209112 0.6377271550575098 0.13231377201502328 2.0413872005212808 0.0 68.3677558518144 3.29638 121.7370722092779 8.00689781663212 2.510528643991499 0.3909857658659327 6.3078313050504 163.4993866394768 12.723894384520289 25.86620968059166
2247 8996.715867511335 2757.609826760637 214.81814076354752 52.810539404190756 8985 9005 2750 2765 230.0 4.72514729662543 2.870069606644177 -18.879148538773318 0.7943936983322551 -0.030593722641489227 0.6035639584273944 0.0 53.35583684793963 4.0925946 72.77621666761871 9.15182929055258 2.0686192292061123 0.34714078931096665 8.556358677747903 87.86176130156198 14.708900631119715 26.540500237485464
2248 7318.906614172093 2752.171969082625 214.8331609925457 52.82117344533859 7318 7320 2751 2753 8.0 0.8667961946626135 0.6815252238678309 44.453401084535635 0.6178986599211255 0.5508988506291889 0.7052005609816985 0.0 4.955412146298331 0.8239334 96.02185913175575 3.946121284055125 3.9721961096007177 0.04568216458260989 1.5957691216057308 211.36292792603942 6.28416238446303 25.587427958950634
2249 2934.7129549162732 2756.2283521808768 214.87225214492648 52.849050255549976 2933 2937 2753 2759 28.0 1.6141479782055603 1.2244666683173577 80.53586983052374 0.6515753730902448 0.2347273496813905 0.6047464207040757 0.0 11.89029239649869 1.5521054 36.73244343633588 5.103795169223679 2.8703008967540455 0.14460548595406025 2.985410660720923 63.09714744593225 8.183538697238527 26.89997568574442
2250 6307.959614088785 2768.2722601985192 214.84201105080808 52.82768443240478 6302 6314 2753 2784 313.0 6.469340856678017 2.7820314151555463 -86.41449073129846 0.9028130694116765 0.12561556537276572 1.2728664334752706 0.0 149.56870573011983 5.284349 268.06165510474847 13.727721115565043 2.422282113420103 0.2916250495580894 9.981532666656284 319.18215613479384 21.670122709095093 25.139903489644187
2251 9811.516153259343 2756.4746482768132 214.81088879401335 52.805354127269595 9809 9815 2753 2760 42.0 1.9046002688243835 1.4514792977914148 71.36841543880935 0.647469573114738 0.2780990317576463 1.0420678118080957 0.0 27.197371554821707 1.8743769 47.43193485773777 4.29334711796238 2.0787238590494295 0.18015471406017744 3.656366395715726 50.321185881238094 6.794395916948833 27.145622831883454
2252 886.1225049304031 2754.4145466503574 214.89057438258243 52.86205175307252 885 887 2754 2755 5.0 0.7551638521261577 0.4452290304256267 20.226068502335806 0.8077104450043459 0.2512031416954876 0.3811931325591953 0.0 1.5682483368523705 0.62336075 10.43042576175781 2.592299805718616 3.609049452961325 0.10520979394712948 1.2615662610100802 10.721325739747094 4.135326903245514 28.82437877218242
