outputs/dr0.5_c0.1/nircam3_f125w_dr0.5_c0.1.ecsv
# %ECSV 1.0
# ---
# datatype:
# - {name: label, datatype: int64}
# - {name: xcentroid, datatype: float64}
# - {name: ycentroid, datatype: float64}
# - {name: sky_centroid.ra, unit: deg, datatype: float64}
# - {name: sky_centroid.dec, unit: deg, datatype: float64}
# - {name: bbox_xmin, datatype: int64}
# - {name: bbox_xmax, datatype: int64}
# - {name: bbox_ymin, datatype: int64}
# - {name: bbox_ymax, datatype: int64}
# - {name: area, unit: pix2, datatype: float64}
# - {name: semimajor_sigma, unit: pix, datatype: float64}
# - {name: semiminor_sigma, unit: pix, datatype: float64}
# - {name: orientation, unit: deg, datatype: float64}
# - {name: eccentricity, datatype: float64}
# - {name: min_value, datatype: float64}
# - {name: max_value, datatype: float64}
# - {name: local_background, datatype: float64}
# - {name: segment_flux, datatype: float64}
# - {name: segment_fluxerr, datatype: float32}
# - {name: kron_flux, datatype: float64}
# - {name: kron_fluxerr, datatype: float64}
# - {name: kron_radius, unit: pix, datatype: float64}
# - {name: gini, datatype: float64}
# - {name: equivalent_radius, unit: pix, datatype: float64}
# - {name: kron4_2_flux, datatype: float64}
# - {name: kron4_2_fluxerr, datatype: float64}
# - {name: radius_kron20, unit: pix, datatype: float64}
# - {name: radius_kron50, unit: pix, datatype: float64}
# - {name: radius_kron80, unit: pix, datatype: float64}
# - {name: near_border, datatype: bool}
# meta:
#   PHOTMJSR: 0.3925000131130219
#   PIXAR_SR: 2.11539874851881e-14
#   __serialized_columns__:
#     area:
#       __class__: astropy.units.quantity.Quantity
#       unit: !astropy.units.Unit {unit: pix2}
#       value: !astropy.table.SerializedColumn {name: area}
#     eccentricity:
#       __class__: astropy.units.quantity.Quantity
#       unit: !astropy.units.Unit {unit: ''}
#       value: !astropy.table.SerializedColumn {name: eccentricity}
#     equivalent_radius:
#       __class__: astropy.units.quantity.Quantity
#       unit: !astropy.units.Unit {unit: pix}
#       value: !astropy.table.SerializedColumn {name: equivalent_radius}
#     kron_radius:
#       __class__: astropy.units.quantity.Quantity
#       unit: &id001 !astropy.units.Unit {unit: pix}
#       value: !astropy.table.SerializedColumn {name: kron_radius}
#     orientation:
#       __class__: astropy.units.quantity.Quantity
#       unit: &id002 !astropy.units.Unit {unit: deg}
#       value: !astropy.table.SerializedColumn {name: orientation}
#     radius_kron20:
#       __class__: astropy.units.quantity.Quantity
#       unit: *id001
#       value: !astropy.table.SerializedColumn {name: radius_kron20}
#     radius_kron50:
#       __class__: astropy.units.quantity.Quantity
#       unit: *id001
#       value: !astropy.table.SerializedColumn {name: radius_kron50}
#     radius_kron80:
#       __class__: astropy.units.quantity.Quantity
#       unit: *id001
#       value: !astropy.table.SerializedColumn {name: radius_kron80}
#     semimajor_sigma:
#       __class__: astropy.units.quantity.Quantity
#       unit: !astropy.units.Unit {unit: pix}
#       value: !astropy.table.SerializedColumn {name: semimajor_sigma}
#     semiminor_sigma:
#       __class__: astropy.units.quantity.Quantity
#       unit: !astropy.units.Unit {unit: pix}
#       value: !astropy.table.SerializedColumn {name: semiminor_sigma}
#     sky_centroid:
#       __class__: astropy.coordinates.sky_coordinate.SkyCoord
#       dec: !astropy.table.SerializedColumn
#         __class__: astropy.coordinates.angles.Latitude
#         unit: *id002
#         value: !astropy.table.SerializedColumn {name: sky_centroid.dec}
#       frame: icrs
#       ra: !astropy.table.SerializedColumn
#         __class__: astropy.coordinates.angles.Longitude
#         unit: *id002
#         value: !astropy.table.SerializedColumn {name: sky_centroid.ra}
#         wrap_angle: !astropy.coordinates.Angle
#           unit: *id002
#           value: 360.0
#       representation_type: spherical
#   astropy version: '5.1'
#   make_catalog parameters:
#     ab_zpt: 31.4
#     coadd_bands: !!python/tuple [f277w, f356w]
#     deblend_contrast: 0.001
#     deblend_nlevels: 32
#     deblend_npixels: 1
#     detect_kernel_fwhm: 4.0
#     detect_kernel_npix: 7
#     detect_npixels: 4
#     detect_threshold_nsigma: 3.0
#     flag_isolated_buffer: 4
#     hst_bands: !!python/tuple [f606w, f814w, f125w, f140w, f160w]
#     jwst_bands: !!python/tuple [f115w, f150w, f200w, f277w, f356w, f410m, f444w]
#     near_border_kernelsize: 21
#     reference_band: f200w
#   make_catalog version: 1.4.0
#   photutils version: 1.5.0
# schema: astropy-2.0
label xcentroid ycentroid sky_centroid.ra sky_centroid.dec bbox_xmin bbox_xmax bbox_ymin bbox_ymax area semimajor_sigma semiminor_sigma orientation eccentricity min_value max_value local_background segment_flux segment_fluxerr kron_flux kron_fluxerr kron_radius gini equivalent_radius kron4_2_flux kron4_2_fluxerr radius_kron20 radius_kron50 radius_kron80 near_border
[from data line 3808]
3809 7503.43204307298 521.6237379587551 214.80278464669843 52.82638460550386 7495 7514 513 531 249.0 5.49360865800405 3.77555036897951 47.10934069467401 0.726409298607356 0.03906127778672981 0.4479071080205088 0.0 54.69267856487931 10.051632 201.3386142396007 35.974174388784114 2.8687660183417196 0.2560784166339049 8.902761462589227 414.7585249004797 58.14632531444604 7.461904825791154 17.18379781044535 35.02689942629125 False
3810 7519.236071430167 539.6975484266551 214.80245356414937 52.82638151593792 7511 7530 531 547 233.0 5.29909963618546 3.6871644354335666 29.55828352509714 0.7182262810379071 -0.034782655226930956 0.34008599332204115 0.0 35.428795270176266 9.059699 249.96138400336312 38.92655069962715 3.60254829269805 0.32781728111896696 8.611980229936854 524.7789365382441 63.680002012176594 11.11974162205982 25.37120758333267 34.64336528035456 False
3811 7430.088053744977 555.0241312319138 214.8030872495639 52.82703082971026 7383 7456 508 596 3475.0 15.60316566519133 9.843721910355736 -56.50855836652793 0.7758805887303433 -0.19565000736903432 7.400478574164504 0.0 2316.568872918223 40.485134 3273.915410654022 82.27406815395356 2.1307939481359788 0.6135620265389509 33.25848545091422 3929.8862755240557 132.67010879539936 7.695321712779326 17.21042424726775 41.49205147107647 False
3812 7467.192767931148 573.757604123749 214.80255928078233 52.82689588155726 7395 7552 509 630 10009.0 15.145286190359652 13.362122018615175 -8.566015391155773 0.4707572831092623 -0.10947786869747662 92.73224586128191 0.0 20139.540574284896 62.879322 20179.340689056167 55.490764698340705 1.4 0.7775333796292697 56.44434117618489 21639.833745720425 83.49245582200344 4.60615807366776 10.295048257769778 24.48361377539504 False
3813 7530.69524778761 578.1792146210113 214.80194650750536 52.826516002107084 7517 7562 554 603 1423.0 7.880595337473461 7.191882391786805 40.13042823119864 0.4088390978151231 -0.09484485616325203 4.537150119720542 0.0 778.0604327651987 21.729803 1072.386084443318 40.78673318130641 2.213402095560992 0.5879661988184637 21.282738734465877 1624.8712089743062 66.55936182416633 4.749366724988245 10.713605454219616 24.791803261298593 False
3814 7554.191049573334 622.3063564874769 214.80127272044106 52.82660438201369 7546 7561 615 628 173.0 4.121197354074161 2.5373846537977522 54.27028396516988 0.7879875843326202 -0.09632949475588345 0.2923145120205276 0.0 18.94192985462891 7.788828 125.51673719446387 29.579177985962023 3.3750924121684505 0.39798252994710587 7.420755373261929 275.3370346982562 49.082958882760444 8.632441415245125 15.866342595632618 20.76918871125167 False
3815 880.6689192833098 564.7394276502383 214.86144346947978 52.86870491338484 827 934 509 615 8104.0 22.32887183481204 14.848371386673145 -51.930369393732846 0.7468564518449292 -0.20819600550343936 7.983697135968215 0.0 8108.173314421096 70.93754 8432.152771197598 89.03188179681388 1.4 0.5095790437760509 50.78959851813597 8481.801999977168 141.93995150961217 11.024585473416062 22.66006348045983 37.0842186608921 False
3816 928.2907548639841 585.6258508769087 214.86079819269185 52.86851502142118 919 935 578 592 175.0 3.6703339926491467 2.9432128417033434 45.6807440064488 0.5974685089818979 0.14817491675721634 1.1461270380675967 0.0 85.4901428602071 11.084653 178.00259179017723 30.07464217619511 2.5575934171610855 0.26668457166690707 7.463526651802308 222.03319153936587 47.49505001152972 3.7083010490611086 7.841578365458452 13.10809952559815 False
3817 3922.395356423093 597.6271351200014 214.83393378938172 52.84955552135343 3874 3977 535 653 8043.0 16.66135733977156 11.671071669241448 67.83267724800443 0.7136647226563567 -0.15873161959407525 24.257915029548002 0.0 8717.474976788359 56.40115 8657.632559675294 54.35272516622623 1.4 0.711340357459384 50.5980870643963 9250.238903852567 89.07712878554784 5.86534946792887 13.305534686749096 25.840867432280692 False
3818 3966.463994575031 590.8312134992905 214.83361193318538 52.84923883440377 3956 3978 578 603 309.0 6.533523867518953 3.1440883352434494 37.40295478156686 0.8765976754278525 -0.09586509648215727 0.4488747153394192 0.0 49.0877406991426 11.158696 199.97724881732285 43.877537774840214 3.5558120209389794 0.29509308027872244 9.91754782346883 292.49744441904966 71.46400944283269 8.456792591663001 20.189619174605987 26.247642212226854 False
3819 1627.2922061145102 560.8377303533699 214.85481470207395 52.86394051432887 1606 1648 539 587 1216.0 10.73960290489202 6.2986784433252465 -56.85055042523472 0.8099558789173679 -0.04570704511847179 2.178293496306432 0.0 949.2034924548027 27.446848 1230.1391941185022 55.5200693922829 1.9893507725667317 0.3658886765595216 19.67396303746374 1427.1998962035798 85.78703312744369 7.159351545717527 13.506492718909406 22.19659226626085 False
3820 1613.9595794609272 585.0924691168952 214.85467854065115 52.86415601566948 1601 1627 572 598 416.0 6.023706673884565 4.27819657571768 50.72188194781123 0.7039731588701842 0.03452525397355703 1.4739467898002765 0.0 276.21794295413486 16.091803 508.87382609132476 44.592784806724175 2.5406043609045885 0.3049456246860942 11.507254783503184 742.888356993844 68.45572243576224 5.378578176819054 10.565230070657927 23.07118962025695 False
3821 3163.923019335511 548.8304854869697 214.84121841686388 52.85411226455819 3152 3175 543 555 244.0 5.320198012077984 3.1712051284286624 -6.018145300045948 0.8029332119512756 0.0024863859117308035 0.34850125243775854 0.0 46.8624207969038 9.904847 106.18679603613285 31.90221381963749 2.701812694567324 0.21504358324060938 8.812923024107548 72.76948498892942 52.488362081103446 5.236093874247007 9.918555634762207 16.851970599211185 False
3822 3150.1421355428442 553.2634050920359 214.84129480930687 52.85422373252043 3146 3156 549 558 75.0 2.5140234682629305 2.1616989422060913 36.0888717305652 0.5105361167177426 0.007959750444733236 0.25760062059871164 0.0 13.387696412245228 5.5675716 22.27830367465699 9.683277431160096 1.4160734672106263 0.1850618677998251 4.886025119029199 21.453630195612938 15.770140649936438 2.5550394182571026 4.219510862944873 5.962693042158694 False
3823 6192.20692582279 549.3965476328391 214.81418689102932 52.83486946305791 6188 6196 546 556 66.0 2.3887809922921823 2.238954195460595 -53.91921285162156 0.34858015799804265 0.06307099474146695 0.3716063703284993 0.0 15.975593332202696 6.8934193 79.52091468652137 25.042638158306108 3.0266932170964127 0.1956819629203717 4.583497844237541 136.3794411117602 38.93485972820834 4.440950637871378 7.675608584752878 12.655063400078475 False
3824 6200.093450551371 552.6216168091671 214.81408260632688 52.83483671303107 6191 6209 545 561 217.0 4.941781937345607 3.3911346091684673 -41.623189379634006 0.7273969172055054 0.012296802154692543 0.3948948132932173 0.0 47.833690785840986 11.698889 180.37799454022894 43.47615465095474 3.1644734651111417 0.21791106268005156 8.311031542587394 183.83431542115022 65.40694831151468 7.009144791109251 13.074878639566068 24.678385937633564 False
3825 1944.5263405712192 568.9201381595378 214.85189613039688 52.86196857021845 1934 1957 549 594 779.0 9.32685376012473 5.021903678438263 -86.6487966861348 0.8426671027944634 -0.11103297588320571 0.5395283006055683 0.0 154.77704473718777 17.588758 312.0157817878402 48.03386826041586 2.496685652331339 0.342509283583652 15.746853696442757 566.2545678064498 77.62052297762739 7.893567312219359 15.506444375796633 31.851498819172875 False
3826 1957.8903510713437 564.3360713610194 214.85182501103324 52.86185894268146 1954 1962 560 569 69.0 2.4273447197731053 1.9966279540322436 57.53767674722943 0.5686835283490863 0.06696196503592323 0.3420451808502098 0.0 15.727776050940474 5.109768 43.15163972356632 15.842813529495725 2.5916076690919216 0.14993256062272262 4.686510657907603 74.96076097915035 25.360150791895748 3.1835469605703 5.878532645079009 8.248510754709926 False
3827 1935.1652323544463 595.6970841003617 214.85169794577018 52.86217243538101 1925 1945 589 601 169.0 4.611369501438963 2.2598729724500948 -27.814200073296234 0.8716856273374305 -0.08656217929573463 0.2492574929316716 0.0 13.106685582559448 8.125284 23.02406760194593 20.195662504745478 2.226518150021503 0.42410720046032296 7.334464586120832 39.15703101663334 32.42946983080013 3.7190354336756664 6.353636831309527 11.15575613850242 False
3828 8859.980588166993 558.1557774797748 214.79030633759012 52.81795688765331 8851 8868 552 565 140.0 4.504163061612484 2.034127815898267 5.608015494049278 0.892215141835723 -0.11574001870368995 0.39988397884388266 0.0 15.93028229266124 7.5620613 61.690437376261364 26.26517056058352 3.0076217926322006 0.42967184850459905 6.6755811781245455 37.73122864956528 41.99518687298781 5.654061071912707 10.511700964817017 29.049788473230723 False
3829 8846.60974072889 557.259470648262 214.79043494815392 52.818037073415184 8844 8852 554 560 38.0 2.4422764647355044 1.1143739977985898 -33.68518191419048 0.8898337166052912 0.03287797404199976 0.3791569400877223 0.0 7.5047827501426445 4.097794 29.106145780199427 14.323902952559159 2.983622909076294 0.26122647307330027 3.477898169151024 49.00053236519461 22.650175126634633 2.967082532424487 5.567298728527638 8.496637770324051 False
3830 469.65559872224947 560.4790663494014 214.86516064427227 52.871292976777305 466 475 557 563 30.0 2.47798648301215 0.5855355777101375 -34.56931235660354 0.9716813872978939 -0.04179523717513738 0.12824567693367664 0.0 0.9495846436025079 3.8008146 5.707913247903035 10.077485110051834 2.9681224388580447 0.5224403647944269 3.0901936161855166 12.16726510634777 16.179395580742906 2.2133464540187613 3.7624551827576265 5.046912073564421 False
3831 462.59755064650216 563.9753623336704 214.86518691451613 52.87135667052751 455 466 562 570 38.0 2.5704479137979237 0.6377915067924093 -24.27363474918281 0.9687281118139234 -0.16636681241695483 0.10692432758396223 0.0 -0.6061934851783324 4.282741 14.700162590069004 15.174868053413945 4.094245789667623 -0.8148126918368304 3.477898169151024 32.05372997738846 24.7155040966293 4.530617667156772 8.05717281687105 9.72412933669984 False
3832 449.9391072239085 569.0286206969324 214.8652468407069 52.87146433846938 445 456 567 575 64.0 3.223320046439844 1.3312239149307528 -24.238369828274532 0.9107320470442043 -0.20207896040615878 0.13587230717586618 0.0 0.6194219464118225 5.6260242 51.767530754729 25.41328930700181 4.069314026157707 -0.11815419957891635 4.51351666838205 210.22350649657324 40.47112492900388 11.008814998511301 14.593866849383952 16.19699947503674 False
3833 441.2974046543457 575.1332114295898 214.86525981120207 52.87155216019671 438 446 572 578 42.0 2.4689957704734975 1.2472873082855493 -31.917578682024768 0.8630139960549974 0.03096830476479772 0.201944754635144 0.0 5.318097955849924 4.396918 13.685833359636469 7.377679298645939 1.4 0.18558629467299229 3.656366395715726 11.264788375938734 11.574444765054803 2.596182723506724 5.027123792470047 7.397932774384241 False
3834 9169.575488083483 560.9399337825569 214.7875176087582 52.816003396320994 9167 9172 558 563 32.0 1.6454527694734662 1.4844454185569071 -38.150437283303475 0.43142224718647315 0.37780304548818294 0.5933989763777971 0.0 16.017953590205703 4.291785 70.01292919628585 17.507335567806013 3.258067755014551 0.07573276762508133 3.1915382432114616 88.67320824363551 28.351199555388632 2.9629113971484955 5.230652548923541 7.177041254259015 False
3835 9168.758442903469 571.5798243135531 214.78741295310272 52.816065904201935 9162 9176 564 580 172.0 3.363591130255622 3.1330466931130734 72.00559344691074 0.3638467108594093 0.2563257948157049 1.903732141151577 0.0 163.50962270214694 10.2482815 244.2374029501899 23.007039124392083 2.0748646029557998 0.2583777578551553 7.399277020331919 257.7869652431957 37.21462539174746 3.090292527335749 5.647440848639876 9.541153212262888 False
3836 9152.35280763264 582.5795432808892 214.7874434474956 52.81622946853819 9133 9168 564 603 797.0 8.028784531507904 4.850372729426342 -54.424747713511024 0.7968911477818993 -0.08329005363535376 2.896747100227081 0.0 664.5941345918748 21.72684 827.4266102780995 34.4139486926639 1.6210006337629053 0.4257898270289409 15.927742441679586 829.1044923076267 55.90154153219908 4.725911705383635 9.27896944684872 16.661449700150467 False
3837 6885.8089680559415 568.0345626051953 214.80780418979967 52.83056093342195 6875 6895 559 577 291.0 4.614856234401958 3.377457194819571 -39.51983639757758 0.6814483820012305 -0.1627069171412316 1.7931022229506666 0.0 203.83905445450495 12.954045 255.57188090881277 22.921076028516875 1.7707003140977264 0.3412286979922698 9.624353322664494 277.3004724500435 36.611442358980575 3.25613656504259 6.048730557776016 9.549377707950004 False
3838 6897.55945495673 567.0132856491908 214.80771013737905 52.830480734163885 6895 6901 564 570 38.0 1.7831322546596335 1.5481963606691462 -77.40518410575298 0.49613500376820435 0.16409903150762434 0.5153491007938429 0.0 12.907687561615598 4.48697 38.00751244001804 15.039792025803225 2.831207133973931 0.1781072552672187 3.477898169151024 73.95912293597902 23.96666386395795 2.485456221343837 4.9410588816017516 8.704990562289705 False
3839 530.5933567201754 567.7794012392591 214.8645393163892 52.87094523897892 519 545 560 579 373.0 6.609431907687943 3.70811907076043 -32.059202326747354 0.8277924456502651 -0.15965475038193191 0.2418718940053485 0.0 14.791830623461724 13.65796 354.50965104668666 69.11028931885521 4.46187214258815 0.45933429197574466 10.896310731002211 633.4464868011327 109.58554157043058 25.54113352674666 37.01582368737075 58.506362190134645 False
3840 532.2315410644107 591.3533058064658 214.86427657915422 52.871061975620904 514 545 577 602 586.0 5.205346881821476 4.729590557449209 -8.227038675896749 0.41766220547932187 -0.17382017211861062 1.9468566839832537 0.0 264.8777570393243 17.218596 309.5552729446922 22.1142428166753 1.4 0.5277805364912727 13.657583728599336 332.0572184305582 35.62449022829785 3.459193510883747 6.417245830735025 11.308798770859141 False
3841 8592.347173566572 624.3906013849688 214.79199512289176 52.82001533091688 8534 8647 564 686 9637.0 19.20853303566131 13.680348458023175 -56.174922068656315 0.7019749597735613 -0.057604888139300564 56.540867772756236 0.0 30300.23812187405 65.862724 30480.733215363354 68.27707851519435 1.4165042150269158 0.6633526505332525 55.38548883194217 32615.9241138348 109.02331646684581 7.214344399919103 16.127214369903278 31.143606626122093 False
3842 8602.487232084623 681.154989942975 214.7913075127547 52.82025664759967 8592 8614 675 687 208.0 5.186893266580479 3.068360185445705 3.868468655581075 0.8062607521010082 0.11517746508880652 0.5998773514016591 0.0 76.19451093124061 9.846161 735.935209105785 44.3728446171442 3.7262346577712413 0.19037620816921572 8.136857890256438 1513.897006928923 71.63521230916136 16.273936702744695 26.880099812353297 33.57366274442434 False
3843 8936.692237235804 573.2204864967067 214.78946408793928 52.81755029038359 8924 8949 564 584 341.0 6.2129828632798345 3.503264916483206 -32.412290672566186 0.8258690270347451 -0.015445768112246206 0.7262284218843741 0.0 135.66462274613076 12.181238 235.73602019065044 30.565224356984988 2.225667009822656 0.2434899299675321 10.418429401242426 254.98743581732614 48.85968931002453 5.23129376302025 9.381937962416401 14.641690971083815 False
3844 8921.280275966235 579.9151687162046 214.78953102626124 52.81768434591617 8917 8927 574 585 103.0 2.7475886808353462 2.43214788781732 -77.15001293942916 0.4652228589505361 -0.01690074291809902 0.4902416013727523 0.0 29.28838007127911 6.650564 60.526653593604614 17.881643369811954 2.3954378288089697 0.2657647238399511 5.725898905580716 66.55262558739446 28.92477228039974 3.1159708793112095 5.597398865298651 8.959593798189212 False
