outputs/dr0.5_c0.1/nircam6_f444w_dr0.5_c0.1.ecsv
# %ECSV 1.0
# ---
# datatype:
# - {name: label, datatype: int64}
# - {name: xcentroid, datatype: float64}
# - {name: ycentroid, datatype: float64}
# - {name: sky_centroid.ra, unit: deg, datatype: float64}
# - {name: sky_centroid.dec, unit: deg, datatype: float64}
# - {name: bbox_xmin, datatype: int64}
# - {name: bbox_xmax, datatype: int64}
# - {name: bbox_ymin, datatype: int64}
# - {name: bbox_ymax, datatype: int64}
# - {name: area, unit: pix2, datatype: float64}
# - {name: semimajor_sigma, unit: pix, datatype: float64}
# - {name: semiminor_sigma, unit: pix, datatype: float64}
# - {name: orientation, unit: deg, datatype: float64}
# - {name: eccentricity, datatype: float64}
# - {name: min_value, datatype: float64}
# - {name: max_value, datatype: float64}
# - {name: local_background, datatype: float64}
# - {name: segment_flux, datatype: float64}
# - {name: segment_fluxerr, datatype: float32}
# - {name: kron_flux, datatype: float64}
# - {name: kron_fluxerr, datatype: float64}
# - {name: kron_radius, unit: pix, datatype: float64}
# - {name: gini, datatype: float64}
# - {name: equivalent_radius, unit: pix, datatype: float64}
# - {name: kron4_2_flux, datatype: float64}
# - {name: kron4_2_fluxerr, datatype: float64}
# - {name: radius_kron20, unit: pix, datatype: float64}
# - {name: radius_kron50, unit: pix, datatype: float64}
# - {name: radius_kron80, unit: pix, datatype: float64}
# - {name: near_border, datatype: bool}
# meta:
#   PHOTMJSR: 0.3925000131130219
#   PIXAR_SR: 2.11539874851881e-14
#   __serialized_columns__:
#     area:
#       __class__: astropy.units.quantity.Quantity
#       unit: !astropy.units.Unit {unit: pix2}
#       value: !astropy.table.SerializedColumn {name: area}
#     eccentricity:
#       __class__: astropy.units.quantity.Quantity
#       unit: !astropy.units.Unit {unit: ''}
#       value: !astropy.table.SerializedColumn {name: eccentricity}
#     equivalent_radius:
#       __class__: astropy.units.quantity.Quantity
#       unit: !astropy.units.Unit {unit: pix}
#       value: !astropy.table.SerializedColumn {name: equivalent_radius}
#     kron_radius:
#       __class__: astropy.units.quantity.Quantity
#       unit: &id001 !astropy.units.Unit {unit: pix}
#       value: !astropy.table.SerializedColumn {name: kron_radius}
#     orientation:
#       __class__: astropy.units.quantity.Quantity
#       unit: &id002 !astropy.units.Unit {unit: deg}
#       value: !astropy.table.SerializedColumn {name: orientation}
#     radius_kron20:
#       __class__: astropy.units.quantity.Quantity
#       unit: *id001
#       value: !astropy.table.SerializedColumn {name: radius_kron20}
#     radius_kron50:
#       __class__: astropy.units.quantity.Quantity
#       unit: *id001
#       value: !astropy.table.SerializedColumn {name: radius_kron50}
#     radius_kron80:
#       __class__: astropy.units.quantity.Quantity
#       unit: *id001
#       value: !astropy.table.SerializedColumn {name: radius_kron80}
#     semimajor_sigma:
#       __class__: astropy.units.quantity.Quantity
#       unit: !astropy.units.Unit {unit: pix}
#       value: !astropy.table.SerializedColumn {name: semimajor_sigma}
#     semiminor_sigma:
#       __class__: astropy.units.quantity.Quantity
#       unit: !astropy.units.Unit {unit: pix}
#       value: !astropy.table.SerializedColumn {name: semiminor_sigma}
#     sky_centroid:
#       __class__: astropy.coordinates.sky_coordinate.SkyCoord
#       dec: !astropy.table.SerializedColumn
#         __class__: astropy.coordinates.angles.Latitude
#         unit: *id002
#         value: !astropy.table.SerializedColumn {name: sky_centroid.dec}
#       frame: icrs
#       ra: !astropy.table.SerializedColumn
#         __class__: astropy.coordinates.angles.Longitude
#         unit: *id002
#         value: !astropy.table.SerializedColumn {name: sky_centroid.ra}
#         wrap_angle: !astropy.coordinates.Angle
#           unit: *id002
#           value: 360.0
#       representation_type: spherical
#   astropy version: '5.1'
#   make_catalog parameters:
#     ab_zpt: 31.4
#     coadd_bands: !!python/tuple [f277w, f356w]
#     deblend_contrast: 0.001
#     deblend_nlevels: 32
#     deblend_npixels: 1
#     detect_kernel_fwhm: 4.0
#     detect_kernel_npix: 7
#     detect_npixels: 4
#     detect_threshold_nsigma: 3.0
#     flag_isolated_buffer: 4
#     hst_bands: !!python/tuple [f606w, f814w, f125w, f140w, f160w]
#     jwst_bands: !!python/tuple [f115w, f150w, f200w, f277w, f356w, f410m, f444w]
#     near_border_kernelsize: 21
#     reference_band: f200w
#   make_catalog version: 1.4.0
#   photutils version: 1.5.0
# schema: astropy-2.0
label xcentroid ycentroid sky_centroid.ra sky_centroid.dec bbox_xmin bbox_xmax bbox_ymin bbox_ymax area semimajor_sigma semiminor_sigma orientation eccentricity min_value max_value local_background segment_flux segment_fluxerr kron_flux kron_fluxerr kron_radius gini equivalent_radius kron4_2_flux kron4_2_fluxerr radius_kron20 radius_kron50 radius_kron80 near_border
[from data line 4302]
4303 9261.146397366021 1400.1040633731677 214.83005539750545 52.80154204846551 9248 9278 1393 1410 333.0 6.149246104701947 3.0543065603264186 -11.928577540759358 0.8679245266107494 -0.015659949666998223 2.3900262244391417 0.0 247.82649131270875 3.8797147 366.391327915326 9.243376905975982 2.1966834807307674 0.3492856409418689 10.295493776366547 423.47570229802375 14.383624467469186 4.1246035240861225 7.8454411097412216 15.902486610028227 False
4304 9271.31684233207 1421.4565612659164 214.82974026550613 52.801592510606085 9252 9292 1397 1440 1150.0 8.512775210891755 7.617683447812646 20.39211907110129 0.44636072365985724 0.001469345408629944 3.485021648503035 0.0 1146.0016960998469 7.0818596 1458.855336746415 13.949778064692522 1.8558022226258304 0.3566795643835211 19.13259964331453 1598.413272458911 21.977969014566824 6.482933125326659 12.224299924995833 19.990834792786462 False
4305 3201.10983766302 1406.2641128908735 214.88406926855376 52.84007568151489 3198 3203 1403 1409 26.0 1.6831622879946635 1.2458880302914537 -66.83627935977047 0.6723793698953568 0.11178462306181597 0.3402692370590999 0.0 5.505457383880918 0.8182907 36.02113639587142 3.4701962938881445 3.253265574459015 0.16260819214775324 2.876813695875796 50.197856552379136 5.547916828588425 3.423363622976976 5.99656831110636 10.271631241932708 False
4306 3197.117190848048 1411.0332482985941 214.88405478513994 52.84012676948345 3194 3200 1408 1414 33.0 1.7545231395097411 1.2718752361922308 -31.521370697076115 0.6888412708009274 -0.05686000159490863 0.3463614262319222 0.0 5.668452865028022 0.93264264 31.484020167377977 3.5980077950984986 3.2410235802710123 0.29783712687704733 3.2410224072142872 39.09460555023341 5.612565365986043 3.221525866456807 6.4201506689542125 10.237998886405027 False
4307 7038.404854670184 1407.366634687759 214.84980325563416 52.815705502402295 7037 7040 1406 1408 11.0 1.1588210895665014 0.6992881055616524 20.33753730503297 0.7974024588409052 0.07898834201986957 0.4504115772340891 0.0 2.8141937602379485 0.5732636 30.367855312799023 2.469538099269746 3.6392919812258264 0.2709258962297435 1.8712051592547776 60.96567096901532 4.024033190328484 2.9264046368063 5.581323955755583 6.795704463010333 False
4308 7037.139789122646 1411.2994349383928 214.8497731975722 52.81573474633419 7035 7040 1408 1414 26.0 1.6408015303696322 1.3912586145994774 -40.061354875579184 0.5301337774202575 0.059630777208688715 0.6378849710188719 0.0 6.320239171089888 0.8541427 69.48789890709529 4.372810910798325 3.734829637937753 0.34641879288570493 2.876813695875796 152.4369926998113 7.0369894325693645 4.997323722525144 8.934435463949766 11.997532383660781 False
4309 7039.488179846138 1416.352568421395 214.84969912346955 52.81574707233153 7039 7041 1412 1419 14.0 2.0477661875854487 0.4981873141616319 -81.84128122987838 0.9699552754210594 0.07229378311089485 0.8046901634462322 0.0 4.654915482001149 0.6842996 20.562827870712518 2.27085409591139 2.8175966757097046 0.33357869241375854 2.111004122822376 61.8833953622824 3.587600267293527 2.3039734043488567 4.360909301990317 5.97694847751388 False
4310 3899.178455946717 1413.1659041415153 214.8777623861417 52.835679220708286 3896 3902 1409 1417 49.0 2.343951851166029 1.6270510158539526 44.56644264928998 0.7198316817859443 0.08820197556501637 0.4954546837371291 0.0 13.826178947159011 1.248669 29.016022954889458 3.340478557411651 2.3583586277099586 0.21900452233592857 3.949327084834294 32.29315931972141 5.281255284470536 2.5305766382296455 4.23491917734549 6.304493532851364 False
4311 3896.7348025161373 1422.6341875464361 214.87768465692574 52.83574581919744 3892 3902 1416 1431 134.0 3.4325928745199854 2.4706217593752426 -80.74130378168604 0.694229407231822 -0.1030740151009705 0.6469617784502472 0.0 45.31054088657575 1.8429798 82.0014314836103 5.170940705354941 2.4405299462471355 0.24754128620863936 6.530966601401967 90.0898979744878 8.256359634840996 3.2630790520635182 5.917803022962042 12.615401803782094 False
4312 3599.5302048413273 1419.496879640028 214.88037176467265 52.83761659414875 3590 3609 1410 1430 310.0 4.750557765431296 3.2516724470123917 49.85972749693739 0.7290295299188461 -0.01603686457425355 2.443526105811046 0.0 223.63560927453378 2.9252858 307.19938455664226 6.115628624536243 2.152817293766548 0.39664447143348674 9.933582672781009 400.48217552501524 9.963408778340233 3.2946949363760876 6.411507409780475 12.45300737090147 False
4313 3603.787871158644 1435.6324219438457 214.88016408721393 52.837676599896646 3599 3610 1430 1441 114.0 2.76853247583613 2.523525691841717 41.70437877478793 0.4112933968114628 -0.06694484666994811 0.7099001531330563 0.0 32.4262868371361 1.7053009 80.49505429138546 5.09138864885968 2.7367994179354875 0.31964338181687474 6.023896332520351 132.35767866185228 8.414158488496158 3.3902816888521157 8.174104926632147 14.988136438886768 False
4314 6138.151289654016 1449.0441726687422 214.85739794435852 52.821649939551996 6123 6153 1416 1469 843.0 9.38309741497021 5.843714850580502 -86.61416795866275 0.7823877194285966 -0.20029541784515584 1.2387701232935246 0.0 223.23355861539935 5.0924807 815.9721004616104 17.741861652811902 3.0976166673062777 0.4183047789469141 16.3809411833672 1537.1430921768747 28.135155759152056 12.064307975783542 26.438983499729993 41.94444103838661 False
4315 6138.49636670677 1491.1121676123369 214.85695259104122 52.82187460972472 6073 6245 1447 1534 4848.0 9.953352089676931 8.084285435387162 1.8170883702352887 0.583354906888853 -5.653601377905868 786.2266598309528 0.0 37130.58277318378 inf 36015.64073496885 inf 1.4 0.8476618456188243 39.28315578233268 37268.15445093315 inf 3.5030844179995886 6.2946212701462985 11.20413836391878 False
4316 6184.669368317446 1465.0678077042166 214.85681435766702 52.821440814146435 6157 6228 1440 1483 1407.0 18.1351739277968 5.358631709251671 -29.443069257365927 0.9553480640180313 -0.3129958133119737 1.2388500844487291 0.0 362.064691151616 6.536701 809.4750931209662 19.155448520118476 2.5706771621785887 0.42232146305719237 21.162750526824095 1403.2717573160305 inf 13.285434324544893 25.826747587117474 42.82840360568783 False
4317 6090.534928292401 1464.4837152307273 214.85766055690996 52.82203571469019 6049 6115 1438 1483 1293.0 17.762431424461706 5.274995923603732 31.209094804745614 0.954885292181 -0.18893726146637216 1.6438740351123193 0.0 444.4071384108698 6.3271003 1401.3576239394351 inf 2.9118927643413692 0.3989053667917954 20.287303488528025 2045.3752608433924 inf 16.260322774831398 33.91438151874503 54.22297526690102 False
4318 6060.083600219019 1509.2495754972952 214.85746166961076 52.82247058883159 6038 6089 1483 1535 1675.0 9.865114662392047 8.214632853955434 -47.22967494577311 0.553731735021156 -0.027324788976641142 7.603976958627962 0.0 2123.2202876777815 7.70118 2771.6692020378287 inf 1.9467637938352833 0.4577057561468308 23.09045385777095 3056.5257896174744 inf 6.6878080505145965 13.642986701698762 24.247476374890955 False
4319 6180.787692285888 1516.8168630082498 214.85630494170218 52.82174454252132 6156 6224 1500 1542 1411.0 16.601447233585034 5.48515678809469 28.826053279955957 0.9438401891682268 -0.22060207539517643 1.7112604638224729 0.0 487.11709447236865 6.6408525 937.9633438296269 17.458253974080353 2.394458649747336 0.43724791457731865 21.19281126715681 1329.9735224998092 27.737287454582855 10.324222478322106 22.12501921482152 38.08457874450522 False
4320 6103.543649158438 1511.4461114688902 214.85705073223613 52.822206325993605 6085 6121 1499 1533 783.0 8.120281147993401 6.204318113005634 -24.229371215010023 0.6451545098448296 -0.1302422742542153 2.046946386542594 0.0 458.8634682031365 5.3408804 684.2161352978108 9.140740596875581 2.2274546466912697 0.37259299159367576 15.787230310662732 1079.7723462351612 inf 6.334329616315899 11.977320604609044 23.104664396016226 False
4321 6075.101873152326 1526.27252105365 214.857148673574 52.82246697635146 6038 6097 1507 1559 1143.0 14.850582323930318 4.862430304216755 -40.394314033575625 0.944877675906526 -0.038625844730328776 5.796051738562184 0.0 768.7205748197284 6.30284 1349.8853408602188 33802551.67553109 2.2536742408147337 0.47369059117691004 19.07428111117357 1578.1567952416517 inf 9.244098762826821 16.91643994755893 33.63872539506308 False
4322 6137.64999206067 1533.506406002002 214.85651443567798 52.82210860710303 6124 6161 1515 1558 839.0 9.089555584619417 5.960252401626031 82.54960862965204 0.7549994767435826 -0.2732228205234896 1.116125092123502 0.0 207.15786660405732 4.979761 632.071306429532 16.131264986311617 2.912135660134127 0.4438106953858919 16.342031529409077 981.2066541297119 26.04986890263073 10.49347572516136 23.95128499952541 39.303655745932836 False
4323 6702.44729446877 1433.4983257273907 214.85252599596615 52.817980952920905 6690 6716 1420 1447 520.0 5.4742457463003635 5.244668293970792 -59.62262240946033 0.2865601003217476 -0.09742925577520575 1.4468336431760027 0.0 234.51178817185854 4.1091213 399.15189300951783 10.23849032053391 2.4186599360287424 0.3791088897232136 12.865501965161373 487.90364206232755 16.504697442389244 4.95952645916301 10.68304154088629 21.472004981055285 False
4324 6714.290929398687 1439.6671042523571 214.85235546828355 52.817938968391516 6710 6720 1433 1445 105.0 2.8209208829303662 2.1727628156088383 -67.34316469169727 0.6377641085907537 -0.06763712298254364 0.8327042148081744 0.0 36.115020387066586 1.7571638 111.17779396197938 5.790653534966737 2.965831715750259 0.3669301458361632 5.781222885281108 167.0834869344032 9.381802045083468 3.6349572846896265 9.72549805559728 14.645040567126413 False
4325 8945.932967276694 1445.006722147871 214.8323939263326 52.803787308122054 8933 8958 1436 1453 223.0 4.2748484942248846 3.5223935977756877 -4.000902881236759 0.5666175451367709 0.03360028871163317 2.504542668894683 0.0 232.46393872721848 2.9234097 444.0003466538341 7.802773499365171 2.4317335479582716 0.3306026372960916 8.42514715711158 612.3399128067431 12.925880562974557 4.0414618287195045 7.8576597157685875 15.623981187378467 False
4326 8934.228095207527 1451.5686785369744 214.83242931589135 52.80389706541577 8921 8945 1439 1459 288.0 5.010684034267127 3.5679459577329786 21.735799811928132 0.7021108710929491 0.06873347354281222 4.0474637791851436 0.0 473.812354428872 3.8828082 646.7896872904419 6.742535133360779 1.9905469270588096 0.3433665439706043 9.574614729634384 808.8922228131947 11.188496326474201 3.7544202780882356 6.6435520899257225 10.840512700397156 False
4327 8947.431813768226 1479.3346056396097 214.83201970405966 52.80396282911145 8905 8989 1441 1510 3645.0 13.573296905690176 9.249823539670443 -8.032233428094777 0.7318440663257613 0.04448775205260454 72.39571034444032 0.0 18284.31201797974 13.987046 20187.657117828545 15.829415209963576 1.4765007222980178 0.6225384196741358 34.06228904727216 21107.8785557799 23.8848708874733 6.964568595422157 13.686331798694868 23.397891041884108 False
4328 8925.08321552492 1465.6558069738687 214.8323627734908 52.80403111887452 8909 8937 1448 1478 483.0 5.855978597618297 4.68127639602868 -86.69281141434121 0.600797553394873 0.10466865788566464 9.142687475985955 0.0 1261.3552807164876 4.8768015 1537.4679605773636 7.401559150277998 1.8515982729333411 0.4505389774180494 12.399341717477219 1810.5361537034134 12.680321138335552 4.323415202770699 7.359881774185471 11.271778264524189 False
4329 8949.42984654832 1507.8843763064554 214.83170176839923 52.804104029622344 8921 8970 1495 1525 898.0 10.355464114602608 5.531467134292662 -31.3706774120301 0.8453838631630419 -0.015875594848090178 5.355451771171909 0.0 1303.2013976845426 6.1710043 1890.6569937109916 14.050857004062564 2.048784524092004 0.4094018273748494 16.906870727400857 2298.858987339512 22.279503127574223 7.38482381729404 12.405784837196991 21.04540242419507 False
4330 1720.2460827375783 1462.93880275561 214.8967028495738 52.84978594604262 1694 1743 1445 1480 1220.0 6.77716699763653 4.738823028220875 -12.998101640832871 0.714893237862761 0.13155385393116276 37.897821841708556 0.0 3528.9383137917657 6.394831 3545.5666112111785 6.5316898506499355 1.4282040942880427 0.6760094666528911 19.706294962377495 3807.5005255905035 9.651632687102964 2.7376248434477772 5.475102972007006 10.490194447002704 False
4331 1696.8096928949942 1476.6223214521926 214.896768382569 52.85000861115661 1692 1703 1470 1482 100.0 2.8474725519904074 2.5894068668337273 48.42936074227248 0.4159876472142341 0.05323715656194766 0.5515407386324698 0.0 34.9178260618753 1.5517702 156.8935179094619 6.090747767975504 3.180836380337623 0.17069178032078117 5.641895835477563 253.65068937667832 9.796216942955365 5.198702941017823 13.122850389496708 18.370218010225756 False
4332 7860.136413009652 1467.8389114588624 214.84183717636898 52.81081026484797 7847 7876 1455 1475 418.0 4.5660022449315 4.267470732981637 2.4450843384667325 0.3556515550891375 0.10470542907195393 7.913419683978603 0.0 696.4057973026182 4.059463 909.3941726693629 7.699256832356889 2.0604717179908776 0.5041089085198962 11.534883286137944 1126.550528112844 12.433647901411598 3.195461036447974 6.376662590742458 12.156520521585051 False
4333 7859.467080546877 1484.6817791276294 214.84166608440748 52.810905324541714 7836 7879 1463 1492 537.0 5.416253733899367 4.619168597247813 -8.757329264744401 0.5221811387870702 0.05084591712782285 27.513845559476554 0.0 2889.4366107951055 5.0387163 3255.734225645151 5.474288336569495 1.4620499639787694 0.6133612070752535 13.074112164146964 3427.046812071808 6.886113467065718 3.3096282903508287 5.8560141797317815 9.057904256879663 False
4334 7875.649455666755 1489.7133272423507 214.84146885088268 52.810829623415266 7866 7893 1470 1502 514.0 6.48875228208163 4.260586122014289 31.414936118519503 0.7542294049031117 0.5859855005539034 36.61693276971461 0.0 4501.456399015305 5.34156 5144.302759410464 6.118755212470069 1.4 0.4973203170936861 12.791062563308351 5173.704666683239 6.212313129324446 3.8581615680556585 6.836444736579711 11.238048950366556 False
4335 7772.76808504556 1495.9736027646693 214.8423207013669 52.8115171144749 7767 7780 1490 1501 113.0 3.016960789589888 2.4838015998348966 13.767981119360893 0.5676363863490983 0.02117093300291048 0.6098805474239652 0.0 30.820067790574075 1.9076554 176.27513386548253 8.5897379333855 3.706828557348534 0.2956840474382114 5.997417539138688 292.2946158424712 13.877985587278292 6.831556211330998 15.57130002014069 20.22206902604469 False
4336 7861.4628338519815 1504.6714080379961 214.84143813959378 52.81100041449478 7821 7902 1474 1537 2891.0 11.597051660659428 7.704411624760826 10.499455488342926 0.7474284904802836 -0.06493644182524694 86.38654169653924 0.0 20829.219372885585 12.5107975 22238.14837941269 13.447811238911974 1.4295179910112283 0.680912421843204 30.335356944617264 23230.88521577576 18.168811995210795 5.193146907292602 10.780399335487436 18.734174889168116 False
4337 7803.85374667513 1507.2688463291493 214.8419246830308 52.811380484789716 7783 7826 1486 1543 1768.0 10.122717754437467 8.25709126471106 -72.71639239023867 0.5784764976893318 -0.054052419678318024 11.563161981643413 0.0 2310.759540332131 8.222255 2905.2956666870014 14.108940320513833 1.9035648727864347 0.5222236631407476 23.722813466638858 3344.8106616923155 23.470468115018605 5.970645142203976 12.340296259597626 22.32890832034712 False
