outputs/dr0.5_c0.1/nircam6_f115w_dr0.5_c0.1.ecsv
# %ECSV 1.0
# ---
# datatype:
# - {name: label, datatype: int64}
# - {name: xcentroid, datatype: float64}
# - {name: ycentroid, datatype: float64}
# - {name: sky_centroid.ra, unit: deg, datatype: float64}
# - {name: sky_centroid.dec, unit: deg, datatype: float64}
# - {name: bbox_xmin, datatype: int64}
# - {name: bbox_xmax, datatype: int64}
# - {name: bbox_ymin, datatype: int64}
# - {name: bbox_ymax, datatype: int64}
# - {name: area, unit: pix2, datatype: float64}
# - {name: semimajor_sigma, unit: pix, datatype: float64}
# - {name: semiminor_sigma, unit: pix, datatype: float64}
# - {name: orientation, unit: deg, datatype: float64}
# - {name: eccentricity, datatype: float64}
# - {name: min_value, datatype: float64}
# - {name: max_value, datatype: float64}
# - {name: local_background, datatype: float64}
# - {name: segment_flux, datatype: float64}
# - {name: segment_fluxerr, datatype: float32}
# - {name: kron_flux, datatype: float64}
# - {name: kron_fluxerr, datatype: float64}
# - {name: kron_radius, unit: pix, datatype: float64}
# - {name: gini, datatype: float64}
# - {name: equivalent_radius, unit: pix, datatype: float64}
# - {name: kron4_2_flux, datatype: float64}
# - {name: kron4_2_fluxerr, datatype: float64}
# - {name: radius_kron20, unit: pix, datatype: float64}
# - {name: radius_kron50, unit: pix, datatype: float64}
# - {name: radius_kron80, unit: pix, datatype: float64}
# - {name: near_border, datatype: bool}
# meta:
#   PHOTMJSR: 2.962800025939941
#   PIXAR_SR: 2.11539874851881e-14
#   __serialized_columns__:
#     area:
#       __class__: astropy.units.quantity.Quantity
#       unit: !astropy.units.Unit {unit: pix2}
#       value: !astropy.table.SerializedColumn {name: area}
#     eccentricity:
#       __class__: astropy.units.quantity.Quantity
#       unit: !astropy.units.Unit {unit: ''}
#       value: !astropy.table.SerializedColumn {name: eccentricity}
#     equivalent_radius:
#       __class__: astropy.units.quantity.Quantity
#       unit: !astropy.units.Unit {unit: pix}
#       value: !astropy.table.SerializedColumn {name: equivalent_radius}
#     kron_radius:
#       __class__: astropy.units.quantity.Quantity
#       unit: &id001 !astropy.units.Unit {unit: pix}
#       value: !astropy.table.SerializedColumn {name: kron_radius}
#     orientation:
#       __class__: astropy.units.quantity.Quantity
#       unit: &id002 !astropy.units.Unit {unit: deg}
#       value: !astropy.table.SerializedColumn {name: orientation}
#     radius_kron20:
#       __class__: astropy.units.quantity.Quantity
#       unit: *id001
#       value: !astropy.table.SerializedColumn {name: radius_kron20}
#     radius_kron50:
#       __class__: astropy.units.quantity.Quantity
#       unit: *id001
#       value: !astropy.table.SerializedColumn {name: radius_kron50}
#     radius_kron80:
#       __class__: astropy.units.quantity.Quantity
#       unit: *id001
#       value: !astropy.table.SerializedColumn {name: radius_kron80}
#     semimajor_sigma:
#       __class__: astropy.units.quantity.Quantity
#       unit: !astropy.units.Unit {unit: pix}
#       value: !astropy.table.SerializedColumn {name: semimajor_sigma}
#     semiminor_sigma:
#       __class__: astropy.units.quantity.Quantity
#       unit: !astropy.units.Unit {unit: pix}
#       value: !astropy.table.SerializedColumn {name: semiminor_sigma}
#     sky_centroid:
#       __class__: astropy.coordinates.sky_coordinate.SkyCoord
#       dec: !astropy.table.SerializedColumn
#         __class__: astropy.coordinates.angles.Latitude
#         unit: *id002
#         value: !astropy.table.SerializedColumn {name: sky_centroid.dec}
#       frame: icrs
#       ra: !astropy.table.SerializedColumn
#         __class__: astropy.coordinates.angles.Longitude
#         unit: *id002
#         value: !astropy.table.SerializedColumn {name: sky_centroid.ra}
#         wrap_angle: !astropy.coordinates.Angle
#           unit: *id002
#           value: 360.0
#       representation_type: spherical
#   astropy version: '5.1'
#   make_catalog parameters:
#     ab_zpt: 31.4
#     coadd_bands: !!python/tuple [f277w, f356w]
#     deblend_contrast: 0.001
#     deblend_nlevels: 32
#     deblend_npixels: 1
#     detect_kernel_fwhm: 4.0
#     detect_kernel_npix: 7
#     detect_npixels: 4
#     detect_threshold_nsigma: 3.0
#     flag_isolated_buffer: 4
#     hst_bands: !!python/tuple [f606w, f814w, f125w, f140w, f160w]
#     jwst_bands: !!python/tuple [f115w, f150w, f200w, f277w, f356w, f410m, f444w]
#     near_border_kernelsize: 21
#     reference_band: f200w
#   make_catalog version: 1.4.0
#   photutils version: 1.5.0
# schema: astropy-2.0
label xcentroid ycentroid sky_centroid.ra sky_centroid.dec bbox_xmin bbox_xmax bbox_ymin bbox_ymax area semimajor_sigma semiminor_sigma orientation eccentricity min_value max_value local_background segment_flux segment_fluxerr kron_flux kron_fluxerr kron_radius gini equivalent_radius kron4_2_flux kron4_2_fluxerr radius_kron20 radius_kron50 radius_kron80 near_border
[from data line 3761]
3762 2185.039610371935 4480.068807737214 214.86081297516418 52.8631101976685 2182 2188 4476 4483 46.0 2.0528654993647013 1.2289094587386382 -72.60603603401717 0.8010247284418116 -0.05525435956083468 0.8888814826233622 0.0 13.23000019275477 1.5758222 17.57140304015364 2.386555530098727 1.439365907565486 0.4529608373109407 3.826519928662906 16.468950583413413 3.8035483515479602 1.3300581700968481 2.623640995889692 4.3933392082439156 False
3763 2131.330980530747 4489.054411383879 214.86119820652746 52.86349986156683 2124 2142 4477 4501 337.0 5.026526651137663 2.5885721612399992 76.04524527019295 0.8572008224829865 -0.19297385403843534 5.272724680751027 0.0 137.14400657252844 4.3669305 170.48460818098545 6.874422605161154 1.8280157232223493 0.6043973657565018 10.357143990692485 186.59355926080886 10.8693411148938 1.93236092773039 5.156890603262195 10.903650557795993 False
3764 3641.520510930659 4489.513474872453 214.84770554119083 52.85390756264135 3632 3650 4480 4499 284.0 3.916674497890477 2.6896591340021163 48.55868645194471 0.726921930701724 -0.04064588635909367 6.537507297753502 0.0 205.79330918074828 4.0343313 259.99086555597114 6.816337702960371 2.0047724189899916 0.5594477567195066 9.507891862878783 322.25861252290446 10.793932600557298 2.055856203335835 4.5835448299545085 10.0051632389098 False
3765 6427.397891001504 4482.839385851238 214.82291011017819 52.836167902232305 6426 6430 4481 4485 18.0 1.1498433118895943 0.9423309655125416 43.554358593393815 0.5730364348686072 0.1866803086339623 1.297084185105714 0.0 10.929682799899071 1.0939589 19.888388826319886 2.4266287869743017 2.0755615832043732 0.3020132164507859 2.393653682408596 22.902653748965342 3.800085621465623 1.1048754572478732 2.162667129765599 3.4017888989409344 False
3766 1528.1970715143482 4485.081142525246 214.86662840527353 52.86730992881617 1524 1532 4482 4488 51.0 2.0740798861618823 1.4049177592692739 21.023781800257773 0.7356432662628025 -0.024022722587545755 0.631640308391723 0.0 12.411913673124776 1.7757921 18.373666038739564 3.8463852591939363 2.0695324513572406 0.3616153474974286 4.029119531035698 15.892273728416967 6.145431280752282 1.5822404098424832 3.0873360573510564 5.034258293000193 False
3767 7536.676867252678 4486.316972197826 214.81297817277817 52.82913595787284 7533 7540 4482 4491 55.0 2.4572192946937115 1.6039658547105209 74.66820011681044 0.7575677910200389 0.08117351193402228 0.6767835851059834 0.0 20.878812503298978 1.85962 91.53112481062327 7.084034220203583 3.2716612377035124 0.21549504321482657 4.1841419359420025 109.10510795909914 11.183974328795191 3.9338380435833984 8.598504504172448 12.823259458698137 False
3768 6141.395865066324 4486.904225520085 214.82541915248026 52.838007534629135 6136 6146 4483 4491 71.0 2.3797812989616336 1.5692386657842308 5.661386412751402 0.7517882761453659 -0.030971385550095657 1.2137693958923481 0.0 20.69669456388162 2.0860012 26.243375460081662 4.3060198706716175 2.0016957306977634 0.4286179896703903 4.753945931439391 38.31060042769539 6.960154855640304 1.414903383457056 3.0098255109788354 5.153342578371055 False
3769 nan nan nan nan 8235 8242 4487 4495 50.0 nan nan nan nan 0.0 0.0 0.0 0.0 7071068.0 nan nan nan nan 3.989422804014327 nan nan nan nan nan True
3770 2546.9316365099717 4513.0149645273395 214.85723365980502 52.86098876850421 2528 2566 4489 4533 1207.0 5.572033075023686 4.257869437789221 -60.435283889510096 0.6450385087700793 -0.2227419898970766 82.40898555386016 0.0 1952.7480476963688 9.021475 1906.976118000015 7.993255360241531 1.4 0.7758345046810081 19.601021213799942 2045.6932436352267 12.40545394078708 1.7205013096477857 3.3684508009592555 8.314528880243435 False
3771 6658.897545605189 4528.93183510392 214.82035980730868 52.83494495241764 6618 6696 4489 4570 4567.0 11.665258412287177 10.7135215235251 -73.6546534418116 0.39562369087184274 -0.24483461382074004 17.57538318737417 0.0 6293.85687490772 17.094099 6339.033804226403 17.961974683989926 1.4438113007996594 0.6713590056348281 38.127696628584474 6721.26725466829 27.73237089509703 6.709380645342869 12.330179267370424 20.09144418476791 False
3772 3588.247219300259 4502.941192315085 214.8480399446591 52.85431845464546 3575 3605 4492 4513 479.0 5.468973686843588 3.0510655361417185 -17.284244862061808 0.8299173861707797 -0.06453213385271982 7.918893736025743 0.0 488.9703580757904 5.2854424 525.9888295678284 6.999859463431926 1.6395080863477323 0.5892500954951781 12.347891944863939 577.4075090636909 11.002232772550371 2.4317929950891277 5.00129500060929 9.001127446334042 False
3773 2499.0174078639448 4497.038443473992 214.8578297550879 52.86120701564957 2497 2501 4493 4499 16.0 1.371062577371858 1.0070703153343437 -38.277981020670396 0.6785890672389698 0.05931294288286242 1.0174558492731394 0.0 7.43127722578284 0.98421174 17.143471778340903 2.5110767255703763 2.069827681848268 0.32344831635103 2.256758334191025 16.20121838226872 3.9664911582245503 1.2312736282618342 2.245160954836386 3.5859644873278897 False
3774 3555.480059173361 4493.550903550917 214.84843134419287 52.85447601931193 3555 3556 4493 4494 4.0 0.5097769537717144 0.4869688381614008 42.23153170484114 0.29577176328946714 0.3803136542727912 0.5134301707201068 0.0 1.8617367911873703 0.5128004 10.905386304139581 1.7719124260176804 3.4481655596468306 0.0816032037287096 1.1283791670955126 12.83736895825399 2.8155509594518686 1.243127738738749 2.2064252787112566 3.4373821052267908 False
3775 8470.522849708546 4494.886790202619 214.80456011135811 52.82324587731224 8469 8472 4493 4496 15.0 1.148185951058482 0.7861451353553879 -32.643315364807776 0.7288395719822802 0.03489178183040728 0.862506793625662 0.0 6.898818468924268 0.8967183 15.989104100397103 2.700610744919156 2.7284222553497086 0.3008333732851308 2.1850968611841584 25.109799875014062 4.347704885902912 1.2699983929789733 2.5661011828218085 4.953931380437749 False
3776 985.9264991635686 4497.889963940695 214.87133906097768 52.87082366342611 983 989 4494 4501 48.0 2.317051469774095 1.6523112566700306 -74.02160866445973 0.7010527359044582 -0.3002479366137245 0.11441584367610906 0.0 -2.4541145090223155 1.6196303 -5.614164636071517 2.826226920603275 1.4 -0.5446652969748189 3.9088200952233594 -8.134898878062554 4.710398239593465 2.878390246290285 4.053409555985046 5.214453219048415 False
3777 1734.4464598321517 4496.930717938207 214.8646609754718 52.86606363697599 1731 1740 4494 4498 24.0 1.9918537413557862 0.710097786157355 -9.317371541719886 0.9342949534722303 -0.1471708864299071 1.284940008324178 0.0 6.982891469024774 1.1513695 22.78936711196898 3.3017390027880693 2.6718961088950026 0.5579333943605835 2.763953195770684 26.39820330371422 5.3464566181473705 1.6184862851504909 3.5349861585355034 6.501039811892415 False
3778 5986.494274258574 4494.548643039854 214.82672089814278 52.83903321344097 5986 5987 4494 4495 4.0 0.5088892959466593 0.4885005169186178 -41.70560189141194 0.28022363195318384 1.2733900583089013 1.6784783441510545 0.0 5.836895693962495 0.51693076 19.333301298887857 1.7284261335899782 3.202494782007778 0.07869624218479108 1.1283791670955126 20.613277131810314 2.740872744530864 0.9153445429471855 1.736060355483835 2.812875761856169 False
3779 9885.184935527917 4495.078059025543 214.79194668417733 52.81425308989183 9884 9886 4494 4496 8.0 0.8524277559051227 0.6051569661680539 42.74659726308688 0.7042806061927754 0.22841439742259298 0.7039564116470514 0.0 4.0549051362965525 0.7432498 20.076181335673002 2.625699627365551 3.2964342689083277 0.21423989607335278 1.5957691216057308 26.29949821356414 4.0972125510858834 1.5327749863463147 2.6596943640466235 4.341424960906303 False
3780 8973.722993004514 4497.501595073596 214.80004608187295 52.820060986425105 8972 8975 4495 4499 18.0 1.3179833288408884 0.9352344587532239 77.41320206423694 0.7046097156730184 0.06592864919831232 0.6967285914372101 0.0 5.972618315977034 1.0338476 17.301832360203584 3.1843039820276218 2.7702208723148782 0.2963277034359873 2.393653682408596 18.394900208423415 5.0386648286581455 1.6916858138130038 3.180231632422656 4.967243438702005 False
3781 3111.286791069843 4497.372151142761 214.85235780316856 52.85731887827949 3109 3113 4497 4498 9.0 1.3161653889280254 0.4769482892238704 3.6728016723918637 0.9320315372775068 0.37891777448184816 0.8528581315688823 0.0 5.485265503480226 0.7179651 43.99577007592329 2.9465807950051888 3.5420023710658493 0.12832533453480688 1.692568750643269 69.09393143803263 4.71786641300341 2.3308175649148035 4.0890123791211295 6.189489927531768 False
3782 174.1214558730457 4499.142055996903 214.87858118523678 52.875986853287095 172 176 4498 4500 12.0 1.3117348563519895 0.688065549554496 -6.755986271561264 0.8513819776522071 0.1330647718067595 0.5147872020180517 0.0 3.720998394698267 0.9893555 98.62576494092724 5.050617781249159 4.022214249454035 0.22179521024421503 1.9544100476116797 253.07008943618172 8.092301599106628 4.726887098700583 7.164919401373755 8.800881624896313 False
3783 583.2202147900911 4504.550753906721 214.87486783493975 52.87341756501242 572 592 4498 4508 181.0 4.560119347031677 1.8328785454071703 -12.406252257512937 0.9156675303214947 -0.07310418473485428 4.442176972662899 0.0 198.44345420911617 4.1433 253.5904837577985 7.20557991379027 1.9040751034189416 0.48688662675318667 7.590394548326596 280.125639333965 11.104623374719889 2.3596706780349823 4.915202216391925 8.569212324027173 False
3784 nan nan nan nan 2274 2280 4500 4506 36.0 nan nan nan nan 0.0 0.0 0.0 0.0 6000000.0 nan nan nan nan 3.385137501286538 nan nan nan nan nan True
3785 9469.861494910629 4503.346590555688 214.79556168083877 52.81693822281413 9466 9475 4500 4507 58.0 2.592953417684576 1.389134353383217 26.40994140032124 0.8443865516175025 -0.02448792394298082 0.984985990680826 0.0 22.09738179107651 1.7959442 47.273365102695834 5.206498705608106 2.6429510936167313 0.2954600630409518 4.296739856991561 77.65379248205205 8.34266903005132 2.357377879124449 4.901292336449013 9.330765578043641 False
3786 448.89279610863923 4503.745442989899 214.87607684897998 52.874266438632546 445 452 4501 4506 41.0 2.1235304723642296 1.2001487366152175 -0.2715735069285962 0.8249767189036293 -0.3172553271492095 0.43059335796059184 0.0 1.9558350499563744 1.8810415 18.813620850491006 7.175885809928647 3.4161681739898846 0.5545244248945292 3.6125759969217834 36.994198794994716 11.19062936308861 7.20395924501615 10.67330003548854 13.619157162021425 False
3787 791.402208414695 4504.025500011071 214.87301284787597 52.8720923821276 789 794 4501 4507 30.0 1.4917102350081355 1.2425324884117146 76.32363546293774 0.5533356988969671 0.1808209413348479 1.4268067422617412 0.0 20.851138603711274 1.612251 31.227015756161116 3.485851709510357 2.0566709822013807 0.2725948127940038 3.0901936161855166 39.46248148091203 5.41963072625283 1.3668006966188349 2.4093034643766535 3.837606393869827 False
3788 1263.9902619014888 4514.060077924632 214.86868416957327 52.86914457005201 1249 1280 4501 4518 447.0 6.352187056181575 3.764604350531195 -4.350208255536365 0.8054623395089764 -0.21994026611505968 5.779230726570144 0.0 276.2512634760143 6.353988 2597.9420969931507 18.009086279386384 2.703358591508659 0.5452925386272434 11.92830747106036 2766.48636512667 inf 7.830439697457936 10.24560293130709 14.267556062122933 False
3789 nan nan nan nan 2375 2382 4501 4507 50.0 nan nan nan nan 0.0 0.0 0.0 0.0 7071068.0 nan nan nan nan 3.989422804014327 nan nan nan nan nan True
3790 7643.394919210687 4511.860461649744 214.81175762926267 52.828595251562625 7629 7661 4505 4519 327.0 6.759027947977396 2.1541971469432144 -16.039743999685314 0.9478509147727697 -0.18814802049474677 2.698459488222408 0.0 169.65917424090435 4.34975 209.87437060827642 7.557037908414693 1.8983884825795398 0.48646027992760676 10.202319970580199 232.10987431372695 12.054568163447525 2.9128784798150997 6.335386557355269 12.564580054868609 False
3791 7859.855701779101 4506.486034281013 214.80988366456995 52.8271903290415 7858 7861 4505 4509 16.0 1.1963743446043624 0.865888253520026 71.431549794791 0.6900514686644886 0.05465140246901382 0.6746941676985251 0.0 6.458476827646894 0.9487273 10.431428479625728 2.033870311687411 1.9520542509593248 0.25483972024005586 2.256758334191025 9.879565390418861 3.2436552470124336 1.111852528129901 1.938648894756771 2.965617966502209 False
3792 3961.371799561107 4518.975378760541 214.84453964065221 52.85203408491932 3955 3967 4506 4529 237.0 5.357173017026469 1.9705335181336778 76.7100863508972 0.9298927163437646 -0.1459202520469885 5.025699168759402 0.0 164.9351453757137 3.7727506 204.12242980559873 6.422302420695471 1.827704889826042 0.5083054472418509 8.685588237163813 219.1521214871184 10.536552637781934 2.76297892632161 5.615032734519875 9.4487490336814 False
3793 3444.5775230549107 4524.057968875565 214.8491006534247 52.85534516471778 3438 3452 4508 4539 315.0 7.4938564313899345 2.6117662801847614 -78.73149115697257 0.9373009750735648 -0.05490571511506759 2.108651094129667 0.0 173.47624721236537 4.5258837 300.8529910890022 11.408518549173671 2.1778587681135657 0.31806093969567595 10.013371767186818 311.83754841960535 3522534.519931517 4.388765756855164 10.436795277004551 16.721602237923115 False
3794 6564.975915350491 4515.218693916868 214.82134200368552 52.835467999420175 6562 6568 4510 4520 55.0 2.5029393236668156 1.3604036328029183 80.49076515517639 0.8393946517283853 -0.14594021676250604 0.6950954377938302 0.0 11.165838933241757 1.7404348 11.964505466789024 3.4526279502496524 1.8222178570869951 0.381330730933109 4.1841419359420025 12.718194531797543 5.526004842877835 1.4840862854439976 2.7084954956857272 3.9143386900745814 False
3795 2007.3799592302184 4512.055698777712 214.86206346250867 52.86441134925969 2005 2010 4511 4513 16.0 1.4080248801475874 0.7406344697904291 -1.7030432078922102 0.8504786893162933 0.2512023989503926 1.3928743539212578 0.0 13.188524967311618 0.9585624 34.03616890109383 2.8927270693048155 2.7430973724388665 0.17995807653878623 2.256758334191025 40.83393138109445 4.620330896964281 1.4534689312649913 2.9053071985193366 4.851370588035571 False
3796 6450.330607196506 4517.970137103161 214.82233589214508 52.83621149204986 6442 6458 4511 4526 198.0 3.244903554983131 3.1092318671346 35.27340804155528 0.2861350461692852 -0.15725379478517137 1.976097132685226 0.0 118.43577708654423 3.628981 156.9696087498804 7.078146164127406 2.033566331071842 0.3879821883925327 7.938851142601841 185.68095227911158 11.193026125381254 2.5969691323951065 4.948396537911702 8.777666561102397 False
3797 10053.236997758808 4516.212172464356 214.79022656123007 52.81329844415633 10049 10058 4511 4520 81.0 2.2590998131789575 1.8447862881058366 64.20907230658794 0.577200615108793 -0.16819014700310297 0.900708171712374 0.0 23.93337178083089 2.250916 49.29632118031084 6.017337362804382 2.693808848654904 0.44319433341080433 5.077706251929807 73.4178588102051 9.501562976808342 2.287701617723238 5.467468660388558 10.727475398585062 False
3798 8622.941926992138 4523.315663177857 214.80290199985913 52.822430100123206 8617 8629 4517 4529 132.0 2.9939766094516864 1.8200369183415266 38.73317263666218 0.7940139695953792 -0.17199687485146606 2.262072524054859 0.0 65.49353395938773 2.72028 71.89549144758489 3.7462629007011725 1.5541275389193663 0.5207422761834462 6.4820448144285745 76.28986622720589 5.927766994330159 1.6527245310656598 3.1633298713685014 5.238640618680103 False
