outputs/dr0.5_c0.1/nircam3_matched_f814w_f277w_dr0.5_c0.1.ecsv
# %ECSV 1.0
# ---
# datatype:
# - {name: label, datatype: int64}
# - {name: xcentroid, datatype: float64}
# - {name: ycentroid, datatype: float64}
# - {name: sky_centroid.ra, unit: deg, datatype: float64}
# - {name: sky_centroid.dec, unit: deg, datatype: float64}
# - {name: bbox_xmin, datatype: int64}
# - {name: bbox_xmax, datatype: int64}
# - {name: bbox_ymin, datatype: int64}
# - {name: bbox_ymax, datatype: int64}
# - {name: area, unit: pix2, datatype: float64}
# - {name: semimajor_sigma, unit: pix, datatype: float64}
# - {name: semiminor_sigma, unit: pix, datatype: float64}
# - {name: orientation, unit: deg, datatype: float64}
# - {name: eccentricity, datatype: float64}
# - {name: min_value, datatype: float64}
# - {name: max_value, datatype: float64}
# - {name: local_background, datatype: float64}
# - {name: segment_flux, datatype: float64}
# - {name: segment_fluxerr, datatype: float32}
# - {name: kron_flux, datatype: float64}
# - {name: kron_fluxerr, datatype: float64}
# - {name: kron_radius, unit: pix, datatype: float64}
# - {name: gini, datatype: float64}
# - {name: equivalent_radius, unit: pix, datatype: float64}
# - {name: kron4_2_flux, datatype: float64}
# - {name: kron4_2_fluxerr, datatype: float64}
# - {name: kron4_2_mag, datatype: float64}
# meta:
#   PHOTMJSR: 0.3925000131130219
#   PIXAR_SR: 2.11539874851881e-14
#   __serialized_columns__:
#     area:
#       __class__: astropy.units.quantity.Quantity
#       unit: !astropy.units.Unit {unit: pix2}
#       value: !astropy.table.SerializedColumn {name: area}
#     eccentricity:
#       __class__: astropy.units.quantity.Quantity
#       unit: !astropy.units.Unit {unit: ''}
#       value: !astropy.table.SerializedColumn {name: eccentricity}
#     equivalent_radius:
#       __class__: astropy.units.quantity.Quantity
#       unit: !astropy.units.Unit {unit: pix}
#       value: !astropy.table.SerializedColumn {name: equivalent_radius}
#     kron_radius:
#       __class__: astropy.units.quantity.Quantity
#       unit: !astropy.units.Unit {unit: pix}
#       value: !astropy.table.SerializedColumn {name: kron_radius}
#     orientation:
#       __class__: astropy.units.quantity.Quantity
#       unit: &id001 !astropy.units.Unit {unit: deg}
#       value: !astropy.table.SerializedColumn {name: orientation}
#     semimajor_sigma:
#       __class__: astropy.units.quantity.Quantity
#       unit: !astropy.units.Unit {unit: pix}
#       value: !astropy.table.SerializedColumn {name: semimajor_sigma}
#     semiminor_sigma:
#       __class__: astropy.units.quantity.Quantity
#       unit: !astropy.units.Unit {unit: pix}
#       value: !astropy.table.SerializedColumn {name: semiminor_sigma}
#     sky_centroid:
#       __class__: astropy.coordinates.sky_coordinate.SkyCoord
#       dec: !astropy.table.SerializedColumn
#         __class__: astropy.coordinates.angles.Latitude
#         unit: *id001
#         value: !astropy.table.SerializedColumn {name: sky_centroid.dec}
#       frame: icrs
#       ra: !astropy.table.SerializedColumn
#         __class__: astropy.coordinates.angles.Longitude
#         unit: *id001
#         value: !astropy.table.SerializedColumn {name: sky_centroid.ra}
#         wrap_angle: !astropy.coordinates.Angle
#           unit: *id001
#           value: 360.0
#       representation_type: spherical
#   astropy version: '5.1'
#   kernelfile: kernel_f814w_f277w.fits
#   make_catalog parameters:
#     ab_zpt: 31.4
#     coadd_bands: !!python/tuple [f277w, f356w]
#     deblend_contrast: 0.001
#     deblend_nlevels: 32
#     deblend_npixels: 1
#     detect_kernel_fwhm: 4.0
#     detect_kernel_npix: 7
#     detect_npixels: 4
#     detect_threshold_nsigma: 3.0
#     flag_isolated_buffer: 4
#     hst_bands: !!python/tuple [f606w, f814w, f125w, f140w, f160w]
#     jwst_bands: !!python/tuple [f115w, f150w, f200w, f277w, f356w, f410m, f444w]
#     near_border_kernelsize: 21
#     reference_band: f200w
#   make_catalog version: 1.4.0
#   photutils version: 1.5.0
# schema: astropy-2.0
label xcentroid ycentroid sky_centroid.ra sky_centroid.dec bbox_xmin bbox_xmax bbox_ymin bbox_ymax area semimajor_sigma semiminor_sigma orientation eccentricity min_value max_value local_background segment_flux segment_fluxerr kron_flux kron_fluxerr kron_radius gini equivalent_radius kron4_2_flux kron4_2_fluxerr kron4_2_mag
[from data line 3450]
3451 6256.431210121985 4333.695452497335 214.7737776994811 52.85484779803292 6247 6265 4324 4343 263.0 3.5178476519503765 2.9533929884205716 48.762741962971695 0.5432894607228261 -0.20370103223362934 4.288923936983435 0.0 208.30488277222884 6.8070316 218.8456014114442 10.035838563108921 1.6612458166779709 0.5519928182846654 9.149617481968136 248.09203247736608 15.993821623118167 25.413467957383535
3452 1037.175771325646 4331.384521050664 214.82038618464256 52.88801759096981 1031 1043 4325 4335 97.0 3.7736408538932253 1.7527022163186945 31.16119891343417 0.885594518102715 -0.13753182806959194 0.5290856746984192 0.0 14.709162845116042 3.419331 21.86612437525244 6.000347388375031 1.5085470525893694 0.45508233428939887 5.556622981616415 21.635387471660806 9.534262467990747 28.062088306363357
3453 4088.6429842353264 4327.538715084514 214.79318235642984 52.86859890540731 4086 4091 4325 4330 27.0 1.4600052908487235 1.3335982863453495 56.538910546927205 0.40701791890364725 0.09622259603590459 0.36798324461411935 0.0 6.037829914050611 2.0108175 25.89576973136181 8.293641994464933 3.431917112644446 0.2060662165607014 2.9316150714175193 48.075277222036846 13.122928465069354 27.195195506899278
3454 9619.160115882245 4333.497688464317 214.74380366856226 52.83345800031307 9601 9636 4326 4343 449.0 6.653820686091795 3.4237696901763486 1.1119699662092704 0.8574562049085482 -0.2636408429269261 1.8759187495790872 0.0 187.96471126437433 9.992405 227.22871403700114 17.690014562854675 1.7844247345157243 0.49087630452445286 11.954962939989485 224.55428453361594 28.040497647362102 25.521696635275653
3455 7982.233813954061 4334.114885170217 214.75838540453975 52.84387398202014 7973 7991 4327 4341 192.0 3.511543941555125 2.1619154397471765 -28.990561398297462 0.7880122852241875 -0.10473062388527284 2.858610909965945 0.0 119.87778914492608 5.3703766 156.95329350416415 10.099667711991023 2.129925967277873 0.5379329143286573 7.817640190446719 200.67399341476292 16.16391967177361 25.64377226694139
3456 7547.898007733827 4330.919965046551 214.7622910122987 52.8466193349038 7545 7551 4328 4334 33.0 1.5573732884775062 1.0421037388430434 53.915045355745875 0.743134646316428 -0.14017419639458176 0.5577334151004816 0.0 6.922398334804231 2.1925175 13.242567717699838 5.476193705896161 2.5102092897742283 0.40165378439207094 3.2410224072142872 15.410675169333999 8.739648005468299 28.430445834110387
3457 7650.541658355038 4330.846276320013 214.76137670911288 52.84596609365953 7648 7654 4328 4334 36.0 1.8841870918975872 1.1041966774877996 -19.530928940536306 0.8102868540159028 -0.31949586829039917 0.5075115053303134 0.0 5.481470943574179 2.3345325 13.534367986224792 7.422306078715465 3.0058233867105484 0.4076314045815948 3.385137501286538 26.98490459813692 11.930250987973407 27.82219778247903
3458 2455.0246608750736 4342.688012762325 214.807605148524 52.87906610689955 2449 2460 4332 4352 176.0 4.219590412070341 2.451096578683132 72.96854207063797 0.8139856701709911 -0.39290248977164605 0.7194795071720147 0.0 22.01328267793437 5.5866523 27.582738910741526 9.487575949949964 1.553602997950887 0.4833950810935598 7.48482063701911 31.159188151865663 15.123841601396506 27.66603466582972
3459 9083.278062860843 4334.04286288821 214.74857292119054 52.836869933301706 9081 9087 4332 4336 30.0 1.4419949163245647 1.2057406293968642 0.7230590085541808 0.5484833171566427 0.01916701208435672 0.8146819996545045 0.0 12.55695026520269 1.8219588 31.381575386945727 5.603886131201555 2.856804996301665 0.2929866868322205 3.0901936161855166 34.24506388397597 8.963289460695032 27.563505048198476
3460 2035.466817356044 4334.048934916191 214.81144242220316 52.88168656834289 2034 2036 4333 4335 6.0 0.7826270161640023 0.47177474546700815 -40.267775672347476 0.797885392318043 -0.009683975683396037 0.29884471128853624 0.0 0.7417532066095243 0.987836 15.909557518374243 4.547080784115119 4.0882928217322165 0.4728142948684935 1.381976597885342 19.28945774264838 7.326273080103935 28.18669995223369
3461 7909.4221055557555 4340.345048355941 214.75896885317383 52.84437064707712 7904 7913 4336 4346 73.0 2.5328437591149813 1.6066221618706151 39.40463721410713 0.7730742481638498 -0.2400175754385348 0.5763460824622566 0.0 12.230124162976162 3.3172908 14.954145515579691 7.886983055504072 2.3049863262707833 0.44296759754422943 4.820437914901168 34.619266576726616 12.57369536561072 27.551705342671962
3462 2042.4322394318215 4339.244262887515 214.81132549841223 52.8816702881398 2041 2045 4338 4343 24.0 1.0259826304524393 0.8941485963956574 3.163634217083844 0.4903873037238461 -0.11575315808113962 0.5813268008669239 0.0 4.125619399811145 2.013319 3.2748515961145883 3.051501660138142 1.7496316145184063 0.5220766074712013 2.763953195770684 5.610858794310476 4.86741432935696 29.527426652079992
3463 1184.6650116658625 4342.838745388401 214.81894814253087 52.88714188679947 1181 1190 4339 4348 84.0 2.8593926969820775 1.5457880302537905 -37.69754762581151 0.8412796871994221 -0.41831031998858564 0.39068456166382903 0.0 4.466669035921517 3.833675 2.5803087684666535 5.45178473254043 1.4 0.4814988826607883 5.170882945826411 -4.537184882777382 8.70653682780001 nan
3464 4412.04991825901 4342.312200085426 214.790140716237 52.86662224726572 4407 4416 4339 4345 54.0 2.3140792481918204 1.191296270499633 -10.015516375339308 0.8573081586320206 -0.09135356031571529 0.7104013818845983 0.0 12.481602629989526 2.4887414 29.658461725979294 7.409817109598656 2.9774683570061167 0.41432169217957077 4.145929793656026 72.09247475437496 11.901747976447975 26.75527516494259
3465 7517.442502348496 4343.5136710675715 214.7624299057992 52.846880849083256 7514 7521 4339 4349 62.0 3.1722482279351443 1.3445723500305304 -80.46871616117382 0.9057301946628622 -0.12599504538749604 0.6586957874100291 0.0 18.060947174029177 2.9994328 28.681534209092167 6.160453229290056 1.7805124444969975 0.3421631445035683 4.442433223290478 34.23743355702744 9.856848747789245 27.563746993879956
3466 7823.058453471245 4340.821105267197 214.75973372048367 52.84492252506346 7821 7825 4339 4343 20.0 1.2581700926505903 1.0172195703470948 -46.799913351060745 0.5885081327374947 0.14647453300583244 0.6618814442027571 0.0 7.906568490674242 1.7648867 25.326689148997183 5.643859069527636 2.9060489642661995 0.22939884730899232 2.5231325220201604 30.30838976060686 9.037632100359094 27.69609284108849
3467 8379.279801338143 4347.325838862662 214.75470717913208 52.84141961891827 8366 8397 4339 4357 431.0 5.506262279527495 3.154262969816748 5.336416833402472 0.8196601416887487 -0.009025556690198177 4.5020942794343295 0.0 344.9130805034569 6.888661 414.64380670616464 11.891967458683137 1.9344899918283005 0.521491539037511 11.71288013023329 463.6047581516812 18.953546759483643 24.734630288390953
3468 1314.5879298501643 4341.7145070990455 214.81779955194915 52.88631003017449 1313 1317 4340 4344 20.0 1.2386951768789964 1.1686841326492379 -80.97230537805714 0.33142944751713493 0.19145134181936466 0.5517192584786389 0.0 7.745883348059835 2.0325613 16.74285816699906 6.208115940467739 2.5610889056707897 0.12829151258832544 2.5231325220201604 14.708720812777115 9.975570060381473 28.481062738322027
3469 1395.8133585913388 4341.216172288265 214.81707934217326 52.885791065200536 1395 1397 4340 4342 7.0 0.8877080507500056 0.5183121247677451 -43.352342560029605 0.811842285918607 0.21800679684244176 0.5499358328219194 0.0 2.6008599855272623 1.2389268 10.09676066458725 4.390387897467968 3.1022544589508314 0.20777582345637252 1.4927053303604616 16.258199267392534 6.973578891143247 28.372318894632002
3470 4260.800775828043 4340.0 214.79151476105332 52.86757145306068 4259 4262 4340 4340 4.0 1.0425183834859684 0.28867513459481287 0.0 0.9608982448154904 0.14123168987763227 0.3744077013994009 0.0 1.1408712321632968 0.66577196 20.07525604188172 3.140866069697222 3.859962523336205 0.22050466535461305 1.1283791670955126 42.938975509627795 4.999694362678862 27.317870804257062
3471 3989.2781172483055 4345.051382132947 214.79388467462925 52.86932500272761 3987 3990 4341 4346 13.0 1.0009340097056754 0.3037401404718324 -36.86664078886625 0.9528452265645856 -0.21408836761216757 0.12672228582182585 0.0 -0.7200668231074443 1.1880908 8.18056568593914 3.320740642813804 4.146318636028345 -0.4214139453155793 2.0342144725641096 12.364764198587736 5.330420499796358 28.669535403519273
3472 9882.024405378808 4350.220927162752 214.74128558494115 52.831875739885724 9876 9889 4341 4360 193.0 4.742064047200769 1.9888965651581412 -60.06416818506196 0.9077942445281955 -0.3481720954072254 1.5220676971371516 0.0 75.21929317943125 6.6811576 114.46609860220286 15.107497661605796 2.3214635718830494 0.4496780350868072 7.837972188868215 141.34404727159676 23.97419954432865 26.024306192936788
3473 5965.170574102122 4347.504216634912 214.77623002049114 52.85677438289465 5962 5968 4343 4352 51.0 2.4416496090172854 1.4921113520761982 64.38939434822814 0.791547308174375 0.12153084977067753 0.5744395871530821 0.0 16.28737119843833 2.9633396 67.73258183212536 11.587554359147566 3.2538390387363587 0.20323894423417652 4.029119531035698 71.06014241801736 18.583477546021548 26.770934816093046
3474 2391.0793185864036 4347.6423014632155 214.80812390768062 52.879499293428935 2388 2394 4344 4351 46.0 1.9500190668529005 1.5688128795629341 61.187855092586666 0.5939369928095471 0.023774902605038454 0.6099137528398854 0.0 16.645140336299566 2.8018732 35.46846559460943 7.981261038281111 2.446886945455822 0.24659886681412593 3.826519928662906 21.534265398961388 12.787584421781476 28.06717484697414
3475 6976.0 4345.594035056944 214.76723551057808 52.850335666524735 6975 6976 4344 4346 5.0 0.5696408881030052 0.28867513459481287 90.0 0.8620831346777231 -0.1627409750175579 0.15768149452044666 0.0 0.014194963396591043 0.9316291 7.695345302187139 3.122818336568795 4.262545053761411 0.4717769895560292 1.2615662610100802 19.61698434004539 5.047572489484746 28.16841938652108
3476 7001.565858241056 4352.9220729364515 214.76693037321036 52.85021252997614 6995 7009 4345 4364 226.0 3.164124480288771 2.322218484715443 -59.71270636202662 0.6792344689497192 -0.28103459972745465 2.9483952969159497 0.0 86.09115780858885 6.3044224 112.10850585049562 9.584966500972381 1.9172215853808103 0.6423494221680519 8.481629223064205 131.31147952546175 15.296105337342123 26.10424326328667
3477 4419.195921627014 4353.1186027506255 214.78996313090138 52.866635023798366 4418 4420 4351 4354 9.0 0.9304681596409415 0.47261510895647646 -45.0629907162132 0.8613968171997434 -0.03218264868543564 0.4399178944238254 0.0 1.8542165001625834 1.0045379 8.378177227211713 3.135804024493165 3.1642054534324457 0.4422325858012602 1.692568750643269 8.026022078038633 5.01383682125026 29.138749124850463
3478 148.85037723944663 4355.33696443205 214.82806965221408 52.893792548479325 148 150 4352 4357 11.0 1.5574098019563358 0.5202900984237868 71.75967431515042 0.9425468543871846 -0.010750496634234228 0.4071051401674293 0.0 2.285538643974141 1.1565344 15.184285932049132 4.651441099328833 3.379624322642804 0.30019574108991265 1.8712051592547776 27.542241896608232 7.4702736515639065 27.800001779324614
3479 4341.7503106579325 4353.206299754999 214.7906532939438 52.867127908308674 4339 4344 4352 4354 13.0 1.7819516103915167 0.599626488010131 2.3356748856728524 0.9416835118259843 -0.013596866095059392 0.3780523627372058 0.0 2.233837288539476 1.2160513 69.1560943180975 6.017231648102743 3.870337561128014 0.46521943924386155 2.0342144725641096 141.29136120021218 9.628480104004005 26.024710977150914
3480 1556.2747570276638 4354.725242972336 214.81550394208327 52.88484394021596 1554 1557 4354 4355 6.0 0.6941646347659297 0.28867513459481275 -45.0 0.9094287572916482 -0.17908082354953528 0.05396869196220057 0.0 -0.42845154617293846 1.2556571 8.440130028950072 4.015956568303363 4.243288545103994 -0.4732083897293948 1.381976597885342 4.9115588681381785 6.396432130689061 29.671951615730208
3481 3833.2039749101023 4355.107844665038 214.79517167350977 52.87037147505085 3832 3836 4354 4356 11.0 0.8224393096027909 0.6890769774061077 33.647387084649075 0.5459076076640462 -0.07580846787483486 0.23232091090674523 0.0 1.1858990852417794 1.1102278 7.592946330225466 3.8045023460733094 3.4121054816837253 0.4272900697054627 1.8712051592547776 5.677201553958442 6.086739202325579 29.514664217572758
3482 9669.760690159888 4357.877455405858 214.7430961054274 52.833267324833564 9665 9674 4354 4362 69.0 2.4741598318855544 1.82414789912972 -33.790346171323215 0.6755875931189484 -0.019767491098944677 0.56128697967442 0.0 19.119670827690538 3.732193 28.258807000744813 6.114940398099787 1.4 0.2619334513394569 4.686510657907603 23.254259574447566 9.829654653376732 27.98374371013508
3483 1248.9396389220233 4368.216079919988 214.81810673252795 52.88687012119763 1239 1258 4355 4379 383.0 5.19482259041484 3.958320593066661 -80.99251007343739 0.6476074239578364 -0.18161450261760143 1.9168100493459086 0.0 236.38205497907418 8.308076 331.1317420042485 17.513399852236205 1.9755823198811981 0.3915774348688099 11.041407809169618 356.9239535375321 28.125799349485746 25.01856076278043
3484 2860.330557342961 4361.2469737932 214.80379108390298 52.87658957212051 2857 2864 4355 4365 71.0 2.478655390355516 1.751253988149118 -69.65794391899107 0.7076792274355519 -0.07671708051987974 0.3931516484750494 0.0 9.557644196877275 3.516126 27.81736099547812 12.261201809787481 3.1874169182974708 0.39657725632002916 4.753945931439391 73.98113509088478 19.691995804732194 26.727197523997695
3485 1538.5877913393447 4366.441084523032 214.81553849068865 52.885019500901016 1532 1546 4357 4376 213.0 3.9077098456378634 3.1203954760445978 56.97886919504195 0.6019645420432654 -0.3730190556126003 0.6189037549865217 0.0 21.053726574667436 6.705861 85.46041111786313 21.556424943896825 3.0027205532550685 0.47587888674669654 8.234075889688375 82.02354439892405 34.432333315971036 26.615153669807523
3486 1320.684908865343 4362.097342501618 214.81753038654048 52.88638112548597 1317 1323 4358 4365 46.0 1.7239742950005705 1.2928573675441848 72.727267247222 0.6615189511957502 -0.3573524134567448 0.6532911628993631 0.0 9.006480655571506 3.103508 20.47304247771375 9.201429405067092 3.0370593352921214 0.4564232524605611 3.826519928662906 42.17748499300946 14.716488165083495 27.337298301073027
3487 6842.084616009819 4359.109536791881 214.76828728328434 52.85126012814121 6841 6843 4358 4360 8.0 0.8704754855541095 0.6385966798309193 -43.122066682382304 0.6795618450699598 0.26710380366916797 0.4747640250709311 0.0 3.06807387596952 1.1498256 10.606560236187413 3.8686724658711253 2.8821450689657904 0.08896927889177285 1.5957691216057308 7.527057801265459 6.251112225522114 29.208436872371387
3488 10101.930768005644 4359.0880672825 214.73923310072496 52.830524441021986 10100 10104 4358 4361 13.0 1.0063363451770744 0.8414101389334129 16.618806779945526 0.5485583987580245 0.01411665867834128 0.3967935863308835 0.0 3.384465879693647 1.4737719 23.776369086903426 6.234137587704709 3.639964563820796 0.22877305604169418 2.0342144725641096 33.884066810520196 9.938245946895458 27.57501117653712
3489 7044.086058079301 4366.526945850619 214.76640795917285 52.85001536300677 7039 7051 4359 4373 156.0 3.2599301153557656 2.3315479810213313 -80.03313234211403 0.6989054244003962 -0.2756726010981683 1.2469298807799571 0.0 47.93242404279583 5.1494584 50.76437349164013 7.812925963336302 1.5479456779673435 0.4438001856613696 7.046725639945928 55.49537139022496 12.431948875879772 27.039358094603745
