outputs/dr0.5_c0.1/nircam2_f125w_dr0.5_c0.1.ecsv
# %ECSV 1.0
# ---
# datatype:
# - {name: label, datatype: int64}
# - {name: xcentroid, datatype: float64}
# - {name: ycentroid, datatype: float64}
# - {name: sky_centroid.ra, unit: deg, datatype: float64}
# - {name: sky_centroid.dec, unit: deg, datatype: float64}
# - {name: bbox_xmin, datatype: int64}
# - {name: bbox_xmax, datatype: int64}
# - {name: bbox_ymin, datatype: int64}
# - {name: bbox_ymax, datatype: int64}
# - {name: area, unit: pix2, datatype: float64}
# - {name: semimajor_sigma, unit: pix, datatype: float64}
# - {name: semiminor_sigma, unit: pix, datatype: float64}
# - {name: orientation, unit: deg, datatype: float64}
# - {name: eccentricity, datatype: float64}
# - {name: min_value, datatype: float64}
# - {name: max_value, datatype: float64}
# - {name: local_background, datatype: float64}
# - {name: segment_flux, datatype: float64}
# - {name: segment_fluxerr, datatype: float32}
# - {name: kron_flux, datatype: float64}
# - {name: kron_fluxerr, datatype: float64}
# - {name: kron_radius, unit: pix, datatype: float64}
# - {name: gini, datatype: float64}
# - {name: equivalent_radius, unit: pix, datatype: float64}
# - {name: kron4_2_flux, datatype: float64}
# - {name: kron4_2_fluxerr, datatype: float64}
# - {name: radius_kron20, unit: pix, datatype: float64}
# - {name: radius_kron50, unit: pix, datatype: float64}
# - {name: radius_kron80, unit: pix, datatype: float64}
# - {name: near_border, datatype: bool}
# meta:
#   PHOTMJSR: 0.3925000131130219
#   PIXAR_SR: 2.11539874851881e-14
#   __serialized_columns__:
#     area:
#       __class__: astropy.units.quantity.Quantity
#       unit: !astropy.units.Unit {unit: pix2}
#       value: !astropy.table.SerializedColumn {name: area}
#     eccentricity:
#       __class__: astropy.units.quantity.Quantity
#       unit: !astropy.units.Unit {unit: ''}
#       value: !astropy.table.SerializedColumn {name: eccentricity}
#     equivalent_radius:
#       __class__: astropy.units.quantity.Quantity
#       unit: !astropy.units.Unit {unit: pix}
#       value: !astropy.table.SerializedColumn {name: equivalent_radius}
#     kron_radius:
#       __class__: astropy.units.quantity.Quantity
#       unit: &id001 !astropy.units.Unit {unit: pix}
#       value: !astropy.table.SerializedColumn {name: kron_radius}
#     orientation:
#       __class__: astropy.units.quantity.Quantity
#       unit: &id002 !astropy.units.Unit {unit: deg}
#       value: !astropy.table.SerializedColumn {name: orientation}
#     radius_kron20:
#       __class__: astropy.units.quantity.Quantity
#       unit: *id001
#       value: !astropy.table.SerializedColumn {name: radius_kron20}
#     radius_kron50:
#       __class__: astropy.units.quantity.Quantity
#       unit: *id001
#       value: !astropy.table.SerializedColumn {name: radius_kron50}
#     radius_kron80:
#       __class__: astropy.units.quantity.Quantity
#       unit: *id001
#       value: !astropy.table.SerializedColumn {name: radius_kron80}
#     semimajor_sigma:
#       __class__: astropy.units.quantity.Quantity
#       unit: !astropy.units.Unit {unit: pix}
#       value: !astropy.table.SerializedColumn {name: semimajor_sigma}
#     semiminor_sigma:
#       __class__: astropy.units.quantity.Quantity
#       unit: !astropy.units.Unit {unit: pix}
#       value: !astropy.table.SerializedColumn {name: semiminor_sigma}
#     sky_centroid:
#       __class__: astropy.coordinates.sky_coordinate.SkyCoord
#       dec: !astropy.table.SerializedColumn
#         __class__: astropy.coordinates.angles.Latitude
#         unit: *id002
#         value: !astropy.table.SerializedColumn {name: sky_centroid.dec}
#       frame: icrs
#       ra: !astropy.table.SerializedColumn
#         __class__: astropy.coordinates.angles.Longitude
#         unit: *id002
#         value: !astropy.table.SerializedColumn {name: sky_centroid.ra}
#         wrap_angle: !astropy.coordinates.Angle
#           unit: *id002
#           value: 360.0
#       representation_type: spherical
#   astropy version: '5.1'
#   make_catalog parameters:
#     ab_zpt: 31.4
#     coadd_bands: !!python/tuple [f277w, f356w]
#     deblend_contrast: 0.001
#     deblend_nlevels: 32
#     deblend_npixels: 1
#     detect_kernel_fwhm: 4.0
#     detect_kernel_npix: 7
#     detect_npixels: 4
#     detect_threshold_nsigma: 3.0
#     flag_isolated_buffer: 4
#     hst_bands: !!python/tuple [f606w, f814w, f125w, f140w, f160w]
#     jwst_bands: !!python/tuple [f115w, f150w, f200w, f277w, f356w, f410m, f444w]
#     near_border_kernelsize: 21
#     reference_band: f200w
#   make_catalog version: 1.4.0
#   photutils version: 1.5.0
# schema: astropy-2.0
label xcentroid ycentroid sky_centroid.ra sky_centroid.dec bbox_xmin bbox_xmax bbox_ymin bbox_ymax area semimajor_sigma semiminor_sigma orientation eccentricity min_value max_value local_background segment_flux segment_fluxerr kron_flux kron_fluxerr kron_radius gini equivalent_radius kron4_2_flux kron4_2_fluxerr radius_kron20 radius_kron50 radius_kron80 near_border
[from data line 2309]
2310 1508.7401008300824 4516.5082377436265 214.92279031282337 52.94075628028383 1505 1513 4508 4523 101.0 4.097261092178028 1.7683673450114998 -76.58927465865138 0.9020663285103859 0.08512875016864704 0.4252362275608721 0.0 22.140384413815184 8.731267 57.40852624251886 33.32942414749888 3.239253085495915 0.23592440699985506 5.670035141386943 68.44080029160479 51.289668651147316 3.8299728013306584 7.824207312967038 13.5301895397699 False
2311 1646.4936074987406 4517.856971221595 214.92154211539565 52.93988906904364 1638 1654 4508 4529 247.0 4.6862200998442765 2.9773698387338774 72.46150064960725 0.7722278343811002 -0.010458215937762928 1.0857458889667226 0.0 119.06573167523487 11.6413145 175.0367724108059 26.6904965673185 2.178083916706335 0.3188026215867818 8.866935315394846 267.6421268617622 44.24703084864934 3.5203270512570106 6.517342015719682 10.309462112254858 False
2312 6848.438810696238 4513.367769198974 214.87502700679815 52.90683225634446 6842 6854 4508 4519 116.0 2.7600951190032346 2.5052285263543657 32.94628544644228 0.41970577305409396 -0.025015316897073803 0.5060099094756346 0.0 26.648318080486597 8.092295 51.37319530086663 20.679763500740002 2.3553518242438334 0.2893154816165123 6.076507779746499 57.80846195961908 33.057037141344686 2.906450745798356 5.796212967585414 10.276324323954043 False
2313 2688.2996215237727 4515.286339090574 214.91223835196328 52.93326114211963 2682 2693 4510 4520 113.0 2.904297921874584 2.530835241067528 9.39771220928833 0.4905548067623606 0.03866711528024931 0.5561510102803394 0.0 30.964973643717745 7.8196006 83.5651634452449 28.013045790417756 3.1343418576977444 0.27447029664774103 5.997417539138688 109.41930578249028 44.79451230360797 3.725393481946746 8.383347663072092 14.586384101792794 False
2314 1698.8945419455722 4515.629533721742 214.92109618683506 52.93954438733889 1696 1702 4512 4518 39.0 1.7702316103394808 1.6244907502838837 31.670976495031983 0.3973403802431562 0.19207298210121015 0.5487535722915491 0.0 14.94793459042022 4.5419054 44.68752090787375 15.299844413712249 2.7797992358973254 0.1465653450150831 3.523362819972964 44.48245847754363 24.47586059115275 2.5958988119892843 4.5019638426949165 7.064002101662067 False
2315 2796.6133387195487 4516.12119635397 214.9112596192556 52.93257796149677 2790 2804 4512 4520 105.0 3.392196199717244 1.964071119537317 14.850655926865171 0.815329735506025 -0.03788847485894032 0.387467881369382 0.0 23.540054235455703 7.481493 51.350176810867794 24.484894338741228 2.8939968398577074 0.2541660388209515 5.781222885281108 77.76901885631459 39.119883903669674 3.197215536440417 7.034987979330651 11.624997093129958 False
2316 8077.7357874535555 4521.665024574038 214.8639465968325 52.89906824832217 8070 8086 4512 4531 274.0 4.536555392581862 3.5096612087988115 -88.37976099701127 0.6336252690754853 -0.025926410762515843 1.0609365034512872 0.0 133.0921894855974 12.413704 157.19828296785658 18.719746069518784 1.4 0.2877852560863439 9.338999347593866 168.4145531256509 30.06821265186536 3.281004418492966 5.87385208988528 8.907381774607895 False
2317 2782.821258161709 4516.528997526501 214.9113788287234 52.93266772936914 2780 2788 4513 4520 54.0 1.9193779069362131 1.8729991137875113 55.67219859279091 0.21850178206443327 0.017635975913232283 0.3427994636820421 0.0 10.549627996577662 5.704742 32.11420896052228 17.97521927776364 2.8700933118210568 0.21641212981067448 4.145929793656026 48.823212216633976 28.525263535472586 2.880041561512362 5.707164248568345 8.553119706263844 False
2318 3381.875981070541 4524.5253845465595 214.90593065858366 52.9289073329513 3368 3396 4513 4539 569.0 6.4838121192998495 5.702770720206424 -14.775177259030881 0.4758253522437424 -0.0596631474734985 0.8550019690367395 0.0 213.6475071985148 19.891514 404.8721492592428 51.916262802436634 2.3721569459195693 0.2581189602046891 13.458020851469092 461.5819943553159 80.83195827950031 6.845227295689698 12.673167662587623 21.21970863941293 False
2319 7941.567886903928 4514.738622329487 214.86523703123834 52.899895909795035 7940 7943 4513 4517 17.0 1.2272779231085997 0.9787505452449955 72.8149154072521 0.603322821218622 0.16483853260498244 0.3703268376243572 0.0 4.742046302966957 3.1721542 32.03702975109499 12.71140112976457 3.401476453563364 0.14052933376103846 2.326213245840639 26.994718235026433 20.264387324443398 2.779306018926968 5.374288390527209 7.515270590312976 False
2320 9100.201470320357 4516.1631512607 214.85486411930128 52.89254287575765 9098 9102 4514 4518 17.0 1.284069656233852 0.9963813584743371 27.31775843893458 0.6307872244922753 0.1336519938171834 0.23670775551151885 0.0 3.3847561541077984 2.535996 26.260580292562572 11.162667533917364 3.531211032411455 0.08898182118568614 2.326213245840639 37.33459925087388 17.86227498761019 3.09565702837415 6.232578634943165 8.739865569036859 False
2321 2260.1038136173634 4515.786820285769 214.91606783297613 52.93598239295601 2259 2261 4515 4517 9.0 0.7949011515044703 0.7631332896188678 42.95172490023286 0.27987840723780005 0.059376256318391114 0.1986210179541865 0.0 1.250017887631455 2.2096727 2.4349169807068334 3.5593527484262455 1.4 0.19516195484537543 1.692568750643269 2.263029967573926 5.6991329700020845 0.9751725081020775 1.6236474811693486 2.2433321404433344 False
2322 3482.5984598333716 4518.74518689866 214.90508976495934 52.92823659980321 3478 3487 4515 4524 74.0 2.4309593573339425 2.010560495936027 13.993588107634285 0.5621068417422344 0.03480081453021018 0.3452160955628045 0.0 14.809649260258304 6.2642 34.402300061957284 18.827340690931244 2.5713514368416646 0.2483821023081439 4.853342309955121 21.805982597584585 30.31422099905476 2.88974030763054 5.164126597027116 10.594087987162952 False
2323 720.9136290858522 4525.631462035008 214.92975247740077 52.94580660223004 714 727 4518 4534 187.0 3.585733829575512 3.0136766901947287 -76.32413082216837 0.5418689036937773 0.07496846907946669 1.1081553216245483 0.0 99.47095941581776 8.872929 144.13719830771436 18.866218620918772 1.9277947052454514 0.28843354565632673 7.715176518808164 173.50612632696397 30.75094911000409 3.083963674464041 5.581883097814857 9.356494973542393 False
2324 595.7554777843071 4527.406214238067 214.9308552440519 52.94661064142457 585 606 4519 4537 310.0 4.780940922223361 3.718218854173303 -34.57606260689106 0.628614608092925 0.10614721775015878 1.430272363125182 0.0 197.4820075685518 13.771274 247.39192926648005 20.45467632684257 1.4 0.30535022370461223 9.933582672781009 232.16468492297446 32.71537020802483 3.6261489120306396 6.35116331659114 9.862554272967213 False
2325 1850.8352340094461 4525.585597803172 214.91963031142024 52.93863355669384 1846 1856 4519 4533 127.0 3.5837686993002276 2.438308911188291 74.85919090172197 0.732863556708229 0.13987275763255239 0.5179542167049118 0.0 42.35631056692712 8.310901 66.71019136896486 16.330802008526934 1.675620761668103 0.17394800879450253 6.358093703724522 55.52279556383975 25.975941767291 3.0932022469051033 5.436983485014896 8.014391627806852 False
2326 1976.4182331175055 4536.1936916725035 214.91839371157334 52.93789356039171 1967 1987 4520 4555 567.0 9.158156434367006 4.990070106874669 78.1397859393116 0.8385158911896167 -0.17605889062513494 0.2913796615263305 0.0 42.864974056125206 17.495903 305.8586688161229 75.69469612752216 3.422223570422805 0.4528368712608788 13.434347973244154 505.6903311431623 121.39435244255614 21.135879641861813 30.2940480285817 41.238481475206406 False
2327 2476.210034158753 4522.501296501349 214.91406168321447 52.93464662649174 2473 2478 4521 4524 20.0 1.4026659909605435 1.0651090002815335 21.357331113632274 0.6506869030487834 0.04242376559107552 0.1701000001650858 0.0 2.1544377468547293 3.304078 8.84578241973977 15.652235460585834 3.776446354648924 0.2155103205105684 2.5231325220201604 -14.05237025079903 24.545630473717907 2.160059873114456 3.334321110969964 4.193575086816081 False
2328 6964.245814198749 4525.31836190648 214.87386537012492 52.906161133139484 6957 6969 4521 4530 84.0 2.7841512091012155 1.8330965942067923 30.115475396693228 0.7526646199807574 -0.07579265809285105 0.26659376984384603 0.0 11.839756266690419 6.7609987 36.31317200647808 19.69994714485714 2.6257182678722395 0.3064386886496353 5.170882945826411 7.469990186024542 31.59281834390644 3.398182385662937 6.011470802943733 8.675310862359936 False
2329 10245.674188239642 4527.552952416947 214.84450738085738 52.88532629028136 10241 10251 4521 4533 101.0 2.8623480260195255 2.4675101669724073 88.49675658739979 0.5068095429884333 0.13006308162405952 0.6245753559557231 0.0 39.791284536049496 8.028276 66.40287876126206 14.567525001091049 1.581373285837058 0.18525650192491094 5.670035141386943 61.37078774443863 23.497970292799156 2.86704380242752 4.924471837314074 7.049529047377621 False
2330 8879.362737889292 4523.013188091093 214.85676595746827 52.89398285864072 8878 8883 4522 4526 26.0 1.4064392361907814 0.7046999579085023 -3.448370791302477 0.8654168635401168 -0.15453106739321348 0.12918577151941665 0.0 -0.12813197088261935 3.338051 14.230227306390754 10.430053607801907 3.6603998193793745 -1.1491014015921783 2.876813695875796 19.24082899623023 16.680728882052378 7.385030414101937 8.555117066522548 9.450816414554692 False
2331 9813.877931892266 4526.1147662519015 214.84838097451177 52.88806214894758 9811 9817 4522 4528 36.0 1.6475290488380636 1.3222579785494386 -9.195218349126515 0.5965574745587261 -0.1272538637360503 0.35520046151471424 0.0 5.011276638976373 4.6141233 13.02573096055771 11.140204926810837 2.1340229755875852 0.38106834178196064 3.385137501286538 20.650695493198423 17.650145918842636 1.8960490798607388 3.2650222786183765 4.6334639652594545 False
2332 8807.521849486506 4525.952386595965 214.85737718472612 52.89445512513919 8805 8810 4524 4528 23.0 1.4107046416110063 1.2130277244729553 36.93754620039644 0.5105069404479197 0.07827770441402206 0.2603829570781233 0.0 4.294871080487487 3.6527746 23.02969217177776 15.670572184716084 3.471308835336248 0.15404201995181388 2.7057581899030048 23.292685971147733 24.853076762936272 2.737378318343753 4.622028115690597 6.444932492931348 False
2333 10292.673200389094 4525.715512361769 214.84410678483007 52.88501774644174 10292 10293 4524 4527 6.0 0.9455821229055701 0.4645664582686575 85.49778134531697 0.870989249032204 0.14652870749011923 0.30171129794520224 0.0 1.3060767991274012 1.9409089 13.982901246486218 8.636447973219186 3.7692276493500527 0.14968346600620305 1.381976597885342 23.412960854409523 13.763228067145528 2.0393652390749235 3.451892627395433 4.757768306631545 False
2334 3604.885886176096 4535.073496148298 214.90382296179487 52.92754824878115 3598 3611 4529 4541 123.0 4.376599753782067 1.8209141647798295 -38.82437279568965 0.9093386193598662 -0.046834359202040925 0.44811657901811563 0.0 23.326647510037816 8.314074 30.407150793981685 13.116415831063527 1.4 0.28469268566099787 6.257165172872317 13.273722342556237 21.02904980831488 2.8240861189133 5.233439013881801 7.905841619799745 False
2335 8382.836270480313 4536.756076141896 214.8610599141239 52.89721141249519 8379 8387 4532 4541 67.0 2.3991545907679703 1.750706875840731 41.420930699409524 0.6837479681128646 -0.02608745696881805 0.3133093283713152 0.0 10.776536619203323 6.292511 13.949135129948033 9.628382437746536 1.4 0.2784421500710032 4.61809077155419 13.622241960879222 15.478542968577134 1.8215778107708798 3.2399531756965336 4.932133656901504 False
2336 5987.705508984673 4537.596027983277 214.8824713245842 52.91242992377609 5986 5991 4533 4542 45.0 2.440738596256565 1.4247056442097148 -87.53905653141726 0.8119556986404484 0.1792895461484964 0.5468452790135376 0.0 17.823306077469102 4.9741645 64.29243823012082 18.91282489010536 3.070888420426533 0.13356265638439388 3.7846987830302403 64.95631852823985 30.279134325046 3.1325276556031456 5.781843821994181 9.293058230948976 False
2337 2016.7394039834835 4538.596788637289 214.91800724708114 52.937650552068206 2011 2023 4534 4544 109.0 3.256659582250381 2.2418263477101776 31.898970078034285 0.7253481963724052 0.1852292178072299 0.7174216950480455 0.0 42.62886018923291 7.9268274 108.20090599934551 25.120115970565227 2.8328965383656644 0.20600447712107797 5.890312181373172 137.56481293596468 40.13893124299706 3.6854814665630893 7.356732512121401 14.190385741138982 False
2338 3999.382202325374 4543.4470213155955 214.90020318667501 52.92508847994893 3991 4008 4535 4553 250.0 4.1318380559965835 3.289522944237585 65.2250824596778 0.6051120252206307 -0.005780969949951475 1.35274414881361 0.0 123.26715482337185 11.699888 183.81472919664856 26.317749865968192 2.1476173821560782 0.336239898241463 8.920620580763856 193.5393266034702 41.984591991973566 3.30627554446551 6.488194843351105 12.15561275546659 False
2339 7692.840043522421 4547.432806357943 214.86711674230804 52.90165228286257 7680 7707 4535 4564 395.0 7.664573728232027 3.2798135440905356 46.2047431270285 0.9038172849905171 -0.0425404091484099 0.9083636800316411 0.0 178.70114714733757 14.9261465 389.8721689174652 43.065452022121185 2.549887880560148 0.23813762472783662 11.213046198183495 458.6828087257674 68.75073735542556 6.417437421825938 12.293791259912462 22.942128618255754 False
2340 8737.085010862189 4549.560937321327 214.85775820596703 52.895029934404484 8724 8750 4535 4566 567.0 6.97024534700735 4.056330969695164 55.636996726333194 0.8132249075175152 -0.07398753414599614 1.6071980480038155 0.0 281.3003265031741 18.524736 352.742030784803 34.842763441657695 1.8901441353134922 0.3983707308475901 13.434347973244154 377.6853937742184 55.655703917601805 4.152249132394306 8.106922945371144 13.86853967825827 False
2341 8262.333049336665 4537.930865497709 214.86212487397034 52.89798328266769 8261 8264 4536 4541 17.0 1.1951485722970898 0.8458956287929869 -63.55330463031385 0.7064384768472787 0.0030263503389286444 0.2716451174153134 0.0 2.2244474124020073 3.285005 13.993809583011192 11.694433393804724 3.2673063327556124 0.4266426184490211 2.326213245840639 23.36373251129184 18.805743016227673 2.182082933187312 3.9687192149997403 6.113796152841817 False
2342 1995.6900102469372 4541.815480667443 214.91816187754986 52.93780156007827 1994 1996 4540 4543 10.0 0.8847829878592767 0.4412767110298508 76.89302147595116 0.8667516156162465 -0.05319920736105871 0.15600387605627597 0.0 0.49607187799279073 2.5424824 1.2614305430081665 3.5692897769558383 1.6592091570397436 0.5241846698601748 1.7841241161527712 0.6038819515589068 5.669990771649985 0.8380597928448189 1.3497519652678014 1.8061107811651462 False
2343 3313.2566075854565 4544.1908741454745 214.90633788720746 52.92944916445546 3312 3315 4542 4546 14.0 1.2114160594048704 0.8669175056391011 -71.54429044543458 0.6984864740873338 0.04389043062757548 0.15205345142599172 0.0 1.4176888363721907 2.8202107 21.870818549273537 12.885009509812704 3.810803811331547 0.17550322577958594 2.111004122822376 56.99048278455326 20.520088378283436 3.9168745564890197 6.610632354444085 8.706774698905868 False
2344 3339.4919241961434 4544.624617746895 214.90609842424288 52.929284925683824 3338 3341 4544 4546 10.0 1.2144495615470985 0.5352868326277597 -21.43417957784623 0.8976225461551712 -0.011636100914593437 0.05393461571966899 0.0 0.2984389199294369 2.434365 5.705541289992864 9.641836844034573 3.5891499399349187 0.3442518257674261 1.7841241161527712 1.9121753306242262 15.189846799936802 3.0006413372874543 4.6170860410185925 6.200357172946001 False
2345 6172.399802046397 4545.3841622103355 214.880736997299 52.91129889044002 6170 6174 4544 4547 16.0 1.2171020194766395 1.0082974867562207 -5.539618223145557 0.560076011239837 0.15511084344663756 0.30578817271966563 0.0 3.7700613964380336 2.940362 12.842758807681466 10.565922468636815 2.923438529619764 0.11671202895638914 2.256758334191025 12.21932137189184 16.975148962736924 1.8190225994719043 2.961983747738194 3.9726798523640454 False
