outputs/dr0.5_c0.1/nircam3_f125w_dr0.5_c0.1.ecsv
# %ECSV 1.0
# ---
# datatype:
# - {name: label, datatype: int64}
# - {name: xcentroid, datatype: float64}
# - {name: ycentroid, datatype: float64}
# - {name: sky_centroid.ra, unit: deg, datatype: float64}
# - {name: sky_centroid.dec, unit: deg, datatype: float64}
# - {name: bbox_xmin, datatype: int64}
# - {name: bbox_xmax, datatype: int64}
# - {name: bbox_ymin, datatype: int64}
# - {name: bbox_ymax, datatype: int64}
# - {name: area, unit: pix2, datatype: float64}
# - {name: semimajor_sigma, unit: pix, datatype: float64}
# - {name: semiminor_sigma, unit: pix, datatype: float64}
# - {name: orientation, unit: deg, datatype: float64}
# - {name: eccentricity, datatype: float64}
# - {name: min_value, datatype: float64}
# - {name: max_value, datatype: float64}
# - {name: local_background, datatype: float64}
# - {name: segment_flux, datatype: float64}
# - {name: segment_fluxerr, datatype: float32}
# - {name: kron_flux, datatype: float64}
# - {name: kron_fluxerr, datatype: float64}
# - {name: kron_radius, unit: pix, datatype: float64}
# - {name: gini, datatype: float64}
# - {name: equivalent_radius, unit: pix, datatype: float64}
# - {name: kron4_2_flux, datatype: float64}
# - {name: kron4_2_fluxerr, datatype: float64}
# - {name: radius_kron20, unit: pix, datatype: float64}
# - {name: radius_kron50, unit: pix, datatype: float64}
# - {name: radius_kron80, unit: pix, datatype: float64}
# - {name: near_border, datatype: bool}
# meta:
#   PHOTMJSR: 0.3925000131130219
#   PIXAR_SR: 2.11539874851881e-14
#   __serialized_columns__:
#     area:
#       __class__: astropy.units.quantity.Quantity
#       unit: !astropy.units.Unit {unit: pix2}
#       value: !astropy.table.SerializedColumn {name: area}
#     eccentricity:
#       __class__: astropy.units.quantity.Quantity
#       unit: !astropy.units.Unit {unit: ''}
#       value: !astropy.table.SerializedColumn {name: eccentricity}
#     equivalent_radius:
#       __class__: astropy.units.quantity.Quantity
#       unit: !astropy.units.Unit {unit: pix}
#       value: !astropy.table.SerializedColumn {name: equivalent_radius}
#     kron_radius:
#       __class__: astropy.units.quantity.Quantity
#       unit: &id001 !astropy.units.Unit {unit: pix}
#       value: !astropy.table.SerializedColumn {name: kron_radius}
#     orientation:
#       __class__: astropy.units.quantity.Quantity
#       unit: &id002 !astropy.units.Unit {unit: deg}
#       value: !astropy.table.SerializedColumn {name: orientation}
#     radius_kron20:
#       __class__: astropy.units.quantity.Quantity
#       unit: *id001
#       value: !astropy.table.SerializedColumn {name: radius_kron20}
#     radius_kron50:
#       __class__: astropy.units.quantity.Quantity
#       unit: *id001
#       value: !astropy.table.SerializedColumn {name: radius_kron50}
#     radius_kron80:
#       __class__: astropy.units.quantity.Quantity
#       unit: *id001
#       value: !astropy.table.SerializedColumn {name: radius_kron80}
#     semimajor_sigma:
#       __class__: astropy.units.quantity.Quantity
#       unit: !astropy.units.Unit {unit: pix}
#       value: !astropy.table.SerializedColumn {name: semimajor_sigma}
#     semiminor_sigma:
#       __class__: astropy.units.quantity.Quantity
#       unit: !astropy.units.Unit {unit: pix}
#       value: !astropy.table.SerializedColumn {name: semiminor_sigma}
#     sky_centroid:
#       __class__: astropy.coordinates.sky_coordinate.SkyCoord
#       dec: !astropy.table.SerializedColumn
#         __class__: astropy.coordinates.angles.Latitude
#         unit: *id002
#         value: !astropy.table.SerializedColumn {name: sky_centroid.dec}
#       frame: icrs
#       ra: !astropy.table.SerializedColumn
#         __class__: astropy.coordinates.angles.Longitude
#         unit: *id002
#         value: !astropy.table.SerializedColumn {name: sky_centroid.ra}
#         wrap_angle: !astropy.coordinates.Angle
#           unit: *id002
#           value: 360.0
#       representation_type: spherical
#   astropy version: '5.1'
#   make_catalog parameters:
#     ab_zpt: 31.4
#     coadd_bands: !!python/tuple [f277w, f356w]
#     deblend_contrast: 0.001
#     deblend_nlevels: 32
#     deblend_npixels: 1
#     detect_kernel_fwhm: 4.0
#     detect_kernel_npix: 7
#     detect_npixels: 4
#     detect_threshold_nsigma: 3.0
#     flag_isolated_buffer: 4
#     hst_bands: !!python/tuple [f606w, f814w, f125w, f140w, f160w]
#     jwst_bands: !!python/tuple [f115w, f150w, f200w, f277w, f356w, f410m, f444w]
#     near_border_kernelsize: 21
#     reference_band: f200w
#   make_catalog version: 1.4.0
#   photutils version: 1.5.0
# schema: astropy-2.0
label xcentroid ycentroid sky_centroid.ra sky_centroid.dec bbox_xmin bbox_xmax bbox_ymin bbox_ymax area semimajor_sigma semiminor_sigma orientation eccentricity min_value max_value local_background segment_flux segment_fluxerr kron_flux kron_fluxerr kron_radius gini equivalent_radius kron4_2_flux kron4_2_fluxerr radius_kron20 radius_kron50 radius_kron80 near_border
[from data line 332]
333 8756.599105606752 627.744590116539 214.7904957074534 52.81898906871319 8755 8757 627 629 8.0 0.8223705334061677 0.40860099019815527 -56.021508740744316 0.8678321249106336 -0.027920817370448367 0.03614771102980999 0.0 0.06293048107413204 1.7975588 3.75591828223296 7.105207713043481 4.289096711527815 0.39465313721578954 1.5957691216057308 4.810347734767006 11.38138331537531 4.530004224016837 nan nan False
334 7853.91164207239 630.1431988714103 214.79851782234527 52.82474114568355 7852 7856 628 633 22.0 1.3493980741410634 1.2039656515325317 65.36032677890786 0.4515926610444108 0.0659252605326876 0.18336594708350787 0.0 3.1651216358000935 3.4037828 20.126230301102233 13.678745318847454 3.5915332569455036 0.11616035985482805 2.6462837142006137 15.775659724825296 21.79195062737026 3.038723890169447 5.627707981758779 7.879786158426983 False
335 9276.33954220475 629.2076604002489 214.78584785519664 52.81569226950172 9274 9279 628 631 17.0 1.357032027360447 0.977150914767289 10.519497259132118 0.6939068880941824 0.24488321966518842 0.3470685608640758 0.0 5.367305552480783 3.130973 38.23866868806825 13.430021803791874 3.413807283190772 0.0520106433430699 2.326213245840639 68.09726841379619 21.44149829882755 2.807007690913422 5.05384139284059 7.92213147469349 False
336 874.6252676294845 631.4362799308632 214.86079553176833 52.86910301094869 872 876 629 632 14.0 1.0087174534553152 0.5190837697695928 -24.694792162431273 0.8574316982075434 -0.07786355819321919 0.19662398254981042 0.0 0.6979665278795639 3.0008636 3.818554046110029 7.565048052767741 3.007543459204105 0.543920020312173 2.111004122822376 10.922325913420707 12.083521053951491 1.359018306552364 2.441514296330391 4.424770099264759 False
337 8988.172801150498 635.8638929669871 214.788346176451 52.8175604056138 8983 8992 630 641 94.0 2.6297287419317854 2.2166596870464432 77.18973729854929 0.5380337101594662 -0.059471361203123886 0.3900651825763659 0.0 19.19062370705948 7.2866187 26.630447429322388 11.187329172721368 1.4 0.26773696311873335 5.4700209598571305 15.957387400933357 17.747509722786408 2.2569236082574 3.984125328586572 5.836925872128617 False
338 506.70250697007646 633.8189878668096 214.86405775976462 52.871453185335056 504 511 631 638 50.0 1.9632713704621543 1.7006154541194967 36.90449528218867 0.49967116212817253 0.04764316323331189 0.3372266455566899 0.0 10.292717505002601 4.9493136 17.80370186817463 7.944250163512703 1.4 0.24693137044195357 3.989422804014327 9.340269730955175 12.73981692565462 2.032758619553626 3.41387333702787 4.829569505000199 False
339 7143.580823572579 632.5836104009754 214.80482615427692 52.82927009280019 7142 7146 631 634 16.0 1.1737811092378498 1.0049594999822375 -19.53830586767216 0.5166895359728246 0.09231285036211048 0.17075502136386508 0.0 2.225363292042128 2.480495 23.826848417891206 11.197188185043144 3.665684379531664 0.10561044024019799 2.256758334191025 32.5839200373558 17.95452935995533 3.591420250528137 6.563447150841265 8.611943360193727 False
340 7777.621533300558 639.042006864709 214.79910440946657 52.82527410568701 7775 7780 636 642 27.0 1.5604996027461355 1.3403252245692578 48.59775172176619 0.5121303084993344 0.17825588636890355 0.46172421746902303 0.0 10.026446334308675 3.381863 36.487305263156465 12.337429913585792 2.8793794452663097 0.10910724820192169 2.9316150714175193 28.795786179702645 19.66409475546103 2.439866950754869 4.051282362692634 5.724380843549291 False
341 2653.784443790874 642.8192845420674 214.84478435931564 52.857860537011305 2645 2660 637 650 162.0 3.8657542691920477 2.7545319825358625 28.32218481708549 0.7016242829630654 0.057863296920981376 1.1589910083589703 0.0 98.8966244881745 7.421079 204.3928428404021 20.86514644622719 2.4745029510270924 0.2270719469539614 7.1809610472257885 193.44761939968686 33.721431749145054 3.8395572116287893 7.249297589509105 12.238099888387636 False
342 7346.795969802072 650.7897240260245 214.8028223970027 52.82807631767662 7325 7369 637 666 895.0 8.90196017986938 5.428603096994528 8.173313702235625 0.7925391051083966 -0.0654178223508724 0.8628411269109812 0.0 287.21736241147175 17.933744 433.2214180696987 40.00741427948684 2.116275177050885 0.3779972419095991 16.878606226063 521.3553298476626 66.32617022447518 6.618185379856065 12.426583163787729 27.61063079500385 False
343 1366.4777104746506 643.6669480995008 214.8562727796276 52.8660442063569 1364 1369 639 646 34.0 1.6862342697023085 1.1764909339117986 -68.53090700329182 0.7163870025345921 -0.040816746917697974 0.4264111719984195 0.0 7.695182986766828 4.4484525 19.293260732066535 12.409121503209835 2.576372755048106 0.3373956213540694 3.2897623212397704 10.293308175655277 19.898936807598844 1.899726544047043 3.479956616911957 9.008821410761339 False
344 7435.126249028348 641.6033873473835 214.80213138752725 52.82746528409197 7433 7438 639 644 29.0 1.5657362267044748 1.4121614621986225 -39.28368893094374 0.43191293973845096 0.17382115818967303 0.36347852297775013 0.0 8.0043760034688 2.7841527 88.66021094716041 12.7296993890856 3.653188514826904 0.12761115357959435 3.0382538898732494 138.29342772405013 20.964689805487616 4.636761548771443 8.484193266217355 11.566381451386134 False
345 6390.646747285966 646.4133436537434 214.81139597693561 52.83413089098771 6386 6395 640 653 117.0 2.9327951486329153 2.4042218910451645 -68.21130669264629 0.57269073730928 0.027520485412425987 0.5395557046521124 0.0 33.01882455862056 6.986635 42.59052416625836 13.291824326580674 1.7517379722138222 0.2707448308990171 6.102643417692329 52.20511821172465 21.144788662997485 2.371806003184745 4.143704246351332 6.022473207630258 False
346 9210.75087718426 641.5148019585414 214.7863029296252 52.81617560614058 9210 9211 641 642 4.0 0.4998462753388042 0.4324294641562519 -88.151495904646 0.5015564668509662 0.03575049516024186 0.1156693380761376 0.0 0.3008096234912184 1.5216253 4.926954703333573 6.40849292701769 4.037405372595424 0.34437088470911037 1.1283791670955126 11.500362642933915 10.288473825938954 1.8330872613038993 3.131304836932098 4.2596611698782105 False
347 6467.264836963138 649.0397121009839 214.8106849266685 52.83365801190854 6461 6473 643 656 137.0 3.052693220273294 2.6756431197488353 52.06482516962746 0.48142719938836565 0.03932393513950564 0.6311366253417691 0.0 42.16003073532727 7.5432496 64.05893532707428 19.02938501410094 2.3084983264984587 0.2753121244471089 6.6036697681803656 57.411618652214756 30.31026032187656 2.744000214776385 5.050908791393505 8.260027808032744 False
348 883.4404293304793 652.1485938152289 214.86049879106454 52.869158712003816 879 889 649 656 57.0 3.4606825818368545 1.1846412612619415 -17.955711640655416 0.9395854911292764 -0.08603638048041005 0.26749651366828947 0.0 4.9420115446338375 5.7872667 32.0094440701442 20.808807607756133 3.0039940635298725 0.47726535018275146 4.259537945889915 25.444630453354815 33.548434386018535 5.26870229235912 11.38197776269574 14.23389116431014 False
349 1022.6808669506344 652.7693478953272 214.85924827371284 52.86827747232099 1020 1027 649 654 38.0 1.5530810597903986 0.9893441102076691 -9.683779521576826 0.7708470538266413 -0.1561131333705854 0.3287014822353688 0.0 3.7187856233823102 4.8676043 9.470917759688762 9.010067192369245 2.1100965188333975 0.47161909192132795 3.477898169151024 11.616115919671028 14.379245471210227 1.5113208580039434 2.5625642665922412 3.627551706396794 False
350 9140.82439040354 662.0350515045352 214.7867102671841 52.81673076297042 9134 9149 651 673 262.0 5.314404450253318 3.203192625064142 74.22232908297728 0.7979392858999399 -0.05579801725421555 0.5818318707132948 0.0 69.33661163896647 12.677682 179.42101825937692 37.89490626364573 2.633985530149954 0.27687730716281744 9.13220620552083 241.8545101026031 60.0389178480211 5.617020789123315 10.769527901423922 16.432808122852613 False
351 1290.5477085991388 660.6442477006309 214.85677239709761 52.86661815838884 1279 1301 652 671 282.0 4.787447994824349 4.354699706196213 15.339014298669639 0.41546814117869807 0.01865893500375297 0.571758167935836 0.0 93.6581950061018 13.259341 332.3984696208913 46.02071355305987 2.8979192237947156 0.1846611621350461 9.474354220939228 443.8220365705896 73.86409146869502 7.6401888517255045 15.532269621100097 27.038579378558456 False
352 354.12775636148257 654.7760028069437 214.86520051971078 52.87253546024699 353 355 653 656 9.0 0.9509446061752306 0.699713419324943 66.91115586846706 0.6771893344510599 0.2458897132583935 0.3806083741224631 0.0 2.9949419803668595 1.9264778 66.97902377102227 9.367105393967625 3.9864288266724204 0.07238484184086055 1.692568750643269 170.02227217123442 15.342980124287525 3.597267842522453 5.673976555790527 7.185233204835561 False
353 4044.7394912588293 658.4096311902589 214.83220211271052 52.849105684641735 4037 4053 653 665 159.0 3.852542171491211 2.7406907802135687 0.9155663159750651 0.7027893648318148 0.10068462870978376 0.5838682016102682 0.0 54.308844041351804 8.362265 168.5573773961577 28.15311396312006 3.008306494412902 0.20770088621823934 7.1141599576634995 224.10109239192548 45.662429108942426 5.077806238128807 10.771764471773562 21.12899674583767 False
354 372.87862366745753 658.1191234178158 214.86499778416695 52.872434375287995 371 375 656 660 18.0 1.3014075762333899 1.025435781714671 32.956753346676145 0.6157474075159656 0.08418000703501795 0.30722125066183364 0.0 3.6758006727815284 2.7152421 85.36870328869813 13.283582683109545 3.985814436598807 0.20430829847531323 2.393653682408596 212.4061398606658 21.582082482332304 5.211867482563596 8.05804235558429 10.169619964630456 False
355 2634.3383907592943 657.9031189636278 214.84479926940006 52.85806542579055 2632 2636 656 661 20.0 1.7835328424568728 0.9702583558472754 60.72143231453908 0.8390792220480978 0.1636331466173641 0.31801083373853745 0.0 5.049540321574444 2.7644856 29.02576448069988 11.569728782104391 3.197550321657073 0.10819983227932266 2.5231325220201604 41.68417082164565 18.328461109523655 2.6730184352794195 4.5254764883688114 6.832824738333655 False
356 3536.6320096286727 663.9996020917254 214.83667898812303 52.85236477077059 3530 3545 656 672 210.0 3.443197061168441 3.2188893726553705 -47.14039656004561 0.35503022892800773 0.2342422965269672 3.0309278403230917 0.0 233.74109572501868 10.796242 333.0641692646492 23.190894178106806 2.07261805911624 0.3540460799729203 8.175883811466258 345.83699534765043 37.25340562281936 2.8814249758946473 5.557028422431771 9.828136945721011 False
357 1630.8673271398645 660.7710053676672 214.85373107542287 52.86445669046891 1627 1634 657 667 68.0 2.1069871376330744 1.694869917985648 -20.75517729186799 0.5940819920989134 -0.10695192335347393 0.3694417388578073 0.0 10.169891353593327 6.470221 18.147863199876838 10.863918220004706 1.6609826622568327 0.4017779288449609 4.652426491681278 16.484736156833577 17.290338741674187 1.9937940684816944 3.6067428086297686 6.110818024652779 False
358 9178.465729834075 666.6668201325364 214.7863260535835 52.81651637140228 9171 9186 657 676 229.0 4.678957247531508 3.072239489842849 68.41118200172501 0.7542322526465488 0.042688257662703365 0.7734258420017496 0.0 87.00470446938209 11.686812 274.7432197695112 37.948153053333606 2.9271565536350677 0.254438226576268 8.537737635702333 432.4493435066628 61.05182789524717 5.908618775295989 12.44244556360875 21.001750345071674 False
359 680.16728153683 662.7047271646866 214.8622038415963 52.870507003907946 676 683 658 666 58.0 2.5627871983824146 1.5717778278530279 61.66553852637192 0.789843862665988 -0.05894442866025614 0.37611299905247025 0.0 11.025776898003855 5.702608 20.632573499817873 14.66309248097805 2.14799254439079 0.28103975442727414 4.296739856991561 37.820094817019935 23.148212757629352 2.4083295960103333 4.0187950121858105 6.026626366172207 False
360 2600.7405729507873 662.2157524174959 214.8450539038411 52.858302161081674 2597 2603 658 665 47.0 1.6949875863894832 1.5454037342501472 83.80515203257747 0.4107471557344899 -0.045120652292682875 0.21155790983242154 0.0 5.299378435143521 4.3609514 8.048544811224598 9.343589830612267 2.0295685121653677 0.32631686596048176 3.8678889139475245 11.165531980192366 14.946285417451278 1.643747496967377 2.806442871213781 4.068084650709352 False
361 1609.467908322495 664.8668596837281 214.85387911686217 52.86461473637672 1606 1616 659 669 71.0 2.93574910816862 2.4657322043626198 4.023136856079256 0.5427430113776014 0.015388772572729801 0.325084371678031 0.0 11.578670906290663 6.6560473 23.886807809880498 21.657538639651104 2.315051121524077 0.2440988976197438 4.753945931439391 18.236521937317754 34.56643671084816 3.0200689616141636 4.858661339098884 15.446954534711146 False
362 4177.336196496255 663.1304930030575 214.83096890112594 52.84828847048764 4175 4180 660 667 32.0 2.237772771938744 1.1138050272480076 71.55193317273041 0.8673324422118643 0.02004733756026911 0.2352259447431256 0.0 4.457115282820369 3.6908495 15.139657820999208 7.497929344539853 1.6424012644011579 0.2566254232280649 3.1915382432114616 10.127344776106742 11.91345324974141 2.6230846701359387 4.296830013356296 5.929775045842964 False
363 2866.3449206060905 683.4458522123022 214.84245879570247 52.856728932017056 2846 2891 661 706 1588.0 8.3398628038128 7.474025913964239 -31.437892489838884 0.4436888098284435 0.00209445165110546 5.343736731202931 0.0 1941.0737942195838 30.838963 2118.0382415341237 44.85968468827402 1.6767034102511744 0.5172951465190094 22.48279562821002 2286.13716050447 71.01436711434651 5.627101063156322 10.166490086213845 16.24910685613546 False
364 3259.1312981846872 664.0516817629641 214.83915587725815 52.854128457308924 3256 3262 662 667 29.0 1.8728967613014356 1.1618801152935803 25.417953186152996 0.7843130274088557 0.07617212998614535 0.3160993993400246 0.0 5.703344412706916 4.1328864 40.91670759291223 17.061708352494385 3.365359088191182 0.16316281103286293 3.0382538898732494 47.95347840405749 27.422520715856752 3.794678833456153 7.527555942953773 10.295326855435729 False
365 3453.432118873402 690.6515186544401 214.83714128184107 52.85303715860369 3430 3478 662 718 2101.0 11.517097977846683 8.688483755003427 69.88088125725452 0.6564164834682926 -0.11810208954796177 2.7116979441472204 0.0 1837.668804389349 35.21635 2069.390057244339 55.2507980577317 1.63193214035336 0.42231138227577236 25.860569809502344 2202.3207490156283 88.44065235044204 7.61301197244524 13.565472581472081 21.91438824638004 False
366 3995.4457242551457 667.9543560198055 214.8325416718576 52.849470398759145 3990 4003 662 674 150.0 3.3002276079523556 2.654020735033556 8.729656154820185 0.5943679261521332 0.030062468772692974 0.6959546244045279 0.0 41.612386543296594 8.475928 60.85384895534131 16.716265451744952 1.8561294178728625 0.325835142707831 6.90988298942671 65.44147636359662 26.474936274816077 2.701486677905457 5.0574959799456956 9.543927649656295 False
367 3209.740683676645 670.6779701720451 214.83952711070773 52.85447803310374 3208 3212 669 672 14.0 1.1356765148946981 0.9557348860474916 -33.96192875032084 0.5401705643394402 0.0754354435490624 0.21312948879854424 0.0 1.6955131756792206 2.9515393 28.397016124247 14.617162027758035 3.9580865161989447 0.17410764308859294 2.111004122822376 14.56053600440701 23.270406094773175 3.6205376032702192 5.689048959466065 7.433899127042112 False
368 6719.729894677448 674.7788823189414 214.80816228063702 52.83219185449358 6708 6729 669 684 258.0 5.351530131698408 2.718951331402775 8.058415833810654 0.8613158455090094 -0.1627940286222689 0.3367830688332352 0.0 28.213644619723766 10.486639 45.46742644018073 15.452766991695963 1.4 0.44362841273057463 9.062226582657155 29.069772452643715 24.58618703029887 3.9614218660617633 6.9424041323243175 11.050903725341874 False
