outputs/dr0.5_c0.1/nircam6_detect_f277w_f356w__dr0.5_c0.1.ecsv
# %ECSV 1.0
# ---
# datatype:
# - {name: label, datatype: int64}
# - {name: xcentroid, datatype: float64}
# - {name: ycentroid, datatype: float64}
# - {name: sky_centroid.ra, unit: deg, datatype: float64}
# - {name: sky_centroid.dec, unit: deg, datatype: float64}
# - {name: bbox_xmin, datatype: int64}
# - {name: bbox_xmax, datatype: int64}
# - {name: bbox_ymin, datatype: int64}
# - {name: bbox_ymax, datatype: int64}
# - {name: area, unit: pix2, datatype: float64}
# - {name: semimajor_sigma, unit: pix, datatype: float64}
# - {name: semiminor_sigma, unit: pix, datatype: float64}
# - {name: orientation, unit: deg, datatype: float64}
# - {name: eccentricity, datatype: float64}
# - {name: min_value, datatype: float64}
# - {name: max_value, datatype: float64}
# - {name: local_background, datatype: float64}
# - {name: segment_flux, datatype: float64}
# - {name: segment_fluxerr, datatype: float32}
# - {name: kron_flux, datatype: float64}
# - {name: kron_fluxerr, datatype: float64}
# - {name: near_border, datatype: bool}
# - {name: detmap, datatype: int32}
# meta:
#   __serialized_columns__:
#     area:
#       __class__: astropy.units.quantity.Quantity
#       unit: !astropy.units.Unit {unit: pix2}
#       value: !astropy.table.SerializedColumn {name: area}
#     eccentricity:
#       __class__: astropy.units.quantity.Quantity
#       unit: !astropy.units.Unit {unit: ''}
#       value: !astropy.table.SerializedColumn {name: eccentricity}
#     orientation:
#       __class__: astropy.units.quantity.Quantity
#       unit: &id001 !astropy.units.Unit {unit: deg}
#       value: !astropy.table.SerializedColumn {name: orientation}
#     semimajor_sigma:
#       __class__: astropy.units.quantity.Quantity
#       unit: !astropy.units.Unit {unit: pix}
#       value: !astropy.table.SerializedColumn {name: semimajor_sigma}
#     semiminor_sigma:
#       __class__: astropy.units.quantity.Quantity
#       unit: !astropy.units.Unit {unit: pix}
#       value: !astropy.table.SerializedColumn {name: semiminor_sigma}
#     sky_centroid:
#       __class__: astropy.coordinates.sky_coordinate.SkyCoord
#       dec: !astropy.table.SerializedColumn
#         __class__: astropy.coordinates.angles.Latitude
#         unit: *id001
#         value: !astropy.table.SerializedColumn {name: sky_centroid.dec}
#       frame: icrs
#       ra: !astropy.table.SerializedColumn
#         __class__: astropy.coordinates.angles.Longitude
#         unit: *id001
#         value: !astropy.table.SerializedColumn {name: sky_centroid.ra}
#         wrap_angle: !astropy.coordinates.Angle
#           unit: *id001
#           value: 360.0
#       representation_type: spherical
#   astropy version: '5.1'
#   make_catalog parameters:
#     ab_zpt: 31.4
#     coadd_bands: !!python/tuple [f277w, f356w]
#     deblend_contrast: 0.001
#     deblend_nlevels: 32
#     deblend_npixels: 1
#     detect_kernel_fwhm: 4.0
#     detect_kernel_npix: 7
#     detect_npixels: 4
#     detect_threshold_nsigma: 3.0
#     flag_isolated_buffer: 4
#     hst_bands: !!python/tuple [f606w, f814w, f125w, f140w, f160w]
#     jwst_bands: !!python/tuple [f115w, f150w, f200w, f277w, f356w, f410m, f444w]
#     near_border_kernelsize: 21
#     reference_band: f200w
#   make_catalog version: 1.4.0
#   photutils version: 1.5.0
# schema: astropy-2.0
label xcentroid ycentroid sky_centroid.ra sky_centroid.dec bbox_xmin bbox_xmax bbox_ymin bbox_ymax area semimajor_sigma semiminor_sigma orientation eccentricity min_value max_value local_background segment_flux segment_fluxerr kron_flux kron_fluxerr near_border detmap
[from data line 4215]
4216 7412.129984906831 1130.2924226684313 214.84938184257697 52.81183694714149 7398 7420 1124 1138 225.0 4.331717343447361 2.6977956285836417 -23.180709317813193 0.7823807037514307 0.21671947552212495 2.6427456946828585 0.0 144.39368990410028 1.2048615 267.47884203813885 3.0566616318782227 False 264
4217 7416.469075098902 1204.5718635882508 214.8485623109136 52.81220989471013 7378 7444 1137 1272 5006.0 21.511729299080802 7.343559722023771 73.65317109197109 0.9399272989638355 0.21253962475876106 26.018607358559947 0.0 12245.888296326477 6.7044005 12464.292904622493 7.4498410211820065 False 264
4218 7371.904501652445 1208.3063781704398 214.84892060782605 52.812513185167894 7364 7379 1202 1213 144.0 3.959198833790517 2.605405921102205 27.867800830845564 0.7529620652571917 0.21672504985709648 0.6525466354036076 0.0 59.844762095332754 0.9718466 190.28383474143055 3.2752632376046393 False 264
4219 7371.582454784634 1222.305392245259 214.84877632153356 52.81259071436958 7364 7382 1213 1233 283.0 4.758931996190388 3.558135413379102 -78.35606519547153 0.6640646061701898 0.2211545355326965 1.4170255282282065 0.0 167.48259691571832 1.351133 312.7480957267469 3.5423693703525045 False 264
4220 7286.115409002037 1140.1769909291995 214.85040211420818 52.81269090504914 7275 7302 1132 1149 268.0 6.130548409355236 3.175672241136851 -23.628454659742072 0.8553758592165094 0.22722970088548095 0.9357579411326059 0.0 123.1248991379105 1.303641 446.7018763492737 4.754835361503493 False 264
4221 7294.090245168077 1167.2491968275815 214.85004638670435 52.81278621271643 7268 7319 1137 1194 2113.0 7.86164174240093 6.317750575289322 -78.76748658221615 0.5951465243675333 0.22030828542999695 47.06234184757514 0.0 5878.905869887765 4.4508147 5826.306156657873 4.308939713258259 False 264
4222 10086.590610168463 1162.5625531333294 214.8251935247043 52.79501566063829 10059 10107 1141 1185 1008.0 12.701986153147049 4.25599671478244 -41.68210532812096 0.9421948544588189 0.22896957957089242 2.498480571703767 0.0 724.2654607397124 2.7235432 1002.4398243628211 5.494336155025545 False 258
4223 10035.138732847268 1193.2795137237767 214.82532930111515 52.79550822798643 10008 10067 1168 1217 1822.0 6.726355382064458 5.494086827531786 -45.59167973693078 0.5769209827709765 0.22613209018758285 61.42053832995751 0.0 5569.77241280113 4.1925025 5451.695694606406 3.865937194872307 False 258
4224 4348.174909814313 1155.0280383142576 214.8764671146865 52.83143481827751 4337 4359 1142 1167 453.0 6.019476621436207 3.9029113870956342 51.92466159564203 0.7613164257867499 0.20531631936317105 1.8185224051524471 0.0 280.5189078763806 1.533475 353.7475530642598 2.7460551686700874 False 576
4225 4342.0755602981135 1167.4338802332625 214.87639114881006 52.831540482385954 4338 4346 1163 1171 60.0 2.083023908605267 2.013777475531936 56.64865800912548 0.2556977484214094 0.20232984083666827 0.4873727200548722 0.0 19.688169006545078 0.5411936 48.76912623500144 1.652416281800483 False 576
4226 1632.5913429636835 1180.8229129640179 214.90045250938257 52.84882014336729 1627 1640 1173 1188 138.0 4.093197509396878 2.25242768386999 -62.97844820903753 0.8349764958491136 0.20917256971538412 0.8562303481898562 0.0 62.012666793979776 0.85188794 131.72552856555654 2.427779764915659 False 528
4227 1639.0375230940551 1183.3282260955823 214.90036856488607 52.848792730826695 1635 1644 1177 1188 79.0 2.451104487586537 2.0713057735360287 -63.19917394070852 0.5346873369711964 0.22149728405083233 0.9670304563819231 0.0 41.566427758323286 0.6546954 98.60250744441281 2.0021574099193638 False 528
4228 7621.208018605254 1187.331941222982 214.84691715464598 52.810816054883304 7615 7630 1175 1200 274.0 5.772825116330161 3.3473104087832644 -84.97308433298515 0.8147309247392178 0.2220459267322758 0.6470270844823127 0.0 108.8140767188227 1.2862031 294.40773932192866 4.2658994240431145 False 264
4229 7637.274489199405 1217.6049654457354 214.84645560854042 52.8108771964546 7613 7662 1188 1244 2124.0 8.59045475698689 7.550886928674208 88.13060021420655 0.47684812136466925 0.2176043878812394 20.50936444527766 0.0 4257.09313099079 4.222257 4405.21147015076 4.814871767437723 False 264
4230 7625.396246280441 1245.0753346294064 214.8462727954751 52.811100785217256 7622 7629 1242 1248 32.0 1.7170474861711083 1.5170506035693596 37.66985232316467 0.46838815207131085 0.2484932936955241 0.32427115529575107 0.0 9.177572415416982 0.46137473 80.76535285737457 2.068305528224346 False 264
4231 6263.655405805279 1188.7198793985317 214.85901471489584 52.819448712416595 6253 6271 1177 1201 272.0 5.820735621736499 2.792582251971744 -63.06645049255062 0.8773973073595727 0.2038600502080053 1.4050224879682618 0.0 139.44642308737104 1.2521194 261.213413780616 3.3438834850975105 False 264
4232 6251.752535311797 1200.299660609503 214.8589992012124 52.81958678040951 6248 6257 1196 1204 56.0 2.0846923869732956 2.004038110061643 -65.65869477676091 0.2754647064612022 0.21742950102012942 0.4469993646031038 0.0 17.520837044075307 0.536227 76.95132274629925 2.026693898197754 False 264
4233 961.5422292254817 1200.2480061275032 214.90624528159708 52.853185929538924 956 967 1197 1204 58.0 3.2030600684803536 1.479506359809868 -15.053012267670391 0.8869299100737796 0.20774739356313282 0.28362149330678055 0.0 13.900064223726083 0.55387044 91.72382451191596 2.3922545179313697 False 528
4234 975.6381626931089 1208.2410029710538 214.90603525235025 52.85313956659143 963 984 1196 1221 368.0 5.039126929322591 3.5007448029369566 75.35237934811018 0.719287459702722 0.21524777251365299 3.2224171847209764 0.0 338.71933523193456 1.5081921 398.17620659701817 2.425545977130661 False 528
4235 964.2598126160768 1218.040985454297 214.9060339025153 52.853264704478484 956 974 1204 1236 355.0 5.95245602220446 3.2786497460197532 80.02897691083777 0.8346331638757127 0.20380630170658975 2.202993802030178 0.0 228.05305831400375 1.4136323 364.3424682593972 3.2567711940631408 False 528
4236 7725.960916260131 1221.6784838389178 214.84562169528925 52.81033564710153 7711 7740 1210 1228 365.0 4.368908623307134 3.593370306206288 0.5020654031776037 0.5687839883829128 0.25059614223451887 10.09951414706665 0.0 948.7338310028578 1.9132527 1147.0958170147796 2.7817980368806356 False 264
4237 7723.413894382954 1238.7703103091876 214.84546474538143 52.81044398545737 7698 7749 1216 1263 1628.0 7.408769073916184 6.975879885744019 -17.874895012566785 0.3368154037758957 0.2281952258800224 29.63885373837238 0.0 5293.992155456969 4.108163 5575.794798963028 4.572040874404088 False 264
4238 3158.6707466328075 1225.767278828125 214.8863461013941 52.83937139172384 3154 3164 1215 1234 120.0 5.132137304749984 1.8818801872684248 -72.42722491682139 0.9303449709698591 0.20668818195498562 0.38745981351184183 0.0 33.245375731830045 0.80330896 177.54848662051864 3.2770033264832485 False 576
4239 3164.78382748314 1240.5843875129442 214.88613571345408 52.83941251082534 3157 3174 1231 1249 234.0 4.2047261880199756 3.967043240765345 -48.76543137559949 0.33145100820006373 0.20546529553822437 0.7117033323861053 0.0 97.65436403561864 1.2278843 376.6322495173541 3.9524180937629034 False 576
4240 3167.844708077269 1251.0482159411813 214.8859983574052 52.83944952680849 3157 3174 1246 1259 122.0 3.320786165449419 2.878477772779711 29.309318846268653 0.498645314449277 0.21645547905552578 0.7206531927507405 0.0 57.678550443723424 0.8783561 200.76368083107704 2.6310323537596476 False 576
4241 3149.365201271342 1282.7726581512493 214.88582986183235 52.83973805289892 3120 3180 1247 1320 3005.0 8.979975908415689 7.108964417941034 -72.2788655529496 0.6109796934247456 0.20568251481483332 75.00873690251647 0.0 7849.164076537976 4.990918 7691.996991267833 4.726461293752135 False 576
4242 7991.273079634992 1232.0139911182039 214.84314655938246 52.80870554805781 7980 8003 1224 1241 321.0 5.388026565567746 3.839833908306094 10.99320226215271 0.7015090578772176 0.2340733353651637 0.9561762172882612 0.0 157.07769656184294 1.5346991 307.23806058207697 4.039205466879195 False 264
4243 7993.855131657243 1240.3471699948564 214.84303593174783 52.80873406959006 7990 7998 1238 1242 28.0 1.9051875577514275 1.1073215206160558 -6.338976620677218 0.8137508120898481 0.24444213853727242 0.5049703089303504 0.0 11.020628650746074 0.5052752 64.88378173788354 1.7801314161148958 False 264
4244 363.52028644728523 1236.4020263371224 214.91121049896282 52.85717807426269 356 370 1227 1245 201.0 4.488393974373847 2.625942406833228 58.719593771193 0.8109960167144387 0.20675127936402046 1.208100766580773 0.0 108.73940234106847 1.0835505 195.9687962541053 2.7078853306592596 False 528
4245 368.7200891314691 1251.0620208748392 214.91100986443 52.85722418780969 362 376 1244 1257 161.0 2.689959163240897 2.555334546439166 32.87441949230342 0.31239311873628367 0.20824112882261983 4.202398552097432 0.0 180.9853245363329 0.9682956 199.38964211510313 1.3773115135217826 False 528
4246 932.2943335729475 1256.4201846141796 214.9059160454658 52.85367480409621 915 952 1228 1282 1392.0 8.773812094041947 5.075837908131653 74.09760427818861 0.8156672172153009 0.20121137671625783 14.932983808141069 0.0 2122.5810444710287 2.9729285 2199.772158838082 3.4057692161824735 False 528
4247 951.4629811379934 1265.4915740417898 214.90564933672135 52.853602051439566 949 955 1261 1270 42.0 2.215252456430414 1.4770672498890216 -68.46684625654997 0.7452621946090917 0.2111636183613781 0.3455447209594547 0.0 12.40664940301636 0.45572707 77.5028584749793 1.8177540548629056 False 528
4248 956.2743509756548 1268.413073973677 214.90557561484806 52.85358726900512 952 959 1264 1272 48.0 2.1015931013676044 1.7698581364350745 79.38402881680113 0.5392422187074696 0.20410556088061013 0.34442506690950575 0.0 13.543284016891484 0.48046455 83.27605806165491 2.1343187834020863 False 528
4249 3511.612085258508 1252.2415012748193 214.88291547959477 52.837272660967805 3496 3527 1231 1273 820.0 7.055752628945375 4.369317398915356 -67.31384640436495 0.7851891254784481 0.21702026911737984 15.74792860007698 0.0 2086.323273339688 2.6774917 2353.742567004039 3.3501856705414776 False 576
4250 3513.0680678542603 1269.7080292981168 214.8827188351632 52.83735764600273 3496 3527 1255 1292 774.0 7.263123922063406 4.4122408627522285 -66.93042471878131 0.7943309358869031 0.21250855600033325 10.717307943336444 0.0 1664.5553434449046 2.4733515 1920.8513246554603 3.4627816080549265 False 576
4251 7038.4203418072475 1240.322510181141 214.85155917572712 52.81480467140243 7036 7040 1239 1242 14.0 1.1665818418770315 0.948974193600336 -12.644774462151178 0.5816130360342515 0.223861930651309 0.2769640813100817 0.0 3.557585586266213 0.2855255 36.11830235596331 1.283754154708639 False 264
4252 7032.942530666218 1245.7519773572317 214.85155097120344 52.814868752207836 7029 7037 1241 1251 59.0 2.970404704221736 1.4606192359236703 -49.47090053470937 0.8707511259463715 0.21910879391458973 0.40197051986879695 0.0 17.447231827525627 0.61822015 76.37308136729318 2.1824114162330135 False 264
4253 1032.022149492551 1254.2098578720504 214.90504796181557 52.853029650475484 1025 1039 1249 1259 123.0 3.693400743526421 2.3493553580677244 -14.182578837989933 0.771610391119033 0.21671431434422395 0.5172392027696406 0.0 41.1693547060249 0.8591676 118.41655776300553 2.813952476803202 False 528
4254 1016.5130162992725 1268.7342230294237 214.90503385121278 52.85320651443132 1009 1026 1249 1284 414.0 7.984969541014855 3.030824756549576 -76.22840864566047 0.9251645690262046 0.20728766272717963 1.467559680587825 0.0 216.2140510223086 1.5217108 298.2358325917396 3.151326709231816 False 528
4255 9409.124232809505 1276.0590701026013 214.83003997493378 52.79993297405316 9400 9417 1267 1286 246.0 4.038210847996103 2.8134094614523266 -48.65813468991836 0.7173655018038148 0.27878457848336685 4.127749418790673 0.0 299.5393115514092 1.4963452 361.29036727437335 2.565857554082405 False 258
4256 9401.415167496614 1289.7097236520865 214.8299652180711 52.800055548533 9396 9408 1281 1297 150.0 3.485749062635727 2.6036108778034976 -81.0116376100588 0.6649025744288183 0.2547492097965883 1.3690458765536722 0.0 101.86534338648335 1.1797513 171.42769482151527 2.8153305705548206 False 258
4257 4303.082690816689 1279.9619279038739 214.87555625377516 52.832395178539485 4295 4312 1268 1290 266.0 5.57790184300677 3.535699993421513 73.21644614863672 0.7734344110834792 0.1965066968954528 0.6099354661810528 0.0 95.42703486909843 1.2026478 355.46197778789525 4.2002197055715875 False 576
4258 4304.351826133168 1311.2726826483186 214.875215731829 52.83255601894369 4244 4363 1275 1347 3148.0 6.289961838428637 5.324656773145549 -3.2797180131855805 0.5323371298374134 0.20348576339927604 576.9738134945267 0.0 30412.93422223073 23.957546 29256.920176613665 23.74133686814619 False 576
4259 4336.940721971926 1292.3770471402954 214.87512341284204 52.83224709097838 4322 4364 1276 1303 448.0 10.524359873912395 3.219313131303481 -32.27208080885931 0.9520663515428439 0.20138283210722044 0.7080292684562146 0.0 163.7059982273743 1.5228454 592.0276504553401 5.583159862095478 False 576
4260 4275.6430827346885 1293.3646589226512 214.87566034882872 52.83264176820868 4249 4288 1279 1304 450.0 8.91270375690761 3.751289843934943 28.309874506633403 0.9071105411483628 0.20091581306713963 1.071549800307912 0.0 218.81970624261095 1.575954 557.7979260977611 5.087870636566835 False 576
4261 4335.788542446287 1328.5541759269786 214.8747533462383 52.83244956067877 4322 4353 1320 1341 487.0 8.116567327561423 4.073092296487692 23.55087474256444 0.8649694657545995 0.20999593424934868 1.0128326594093549 0.0 241.95334081536217 1.641306 625.1047066633564 5.306626368374029 False 576
4262 4274.944779055174 1328.6225083603433 214.87529589379662 52.83283639772927 4249 4287 1319 1343 472.0 8.05717062967008 4.015735556292566 -24.455964581966533 0.8669442192155244 0.2071975429174648 1.2572168525990108 0.0 257.7643757169928 1.6315101 670.3318807837311 5.162589381044744 False 576
4263 4362.178675513657 1340.0964702371155 214.87439636280675 52.83234419703337 4354 4368 1334 1347 129.0 3.3581519848914447 2.7421846236985674 -28.0749851549398 0.5772386498231912 0.2159884650661436 0.5976211970100284 0.0 45.07872947586263 0.86755043 191.57695350839737 3.3179938204229726 False 576
4264 4304.44724191907 1342.3270552753531 214.8748883828823 52.83272293063048 4300 4311 1334 1352 150.0 4.451402170363952 2.382219476213634 -89.3376711900842 0.8447497081767729 0.20869660542086535 0.5453101311908616 0.0 52.01435551743665 0.9104439 205.08871478070444 3.315110509331727 False 576
4265 1716.877689785479 1293.5811141957233 214.89851373717005 52.84889342592197 1702 1731 1271 1303 639.0 6.74385726650845 4.524050530564505 -80.2775778449632 0.7416019359535144 0.20764921484412924 6.180329830867759 0.0 907.6938736371974 2.0683975 1144.9036789317292 3.3752285116432303 False 528
4266 1714.9859446975115 1321.2885912097056 214.89823930326565 52.84905495916211 1697 1735 1294 1355 1608.0 11.412381245769314 5.461806938611781 -87.82115268879367 0.8780406327328744 0.20480235026917784 10.45988894567759 0.0 3246.5239693908907 3.3924673 3648.5926781036887 4.44050808101435 False 528
4267 4191.274846098349 1287.9473323157738 214.87647063486588 52.833148429833706 4184 4199 1277 1300 282.0 4.603523793485425 3.2815951433554855 -89.66723052661463 0.7013224473378041 0.20604889074967497 1.7062705344529372 0.0 166.2280062509528 1.2697409 250.49933656528333 2.808307171615159 False 576
4268 4189.40125980588 1305.6537008216833 214.87630120517665 52.833255846523386 4186 4192 1301 1310 49.0 2.318008283640539 1.6270333655018139 87.95247370585321 0.7122655742489059 0.21609961884997173 0.32497529722585367 0.0 13.007087091836567 0.52424985 67.20078751599472 2.0835124072931883 False 576
