outputs/dr0.5_c0.1/nircam2_f410m_dr0.5_c0.1.ecsv
# %ECSV 1.0
# ---
# datatype:
# - {name: label, datatype: int64}
# - {name: xcentroid, datatype: float64}
# - {name: ycentroid, datatype: float64}
# - {name: sky_centroid.ra, unit: deg, datatype: float64}
# - {name: sky_centroid.dec, unit: deg, datatype: float64}
# - {name: bbox_xmin, datatype: int64}
# - {name: bbox_xmax, datatype: int64}
# - {name: bbox_ymin, datatype: int64}
# - {name: bbox_ymax, datatype: int64}
# - {name: area, unit: pix2, datatype: float64}
# - {name: semimajor_sigma, unit: pix, datatype: float64}
# - {name: semiminor_sigma, unit: pix, datatype: float64}
# - {name: orientation, unit: deg, datatype: float64}
# - {name: eccentricity, datatype: float64}
# - {name: min_value, datatype: float64}
# - {name: max_value, datatype: float64}
# - {name: local_background, datatype: float64}
# - {name: segment_flux, datatype: float64}
# - {name: segment_fluxerr, datatype: float32}
# - {name: kron_flux, datatype: float64}
# - {name: kron_fluxerr, datatype: float64}
# - {name: kron_radius, unit: pix, datatype: float64}
# - {name: gini, datatype: float64}
# - {name: equivalent_radius, unit: pix, datatype: float64}
# - {name: kron4_2_flux, datatype: float64}
# - {name: kron4_2_fluxerr, datatype: float64}
# - {name: radius_kron20, unit: pix, datatype: float64}
# - {name: radius_kron50, unit: pix, datatype: float64}
# - {name: radius_kron80, unit: pix, datatype: float64}
# - {name: near_border, datatype: bool}
# meta:
#   PHOTMJSR: 0.8704000115394592
#   PIXAR_SR: 2.11539874851881e-14
#   __serialized_columns__:
#     area:
#       __class__: astropy.units.quantity.Quantity
#       unit: !astropy.units.Unit {unit: pix2}
#       value: !astropy.table.SerializedColumn {name: area}
#     eccentricity:
#       __class__: astropy.units.quantity.Quantity
#       unit: !astropy.units.Unit {unit: ''}
#       value: !astropy.table.SerializedColumn {name: eccentricity}
#     equivalent_radius:
#       __class__: astropy.units.quantity.Quantity
#       unit: !astropy.units.Unit {unit: pix}
#       value: !astropy.table.SerializedColumn {name: equivalent_radius}
#     kron_radius:
#       __class__: astropy.units.quantity.Quantity
#       unit: &id001 !astropy.units.Unit {unit: pix}
#       value: !astropy.table.SerializedColumn {name: kron_radius}
#     orientation:
#       __class__: astropy.units.quantity.Quantity
#       unit: &id002 !astropy.units.Unit {unit: deg}
#       value: !astropy.table.SerializedColumn {name: orientation}
#     radius_kron20:
#       __class__: astropy.units.quantity.Quantity
#       unit: *id001
#       value: !astropy.table.SerializedColumn {name: radius_kron20}
#     radius_kron50:
#       __class__: astropy.units.quantity.Quantity
#       unit: *id001
#       value: !astropy.table.SerializedColumn {name: radius_kron50}
#     radius_kron80:
#       __class__: astropy.units.quantity.Quantity
#       unit: *id001
#       value: !astropy.table.SerializedColumn {name: radius_kron80}
#     semimajor_sigma:
#       __class__: astropy.units.quantity.Quantity
#       unit: !astropy.units.Unit {unit: pix}
#       value: !astropy.table.SerializedColumn {name: semimajor_sigma}
#     semiminor_sigma:
#       __class__: astropy.units.quantity.Quantity
#       unit: !astropy.units.Unit {unit: pix}
#       value: !astropy.table.SerializedColumn {name: semiminor_sigma}
#     sky_centroid:
#       __class__: astropy.coordinates.sky_coordinate.SkyCoord
#       dec: !astropy.table.SerializedColumn
#         __class__: astropy.coordinates.angles.Latitude
#         unit: *id002
#         value: !astropy.table.SerializedColumn {name: sky_centroid.dec}
#       frame: icrs
#       ra: !astropy.table.SerializedColumn
#         __class__: astropy.coordinates.angles.Longitude
#         unit: *id002
#         value: !astropy.table.SerializedColumn {name: sky_centroid.ra}
#         wrap_angle: !astropy.coordinates.Angle
#           unit: *id002
#           value: 360.0
#       representation_type: spherical
#   astropy version: '5.1'
#   make_catalog parameters:
#     ab_zpt: 31.4
#     coadd_bands: !!python/tuple [f277w, f356w]
#     deblend_contrast: 0.001
#     deblend_nlevels: 32
#     deblend_npixels: 1
#     detect_kernel_fwhm: 4.0
#     detect_kernel_npix: 7
#     detect_npixels: 4
#     detect_threshold_nsigma: 3.0
#     flag_isolated_buffer: 4
#     hst_bands: !!python/tuple [f606w, f814w, f125w, f140w, f160w]
#     jwst_bands: !!python/tuple [f115w, f150w, f200w, f277w, f356w, f410m, f444w]
#     near_border_kernelsize: 21
#     reference_band: f200w
#   make_catalog version: 1.4.0
#   photutils version: 1.5.0
# schema: astropy-2.0
label xcentroid ycentroid sky_centroid.ra sky_centroid.dec bbox_xmin bbox_xmax bbox_ymin bbox_ymax area semimajor_sigma semiminor_sigma orientation eccentricity min_value max_value local_background segment_flux segment_fluxerr kron_flux kron_fluxerr kron_radius gini equivalent_radius kron4_2_flux kron4_2_fluxerr radius_kron20 radius_kron50 radius_kron80 near_border
[from data line 665]
666 1838.2960726976096 2578.4504261149773 214.94024854106547 52.92820022782894 1836 1840 2576 2580 16.0 1.0473671857294646 0.8823130247494613 88.6503357609783 0.5388364260589704 -0.013220753710285285 0.5131995259010055 0.0 3.5897650049648613 0.8266327 8.954754119027086 2.3456298153492585 2.6891517792975184 0.34973046671137015 2.256758334191025 8.115284387967762 3.776610404959881 1.2905900470725513 2.622940687162729 4.879261691638756 False
667 3352.6425508737016 2580.25385556786 214.92666689939554 52.91859780381105 3351 3355 2578 2583 23.0 1.4386696416584723 1.1549189351376352 -44.92521847414872 0.5962905665645267 0.12790346131804897 0.5834719731397697 0.0 7.3573570801406865 1.0170039 36.20570512122774 3.770737354769861 3.1677937759057095 0.2155637565121377 2.7057581899030048 69.55808135830779 5.983866132010577 2.6508949209403396 5.580527369658867 8.811924220452601 False
668 1518.1932229767467 2585.180396234478 214.9430453279358 52.93026819338829 1510 1524 2579 2591 141.0 3.506326708130408 2.4710777912729203 -28.22815442630271 0.7094574207440889 -0.16779186230901097 0.594345722965554 0.0 34.588937205604545 2.5528631 43.84510331489817 4.0244785199140125 1.4348817735717578 0.3298485625717151 6.699380116989518 42.45917015265552 6.274917851047684 2.676239511008336 4.588138628817538 7.321540604759007 False
669 1329.5794383381965 2582.3063464814427 214.9447654134176 52.93144973027692 1329 1330 2581 2583 5.0 0.7257994847277714 0.4635302197309158 -72.30120843654669 0.769499207635094 0.19738151352674618 0.31792771829186417 0.0 1.3829144984682178 0.44851574 9.987306469770372 1.8135202814861118 3.5016802493114234 0.09606565054077684 1.2615662610100802 9.257474573590764 2.9784847133484784 1.5651851378648134 2.8820365783494686 4.800195324319618 False
670 4026.57880839287 2586.836390888476 214.92056368431528 52.9143550966198 4021 4032 2582 2592 93.0 2.5043304925944545 2.3929713585291252 10.525507846643563 0.2948829874079667 0.0462336488575463 0.8049009797848691 0.0 37.43070541753623 1.9897003 138.43148755930736 7.157213962805701 3.0944468259648916 0.23926879029061948 5.440847306724618 281.2704425738704 11.210790905239005 4.21283185578143 10.012984146457809 16.082994251175407 False
671 2032.9529781187064 2585.0203244794398 214.93843566316195 52.927000226864436 2032 2034 2584 2586 7.0 0.8025122669147058 0.599365878169474 -40.1122559498037 0.6649791159571818 0.03864620124323337 0.22766497691375895 0.0 0.9466348244690893 0.55396134 23.66341023092326 2.6992506394911953 4.297281421055457 0.3416278177228315 1.4927053303604616 52.703558643789826 4.27484063443339 3.0608904727201205 4.368707006318079 6.031501223321316 False
672 1638.9603179556052 2595.056965660827 214.94185941366806 52.92955505484022 1630 1646 2586 2605 235.0 4.643524441555799 2.894829256704501 -61.93748918643951 0.7818934527874296 -0.12852116452214535 1.2832814804033748 0.0 103.37229996309784 3.1482043 194.916636590324 8.006430916551777 2.3795724606194066 0.3358291567789855 8.6488625410045 207.98596983427333 12.850237312621392 3.9486914315091903 8.418239008947934 15.390210100511112 False
673 8552.885525291382 2606.8493419852575 214.87985873748244 52.88572145772226 8535 8568 2587 2624 955.0 6.186912482844456 5.070081586128577 56.553365726530494 0.5731007224358772 -0.11020943311781918 14.47308212768266 0.0 1793.0468508609576 6.757081 1858.1183390497386 7.787398575821331 1.4641844809344526 0.6028980352058525 17.435192608787553 1964.958533161076 11.978204449284714 3.3278312815175677 6.259194708897997 10.932214777603319 False
674 1998.5754772918615 2622.260105826042 214.93835151504686 52.927419513696684 1966 2028 2588 2655 2686.0 10.798774347378824 6.996900508756837 -49.489017244275686 0.7616958957101228 -0.044157534256493935 37.505951238643924 0.0 5504.045702732856 11.841859 5578.88254402842 12.591504518336318 1.4431483763060555 0.6565033368930542 29.2400470979385 6005.271177237159 19.203918483870222 3.7935334980474122 8.847344817841421 17.177172950659877 False
675 4144.8890837157805 2590.065968341785 214.91947054637706 52.91362144814103 4143 4147 2588 2592 19.0 1.2904676366686008 0.8055606802807925 84.10008697299166 0.7812331485490981 -0.00011456129669790271 0.5888987689069074 0.0 5.134233511374027 0.87820125 38.56613670973303 3.4869547744987406 3.693199188067693 0.37928447691808514 2.4592453796829674 77.46554088187426 5.53357610065234 3.3704756747017215 6.268314110196068 8.71038343654315 False
676 8612.436473204642 2590.9447237271947 214.8794937379779 52.8852574210615 8609 8616 2588 2595 48.0 1.9517561601715514 1.7997486893990444 -82.89844852088761 0.3869097409578943 -0.02572874504379826 0.48053825664679395 0.0 10.75311275060824 1.4431139 30.913163738758826 5.692900511357455 3.4064655003430424 0.27738366100402406 3.9088200952233594 61.43609122238036 9.090095373352824 2.7442024985961733 5.8703347938228285 9.215790833228128 False
677 3690.3087479449514 2595.461198112577 214.92348344010296 52.916536388349066 3685 3695 2590 2602 106.0 3.091543434517828 2.218906529349869 73.95049134722284 0.6963171569354045 -0.1881005077637242 0.6527641365619336 0.0 31.743453220304232 2.1826587 70.22793153641172 6.315417603795133 2.570181416983129 0.26419721252560396 5.808687281605183 62.943700595802014 10.047495661895095 3.242693328048885 6.502362833744813 9.910799509678533 False
678 7453.574352419699 2591.8773157535566 214.88984631078702 52.89262248052802 7453 7455 2590 2593 10.0 1.0181501853581056 0.675890691490036 87.98470446828433 0.7478729923656863 0.051454057609697894 0.37291312243837876 0.0 2.0639330160340075 0.60757065 15.753704698432317 2.494231008024747 3.4789779546317643 0.30824239272217707 1.7841241161527712 29.401121513643737 4.044228828248135 2.128366716145481 3.688650979632956 5.306443025540577 False
679 1426.843485727603 2595.4811989819896 214.94375527804112 52.930903586022836 1424 1431 2592 2599 58.0 2.095724066166122 1.6395452716483259 74.11506515647035 0.6228656879616912 -0.10720759370593712 0.908338493748282 0.0 22.085256155346645 1.5529592 42.56503837861606 4.301359805322688 2.571989201492181 0.3199441462600482 4.296739856991561 59.10057602445784 6.874087750212438 2.0215128255443573 4.187919824717178 7.909323640928335 False
680 771.0 2594.52007813377 214.94964177288065 52.93506063880151 771 772 2594 2595 4.0 0.5770010414874921 0.28867513459481287 90.0 0.865850613735876 -0.023970679535863647 0.0860631643839165 0.0 0.1242564880476045 0.4111606 0.3056870540074517 0.5223549366435968 1.4 0.6664748098801586 1.1283791670955126 -0.05878796200404994 0.8276910916865297 0.48446199378079896 0.8004814844377858 1.0467636122860635 False
681 7269.254204714533 2598.821391029785 214.891421703877 52.89383049819993 7265 7273 2594 2603 72.0 2.455560897426912 1.8353162438581405 61.02410208179378 0.6643605646788749 0.11710156436298264 1.018709731849994 0.0 33.93848797989098 1.6353992 62.19327154899234 4.1952329138201065 2.311798368375704 0.25436805665892853 4.787307364817192 65.65517217072284 6.681664826305447 2.300815927103854 4.436088953061449 7.488845061613474 False
682 8830.772987182982 2596.2964082617973 214.87748546462927 52.88389951677503 8829 8833 2594 2599 21.0 1.4618336013572502 0.9276336461163192 -66.52523416062765 0.7728665733991389 0.05991874407042276 0.4718405990052059 0.0 5.216622128951731 0.86611766 17.559522154148016 3.1694709891174524 3.1194288618301913 0.266088728224153 2.5854414729132054 7.578670474608481 5.167905475216611 1.9259847271152024 4.204517368296764 6.360287774117297 False
683 6260.171251842452 2614.8566131851708 214.90027933232815 52.900324944692485 6249 6273 2596 2633 728.0 6.681169828964442 4.109193162440423 -81.7637563789861 0.7884951534691106 0.01636507323739997 8.88440989999035 0.0 1028.503011234472 5.2008862 1115.7263725377616 7.028690184269174 1.5982375764798282 0.5362162892046151 15.222667215103916 1191.0312119523055 11.001215029605756 3.2066592983823092 6.536329140869587 11.688257874928219 False
684 2316.303093608466 2620.5765450170825 214.93552327812367 52.92539376248704 2301 2327 2597 2643 614.0 10.700380575814336 3.3271822073963 71.61256873343096 0.9504293635944975 -0.12748136793778556 1.8702087854128215 0.0 358.034245913373 5.3938484 420.07332941042193 7.9069229840912 1.4 0.35344626874814417 13.980066885278035 425.44276925475515 12.608004655817531 5.016467764099511 9.68180912691665 16.198748308655237 False
685 2701.3420138313622 2600.640978244104 214.93228463768867 52.92284213719085 2694 2708 2598 2604 79.0 3.50330038612103 1.4693894513947177 4.382350258250088 0.9077876592504686 -0.04471095125541475 0.730341395651272 0.0 24.58229901503909 1.8148266 63.065430675058465 5.6486282792115805 2.6661361673633497 0.30505653036554414 5.014626706796775 60.99669935291127 8.895977257496305 3.0038323665310536 7.381835179259752 11.636064711784913 False
686 9187.782736947713 2602.902078492446 214.87422451484494 52.88166751530984 9185 9190 2599 2606 38.0 1.8226090663249186 1.5252478279263177 -79.93692158504675 0.5474344132561587 0.17519962217925963 0.6085956128494547 0.0 15.409366891682758 1.1710873 67.32133774180812 4.705842339801075 3.233609302822108 0.16046655271541935 3.477898169151024 88.0646439281131 7.407340225048655 3.1869019406431915 6.527408115495666 10.123287000536745 False
687 6414.525541710524 2609.2226685172814 214.89895774152222 52.89931439836636 6402 6428 2601 2618 344.0 5.510626186482143 2.847209562424953 18.696807855332384 0.8561808649201157 -0.010749527569333691 3.0613728482245626 0.0 306.77690144135005 3.5314045 342.07279451365275 5.647262169208075 1.7260898047671964 0.4475530447135566 10.464157913908982 378.09595798338796 9.008524362465137 2.988692296853357 5.626244007051717 9.172590069949317 False
688 3401.680039708202 2624.620127768358 214.92576071910932 52.91852604324729 3383 3420 2605 2644 861.0 8.838363597414087 3.9705999005197974 -47.09871058589615 0.8934080758668682 0.02898540947681644 9.646227505918961 0.0 1248.7231995849766 6.864755 1382.4196922848846 9.436427834050669 1.5825086505680321 0.5015173120190475 16.554902959674628 1465.0646107872576 14.313182410466336 3.638508493953063 7.966867666935452 14.600117339342402 False
689 3775.375823028467 2608.1397202019657 214.92258834450584 52.91606481254013 3773 3778 2605 2611 30.0 1.5340732834763868 1.2240101170445654 -65.82056892857608 0.6028130972020763 0.046001968094854656 0.7599685389533853 0.0 12.463517558415523 1.1542811 26.414096666412725 2.980334082605584 2.3043199391027938 0.2689821468867048 3.0901936161855166 26.194021903955612 4.844561002272865 1.6854716774162393 3.2175161820577416 4.9426475607399745 False
690 8860.44784281564 2610.824732303432 214.87706725633973 52.88378940630985 8854 8866 2605 2617 128.0 2.754079613443166 2.5482016472403193 -10.054327187885775 0.37936723989982163 0.006151029436597788 1.2113873411772222 0.0 60.11635244670191 2.2961104 85.77121492028958 4.5443163573014935 1.9149751783586073 0.3468960457995576 6.383076486422923 78.3085966451088 7.273125070707857 2.3284230533556167 4.453791541385339 7.563658917708439 False
691 9909.424097106454 2608.285471787799 214.86771789742272 52.877112605472774 9906 9913 2605 2612 45.0 1.8223536113336478 1.5567582746114623 18.882112077427596 0.5198509679722643 0.03986107624595111 0.6386136357650429 0.0 12.511535184919934 1.3735416 40.598230568460934 5.016273990257144 3.303641343202043 0.3036507113362172 3.7846987830302403 65.0533775009598 8.062800290762576 2.689589676835488 5.998925236403091 8.395075002528017 False
692 281.7467953301048 2609.01604497675 214.95387359408014 52.93824374092301 281 282 2608 2610 4.0 0.6928164253955537 0.4347819304296501 89.19987526150639 0.7785704662285343 0.44511749934503475 0.5113357935253212 0.0 1.917988524782632 0.40133467 12.575764784290143 1.7922566744819013 3.537091831916512 0.03621970804244816 1.1283791670955126 18.125999653258148 2.9071639237987257 1.3373487035218679 2.35852756290955 3.485342921257523 False
693 2937.016216740207 2621.5917836851418 214.92995347558423 52.9214592966165 2922 2957 2609 2633 639.0 6.428811212730252 3.6989547160383336 22.944382243667082 0.8178921953347535 -0.031097278422703968 7.755277768491724 0.0 785.7542776686107 5.6862445 834.3017804384413 7.203860824726487 1.5362298817516562 0.5507551542181415 14.261837794318172 889.0802422150231 11.081882828912889 2.955820770633396 5.950585468645717 10.439868043376675 False
694 4322.928186962663 2612.504971274512 214.9176405408707 52.912612292031866 4319 4328 2609 2616 65.0 2.31529017631403 1.8411776141651526 -22.570799363472055 0.6063138821060386 0.015345956318010782 0.7018577353097729 0.0 22.37083283215736 1.626731 33.48552806795094 3.154048802540858 1.7411404699853952 0.2810904831533119 4.54864184146723 34.791528554433796 5.113522453594071 2.048076935366259 3.640149822135085 5.452004291612658 False
695 2827.790839376173 2617.31732062108 214.93097662953468 52.922129539591594 2821 2835 2611 2624 153.0 2.873302577860826 2.504143464308947 0.3083281869584373 0.49035822622328334 -0.029956095189890404 2.7492737504353544 0.0 122.97055315630027 2.6699414 168.45434604772242 5.338362771694778 2.1625050432980495 0.4342924363265364 6.978639737521917 226.62514483817029 8.407899884013341 2.18013176200022 4.262426874325623 8.289187339204894 False
696 9839.253490303803 2619.260466604222 214.86822949824958 52.877617548887905 9836 9843 2615 2623 57.0 1.867715430701249 1.5994996564463981 -70.59966039843513 0.5163234416947236 -0.06846964019556233 0.8583377062214179 0.0 21.76009908029096 1.5958681 28.676418538444455 3.656859498631664 2.2319743209192437 0.3607762770395488 4.259537945889915 37.760984338820656 5.847007525131198 1.54294999354968 2.7190440593839744 4.683319613339192 False
697 3134.230654451017 2628.869259461118 214.92811081256264 52.92024672372822 3126 3145 2617 2641 320.0 5.690511514404314 3.123526453980319 -55.48439427037977 0.835887484310194 -0.0011629293985090112 1.6206503192929262 0.0 175.22078424450146 3.800429 270.60690776777784 8.624937513762873 2.180625726024917 0.336586770536491 10.092530088080641 314.77175115281705 13.652887829521394 3.9168833919305985 7.927143291019622 14.956281016123132 False
698 3076.171202518136 2634.2012903324044 214.92857458298846 52.9206440605078 3054 3094 2619 2649 1004.0 7.430906951628265 5.479049535556221 12.699391697494711 0.6755299533218155 -0.06002486237812667 7.094606163163368 0.0 1181.822232159506 6.8331084 1321.1794122140532 10.390117750335271 1.7284027894035934 0.5154163075944875 17.876888032555495 1468.7232297970522 16.340263348193805 4.091070927387018 8.208011328431208 14.44775227162737 False
699 3495.6865717060778 2620.859280340713 214.92495859309733 52.91790898477989 3493 3498 2619 2622 14.0 1.6510075147213956 0.6303052738750616 33.68127090097885 0.9242573260061123 0.08358145904496837 0.5582221862460206 0.0 4.344111930219546 0.7761235 27.004501860614234 3.1875825521072016 3.42694301981863 0.23925051816868786 2.111004122822376 25.92438070410146 5.1776647773891895 2.3574039543035963 4.217453866798287 6.459947824520607 False
700 6037.1766197578245 2647.5633267203148 214.90193011040745 52.90191743161135 6026 6051 2619 2679 1132.0 11.553577265361671 4.752624692642494 82.0101475340773 0.9114750991033292 -0.24390992219868854 4.475849275877918 0.0 1141.2857546952341 9.258313 1283.8667988194811 inf 1.7369696451225078 0.4191117472426053 18.982275710779543 1425.3993046837363 inf 5.334871485296184 11.090600683799185 18.557257246206376 False
