outputs/dr0.5_c0.1/nircam3_matched_f277w_f410m_dr0.5_c0.1.ecsv
# %ECSV 1.0
# ---
# datatype:
# - {name: label, datatype: int64}
# - {name: xcentroid, datatype: float64}
# - {name: ycentroid, datatype: float64}
# - {name: sky_centroid.ra, unit: deg, datatype: float64}
# - {name: sky_centroid.dec, unit: deg, datatype: float64}
# - {name: bbox_xmin, datatype: int64}
# - {name: bbox_xmax, datatype: int64}
# - {name: bbox_ymin, datatype: int64}
# - {name: bbox_ymax, datatype: int64}
# - {name: area, unit: pix2, datatype: float64}
# - {name: semimajor_sigma, unit: pix, datatype: float64}
# - {name: semiminor_sigma, unit: pix, datatype: float64}
# - {name: orientation, unit: deg, datatype: float64}
# - {name: eccentricity, datatype: float64}
# - {name: min_value, datatype: float64}
# - {name: max_value, datatype: float64}
# - {name: local_background, datatype: float64}
# - {name: segment_flux, datatype: float64}
# - {name: segment_fluxerr, datatype: float32}
# - {name: kron_flux, datatype: float64}
# - {name: kron_fluxerr, datatype: float64}
# - {name: kron_radius, unit: pix, datatype: float64}
# - {name: gini, datatype: float64}
# - {name: equivalent_radius, unit: pix, datatype: float64}
# - {name: kron4_2_flux, datatype: float64}
# - {name: kron4_2_fluxerr, datatype: float64}
# - {name: kron4_2_mag, datatype: float64}
# meta:
#   PHOTMJSR: 0.8704000115394592
#   PIXAR_SR: 2.11539874851881e-14
#   __serialized_columns__:
#     area:
#       __class__: astropy.units.quantity.Quantity
#       unit: !astropy.units.Unit {unit: pix2}
#       value: !astropy.table.SerializedColumn {name: area}
#     eccentricity:
#       __class__: astropy.units.quantity.Quantity
#       unit: !astropy.units.Unit {unit: ''}
#       value: !astropy.table.SerializedColumn {name: eccentricity}
#     equivalent_radius:
#       __class__: astropy.units.quantity.Quantity
#       unit: !astropy.units.Unit {unit: pix}
#       value: !astropy.table.SerializedColumn {name: equivalent_radius}
#     kron_radius:
#       __class__: astropy.units.quantity.Quantity
#       unit: !astropy.units.Unit {unit: pix}
#       value: !astropy.table.SerializedColumn {name: kron_radius}
#     orientation:
#       __class__: astropy.units.quantity.Quantity
#       unit: &id001 !astropy.units.Unit {unit: deg}
#       value: !astropy.table.SerializedColumn {name: orientation}
#     semimajor_sigma:
#       __class__: astropy.units.quantity.Quantity
#       unit: !astropy.units.Unit {unit: pix}
#       value: !astropy.table.SerializedColumn {name: semimajor_sigma}
#     semiminor_sigma:
#       __class__: astropy.units.quantity.Quantity
#       unit: !astropy.units.Unit {unit: pix}
#       value: !astropy.table.SerializedColumn {name: semiminor_sigma}
#     sky_centroid:
#       __class__: astropy.coordinates.sky_coordinate.SkyCoord
#       dec: !astropy.table.SerializedColumn
#         __class__: astropy.coordinates.angles.Latitude
#         unit: *id001
#         value: !astropy.table.SerializedColumn {name: sky_centroid.dec}
#       frame: icrs
#       ra: !astropy.table.SerializedColumn
#         __class__: astropy.coordinates.angles.Longitude
#         unit: *id001
#         value: !astropy.table.SerializedColumn {name: sky_centroid.ra}
#         wrap_angle: !astropy.coordinates.Angle
#           unit: *id001
#           value: 360.0
#       representation_type: spherical
#   astropy version: '5.1'
#   kernelfile: kernel_f277w_f410m.fits
#   make_catalog parameters:
#     ab_zpt: 31.4
#     coadd_bands: !!python/tuple [f277w, f356w]
#     deblend_contrast: 0.001
#     deblend_nlevels: 32
#     deblend_npixels: 1
#     detect_kernel_fwhm: 4.0
#     detect_kernel_npix: 7
#     detect_npixels: 4
#     detect_threshold_nsigma: 3.0
#     flag_isolated_buffer: 4
#     hst_bands: !!python/tuple [f606w, f814w, f125w, f140w, f160w]
#     jwst_bands: !!python/tuple [f115w, f150w, f200w, f277w, f356w, f410m, f444w]
#     near_border_kernelsize: 21
#     reference_band: f200w
#   make_catalog version: 1.4.0
#   photutils version: 1.5.0
# schema: astropy-2.0
label xcentroid ycentroid sky_centroid.ra sky_centroid.dec bbox_xmin bbox_xmax bbox_ymin bbox_ymax area semimajor_sigma semiminor_sigma orientation eccentricity min_value max_value local_background segment_flux segment_fluxerr kron_flux kron_fluxerr kron_radius gini equivalent_radius kron4_2_flux kron4_2_fluxerr kron4_2_mag
[from data line 1537]
1538 7134.5514307566 2086.0883393534127 214.78961068853582 52.83715819472236 7132 7137 2084 2088 22.0 1.3651971256876254 1.1999903265034157 29.748477038282825 0.47684600304185243 0.26630848281762937 0.42739813777429 0.0 7.680981625725891 0.9060612 34.36119415075518 3.706617763204642 3.208311586714502 0.0777354184739867 2.6462837142006137 48.11222987245455 6.0344874184755435 27.194361285624478
1539 2776.595768379519 2086.7931822960422 214.8284892810552 52.86486448752429 2775 2779 2085 2088 12.0 1.3759139680637413 0.7678217567750832 31.27241285579464 0.8298107630750874 0.28533303498323703 0.4385442989567498 0.0 4.359135808209961 0.69250727 21.089588321337033 2.7889592968748436 3.1083538008557166 0.07605801757850053 1.9544100476116797 25.558414712864078 4.509547709959593 27.88116521810792
1540 4161.119614324824 2097.6102891328483 214.81601593630663 52.856123068887165 4153 4169 2089 2108 184.0 5.465903666012331 2.1396256114354806 48.03157389375775 0.920199564332856 0.1557169084332025 0.762657343847483 0.0 72.45335507461674 2.9107556 107.81034889020168 6.397613764664948 2.0750212454394927 0.21666494471725492 7.653039857325812 120.79936724337936 10.076295797793986 26.19483835144426
1541 2444.2776389639803 2092.936852490398 214.83139191301908 52.86700955077074 2442 2447 2091 2095 19.0 1.3590552053040077 1.124946532575247 -4.279875370067187 0.5611094729611978 0.2399892430351661 0.37360496482201316 0.0 6.066322046805655 0.873346 23.476238571258918 3.404688887305793 2.957538593380657 0.07153752781705412 2.4592453796829674 25.869512511900247 5.270250915896396 27.868029387755072
1542 6734.170049242887 2095.9681605642872 214.79307722850783 52.83975707802113 6730 6739 2091 2101 86.0 2.487299980449533 2.0242694226342044 -55.138096151688714 0.5810860928051294 0.18996345977917573 1.039718436786769 0.0 43.065777570561785 1.7477674 66.72878005446783 3.8622986453399433 2.1528148678367924 0.26844874118553924 5.232078956954491 72.60031672330912 6.270510649239969 26.74765371164903
1543 1241.5215484855132 2093.5550121095057 214.8421273718925 52.87465601719009 1240 1243 2092 2095 12.0 0.9408446417875727 0.9351463028319803 38.31730272035438 0.10989339548396121 0.2609317489803027 0.35573877755131383 0.0 3.699764482738561 0.6454742 14.727864776943019 2.3863557660920565 3.025068482294973 0.06048438255579217 1.9544100476116797 17.741331007915317 3.9029426213349683 28.27753450301539
1544 6945.5208703656735 2100.2776355792757 214.7911470281088 52.838436517572696 6941 6951 2094 2106 106.0 3.10179633252217 2.1324730835429815 -55.83701060880156 0.7261880080028476 0.21220511257443883 0.873429303315266 0.0 48.084667357730105 1.840368 82.64006132606788 4.945958751476313 2.3256647492292366 0.22566400837561248 5.808687281605183 122.40182060321939 7.9703242545238195 26.18053030612868
1545 9512.544100533005 2099.766222192992 214.7682688389554 52.82211015867865 9508 9517 2094 2106 97.0 2.8009183182488018 2.140849513281506 -78.42649731485368 0.6448152933942848 0.21241770518165512 0.8731737474481785 0.0 43.10754614966022 2.096927 65.95485395257711 4.48262632960657 1.9614254652341654 0.2316819454109985 5.556622981616415 79.28034074015628 7.0463429728316 26.652086229895133
1546 7322.781304817521 2105.450049259016 214.78772844311715 52.83606567008073 7310 7335 2095 2118 378.0 3.0962606052006025 2.9425084022235426 14.877615803320651 0.3112055798253219 0.02813084912961511 44.419950908114295 0.0 1514.9834438571952 4.2946596 1507.5757271347595 4.168276089507115 1.4 0.7066223385588364 10.969099187147178 1573.1879314336743 6.18447248124649 23.408048484749077
1547 9021.231798664241 2099.572937487669 214.77264931580208 52.82523369437081 9018 9025 2097 2102 42.0 1.9375404080725624 1.476588737811134 3.7015148081444433 0.6474658999719879 0.216117060378909 0.6187414528391799 0.0 17.49315110884347 1.2542558 42.760852460681406 3.9862842056123107 2.7024131230696757 0.14718511660399933 3.656366395715726 56.48828056991664 6.544286721574602 27.02010411105978
1548 7496.130524629913 2109.6893519682344 214.78613814162114 52.83498627788163 7484 7506 2101 2120 304.0 5.234170548183108 2.695767546579344 -36.87414189025824 0.8571706959116798 0.15923140110649953 4.2969355646496705 0.0 306.29525722275724 3.629712 353.96086377796144 5.421157542721527 1.591990451989258 0.44378949406475837 9.83698151873187 364.42410481212335 8.491833717047408 24.995982260911546
1549 8272.89628297517 2110.4196161725426 214.7792053295189 52.83005095922034 8266 8279 2106 2115 106.0 2.843693429737452 2.12585328042509 -1.0628038818223435 0.6641856472845701 0.17745631598739542 1.2421593686918366 0.0 59.509502964889634 2.2539716 89.00790928239334 4.958047338304002 2.126124374485131 0.2914415151099989 5.808687281605183 88.41161531175536 7.895460413498307 26.533726686606983
1550 8861.706909403807 2122.3722021753247 214.77383113793016 52.826370966120045 8848 8879 2111 2133 434.0 7.200916758066921 3.4482008721216917 -28.968073337784467 0.8778935625794142 0.24729336514557712 2.2064142344228057 0.0 322.9361065175474 4.499145 460.40317909434236 9.57358129830939 2.0662072080003515 0.31879059078814637 11.753573524837677 512.7751484305973 15.481223709826622 24.625182577487685
1551 544.5889454014952 2114.91565046045 214.848128604553 52.879199534569885 539 550 2112 2119 60.0 2.9472073850797154 1.5182219667861303 21.450863126062977 0.8571065484031544 0.25505594614771293 0.4801564114306205 0.0 21.756172456081277 1.6776795 83.64456699689967 6.412494706133249 3.0445808452002625 0.09769758141266348 4.370193722368317 100.30876294523645 10.226909442850866 26.396652813697102
1552 6044.552770074936 2116.894954346729 214.7990078189306 52.844254224773 6040 6049 2112 2122 80.0 2.5044815767774424 2.0330140673732227 71.37610101407925 0.5840044466405399 0.18186697972603383 0.6831645323306955 0.0 31.30013028717432 1.5573074 81.06137856947436 5.253133307743638 2.7662586017882234 0.20730179442931695 5.046265044040321 133.98913473374904 8.186125275824413 26.082326043574813
1553 2619.001887599414 2127.0379790965744 214.82947274571544 52.86608296890585 2601 2637 2114 2140 750.0 5.732225062193897 3.896773798016261 14.053248102344712 0.7333963812897432 0.14387357778972254 15.343709389685312 0.0 1389.988905582214 6.025451 1417.457742408454 6.611310393307046 1.4533397011236653 0.6287246933283115 15.450968080927584 1506.5096941329757 10.148088230145534 23.455070173426755
1554 6515.63401669865 2118.712087326985 214.7947868735159 52.84126903298852 6512 6519 2115 2122 56.0 1.8704812494998149 1.772373562161252 -54.86400815769312 0.319609067065418 0.204378700097941 1.0641557489335116 0.0 30.329623797320334 1.3223346 42.01581349586873 2.9405867030540103 2.029541805506666 0.26270056935495956 4.222008245644752 47.77070095024152 4.665060394127902 27.20209596542315
1555 1657.9542435563267 2123.7709764682813 214.83808962155595 52.8721727258985 1650 1665 2116 2132 207.0 3.906463965965578 2.7677977691730002 52.16087682998411 0.7056933229341724 0.1744611313370899 1.830295168480629 0.0 130.18960742266535 3.0710926 161.50424350765954 5.641594100869679 1.8378778786047285 0.3516764756963017 8.117274569709014 169.39513208818386 8.696240613947147 25.827747685391326
1556 3087.485303776287 2119.4857829091684 214.82536940954597 52.86306486922848 3085 3090 2117 2122 32.0 1.514051668120162 1.4672944825889613 -13.40293238483029 0.24659807738256892 0.21594513605201268 0.4251159852590293 0.0 10.00286072882028 1.2822851 21.863512941826514 3.401031405231064 2.4961773693378673 0.12021187458954632 3.1915382432114616 27.24437295144374 5.310637924341539 27.811807958100516
1557 3142.266637120842 2119.595488973789 214.82487917843295 52.86271729463202 3140 3144 2118 2121 16.0 1.1879730379796205 0.9722966246639411 31.90226489564375 0.5745776458465027 0.12682165015932106 0.21444944053329648 0.0 2.762471473631244 0.8421375 8.071904527221012 2.7236913454147618 2.782766453986678 0.08614150588522387 2.256758334191025 7.2112294975251805 4.227828761056965 29.25497670697108
1558 3377.402484277692 2122.4235023447613 214.82275025330452 52.861238094604275 3373 3382 2118 2127 76.0 2.481173421896844 1.8691000850442392 58.83254735030021 0.6576622158622661 0.17916567317568177 0.8174684921086407 0.0 32.500636872474395 1.9519938 51.17043841061677 4.363755757875657 2.1578814266791144 0.2406880984040611 4.918490759365935 51.731649032573586 6.7320688730289 27.115609193773707
1559 9889.205116361294 2123.745881474319 214.76466019550713 52.81984373636643 9888 9891 2122 2125 13.0 1.171202882309079 0.8529019444304785 45.70958944637987 0.6853356550779299 0.3035186920228138 0.4084621136817695 0.0 4.806468308998607 0.7532368 25.532061294825844 2.891269463227965 3.235441043187225 0.04696995546977659 2.0342144725641096 31.549941031348805 4.534862360897587 27.652503620351023
1560 3453.526490948164 2128.4016955417956 214.82200776095183 52.86078648897895 3448 3459 2125 2132 81.0 2.5936185957834166 1.833699706884206 0.4968003271825974 0.7072091676938532 0.174586979729838 1.07737650638299 0.0 41.512146965462094 1.7930981 74.85505025847849 4.759260410485284 2.414806223949241 0.2678494552342458 5.077706251929807 82.75311672041423 7.691837441932338 26.605539101161952
1561 3494.563729028986 2127.260669120764 214.82165343952423 52.8605195145985 3492 3496 2126 2129 15.0 1.2497595801653953 0.9310837475443967 21.95871261616858 0.6670529719911962 0.22312568634413937 0.3444121540413062 0.0 4.391114724361689 0.80657685 21.959417403051873 3.0081520441627285 3.1315332950720602 0.06883458403870733 2.1850968611841584 31.03098810667033 4.839696344372078 27.670510987848957
1562 8752.390642392593 2130.5936943745905 214.77471893538657 52.827110424879166 8750 8755 2128 2133 29.0 1.467037221658527 1.4000750875055297 -59.66054875454845 0.2986729304207649 0.2718964236807714 0.5283036614865357 0.0 11.566164738867426 1.0961033 28.345152276024926 3.4804504703558794 2.611566685680746 0.11320500809508202 3.0382538898732494 26.567708890043356 5.631535322586072 27.83911474017997
1563 2523.978757004059 2130.180303152378 214.83028814598183 52.86670379811705 2523 2525 2129 2131 5.0 0.8199230789102611 0.5144474184777179 57.086929125057274 0.7786699426706553 0.20870791684805123 0.2432157847009285 0.0 1.146078819722566 0.46991557 11.650393369240092 2.141371497021971 3.6306431593685904 0.03165245644750203 1.2615662610100802 15.85374850851813 3.3857227005240573 28.39967008849095
1564 6055.748259824277 2157.5608625897444 214.7984799035829 52.84440214037614 6040 6071 2129 2182 1148.0 9.022531829884514 4.871281748634416 -72.90385048155348 0.8417279713578995 0.15517901117972566 9.781453384941528 0.0 1871.5999056211865 6.5816875 1997.739820651272 8.795021194420315 1.598245950917852 0.5456909581513967 19.115955360352558 2145.810928897833 13.702021823975368 23.071021367800505
1565 3517.7711714166967 2134.39328450503 214.8213711863796 52.86041045404941 3516 3520 2132 2137 21.0 1.3139911643324687 1.1847383047712547 -85.84556651380859 0.432501137996307 0.27035216314460137 0.432032262680065 0.0 7.272954188985219 0.88769376 18.689622689410733 2.752115656550906 2.5436648575267085 0.08626305758476746 2.5854414729132054 23.012308225466192 4.4264155725044665 27.995099544233817
1566 6420.822540744673 2136.813967524554 214.79544196226865 52.84196934595177 6416 6425 2133 2141 63.0 2.342664978896587 1.747100856065057 7.301526810083731 0.6661979622216249 0.138410626472099 0.6407490365427374 0.0 24.61896646874418 1.6292982 51.61517977022563 4.568768489923858 2.5611182940006834 0.19282124603602827 4.478115991081385 61.37266258466014 7.072892075096063 26.930062587311525
1567 9357.295404795752 2139.2022924304147 214.76923725901048 52.823309867489 9352 9363 2133 2144 113.0 2.1153770387707387 2.041315122098632 -0.16356429768657862 0.26229113882238564 0.14752858800247187 5.4206711702087444 0.0 159.69444040491132 2.2838902 187.42328995157357 3.5044909705119474 1.80789157145822 0.5255415175891138 5.997417539138688 201.33200376300226 5.666693064035537 25.640217960283138
1568 383.5569082268335 2139.250256526669 214.8493111755531 52.88035390970072 379 388 2134 2144 90.0 2.3477323594690915 2.184244949281742 -73.16269910059833 0.36663796562218887 0.18635962180232654 1.1504054730670739 0.0 46.279016226592745 2.3314996 72.5019067522829 4.552865974350882 2.137822058589637 0.28884757171157693 5.352372348458314 73.13463083911246 6.940873305863807 26.739692316124888
1569 2902.626860160453 2135.6547842340024 214.82684962775284 52.86432688506763 2901 2904 2134 2137 13.0 1.057528361886373 0.901659228055546 43.607998811875404 0.522547829362809 0.2415215283174511 0.321374968127417 0.0 3.5856619957297755 0.680246 13.926760929041974 2.530008043304379 3.091419225857607 0.05211365746325253 2.0342144725641096 12.041059921933165 4.238702753296564 28.69833820587108
1570 8838.058594823266 2142.9341878316554 214.77382550010222 52.82663208957998 8830 8848 2135 2150 218.0 3.6645452128520386 3.018038041831079 -3.3413672068997613 0.5672033378619769 0.21237471052523885 2.6112783287000187 0.0 197.75096267956442 3.2859902 273.8288263933634 6.549659012688234 2.09691541874431 0.3756483818133881 8.33015937350939 317.2899895118546 10.358826643767586 25.146359074148148
1571 4151.545045513486 2141.0388603714414 214.81564422611976 52.85641796830344 4148 4155 2137 2145 57.0 1.8428993041503805 1.781444739018599 -28.453193717235283 0.2560885594730892 0.12524161985640422 0.8053130614523741 0.0 22.557891840380204 1.6628435 31.921857346616402 3.5372982446454815 2.148024528065075 0.28145741082805875 4.259537945889915 37.14820571604755 5.560217187623181 27.47515539529945
1572 1468.103138431616 2139.6944824267093 214.83961769962778 52.87346498541995 1466 1470 2138 2142 16.0 1.124235023859781 1.0687606262979146 -64.1432392742291 0.3102473434510402 0.2819650452174216 0.4259182379169107 0.0 5.677881072508423 0.78083116 28.229153469151328 2.9279913797470933 3.1932269579546695 0.07322091572534078 2.256758334191025 55.78876472999482 4.792168016728147 27.033633136485104
1573 1291.3542667445952 2146.753348446087 214.84112216022504 52.8746261767739 1287 1296 2141 2155 92.0 3.677090304330922 1.690308318942624 62.18892084590797 0.8880813223122707 0.1784218234086464 0.7634666324711594 0.0 34.31249955408752 2.3464684 75.44221357203196 6.000254282025553 2.5561823899558593 0.22025746233819207 5.4115163798060095 81.58914864538366 9.369524013349972 26.620918996399983
1574 7648.127228197761 2144.3921773900747 214.78441765859543 52.83420672330005 7645 7652 2141 2148 47.0 1.7927460048940453 1.7073655188090995 -27.428977682187156 0.30493093776120395 0.31896034379242344 1.0784204127042882 0.0 30.71557372948412 1.555943 53.61250734396589 3.837529739054458 2.3163560329157034 0.1895424438075735 3.8678889139475245 62.34738269296934 6.020448230336908 26.912954433084252
1575 2363.4646568422463 2145.176225960134 214.83156359153958 52.86780471928652 2361 2366 2143 2148 28.0 1.406692740447524 1.3870542029432134 -56.94898505406099 0.16651327310033037 0.23425537171926428 0.4636899221972301 0.0 9.254309968935566 1.0739483 20.187355242696185 3.0443864804654304 2.4765493536833305 0.1253082473228479 2.985410660720923 22.98177782515927 4.9273722470751204 27.996540945451834
1576 1158.9159601547292 2161.8316337215606 214.842146447373 52.87554902449837 1151 1167 2144 2174 348.0 5.484831908527809 2.949975583927986 70.17404542806632 0.8430453541108588 0.19914386813888732 3.8686018834007943 0.0 300.75510200730497 3.7107935 351.7819596022255 5.823506364640234 1.6673820818235388 0.4604023664865858 10.524820207108489 369.6905039759955 9.279047160009965 24.98040426188067
