outputs/dr0.5_c0.1/nircam3_f606w_dr0.5_c0.1.ecsv
# %ECSV 1.0
# ---
# datatype:
# - {name: label, datatype: int64}
# - {name: xcentroid, datatype: float64}
# - {name: ycentroid, datatype: float64}
# - {name: sky_centroid.ra, unit: deg, datatype: float64}
# - {name: sky_centroid.dec, unit: deg, datatype: float64}
# - {name: bbox_xmin, datatype: int64}
# - {name: bbox_xmax, datatype: int64}
# - {name: bbox_ymin, datatype: int64}
# - {name: bbox_ymax, datatype: int64}
# - {name: area, unit: pix2, datatype: float64}
# - {name: semimajor_sigma, unit: pix, datatype: float64}
# - {name: semiminor_sigma, unit: pix, datatype: float64}
# - {name: orientation, unit: deg, datatype: float64}
# - {name: eccentricity, datatype: float64}
# - {name: min_value, datatype: float64}
# - {name: max_value, datatype: float64}
# - {name: local_background, datatype: float64}
# - {name: segment_flux, datatype: float64}
# - {name: segment_fluxerr, datatype: float32}
# - {name: kron_flux, datatype: float64}
# - {name: kron_fluxerr, datatype: float64}
# - {name: kron_radius, unit: pix, datatype: float64}
# - {name: gini, datatype: float64}
# - {name: equivalent_radius, unit: pix, datatype: float64}
# - {name: kron4_2_flux, datatype: float64}
# - {name: kron4_2_fluxerr, datatype: float64}
# - {name: radius_kron20, unit: pix, datatype: float64}
# - {name: radius_kron50, unit: pix, datatype: float64}
# - {name: radius_kron80, unit: pix, datatype: float64}
# - {name: near_border, datatype: bool}
# meta:
#   PHOTMJSR: 0.3925000131130219
#   PIXAR_SR: 2.11539874851881e-14
#   __serialized_columns__:
#     area:
#       __class__: astropy.units.quantity.Quantity
#       unit: !astropy.units.Unit {unit: pix2}
#       value: !astropy.table.SerializedColumn {name: area}
#     eccentricity:
#       __class__: astropy.units.quantity.Quantity
#       unit: !astropy.units.Unit {unit: ''}
#       value: !astropy.table.SerializedColumn {name: eccentricity}
#     equivalent_radius:
#       __class__: astropy.units.quantity.Quantity
#       unit: !astropy.units.Unit {unit: pix}
#       value: !astropy.table.SerializedColumn {name: equivalent_radius}
#     kron_radius:
#       __class__: astropy.units.quantity.Quantity
#       unit: &id001 !astropy.units.Unit {unit: pix}
#       value: !astropy.table.SerializedColumn {name: kron_radius}
#     orientation:
#       __class__: astropy.units.quantity.Quantity
#       unit: &id002 !astropy.units.Unit {unit: deg}
#       value: !astropy.table.SerializedColumn {name: orientation}
#     radius_kron20:
#       __class__: astropy.units.quantity.Quantity
#       unit: *id001
#       value: !astropy.table.SerializedColumn {name: radius_kron20}
#     radius_kron50:
#       __class__: astropy.units.quantity.Quantity
#       unit: *id001
#       value: !astropy.table.SerializedColumn {name: radius_kron50}
#     radius_kron80:
#       __class__: astropy.units.quantity.Quantity
#       unit: *id001
#       value: !astropy.table.SerializedColumn {name: radius_kron80}
#     semimajor_sigma:
#       __class__: astropy.units.quantity.Quantity
#       unit: !astropy.units.Unit {unit: pix}
#       value: !astropy.table.SerializedColumn {name: semimajor_sigma}
#     semiminor_sigma:
#       __class__: astropy.units.quantity.Quantity
#       unit: !astropy.units.Unit {unit: pix}
#       value: !astropy.table.SerializedColumn {name: semiminor_sigma}
#     sky_centroid:
#       __class__: astropy.coordinates.sky_coordinate.SkyCoord
#       dec: !astropy.table.SerializedColumn
#         __class__: astropy.coordinates.angles.Latitude
#         unit: *id002
#         value: !astropy.table.SerializedColumn {name: sky_centroid.dec}
#       frame: icrs
#       ra: !astropy.table.SerializedColumn
#         __class__: astropy.coordinates.angles.Longitude
#         unit: *id002
#         value: !astropy.table.SerializedColumn {name: sky_centroid.ra}
#         wrap_angle: !astropy.coordinates.Angle
#           unit: *id002
#           value: 360.0
#       representation_type: spherical
#   astropy version: '5.1'
#   make_catalog parameters:
#     ab_zpt: 31.4
#     coadd_bands: !!python/tuple [f277w, f356w]
#     deblend_contrast: 0.001
#     deblend_nlevels: 32
#     deblend_npixels: 1
#     detect_kernel_fwhm: 4.0
#     detect_kernel_npix: 7
#     detect_npixels: 4
#     detect_threshold_nsigma: 3.0
#     flag_isolated_buffer: 4
#     hst_bands: !!python/tuple [f606w, f814w, f125w, f140w, f160w]
#     jwst_bands: !!python/tuple [f115w, f150w, f200w, f277w, f356w, f410m, f444w]
#     near_border_kernelsize: 21
#     reference_band: f200w
#   make_catalog version: 1.4.0
#   photutils version: 1.5.0
# schema: astropy-2.0
label xcentroid ycentroid sky_centroid.ra sky_centroid.dec bbox_xmin bbox_xmax bbox_ymin bbox_ymax area semimajor_sigma semiminor_sigma orientation eccentricity min_value max_value local_background segment_flux segment_fluxerr kron_flux kron_fluxerr kron_radius gini equivalent_radius kron4_2_flux kron4_2_fluxerr radius_kron20 radius_kron50 radius_kron80 near_border
[from data line 4475]
4476 7155.624566677009 2710.1487468317464 214.78285377413658 52.84038569449542 7146 7166 2697 2723 372.0 6.120203068015874 4.5674321139283665 -77.26009950122497 0.6656235476412065 -0.39711003702121367 0.5171869871630038 0.0 24.12544710149058 5.4690766 126.75337405159547 25.16904487884954 3.7955169900063748 0.49653399278829247 10.881694613449236 189.4896700147573 39.86016474004937 11.780535987597526 25.731729992573012 35.41489980315845 False
4477 7170.006445962599 2713.4875200986257 214.78269038415968 52.84031222719704 7163 7180 2709 2719 129.0 3.937679255460749 2.186135275253822 -5.779147544607722 0.8317277662056874 -0.14226254999132157 1.2569513074136185 0.0 45.800020669819716 3.2413783 81.73457195448438 8.819672014631532 2.4498448265734116 0.35566776899763325 6.407961869245868 119.15933541639677 14.367599759476656 3.4076567343057826 5.898693731852919 12.869004153764626 False
4478 7172.5787915426135 2720.852805102751 214.78258991201128 52.84033554097684 7166 7179 2716 2727 109.0 3.0524974381117813 1.8117649735580796 -35.145871499646766 0.8048079592057124 -0.1338497483572861 2.87899272370569 0.0 80.89983863189663 3.0279722 103.25457307367137 6.208616292068252 2.091925915327527 0.40321731158335455 5.890312181373172 132.9991177642708 9.934253564287287 1.905323623399832 3.688090551893927 7.119928163285688 False
4479 1668.1659237651297 2711.2187147707123 214.83181338007955 52.87527464049446 1665 1671 2706 2716 62.0 2.3412302423826823 1.5584375017499668 -75.89394851486931 0.7462649980987925 0.08621786299634868 1.8579588311897974 0.0 43.324408991423056 2.0940008 58.97209307631371 4.1071865676229855 1.7928061405896498 0.31452268507827147 4.442433223290478 64.02595388858255 6.6184868185123165 1.7046685561401056 3.104793883692766 5.188396975980851 False
4480 1660.6852386044613 2718.1825962175208 214.83180686677153 52.875359719543276 1657 1667 2715 2721 55.0 2.3976702596644768 1.3704066750543349 13.754103158328508 0.8205619430158799 -0.06533021654739397 1.363231491615542 0.0 23.365820648450516 1.9741794 47.27189615694965 5.379864326902992 2.503181456359815 0.3781676247547517 4.1841419359420025 59.24207378960456 8.620863053978278 2.0994670717144444 4.125497423165335 7.780640480115971 False
4481 622.6632502804831 2736.0503298453514 214.84089105014678 52.88205237418592 604 643 2718 2753 1009.0 7.143549381706316 5.323460518117663 42.44075132259837 0.6668273391831921 -0.38746996104272186 3.5274929309799976 0.0 205.2496962671843 8.92646 200.7908242537365 10.771794841855776 1.4 0.6583525978744689 17.921346912535476 185.44505482045307 17.250873957139213 2.277794988725717 4.8853359997237185 9.623816859785741 False
4482 643.875360693227 2747.6140893523743 214.84057977511128 52.88197992803148 638 649 2739 2753 132.0 3.4965871545152165 2.649518934485356 89.02513272547549 0.652551605662487 -0.43927955272213964 0.3647372197290946 0.0 4.748439532140331 3.2632482 -10.952934584350523 17.02031752488761 4.505538963190222 0.443071651462753 6.4820448144285745 -65.12104392339744 27.48809119026829 30.193428171684207 30.768911364603863 34.82127360055035 False
4483 644.9608176119865 2759.5251919985044 214.8404446540268 52.88203724671066 636 653 2749 2767 234.0 4.081162793049699 3.7335622993508926 27.077579192239998 0.40384352694721953 -0.42795422396103877 0.6912937913017039 0.0 35.994171668146876 4.439659 68.72350990393716 8.626356809140376 1.720633387189945 0.4217644958073842 8.63044108762739 45.626934188141306 13.712693142517077 3.829721623497263 7.764571245067237 11.002425664159041 False
4484 6535.2722829163495 2736.1092307113367 214.78811264767796 52.84447005716527 6527 6546 2729 2745 233.0 4.865998048363011 3.372016196988827 18.459990998720272 0.7209613774335006 -0.24333362427648803 0.5658456031945202 0.0 32.17755319242139 4.7067127 60.55530480540831 13.89317756152173 2.4720948137496546 0.43967282225478993 8.611980229936854 78.14553573074072 22.150701438736256 4.638180093774575 7.775090336272995 20.584648878469338 False
4485 6547.784772068684 2735.3765296425613 214.7880087676112 52.84438655174163 6544 6551 2732 2741 60.0 2.2206854228677075 1.7949724404574012 -89.11085480229177 0.5887755370352099 -0.2728300316622217 0.3539892308227815 0.0 5.901879778223581 2.373913 22.376050098436615 9.596955956948758 3.4930988570450063 0.38865430169411774 4.370193722368317 38.71254676385025 15.38953787805301 3.0995955196534304 8.115693321613406 9.688771365276954 False
4486 9291.276411474775 2741.9898053200222 214.76348101058403 52.826975593172115 9285 9297 2735 2753 173.0 2.802466612694327 2.1273332943208545 -80.46972770065206 0.6509819838472193 -0.2408977483700264 5.040849352118489 0.0 153.41200431800576 3.537262 165.7817888084424 4.607566151691296 1.578675940971534 0.5820335689465767 7.420755373261929 178.47417774760856 7.443122127036843 1.6304529068324487 3.03551738647094 5.096873667071246 False
4487 9295.82146244823 2758.1243403987855 214.76327067245666 52.82703356164555 9291 9299 2753 2761 56.0 2.122931653924202 2.00654652938113 55.41769731645648 0.3265579892133113 -0.19565133579439822 0.3793071881527582 0.0 1.6947417921627217 2.0964801 5.810064311150594 5.125348541274505 1.965528019251022 0.562256683555365 4.222008245644752 1.804888262764321 8.211776328270462 2.8693762709894597 4.055277630086832 5.688238492065479 False
4488 2383.8769441186396 2755.5534302074034 214.8249550005389 52.87096504774722 2373 2392 2740 2768 345.0 4.943332425612055 3.052528429263576 -73.50516581367994 0.7865675999885609 -0.41140379748757766 1.3030034843233436 0.0 101.68254887321339 5.5721073 117.04162399673196 8.366868699793615 1.6281952874461851 0.5518374685673344 10.479356408358663 133.97613092556747 13.388205218642028 2.9833358040934277 5.058313186133687 7.861510341863005 False
4489 2371.749806518422 2778.0454396519963 214.82482646477337 52.87116335238113 2357 2387 2756 2798 694.0 10.725600942010667 3.9697310794927723 -62.67997662095149 0.9289850061179109 -0.3019348882525737 0.9064569516860882 0.0 118.30754137922484 7.8512406 187.71433025690234 18.478369582818868 2.1403396886746315 0.46261341325148386 14.86294254216004 165.26095264189306 29.721154040241885 6.482691827300743 14.552074787638643 28.162070378512013 False
4490 9552.0 2751.0 214.7610628488217 52.8253658356019 9552 9554 2750 2753 11.0 0.28867513459481287 0.28867513459481287 0.0 0.0 -0.2653569925781099 0.02395759483571602 0.0 -1.411394948662818 0.88294774 -0.15545302797464466 0.47269013542938737 1.4 -0.41358694400690965 1.8712051592547776 -0.652423848570295 0.762402821630645 0.7426116550649022 0.8575028497680476 0.953290558257379 False
4491 9555.165516282847 2756.078813986381 214.76098118174986 52.825373047414146 9553 9557 2753 2758 24.0 1.247612480882493 1.1098905583927328 -56.865835158232514 0.4567178212088538 -0.26617805659073956 0.26003515232354185 0.0 2.091797182341245 1.3606468 0.9969211113835963 2.0059155247409852 1.4 0.31006955005441467 2.763953195770684 0.5464131862407942 3.1888240127955503 0.6005312022677975 0.981815729088691 1.2528369837552842 False
4492 3248.25062497667 2759.908395725996 214.8171917642434 52.86549468077715 3241 3258 2754 2767 160.0 4.831440117547976 2.8135934808869716 11.409963146322434 0.8129375339209993 -0.3513581097046532 0.38546529795602064 0.0 3.471006109825657 3.5074363 25.38025598592044 21.075475242449883 4.628718593626239 0.5079799724783398 7.136496464611085 49.008511352622065 33.62920447689981 12.102270885257685 17.107113252574514 21.550837038900376 False
4493 3236.803909176775 2763.0676885148728 214.81726068731396 52.86558446394882 3233 3241 2758 2769 89.0 3.468641528538699 1.8656180311603394 70.71811669456095 0.8430388656620399 -0.3358269234332395 0.5310359773847578 0.0 12.579281450818915 2.5954573 25.28154891161372 7.187474825689585 2.3070668949493873 0.4056514654132876 5.322553886092406 45.88075360259721 11.489125668644128 3.473173677626427 5.7342031257529325 11.972003151724657 False
4494 8442.865602880804 2845.7059468102307 214.76995067764972 52.83292991740184 8319 8557 2758 2925 26881.0 45.7880529608563 30.212102707226038 -15.41915185094619 0.7514192906002101 -0.5930654024960214 13.38458226908897 0.0 2106.712889372977 47.86216 4264.448235507459 119.69638640349108 2.4812068423467166 0.6717181122122251 92.5012867505446 5564.247433292458 188.5574757353769 14.120813971633746 106.18957893441059 186.01568815992673 False
4495 8337.501899135756 2816.82544547344 214.77119387764034 52.833444468892814 8322 8352 2804 2832 444.0 7.5979156229599445 4.908336857814772 -51.17115867197988 0.7633281233366483 -0.35457033235600405 0.42829857223633017 0.0 4.0996649341800335 5.9441667 -8.476642479857667 10.65493408442161 1.4 0.7185935567828238 11.888212206450685 -10.065757546534122 17.07962581020123 21.823496701480718 22.20081440438252 26.52360058967063 False
4496 8359.505352201388 2816.03564220165 214.77100605705073 52.833300282370594 8346 8367 2804 2825 254.0 6.448984437467456 2.93813829547842 42.34175051890493 0.8901861190671823 -0.3032889436008374 0.5027289817565382 0.0 7.951565220497155 4.4937577 3.9351587421494623 5.4563962156912735 1.4 0.5805429865632884 8.991702346646203 -2.1438852604095473 8.573728305347208 1.7968158954343807 4.330760309836925 4.909143092138013 False
4497 8335.43623941115 2877.562014783732 214.77057292401446 52.83378467995136 8325 8346 2867 2890 325.0 6.829162449598617 4.043061768694751 -34.49542963023051 0.8059167082844231 -0.4564600515726502 0.6731505788033089 0.0 43.46384185557365 5.129027 498.7939969270124 22.354666731201267 3.805708772858635 0.45246226927554156 10.171072362820547 1202.166440872374 35.34298029078893 19.224297452667336 31.808146842715466 45.204433497054445 False
4498 1367.2392385264993 2768.5761705697755 214.83389721718552 52.87749621346831 1364 1370 2766 2773 37.0 1.8394555542033455 1.0294335404009773 -39.609563903071134 0.8287355938973594 -0.2591680977446716 0.32200161253875015 0.0 0.4425230086940732 1.6310104 2.290060653306835 2.5142617310807642 1.541853430839198 0.5864710954419435 3.431831258788849 2.587160182673315 4.079605647213668 0.94708174505685 7.024774035010253 nan False
4499 1373.1052810837946 2773.6529340600073 214.83379136443858 52.877486302621655 1368 1375 2769 2776 43.0 2.0921971875856316 1.3594780473376393 20.416221114837057 0.7601181759998391 -0.3268226733180464 0.4351038344047663 0.0 -0.6185941799035959 1.8786589 8.960377017840818 8.105736512432557 3.968935619618626 -0.49665795105922295 3.6996385101659595 5.317350178457286 12.84239436472219 3.635874256654308 6.362891479487053 7.680111928337582 False
4500 6039.905256761674 2803.1439705112684 214.79182522037846 52.84798080056349 6014 6077 2776 2827 1841.0 4.589620102060594 4.0082172280532715 -3.415964706101289 0.48714299302465086 -0.37354284347132394 227.9427302900413 0.0 6662.589743390174 12.590274 6401.53635775906 8.144472264261143 1.4 0.8901472230051306 24.207612448656697 6686.404951606995 12.50079271058502 1.7149166628366226 2.8768633665805297 5.102357248376269 False
4501 6022.242208922832 2785.040652656134 214.79217335972928 52.847995580467554 6013 6028 2782 2788 74.0 4.609767281595168 1.4552748733909537 12.432748483006533 0.9488611253327355 -0.16748190367471388 0.5649637650293341 0.0 8.956018431137425 2.4356134 63.55032990555931 10.365321949501018 3.1576050958554234 0.4573100898114733 4.853342309955121 179.5457824943794 16.697915893092723 5.344125110991103 8.641054742568032 16.73078818297095 False
4502 6068.857444741438 2814.0460312119712 214.79145219795808 52.84785544956672 6063 6079 2809 2821 124.0 3.87455220196892 3.2045407537177697 27.883158011358837 0.5620932923183383 -0.3583038606450098 0.471515280136601 0.0 -2.5405572884997105 3.1456125 82.12683630221687 16.626588555048436 3.7386051562362637 -0.14459055569917426 6.282549314314218 291.2161547646498 26.743886440567355 11.025046931516487 19.6426431686337 27.162008590789462 False
4503 6020.386091438702 2815.133051517442 214.79187311033857 52.84816948941478 6010 6026 2809 2821 153.0 3.8280477995532136 2.7977827238034974 -32.67022200453964 0.6825230120482263 -0.16544103582819564 0.7208020283729621 0.0 32.31186227661042 3.5624697 150.60645504792947 13.131184311159924 3.168154748073355 0.40502036246181244 6.978639737521917 246.24607056518096 21.00576582845239 6.107413192576505 11.581521137403513 17.105263553009575 False
4504 6073.9044600781735 2784.1230567082825 214.79172220112983 52.84766216644045 6071 6076 2782 2786 12.0 2.2469866272181975 0.3623578161053893 -36.801880653081945 0.9869113212873452 -0.005601122507528763 0.22011789609150417 0.0 1.3830697665406264 0.98705274 14.233529651802055 4.483454693457205 3.9271471361191024 0.38260830846132216 1.9544100476116797 29.885717252176704 6.993763121072865 3.7112808874677863 5.643337081907328 8.041503924164465 False
4505 6070.0 2786.0 214.7917372681205 52.84769710227952 6069 6070 2786 2787 3.0 0.28867513459481287 0.28867513459481287 0.0 0.0 -0.14983894736302297 0.18870399468172158 0.0 -0.08462943708653269 0.4741201 0.9736384719822904 1.0645686285004279 2.9979117908341393 0.4592379278023499 0.9772050238058398 1.808760944897478 1.730005611071027 0.6012550953356577 1.261958798743014 1.82022880855329 False
4506 8797.010617472824 2810.3781590665994 214.76716603287755 52.83048738949309 8783 8809 2789 2835 792.0 7.556735860297388 3.518344499085733 71.29643731404214 0.8850002697719576 -0.5005266698843249 4.445347625638389 0.0 344.9092855547736 8.798048 355.2410733882293 10.335486103153704 1.44519362068941 0.6502564192722574 15.877702285203682 375.4578439792183 16.460693807633472 2.7095624859430347 5.554129716525288 10.329543436163261 False
4507 8779.165621499733 2849.8479963439268 214.76690959458438 52.83081341881189 8764 8794 2830 2870 791.0 7.178975189980875 4.088624621258866 -70.30703618976754 0.8219721985871868 -0.37445437377376967 4.627238873458707 0.0 488.27406253287415 8.786565 555.3389324123923 12.66657718305714 1.6966919175866428 0.5887016620612543 15.867675317177952 616.7800209559429 20.225595321758604 3.2577870327287686 6.670236482791952 13.02139518256303 False
4508 3358.5978119860038 2839.1548205818 214.81537231328485 52.865220359949255 3350 3367 2824 2853 386.0 4.916799041699396 2.900105200698242 81.82314476959577 0.8075230424202386 -0.3308941013003099 1.938881499137612 0.0 78.9217192909289 5.5137777 83.27231246745174 6.52832784227843 1.4 0.647560440902244 11.084566571000565 87.69419400264451 10.428502276389391 1.8654259516575686 3.6729987036626173 7.446987748350197 False
4509 3364.8472657670272 2853.076400900414 214.81516994455376 52.86525566068915 3360 3369 2848 2856 63.0 1.981831072657812 1.7980184647857045 31.39144700235456 0.4205893498053914 -0.17615499375000981 0.795253106622448 0.0 17.78333404180635 2.17493 25.947309148802496 3.4127006014792634 1.4676075017463899 0.3983040672886192 4.478115991081385 25.712863232063956 5.468949911714822 1.7501996920873806 3.137592264035279 4.938902845608344 False
4510 7186.710548819937 2853.26663578692 214.78106995022247 52.84095887358093 7165 7208 2826 2874 1500.0 11.080322713702738 9.878334016600249 78.04764340242255 0.45298049795478385 -0.3508574669199508 0.8730998199848445 0.0 239.7524650354656 11.181833 417.1090354080049 28.8186492169146 2.182245369022404 0.4541510363945227 21.850968611841584 611.6409687212482 45.95185057968527 11.798504657711788 19.561656170860957 32.59913759156858 False
