outputs/dr0.5_c0.1/nircam3_matched_f277w_f160w_dr0.5_c0.1.ecsv
# %ECSV 1.0
# ---
# datatype:
# - {name: label, datatype: int64}
# - {name: xcentroid, datatype: float64}
# - {name: ycentroid, datatype: float64}
# - {name: sky_centroid.ra, unit: deg, datatype: float64}
# - {name: sky_centroid.dec, unit: deg, datatype: float64}
# - {name: bbox_xmin, datatype: int64}
# - {name: bbox_xmax, datatype: int64}
# - {name: bbox_ymin, datatype: int64}
# - {name: bbox_ymax, datatype: int64}
# - {name: area, unit: pix2, datatype: float64}
# - {name: semimajor_sigma, unit: pix, datatype: float64}
# - {name: semiminor_sigma, unit: pix, datatype: float64}
# - {name: orientation, unit: deg, datatype: float64}
# - {name: eccentricity, datatype: float64}
# - {name: min_value, datatype: float64}
# - {name: max_value, datatype: float64}
# - {name: local_background, datatype: float64}
# - {name: segment_flux, datatype: float64}
# - {name: segment_fluxerr, datatype: float32}
# - {name: kron_flux, datatype: float64}
# - {name: kron_fluxerr, datatype: float64}
# - {name: kron_radius, unit: pix, datatype: float64}
# - {name: gini, datatype: float64}
# - {name: equivalent_radius, unit: pix, datatype: float64}
# - {name: kron4_2_flux, datatype: float64}
# - {name: kron4_2_fluxerr, datatype: float64}
# - {name: kron4_2_mag, datatype: float64}
# meta:
#   PHOTMJSR: 2.251199960708618
#   PIXAR_SR: 2.11539874851881e-14
#   __serialized_columns__:
#     area:
#       __class__: astropy.units.quantity.Quantity
#       unit: !astropy.units.Unit {unit: pix2}
#       value: !astropy.table.SerializedColumn {name: area}
#     eccentricity:
#       __class__: astropy.units.quantity.Quantity
#       unit: !astropy.units.Unit {unit: ''}
#       value: !astropy.table.SerializedColumn {name: eccentricity}
#     equivalent_radius:
#       __class__: astropy.units.quantity.Quantity
#       unit: !astropy.units.Unit {unit: pix}
#       value: !astropy.table.SerializedColumn {name: equivalent_radius}
#     kron_radius:
#       __class__: astropy.units.quantity.Quantity
#       unit: !astropy.units.Unit {unit: pix}
#       value: !astropy.table.SerializedColumn {name: kron_radius}
#     orientation:
#       __class__: astropy.units.quantity.Quantity
#       unit: &id001 !astropy.units.Unit {unit: deg}
#       value: !astropy.table.SerializedColumn {name: orientation}
#     semimajor_sigma:
#       __class__: astropy.units.quantity.Quantity
#       unit: !astropy.units.Unit {unit: pix}
#       value: !astropy.table.SerializedColumn {name: semimajor_sigma}
#     semiminor_sigma:
#       __class__: astropy.units.quantity.Quantity
#       unit: !astropy.units.Unit {unit: pix}
#       value: !astropy.table.SerializedColumn {name: semiminor_sigma}
#     sky_centroid:
#       __class__: astropy.coordinates.sky_coordinate.SkyCoord
#       dec: !astropy.table.SerializedColumn
#         __class__: astropy.coordinates.angles.Latitude
#         unit: *id001
#         value: !astropy.table.SerializedColumn {name: sky_centroid.dec}
#       frame: icrs
#       ra: !astropy.table.SerializedColumn
#         __class__: astropy.coordinates.angles.Longitude
#         unit: *id001
#         value: !astropy.table.SerializedColumn {name: sky_centroid.ra}
#         wrap_angle: !astropy.coordinates.Angle
#           unit: *id001
#           value: 360.0
#       representation_type: spherical
#   astropy version: '5.1'
#   kernelfile: kernel_f277w_f160w.fits
#   make_catalog parameters:
#     ab_zpt: 31.4
#     coadd_bands: !!python/tuple [f277w, f356w]
#     deblend_contrast: 0.001
#     deblend_nlevels: 32
#     deblend_npixels: 1
#     detect_kernel_fwhm: 4.0
#     detect_kernel_npix: 7
#     detect_npixels: 4
#     detect_threshold_nsigma: 3.0
#     flag_isolated_buffer: 4
#     hst_bands: !!python/tuple [f606w, f814w, f125w, f140w, f160w]
#     jwst_bands: !!python/tuple [f115w, f150w, f200w, f277w, f356w, f410m, f444w]
#     near_border_kernelsize: 21
#     reference_band: f200w
#   make_catalog version: 1.4.0
#   photutils version: 1.5.0
# schema: astropy-2.0
label xcentroid ycentroid sky_centroid.ra sky_centroid.dec bbox_xmin bbox_xmax bbox_ymin bbox_ymax area semimajor_sigma semiminor_sigma orientation eccentricity min_value max_value local_background segment_flux segment_fluxerr kron_flux kron_fluxerr kron_radius gini equivalent_radius kron4_2_flux kron4_2_fluxerr kron4_2_mag
[from data line 1613]
1614 3001.5950427933576 2176.2203107450105 214.82553896990595 52.86391654398578 3001 3002 2175 2177 5.0 0.7694178560940766 0.44954514220995045 -71.59329977673168 0.8115618024423956 0.2719020198814708 0.2938044500732801 0.0 1.4259826960069009 1.0642897 24.255196215114992 4.967950254434754 3.9801085018347933 0.01837477454862026 1.2615662610100802 51.53152699352476 8.091646877061486 27.119817470596967
1615 8083.71846121506 2179.845876490418 214.78016104538753 52.83162785766351 8081 8087 2176 2183 39.0 2.1532168405443435 1.4142737161010348 56.77904698816934 0.7540482815657479 0.24644462053947502 0.3029529304864339 0.0 10.744073497434677 3.8119023 140.9918447663901 17.230948299279643 3.7885984640775225 0.03274284755564613 3.523362819972964 258.8734438237599 27.62565673667298 25.367281246955883
1616 9223.216369677795 2187.484238110413 214.76992397126895 52.8244225716215 9214 9232 2176 2200 358.0 5.068067307370111 4.08618844723601 86.45852947684102 0.5915590485587079 0.22239596697457395 1.723003126222043 0.0 268.72677650336084 11.096072 343.9146845359851 20.563978095619653 1.7161235752757293 0.2756941329914904 10.674967880691588 347.76919903630875 33.06406092188618 25.046772212251604
1617 7249.081328478711 2185.1006896573845 214.78754725366656 52.83696332869963 7244 7253 2177 2192 120.0 3.827222939355588 2.1914389356287365 -73.36659131978625 0.8198401632990969 0.2262217575605408 0.5588069485151238 0.0 45.91269246502908 6.476437 114.682748993508 20.19591025275692 2.684832321050886 0.134204797643937 6.180387232371033 146.93567990372532 32.344672441964725 25.982181832788147
1618 8717.434807390084 2178.6674816394516 214.77452452826955 52.82759162048575 8716 8719 2178 2180 9.0 1.050741820905641 0.6589456635506854 -6.052889648978927 0.7789192450921523 0.1696930239598181 0.19221667268283768 0.0 1.6320678847605725 1.8700888 17.718516111943856 8.287462870317112 3.7176803048285176 0.027645500417656184 1.692568750643269 26.550862416824955 13.059296727259536 27.839803419339027
1619 6530.739497433532 2187.257333766176 214.7939306520794 52.84154226165915 6525 6537 2180 2195 157.0 3.3718133309658356 2.848058232804493 87.11428854220628 0.5352926950371746 0.2283418779407127 1.0706100975053863 0.0 83.26040361469069 7.384042 132.64981834772647 16.479139016088396 2.0545308648917313 0.23603316862583965 7.069275219628611 129.71807389454585 26.380811712114127 26.117498771320136
1620 8220.991532781352 2184.190053599448 214.77889158699648 52.830778338753284 8218 8224 2180 2188 44.0 2.105216352882002 1.6094283376655065 74.1754533293011 0.6446291153134538 0.24132633448316315 0.3398890192530228 0.0 12.710926041843626 3.8616085 61.82662813290183 15.776818724343904 3.241478109900172 0.05909782061072568 3.742410318509555 60.865454106819385 25.790325034541628 26.939072833593823
1621 2812.5588099661386 2184.4345481988926 214.8271402679218 52.86516223231362 2807 2817 2181 2188 51.0 3.078112135328018 1.3721504611053 -31.867554532421025 0.8951442309582213 0.19080953048275998 0.27824050322437655 0.0 11.836754123332437 4.4668074 60.86060021686128 18.255474938800003 3.2232772300947756 0.05470579498299019 4.029119531035698 68.20945774508635 29.416267584441606 26.815388507577087
1622 7954.97895106652 2184.416306761908 214.78126064664323 52.83247111404932 7950 7959 2181 2188 62.0 2.432341757705818 1.801125360248631 25.04952550982197 0.6720671002360508 0.2318644558198503 0.4843836866642043 0.0 21.522334064361033 4.566005 67.29553484564985 15.832180883080706 2.8980406930788996 0.1169754920986941 4.442433223290478 102.0234177270977 25.266122574084026 26.378250329850804
1623 3115.2483351522956 2185.083773476712 214.82443097394486 52.863241986072254 3112 3118 2182 2188 38.0 1.771795701713045 1.5723231795585006 55.228172474689494 0.4609658470159617 0.21421211952920782 0.3342857797519445 0.0 10.1801962943062 3.5321608 53.20583816524572 14.161354596506234 3.295113447019111 0.07584443665953937 3.477898169151024 91.43696176077653 22.719207891463718 26.49719553244103
1624 8601.045159523155 2192.2351932771535 214.77541914127352 52.82840484794156 8589 8613 2185 2200 253.0 5.885558760588875 2.800160930399342 -27.68608343296374 0.879570772531373 0.26689571533157336 1.008715501809298 0.0 143.5683178835332 9.603344 263.3323491040985 24.704068537479795 2.313524601340633 0.19209004576973088 8.97398468933946 278.95447903475014 39.83284752197489 25.2861666523623
1625 1534.414806507841 2196.0538134587387 214.83843204937628 52.87334744875355 1524 1545 2187 2206 324.0 4.558251587763498 3.583330594435011 -28.15118401255204 0.6180744979542997 0.23047577580695253 3.2283591496614843 0.0 323.5645757502013 10.867164 409.12485037600527 20.27433664947083 1.8705185764908923 0.3709556398504614 10.155412503859614 446.4625977399415 33.02110488136134 24.775537295329045
1626 10039.508137676878 2196.460430200462 214.76255573780844 52.81927931450712 10035 10044 2187 2205 144.0 4.191855183554779 2.263677778247945 -82.94261021695857 0.8416533872205232 0.23024351559040754 0.7504403667332912 0.0 63.84005577383759 6.9602075 132.42499631905324 19.963207231722386 2.493823470616107 0.17752990032875754 6.770275002573076 166.13932040917044 32.062694260603955 25.84881892585835
1627 10200.738094006532 2193.080090482354 214.7611548416684 52.81823564304699 10196 10205 2189 2197 74.0 2.32307979902907 2.155252451493295 1.887064347981558 0.37318604268343725 0.25477131443406914 0.6573549000853341 0.0 31.657894297102366 5.012056 65.01193995318184 14.168447590525222 2.434778382735556 0.15254520573525263 4.853342309955121 64.90306076576317 22.81039882688695 26.869337054519214
1628 7665.714254480202 2191.9543138154145 214.78376024362768 52.83435107761815 7663 7668 2190 2194 23.0 1.4628010140996046 1.1939793654792306 9.31938643953335 0.5777297008411195 0.2174279181581202 0.27609511631777695 0.0 5.629954921400739 2.7713196 27.45974200025625 11.082502869003433 3.2653341119312844 0.045283525697987985 2.7057581899030048 23.28382705572391 17.76108968437446 27.982364087913833
1629 6642.144724201965 2193.2467346049043 214.79287401959226 52.84086621988227 6641 6644 2191 2195 14.0 1.1966545896401692 0.9043941719440308 -87.11773556368199 0.6548385758803528 0.1396764148322142 0.17500037386713996 0.0 2.2288216200587048 2.1941574 15.551773054897392 9.533652068212996 3.4849636109521125 0.03831115239642643 2.111004122822376 14.54130010561588 15.08242929270079 28.493491906069856
1630 9869.599103722388 2201.3058035967642 214.76401861395416 52.820386058138446 9865 9874 2196 2207 98.0 2.969426789974309 2.4403261900250492 57.61732554606399 0.5697511651723718 0.2521400766055365 0.45098313956639086 0.0 33.830470651092 5.7626133 122.90663116828759 21.191133658913753 3.001913001046044 0.08948013945343422 5.585191925620057 164.69682846599397 33.84755070311877 25.858286909680043
1631 7235.030339443023 2201.299035459065 214.7875020478431 52.83713992420831 7230 7240 2197 2205 61.0 2.7127000503767627 1.6643500097812027 33.7285587473839 0.7896636365935528 0.23933016254403452 0.39882504593931933 0.0 19.378585265187933 4.7154894 74.63673732549742 16.97798897040328 3.0463711287132997 0.08055773325630505 4.406461512053774 101.85533804486175 27.201904399486928 26.38004051379557
1632 7416.716081100578 2217.4906397969903 214.78571157442784 52.83607190163093 7394 7439 2197 2237 1159.0 5.2705766004575665 5.100344717755538 -13.476576774925253 0.2520989235531891 0.24959754593127517 45.786225281322416 0.0 5029.107743555499 19.979362 4985.481959803437 18.85771511677734 1.4 0.7134643168765046 19.207320429643833 5276.411821015918 30.550120156584306 22.094153288398463
1633 9260.992541372701 2199.8722505249993 214.76945693823237 52.82424903578425 9258 9264 2197 2204 44.0 1.8416488840499805 1.6439233219116982 -51.57551124962484 0.4507768632775123 0.6275887305314444 1.6606303756213765 0.0 50.87380856580944 3.8039033 114.31089717160609 11.754735038652877 2.566094041465471 0.14411324694382036 3.742410318509555 116.99206245206858 19.07875875596442 26.22960900696378
1634 2150.9436363549567 2208.6203675567717 214.83279348026616 52.869497294767086 2135 2167 2198 2221 542.0 6.592435338078836 4.074118452056948 -7.177285188753093 0.7861788822886634 0.21119495208525227 3.126596777871119 0.0 553.9959684256628 14.103561 634.9893592171816 22.82585807781854 1.6414985789308678 0.390205375807872 13.134837582232015 666.1393893909619 36.64024170562375 24.34108721345068
1635 5992.596217086638 2199.3377118379844 214.79860348093914 52.8450287086405 5992 5994 2198 2201 9.0 1.0530196049474805 0.6452146415324118 -86.04452471170104 0.790293834981421 0.25596850020796336 0.41631095339061297 0.0 3.0198106168683188 2.0712938 25.518956036186836 8.717611838030072 3.6001740931637136 0.10036582511929487 1.692568750643269 40.654894206717714 13.706012261384943 27.377217911827564
1636 10081.210689065389 2220.9914768570798 214.76192600821915 52.81914615915776 10067 10095 2198 2243 600.0 11.242017456181252 3.4350438261005944 -62.55677364566866 0.952174737125308 0.27328257190384503 1.0720173832700695 0.0 348.36436928061084 14.270988 563.9923468103618 33.71445513452258 2.063399362240134 0.2024102767516163 13.81976597885342 589.3034091480669 53.97732200489728 24.474152616208713
1637 194.2613313769847 2207.2000726655615 214.8502871439041 52.881923029863465 186 202 2201 2213 165.0 4.055716434348884 2.721474144930046 26.38025618243562 0.7414376190733544 0.19251712714781044 0.5855094562199951 0.0 61.689812260777146 7.751884 113.24593286947268 20.23876667104382 2.2715256342304033 0.1642948267759846 7.247146419131151 120.98677913532404 32.31160591374454 26.193155211859263
1638 8391.81139992592 2204.9632990207956 214.77715022293822 52.829803959768654 8386 8399 2201 2209 72.0 3.5135042665459237 1.5244590842545804 27.457434299460694 0.9009679474225692 0.24116858688117201 0.4333928829602727 0.0 24.774909835664758 4.923062 92.49869482015606 18.21721973436567 3.0519901388433177 0.08165899500286902 4.787307364817192 99.37956275502125 29.507489985415454 26.406757295930813
1639 3309.1381312371764 2202.8656317785976 214.82251282544146 52.86210552458601 3308 3310 2202 2204 8.0 0.8561460240958231 0.6851481539179399 44.81077295215369 0.5996395580188567 0.15162758955759942 0.16453557580223502 0.0 1.2656913226195208 1.9566205 13.47106371546284 7.477017863680233 3.7386445818979457 0.020811483581694025 1.5957691216057308 22.03155425037987 11.772967917467092 28.04238715946609
1640 3838.8304811866906 2205.6225622258294 214.81775547579377 52.858753694533895 3835 3842 2202 2210 54.0 2.318659031728532 1.7414366481410541 -47.07590687291314 0.6602415132594416 0.17021005907016237 0.2788693762777001 0.0 12.31846965171218 4.5398917 48.31905605864493 15.617886746946825 3.0323575349474363 0.07489164001174804 4.145929793656026 78.75658209480751 24.848758901763667 26.659282849465004
1641 7008.339773165978 2211.467373178915 214.7894164826082 52.838636066084 7001 7016 2204 2219 187.0 3.722378134579228 3.0812192378870176 41.352687376171374 0.5610888653745114 0.27175743611679465 1.1159470143630534 0.0 107.22891118908628 7.185566 167.51491225726272 16.719022278559017 2.087266839837914 0.2320819172159722 7.715176518808164 178.32840861535124 26.779143246455224 25.77194866502706
1642 2835.459977095809 2208.0510263929446 214.82668717016688 52.865143980454754 2833 2838 2206 2210 27.0 1.525975164743617 1.292755687594318 -8.787296862621375 0.5313268312181573 0.13339508797524977 0.23136055375561748 0.0 5.151421844650432 3.3588622 19.01881376389499 11.674578872398149 3.0184419512457703 0.07544988966898271 2.9316150714175193 18.063209138994367 18.571382045892015 28.258012724266543
1643 10162.897670036176 2216.642256825307 214.76124399562454 52.81860318641526 10155 10171 2207 2225 250.0 4.614877402871486 3.2603061039517742 54.139641694542384 0.7077357075685192 0.28521372573919807 1.4721443694427472 0.0 173.00843945437072 9.18824 261.6825132511775 20.485706349125696 2.029659898461131 0.24857729862429254 8.920620580763856 276.59783966712166 33.05176332778045 25.295378040540665
1644 9190.542641538901 2214.200331940857 214.76993397247634 52.82477423391109 9188 9193 2213 2216 18.0 1.4285607329000052 0.9750033213164492 -14.719432691522254 0.7308786502532677 0.16876696143480838 0.23960513088763713 0.0 3.836154774914763 2.4524875 21.209567566854894 10.082370206056858 3.3018082518616128 0.060528159335095165 2.393653682408596 25.229462108063803 16.253116237588657 27.895230021346762
1645 3806.0340425622994 2226.2939640074896 214.81783060155627 52.85907355610793 3798 3813 2215 2237 268.0 4.943277227856647 3.3668617105175116 -70.56847836430845 0.7321912353162858 0.20694191738629067 1.007215895688762 0.0 131.25238052781347 9.500667 226.12338226596867 23.51362421715204 2.2364516651941426 0.23212233013358274 9.23618154310838 280.6742292182178 37.46809299889412 25.279493653327705
1646 10275.714125404744 2217.480612297569 214.76023006878935 52.81789014458882 10274 10277 2216 2219 14.0 1.0434729810168297 1.0169137926847662 89.81044807665056 0.22418191141821614 0.24923542253310849 0.28717717679711496 0.0 3.759226497396971 2.1774733 25.899151528706614 9.359904396397877 3.4734680112757035 0.026503787899141214 2.111004122822376 30.10217080206526 15.016412279889664 27.703505460902115
1647 3514.9975515839205 2218.3026795518376 214.82051261255017 52.86088031702611 3512 3518 2217 2220 20.0 1.533092806395821 0.994878504954316 0.10272225117369295 0.7608433367033567 0.17024748549306598 0.2243639853168141 0.0 3.9879223269028827 2.7119265 21.854367108528777 10.598516339991551 3.3496968060215737 0.04339220391304941 2.5231325220201604 21.7115619827281 17.106147906201375 28.058272328043174
1648 1682.1040859102652 2224.5873445364664 214.83681252960082 52.87256276482985 1677 1687 2219 2230 99.0 3.0439619024659006 2.4098444187591985 54.36132420246417 0.6109357039720431 0.2251544878078107 0.3502038297651489 0.0 28.351807613486347 5.9385858 92.42398600341426 20.67892592460094 2.89522885464268 0.07392781082125018 5.613615477764332 98.13078210623753 33.44029559656777 26.420486849493155
1649 3771.8312322377597 2226.8853851865438 214.81812966916675 52.85929413971055 3768 3776 2223 2231 64.0 2.1781140948181954 2.052751421421477 -47.2332399701158 0.3343629186829718 0.17909886013275808 0.37570129821286 0.0 16.887354111471737 4.565883 44.06534574601106 14.7882607523649 2.725828142195083 0.12495043275475459 4.51351666838205 49.32519413322349 23.529795815919822 27.167327991959738
1650 9122.554744175632 2231.041062959766 214.77036263130597 52.8252973034625 9107 9137 2223 2239 303.0 6.413716345938641 2.849103738436168 -26.51225710872905 0.8959175311837453 0.20630248259662617 1.3211822198901861 0.0 186.32346720955456 10.168889 277.32269915176494 22.02553274638088 1.981499209444815 0.256376019322643 9.82078894558317 288.01850884629476 35.30281633200617 25.251449006022707
1651 9886.482650087612 2227.3880167545885 214.7635936764226 52.82041911597876 9882 9891 2224 2231 63.0 2.320057232301483 1.9682704235389499 -0.12204812530581319 0.52940136552871 0.2488562794313548 0.4705321623521874 0.0 22.436580420779016 4.685818 71.52664467553635 16.031884915660545 2.888251361686853 0.10346754774137751 4.478115991081385 98.4591907033039 25.737598657888874 26.416859345705685
1652 1454.1053686992784 2228.1126507441913 214.83881185057064 52.87403061142055 1450 1458 2225 2231 47.0 2.3929259725222285 1.4589780387318099 25.622875063051485 0.7926287070216793 0.1494058553051328 0.24345942256834374 0.0 9.544297180923797 4.339056 37.604829541015356 15.80584592002016 3.0961856362931903 0.06595436049109618 3.8678889139475245 36.19758489376717 25.00965375489299 27.5033010116712
