outputs/dr0.5_c0.1/nircam1_f200w_dr0.5_c0.1.ecsv
# %ECSV 1.0
# ---
# datatype:
# - {name: label, datatype: int64}
# - {name: xcentroid, datatype: float64}
# - {name: ycentroid, datatype: float64}
# - {name: sky_centroid.ra, unit: deg, datatype: float64}
# - {name: sky_centroid.dec, unit: deg, datatype: float64}
# - {name: bbox_xmin, datatype: int64}
# - {name: bbox_xmax, datatype: int64}
# - {name: bbox_ymin, datatype: int64}
# - {name: bbox_ymax, datatype: int64}
# - {name: area, unit: pix2, datatype: float64}
# - {name: semimajor_sigma, unit: pix, datatype: float64}
# - {name: semiminor_sigma, unit: pix, datatype: float64}
# - {name: orientation, unit: deg, datatype: float64}
# - {name: eccentricity, datatype: float64}
# - {name: min_value, datatype: float64}
# - {name: max_value, datatype: float64}
# - {name: local_background, datatype: float64}
# - {name: segment_flux, datatype: float64}
# - {name: segment_fluxerr, datatype: float32}
# - {name: kron_flux, datatype: float64}
# - {name: kron_fluxerr, datatype: float64}
# - {name: kron_radius, unit: pix, datatype: float64}
# - {name: gini, datatype: float64}
# - {name: equivalent_radius, unit: pix, datatype: float64}
# - {name: kron4_2_flux, datatype: float64}
# - {name: kron4_2_fluxerr, datatype: float64}
# - {name: radius_kron20, unit: pix, datatype: float64}
# - {name: radius_kron50, unit: pix, datatype: float64}
# - {name: radius_kron80, unit: pix, datatype: float64}
# - {name: near_border, datatype: bool}
# meta:
#   PHOTMJSR: 1.891700029373169
#   PIXAR_SR: 2.11539874851881e-14
#   __serialized_columns__:
#     area:
#       __class__: astropy.units.quantity.Quantity
#       unit: !astropy.units.Unit {unit: pix2}
#       value: !astropy.table.SerializedColumn {name: area}
#     eccentricity:
#       __class__: astropy.units.quantity.Quantity
#       unit: !astropy.units.Unit {unit: ''}
#       value: !astropy.table.SerializedColumn {name: eccentricity}
#     equivalent_radius:
#       __class__: astropy.units.quantity.Quantity
#       unit: !astropy.units.Unit {unit: pix}
#       value: !astropy.table.SerializedColumn {name: equivalent_radius}
#     kron_radius:
#       __class__: astropy.units.quantity.Quantity
#       unit: &id001 !astropy.units.Unit {unit: pix}
#       value: !astropy.table.SerializedColumn {name: kron_radius}
#     orientation:
#       __class__: astropy.units.quantity.Quantity
#       unit: &id002 !astropy.units.Unit {unit: deg}
#       value: !astropy.table.SerializedColumn {name: orientation}
#     radius_kron20:
#       __class__: astropy.units.quantity.Quantity
#       unit: *id001
#       value: !astropy.table.SerializedColumn {name: radius_kron20}
#     radius_kron50:
#       __class__: astropy.units.quantity.Quantity
#       unit: *id001
#       value: !astropy.table.SerializedColumn {name: radius_kron50}
#     radius_kron80:
#       __class__: astropy.units.quantity.Quantity
#       unit: *id001
#       value: !astropy.table.SerializedColumn {name: radius_kron80}
#     semimajor_sigma:
#       __class__: astropy.units.quantity.Quantity
#       unit: !astropy.units.Unit {unit: pix}
#       value: !astropy.table.SerializedColumn {name: semimajor_sigma}
#     semiminor_sigma:
#       __class__: astropy.units.quantity.Quantity
#       unit: !astropy.units.Unit {unit: pix}
#       value: !astropy.table.SerializedColumn {name: semiminor_sigma}
#     sky_centroid:
#       __class__: astropy.coordinates.sky_coordinate.SkyCoord
#       dec: !astropy.table.SerializedColumn
#         __class__: astropy.coordinates.angles.Latitude
#         unit: *id002
#         value: !astropy.table.SerializedColumn {name: sky_centroid.dec}
#       frame: icrs
#       ra: !astropy.table.SerializedColumn
#         __class__: astropy.coordinates.angles.Longitude
#         unit: *id002
#         value: !astropy.table.SerializedColumn {name: sky_centroid.ra}
#         wrap_angle: !astropy.coordinates.Angle
#           unit: *id002
#           value: 360.0
#       representation_type: spherical
#   astropy version: '5.1'
#   make_catalog parameters:
#     ab_zpt: 31.4
#     coadd_bands: !!python/tuple [f277w, f356w]
#     deblend_contrast: 0.001
#     deblend_nlevels: 32
#     deblend_npixels: 1
#     detect_kernel_fwhm: 4.0
#     detect_kernel_npix: 7
#     detect_npixels: 4
#     detect_threshold_nsigma: 3.0
#     flag_isolated_buffer: 4
#     hst_bands: !!python/tuple [f606w, f814w, f125w, f140w, f160w]
#     jwst_bands: !!python/tuple [f115w, f150w, f200w, f277w, f356w, f410m, f444w]
#     near_border_kernelsize: 21
#     reference_band: f200w
#   make_catalog version: 1.4.0
#   photutils version: 1.5.0
# schema: astropy-2.0
label xcentroid ycentroid sky_centroid.ra sky_centroid.dec bbox_xmin bbox_xmax bbox_ymin bbox_ymax area semimajor_sigma semiminor_sigma orientation eccentricity min_value max_value local_background segment_flux segment_fluxerr kron_flux kron_fluxerr kron_radius gini equivalent_radius kron4_2_flux kron4_2_fluxerr radius_kron20 radius_kron50 radius_kron80 near_border
[from data line 746]
747 8611.930266394915 1039.6478871646964 214.9680069985498 52.94924592868399 8610 8614 1037 1042 26.0 1.3231106336082739 1.0839979804868856 -67.04665192602735 0.5733937606199475 0.07308288917664639 1.2576933817686737 0.0 14.021051506875908 1.3057041 31.51896537538523 3.499639131730685 2.697433190902284 0.326660184281009 2.876813695875796 48.14731768782225 5.568513634106888 1.4722059627186284 3.345114857435687 6.1894825921789955 False
748 8762.749500417245 1038.0867327591075 214.9666711464264 52.94828057164305 8761 8764 1037 1039 8.0 0.7638489571962296 0.679876086305085 -22.018064733502847 0.45583141810956085 0.161971253810022 1.0555418049024599 0.0 5.823611837170728 0.72079754 21.60074370883189 2.4427344853275113 3.013589496761028 0.22561505140683777 1.5957691216057308 28.79315297532439 3.831266056992658 1.2847706784689739 2.4267446261086176 3.97707780453662 False
749 921.5659913313393 1045.1755968768753 215.0369821001194 52.99804937430321 918 925 1038 1051 79.0 3.3392720746433557 1.7161417673397192 -77.13951953293406 0.8578339785517783 -0.09088481890155901 1.0700401238551813 0.0 30.72032657191629 2.210101 90.69291364063159 7.7979953126531205 3.023842744166737 0.32113753661157535 5.014626706796775 102.56561800319065 12.524653103386783 3.5897280729127248 9.440590546001964 16.77718054284084 False
750 1390.7808997167772 1040.7301314094561 215.03281252168514 52.99505064899256 1388 1394 1038 1044 42.0 1.7442386481902923 1.3914712899023702 21.561783950895833 0.6029846165001759 0.026234539870415366 0.9825420562730339 0.0 19.58178544624446 1.6948833 27.630188340591527 3.585805546286085 2.0944668557820734 0.31326116800704 3.656366395715726 32.693212722477526 5.618960094357906 1.498547285958841 2.62489562671174 4.266627312102599 False
751 653.8871184606692 1041.549208956346 215.03942594366484 52.99972669688622 651 657 1039 1045 39.0 2.0083419551451653 1.1729453385864532 48.00804352616475 0.811727277722224 0.02546100258169148 0.7643173590037559 0.0 14.237944487462661 1.5882215 26.41317182619604 4.251735139016346 2.5512533006873643 0.3174841218152335 3.523362819972964 32.408882428020064 6.830075943145688 1.7918742121389493 3.5333029726538614 8.765012913320124 False
752 3598.7338778005455 1049.4749333462871 215.01288733034264 52.98109814845705 3592 3606 1040 1058 220.0 3.4173419490906727 2.2730754307221233 -87.02685865001257 0.7467018349899175 -0.062269708218033036 5.145490113051382 0.0 159.24682243587463 3.9779165 217.61137248866336 7.33411588829346 2.248378817957675 0.5867866130000456 8.368283871884005 279.0983785816436 11.639266179213998 1.9749280142264811 4.255887082752245 10.977641386173502 False
753 4067.575525174156 1049.500941518271 215.00867730523356 52.97812511291733 4059 4076 1043 1056 170.0 4.175955478727226 2.1572470679299176 -28.189207643402753 0.8562343077717641 -0.04264303367303845 1.5698637576608925 0.0 89.40288098175797 3.4494643 100.89174592759011 6.195776070254193 1.8348606003634678 0.38187322546120894 7.356132180109627 116.63134179390178 9.903331871814597 2.3293229779166538 4.427702256627833 7.0358971856879515 False
754 4090.4944212139994 1047.934936450392 215.008488023881 52.97797130209108 4085 4096 1043 1053 99.0 2.1389724467625273 1.8152435241465301 60.14804733725219 0.5289513789584285 -0.1619658205983005 1.8526326811571745 0.0 27.55818294269541 2.4876556 37.43476308429001 5.010835620919606 2.2747504959049416 0.5855712181709488 5.613615477764332 52.10583370253885 7.978338288225636 1.2492221959722662 2.7648233137898517 8.617346038952846 False
755 7094.009624589281 1047.2424609665159 214.9815404860276 52.958917061439124 7090 7098 1043 1051 66.0 2.260575361095686 2.07874674201927 -29.673176283566914 0.3929371354146684 0.2040082577680121 0.7696333818492558 0.0 29.597195174206323 1.8641148 71.9297911451193 5.771414745577452 2.6179153497531282 0.17953582337380602 4.583497844237541 106.33987743281727 9.295478370468219 2.936883547255465 5.414557514304681 10.811348791577162 False
756 1584.2183528518744 1045.0922134505913 215.0310284972498 52.993847860330256 1583 1585 1044 1046 8.0 0.8252662423033721 0.6726071614876974 -51.819342003859866 0.5794350948707215 0.596620528140829 1.056500208009182 0.0 6.881465910584431 0.7396799 21.706853471379127 2.4124898438942832 2.9542781624142647 0.10832092954365699 1.5957691216057308 20.423900570785563 3.7847950155661656 1.2332482238779487 2.2533236551580824 3.447777987437799 False
757 7074.186747137949 1050.2921183253743 214.98168619117735 52.95905929237084 7067 7081 1044 1057 154.0 3.2883898930412205 2.163383453725297 -50.907021826728204 0.7531181176041072 -0.17398902696738747 2.5256266364573245 0.0 75.01104203903584 2.979208 88.31738645961406 4.979795601173963 1.7946869655180073 0.484347242777117 7.001408606295148 95.44037238267352 7.907913675238567 1.9789399358753805 3.6771653202736707 6.619321575241174 False
758 10185.202056411263 1048.127937263737 214.95381420230441 52.93930882310206 10182 10188 1046 1051 33.0 1.5347701160284082 1.2530865498622987 13.326404790316445 0.5773944984346325 0.12531070132969493 1.1532631958529793 0.0 19.204883308229736 1.6382313 36.877835828222125 3.9303656087366434 2.533806720417489 0.2870545213428466 3.2410224072142872 44.430420503910526 6.14454149910279 1.5669773029782437 3.0891534793117885 5.949232388263633 False
759 1877.9500233908007 1053.5936297489666 215.02829989613005 52.99203154763076 1875 1881 1050 1057 42.0 1.8045487154003657 1.4498663831849088 88.6107787064059 0.5953709497863672 0.08377391933683878 1.1815460724607854 0.0 19.966240284485817 1.6974694 25.8174040717942 3.5060342963211544 1.9967734332408653 0.2921514534388045 3.656366395715726 26.0470666031136 5.531480664841306 1.4187508552306771 2.607449423566257 3.957439598765673 False
760 3400.198986566841 1055.0631258143123 215.01461130013303 52.98238733272198 3395 3405 1050 1061 92.0 2.719185717005969 1.703806894509027 43.40696713170665 0.7793513412730301 -0.10288046125422412 1.5669471947007596 0.0 53.160953530681006 2.329386 69.62453009930155 4.700685035733118 2.0420350176242175 0.396769050819061 5.4115163798060095 88.7241458706687 7.586906635041411 1.9416348340631162 3.5012821283888926 6.0733464426779 False
761 3776.699202491914 1054.8900896084629 215.01123226834258 52.97999886882019 3773 3781 1050 1060 87.0 2.4335014304393296 1.7219043953378406 71.46036662210531 0.7066301786085392 -0.111399045404203 1.5254449976929019 0.0 41.39698567402433 2.5391612 60.43973458326505 5.197351414937079 2.193801053234966 0.44946433135027897 5.262410103554244 65.03986345150875 8.374275269991971 1.807628529213524 3.573621552763595 7.631472861728457 False
762 8629.638762862583 1060.7904123495155 214.96762557567115 52.949247794697484 8623 8637 1053 1068 175.0 3.8035178744204736 2.0383346212003293 -49.50583905055871 0.844276558618535 -0.14127580855157754 3.78379136657596 0.0 145.22727653354903 3.4861503 176.27278456960886 5.840439847764634 1.8823465722130917 0.4784941642413412 7.463526651802308 198.56256292716415 9.179547177743965 2.069798972904559 4.202416524134206 7.64887034486589 False
763 2571.1860841093635 1059.0396973613422 215.02201500467677 52.98766557421032 2565 2577 1054 1064 118.0 2.74307196576186 2.171053631925789 -4.509853944206812 0.6112106299934811 -0.03413983024470802 2.3051594082273614 0.0 77.61775361816204 2.7108934 119.46594713153236 6.136462632747393 2.295680286353342 0.3859419611045531 6.128667601500942 154.2479649609815 9.703493316118106 2.180825974436001 4.487079067743002 8.828302887108837 False
764 3684.263972417429 1055.042936292265 215.01206066347893 52.98058587042127 3684 3685 1054 1056 4.0 0.6823814230935871 0.4402471776370791 -87.60823754022633 0.764045046333557 0.468595898946181 0.5945054605569222 0.0 2.2099502329242604 0.5214316 13.058777771450744 2.147663986972266 3.302191880311901 0.0599729375883121 1.1283791670955126 17.26349468437405 3.3682001410372706 1.2465188231984974 2.2599228236881457 3.4591774753192603 False
765 2593.458892593798 1059.1666637666408 215.02181360563637 52.9875250357961 2588 2598 1055 1063 70.0 2.9002779997641883 1.495715488026707 -32.04221816337718 0.8567604856476694 0.06355156367771006 1.023060333350906 0.0 33.00929035550914 2.06858 85.36404761813407 6.24452402783251 2.7759598447813283 0.2929029106206197 4.720348719413148 122.2876397776713 10.049957330544482 2.8939827676285876 6.603004528654069 11.050255470621169 False
766 2469.2771688271255 1059.7404550805804 215.02292301965548 52.98831553190075 2467 2470 1058 1062 15.0 1.050590608095693 0.7561442884494913 64.40450116877057 0.6942514053914662 -0.025383040481332893 1.5530527150793578 0.0 7.387206817545996 1.6468191 21.52389154073294 5.184790033981271 2.8708612869871373 0.4911341832396665 2.1850968611841584 35.06983177524266 8.84542734512929 1.2738764886795788 2.8806756697990514 4.8960818865658595 False
767 6357.738316659224 1060.9616795559014 214.98800142592444 52.96366174573071 6355 6360 1058 1064 32.0 1.523988688835628 1.2389897693749536 -36.581173643987604 0.5822756280973865 -0.037186084297465026 0.9390970330411816 0.0 12.344014698965267 1.4258718 44.2577436971868 4.823402208857432 3.27218376849858 0.3316604863430866 3.1915382432114616 74.93013553876091 7.64627081377884 2.3886514696975287 5.57046100941664 8.121255874016548 False
768 1154.2705623323002 1060.6467367239836 215.03472795868743 52.99665778962314 1152 1157 1059 1062 17.0 1.2968518464351542 0.8349195450506951 -8.819140007511328 0.7651897011806357 -0.0018608762629479445 0.5959080539432301 0.0 4.779687270004028 1.0589207 27.729300928388216 3.89665995540001 3.454660315235546 0.3361511630750567 2.326213245840639 40.34269760900394 6.348073928800077 2.488091916562182 4.554727266849907 6.349234951717563 False
769 8645.831610804466 1062.2737836174588 214.96746476307771 52.94915306792937 8641 8650 1059 1065 52.0 2.2925099862863143 1.397363375373245 -16.01983612231768 0.7927597286069389 0.03447205343560646 1.0104219894324138 0.0 25.530495924449646 1.8150741 56.98145039793074 5.2195370512338615 2.722084022678497 0.27494429742843224 4.068428945128219 78.79499766282268 8.33121246524617 2.2814543591443712 4.6727289890351695 8.01001098678479 False
770 7368.146522430001 1062.9106385660957 214.97891644239826 52.95726264112035 7366 7370 1060 1066 28.0 1.659507290107936 1.0262485912574038 84.5335740514713 0.785859097726985 0.1729027907809862 1.1394465573033459 0.0 16.289478984171318 1.2443362 29.47428049085414 3.1838155080138497 2.3474878630177103 0.27027653365283255 2.985410660720923 38.891810604705555 5.032535919669371 1.4621814403651758 2.81647573272691 4.606864573286258 False
771 987.4823602859524 1067.30944453547 215.0361565850339 52.997751205105814 981 994 1061 1074 131.0 3.5857098649309647 1.9047270330681794 44.18601205360719 0.8472468156056261 -0.03833287809223548 1.7439710751155117 0.0 80.80902562624752 2.9402585 94.3308010979179 4.344055034419589 1.4848423366277128 0.36760124604199457 6.457444935117649 93.72104933938141 6.805252030243449 2.0955834751679503 3.910144668880227 6.41597478677774 False
772 923.1585400298823 1065.7569980638477 215.03675099065364 52.99815059476836 920 926 1062 1070 38.0 2.6520946819113727 1.0009671287319748 56.16219410738264 0.92604011028842 -0.04580108665433931 0.6896450701500244 0.0 9.804468836737009 1.4882222 31.734876369375076 5.003193034740814 2.8712858123454326 0.33794216045805336 3.477898169151024 37.61370919062305 8.087088903320254 2.954384675167805 5.174925371571848 8.585647975265216 False
773 3232.498646310138 1066.4815553589553 215.0159970495096 52.98351248879115 3232 3233 1066 1067 4.0 0.5102662435884942 0.48916901311773237 44.54024551075183 0.2845726890834503 0.5431374421644728 0.6362380954691356 0.0 2.352382283171639 0.49004143 13.33159910404002 1.9059664858898953 3.5867739158837044 0.040473143847368734 1.1283791670955126 15.39095149737965 3.0704075019284405 1.2382248257312922 2.2737646751256593 3.4841372845069856 False
774 479.07884128962627 1069.4362900985916 215.04070329829005 53.00098569816253 477 481 1067 1071 17.0 1.2767063531054539 0.9119270218860055 44.91967209220736 0.6998590786214578 -0.002472897994594045 0.6399593600180644 0.0 5.855735044303925 0.98274106 22.79527079410263 3.734736860252204 3.2772394862702843 0.32196131389474136 2.326213245840639 39.02912467516029 6.020968564464746 1.913427546873172 4.549401365593004 6.923648165177435 False
775 747.3325423710555 1073.9164401005123 215.03824517486728 52.99930937578043 741 754 1069 1079 125.0 3.016674599994807 1.7514258660083342 18.29192224941043 0.8142020432456012 -0.38479377387071634 2.37535815090534 0.0 68.58908133966025 2.881813 84.29979388147066 4.7367562625083535 1.8566835013040888 0.5037146747523998 6.3078313050504 93.55367570435854 7.433385402294544 1.7600565679392202 3.2899623660932895 6.859917306784799 False
776 3721.1502185466265 1074.0104276389823 215.01152967192303 52.980454503470376 3716 3726 1069 1079 92.0 2.587578202436702 1.9629075817329296 62.65544451367109 0.651569785972613 -0.05782784127905306 1.506230647061338 0.0 54.05264234308948 2.5704439 68.92701402000515 4.707389811096257 1.7913740146325532 0.3379228593986825 5.4115163798060095 70.28116879244496 7.436293427431625 1.921094781098331 3.5089735242130646 5.652369985830366 False
777 4112.97055524168 1079.8762586335945 215.00794980781913 52.97800144169425 4105 4119 1070 1091 232.0 4.7143689821211785 2.4116407969828937 63.17349549476704 0.8592528368990341 -0.08921721226421378 1.9019462947311574 0.0 115.41424805347219 3.8627353 162.46855094561425 7.660842312790911 2.083009203995176 0.4134790232151921 8.593479713983122 189.81727639265108 12.207035394189015 2.812478133265664 5.89135581785616 11.634345044185013 False
778 588.053399209675 1076.1259865915833 215.03965339819456 53.00033105970926 580 596 1071 1081 131.0 3.996574307999798 1.7565094020582823 23.624271481808773 0.8982407540842325 -0.03378613932659264 1.435627192100143 0.0 58.147925834325434 2.8429565 75.57480075610943 4.776678976605268 1.68274830777428 0.391500646696093 6.457444935117649 77.23635461228545 7.590314314663533 2.2054922811648856 4.474387672910277 7.874876856805842 False
779 8902.62098907068 1075.1991289076038 214.96502626290558 52.94759358842786 8900 8906 1072 1078 39.0 1.592078143851621 1.3260030950540047 -42.73843728763467 0.5534601851969781 0.10110264513111036 1.2841991021243926 0.0 19.055369232631392 1.64116 29.274947813216862 3.825815710773299 2.2852753936939463 0.3429863413673522 3.523362819972964 35.487952245047325 6.005662817596777 1.3630185174026994 2.6695213023647217 5.205371564861154 False
780 776.6791479441781 1074.521239249863 215.0379750629267 52.99912660543958 773 781 1073 1077 32.0 2.506952608078015 0.9634086099125753 -10.657734734297707 0.9232104747274136 0.032756007748664315 0.7981857876003001 0.0 14.125141650423476 1.4650599 39.12281515078834 4.28148305206987 2.505855276280898 0.20257521496166261 3.1915382432114616 50.84725892259591 6.785387743724634 2.558123897556424 4.372394927281585 6.567861868496124 False
781 8879.372412527968 1077.4153455960488 214.96521136637895 52.94775307330224 8873 8886 1073 1082 118.0 2.8546286043641604 1.9859513844206693 4.659051410248327 0.7183371109621852 -0.06064527755863842 2.414504736599316 0.0 70.34326915168283 2.7802658 90.04162790712277 5.054100816695913 1.905912630517778 0.42791484523319756 6.128667601500942 101.06910330347853 8.029525841764167 1.7605634532487646 3.6364442239170374 6.542006238655244 False
