outputs/dr0.5_c0.1/nircam6_f410m_dr0.5_c0.1.ecsv
# %ECSV 1.0
# ---
# datatype:
# - {name: label, datatype: int64}
# - {name: xcentroid, datatype: float64}
# - {name: ycentroid, datatype: float64}
# - {name: sky_centroid.ra, unit: deg, datatype: float64}
# - {name: sky_centroid.dec, unit: deg, datatype: float64}
# - {name: bbox_xmin, datatype: int64}
# - {name: bbox_xmax, datatype: int64}
# - {name: bbox_ymin, datatype: int64}
# - {name: bbox_ymax, datatype: int64}
# - {name: area, unit: pix2, datatype: float64}
# - {name: semimajor_sigma, unit: pix, datatype: float64}
# - {name: semiminor_sigma, unit: pix, datatype: float64}
# - {name: orientation, unit: deg, datatype: float64}
# - {name: eccentricity, datatype: float64}
# - {name: min_value, datatype: float64}
# - {name: max_value, datatype: float64}
# - {name: local_background, datatype: float64}
# - {name: segment_flux, datatype: float64}
# - {name: segment_fluxerr, datatype: float32}
# - {name: kron_flux, datatype: float64}
# - {name: kron_fluxerr, datatype: float64}
# - {name: kron_radius, unit: pix, datatype: float64}
# - {name: gini, datatype: float64}
# - {name: equivalent_radius, unit: pix, datatype: float64}
# - {name: kron4_2_flux, datatype: float64}
# - {name: kron4_2_fluxerr, datatype: float64}
# - {name: radius_kron20, unit: pix, datatype: float64}
# - {name: radius_kron50, unit: pix, datatype: float64}
# - {name: radius_kron80, unit: pix, datatype: float64}
# - {name: near_border, datatype: bool}
# meta:
#   PHOTMJSR: 0.8704000115394592
#   PIXAR_SR: 2.11539874851881e-14
#   __serialized_columns__:
#     area:
#       __class__: astropy.units.quantity.Quantity
#       unit: !astropy.units.Unit {unit: pix2}
#       value: !astropy.table.SerializedColumn {name: area}
#     eccentricity:
#       __class__: astropy.units.quantity.Quantity
#       unit: !astropy.units.Unit {unit: ''}
#       value: !astropy.table.SerializedColumn {name: eccentricity}
#     equivalent_radius:
#       __class__: astropy.units.quantity.Quantity
#       unit: !astropy.units.Unit {unit: pix}
#       value: !astropy.table.SerializedColumn {name: equivalent_radius}
#     kron_radius:
#       __class__: astropy.units.quantity.Quantity
#       unit: &id001 !astropy.units.Unit {unit: pix}
#       value: !astropy.table.SerializedColumn {name: kron_radius}
#     orientation:
#       __class__: astropy.units.quantity.Quantity
#       unit: &id002 !astropy.units.Unit {unit: deg}
#       value: !astropy.table.SerializedColumn {name: orientation}
#     radius_kron20:
#       __class__: astropy.units.quantity.Quantity
#       unit: *id001
#       value: !astropy.table.SerializedColumn {name: radius_kron20}
#     radius_kron50:
#       __class__: astropy.units.quantity.Quantity
#       unit: *id001
#       value: !astropy.table.SerializedColumn {name: radius_kron50}
#     radius_kron80:
#       __class__: astropy.units.quantity.Quantity
#       unit: *id001
#       value: !astropy.table.SerializedColumn {name: radius_kron80}
#     semimajor_sigma:
#       __class__: astropy.units.quantity.Quantity
#       unit: !astropy.units.Unit {unit: pix}
#       value: !astropy.table.SerializedColumn {name: semimajor_sigma}
#     semiminor_sigma:
#       __class__: astropy.units.quantity.Quantity
#       unit: !astropy.units.Unit {unit: pix}
#       value: !astropy.table.SerializedColumn {name: semiminor_sigma}
#     sky_centroid:
#       __class__: astropy.coordinates.sky_coordinate.SkyCoord
#       dec: !astropy.table.SerializedColumn
#         __class__: astropy.coordinates.angles.Latitude
#         unit: *id002
#         value: !astropy.table.SerializedColumn {name: sky_centroid.dec}
#       frame: icrs
#       ra: !astropy.table.SerializedColumn
#         __class__: astropy.coordinates.angles.Longitude
#         unit: *id002
#         value: !astropy.table.SerializedColumn {name: sky_centroid.ra}
#         wrap_angle: !astropy.coordinates.Angle
#           unit: *id002
#           value: 360.0
#       representation_type: spherical
#   astropy version: '5.1'
#   make_catalog parameters:
#     ab_zpt: 31.4
#     coadd_bands: !!python/tuple [f277w, f356w]
#     deblend_contrast: 0.001
#     deblend_nlevels: 32
#     deblend_npixels: 1
#     detect_kernel_fwhm: 4.0
#     detect_kernel_npix: 7
#     detect_npixels: 4
#     detect_threshold_nsigma: 3.0
#     flag_isolated_buffer: 4
#     hst_bands: !!python/tuple [f606w, f814w, f125w, f140w, f160w]
#     jwst_bands: !!python/tuple [f115w, f150w, f200w, f277w, f356w, f410m, f444w]
#     near_border_kernelsize: 21
#     reference_band: f200w
#   make_catalog version: 1.4.0
#   photutils version: 1.5.0
# schema: astropy-2.0
label xcentroid ycentroid sky_centroid.ra sky_centroid.dec bbox_xmin bbox_xmax bbox_ymin bbox_ymax area semimajor_sigma semiminor_sigma orientation eccentricity min_value max_value local_background segment_flux segment_fluxerr kron_flux kron_fluxerr kron_radius gini equivalent_radius kron4_2_flux kron4_2_fluxerr radius_kron20 radius_kron50 radius_kron80 near_border
[from data line 2118]
2119 4076.5429207869565 2597.8167790141974 214.8637212775015 52.840942532375564 4072 4081 2593 2602 67.0 2.46684276716972 1.6076187364110215 51.103102400043625 0.7584847402521518 -0.02623504909656772 0.7735613362162821 0.0 22.705763563987542 1.629334 37.196238391775694 4.2064818373633575 2.4265199868627985 0.34107838401377427 4.61809077155419 51.06821909900092 6.768788656760104 2.0329624420611787 3.9419860074561353 10.207978062436739 False
2120 10302.943068954151 2609.698545872672 214.8080518862989 52.80143934893486 10287 10310 2593 2629 556.0 7.63770601701082 4.039889261654045 61.90209345180408 0.8486591378235148 0.0 7.121679894900798 0.0 947.0655901491817 5000000.0 1108.4950020537167 24998449.969560307 1.7977693759779036 0.44916884377330396 13.303394180365686 1211.8285073648167 44064815.035462454 4.8008749890411995 8.073889069454921 13.74188407060917 False
2121 3009.0556483709624 2598.146859429431 214.87325080534606 52.8477253190832 3006 3012 2594 2603 44.0 2.2615255053114245 1.4329798356185293 78.83468828500905 0.7736328192998128 0.1620676041363564 0.6667224055601517 0.0 19.24577293149237 1.4502919 51.738152841917326 4.478700576479239 2.7159031767556354 0.16358344069597178 3.742410318509555 63.13812370899639 7.267120297488561 2.6021377914523662 4.733294759219873 8.649977852715065 False
2122 6032.927026877898 2597.386062429209 214.84626240027973 52.82851067543082 6031 6035 2595 2600 23.0 1.3527308425768152 1.1891192848746568 48.100442453696346 0.4767278981675256 0.07436234617425888 0.43084795670976206 0.0 6.13132006783188 0.7858678 22.1860119269593 3.050295688388966 2.8329714314623944 0.2291012174144071 2.7057581899030048 28.23875607068661 5.4637716244555445 2.1220623096753655 3.797721944850968 6.440983929022521 False
2123 7115.930149071684 2597.9930180821825 214.83659302736118 52.82163218007643 7113 7120 2595 2601 45.0 1.5868107895431154 1.5345483499051398 32.827559004569125 0.254531516546022 -0.027684992761391098 0.8428250212511198 0.0 15.827656800461169 1.3919861 25.962835597612496 3.1561922156959383 2.2516218592603536 0.3893768615547254 3.7846987830302403 30.057136513508425 5.055943074062519 1.574288862059633 2.978190401796163 5.156263918174576 False
2124 9714.891162810867 2597.633265574754 214.8134203147181 52.805112365916514 9712 9718 2595 2599 25.0 1.7154326040276273 1.0815412834114408 3.5001533899408277 0.7762077032091 0.05830408754087236 0.41946336272466406 0.0 6.5119851305616745 0.98924845 50.49722318134293 4.27460910610862 3.4419545108868936 0.23064695554926373 2.8209479177387813 106.97564346263621 6.78826999947117 3.514610789240624 6.504546666810289 9.547248791372109 False
2125 2389.849120534325 2604.305297841326 214.87871710596207 52.85169158096506 2383 2397 2599 2610 136.0 3.191076023274301 2.3523361869840778 -8.491952846699622 0.6757173519944246 -0.07406750388834632 1.4929783578004043 0.0 77.4426822865583 2.25744 110.22556624472733 4.976541807730574 2.145535576498652 0.3276500347185332 6.579524642479541 118.58749155946907 7.990566714851542 2.469523119503865 4.676402317721076 8.170449145089387 False
2126 3278.2094049682746 2614.7970149490457 214.87067177842832 52.846105454232195 3266 3292 2599 2631 632.0 7.044357577348236 4.179679453315012 60.08289616585774 0.8049540100154442 0.011992074485319843 5.473650779843696 0.0 788.1966259970916 5.5033965 924.0314992183828 9.177013490218046 1.7952600927842857 0.4288886554246958 14.183506197980657 1027.074111553521 14.38457820892128 3.8785587989478043 7.896896783951099 13.248696853716027 False
2127 9870.86926862479 2602.3541222228896 214.8119802864401 52.80414633250418 9869 9874 2600 2605 27.0 1.855401130638331 1.1225896765313577 -57.19544296418808 0.7961959862890485 0.1707241547086084 0.557926126012536 0.0 9.231651892667683 1.0083376 35.022816995447215 3.807812057768552 2.842752904044239 0.1593095306467225 2.9316150714175193 45.531520610866465 5.888865163927784 2.6100421493236663 4.345970120688892 7.558741613137292 False
2128 7724.9135814724195 2604.2279768653348 214.83109521194547 52.81779575812636 7723 7728 2601 2607 30.0 1.490562193906928 1.2993218553072794 -85.33822695787036 0.4900413494991173 0.12747300248516794 0.7322448061088278 0.0 11.891948028925214 1.1946344 36.97960545837584 3.9013744194806126 3.1038756385678776 0.24228943017848675 3.0901936161855166 47.66380234565264 6.340810600710148 2.1576590562680926 5.2179493635981675 8.085501703340503 False
2129 7511.479166249365 2603.867991833474 214.83300276342803 52.81915020206595 7510 7513 2602 2605 12.0 0.9763433642745161 0.6858256787999771 50.73066154545809 0.7117398846779532 0.029279723059209038 0.2986395852821622 0.0 2.0243300637960644 0.6683888 11.55751394772779 2.7437867430858534 3.868531750170016 0.34328604080046576 1.9544100476116797 25.87175239701284 4.446875081294533 2.2784023177875246 4.4106392019660685 5.237005525848631 False
2130 345.217834011915 2606.6934772845834 214.89696280352447 52.86468961530479 341 350 2603 2610 69.0 2.210307734586796 1.7779236065136002 -13.545942073648233 0.5941174376779372 -0.011043099503710258 0.9480049944212183 0.0 25.59227612791 1.8915575 42.81134889546074 4.16507993498924 2.266381487104891 0.3662007374386023 4.686510657907603 39.01962895433401 6.387951200110754 2.0052552365403864 3.835598176111985 7.694249973175071 False
2131 3151.8741568970427 2604.0661873884173 214.8719129616093 52.84685006566547 3150 3153 2603 2605 8.0 1.0892426530615968 0.5473235562536406 -40.723014122844596 0.8645883482387736 0.14462846496761653 0.28516718755203896 0.0 1.7575622090715752 0.5414242 14.369376080707998 2.6549966332460775 3.734024922181325 0.1422034377992888 1.5957691216057308 7.9011348833479005 4.205512963452122 1.873591199198469 2.9412667250390805 4.242166899895085 False
2132 9502.778422135203 2604.483574162451 214.81523916153427 52.806497548709245 9501 9505 2603 2606 18.0 1.2880393848238696 1.045157001671746 -1.0058752863325693 0.5844461640522619 0.6771084832923788 0.9637818713330922 0.0 14.862187572040407 0.8954566 83.37009543516879 3.5112879968229542 3.257958346647719 0.05071115312556298 2.393653682408596 124.52460185982117 5.648277497516522 2.5637689493584808 4.894336438982606 7.585845632900009 False
2133 690.181077186798 2604.4134957880306 214.89390342962483 52.86248669914343 689 691 2604 2605 4.0 0.7555154289476607 0.31801399516733647 -33.275157928594346 0.9070962649517407 0.2160446719057885 0.49435430711550227 0.0 1.536966859995395 0.4067471 11.273310731640077 1.6270588732351434 3.728691627474851 0.18376677441766556 1.1283791670955126 17.071748427393214 2.591500301018803 1.4462330951890954 2.8948947446712245 3.9666164634830925 False
2134 7333.119963679362 2606.7251252124584 214.8345637161171 52.82029906084328 7331 7336 2604 2608 24.0 1.543126745866787 0.9236312502499702 10.705333620034422 0.8010889664828522 -0.04134894752514716 0.4789423259338787 0.0 4.641509742774542 1.0262728 45.64248186349033 4.084941415498416 3.6942832458202592 0.43976963110739464 2.763953195770684 66.87774799733717 6.325147590105125 3.4456786525022793 6.068589697265438 8.920398546225018 False
2135 8663.157441394735 2605.1408338906617 214.82271819038786 52.8118377387894 8662 8665 2604 2607 12.0 1.0254147278503236 0.8526663175972062 -42.74050113010898 0.5554751611782043 0.19806778257459173 0.46666718333200735 0.0 3.9624504017446567 0.6938016 16.07027361959369 2.790019458855092 3.202766521976009 0.16098829163955658 1.9544100476116797 23.158808741457843 4.4965380305260165 1.709580970847556 3.5280913102739775 5.4652428931714585 False
2136 6982.390937419277 2616.485847389328 214.83758988355783 52.82258047129429 6974 6991 2605 2628 339.0 4.639857482476471 3.128969873852855 -84.96278927226238 0.7383957254253243 0.005892970699375421 5.191906470020146 0.0 357.2599948469559 3.6786819 421.935001447 5.881543814811737 1.7972887087261873 0.4835097698700388 10.387831891992912 462.8012371219911 9.385940323061368 2.5787292958822325 5.1380685425583845 9.553945299301462 False
2137 4248.804717868874 2610.7422868047965 214.86204726531142 52.839917910802065 4245 4253 2607 2614 53.0 2.106835960680109 1.698527859060978 37.30374437904483 0.5916452313349989 0.05065055112933886 0.7525138443180266 0.0 23.193004317416836 1.4451282 46.845556681458746 4.177074823006467 2.4936733058675524 0.21174789797033275 4.1073621666150775 67.74092349962129 6.655598531374282 2.3246217902410096 4.051511947047182 7.3531334011890035 False
2138 7508.111304018264 2607.8691175320396 214.83299073004892 52.81919317328319 7507 7509 2607 2609 6.0 0.7752524839876305 0.5740846282206935 -35.76679667277461 0.6720419134299223 0.24717921946948096 0.35665088996216243 0.0 1.7424421561877883 0.4736711 9.275201778504284 1.9620580081997547 3.375996365084039 0.09044375758497251 1.381976597885342 16.359076900687754 3.156486315452921 1.4400493217155006 2.6072468401660256 4.052687158133958 False
2139 1007.4151343697113 2622.553852055063 214.8908773879859 52.86056998447377 994 1022 2609 2637 644.0 6.126324962389097 4.814547395322353 -39.65535574498104 0.6183808699137419 -0.15897241121253403 2.797993188777579 0.0 404.3108735801345 5.5012655 593.511287782891 12.369108935599822 2.3072074418855366 0.46221427989271596 14.317526556719258 801.0011000630657 20.259501824788007 4.362670063886226 9.341816511596818 21.38863739227537 False
2140 7536.139209865406 2610.299738018941 214.83271516357925 52.819028159006265 7535 7537 2609 2612 7.0 0.8358891230498934 0.6507242348417285 72.06794737361771 0.6276675261882582 0.2910116666814931 0.5631017814523046 0.0 3.09905390902062 0.56445456 28.195022103686853 2.272119191546069 3.5173704482029207 0.13396329882568686 1.4927053303604616 59.16055774203751 3.7604710354580337 2.0571631177003176 3.632630216030796 5.236771647337015 False
2141 7654.512893668276 2620.0210843071077 214.83155707559902 52.8183282935275 7644 7664 2609 2631 350.0 4.6564877090834536 3.5913250971521355 -59.39793578785352 0.6365300246106951 -0.09057682452037208 2.4057184820150193 0.0 204.44886266353015 3.9248066 250.06950620144323 6.794267142977247 1.7869164303969793 0.4355589080012405 10.55502061411188 295.53964730764267 10.83899075728562 3.0049295339420934 5.818329029973702 10.296692418797758 False
2142 9745.622066221327 2643.4647845191625 214.8126644669296 52.80516400554113 9728 9762 2613 2675 1367.0 12.942276422613713 4.721051264393437 -67.92682217716434 0.9310947180560419 -0.13231597117514715 5.970796618921022 0.0 1830.3513563587394 8.018717 2032.7996216350707 12.410022338859909 1.6924048334802209 0.48614433568831444 20.859760650909728 2244.952359294997 19.66762834154582 6.150880002409449 12.024659903229852 20.2353056690546 False
2143 7758.302916804423 2614.3947941606957 214.83069049058088 52.817638368212165 7756 7759 2614 2616 12.0 0.854156837668013 0.48484515897348096 -5.06665150740105 0.8232836890375198 -0.20054894762146241 0.390869522941067 0.0 1.0273955476980203 0.8956139 2.5988029676516344 1.136700838568655 1.6536208365205662 0.6316359214453885 1.9544100476116797 2.020661548444537 1.7906366039048132 0.7650562160596452 1.290458795765865 1.9238164133931843 False
2144 7031.7104414470905 2618.643161548793 214.83712720500537 52.82227869355184 7029 7035 2616 2622 32.0 1.742818761083158 1.3477529214264228 7.8961398315493625 0.6340184902101681 -0.048802906923497646 0.36006960327566645 0.0 5.876656131764625 1.0657253 19.23184056279862 3.3971804184350285 2.576667901819986 0.3010117503802929 3.1915382432114616 11.540137617533926 5.298931280237461 2.4617143496901224 3.9142315474881344 5.698241319081067 False
2145 1036.5537714942866 2620.3621203386347 214.89064003287248 52.86037310974791 1032 1041 2617 2625 63.0 2.379381430694014 1.956566822972316 -8.246867358410197 0.5690533298527405 -0.08171947748753 0.5426762858811919 0.0 16.844404966437075 1.9348375 25.739480019574078 4.221329213998611 1.8583909407845474 0.29330381799903377 4.478115991081385 31.444312996204612 6.53296266832854 2.191459722221444 3.7424448397059367 5.586178136095136 False
2146 1905.5758724744503 2625.8388874914253 214.8828170901056 52.85488355625797 1898 1912 2619 2633 166.0 3.229436081025939 2.775600859371715 -51.87693646843088 0.5111875258721469 -0.006862597337239074 1.1553867931943034 0.0 66.39226489203989 2.5188684 102.13803653567243 5.8884504119014025 2.2178249774438714 0.3749505811104463 7.269074295019226 108.4058502336238 9.434313556238706 2.6749275890028263 5.4159584637517115 10.131444601792083 False
2147 9036.947378309651 2621.709747765544 214.819211083226 52.80955127713314 9034 9039 2620 2625 27.0 1.4927703617395511 1.0707519202805498 62.83771238782811 0.6967729130583219 -0.2790849796839721 0.3353319795565472 0.0 3.266218024560591 1.1831889 7.454944879996825 2.4315694965958414 1.8612673330327163 0.3135532740678432 2.9316150714175193 8.177831555271002 3.773430647947184 1.4423409298506407 2.704921347932901 4.000318162361048 False
2148 2990.2370945203556 2633.568402582531 214.87304633625885 52.8480359234987 2982 2998 2625 2642 229.0 3.9455562569526497 2.9131341379103333 -41.74173579665542 0.6744364126135404 0.04996059646386988 2.2614656259251307 0.0 159.20513469717153 3.0797102 197.93688724409964 5.476957656135764 1.820022342357868 0.3870032733879279 8.537737635702333 224.1891417964642 8.812603417535724 2.7330881183117226 5.068354992480419 8.546037539316206 False
2149 8546.118067883855 2628.134281991379 214.82352006040034 52.8127055360114 8544 8548 2626 2630 17.0 1.3098051406143603 1.089072836711563 -21.21525537199082 0.5555591903199739 0.10896186805869977 0.49046197413314135 0.0 4.630456671207375 0.8534019 19.983825031933932 3.091220937844023 2.8425510276203454 0.2672307169963611 2.326213245840639 32.20399553086898 5.1182534404313715 2.168036468407692 3.7720955579383615 6.472338614658299 False
2150 8503.582802285879 2633.537839552674 214.82384254005584 52.813005000119944 8494 8513 2627 2640 215.0 4.388807461848088 2.656343349314187 19.3159259917984 0.7960323950852852 -0.13430055386018566 1.287799179905817 0.0 100.22675916062784 3.3810296 134.12240020295405 6.462563893789797 1.9186286302206552 0.352117868254578 8.272643200907131 144.44633000072673 10.145080839885283 3.0028162363072117 5.619887658126836 10.169505940520565 False
2151 2865.833758171551 2632.346409520784 214.8741703479142 52.84881953203386 2860 2871 2628 2638 102.0 2.8108317272314713 2.230806611561548 30.131125541785458 0.608379255251693 -0.10317528211107979 0.7741409270706938 0.0 27.7131157744607 2.3429546 43.202704534951366 4.519003008176943 1.9860866824640269 0.35129660457322814 5.698035485213008 22.607107700209543 7.045325985774164 2.280829193691747 4.581902029241891 7.43348024512536 False
2152 6868.106991220642 2630.9916973571294 214.83845692180589 52.823384901259516 6865 6871 2629 2633 30.0 1.6856149246853636 1.2109467321825909 -5.693817751178066 0.6956296521397708 0.06880559455010989 0.394922688521547 0.0 7.729799471909594 1.1558692 27.783614601598774 3.835669594582162 3.0165928648674325 0.2145235809314633 3.0901936161855166 42.9086075404728 5.951406044676434 2.445126271991384 4.683343817445588 7.7944350353931435 False
2153 9224.332095596 2631.3681353619354 214.81743885477715 52.80841229910688 9222 9225 2630 2632 9.0 0.694902200146151 0.37225168594624475 -31.507473278528607 0.8444151550981311 -0.11833094476666085 0.35077928094658506 0.0 0.566609108799937 0.7287884 3.918946290530783 1.7041249753933956 3.3139323468317117 0.7631958753690137 1.692568750643269 2.7379396359014665 2.650429744595347 1.0102918243283656 1.9718334024197564 3.1420247281027227 False
