outputs/dr0.5_c0.1/nircam1_matched_f277w_f410m_dr0.5_c0.1.ecsv
# %ECSV 1.0
# ---
# datatype:
# - {name: label, datatype: int64}
# - {name: xcentroid, datatype: float64}
# - {name: ycentroid, datatype: float64}
# - {name: sky_centroid.ra, unit: deg, datatype: float64}
# - {name: sky_centroid.dec, unit: deg, datatype: float64}
# - {name: bbox_xmin, datatype: int64}
# - {name: bbox_xmax, datatype: int64}
# - {name: bbox_ymin, datatype: int64}
# - {name: bbox_ymax, datatype: int64}
# - {name: area, unit: pix2, datatype: float64}
# - {name: semimajor_sigma, unit: pix, datatype: float64}
# - {name: semiminor_sigma, unit: pix, datatype: float64}
# - {name: orientation, unit: deg, datatype: float64}
# - {name: eccentricity, datatype: float64}
# - {name: min_value, datatype: float64}
# - {name: max_value, datatype: float64}
# - {name: local_background, datatype: float64}
# - {name: segment_flux, datatype: float64}
# - {name: segment_fluxerr, datatype: float32}
# - {name: kron_flux, datatype: float64}
# - {name: kron_fluxerr, datatype: float64}
# - {name: kron_radius, unit: pix, datatype: float64}
# - {name: gini, datatype: float64}
# - {name: equivalent_radius, unit: pix, datatype: float64}
# - {name: kron4_2_flux, datatype: float64}
# - {name: kron4_2_fluxerr, datatype: float64}
# - {name: kron4_2_mag, datatype: float64}
# meta:
#   PHOTMJSR: 0.8704000115394592
#   PIXAR_SR: 2.11539874851881e-14
#   __serialized_columns__:
#     area:
#       __class__: astropy.units.quantity.Quantity
#       unit: !astropy.units.Unit {unit: pix2}
#       value: !astropy.table.SerializedColumn {name: area}
#     eccentricity:
#       __class__: astropy.units.quantity.Quantity
#       unit: !astropy.units.Unit {unit: ''}
#       value: !astropy.table.SerializedColumn {name: eccentricity}
#     equivalent_radius:
#       __class__: astropy.units.quantity.Quantity
#       unit: !astropy.units.Unit {unit: pix}
#       value: !astropy.table.SerializedColumn {name: equivalent_radius}
#     kron_radius:
#       __class__: astropy.units.quantity.Quantity
#       unit: !astropy.units.Unit {unit: pix}
#       value: !astropy.table.SerializedColumn {name: kron_radius}
#     orientation:
#       __class__: astropy.units.quantity.Quantity
#       unit: &id001 !astropy.units.Unit {unit: deg}
#       value: !astropy.table.SerializedColumn {name: orientation}
#     semimajor_sigma:
#       __class__: astropy.units.quantity.Quantity
#       unit: !astropy.units.Unit {unit: pix}
#       value: !astropy.table.SerializedColumn {name: semimajor_sigma}
#     semiminor_sigma:
#       __class__: astropy.units.quantity.Quantity
#       unit: !astropy.units.Unit {unit: pix}
#       value: !astropy.table.SerializedColumn {name: semiminor_sigma}
#     sky_centroid:
#       __class__: astropy.coordinates.sky_coordinate.SkyCoord
#       dec: !astropy.table.SerializedColumn
#         __class__: astropy.coordinates.angles.Latitude
#         unit: *id001
#         value: !astropy.table.SerializedColumn {name: sky_centroid.dec}
#       frame: icrs
#       ra: !astropy.table.SerializedColumn
#         __class__: astropy.coordinates.angles.Longitude
#         unit: *id001
#         value: !astropy.table.SerializedColumn {name: sky_centroid.ra}
#         wrap_angle: !astropy.coordinates.Angle
#           unit: *id001
#           value: 360.0
#       representation_type: spherical
#   astropy version: '5.1'
#   kernelfile: kernel_f277w_f410m.fits
#   make_catalog parameters:
#     ab_zpt: 31.4
#     coadd_bands: !!python/tuple [f277w, f356w]
#     deblend_contrast: 0.001
#     deblend_nlevels: 32
#     deblend_npixels: 1
#     detect_kernel_fwhm: 4.0
#     detect_kernel_npix: 7
#     detect_npixels: 4
#     detect_threshold_nsigma: 3.0
#     flag_isolated_buffer: 4
#     hst_bands: !!python/tuple [f606w, f814w, f125w, f140w, f160w]
#     jwst_bands: !!python/tuple [f115w, f150w, f200w, f277w, f356w, f410m, f444w]
#     near_border_kernelsize: 21
#     reference_band: f200w
#   make_catalog version: 1.4.0
#   photutils version: 1.5.0
# schema: astropy-2.0
label xcentroid ycentroid sky_centroid.ra sky_centroid.dec bbox_xmin bbox_xmax bbox_ymin bbox_ymax area semimajor_sigma semiminor_sigma orientation eccentricity min_value max_value local_background segment_flux segment_fluxerr kron_flux kron_fluxerr kron_radius gini equivalent_radius kron4_2_flux kron4_2_fluxerr kron4_2_mag
[from data line 3105]
3106 914.8329153551781 3735.5446519323505 215.0086936608597 53.012639851135425 912 918 3732 3739 39.0 1.6202341682163284 1.5744363667648824 33.79782125666973 0.23607911397548972 0.1951401017043223 0.5683790987690448 0.0 13.920767035472162 1.2478236 24.24401053484383 3.2216326129897026 2.269510513333402 0.18417772256588036 3.523362819972964 25.20662451721346 5.173486781313413 27.89621326975358
3107 9331.163875695209 3739.8246133407633 214.93311592133932 52.95926523499089 9319 9344 3733 3746 292.0 5.5593423313139265 2.807189132868095 -4.152077042572124 0.8631486770586672 0.2432285004146739 2.519770198309947 0.0 238.57029679427905 3.7334015 329.59034205680337 7.309800819103792 1.9445672247302672 0.3402324058100715 9.640875829802336 337.2773026978339 11.829027033079965 25.080032209914293
3108 2571.896363094662 3736.124149598141 214.99380146102772 53.002133502004774 2570 2574 3734 3738 19.0 1.2886757133098414 1.0881471136234329 42.20212012522352 0.5357262435919568 0.2100267136000909 0.3150477934179308 0.0 4.98944265693099 0.8489073 17.050979991114165 2.9932136533468188 2.912177336991392 0.06905658641147076 2.4592453796829674 16.439006251087918 4.904628281943032 28.360311098485248
3109 3827.902191464334 3742.6166211168443 214.9824546209296 52.99420145496907 3820 3837 3734 3751 234.0 3.664468060340959 3.295829078263827 -53.75894269905132 0.43712291972507517 0.20164071543292883 1.9613414888190732 0.0 143.33094236032468 3.3100564 202.16601643015886 6.5147665578203275 2.02288957706303 0.3584136701741831 8.63044108762739 220.79067367670189 10.426586511638597 25.540048188501665
3110 10280.581897485838 3737.9197278594374 214.92462708986181 52.953228304555225 10278 10283 3736 3740 23.0 1.534538304072326 1.1385666832682144 4.889286151556402 0.6704436862533762 0.28193289781111786 0.42013299718292385 0.0 8.011712654321904 1.003514 65.50521949139413 4.293634569670811 3.471240697675209 0.07394516307681533 2.7057581899030048 121.27352084100237 6.990025796256684 26.19058503427192
3111 760.6143005740146 3740.14477762798 215.01003094931957 53.01364271521146 759 762 3737 3743 22.0 1.6317346415997178 0.9960206556041052 -84.31717420249318 0.792088685226827 0.2208713125092671 0.3242834052145569 0.0 6.10247245842025 0.9397444 25.80461761841825 3.406687926039578 3.055343397486997 0.06740759073846304 2.6462837142006137 31.873226437896715 5.53007543297149 27.641434929701976
3112 7104.738109779546 3737.402606491364 214.95310446670925 52.973382495330185 7104 7106 3737 3738 5.0 0.7533804333283592 0.4543437228264605 -17.89152852755323 0.7976856754013213 0.23008904030161761 0.2988941289624286 0.0 1.352700832353137 0.4164525 15.9898828981244 1.8592165512052596 3.8689696990546993 0.060586974771980835 1.2615662610100802 25.54730649026999 2.9639698995597286 27.881637204388394
3113 8724.13265639285 3761.5202580133127 214.93832889715313 52.96323533754168 8716 8731 3744 3777 303.0 7.5694822126535275 2.5879248898806564 -71.41940079264366 0.9397402376395583 0.21604233968641856 0.9915543639926333 0.0 144.67654770172243 3.6347232 246.95102676700424 9.287836002217048 2.2835764232600995 0.21641493590971636 9.82078894558317 323.2302231974144 14.758649080228139 25.126220094726687
3114 2443.04572527091 3753.3346486407786 214.99477732014014 53.00304379084335 2437 2449 3747 3760 147.0 3.225249891422414 2.8955129107002846 78.87469650646786 0.4404769977985308 0.20620202163502968 0.7915541785715559 0.0 65.5273936502692 2.487103 121.35422312910646 6.769555164113804 2.448614379166306 0.2071789132130438 6.840435166640879 151.48293198100993 10.773092413721255 25.94909074404355
3115 6177.311869380481 3763.973025640742 214.9611439680575 52.97941107910209 6165 6189 3750 3777 518.0 4.919152397441127 3.8329433678614313 -62.2189833427577 0.6267905751514535 0.16272527964375694 8.791022635654093 0.0 727.8623851333491 4.247438 765.6680024833258 5.227466296761825 1.499826578775625 0.5464954722487924 12.84073677960901 808.3810768620492 8.191276446685434 24.130959653251125
3116 4283.429164879908 3754.3364755256976 214.97824168356826 52.991375002643416 4279 4287 3751 3758 52.0 2.0451071560153684 1.6880707584831165 -12.55373554044097 0.5645202452172117 0.1885582459917899 0.604284242523329 0.0 19.553426207033194 1.4486927 41.92125838403924 4.184023153212305 2.5775886909737165 0.17907984087943096 4.068428945128219 42.585071961312096 6.68182450685148 27.3268565363406
3117 4210.113589656538 3754.345782302571 214.97889972665033 52.99184016375764 4209 4211 3752 3756 13.0 1.358462960829643 0.7364372005235048 -77.55614838716437 0.8403071305321466 0.18641968139035112 0.2576463260920357 0.0 2.935678029044071 0.729882 23.52726202485422 3.1885163571996404 3.5643358534223664 0.06019780172476862 2.0342144725641096 37.89124715634756 5.126361650230911 27.45365275019296
3118 8299.771306178463 3760.568549823187 214.94214358762716 52.96592356258411 8284 8315 3752 3768 406.0 6.1056187302215665 2.9755638536647178 8.394008133740895 0.8732075833506521 0.17638246068719954 3.3464060808957803 0.0 397.6073701509274 4.3317156 485.9506909757469 7.552560219098384 1.8986761136295676 0.4427145485494483 11.368105109938904 536.4139576934247 12.17050833172828 24.57624982541813
3119 9420.745174885595 3755.5783861334694 214.93214697148568 52.958781683938035 9418 9424 3753 3758 33.0 1.6367855027302627 1.4136051526056985 -7.8295287943955865 0.5040967975394383 0.31533794387859915 0.5836548366136388 0.0 14.276528192097732 1.232425 32.204273722513435 3.670759231195629 2.5225600917097424 0.11712284398369308 3.2410224072142872 50.24209839703844 5.799878199014782 27.14733057568395
3120 3495.562570026926 3756.1403016245863 214.9852959531617 52.99638275003133 3493 3498 3754 3759 25.0 1.6816298598947235 1.0899889869173203 41.44800918153084 0.7614921439197473 0.23725033573154522 0.3830495726361298 0.0 7.710899590907218 1.0134755 23.26386307707625 3.4107445169811177 2.7977339122744844 0.08145724676704201 2.8209479177387813 26.19306244079293 5.459543237100915 27.85453430439664
3121 10116.632109798804 3769.025097760714 214.92576852218713 52.95443698865485 10105 10128 3754 3780 404.0 5.077009121868271 4.199890760360637 -74.99935811077303 0.561852855493395 0.11152402822651025 1.5910811745568099 0.0 195.66624667473212 4.0891213 314.8105162196356 9.509264147198135 2.342500754668459 0.3738095156730607 11.340070282773887 366.4799420400246 15.069708601216806 24.989874474792572
3122 6133.3847056885015 3757.3983574017398 214.96160736198325 52.97965429252127 6131 6135 3755 3760 21.0 1.4535580885560007 1.0856483576150702 87.01583857110296 0.664947337141705 0.2784717139377298 0.4123786474009468 0.0 7.407294625889 0.81064105 30.286460513734397 2.954999895783543 3.055646709535433 0.06421380911855552 2.5854414729132054 32.450829442530775 4.709489974493935 27.621935495409375
3123 10162.87040763229 3761.1799836646105 214.9254368283748 52.954101115066116 10158 10167 3756 3766 86.0 2.392448119446571 2.0704865790759794 59.82424293091336 0.5010369276358939 0.21214809888683442 1.3130164162945548 0.0 51.32866586808916 1.7852647 69.55515144823926 3.6970567970092683 1.9342290029409166 0.2858312460910357 5.232078956954491 72.18199851328856 5.944040604205854 26.753927744341954
3124 6507.3114383503425 3759.948513756855 214.95822585011618 52.977295363401886 6506 6509 3758 3762 18.0 1.290278653280809 1.0347470638506218 88.91580425568613 0.5973827343551107 0.22290796686063583 0.3189078393058068 0.0 4.8766745258781246 0.7368166 18.379885721174034 2.666328743394609 2.9969732921036 0.06265490710433613 2.393653682408596 18.987290855619573 4.256914275390939 28.20384249210539
3125 9626.639607111045 3762.711515174832 214.9302263843209 52.95751327229833 9623 9630 3759 3766 49.0 1.7665659197029366 1.6404265384673884 -36.82177820436241 0.37109156803234605 0.2489317290462577 1.1020280112664467 0.0 27.308771437984124 1.4706854 36.55801764764912 2.9872007446369286 1.9135215863060022 0.26139841374327494 3.949327084834294 35.049935559130496 4.884848157051325 27.5382819404159
3126 10052.260187504331 3764.1328677717756 214.92639693960868 52.954819205271974 10049 10056 3761 3767 45.0 1.8925673438020958 1.6152118318650401 -25.580061087269662 0.5211745273821328 0.2529321740172058 0.6153212248352927 0.0 18.5255224808679 1.3806471 35.04470822520954 3.5226056553684026 2.2685606717930953 0.1466406175759965 3.7846987830302403 30.68974916247943 5.626588222224312 27.682516652967056
3127 1541.720821376832 3769.0717152833204 215.0027078230686 53.00884543689437 1536 1547 3762 3775 128.0 3.1992894061917716 2.3036767988028135 60.83320456500347 0.6939129526410234 0.22438112938686836 1.2939440957393282 0.0 75.13341898849836 2.2924976 115.74524512812195 5.304831558143902 2.1767633487704092 0.2804472064761472 6.383076486422923 127.9998348849841 8.566764182701473 26.13197647643866
3128 2876.289802079825 3767.7537324963846 214.99073437833664 53.00037370728673 2868 2884 3762 3774 163.0 3.3974408816734396 2.4805783323150035 18.74494037558051 0.6833067472319828 0.13730188746214064 1.4706156442075524 0.0 87.58741414994596 2.7039857 118.35734435360408 5.207997070578732 1.9841860687119095 0.3537885213403657 7.203090409536582 137.60684367650234 8.416613835735467 26.05339991639532
3129 7507.728261086102 3766.0600651734267 214.94918813824532 52.97097988438257 7503 7514 3762 3770 80.0 2.3460578600567037 2.01924854399909 -5.53637201402308 0.5091149633626513 0.2547484695430803 1.3266538550620244 0.0 48.790684370196566 1.740809 83.08269662708764 4.309860791093829 2.2900147685396584 0.27495499427565473 5.046265044040321 90.52726568488617 6.969729424299914 26.508051492509622
3130 9363.068623292935 3764.6496089891375 214.93256835856175 52.959196762661726 9362 9364 3763 3766 11.0 1.04750916554401 0.7603879036131715 -73.95947487967932 0.6877992465587514 0.3421800593786506 0.4627422791417671 0.0 4.4239752339704514 0.688125 16.027769378613367 2.59154175875303 2.963420064867939 0.05830916075590023 1.8712051592547776 20.394638296011358 4.1354715718858035 28.126209981498413
3131 10092.506051093918 3768.8382154802307 214.92598669543722 52.954589130795135 10085 10100 3764 3774 133.0 3.2599381116164614 2.2403676929148175 19.056813154753343 0.7264281679017438 0.15246769970652302 1.3076700526409437 0.0 69.79835503660456 2.267101 117.26654052732644 5.748744021259477 2.38541629362452 0.3188467424221758 6.506551687525748 158.71223591220635 9.091509395491052 25.898473975105535
3132 1431.9286371558446 3767.9884775608734 215.00370562257442 53.00953589246424 1430 1434 3766 3770 21.0 1.2330554835239254 1.2093700308322712 85.62021453708458 0.19506030097438223 0.2297914876777601 0.40056545489851614 0.0 6.56915131764351 0.9131396 19.600093398040116 3.0308512118827173 2.8168862341262217 0.09399468933160264 2.5854414729132054 33.0258075633134 4.82588577503997 27.602866385002528
3133 7111.765833208327 3770.43133075487 214.95269336996077 52.97351629253211 7109 7115 3766 3774 49.0 2.0209466804738767 1.6884646669410945 -76.80543211303672 0.5495177442449461 0.23727678648360231 0.5815120781283682 0.0 19.535422857617284 1.2836503 45.46543597969036 3.7955466786137997 2.5751418935672032 0.13653610567007024 3.949327084834294 57.89255446507167 6.146574147897369 26.99344321773919
3134 4183.329211395345 3771.7494256092896 214.97895674410472 52.992104122276054 4177 4188 3767 3777 93.0 2.9115414520400154 2.128939256423697 -37.33288992947545 0.6821557305587922 0.15648646344809242 0.521471832566345 0.0 26.274286264975935 1.9122984 146.5936763607007 7.673379801390665 3.360527721662743 0.1931478556547318 5.440847306724618 301.7752351123552 12.085621264785122 25.200791007618324
3135 1061.6108110070275 3774.8901708393173 215.00696007150182 53.01192172814473 1056 1067 3769 3781 113.0 3.245525961416759 2.075316389870013 -44.661083748770736 0.7688417018433394 0.1466185903069827 0.9033777060776039 0.0 49.3665057760689 2.079306 84.72870653938375 5.274760929654183 2.3167001117520614 0.25605035739100845 5.997417539138688 78.94657235398044 8.485060739773902 26.656666802836728
3136 6282.695474067137 3770.3290250819578 214.96013152427727 52.978776720905884 6280 6285 3769 3772 14.0 1.5932313259568214 0.6709278225373829 -21.728452063596922 0.9070089393710047 0.23321603759019774 0.3130000849468025 0.0 3.9099289568060036 0.6396746 17.25411726155147 2.4493281830214557 3.134953698564101 0.052594331826692584 2.111004122822376 24.43590309476729 3.9239211032120864 27.92992901453546
3137 8564.03279166161 3771.654934824246 214.93965744057024 52.96430621180759 8562 8566 3769 3774 26.0 1.5012523057050444 1.2227289430939852 -73.9996220046906 0.5802019502808188 0.24944548861790372 0.5237065981047505 0.0 10.069310120341566 1.0147324 23.19595849206827 3.198728242875654 2.520063797520006 0.11373697678277651 2.876813695875796 23.468451733060505 5.013241837693247 27.973788902118542
3138 2765.6290256948073 3779.6157642097583 214.99160314844306 53.0011397375417 2756 2777 3771 3789 271.0 5.1675136311697765 2.5641010273211613 35.87773047632787 0.868210374431884 0.15667843630406114 2.5244692940678823 0.0 184.46975599048773 3.4051988 244.80023359174987 6.563887678902961 2.009375671094776 0.40122169486017756 9.287732724180174 262.98936312158025 10.427820162886851 25.350154541618018
3139 1417.151736279552 3778.4161755074565 215.00372846726918 53.00968597688283 1410 1424 3772 3784 137.0 3.3435632008489558 2.35871763045381 -35.06003925781979 0.7087594006495477 0.15894788920716 1.0453337725894867 0.0 65.02364448386231 2.3822014 110.61588079307018 5.923803793942151 2.368776847759551 0.28419621765372505 6.6036697681803656 135.84261091795992 9.424283116244002 26.067409949516247
3140 1772.097772274019 3781.7150384536935 215.00050493487242 53.0074526823575 1762 1782 3772 3790 277.0 4.680690044691876 3.1306855103907125 -34.231374325633496 0.7433962403605413 0.19950204122500287 1.9568193910840308 0.0 201.23135986121957 3.5515873 266.66282664735485 6.845965888353988 1.9627392496370863 0.3448981950932927 9.389986074159536 283.88776931215443 10.936476122895145 25.267133294263566
3141 7178.344695089392 3777.831537872731 214.95201822563578 52.97313375622491 7175 7182 3774 3781 52.0 2.248467135914609 1.589802921510829 46.03389666768638 0.7071527817879067 0.21850053343155967 0.5289652329618896 0.0 18.911866279604936 1.3957295 42.52034910058368 4.133984260349673 2.615243549507983 0.14303525793458566 4.068428945128219 53.358032269374746 6.657631421633478 27.082000486630083
3142 9728.974231101487 3778.195684018624 214.9291460458903 52.956947287732326 9727 9731 3776 3781 24.0 1.5936020057416003 1.123937678091335 60.77282591322073 0.7089275719071887 0.27803950089141133 0.40503873565491116 0.0 8.360187712669234 1.0090857 33.23870809624709 3.8445592752343596 3.0871048419734253 0.06611246521603696 2.763953195770684 35.467247566620806 6.177681345366045 27.525431284036546
3143 930.7666547909208 3781.883767353143 215.0080620356707 53.01278931714452 926 936 3777 3787 99.0 2.487757261169107 2.4642237362753026 -40.617208345670875 0.13722238803891235 0.21898186719253201 0.8760639779259375 0.0 44.462239637353036 2.0566385 110.14218577993248 6.2169198007922635 2.7700244901231073 0.22598774287646958 5.613615477764332 164.96682638870365 9.893008295729475 25.856508451053354
3144 7537.794388092189 3782.2709749835485 214.9487476672524 52.97087663124186 7535 7541 3778 3786 50.0 1.9292529142311317 1.6085874310046935 86.21087050971605 0.5520851396081174 0.20082728295300856 0.8661363395489063 0.0 23.906174033823145 1.4106004 36.081885147678406 3.3549736583409535 2.171618615656718 0.2260718571057621 3.989422804014327 46.72866046231641 5.337371479675208 27.226041671030195
