outputs/dr0.5_c0.1/nircam1_matched_f200w_f277w_dr0.5_c0.1.ecsv
# %ECSV 1.0
# ---
# datatype:
# - {name: label, datatype: int64}
# - {name: xcentroid, datatype: float64}
# - {name: ycentroid, datatype: float64}
# - {name: sky_centroid.ra, unit: deg, datatype: float64}
# - {name: sky_centroid.dec, unit: deg, datatype: float64}
# - {name: bbox_xmin, datatype: int64}
# - {name: bbox_xmax, datatype: int64}
# - {name: bbox_ymin, datatype: int64}
# - {name: bbox_ymax, datatype: int64}
# - {name: area, unit: pix2, datatype: float64}
# - {name: semimajor_sigma, unit: pix, datatype: float64}
# - {name: semiminor_sigma, unit: pix, datatype: float64}
# - {name: orientation, unit: deg, datatype: float64}
# - {name: eccentricity, datatype: float64}
# - {name: min_value, datatype: float64}
# - {name: max_value, datatype: float64}
# - {name: local_background, datatype: float64}
# - {name: segment_flux, datatype: float64}
# - {name: segment_fluxerr, datatype: float32}
# - {name: kron_flux, datatype: float64}
# - {name: kron_fluxerr, datatype: float64}
# - {name: kron_radius, unit: pix, datatype: float64}
# - {name: gini, datatype: float64}
# - {name: equivalent_radius, unit: pix, datatype: float64}
# - {name: kron4_2_flux, datatype: float64}
# - {name: kron4_2_fluxerr, datatype: float64}
# - {name: kron4_2_mag, datatype: float64}
# meta:
#   PHOTMJSR: 1.891700029373169
#   PIXAR_SR: 2.11539874851881e-14
#   __serialized_columns__:
#     area:
#       __class__: astropy.units.quantity.Quantity
#       unit: !astropy.units.Unit {unit: pix2}
#       value: !astropy.table.SerializedColumn {name: area}
#     eccentricity:
#       __class__: astropy.units.quantity.Quantity
#       unit: !astropy.units.Unit {unit: ''}
#       value: !astropy.table.SerializedColumn {name: eccentricity}
#     equivalent_radius:
#       __class__: astropy.units.quantity.Quantity
#       unit: !astropy.units.Unit {unit: pix}
#       value: !astropy.table.SerializedColumn {name: equivalent_radius}
#     kron_radius:
#       __class__: astropy.units.quantity.Quantity
#       unit: !astropy.units.Unit {unit: pix}
#       value: !astropy.table.SerializedColumn {name: kron_radius}
#     orientation:
#       __class__: astropy.units.quantity.Quantity
#       unit: &id001 !astropy.units.Unit {unit: deg}
#       value: !astropy.table.SerializedColumn {name: orientation}
#     semimajor_sigma:
#       __class__: astropy.units.quantity.Quantity
#       unit: !astropy.units.Unit {unit: pix}
#       value: !astropy.table.SerializedColumn {name: semimajor_sigma}
#     semiminor_sigma:
#       __class__: astropy.units.quantity.Quantity
#       unit: !astropy.units.Unit {unit: pix}
#       value: !astropy.table.SerializedColumn {name: semiminor_sigma}
#     sky_centroid:
#       __class__: astropy.coordinates.sky_coordinate.SkyCoord
#       dec: !astropy.table.SerializedColumn
#         __class__: astropy.coordinates.angles.Latitude
#         unit: *id001
#         value: !astropy.table.SerializedColumn {name: sky_centroid.dec}
#       frame: icrs
#       ra: !astropy.table.SerializedColumn
#         __class__: astropy.coordinates.angles.Longitude
#         unit: *id001
#         value: !astropy.table.SerializedColumn {name: sky_centroid.ra}
#         wrap_angle: !astropy.coordinates.Angle
#           unit: *id001
#           value: 360.0
#       representation_type: spherical
#   astropy version: '5.1'
#   kernelfile: kernel_f200w_f277w.fits
#   make_catalog parameters:
#     ab_zpt: 31.4
#     coadd_bands: !!python/tuple [f277w, f356w]
#     deblend_contrast: 0.001
#     deblend_nlevels: 32
#     deblend_npixels: 1
#     detect_kernel_fwhm: 4.0
#     detect_kernel_npix: 7
#     detect_npixels: 4
#     detect_threshold_nsigma: 3.0
#     flag_isolated_buffer: 4
#     hst_bands: !!python/tuple [f606w, f814w, f125w, f140w, f160w]
#     jwst_bands: !!python/tuple [f115w, f150w, f200w, f277w, f356w, f410m, f444w]
#     near_border_kernelsize: 21
#     reference_band: f200w
#   make_catalog version: 1.4.0
#   photutils version: 1.5.0
# schema: astropy-2.0
label xcentroid ycentroid sky_centroid.ra sky_centroid.dec bbox_xmin bbox_xmax bbox_ymin bbox_ymax area semimajor_sigma semiminor_sigma orientation eccentricity min_value max_value local_background segment_flux segment_fluxerr kron_flux kron_fluxerr kron_radius gini equivalent_radius kron4_2_flux kron4_2_fluxerr kron4_2_mag
[from data line 3324]
3325 6445.6814700980685 3954.604952345706 214.95672729653938 52.97873789503927 6444 6447 3952 3957 16.0 1.5826908164701716 0.7821791372911322 66.67146558276235 0.8693434486130324 0.17677817360486836 0.262999020756823 0.0 3.4492746249634063 0.9725462 44.07225758543625 4.590447223286519 3.82857582675282 0.06249907107256113 2.256758334191025 51.71463434309251 7.258193416351837 27.115966354300816
3326 619.4366222606047 3957.518374000294 215.0090082264977 53.01571316797439 613 625 3953 3961 53.0 3.7068127180073005 1.1343925805620447 -31.890707851153294 0.9520221565444231 0.1295525752810801 0.3062833383608494 0.0 11.876076918616148 1.715345 227.1006343379289 8.257170612538935 3.899491706321585 0.09417307115609985 4.1073621666150775 468.5666827137943 13.404415184576656 24.72307148753353
3327 3459.0201146541917 3959.4410101299386 214.98348127258572 52.99771318746219 3448 3467 3953 3967 207.0 4.346972724753836 3.081529976767353 10.876822900245054 0.7053180177101172 0.13858366052853535 0.9365041410296978 0.0 76.00632594471189 3.544654 219.37284465827446 11.585854264521583 2.885500453030129 0.2364655621358249 8.117274569709014 265.62375331189196 18.51232740754893 25.339332727335552
3328 3853.3487735413996 3954.287551239114 214.97999519251906 52.99518383141583 3852 3855 3953 3956 14.0 1.1681165999738994 0.8592916399132227 42.01913623444788 0.6773928447278048 0.22038828225894175 0.457166776361721 0.0 4.8128014224238695 0.8940065 27.376332999927826 3.5487591502226072 3.298490004576771 0.14379383968256743 2.111004122822376 42.74441959548529 5.607106568788112 27.3228014390109
3329 8036.178794262343 3958.0928240603994 214.9424255701821 52.968663189248 8027 8047 3953 3963 184.0 4.847251042993722 2.1057857832669695 -1.2749419475923773 0.9007061444741669 0.14540698682555675 1.674275693650547 0.0 110.9821034351526 3.1939635 166.35356725061555 7.126572981059466 2.1967582946799937 0.33007442144069044 7.653039857325812 207.17442013213835 11.282476230054254 25.609159670112128
3330 8940.996899647067 3953.8963936605796 214.9343575585572 52.96289764523734 8939 8943 3953 3955 12.0 1.3439080650929853 0.6568874035845673 -18.04547888949072 0.8724020681449863 0.4734781978504831 0.6403379088874428 0.0 6.861950522909936 0.7843102 45.59109585737052 3.283288049804491 3.4474380304989847 0.05013904064903766 1.9544100476116797 59.32413505711578 5.139275410271597 26.96692146264003
3331 9373.923549035726 3957.44900078739 214.93043943623132 52.96016884360833 9370 9378 3954 3961 63.0 2.0196910921781845 1.7403657558367873 25.274067641983063 0.5074198127172953 0.09020390077072844 0.8422792886551663 0.0 22.792480674399204 1.842051 37.829096017690624 4.471225405027475 2.3671435322736163 0.3045773677659309 4.478115991081385 44.87801508158503 7.1311062121672615 27.269915899554537
3332 2932.276733305781 3956.4585510445145 214.9882426031382 53.00103841408621 2931 2934 3955 3958 14.0 1.0233216276045998 0.9690563868983374 43.94648649274529 0.321317651706389 0.17274775750753582 0.32751696266099606 0.0 3.7015676486018707 0.9659028 15.156904087667993 3.3402962775862957 3.1356323694290706 0.10345469731891165 2.111004122822376 18.412433366154893 5.379541311180294 28.237222029601195
3333 6775.538436081347 3960.724451846425 214.95370381225206 52.97667776635203 6770 6782 3956 3966 105.0 2.6123849249341653 2.132250100956088 -12.709838012998134 0.5777578294344866 0.12195395770157563 1.5552002596252976 0.0 62.60122463835365 2.5539098 92.15482508615169 5.44093608857873 2.1653685996236205 0.3474139853806208 5.781222885281108 113.38040783066833 8.552466847735726 26.263654962949623
3334 127.7181419819114 3963.039866992301 215.01336905928505 53.01886123844254 111 133 3957 4008 939.0 5.6379265067638125 1.4550218230173093 76.57255837875147 0.9661242250285463 -12.039375683508073 1.173062824697933 0.0 -86.69104667019644 30643104.0 -148.07796243974946 17767954.70922184 1.4 -0.9548265053672771 17.288521716057144 -135.6132220661665 27947042.499464575 nan
3335 8469.837067361594 3957.777760402886 214.93854061733762 52.96590912605422 8469 8471 3957 3959 6.0 0.7695605976427454 0.5680876937645626 44.12783082515306 0.6745846727853133 0.32793553281702226 0.4479748230765277 0.0 2.3380324067018297 0.5503618 22.943276387865822 2.374520149856808 3.6219536761640465 0.06823238075405517 1.381976597885342 31.075054428349837 3.767330684707084 27.668970255033468
3336 3664.4615633567814 3959.235800926035 214.98163887110576 52.99640882964469 3663 3666 3958 3961 14.0 1.0291123402107574 0.9989884271828983 -2.1608725663900037 0.2401804594727867 0.3165488049816764 0.4676827961461079 0.0 5.3899705400639775 0.91161084 21.996549475571893 3.435986828060987 3.101669017872783 0.06990107947877164 2.111004122822376 28.756393271023715 5.380300962979767 27.753163964074645
3337 867.0391232579165 3960.685537062151 215.00674989533348 53.014160062766656 866 868 3959 3962 11.0 1.058684432194163 0.7539033973681726 -73.62532854005495 0.7020644339694251 0.2776978003468828 0.4031533765083316 0.0 3.8432012053327487 0.8269412 19.790656094527478 3.148453561946212 3.3134164718388908 0.06588246466021422 1.8712051592547776 21.453885030438876 4.9204430627585625 28.07123512763722
3338 2727.399630975871 3968.0581128666813 214.98996022895858 53.00240066951182 2719 2738 3959 3977 284.0 2.4014828015083594 2.3159454564987456 -16.83038344695725 0.26451545652887704 -0.08889693781774273 61.524499915449375 0.0 1329.7025628797198 5.2125244 1313.1237960699564 4.79776174428572 1.4 0.7594707333569191 9.507891862878783 1385.3204758144173 6.49097535846249 23.546124366539075
3339 9840.994843684277 3965.2677080278377 214.9261708454851 52.95724619700654 9837 9844 3959 3971 73.0 3.3058978565218027 1.5550195907809163 79.42094479141059 0.8824653619971579 0.09858386628665007 0.40709367258625023 0.0 17.349892233021578 1.9987999 37.67116725660626 5.620934238105201 2.4220299284170914 0.17357915940973026 4.820437914901168 36.26472793840448 8.933154602294918 27.501288940776018
3340 8435.408703155466 3966.9511078438863 214.93875262104473 52.9661771778128 8429 8441 3961 3973 131.0 2.8504123456027988 2.1843281690486296 42.30926073863633 0.6424589952819799 -0.3846399218619997 1.6687774023729578 0.0 73.55867613052578 2.7371006 81.55915616631417 4.0275663151562435 1.5677403628724575 0.40834375613346396 6.457444935117649 86.26007417978047 6.395222096818829 26.560475431790508
3341 7271.597344474016 3963.4771513963365 214.94922543073298 52.97354463792505 7270 7274 3962 3965 16.0 1.1987682998124756 0.9646834205222137 21.441574670637007 0.5936425674184641 0.16377806427205094 0.33204696639673803 0.0 3.8670705331507325 0.88954675 10.742248999814269 2.8299765515834436 2.6382875881252756 0.12389372709158666 2.256758334191025 12.926815237263389 4.591760140575764 28.621271146276978
3342 1696.2454036995578 3965.734359614192 214.9992466408967 53.00892844834795 1695 1698 3964 3967 13.0 1.0351258696700196 0.8721195799783575 -51.49070242724352 0.5386570053329152 0.15523008602942354 0.3477639488023564 0.0 3.386075502554251 0.8988864 9.65785928644116 2.805646448916611 2.768173495122426 0.1362466162418615 2.0342144725641096 13.204976622459842 4.449397520066901 28.598155908283058
3343 3834.20570307187 3987.766372088073 214.97981418367772 52.995486177373095 3820 3848 3964 4012 1003.0 9.584015385181576 4.567291149769956 -72.15287599499615 0.8791457510136534 0.11118186212473158 5.008529106719636 0.0 940.2649825752005 8.028313 1132.3999444925112 12.69140447523445 1.779619793281106 0.46180473485073903 17.86798298192446 1203.6800163873418 20.030230594850803 23.698722374030606
3344 4006.8403075705332 3969.442353918212 214.9784574785374 52.99429198488851 4002 4012 3964 3975 97.0 2.3664261523210524 2.0995983537796965 -60.9394725399603 0.46129965649181276 0.09468419849048523 1.3515716302898528 0.0 46.172185856870115 2.4116442 60.15679278201303 4.620121511640281 1.926960695826125 0.3662887674775563 5.556622981616415 68.1784881225716 7.3975533068687715 26.815881584011017
3345 244.78887192972095 3967.469002401812 215.0122702053148 53.01814279808824 244 246 3965 3971 17.0 1.6685584860235498 0.7545330905986937 -87.36477294982595 0.891913240434014 0.21475969030350492 0.39996725674756706 0.0 5.511312049733815 0.9577147 29.459303415358534 3.980512703304599 3.3484352227060943 0.11044989418010716 2.326213245840639 27.680318462436105 6.390612010957899 27.794572294056707
3346 2575.113943063149 3970.7650773627697 214.99129936306346 53.003381253184315 2570 2581 3966 3975 81.0 3.171634525943723 1.6987908754341445 34.6416264831244 0.8444591279384939 0.14530038109367038 0.5540413861088437 0.0 27.96677277559812 2.1916819 58.2258067224318 6.123128442113073 2.4753683902282635 0.18232033736337963 5.077706251929807 75.58663220904234 9.703854211364945 26.703887510955504
3347 7155.605230731688 3968.7258517422247 214.9502104426403 52.97430908842803 7153 7159 3966 3972 41.0 1.6959260487001264 1.6478253538389618 -57.54622402962609 0.23647528364786133 0.1321645883777395 0.40125110591051466 0.0 10.352248962401555 1.4933007 34.09730352460008 5.083059633122749 3.052775876421358 0.17569973132136904 3.6125759969217834 44.31809996701908 8.225815367456109 27.283547168055083
3348 9273.59942801802 4006.2532717404993 214.9308243886781 52.96106916551534 9225 9317 3966 4051 5402.0 10.92313558776377 9.40652063476022 20.10112711630078 0.5083412583052226 0.06557217615050695 96.05117756996881 0.0 12594.92723855771 19.411274 12272.735390275458 17.31948874632697 1.4 0.7640009313725991 41.466974873564595 13067.697634001159 24.87490068923659 21.109502307431356
3349 1365.7604100797535 3976.79421135509 215.002099094234 53.011084257470074 1362 1370 3969 3983 98.0 3.195765075826614 1.8444207133382435 82.30305730324778 0.8166414951568605 0.16138868148434493 1.032305845160348 0.0 48.537674629955845 2.403728 94.85843862034326 6.689970054868066 2.5231090667111147 0.2635949112560842 5.585191925620057 104.05858453433376 10.581501673939087 26.35680521481774
3350 557.2535957646949 3977.1761570344406 215.00935980306562 53.01621378231527 549 568 3970 3985 227.0 3.9804093113583994 2.910515092221611 -39.44864413538964 0.6821524287310927 0.08830071793651205 1.9989046296885227 0.0 110.98126654014057 3.6515002 282.9719377036675 9.952991777526178 2.803689267064726 0.39736917014287026 8.500373177909337 567.6519120862647 16.092618378840083 24.514794737310126
3351 3216.9190514097327 3976.1513872051105 214.985478995357 52.99933925923785 3212 3222 3972 3980 85.0 2.3883155708345383 1.8998228850403203 12.971210878611158 0.6059987416560633 0.12062859445621123 1.4420364559127008 0.0 45.18141067703168 2.350604 60.186243752456335 4.728525436217064 2.0043229998029495 0.33721880428892603 5.201570947860099 70.56398406548182 7.460833971192156 26.778542266940875
3352 176.86204209202333 3986.6441734369823 215.0126785488993 53.01867721693036 167 185 3973 3999 385.0 4.451814256585083 3.3425857761198023 89.74185758921065 0.6604878237864946 0.18431799332628326 7.468712866432926 0.0 555.3184547402914 9.7725115 656.297608638638 14.596601436432607 1.9149051448271306 0.5302189751630177 11.070199012698888 798.5506037688095 21.348054453133916 24.144243894051037
3353 3287.589067597398 3974.9782058558194 214.9848567905045 52.99888462741107 3285 3290 3973 3977 27.0 1.5191970082008146 1.2246625003086913 -14.820307071817032 0.5917454552533417 0.13785878481297734 0.30073695671442774 0.0 5.597863793494741 1.3072861 9.895891673585256 2.366480244616894 1.5710625011244403 0.1477000378715613 2.9316150714175193 8.459582132506743 3.7496394290469373 29.081627721843493
3354 8179.1212539129065 3978.2264129152463 214.94093168910092 52.96786469403311 8175 8183 3974 3982 55.0 2.066788677230686 1.834899804047206 -66.91787046653009 0.4602249690888878 0.022792600605790442 0.6343586295552347 0.0 18.772935999501087 3.298394 30.29524966503643 5.283890527564606 1.4 0.20432630454141254 4.1841419359420025 26.57641596942276 7.927673342505446 27.83875896834519
3355 853.1357314157964 3975.8844425517423 215.00671460876643 53.01433039970684 852 854 3975 3977 8.0 0.8511163555882298 0.6862230384651632 46.46160526881474 0.5915581867950735 0.1535337791493723 0.18099026792365683 0.0 1.3521559174934503 0.645788 14.771886290394377 2.9752190668600194 3.7265755705957964 0.026740900723695792 1.5957691216057308 26.49896828616914 4.695868813428944 27.84192758651138
3356 6210.25452927304 3977.1740667021163 214.95860151696527 52.9803537161286 6208 6213 3975 3979 22.0 1.3970529581519717 1.0731938498923679 13.3783923174367 0.6402290292243118 0.24463960416896452 0.6458146755871464 0.0 9.529549212509089 1.1735727 25.50966296106769 3.627336811540165 2.7637362870886575 0.16473620991576549 2.6462837142006137 39.56455619090556 5.700168882885584 27.40673425384546
3357 690.0665486512079 3982.2465717300047 215.00811286143167 53.0153989389888 685 695 3976 3987 101.0 2.451336961433461 2.1721997372818884 44.494177522018205 0.46343946983917783 0.038755834676034225 1.1182837986968852 0.0 38.46794536579443 2.3088741 100.20861670160056 6.877864866944985 2.893008572377987 0.351949078785143 5.670035141386943 148.4289525024128 10.973648184432616 25.971203443639382
3358 7368.025379431048 3987.2622420058506 214.94810993716268 52.97306114292854 7361 7375 3976 4001 282.0 5.109035661526981 2.615759389386461 89.41474088593303 0.858993249329111 0.072980654512543 2.620619109241016 0.0 184.5721822502859 3.9578812 236.85840123980336 7.207111960739195 1.943504839909758 0.4269249487384581 9.474354220939228 263.36049042333434 11.522874835284117 25.348623444336805
3359 7412.597745110443 3982.7158826015702 214.9477581039157 52.97275372045719 7403 7421 3977 3988 181.0 3.57022330349609 2.29503368492392 -8.647112122177834 0.7660119180009152 0.14458219725796295 3.8273358207316117 0.0 165.61743008392136 3.23879 180.0151433544608 4.589182636867351 1.53751680814905 0.4496644103236288 7.590394548326596 187.8404571759495 7.161169841821059 25.715527158556302
3360 1329.79995993517 3982.0236960512284 215.00236705061027 53.01134059237079 1326 1334 3979 3984 39.0 2.1792299804166686 1.2191650419475781 -20.300530409981114 0.8288657021956799 0.16264394682815106 0.7081148549427679 0.0 16.35063410856616 1.4969145 38.596185627812254 4.449078843257434 2.5600816707944403 0.20399806588457067 3.523362819972964 43.46967386662969 7.0707852899429104 27.304534045281727
3361 8073.853395051663 3987.607778623373 214.94177671294096 52.96858346684002 8066 8082 3981 3994 183.0 3.485732166671763 2.385262317868346 -27.429147113263717 0.7292071125976292 0.02851621581237049 2.3148195107064415 0.0 115.22638386955589 3.1452327 141.17745967678962 5.3342616978863955 1.84426004959878 0.4373730005700761 7.632215220473915 157.6149264994279 8.498912090411583 25.906006640508096
3362 2445.020115901132 3986.352540334755 214.99230347147687 53.00429067588269 2442 2448 3983 3989 39.0 1.702282273766804 1.485150758131253 -11.011315288900374 0.488709059246679 0.2923782836463199 1.197346571564827 0.0 26.717777460993062 2.605784 81.00978816783854 9.11459806012053 2.921822244974648 0.2155179238197275 3.523362819972964 116.43533980778518 14.200964062357237 26.23478796257175
3363 6524.97380109053 3991.3074952667766 214.95562916768543 52.97843298132947 6519 6531 3984 3998 140.0 3.178120474312307 2.785998296616512 68.15883040848885 0.48118655995134735 0.15475543484457902 0.7617029167964174 0.0 58.95629918858762 2.847713 75.6911679369255 5.529791285755302 1.7962882230603834 0.22604626973662775 6.6755811781245455 72.67786187230284 8.841531554958392 26.74649464447768
3364 631.1875162753181 3999.583719345979 215.00845919775486 53.01586605757685 623 641 3985 4011 377.0 5.608744760851785 3.3665550061604423 -71.25730662701378 0.79982502140888 0.10113619294324665 2.4140137043093146 0.0 300.5973005472207 4.764341 346.61009793911154 7.006230427980318 1.5252541752072009 0.39455416277422123 10.954580187815921 351.77382070712986 10.994593411320446 25.0343412105583
