outputs/dr0.5_c0.1/nircam6_f814w_dr0.5_c0.1.ecsv
# %ECSV 1.0
# ---
# datatype:
# - {name: label, datatype: int64}
# - {name: xcentroid, datatype: float64}
# - {name: ycentroid, datatype: float64}
# - {name: sky_centroid.ra, unit: deg, datatype: float64}
# - {name: sky_centroid.dec, unit: deg, datatype: float64}
# - {name: bbox_xmin, datatype: int64}
# - {name: bbox_xmax, datatype: int64}
# - {name: bbox_ymin, datatype: int64}
# - {name: bbox_ymax, datatype: int64}
# - {name: area, unit: pix2, datatype: float64}
# - {name: semimajor_sigma, unit: pix, datatype: float64}
# - {name: semiminor_sigma, unit: pix, datatype: float64}
# - {name: orientation, unit: deg, datatype: float64}
# - {name: eccentricity, datatype: float64}
# - {name: min_value, datatype: float64}
# - {name: max_value, datatype: float64}
# - {name: local_background, datatype: float64}
# - {name: segment_flux, datatype: float64}
# - {name: segment_fluxerr, datatype: float32}
# - {name: kron_flux, datatype: float64}
# - {name: kron_fluxerr, datatype: float64}
# - {name: kron_radius, unit: pix, datatype: float64}
# - {name: gini, datatype: float64}
# - {name: equivalent_radius, unit: pix, datatype: float64}
# - {name: kron4_2_flux, datatype: float64}
# - {name: kron4_2_fluxerr, datatype: float64}
# - {name: radius_kron20, unit: pix, datatype: float64}
# - {name: radius_kron50, unit: pix, datatype: float64}
# - {name: radius_kron80, unit: pix, datatype: float64}
# - {name: near_border, datatype: bool}
# meta:
#   PHOTMJSR: 0.3925000131130219
#   PIXAR_SR: 2.11539874851881e-14
#   __serialized_columns__:
#     area:
#       __class__: astropy.units.quantity.Quantity
#       unit: !astropy.units.Unit {unit: pix2}
#       value: !astropy.table.SerializedColumn {name: area}
#     eccentricity:
#       __class__: astropy.units.quantity.Quantity
#       unit: !astropy.units.Unit {unit: ''}
#       value: !astropy.table.SerializedColumn {name: eccentricity}
#     equivalent_radius:
#       __class__: astropy.units.quantity.Quantity
#       unit: !astropy.units.Unit {unit: pix}
#       value: !astropy.table.SerializedColumn {name: equivalent_radius}
#     kron_radius:
#       __class__: astropy.units.quantity.Quantity
#       unit: &id001 !astropy.units.Unit {unit: pix}
#       value: !astropy.table.SerializedColumn {name: kron_radius}
#     orientation:
#       __class__: astropy.units.quantity.Quantity
#       unit: &id002 !astropy.units.Unit {unit: deg}
#       value: !astropy.table.SerializedColumn {name: orientation}
#     radius_kron20:
#       __class__: astropy.units.quantity.Quantity
#       unit: *id001
#       value: !astropy.table.SerializedColumn {name: radius_kron20}
#     radius_kron50:
#       __class__: astropy.units.quantity.Quantity
#       unit: *id001
#       value: !astropy.table.SerializedColumn {name: radius_kron50}
#     radius_kron80:
#       __class__: astropy.units.quantity.Quantity
#       unit: *id001
#       value: !astropy.table.SerializedColumn {name: radius_kron80}
#     semimajor_sigma:
#       __class__: astropy.units.quantity.Quantity
#       unit: !astropy.units.Unit {unit: pix}
#       value: !astropy.table.SerializedColumn {name: semimajor_sigma}
#     semiminor_sigma:
#       __class__: astropy.units.quantity.Quantity
#       unit: !astropy.units.Unit {unit: pix}
#       value: !astropy.table.SerializedColumn {name: semiminor_sigma}
#     sky_centroid:
#       __class__: astropy.coordinates.sky_coordinate.SkyCoord
#       dec: !astropy.table.SerializedColumn
#         __class__: astropy.coordinates.angles.Latitude
#         unit: *id002
#         value: !astropy.table.SerializedColumn {name: sky_centroid.dec}
#       frame: icrs
#       ra: !astropy.table.SerializedColumn
#         __class__: astropy.coordinates.angles.Longitude
#         unit: *id002
#         value: !astropy.table.SerializedColumn {name: sky_centroid.ra}
#         wrap_angle: !astropy.coordinates.Angle
#           unit: *id002
#           value: 360.0
#       representation_type: spherical
#   astropy version: '5.1'
#   make_catalog parameters:
#     ab_zpt: 31.4
#     coadd_bands: !!python/tuple [f277w, f356w]
#     deblend_contrast: 0.001
#     deblend_nlevels: 32
#     deblend_npixels: 1
#     detect_kernel_fwhm: 4.0
#     detect_kernel_npix: 7
#     detect_npixels: 4
#     detect_threshold_nsigma: 3.0
#     flag_isolated_buffer: 4
#     hst_bands: !!python/tuple [f606w, f814w, f125w, f140w, f160w]
#     jwst_bands: !!python/tuple [f115w, f150w, f200w, f277w, f356w, f410m, f444w]
#     near_border_kernelsize: 21
#     reference_band: f200w
#   make_catalog version: 1.4.0
#   photutils version: 1.5.0
# schema: astropy-2.0
label xcentroid ycentroid sky_centroid.ra sky_centroid.dec bbox_xmin bbox_xmax bbox_ymin bbox_ymax area semimajor_sigma semiminor_sigma orientation eccentricity min_value max_value local_background segment_flux segment_fluxerr kron_flux kron_fluxerr kron_radius gini equivalent_radius kron4_2_flux kron4_2_fluxerr radius_kron20 radius_kron50 radius_kron80 near_border
[from data line 406]
407 977.5766527930954 700.1059951977604 214.91136054162075 52.85038469735087 975 982 697 703 43.0 2.4681900018340155 1.1693033191508464 64.8667623591196 0.8806597458063158 -0.2747540126032923 0.3830883032686678 0.0 0.3449409799781088 2.2026417 41.06623161373794 13.656603517444768 5.386700669537168 1.0878222647034728 3.6996385101659595 81.04159118508004 21.934681039383946 10.679654896723152 18.452523364522026 23.755084593671118 False
408 2724.4178411877997 705.8727185922764 214.89569093997753 52.83932394536655 2707 2736 697 714 401.0 5.438295262471758 2.9738747722288266 -0.7724243493897196 0.8372374448796785 -0.29525457118306314 4.3733649151883665 0.0 265.2295613860997 6.0686426 276.26833627359224 7.564571751909443 1.4 0.5608667379390189 11.297887606083718 286.1282078097877 12.073758117887895 2.7260611468691325 4.882860825741537 8.01700515588861 False
409 9048.209952696718 702.5036208527241 214.8392864339359 52.79913462393575 9043 9054 697 708 106.0 2.422259384198991 2.211297664693943 44.940033527796096 0.4081675160128511 -0.27875878455950737 1.6670149753586248 0.0 48.99174046640418 3.5449488 56.87873748850262 6.0350742082606645 1.6981176880314894 0.44413050020492917 5.808687281605183 65.49727718332787 9.608960202187983 1.729327468525077 3.250427199416959 5.113170817491785 False
410 10153.204897347776 704.3389750830175 214.8294157535855 52.79212242193028 10146 10160 698 712 181.0 3.959247112646107 2.8178722806261396 -50.810086689751365 0.7024640538217523 -0.05724282345239436 0.9429384087402854 0.0 64.29485136566109 3.608752 108.00957402555858 8.856190144970691 2.2325828470757707 0.3261408231512953 7.590394548326596 99.9318643235624 14.16501095146061 3.3976025265750516 6.581486614890475 12.080078283434007 False
411 1655.581744364757 703.9184973624582 214.90526116896137 52.846100406501236 1651 1661 699 709 93.0 2.6144713142693328 2.0997886952620104 -10.308821173381594 0.5957892130226441 -0.15678300304800286 0.6012194900487434 0.0 25.766499886610543 2.4597108 32.282366613452936 3.711415917612243 1.4 0.33372718521710193 5.440847306724618 25.12236271803885 5.973516365648595 2.153471706897032 3.5447522817461943 5.509761587575652 False
412 8904.491787974432 701.2402148990562 214.84058124079695 52.80004106236033 8902 8908 699 704 28.0 2.0223241154968634 1.3040265521963246 -41.99670659869948 0.7643379997220198 -0.3026361041306956 0.655273321483674 0.0 4.198134989026668 2.0147433 41.026125366836936 9.318727389968599 3.3964595508403193 0.4728439860166885 2.985410660720923 50.75869200435851 15.059753968344955 4.207979170466505 9.988539764055961 11.94382153650352 False
413 6679.170805265976 704.9605436912437 214.86039209459568 52.81420005198655 6674 6683 700 711 69.0 3.1218995756074466 1.544193466650293 -49.76582745016152 0.8691021455983073 -0.391171160878616 0.530010437100761 0.0 6.716342608443236 2.6733265 19.668804145368014 9.278606978934373 3.0064009847206887 0.40891565922991313 4.686510657907603 17.98118705539248 14.739264284441486 3.207363565073508 6.565462484247424 8.490167329262935 False
414 7650.737070169561 705.2352884213086 214.8517212077743 52.808028939294225 7645 7655 700 712 104.0 2.808319246674837 1.93111348060018 -73.44255714037168 0.7260515285199799 -0.31287070341864665 0.9341363844807348 0.0 26.080039932880883 2.903084 50.35200770531647 7.621902391953325 2.576715331144784 0.4773936968226368 5.753627391751592 35.66854938869842 12.188818549624065 2.36231271585754 5.35857170268205 9.76916267755287 False
415 8510.751995751678 702.8221171809467 214.84407585031047 52.802551519878755 8509 8513 701 704 15.0 1.2676060405527139 0.7925514772073118 1.1238235964840944 0.7804366584318007 -0.11908814319028134 0.4253045786492855 0.0 2.3033842761219963 1.2300749 14.850812715125674 4.654730539283029 3.275590130155728 0.4305368140018137 2.1850968611841584 25.97781759357388 7.433094935946657 2.2285548970742832 4.555651970743673 6.6057740851238504 False
416 1197.9594912567345 708.9069616499108 214.90929833342298 52.84903295354615 1193 1202 704 715 83.0 2.7328022138554013 1.7134906069527542 -57.3121049193296 0.7790122989688647 -0.15026072400397034 0.7968402435356012 0.0 17.48898789131458 2.815737 44.66400037017519 8.206795762616165 2.697521212195953 0.4682877397196614 5.140011726956917 69.18963777912849 13.058812666336749 2.6206689909649916 7.68839503601492 14.704697985254223 False
417 1932.455662069747 706.7910797064153 214.90275690921538 52.84435786014952 1931 1934 705 708 12.0 1.0329400603213996 0.8685839109826096 14.975238667078768 0.5412136734701634 0.21388856963412337 0.7143834592665452 0.0 5.951983691560332 0.98377556 16.406525751839528 3.2282275610177016 2.7157116595716366 0.16095737214810657 1.9544100476116797 21.425496347928487 5.174132944316083 1.4134274509731748 2.372797377023057 3.6696671761349977 False
418 9993.201061163849 710.7193925037794 214.8307749869785 52.79317366877332 9987 9998 705 716 109.0 2.734653567933573 2.136616374139588 55.52392424157734 0.6241412394865478 -0.037984745908573266 1.0875873976272894 0.0 36.06534692121565 2.8251991 54.13754264357525 6.558487188562824 2.275906439735591 0.40770817347528093 5.890312181373172 70.41665280950754 10.44596845833478 2.243998805802245 4.3321033641180975 9.125068830709834 False
419 9787.924310960121 714.7001683909838 214.83256310358306 52.79449967482342 9778 9799 707 724 328.0 3.790239017489019 2.901411620305126 -25.799142681685595 0.6434410255013585 -0.360687070757146 4.4175621411171395 0.0 197.21807518083597 5.181079 201.8723072761265 6.140630018673089 1.461808381980891 0.6123329004331741 10.217907939900583 215.40001285607173 9.825708992973365 1.866369531291708 3.592536290703251 6.236391738814786 False
420 520.7060165417145 711.8687039212037 214.91532057465562 52.853348831783634 517 524 709 715 46.0 1.9306282736490161 1.501647053170312 73.49459011066806 0.6285090526526701 -0.10778293239473885 0.4646335158264451 0.0 5.662240509856296 1.9961842 6.158940879701024 3.108509124423589 1.4 0.4937965216237028 3.826519928662906 2.2979944214357 4.951864191281042 1.3633067784010122 2.23567207690474 3.194347259991802 False
421 6656.387730915078 716.021300798389 214.86047912655707 52.814404442020994 6651 6661 709 722 130.0 2.6873355865814723 2.364254289719796 67.86410003584217 0.47538781695922006 -0.22843407296456547 1.4031295484795845 0.0 33.98218844184917 3.5031068 38.634677603809756 4.801324614898338 1.4 0.4980326047393564 6.432750982580687 35.71431034006659 7.702704860222194 1.6693075225135887 3.1923023099573156 5.386988793492641 False
422 6293.440729554447 716.4363151406263 214.86371351105515 52.81671240550944 6289 6297 710 721 80.0 2.512741768126865 1.778536995940341 -88.15157701917107 0.7064055559506973 -0.32701349629687265 0.42044860425131514 0.0 3.2223423441648684 2.5238464 5.125991075739977 6.921929209423617 2.595228463488269 0.5982698748497913 5.046265044040321 7.521182958612176 11.08493990223948 1.6398027404718598 2.338092091549904 14.534539190652216 False
423 6978.188211759704 717.1270401621813 214.85759621442077 52.8123660012279 6973 6984 711 722 107.0 3.3769886887099263 2.019089481751437 -45.858355360965156 0.8015733645607371 -0.2788348829105899 0.9546807150464889 0.0 33.63748061776687 3.0572681 52.63905788127043 6.967816975729513 2.0605035318078193 0.36891259097748313 5.836022431559495 54.936781687779046 11.192966905238372 2.655325382155171 5.028278472894623 9.491300075041682 False
424 7395.098917935534 718.1587250363223 214.85386585425653 52.8097228204911 7390 7400 713 723 92.0 2.5262047073254976 2.403493728468517 45.3476991433852 0.3078813248195681 -0.1408109108706078 0.5015617826932176 0.0 15.693443745683767 2.7119372 73.64311199374238 10.554462238786769 3.4461967647701552 0.3971112638765303 5.4115163798060095 118.87771085898046 16.93398060455206 5.265193511897625 11.958073545630782 17.054128981716005 False
425 10093.53063958336 718.8557884594466 214.8297951214537 52.79257991537103 10084 10103 713 726 222.0 4.360373291841423 2.778477437410148 12.829039958570416 0.7706894672670601 -0.23987571570642424 1.2745499535989053 0.0 98.7264058905439 4.0239167 163.82283702462217 9.44298535150498 2.2811672920083517 0.36313674053104184 8.406235467365967 171.17547207871934 15.074292631928593 3.4191286698790777 6.946142402532955 13.122118126087637 False
426 417.0 718.0 214.91618315517823 52.854040332175984 417 419 714 718 13.0 0.28867513459481287 0.28867513459481287 0.0 0.0 -0.1963012418154947 0.10538709760037346 0.0 -1.1761796787834888 1.0266044 1.011987547493014 1.3015505735794148 3.6074172471702304 -0.2613151961251432 2.0342144725641096 -1.1968346392228773 2.099044149195287 0.9557344876115179 1.5896589161961086 2.173040346928176 False
427 4125.184849296392 723.7155769965427 214.88299251535258 52.83052430868448 4120 4131 718 729 105.0 2.623367797086647 2.2130258389165953 52.76735662947744 0.5370003895107518 0.027748052438384473 1.3743250729970644 0.0 44.140171280336055 2.7704253 71.36896554660822 6.65104621652003 2.314412972428953 0.384742726525699 5.781222885281108 71.76470666741818 10.73269314180886 2.191845289754232 4.586090994860438 9.093777035287989 False
428 2142.9434334317075 723.2968896855159 214.90070266328001 52.84311037952326 2141 2145 721 726 26.0 1.326097255054974 1.2051491863067278 87.16602342346933 0.4172451603324193 0.15732637149978362 0.9865183844995806 0.0 11.226510174170306 1.4521701 28.21636292269673 4.234386455907024 2.6883543808730366 0.28655063216456483 2.876813695875796 30.318194327305477 6.810435427767532 1.6555761607340997 3.3276920456544437 4.78898568929959 False
429 2118.7334099812174 724.1281450258576 214.9009102360424 52.84326859622207 2118 2119 723 725 5.0 0.7766649067612069 0.38252299936170187 70.84397879664364 0.8703011261941787 0.15745690409075053 0.5118035813703116 0.0 1.4652712527356997 0.64387786 5.89888654252214 1.9668445722834274 2.8447268659606686 0.32020536264708344 1.2615662610100802 13.61807896294822 3.1332290641235847 1.1773955313230975 2.2890500445822184 3.447994243812702 False
430 6541.605731755838 723.6370034990987 214.8614232931757 52.81517470972579 6541 6542 723 724 4.0 0.4926328247061207 0.4768267369434172 30.15288058383279 0.2512775550428775 0.2047479788758156 0.5365792799405513 0.0 1.367050291688004 0.5892324 5.404494610171094 2.1228249695907846 3.242847762589734 0.2531591693572222 1.1283791670955126 6.242451524426421 3.385833841236853 0.9755151291651013 1.9300796372580629 2.9124278639605046 False
431 8301.908757240264 728.3055829562163 214.84567056448245 52.80401592473202 8299 8304 726 731 30.0 1.3402012399851335 1.040587615481453 -65.02606660324254 0.6301895600900759 -0.0962385187754798 1.192749176714362 0.0 12.08308565317102 1.7453562 14.463747618103822 3.3027185712552103 1.9677337230307357 0.44316782168999547 3.0901936161855166 20.956780534588404 5.277818663833078 0.972279639439725 1.7446402374097887 2.768707124402749 False
432 2721.6172164326294 730.3976873795426 214.89545813248316 52.83947407049215 2719 2724 728 733 29.0 1.5008457929112327 1.3453593382412596 47.47130440365549 0.4432444506475144 -0.16094160578638453 0.4847297013986374 0.0 3.773011565423764 1.5745988 8.138571612587938 4.619940703542941 2.4856360667262254 0.4615315720162725 3.0382538898732494 -3.9692465278382114 7.311433640721644 1.7912806568531003 3.20008257775853 5.607269594360973 False
433 609.4131802518358 730.5639369641347 214.91433107407127 52.85288655960634 608 611 729 733 15.0 1.1396155266644075 0.8541418215065373 -44.033244739405504 0.6620043585117027 0.06986783205384252 0.4599175245091251 0.0 3.682826121757791 1.1778424 34.40668064939665 4.723598760726096 3.654711511087113 0.34264097325018966 2.1850968611841584 62.33180993423568 7.48780609706736 3.1037488146932946 6.209220191888861 7.835184704896515 False
434 8329.301667857868 732.7417355472842 214.8453796303617 52.80386578787864 8328 8331 731 734 12.0 1.1216290486852587 0.7624571860905034 -46.76410067217635 0.7334192308196312 0.030527634793280387 0.5043580291219252 0.0 3.016736955971627 1.145339 6.352291676919556 2.9868469205138046 2.2290158672575413 0.31138358399674515 1.9544100476116797 7.908291154402732 4.742025669701014 1.1423441414593456 1.9232290855117535 2.75084073379452 False
435 2523.9970233885265 734.2662118315961 214.89718290620056 52.84074987701109 2521 2526 732 736 20.0 1.6206355697800365 0.8289616248245022 43.15681188991814 0.8592808781010344 -0.19908802095462108 0.4883454010877646 0.0 3.9689583716915706 1.430753 17.088660305969146 4.405791793070056 2.803961024114897 0.38061917608261403 2.5231325220201604 25.485577150045962 7.000799942975658 2.286214434654876 4.025267561988728 6.899511699895907 False
436 3185.0898956377005 739.4784743292284 214.89122262852956 52.836579813996096 3182 3188 736 742 35.0 1.6351509185315172 1.2579804045396168 35.29543826702074 0.6388444082363781 -0.09668956328025949 0.5720098661444095 0.0 5.2946140665672115 1.6069506 10.707558681265102 5.102395620166087 2.93200650643413 0.42560477265056423 3.3377905890622728 0.6535113956730889 8.135980980534491 1.445180612770594 3.2862520922737284 4.960283166575263 False
437 8889.328632582115 736.4380885005825 214.8403465175447 52.80032717684548 8888 8890 736 737 6.0 0.7452523602725598 0.493800773690046 4.958633994751074 0.7489775412879774 0.13648492183641092 0.8288347974985476 0.0 2.9788949648495215 0.9155505 18.564154415014638 3.6988140082239855 3.5634278237202768 0.2926231192850972 1.381976597885342 19.363790830338544 5.901448012111502 1.4702615523401403 2.5586959620116567 4.099438325064417 False
438 2072.3832859109752 757.2893963977948 214.90097574067678 52.84374187224158 2061 2084 738 779 803.0 8.481016702980021 5.260386589151837 87.1563498002713 0.7844008381513691 -0.45018907267208047 1.3072058568761276 0.0 199.43530082935786 8.105459 283.85486905725594 18.138077495925778 2.1571400104734537 0.4630300736238139 15.987583888930306 312.05626959063096 29.04203504240979 4.892387188837648 10.914655774313687 20.618316462863447 False
439 2578.628763979315 758.9689477765893 214.8964351441517 52.84053625795094 2560 2600 738 780 1254.0 7.448383554215538 5.016400356608121 58.41849774810377 0.7391977384728508 -0.4045551867330224 12.468791712998653 0.0 881.1464500488628 10.679791 897.9388940698499 11.680967336232365 1.4285073568428743 0.6684524109728446 19.979003910967972 956.5286577700522 18.679580665973376 2.5288507896929175 5.6748300681314845 11.883785420197153 False
440 2755.4369267677744 742.636215784966 214.89502735208885 52.83932534581666 2751 2760 738 748 88.0 2.4514534402809773 2.289735422987134 -68.19332537171512 0.35718991025546004 -0.32586978168777714 0.6455818952711815 0.0 13.030191865173261 2.8231223 24.114072048652602 8.039290889597732 2.5562917091461346 0.42378874645750164 5.292567428401227 3.3358029301004457 12.894493927087149 2.3556341011930217 5.003289760179424 11.912790348153388 False
441 6379.212160964901 738.5476087699176 214.8627156835075 52.816286777647804 6379 6380 738 740 5.0 0.5827061756748534 0.40104663213737696 79.16909459696313 0.7254750496262953 0.022580682247286207 0.22825333906267845 0.0 0.5281858368503016 0.6303744 3.2253309760599653 1.9763277058220698 3.2724910004727303 0.5143670000587941 1.2615662610100802 3.3925364361059414 3.172922797277374 1.123430666915902 1.7522197293609107 2.5520503703414126 False
442 8225.284802426693 742.0935025194364 214.84620904042384 52.80457713447526 8221 8229 738 746 65.0 2.451599996327551 1.627778917634727 -63.57623697580785 0.7477628092094505 -0.16807865553658852 0.6827192855668459 0.0 14.73202066284659 2.5772362 21.729591432538363 4.809848631848711 1.6993257309885812 0.3825931982228364 4.54864184146723 22.130876147315504 7.7017783485901035 2.035010609887458 3.508564264666341 5.3142781906286665 False
