outputs/dr0.5_c0.1/nircam3_f814w_dr0.5_c0.1.ecsv
# %ECSV 1.0
# ---
# datatype:
# - {name: label, datatype: int64}
# - {name: xcentroid, datatype: float64}
# - {name: ycentroid, datatype: float64}
# - {name: sky_centroid.ra, unit: deg, datatype: float64}
# - {name: sky_centroid.dec, unit: deg, datatype: float64}
# - {name: bbox_xmin, datatype: int64}
# - {name: bbox_xmax, datatype: int64}
# - {name: bbox_ymin, datatype: int64}
# - {name: bbox_ymax, datatype: int64}
# - {name: area, unit: pix2, datatype: float64}
# - {name: semimajor_sigma, unit: pix, datatype: float64}
# - {name: semiminor_sigma, unit: pix, datatype: float64}
# - {name: orientation, unit: deg, datatype: float64}
# - {name: eccentricity, datatype: float64}
# - {name: min_value, datatype: float64}
# - {name: max_value, datatype: float64}
# - {name: local_background, datatype: float64}
# - {name: segment_flux, datatype: float64}
# - {name: segment_fluxerr, datatype: float32}
# - {name: kron_flux, datatype: float64}
# - {name: kron_fluxerr, datatype: float64}
# - {name: kron_radius, unit: pix, datatype: float64}
# - {name: gini, datatype: float64}
# - {name: equivalent_radius, unit: pix, datatype: float64}
# - {name: kron4_2_flux, datatype: float64}
# - {name: kron4_2_fluxerr, datatype: float64}
# - {name: radius_kron20, unit: pix, datatype: float64}
# - {name: radius_kron50, unit: pix, datatype: float64}
# - {name: radius_kron80, unit: pix, datatype: float64}
# - {name: near_border, datatype: bool}
# meta:
#   PHOTMJSR: 0.3925000131130219
#   PIXAR_SR: 2.11539874851881e-14
#   __serialized_columns__:
#     area:
#       __class__: astropy.units.quantity.Quantity
#       unit: !astropy.units.Unit {unit: pix2}
#       value: !astropy.table.SerializedColumn {name: area}
#     eccentricity:
#       __class__: astropy.units.quantity.Quantity
#       unit: !astropy.units.Unit {unit: ''}
#       value: !astropy.table.SerializedColumn {name: eccentricity}
#     equivalent_radius:
#       __class__: astropy.units.quantity.Quantity
#       unit: !astropy.units.Unit {unit: pix}
#       value: !astropy.table.SerializedColumn {name: equivalent_radius}
#     kron_radius:
#       __class__: astropy.units.quantity.Quantity
#       unit: &id001 !astropy.units.Unit {unit: pix}
#       value: !astropy.table.SerializedColumn {name: kron_radius}
#     orientation:
#       __class__: astropy.units.quantity.Quantity
#       unit: &id002 !astropy.units.Unit {unit: deg}
#       value: !astropy.table.SerializedColumn {name: orientation}
#     radius_kron20:
#       __class__: astropy.units.quantity.Quantity
#       unit: *id001
#       value: !astropy.table.SerializedColumn {name: radius_kron20}
#     radius_kron50:
#       __class__: astropy.units.quantity.Quantity
#       unit: *id001
#       value: !astropy.table.SerializedColumn {name: radius_kron50}
#     radius_kron80:
#       __class__: astropy.units.quantity.Quantity
#       unit: *id001
#       value: !astropy.table.SerializedColumn {name: radius_kron80}
#     semimajor_sigma:
#       __class__: astropy.units.quantity.Quantity
#       unit: !astropy.units.Unit {unit: pix}
#       value: !astropy.table.SerializedColumn {name: semimajor_sigma}
#     semiminor_sigma:
#       __class__: astropy.units.quantity.Quantity
#       unit: !astropy.units.Unit {unit: pix}
#       value: !astropy.table.SerializedColumn {name: semiminor_sigma}
#     sky_centroid:
#       __class__: astropy.coordinates.sky_coordinate.SkyCoord
#       dec: !astropy.table.SerializedColumn
#         __class__: astropy.coordinates.angles.Latitude
#         unit: *id002
#         value: !astropy.table.SerializedColumn {name: sky_centroid.dec}
#       frame: icrs
#       ra: !astropy.table.SerializedColumn
#         __class__: astropy.coordinates.angles.Longitude
#         unit: *id002
#         value: !astropy.table.SerializedColumn {name: sky_centroid.ra}
#         wrap_angle: !astropy.coordinates.Angle
#           unit: *id002
#           value: 360.0
#       representation_type: spherical
#   astropy version: '5.1'
#   make_catalog parameters:
#     ab_zpt: 31.4
#     coadd_bands: !!python/tuple [f277w, f356w]
#     deblend_contrast: 0.001
#     deblend_nlevels: 32
#     deblend_npixels: 1
#     detect_kernel_fwhm: 4.0
#     detect_kernel_npix: 7
#     detect_npixels: 4
#     detect_threshold_nsigma: 3.0
#     flag_isolated_buffer: 4
#     hst_bands: !!python/tuple [f606w, f814w, f125w, f140w, f160w]
#     jwst_bands: !!python/tuple [f115w, f150w, f200w, f277w, f356w, f410m, f444w]
#     near_border_kernelsize: 21
#     reference_band: f200w
#   make_catalog version: 1.4.0
#   photutils version: 1.5.0
# schema: astropy-2.0
label xcentroid ycentroid sky_centroid.ra sky_centroid.dec bbox_xmin bbox_xmax bbox_ymin bbox_ymax area semimajor_sigma semiminor_sigma orientation eccentricity min_value max_value local_background segment_flux segment_fluxerr kron_flux kron_fluxerr kron_radius gini equivalent_radius kron4_2_flux kron4_2_fluxerr radius_kron20 radius_kron50 radius_kron80 near_border
[from data line 1540]
1541 2444.0780261927093 2093.1596959076955 214.83139134949434 52.86701202055956 2442 2447 2091 2095 19.0 1.4811805453551403 1.1064892240241238 27.101327437540338 0.6647881109552132 -0.1727034331146852 0.5070250185549333 0.0 4.380113423299891 1.2840551 18.259019094027963 5.3333861871664725 3.1626114281386326 0.31805412970939434 2.4592453796829674 15.294596520780324 8.523621616982089 2.20360064122458 4.024197730443592 6.352416331308944 False
1542 6734.175666965391 2096.7288154730527 214.79306917204275 52.839761140021274 6730 6739 2091 2101 86.0 2.7138235695049207 2.0107413824249027 -54.6790653465374 0.6715871061335253 -0.34939255254818585 0.6029375872304268 0.0 13.424611983987418 3.0202854 6.313422747183918 4.725042391447856 1.4 0.41376881985529623 5.232078956954491 -6.472993575389637 7.520572877309158 1.1044946354940164 1.8969505168383065 2.4772512056856986 False
1543 1241.1669195681152 2093.9618264192313 214.84212625674772 52.874660463910395 1240 1243 2092 2095 12.0 0.9752659434344253 0.86448833112491 41.9363665057622 0.4628953857119988 -0.010677586185886304 0.6548756878838584 0.0 3.0377687542601084 1.023441 14.29201524331464 3.545862044064309 2.9385336412988043 0.4398544295591057 1.9544100476116797 22.171639175519175 5.734803396589409 1.6755591872819404 2.9836976792992793 4.496525921796063 False
1544 6945.098651446938 2100.6167599151113 214.79114722390224 52.83844102892128 6941 6951 2094 2106 106.0 2.705207039195136 2.000679476647951 -68.4340351263803 0.6730839119878569 -0.3405216217256068 0.8990495407381393 0.0 31.310236708394612 3.0069377 37.781085677413856 4.273278690386229 1.4175398376097605 0.43726138951431365 5.808687281605183 37.49655686114379 6.782069377873273 1.9489964218636837 3.2915115406242053 4.884624392312387 False
1545 9512.335529039945 2099.87537968236 214.76826954873567 52.82211207295744 9508 9517 2094 2106 97.0 2.9365016518699596 1.9796442259171745 -77.63689165883288 0.7385939518614448 -0.17443492388203952 1.009118733811164 0.0 39.37302295291216 2.9160862 60.183886851106266 6.400367886955499 2.0504915394529375 0.32089055659175486 5.556622981616415 66.7848769364765 10.195389080955948 2.2339276892434112 4.532428180810274 6.89647513064212 False
1546 7320.334771034909 2104.21163250526 214.78776329319808 52.836074555144044 7310 7335 2095 2118 378.0 2.645276456065905 2.534637702382167 24.95388673141204 0.2861830133360549 -0.18545447999780632 72.15073253644391 0.0 1630.945340938935 5.4688516 1599.2880310653254 4.563954896179952 1.4 0.7911777519381239 10.969099187147178 1692.892374230379 7.179335357257019 1.2971088263629982 2.470500291544936 4.236584062235338 False
1547 9021.030169133574 2099.761319331356 214.77264913014997 52.82523599112197 9018 9025 2097 2102 42.0 2.1298533969151476 1.3093996312615699 9.790395366289227 0.7886955847650939 0.03687067200374824 0.759019135855811 0.0 16.320039411336392 1.9357543 27.97831008847876 4.244800491396276 1.9060596405228465 0.2875312139876284 3.656366395715726 27.011317506309226 6.833860725114817 1.8277807914415514 3.4100318991682914 5.243018664101735 False
1548 7495.69778755888 2109.400947683758 214.78614503560374 52.83498747594851 7484 7506 2101 2120 304.0 5.377007754682281 2.5965793583542105 -39.59659552650358 0.8756732164945652 -0.37455058349501724 4.004665629515415 0.0 224.43205749642618 4.7382517 247.46453229609259 7.079899181596964 1.5551735122789534 0.4851945911744547 9.83698151873187 261.0987910382548 11.443168826210485 2.805294837830515 5.338649931938406 8.622010995306379 False
1549 8273.044461472398 2110.309648818019 214.77920516601327 52.8300494246839 8266 8279 2106 2115 106.0 2.618472855198487 2.1844598529972954 -5.668923627791864 0.5513870285733694 -0.12917522447232146 1.2832953244569587 0.0 37.42970646717213 2.837524 43.94865277445838 4.898548323380584 1.6789039827929333 0.41571513565601154 5.808687281605183 49.338145195710986 7.836712710731791 1.7526469409230292 3.316612736286738 5.398372200381296 False
1550 8862.302502565952 2121.5479377992883 214.7738345047248 52.826362739518295 8848 8879 2111 2133 434.0 6.767716261959493 3.743855261204991 -27.900351643138546 0.8330529262523821 -0.2542412230597623 1.4664411361926382 0.0 131.35485265942216 6.277421 175.0428351230873 12.216009254854722 1.821513874767518 0.4287285899895414 11.753573524837677 178.8490033353646 19.524932010984376 3.76803837931054 8.078600036431018 12.769476131318527 False
1551 544.2874625397795 2114.9523748767647 214.8481309115081 52.87920164815664 539 550 2112 2119 60.0 2.9641545606132707 1.4889248668970028 26.716015052150055 0.8646875342403955 -0.032022176236574586 0.605897942852593 0.0 19.785785285014615 2.3107522 66.15057449896022 8.684999955664573 3.1028382735845317 0.29882274069056464 4.370193722368317 86.66591108984032 13.831154998653334 3.3119422742348723 6.3183766731530335 11.112519010734161 False
1552 6044.500777842117 2116.6045697635845 214.79901133928863 52.84425299083389 6040 6049 2112 2122 80.0 2.482403924480373 2.014216238998288 74.2837068359655 0.584494792036718 -0.04020721477353886 0.9024706819809474 0.0 25.604986610779363 2.6946204 40.12041310497514 6.733247802044681 2.247449820670359 0.3560068910151532 5.046265044040321 78.46081077647162 10.801950899989889 2.2204411305595184 4.096531803063617 6.44797202865195 False
1553 2619.3716275557 2127.2773683932783 214.8294669241097 52.86608190950492 2601 2637 2114 2140 750.0 6.0007330962172105 4.360090953247239 2.7697548807049284 0.6870680766566083 -0.39477783728889737 3.762142611307324 0.0 236.25367847759642 8.577205 241.42590604446076 9.93045673942669 1.4 0.6494367950021412 15.450968080927584 248.10811657486622 15.845655548797572 2.355833900174118 4.742411320096577 8.93586081143149 False
1554 6515.717552673733 2118.4278180698952 214.79478912062015 52.84126697045324 6512 6519 2115 2122 56.0 1.8808439030463044 1.6451965772104853 -11.402820789870978 0.48464323078206606 -0.15569875655837306 1.0724071937089248 0.0 19.348803511901465 2.241245 22.12443147908194 3.2972560164231415 1.4 0.39281912095816723 4.222008245644752 17.668240764556852 5.31116534583137 1.3657172451200954 2.4354065163904455 3.7667260791692843 False
1555 1658.767536324447 2125.0986287909295 214.8380683801718 52.8721747152249 1650 1665 2116 2132 207.0 4.0270862585122424 2.795641741940134 43.19875301380382 0.719772950165484 -0.3468156162491153 0.9785474675083062 0.0 51.379066362972075 4.364403 63.37520590825656 9.254705297987224 2.0652187470308023 0.4655022079440936 8.117274569709014 61.615360857339276 14.761264837940054 2.4581607592314314 4.774448051690304 7.737375479963607 False
1556 3087.824611620429 2119.511416245322 214.82536611040396 52.86306285090653 3085 3090 2117 2122 32.0 2.4573412855695187 1.0441691776005855 23.36318756850404 0.9052317240830112 -0.29852555965385186 0.2663437391062325 0.0 -1.6721486599326094 1.4971457 63.655897395824724 33.091143473707476 17.188035194210617 -0.46206492099723856 3.1915382432114616 256.34276016041855 53.11842018408278 54.440686933407086 56.534533626478556 58.93840132448479 False
1557 3142.441379227947 2118.8772711889374 214.82488517923457 52.86271231292183 3140 3144 2118 2121 16.0 1.1525361249766977 0.5781476257457517 -5.405423515911326 0.865081807748755 -0.14247110366999588 0.32825408983219295 0.0 1.3953151765194716 1.0829706 1.7281554439361975 1.3558995945584762 1.4 0.5697047345939541 2.256758334191025 0.8967441108322476 2.1866087185348833 0.715578648331782 1.196324166114963 1.5792872218428997 False
1558 3377.1251973827975 2122.494581256091 214.82275198041498 52.86124024006145 3373 3382 2118 2127 76.0 2.1931601728625614 1.9774732210981114 68.08484140875707 0.43245666406696953 -0.25897078535287404 0.825989396647117 0.0 20.32627247894947 2.1417372 35.68289617010196 5.7077005928427 2.5096984518005336 0.350953611273366 4.918490759365935 25.065960221572265 9.122959496719053 2.050771115987592 3.9811565999101686 9.497227816494384 False
1559 9888.787308089124 2123.2308038745005 214.76466933905732 52.81984362018755 9888 9891 2122 2125 13.0 1.2311289255979823 0.7103281640203961 39.194305282337545 0.8167632115517877 -0.07802833910084915 0.2676280046570999 0.0 1.0254933112567903 1.0342691 15.519655052781722 4.560987585339026 3.8132704411245295 0.5200584490495939 2.0342144725641096 18.458195594227693 7.31320639075698 2.8110790056709765 4.773271964625833 7.798975876195553 False
1560 3453.378658057059 2128.26186556658 214.82201055264935 52.8607866749396 3448 3459 2125 2132 81.0 2.3330935045741055 1.7058013487802437 -12.852904408897663 0.6822350966902984 -0.24525308723037365 0.47108593904670654 0.0 13.10467637768927 2.205099 27.733906563041263 6.218591870259112 2.8493987031512686 0.45895321083395213 5.077706251929807 28.825009281508745 9.94476601680349 2.245577422659555 5.378942568913757 9.322617601159452 False
1561 3494.3039432110745 2127.3221842724347 214.82165511100212 52.86052149729297 3492 3496 2126 2129 15.0 1.3770050785232593 0.8884673680258951 34.749633739576524 0.7639991874217319 0.0610557462952752 0.4448706512732457 0.0 3.241594939572117 0.945248 8.496328639740932 3.226626262978815 2.667637081194111 0.26869875703743623 2.1850968611841584 12.159917916383478 5.153099420289707 1.6175809524220826 2.6995072461887055 4.8247287221678885 False
1562 8752.702745540702 2130.7029872900644 214.77471500330356 52.82710902870391 8750 8755 2128 2133 29.0 1.369539715880512 1.2555671821096186 40.169437005164205 0.39939163738081307 0.004009844727798803 0.5621250318323925 0.0 8.416438095878158 1.6131383 17.328266177790358 4.21562815050917 2.4319481447753364 0.3419674688651336 3.0382538898732494 20.337704073966968 6.768816731760689 1.5568562699190052 3.0446549949052546 4.747334085984232 False
1563 2524.010081546344 2130.0175678134015 214.8302895794765 52.86670272183901 2523 2525 2129 2131 5.0 0.8536946274468976 0.4835024177570162 44.554756375844136 0.8241548020825608 -0.13079169216889483 0.27991129517958496 0.0 0.8524647590165423 0.6762732 3.6571991535691866 2.448985543175776 2.8017061808637216 0.18505918781065334 1.2615662610100802 2.51021889517414 3.939414956286734 1.047998343107771 2.375722488268665 3.5960898830689603 False
1564 6056.476251504321 2154.4076121666476 214.79850660116875 52.84438052377059 6040 6071 2129 2182 1148.0 9.267455763194285 4.629941315589988 -72.17834107843277 0.8662611733734321 -0.33045551237950876 4.221253252258696 0.0 886.569487557766 10.109666 923.0155860891429 12.274122994764642 1.4108689392974116 0.5863532889283588 19.115955360352558 939.6947129326081 19.674473655052047 4.795212770818393 8.441258924829443 13.624905076717665 False
1565 3517.408462125216 2134.4281721908187 214.82137405692094 52.860412947401656 3516 3520 2132 2137 21.0 1.3462009911165402 0.9012510264590888 71.8526142110946 0.7428325001184908 -0.13215559800749688 0.4281381934934421 0.0 4.380542201725005 1.100167 16.694104512294352 3.7278041263615065 3.112898050293587 0.34950004723991357 2.5854414729132054 27.135241342560875 5.9590904510745535 1.9855330433728726 4.173100413704618 6.588693568285836 False
1566 6421.305022911012 2136.4396585514683 214.79544159886527 52.841964261919394 6416 6425 2133 2141 63.0 2.4200089032035503 1.4657075273799434 -2.9099024353690885 0.795721995536277 -0.20245237594011845 0.5637659641581307 0.0 10.89209781122735 2.3793514 21.902144134268234 5.895840276739744 2.331003402720985 0.47149293541510956 4.478115991081385 20.456752386541847 9.437625289635118 1.9312465221501134 4.5300643204011255 7.141484081340295 False
1567 9356.658964506269 2139.0485485259082 214.76924454872508 52.82331308717897 9352 9363 2133 2144 113.0 2.0119325384382716 1.905185674217926 -52.74470673858518 0.32140119537526746 -0.11686482622199887 16.5944304005166 0.0 295.39207972885913 3.2902784 309.11097778743874 4.216592913703488 1.5802595161982034 0.5876300066748852 5.997417539138688 333.06967351688536 6.681622547823264 1.1830912098313644 2.2483134464972796 3.9843598310046926 False
1568 383.88208739702924 2139.8070675312506 214.84930240772732 52.88035484595487 379 388 2134 2144 90.0 2.494805949166067 2.177437898041549 -30.732122632158617 0.48809862234937046 -0.2577979845733861 0.5610326820208946 0.0 13.505566449965144 2.913135 28.738588338831818 8.807235654205297 2.8201380947889856 0.4505924473307649 5.352372348458314 57.351250504598774 14.018334125410133 2.621077060291262 5.1756244201645725 10.717484137796498 False
1569 2902.5772410124823 2135.832375175078 214.82684820120105 52.86432815764715 2901 2904 2134 2137 13.0 1.1050516387761062 0.8986173794879662 -55.39251254690452 0.5819977493251803 -0.06964678014100519 0.6171134383932384 0.0 3.1245633118615386 1.0165756 19.2112754836766 3.886833988334655 3.109942980709268 0.37348161448494765 2.0342144725641096 32.51434966660852 6.1813178290107835 2.1304860026348535 4.129535496132214 6.59694875970801 False
1570 8837.956938278854 2143.1335347436284 214.77382430805855 52.82663380961566 8830 8848 2135 2150 218.0 3.8313518089088503 3.0525977144312897 1.7174029306808702 0.604320014348131 -0.27273959834729605 1.2495303386860792 0.0 58.51702217320481 4.4221926 61.21268274017305 6.335263287822771 1.4 0.4807673457343438 8.33015937350939 33.985199812316914 10.15942415209161 2.2619467866216616 4.2650167328258 6.400769654191811 False
1571 4151.506120586346 2141.034498093292 214.81564461944856 52.85641819221206 4148 4155 2137 2145 57.0 1.8507336929447133 1.5906137919247996 -31.44744300523956 0.5112191596862795 -0.16362678083502508 1.803933894826821 0.0 33.2898745159928 2.0955591 38.972126569221615 2.953504427295943 1.4 0.3760811139068134 4.259537945889915 36.699181731110215 4.739727561047385 1.330509529130588 2.4191877548934233 3.92707612799384 False
1572 1468.1723385570688 2140.0111818941014 214.83961374730927 52.87346625308118 1466 1470 2138 2142 16.0 1.244414627022128 0.9439254514064217 -70.7226266250879 0.651638471107294 -0.0406292533685809 0.4617105595783701 0.0 3.7631646704169275 1.1794283 9.427312603677771 3.2495507299816673 2.2922508405418247 0.30298797411342665 2.256758334191025 15.033969035593408 5.200401575387991 1.48375921525743 2.567530482283028 3.614405882120232 False
1573 1291.2838515123058 2146.3092875862735 214.84112746433374 52.874624230135666 1287 1296 2141 2155 92.0 3.539279969353495 1.781167332517489 64.46404627265743 0.8641368043880101 -0.19935379850202206 0.5615074387208853 0.0 14.407734896489368 2.8837764 94.63791319469307 11.776198072313925 3.563400962162558 0.41556104137308375 5.4115163798060095 117.18601087308257 18.833763725821075 6.358495752717487 12.59148754452379 19.253799502057674 False
1574 7648.054308549255 2144.060526657392 214.7844217994812 52.834205400588594 7645 7652 2141 2148 47.0 1.7433493626787628 1.5647688642827542 -36.3392195073797 0.4408827420605335 0.01055629152815786 1.3237335175630318 0.0 31.511701204708636 1.9669927 52.32719911955521 4.758066784237706 2.2673613505208996 0.3125863379414968 3.8678889139475245 69.98320630335512 7.663503130061217 1.7293644965279789 3.1603656032047827 5.760888230836282 False
1575 2363.8721737089704 2145.2678412978044 214.83155898802542 52.867802623338534 2361 2366 2143 2148 28.0 1.3498323649606911 1.3258232653492499 32.640597796348494 0.18776870375532184 0.1936878807797626 1.3303074180760115 0.0 16.443576953718573 1.5582696 30.176665498109088 3.69717739483523 2.116821556444103 0.2696281555704298 2.985410660720923 30.663937723353463 5.862540612459223 1.438128321687097 2.8107695014094274 4.359765249190245 False
