outputs/dr0.5_c0.1/nircam1_f444w_dr0.5_c0.1.ecsv
# %ECSV 1.0
# ---
# datatype:
# - {name: label, datatype: int64}
# - {name: xcentroid, datatype: float64}
# - {name: ycentroid, datatype: float64}
# - {name: sky_centroid.ra, unit: deg, datatype: float64}
# - {name: sky_centroid.dec, unit: deg, datatype: float64}
# - {name: bbox_xmin, datatype: int64}
# - {name: bbox_xmax, datatype: int64}
# - {name: bbox_ymin, datatype: int64}
# - {name: bbox_ymax, datatype: int64}
# - {name: area, unit: pix2, datatype: float64}
# - {name: semimajor_sigma, unit: pix, datatype: float64}
# - {name: semiminor_sigma, unit: pix, datatype: float64}
# - {name: orientation, unit: deg, datatype: float64}
# - {name: eccentricity, datatype: float64}
# - {name: min_value, datatype: float64}
# - {name: max_value, datatype: float64}
# - {name: local_background, datatype: float64}
# - {name: segment_flux, datatype: float64}
# - {name: segment_fluxerr, datatype: float32}
# - {name: kron_flux, datatype: float64}
# - {name: kron_fluxerr, datatype: float64}
# - {name: kron_radius, unit: pix, datatype: float64}
# - {name: gini, datatype: float64}
# - {name: equivalent_radius, unit: pix, datatype: float64}
# - {name: kron4_2_flux, datatype: float64}
# - {name: kron4_2_fluxerr, datatype: float64}
# - {name: radius_kron20, unit: pix, datatype: float64}
# - {name: radius_kron50, unit: pix, datatype: float64}
# - {name: radius_kron80, unit: pix, datatype: float64}
# - {name: near_border, datatype: bool}
# meta:
#   PHOTMJSR: 0.3925000131130219
#   PIXAR_SR: 2.11539874851881e-14
#   __serialized_columns__:
#     area:
#       __class__: astropy.units.quantity.Quantity
#       unit: !astropy.units.Unit {unit: pix2}
#       value: !astropy.table.SerializedColumn {name: area}
#     eccentricity:
#       __class__: astropy.units.quantity.Quantity
#       unit: !astropy.units.Unit {unit: ''}
#       value: !astropy.table.SerializedColumn {name: eccentricity}
#     equivalent_radius:
#       __class__: astropy.units.quantity.Quantity
#       unit: !astropy.units.Unit {unit: pix}
#       value: !astropy.table.SerializedColumn {name: equivalent_radius}
#     kron_radius:
#       __class__: astropy.units.quantity.Quantity
#       unit: &id001 !astropy.units.Unit {unit: pix}
#       value: !astropy.table.SerializedColumn {name: kron_radius}
#     orientation:
#       __class__: astropy.units.quantity.Quantity
#       unit: &id002 !astropy.units.Unit {unit: deg}
#       value: !astropy.table.SerializedColumn {name: orientation}
#     radius_kron20:
#       __class__: astropy.units.quantity.Quantity
#       unit: *id001
#       value: !astropy.table.SerializedColumn {name: radius_kron20}
#     radius_kron50:
#       __class__: astropy.units.quantity.Quantity
#       unit: *id001
#       value: !astropy.table.SerializedColumn {name: radius_kron50}
#     radius_kron80:
#       __class__: astropy.units.quantity.Quantity
#       unit: *id001
#       value: !astropy.table.SerializedColumn {name: radius_kron80}
#     semimajor_sigma:
#       __class__: astropy.units.quantity.Quantity
#       unit: !astropy.units.Unit {unit: pix}
#       value: !astropy.table.SerializedColumn {name: semimajor_sigma}
#     semiminor_sigma:
#       __class__: astropy.units.quantity.Quantity
#       unit: !astropy.units.Unit {unit: pix}
#       value: !astropy.table.SerializedColumn {name: semiminor_sigma}
#     sky_centroid:
#       __class__: astropy.coordinates.sky_coordinate.SkyCoord
#       dec: !astropy.table.SerializedColumn
#         __class__: astropy.coordinates.angles.Latitude
#         unit: *id002
#         value: !astropy.table.SerializedColumn {name: sky_centroid.dec}
#       frame: icrs
#       ra: !astropy.table.SerializedColumn
#         __class__: astropy.coordinates.angles.Longitude
#         unit: *id002
#         value: !astropy.table.SerializedColumn {name: sky_centroid.ra}
#         wrap_angle: !astropy.coordinates.Angle
#           unit: *id002
#           value: 360.0
#       representation_type: spherical
#   astropy version: '5.1'
#   make_catalog parameters:
#     ab_zpt: 31.4
#     coadd_bands: !!python/tuple [f277w, f356w]
#     deblend_contrast: 0.001
#     deblend_nlevels: 32
#     deblend_npixels: 1
#     detect_kernel_fwhm: 4.0
#     detect_kernel_npix: 7
#     detect_npixels: 4
#     detect_threshold_nsigma: 3.0
#     flag_isolated_buffer: 4
#     hst_bands: !!python/tuple [f606w, f814w, f125w, f140w, f160w]
#     jwst_bands: !!python/tuple [f115w, f150w, f200w, f277w, f356w, f410m, f444w]
#     near_border_kernelsize: 21
#     reference_band: f200w
#   make_catalog version: 1.4.0
#   photutils version: 1.5.0
# schema: astropy-2.0
label xcentroid ycentroid sky_centroid.ra sky_centroid.dec bbox_xmin bbox_xmax bbox_ymin bbox_ymax area semimajor_sigma semiminor_sigma orientation eccentricity min_value max_value local_background segment_flux segment_fluxerr kron_flux kron_fluxerr kron_radius gini equivalent_radius kron4_2_flux kron4_2_fluxerr radius_kron20 radius_kron50 radius_kron80 near_border
[from data line 5162]
5163 334.4064273079906 4130.5703097601745 215.00974541537454 53.01845626540256 324 347 4122 4138 173.0 6.658977713590379 2.1935236026826463 -29.088931672236434 0.9441875161229433 -0.11089273071306527 0.44991117713773465 0.0 28.919977256198216 2.0473633 317.3004090066488 9.097455072536254 3.754719988384741 0.30671579139517613 7.420755373261929 620.4530774794526 14.256214309383175 12.500116336751839 22.87748518246924 29.757690702683394 False
5164 287.33924375502215 4135.505865446266 215.01011637820676 53.01878142775011 282 294 4132 4141 77.0 2.655831561915413 2.1544691022841507 -0.16217833924380043 0.5847382311156278 0.0011881480501693097 0.46688477076851276 0.0 16.171515538737296 1.3561695 139.5550163121349 5.511085781520768 3.577877732409916 0.3042740345829124 4.950743503369154 319.39729575299 8.95855577821584 7.560917674067119 14.33464963753229 18.582074350287392 False
5165 316.02282011093365 4131.373876297807 215.00990215730516 53.01857719066908 283 355 4107 4152 805.0 21.283172893389896 2.757616066708549 -29.503833091343495 0.9915705515423411 -0.03436222704522306 0.6092161772035755 0.0 253.67335069419363 4.466762 697.5744560875736 10.64897862650234 3.026993766599024 0.22409982048867663 16.00748132524138 1553.163541400621 inf 16.426271800192186 27.788522837956208 39.29932924539189 False
5166 319.53446919005256 4139.64119174144 215.0097834436494 53.01859961608366 313 326 4134 4146 100.0 3.7864215296133796 2.3051041859000345 -29.2149348428011 0.793337775230368 0.023343699106748036 0.38023431357643667 0.0 19.186470401102206 1.551771 260.399753535534 7.22091715751964 3.7659662064740025 0.19384109211324146 5.641895835477563 472.99848250300283 11.26271768147433 10.253534524426591 18.133303871893787 24.51468577544664 False
5167 269.6378978164196 4145.94242937243 215.0101654388907 53.01895010420156 256 285 4136 4156 250.0 8.550279094704653 2.6338820929624633 -27.48159769111103 0.9513713569177615 -0.048809740009071956 0.42213328492042473 0.0 44.0582510699533 2.5028486 461.8755613119458 11.65572936829722 3.596155771481291 0.3486744573543592 8.920620580763856 968.3790024947311 inf 14.221336838269611 29.430473991638216 39.9511226309685 False
5168 308.7346553025818 4145.469898518082 215.00981905500777 53.01869961508732 303 316 4141 4151 88.0 3.0383440628158094 2.4817552691493057 -34.22106231271082 0.5769042301895416 -0.02049887972248137 0.3925344039714574 0.0 15.84502308772837 1.4879862 241.75182773023553 6.501503279688815 3.924035366203001 0.24481374247137902 5.292567428401227 472.1398653925093 10.542117657364008 10.607661221303538 17.296789092280427 22.92235259541138 False
5169 301.38588908522723 4150.731756226186 215.0098296276017 53.018774664505486 296 306 4146 4154 64.0 2.3500790646283622 2.1330844911922355 6.065999041483148 0.4196954437973972 0.07611256707142564 0.43226911624916214 0.0 15.095200634896724 1.270058 150.26714115415643 4.876711585065469 3.68911203064013 0.16495409023332122 4.51351666838205 306.66301309709763 7.723275191290358 7.415449965994394 13.121198009929028 18.17918031179363 False
5170 275.88247232826046 4154.500866985615 215.0100190942134 53.0189567727416 264 288 4145 4163 244.0 6.062160532670778 2.918648155161936 -28.137393125729737 0.8764716579463189 0.06310759150671434 0.8060030640236138 0.0 105.02011686918469 2.497468 171.0213520433657 3.6926011749252154 2.4893889630789223 0.17678946199193518 8.812923024107548 424.7946499939415 8.312487988043904 4.617701279538054 8.45686489914361 18.701755864398706 False
5171 290.80049844743263 4157.077735625695 215.00985785902614 53.01887610019483 283 298 4150 4162 122.0 4.000044404647384 2.4648564984841235 -37.10321651691009 0.7875840165595778 0.02817179408920017 0.5274180325842942 0.0 30.77230403252727 1.9396642 149.5424695631619 4.837067965607384 3.261365216302684 0.2496531054797402 6.231677632421503 467.0605629821996 9.064419581198393 6.298005123995563 15.122137831435596 20.366355729217737 False
5172 254.86645983631496 4154.0645779626975 215.01021256726955 53.01908768820889 250 260 4151 4159 62.0 2.728031981137234 1.7073970980554791 23.1624573107307 0.7799263011801756 -0.09558466092591955 0.3768485263353986 0.0 10.426804052971704 1.2866893 90.6429325479306 5.585396333454082 3.4586454598999015 0.3340307837227263 4.442433223290478 174.68059268978556 9.51796865626022 5.905191889719433 11.092939069796014 15.873931993190688 False
5173 282.09784899489483 4179.189676000606 215.00970296293144 53.01905083026235 252 298 4158 4199 1131.0 6.7192212489207686 5.724128167041535 47.944893693427844 0.5236987774404581 -0.0836199970539629 15.10905477265244 0.0 1501.703224884751 5.8037004 1695.1307203675951 8.029534346156478 1.7805974497436867 0.6305056487109425 18.97388946088459 2056.1219650500443 12.02417105605678 3.2969344628741224 6.751842108122607 14.498556868106892 False
5174 262.0584086046503 4162.398426878247 215.01006007559903 53.019087134803144 254 269 4156 4169 125.0 3.472892429124692 2.680754015538269 1.580031598287876 0.6357340542799838 -0.038937538910072005 0.5455688490259419 0.0 35.285117249209016 1.7951775 80.70069827939804 3.752792219385698 2.8750579690578353 0.2633421232941856 6.3078313050504 227.15917135375543 8.092372085241445 3.960607119642928 14.346537728341653 18.34395470315522 False
5175 171.27282399971392 4182.729337910103 215.010661656067 53.019772768613024 162 182 4173 4193 279.0 5.502673087792974 3.3083814665766846 -44.25715981022263 0.7990747456602932 -0.2096679334525882 0.8245175527642419 0.0 74.61974664228622 4.389107 129.13809943965177 inf 1.8439771736725867 0.30067911629821986 9.423823971471327 131.23842916919588 inf 4.481208983473829 8.536318676586355 14.885422461215096 True
5176 230.61836149393315 4167.015309558258 215.01029396093008 53.01931147330554 211 253 4154 4180 410.0 13.01378872404704 2.6610625351271446 -26.234881477822498 0.9788706936033718 -0.16543936830317812 0.6330660098532657 0.0 86.59282748057169 4.1049147 489.4262504178881 inf 3.387650164567037 0.34653824412698947 11.423968370726268 980.6633707920336 inf 16.31785104195494 29.17616001329484 39.46008430935794 False
5177 209.1609531581836 4178.2714339032345 215.01036813965348 53.01950839961695 200 217 4173 4185 138.0 3.3706829114985375 2.801131907793862 -9.917154220780406 0.5562305716241335 -0.1149980527534425 0.6048451858205449 0.0 35.53574219236327 2.144475 143.42091673383095 inf 3.2669460434668425 0.30875426055517124 6.627726932618989 247.34787316398504 inf 5.503095853972988 12.546689627713882 18.75795611845562 True
5178 245.7862039893812 4184.579370503771 215.00997248091798 53.019310241005506 236 259 4176 4194 216.0 5.613602231320459 3.4139140249944653 -26.126433847975484 0.793821882680998 -0.03915509520355545 0.44253199300840096 0.0 48.438249422580384 2.6732693 355.32015492482856 9.646058369410245 3.529385366747344 0.25236948382448543 8.291859587312052 1031.0824177248428 inf 10.682177572737611 20.72660124020035 30.031948730448217 False
5179 157.2556362292341 4191.54453964723 215.01069470182043 53.019909316164366 152 165 4184 4198 137.0 3.811097110164302 2.6346177299872426 41.0339218130364 0.7225662774373719 -0.08373587771127816 0.6780683236791553 0.0 46.101068105500836 3.075153 58.743352294846495 18675228.753554344 1.8654633311860436 0.2470699399507385 6.6036697681803656 59.29998544430184 34377768.17778827 3.016054892072776 4.915983167153628 6.837258399959809 True
5180 155.00843171885904 4201.127439704232 215.01061387273484 53.019975374631684 150 160 4196 4206 91.0 3.0501530838914492 2.015202395069979 -88.03305123509114 0.7506597965065493 -0.13056226520357567 0.5022980737083399 0.0 16.18577664585151 2645751.2 18.931976195124328 14612854.677249074 2.0625245760123705 0.40798077603205557 5.382025607773058 28.240591615949075 26275560.871658314 2.4054792109621377 3.7396608457012865 5.072783437591713 True
5181 187.12077090404915 4190.745639644922 215.01043471530926 53.01971560681399 168 207 4178 4203 458.0 9.5194973101487 3.146749745415834 -24.44857913086798 0.9437855412940636 -0.2422969339607544 0.9629993047916333 0.0 122.75566188196527 5.496683 229.23588240841553 inf 2.509283927010027 0.37237444611332376 12.074184356393443 402.04761574468534 inf 6.499516176849652 14.28312512386106 21.920615064992848 True
5182 166.72697196057374 4202.952825781916 215.01048930994287 53.019910929812944 157 176 4193 4212 220.0 4.761177147949068 3.523945803197383 -34.484371203544406 0.6724509252341081 -0.30323090877364595 0.5886717132828818 0.0 48.18014781474649 5.0301213 55.859704074869796 4839420.506645466 1.7655829253935 0.3283349580383365 8.368283871884005 77.64936536191132 23977305.291632455 3.4545132084267007 6.117067633509842 8.184400578959355 True
5183 217.85554779251441 4191.1783528782125 215.01015393147864 53.0195230403992 174 260 4161 4219 1697.0 24.95145233459097 5.917938301892222 -32.02578699707605 0.9714661827484892 -0.38153117244884227 0.9292459070802892 0.0 494.0081709552676 9.786691 1854.4062308061473 inf 3.1744505692780685 0.30062895729022143 23.24159798408648 2632.3419923303077 inf 23.39240618167161 44.1240743660866 72.74671670314589 True
5184 178.79733189297275 4219.587250070299 215.01020546409828 53.01992431503929 166 197 4207 4233 449.0 8.097200985321914 5.833844387858086 -4.529509593555868 0.6934791781607317 -0.39453475233053986 0.8884156449293903 0.0 146.2352773104855 7.1474786 741.4183934578858 inf 3.173326079213303 0.31714081851047426 11.954962939989485 1243.7608391908288 inf 12.640876483786583 27.020892504168494 42.871440830168524 True
5185 154.54605804103863 4211.7294058138405 215.0105062590921 53.02003562384116 125 161 4206 4230 368.0 3.3338111792490777 2.263106455337221 -65.23161590368679 0.7342911918896659 -0.20642058828536394 0.7165374604034497 0.0 33.87624511315074 16431677.0 40.64456056560035 11364619.670677114 1.5336499361883744 0.8092184953221097 10.823032759612019 41.651175461124005 20511668.82134158 2.4379244446259407 4.040205664980856 5.6716923783752 True
5186 159.85127714774117 4221.266596256985 215.0103580347923 53.020053541136924 148 173 4212 4230 255.0 5.65350067579651 2.820479451143125 -31.16085362995009 0.866664856721893 -0.15913397803611734 1.3943862051133573 0.0 136.33339827796513 3162277.8 141.15537473544242 3605551.2680828767 1.4 0.32898957524854205 9.009385160867895 141.15537473544242 3615961.718631654 3.187697308961295 5.671694987015268 8.651577327377138 True
5187 160.1146099817778 4234.121638156718 215.01022014563114 53.02012136868115 134 172 4223 4244 399.0 5.08900565142974 3.471443170245927 -3.640767002035359 0.7312163050435142 -0.2915554059677679 1.2566410990141281 0.0 99.57613426098055 12489996.0 375.3046441944572 inf 3.3997020674030187 0.5679939495351296 11.269678104867614 557.973008923929 inf 7.364189700199938 19.65748131748057 28.8636052290994 True
5188 nan nan nan nan 109 128 4226 4239 131.0 nan nan nan nan 0.0 0.0 0.0 0.0 11445524.0 nan nan nan nan 6.457444935117649 nan nan nan nan nan True
5189 nan nan nan nan 106 140 4230 4265 647.0 nan nan nan nan 0.0 0.0 0.0 0.0 25436192.0 nan nan nan nan 14.350836085779552 nan nan nan nan nan True
5190 nan nan nan nan 107 114 4234 4242 42.0 nan nan nan nan 0.0 0.0 0.0 0.0 6480741.0 nan nan nan nan 3.656366395715726 nan nan nan nan nan True
5191 152.6244962534337 4242.494697120399 215.0101991900892 53.02021413430091 129 158 4234 4255 310.0 3.198239660810409 1.7031293975184472 82.81354718449822 0.8464168669944718 0.0 0.679682051717917 0.0 18.364071077299762 15779734.0 104.90088451454136 20402274.029874615 3.2763589147572696 0.8824521306630456 9.933582672781009 138.80139334222713 inf 6.136375182243769 10.760258524988885 15.457378558046813 True
5192 nan nan nan nan 106 122 4258 4274 184.0 nan nan nan nan 0.0 0.0 0.0 0.0 13564660.0 nan nan nan nan 7.653039857325812 nan nan nan nan nan True
5193 6934.070012025611 3982.111884309374 214.95205640353103 52.97578725762143 6929 6941 3975 3990 142.0 3.657917353819764 2.7656961128970385 84.31382915657095 0.6544735357646709 -0.13317933087485495 0.579523809831956 0.0 31.84018609558813 2.1574214 178.847023163507 7.537822589360564 3.155016002486449 0.3298797169662123 6.723094811029982 311.53317230405764 12.10986073981677 6.845541888135511 14.245594113323003 21.729924499744232 False
5194 6865.457043046991 4016.8475804025993 214.9523057679382 52.976410284531845 6807 6917 3968 4057 6174.0 14.301897746337012 10.362460472266733 -15.01954850973574 0.6892207370859792 -0.09193113944570783 63.90606964550053 0.0 15219.856282303019 14.456166 15117.51761159889 13.994957513728318 1.4 0.7124286548808706 44.3310865792699 16134.720674610846 21.330261350625342 5.337653163039338 11.997792936602794 22.055820015637316 False
5195 6908.084501231141 3988.0315527164644 214.95222709914304 52.97598413351517 6897 6921 3978 3999 318.0 5.039004845372451 4.379200445560414 4.38664557764991 0.4947056882045262 -0.012692402669191784 0.7528217997059138 0.0 111.71096455978459 2.9387493 551.4448793035955 10.784201171724556 3.3072749986982695 0.21835994432566191 10.060941497019325 869.6327303424926 18.357813330107508 9.981874483101683 24.266051868478947 33.28329610289479 False
5196 6923.604785111154 3993.0737218549766 214.9520347477749 52.975912875766596 6915 6933 3984 4000 199.0 4.05868844923715 3.5937727592405753 3.0640851677382535 0.46473133300727126 -0.038607535339710064 0.552222109465274 0.0 50.206975554571315 2.3054624 350.00860885326506 9.792800169762096 3.488697940705285 0.27081654675580097 7.958873497585845 647.9286351164963 15.996860763479303 10.199962593920848 19.55502907295835 27.508350261395424 False
5197 6839.189901372822 4060.0764178730583 214.95208578978466 52.976810459164724 6833 6845 4055 4065 119.0 3.2974783124940266 2.292746078612279 19.84963505463459 0.718716872289257 0.0794651586715742 0.7094987854609578 0.0 37.630578465422595 1.8210945 125.09203289866042 6.044688397521271 2.9764121382731887 0.2615211617600778 6.154581744998688 239.09408364312233 9.62378062202856 4.523423180757759 11.591716173757556 18.650779289806316 False
5198 7968.0080225160045 3976.7235525773926 214.9428405110288 52.969196458717065 7964 7971 3972 3981 64.0 2.504512034615397 1.849487424013622 -82.57347595665586 0.6742948943344523 0.14741819354922042 0.5626881917899451 0.0 22.824859978907718 1.4486054 77.52999854027931 5.181801398096848 3.0094857892547715 0.1784962790391906 4.51351666838205 122.79154235551289 8.380218031207967 3.536520352028805 6.685009563602874 10.09758500408233 False
5199 7987.969540435238 4016.6125937170846 214.94224114864258 52.96928518108552 7955 8023 3982 4057 3371.0 11.696489844665559 6.564521047458376 43.69566039474831 0.8276540856471292 -0.021506568016491753 47.13238182400194 0.0 9884.554946109572 11.151643 9771.2743074255 10.5436028154995 1.4 0.723107407423704 32.75702407615134 10328.906932380725 16.00788651814231 4.283847831664462 8.430603272749494 16.164230399097796 False
5200 6176.797930137861 3985.924874414738 214.95880945036836 52.98061328299031 6171 6182 3981 3992 115.0 2.7127994958972965 2.5257542676343805 61.446138112219614 0.364889463842969 -0.09118060410490568 0.5951416745622632 0.0 23.56343104026186 1.7423719 55.163098802000206 5.211057185382037 2.6611120226537106 0.3811407992968545 6.050259243299904 75.76161054627198 8.33470788679469 2.998098092800462 6.983502065847587 11.104240566991436 False
5201 6178.282492884386 4001.81665575147 214.95862864450362 52.980689705442785 6173 6184 3993 4010 158.0 3.584822257069832 2.5040876351419024 -84.57069091473001 0.7155857417185494 -0.00542991252373405 1.1266199566748334 0.0 74.52737094440386 2.373551 117.9207153677616 5.136175887262982 2.289056085339285 0.3103088066265387 7.091753098990329 146.1121464300508 8.078422834213491 2.837774394705484 5.615003082312888 9.9312741875048 False
