outputs/dr0.5_c0.1/nircam1_matched_f200w_f277w_dr0.5_c0.1.ecsv
# %ECSV 1.0
# ---
# datatype:
# - {name: label, datatype: int64}
# - {name: xcentroid, datatype: float64}
# - {name: ycentroid, datatype: float64}
# - {name: sky_centroid.ra, unit: deg, datatype: float64}
# - {name: sky_centroid.dec, unit: deg, datatype: float64}
# - {name: bbox_xmin, datatype: int64}
# - {name: bbox_xmax, datatype: int64}
# - {name: bbox_ymin, datatype: int64}
# - {name: bbox_ymax, datatype: int64}
# - {name: area, unit: pix2, datatype: float64}
# - {name: semimajor_sigma, unit: pix, datatype: float64}
# - {name: semiminor_sigma, unit: pix, datatype: float64}
# - {name: orientation, unit: deg, datatype: float64}
# - {name: eccentricity, datatype: float64}
# - {name: min_value, datatype: float64}
# - {name: max_value, datatype: float64}
# - {name: local_background, datatype: float64}
# - {name: segment_flux, datatype: float64}
# - {name: segment_fluxerr, datatype: float32}
# - {name: kron_flux, datatype: float64}
# - {name: kron_fluxerr, datatype: float64}
# - {name: kron_radius, unit: pix, datatype: float64}
# - {name: gini, datatype: float64}
# - {name: equivalent_radius, unit: pix, datatype: float64}
# - {name: kron4_2_flux, datatype: float64}
# - {name: kron4_2_fluxerr, datatype: float64}
# - {name: kron4_2_mag, datatype: float64}
# meta:
#   PHOTMJSR: 1.891700029373169
#   PIXAR_SR: 2.11539874851881e-14
#   __serialized_columns__:
#     area:
#       __class__: astropy.units.quantity.Quantity
#       unit: !astropy.units.Unit {unit: pix2}
#       value: !astropy.table.SerializedColumn {name: area}
#     eccentricity:
#       __class__: astropy.units.quantity.Quantity
#       unit: !astropy.units.Unit {unit: ''}
#       value: !astropy.table.SerializedColumn {name: eccentricity}
#     equivalent_radius:
#       __class__: astropy.units.quantity.Quantity
#       unit: !astropy.units.Unit {unit: pix}
#       value: !astropy.table.SerializedColumn {name: equivalent_radius}
#     kron_radius:
#       __class__: astropy.units.quantity.Quantity
#       unit: !astropy.units.Unit {unit: pix}
#       value: !astropy.table.SerializedColumn {name: kron_radius}
#     orientation:
#       __class__: astropy.units.quantity.Quantity
#       unit: &id001 !astropy.units.Unit {unit: deg}
#       value: !astropy.table.SerializedColumn {name: orientation}
#     semimajor_sigma:
#       __class__: astropy.units.quantity.Quantity
#       unit: !astropy.units.Unit {unit: pix}
#       value: !astropy.table.SerializedColumn {name: semimajor_sigma}
#     semiminor_sigma:
#       __class__: astropy.units.quantity.Quantity
#       unit: !astropy.units.Unit {unit: pix}
#       value: !astropy.table.SerializedColumn {name: semiminor_sigma}
#     sky_centroid:
#       __class__: astropy.coordinates.sky_coordinate.SkyCoord
#       dec: !astropy.table.SerializedColumn
#         __class__: astropy.coordinates.angles.Latitude
#         unit: *id001
#         value: !astropy.table.SerializedColumn {name: sky_centroid.dec}
#       frame: icrs
#       ra: !astropy.table.SerializedColumn
#         __class__: astropy.coordinates.angles.Longitude
#         unit: *id001
#         value: !astropy.table.SerializedColumn {name: sky_centroid.ra}
#         wrap_angle: !astropy.coordinates.Angle
#           unit: *id001
#           value: 360.0
#       representation_type: spherical
#   astropy version: '5.1'
#   kernelfile: kernel_f200w_f277w.fits
#   make_catalog parameters:
#     ab_zpt: 31.4
#     coadd_bands: !!python/tuple [f277w, f356w]
#     deblend_contrast: 0.001
#     deblend_nlevels: 32
#     deblend_npixels: 1
#     detect_kernel_fwhm: 4.0
#     detect_kernel_npix: 7
#     detect_npixels: 4
#     detect_threshold_nsigma: 3.0
#     flag_isolated_buffer: 4
#     hst_bands: !!python/tuple [f606w, f814w, f125w, f140w, f160w]
#     jwst_bands: !!python/tuple [f115w, f150w, f200w, f277w, f356w, f410m, f444w]
#     near_border_kernelsize: 21
#     reference_band: f200w
#   make_catalog version: 1.4.0
#   photutils version: 1.5.0
# schema: astropy-2.0
label xcentroid ycentroid sky_centroid.ra sky_centroid.dec bbox_xmin bbox_xmax bbox_ymin bbox_ymax area semimajor_sigma semiminor_sigma orientation eccentricity min_value max_value local_background segment_flux segment_fluxerr kron_flux kron_fluxerr kron_radius gini equivalent_radius kron4_2_flux kron4_2_fluxerr kron4_2_mag
[from data line 1428]
1429 2429.81355195968 1840.678575365425 215.01505104006043 52.9927883165017 2419 2439 1831 1846 195.0 2.6308020461525103 2.0891347807288034 -89.4883366261669 0.6077797376399929 -48.9722709392393 24.78602124464501 0.0 -45.95046196462744 13747727.0 3.4054563020330875 14543545.535006307 1.4 -1.0260115768498512 7.878478774854901 -37.58465797128119 22375955.28404627 nan
1430 2730.407478016029 1835.3509420332186 215.0124072291444 52.99085335498437 2727 2734 1832 1839 48.0 1.8066490235553785 1.5861307119942247 48.78967779753019 0.47876938476156117 0.0981440189541701 0.6865179677913648 0.0 16.943145965455873 1.6892375 37.555304595495336 4.825770631827961 2.692524466961726 0.26392703547260876 3.9088200952233594 36.56393404692436 7.746690791528558 27.492367707745284
1431 6689.065645002688 1850.8343674904752 214.97670957487077 52.96582821824847 6671 6704 1832 1878 1008.0 9.444542037773283 4.431897176320915 73.23187784345535 0.8830627859086728 0.11533439978087938 14.78633147712567 0.0 1114.4842153847421 7.950259 1167.995534520125 9.932479109605103 1.4181246707359572 0.5693614569704522 17.91246396432554 1218.314331783923 15.386698215493753 23.68560161721509
1432 7065.45521156962 1838.995432299888 214.97345779240845 52.96337634508696 7058 7074 1832 1846 182.0 4.229977545819945 2.6093170467418036 27.29992732527805 0.787070467152334 0.07830218834212742 0.745713935905531 0.0 57.48941150892026 3.1482422 84.8261006641941 7.117077062681467 2.088496235586727 0.28139889515217137 7.611333607551958 107.55452823044459 11.294552835051244 26.320928250869212
1433 1533.351687594722 1840.363079532332 215.02310780322796 52.99847098254506 1527 1540 1834 1846 141.0 2.8289989497496317 2.5200274513145664 11.047418622505193 0.45442665130189047 0.11259153128255094 1.7721405559254588 0.0 81.72930687481286 3.0238223 94.85704413238471 4.408290899206163 1.5078288531964512 0.3719800806633129 6.699380116989518 94.95493145232011 6.991072630810831 26.456206188509743
1434 8861.685973297534 1855.4631140520767 214.95717598360005 52.95206825955551 8842 8879 1834 1877 1235.0 8.702441903583342 6.73234508298928 45.29971696893323 0.6336551552207021 0.08506919666391916 6.066546778822772 0.0 1240.1483524208375 9.044098 1424.332639594847 14.209548990825432 1.6818204955441842 0.42364601629650156 19.827070117316413 1531.881766773588 22.47531265192973 23.436936882481973
1435 9147.878952463927 1838.3932288763956 214.95479001149604 52.95015996578482 9145 9152 1835 1842 49.0 2.088607728219247 1.5354577677399097 57.83237453724405 0.677895234888596 0.10602403066383552 0.7421591833522707 0.0 22.8272745711674 1.7191762 44.010575622307215 4.652499161858544 2.4081113251302666 0.18937250193569719 3.949327084834294 53.973190004640244 7.477289818549159 27.06955478212663
1436 10206.180491297271 1836.4232033194858 214.94532480691532 52.943433199516186 10205 10207 1835 1838 9.0 0.9475451845616327 0.6804608670325232 -72.42492844394076 0.6959087108183858 0.4080860859474699 0.7020046282966675 0.0 5.006332582125548 0.7555344 20.0605603392735 2.671976688285329 3.043432852791209 0.10942099415147777 1.692568750643269 26.061326290271783 4.225159085525884 27.860008715813233
1437 889.7161355061058 1839.642048945695 215.02889885620172 53.002547970705336 888 892 1837 1842 23.0 1.2692364681015176 1.1173895041760196 54.88814443297457 0.47429953165994015 0.13470480760748063 0.5782598386446864 0.0 7.612103587605745 1.2643259 18.16256235731146 3.6810068363065884 2.729741359459977 0.24904966473662715 2.7057581899030048 21.68679309052349 5.823905864598805 28.059511660082045
1438 1685.733569170495 1842.4611169653779 215.02171661521527 52.99751612821584 1682 1689 1839 1846 49.0 2.0954905095152396 1.505781366886906 -34.28391540095759 0.6954424345585332 0.11185794628876856 0.6183391890190291 0.0 17.18636555310394 1.7332742 27.814761664961313 4.089478052848766 2.0681077206065677 0.21997573925096947 3.949327084834294 30.29268357908235 6.451804352306382 27.69665562882018
1439 2374.0 1842.270174235567 215.0155356163299 52.99315084582871 2371 2377 1839 1845 36.0 0.7420833422892581 0.28867513459481287 90.0 0.9212350717039397 -1.0988639113712624 0.21266797109090185 0.0 -2.60219295477732 6000000.0 -0.8743909370622969 2871269.8444689563 1.4 -0.933404228728544 3.385137501286538 -1.9225326698711231 4594031.75115033 nan
1440 4257.990859395808 1843.7456678835274 214.99860169437966 52.981210909922645 4253 4263 1839 1849 89.0 2.6462452660649527 1.7522477580708415 -49.93110689052211 0.7493591485513694 0.05115451307698174 1.260010536679951 0.0 39.70185512979042 2.2831068 60.049255323985406 4.972255993436127 2.2032189622846245 0.35903454580044414 5.322553886092406 73.08391005386451 8.063803385786896 26.740445563897026
1441 3727.915752942364 1844.8614191694705 215.00334911113032 52.98457882227747 3725 3731 1842 1848 36.0 1.6692474085519524 1.4923578690022288 47.86804663940212 0.44800636989411924 0.18097933105877442 0.5420432390880033 0.0 13.198967833392162 1.5886875 45.27736007994319 5.4857926253995695 3.0177364887844083 0.15504134671080777 3.385137501286538 78.84747750223224 8.851653515308891 26.65803049028236
1442 4002.4026096701837 1844.8917021618122 215.00088427607997 52.98283813910286 3999 4006 1842 1848 47.0 2.0281678515548247 1.5297806696783733 44.034294385041306 0.6565674792237018 0.20611474784527495 0.6954122112467527 0.0 20.178860176053394 1.7583472 67.16661423535903 5.937932218268629 2.9498893713660452 0.18637592210472925 3.8678889139475245 114.4415399160103 9.592376366728239 26.253540767490986
1443 7735.137761313204 1854.5982710716155 214.96728683301123 52.95921177730123 7726 7742 1842 1871 342.0 6.529601687945087 3.2768234501708644 72.4098935403319 0.8649597466471688 0.11336248116772345 1.6763722947609752 0.0 208.30589057331474 4.4748282 298.1167978227421 9.221899594840496 1.9585485413418482 0.2953692646836553 10.433694507453072 307.51417255584306 14.652083387187288 25.18033715971361
1444 802.8070161013321 1848.652399546128 215.02958493966068 53.00314771248082 796 808 1844 1854 83.0 3.1320975561645543 1.5370486247762338 -38.904313174350996 0.8713055091975367 0.0638020354584094 0.7393554319061681 0.0 23.825390512016078 2.196419 29.75394081360494 3.292191546914517 1.4 0.3483574826030434 5.140011726956917 28.354760912823338 5.2818584225169065 27.76843502582763
1445 2600.476172507942 1859.2309573314851 215.013322667073 52.99180640422941 2589 2611 1845 1872 487.0 5.597108411127622 3.9513821003946967 -72.28766293825343 0.7082432559057814 0.06896119094129778 3.0262235366063654 0.0 291.047878149912 5.507933 341.454037595105 8.81170667162475 1.7164177490873087 0.45418003930716244 12.450578884995911 368.441360313095 13.984687546978527 24.98407905729347
1446 7228.049418687653 1848.3953251121727 214.97190030996742 52.962395565900685 7227 7230 1845 1851 19.0 1.7241702895740807 0.853602203567832 -84.86270191760869 0.8688474014664731 0.2647260116835104 0.42818866329688743 0.0 6.609494103489985 0.99076134 42.4873156389056 4.200488098747396 3.3274389424142243 0.0925633466697827 2.4592453796829674 70.59793346956877 6.657475774546012 26.77802002838672
1447 1061.022175452735 1846.9768141267984 215.02728218412355 53.00150151944334 1060 1062 1846 1848 9.0 0.8089077484094701 0.8041824247235374 75.8449504338445 0.10793097712445246 0.2818061186189031 0.35730147883281577 0.0 2.8908346778798992 0.73986393 21.176732060147675 2.9859937417315905 3.4273401312441893 0.039345833246534526 1.692568750643269 31.674820950506685 4.799389308958444 27.648214578477262
1448 4074.463141426504 1893.6856521667119 214.99972328402396 52.98264485745404 4028 4121 1846 1937 6294.0 11.02755023422923 9.253613350875911 -60.35184754702293 0.5439218070247988 0.0037547182195064133 228.65503913447512 0.0 28439.19529254947 25.077948 27763.381503677236 21.783073863751152 1.4 0.7982434833481106 44.759830469303374 28894.809151628873 29.540653664097096 20.24795042418868
1449 8833.49456765533 1846.4440016872181 214.95752372824325 52.952198432934125 8833 8834 1846 1847 4.0 0.500071780758071 0.4967523454262103 -10.076719538664335 0.1150294461292438 0.6826271276659662 0.8740911579356091 0.0 3.116750466529721 0.50795597 20.27463089364482 1.9351647698104542 3.698230783951178 0.07828598015518538 1.1283791670955126 32.83074108440135 3.106089106041588 27.609298284706227
1450 7271.195696337921 1850.455245647822 214.9714916017069 52.96213295394559 7269 7274 1847 1854 33.0 2.0546115937327514 1.1700190744634982 -63.68202285044931 0.8220190585539473 0.14301260665517423 0.2933656194192947 0.0 6.7826677214704105 1.3548896 62.12542912406661 5.7253731155841505 3.59612728229749 0.1121587638271496 3.2410224072142872 133.9443503185612 9.105693546978838 26.082688999787038
1451 10112.361948923304 1852.711172729231 214.9459940757892 52.94411658022508 10104 10121 1847 1858 165.0 3.832497368992101 2.2932281855589505 1.5744701413309956 0.8012244428732646 0.15197122758048442 1.780565879521212 0.0 108.71018053367268 3.3356595 149.15495010793035 6.735473960064302 2.062281261792539 0.34218352233052485 7.247146419131151 182.68139062863787 10.654722006390047 25.74576422766307
1452 868.7727687898589 1853.998297216433 215.02893580908315 53.00275839181231 865 873 1849 1858 70.0 2.0220000712978994 1.8961997901365302 -88.13654068895065 0.34721856011530744 0.10258848381563877 0.8547322025937986 0.0 24.472447826000877 2.0392015 35.368606725886025 4.009857251212255 1.9155395099840469 0.32777720036189445 4.720348719413148 35.136095669804206 6.312891936569717 27.53561624763008
1453 8592.621096345338 1849.9026542262416 214.95964694724788 52.95374557587389 8591 8594 1849 1851 10.0 1.071995492676923 0.6686215382233891 -25.916860898386282 0.7816504482914616 0.2199550166175213 0.37147950103315763 0.0 3.076760798339934 0.7894469 20.970648182594157 3.1515044027865575 3.5140459103626425 0.09545822409136982 1.7841241161527712 25.88677999942721 5.016112801712492 27.867304917892216
1454 10138.690246247455 1853.656197255159 214.94574816363664 52.94395459258706 10133 10145 1849 1859 109.0 3.047136998567595 2.12866295869061 -23.823467816754373 0.71553388273028 0.05072413973433421 0.45481229491558134 0.0 22.856253351941348 2.6052816 74.74329029270875 8.310011900502332 3.0093896259657598 0.2737140384162799 5.890312181373172 113.09121163883194 13.34165094411072 26.266427857382567
1455 2063.0117653477605 1853.0963286558945 215.0182151543036 52.99518137740729 2060 2066 1850 1856 39.0 1.5616860657162106 1.4518864965368654 19.48645280989642 0.3683387494544391 0.27322639209394683 1.508050070542116 0.0 27.373190389856628 1.5470798 38.02366731507029 3.072912062559176 1.89147372527132 0.27575096481301187 3.523362819972964 40.021084833060186 4.8205149907738996 27.394277858300846
1456 2548.535130818118 1856.5299054508885 215.0138176582345 52.99212117541035 2542 2555 1850 1862 136.0 2.8807916715641806 2.364603663540561 -35.44680571836611 0.5711908153881252 0.06253765047950367 1.4818535788661227 0.0 67.40121272037089 3.1663046 77.71221707069449 4.325358299257119 1.4 0.3801582578448397 6.579524642479541 72.66843826824731 6.990550764880079 26.746635433037234
1457 4046.831675478658 1851.0468888637424 215.00042054098014 52.982589628015184 4046 4048 1850 1852 6.0 0.7338168655422731 0.5836761556121236 -43.228856519348035 0.6060880275241611 0.1360879393442572 0.27390014883801145 0.0 1.2765234800056955 0.7207292 4.977118138766256 2.5011666088139073 3.06159502528392 0.15361106584080855 1.381976597885342 7.286458543974942 4.04139266352346 29.243708754142148
1458 4109.486917159261 1851.3333540061585 214.9998550002007 52.98219379580692 4109 4110 1850 1853 7.0 1.001555994493588 0.48122971245917545 -81.15361492963557 0.8770045416145921 0.35346748927358446 0.5781684187340989 0.0 3.1681940299324185 0.66968244 38.02883244839162 2.9956541771111795 3.817383740754571 0.09517590946036791 1.4927053303604616 69.11573563190157 4.803687015417507 26.8010576630368
1459 9328.333422869116 1852.4480370713184 214.95302429430467 52.949090743742026 9326 9331 1850 1855 28.0 1.4264446794658405 1.2879368626488832 56.385178016836 0.42985071671913583 0.20452899276566655 0.7100459982507984 0.0 12.454434011708441 1.2967813 26.258789118452427 3.680273203716828 2.45408633610857 0.20197301283793687 2.985410660720923 30.229346515906528 5.910144182919399 27.6989281027471
1460 10294.972367752995 1855.6191813922424 214.9443268969893 52.942973346595316 10287 10303 1851 1861 142.0 3.6048820138456112 2.152105747391534 -14.177988849293927 0.8022430552112166 0.23837573698243172 2.2149267521240072 0.0 121.17195585451141 3.1644745 175.22828445675174 6.4230821144821375 2.086715896033522 0.3193051945420398 6.723094811029982 191.5102973319543 10.147205213471342 25.694519673635074
1461 9791.49235315746 1856.5599010914325 214.94882938162436 52.9461737126862 9786 9798 1853 1861 86.0 2.8869703559825237 1.9787976245874899 -11.130183753020274 0.7281445486774896 0.26521921998842973 0.9722915402160558 0.0 49.91142979600876 2.407432 93.57611833511538 6.250514068709568 2.345266081955157 0.1779814903989039 5.232078956954491 103.43726752135555 9.968111858378517 26.36330740158538
1462 4187.627009438852 1854.8321047481152 214.9991166103067 52.98171711294897 4186 4189 1854 1856 8.0 1.1089570194622167 0.5181278490128471 35.184518882282795 0.8841406397068279 0.22012889287468063 0.3457906272884937 0.0 2.214578799855704 0.6695236 19.421722959405805 2.920428551508756 3.6164942553113986 0.09507238749941425 1.5957691216057308 28.41352094044906 4.617358835770567 27.766187365335274
1463 10006.181374509362 1868.8215743556095 214.94677603038875 52.9448774524133 9997 10016 1855 1882 321.0 6.747110451060576 2.523561230010091 -60.306796541192014 0.9274202207404024 0.13198589569670005 1.8145149230112805 0.0 215.93473481733636 4.510516 270.61711015320225 8.699525261547032 1.935148149603043 0.3490121415833547 10.108287365572707 313.1931409673505 13.80792683365378 25.16046939425434
1464 8096.598326090408 1868.36682429589 214.96390023747904 52.95699270686457 8091 8103 1856 1881 222.0 6.385858357464551 2.3576646717624983 -78.37187753974241 0.9293496076569581 0.15480496067012053 0.9289623458282342 0.0 103.81412338269291 3.4835334 179.798471108764 9.176145599345695 2.1951144406528167 0.21598330302511232 8.406235467365967 196.17671349220947 15.008388220716549 25.66838136346611
1465 2799.896698961446 1862.5849314095249 215.0114962003746 52.99055993120797 2794 2804 1857 1870 104.0 3.6839421052076453 1.7858780902754814 -60.80687142284545 0.8746396403604683 0.14914082245011154 1.0621147243957105 0.0 52.71703734123326 2.5133638 97.26905902660977 6.434929275925091 2.381470501402184 0.26851229936628856 5.753627391751592 105.18394730854827 10.286804702699051 26.345126337890978
1466 1616.1912137136126 1865.5154316614867 215.02209852662767 52.99808173518835 1615 1618 1863 1868 20.0 1.625049306473333 0.9190098467596555 73.55621943936981 0.824729533411909 0.15782468294548876 0.37702583473814627 0.0 5.911062616448752 1.1435107 31.44826564205678 4.201259545270605 3.2356189451870865 0.1298968475866293 2.5231325220201604 39.53671766983183 6.799035287182416 27.40749847141085
1467 1851.2631866335917 1882.489639759322 215.01980775657435 52.99668298455621 1837 1865 1863 1904 868.0 6.508560022290695 4.097849606658764 63.68237660766677 0.7769119576289308 0.1061653593742707 18.057121321911136 0.0 1265.4408161260485 7.6864257 1304.624978965305 8.632793466108113 1.481479387478818 0.6246013119794834 16.622063085174787 1397.415160930865 13.356334292608535 23.53668637319779
1468 190.06789728225365 1870.2554157523286 215.03486431147698 53.00714924758808 186 195 1864 1878 94.0 3.1685310421102386 1.9399131164721644 68.90265895801794 0.7906691292995438 0.05893983314491075 0.8069294268774786 0.0 46.22277856638962 4.066274 95.81416498584002 11.471270571053438 2.449544449355345 0.24265876541463666 5.4700209598571305 88.40901310661866 inf 26.53375864337984
