outputs/dr0.5_c0.1/nircam1_matched_f200w_f277w_dr0.5_c0.1.ecsv
# %ECSV 1.0
# ---
# datatype:
# - {name: label, datatype: int64}
# - {name: xcentroid, datatype: float64}
# - {name: ycentroid, datatype: float64}
# - {name: sky_centroid.ra, unit: deg, datatype: float64}
# - {name: sky_centroid.dec, unit: deg, datatype: float64}
# - {name: bbox_xmin, datatype: int64}
# - {name: bbox_xmax, datatype: int64}
# - {name: bbox_ymin, datatype: int64}
# - {name: bbox_ymax, datatype: int64}
# - {name: area, unit: pix2, datatype: float64}
# - {name: semimajor_sigma, unit: pix, datatype: float64}
# - {name: semiminor_sigma, unit: pix, datatype: float64}
# - {name: orientation, unit: deg, datatype: float64}
# - {name: eccentricity, datatype: float64}
# - {name: min_value, datatype: float64}
# - {name: max_value, datatype: float64}
# - {name: local_background, datatype: float64}
# - {name: segment_flux, datatype: float64}
# - {name: segment_fluxerr, datatype: float32}
# - {name: kron_flux, datatype: float64}
# - {name: kron_fluxerr, datatype: float64}
# - {name: kron_radius, unit: pix, datatype: float64}
# - {name: gini, datatype: float64}
# - {name: equivalent_radius, unit: pix, datatype: float64}
# - {name: kron4_2_flux, datatype: float64}
# - {name: kron4_2_fluxerr, datatype: float64}
# - {name: kron4_2_mag, datatype: float64}
# meta:
#   PHOTMJSR: 1.891700029373169
#   PIXAR_SR: 2.11539874851881e-14
#   __serialized_columns__:
#     area:
#       __class__: astropy.units.quantity.Quantity
#       unit: !astropy.units.Unit {unit: pix2}
#       value: !astropy.table.SerializedColumn {name: area}
#     eccentricity:
#       __class__: astropy.units.quantity.Quantity
#       unit: !astropy.units.Unit {unit: ''}
#       value: !astropy.table.SerializedColumn {name: eccentricity}
#     equivalent_radius:
#       __class__: astropy.units.quantity.Quantity
#       unit: !astropy.units.Unit {unit: pix}
#       value: !astropy.table.SerializedColumn {name: equivalent_radius}
#     kron_radius:
#       __class__: astropy.units.quantity.Quantity
#       unit: !astropy.units.Unit {unit: pix}
#       value: !astropy.table.SerializedColumn {name: kron_radius}
#     orientation:
#       __class__: astropy.units.quantity.Quantity
#       unit: &id001 !astropy.units.Unit {unit: deg}
#       value: !astropy.table.SerializedColumn {name: orientation}
#     semimajor_sigma:
#       __class__: astropy.units.quantity.Quantity
#       unit: !astropy.units.Unit {unit: pix}
#       value: !astropy.table.SerializedColumn {name: semimajor_sigma}
#     semiminor_sigma:
#       __class__: astropy.units.quantity.Quantity
#       unit: !astropy.units.Unit {unit: pix}
#       value: !astropy.table.SerializedColumn {name: semiminor_sigma}
#     sky_centroid:
#       __class__: astropy.coordinates.sky_coordinate.SkyCoord
#       dec: !astropy.table.SerializedColumn
#         __class__: astropy.coordinates.angles.Latitude
#         unit: *id001
#         value: !astropy.table.SerializedColumn {name: sky_centroid.dec}
#       frame: icrs
#       ra: !astropy.table.SerializedColumn
#         __class__: astropy.coordinates.angles.Longitude
#         unit: *id001
#         value: !astropy.table.SerializedColumn {name: sky_centroid.ra}
#         wrap_angle: !astropy.coordinates.Angle
#           unit: *id001
#           value: 360.0
#       representation_type: spherical
#   astropy version: '5.1'
#   kernelfile: kernel_f200w_f277w.fits
#   make_catalog parameters:
#     ab_zpt: 31.4
#     coadd_bands: !!python/tuple [f277w, f356w]
#     deblend_contrast: 0.001
#     deblend_nlevels: 32
#     deblend_npixels: 1
#     detect_kernel_fwhm: 4.0
#     detect_kernel_npix: 7
#     detect_npixels: 4
#     detect_threshold_nsigma: 3.0
#     flag_isolated_buffer: 4
#     hst_bands: !!python/tuple [f606w, f814w, f125w, f140w, f160w]
#     jwst_bands: !!python/tuple [f115w, f150w, f200w, f277w, f356w, f410m, f444w]
#     near_border_kernelsize: 21
#     reference_band: f200w
#   make_catalog version: 1.4.0
#   photutils version: 1.5.0
# schema: astropy-2.0
label xcentroid ycentroid sky_centroid.ra sky_centroid.dec bbox_xmin bbox_xmax bbox_ymin bbox_ymax area semimajor_sigma semiminor_sigma orientation eccentricity min_value max_value local_background segment_flux segment_fluxerr kron_flux kron_fluxerr kron_radius gini equivalent_radius kron4_2_flux kron4_2_fluxerr kron4_2_mag
[from data line 2143]
2144 4048.256899141379 2625.5008575339016 214.99224849643107 52.98676653070987 4044 4053 2620 2632 98.0 2.988869899202447 2.2410061575822398 -84.54884779590334 0.661682922521706 0.13437370092444054 0.6999335444838742 0.0 37.67034113086165 2.4143865 77.66840482475857 6.614878756566655 2.3869063031070676 0.20894983970549555 5.585191925620057 97.13533544389364 10.6474667386144 26.431556889269284
2145 1702.974785550219 2624.907392003193 215.01331750485397 53.00163740166351 1700 1706 2621 2628 43.0 1.7771081851518498 1.5749871187213125 61.75114871092033 0.46318032392569003 0.12802061615940186 0.5880260491401101 0.0 14.90801421516945 1.5678288 24.01027816928459 3.262374015195635 1.8815704070012456 0.19108821632564682 3.6996385101659595 26.832708183446897 5.199285525757845 27.828338731125637
2146 3555.807865954948 2626.0175503592095 214.99666449070645 52.989892809839 3550 3562 2622 2631 103.0 2.939721707579689 2.1127427907942 11.920577012525323 0.6953326695831565 0.1519598217200036 1.0175689935879078 0.0 45.06696515374353 2.6411974 75.52950611466824 5.847724903606595 2.0886342660780124 0.2626127119628414 5.725898905580716 68.83579345095586 9.17356685427155 26.80546419307418
2147 1342.557680635204 2624.171474682714 215.01656341336363 53.003918900784726 1341 1344 2623 2625 7.0 0.8712714576277738 0.6425083661805389 -15.27847467756015 0.6754152273718445 0.10696921565232638 0.1461605684259894 0.0 0.891906531209391 0.6064843 7.979301643288356 2.732763245259969 3.5517969926043995 0.06781710868233183 1.4927053303604616 9.761864945802976 4.4343942448445075 28.92616801262126
2148 6348.207261939684 2633.0791998126847 214.97152705839818 52.97221725072651 6340 6356 2623 2650 324.0 5.81346326780852 3.1477640261490314 76.12829863091413 0.8407258248169442 0.04205827660036416 2.0871300977042226 0.0 162.03595278419925 4.5035815 188.13171508233035 7.130926876019197 1.543144308560042 0.39334455564083903 10.155412503859614 192.20932608650872 11.212902359170036 25.69056385996152
2149 2590.5171334674897 2628.407964288356 215.00530798492844 52.996027860167835 2587 2595 2626 2632 51.0 2.04982327980887 1.6187407158889269 -0.01692786947771615 0.6134961720175132 0.04651620909650227 0.5415683327553691 0.0 16.342288884822548 1.7078105 46.47634537173418 5.441858383887607 2.7838229378035724 0.23335463754066804 4.029119531035698 65.23713034225875 8.708117205760916 26.863762877507217
2150 7504.420482550649 2627.7951816101313 214.96121119450183 52.9648526544505 7503 7506 2626 2630 17.0 1.198369499356566 0.9847954736747856 -77.37335056131403 0.5698056449544083 0.17462996692664634 0.39259451099066717 0.0 4.835788382717349 1.0180093 16.790370725745632 3.4107079164690624 3.0339671882103914 0.14895605106030022 2.326213245840639 19.508299571664935 5.42541319683373 28.17445145988463
2151 nan nan nan nan 147 149 2627 2629 7.0 nan nan nan nan 0.0 0.0 0.0 0.0 2645751.2 nan nan nan nan 1.4927053303604616 nan nan nan
2152 2532.591411781212 2642.2333834198726 215.0056825773037 52.996469958395004 2520 2546 2627 2658 681.0 5.614609082653626 4.858960124603949 87.55283079972916 0.501057853327436 0.08986036181052143 4.676114059324571 0.0 498.5781809934529 7.028343 708.959884370214 13.984181306040746 2.236969055777127 0.5044034416334248 14.72307822743469 1002.4524374527593 22.222998221102664 23.897340559591974
2153 849.3989386459508 2632.7356192711004 215.02090448520536 53.00709228425289 847 852 2630 2635 32.0 1.5057672140954845 1.40835337544922 23.333981261264515 0.3538394502182622 0.16361080357707683 0.7050297540309817 0.0 14.20445121984132 1.3494223 29.920055552293412 3.7299532857975066 2.4399103959398674 0.18188509815746048 3.1915382432114616 31.274887906814914 5.855344611737516 27.662010595496344
2154 1178.6658643000233 2644.3836337152907 215.0178230158835 53.005067428203965 1165 1193 2631 2659 542.0 6.34526897506135 3.1605864286976857 -40.10220964024367 0.8671188739204145 0.04949533097053912 6.150950041357877 0.0 508.1277285893685 5.8193436 561.6779830823414 8.382339303235854 1.7411250406655203 0.5443957384113585 13.134837582232015 635.1703027685387 13.112129550512797 24.39277453859524
2155 1581.2410251990664 2637.173817639124 215.01428192084413 53.0024756698598 1577 1585 2632 2643 89.0 2.6609730078635057 1.963757014994966 -84.32899603597484 0.6748175885134156 0.10287420764860394 0.8821262589621464 0.0 37.64689005759904 2.2861457 49.056509868203406 4.414468517669747 1.8005951430841103 0.2726006222379411 5.322553886092406 49.14599989961492 7.07287381726547 27.171279561427045
2156 796.35960506093 2639.20712461782 215.02131291648897 53.00746358525748 791 802 2634 2644 104.0 2.9560095012215974 2.1161506651798994 34.69265540229556 0.6982224389782846 0.11169803772586301 0.8627591433151498 0.0 43.58601717153348 2.4900138 63.46240781197102 5.0022079509022745 1.917161907461728 0.26029842768750744 5.753627391751592 63.35078555810858 7.964687043519973 26.895619988595527
2157 6823.192279195655 2638.17585557786 214.96721220006762 52.969231164866514 6816 6829 2634 2643 87.0 3.4416282393097974 1.6642583236397794 -30.30004405979209 0.875307272556007 0.1555805865463788 0.7000952787532291 0.0 31.95764294987833 2.141624 55.75141129379402 5.4536863145913 2.2794759575775028 0.21655352183113669 5.262410103554244 64.75890038396392 8.793974716311808 26.871751335607
2158 8907.569684505768 2640.3951360769565 214.94849656073274 52.95601665368058 8903 8913 2637 2643 58.0 2.7171537698821666 1.494175096933926 -19.677556445761837 0.8352275355557746 0.23486259103683743 0.5887566072751029 0.0 22.896021142015396 1.73234 61.36971075466774 5.541765634735181 2.7573219794040034 0.13766655772047529 4.296739856991561 94.02896108182912 8.807244154094603 26.466845905871434
2159 9769.575527510977 2642.59322519035 214.9407464518679 52.950557767919456 9765 9774 2638 2646 63.0 2.23740467840841 1.6460641722733298 -28.32367345790076 0.6773048500243906 0.1231078381871646 1.1134179474566541 0.0 33.33419344405666 1.8826631 57.55643026819151 4.519431647727639 2.3007878806507542 0.2803645800227543 4.478115991081385 60.98357646423314 7.14365165077726 26.93696777359278
2160 3776.7502636764866 2653.584188055443 214.9943902271713 52.98864043938537 3763 3788 2639 2668 569.0 5.271672429476789 3.5950699432490385 62.123592849208656 0.7313894333584714 0.11971993386825872 12.051675830567511 0.0 676.5247681008118 6.1845293 752.1864784564925 8.405778076211183 1.728831933986596 0.5985523773670614 13.458020851469092 850.3604299304654 13.286620508615925 24.07599239291545
2161 9219.715522611543 2641.614384662553 214.94568544029045 52.95404225011422 9216 9223 2639 2644 38.0 1.785341597306055 1.354297659445413 7.142912321265042 0.6515973693127161 0.3216639674797566 1.0462547991846953 0.0 22.53203637196869 1.4389688 49.19814202484206 3.9668823621099234 2.586071820185027 0.20272863070390557 3.477898169151024 57.353897634136956 6.405196266333295 27.00359265785577
2162 1835.9479581079113 2659.3373994956983 215.01176009335995 53.00098031159968 1811 1862 2640 2677 1358.0 6.833500058381783 4.686928533170249 26.744433017900736 0.7277191401958719 0.047456266873145705 34.819138838620475 0.0 2492.6272799309518 9.640907 2471.607535532182 9.32755263354639 1.40999047675729 0.7093546878793578 20.790979424682902 2674.637269145621 13.802046832765313 22.831837770265885
2163 7452.581395075098 2640.9632796797828 214.9615374022711 52.96525272090359 7452 7454 2640 2642 7.0 0.758758695246327 0.6389050573687037 -88.81091867605355 0.539415324458734 0.11670285051733847 0.26608597310456283 0.0 1.4154638608000965 0.6292641 6.467146748885666 2.257293908541222 3.146452409822973 0.13689254799260334 1.4927053303604616 8.26636789921994 3.6058514462299875 29.10671317527744
2164 9837.570615027626 2643.944484398075 214.9401227978638 52.95013350959726 9834 9841 2640 2648 54.0 1.958357580749549 1.5677787182509333 -53.356314681164584 0.5992553533100806 0.20834111854104587 1.2362503460494856 0.0 30.093545413799372 1.7112751 40.988857667083295 3.142125904015666 1.7630523661862094 0.2942311837206177 4.145929793656026 40.90473118210507 4.96641741327585 27.37056614272931
2165 1879.86278758068 2651.0699687478455 215.01145269957797 53.000657130865804 1873 1886 2641 2662 217.0 5.03236376215585 2.436838833936624 -67.93370539473976 0.8749388390686652 0.09791833506912656 1.660193380713187 0.0 115.55339862572913 3.4659836 198.7016220003768 8.62199527672905 2.4185528646622942 0.307108333805984 8.311031542587394 286.08727053325083 13.59798763697693 25.25875366429632
2166 10107.624317832388 2643.1205739479074 214.93771118606944 52.94841503662036 10106 10109 2641 2645 16.0 1.1496536398713282 0.9533308331556762 -87.96808615740923 0.558902936689597 0.3464308026551264 0.8213875214649262 0.0 9.285761629923531 0.968593 22.711496148000997 2.8596859913765535 2.651388638225069 0.1460058191069525 2.256758334191025 24.72321233201921 4.584713558359435 27.917237753109323
2167 10088.54176167456 2649.4369315313224 214.93781566598088 52.948570262239016 10082 10096 2642 2657 189.0 3.608020404777856 2.988487018032177 -69.01182737773705 0.5602997136568979 0.14918316818042782 1.3547395590103575 0.0 103.99297347838603 3.4370866 141.55164188258874 6.940978401220694 1.965550086823972 0.29103435251086324 7.756324418739616 167.15098494792068 10.94449663033162 25.84222764988932
2168 1558.0808578312547 2649.169159626378 215.01436359745094 53.00268738835128 1553 1563 2643 2655 111.0 3.235820300307913 2.1929678460089925 87.713290099222 0.7353235674328031 0.09496556901369364 0.8426866356608257 0.0 54.27807651184517 2.5822883 93.30750954207748 6.34363136416344 2.2146223365926003 0.21818059640387608 5.944106103225343 96.7770310396289 10.051605352010913 26.43556926366118
2169 1763.9777628094505 2647.360544603821 215.01253285986323 53.00137195264858 1761 1767 2644 2651 44.0 1.8020392421918252 1.591125849750582 -78.82379106486384 0.46945106605878406 0.15874949232843646 0.564175426972654 0.0 15.135411472176722 1.5767182 34.39838780015276 4.7545621259058946 2.6511365121155657 0.1907261196871457 3.742410318509555 45.60279850490075 7.452493129486144 27.252521262969214
2170 1223.3452286739368 2664.073020633663 215.0172140762893 53.00489057436913 1209 1238 2645 2685 853.0 8.913209231860403 4.103864032273696 61.3988628930679 0.8876986275156811 0.09421002683675771 4.909960349900466 0.0 855.5324085705823 7.26691 972.1770574300076 11.690603993604384 1.822338193162123 0.4808403191825392 16.4778133535604 1108.267839495206 18.485482685105673 23.788388173121483
2171 6732.957307450306 2647.9989595326233 214.96791817545065 52.969856757178235 6732 6734 2647 2649 9.0 0.8158709532724687 0.7804254163808411 -36.65584275982697 0.2915520308162041 0.23686188557919644 0.35623880657861695 0.0 2.7402260161061816 0.6863555 13.611276602328319 2.6812842940067823 3.20035577937096 0.06878011109845662 1.692568750643269 19.682165879141156 4.219098074344605 28.16481778081824
2172 8271.000666399153 2647.9555926755456 214.95412432040493 52.960097177648485 8270 8272 2647 2649 9.0 0.8592252500741173 0.8161827001507962 -46.55656501759208 0.3125375840872872 0.10517590678804033 0.2004511541970146 0.0 1.3746269754942064 1.1048819 11.603612738614112 4.888191124340667 3.672511888277655 0.11126737970074087 1.692568750643269 2.941694210587949 6823771.317346141 30.228506185544386
2173 8197.467329031642 2653.375895893372 214.9547265785205 52.96059308229493 8193 8202 2651 2658 64.0 2.3210482789240245 1.746199685003456 11.533189160073047 0.6587837648650585 -0.39030867405928793 1.5427741927167424 0.0 7.858093655209332 7416198.5 15.923531509281853 10664567.446333759 1.4 0.5371094294923471 4.51351666838205 14.046423716728295 16052222.631635746 28.53108558758135
2174 1266.7560392655937 2657.900096586752 215.01688907134204 53.00458192855667 1265 1269 2656 2660 16.0 1.2758724435945688 0.9243379069392883 60.460306263341735 0.6893008968415463 0.10715673331516755 0.30971118187742147 0.0 4.077412090330662 0.9635053 24.595599650168467 3.9766518470272714 3.4342450754930574 0.0952373530601184 2.256758334191025 27.84932792040446 6.284877985467017 27.787963202660247
2175 6108.437174398911 2660.98934942069 214.97338424467137 52.97388925195932 6104 6113 2657 2665 65.0 2.0790931177448693 1.8790206008081742 14.317794042873473 0.42801985031086126 0.17975687424947134 1.0361235120266878 0.0 32.54557430544735 1.9869508 65.59055380063832 5.3348872564301155 2.5825945204413725 0.2558474409001897 4.54864184146723 70.43659529466966 8.567184440505454 26.78050411190364
2176 2228.1939062493507 2661.5769179002555 215.00821290701606 52.99850496008422 2224 2232 2658 2664 48.0 2.1515597709635683 1.4448381399903296 -27.662316177188387 0.7409768590594912 0.1995673238876518 0.9884610571378044 0.0 25.119477330199572 1.6583575 41.15927171570013 3.8285807580056925 2.1363073784227695 0.23673611586857948 3.9088200952233594 48.46238410707495 6.1326870623984595 27.186488061387834
2177 3012.0030075723507 2674.8715190719977 215.00103299181228 52.99360591992547 2992 3033 2658 2695 996.0 9.890322197972855 4.559982369283862 37.9600375264439 0.8873715677516913 0.09016748037308747 4.232113499627174 0.0 822.3622333006728 8.678407 907.5523056577222 12.170510615630976 1.5387939744894703 0.44594088812213184 17.805522925178455 944.0731348332571 19.091286846518557 23.962485901902532
2178 3982.400133261577 2659.730710916453 214.99247908691746 52.98736925604765 3981 3984 2658 2661 12.0 1.0674910629137633 0.8216440617818769 -27.157924716967607 0.6384100589257594 0.4792984887982242 0.6789123442597772 0.0 6.975256911271968 0.849488 27.142812350606217 3.044767501701887 3.037918215809612 0.0750507149660003 1.9544100476116797 35.59220595007724 4.870611029333996 27.52161273564811
2179 3830.560377792987 2669.888791289326 214.9937352989821 52.98838725658831 3819 3841 2662 2678 286.0 4.211940637841008 2.726882496071289 -25.601964906427597 0.762135858610061 0.09349288149318537 4.666443122684876 0.0 246.61065117653754 4.316787 303.75017837119606 7.168381574250109 1.9208900260719024 0.5039276080076374 9.541311620975605 358.84436806712563 11.297733035145308 25.01273466368341
2180 9303.69983532127 2665.2530420407347 214.94468357624874 52.953636904671505 9300 9307 2662 2669 50.0 2.243031326545466 1.4672423952571998 -40.2188121450886 0.7563789355347342 0.10612515156505803 0.4523907552633237 0.0 14.53241456231824 1.6096874 54.11546242290381 5.835495003298728 3.1654531128609698 0.1968511685375995 3.989422804014327 64.59809682897694 9.247859847832906 26.874450692196845
2181 1606.4951737046504 2667.059897519738 215.01374010325958 53.002477107839546 1606 1607 2666 2668 6.0 0.8053033245654971 0.499778027013572 88.72109177567155 0.7841206439026468 0.3257175560339051 0.41385072879846346 0.0 2.285791743964389 0.61166334 11.343051052678502 2.28048578958275 3.3531787342424724 0.05298235673501887 1.381976597885342 16.472273230624833 3.754733935278895 28.35811615638781
2182 3299.412136820662 2673.1735991609135 214.9984699063575 52.99177389056879 3292 3307 2666 2681 181.0 4.0541432785868565 2.584931430463948 37.49981871566204 0.7703656251873587 0.025052848900838094 1.2240399847558228 0.0 97.76082337716065 3.5706394 181.07604383107807 9.228752464132034 2.4673752911423197 0.2861485915751603 7.590394548326596 238.67189441684042 14.634984632430767 25.45549679934458
2183 3759.274036161519 2667.0572793053243 214.99440517612362 52.98882410705045 3758 3761 2666 2668 9.0 0.9300257354548541 0.6971145898803737 -20.95134686155091 0.6619309279637455 0.2548513201493384 0.39052793757382187 0.0 2.952696677399113 0.81499195 20.00973299796584 3.207398789002154 3.448628288387115 0.08978057850703414 1.692568750643269 29.825515685861873 4.957500557890658 27.71353009650465
