outputs/dr0.5_c0.1/nircam1_matched_f150w_f277w_dr0.5_c0.1.ecsv
# %ECSV 1.0
# ---
# datatype:
# - {name: label, datatype: int64}
# - {name: xcentroid, datatype: float64}
# - {name: ycentroid, datatype: float64}
# - {name: sky_centroid.ra, unit: deg, datatype: float64}
# - {name: sky_centroid.dec, unit: deg, datatype: float64}
# - {name: bbox_xmin, datatype: int64}
# - {name: bbox_xmax, datatype: int64}
# - {name: bbox_ymin, datatype: int64}
# - {name: bbox_ymax, datatype: int64}
# - {name: area, unit: pix2, datatype: float64}
# - {name: semimajor_sigma, unit: pix, datatype: float64}
# - {name: semiminor_sigma, unit: pix, datatype: float64}
# - {name: orientation, unit: deg, datatype: float64}
# - {name: eccentricity, datatype: float64}
# - {name: min_value, datatype: float64}
# - {name: max_value, datatype: float64}
# - {name: local_background, datatype: float64}
# - {name: segment_flux, datatype: float64}
# - {name: segment_fluxerr, datatype: float32}
# - {name: kron_flux, datatype: float64}
# - {name: kron_fluxerr, datatype: float64}
# - {name: kron_radius, unit: pix, datatype: float64}
# - {name: gini, datatype: float64}
# - {name: equivalent_radius, unit: pix, datatype: float64}
# - {name: kron4_2_flux, datatype: float64}
# - {name: kron4_2_fluxerr, datatype: float64}
# - {name: kron4_2_mag, datatype: float64}
# meta:
#   PHOTMJSR: 2.251199960708618
#   PIXAR_SR: 2.11539874851881e-14
#   __serialized_columns__:
#     area:
#       __class__: astropy.units.quantity.Quantity
#       unit: !astropy.units.Unit {unit: pix2}
#       value: !astropy.table.SerializedColumn {name: area}
#     eccentricity:
#       __class__: astropy.units.quantity.Quantity
#       unit: !astropy.units.Unit {unit: ''}
#       value: !astropy.table.SerializedColumn {name: eccentricity}
#     equivalent_radius:
#       __class__: astropy.units.quantity.Quantity
#       unit: !astropy.units.Unit {unit: pix}
#       value: !astropy.table.SerializedColumn {name: equivalent_radius}
#     kron_radius:
#       __class__: astropy.units.quantity.Quantity
#       unit: !astropy.units.Unit {unit: pix}
#       value: !astropy.table.SerializedColumn {name: kron_radius}
#     orientation:
#       __class__: astropy.units.quantity.Quantity
#       unit: &id001 !astropy.units.Unit {unit: deg}
#       value: !astropy.table.SerializedColumn {name: orientation}
#     semimajor_sigma:
#       __class__: astropy.units.quantity.Quantity
#       unit: !astropy.units.Unit {unit: pix}
#       value: !astropy.table.SerializedColumn {name: semimajor_sigma}
#     semiminor_sigma:
#       __class__: astropy.units.quantity.Quantity
#       unit: !astropy.units.Unit {unit: pix}
#       value: !astropy.table.SerializedColumn {name: semiminor_sigma}
#     sky_centroid:
#       __class__: astropy.coordinates.sky_coordinate.SkyCoord
#       dec: !astropy.table.SerializedColumn
#         __class__: astropy.coordinates.angles.Latitude
#         unit: *id001
#         value: !astropy.table.SerializedColumn {name: sky_centroid.dec}
#       frame: icrs
#       ra: !astropy.table.SerializedColumn
#         __class__: astropy.coordinates.angles.Longitude
#         unit: *id001
#         value: !astropy.table.SerializedColumn {name: sky_centroid.ra}
#         wrap_angle: !astropy.coordinates.Angle
#           unit: *id001
#           value: 360.0
#       representation_type: spherical
#   astropy version: '5.1'
#   kernelfile: kernel_f150w_f277w.fits
#   make_catalog parameters:
#     ab_zpt: 31.4
#     coadd_bands: !!python/tuple [f277w, f356w]
#     deblend_contrast: 0.001
#     deblend_nlevels: 32
#     deblend_npixels: 1
#     detect_kernel_fwhm: 4.0
#     detect_kernel_npix: 7
#     detect_npixels: 4
#     detect_threshold_nsigma: 3.0
#     flag_isolated_buffer: 4
#     hst_bands: !!python/tuple [f606w, f814w, f125w, f140w, f160w]
#     jwst_bands: !!python/tuple [f115w, f150w, f200w, f277w, f356w, f410m, f444w]
#     near_border_kernelsize: 21
#     reference_band: f200w
#   make_catalog version: 1.4.0
#   photutils version: 1.5.0
# schema: astropy-2.0
label xcentroid ycentroid sky_centroid.ra sky_centroid.dec bbox_xmin bbox_xmax bbox_ymin bbox_ymax area semimajor_sigma semiminor_sigma orientation eccentricity min_value max_value local_background segment_flux segment_fluxerr kron_flux kron_fluxerr kron_radius gini equivalent_radius kron4_2_flux kron4_2_fluxerr kron4_2_mag
[from data line 4505]
4506 2982.4223424284505 2103.932490659322 215.00731424504934 52.990707188316826 2972 2992 2097 2110 225.0 4.059562552007407 2.60161472549433 -3.072329523503765 0.7676570623146133 0.06941039664590713 1.8541715282672353 0.0 102.13204105814918 4.823378 188.7441221543035 11.5294653895876 2.533648287244667 0.4268915209410772 8.462843753216344 300.08761732547515 18.42816692977961 25.20687981182247
4507 7291.256990927661 2090.7440825425147 214.96878059591128 52.96330388548501 7284 7300 2080 2102 237.0 4.679980782586367 2.888284170243837 -69.70115209495383 0.7868398199697038 0.1674857635121632 1.6969072090233703 0.0 148.20435170781047 4.498161 252.37914870211617 11.160871660673703 2.3846435457746513 0.31901181772822323 8.685588237163813 335.9244930367615 17.882860413391995 25.084395823955603
4508 7301.949053670857 2095.7688372469643 214.96863176385435 52.963263194023135 7290 7311 2084 2106 306.0 4.988583993246515 3.1872637101845713 -64.2151065533233 0.7692802401911638 0.0985123289041648 2.9529987563141797 0.0 218.4221275446047 5.17164 296.29103666339114 10.092404033842822 1.9649473763284628 0.3917192419215844 9.869286963719311 320.33251054217743 15.99549988768986 25.13599745639562
4509 6593.424604437741 2095.974372110622 214.9749853667428 52.96775952780897 6583 6604 2083 2108 367.0 4.890587383956665 4.000855838324489 -83.27299273023709 0.5751148756793846 0.007261897155950807 1.9188873153785047 0.0 232.86867051607177 5.7331443 570.5856402561564 15.742043705990495 2.918913822858625 0.3792065841650504 10.808317548511017 849.1996317636532 23.951900425153884 24.077475507070112
4510 6601.75835307228 2127.582391461577 214.97457764037222 52.96787743845902 6587 6617 2097 2162 1269.0 13.577031917996123 4.805214754956062 76.81615001701033 0.9352748179859739 0.03155452384770635 3.3718214563717948 0.0 928.3529434728474 10.805547 1290.916604284259 22.218184710882078 2.091544747763731 0.41292127190948735 20.098140350968553 1671.6728435290697 35.36937661163881 23.342121781585078
4511 6620.624734990266 2127.3754593578356 214.97441056426993 52.967756626741306 6611 6633 2118 2137 338.0 5.825506000082799 3.5136559351760437 27.835108732484436 0.7976275228278114 0.10095336857283659 1.2169875543577577 0.0 164.81570681033116 5.572475 214.6310013859777 10.676815723931007 1.7890238177311564 0.31082345693099644 10.37249929043725 250.47903818630348 16.94136239081577 25.403071532584995
4512 3477.0413344798494 2096.1896645557517 215.00295404507702 52.98752848096424 3466 3489 2088 2109 299.0 4.64814962123847 3.640979107142332 30.808275198424298 0.6216212384436979 0.04214381509619158 1.595683651266195 0.0 103.6705572522332 5.6430955 166.9423980928421 12.989566142504197 2.20953453746202 0.3888996467161642 9.755749892701914 218.0428064538193 20.756811495566964 25.553645591886447
4513 3466.6417498048677 2110.793632419077 215.00289357049536 52.98767337968508 3448 3481 2094 2126 682.0 5.3629443572163265 4.685258373287887 71.40487261509527 0.4865810095501255 0.0362611774983889 4.884991212196343 0.0 482.79480585863087 8.553161 566.9023259650528 13.109448026271888 1.8327290412540085 0.5637260789474806 14.733884157863644 639.7630025006995 20.85761219908433 24.384952196947307
4514 6159.30886381601 2102.876521984914 214.97880751334617 52.97055089582573 6146 6173 2091 2116 516.0 5.085001464849314 3.7569792530199435 50.544571505614634 0.6738858988782302 0.04460820461638847 6.025434097892583 0.0 477.6546072028441 7.0436354 533.6337247202713 9.656255918772368 1.6314618135950298 0.5572219938394655 12.815923738491737 569.5555337073972 15.14514606526079 24.5111598106266
4515 6180.390650072456 2100.0587621786203 214.97864804062252 52.97040192811067 6171 6190 2091 2112 335.0 3.9688010811061827 3.302779561941628 -72.60708329476255 0.5544970127863477 -0.0571560921264114 2.6730936143424455 0.0 131.61334432182895 5.4091234 144.9128687191078 8.197175293916288 1.7268459041431938 0.5314499094933265 10.32636489145962 158.05833124105726 13.150090994167462 25.902956518990628
4516 8421.141684809403 2104.805434441643 214.95849962622125 52.95621060956501 8410 8431 2097 2112 248.0 3.6906546414093477 3.069178093050689 5.122597230680556 0.5553629971629979 0.024108528700726477 1.856208334233603 0.0 93.18219808843946 4.95226 137.17826675583547 10.331643595894366 2.2410117306256385 0.46281536667523226 8.884866446580956 198.9152197891217 16.486453080445266 25.65332996504523
4517 8432.961447892827 2099.2841420054233 214.9584518011617 52.95610578298844 8430 8436 2097 2102 33.0 1.7372680052014817 1.4122822104423018 -12.507979053399032 0.5823574506546164 0.04753183539314185 0.18775332254241195 0.0 4.104630980331007 1.7241408 41.82778798950224 7.63474430584696 3.5535161409338705 0.17045872105710336 3.2410224072142872 92.59196519597421 12.102684440814166 26.48356674556431
4518 2507.200372542789 2140.940708827957 215.01119252308945 52.993920947908755 2467 2537 2107 2180 3875.0 12.27831649017652 10.915664326022414 68.11358056505368 0.4578690923648222 -0.05930352244424142 22.871406693687398 0.0 4339.330560977184 24.615925 4569.742527201508 28.769143647380776 1.429622008458138 0.6024683492306565 35.120518347003205 4810.557070668784 45.12054309906826 22.194511571690768
4519 2536.108613725295 2136.7889559736027 215.010976610454 52.99371518053289 2528 2548 2125 2149 326.0 4.994891678336286 3.8967191728661876 48.436226443304356 0.6256038782893586 0.07424035750161907 1.3917023547066039 0.0 171.85991289265377 6.033264 367.1910426705084 16.423902817965967 2.6097990143485137 0.3219923794393913 10.186708148166206 460.468761464482 26.328953680881504 24.741999568302877
4520 7915.104378268043 2117.1528279666795 214.9629073130099 52.95948828138903 7909 7921 2111 2123 115.0 2.9333169678907804 2.414813095235678 65.0262718416589 0.5676988154341042 -0.04141714495951665 1.311209594311581 0.0 62.20023605601198 3.2439616 62.440577100147856 4.911082389519565 1.4 0.3007532193022534 6.050259243299904 20.791325538216302 7.809783483934833 28.10529455401841
4521 7878.9717005268285 2122.571293670684 214.96317427248545 52.959746819718916 7871 7883 2112 2129 145.0 4.355681807225536 2.359269943580788 86.95526279192944 0.8406019114486752 -0.45279662775417395 2.7719103312458384 0.0 138.83056845084485 3.6383996 260.0940853721113 8.850957418872385 2.2512994072973265 0.32601178503352335 6.793742230659745 328.7671069183871 14.133699621033548 25.107779100080826
4522 7878.137677094482 2151.373463332424 214.96287836119402 52.95990770364974 7825 7912 2115 2181 2799.0 4.869691007546937 4.3662051333785215 6.890105292756834 0.44282462176485643 -0.3291166770023819 3393.4544911851353 0.0 85810.56941781982 130.57822 82316.17873988961 129.82134402550403 1.4 0.9132148486544215 29.84877504066842 85468.36398540277 130.30297510805335 19.07048652280111
4523 7907.277822423498 2139.777429252322 214.96273918278553 52.95966016193129 7894 7930 2120 2161 972.0 8.051658375471968 7.410589372801317 66.82015673905443 0.3910239540280469 -0.14374082735880744 5.7892985037357665 0.0 1434.3573825818562 9.652674 1862.0651150749236 18.718314930802883 1.8936390893583082 0.4415240865675688 17.58969042850512 2156.835408323283 30.05497322517311 23.065457488407663
4524 7846.157977886419 2132.863189489039 214.96336013576615 52.960010625135325 7826 7855 2121 2142 245.0 7.396308068000064 2.3199968714030796 33.354612889389756 0.949532196591323 -0.10876487632044113 3.0767015801564903 0.0 231.5548246351216 4.7393646 472.1919812432271 12.885598325752833 2.4474552682771895 0.3802037951948604 8.83096382707056 564.3662515237509 20.35230526769239 24.521097411174576
4525 7851.881702949369 2167.2208256514946 214.96294689366735 52.96015991073012 7834 7861 2160 2179 334.0 7.010734840929727 3.1590510304035666 -19.638596989856648 0.8927249586440963 -0.04690251737890787 5.052997262917561 0.0 432.2255017980043 5.5890274 826.4521012634464 15.09839663488034 2.474259934743466 0.3735229163213167 10.31094088749354 1110.215263179802 23.943225187885165 23.786482015764765
4526 7905.35329030029 2167.39690240622 214.96246550816525 52.959821575299586 7895 7929 2161 2181 357.0 8.438591699040284 2.6690808303342135 26.128967231324516 0.9486610235911396 -0.19915236386585025 5.520463828071681 0.0 431.73625167606576 5.8602405 653.5860379166843 12.620030692752685 2.060346827839259 0.4436147530607691 10.660048281673648 829.6520240370943 19.958522344420487 24.102760057399028
4527 7878.2506399271815 2179.9292571308497 214.96257655042993 52.96006124710699 7874 7883 2174 2190 122.0 3.826102507921429 2.20997474240596 87.39744195848446 0.8163166207345609 -0.043676224349572364 2.2126072006587183 0.0 118.3582008758175 3.2706835 301.4901986527428 10.114013921615895 2.67199257197311 0.30216036376402067 6.231677632421503 499.7967436248962 16.09276455288012 24.65301644450524
4528 2308.104702610001 2125.527408679543 215.01314326109167 52.99510016627157 2292 2324 2112 2139 501.0 6.0252317213746265 5.271301566119844 -7.484410278719822 0.4843556793677617 -0.022447193892777235 1.0813526171603183 0.0 140.13081801896945 inf 291.4543944410635 inf 2.470253528353272 0.3637860921293623 12.628271971179554 376.1801162305719 inf 24.961510409255162
4529 2206.0697368544684 2176.973741481897 215.01351777465945 52.996025349395225 2169 2267 2147 2210 3624.0 12.060074945180318 8.091437001110744 -20.23569505676211 0.7415228727942348 -0.10104739988421887 17.594569697037407 0.0 3372.8777227562528 21.039038 3427.3663874598483 22.71282985151203 1.510136732429948 0.6982893464677001 33.96402549065787 3826.62631421558 35.384135258698755 22.442959865864154
4530 2330.9832287057043 2232.2337184522316 215.0118134902502 52.995531986370914 2224 2443 2116 2351 29609.0 23.874973341520295 21.32678760812242 -77.17819584714996 0.44952134828979995 -54.65672650840101 296.13921652652175 0.0 58583.08479317952 inf 57306.13802598915 inf 1.4 0.8178209229668499 97.08160186160845 58674.22128543002 inf 19.478881663939312
4531 2241.931127054427 2217.5061696137277 215.0127685837233 52.99601707871284 2191 2265 2182 2259 2810.0 18.193038151244046 10.631302160408643 -42.82005048885172 0.8114938134457854 -0.126757173943878 2.0148019321521273 0.0 1191.9127796488517 22.808926 2870.514529375837 inf 2.773647306223563 0.36879523028172023 29.907369997651948 -5793.958431417671 inf nan
4532 2415.841017212633 2247.410807904591 215.01089135613893 52.995075914992064 2391 2425 2246 2290 1007.0 2.61159376130085 2.4174867056403087 -37.68013942227763 0.37832002594276315 -194.09396161715807 0.34031096515139403 0.0 -414.5220202642681 31670174.0 5.510795137263964 15210665.698609425 1.4 -0.9793538750182139 17.903576608797394 -6.071980737314253 inf nan
4533 2209.8090584395513 2282.2883742258796 215.01237456549717 52.99657101917534 2190 2236 2257 2304 1425.0 8.233084196946761 7.2187004881678565 -45.23339505853095 0.48087023951735974 -0.14901456031050317 7.082441852311442 0.0 793.1262126726458 inf 1050.932320785939 inf 1.9468961979455965 0.585305747234211 21.29768972944957 -15546.229444805655 inf nan
4534 2265.6019169459196 2277.2781298277773 215.0119261832386 52.9961901258147 2235 2280 2261 2299 954.0 10.128023026519902 5.4047314819368975 -33.273676374695945 0.8457109149064094 -0.18095862055323014 3.113855326792761 0.0 482.27411103271646 22.19299 630.6981477373131 37.918078321999594 1.9550708435791495 0.4600766835567526 17.42606184481555 -12828.793906596882 inf nan
4535 2328.4301314029794 2367.7430328807923 215.0104086474509 52.99628078420388 2284 2368 2340 2373 1580.0 7.150763266399673 1.2962827088082538 7.407365580845192 0.9834317209556693 -21.21796308314776 82.12210031068372 0.0 39.01303492257567 39749212.0 38.35132237861231 inf 1.4 1.0037504619537732 22.42609239636699 33.943031611286706 inf 27.573123428524426
4536 7413.815948170024 2134.042818925304 214.9672252219123 52.96276019923853 7409 7418 2130 2140 92.0 2.4775657882682642 2.2593024724128603 -31.685577555115117 0.4104032886678802 0.0996389055905323 0.9920104475070269 0.0 39.3460578397336 2.857487 64.17446158773447 7.14046495748296 2.3094320294580735 0.28778664081724514 5.4115163798060095 83.40519519638036 11.219368006048924 26.597017242265075
4537 7413.948351932514 2141.5300069281716 214.9671451657665 52.962799808368814 7409 7418 2139 2144 42.0 2.3600596870483592 1.2348026863999224 4.658453407864597 0.8522048653994516 0.07489102848973472 0.29827302894001373 0.0 8.160884991897735 1.924282 53.00698282764577 7.283470643419873 3.592694527733899 0.1833741548871405 3.656366395715726 79.94239267912286 12.010554548708651 26.643057143573905
4538 2611.3707864883954 2150.266848116843 215.01015861208995 52.993310767614474 2605 2618 2136 2162 264.0 5.40521454537982 2.719966736562171 86.6681162817894 0.8641632202995793 -0.002072837377670715 1.0251460092923572 0.0 68.13185038841469 5.26867 157.89494906005763 15.468221687824986 2.848198618894017 0.3564612064125938 9.166995688475081 235.35243325770745 24.750436434416716 25.47070326814454
4539 2614.471005591578 2164.108494363115 215.00998493274912 52.99336593850986 2613 2617 2162 2166 20.0 1.7667097347592915 1.101153218898623 -60.94558696177197 0.7819994807391972 -0.017140962693379735 0.16487504815106221 0.0 1.034365790572367 1.4004238 57.90969076759139 8.074396094003472 4.109992891251873 0.46369064802072496 2.5231325220201604 74.95079150046479 12.925100749167335 26.713059441313128
4540 7402.391452204069 2158.437230866225 214.9670707238614 52.96296447550307 7379 7419 2149 2170 504.0 9.590468360969695 3.15979388080043 -14.404868850908665 0.9441652339383844 0.10539460539329569 1.3789316503023716 0.0 276.7309500210824 6.704466 393.8638547859479 13.771393130784563 1.9440879424530186 0.33991110679052233 12.666024736934256 431.27839727217145 21.994037382842983 24.81310573778175
4541 7424.288541374157 2153.765522910104 214.9669235360077 52.96280030312836 7418 7433 2148 2160 153.0 3.75988370615469 2.3590406057074507 -24.736762802048677 0.778677948457886 0.1533895358023709 2.044694756297589 0.0 105.25294051012213 3.7213135 154.44746933066722 7.600463606819841 1.9770149811307942 0.3381759067517419 6.978639737521917 171.19798802321617 12.112172644519204 25.81625335901208
4542 9105.11892445623 2167.2166272468744 214.95170993662077 52.95220736697698 9085 9126 2150 2181 884.0 6.36356785566812 4.805720071609163 8.50136483170718 0.6555028349508877 0.01696671959774224 10.56363644920323 0.0 1201.0871629552062 10.099462 1249.9537007656877 12.178814949353056 1.4831589095141837 0.5962043901257774 16.774562271083887 1329.4479318199556 18.999112028565012 23.590821668144105
4543 9122.243515282144 2173.894894004342 214.9514860762437 52.95213476389968 9115 9131 2164 2183 217.0 3.6074994593333556 2.7150257953855657 -40.96771044124149 0.6584710964485313 0.04637834586464902 3.2260666967888714 0.0 158.4663434332752 4.8365254 214.0208021837451 9.19727125307787 2.052701402227839 0.5004616864158932 8.311031542587394 249.78574529343234 14.51211069053477 25.406080873642154
4544 4258.364670714816 2184.437122580846 214.9950092197571 52.98304999895121 4233 4279 2158 2205 1502.0 10.602263602831714 6.879642921803232 40.75854856102452 0.7608870487096777 0.05750669743721229 7.106814198414477 0.0 1596.073743732773 12.823194 1746.2111392161603 19.73183632169046 1.6165094346915359 0.43429162521199155 21.86553107171316 1871.28084633332 32.33773278330367 23.219652569117972
4545 4235.366218135833 2163.2299188071984 214.99543911095236 52.98308124802175 4230 4240 2158 2170 99.0 2.857469613792941 2.3121893551500508 -87.52111844705705 0.5875694591762313 0.12989701061065317 0.6749350141727076 0.0 37.97772289537349 3.1660314 150.3838748124192 11.44733048363705 3.142035283443407 0.1956290303746076 5.613615477764332 248.99892107525852 17.759807556409367 25.40950633679958
