outputs/dr0.5_c0.1/nircam1_f814w_dr0.5_c0.1.ecsv
# %ECSV 1.0
# ---
# datatype:
# - {name: label, datatype: int64}
# - {name: xcentroid, datatype: float64}
# - {name: ycentroid, datatype: float64}
# - {name: sky_centroid.ra, unit: deg, datatype: float64}
# - {name: sky_centroid.dec, unit: deg, datatype: float64}
# - {name: bbox_xmin, datatype: int64}
# - {name: bbox_xmax, datatype: int64}
# - {name: bbox_ymin, datatype: int64}
# - {name: bbox_ymax, datatype: int64}
# - {name: area, unit: pix2, datatype: float64}
# - {name: semimajor_sigma, unit: pix, datatype: float64}
# - {name: semiminor_sigma, unit: pix, datatype: float64}
# - {name: orientation, unit: deg, datatype: float64}
# - {name: eccentricity, datatype: float64}
# - {name: min_value, datatype: float64}
# - {name: max_value, datatype: float64}
# - {name: local_background, datatype: float64}
# - {name: segment_flux, datatype: float64}
# - {name: segment_fluxerr, datatype: float32}
# - {name: kron_flux, datatype: float64}
# - {name: kron_fluxerr, datatype: float64}
# - {name: kron_radius, unit: pix, datatype: float64}
# - {name: gini, datatype: float64}
# - {name: equivalent_radius, unit: pix, datatype: float64}
# - {name: kron4_2_flux, datatype: float64}
# - {name: kron4_2_fluxerr, datatype: float64}
# - {name: radius_kron20, unit: pix, datatype: float64}
# - {name: radius_kron50, unit: pix, datatype: float64}
# - {name: radius_kron80, unit: pix, datatype: float64}
# - {name: near_border, datatype: bool}
# meta:
#   PHOTMJSR: 0.3925000131130219
#   PIXAR_SR: 2.11539874851881e-14
#   __serialized_columns__:
#     area:
#       __class__: astropy.units.quantity.Quantity
#       unit: !astropy.units.Unit {unit: pix2}
#       value: !astropy.table.SerializedColumn {name: area}
#     eccentricity:
#       __class__: astropy.units.quantity.Quantity
#       unit: !astropy.units.Unit {unit: ''}
#       value: !astropy.table.SerializedColumn {name: eccentricity}
#     equivalent_radius:
#       __class__: astropy.units.quantity.Quantity
#       unit: !astropy.units.Unit {unit: pix}
#       value: !astropy.table.SerializedColumn {name: equivalent_radius}
#     kron_radius:
#       __class__: astropy.units.quantity.Quantity
#       unit: &id001 !astropy.units.Unit {unit: pix}
#       value: !astropy.table.SerializedColumn {name: kron_radius}
#     orientation:
#       __class__: astropy.units.quantity.Quantity
#       unit: &id002 !astropy.units.Unit {unit: deg}
#       value: !astropy.table.SerializedColumn {name: orientation}
#     radius_kron20:
#       __class__: astropy.units.quantity.Quantity
#       unit: *id001
#       value: !astropy.table.SerializedColumn {name: radius_kron20}
#     radius_kron50:
#       __class__: astropy.units.quantity.Quantity
#       unit: *id001
#       value: !astropy.table.SerializedColumn {name: radius_kron50}
#     radius_kron80:
#       __class__: astropy.units.quantity.Quantity
#       unit: *id001
#       value: !astropy.table.SerializedColumn {name: radius_kron80}
#     semimajor_sigma:
#       __class__: astropy.units.quantity.Quantity
#       unit: !astropy.units.Unit {unit: pix}
#       value: !astropy.table.SerializedColumn {name: semimajor_sigma}
#     semiminor_sigma:
#       __class__: astropy.units.quantity.Quantity
#       unit: !astropy.units.Unit {unit: pix}
#       value: !astropy.table.SerializedColumn {name: semiminor_sigma}
#     sky_centroid:
#       __class__: astropy.coordinates.sky_coordinate.SkyCoord
#       dec: !astropy.table.SerializedColumn
#         __class__: astropy.coordinates.angles.Latitude
#         unit: *id002
#         value: !astropy.table.SerializedColumn {name: sky_centroid.dec}
#       frame: icrs
#       ra: !astropy.table.SerializedColumn
#         __class__: astropy.coordinates.angles.Longitude
#         unit: *id002
#         value: !astropy.table.SerializedColumn {name: sky_centroid.ra}
#         wrap_angle: !astropy.coordinates.Angle
#           unit: *id002
#           value: 360.0
#       representation_type: spherical
#   astropy version: '5.1'
#   make_catalog parameters:
#     ab_zpt: 31.4
#     coadd_bands: !!python/tuple [f277w, f356w]
#     deblend_contrast: 0.001
#     deblend_nlevels: 32
#     deblend_npixels: 1
#     detect_kernel_fwhm: 4.0
#     detect_kernel_npix: 7
#     detect_npixels: 4
#     detect_threshold_nsigma: 3.0
#     flag_isolated_buffer: 4
#     hst_bands: !!python/tuple [f606w, f814w, f125w, f140w, f160w]
#     jwst_bands: !!python/tuple [f115w, f150w, f200w, f277w, f356w, f410m, f444w]
#     near_border_kernelsize: 21
#     reference_band: f200w
#   make_catalog version: 1.4.0
#   photutils version: 1.5.0
# schema: astropy-2.0
label xcentroid ycentroid sky_centroid.ra sky_centroid.dec bbox_xmin bbox_xmax bbox_ymin bbox_ymax area semimajor_sigma semiminor_sigma orientation eccentricity min_value max_value local_background segment_flux segment_fluxerr kron_flux kron_fluxerr kron_radius gini equivalent_radius kron4_2_flux kron4_2_fluxerr radius_kron20 radius_kron50 radius_kron80 near_border
[from data line 1614]
1615 1642.4618422316032 2043.2384286501322 215.01999005440592 52.99887614373717 1641 1644 2043 2046 13.0 0.9845503089607205 0.29882101839475755 26.533356002164872 0.9528282032332506 -0.3653156569736939 0.13964076507111825 0.0 -1.3221191653904272 1.1291795 -1.0577813710077109 1.0211519294822902 1.4 -0.4972356564982211 2.0342144725641096 -4.109097249203211 1.6525191780471777 1.4582621247217993 1.8925049684910764 2.1245587252022475 False
1616 2773.5461984500994 2051.514365616727 215.00974244218713 52.991748439927115 2764 2783 2046 2056 164.0 5.270933694705027 1.9692026354600465 18.884164446178882 0.9275912995414026 -0.4072247279949882 0.8657998253045093 0.0 48.94342719105923 3.6442199 86.65417896202695 9.856797443006794 2.4328348272667197 0.35028458965199966 7.225151993843567 117.5491753425845 15.847057669762098 3.575721868629471 7.456341070290911 13.501795334292789 False
1617 6989.03646569183 2046.5507725093967 214.9719570151411 52.964982587538465 6987 6990 2046 2048 10.0 0.9436689424203977 0.6256033994122845 11.320897483880422 0.7486654817535172 -0.08658660057966774 0.3994238783439244 0.0 1.9478256716683826 0.86341774 6.225016528765391 2.7749387636533736 2.903622663285092 0.39528164229441914 1.7841241161527712 11.379374685031545 4.449054712939334 1.2156845401596916 2.353027106829226 3.1889873488044755 False
1618 242.9276541127407 2050.6309149258805 215.03248869888125 53.00778965523192 240 246 2048 2053 35.0 1.6664113155649283 1.4175990473236346 9.739990654408118 0.5256680767338748 -0.22773649201088408 0.38499007523018264 0.0 3.1187043618860555 1.8175274 10.156592040826926 6.382835030043773 3.0521089635928806 0.4298944067995566 3.3377905890622728 13.25540401777484 10.2164091891218 2.2801801691480006 4.521890232587463 6.873870131385892 False
1619 7982.321381498419 2050.044586206134 214.96301140452985 52.95869925453786 7979 7984 2048 2052 23.0 1.3061271844403075 1.1578832155011665 -65.48349779256843 0.46272644111608957 -0.2589492094408921 0.27574700516915746 0.0 1.5750497535808916 1.5948008 -2.415701072185815 5.301003244591849 2.966864848279884 0.48388329406355596 2.7057581899030048 -8.408212156866508 8.438423654583488 8.329957604957738 8.610122194383093 8.984548207309365 False
1620 6942.6865024370545 2052.5044796788497 214.9723100779266 52.96530882034252 6940 6944 2050 2054 19.0 1.266925121533377 0.8424715454251497 6.479315998567235 0.7468670132615766 -0.1559365974761978 0.3617278167621826 0.0 1.8333031986938575 1.2086328 3.4961559173127266 1.8071239647426318 1.4 0.516465867673821 2.4592453796829674 3.561949497030428 2.862607195406927 0.9843962220727083 1.9650545025817507 2.802006247775488 False
1621 6383.913184528343 2056.978771081812 214.9772758092166 52.968877998572275 6376 6389 2052 2062 117.0 3.2756932538922845 1.9343722064707143 32.56378675369849 0.8070208093937845 -0.2505531993442173 2.244880246919676 0.0 58.924049854981064 3.7704413 91.57550998135147 8.60239754431702 2.2612322920908667 0.4268426669610272 6.102643417692329 99.4785436220609 13.722092097094944 2.295488561375535 4.722964727262183 9.05455038913413 False
1622 7464.089097076565 2055.434328482666 214.96760235195208 52.96201654462241 7462 7466 2054 2057 15.0 1.4122772826072871 0.6149278054326275 -39.24533586296332 0.9002294730617771 -0.1526399324774982 0.3333037025676961 0.0 1.8781284615170983 1.0823953 10.735910511991356 4.2341653352739215 3.627789384871184 0.3520541567679745 2.1850968611841584 12.677668967398954 6.816458234738427 3.8275593245744988 5.111940146696713 6.044976096600975 False
1623 4509.781633968134 2059.686995399228 214.99406645916906 52.98078106377495 4507 4511 2056 2063 28.0 1.8421155896223813 1.0643261384834235 -76.5950497841506 0.8161969291221249 0.2514884756012735 1.8373439667552418 0.0 21.215282565036837 1.4150816 103.4697280296212 5.276024606423897 3.184127271315628 0.3167958828974678 2.985410660720923 131.05291491021882 8.471301803590917 2.652416925244697 4.937648390467297 8.036863439492983 False
1624 2138.2042649822433 2073.8031858855193 215.01521440984857 52.99589789828136 2121 2154 2057 2088 835.0 5.006031616591338 4.818584610715283 -58.54203389062296 0.2710837364949696 -0.5630372495043889 8.186239955946819 0.0 367.28613336974786 9.765932 374.5721309423195 10.298814453680457 1.4 0.7069146987798706 16.303029011918774 393.4784263381682 16.505034551704792 2.182963154663685 4.2498235916758595 8.311506558377467 False
1625 4156.975143965393 2059.207399657706 214.99723876499465 52.98301620874075 4151 4159 2057 2062 43.0 1.9811673007704926 1.2838243012275445 25.077085060664384 0.7616283575802121 -0.37949335836354 0.4696434072748893 0.0 0.5034949521607621 2.0804517 14.678389872068365 7.934820279481046 3.56157940891531 1.087856594475865 3.6996385101659595 33.69939141312199 12.634222160391888 3.521061691740196 6.491946871392444 7.256649968618071 False
1626 7301.561799581549 2067.22307078359 214.9689359300402 52.96311142974055 7290 7311 2060 2075 223.0 4.397034690002517 2.7671716109732314 19.38541260855583 0.7771408010101536 -0.17607737871260146 1.5108444571939208 0.0 88.23762099821684 4.130132 121.64023857240076 7.9330872622271205 1.8400239791884383 0.4184190616548692 8.42514715711158 121.43926486010538 12.758879488360238 2.8024597572447254 5.731318896174983 9.535915438228706 False
1627 9783.204825901486 2066.3089719443687 214.94669451425028 52.94735910931945 9778 9788 2062 2073 100.0 2.6199284041831055 2.2618235272818246 -82.12495998590329 0.5046654202285803 -0.2589779693898625 0.6883740476398599 0.0 26.371972107402584 3.213056 33.82414729108213 4.823371683269338 1.4 0.4014819941843045 5.641895835477563 29.25453099245803 7.671547521322395 2.130611312338291 3.612383767259019 5.56588354030003 False
1628 9981.68701777702 2091.9013113175815 214.944646017157 52.946237661602886 9968 9995 2062 2115 1138.0 13.037681576604898 4.99038690136372 -89.98891316453373 0.9238451472106938 -0.3874576177519945 2.0208920734366105 0.0 464.6144997307955 11.187349 589.7491608380319 24.20695038725417 2.060799370484167 0.4494542375673581 19.0325156108475 754.4759904452565 38.27826378878571 8.022884999542647 14.205443162480337 22.395617697035366 False
1629 1013.537482043312 2065.7297661930993 215.02540410122253 53.002985531807376 1011 1016 2064 2068 24.0 0.7922124844942382 0.6650391944284676 -56.239515238022506 0.5434049040576784 -0.2349920927804446 0.3018155234216179 0.0 -0.5380545225673674 1.5416453 0.04199876950279513 1.415038791827122 1.4 -0.1730340550107055 2.763953195770684 -0.9162150833351866 2.262045958381345 2.5549527082400294 0.15064596035718103 0.19077687631460152 False
1630 9520.074052959673 2071.631732821332 214.94899698272218 52.94905776370677 9513 9525 2064 2078 124.0 3.701315045308586 2.2691427872657686 -62.830273264178274 0.7900332933959887 -0.18436413037250945 0.690631475091837 0.0 28.462868150732632 3.5335333 41.57051665361681 9.133936794455966 2.239124433857139 0.4091942373228806 6.282549314314218 69.67478067298072 14.496825833970485 2.5581102984206705 5.185054993420858 9.118648103751028 False
1631 9608.409723036319 2074.688656969926 214.94817298194496 52.94851367366628 9594 9624 2064 2085 387.0 8.01845755948638 2.709621064266745 -32.28124941109639 0.9411737673599874 -0.4410223223203597 1.000212902870818 0.0 106.32623710085062 6.2575545 147.2366804679834 14.064743468091832 2.1442200021435225 0.39532256816941247 11.098915530497878 98.44028699827109 22.417465230711496 4.377409417525483 9.408289499412042 15.58708068999919 False
1632 6377.75772134895 2068.9237184296335 214.97720520699735 52.96898159193406 6375 6380 2066 2071 29.0 1.572003062231641 1.1822637111464962 4.9313136244407 0.6590778899530575 -0.16578083312093625 0.5382065812123037 0.0 7.432573161338753 1.8150553 11.61864637003687 4.605747860950964 2.241313934827928 0.3122060267931815 3.0382538898732494 16.946866584611556 7.370719644613919 1.3972565121707106 2.5049600435791612 4.185601721244587 False
1633 6544.014937555791 2073.270166859387 214.97566780864267 52.9679503187753 6538 6552 2068 2077 87.0 3.67920816558286 1.9050956270285033 -24.00440199784635 0.8555014311476069 -0.48476408918126873 0.3315986679287464 0.0 4.024603624105828 3.1360946 108.81749220667243 15.627220906316051 3.913302423347502 0.3783014829458142 5.262410103554244 234.99168197215337 24.974273021055517 9.943838749902866 15.351573582314884 21.1845191794344 False
1634 1641.431504633192 2071.4773883444404 215.01970178526045 52.999035367671524 1639 1644 2069 2075 27.0 1.8355328202051135 0.8367535520107612 44.4565233702578 0.8900493834570499 -0.12153276137989551 0.5167238969564838 0.0 4.636072235079747 1.6962804 13.361973852715087 5.339393137690058 3.069906316191435 0.4217194989969457 2.9316150714175193 2.6077489354869314 8.512624315487777 1.8285321643101196 4.233360791084176 9.759866990817438 False
1635 214.08185329627693 2075.0212325050315 215.03249097636498 53.008104441845695 209 219 2070 2079 77.0 2.474138224740678 1.7156396454941845 21.942404892936388 0.7205247875421249 -0.3000288858570232 0.7539869747177793 0.0 14.250851752389009 2.7261684 29.403342899358872 6.962875135972577 2.45200854015557 0.4699966046643354 4.950743503369154 51.694932004678776 11.156829351796654 2.1192595480192145 5.4519244027402065 9.175717268924375 False
1636 4495.526859085356 2074.1383828371513 214.99404217921395 52.9809495861253 4490 4499 2070 2078 73.0 2.1551105928937795 1.8033772698447594 -84.49161133817218 0.5475223537044019 -0.07516860247302831 1.5952138758230907 0.0 40.13387963000287 2.2920582 68.28521083562293 5.624791320353589 2.400985727685734 0.3743835508931893 4.820437914901168 115.9363014694274 8.938336897311228 1.9554193869537486 3.932413887469155 7.150953996674293 False
1637 1725.8014018191066 2074.968493424629 215.0189070009868 52.99851926511235 1722 1729 2071 2078 54.0 1.7904432243390225 1.5975079869001347 -47.904261586606665 0.4515582661423265 -0.3471305757121737 0.6736976436365253 0.0 7.087484957095855 2.3392413 8.397597819389254 3.343475520815019 1.4 0.4296813034622311 4.145929793656026 3.6934843856557014 5.295863771580645 1.084964506778736 1.8963880492989726 2.8583960884529964 False
1638 3467.835610016201 2075.1574368164956 215.00325828979393 52.98747317241985 3465 3470 2073 2079 34.0 2.2404501718120358 1.1906843440261463 82.54872070945207 0.8470904752120324 -0.17312666045236594 0.34513436912534406 0.0 1.6745448465977766 1.8289943 12.945270990325575 8.560682966874174 3.8273152946359 0.601082182239208 3.2897623212397704 39.86807654472162 13.692837126802347 10.216577953673651 11.114365990677562 12.80452446301919 False
1639 9343.216104578656 2075.100225983344 214.95054579006268 52.95019886500076 9341 9344 2073 2076 14.0 0.8336882213041398 0.7572269637424336 -81.73261113033016 0.41835076379053227 -0.3125096411481245 0.4962813009516011 0.0 1.787381297746311 1.2073927 7.9970521137956885 3.478513083940882 3.052669770248671 0.4780270714497781 2.111004122822376 10.474372444295096 5.519505436286511 1.331302404262949 2.5954190567318633 4.508540864310996 False
1640 2233.6860631874874 2081.678848761107 215.0142737252323 52.995335007743215 2229 2243 2075 2087 161.0 2.2063467645317667 1.9837030479216204 -21.66215475205176 0.4377650083708391 -0.39281104385303817 17.24536625242694 0.0 282.04072599593735 4.32157 289.2595671635148 4.4710179926302835 1.4140545330085148 0.6836163451455828 7.158763278359629 306.8362557290327 7.1137712855919775 1.142292707900982 2.207265024165951 3.9914797906402986 False
1641 1646.1256528395124 2078.5778351780314 215.01958480054407 52.99904399543909 1644 1647 2077 2080 14.0 1.2950917015704801 0.6085296500613706 62.30216643219375 0.882733605726914 -0.08093561330233402 0.2992696188027693 0.0 1.4253732515202433 1.1349086 0.83653132367122 3.771398530210194 3.041622816416662 0.511743871577808 2.111004122822376 -14.813560081374481 6.054729165554177 0.8440190997216481 1.1468136362903352 1.3511183259348842 False
1642 2836.447862072174 2079.5074479064424 215.00888257941475 52.99150087568996 2834 2839 2077 2082 30.0 1.6249211191013733 1.2017070078625032 20.346542178265146 0.6731039278071098 -0.03647133121289671 0.3250476082954701 0.0 4.976358112419967 1.5637121 11.238307346141546 4.899391433897717 2.7303849769484376 0.34306695768975154 3.0901936161855166 10.359594863347422 7.7942230644365775 1.793564267021901 3.9640170527397647 10.119602434246305 False
1643 7650.548182347565 2087.4280231163557 214.96559302267522 52.961006326772804 7642 7656 2082 2092 127.0 2.2762856599712578 2.0830996371902075 -36.954591957847406 0.40315654609558316 -0.23224162098203785 3.756319606558977 0.0 73.06327456244559 3.5505068 76.13387955531914 4.280686833010282 1.4 0.5674627265656497 6.358093703724522 79.3052564321914 6.819748381038886 1.3273547818813676 2.6045768897356343 4.212849150772454 False
1644 6306.900445576169 2087.1528974414555 214.9776489122841 52.96952961352331 6299 6312 2083 2092 102.0 3.490153491569068 1.868852138637548 -25.668153612894656 0.8445579458168103 -0.469679920430058 0.5214938873122767 0.0 3.744069370894534 3.3453107 4.680825399253962 5.273334555731811 1.4 0.5027289810918273 5.698035485213008 -6.928072143149668 8.483009026835681 2.2351614529856225 3.1807751370398685 8.361857551416346 False
1645 6347.56957034069 2093.963375204909 214.97721228393215 52.96930840564723 6334 6362 2084 2107 539.0 5.560786384071986 3.882816333096121 -0.29343677666196205 0.7158544758003551 -0.31500574569840634 6.338479449277625 0.0 420.9479254028737 8.081887 436.1514973458128 9.911426967616878 1.4 0.5835862240700697 13.098436114783443 432.91590281385163 15.746805272031542 2.5752905559077868 5.392283779623418 9.257019312146452 False
1646 10227.031253814348 2089.8477689225624 214.94246883527518 52.94466946334213 10222 10232 2084 2095 117.0 2.572602888279766 2.1559678231193287 85.20556525355792 0.545594646593573 -0.29481603133769674 1.2773692057387858 0.0 37.88422166395531 3.3528113 50.31144142067644 6.2507604298480395 1.9343672544884136 0.4906300299238621 6.102643417692329 59.69238064712836 10.06823811121208 1.877460480171794 3.629608718489032 7.154212050333658 False
1647 7428.91355058943 2089.615101716772 214.96755779863884 52.962424388018846 7423 7434 2085 2095 94.0 2.76823000733203 1.713627982702118 40.278648664625926 0.7853643330825375 -0.275554028892953 0.7253675697613606 0.0 13.136244838279527 2.7348 26.526233511834235 7.197743654084446 2.628181877095135 0.5577942284969065 5.4700209598571305 40.77531424753488 11.488534779880093 1.9024159175944153 5.617255784669586 12.10430492081834 False
1648 2487.343030259461 2096.1522939018023 215.01184276657625 52.9938047302683 2476 2497 2087 2107 312.0 5.259317383386175 3.4411183303875403 22.618452560983172 0.7562438135110626 -0.5173382241236185 0.5209283497170194 0.0 -0.5351119536070823 5.9965854 -17.587022883298136 8.962083541134389 1.4 -0.3821948736863881 9.965574970333758 -26.9865267169191 14.441320099116469 12.519407603799179 13.3842762354619 14.351068386156356 False
1649 4194.259367182163 2089.2356269781067 214.9965876903546 52.98294203542238 4193 4196 2088 2090 10.0 0.8391607332056936 0.6611190080705079 -6.50849451128002 0.6158881747339667 -0.061105619720471085 0.3776547994530074 0.0 1.5025776903569121 1.0019993 7.28154851789677 3.330912259039287 3.2384005853282507 0.4815251949809368 1.7841241161527712 9.791818160963256 5.274947566608669 1.4390727964871026 2.6066693833925796 4.40189215834101 False
1650 7408.815595000121 2089.830177331235 214.96773579556685 52.96255306750406 7406 7411 2088 2092 26.0 1.7843396215885605 1.033763940896595 -14.071948425430007 0.8150761768146602 -0.24054923774886822 0.37851643007122737 0.0 2.942328981285968 1.3956538 3.5255245458527815 2.3372299635023035 1.4 0.4217191693261861 2.876813695875796 0.26710446148023226 3.768680113829016 1.3533654372758765 2.254195013725361 2.9120038479824015 False
