outputs/dr0.5_c0.1/nircam2_f150w_dr0.5_c0.1.ecsv
# %ECSV 1.0
# ---
# datatype:
# - {name: label, datatype: int64}
# - {name: xcentroid, datatype: float64}
# - {name: ycentroid, datatype: float64}
# - {name: sky_centroid.ra, unit: deg, datatype: float64}
# - {name: sky_centroid.dec, unit: deg, datatype: float64}
# - {name: bbox_xmin, datatype: int64}
# - {name: bbox_xmax, datatype: int64}
# - {name: bbox_ymin, datatype: int64}
# - {name: bbox_ymax, datatype: int64}
# - {name: area, unit: pix2, datatype: float64}
# - {name: semimajor_sigma, unit: pix, datatype: float64}
# - {name: semiminor_sigma, unit: pix, datatype: float64}
# - {name: orientation, unit: deg, datatype: float64}
# - {name: eccentricity, datatype: float64}
# - {name: min_value, datatype: float64}
# - {name: max_value, datatype: float64}
# - {name: local_background, datatype: float64}
# - {name: segment_flux, datatype: float64}
# - {name: segment_fluxerr, datatype: float32}
# - {name: kron_flux, datatype: float64}
# - {name: kron_fluxerr, datatype: float64}
# - {name: kron_radius, unit: pix, datatype: float64}
# - {name: gini, datatype: float64}
# - {name: equivalent_radius, unit: pix, datatype: float64}
# - {name: kron4_2_flux, datatype: float64}
# - {name: kron4_2_fluxerr, datatype: float64}
# - {name: radius_kron20, unit: pix, datatype: float64}
# - {name: radius_kron50, unit: pix, datatype: float64}
# - {name: radius_kron80, unit: pix, datatype: float64}
# - {name: near_border, datatype: bool}
# meta:
#   PHOTMJSR: 2.251199960708618
#   PIXAR_SR: 2.11539874851881e-14
#   __serialized_columns__:
#     area:
#       __class__: astropy.units.quantity.Quantity
#       unit: !astropy.units.Unit {unit: pix2}
#       value: !astropy.table.SerializedColumn {name: area}
#     eccentricity:
#       __class__: astropy.units.quantity.Quantity
#       unit: !astropy.units.Unit {unit: ''}
#       value: !astropy.table.SerializedColumn {name: eccentricity}
#     equivalent_radius:
#       __class__: astropy.units.quantity.Quantity
#       unit: !astropy.units.Unit {unit: pix}
#       value: !astropy.table.SerializedColumn {name: equivalent_radius}
#     kron_radius:
#       __class__: astropy.units.quantity.Quantity
#       unit: &id001 !astropy.units.Unit {unit: pix}
#       value: !astropy.table.SerializedColumn {name: kron_radius}
#     orientation:
#       __class__: astropy.units.quantity.Quantity
#       unit: &id002 !astropy.units.Unit {unit: deg}
#       value: !astropy.table.SerializedColumn {name: orientation}
#     radius_kron20:
#       __class__: astropy.units.quantity.Quantity
#       unit: *id001
#       value: !astropy.table.SerializedColumn {name: radius_kron20}
#     radius_kron50:
#       __class__: astropy.units.quantity.Quantity
#       unit: *id001
#       value: !astropy.table.SerializedColumn {name: radius_kron50}
#     radius_kron80:
#       __class__: astropy.units.quantity.Quantity
#       unit: *id001
#       value: !astropy.table.SerializedColumn {name: radius_kron80}
#     semimajor_sigma:
#       __class__: astropy.units.quantity.Quantity
#       unit: !astropy.units.Unit {unit: pix}
#       value: !astropy.table.SerializedColumn {name: semimajor_sigma}
#     semiminor_sigma:
#       __class__: astropy.units.quantity.Quantity
#       unit: !astropy.units.Unit {unit: pix}
#       value: !astropy.table.SerializedColumn {name: semiminor_sigma}
#     sky_centroid:
#       __class__: astropy.coordinates.sky_coordinate.SkyCoord
#       dec: !astropy.table.SerializedColumn
#         __class__: astropy.coordinates.angles.Latitude
#         unit: *id002
#         value: !astropy.table.SerializedColumn {name: sky_centroid.dec}
#       frame: icrs
#       ra: !astropy.table.SerializedColumn
#         __class__: astropy.coordinates.angles.Longitude
#         unit: *id002
#         value: !astropy.table.SerializedColumn {name: sky_centroid.ra}
#         wrap_angle: !astropy.coordinates.Angle
#           unit: *id002
#           value: 360.0
#       representation_type: spherical
#   astropy version: '5.1'
#   make_catalog parameters:
#     ab_zpt: 31.4
#     coadd_bands: !!python/tuple [f277w, f356w]
#     deblend_contrast: 0.001
#     deblend_nlevels: 32
#     deblend_npixels: 1
#     detect_kernel_fwhm: 4.0
#     detect_kernel_npix: 7
#     detect_npixels: 4
#     detect_threshold_nsigma: 3.0
#     flag_isolated_buffer: 4
#     hst_bands: !!python/tuple [f606w, f814w, f125w, f140w, f160w]
#     jwst_bands: !!python/tuple [f115w, f150w, f200w, f277w, f356w, f410m, f444w]
#     near_border_kernelsize: 21
#     reference_band: f200w
#   make_catalog version: 1.4.0
#   photutils version: 1.5.0
# schema: astropy-2.0
label xcentroid ycentroid sky_centroid.ra sky_centroid.dec bbox_xmin bbox_xmax bbox_ymin bbox_ymax area semimajor_sigma semiminor_sigma orientation eccentricity min_value max_value local_background segment_flux segment_fluxerr kron_flux kron_fluxerr kron_radius gini equivalent_radius kron4_2_flux kron4_2_fluxerr radius_kron20 radius_kron50 radius_kron80 near_border
[from data line 1792]
1793 6636.772815219981 3901.9664794612036 214.8833589030725 52.904878325788054 6635 6639 3900 3904 23.0 1.3317366720619928 1.2649584545701646 40.803789687837785 0.31268678955779955 0.25223984975995084 0.6700529501163693 0.0 11.454011021287338 1.4008992 31.079417821515378 4.68985538990376 2.7665040985114877 0.14734549724677562 2.7057581899030048 42.72508986436098 7.532836811782999 1.909938099851293 3.4643112693681877 7.251249254887082 False
1794 6753.542827397358 3903.2992885222293 214.88230038316905 52.90414388489726 6750 6756 3900 3907 43.0 1.4258155089409754 1.2263555014853393 65.89847510167606 0.5101117684705809 -0.19411735030243346 1.997364697717842 0.0 18.30693979841276 2.040383 28.34072655750702 4.078734589970944 2.3004412080686247 0.5565242741157517 3.6996385101659595 29.246356749947218 6.454469201396799 1.0652757868558371 2.305974763095561 5.310338312256976 False
1795 nan nan nan nan 165 166 3901 3903 5.0 nan nan nan nan 0.0 0.0 0.0 0.0 2236068.0 nan nan nan nan 1.2615662610100802 nan nan nan nan nan True
1796 2635.0103065044705 3914.040068585218 214.91904832639636 52.93035398734493 2627 2644 3902 3924 286.0 3.9725159236501764 2.996608794012541 48.59310089161882 0.656489398233798 -0.8032730697509776 5.2323278090046434 0.0 148.64664710273965 13.20993 146.60084148886438 17.080398320333106 1.4 0.5999918559417255 9.541311620975605 133.26156774305286 28.265044198236225 1.8658352482998912 3.621537115422282 5.895435043487225 False
1797 1252.9453907372817 3906.4729784864935 214.93150753063549 52.93908649505707 1250 1256 3903 3909 32.0 1.7415980002815206 0.9201373707785395 -26.77167192030656 0.8490395037458579 -0.2281102179980438 1.113648041452595 0.0 11.19667352030193 4.6849756 8.313443519211168 6.620252911289878 1.4 0.4965962027386946 3.1915382432114616 8.13253580828239 10.372188069013227 0.8905984856715554 1.4072823824282197 1.944748569929839 False
1798 7770.949928637783 3907.077926835381 214.8731615963146 52.89770210698604 7768 7774 3903 3911 47.0 2.1837589369231925 1.4066793380087983 -46.36799485898282 0.7648949450629542 -0.18842486950921963 0.6905477115540409 0.0 11.3723830684362 2.012737 19.596153391988686 5.134776060385645 2.265157148513898 0.4072674533002758 3.8678889139475245 23.50939216412423 8.289833099009211 1.9634260471067737 3.544431273087658 5.357205586052708 False
1799 1162.7820030268488 3909.631507748829 214.93228205379825 52.93967586192441 1159 1167 3905 3914 65.0 2.0683885669199356 1.6967070737809007 -39.938475583860864 0.5719279834312064 -0.47371615581224674 2.5222837143700927 0.0 39.00915650827854 6.3594637 37.469789385941205 10.250470878511019 1.579993427268419 0.47592817035931895 4.54864184146723 44.422069083530374 inf 1.2366742359228748 2.1670887681828512 3.290684735092857 True
1800 6766.652728636082 3910.754486693776 214.88210461547249 52.90410084099802 6764 6769 3908 3913 30.0 1.4315390509858499 1.1705885689833129 47.899975275176615 0.5756256637015484 -0.027027108760520193 0.7982903367468346 0.0 10.882336961793783 1.6934326 24.83090833926367 4.484446407709672 2.6425023949706934 0.34083795939570793 3.0901936161855166 35.82177205597319 7.107932550162794 1.6127686824115048 3.63570233832959 6.250583016729644 False
1801 7675.011034745226 3909.708089051946 214.87399179780164 52.8983256900415 7673 7676 3908 3911 13.0 1.0432936677611278 0.741919327717932 25.35336862007393 0.7030586963666103 0.04549672756630289 0.9006904503985148 0.0 5.13086149701541 1.0734926 9.624485600177437 2.165642669823384 1.8438084166669386 0.39437842150389535 2.0342144725641096 10.80918654930584 3.413273173941974 1.0209198048747514 1.8690428327727613 2.835679657217957 False
1802 3589.9038485869073 3910.2716709199844 214.91053771652287 52.924271216354434 3588 3592 3909 3912 12.0 0.986719097210181 0.7213954109130567 -38.683811763048695 0.6822648045929688 -0.5280123116274782 2.338087665224854 0.0 9.249247885887458 2.8207579 31.468523604586476 10.195332176621045 3.0677172003056383 0.38682509379271407 1.9544100476116797 41.82233715515927 15.854879895663228 1.371065152745833 2.9788275510082363 4.184185909849675 False
1803 10105.618598793842 3943.665850315661 214.8519069244663 52.8830678817434 10070 10141 3909 3973 3545.0 10.064262251199969 8.190415518637067 58.21434238113687 0.5811284982587137 -0.7836924288526605 54.471279572500386 0.0 5992.124610233018 29.342726 5929.539526853259 28.58103706902763 1.418399972113977 0.738498336194088 33.591792844704464 6436.911014342771 inf 4.091102165658978 8.835115406615255 15.360569199760215 False
1804 6439.2127216336685 3915.020633712672 214.8849886571404 52.90620348128186 6437 6441 3913 3917 21.0 1.1605937133845274 0.9853700747219157 -54.10111416766276 0.5283568327410949 0.1044681833445137 1.4795249126197005 0.0 12.916933886596706 1.3588158 20.810607519159074 3.267146399514114 2.3266130156365588 0.34441885404105327 2.5854414729132054 19.239616866412625 5.244777817384262 1.0787396522279442 2.0901767820647903 3.9236543683783642 False
1805 7476.92392342274 3922.541165133994 214.87562806058747 52.89965312916061 7468 7485 3916 3929 210.0 3.0812763960131937 2.233836593323412 -12.245002454467325 0.688779198381268 -0.230359336638155 7.0951203951942015 0.0 193.13869949764165 4.4726357 200.13272252280635 5.286130762899564 1.4874791346978944 0.6132811443387107 8.175883811466258 215.1008191676296 8.390316507671475 1.5011826507021078 2.8925711896971333 5.303046486605563 False
1806 4451.646405058798 3928.7311744391054 214.902629160994 52.91889927728352 4442 4460 3917 3940 344.0 4.111253294392559 3.228495378031085 75.9026181091523 0.619137587352615 -0.9613552666357389 9.258198818005502 0.0 268.0949640912447 1732050.9 276.1570896231609 5945366.133857451 1.4 0.6322574616344283 10.464157913908982 301.6382531283856 16588462.920784486 1.6264858264425406 3.38915190917898 7.5545924946643215 False
1807 8228.187412614627 3919.107521466303 214.86894659169644 52.89486257511584 8226 8231 3917 3922 28.0 1.4041955022865866 1.1187955442506174 -21.66201731476881 0.6043064497478761 -0.026880507659865667 1.3065987118326445 0.0 13.603306583940189 3.3438764 16.239780065079554 5.059700680050051 1.4330288085230707 0.37118305518258105 2.985410660720923 16.364791797972913 8.065261374591977 1.0528621191058776 1.8673611961180634 2.9783932339187063 False
1808 2741.827437165545 3922.224200423555 214.91800555245248 52.929720036022765 2737 2745 3919 3926 54.0 2.0760119919332847 1.5655066367454111 -49.62403172431391 0.6567673602046061 -0.2649732804180809 1.5328630035806061 0.0 22.291291113722604 6.848578 46.27329884281592 17.144925396948302 2.4417535543326374 0.4695488813130169 4.145929793656026 -4.081273070012092 2864360.084704107 1.9550229217650954 3.926456723363373 6.3258299541932805 False
1809 nan nan nan nan 146 147 3920 3921 4.0 nan nan nan nan 0.0 0.0 0.0 0.0 2000000.0 nan nan nan nan 1.1283791670955126 nan nan nan nan nan True
1810 nan nan nan nan 496 512 3921 3936 207.0 nan nan nan nan 0.0 0.0 0.0 0.0 14387494.0 nan nan nan nan 8.117274569709014 nan nan nan nan nan True
1811 1486.760279442214 3925.1511852663884 214.92921611209704 52.937703173522856 1482 1492 3921 3931 91.0 2.2781590072468845 1.768656946604182 1.0762997900000661 0.6302976184290054 -0.803312506821452 2.660039443073161 0.0 40.80230984872064 4242640.5 44.354235570895966 4932792.994154504 1.4 0.5939578880599649 5.382025607773058 36.32376986850254 10327071.990285926 1.2637814619920562 2.495883682033139 4.171697287597713 True
1812 8129.80440813044 3927.1132024453445 214.869741929021 52.895530707956844 8121 8136 3921 3933 140.0 3.3860230524226393 2.244203078062255 32.60216679294066 0.748810329282718 -0.6237183192586546 3.2674541961280035 0.0 83.87531399585436 7.305302 154.11311848272254 19.409745025876635 2.5042448467883256 0.5436788841768295 6.6755811781245455 199.63195852804475 30.90557354602344 2.367596370110539 6.283133485406901 12.648302951651193 False
1813 6107.911732507784 3932.2201906156333 214.88777132488667 52.908400353573285 6102 6114 3926 3939 133.0 3.4355947098487256 2.1680336035840604 40.62581599450642 0.7757417893266703 -0.1623262419139959 1.1752926315553218 0.0 55.70315776474768 4.161902 158.11142508035596 14.048654269197506 3.0801458949914 0.3765937276422425 6.506551687525748 210.12781618876338 23.493747311871555 3.8747407747342115 10.151220489087926 15.71951271791644 False
1814 6828.033848240313 3929.8404698681943 214.88135461132407 52.90381395861704 6825 6832 3926 3934 54.0 1.7825635959260595 1.3841437642946242 70.00247566109049 0.6301289118513828 -0.18678354825922883 1.4588024226524317 0.0 23.232140069907842 2.388474 26.969842466456992 3.1039285982824296 1.4 0.45533350759993624 4.145929793656026 27.095846974233794 4.907457258776516 1.1792825931821256 2.18222371796009 3.5754638330581248 False
1815 6897.300609879817 3938.115581544653 214.88064792638406 52.90341866404521 6884 6914 3928 3948 421.0 4.404135285327747 2.930370640061757 -16.8973829820564 0.746515531396394 -0.3241185072453916 13.853682606656424 0.0 405.62820256164 8.074699 435.84773927540647 10.338718909706175 1.7081185003621027 0.6620214153511982 11.576202403352141 505.11332389006407 16.651232462839083 1.6940997119521435 3.616131947552887 7.812390345088192 False
1816 7019.664372493769 3932.8335027903136 214.87960911334466 52.902612984960484 7016 7022 3929 3937 51.0 1.9646794794084077 1.4290887981590858 66.52735944030577 0.6862239793361075 -0.20467614950693863 0.771702766875091 0.0 11.76877053197512 2.2340562 55.00199411795561 8.23999460940323 3.3318465711038083 0.5018487203361082 4.029119531035698 73.25125524059175 13.866236736606522 3.978937976757867 9.828156382030393 13.149442793346418 False
1817 8847.901581080638 3935.983809953777 214.8632286668165 52.8910168784812 8843 8854 3929 3943 142.0 3.4922605936503115 1.8198117934107056 65.35648280190036 0.8534965391961669 -0.18357224389823237 5.121724030388156 0.0 150.9676872334403 4.535437 170.75626106305538 7.195137083350147 1.6740997960759283 0.49416497358778144 6.723094811029982 180.41838824670157 11.80044707971172 2.0528160529461443 3.74749377453743 5.933842750482479 False
1818 1913.8800630872568 3932.4864179355855 214.92531276495225 52.93503147995031 1905 1923 3931 3942 184.0 3.616760441569952 0.7373855664640319 1.0392182519848547 0.9789958606309946 -0.9245584191397408 0.7749458333226372 0.0 2.7967019480863646 12288205.0 38.62166475416167 15621038.419360524 3.4197251460167704 0.8985772419101562 7.653039857325812 64.52976819916238 inf 7.559642984773168 27.53411133841198 29.548721666917334 True
1819 nan nan nan nan 1654 1658 3932 3937 18.0 nan nan nan nan 0.0 0.0 0.0 0.0 4242640.5 nan nan nan nan 2.393653682408596 nan nan nan nan nan True
1820 7317.33967120335 3945.7471334374313 214.87681085755617 52.900791945601185 7306 7328 3932 3957 342.0 6.376297265255809 2.740955984781528 43.29634088463718 0.9028925038795341 -0.7477604096730622 3.3482844543705945 0.0 222.7392176443544 7.7706327 309.57335498112184 15.595620557907518 2.0198372221192153 0.4832061667254838 10.433694507453072 365.40748942884875 25.018705767711328 3.191269327584189 7.075362892205827 13.97141599274846 False
1821 2280.3125467878176 3935.5117692167964 214.92199882343323 52.93272165104243 2277 2284 3933 3943 63.0 1.8802571779876778 0.8459425817258512 5.512366992488813 0.8930749522625597 -0.08410075092946864 1.9477842263194671 0.0 9.950331758207376 6324556.0 18.152882947482215 7755484.418934452 2.3655040977897457 0.8354896885463873 4.478115991081385 26.249613533526432 13293197.308279252 1.1312276067947358 3.2427954054537946 8.228783991733664 True
1822 8048.625313110493 3939.853755053687 214.87033360930084 52.89611509320888 8047 8050 3938 3942 18.0 1.1872966166159844 0.9939790597604853 73.86050616655612 0.5469299385551706 0.181466373763656 0.7460583466864356 0.0 8.389173355966989 1.8495727 41.91397813603866 6.982048551619137 3.3783655148303193 0.21186766357559272 2.393653682408596 65.92396444484751 11.357661674840035 2.3660979180044155 4.636562680450718 7.247333655237289 False
1823 nan nan nan nan 1154 1161 3939 3945 36.0 nan nan nan nan 0.0 0.0 0.0 0.0 6000000.0 nan nan nan nan 3.385137501286538 nan nan nan nan nan True
1824 8123.802792149695 3956.8838435273356 214.86948211486688 52.895729409909904 8100 8147 3940 3976 726.0 11.13575571845729 2.711623702506954 35.44765835333275 0.9698993822862689 -0.8472360846181448 5.796887039990192 0.0 559.6304756261918 16.370115 618.4900512587717 24.34061365115065 1.6213605735648995 0.5382889084878099 15.201742576738761 638.660403273957 8682554.59146622 3.7185998466078938 8.477995817622046 16.249315150309737 False
1825 10221.369903571725 3951.736846151615 214.85078762656062 52.88237596662558 10216 10228 3941 3960 185.0 4.297688422852156 2.1607520143923202 -80.67689617342795 0.8644197921010993 -0.47725439863697666 2.7013233997849437 0.0 91.80688424543831 7.0945516 156.88873457843272 16.705375111082176 2.4147656347442368 0.4715751834516962 7.673807981960539 188.20878076869158 27.558378069053813 2.85252706963826 6.290588126116207 12.932862282981066 False
1826 10286.129451024584 3945.179530958383 214.8502780098421 52.88192914916859 10280 10292 3941 3950 75.0 3.2324992174065654 1.6407969513042648 30.029866370811803 0.8615964320409625 -0.09045025510522663 1.947040736856489 0.0 64.94130553139823 5.1550198 115.5057191363382 12.51435948627109 2.2004414879263905 0.25415436523883145 4.886025119029199 123.08149195812291 18.85221956538327 2.7916227973617898 4.744302986485309 7.643117423523028 False
1827 4172.653756454863 3985.0962647602864 214.90453283178707 52.92097497642097 4141 4210 3943 3992 2691.0 14.797190207043773 2.5665827496307627 -2.4556721731554036 0.9848425562119489 -1.5552586799947932 1.846746069408977 0.0 224.34850532786263 46572524.0 338.5222289817671 inf 1.7258439202279807 0.88758239414787 29.267249678105742 340.746825102053 inf 6.240132573275655 13.493684371351307 24.878013203920766 True
1828 nan nan nan nan 3249 3252 3947 3949 10.0 nan nan nan nan 0.0 0.0 0.0 0.0 3162277.8 nan nan nan nan 1.7841241161527712 nan nan nan nan nan True
1829 6599.569969257325 3951.032422473586 214.88317500482077 52.905379321372614 6596 6604 3948 3955 50.0 1.780463248773143 1.3875218613563665 -40.75415960575608 0.6266462416491331 -0.405996468988644 1.4875826448698137 0.0 20.76773836542456 3.3980646 25.657625515935248 4.595089359351911 1.4 0.450856153133248 3.989422804014327 23.859493526205302 7.283774278313376 1.2011901447495623 2.1804133296248316 3.6281202153045364 False
1830 nan nan nan nan 1020 1034 3950 3960 114.0 nan nan nan nan 0.0 0.0 0.0 0.0 10677077.0 nan nan nan nan 6.023896332520351 nan nan nan nan nan True
1831 nan nan nan nan 2493 2503 3950 3960 104.0 nan nan nan nan 0.0 0.0 0.0 0.0 10198039.0 nan nan nan nan 5.753627391751592 nan nan nan nan nan True
1832 nan nan nan nan 3144 3156 3952 3964 127.0 nan nan nan nan 0.0 0.0 0.0 0.0 11269426.0 nan nan nan nan 6.358093703724522 nan nan nan nan nan True
1833 7952.941974063451 3956.4322370108703 214.87101458230748 52.89681230971508 7948 7957 3952 3961 79.0 2.0390730015253933 1.733136545395006 63.97574652873916 0.5268424326292661 -0.32580530076136466 2.1493856244210447 0.0 46.72089903133804 4.475047 51.53377413464014 5.932515776501824 1.4636320136840189 0.5190233927670751 5.014626706796775 53.554051709202554 9.300232053372081 1.342917420876822 2.4007987376706827 3.8001189712206878 False
1834 186.03837602809327 3964.921636731559 214.94045187351676 52.94617397201244 178 193 3954 3973 234.0 2.724358125389356 2.078345695643454 44.05121565412867 0.6465455742036426 -0.6984326952038867 4.25990501012636 0.0 91.18631763333751 9746794.0 91.88456582127542 7369811.266594796 1.4 0.7703624932557676 8.63044108762739 95.69174251896598 13911561.627629623 1.4746849907400952 2.5943239754719354 3.85318293065129 False
