outputs/dr0.5_c0.1/nircam3_matched_f277w_f125w_dr0.5_c0.1.ecsv
# %ECSV 1.0
# ---
# datatype:
# - {name: label, datatype: int64}
# - {name: xcentroid, datatype: float64}
# - {name: ycentroid, datatype: float64}
# - {name: sky_centroid.ra, unit: deg, datatype: float64}
# - {name: sky_centroid.dec, unit: deg, datatype: float64}
# - {name: bbox_xmin, datatype: int64}
# - {name: bbox_xmax, datatype: int64}
# - {name: bbox_ymin, datatype: int64}
# - {name: bbox_ymax, datatype: int64}
# - {name: area, unit: pix2, datatype: float64}
# - {name: semimajor_sigma, unit: pix, datatype: float64}
# - {name: semiminor_sigma, unit: pix, datatype: float64}
# - {name: orientation, unit: deg, datatype: float64}
# - {name: eccentricity, datatype: float64}
# - {name: min_value, datatype: float64}
# - {name: max_value, datatype: float64}
# - {name: local_background, datatype: float64}
# - {name: segment_flux, datatype: float64}
# - {name: segment_fluxerr, datatype: float32}
# - {name: kron_flux, datatype: float64}
# - {name: kron_fluxerr, datatype: float64}
# - {name: kron_radius, unit: pix, datatype: float64}
# - {name: gini, datatype: float64}
# - {name: equivalent_radius, unit: pix, datatype: float64}
# - {name: kron4_2_flux, datatype: float64}
# - {name: kron4_2_fluxerr, datatype: float64}
# - {name: kron4_2_mag, datatype: float64}
# meta:
#   PHOTMJSR: 2.962800025939941
#   PIXAR_SR: 2.11539874851881e-14
#   __serialized_columns__:
#     area:
#       __class__: astropy.units.quantity.Quantity
#       unit: !astropy.units.Unit {unit: pix2}
#       value: !astropy.table.SerializedColumn {name: area}
#     eccentricity:
#       __class__: astropy.units.quantity.Quantity
#       unit: !astropy.units.Unit {unit: ''}
#       value: !astropy.table.SerializedColumn {name: eccentricity}
#     equivalent_radius:
#       __class__: astropy.units.quantity.Quantity
#       unit: !astropy.units.Unit {unit: pix}
#       value: !astropy.table.SerializedColumn {name: equivalent_radius}
#     kron_radius:
#       __class__: astropy.units.quantity.Quantity
#       unit: !astropy.units.Unit {unit: pix}
#       value: !astropy.table.SerializedColumn {name: kron_radius}
#     orientation:
#       __class__: astropy.units.quantity.Quantity
#       unit: &id001 !astropy.units.Unit {unit: deg}
#       value: !astropy.table.SerializedColumn {name: orientation}
#     semimajor_sigma:
#       __class__: astropy.units.quantity.Quantity
#       unit: !astropy.units.Unit {unit: pix}
#       value: !astropy.table.SerializedColumn {name: semimajor_sigma}
#     semiminor_sigma:
#       __class__: astropy.units.quantity.Quantity
#       unit: !astropy.units.Unit {unit: pix}
#       value: !astropy.table.SerializedColumn {name: semiminor_sigma}
#     sky_centroid:
#       __class__: astropy.coordinates.sky_coordinate.SkyCoord
#       dec: !astropy.table.SerializedColumn
#         __class__: astropy.coordinates.angles.Latitude
#         unit: *id001
#         value: !astropy.table.SerializedColumn {name: sky_centroid.dec}
#       frame: icrs
#       ra: !astropy.table.SerializedColumn
#         __class__: astropy.coordinates.angles.Longitude
#         unit: *id001
#         value: !astropy.table.SerializedColumn {name: sky_centroid.ra}
#         wrap_angle: !astropy.coordinates.Angle
#           unit: *id001
#           value: 360.0
#       representation_type: spherical
#   astropy version: '5.1'
#   kernelfile: kernel_f277w_f125w.fits
#   make_catalog parameters:
#     ab_zpt: 31.4
#     coadd_bands: !!python/tuple [f277w, f356w]
#     deblend_contrast: 0.001
#     deblend_nlevels: 32
#     deblend_npixels: 1
#     detect_kernel_fwhm: 4.0
#     detect_kernel_npix: 7
#     detect_npixels: 4
#     detect_threshold_nsigma: 3.0
#     flag_isolated_buffer: 4
#     hst_bands: !!python/tuple [f606w, f814w, f125w, f140w, f160w]
#     jwst_bands: !!python/tuple [f115w, f150w, f200w, f277w, f356w, f410m, f444w]
#     near_border_kernelsize: 21
#     reference_band: f200w
#   make_catalog version: 1.4.0
#   photutils version: 1.5.0
# schema: astropy-2.0
label xcentroid ycentroid sky_centroid.ra sky_centroid.dec bbox_xmin bbox_xmax bbox_ymin bbox_ymax area semimajor_sigma semiminor_sigma orientation eccentricity min_value max_value local_background segment_flux segment_fluxerr kron_flux kron_fluxerr kron_radius gini equivalent_radius kron4_2_flux kron4_2_fluxerr kron4_2_mag
[from data line 2616]
2617 4193.461647379506 3400.233264436549 214.80201271011111 52.86293666093217 4185 4202 3395 3406 164.0 3.9317716259168303 2.771950504726933 9.726786629653546 0.7091942808726439 0.19649243857771964 0.6821367374928204 0.0 63.75921386060011 9.924318 147.37227526588094 29.54038779947721 2.6571837596335817 0.1850330758799546 7.225151993843567 147.17071877076233 47.171967416261616 25.980446472639954
2618 9242.352591370887 3397.6733917706183 214.75701456960772 52.8308170928433 9240 9245 3395 3400 26.0 1.4798566226006231 1.30147044206817 -44.13680008551972 0.47597812510183585 0.1879196173195971 0.2781307977007267 0.0 6.002558161521717 4.1100655 23.125854104387184 14.499840841779074 3.03776565756722 0.06662172399858352 2.876813695875796 23.880016450307416 23.121322363447927 27.954913445921655
2619 130.00574194237015 3412.9938733067015 214.83816387079963 52.88883248645365 125 148 3396 3433 560.0 5.314351460199188 4.3925459432179625 -78.16903441042251 0.5628719393671042 0.20597332594104348 13.190257794965575 0.0 1033.9784510974862 18.795008 1412.459591639366 27.715283694630568 1.6290096813862482 0.6406922004489768 13.351162356249091 1536.7197417963255 44.28587008210463 23.43351332358879
2620 2903.998488850419 3397.6093491481356 214.81355021878534 52.87111945522767 2902 2906 3396 3400 21.0 1.351279779156615 1.195174996265613 -1.3053532203502063 0.4665850407037194 0.16882304921953706 0.20680845220789162 0.0 3.9297015719553094 3.5700226 32.286377423422636 15.576478840767102 3.553066262326988 0.03828998130470573 2.5854414729132054 61.02662459600177 24.961514051485977 26.936201625897887
2621 357.4449239049714 3403.415732983707 214.8362326361111 52.88733555522603 351 363 3398 3409 124.0 2.930060380771249 2.760104276999923 -37.13192475662035 0.33562494356351386 0.19485438114054898 0.6345339277680528 0.0 46.77855856505435 9.235319 100.20663321703657 25.614065390207003 2.552979706823793 0.1824255820006534 6.282549314314218 136.19663462371045 40.6054612101933 26.064584058929032
2622 2692.5095869151282 3400.783585272768 214.81540497794353 52.87248085950914 2691 2694 3398 3403 14.0 1.6612505673838651 0.6398833808492661 57.82148533904486 0.9228407385284381 0.15199325937336813 0.17931646169945042 0.0 2.348128138611393 3.236672 15.138083516127871 12.935606037791048 3.4908798282228624 0.027857476753323496 2.111004122822376 11.141204592754288 20.447476331338184 28.78266962620384
2623 8075.000328597273 3398.5019185211186 214.76741016513148 52.838246232201115 8074 8076 3398 3399 4.0 0.802663425216258 0.31140999438223466 -31.922203680804625 0.9216716530025161 0.23520923257619616 0.2457484882019165 0.0 0.9582386394232372 1.493074 13.082101981729124 6.813021643609454 4.073388780509372 0.013166682287259873 1.1283791670955126 22.313065497520643 10.883717976970068 28.028601899346377
2624 7660.181822975256 3400.182459615146 214.77109050163702 52.84089342203591 7659 7661 3399 3401 6.0 0.7790268228959822 0.5740199066315698 45.38126574160464 0.6760646733469554 0.18414367306676785 0.19929371783528704 0.0 1.1596617822816593 1.8298342 14.108888940427093 8.371106780720076 3.739134714891041 0.019499640578163488 1.381976597885342 20.598809783548973 13.507957428148911 28.115394682010397
2625 9798.440699158502 3410.8575486389477 214.75192074773696 52.82735087811634 9787 9809 3400 3422 386.0 4.844783853700112 4.1591878037670975 47.30229326776944 0.5128339958217122 0.264530929045204 2.550598980641834 0.0 346.62399966816747 14.806035 463.31572726449093 29.292474944569392 1.951318053041736 0.34930404527484366 11.084566571000565 500.9370806210028 46.78687772698547 24.650542048880393
2626 1089.1878715984344 3404.5268186019925 214.8296839172801 52.882691343553375 1086 1093 3401 3408 50.0 2.0511255905869987 1.7855462079928084 -42.90708925738894 0.4921327310584556 0.18166704094587768 0.2916468008443308 0.0 11.465204082791873 5.396089 40.237612499995606 19.331683243803905 2.9400503108424076 0.08254581660507061 3.989422804014327 52.71904716281916 30.910990763006474 27.095081119312304
2627 165.28672117743122 3406.2156293292896 214.83792002335827 52.888571748611206 160 171 3402 3410 74.0 2.8261488921896145 1.9098875029413833 28.550713825573926 0.7370928020643257 0.18689117493998048 0.3569240446824972 0.0 20.58327144915475 6.5334306 85.91355316470937 24.842917902165652 3.089041576507416 0.09576123969114023 4.853342309955121 135.94311572165574 39.77893178573714 26.066606951430604
2628 1193.3691080409938 3408.7289074443424 214.82870907526973 52.882051896372374 1187 1199 3404 3413 106.0 3.0574469585226853 2.306548725022385 15.722474527394358 0.6564109537583516 0.21766181296327392 0.6222496876338284 0.0 41.0194256650742 7.9906616 82.87791520172134 22.45458726197093 2.458886678475452 0.16775689943879574 5.808687281605183 102.02540521620274 35.857188351032256 26.37822917913945
2629 8050.272893623507 3405.98804867722 214.76755177567702 52.83844380718771 8049 8051 3405 3407 7.0 0.7496972547629368 0.6970696978687084 -87.72316749910618 0.36806114610609725 0.23648498416686597 0.2672420208257848 0.0 1.769215992073284 1.9499536 16.37750873294057 8.952358883387372 3.6720892878450564 0.022927167571187818 1.4927053303604616 20.830883745910256 14.484836096042887 28.103230762020857
2630 9341.980698456184 3407.301592152194 214.7560254093831 52.83023522538842 9339 9345 3405 3410 35.0 1.6888968628780472 1.4919474771162269 -13.027772821950135 0.46864651809251245 0.2728640843655327 0.49253447603383926 0.0 13.092963575155153 4.4025893 38.80152447979338 14.787114839064918 2.805928074337997 0.09595045085887634 3.3377905890622728 46.26234133914599 24.17550702943824 27.236930978365507
2631 7382.840352851947 3407.5313210741733 214.7734858257127 52.84269675561012 7381 7384 3406 3409 11.0 1.1173941407213193 0.7467832978442771 -49.61947957709417 0.7438687163228671 0.1936794402699407 0.2299957763640898 0.0 2.3662258315248494 3.0871224 17.682210572045832 12.334913811337898 3.5336030205388376 0.027843438918318437 1.8712051592547776 22.684674577002596 19.060829398278596 28.010668616311833
2632 7087.808358363972 3412.4616623037496 214.77606455638252 52.844599514188864 7082 7093 3407 3418 108.0 3.110377837174772 2.387085912680084 50.23167418318095 0.6410986266832118 0.27824583876377795 0.6772158377379891 0.0 48.34540740745069 8.13672 111.63220077322208 23.647323350001233 2.57431191355105 0.14026559639680222 5.863230142835039 134.4693166073693 37.93089832464608 26.07844200566546
2633 7508.073534238781 3415.7162809687625 214.77228308037587 52.84194441702086 7497 7518 3407 3426 285.0 4.5726385526053965 3.6937699252173317 -25.223955798425816 0.5894589120826792 0.2967892621376196 1.8484922219557318 0.0 236.18774242200337 12.768973 328.79184772266706 26.538100488867315 1.9256422544028853 0.2706261153590266 9.52461639974967 348.10607298805996 42.77079506343388 25.045721000090076
2634 9945.311671048814 3420.7144522823187 214.75050841941984 52.82646968146708 9926 9964 3407 3432 605.0 7.502799816467803 4.8384964183352235 -17.13695646169506 0.7642736186012773 0.2133804417602369 1.4211964387552567 0.0 330.6450826518387 18.881275 542.2772653918628 47.80853758217581 2.2284477754843928 0.28110899181868 13.877228871110882 644.4866197372728 76.85692173993668 24.37696523663986
2635 413.7759009867191 3409.945822577675 214.83566058067152 52.887012789385125 412 416 3408 3412 23.0 1.3298265074416384 1.3019464451085445 -78.5543694088882 0.20369299521345038 0.1578657407096973 0.2220882509242645 0.0 4.471751562528091 3.6925447 25.561151781223863 15.267044656677243 3.33091965745228 0.056640855574517014 2.7057581899030048 36.43550541812403 24.35729221778522 27.496188004364033
2636 1389.0819629092907 3417.4378970670373 214.8268692502451 52.88085501470928 1383 1395 3411 3424 130.0 3.423023038536248 2.6461588057642014 -62.556584943815984 0.6343483524228893 0.18706735805131916 0.43014663524748886 0.0 39.172685309410525 8.693505 97.31373798651572 27.515398590090253 2.6801094955068514 0.12871322788575962 6.432750982580687 118.02612234622839 44.14914900700542 26.220054652597494
2637 3152.364979122496 3418.316660577884 214.8111148758584 52.869652297196595 3143 3162 3411 3426 242.0 4.133998397636916 3.3857844031037576 -14.635389789476793 0.5737798041021815 0.24981359446484283 1.4751503376524628 0.0 158.9640772508912 10.43501 239.47228629739237 24.589385974024285 2.1372825350215003 0.2776748651917079 8.77673016883152 266.2226219340132 39.903065158601414 25.336887609158577
2638 888.936142190519 3413.83026356981 214.831374744484 52.8840141222084 887 891 3412 3416 17.0 1.2633002128352562 1.043675426510898 61.613105748081296 0.5634502954751409 0.13773704811764798 0.16893358036007053 0.0 2.581883158520796 3.1449258 16.16214815961764 13.54094085264133 3.405244148710631 0.03895591533817321 2.326213245840639 18.106947211558058 21.746946062075626 28.25538691133973
2639 6246.023256009259 3414.8839252851944 214.78354604508974 52.84996543394527 6244 6248 3413 3417 22.0 1.4788045062270125 1.1254686550060762 40.73805965286189 0.6486737969208995 0.19769706950091082 0.24700005186239785 0.0 4.860826509211925 3.5110226 23.123601477442133 13.865787770294448 3.210907004399824 0.042420807836567855 2.6462837142006137 30.36974107106119 22.257748116906846 27.693897277027574
2640 10128.53729946703 3413.809107445384 214.74894873290745 52.82526697224929 10127 10130 3413 3415 6.0 1.0812162086981933 0.4641117375689318 -31.156477887657424 0.9031858566186028 0.21623667374241407 0.2424329640358907 0.0 1.3791397151985012 1.8555847 21.595584836980848 9.278097857807309 3.834221849842828 0.028560414848772846 1.381976597885342 43.18737437314617 14.66553416444135 27.311607996475153
2641 285.46972894844725 3437.6452616699157 214.8365152001872 52.88797746506383 259 312 3414 3461 1757.0 10.924937630711208 6.049831635252968 38.42967689818184 0.8326740013940155 0.192227169436469 7.837059747611686 0.0 2540.9802632722526 32.74667 2783.515763654153 48.283806945734284 1.7035193204528434 0.5335040953626708 23.648899974944293 3078.6812841147066 76.57997159488515 22.679088171144663
2642 2903.9275042747367 3419.0416667420322 214.81332515496058 52.87123540280961 2900 2908 3415 3423 67.0 2.227709520617887 2.0988856308631583 -72.09675086339243 0.33512958817671 0.18180660805034007 0.41225955344082676 0.0 19.330903397376478 6.2631764 53.72236297922571 20.72737421847109 2.779320371718823 0.12323917753837468 4.61809077155419 89.64972817723549 33.49599549400659 26.51862755725967
2643 4148.019945365962 3419.7106263302708 214.8022131533448 52.86333048851482 4144 4152 3415 3424 78.0 2.454768398655397 2.1881135185599936 67.76943041179288 0.4532711350980094 0.19169684347406474 0.4372281869103715 0.0 22.776531807287242 6.537426 61.083686691419885 21.122039069373148 2.749011717837873 0.13595028543737173 4.982787485166879 84.88617415943986 33.91278183255344 26.577907599337905
2644 1020.5887440347259 3434.760652309853 214.82997827791195 52.88329027530285 998 1043 3417 3454 1058.0 4.772974195789164 4.467018987647476 -7.415885593599787 0.35227000388164725 0.154599337120529 53.51723381786867 0.0 4322.695350593767 25.531599 4235.58922303436 22.302213120365103 1.4 0.7541584535429422 18.351344898465904 4487.351595983805 36.458795503974976 22.27002475250262
2645 3403.228865688089 3423.218819247865 214.80882384168018 52.86808404823111 3399 3408 3419 3427 68.0 2.513425070945677 1.9719756644898108 -39.66265080454844 0.6200313133679677 0.19044502677579572 0.3259915854519174 0.0 17.07131735876768 6.1631594 67.14529095820687 22.916352101121603 3.095901245546724 0.08792473966022667 4.652426491681278 100.01626819336548 36.69682354417958 26.39982338470044
2646 3947.9864070197523 3419.98538247541 214.80399551662822 52.86460362371699 3947 3949 3419 3421 7.0 0.919905861315498 0.5347788453841674 45.184823541784816 0.8136601432422316 0.15762572713568587 0.17160703585574447 0.0 1.1618746490242375 1.9518387 13.390579571465905 8.659262463627288 3.7669319477784136 0.017848830513168806 1.4927053303604616 18.49937013500433 13.908147818927738 28.232107645417972
2647 2372.4853875406866 3431.3563005390683 214.81794043617032 52.874679755614245 2357 2386 3423 3442 307.0 6.904895261753611 2.837276975569328 29.809387091216514 0.9116767974461928 0.18637057437179122 0.9118453966807823 0.0 142.10615645124895 13.665249 237.30326355991832 32.7542752063832 2.1004241925300144 0.21581177543693664 9.885400096021595 251.716212501575 52.54581960739939 25.397722028935814
2648 2680.7409612672136 3429.0857794171034 214.8152120069196 52.87270818637827 2678 2684 3425 3434 56.0 2.5717671639370363 1.6065637945944615 -67.20545690103448 0.7808708053186042 0.1820302174102273 0.3121232101433402 0.0 13.848462429571248 6.141657 42.10404509700098 20.16427977043276 2.8119223656204917 0.08399314412898311 4.222008245644752 46.35257154158945 32.11726245976938 27.234815417803958
2649 10038.301279050995 3428.5722509248594 214.74959722679762 52.825920458443406 10036 10041 3426 3431 27.0 1.4726257408348453 1.3805947987011613 -41.20214919912569 0.34797033188695403 0.18986285322346455 0.2692167919386648 0.0 6.253121679613136 3.8952296 45.68007429731706 16.633451080398807 3.493442393475506 0.056440455420180814 2.9316150714175193 67.71445947214457 26.922721911086686 26.82329645980677
2650 3432.1398898037546 3445.721664487196 214.80832880201794 52.86802152237259 3412 3452 3432 3459 804.0 6.676834550527515 4.606779858134539 11.514252206999139 0.7238430579758629 0.2066676566803376 7.691475351238992 0.0 1208.067776405207 21.284134 1290.9314659399029 28.57252228601929 1.5386866618279746 0.5233066371546571 15.99753570059363 1360.1715185520777 45.57984556578518 23.566015808368718
2651 3351.8177438050293 3436.365183300795 214.80914432623908 52.86848169585846 3349 3355 3433 3440 44.0 1.8960239594112078 1.6401985112388235 65.3930779437962 0.5016465623645364 0.08837275289185847 0.1846455138507139 0.0 5.873861057102949 5.1312613 21.75572523767129 18.22920232827024 3.079260316630928 0.11574723040878783 3.742410318509555 24.705102739646872 29.151434234354745 27.918033339240203
2652 10025.091912632304 3449.8513576748946 214.74949089134205 52.826119036684986 10009 10044 3435 3464 781.0 6.204583154638967 5.271631318158545 -1.2916124870588224 0.5273711046245153 0.22852764539777096 6.328957355842672 0.0 1103.1475566161068 21.015873 1233.7922271778875 31.514068302144757 1.6477355500973336 0.47854185295146506 15.767054928221077 1314.9476976267442 50.787050408176476 23.602728802505574
2653 1155.6505507800787 3441.0927829753814 214.8287051483921 52.88246605752276 1151 1160 3436 3446 84.0 2.756745059322911 2.0970198516719134 55.73287679476518 0.6491189729537171 0.19007103891795005 0.4887129482973523 0.0 27.940370795684164 7.0701656 56.12915602709816 19.989652498240748 2.4020187706278517 0.13782947484508856 5.170882945826411 58.51981834748298 32.11127105647676 26.981742576616654
2654 696.2115253214604 3440.238801323096 214.8328182846478 52.88538124914448 693 700 3437 3444 51.0 1.953566519967939 1.8175130583019536 49.82045510079357 0.3666565459328612 0.08970322518378838 0.20788161316780393 0.0 7.381879695424283 5.503418 18.65086440604408 17.723574620538706 2.6581696372035624 0.1283848147522272 4.029119531035698 20.453499057132124 28.77707487209917 28.123080962269558
2655 2816.994016137239 3438.6802107452813 214.81389447806671 52.871893818742926 2816 2818 3438 3440 7.0 0.7570489641846619 0.6865652790978374 0.9112931281428499 0.4213528256085553 0.14624330209128197 0.17678111329283497 0.0 1.1520956933622446 2.0958126 12.154111153281864 9.685891299521609 3.7495013761315272 0.034757067248794155 1.4927053303604616 19.52388779349277 15.204102250880771 28.173584242398316
