outputs/dr0.5_c0.1/nircam1_f410m_dr0.5_c0.1.ecsv
# %ECSV 1.0
# ---
# datatype:
# - {name: label, datatype: int64}
# - {name: xcentroid, datatype: float64}
# - {name: ycentroid, datatype: float64}
# - {name: sky_centroid.ra, unit: deg, datatype: float64}
# - {name: sky_centroid.dec, unit: deg, datatype: float64}
# - {name: bbox_xmin, datatype: int64}
# - {name: bbox_xmax, datatype: int64}
# - {name: bbox_ymin, datatype: int64}
# - {name: bbox_ymax, datatype: int64}
# - {name: area, unit: pix2, datatype: float64}
# - {name: semimajor_sigma, unit: pix, datatype: float64}
# - {name: semiminor_sigma, unit: pix, datatype: float64}
# - {name: orientation, unit: deg, datatype: float64}
# - {name: eccentricity, datatype: float64}
# - {name: min_value, datatype: float64}
# - {name: max_value, datatype: float64}
# - {name: local_background, datatype: float64}
# - {name: segment_flux, datatype: float64}
# - {name: segment_fluxerr, datatype: float32}
# - {name: kron_flux, datatype: float64}
# - {name: kron_fluxerr, datatype: float64}
# - {name: kron_radius, unit: pix, datatype: float64}
# - {name: gini, datatype: float64}
# - {name: equivalent_radius, unit: pix, datatype: float64}
# - {name: kron4_2_flux, datatype: float64}
# - {name: kron4_2_fluxerr, datatype: float64}
# - {name: radius_kron20, unit: pix, datatype: float64}
# - {name: radius_kron50, unit: pix, datatype: float64}
# - {name: radius_kron80, unit: pix, datatype: float64}
# - {name: near_border, datatype: bool}
# meta:
#   PHOTMJSR: 0.8704000115394592
#   PIXAR_SR: 2.11539874851881e-14
#   __serialized_columns__:
#     area:
#       __class__: astropy.units.quantity.Quantity
#       unit: !astropy.units.Unit {unit: pix2}
#       value: !astropy.table.SerializedColumn {name: area}
#     eccentricity:
#       __class__: astropy.units.quantity.Quantity
#       unit: !astropy.units.Unit {unit: ''}
#       value: !astropy.table.SerializedColumn {name: eccentricity}
#     equivalent_radius:
#       __class__: astropy.units.quantity.Quantity
#       unit: !astropy.units.Unit {unit: pix}
#       value: !astropy.table.SerializedColumn {name: equivalent_radius}
#     kron_radius:
#       __class__: astropy.units.quantity.Quantity
#       unit: &id001 !astropy.units.Unit {unit: pix}
#       value: !astropy.table.SerializedColumn {name: kron_radius}
#     orientation:
#       __class__: astropy.units.quantity.Quantity
#       unit: &id002 !astropy.units.Unit {unit: deg}
#       value: !astropy.table.SerializedColumn {name: orientation}
#     radius_kron20:
#       __class__: astropy.units.quantity.Quantity
#       unit: *id001
#       value: !astropy.table.SerializedColumn {name: radius_kron20}
#     radius_kron50:
#       __class__: astropy.units.quantity.Quantity
#       unit: *id001
#       value: !astropy.table.SerializedColumn {name: radius_kron50}
#     radius_kron80:
#       __class__: astropy.units.quantity.Quantity
#       unit: *id001
#       value: !astropy.table.SerializedColumn {name: radius_kron80}
#     semimajor_sigma:
#       __class__: astropy.units.quantity.Quantity
#       unit: !astropy.units.Unit {unit: pix}
#       value: !astropy.table.SerializedColumn {name: semimajor_sigma}
#     semiminor_sigma:
#       __class__: astropy.units.quantity.Quantity
#       unit: !astropy.units.Unit {unit: pix}
#       value: !astropy.table.SerializedColumn {name: semiminor_sigma}
#     sky_centroid:
#       __class__: astropy.coordinates.sky_coordinate.SkyCoord
#       dec: !astropy.table.SerializedColumn
#         __class__: astropy.coordinates.angles.Latitude
#         unit: *id002
#         value: !astropy.table.SerializedColumn {name: sky_centroid.dec}
#       frame: icrs
#       ra: !astropy.table.SerializedColumn
#         __class__: astropy.coordinates.angles.Longitude
#         unit: *id002
#         value: !astropy.table.SerializedColumn {name: sky_centroid.ra}
#         wrap_angle: !astropy.coordinates.Angle
#           unit: *id002
#           value: 360.0
#       representation_type: spherical
#   astropy version: '5.1'
#   make_catalog parameters:
#     ab_zpt: 31.4
#     coadd_bands: !!python/tuple [f277w, f356w]
#     deblend_contrast: 0.001
#     deblend_nlevels: 32
#     deblend_npixels: 1
#     detect_kernel_fwhm: 4.0
#     detect_kernel_npix: 7
#     detect_npixels: 4
#     detect_threshold_nsigma: 3.0
#     flag_isolated_buffer: 4
#     hst_bands: !!python/tuple [f606w, f814w, f125w, f140w, f160w]
#     jwst_bands: !!python/tuple [f115w, f150w, f200w, f277w, f356w, f410m, f444w]
#     near_border_kernelsize: 21
#     reference_band: f200w
#   make_catalog version: 1.4.0
#   photutils version: 1.5.0
# schema: astropy-2.0
label xcentroid ycentroid sky_centroid.ra sky_centroid.dec bbox_xmin bbox_xmax bbox_ymin bbox_ymax area semimajor_sigma semiminor_sigma orientation eccentricity min_value max_value local_background segment_flux segment_fluxerr kron_flux kron_fluxerr kron_radius gini equivalent_radius kron4_2_flux kron4_2_fluxerr radius_kron20 radius_kron50 radius_kron80 near_border
[from data line 1795]
1796 2529.5414991381117 2240.947867603702 215.00993817898996 52.99431993717804 2526 2533 2239 2243 35.0 1.9942498250413105 1.2620324131430773 7.614885721628269 0.774286136889134 0.09640952295391358 0.5897534260358562 0.0 11.225739668223694 1.2031772 25.663085201788988 3.704824637567049 2.6381416481341073 0.20722392436899353 3.3377905890622728 37.45051409937845 5.940843005904054 2.1129008401621543 3.701062323069992 5.6207840354386285 False
1797 6122.479406292275 2258.656841952836 214.97749690518657 52.97162628898969 6096 6146 2241 2278 1369.0 6.248534186961404 5.086960079623846 -20.7456388310936 0.5807183398337494 0.026016801028759782 52.603242146805435 0.0 4417.967171379829 8.496978 4375.534126331755 8.176992809360813 1.4 0.7172334524039474 20.875014591266982 4619.664147454991 11.537810081394623 2.602228695004365 5.158541128851881 9.768224218442462 False
1798 6505.925024928809 2254.46840338275 214.97410074520022 52.96917100932499 6498 6515 2245 2263 269.0 3.7390415405122703 3.1394176835381606 -54.57826662325392 0.5431562048982402 -0.07508189692682647 4.215754296187834 0.0 251.35630574691626 3.0724735 370.5255060071138 6.364612458638545 2.3011048532237157 0.4770975038582415 9.25339718068125 491.90969641301274 9.943114088447151 2.7724122231262562 5.760920297184571 13.931085264465441 False
1799 1464.7797013363036 2249.6928361314285 215.01941119105456 53.00111911464465 1460 1471 2246 2254 77.0 2.891998188623135 1.9069653781632638 -34.95921606110091 0.751797813224523 0.08835852003252288 0.5967724504604551 0.0 28.474705982065586 1.7981459 64.92441032051455 5.537110344128343 2.612170584658149 0.19728100272471558 4.950743503369154 98.40431960850235 8.84665972033341 3.0075588382409526 6.102009865889192 11.861354521014627 False
1800 7084.050876143669 2249.4593455304052 214.96896728200272 52.965476023694194 7079 7089 2246 2254 80.0 2.77548268032671 1.7540613848095201 29.638645107252305 0.7749812174482024 -0.0039864751708429316 0.9656670785266086 0.0 34.33343939047655 1.7490321 74.95122049594289 4.975410173118698 2.6776483867635954 0.28195633656794594 5.046265044040321 107.93346333391548 7.834831374430606 2.7023576650352026 5.7452364666821065 10.507544258593772 False
1801 424.2144809503505 2249.9783589470544 215.02875884627787 53.00771837374616 421 427 2247 2253 42.0 1.7800621235733844 1.5251677281768647 -13.638524035821009 0.5156390707949581 0.09062152358896622 0.6298152122310765 0.0 14.278198638455729 1.4300405 41.26009062289732 4.799742766164177 3.024007782534009 0.25095311624928607 3.656366395715726 38.44506840710395 7.502030423577937 2.44877048096897 4.8057572096291175 7.391053694315601 False
1802 6751.906822919154 2252.778079419433 214.9719118001188 52.967601271231075 6745 6759 2247 2259 142.0 3.379197871240346 2.636783418909804 -14.008931982341368 0.6254071244801783 -0.019545638888731315 0.7103950600555363 0.0 42.49926700453523 2.2427883 56.354675640387 3.497141233973837 1.4 0.3600757671962364 6.723094811029982 53.84701597870921 5.574304699753333 2.611101577768029 4.580011833150382 7.508075233017124 False
1803 9032.257624101087 2249.140379652385 214.9515001976823 52.95311222304285 9030 9035 2247 2251 17.0 1.6219772330024254 0.8186326515707385 -27.522074807912126 0.8632873226721234 0.06910810221235765 0.40691677176471436 0.0 4.120003396136157 0.8180813 23.528753064378225 3.777343211538541 3.4144705287696597 0.26197494619326445 2.326213245840639 14.433135881418403 5.938939962151793 2.5761584988182173 4.116526849894985 6.444647671739168 False
1804 2967.1299863687236 2248.7597664172126 215.00592571599344 52.99158709611723 2965 2969 2248 2251 16.0 1.3763388067283153 0.7918520479215646 8.975641605667349 0.8179198296207871 0.034220582900477914 0.33807226086194214 0.0 3.1615219800677665 0.82087034 31.93109007990394 3.4425914465608063 3.5922331848630815 0.28160263961121923 2.256758334191025 54.52966344939341 5.585259127155724 3.2318009012437976 6.279913097231549 8.72764304937124 False
1805 7239.705547834809 2252.5900713474425 214.96753811086901 52.96450534696932 7236 7244 2249 2256 51.0 2.1355933894306967 1.6038766175825188 -33.100502785545444 0.6602777139288125 0.05979004360398636 0.5359429521934195 0.0 14.06953407756791 1.420795 26.063135614902457 4.28890622976364 2.598874498461391 0.23358943529942292 4.029119531035698 32.52010896936983 6.751480075769442 2.125749622572072 3.7956323016865827 8.102010057764662 False
1806 9435.137012680427 2264.4167238404607 214.94772773055715 52.95063798926972 9411 9453 2249 2279 818.0 9.287488277047435 3.849206971803051 21.72602736802463 0.9100717181152869 -0.07483429085738241 6.525025358460831 0.0 1161.1487684418096 6.326323 1251.1121762902774 8.68933117960378 1.505224076280128 0.4929946989762492 16.13621662281282 1301.2037711570165 13.684346687329228 4.238191347179397 8.362605631579028 14.0668217682174 False
1807 3149.3560816749255 2255.9973721790666 215.00421296492078 52.99047055088821 3146 3153 2250 2262 84.0 3.1831400535876244 2.103708413248028 -81.06783642046082 0.7504819578974198 0.039033894175308254 0.6891792756713957 0.0 30.22614857884895 1.969262 90.77279132533616 6.103528080824151 2.569226142406314 0.18372613870381688 5.170882945826411 135.8613254762846 9.726831759235642 3.922016941326134 6.680367595064412 11.97630591833312 False
1808 6263.6047330273295 2261.624437883603 214.97619941806053 52.9707470103699 6249 6283 2250 2271 580.0 7.972192798293986 3.9517925412922996 15.800096989703446 0.8684954942515944 -0.04013653864035313 2.6677418859338125 0.0 461.5969615074094 4.5498705 550.6879500279765 8.174957487808728 1.826193820766825 0.36945506825963415 13.58748446131949 640.0769803324062 13.082136708537844 4.597814539416311 8.45993045284451 14.364855739066005 False
1809 6449.499676201016 2252.4218633758715 214.97462852993655 52.96951793048806 6449 6450 2252 2253 4.0 0.5029202836585621 0.49088262487972684 29.656763006763672 0.21748133697843913 0.2508819574610082 0.3586730754037295 0.0 1.2183210834715996 0.3547511 15.516944768646104 1.5441116128015515 3.9703898447628916 0.11107450368303123 1.1283791670955126 20.620709876122383 2.482293005503721 1.903927825765202 3.263299082262825 4.235681583906502 False
1810 7770.396875561841 2256.063178884455 214.96274180823653 52.96115687835898 7768 7774 2252 2260 47.0 1.938384419059364 1.628685671273405 -84.90104933211933 0.542232614164925 0.046096275321886336 0.6607872182544055 0.0 16.81156574035927 1.4776137 37.893293708935715 4.040131291190788 2.4620688269977102 0.23046289162551353 3.8678889139475245 55.65982433087733 6.480676567664121 2.2348028554342187 4.197901515171966 6.560593989410732 False
1811 3980.708347700682 2254.2866957823103 214.99676607051626 52.98518861345195 3978 3983 2253 2256 18.0 1.2283745958581467 0.9833348222239225 16.91985871338705 0.5993099647278542 0.11232539481010961 0.44018272840826533 0.0 5.100247837435502 0.8496027 7.942913492752399 1.3574057298803939 1.4 0.20026699723804614 2.393653682408596 7.429211038667802 2.1635923186878188 1.1374354121145738 2.004131647139409 3.0462621656175184 False
1812 8457.536843654803 2254.549174367729 214.95659596648625 52.95678851857881 8457 8459 2253 2256 8.0 0.8171790771418344 0.49860289145905506 89.4566106037414 0.792284903552875 -0.06908401085474997 0.2748055322529846 0.0 0.9993579872176196 0.5965832 2.5530911643526033 1.528726736446654 2.584154510870063 0.39610177414896786 1.5957691216057308 2.2489354445065057 2.439346304657927 0.8668650997324225 1.6177038516380735 2.9319140941091915 False
1813 9966.448206008192 2255.5746548511884 214.943058652404 52.94721827791553 9965 9968 2254 2257 12.0 0.9269548904219725 0.8780405914075989 -89.31601683953753 0.3205511775213678 0.2427753910430652 0.5078880892492647 0.0 4.358121854545011 0.67444056 16.66626215256528 2.50524092157686 3.233426281249051 0.14535666481642626 1.9544100476116797 18.62060250790769 4.064622194851664 1.658787169564851 3.5287464983125023 5.203389241070424 False
1814 3113.834295687291 2257.7179459105378 215.00451383643838 52.990705131424164 3112 3116 2255 2260 21.0 1.3139420681515281 1.1739666426719586 51.31269487289632 0.44912465947102387 0.17547827609858935 0.5977304685597734 0.0 7.664277142025953 0.9206519 31.360837266444666 3.4069972932197548 3.091510188079239 0.1848081808306795 2.5854414729132054 47.37525288365416 5.472708794706065 2.2842723937098013 4.421076776698437 7.185646662779452 False
1815 4429.132787531972 2264.152969996582 214.99263636548014 52.982397697143966 4422 4437 2256 2271 180.0 4.148739741177204 2.2674337691976008 -46.69357534001437 0.8374359015322818 -0.11919717878280121 1.401235713048606 0.0 92.98434767369116 2.9988403 120.91962490492956 5.002645285323617 1.660623249257918 0.389171247220631 7.569397566060481 118.23371267254461 7.978293845158257 2.5788954529464094 4.8177610127516965 8.55819278849079 False
1816 6778.438199502928 2257.8748428611284 214.9716201000765 52.96746048034039 6777 6781 2256 2260 16.0 1.1592193599543827 0.9786238476082298 -23.484061122617266 0.5360135601076859 0.06678633068821047 0.4818215335782821 0.0 4.529212684291549 0.72963506 14.34381658176706 2.5081373896337715 2.874676854266846 0.2799608758600248 2.256758334191025 18.259977254346836 4.03508308014383 1.6466420273333295 3.1104432724008637 4.659259634790904 False
1817 9764.877186270747 2261.724711880662 214.9448004941655 52.94853078087474 9757 9773 2256 2267 164.0 3.5903513423579385 2.5674494164569523 -1.7070982007803392 0.6990252523761846 0.07766008144075703 1.6095683018444844 0.0 87.98700672315573 2.5682547 115.91063065628043 4.521942791336211 1.6897353563035569 0.32175383896165477 7.225151993843567 111.02729482428126 7.246872829183371 2.4972714277580073 4.859858899991748 8.100428977842085 False
1818 2884.398521243555 2267.9500448598715 215.0064665322378 52.9922155090719 2874 2896 2257 2280 424.0 5.31046440235593 4.332871252775088 75.31211777171126 0.5781762055104958 -0.18479513031118397 1.175255847136058 0.0 172.876453369622 4.159918 226.90967515646318 7.9990998101023845 1.8517012156689714 0.3589652185013852 11.617374563210365 242.81828652922613 12.752999608214848 4.060163747114187 7.534132855241941 12.83745853075985 False
1819 3848.015145224014 2271.11872367015 214.9977800977485 52.9861212057002 3833 3864 2257 2286 568.0 3.5164344274883246 3.2368219738012525 -1.431141056503953 0.3907800205631168 -0.09191651200234517 58.39478852190568 0.0 2095.1277672569204 5.8121324 2066.832993167941 5.323329344784841 1.4 0.7647604052905942 13.446189622059965 2188.412308950681 7.604509135141042 1.6241018744062987 2.995206761517432 5.715661090058786 False
1820 8719.231824130322 2268.4709791855985 214.95410294849077 52.95520306967963 8713 8726 2261 2276 185.0 3.3346596550562455 2.5937999489658643 85.53524390437966 0.6284741290858542 -0.07997510206707213 2.014621562353259 0.0 117.48054711910297 2.8692424 159.96772081312852 6.0862069459486765 2.055242463622748 0.43196325526610774 7.673807981960539 177.45271555591276 9.668462019973603 2.4169617027471366 4.712925256176678 9.553505953127312 False
1821 7727.871711076127 2263.5121350643026 214.96304471757048 52.96146694720024 7727 7729 2262 2265 9.0 0.9567026889982901 0.6829469014670613 -69.2506913569699 0.7002936406360283 0.359760260340117 0.6578878421544926 0.0 4.509042181560786 0.6228049 27.415120697044735 2.5564524198771053 3.4202742376728086 0.1250771576097375 1.692568750643269 36.80154089021771 3.9920038335962316 1.9046244871986096 3.4165776004663346 5.167243047995992 False
1822 1275.7454791436307 2273.915181520228 215.02085444345113 53.00244871815887 1270 1281 2263 2284 186.0 4.877762267689604 2.1908393753384763 78.40607747933812 0.89345714357567 -0.10159513237516868 1.1330080578343065 0.0 82.51027146427332 3.1697612 140.94198173505683 7.035352790688551 2.3129845118183363 0.3434789413396283 7.694520051971082 168.39130876261186 11.117589370753207 3.4148062580371885 7.149873759911899 12.693914015965598 False
1823 6456.389197865029 2265.660670976731 214.97442725487466 52.96954575209287 6455 6458 2264 2267 15.0 1.114611550407942 1.007976744364691 56.03359102151768 0.4268338314710699 0.17943175818883028 0.31615367786220866 0.0 4.048066766357884 0.7087222 19.092660593156175 2.67596403619864 3.1926967024862045 0.08960750559298045 2.1850968611841584 45.504539468229964 4.256975697477398 2.1116012745541783 4.41803100621216 6.804172646566412 False
1824 1753.079332589521 2270.0779194121556 215.01660620673616 52.999401235113986 1750 1757 2267 2273 45.0 1.8287021601206448 1.6107810564400056 5.240489313754343 0.47342726353104675 0.17083526444737926 0.7657704903507923 0.0 18.08370123572433 1.3564438 31.59794434904706 3.5686986248929173 2.3152680375329826 0.20947571566218354 3.7846987830302403 25.35976715336226 5.831015334927393 1.8404389662378344 3.418707052831385 6.045843256649768 False
1825 404.44797416239453 2272.4307801113287 215.02869991572115 53.00796511640857 401 408 2270 2275 35.0 1.9129367896315521 1.3471920011180918 7.1069458359610485 0.7099488172165522 0.03919285713373641 0.6279508598508896 0.0 13.114181582678194 1.2231201 37.76085920405112 4.283136109145441 2.8789565179106607 0.17802630445289921 3.3377905890622728 26.632497345545897 6.758482874354229 2.38687980783087 4.363045881253773 6.632807451156636 False
1826 3585.7410135217906 2277.2914342911954 215.00006998134458 52.98781802472826 3583 3588 2275 2279 22.0 1.5430901716678938 1.1242174566880507 -6.197336535265463 0.6849932378514909 0.21032910485487616 0.5129682806281739 0.0 8.496823249440634 0.99482656 15.139180457760023 1.7212549040145841 1.4 0.09168046659696835 2.6462837142006137 11.330050917902414 2.75073412136401 1.574578542467541 2.518186792357317 3.42808803167748 False
1827 9237.192707158236 2277.197942857195 214.94936749125355 52.95196322185563 9236 9239 2276 2278 9.0 1.1628570795632436 0.5511882382418201 -28.449265902525834 0.8805276291048748 -0.024542494008972803 0.31293929549110777 0.0 1.285875588164709 0.5954081 10.103623087959166 2.4867366564669102 3.47092671688464 0.37226283479737493 1.692568750643269 11.49063268411201 4.030047930109285 2.2787129754088533 3.653093778037991 5.4023163315600655 False
1828 9149.341572485453 2278.7974760084103 214.9501381804527 52.952529377844336 9147 9151 2277 2280 17.0 1.276566596855627 0.7372947407861016 -12.974908739544949 0.8163477190788304 -0.12335478415938154 0.4229236878747335 0.0 3.189684532221308 0.8306158 5.443527860174159 1.2256971827253533 1.4 0.34471543800677173 2.326213245840639 5.094017999446646 1.9670404134660375 1.0861394341801207 1.9327066962243138 2.813326510692293 False
1829 527.9932589238119 2279.5352123412636 215.02751470657444 53.00722023356073 527 530 2278 2281 13.0 1.097533257010724 0.8665597822336311 63.65133827712424 0.6136834246173506 0.07669065359428412 0.3980402285655069 0.0 2.5770133350221642 0.6862477 5.299067496831137 1.166130379286474 1.4 0.29807397469396935 2.0342144725641096 4.786137845832403 1.8718688156661545 1.240468517267629 1.9473421076572364 2.6440522653912373 False
1830 3129.267247749006 2280.834055511147 215.00413169194795 52.99073221480358 3128 3131 2279 2283 14.0 1.2757824296462947 0.6856986610436347 52.8806646069539 0.843280932490513 -0.0569674345646113 0.5092614033728524 0.0 4.035095195292584 0.895228 35.464351514919095 3.338537900051257 3.6703494714019405 0.2991058206245314 2.111004122822376 59.61850958519214 5.174562106977097 3.6830609508291987 5.749683622446335 7.049723540961677 False
