outputs/dr0.5_c0.1/nircam3_f150w_dr0.5_c0.1.ecsv
# %ECSV 1.0
# ---
# datatype:
# - {name: label, datatype: int64}
# - {name: xcentroid, datatype: float64}
# - {name: ycentroid, datatype: float64}
# - {name: sky_centroid.ra, unit: deg, datatype: float64}
# - {name: sky_centroid.dec, unit: deg, datatype: float64}
# - {name: bbox_xmin, datatype: int64}
# - {name: bbox_xmax, datatype: int64}
# - {name: bbox_ymin, datatype: int64}
# - {name: bbox_ymax, datatype: int64}
# - {name: area, unit: pix2, datatype: float64}
# - {name: semimajor_sigma, unit: pix, datatype: float64}
# - {name: semiminor_sigma, unit: pix, datatype: float64}
# - {name: orientation, unit: deg, datatype: float64}
# - {name: eccentricity, datatype: float64}
# - {name: min_value, datatype: float64}
# - {name: max_value, datatype: float64}
# - {name: local_background, datatype: float64}
# - {name: segment_flux, datatype: float64}
# - {name: segment_fluxerr, datatype: float32}
# - {name: kron_flux, datatype: float64}
# - {name: kron_fluxerr, datatype: float64}
# - {name: kron_radius, unit: pix, datatype: float64}
# - {name: gini, datatype: float64}
# - {name: equivalent_radius, unit: pix, datatype: float64}
# - {name: kron4_2_flux, datatype: float64}
# - {name: kron4_2_fluxerr, datatype: float64}
# - {name: radius_kron20, unit: pix, datatype: float64}
# - {name: radius_kron50, unit: pix, datatype: float64}
# - {name: radius_kron80, unit: pix, datatype: float64}
# - {name: near_border, datatype: bool}
# meta:
#   PHOTMJSR: 2.251199960708618
#   PIXAR_SR: 2.11539874851881e-14
#   __serialized_columns__:
#     area:
#       __class__: astropy.units.quantity.Quantity
#       unit: !astropy.units.Unit {unit: pix2}
#       value: !astropy.table.SerializedColumn {name: area}
#     eccentricity:
#       __class__: astropy.units.quantity.Quantity
#       unit: !astropy.units.Unit {unit: ''}
#       value: !astropy.table.SerializedColumn {name: eccentricity}
#     equivalent_radius:
#       __class__: astropy.units.quantity.Quantity
#       unit: !astropy.units.Unit {unit: pix}
#       value: !astropy.table.SerializedColumn {name: equivalent_radius}
#     kron_radius:
#       __class__: astropy.units.quantity.Quantity
#       unit: &id001 !astropy.units.Unit {unit: pix}
#       value: !astropy.table.SerializedColumn {name: kron_radius}
#     orientation:
#       __class__: astropy.units.quantity.Quantity
#       unit: &id002 !astropy.units.Unit {unit: deg}
#       value: !astropy.table.SerializedColumn {name: orientation}
#     radius_kron20:
#       __class__: astropy.units.quantity.Quantity
#       unit: *id001
#       value: !astropy.table.SerializedColumn {name: radius_kron20}
#     radius_kron50:
#       __class__: astropy.units.quantity.Quantity
#       unit: *id001
#       value: !astropy.table.SerializedColumn {name: radius_kron50}
#     radius_kron80:
#       __class__: astropy.units.quantity.Quantity
#       unit: *id001
#       value: !astropy.table.SerializedColumn {name: radius_kron80}
#     semimajor_sigma:
#       __class__: astropy.units.quantity.Quantity
#       unit: !astropy.units.Unit {unit: pix}
#       value: !astropy.table.SerializedColumn {name: semimajor_sigma}
#     semiminor_sigma:
#       __class__: astropy.units.quantity.Quantity
#       unit: !astropy.units.Unit {unit: pix}
#       value: !astropy.table.SerializedColumn {name: semiminor_sigma}
#     sky_centroid:
#       __class__: astropy.coordinates.sky_coordinate.SkyCoord
#       dec: !astropy.table.SerializedColumn
#         __class__: astropy.coordinates.angles.Latitude
#         unit: *id002
#         value: !astropy.table.SerializedColumn {name: sky_centroid.dec}
#       frame: icrs
#       ra: !astropy.table.SerializedColumn
#         __class__: astropy.coordinates.angles.Longitude
#         unit: *id002
#         value: !astropy.table.SerializedColumn {name: sky_centroid.ra}
#         wrap_angle: !astropy.coordinates.Angle
#           unit: *id002
#           value: 360.0
#       representation_type: spherical
#   astropy version: '5.1'
#   make_catalog parameters:
#     ab_zpt: 31.4
#     coadd_bands: !!python/tuple [f277w, f356w]
#     deblend_contrast: 0.001
#     deblend_nlevels: 32
#     deblend_npixels: 1
#     detect_kernel_fwhm: 4.0
#     detect_kernel_npix: 7
#     detect_npixels: 4
#     detect_threshold_nsigma: 3.0
#     flag_isolated_buffer: 4
#     hst_bands: !!python/tuple [f606w, f814w, f125w, f140w, f160w]
#     jwst_bands: !!python/tuple [f115w, f150w, f200w, f277w, f356w, f410m, f444w]
#     near_border_kernelsize: 21
#     reference_band: f200w
#   make_catalog version: 1.4.0
#   photutils version: 1.5.0
# schema: astropy-2.0
label xcentroid ycentroid sky_centroid.ra sky_centroid.dec bbox_xmin bbox_xmax bbox_ymin bbox_ymax area semimajor_sigma semiminor_sigma orientation eccentricity min_value max_value local_background segment_flux segment_fluxerr kron_flux kron_fluxerr kron_radius gini equivalent_radius kron4_2_flux kron4_2_fluxerr radius_kron20 radius_kron50 radius_kron80 near_border
[from data line 4277]
4278 1001.5048285302032 2059.3510273513434 214.84463154563065 52.8759967159676 997 1006 2054 2065 85.0 3.2064788912043447 1.8773574199813747 62.809454886690695 0.8106805081836103 -0.0398838457908495 0.5982742092588602 0.0 26.449702357530505 2.6900377 85.99168923141414 9.288902469512646 2.8972926973577664 0.2629453997587061 5.201570947860099 104.69481500811125 14.797873198158662 4.040068288089956 8.027620132237079 12.055366152700035 False
4279 4239.125588622173 2053.5720429693547 214.81578331108426 52.85538991653164 4233 4246 2050 2058 89.0 2.8706049031729886 1.7648063664237703 -5.247005472412204 0.7886943311499579 -0.1256728999039596 1.433025747618841 0.0 41.003021450587525 2.8267102 63.363468726826596 6.197070273258749 2.1230447652648214 0.4241807153807749 5.322553886092406 81.26594467718424 9.819926876393604 2.1279140171057795 4.279139533158781 7.16377798558842 False
4280 4231.696091735613 2056.72503378939 214.81581642825174 52.855454132108434 4230 4235 2054 2058 19.0 1.2843488467390831 0.9340637135970931 18.076273871412887 0.6863553295302358 0.07210549580476361 2.2743649383098377 0.0 19.559104880577976 1.3524215 35.104806248686195 3.2439394004472963 2.257313889728062 0.30109812740665803 2.4592453796829674 37.34602481794873 5.135788955843039 1.2008156754160022 2.2069585278429886 3.6362229261824646 False
4281 2218.6610609100644 2063.026864918092 214.8337215132873 52.868282111738125 2210 2229 2054 2074 283.0 2.8977361642663015 2.635928026076561 28.467184183779068 0.41537382952339 -0.30222133484219493 12.544962888063267 0.0 175.21456108541165 4.9755025 179.3563383584713 5.611686223960452 1.5345264099424283 0.7177182083998919 9.491137855389772 203.23432946067004 9.082828167452867 1.0935106584418948 2.346660031241994 5.097799062497259 False
4282 2228.1288820016166 2077.3425021690878 214.83348625632726 52.86829911540155 2219 2236 2067 2087 225.0 4.799117815367712 3.4303444588402763 54.74657252650576 0.6993427695424396 -0.3923213665567023 0.8379135391737014 0.0 49.803081952143685 5.0332317 268.76141643310973 inf 3.4639034214752056 0.36696756820441945 8.462843753216344 266.9330319342883 inf 9.669073163672758 17.059359838904072 23.8633914629684 False
4283 1047.038115965888 2078.375946766536 214.8440244893626 52.87580996738485 1039 1054 2068 2090 275.0 4.594082637463494 2.7169970412926068 -72.78868889272098 0.8063693169842218 -0.1434865102449255 3.1096085835690954 0.0 172.79835446009457 5.2309113 224.4117004658917 9.89757558882361 2.0864262632597605 0.48998178081917776 9.356025796273888 279.9349475656869 15.603627429768878 2.532745676240424 5.458875067264122 10.779065779903492 False
4284 1042.5626049035525 2093.79257062924 214.84390216296495 52.87592152549253 1037 1049 2089 2098 91.0 3.191839828992484 1.7445265969272712 -30.85810707266712 0.8374210463715361 -0.04070949624365518 2.089757634619751 0.0 44.210736371129606 2.8523278 99.10595641157381 8.503045284725234 2.7124355374740823 0.3630694702527177 5.382025607773058 159.85825869236564 13.484635363508865 2.8660898383609084 6.482104082564426 11.163725623778575 False
4285 3767.4129346874784 2074.461118157762 214.81977368489714 52.85850075049571 3758 3777 2068 2081 227.0 3.7043761977447236 2.145737351388821 -18.129415544590124 0.8151542757038032 -0.12416204276129446 6.748040490098391 0.0 199.8135356287114 4.7918406 227.80942376978913 7.222557925232872 1.855730991693601 0.5910967818753403 8.500373177909337 267.3958226125001 11.59698315870896 1.754496208262146 3.6541193867486292 7.1673240394276885 False
4286 3779.1335188806247 2080.7306204717434 214.81960306779595 52.85846004399379 3776 3781 2077 2083 24.0 1.1971285941523788 1.0600235201026995 -18.774337028503073 0.46469326013284695 -0.16275964152196204 0.8526855949835941 0.0 7.578567049785269 1.4897671 27.80309478479045 4.743834241298137 3.0593587076260675 0.4320937603151619 2.763953195770684 49.50926688769352 7.632749242735211 1.8084110054422884 4.527384801799042 7.215774888410351 False
4287 7858.697285588009 2081.5562323223276 214.78320164654997 52.83252932934941 7853 7867 2070 2098 289.0 7.0882388010294095 2.6773126717374645 -82.97068784223357 0.9259231417790766 -0.17029483799906245 1.5566939909219575 0.0 118.98027687731397 4.6915846 684.9243091318542 17.377591542358946 3.4137804350995093 0.37863530989488925 9.591222920311857 1299.3006951092932 28.15620807962543 12.388748350270646 25.003125451732526 35.609312953812385 False
4288 7878.515266170794 2117.623923124279 214.78264534445086 52.83259757990389 7835 7921 2088 2147 3583.0 16.01096924653664 10.649924938464817 -14.454089501338487 0.7466970414303784 -0.14068708629454285 10.08914089625643 0.0 3266.554057944324 17.333755 4437.761454490987 34.249356730030335 2.126249509668522 0.4451501847497893 33.771353573650586 5185.509211633448 54.263673959949 10.309064345211587 21.106788916714336 42.47426234143709 False
4289 7842.0526074557565 2135.9471512338837 214.78277756746536 52.8329281285022 7837 7847 2130 2143 106.0 2.9647041976691875 2.2604186362344825 52.81455961107172 0.6470551176373941 -0.1406071385794272 0.9207072893094126 0.0 36.33056511114798 2.8276525 123.93555456411023 9.387331294980418 3.0369785071766566 0.352948426560995 5.808687281605183 165.7701681386681 15.124498290249882 4.155356648238904 9.717637109335957 16.135285714240176 False
4290 7945.519936895527 2083.314214858418 214.7824090936857 52.83198671631438 7943 7949 2079 2087 36.0 2.42749336124665 1.2435209179373439 -75.40117221094525 0.8588271854907439 -0.2707768679370952 0.5712608998643796 0.0 10.048479285469783 1.6168325 188.19084409466797 7.975903042548203 3.967204929967892 0.26181745910808074 3.385137501286538 458.1056656525501 12.874610135200378 7.327397721700843 11.54724297085134 14.588147750657992 False
4291 7945.264310605724 2089.990569087132 214.782341103568 52.83202430159671 7943 7948 2088 2092 16.0 1.7480530780602155 1.1453120227279014 27.20583621529641 0.7554615946169584 0.09144965224843206 0.46186009677224904 0.0 4.166664005759969 1.1131316 124.5545048212347 6.70902882594887 3.9358603217597357 0.22607085606276162 2.256758334191025 332.4844052800878 10.848746377725057 5.769460307861474 9.307213220024448 12.537030089232923 False
4292 10216.159407029298 2085.9738154814204 214.76214465878758 52.81756086497705 10214 10219 2084 2088 15.0 1.4352803618760877 0.9872791046631596 35.80419189423229 0.7258386613727624 0.1851874749048888 0.4998492388362255 0.0 4.7859898661906275 1.1086229 33.77495565700738 5.059426831111534 3.2551052506441462 0.18949031883338902 2.1850968611841584 41.54360961557957 8.085385632191151 2.651803610021022 6.106328101110172 8.628610155576823 False
4293 10217.638814846487 2109.82686202052 214.76188044643953 52.81767988854916 10197 10239 2087 2133 1439.0 6.951635892960741 5.651146635285773 76.73106122255325 0.5823707965029886 -0.153426917395971 44.4503874329237 0.0 2505.548096783742 12.412366 2517.1827818513007 12.674945503670408 1.4 0.6716119512530244 21.402054252301923 2661.6044374742783 19.180446713586228 2.5490808911217613 6.03773290236968 11.807057825367718 False
4294 4022.5441747309087 2093.1212763655435 214.81730001104094 52.8569796890435 4013 4032 2085 2097 187.0 2.88218147879396 2.6852417691286683 -2.4726821897710836 0.3633058934577124 -0.24284918269997918 7.419461370240808 0.0 228.71907170412314 4.252384 278.61065404708154 6.617496319514172 1.8514985065589025 0.5803892834010123 7.715176518808164 330.92083063503475 10.719273606616602 1.9314666597274495 3.72247641965018 6.561183496031065 False
4295 4021.6912154262536 2102.9442129333274 214.81720421995917 52.85703804862431 4007 4038 2091 2114 513.0 5.642681516707571 3.133879371295319 -22.416147505756562 0.8315911382436005 -0.20006953195350605 9.588005135369594 0.0 613.0933255060446 7.383067 645.2449364876336 8.717102570715323 1.4732815916057211 0.6141301707591454 12.778613837669742 688.337313317009 13.195924881472386 2.4083366438057703 4.784214241812754 8.749811113321813 False
4296 10053.022873174139 2116.304908494495 214.76327890916608 52.81876176644862 10044 10064 2106 2127 338.0 3.8584836566115057 2.99837544085611 -60.96403720050824 0.62939385087368 -0.03005247226534366 13.086889591018213 0.0 348.8713227047599 5.5992303 392.3477596012244 7.652129986490298 1.7066764792064781 0.59596265576452 10.37249929043725 439.2148153630963 11.980726309635104 1.656133451861102 3.8979513158437804 8.271741407033439 False
4297 10068.674571300053 2113.12986271133 214.76317287285275 52.81864512270511 10064 10074 2107 2118 106.0 3.0018276231946164 2.4213327688249078 -52.47054876706937 0.591071013800345 -0.2347641073963538 0.8335443598034673 0.0 37.199817785138855 3.0383499 127.6949097146851 10.323657079323663 2.9643768132211763 0.32209081829092884 5.808687281605183 184.83480843163625 16.384675435317657 4.506279533290654 8.875867102766442 15.259795452384566 False
4298 7163.379274167534 2149.342371237824 214.78868784343948 52.83731563322661 7140 7185 2128 2169 1275.0 9.084662557594081 7.356128462165142 -17.814956880146212 0.5868019242321357 -0.15877159974255714 3.5233762175294285 0.0 802.7009820028518 10.122758 982.8549236978483 16.70446094175872 1.6697151849701177 0.4106586960955788 20.14559765517849 1001.7473068886337 26.51807556580912 5.654071454104854 12.094489366045238 19.90813925484195 False
4299 7145.375091314959 2163.7546373411647 214.7886966930352 52.83750774364835 7139 7153 2157 2169 103.0 3.7243788907040503 1.9158572837022816 33.9396287658399 0.8575444474630557 -0.08933544396179253 0.8190465413308188 0.0 32.679268322839484 2.7857866 118.61318412844378 9.876193779894322 3.0628810488517946 0.294677953862451 5.725898905580716 158.52813258415682 15.741912459064574 4.591684925349074 10.949605607574654 17.99541215246042 False
4300 1432.202476044368 2155.0866382870026 214.83977631972968 52.87377609717925 1415 1456 2143 2168 607.0 7.064607205830501 4.373029233661043 -11.171468420701194 0.7853868159656655 -0.2617837548744105 2.3660573884585085 0.0 268.09697395686555 7.3592987 372.8931821340217 15.503181543976492 2.142625506134278 0.5006940508998523 13.900147514093545 491.72381874184197 24.817445572222027 4.287325964672385 8.64963226048474 17.05406748563543 False
4301 1453.7908727593674 2166.079382136919 214.83946775658416 52.87369817852948 1435 1470 2153 2178 572.0 5.2322226749235465 3.450326815405436 19.59271920884288 0.7517588932886469 -0.2036544676641792 12.4819690896732 0.0 513.6972897240927 7.30987 549.429486471357 9.36287024016547 1.6444445922740567 0.6406628808775442 13.493452297211721 624.5285402420751 14.43782421520063 2.119486290603798 4.321870985381021 9.555626750582473 False
4302 4126.968990430058 2155.1040359254507 214.81571550741828 52.8566499787372 4121 4132 2150 2163 113.0 3.1595469355003827 1.7684765183306128 -62.72602266129432 0.8286786106559624 -0.21093164441430393 1.844830472422202 0.0 46.07725016722427 3.1640065 107.04201499097225 8.676213633435998 2.8268976144461977 0.47917190158641176 5.997417539138688 114.22083745048919 13.90693713335951 2.8474170711891342 10.043732706297103 13.007934025584964 False
4303 4121.975282582201 2164.488459540195 214.81566128785877 52.85673229357199 4119 4125 2160 2167 42.0 1.4073580055524484 1.340701455802884 32.66740894259711 0.30410943193258944 -0.1597048107436533 1.8096348518185519 0.0 21.035563897140353 2.030357 24.36810792465287 2.647004544422068 1.4249921439196322 0.49598852460945597 3.656366395715726 25.796793928589892 4.048564095520388 1.0010502719114607 1.8580189252195167 3.0896364383066763 False
4304 2070.9838757164803 2165.4241109751856 214.83396231591865 52.86977257801526 2056 2090 2156 2174 471.0 6.7588403242756545 3.154842158138875 12.26222789317056 0.884377320491921 -0.10197122156780951 3.013563728846952 0.0 274.50663092518414 6.7422533 490.0972269145844 14.929931939610483 2.497637465601929 0.49975108760503595 12.244343853084386 669.6585384401486 24.006181266754957 4.263954068425615 11.009309909342795 21.61043510735384 False
4305 2038.6203159254571 2160.6903974505162 214.83430117575176 52.8699527264524 2022 2055 2151 2168 404.0 6.73400643993071 3.8896991284607556 -16.812414157565993 0.8163055409075828 -0.264491357924333 3.375688065721434 0.0 181.25517088496474 6.13944 435.1545160909749 18.323128008738983 2.685621837041 0.48337544828054946 11.340070282773887 587.002187878751 28.852506837599634 5.771503931708051 14.834057261485134 25.9677579881997 False
4306 2041.476898110729 2187.2108285188256 214.83399646149275 52.870077537449816 2014 2075 2157 2217 2416.0 12.448178272440135 10.323844690843336 47.16013011228888 0.558735627099992 -0.30164045175304455 3.2179494831191224 0.0 1251.8003985163368 15.360995 1898.3841576131258 34.07437600761878 2.260872038407375 0.46886199292886876 27.73151068766428 2563.392001780425 53.4183943704903 9.52252107441652 20.19399838383593 40.39124579465634 False
4307 2075.4855721476265 2178.659801151114 214.8337827703515 52.86981531976842 2067 2084 2175 2185 120.0 4.107476475824653 2.571720953155829 17.16946766891597 0.779736920393653 -0.32630360726888824 0.9107857336501501 0.0 34.93527386648803 3.4003875 189.737838513751 10.665449247567663 3.2377423594591046 0.33149432300270526 6.180387232371033 417.02478058400277 20.159311152240612 7.137545304351911 17.692633220463502 22.760295953743967 False
4308 2013.9494715421283 2190.8859231459096 214.8342036069366 52.87027228241365 2009 2018 2182 2199 121.0 3.6011672328029953 2.335958408104371 85.43284233241096 0.761072335932491 -0.3459746874582666 0.6821282569890864 0.0 25.154426213084932 3.3314934 98.25638399281453 12.207992839904993 3.1161907879727275 0.34285713183926275 6.206085419025319 243.0263431456354 19.353640958177444 5.077128443104538 12.419204761379005 18.0266889034871 False
4309 2081.72462020398 2197.7121957844206 214.83352647142723 52.86987837644272 2069 2093 2185 2207 357.0 5.661116922942399 4.704148187837285 -77.99666494537814 0.5563357354108032 -0.17443446439064242 1.1588063747065136 0.0 121.20389282519754 5.554723 501.1493200607949 18.72127325035903 3.15763274265959 0.3953778325602408 10.660048281673648 919.2673175619962 31.892453707866164 9.029992585727419 23.502242592200993 34.58165068613563 False
4310 2076.279120166404 2227.8559904327717 214.83325775008683 52.87007547700299 2041 2105 2195 2266 2678.0 12.079643576523416 9.97733567858165 65.21130436656942 0.5637246922255951 -0.330487271513256 13.707647148608688 0.0 2638.10246973795 15.8606415 3598.8930466898546 30.438355253817317 2.155736420469313 0.4956529459337203 29.19647025241564 4348.564967889739 52.63756355936217 6.967291777201912 17.15717216170012 38.43353290354736 False
4311 2061.3631858431495 2255.511430088485 214.83309979931403 52.87031934742291 2055 2067 2250 2260 91.0 2.994108311291834 2.031667342495254 45.133252394456335 0.734549543325638 -0.014783373807371249 1.0068191254110577 0.0 36.03103742993491 2.7167687 241.34977624948561 11.261514761084166 3.592277525891071 0.2701214227572239 5.382025607773058 461.4700905883593 19.119234424755074 7.36703333616207 14.621493456001506 19.88973974543356 False
4312 2099.723601529825 2257.8571784274595 214.83273252796775 52.87008821308556 2088 2111 2249 2265 265.0 6.007975518067328 3.049211770411719 21.179589109354506 0.8616356595489003 -0.20915470390507895 1.7653081441285066 0.0 125.44333008087766 4.6800466 642.4215948328782 19.20209520915092 3.496592442606552 0.3158484329277508 9.18434101276213 950.641666468108 32.96236327927747 10.062489028045688 19.03133220128723 29.824192099603604 False
