outputs/dr0.5_c0.1/nircam6_f356w_dr0.5_c0.1.ecsv
# %ECSV 1.0
# ---
# datatype:
# - {name: label, datatype: int64}
# - {name: xcentroid, datatype: float64}
# - {name: ycentroid, datatype: float64}
# - {name: sky_centroid.ra, unit: deg, datatype: float64}
# - {name: sky_centroid.dec, unit: deg, datatype: float64}
# - {name: bbox_xmin, datatype: int64}
# - {name: bbox_xmax, datatype: int64}
# - {name: bbox_ymin, datatype: int64}
# - {name: bbox_ymax, datatype: int64}
# - {name: area, unit: pix2, datatype: float64}
# - {name: semimajor_sigma, unit: pix, datatype: float64}
# - {name: semiminor_sigma, unit: pix, datatype: float64}
# - {name: orientation, unit: deg, datatype: float64}
# - {name: eccentricity, datatype: float64}
# - {name: min_value, datatype: float64}
# - {name: max_value, datatype: float64}
# - {name: local_background, datatype: float64}
# - {name: segment_flux, datatype: float64}
# - {name: segment_fluxerr, datatype: float32}
# - {name: kron_flux, datatype: float64}
# - {name: kron_fluxerr, datatype: float64}
# - {name: kron_radius, unit: pix, datatype: float64}
# - {name: gini, datatype: float64}
# - {name: equivalent_radius, unit: pix, datatype: float64}
# - {name: kron4_2_flux, datatype: float64}
# - {name: kron4_2_fluxerr, datatype: float64}
# - {name: radius_kron20, unit: pix, datatype: float64}
# - {name: radius_kron50, unit: pix, datatype: float64}
# - {name: radius_kron80, unit: pix, datatype: float64}
# - {name: near_border, datatype: bool}
# meta:
#   PHOTMJSR: 0.4047000110149384
#   PIXAR_SR: 2.11539874851881e-14
#   __serialized_columns__:
#     area:
#       __class__: astropy.units.quantity.Quantity
#       unit: !astropy.units.Unit {unit: pix2}
#       value: !astropy.table.SerializedColumn {name: area}
#     eccentricity:
#       __class__: astropy.units.quantity.Quantity
#       unit: !astropy.units.Unit {unit: ''}
#       value: !astropy.table.SerializedColumn {name: eccentricity}
#     equivalent_radius:
#       __class__: astropy.units.quantity.Quantity
#       unit: !astropy.units.Unit {unit: pix}
#       value: !astropy.table.SerializedColumn {name: equivalent_radius}
#     kron_radius:
#       __class__: astropy.units.quantity.Quantity
#       unit: &id001 !astropy.units.Unit {unit: pix}
#       value: !astropy.table.SerializedColumn {name: kron_radius}
#     orientation:
#       __class__: astropy.units.quantity.Quantity
#       unit: &id002 !astropy.units.Unit {unit: deg}
#       value: !astropy.table.SerializedColumn {name: orientation}
#     radius_kron20:
#       __class__: astropy.units.quantity.Quantity
#       unit: *id001
#       value: !astropy.table.SerializedColumn {name: radius_kron20}
#     radius_kron50:
#       __class__: astropy.units.quantity.Quantity
#       unit: *id001
#       value: !astropy.table.SerializedColumn {name: radius_kron50}
#     radius_kron80:
#       __class__: astropy.units.quantity.Quantity
#       unit: *id001
#       value: !astropy.table.SerializedColumn {name: radius_kron80}
#     semimajor_sigma:
#       __class__: astropy.units.quantity.Quantity
#       unit: !astropy.units.Unit {unit: pix}
#       value: !astropy.table.SerializedColumn {name: semimajor_sigma}
#     semiminor_sigma:
#       __class__: astropy.units.quantity.Quantity
#       unit: !astropy.units.Unit {unit: pix}
#       value: !astropy.table.SerializedColumn {name: semiminor_sigma}
#     sky_centroid:
#       __class__: astropy.coordinates.sky_coordinate.SkyCoord
#       dec: !astropy.table.SerializedColumn
#         __class__: astropy.coordinates.angles.Latitude
#         unit: *id002
#         value: !astropy.table.SerializedColumn {name: sky_centroid.dec}
#       frame: icrs
#       ra: !astropy.table.SerializedColumn
#         __class__: astropy.coordinates.angles.Longitude
#         unit: *id002
#         value: !astropy.table.SerializedColumn {name: sky_centroid.ra}
#         wrap_angle: !astropy.coordinates.Angle
#           unit: *id002
#           value: 360.0
#       representation_type: spherical
#   astropy version: '5.1'
#   make_catalog parameters:
#     ab_zpt: 31.4
#     coadd_bands: !!python/tuple [f277w, f356w]
#     deblend_contrast: 0.001
#     deblend_nlevels: 32
#     deblend_npixels: 1
#     detect_kernel_fwhm: 4.0
#     detect_kernel_npix: 7
#     detect_npixels: 4
#     detect_threshold_nsigma: 3.0
#     flag_isolated_buffer: 4
#     hst_bands: !!python/tuple [f606w, f814w, f125w, f140w, f160w]
#     jwst_bands: !!python/tuple [f115w, f150w, f200w, f277w, f356w, f410m, f444w]
#     near_border_kernelsize: 21
#     reference_band: f200w
#   make_catalog version: 1.4.0
#   photutils version: 1.5.0
# schema: astropy-2.0
label xcentroid ycentroid sky_centroid.ra sky_centroid.dec bbox_xmin bbox_xmax bbox_ymin bbox_ymax area semimajor_sigma semiminor_sigma orientation eccentricity min_value max_value local_background segment_flux segment_fluxerr kron_flux kron_fluxerr kron_radius gini equivalent_radius kron4_2_flux kron4_2_fluxerr radius_kron20 radius_kron50 radius_kron80 near_border
[from data line 3312]
3313 7066.845560741893 3950.6420475045056 214.82280426666495 52.82923534808122 7063 7071 3947 3955 64.0 2.361803800098521 1.9572781972225874 -48.82140978530429 0.5596608328709172 0.14489244490995337 0.41986124180964857 0.0 17.157268634272963 0.79916537 49.97222436384169 2.693311266637077 2.8430872753706184 0.13093476380401536 4.51351666838205 55.81441318243578 4.230034343004575 3.224057011847264 5.919873935574905 10.03452266648706 False
3314 9780.911493568416 3953.4783061091102 214.7985731270118 52.81199828667016 9777 9785 3947 3960 97.0 3.330575092405648 1.9039401945763188 68.71890632364286 0.8204940349454061 0.13120047824628664 0.7495607913151998 0.0 39.22845342250059 1.1528447 65.87759272445328 2.541789019263574 2.07477288685195 0.20753173710642384 5.556622981616415 67.86779186053462 4.074355323864115 2.6843017005452694 5.026863934687108 8.165693882984593 False
3315 6891.502580533896 3955.8284802854064 214.8243139013192 52.83037772526433 6882 6904 3948 3964 271.0 4.0584429316472175 2.7561954261936847 26.744051964354394 0.7340214146065577 0.09314129954390642 3.841429966122131 0.0 228.363922173302 1.654215 254.5222438717105 2.412713811943401 1.646810169165891 0.5030881351606781 9.287732724180174 271.3753478159554 3.793303798681191 2.313793813423838 4.381133711450808 7.518552203446679 False
3316 260.74397084335965 3951.3573378408482 214.88357129063425 52.87248145675591 258 264 3949 3954 29.0 1.6505683110311256 1.0970511064449853 27.189261194985452 0.7471543816221942 -0.0016071409147880528 0.35771714581949654 0.0 6.285959531720384 0.52709067 11.01160892653438 1.2200518475575293 2.0734205911278427 0.2786837444762464 3.0382538898732494 8.966101785206098 1.976472111497044 1.5500633264925905 2.755044843490157 5.099333260863577 False
3317 8539.538361426406 3954.044008311818 214.80963410585346 52.81989291123321 8536 8544 3950 3958 48.0 2.6721381121083585 1.4641989783330855 -45.46927084455007 0.8365108657223992 0.12276913425975955 0.4136950072501003 0.0 13.612588417472404 0.74560684 109.6204271499498 3.3733219299980983 3.508721612321074 0.08879490906552315 3.9088200952233594 217.37923568854123 5.4485146404225455 5.4646538320368245 10.660759181312196 14.357065796322072 False
3318 523.5172098446371 3955.501721643411 214.88117902306604 52.87083487479861 521 526 3953 3958 28.0 1.8571108439619362 1.047323857247156 -42.67022779909475 0.8258066565000696 0.08325609718661311 0.4260650627967505 0.0 7.2146439914546745 0.49715424 31.47912422036861 1.8439571662538718 3.1238587540626033 0.17904758391674838 2.985410660720923 49.088854102555636 2.951814159309061 2.8009982447918644 5.72110394573165 9.032805872337798 False
3319 6467.073832488078 3958.2056770995523 214.82807545353896 52.83308798672503 6462 6472 3953 3963 100.0 2.6223185941384872 1.9315467237796367 45.59388118595099 0.6763507229081448 0.09869753786269257 1.3478154535782305 0.0 45.99684749962061 0.96408933 63.35107729370849 2.0119992525157446 2.104104504986499 0.390853036403345 5.641895835477563 82.08756585428262 3.197027101421372 1.9365394830050557 3.608190906399899 6.662772261411941 False
3320 3851.689878121446 3955.0648049977062 214.85145213581993 52.849690411031816 3851 3852 3954 3956 4.0 0.6628520547031207 0.46060237920056085 84.90538001597751 0.7191260831990355 0.17585737034018709 0.2893406930293621 0.0 0.9329902629835551 0.18851978 9.293348288272144 0.8783729028295783 3.681577027325744 0.12336583654330335 1.1283791670955126 13.326140658849484 1.412354814395677 1.576901597208443 2.7926375951491504 3.9579462358383046 False
3321 8988.607841730489 3958.491836476449 214.8055833709291 52.81706220037978 8983 8995 3954 3964 108.0 3.0852699029682995 2.6040642925046398 -13.047237027775186 0.5362939542904837 0.10022641889093467 0.43527052060273685 0.0 26.62223390032322 1.1368822 120.88960536521617 4.333385502343812 3.193449379339143 0.15309825841783956 5.863230142835039 204.56863466110406 7.057586075908388 5.519898827558181 10.672521844544788 17.396824958895063 False
3322 2106.9741970144105 3970.2277822788096 214.86687501413437 52.86085637091641 2095 2120 3955 3986 644.0 5.84577098317861 4.305237446840209 75.65941297376304 0.6764697417373683 0.002760562599531739 8.16088485784074 0.0 990.1182705180914 2.7842855 1040.5943350852351 3.51929971171502 1.501264046815436 0.518432352011096 14.317526556719258 1092.5515343277411 5.360741388310402 3.3323156797648164 6.279602059916891 10.06148309215615 False
3323 298.0983996067982 3963.724999650759 214.8831072704417 52.87231093619976 291 304 3958 3969 109.0 3.9693248316016145 1.9780892747725016 -34.15253552243439 0.8669793782864481 0.06607732421515386 0.499756290385621 0.0 32.564043849839834 1.0757902 64.59439907134045 2.7500652914546113 2.268009413218284 0.17571237984982635 5.890312181373172 73.84753981719251 4.40668276415823 3.487735864678629 6.1353083502519175 9.243755230187343 False
3324 1037.9151853175179 3960.0715577541514 214.87653378877008 52.86759231667789 1036 1039 3959 3962 10.0 0.988874243631686 0.8730495417688052 55.447696090308646 0.46961339945192815 0.16641517673295367 0.21874926171769407 0.0 1.951903170506442 0.31966114 38.67066925088289 1.5632263737262009 3.853518090617285 0.0434973452881835 1.7841241161527712 76.4624156245002 2.4459054659966686 3.667463067630744 6.265667737238454 8.033404747873554 False
3325 2650.5433024413664 3960.838825959228 214.86211822088427 52.85735265330675 2648 2653 3959 3963 24.0 1.4930483304830064 1.1580324970359968 19.81894585200934 0.6312047883303694 0.1821910892604092 0.42913257444854114 0.0 7.631946686335866 0.47283372 18.89687262666589 1.439054702617444 2.5963234445932954 0.1250777188897261 2.763953195770684 22.01066344841594 2.323623357405535 1.81378039623506 3.21936233195512 5.452579837304828 False
3326 4153.733715401448 3962.0984877318315 214.84868132847234 52.84780924518769 4150 4158 3959 3965 47.0 2.1497332449488935 1.4234040475389553 -33.96273856910152 0.7493885106304187 0.0765815813587476 0.49006974800027703 0.0 14.315240826872568 0.67094195 29.141221468044826 1.8789298639002832 2.4717917221231636 0.19964108050332888 3.8678889139475245 29.315950954329864 3.076569074242799 2.1336825390408745 3.9983355427494702 6.502775331585225 False
3327 6455.974029873794 3966.7878360028385 214.8280842056533 52.83320478916776 6455 6457 3965 3968 11.0 0.9810927054091271 0.7647685086552336 75.38052936624423 0.6263936718892821 0.13541853658293274 0.3530388555849606 0.0 2.840465784118187 0.3301444 18.82093135710361 1.2797186683408648 3.5142285489240894 0.13805522674613774 1.8712051592547776 24.93144518024026 2.0588838053376373 2.2151347849969114 4.015330189278306 5.843288772963932 False
3328 216.02799089217908 3973.7300250292437 214.88373556526187 52.87288615799732 206 226 3967 3981 227.0 4.552008027370474 3.09360409600016 18.616024915249568 0.733570781351772 0.08829541999717194 0.992142746303867 0.0 95.09684829779889 1.6705139 176.80620386564516 3.9957360661778822 2.3340931199932635 0.25609601719575115 8.500373177909337 200.0737810501974 6.156508024703428 4.10723558034482 7.910231286268823 13.539732574104097 False
3329 6402.993528136876 3976.189440144852 214.82845800550695 52.83359217398759 6388 6416 3970 3987 330.0 6.163151796647278 3.2828321301126753 -6.806620913791393 0.8463326228772128 0.07640313447198532 1.3071790611310092 0.0 144.17334485118732 1.7175899 242.26074015322365 4.444055241134754 2.325940616947282 0.31715103592881677 10.249012754438885 324.75841343242746 7.139645519775382 4.42734946754966 9.196320394691373 16.97934274308408 False
3330 8914.62296475582 3977.9890706462543 214.8060379072504 52.81763757813076 8906 8923 3971 3989 213.0 4.763374794393136 2.6084233399763384 40.085831181114145 0.8367403422535364 0.11969200886510134 1.578435466595077 0.0 112.23939294718971 1.6815296 152.3986322275329 3.210260228692396 1.8602606699806328 0.3571270870064795 8.234075889688375 164.24921572634076 5.176508891199134 2.880026979686852 5.78935989050877 9.872911784783156 False
3331 2733.8901671991625 3976.9218100192948 214.86120455662416 52.85690990393572 2732 2736 3974 3981 29.0 1.8722012455910184 1.1618667394115214 86.83221649715477 0.7841363379644953 0.190575111972209 0.42886688642871934 0.0 9.026436474471058 0.5105834 27.710452636776267 1.7556087063838042 2.751691402675674 0.1305662412296715 3.0382538898732494 38.341176656518584 2.835746105872008 2.3072357270253856 4.273444903661796 8.171119744041079 False
3332 2230.735864381714 3977.8499745279823 214.8656892146946 52.860111289458814 2228 2233 3976 3980 26.0 1.5448947698473254 1.253928890490227 -39.28063353180879 0.5841305188300124 0.16116156927363268 0.3741085987767658 0.0 6.929236146705798 0.48715034 40.048522219462946 2.121742136931563 3.295966513981578 0.13016511120725202 2.876813695875796 58.20474443756818 3.2903666992816865 3.1463501283227706 6.5256225138251684 9.59686849408575 False
3333 3585.300165746271 3980.2092383443987 214.85356626012938 52.85151850680045 3581 3589 3976 3986 75.0 2.9751592558371898 1.8700483751631463 56.381536167839336 0.7777659137399612 0.05262872600882314 0.48631734814514443 0.0 21.50287057725984 0.93317103 38.095634666057904 2.369878620870882 2.163989390223724 0.19747631122847956 4.886025119029199 37.687776979313625 3.66567088921876 2.6585292142571997 4.716649233484558 7.111502400338987 False
3334 4063.744907931478 3980.011434820073 214.84929631398927 52.84847760052457 4060 4068 3976 3984 59.0 2.0099398801022583 1.8571786983667913 -42.661733186996415 0.3823993821863505 0.057962443236940005 0.4819616932948812 0.0 14.044731641042517 0.7598588 21.699700477006072 1.8235179327826638 2.200428496144541 0.23772870959158318 4.3336224206596095 27.176474945156016 2.9809318683404116 1.933589307064214 3.4676254469712613 5.896670903427144 False
3335 2247.901411563927 3987.1143617627854 214.86543839697902 52.86005221237354 2241 2255 3978 3996 232.0 4.134240182945867 3.098308189222346 73.16810959342597 0.6620878110888035 0.10250891340122188 1.4138301646922584 0.0 127.71289690864862 1.6902088 190.09266463429805 3.5557010997181324 2.21105304535336 0.3247262418516775 8.593479713983122 250.09645154644272 5.791435244307961 3.2841657180824697 6.320198374176013 11.899934903497508 False
3336 2630.2946729647733 3981.3119457041594 214.86208367863665 52.85759170395106 2628 2632 3978 3984 26.0 1.5777929468731722 1.0624858935125967 73.84644322505318 0.7392782527115355 0.10644511500015379 0.5173267765637974 0.0 7.551549353254714 0.48044044 13.867303188639616 1.218622947360289 2.2871341457408754 0.2126673052388811 2.876813695875796 18.221185127795685 1.9622517449081143 1.472586572259355 2.731776406903051 4.296358736831727 False
3337 3755.985045749743 3982.269698830451 214.85202047045385 52.85044517402002 3754 3758 3981 3984 14.0 1.2346009842713257 0.8455853473099352 39.67392084038056 0.7286316460610607 0.29326459527694104 0.4856681897261261 0.0 5.675257305573723 0.38413346 18.979050400481118 1.300394800885211 2.8122496381013953 0.08417442769245144 2.111004122822376 22.286516907835516 2.0522728207843697 1.6803523779355811 3.053954048799295 4.627493498852312 False
3338 6146.162023225302 3990.003946695549 214.83060428125242 52.83529886169996 6139 6154 3983 3997 185.0 2.4472464164283867 2.304584251930061 -11.046073617094745 0.33643965682336124 0.08819259271666043 11.953011156433195 0.0 311.4969431927815 1.6184098 318.65449988420414 1.736559585329476 1.4266284945332388 0.6344498293060257 7.673807981960539 334.2269989721409 2.4937596516221463 1.4143466710599897 2.565641622726549 4.368664508113378 False
3339 8098.31365130101 3986.740017068821 214.8132246946767 52.82287378368751 8097 8099 3986 3987 4.0 0.8426051021323114 0.3617668243919282 -19.021559696110806 0.9031413854355616 0.22910495415445126 0.285872723132347 0.0 1.0577509463329813 0.21132381 20.689062956105527 1.2163742975454568 4.041039726577353 0.05594398866532397 1.1283791670955126 42.62770589051052 1.9214667348590133 2.241276947803333 3.655585605058182 4.843343463497025 False
3340 7244.077844393247 3993.4686705621057 214.8207727922212 52.82833971303414 7237 7250 3987 4000 134.0 3.2807770212966156 2.319435964163342 -56.41067629923177 0.7072359084565883 0.06528003620254536 0.9449406159852632 0.0 56.97726433210312 1.1971165 83.16073749368418 2.658834260709089 2.0876134217413904 0.3226582417081486 6.530966601401967 94.26237250812767 4.216994642983428 2.5665992620667755 4.76878205975497 8.579115353700583 False
3341 6940.665413050472 3995.799686958453 214.82345484608396 52.8302807008171 6933 6949 3988 4003 184.0 3.1943661312043354 2.1702918342734905 -32.71625974883797 0.7337566654361487 0.018877703125265877 5.513230897734876 0.0 146.80165761220465 1.3830717 152.90553995949216 1.6477807326528173 1.4 0.5895587228254096 7.653039857325812 150.73735383514818 2.5469218857340663 1.563174810627669 2.8276055256099544 5.29784700114952 False
3342 4267.497907724302 3997.076932756519 214.8472976466889 52.84727500712284 4260 4276 3989 4009 278.0 4.1450876240447 3.0193184432969464 62.34294486848483 0.6851427372941071 0.08679284072530198 3.7224236792230867 0.0 181.02835185132858 1.756674 210.7019877873613 2.803494082564085 1.7901987924173568 0.48607384370858275 9.40692023773423 236.43980789146906 4.413604228158871 2.42069991586321 4.633191503857299 8.405724294338007 False
3343 8525.689957899109 3998.0821575248633 214.80929435870658 52.820218243241584 8521 8531 3989 4007 150.0 4.262740164207428 2.1556980817792297 -73.79617546775705 0.8627052229216153 0.08457793035646335 0.9044128849779637 0.0 59.14063094640165 1.3925438 131.86686695551927 3.8710344561101 2.6177675047762596 0.2620567211801018 6.90988298942671 215.48959944048175 6.196426359412872 3.7593389163195883 8.078501803965063 14.116247174941442 False
3344 7324.143088897294 3995.9009869356883 214.8200330278808 52.827843934217945 7319 7329 3990 4001 87.0 3.3881005628811627 1.8284585322759537 53.05997212537719 0.8418762129397053 0.06990144300331698 0.4938456051653107 0.0 24.31460289061636 1.0059553 48.665171392722804 2.7378377553986897 2.3827580453447195 0.170656492932445 5.262410103554244 46.695212722530044 4.407364886831096 3.003242322353 5.5905927001085765 9.066371555303682 False
3345 2717.1324672676315 3994.1176442660444 214.86117331069227 52.85710910219036 2714 2720 3991 3997 36.0 1.5753214165101654 1.507344657648072 -30.83589182953477 0.2905857351182336 0.15507964631317608 0.5388763674005065 0.0 13.030576427121394 0.5722537 26.374353191800814 1.6782633738642874 2.536225771609008 0.1942528958377051 3.385137501286538 26.198875607728986 2.7198039707632002 1.8470462966712522 3.44883598781655 6.614003953437335 False
3346 3293.833523917658 3991.9754036977347 214.85604526225762 52.85343374080517 3292 3295 3991 3993 10.0 0.9151983943399813 0.7822768764026324 -7.129088940079528 0.5190200373915463 0.20682379846551396 0.35989885068342625 0.0 3.0565731422837614 0.3146434 14.139092221205267 1.1653797718525403 3.152641232969454 0.08421155697879291 1.7841241161527712 22.37087418960036 1.9510777697872024 1.7119238757740245 3.3605691591538887 5.3756090484517935 False
3347 9034.407910320304 3997.0088063972594 214.80476989770645 52.81697858253477 9028 9040 3992 4002 105.0 3.0350997864827978 2.0259214614357934 -32.490456486969904 0.7446120554581502 -0.07689421958166671 0.9890044912491129 0.0 40.945996109098424 1.1431067 75.82269679987847 3.0867437021903186 2.474149584906027 0.3165674649819962 5.781222885281108 84.40222364236924 4.812739085117563 2.6848407256964326 5.451979224057625 10.416737609185546 False
