outputs/dr0.5_c0.1/nircam2_matched_f277w_f140w_dr0.5_c0.1.ecsv
# %ECSV 1.0
# ---
# datatype:
# - {name: label, datatype: int64}
# - {name: xcentroid, datatype: float64}
# - {name: ycentroid, datatype: float64}
# - {name: sky_centroid.ra, unit: deg, datatype: float64}
# - {name: sky_centroid.dec, unit: deg, datatype: float64}
# - {name: bbox_xmin, datatype: int64}
# - {name: bbox_xmax, datatype: int64}
# - {name: bbox_ymin, datatype: int64}
# - {name: bbox_ymax, datatype: int64}
# - {name: area, unit: pix2, datatype: float64}
# - {name: semimajor_sigma, unit: pix, datatype: float64}
# - {name: semiminor_sigma, unit: pix, datatype: float64}
# - {name: orientation, unit: deg, datatype: float64}
# - {name: eccentricity, datatype: float64}
# - {name: min_value, datatype: float64}
# - {name: max_value, datatype: float64}
# - {name: local_background, datatype: float64}
# - {name: segment_flux, datatype: float64}
# - {name: segment_fluxerr, datatype: float32}
# - {name: kron_flux, datatype: float64}
# - {name: kron_fluxerr, datatype: float64}
# - {name: kron_radius, unit: pix, datatype: float64}
# - {name: gini, datatype: float64}
# - {name: equivalent_radius, unit: pix, datatype: float64}
# - {name: kron4_2_flux, datatype: float64}
# - {name: kron4_2_fluxerr, datatype: float64}
# - {name: kron4_2_mag, datatype: float64}
# meta:
#   PHOTMJSR: 2.962800025939941
#   PIXAR_SR: 2.11539874851881e-14
#   __serialized_columns__:
#     area:
#       __class__: astropy.units.quantity.Quantity
#       unit: !astropy.units.Unit {unit: pix2}
#       value: !astropy.table.SerializedColumn {name: area}
#     eccentricity:
#       __class__: astropy.units.quantity.Quantity
#       unit: !astropy.units.Unit {unit: ''}
#       value: !astropy.table.SerializedColumn {name: eccentricity}
#     equivalent_radius:
#       __class__: astropy.units.quantity.Quantity
#       unit: !astropy.units.Unit {unit: pix}
#       value: !astropy.table.SerializedColumn {name: equivalent_radius}
#     kron_radius:
#       __class__: astropy.units.quantity.Quantity
#       unit: !astropy.units.Unit {unit: pix}
#       value: !astropy.table.SerializedColumn {name: kron_radius}
#     orientation:
#       __class__: astropy.units.quantity.Quantity
#       unit: &id001 !astropy.units.Unit {unit: deg}
#       value: !astropy.table.SerializedColumn {name: orientation}
#     semimajor_sigma:
#       __class__: astropy.units.quantity.Quantity
#       unit: !astropy.units.Unit {unit: pix}
#       value: !astropy.table.SerializedColumn {name: semimajor_sigma}
#     semiminor_sigma:
#       __class__: astropy.units.quantity.Quantity
#       unit: !astropy.units.Unit {unit: pix}
#       value: !astropy.table.SerializedColumn {name: semiminor_sigma}
#     sky_centroid:
#       __class__: astropy.coordinates.sky_coordinate.SkyCoord
#       dec: !astropy.table.SerializedColumn
#         __class__: astropy.coordinates.angles.Latitude
#         unit: *id001
#         value: !astropy.table.SerializedColumn {name: sky_centroid.dec}
#       frame: icrs
#       ra: !astropy.table.SerializedColumn
#         __class__: astropy.coordinates.angles.Longitude
#         unit: *id001
#         value: !astropy.table.SerializedColumn {name: sky_centroid.ra}
#         wrap_angle: !astropy.coordinates.Angle
#           unit: *id001
#           value: 360.0
#       representation_type: spherical
#   astropy version: '5.1'
#   kernelfile: kernel_f277w_f140w.fits
#   make_catalog parameters:
#     ab_zpt: 31.4
#     coadd_bands: !!python/tuple [f277w, f356w]
#     deblend_contrast: 0.001
#     deblend_nlevels: 32
#     deblend_npixels: 1
#     detect_kernel_fwhm: 4.0
#     detect_kernel_npix: 7
#     detect_npixels: 4
#     detect_threshold_nsigma: 3.0
#     flag_isolated_buffer: 4
#     hst_bands: !!python/tuple [f606w, f814w, f125w, f140w, f160w]
#     jwst_bands: !!python/tuple [f115w, f150w, f200w, f277w, f356w, f410m, f444w]
#     near_border_kernelsize: 21
#     reference_band: f200w
#   make_catalog version: 1.4.0
#   photutils version: 1.5.0
# schema: astropy-2.0
label xcentroid ycentroid sky_centroid.ra sky_centroid.dec bbox_xmin bbox_xmax bbox_ymin bbox_ymax area semimajor_sigma semiminor_sigma orientation eccentricity min_value max_value local_background segment_flux segment_fluxerr kron_flux kron_fluxerr kron_radius gini equivalent_radius kron4_2_flux kron4_2_fluxerr kron4_2_mag
[from data line 1490]
1491 711.5410923698 3568.281210909707 214.93992032620682 52.94069677920747 703 720 3560 3576 230.0 4.1798905605394685 3.202679590569268 -42.65209141824817 0.6425886449704962 0.25151751486107776 1.5002942853586212 0.0 157.9136905769947 20.033464 216.47260377764795 41.55157626612114 1.9184152462811717 0.27149458111801705 8.556358677747903 238.51363195091474 66.52786704657703 25.45621698587965
1492 8139.355469053971 3561.894025268722 214.87350197707795 52.89350003600263 8138 8141 3561 3563 9.0 0.9539371945615359 0.6993952292304176 20.385358551889283 0.6800486853960838 0.1884793679233807 0.21998810572408845 0.0 1.8543640572650837 2.7660303 15.133768793159835 12.25819281692445 3.587152551621175 0.029489759701769074 1.692568750643269 21.751219434531404 19.530633435697457 28.056290975642035
1493 7436.415529186685 3562.765931687737 214.87977855021893 52.8979695909982 7436 7437 3562 3564 5.0 0.7577665620512997 0.4531986022982412 -71.41190756229828 0.8014427319903878 0.1515621522077073 0.1769757734814879 0.0 0.8480089902317747 2.1557693 9.81296238197973 9.75611286819975 3.840044355032859 0.032563342815770016 1.2615662610100802 18.712162229889685 15.678244811032911 28.21969006488796
1494 9513.568336897384 3564.345108393722 214.86119156984358 52.88478372999116 9512 9515 3562 3566 15.0 1.272577915751755 0.8967259527360782 -57.85161708603918 0.7095519934878259 0.16412555257113337 0.19150061177087035 0.0 2.7011929113487954 3.7592254 27.10055032949876 16.753995233918086 3.671293119355364 0.03008028515432691 2.1850968611841584 35.738097709175406 26.436939947445218 27.51717142031427
1495 1533.2265295119491 3567.927855568414 214.9325621132302 52.935479484113834 1529 1537 3563 3573 76.0 2.8533846759330537 1.9646285388371 -69.30631990145122 0.7252119891620588 0.21325084995650015 0.3524483810111437 0.0 21.15997839996053 11.25238 105.11589539407393 45.157632814165005 3.2812263486596747 0.07713535755295477 4.918490759365935 127.8460493303135 72.58333036954032 26.13328171975024
1496 2092.655686356708 3563.885254392229 214.9275934645594 52.93190659777749 2091 2094 3563 3565 9.0 0.9646566810231458 0.6967327377573045 -20.330707758406312 0.6916218525430556 0.16822760411103826 0.17998009839221762 0.0 1.5653935602773095 3.9249668 18.84479564465383 18.524530418332493 3.7697294097365623 0.016019693140496106 1.692568750643269 27.790193589545822 29.4115843890697 27.79027106967238
1497 9260.953917545443 3568.3377489104055 214.86340737820433 52.88641006264134 9256 9266 3564 3573 89.0 2.361440131091653 2.294949060713738 -16.09047665327381 0.23562933571698186 0.35887236236263065 1.4713360307299603 0.0 67.61508326456992 8.928067 109.43543429216476 21.053754140562905 2.176618914232599 0.23756979140148696 5.322553886092406 120.44068762287583 33.70628019125462 26.198066934169198
1498 9436.35980330752 3565.464514643562 214.86186984941833 52.8852802590818 9434 9439 3564 3568 21.0 1.5648288212793986 1.02978158889436 -25.4419608652746 0.7529485524057562 0.17685492925131505 0.2562197748336981 0.0 4.6507513300795225 4.6034074 23.97105293856923 17.632035703180517 3.2788213309676664 0.05931077089621577 2.5854414729132054 28.089535439483036 27.958232865297102 27.778638608362854
1499 3532.8256416897057 3570.0998481234615 214.9146311215389 52.922797477832965 3528 3538 3565 3575 89.0 2.8256843570467702 2.279084185862267 34.28082270804295 0.591152134424512 0.23907875124904543 0.44521136329085864 0.0 29.558557794952733 12.713472 79.10716152498014 39.94890754461538 2.6840731445526993 0.10165346718863123 5.322553886092406 82.30477074509294 63.92149619329106 26.611437476118205
1500 7564.913181721771 3568.505167567338 214.8785689879086 52.897184400641684 7563 7567 3566 3571 19.0 1.4245108541432139 1.040585553235143 -50.13109702797262 0.682927432633607 0.17441249449657997 0.22540034365134023 0.0 3.840888094359034 4.3127594 28.367021889107654 18.2810945219413 3.46432921379664 0.04294768996518148 2.4592453796829674 45.15351038235086 29.440846446489893 27.26327120139272
1501 4481.278308234128 3570.882865921043 214.9061323369856 52.91677984811924 4480 4489 3567 3575 65.0 1.7344421243948953 1.669851493783229 -48.76595070888194 0.2703575206076138 -0.025580284331626468 0.029355747379826182 0.0 -0.028794985949674785 13.465297 0.4685659900066663 17.126659631732167 1.4 0.16460735777011518 4.54864184146723 -0.5151803204466823 26.749708702540264 nan
1502 2804.7482790792196 3571.992196492309 214.92113053432038 52.92742994341055 2804 2805 3571 3573 4.0 0.7017421461199399 0.43398710801234397 -89.62988948452927 0.7858301206498534 0.18052942753772114 0.19054538994932277 0.0 0.7449324005190837 2.5992525 10.880527831287564 12.846752538998137 3.9464031307967677 0.013970146256054831 1.1283791670955126 18.327706771103596 20.875405523478015 28.242229680333196
1503 10276.10756571788 3576.1359876658 214.8542529477683 52.88000282224856 10275 10277 3574 3578 14.0 1.3379988796071156 0.7810208531988029 -83.02986612723795 0.8119527960735431 0.19892578540491015 0.2505941692337872 0.0 3.1553688510746167 3.5790854 26.603017515577847 15.427832158051801 3.5873714866951336 0.04118558838854788 2.111004122822376 35.07031640835436 24.601750361883912 27.537650789617427
1504 6935.507924082836 3581.066521571966 214.88406581043404 52.90124972834794 6929 6942 3575 3587 143.0 3.56447777154503 2.546414574882154 -40.03532003114507 0.6997513977617814 0.27228484394221514 0.9171030378464667 0.0 70.6439887541602 12.249671 145.9072172348107 34.49185699716913 2.524014423679179 0.20455437512798355 6.746726148605861 192.5250032230083 55.205509956261736 25.68878215166613
1505 10116.138931033654 3578.2702863963605 214.85565992328597 52.88103066278957 10113 10119 3575 3582 40.0 1.8054755478631803 1.602160834716037 53.47049410517687 0.4610196283274452 0.20886819054135103 0.36663479271963273 0.0 11.296380290227956 5.8493214 37.75875131197914 20.76375393137228 2.944441481802478 0.09324379678437102 3.5682482323055424 44.2723908987746 33.5861123694606 27.284667559063138
1506 1072.507340844483 3583.4825396791416 214.93652591583728 52.93848780059962 1071 1074 3582 3585 14.0 1.1727781146487353 0.8813482125354635 -45.0413625205479 0.6597277873424899 0.17151985503466038 0.20721932674014595 0.0 2.6895924742182977 4.8038754 16.359594431609437 20.29710762270431 3.3911896719854617 0.03088428900674953 2.111004122822376 20.73922971564843 32.59310884600865 28.108018444898274
1507 1043.039947097886 3589.872724820277 214.93672263546736 52.93870934014696 1035 1053 3583 3597 189.0 4.180236762754556 2.962202577770584 21.969800613036764 0.7055895476076434 0.2022008480109299 0.6797618836083041 0.0 73.97208587404157 18.410799 114.75455419994356 40.64431742951092 1.9609262412700394 0.19041539963241105 7.756324418739616 124.08962584159585 65.07737943068433 26.165661312330457
1508 1258.9969095935555 3584.9872210229432 214.9348392282659 52.93731223429045 1258 1260 3583 3587 13.0 1.3162727759204722 0.7284333863057904 -74.89823311771539 0.8329115715899523 0.16927161802306398 0.19033530434172122 0.0 2.337671361623671 5.403949 25.156926750846786 22.48902034561535 3.6958319810160662 0.020615390419789714 2.0342144725641096 38.22995065207951 34.72689675015642 27.443990656439702
1509 1349.012280800749 3590.6285457075032 214.93397336195204 52.93677133857442 1341 1359 3584 3598 203.0 3.9770434008186073 3.0982785251560587 16.508815004571332 0.626973401676752 0.19831570153361028 1.0239647476118285 0.0 98.73676802514377 18.628557 173.63977386962182 48.895343965486724 2.368619040909293 0.2478515467119768 8.03846421247924 217.3977609299285 78.08042859757916 25.556862333016035
1510 636.9502312533225 3596.255227419309 214.94029409473043 52.941321260831444 628 645 3585 3608 349.0 4.9615285941496925 3.6024182863506717 89.46347358376248 0.6876205334568176 0.30050522869010554 3.336240738971291 0.0 446.13694428347344 24.618868 521.9123247181344 42.8726067811405 1.7073211156656831 0.36057076835623103 10.539931227391522 560.2007581973089 68.68173132535938 24.529140769302884
1511 10041.533156767258 3588.820356104202 214.8562155370553 52.88156154408692 10037 10046 3585 3593 67.0 2.482034687181614 1.8735982604639159 -36.82391252257155 0.6558815194522661 0.24821779089096963 0.5485752843016365 0.0 25.209437690286226 8.016823 69.8598746371399 25.388039254210756 2.8117451590055405 0.13317479724194956 4.61809077155419 109.62149664119744 40.38804789359524 26.300260682210897
1512 6923.288921941247 3595.7048220312504 214.88402097085893 52.901406308232055 6917 6929 3586 3604 185.0 4.195049051548329 2.7417808258426644 -89.47737733814192 0.7568614191154837 0.22644672827222367 1.1216781640977385 0.0 106.10905692325682 13.628992 182.61933931218374 34.50201581795818 2.3126533299086773 0.2288224835145002 7.673807981960539 237.14320366213423 55.245083886235314 25.462473293430833
1513 3621.8746759850314 3587.8334096583226 214.91364710945336 52.92232784047467 3621 3623 3587 3589 8.0 0.8471329273465716 0.6865004781109273 -43.356000019074784 0.5859031835450035 0.10850622604374639 0.13335914117856554 0.0 0.9853756142453305 3.6427054 6.961253447443552 15.385892085897897 3.5041186929461747 0.043780330105499636 1.5957691216057308 9.509341687931176 24.845833863030116 28.954623868328074
1514 3788.273620892111 3588.523050264094 214.91215011495314 52.921275104868435 3787 3790 3587 3590 14.0 1.0392247538699997 1.0122038093259176 -82.53554705868501 0.2265525627509091 0.18443744838955914 0.22426354505411317 0.0 2.8487268051779995 3.987853 17.313822740157303 16.286224244909995 3.3799452950231452 0.03655348073150677 2.111004122822376 20.8448778365971 26.673943084913958 28.102501614386572
1515 4454.947626509333 3589.5514472110576 214.9061714316729 52.91704778940536 4453 4458 3587 3593 38.0 1.7793359487574696 1.1349758696171788 -69.40024734596958 0.7701483135369969 -0.010028032007373405 0.02649542164900864 0.0 0.4152743085544482 9.318957 0.5212357147660889 13.399716985146327 1.4 0.3525942930533892 3.477898169151024 -0.15582709369035774 21.581777898789387 nan
1516 7294.8377713454365 3606.3158468322536 214.8805861672346 52.89910375264764 7263 7317 3589 3623 1330.0 9.735272797113693 5.4968776414936675 -10.374017886097288 0.8253405951717697 0.23350025488429949 8.128246474243477 0.0 2338.7244925647415 35.754726 2522.8965190084073 49.656064083077005 1.5573366161353457 0.5119181716824648 20.575523046193542 2660.2377229918584 79.6390210330556 22.837698881006425
1517 4232.998152332789 3591.283161691607 214.9081398877908 52.9184663774496 4232 4234 3590 3592 7.0 0.7490071116878699 0.6965196348084902 0.03026066256695057 0.36775194031249414 0.12665444558466651 0.13822918419500055 0.0 0.9144043761775548 3.9872475 8.731878397833853 18.13136624268195 3.694964913296829 0.018275561557781022 1.4927053303604616 12.326493941281079 29.664246513604425 28.67290108354753
1518 1557.39384481504 3591.811809985852 214.93209407740673 52.93545504128356 1557 1558 3591 3593 5.0 0.7749536019481454 0.44580037482618873 -71.60987400200304 0.8179701048575269 0.17536682609336396 0.18454937882065503 0.0 0.9020436651753079 3.0447588 14.61577716779182 13.852691414626243 3.9842950399079573 0.013290000452448948 1.2615662610100802 28.063180421304722 21.78993146419584 27.779657778996928
1519 4123.259093648709 3594.008187660591 214.9090935248281 52.91917784816119 4120 4126 3591 3597 38.0 2.042075310827997 1.4086702785707539 -49.542508390086 0.723978169457875 0.17978452160827327 0.2729908173886446 0.0 9.055375399009073 9.331231 64.75223711904486 41.31149676444654 3.5217599469377276 0.05777656558791828 3.477898169151024 80.29790597156384 66.29175078436502 26.638239450528477
1520 239.1733389696088 3598.4202486164727 214.94383590487027 52.94385753941361 235 243 3593 3604 89.0 2.748768074545851 2.1792392125792635 86.2955032283459 0.60947436202644 0.19934391910528731 0.5471942051590095 0.0 30.984376800747214 13.221212 71.20245145118353 38.406131408037005 2.5900008779896924 0.15857051583889012 5.322553886092406 86.08485021827882 60.98823883085877 26.56268317959811
1521 10029.165030526525 3602.191904887275 214.85618528623462 52.88171222986646 10021 10038 3594 3610 235.0 3.9470472388643083 3.309318377588276 23.261473889674978 0.5450110282498233 0.2624081035763577 1.939509177196741 0.0 184.63058415880565 14.35553 266.87219968121224 32.22937546830432 2.14534080996182 0.3063390455651047 8.6488625410045 314.26816909697357 51.87450290771092 25.156749011547692
1522 2071.7000649112147 3608.552807514668 214.92731075676105 52.93228077897904 2060 2086 3596 3622 431.0 6.850063994104265 4.032765953661231 -47.63619610277179 0.8083374302752049 0.21818318058607494 0.990121510025129 0.0 197.00710763733167 27.954401 319.0636184850006 66.27495116311998 2.0944474118300715 0.2209295437756483 11.71288013023329 354.30850559071496 104.88911248737983 25.02654605448477
1523 10240.122227281447 3636.789092230824 214.85393595068874 52.8805585215936 10217 10260 3596 3679 2363.0 14.101387108145714 6.728847654996794 -74.86572574481771 0.8788075918339352 0.2132836222560983 10.671207603377466 0.0 3465.800043716138 45.54375 3824.48126376067 66.86251301685398 1.6481948077714756 0.5088348090056949 27.425649692437503 4136.398089809701 107.34226400640995 22.358444177754365
1524 2601.1546454910967 3600.160966609725 214.92265715039983 52.92887447830054 2596 2607 3597 3604 64.0 3.1901605633943615 1.4845317900329564 -28.523431527600962 0.8851283116391365 0.212636220779703 0.361459377759144 0.0 18.137510110831165 10.365361 76.47849059847212 39.41643222816141 3.116202189355189 0.08486827504753303 4.51351666838205 101.40031179906813 63.409604010643804 26.384901773936523
1525 9540.793942601136 3602.0711308719265 214.8605510559514 52.884814228738456 9532 9550 3597 3608 176.0 4.07563783747473 2.677130815064658 -4.911525735889913 0.7540109898416784 0.19946839530729057 0.8570997682388443 0.0 78.48048395509721 12.548221 121.8439088340437 28.900553729115178 2.066227675603803 0.22781850183623098 7.48482063701911 120.22303917476397 46.29282570088305 26.200030743735294
1526 828.1737927976998 3599.825956328914 214.93854301737497 52.94012685806667 827 829 3599 3601 6.0 0.7772690707686694 0.5751236840785023 -44.82943040488477 0.672685317263712 0.16667464612159585 0.17708117696759207 0.0 1.0323898287461537 3.1858482 12.488783196115804 14.512498031930154 3.7318241052370977 0.014518452124298442 1.381976597885342 19.095316408347625 23.40401243571988 28.19768285248812
1527 4128.378260563707 3604.329055232176 214.90893901610175 52.91920105046412 4126 4131 3601 3607 33.0 1.7082082037273543 1.4574093575816665 83.68072157212502 0.5216163394487118 0.1714595287372505 0.24362872738276165 0.0 6.8410992933460735 9.765506 49.25036899078155 38.64152201708149 3.50216175552398 0.056237183407022356 3.2410224072142872 83.53086577535049 61.75347905212575 26.59538254305818
1528 9291.075227468062 3602.94923375414 214.8627737503818 52.886405380215294 9287 9295 3601 3605 40.0 2.3296683695088443 1.2947361735965945 2.6344607187068956 0.8313428743968505 0.23963226557793155 0.31002245559735353 0.0 10.951001965705263 5.919079 64.96907911184766 24.250776050729087 3.370948513324242 0.04349387866320577 3.5682482323055424 83.20454712741713 38.8992924206526 26.599632347182336
1529 3012.6505801360654 3625.7008320216137 214.91870319372302 52.9264000278596 2995 3032 3603 3649 1197.0 9.150601640860756 5.221079712732713 54.7476705445975 0.8212473832071303 0.22067817895325675 8.093508035996406 0.0 1910.3125751976872 45.22516 2031.773400214265 59.44435301220775 1.4834297789101565 0.5053404682009313 19.519655062577243 2116.326429319322 95.52700311541336 23.086043361064856
