outputs/dr0.5_c0.1/nircam6_f150w_dr0.5_c0.1.ecsv
# %ECSV 1.0
# ---
# datatype:
# - {name: label, datatype: int64}
# - {name: xcentroid, datatype: float64}
# - {name: ycentroid, datatype: float64}
# - {name: sky_centroid.ra, unit: deg, datatype: float64}
# - {name: sky_centroid.dec, unit: deg, datatype: float64}
# - {name: bbox_xmin, datatype: int64}
# - {name: bbox_xmax, datatype: int64}
# - {name: bbox_ymin, datatype: int64}
# - {name: bbox_ymax, datatype: int64}
# - {name: area, unit: pix2, datatype: float64}
# - {name: semimajor_sigma, unit: pix, datatype: float64}
# - {name: semiminor_sigma, unit: pix, datatype: float64}
# - {name: orientation, unit: deg, datatype: float64}
# - {name: eccentricity, datatype: float64}
# - {name: min_value, datatype: float64}
# - {name: max_value, datatype: float64}
# - {name: local_background, datatype: float64}
# - {name: segment_flux, datatype: float64}
# - {name: segment_fluxerr, datatype: float32}
# - {name: kron_flux, datatype: float64}
# - {name: kron_fluxerr, datatype: float64}
# - {name: kron_radius, unit: pix, datatype: float64}
# - {name: gini, datatype: float64}
# - {name: equivalent_radius, unit: pix, datatype: float64}
# - {name: kron4_2_flux, datatype: float64}
# - {name: kron4_2_fluxerr, datatype: float64}
# - {name: radius_kron20, unit: pix, datatype: float64}
# - {name: radius_kron50, unit: pix, datatype: float64}
# - {name: radius_kron80, unit: pix, datatype: float64}
# - {name: near_border, datatype: bool}
# meta:
#   PHOTMJSR: 2.251199960708618
#   PIXAR_SR: 2.11539874851881e-14
#   __serialized_columns__:
#     area:
#       __class__: astropy.units.quantity.Quantity
#       unit: !astropy.units.Unit {unit: pix2}
#       value: !astropy.table.SerializedColumn {name: area}
#     eccentricity:
#       __class__: astropy.units.quantity.Quantity
#       unit: !astropy.units.Unit {unit: ''}
#       value: !astropy.table.SerializedColumn {name: eccentricity}
#     equivalent_radius:
#       __class__: astropy.units.quantity.Quantity
#       unit: !astropy.units.Unit {unit: pix}
#       value: !astropy.table.SerializedColumn {name: equivalent_radius}
#     kron_radius:
#       __class__: astropy.units.quantity.Quantity
#       unit: &id001 !astropy.units.Unit {unit: pix}
#       value: !astropy.table.SerializedColumn {name: kron_radius}
#     orientation:
#       __class__: astropy.units.quantity.Quantity
#       unit: &id002 !astropy.units.Unit {unit: deg}
#       value: !astropy.table.SerializedColumn {name: orientation}
#     radius_kron20:
#       __class__: astropy.units.quantity.Quantity
#       unit: *id001
#       value: !astropy.table.SerializedColumn {name: radius_kron20}
#     radius_kron50:
#       __class__: astropy.units.quantity.Quantity
#       unit: *id001
#       value: !astropy.table.SerializedColumn {name: radius_kron50}
#     radius_kron80:
#       __class__: astropy.units.quantity.Quantity
#       unit: *id001
#       value: !astropy.table.SerializedColumn {name: radius_kron80}
#     semimajor_sigma:
#       __class__: astropy.units.quantity.Quantity
#       unit: !astropy.units.Unit {unit: pix}
#       value: !astropy.table.SerializedColumn {name: semimajor_sigma}
#     semiminor_sigma:
#       __class__: astropy.units.quantity.Quantity
#       unit: !astropy.units.Unit {unit: pix}
#       value: !astropy.table.SerializedColumn {name: semiminor_sigma}
#     sky_centroid:
#       __class__: astropy.coordinates.sky_coordinate.SkyCoord
#       dec: !astropy.table.SerializedColumn
#         __class__: astropy.coordinates.angles.Latitude
#         unit: *id002
#         value: !astropy.table.SerializedColumn {name: sky_centroid.dec}
#       frame: icrs
#       ra: !astropy.table.SerializedColumn
#         __class__: astropy.coordinates.angles.Longitude
#         unit: *id002
#         value: !astropy.table.SerializedColumn {name: sky_centroid.ra}
#         wrap_angle: !astropy.coordinates.Angle
#           unit: *id002
#           value: 360.0
#       representation_type: spherical
#   astropy version: '5.1'
#   make_catalog parameters:
#     ab_zpt: 31.4
#     coadd_bands: !!python/tuple [f277w, f356w]
#     deblend_contrast: 0.001
#     deblend_nlevels: 32
#     deblend_npixels: 1
#     detect_kernel_fwhm: 4.0
#     detect_kernel_npix: 7
#     detect_npixels: 4
#     detect_threshold_nsigma: 3.0
#     flag_isolated_buffer: 4
#     hst_bands: !!python/tuple [f606w, f814w, f125w, f140w, f160w]
#     jwst_bands: !!python/tuple [f115w, f150w, f200w, f277w, f356w, f410m, f444w]
#     near_border_kernelsize: 21
#     reference_band: f200w
#   make_catalog version: 1.4.0
#   photutils version: 1.5.0
# schema: astropy-2.0
label xcentroid ycentroid sky_centroid.ra sky_centroid.dec bbox_xmin bbox_xmax bbox_ymin bbox_ymax area semimajor_sigma semiminor_sigma orientation eccentricity min_value max_value local_background segment_flux segment_fluxerr kron_flux kron_fluxerr kron_radius gini equivalent_radius kron4_2_flux kron4_2_fluxerr radius_kron20 radius_kron50 radius_kron80 near_border
[from data line 1338]
1339 1377.8971063995605 1765.9735845864623 214.89657545385953 52.85359517703781 1375 1381 1761 1770 51.0 2.3114743494277588 1.413284229041057 85.67744479160245 0.7913053882518432 -0.0390414862627727 0.7375546559958246 0.0 17.223086136363897 2.1538272 49.58786817556274 6.70749848557613 2.863122979421772 0.30908494636459183 4.029119531035698 70.72995496556003 10.82528574224943 2.7352693950669855 5.462430904514832 8.534425775277228 False
1340 2192.3269520213903 1766.9116201581953 214.88928844480316 52.84842822630189 2189 2195 1764 1769 39.0 1.772148814602568 1.278163166292962 20.029172155337136 0.6926743526594198 -0.19578940111068802 1.3771952192010724 0.0 18.268172510403883 1.7935324 35.110980497492804 4.68306744110483 2.433744027581827 0.3437569728458939 3.523362819972964 38.25087347926441 7.534983556550323 1.6292817835226499 3.4612492082266932 6.129796643711499 False
1341 8539.931981002028 1765.8608478285648 214.83264131514795 52.80809703588287 8538 8542 1764 1767 13.0 1.460775985553342 0.6413512003963917 -31.379005171313988 0.898463464992491 -0.1928610331385208 0.2087062618292479 0.0 0.7938161634241023 0.9911351 6.081359974501784 5.155425104043679 4.347392404959994 0.3412823630142771 2.0342144725641096 9.237865641647105 8.308804778545152 4.507250852099227 5.705211067408583 6.997858694343032 False
1342 9020.277212968338 1767.8892331461022 214.82833674874684 52.8050553001374 9016 9024 1764 1772 59.0 2.314559298035874 1.5003563711368761 47.7963158737224 0.761448418430858 0.06621552243768228 1.1066636536538008 0.0 31.14835955473189 2.304756 58.104961989023295 5.708148200746225 2.313694438937936 0.29503802419332453 4.3336224206596095 68.11581492946043 9.00023259484848 2.0781276395312935 4.088913379168411 6.973055766814981 False
1343 2946.8803498249035 1767.4807081374356 214.8825418739221 52.843639129766444 2944 2950 1765 1770 35.0 1.4614434686895226 1.2855926976781795 19.490125423488028 0.47557860242098027 -0.19488133260398907 1.1399029003497485 0.0 12.5494676749523 1.7701813 15.00373326804931 2.5548348113736616 1.4 0.38158217546461914 3.3377905890622728 15.903079869735071 3.9894447157781068 1.1482416616065387 1.982001362420206 3.031336534348901 False
1344 nan nan nan nan 2391 2396 1767 1773 36.0 nan nan nan nan 0.0 0.0 0.0 0.0 6000000.0 nan nan nan nan 3.385137501286538 nan nan nan nan nan True
1345 8857.404993857052 1773.2920855097384 214.82973221431195 52.80611951930579 8852 8863 1768 1779 113.0 2.138458456141972 2.0291382100727517 31.89963800435024 0.3156402099866173 -0.1099972526132084 4.83635673559117 0.0 81.42441167325885 3.2397366 82.43667503208516 3.950725614330555 1.4 0.5553903999693988 5.997417539138688 86.60440348659361 6.30098090141201 1.2533220403075342 2.408671774185329 3.957675415683763 False
1346 1994.5004616674012 1775.9642375682597 214.89096072099807 52.84973340418929 1991 1998 1770 1782 70.0 3.4440342215786117 1.5900104194790434 -68.1153744922185 0.8870512776397139 0.15879538076253544 0.9965161144216168 0.0 31.421410732253864 2.5224843 61.751913536802974 5.758440167492781 1.890652546654637 0.21976129491460183 4.720348719413148 64.02280787575717 8.998122696534077 2.891705842515398 4.760111163211772 6.831122105668264 False
1347 3618.640362297644 1775.0520604074477 214.8764625353703 52.83941330497746 3616 3622 1771 1779 49.0 2.2943555791736716 1.2401331679680556 74.9987699845293 0.8413345001271837 -0.021956492155405287 1.271161632809767 0.0 25.83817324889681 2.2635915 55.97457776193846 6.263689046917828 2.6301236715159555 0.35047358949447394 3.949327084834294 66.74032295875303 10.076637131279886 2.1173126243087244 4.602849002367413 8.261529472808983 False
1348 nan nan nan nan 2328 2342 1772 1784 128.0 nan nan nan nan 0.0 0.0 0.0 0.0 11313708.0 nan nan nan nan 6.383076486422923 nan nan nan nan nan True
1349 9615.105885045481 1808.0981583562084 214.8226107888151 52.801491571217795 9578 9650 1772 1851 4166.0 15.583148366183094 9.937189658945062 -51.34062503231864 0.7702946019161899 -0.29113818854441564 20.128748746261888 0.0 5343.055783923374 20.489773 5544.3163361487 24.15799892002586 1.4 0.5670896704072506 36.41536744070657 5732.876007770614 37.68291665517421 7.046394565850365 14.486697538728551 25.65705077795637 False
1350 3120.796435541696 1777.3496451401227 214.8808846795471 52.84258777633482 3117 3124 1773 1781 54.0 2.252053285774608 1.3974351885614489 58.811880515631636 0.7841937535512595 0.10448854468835071 1.9806961184395129 0.0 36.75723642518527 2.118798 62.29102617726288 5.306266313857872 2.3585833001638945 0.3803832455610035 4.145929793656026 86.07223884208179 8.581875255835703 2.0118510237271785 3.6107849207374407 6.614408009640934 False
1351 241.21267212261998 1778.906760164716 214.9065989120887 52.86088271324443 236 246 1775 1783 65.0 2.214837118707939 1.886614258596839 29.188654832321674 0.5238553736009902 -0.11260037027017607 0.6063942522823232 0.0 16.079252361682492 2.3495035 33.5903720893993 5.878455681264774 2.2523693213824596 0.30851225104762636 4.54864184146723 30.410295671183675 9.253067432501366 2.462234494832197 4.731394064591171 6.914366217796953 False
1352 3154.2062109917497 1786.5573285460664 214.88048945009973 52.842425251725814 3148 3161 1777 1796 155.0 4.676872732467656 2.695708180073175 -67.73615140554296 0.8171739171062553 -0.16929253516167672 1.3806279216654798 0.0 35.17847370407209 3.7250013 147.3274004660242 14.732650287586983 3.1591966551334134 0.45801288110151644 7.024103669400641 135.36374228809092 23.446851613106322 6.864810802124819 15.275106479369311 23.84389319866147 False
1353 6092.824548838718 1777.973892531565 214.85434417500198 52.82371171225863 6092 6094 1777 1779 6.0 0.8557836835981005 0.48453165343916865 -57.044180945910696 0.8242783826113825 0.11223671752966331 0.5993560552932662 0.0 1.9589910283724343 0.67499804 11.428317254583714 2.8335366978942527 3.4239992634369694 0.3608559711422783 1.381976597885342 11.39619682900624 4.447290188748357 1.4834167368986975 2.464073649915206 3.484143066246592 False
1354 6130.469092162298 1780.3809311140988 214.8539829286108 52.82348552200574 6127 6134 1777 1785 44.0 2.2562370620287093 1.4916302230345666 -58.67475597244348 0.7502853423763641 0.08822071798736926 0.7881369551823201 0.0 16.431071493278086 1.9462603 72.8248142223436 7.355440822305172 3.1691485546773612 0.25158247930749605 3.742410318509555 102.06346144185528 11.59063567096655 3.4942381261733586 7.688582258511526 13.420567181498573 False
1355 852.0804662524631 1784.9930833014917 214.901074668362 52.85703676416803 849 855 1779 1791 71.0 3.023243142623583 1.590722608057973 76.26777190762566 0.8503829318206119 -0.14704070295762667 0.6388837935771365 0.0 19.447892351757794 2.5141315 39.791703364816456 6.713292901122061 2.330011925568039 0.3131112422394037 4.753945931439391 39.439632605242416 10.740109180035903 2.6661312166714457 5.233053446654175 8.1364119216751 False
1356 1318.6501051759417 1782.16577256217 214.89693462931487 52.85405878345182 1317 1322 1780 1783 17.0 1.0402119638329794 0.703234406468787 10.148298557635481 0.7368565372807842 -0.06570662048192058 1.4128961830091813 0.0 7.913888078780867 1.2204711 11.86474224780143 2.522494655060148 2.2622829189283253 0.557696071595094 2.326213245840639 20.754300201186446 4.081464472012827 0.7705061214667809 1.436864300589782 3.2046199903531987 False
1357 8738.175932701864 1787.0198400179038 214.83065105504357 52.80695123912972 8732 8745 1780 1793 149.0 3.2017422036046437 2.3052054686771615 53.02948124248833 0.6939899140848576 -0.33128774249387305 2.1855427190643293 0.0 72.64825048883111 3.4965773 106.43046417270854 7.583669652540624 2.219885670841453 0.43950914645561645 6.886811529393324 170.15558839754382 12.107607763693775 2.1620302990082525 4.7067315928295335 9.606799870572479 False
1358 6115.014179279722 1789.069737218579 214.8540294918843 52.823630567357526 6109 6122 1783 1797 149.0 3.0882873138051616 2.4561542008195465 -68.0964825306185 0.606199363724887 -0.13762204201423628 1.4270270555985372 0.0 58.340463339395185 3.5392919 145.82840239407983 9.795884099441164 2.8398929778023865 0.4219236681789417 6.886811529393324 207.77584826664037 15.551192817107768 3.4402005594814606 9.051437143080099 15.473408798437621 False
1359 624.1803975781928 1788.7590107585252 214.9030720326054 52.858504203588176 622 627 1785 1792 40.0 2.0923431581552356 1.1432965010517897 -58.43784404827823 0.8375118172646443 -0.01720462135566351 1.0954740522052537 0.0 19.448315627853184 2.0376523 43.28625632213857 5.208448433006589 2.6087060160812343 0.3141088036692811 3.5682482323055424 52.802995274996626 8.169769216525404 1.9592706921278293 4.290076144195444 8.615305844643055 False
1360 nan nan nan nan 2319 2339 1785 1803 301.0 nan nan nan nan 0.0 0.0 0.0 0.0 17349350.0 nan nan nan nan 9.788323438736636 nan nan nan nan nan True
1361 2531.763637925462 1788.1033845183945 214.88603315510082 52.846386848357014 2529 2534 1786 1790 20.0 1.206131096312639 0.946752256574357 -36.7587168332929 0.619559480417284 0.14846349345146434 1.476718389029078 0.0 12.213553881740985 1.463124 23.938383153181476 3.418558725724045 2.3864495809260386 0.3561703821581243 2.5231325220201604 32.444922292439664 5.398614697415806 1.1615101642819827 2.421489913572332 3.849831206401849 False
1362 9162.955233168092 1797.6177845183813 214.82675207266968 52.804308768418394 9159 9167 1793 1803 76.0 2.5170988750268957 1.7414026028441913 49.672719202859 0.722061148421755 0.0704528536737707 1.6340559961630823 0.0 38.094256892800516 2.6570516 49.680908653946354 4.105773942886676 1.4560589008466434 0.3214020084963682 4.918490759365935 48.58226421617651 6.515228319490779 1.7349311021782663 3.378998445764421 5.2803971563478855 False
1363 502.9397789329718 1804.162174310464 214.9039937467488 52.85935717035534 495 513 1794 1815 295.0 4.863936089814043 3.0637118001796373 -61.066090744638295 0.7766898415600045 0.058880689499264546 3.507411364120766 0.0 260.1694742257772 5.2261753 353.2294625299462 10.008587762778493 1.995953895283223 0.40627696580718364 9.690274321412074 375.84974930264 15.781716769542827 3.083020895077464 6.287298403056388 11.36337318018836 False
1364 3321.4822859849023 1800.0179187504414 214.8788538875638 52.84143541969377 3315 3327 1795 1805 110.0 2.55305855395309 2.021210346851491 -6.801221220201223 0.6109334719633078 -0.051853988271609266 2.8241495319450056 0.0 69.42584808851696 3.3353505 100.0575827761868 6.598753840148005 2.1788294996457327 0.45810975864324854 5.917270272703197 99.23175207017793 10.42073496766302 1.7788259627838579 3.9295629686347526 7.762383854599348 False
1365 2189.945703246767 1798.7061556453637 214.88897537390878 52.84861489901004 2188 2192 1796 1800 19.0 1.1749715112145922 0.9778813602772755 22.037933162557536 0.5543860577764276 -0.07848883882533864 0.7579781668450775 0.0 8.48579283245639 1.3076057 13.446077337518659 2.2707090174562197 1.6060072741584448 0.33024302952344514 2.4592453796829674 14.100823060171143 3.567172692339079 1.1424233625233804 1.9333480759224337 2.704463545256086 False
1366 7668.961215340426 1799.6446076175368 214.84005411847644 52.813813935360145 7666 7672 1796 1803 39.0 2.0015315540714527 1.4246701401788964 -57.12970386245807 0.7023923399627287 -0.049590971374251 0.7301405589841305 0.0 11.499958334251842 1.6795218 89.87304973882715 7.346064943281634 3.572952827818988 0.3157972218622299 3.523362819972964 79.8168264472337 11.571492028661867 4.393700364213859 7.803178733172719 11.53662865246553 False
1367 4023.9610309288246 1799.3594397721868 214.87258745230852 52.83696988838608 4022 4026 1798 1801 18.0 1.2042219457501944 0.9148831948394655 9.384112188950619 0.6502390031042883 0.1126394653013709 1.0817958366326368 0.0 10.821133906056723 1.4277612 33.39133860251297 4.538426485850972 3.0440792923813893 0.24575834634902094 2.393653682408596 37.91503937584643 7.143485335527752 1.658687274201388 3.653417140770088 6.091115608962812 False
1368 1997.1151871648428 1801.3804970205233 214.8906700840273 52.849853938291886 1995 1999 1799 1803 17.0 1.6999247474049184 0.7715738465135263 -40.0036385720758 0.8910592215979066 0.22890216713848546 0.6810126302573126 0.0 7.305129560525266 1.1476827 17.11633577439363 3.6030256902032156 2.5106713788879462 0.18310014439482955 2.326213245840639 24.06846678805831 5.927441637718573 1.6771136244142109 2.919586584819115 4.704561483410655 False
1369 7927.720544177483 1807.0555602076026 214.83766818640592 52.81220959488387 7919 7936 1799 1814 189.0 4.49844517285545 2.418214795817042 -35.7351556652014 0.843221163712274 -0.01260331654412833 0.9548064026025723 0.0 76.86204027147866 3.749027 105.35603117110014 7.994530509105104 2.0377856478964285 0.34968430518164967 7.756324418739616 121.08137366924153 12.888669224350965 3.033375287696893 5.6857390860636645 9.342791355478845 False
1370 2820.3608055040036 1803.9236523113475 214.88328877851617 52.84463929447623 2816 2825 1801 1807 48.0 2.4567914433828237 1.1788575578614202 18.236421720036436 0.8773580722827079 -0.060974556742283754 1.1595799490223528 0.0 20.7971697328058 2.057084 38.42455125101293 4.88138008394356 2.1899891154685722 0.34393136077733816 3.9088200952233594 38.05565831176243 7.727188498191494 1.9071141799330282 4.0468267210393725 7.083889024260525 False
1371 803.5381122612301 1811.7465083001998 214.901227177118 52.85748937955456 796 811 1804 1819 183.0 3.507864537961583 2.69801090680911 -41.029493873874365 0.6390899384866007 -0.28149859704532304 1.967152294515989 0.0 78.76755284158628 4.1752396 106.81149503172016 7.819864087906805 1.901675449667463 0.43011456844690193 7.632215220473915 108.92145526123727 12.415030529929664 2.37861250945616 4.945787471400599 8.762818371731559 False
1372 8500.38457014605 1806.9155548391946 214.83256237351262 52.808569668576524 8498 8503 1804 1810 29.0 1.5858302465854133 1.2468700466825655 58.90872809955182 0.6178996801584667 0.1937747886225218 0.8686294781510376 0.0 15.131897306343454 1.5792842 32.698241782836604 4.27942560159292 2.3996844558986976 0.2021632752743279 3.0382538898732494 38.093697250523924 6.809209459512447 1.744894782616753 3.2019990482638234 5.058802734026744 False
1373 9820.81131522858 1805.780471438714 214.82080138344043 52.800171654081915 9820 9822 1804 1807 10.0 0.8847098007732278 0.725191526757729 87.33407270546307 0.5728013222557986 0.6407647949878152 1.8663174829058664 0.0 12.53093939797086 1.0049562 45.06150811257378 3.353157663487658 3.1201471844661173 0.22504648250814566 1.7841241161527712 55.283602672252194 5.24941398940177 1.4049000615428375 2.8989545022578547 4.598069385935344 False
1374 8444.156183102563 1808.848172515709 214.83304348863356 52.80893741705819 8443 8446 1807 1810 13.0 1.038941895259813 0.939324976392305 -83.29282515831319 0.42728508372232293 0.15120830456048498 0.812779923981193 0.0 5.918164394107119 1.0110466 41.09130709711977 4.256300203176015 3.458690482748678 0.23786985762015642 2.0342144725641096 62.49742491050439 6.943497301318021 2.403530578763473 4.5071469032839575 6.595696925099857 False
1375 8674.249303257458 1810.7700512057056 214.83097141325442 52.80748552517871 8673 8676 1809 1812 9.0 0.9346341272028958 0.7133566839892754 -44.11792158580648 0.64610682772042 0.36774687880358053 0.8880619265111711 0.0 5.6531604905151145 0.8615301 14.120711178506745 2.59207049331534 2.5481690371117813 0.18550404725518485 1.692568750643269 19.98406424314492 4.116832511283944 1.0968548251191357 2.029539094970885 3.8211055192186487 False
1376 2484.5201701127908 1817.5461035203452 214.88614558621867 52.84684574354557 2475 2494 1811 1824 195.0 4.110822535702235 2.0828209134689963 -18.75060339315122 0.8621414402101442 -0.19767813595064823 3.150819983368642 0.0 133.32690715467777 4.251031 158.47586931816463 6.928359822150077 1.7929911587422667 0.5034676765269807 7.878478774854901 176.82628885556298 10.986599991638228 2.1653065314122513 4.340402797153364 7.685500680937651 False
