outputs/dr0.5_c0.1/nircam6_f277w_dr0.5_c0.1.ecsv
# %ECSV 1.0
# ---
# datatype:
# - {name: label, datatype: int64}
# - {name: xcentroid, datatype: float64}
# - {name: ycentroid, datatype: float64}
# - {name: sky_centroid.ra, unit: deg, datatype: float64}
# - {name: sky_centroid.dec, unit: deg, datatype: float64}
# - {name: bbox_xmin, datatype: int64}
# - {name: bbox_xmax, datatype: int64}
# - {name: bbox_ymin, datatype: int64}
# - {name: bbox_ymax, datatype: int64}
# - {name: area, unit: pix2, datatype: float64}
# - {name: semimajor_sigma, unit: pix, datatype: float64}
# - {name: semiminor_sigma, unit: pix, datatype: float64}
# - {name: orientation, unit: deg, datatype: float64}
# - {name: eccentricity, datatype: float64}
# - {name: min_value, datatype: float64}
# - {name: max_value, datatype: float64}
# - {name: local_background, datatype: float64}
# - {name: segment_flux, datatype: float64}
# - {name: segment_fluxerr, datatype: float32}
# - {name: kron_flux, datatype: float64}
# - {name: kron_fluxerr, datatype: float64}
# - {name: kron_radius, unit: pix, datatype: float64}
# - {name: gini, datatype: float64}
# - {name: equivalent_radius, unit: pix, datatype: float64}
# - {name: kron4_2_flux, datatype: float64}
# - {name: kron4_2_fluxerr, datatype: float64}
# - {name: radius_kron20, unit: pix, datatype: float64}
# - {name: radius_kron50, unit: pix, datatype: float64}
# - {name: radius_kron80, unit: pix, datatype: float64}
# - {name: near_border, datatype: bool}
# meta:
#   PHOTMJSR: 0.4907999932765961
#   PIXAR_SR: 2.11539874851881e-14
#   __serialized_columns__:
#     area:
#       __class__: astropy.units.quantity.Quantity
#       unit: !astropy.units.Unit {unit: pix2}
#       value: !astropy.table.SerializedColumn {name: area}
#     eccentricity:
#       __class__: astropy.units.quantity.Quantity
#       unit: !astropy.units.Unit {unit: ''}
#       value: !astropy.table.SerializedColumn {name: eccentricity}
#     equivalent_radius:
#       __class__: astropy.units.quantity.Quantity
#       unit: !astropy.units.Unit {unit: pix}
#       value: !astropy.table.SerializedColumn {name: equivalent_radius}
#     kron_radius:
#       __class__: astropy.units.quantity.Quantity
#       unit: &id001 !astropy.units.Unit {unit: pix}
#       value: !astropy.table.SerializedColumn {name: kron_radius}
#     orientation:
#       __class__: astropy.units.quantity.Quantity
#       unit: &id002 !astropy.units.Unit {unit: deg}
#       value: !astropy.table.SerializedColumn {name: orientation}
#     radius_kron20:
#       __class__: astropy.units.quantity.Quantity
#       unit: *id001
#       value: !astropy.table.SerializedColumn {name: radius_kron20}
#     radius_kron50:
#       __class__: astropy.units.quantity.Quantity
#       unit: *id001
#       value: !astropy.table.SerializedColumn {name: radius_kron50}
#     radius_kron80:
#       __class__: astropy.units.quantity.Quantity
#       unit: *id001
#       value: !astropy.table.SerializedColumn {name: radius_kron80}
#     semimajor_sigma:
#       __class__: astropy.units.quantity.Quantity
#       unit: !astropy.units.Unit {unit: pix}
#       value: !astropy.table.SerializedColumn {name: semimajor_sigma}
#     semiminor_sigma:
#       __class__: astropy.units.quantity.Quantity
#       unit: !astropy.units.Unit {unit: pix}
#       value: !astropy.table.SerializedColumn {name: semiminor_sigma}
#     sky_centroid:
#       __class__: astropy.coordinates.sky_coordinate.SkyCoord
#       dec: !astropy.table.SerializedColumn
#         __class__: astropy.coordinates.angles.Latitude
#         unit: *id002
#         value: !astropy.table.SerializedColumn {name: sky_centroid.dec}
#       frame: icrs
#       ra: !astropy.table.SerializedColumn
#         __class__: astropy.coordinates.angles.Longitude
#         unit: *id002
#         value: !astropy.table.SerializedColumn {name: sky_centroid.ra}
#         wrap_angle: !astropy.coordinates.Angle
#           unit: *id002
#           value: 360.0
#       representation_type: spherical
#   astropy version: '5.1'
#   make_catalog parameters:
#     ab_zpt: 31.4
#     coadd_bands: !!python/tuple [f277w, f356w]
#     deblend_contrast: 0.001
#     deblend_nlevels: 32
#     deblend_npixels: 1
#     detect_kernel_fwhm: 4.0
#     detect_kernel_npix: 7
#     detect_npixels: 4
#     detect_threshold_nsigma: 3.0
#     flag_isolated_buffer: 4
#     hst_bands: !!python/tuple [f606w, f814w, f125w, f140w, f160w]
#     jwst_bands: !!python/tuple [f115w, f150w, f200w, f277w, f356w, f410m, f444w]
#     near_border_kernelsize: 21
#     reference_band: f200w
#   make_catalog version: 1.4.0
#   photutils version: 1.5.0
# schema: astropy-2.0
label xcentroid ycentroid sky_centroid.ra sky_centroid.dec bbox_xmin bbox_xmax bbox_ymin bbox_ymax area semimajor_sigma semiminor_sigma orientation eccentricity min_value max_value local_background segment_flux segment_fluxerr kron_flux kron_fluxerr kron_radius gini equivalent_radius kron4_2_flux kron4_2_fluxerr radius_kron20 radius_kron50 radius_kron80 near_border
[from data line 294]
295 1915.8276674827657 579.1445062423331 214.90424742839966 52.843774553222396 1912 1920 576 583 50.0 1.9730618232570534 1.5644253742445817 25.488234876806086 0.6093618985798389 0.16349862090258038 0.8164992609345788 0.0 21.49768712575881 0.7778918 32.829726170301385 1.704762617720036 2.0226907302423305 0.24203964107496906 3.989422804014327 34.140596970453856 2.7906186377356024 1.740019833909054 3.179384711662884 5.128686359516943 False
296 528.2771124784674 582.8136293337585 214.91660972381948 52.85260413207579 523 534 577 588 102.0 3.259338497882167 2.2392943978674795 35.843684618757635 0.7266200387908208 0.13424095251703375 0.4742649258360244 0.0 33.49894249655248 1.0436864 212.48234949793078 4.200665853497988 3.4217762099766804 0.14380106320551517 5.698035485213008 458.6949643613338 6.9115012852393605 6.888748172358771 14.634176434541962 20.012205023052932 False
297 1679.76277261443 582.8154726140451 214.90631824925464 52.84529326970508 1675 1684 577 589 107.0 2.915744399158112 2.095806203383789 85.44942202745167 0.695227862372851 0.16045727910172303 1.3042352111357318 0.0 55.01664466822181 1.1778768 99.51840382663175 2.883360420101939 2.462608486025061 0.3012596840797593 5.836022431559495 107.24829203423164 4.610321027147535 2.573744868132073 5.358665070656323 10.221185975438418 False
298 6898.505304452753 584.0481552817955 214.8597059376309 52.81215455097212 6893 6905 578 589 123.0 2.6288540706315757 2.3711998238748095 36.19553920027915 0.4317571282950613 0.1333700574701761 2.3432103017788433 0.0 73.91959195476117 1.3096741 98.5471911661729 2.3653603415755087 1.914520913448352 0.38929506463931063 6.257165172872317 109.40223208644635 3.7317467178746173 1.9576154806943087 3.892551100863511 6.973800370070952 False
299 1188.4245946469864 583.0212372173015 214.91070701964443 52.84841403385757 1186 1191 580 586 30.0 1.8102936553600681 1.1387361272888439 -50.28455823214293 0.777377847973546 0.2137758410011147 0.6176384641876578 0.0 11.517452103873104 0.5982091 31.663656427396944 2.033954163378324 2.8494411765891043 0.15568026810279273 3.0901936161855166 29.157483605822776 3.1948631194619974 2.0890782041855083 4.159093954464084 7.369141265641272 False
300 1466.8899661455616 588.2121611348565 214.90816381332888 52.84667401031889 1462 1472 580 597 150.0 3.8019350475135343 2.188908079981338 81.19173205103003 0.8176361692555709 0.057842193461371934 1.1158975349140092 0.0 69.52455348625108 1.2640057 112.29722346008619 3.0230234523325343 2.278259894083572 0.31751036280962164 6.90988298942671 134.73851695948602 4.957939628762751 2.8197924603524003 5.705067630898753 11.350648921794528 False
301 4217.966676487769 588.1569940212962 214.88358901470312 52.82920368578362 4211 4224 580 595 127.0 4.304649875215747 2.0874731270602793 -51.402798737380216 0.8745504873989329 0.14694673115375229 0.623325819909987 0.0 47.72112929012637 1.1429919 76.89687030689507 2.9843432779386783 2.123845452675515 0.19217579271892157 6.358093703724522 82.81935935877951 4.827210098494994 3.1426359033929576 5.843131262829622 9.304745760627359 False
302 4172.31195895216 583.4837235165021 214.8840458119376 52.82946843325352 4169 4176 581 586 42.0 1.789139971498676 1.3797661884267605 0.30831226889706653 0.6366054965291449 0.0996794971883315 0.7704305128488239 0.0 15.41092584016049 0.65607977 24.661221264129885 1.5430346626818514 2.2051217201080417 0.2829727477956758 3.656366395715726 27.59631970590158 2.5008364325525463 1.5700512018057562 2.9657441875200186 5.12650335782082 False
303 7433.149137024405 584.6273473568641 214.85492990472326 52.80876100407109 7428 7438 581 588 66.0 2.4314495706128354 1.7055144791905315 12.214973358926697 0.7127291184280751 0.06434649652896414 0.7134189196662215 0.0 26.49924634669353 0.98299396 39.04473372456057 1.9923432811603785 1.9102060406322972 0.24938843341969388 4.583497844237541 40.157797488805926 3.120675519945413 2.0682530084179076 3.5843747897384026 5.6906523184917255 False
304 3511.2992877765296 588.5595145468111 214.88989556010358 52.833693857814026 3500 3521 583 594 194.0 5.066222263184842 2.370072302876722 11.480932539092775 0.8838245795582438 0.0941650309205071 1.1837550543790698 0.0 98.37056012833392 1.5730304 170.11338161836994 3.7459854430206785 2.18715624080086 0.2553905504943204 7.858251581595959 149.37829610332435 6.046653668429195 3.687094274061483 7.294090412294383 12.860720084076357 False
305 9342.099913668995 597.0911785603847 214.83777386113326 52.79669879434738 9325 9362 583 608 688.0 8.439767661722602 4.872064171830241 8.911003837291087 0.8165500256738879 0.06628361793803388 1.993623359880415 0.0 373.76461950789894 3.3338716 566.3665889807912 7.380846240553232 2.1073982877035085 0.3029477525981994 14.798554040663838 661.2260869508277 11.764931991641971 5.922158511527561 11.762492892553574 21.157195037447277 False
306 2778.651325625968 591.2916760351676 214.89641100647873 52.83836124862965 2772 2785 585 597 134.0 2.930854954018679 2.208490487249752 -35.552037198968605 0.6574122105536082 0.04571839671730668 2.1471243553482635 0.0 84.61652559908411 1.2606047 112.81042344347647 2.4756399389940973 2.0665595920770436 0.406593195745399 6.530966601401967 140.4581069233321 3.827136612333071 2.04016765543383 3.9886275449846087 7.696418304713608 False
307 6978.130363623759 596.9982646317048 214.85885938338143 52.811718532277354 6967 6989 585 611 474.0 4.861765287077695 3.665588414774503 -60.772998830603264 0.656917529253862 0.061526372369177004 7.817295146768099 0.0 538.4842535360453 2.58267 603.2337742601442 3.639502877669775 1.7021219991031085 0.5410007768856121 12.283276682185287 652.5149745296643 5.666825029041397 2.6594193622729247 5.249720684006264 9.717511216495454 False
308 8606.6522588269 586.230890514039 214.84444599261602 52.801313542578455 8605 8608 585 587 11.0 1.0846499265371958 0.761966803226822 -17.747946832858307 0.7116835338014943 0.1735833620346464 0.334705730203425 0.0 2.567714663076115 0.37657684 25.842667013170963 1.7155731830043837 3.625170718103458 0.13854724165876645 1.8712051592547776 39.659225904025575 2.6850241517820606 2.5924811429260086 4.391224698320575 6.306556972227157 False
309 4335.006208244549 599.3933049728681 214.88242582446716 52.8285209625516 4328 4342 590 609 214.0 4.12706976591383 3.167141526802345 -75.68309238065214 0.6411604768413942 0.13335578281687357 1.282623194077053 0.0 104.40111310059207 1.5852743 250.99715571454738 4.709112197098324 2.770439008612335 0.2513789582996766 8.253382073025046 319.0227240610084 7.3722216278479715 4.595447498385064 10.522454447595967 19.927721437536754 False
310 6797.489323849774 593.8387932898913 214.8605043514446 52.81284910020055 6795 6800 590 598 38.0 2.0314609319256194 1.2138711596171208 -67.07228245521468 0.8018420405501713 0.08747397177953137 0.9309942428411149 0.0 18.92015743814828 0.82150894 41.896424989511274 2.11323246673273 2.6009444465605007 0.21483500069841757 3.477898169151024 44.00108499674532 3.297468038562616 1.9825070931053055 4.031172221691449 7.1477311647343615 False
311 1377.695179357389 594.3280647566515 214.90889662465196 52.847273344000286 1373 1382 591 598 57.0 2.3224102433412583 1.7777926650478397 -14.61855418089148 0.6434422341906741 0.19406400029713894 0.6293595249851491 0.0 21.818336835534204 0.8020412 43.855148881027 2.2307884360317534 2.335777908623201 0.12853048216306598 4.259537945889915 50.99129229441078 3.5426494488806433 2.4935291256737027 4.311137554811286 6.746638549459991 False
312 3888.905411511244 595.0161849436208 214.88645537633866 52.8313305826018 3887 3891 591 599 29.0 2.400611693430501 0.9266826418761159 -73.6242675839796 0.9224906703393246 0.251728854240339 0.4639016606533029 0.0 10.284895492856005 0.5981892 29.23773403025823 1.9250466824036423 2.6904258958512113 0.09207743720268535 3.0382538898732494 30.277623155133114 3.0651972658505104 2.268878870069432 4.329211067305265 7.242746276005577 False
313 8907.047944552816 592.97115808427 214.84169635209716 52.79944110438039 8906 8908 592 594 7.0 0.9239546323227569 0.5297031224390613 42.75911436667636 0.8193455893107455 0.2508463044741427 0.38915092981064553 0.0 2.248180215688932 0.28262913 15.963301031516298 1.194919134339981 3.5360873243981423 0.07482475776998557 1.4927053303604616 21.286040354425644 1.922163660125638 1.8137330172067048 3.238243265747284 4.877867766646539 False
314 7511.516004720071 598.7267585372651 214.85408260886888 52.80833914276521 7503 7519 593 604 148.0 3.1658572921027934 2.222158869558455 -8.715057174693584 0.7122619186039987 0.1647010356139029 2.5457304463527124 0.0 106.68602223560507 1.420704 125.03300716519786 2.412541830626616 1.8002634869782876 0.41284305186518694 6.863662517577698 139.95122580589148 4.0451414400305135 1.9558904319647181 3.7162392063833427 6.333847190648767 False
315 2766.0206476219396 604.9855904292451 214.89637988176452 52.838515351507205 2761 2772 597 612 121.0 4.236806168699006 1.9220903440688624 57.294077522550054 0.8911723389370296 0.14396091337718092 0.746389879342215 0.0 46.97339051405143 1.1536034 78.79263107762355 3.017909876403458 2.3151900141741835 0.20006930354494287 6.206085419025319 92.1550208966246 4.845203098946079 3.113359152717903 5.9011834069101665 10.220874527710757 False
316 3345.399547589777 600.3715752331813 214.8912531183608 52.83481116331077 3342 3348 598 603 33.0 1.6656171526560803 1.4298334747988972 -28.449818288486465 0.512912903614686 0.21030735974438552 0.5937214357999465 0.0 14.326339338917231 0.7030911 35.39783731161791 2.1548640871460427 2.6374807676174497 0.12183744634186498 3.2410224072142872 32.80868276532563 3.251635165248275 2.1186448599617926 3.753482500897357 6.489569584290268 False
317 9831.42462304647 600.4283480702638 214.83337625943082 52.79360723597582 9829 9834 598 603 28.0 1.3327120414639995 1.2411952310495493 54.011826596794634 0.36417536527699873 0.1874213311326881 1.0582907685642706 0.0 14.962005368506041 0.624256 23.709577920767813 1.397613916703132 2.1385125781742094 0.2778721700653315 2.985410660720923 22.88449069119681 2.282385976835722 1.2650137717336514 2.404926712126557 4.440536222240352 False
318 2849.5464203305914 603.2663811622383 214.89565181189144 52.83797566560964 2847 2853 600 607 31.0 2.424663623907007 0.9681403600604427 53.08384964452576 0.9168253238462309 0.18156705563538308 0.437275428979945 0.0 9.723351534029971 0.56500655 43.44493382987746 2.169045251394983 3.1098415769886802 0.10852245223023733 3.141274657157109 63.93860285519117 3.457893445760099 3.2112414765919874 6.020360744581533 8.654532091613339 False
319 826.8122646551263 601.6633967990756 214.91374304694122 52.85081054132116 826 828 601 602 5.0 0.757828953825837 0.4428150349018681 15.560270590331063 0.8115229442186197 0.30300935628553793 0.45563980742845606 0.0 1.8828424353447355 0.23452227 18.733192235973764 1.0579162938969664 3.7192874910839677 0.10527932079064876 1.2615662610100802 37.71015805124017 1.6859771692974361 1.886483153317371 3.5506978079005598 4.9923277959529875 False
320 2965.92965735928 608.5166597277967 214.89455698754585 52.83726492719069 2960 2971 602 616 143.0 3.6590719795843043 2.5801447585324877 62.87837817005834 0.7090717100265452 0.14176427562585492 0.8442031787388149 0.0 53.24778096042239 1.2537315 124.5081494273992 3.639506440198208 2.618925755650896 0.2058164254182634 6.746726148605861 144.00366105190022 5.924472222844903 3.9298583631381 7.775844810091064 14.614562139569818 False
321 223.4864990366434 610.092765029636 214.9190475829104 52.85468638128993 218 230 604 617 123.0 3.0690279154754223 2.7453158943121863 56.38144527119664 0.44702203291422815 0.17510787516190876 0.7735035486098684 0.0 53.88522886468298 1.2588252 96.04859017155839 2.4541736097192475 1.6821556832650058 0.1833375214925306 6.257165172872317 76.08370741825281 4.19850147442451 3.167829336028347 5.693084609794453 8.704008619220765 False
322 7483.09452370175 611.9712048548429 214.85419694733238 52.808591135884036 7473 7493 605 621 250.0 4.161184762877568 2.9325670528421797 0.48560881629472646 0.7094623956771208 0.13143203770772027 2.4011992572267156 0.0 166.7978971056431 1.8677629 221.13898331477802 3.715841456323878 2.0697197784465873 0.4147617538157334 8.920620580763856 278.471459836325 6.003746690669595 2.715843843769435 5.487250349413297 10.193753102255036 False
323 8731.727166128527 607.9674318977271 214.84310214971396 52.800635990594884 8730 8734 607 609 9.0 1.0694912020146898 0.669583629723481 1.4555116527636898 0.7797613994717014 0.27942404718383496 0.4206223434163563 0.0 3.322952155732954 0.3327036 48.695231388602615 1.5976566099746516 3.7202318236481724 0.06981782762755682 1.692568750643269 114.98459106406568 2.5195999387397725 3.1223302510957094 5.419843952712141 7.078460433740687 False
324 8013.117530127678 617.0954476555664 214.84941518157453 52.80525123464807 8004 8023 608 625 247.0 4.5927626572916616 3.2021594649273606 41.65170365112283 0.7168585980919818 0.1494769084527318 1.342470919738021 0.0 140.20854328088723 1.8607677 222.60831011304123 4.2827504900903275 2.096815937741525 0.27834892340757655 8.866935315394846 231.6278919166565 6.770663255478838 3.670474836241889 7.171003082346002 12.171632070853416 False
325 9469.6733977383 609.6775418713627 214.8365041533604 52.79595596137539 9467 9472 608 612 21.0 1.3698842414214072 1.0629148118531924 -1.3131038903610548 0.6308364990794223 0.359174539342306 0.9044659179532191 0.0 12.329886076057717 0.566881 42.909863016846856 1.935541728691474 2.986065937372445 0.16174272140739357 2.5854414729132054 53.787495366270136 3.112695786042775 2.0246171692498525 4.054492339153201 7.140991694332968 False
326 6320.981823834381 627.1014698034151 214.86440674859637 52.816055631380394 6312 6329 612 635 259.0 4.27566504569128 3.5171258493117223 -56.78883015718756 0.5686327247813471 0.10905245411163401 2.5534317256529393 0.0 171.0274978366092 1.8685678 233.87627941805107 3.7171293171489856 1.9352029930858352 0.3962985453893697 9.079772052293041 267.24946945754857 5.9106481679766825 2.9127251772261826 5.848842720227633 11.049221723173192 False
327 9456.748317852347 616.9650166191922 214.8365428010239 52.79607738271216 9453 9460 614 620 42.0 2.1512485466760687 1.3419266943192028 -36.887589610086955 0.7815922243037814 0.2162285176040792 0.6661223360262298 0.0 18.55185066877613 0.8412869 69.46038579231026 2.9251112965857997 3.0828424308389963 0.169958494845265 3.656366395715726 102.86317601443744 4.6045513449237525 3.069683693247714 6.552046195309476 12.2222598611863 False
328 7011.938154560828 624.2651316795447 214.85827115105695 52.811650796541315 7008 7016 615 630 103.0 3.7861635242045035 1.868916751345603 74.73002578728514 0.869679088685659 0.1319898474895327 0.8210705975466087 0.0 43.92262606038767 1.1237115 99.43611682094222 3.7087788444314946 2.575050178060103 0.2276213176680786 5.725898905580716 107.47888415565009 5.5829130757854815 3.3386017483526165 6.623899194448106 12.424516767963302 False
329 1878.584034800793 623.1616797474578 214.90411747167036 52.84424859305602 1872 1885 616 630 157.0 3.163828979232036 2.2672371734871652 54.296006546553734 0.697472243831269 0.04161570311496013 2.828100613036827 0.0 115.21343995991253 1.5237559 133.40622933928125 2.527514323363115 1.8178476652086988 0.4512725740525722 7.069275219628611 149.27146058191727 4.090379226880167 1.976149010359725 3.7036962634539337 6.311570481933871 False
330 3771.0392478085028 619.557905032534 214.88724998677972 52.83221155411778 3768 3774 616 624 49.0 2.2104663803242524 1.4751711170715198 77.89270274689662 0.7447375968484867 0.1747194823618555 0.6780790227512363 0.0 19.613723692068977 0.791129 39.27308875122232 2.1281547330334405 2.3785644416019256 0.1997934630348109 3.949327084834294 53.31596801492489 3.403473681110672 2.153191691329966 4.0635752523893425 6.39192600054894 False
