outputs/dr0.5_c0.1/nircam3_matched_f606w_f277w_dr0.5_c0.1.ecsv
# %ECSV 1.0
# ---
# datatype:
# - {name: label, datatype: int64}
# - {name: xcentroid, datatype: float64}
# - {name: ycentroid, datatype: float64}
# - {name: sky_centroid.ra, unit: deg, datatype: float64}
# - {name: sky_centroid.dec, unit: deg, datatype: float64}
# - {name: bbox_xmin, datatype: int64}
# - {name: bbox_xmax, datatype: int64}
# - {name: bbox_ymin, datatype: int64}
# - {name: bbox_ymax, datatype: int64}
# - {name: area, unit: pix2, datatype: float64}
# - {name: semimajor_sigma, unit: pix, datatype: float64}
# - {name: semiminor_sigma, unit: pix, datatype: float64}
# - {name: orientation, unit: deg, datatype: float64}
# - {name: eccentricity, datatype: float64}
# - {name: min_value, datatype: float64}
# - {name: max_value, datatype: float64}
# - {name: local_background, datatype: float64}
# - {name: segment_flux, datatype: float64}
# - {name: segment_fluxerr, datatype: float32}
# - {name: kron_flux, datatype: float64}
# - {name: kron_fluxerr, datatype: float64}
# - {name: kron_radius, unit: pix, datatype: float64}
# - {name: gini, datatype: float64}
# - {name: equivalent_radius, unit: pix, datatype: float64}
# - {name: kron4_2_flux, datatype: float64}
# - {name: kron4_2_fluxerr, datatype: float64}
# - {name: kron4_2_mag, datatype: float64}
# meta:
#   PHOTMJSR: 0.3925000131130219
#   PIXAR_SR: 2.11539874851881e-14
#   __serialized_columns__:
#     area:
#       __class__: astropy.units.quantity.Quantity
#       unit: !astropy.units.Unit {unit: pix2}
#       value: !astropy.table.SerializedColumn {name: area}
#     eccentricity:
#       __class__: astropy.units.quantity.Quantity
#       unit: !astropy.units.Unit {unit: ''}
#       value: !astropy.table.SerializedColumn {name: eccentricity}
#     equivalent_radius:
#       __class__: astropy.units.quantity.Quantity
#       unit: !astropy.units.Unit {unit: pix}
#       value: !astropy.table.SerializedColumn {name: equivalent_radius}
#     kron_radius:
#       __class__: astropy.units.quantity.Quantity
#       unit: !astropy.units.Unit {unit: pix}
#       value: !astropy.table.SerializedColumn {name: kron_radius}
#     orientation:
#       __class__: astropy.units.quantity.Quantity
#       unit: &id001 !astropy.units.Unit {unit: deg}
#       value: !astropy.table.SerializedColumn {name: orientation}
#     semimajor_sigma:
#       __class__: astropy.units.quantity.Quantity
#       unit: !astropy.units.Unit {unit: pix}
#       value: !astropy.table.SerializedColumn {name: semimajor_sigma}
#     semiminor_sigma:
#       __class__: astropy.units.quantity.Quantity
#       unit: !astropy.units.Unit {unit: pix}
#       value: !astropy.table.SerializedColumn {name: semiminor_sigma}
#     sky_centroid:
#       __class__: astropy.coordinates.sky_coordinate.SkyCoord
#       dec: !astropy.table.SerializedColumn
#         __class__: astropy.coordinates.angles.Latitude
#         unit: *id001
#         value: !astropy.table.SerializedColumn {name: sky_centroid.dec}
#       frame: icrs
#       ra: !astropy.table.SerializedColumn
#         __class__: astropy.coordinates.angles.Longitude
#         unit: *id001
#         value: !astropy.table.SerializedColumn {name: sky_centroid.ra}
#         wrap_angle: !astropy.coordinates.Angle
#           unit: *id001
#           value: 360.0
#       representation_type: spherical
#   astropy version: '5.1'
#   kernelfile: kernel_f606w_f277w.fits
#   make_catalog parameters:
#     ab_zpt: 31.4
#     coadd_bands: !!python/tuple [f277w, f356w]
#     deblend_contrast: 0.001
#     deblend_nlevels: 32
#     deblend_npixels: 1
#     detect_kernel_fwhm: 4.0
#     detect_kernel_npix: 7
#     detect_npixels: 4
#     detect_threshold_nsigma: 3.0
#     flag_isolated_buffer: 4
#     hst_bands: !!python/tuple [f606w, f814w, f125w, f140w, f160w]
#     jwst_bands: !!python/tuple [f115w, f150w, f200w, f277w, f356w, f410m, f444w]
#     near_border_kernelsize: 21
#     reference_band: f200w
#   make_catalog version: 1.4.0
#   photutils version: 1.5.0
# schema: astropy-2.0
label xcentroid ycentroid sky_centroid.ra sky_centroid.dec bbox_xmin bbox_xmax bbox_ymin bbox_ymax area semimajor_sigma semiminor_sigma orientation eccentricity min_value max_value local_background segment_flux segment_fluxerr kron_flux kron_fluxerr kron_radius gini equivalent_radius kron4_2_flux kron4_2_fluxerr kron4_2_mag
[from data line 1995]
1996 7484.44016327144 2637.021093447081 214.78069167492586 52.83790094702245 7476 7492 2633 2642 114.0 4.291610699712274 1.7198825996442049 -11.014636111080254 0.9161854478199972 -0.14575173075035902 0.49810597385676086 0.0 23.172837955168003 2.8654075 48.95265682759883 7.8891657146824405 2.449511932101469 0.32771723920956214 6.023896332520351 66.57337074446812 12.618704440977153 26.841748633208105
1997 2247.485027339933 2639.111496489814 214.8273989593937 52.871204259621194 2245 2250 2636 2641 25.0 1.338565452753786 1.243236293793794 7.876302817555187 0.37062500266710824 0.1432632933172314 0.8252699533795915 0.0 10.732983328683465 1.4171516 23.216607729736506 3.811207186884041 2.3286501006763785 0.25903688670085345 2.8209479177387813 24.460810469891786 6.133605935991686 27.928822893518088
1998 1311.1481143746305 2642.5232571006836 214.83572551379226 52.87717313964328 1297 1318 2637 2651 219.0 6.320730931915886 2.9663321834325 -23.335069877690934 0.8830376867541117 -0.2640413520175515 0.2459344636682766 0.0 -6.315995946557369 3.9699063 -3.772398511190876 7.093307173656238 1.4 -0.49914544318764215 8.349243383340204 -6.368936823599496 11.345295795822349 nan
1999 7761.710904949492 2642.3492578267537 214.7781635008238 52.83616648380535 7756 7766 2637 2648 103.0 2.7556001828059613 1.8165114307573103 -77.78654162598028 0.751961362986131 -0.13877908448995152 0.5586556376073407 0.0 17.841983667628416 2.8136146 20.628096697629367 3.8076967413563265 1.4 0.44065170757700134 5.725898905580716 21.787558295626773 6.056994085153458 28.05447859466355
2000 8539.59896397717 2638.380969248137 214.7712708616098 52.83119826099038 8537 8542 2637 2640 15.0 1.106994157136226 0.9211521677044645 -16.33636460091634 0.5545953664206628 -0.010880254969474213 0.3142707199639195 0.0 2.6265655821363363 1.1417277 7.542164168691247 3.420944377074292 2.6071770480800986 0.2653490211102015 2.1850968611841584 11.82449307806817 5.418640787143249 28.718043671531767
2001 8644.505719389519 2639.0943215095917 214.77032829195875 52.830534934387444 8642 8647 2637 2643 29.0 2.1612435518745543 0.8814998086907445 48.0038820789674 0.9130413757038163 -0.10857112217496728 0.2994071631340806 0.0 3.0124768361787844 1.5405532 14.434216796900682 5.8624692826732465 3.3352123015956585 0.4413843129650911 3.0382538898732494 17.181006731642324 9.37712605171215 28.31237848001816
2002 176.55104916984814 2652.335585102818 214.8457584132053 52.88443570439925 168 184 2638 2660 293.0 5.044533482365343 3.0207094197078783 75.47126625837761 0.8008922561642328 -0.22569853746763585 1.0342184941666306 0.0 60.89143677824637 4.324022 62.34990328777503 6.108142903976841 1.4 0.4787406907386753 9.657370069115643 45.067064540426045 9.759108436570958 27.26535182234047
2003 589.3846305346626 2641.7369224543004 214.84218146843205 52.881755358608416 586 592 2639 2645 36.0 1.9256063289507688 1.2846680976804725 49.48508245700199 0.7449234803724112 -0.02980786348717194 0.29667199543930456 0.0 6.7262392053935525 1.6591523 16.88613576152218 5.121876536719117 2.6499285877075156 0.22020177688427203 3.385137501286538 19.43228753739033 8.188849288337023 28.178690179870983
2004 7642.573056037887 2641.3994259373794 214.77923568210585 52.83691897030141 7639 7646 2639 2645 42.0 1.928848401240333 1.225305564325818 50.11088031430279 0.7723046005725908 -0.14674452595752738 0.45329939603529995 0.0 4.6929482090237595 1.7137021 5.369152417528823 2.5252891939630433 1.4 0.5249232020239577 3.656366395715726 5.728196687352403 4.0444858194449935 29.50495519551566
2005 1221.114487488227 2650.1264327727486 214.836449672704 52.87778626713106 1210 1231 2640 2659 329.0 4.141738139460771 3.2151956653858353 4.417676636940967 0.6303742339119254 -0.1591995834608795 1.8084267604133057 0.0 82.58130229749621 4.89386 92.06964214480314 8.379165985150014 1.9552572056269941 0.5758858072766935 10.233472165128859 117.03298082281137 13.255721263715365 26.229229333434944
2006 9598.269468045053 2645.8555911144863 214.7617573019345 52.82450541831868 9591 9602 2642 2652 98.0 3.089721316607763 2.3341021467811784 -4.018303406193092 0.6552166836553007 -0.14744248207603314 0.19507682235361556 0.0 3.737892166435419 2.5689332 8.134442971418181 8.334962269785963 2.725000252966206 0.4867288537712349 5.585191925620057 24.42218807139172 13.424709081362959 27.93053857162063
2007 10056.969621698034 2643.5682819693907 214.75769434611652 52.82157556013714 10055 10060 2642 2646 24.0 1.6598977541865823 0.9716922709458221 26.731233101960242 0.8107497859769038 -0.0254839141146553 0.30301576110417805 0.0 3.8432262230914613 1.2328019 10.912769902044454 3.012310853300772 2.1013184569612706 0.29400623182046776 2.763953195770684 15.523323244501157 4.881878029739225 28.422538247602752
2008 9517.586268192932 2659.973730491141 214.76232764276466 52.82509460339449 9507 9529 2644 2675 572.0 5.914288191738487 4.177279860146404 -87.21089539704 0.7079095877477981 -0.15598081046916834 1.2524730343484776 0.0 94.42160180455353 6.2688804 100.91724857746325 8.669308991631654 1.4992517555704954 0.5547295349383968 13.493452297211721 108.6765548890038 13.871952064475167 26.30966034356898
2009 955.6094707277683 2652.9687007607545 214.83879146378678 52.879488772574625 953 962 2648 2659 86.0 2.3231186977218488 1.2519066197479618 -30.62403197453256 0.8423758177077512 -0.17791125952593428 0.3730784266234162 0.0 0.43346635333008354 2.4479842 4.0358572403381 2.809579960163981 1.4 1.9548399107063215 5.232078956954491 -0.33234372999601014 4.5071109687494255 nan
2010 7507.591974125643 2652.1248979702473 214.78032625722437 52.83783507570015 7502 7513 2648 2658 101.0 2.2439380203905346 2.139804495794802 -54.64336434924206 0.301097358618434 -0.0879977021332799 1.471461595544402 0.0 40.43692192753151 2.7093124 50.73354613987178 4.620479829755307 1.7688498171910292 0.4512062025805624 5.670035141386943 55.83212980143716 7.311997465642151 27.032789512526467
2011 3478.94968192364 2662.653433656507 214.81615630813045 52.86350418946838 3466 3491 2651 2674 388.0 7.419560454019423 3.316785006278794 -41.49630921695902 0.8945176924217224 -0.04587370431907415 1.0006099090079785 0.0 124.2178270888237 5.55736 183.08214490088196 12.80994628115395 2.1057806975981377 0.31398937633839274 11.11324596323283 204.85946969499514 20.195386965964197 25.621359889611167
2012 885.0244211077468 2656.211128597604 214.8393878795315 52.87995478616953 883 887 2654 2659 24.0 1.4479048073827672 1.0399361727279086 -56.026825020224415 0.6958004192710701 0.06478586160924564 0.48993835626864984 0.0 6.8239157125936085 1.3315197 15.743121485649677 4.050364751716447 2.7714660158735285 0.22288991142669431 2.763953195770684 22.26089587834504 6.429575721372872 28.031143404226935
2013 1070.0869813794159 2658.2924154191905 214.83771277356726 52.87879001785516 1067 1074 2655 2662 55.0 2.6017148275822093 1.6918890649399545 80.08636185750834 0.7596795068386486 -0.184923848675302 0.27551585042929316 0.0 0.962495092253636 1.9707693 29.752333905380283 10.626709605036213 4.318471302310833 0.430578437197086 4.1841419359420025 42.07798237595194 16.838350099617074 27.339862731546322
2014 2492.2320732813077 2664.285792991612 214.82494842965335 52.86978446514899 2481 2504 2656 2670 231.0 6.004385509562827 2.225305007755272 -22.349322719278373 0.9287872720532764 -0.13318011506010696 0.514370734776304 0.0 37.91366007226134 4.5423684 54.07601602814545 9.650346836661171 1.992101059963598 0.4147146734561139 8.574939283076915 40.53978232456902 15.303617331643975 27.380296468873947
2015 7952.484458214198 2660.716543091576 214.7762693776806 52.83505224681099 7949 7956 2658 2663 33.0 1.8395261169833734 1.3259671033659024 16.801648210977955 0.6931223669688583 0.14426817294220606 0.47882735732107257 0.0 11.325388878068201 1.532187 30.638261570263772 5.194102564314893 2.792028677385641 0.13966673875347443 3.2410224072142872 41.19117550341855 8.304011154462069 27.362989535199777
2016 7373.47829640206 2661.1532434205346 214.7814270095507 52.838736514602694 7371 7376 2659 2664 32.0 1.4473183442156774 1.3473208537277455 -9.740344266556125 0.3652526344525321 0.0891888450738739 0.5880300499572106 0.0 9.628521152626956 1.4599158 17.94190100931104 4.144500580983399 2.56024411950546 0.2634003867599121 3.1915382432114616 22.347263535478533 6.711658267269525 28.026939123634524
2017 9413.435685771463 2668.9219639215944 214.76316153662955 52.825805206221325 9407 9421 2663 2674 130.0 2.9833403699495578 2.2221959951811128 -20.91050941880254 0.6672114006207878 -0.08958244145230292 0.6630843686468137 0.0 28.316560361056702 3.023958 33.21272795084863 4.22941325492413 1.4 0.43919947675081566 6.432750982580687 30.77173712186265 6.785701646411249 27.679619965820688
2018 6373.226030972517 2664.257905326798 214.79031430936794 52.84511334275346 6372 6374 2664 2665 5.0 0.6941383526288482 0.31329541580604864 42.717616545590396 0.8923498685096622 -0.09075277906817442 0.11153351476253187 0.0 0.06445612743549045 0.7429829 1.8421981105672098 2.3690978844901602 3.607214520263479 0.6127321552891323 1.2615662610100802 1.7271103198186104 3.7367525794872916 30.80669980205955
2019 2903.5277137839635 2667.5240894531044 214.8212420220915 52.86718784349389 2903 2904 2667 2668 4.0 0.5191689951185215 0.4786597945672569 -45.13306665237395 0.38725416993733197 0.25587717044591424 0.339436047057038 0.0 1.2508930961635683 0.5435059 11.896519472536434 2.3267985126046224 3.8640685907510193 0.07058997692654412 1.1283791670955126 14.71350318492783 3.7108259616137245 28.48070978100413
2020 2913.64132748233 2669.2278044707646 214.82113378879436 52.86713274516299 2911 2917 2667 2672 38.0 1.9917197403343196 0.9156608723464341 66.69280287375173 0.8880567768266386 -0.19844510388132108 0.14786888452933292 0.0 0.2037071640101162 1.6959426 21.085323544643973 7.01213957029033 4.304022409131251 -0.23677297056763574 3.477898169151024 17.066494984057307 11.201342549065902 28.319639156408147
2021 9313.319640558115 2669.3998245760254 214.76404866370484 52.826444534095245 9307 9318 2667 2674 73.0 3.122055052928087 1.5865166214257054 -19.92840587882395 0.8612602054979469 -0.10517466734917025 0.36456002758482237 0.0 10.300115935960187 2.3281667 25.259191160710138 7.684257171495212 2.8952602628675725 0.3977961836138889 4.820437914901168 37.15450551092066 12.296807092007018 27.47497128585634
2022 1249.2473693223465 2674.4741431181164 214.83594200777424 52.877738746509316 1246 1252 2671 2680 47.0 1.7232271484362038 1.2248735405153066 56.315814636802244 0.703392011127616 -0.0923474816065069 0.2991150411949586 0.0 3.703712350350392 1.8628414 10.34825514937711 4.866648708796858 2.8514848350538564 0.5090552332369046 3.8678889139475245 13.375479675499365 7.7694975351334445 28.584226585568327
2023 3408.8491061487757 2671.871603788861 214.81668502051048 52.863999441572666 3406 3409 2671 2674 16.0 0.7102573954614535 0.4753559657190264 -86.00120780190214 0.7430167565078181 -0.15223769000416779 0.18945152760680287 0.0 -0.22831017978532092 1.173374 0.8436076701588087 0.9900333667983258 1.4 -0.09158690118887032 2.256758334191025 -0.11866067058960067 1.5922476523130025 nan
2024 2989.237873289785 2676.716712396337 214.82038001558644 52.86669262401473 2988 2994 2672 2680 49.0 2.676459935982005 1.6252242249607063 -89.61932862947587 0.7945268280753615 -0.2234273616565804 0.0997790927106232 0.0 -2.578101646343001 1.9651431 -4.189432741802952 3.6124699410273617 1.4 -0.5527020689559127 3.949327084834294 -2.1095095243616617 5.681439672771954 nan
2025 7502.120525131388 2673.3995149877987 214.78015108829274 52.837984452373625 7500 7505 2672 2676 22.0 1.3958901994183215 0.849541240036191 14.678563542701134 0.7934758287642835 -0.13546054100378782 0.2691927762324159 0.0 2.622694128098842 1.2375095 12.607191415356494 4.329493603773237 3.4044635372226124 0.3529976175621375 2.6462837142006137 8.591266426821027 7.049813268129501 29.06485703173721
2026 8822.665803562793 2674.8628001234333 214.76836386628108 52.829594495894824 8818 8826 2672 2679 50.0 2.3238322418808126 1.2992462801502378 -33.15059844032481 0.8291026453311244 0.037286493342088625 0.6145497172146294 0.0 16.12390020036224 1.863081 28.064294394853363 4.694192034860272 2.310004245572981 0.30623856622589424 3.989422804014327 38.662233373868446 7.5415411672723565 27.431782655002266
2027 8845.242775269076 2673.0953206468603 214.76818125142285 52.82944139275437 8842 8847 2672 2675 17.0 1.5849175456054618 0.7732345907828749 8.76957334505312 0.872915991857996 0.11415336788695021 0.6338719354219025 0.0 4.725960662306745 1.090481 17.402242284005737 3.603344124356129 2.7630463280427353 0.3385678208457556 2.326213245840639 22.46262197077524 5.770859547321984 28.021348879204826
2028 9339.49996670392 2678.212228807088 214.76372260302716 52.82632547385834 9336 9342 2674 2682 49.0 2.2959457784479262 1.252335488737739 -75.77209810633775 0.838140000504356 -0.1491566213531352 0.16973393954504262 0.0 2.0222607932520695 1.8885278 4.73970775213501 6.4131265890315055 3.1666739825943124 0.35266234679805564 3.949327084834294 19.33305737367047 10.227160218374138 28.184248650557436
2029 10069.071486052873 2679.915976294559 214.75720394292244 52.82169427851572 10065 10073 2674 2686 63.0 3.7252747728713036 1.3215831943598249 -58.78742309403499 0.9349569210375159 0.07890408310182744 0.4206996162839574 0.0 12.973061860341366 2.1135798 40.612088986084515 7.456453863769 2.856059189906793 0.20017391538484194 4.478115991081385 48.22020161067704 11.861849240950612 27.1919274453785
2030 917.5073381654296 2680.3329950382736 214.83884370391715 52.879878418124214 914 922 2675 2683 63.0 2.3868507732157056 1.8646430778410146 0.23253175895554168 0.6242623511965298 -0.2604047736712515 0.47413602937989935 0.0 7.872063467626962 2.1907325 10.08260535779812 3.5879154247011704 1.4 0.411614603829008 4.478115991081385 8.652658602447339 5.609365005535425 29.057126078456037
2031 3318.5354457587587 2685.3460847011584 214.81734937375816 52.86464610685992 3309 3328 2675 2693 293.0 4.1140858316518925 3.3477490390633537 -35.36368995190393 0.5812451035267275 -0.12634225127476414 0.975454951097232 0.0 72.04745682250393 4.8434863 92.40571942203655 9.11805909763159 1.9641099642713447 0.4679197452572279 9.657370069115643 103.98337766347953 14.523344999105603 26.357590199012535
2032 7150.048006099128 2676.6819002545258 214.7832558056157 52.840240894943655 7149 7151 2676 2678 5.0 0.6181773174682667 0.5577139801070194 77.27997265407188 0.431336867499719 0.06457196368027734 0.3184949745938707 0.0 0.7982496513317932 0.635618 5.082940658943138 2.5873097928007245 3.5604411324548146 0.35256209231575475 1.2615662610100802 4.275048991138006 4.179190311446242 29.822647259965844
2033 2504.893755566263 2683.0945349576864 214.8246373348381 52.86980536991159 2503 2507 2679 2684 25.0 1.2587807325033888 0.8919371082481908 23.66374237879734 0.7056382590344289 -0.07658595747854051 0.32370623052788056 0.0 1.9862754298141274 1.471565 3.7810355517672005 1.9430154539025641 1.4 0.5957764038441995 2.8209479177387813 1.9986699428336494 3.106993697360184 30.64814729664698
2034 4286.482900412182 2681.1920501559453 214.80875345439094 52.85847099944064 4285 4288 2680 2682 10.0 1.0009921969144617 0.7719519047510751 -1.0565619149851506 0.6366089999011968 0.16059313421914168 0.254937229274026 0.0 2.1142029800885664 0.87283045 20.689490194634907 4.056513904675788 3.687776118240627 0.06339661545106895 1.7841241161527712 21.747285189531084 6.619239623188719 28.056487375600327
2035 6604.082282871202 2682.5440234450775 214.7880628618333 52.843744003129636 6603 6605 2682 2683 6.0 0.8400000683548703 0.4979416620094803 -0.9123709935699228 0.8053588072241539 0.17272131884834263 0.27236205016120024 0.0 1.2627795010066383 0.76760286 9.211701066708269 3.273009025763162 3.606252157834046 0.11090321755185709 1.381976597885342 4.8609533402248974 5.144072418857442 29.683196369130197
