outputs/dr0.5_c0.1/nircam1_f444w_dr0.5_c0.1.ecsv
# %ECSV 1.0
# ---
# datatype:
# - {name: label, datatype: int64}
# - {name: xcentroid, datatype: float64}
# - {name: ycentroid, datatype: float64}
# - {name: sky_centroid.ra, unit: deg, datatype: float64}
# - {name: sky_centroid.dec, unit: deg, datatype: float64}
# - {name: bbox_xmin, datatype: int64}
# - {name: bbox_xmax, datatype: int64}
# - {name: bbox_ymin, datatype: int64}
# - {name: bbox_ymax, datatype: int64}
# - {name: area, unit: pix2, datatype: float64}
# - {name: semimajor_sigma, unit: pix, datatype: float64}
# - {name: semiminor_sigma, unit: pix, datatype: float64}
# - {name: orientation, unit: deg, datatype: float64}
# - {name: eccentricity, datatype: float64}
# - {name: min_value, datatype: float64}
# - {name: max_value, datatype: float64}
# - {name: local_background, datatype: float64}
# - {name: segment_flux, datatype: float64}
# - {name: segment_fluxerr, datatype: float32}
# - {name: kron_flux, datatype: float64}
# - {name: kron_fluxerr, datatype: float64}
# - {name: kron_radius, unit: pix, datatype: float64}
# - {name: gini, datatype: float64}
# - {name: equivalent_radius, unit: pix, datatype: float64}
# - {name: kron4_2_flux, datatype: float64}
# - {name: kron4_2_fluxerr, datatype: float64}
# - {name: radius_kron20, unit: pix, datatype: float64}
# - {name: radius_kron50, unit: pix, datatype: float64}
# - {name: radius_kron80, unit: pix, datatype: float64}
# - {name: near_border, datatype: bool}
# meta:
#   PHOTMJSR: 0.3925000131130219
#   PIXAR_SR: 2.11539874851881e-14
#   __serialized_columns__:
#     area:
#       __class__: astropy.units.quantity.Quantity
#       unit: !astropy.units.Unit {unit: pix2}
#       value: !astropy.table.SerializedColumn {name: area}
#     eccentricity:
#       __class__: astropy.units.quantity.Quantity
#       unit: !astropy.units.Unit {unit: ''}
#       value: !astropy.table.SerializedColumn {name: eccentricity}
#     equivalent_radius:
#       __class__: astropy.units.quantity.Quantity
#       unit: !astropy.units.Unit {unit: pix}
#       value: !astropy.table.SerializedColumn {name: equivalent_radius}
#     kron_radius:
#       __class__: astropy.units.quantity.Quantity
#       unit: &id001 !astropy.units.Unit {unit: pix}
#       value: !astropy.table.SerializedColumn {name: kron_radius}
#     orientation:
#       __class__: astropy.units.quantity.Quantity
#       unit: &id002 !astropy.units.Unit {unit: deg}
#       value: !astropy.table.SerializedColumn {name: orientation}
#     radius_kron20:
#       __class__: astropy.units.quantity.Quantity
#       unit: *id001
#       value: !astropy.table.SerializedColumn {name: radius_kron20}
#     radius_kron50:
#       __class__: astropy.units.quantity.Quantity
#       unit: *id001
#       value: !astropy.table.SerializedColumn {name: radius_kron50}
#     radius_kron80:
#       __class__: astropy.units.quantity.Quantity
#       unit: *id001
#       value: !astropy.table.SerializedColumn {name: radius_kron80}
#     semimajor_sigma:
#       __class__: astropy.units.quantity.Quantity
#       unit: !astropy.units.Unit {unit: pix}
#       value: !astropy.table.SerializedColumn {name: semimajor_sigma}
#     semiminor_sigma:
#       __class__: astropy.units.quantity.Quantity
#       unit: !astropy.units.Unit {unit: pix}
#       value: !astropy.table.SerializedColumn {name: semiminor_sigma}
#     sky_centroid:
#       __class__: astropy.coordinates.sky_coordinate.SkyCoord
#       dec: !astropy.table.SerializedColumn
#         __class__: astropy.coordinates.angles.Latitude
#         unit: *id002
#         value: !astropy.table.SerializedColumn {name: sky_centroid.dec}
#       frame: icrs
#       ra: !astropy.table.SerializedColumn
#         __class__: astropy.coordinates.angles.Longitude
#         unit: *id002
#         value: !astropy.table.SerializedColumn {name: sky_centroid.ra}
#         wrap_angle: !astropy.coordinates.Angle
#           unit: *id002
#           value: 360.0
#       representation_type: spherical
#   astropy version: '5.1'
#   make_catalog parameters:
#     ab_zpt: 31.4
#     coadd_bands: !!python/tuple [f277w, f356w]
#     deblend_contrast: 0.001
#     deblend_nlevels: 32
#     deblend_npixels: 1
#     detect_kernel_fwhm: 4.0
#     detect_kernel_npix: 7
#     detect_npixels: 4
#     detect_threshold_nsigma: 3.0
#     flag_isolated_buffer: 4
#     hst_bands: !!python/tuple [f606w, f814w, f125w, f140w, f160w]
#     jwst_bands: !!python/tuple [f115w, f150w, f200w, f277w, f356w, f410m, f444w]
#     near_border_kernelsize: 21
#     reference_band: f200w
#   make_catalog version: 1.4.0
#   photutils version: 1.5.0
# schema: astropy-2.0
label xcentroid ycentroid sky_centroid.ra sky_centroid.dec bbox_xmin bbox_xmax bbox_ymin bbox_ymax area semimajor_sigma semiminor_sigma orientation eccentricity min_value max_value local_background segment_flux segment_fluxerr kron_flux kron_fluxerr kron_radius gini equivalent_radius kron4_2_flux kron4_2_fluxerr radius_kron20 radius_kron50 radius_kron80 near_border
[from data line 2567]
2568 9219.991038017171 3107.2249263634717 214.94077777207053 52.95655495829001 9218 9223 3105 3110 32.0 1.5268585235877772 1.4279790091463254 56.468226630449 0.35401459583476236 -0.038788854565410674 0.364355817956157 0.0 3.550842020117425 1.0947301 12.49440458759097 4.074031350072933 3.2300210101616016 0.4071331897409042 3.1915382432114616 17.412848053454027 6.516695196923398 2.4918668593477307 4.701221727917489 6.973981019540646 False
2569 9338.512518861211 3106.70098236372 214.9397208796767 52.95579988855534 9338 9339 3106 3108 5.0 0.621124680513314 0.47508459072270515 -67.15125728315004 0.6441751906845699 0.5238786127623062 2.0808893969227364 0.0 6.890788182928343 0.65534806 7.837541166205807 0.9698822827661046 1.4 0.2671769574534585 1.2615662610100802 7.673528211776843 1.461521351789702 0.5360091056449273 0.8650990032095325 1.1957430974998906 False
2570 9394.716923658087 3124.0235210799287 214.93903458064867 52.9555367045711 9376 9413 3106 3142 949.0 5.2999318847572745 4.132501306134342 -49.78753615592757 0.6261193319410884 -0.10668239271013859 23.57838774209522 0.0 2039.1726270379763 6.9011397 2021.349526338869 6.561064552367815 1.4 0.7178427110937124 17.38033607236688 2114.5501119767882 10.18926532343641 2.5035688668775893 4.710565798928186 8.368150556961178 False
2571 3387.630254349323 3119.9167915489647 214.99297018290378 52.99362898512282 3369 3406 3110 3130 616.0 6.90634205410091 3.699288278977851 7.242329781648335 0.8444487160112751 -0.09296299626143113 5.7066996217817625 0.0 735.7054455928485 4.1575937 846.1871542122115 6.563634588789071 1.7691761396380887 0.4958282368085181 14.002817212590296 937.193367095008 10.499205287347296 3.54099805118209 7.028014914256565 12.504652733232207 False
2572 8582.948049768433 3120.518100177829 214.94634872588566 52.96066981523944 8573 8594 3110 3131 346.0 5.311654314841402 2.9841427709350237 -40.99757538695651 0.8272660066484842 -0.2233219758438728 3.93109748976357 0.0 344.2557615512062 3.8336504 404.85459535427015 6.092122963294533 1.6773003232321289 0.43896478963114394 10.49453289192004 434.5356213792651 9.602307290654844 2.9031265240252253 5.632948881234467 10.018999144009113 False
2573 8160.856278618446 3115.073027531676 214.95019067882404 52.963319112494084 8159 8163 3113 3117 21.0 1.3351211234852114 0.9068493420959779 59.046751416871196 0.7339289289329298 -0.009489558061072993 0.35457222186209714 0.0 4.016392541007694 0.84246206 22.70136786263771 3.274780743019342 3.3348168312885536 0.3719998344741679 2.5854414729132054 27.31613970782682 5.283871275507658 2.7542987150000506 4.853089591720913 7.490066799230372 False
2574 6325.929277267328 3119.288369545062 214.9666041308716 52.9749854007915 6321 6331 3114 3125 106.0 2.629333664962693 2.3215780118825275 76.64953571509808 0.46946141875424363 0.02474198451270076 1.0757799964919774 0.0 44.15413244341293 1.6900746 59.62411234482598 3.7302997562162 2.056328038819252 0.30119301403690785 5.808687281605183 59.5954525646159 6.043618569037743 2.1797433509315263 4.030558898197076 6.5689808833093135 False
2575 6744.58504556893 3117.619539011787 214.96286592024154 52.97232000896853 6742 6746 3115 3119 22.0 1.346845957069157 1.16740356350517 34.99674755754166 0.49871081666495476 0.1020661682500037 0.7570460367962023 0.0 7.112970569010309 0.7913558 31.438907994024923 2.9611567844890594 3.029107007316984 0.3238689097215433 2.6462837142006137 51.674034321810225 4.672720787791801 2.3098498392821116 4.329674931717409 7.6604985820266185 False
2576 9256.56426974618 3115.4873288905324 214.94036288076978 52.95636745150917 9256 9257 3115 3116 4.0 0.5071547931646336 0.4883675444588891 -51.12759811740078 0.2696600200725685 0.08951235612716811 0.12468068227057438 0.0 0.4177981447406148 0.4570169 0.6778516568756545 1.3641535228397048 2.8656697393847925 0.09896343109157539 1.1283791670955126 3.132886938946257 2.151874031986198 0.6373041375320092 1.0147083687118637 1.770082430572687 False
2577 7374.5762313277755 3122.754965583586 214.95716097683075 52.968350221537825 7364 7386 3116 3131 258.0 4.8892707392834955 2.821445530634183 -22.20185476773233 0.8166955467378785 -0.054039311991176696 1.6352673765334316 0.0 145.55224167294853 2.8081343 171.76429758266966 5.122482268547958 1.7452397326196636 0.3553102990703391 9.062226582657155 190.2016143251072 8.526060095396556 3.0297015147476656 5.578385622106625 8.753777064385961 False
2578 4429.22639272284 3119.3848896547397 214.98362435630162 52.98701903297314 4428 4430 3118 3121 9.0 0.9164712674002823 0.5788747515272428 78.80546903349828 0.7752664204938202 0.03703752042031436 0.3621494264994068 0.0 2.0207963610420987 0.5656327 16.856961478511536 2.059689892664392 3.7059242082376227 0.34540346157781404 1.692568750643269 34.99557114513478 3.233457582444439 2.476184405615875 4.051057637597688 5.3962990650717995 False
2579 8202.393952221273 3125.6791598638924 214.94970647368768 52.96311279184915 8195 8209 3119 3132 156.0 3.451024018256325 2.4317427429955707 -39.45050349447662 0.7095611944198893 0.02941227973030152 1.3787291718278614 0.0 88.65648267513654 2.4218607 124.33352652627886 4.809742974264275 1.9721208062364954 0.35233824992161983 7.046725639945928 113.78019870400513 7.657528618832053 2.6006999898423127 4.857471881624332 8.838234120176326 False
2580 1761.3314927320423 3122.1261429809524 215.007553483697 53.00395542530347 1759 1763 3121 3124 15.0 1.3776617307290975 0.728235535403011 -29.013324728575068 0.8488694363440101 -0.010531665656975883 0.17105595334796572 0.0 1.3655189986912262 0.6072481 18.18769339046779 2.8322971113626236 3.9812668299094893 0.31977988285164455 2.1850968611841584 29.017430036759976 4.610381229515473 3.6077622439617802 6.855018253425919 9.073406123672092 False
2581 1983.4497816311346 3123.1756404088833 215.0055470605147 53.0025524610805 1981 1986 3121 3126 28.0 1.5151140398750464 1.3237111354457427 -65.29490492870947 0.486517272338527 0.12418270796078762 0.38450225951098277 0.0 7.141356238732681 0.90283304 34.977269515108304 3.3094670708700153 3.207325055916432 0.1630504053505316 2.985410660720923 54.491505421070215 5.164436129633472 2.9358689570009493 5.652126665949959 8.761276709470907 False
2582 906.3263833590062 3127.6115703555233 215.01517767993454 53.0094070700699 901 912 3123 3132 95.0 2.6474424918214057 2.2517500022410983 -15.323795242004223 0.5259138647978567 0.14495588123166292 0.8606596410223162 0.0 39.72072556384685 1.5781766 62.91216824765508 3.297852833198068 1.939785419672892 0.23592705666672742 5.499039842323396 61.49973854658667 5.1996771836402065 2.421523227365619 4.526493248787229 7.259378774604573 False
2583 4445.00206649964 3135.606044008629 214.98331181145613 52.9870066158414 4430 4462 3124 3147 502.0 7.039481435910347 3.226823249341345 26.479946824288092 0.8887514911241425 -0.093564241864795 3.350479983094089 0.0 393.9895628658055 3.6262114 556.8385545223738 7.8760570905787635 2.2709103310370042 0.4541096206742273 12.640868754332628 783.7136970599322 13.139402373666664 4.12652346786969 8.369640869472065 17.772903504983947 False
2584 9074.42575458108 3131.9106050406285 214.94182257176723 52.95761213748896 9068 9080 3126 3140 141.0 3.448868094221308 2.3395529912322055 -66.65648102173992 0.7347353522964367 -0.24697241085721888 0.6887384584019435 0.0 39.232425923839656 2.4515076 98.381121186405 7.00816951132631 2.8726389870517446 0.3493358408361139 6.699380116989518 155.64743660204857 11.200504031250064 3.660339241322824 8.79478899438446 16.382739866359184 False
2585 979.1990839767541 3129.807407303917 215.0144997198949 53.00895684146646 977 981 3127 3132 24.0 1.3518006744921245 1.2115545363829963 14.548827568624917 0.4435444941678692 0.04347041294249069 0.25167432362790987 0.0 3.1553128010975877 0.7394358 20.520122868048553 3.1777090786630597 3.5014074523286194 0.238495330726919 2.763953195770684 28.752291507461116 5.081777812595927 3.280270009976939 5.885996567589729 8.901495392004087 False
2586 8026.797837848895 3127.4177316827913 214.95126271394966 52.964236531282815 8026 8028 3127 3128 5.0 0.7755641826321573 0.4484646148675744 -18.92394708421021 0.8158645418356181 0.3405211591821381 0.37859136599247595 0.0 1.7989412861345506 0.54674256 23.308209634883962 2.3348344900693556 3.870713496981786 0.02783690698239674 1.2615662610100802 39.41534018458978 3.435562919682433 2.0252971964693054 3.3978586028664868 4.895734696969551 False
2587 6059.329348592902 3132.1296175653533 214.96886075224663 52.97674629507532 6055 6064 3128 3137 62.0 2.4947629653903785 1.605796943971517 36.19492070813979 0.7653055679510282 -0.010981931445293329 0.7436043130466617 0.0 21.227608948326274 2.2370257 62.90553989701998 6.5683389794563185 2.8452440893938475 0.3122256700896092 4.442433223290478 78.86172795633689 10.21371619094925 3.065081768758094 6.235054722172095 10.832319357770363 True
2588 8785.608210009588 3133.779733401432 214.94439206669372 52.95945525613075 8779 8793 3129 3139 130.0 3.1392153373266685 2.3451963702267222 17.585668605648316 0.6647515451102899 0.05102142087999405 1.2256510158515972 0.0 72.26771855784628 2.213549 108.209411233064 4.56863249321712 1.9133994316832883 0.3254307463529485 6.432750982580687 107.36664535325693 7.42997145519299 2.5207651686740724 4.752980747571672 8.288319622331805 False
2589 4264.940816963787 3130.9897817715487 214.98497683066032 52.98812389543863 4264 4266 3130 3132 7.0 0.9656002673304497 0.5379310479719851 -45.52784119158149 0.8304487937271753 0.11402733891200491 0.217143608183042 0.0 1.194166335519679 0.4970775 14.960172726159804 2.0379180368468646 3.8081299238775346 0.13084133794282607 1.4927053303604616 22.764920635329744 3.240841430639004 2.213901170754804 3.4907176880608843 4.4541928559535435 False
2590 8093.686393729374 3136.1632034372133 214.95057077596476 52.9638592868814 8087 8101 3132 3141 116.0 3.176570904199384 2.0745317921260793 -26.55305238719721 0.7572952039385519 0.06288936563727132 1.2413156473322036 0.0 59.985343402448045 2.2321124 87.84213032927923 4.736458325234772 2.1071688093234413 0.3272507407404203 6.076507779746499 94.3678479150842 7.559566036914968 2.4087036251264884 4.453167012799746 7.903399168654919 False
2591 1982.3131379376046 3136.0520642819665 215.0054215702572 53.00262927728299 1981 1984 3134 3138 13.0 1.0918641484010339 0.9077122808376358 -70.41866534902378 0.5557615051726075 0.0569742040729549 0.29455467523864104 0.0 2.699396468664171 0.55183196 28.079387097348828 2.6547600331011436 3.7274986261544223 0.1630846615416289 2.0342144725641096 44.73642781014796 4.270115499124707 3.12921288879003 5.432932157097433 7.550217722603166 False
2592 1728.3606251801655 3140.3187253796013 215.00765795489392 53.00426286780724 1725 1732 3135 3146 76.0 2.924423070410769 1.8347081768405529 -80.15599619127677 0.7787177658965063 0.08950607626603414 0.6552315324854979 0.0 28.43842175401676 1.3833433 65.00169376527334 4.15325671195492 2.571477671110649 0.17307890686821248 4.918490759365935 85.87005760718502 6.582491554526999 3.069109689656956 5.557215647988231 10.212293601986186 False
2593 3222.251562372816 3136.081012482699 214.99428487078558 52.99476531626999 3221 3223 3135 3137 7.0 0.7467745113564185 0.7076965178322717 87.80109846730696 0.3192487309342317 0.19081630918351639 0.2906837223034156 0.0 1.70849020050764 0.4516403 13.214248826346719 1.8823967488628481 3.5345759670964494 0.08699054377907299 1.4927053303604616 15.236570498070447 3.0391017030176886 1.8885742505504337 3.2453352148224526 4.755381617507256 False
2594 2897.1256311324773 3143.064546585054 214.997130973917 52.99686522539446 2892 2902 3136 3151 139.0 3.3818838455627316 2.5494109396788622 79.57531493861184 0.6570540871050038 -0.0706663698338957 0.8312122493472168 0.0 47.08989350997536 1.8608156 68.73370219989451 3.8670550532579253 1.8449281945279283 0.25554390953646666 6.651697090182843 64.9253350099439 6.33556679550678 2.7005058417508203 5.080078554607994 8.1255321860433 False
2595 1866.0598517584003 3141.8868214055424 215.00640440470048 53.00339808405407 1861 1872 3137 3146 95.0 2.968067732491853 2.0822949848022017 19.64655558851442 0.7126046218953629 0.04814910569488016 0.7976009707294686 0.0 35.55762042573144 1.7304906 55.66616545987792 3.7529695168475112 2.1183189148460504 0.2396073701514568 5.499039842323396 59.84538029377245 5.899769752775987 2.5250839019465725 4.505851774052888 7.2007470965099785 False
2596 7156.510403905564 3144.2389900057005 214.9588904771418 52.9698500121595 7146 7166 3137 3152 244.0 4.663549955031897 3.225312915560815 6.716327760633803 0.7222803583177756 -0.07010086582168186 1.0607880731066544 0.0 83.32508270142608 3.0365996 205.02319339589718 8.963773609656492 2.9120152333601936 0.3293322679454166 8.812923024107548 325.04815415486524 14.366846424148997 5.042797253195462 11.396474252989897 20.233051436080984 False
2597 1520.2045086296937 3143.3617699817023 215.00949595471445 53.005599378571404 1518 1522 3138 3151 54.0 3.1361905091527067 1.2846606095214885 -86.90384949641472 0.9122542037988441 0.0822248601757941 0.6002231635598864 0.0 18.64330598193046 1.2278315 51.55673874622018 3.8152436276928947 2.6540649080749006 0.21034780279044032 4.145929793656026 81.05179652406792 5.948763461061735 2.815114576817201 5.3796496621188075 8.019143202497562 False
2598 9270.851153198937 3151.1793425406386 214.93985877608273 52.956469513649516 9263 9278 3138 3162 285.0 5.452249727399222 2.8237054633846523 -71.92536020837676 0.855442795885593 -0.024933855803462628 1.497359209799836 0.0 119.60089912931889 3.2784996 177.0086712339354 7.098484718753943 2.1162297446662057 0.38312342226038043 9.52461639974967 162.7434515602194 11.540443517225498 3.402237470065443 7.319713524693064 13.496009761437303 False
2599 6540.086171396646 3145.544440011783 214.96440619986765 52.97376842829866 6535 6545 3141 3151 89.0 2.580719862091629 2.1866320964137236 66.93628014607593 0.5311219129122748 0.07111141206223702 0.5664246277958146 0.0 25.25029552800482 1.6053575 119.69407009953242 5.855328196213848 3.2619142434191764 0.2482010538035237 5.322553886092406 187.82557620965775 9.452285557265823 5.113939064798432 11.448642980679024 16.727075504718556 False
2600 8130.177664005353 3144.5641933181687 214.95015504717102 52.96367308302019 8127 8133 3141 3148 44.0 1.7649664925868072 1.665918626148881 -31.93175369458574 0.33028525494041067 0.07015870160746408 0.7248116322286601 0.0 17.796478283955235 1.64596 23.97199529954944 3.0099347633736677 1.6660489464401145 0.22679507273050523 3.742410318509555 23.812512228669192 4.497882926150684 1.6446121189982434 2.7942063499208625 4.1012893890042506 False
2601 8072.286227930443 3148.5774266153294 214.95063187305027 52.964062143268976 8068 8077 3144 3153 78.0 2.347337082179605 2.018344469879259 -43.73963346779725 0.5105563006194624 -0.02895333405529953 1.1057118893992126 0.0 42.723306465093714 1.8215963 74.91669673907266 4.5218800891617335 2.4383334307649682 0.2685906357921716 4.982787485166879 119.15600873087654 7.259165625537383 2.3758211350895557 4.346033759022029 8.969961348615568 False
2602 8892.714697588144 3149.305141165443 214.94326828144474 52.95885933763129 8888 8897 3147 3151 33.0 2.6787221314215586 1.0296685818249367 -11.239062767369914 0.9231716432566722 0.12979364947658992 0.46338678512397824 0.0 9.720163886785118 1.2589468 36.148877693536214 4.2033651781091015 2.833259425743884 0.15718378064669133 3.2410224072142872 38.78731342139358 6.6230519878711425 2.8336329019010207 4.881875162335421 8.238005478480527 False
2603 8573.907188728463 3153.799398647354 214.94607913370308 52.96090693147027 8569 8578 3150 3157 65.0 2.416000243515988 1.9068133705424726 -19.340741963863433 0.6140798980811255 -0.05343968805986466 0.5069615826290064 0.0 12.874037246770811 1.5700611 30.58781656675982 5.870922784954773 3.1050881498810514 0.3006406961897002 4.54864184146723 44.80722302035782 9.36661532509475 2.8254917782804827 5.236444231031167 8.339110421415613 False
