outputs/dr0.5_c0.1/nircam3_detect_f277w_f356w__dr0.5_c0.1.ecsv
# %ECSV 1.0
# ---
# datatype:
# - {name: label, datatype: int64}
# - {name: xcentroid, datatype: float64}
# - {name: ycentroid, datatype: float64}
# - {name: sky_centroid.ra, unit: deg, datatype: float64}
# - {name: sky_centroid.dec, unit: deg, datatype: float64}
# - {name: bbox_xmin, datatype: int64}
# - {name: bbox_xmax, datatype: int64}
# - {name: bbox_ymin, datatype: int64}
# - {name: bbox_ymax, datatype: int64}
# - {name: area, unit: pix2, datatype: float64}
# - {name: semimajor_sigma, unit: pix, datatype: float64}
# - {name: semiminor_sigma, unit: pix, datatype: float64}
# - {name: orientation, unit: deg, datatype: float64}
# - {name: eccentricity, datatype: float64}
# - {name: min_value, datatype: float64}
# - {name: max_value, datatype: float64}
# - {name: local_background, datatype: float64}
# - {name: segment_flux, datatype: float64}
# - {name: segment_fluxerr, datatype: float32}
# - {name: kron_flux, datatype: float64}
# - {name: kron_fluxerr, datatype: float64}
# - {name: near_border, datatype: bool}
# - {name: detmap, datatype: int32}
# meta:
#   __serialized_columns__:
#     area:
#       __class__: astropy.units.quantity.Quantity
#       unit: !astropy.units.Unit {unit: pix2}
#       value: !astropy.table.SerializedColumn {name: area}
#     eccentricity:
#       __class__: astropy.units.quantity.Quantity
#       unit: !astropy.units.Unit {unit: ''}
#       value: !astropy.table.SerializedColumn {name: eccentricity}
#     orientation:
#       __class__: astropy.units.quantity.Quantity
#       unit: &id001 !astropy.units.Unit {unit: deg}
#       value: !astropy.table.SerializedColumn {name: orientation}
#     semimajor_sigma:
#       __class__: astropy.units.quantity.Quantity
#       unit: !astropy.units.Unit {unit: pix}
#       value: !astropy.table.SerializedColumn {name: semimajor_sigma}
#     semiminor_sigma:
#       __class__: astropy.units.quantity.Quantity
#       unit: !astropy.units.Unit {unit: pix}
#       value: !astropy.table.SerializedColumn {name: semiminor_sigma}
#     sky_centroid:
#       __class__: astropy.coordinates.sky_coordinate.SkyCoord
#       dec: !astropy.table.SerializedColumn
#         __class__: astropy.coordinates.angles.Latitude
#         unit: *id001
#         value: !astropy.table.SerializedColumn {name: sky_centroid.dec}
#       frame: icrs
#       ra: !astropy.table.SerializedColumn
#         __class__: astropy.coordinates.angles.Longitude
#         unit: *id001
#         value: !astropy.table.SerializedColumn {name: sky_centroid.ra}
#         wrap_angle: !astropy.coordinates.Angle
#           unit: *id001
#           value: 360.0
#       representation_type: spherical
#   astropy version: '5.1'
#   make_catalog parameters:
#     ab_zpt: 31.4
#     coadd_bands: !!python/tuple [f277w, f356w]
#     deblend_contrast: 0.001
#     deblend_nlevels: 32
#     deblend_npixels: 1
#     detect_kernel_fwhm: 4.0
#     detect_kernel_npix: 7
#     detect_npixels: 4
#     detect_threshold_nsigma: 3.0
#     flag_isolated_buffer: 4
#     hst_bands: !!python/tuple [f606w, f814w, f125w, f140w, f160w]
#     jwst_bands: !!python/tuple [f115w, f150w, f200w, f277w, f356w, f410m, f444w]
#     near_border_kernelsize: 21
#     reference_band: f200w
#   make_catalog version: 1.4.0
#   photutils version: 1.5.0
# schema: astropy-2.0
label xcentroid ycentroid sky_centroid.ra sky_centroid.dec bbox_xmin bbox_xmax bbox_ymin bbox_ymax area semimajor_sigma semiminor_sigma orientation eccentricity min_value max_value local_background segment_flux segment_fluxerr kron_flux kron_fluxerr near_border detmap
[from data line 979]
980 1444.900687861978 1437.4911915371463 214.8472171158483 52.869826461056654 1442 1448 1435 1440 27.0 1.7847224422666634 1.1473941416420788 -46.164204893191936 0.7659519643058789 0.21867271595294221 0.30620852118456265 0.0 7.112167490495586 0.39205196 30.723362848890574 1.4569289575344837 False 528
981 4344.242552730054 1445.8147062916703 214.82124227243443 52.85144637655249 4336 4353 1435 1457 334.0 4.280643322598052 3.4120129195924855 -80.13245279582614 0.6038744200935477 0.19750735889437687 4.068368332047806 0.0 340.3987031826738 1.3922747 386.71093878817464 2.087929877256659 False 576
982 596.4854861188046 1445.614794779287 214.85471096963605 52.875260770459526 587 605 1436 1456 314.0 4.1615416678892005 3.842011480052155 72.85295222631804 0.3842758718404983 0.21339804895592232 2.0761823716480583 0.0 213.50041970366453 1.3094414 277.7247972835633 2.502118199571112 False 528
983 7562.177298354781 1438.2051501138978 214.79261623163572 52.830949209257135 7561 7563 1436 1440 12.0 1.2012253777686308 0.791168872960488 -88.81751261319712 0.7524627300950739 0.23740276129558205 0.27527164165820767 0.0 3.102387872694897 0.271317 25.397293707252665 1.2270230706277094 False 264
984 3692.113795640827 1453.445356497861 214.8269826767608 52.85563219645089 3678 3704 1437 1470 667.0 6.116798826375115 4.331826752173366 -87.94378534665029 0.7060266574314359 0.21741699745654372 6.103032164868535 0.0 761.8307317580624 2.2084978 869.9302090205476 3.285747483789665 False 576
985 6574.124873655021 1439.128626279823 214.80141772496327 52.8372358919701 6573 6575 1438 1440 8.0 0.8601643035123385 0.6785884327090589 -44.566860582171536 0.6145144101269636 0.22762576532995601 0.25016582695738704 0.0 1.8835790816433813 0.2076075 19.598550206475824 0.911648667124298 False 264
986 2900.6202795615905 1445.3481922820465 214.83413404420799 52.86061860983178 2895 2907 1440 1451 127.0 3.0981715899796654 2.384600035256665 -36.171325520344524 0.6384301312933134 0.20598645171104296 1.1236114474302556 0.0 64.72061458592093 0.8594498 94.01677268574343 1.856630707295993 False 576
987 3836.093963792863 1445.0035343301038 214.8257863067101 52.85467163397594 3833 3840 1441 1449 57.0 2.146741281877019 1.7320305511102603 -70.61956909645896 0.5907993995205745 0.22793803885826286 0.6842893756759221 0.0 23.380670012868364 0.5757789 42.99329822723911 1.4554925121655549 False 576
988 2503.123439746396 1459.42889186894 214.83753514703506 52.86322051175298 2497 2509 1447 1469 230.0 4.639871657781541 2.6349019072325945 -82.25655865546103 0.8231096333485882 0.2091364743392719 2.1612037249445617 0.0 164.48725108640514 1.1475124 193.64452464570726 1.8358918627166587 False 576
989 2459.9277940353254 1451.6515154769409 214.83800273559646 52.8634530750258 2456 2464 1448 1455 63.0 2.2023512741387887 1.9379835397548255 -7.584465286684032 0.4750456721042848 0.21381452245687124 0.5383920152621894 0.0 22.50263290734705 0.5768139 43.11434624920287 1.534768052874034 False 576
990 2313.9965206441498 1454.065074118857 214.83928049430907 52.86439341339577 2307 2320 1449 1459 128.0 2.9095595680113018 2.3537030011269606 18.61739579279879 0.5878704568879434 0.20705455182414106 1.6267098720750848 0.0 80.3240875228788 0.84680635 103.9798737192551 1.5343372358399165 False 512
991 7617.068834122509 1465.1831424291126 214.79184289261812 52.83074553841986 7594 7637 1449 1481 902.0 9.131910030686111 4.033481684945832 -26.817985608664127 0.8971672847285391 0.22718719329131112 7.269573662935793 0.0 1285.8246875161265 2.6714783 1398.5844369826905 3.661649892419196 False 264
992 1886.1735342167908 1457.3939747187517 214.8430662256323 52.867129898916716 1877 1895 1450 1464 213.0 3.588971652879235 2.8223614470780554 -21.590799876773872 0.6177196842907123 0.2029112678631614 2.6087706014859444 0.0 163.81641920207664 1.1707305 231.4274719025411 2.3157435870639818 False 528
993 3370.6500202262896 1459.2813087815464 214.8297909545585 52.85770665654419 3368 3373 1456 1463 32.0 1.9829128774410765 1.2323072285108065 77.46367802926228 0.7834434168085771 0.22107546818834503 0.2969679736213549 0.0 8.20469673520184 0.4270317 53.837875081793214 1.7563389215947331 False 576
994 505.93625213614763 1460.4266562365378 214.85536408839806 52.875915931815356 500 513 1457 1464 76.0 3.2717771811245937 1.7113501327296377 13.132560538842473 0.8522931683330662 0.20946712361075207 0.4353545503562705 0.0 22.45763235976273 0.6422666 62.163103003946375 2.0396550262563435 False 528
995 6897.266147327173 1463.4134442204124 214.7982801789365 52.83531237526019 6895 6899 1460 1466 26.0 1.7169180050839148 1.1470828712625496 77.29647122902075 0.7440662905423243 0.21913229085822578 0.3071745287811013 0.0 6.975184216760121 0.3852403 27.025734981580037 1.3921632591550614 False 264
996 407.2357883905296 1481.1659834994996 214.85602766232566 52.8766548410309 396 421 1463 1497 569.0 7.597539126991178 3.70611277519202 -56.947608628492354 0.8729529759245642 0.20336748458804577 3.4227193657511954 0.0 416.29633855245186 1.8172455 548.1801405305813 3.4607396595823325 False 528
997 3793.874028206842 1471.9754705184146 214.82587928665168 52.85508534138307 3787 3801 1464 1480 192.0 3.4585899493101815 2.8696230596780987 -78.24993574775222 0.5581962438106105 0.2154772014143297 2.0819950927033646 0.0 146.44130507299622 1.1580459 191.45325409872265 2.1476923914583477 False 576
998 7589.995777387643 1465.3828097208238 214.79208218419842 52.830918745734735 7588 7592 1464 1467 14.0 1.3305850596255289 0.8074635479426573 -29.2377194150989 0.7948175247786173 0.24278376397177118 0.2979625708072489 0.0 3.773083354794427 0.30170438 29.853793352100325 1.2604959256544777 False 264
999 1899.3018230398777 1474.1834278304152 214.84277224642906 52.867136999132775 1890 1908 1465 1482 260.0 2.955259860550241 2.782372843025734 15.363685854160305 0.3370170616109784 0.2122917737471757 13.120728601585371 0.0 579.0084338191814 1.4238347 599.1354225758355 1.6685072934780365 False 528
1000 6675.1830801037 1467.5793951531941 214.80021698045007 52.83674671278036 6673 6677 1466 1469 17.0 1.2353213387793882 0.9998462574939617 16.08068713533077 0.5872832043629742 0.2228568349458525 0.3376246104672513 0.0 4.872306157760802 0.3190352 18.210567616455123 1.1368079804001427 False 264
1001 2100.8770202622436 1469.6028932092152 214.84102019655484 52.865831434609206 2099 2103 1467 1472 27.0 1.5275942673371192 1.258746037729916 -79.4481993655477 0.566581838283548 0.20765020822991273 0.3638058852120393 0.0 7.540537161369243 0.36306542 18.1166019138333 1.1159085813770204 False 528
1002 3826.5869678737486 1474.7924903326489 214.82555763285006 52.854892617515276 3818 3835 1468 1481 206.0 3.8877985057618902 2.975357289360278 -0.9489848546437585 0.6436660866108298 0.2137944059776862 1.4347744392727106 0.0 126.61886666340388 1.0882 172.96591915593655 2.2824257621260613 False 576
1003 2843.827187450702 1473.133697930835 214.83434867326056 52.861129306920006 2841 2846 1470 1477 35.0 2.0321298817625024 1.3304573060213862 62.92875206498501 0.7558794986067742 0.20292602306122207 0.3040880525547493 0.0 8.72925491020888 0.4157566 26.888449659521484 1.395614878947934 False 576
1004 2384.3191862860904 1473.910357635195 214.8384436188387 52.864053534803084 2382 2386 1472 1476 20.0 1.3252406896989128 1.1323829726279475 -71.63296640938572 0.5194950800317959 0.20532290529311523 0.28250153955997465 0.0 4.91817261099151 0.30969366 26.378971588983212 1.228947338492396 False 512
1005 7057.593305720642 1474.7375691912189 214.7967312106967 52.83435408310723 7054 7062 1472 1477 37.0 2.137517688925418 1.267212033986338 10.10059049515095 0.8053181855432552 0.22797250983671585 0.39414058146590564 0.0 11.466704115938176 0.49771175 33.12342439806996 1.5681913648382972 False 264
1006 8046.328078307415 1474.3530668191445 214.78791922450338 52.82806561862853 8045 8048 1473 1476 13.0 1.0554751453314228 0.8953702733371679 45.30008510968044 0.5294996678756383 0.26324938838369694 0.36792606187408317 0.0 4.044088664332366 0.30684367 13.511893361096199 1.0584109656455818 False 264
1007 8549.998492501358 1474.0046845642967 214.78343290503764 52.8248611459407 8549 8551 1473 1475 9.0 0.8110454559716433 0.8055483481053083 58.72543639679127 0.11623111099236631 0.23925486211480643 0.2741624676278061 0.0 2.2817998266062913 0.23216884 14.425821394877651 0.9452758249859662 False 258
1008 10161.824978775707 1473.672347044168 214.76907217334073 52.81460939573772 10160 10163 1473 1474 6.0 1.0897146764038832 0.4127482913105303 -12.80149201746401 0.9254919386934226 0.24058928397545823 0.25089644059180555 0.0 1.4812921064391316 0.196404 26.821290668129222 0.9407950946193264 False 258
1009 3094.664089343001 1477.4019972485614 214.83206416232397 52.859558259426066 3091 3098 1474 1481 52.0 1.9611973358238113 1.9291256908773347 -87.07724618318734 0.18010764803187004 0.21749443217834372 0.3564002655300769 0.0 14.338751171176318 0.5117181 50.529675043063136 1.807382505240086 False 576
1010 867.2472414133687 1484.11311074526 214.851886647037 52.873748100346575 855 877 1475 1494 305.0 4.580645939567376 3.073820190483227 30.6479628910858 0.7414164967427714 0.20625705258885385 3.364813642539981 0.0 258.80620857927346 1.2849238 303.2922302023377 2.1111662177065726 False 528
1011 1078.3918754622343 1483.8380788122095 214.85000324687448 52.87240508490127 1070 1087 1477 1490 145.0 4.979400757170069 2.0604687963036286 -33.19164856731048 0.9103684764005162 0.2000549102099716 0.45789536448343676 0.0 44.522746734850145 0.847322 120.9704718175105 2.801055548209007 False 528
1012 6766.86159227763 1482.7512051860979 214.7992396639017 52.836245610882635 6757 6777 1477 1488 211.0 4.850919635238441 2.8286778022822094 1.4148759354576212 0.8123846200681929 0.22265435745998063 0.7778272583199347 0.0 88.2620966318361 1.1215389 152.26213651321916 2.8669847087711195 False 264
1013 1099.9147823722292 1483.9259229307174 214.84981005030733 52.872268808550324 1098 1103 1481 1486 22.0 1.421704809215171 1.204919052762357 57.08538334989464 0.5307681844224627 0.21975245397790555 0.3980035218554378 0.0 6.933488104800249 0.41561908 27.45271761499586 1.3094592290743934 False 528
1014 2733.968436942307 1482.968134023051 214.83522607865453 52.861880456169544 2732 2736 1481 1485 15.0 1.243729584227626 0.9521384749728072 26.258614070592273 0.6433751683596232 0.20421177504286922 0.2555630515915667 0.0 3.5214529191405095 0.2778104 23.435266297032523 1.2231820256622383 False 576
1015 8122.516375111057 1488.0719685621762 214.7870956294322 52.82765508283847 8115 8130 1481 1497 187.0 4.021220523572952 2.7392157924572795 49.26654657011178 0.7321065400886643 0.23020719338909063 1.2442296465857465 0.0 103.80723073827721 1.1624781 167.60022327013684 2.6974755218761457 False 256
1016 2278.0633010178626 1485.8892149067387 214.8392664075941 52.864793320377046 2276 2280 1484 1488 22.0 1.4639048901216372 1.125452346316097 40.223493857107876 0.6394874346642566 0.21546313399920725 0.28772347261569087 0.0 5.523034000186223 0.33976874 19.691180979495527 1.1535904190126989 False 512
1017 7037.622717870557 1487.3979319474781 214.79677606814795 52.8345492564889 7031 7043 1484 1491 88.0 3.0623024285537204 1.9159901676281634 14.277577358288857 0.7800880035948248 0.23337075800219856 0.7222772226472701 0.0 36.51884525012347 0.7392564 68.60185982623878 1.9787215634041972 False 264
1018 9740.452034049904 1487.3202959213834 214.77268308495414 52.81736266465956 9737 9744 1484 1490 32.0 2.148613142646216 1.1145977905617577 -39.01030978937867 0.8549246498913087 0.2456708147720971 0.401044268178734 0.0 10.194266563358696 0.47897977 31.52770318344269 1.6475493347491803 False 258
1019 3790.058872754008 1487.691208972155 214.82574792921537 52.85519429622779 3788 3793 1485 1491 29.0 1.8627523680153801 1.171153325405132 -67.34901849308476 0.7776301776802349 0.21221549570269252 0.3444879823515192 0.0 8.147296869932708 0.4456908 41.43896657017197 1.6834811693362715 False 576
1020 4024.353241868967 1487.85167775323 214.82365493057094 52.85370608215813 4022 4027 1485 1491 34.0 1.712492016232139 1.4217226173357835 87.3651446694922 0.5574554437588091 0.2135616101234617 0.3831472465447617 0.0 9.82585740066587 0.4213256 54.683697170572714 1.7799424876028211 False 576
1021 7581.684284158117 1491.0314314625346 214.7918863759444 52.831109759579086 7579 7585 1488 1494 40.0 1.7194559940470413 1.6227270396564166 81.75519598355649 0.3306757112136523 0.2444391350253477 0.49680810453111 0.0 14.0645403838633 0.5191471 36.93197091899078 1.6259550410480688 False 264
1022 262.8192761586426 1494.5697926569585 214.8571769724298 52.877644629756496 257 268 1489 1501 125.0 2.8266993428628657 2.641058476435791 83.30195390737796 0.3564197904866674 0.21011215335403446 0.9496874926792056 0.0 58.592794360397406 0.7865911 92.75281408360854 1.8551710655961842 False 528
1023 8565.07085157306 1493.4081118014913 214.78309436561727 52.82486981660585 8560 8570 1489 1498 88.0 2.586634555931876 2.111706711095626 -33.7216628260764 0.5774987129217948 0.25211247828203115 0.9470442051286965 0.0 44.716168041595665 0.7971971 66.52529899984907 1.7974201194761585 False 258
1024 1113.2107556708636 1494.5671925269046 214.84957925822226 52.8722417084937 1111 1115 1492 1497 23.0 1.5270766237231863 1.122505786516948 -87.90856713812259 0.6779929438277011 0.21481625121669237 0.32829304695725575 0.0 6.273285079199319 0.34365276 23.854700775557774 1.2495083110324101 False 528
1025 2135.2380891479124 1499.6287458064658 214.84039727642414 52.86577496946116 2126 2143 1493 1507 188.0 4.023831251286777 2.833870668708712 27.42066079620452 0.7099304931267973 0.2060147532049849 1.0422902986403362 0.0 84.52495322896948 1.0423298 150.68809989484635 2.580521548387846 False 528
1026 7824.325790158331 1504.6353450687639 214.78957980361767 52.8296402943818 7807 7838 1493 1514 257.0 8.150025635911824 2.0969358570494188 33.62912871636263 0.9663337212161233 0.23590562972106507 0.8902867814220871 0.0 116.94642861072242 1.391375 180.8847109110378 3.004125581020064 False 264
1027 898.6829663415433 1498.0306713310447 214.85145929934387 52.87362341870578 896 902 1495 1501 35.0 1.7957095410273736 1.4066512484406672 -42.44280425391531 0.6215933761282371 0.1998601823750454 0.3497261599029681 0.0 9.345562591166658 0.4172724 45.15627323794428 1.5278683434372962 False 528
1028 2515.659733477805 1499.3016380295783 214.8370035082212 52.863355801906 2510 2524 1495 1503 90.0 3.5145547959366334 1.8276178282909352 9.430118314615452 0.854157714445019 0.20553131978073058 0.5453770958194991 0.0 30.578416245183902 0.75125074 71.54284025360548 2.0928455795370193 False 576
1029 2709.2964996163532 1501.5010606663323 214.83525130303659 52.8621371490005 2704 2715 1496 1508 119.0 3.1188442158086778 2.59763214448016 49.62697424483944 0.5534491898917785 0.20686999086547872 0.515375682355571 0.0 40.542607049748284 0.7857438 93.6855252908904 2.3098763705128866 False 576
1030 1939.2951893331756 1500.9566742950703 214.84213323988132 52.867027217769774 1935 1944 1497 1505 69.0 2.2385037291607244 2.0231423214927045 -9.106177385284655 0.4279714584629596 0.20955603349590646 0.6484937536592732 0.0 26.86677707822723 0.6274848 50.99205645091341 1.6666080795108413 False 528
1031 3907.0179338164426 1509.76537697501 214.82447159870804 52.85456993402877 3900 3913 1497 1521 252.0 5.439918091708049 2.6633545246436183 -79.20797141652041 0.8719501861922209 0.2133433510407366 1.2129443980379242 0.0 144.1762941531037 1.1954955 211.76035273929085 2.587518825046654 False 576
1032 9675.188237514827 1501.7315026625547 214.77311299488542 52.81785531670889 9670 9680 1498 1506 76.0 2.3259471440905224 1.9840279150797515 -8.614851053624282 0.5219144244606269 0.23338062303187596 1.016365124130589 0.0 40.33649759931082 0.8017353 60.355115125080204 1.6797471864456803 False 258
