outputs/dr0.5_c0.1/nircam2_f814w_dr0.5_c0.1.ecsv
# %ECSV 1.0
# ---
# datatype:
# - {name: label, datatype: int64}
# - {name: xcentroid, datatype: float64}
# - {name: ycentroid, datatype: float64}
# - {name: sky_centroid.ra, unit: deg, datatype: float64}
# - {name: sky_centroid.dec, unit: deg, datatype: float64}
# - {name: bbox_xmin, datatype: int64}
# - {name: bbox_xmax, datatype: int64}
# - {name: bbox_ymin, datatype: int64}
# - {name: bbox_ymax, datatype: int64}
# - {name: area, unit: pix2, datatype: float64}
# - {name: semimajor_sigma, unit: pix, datatype: float64}
# - {name: semiminor_sigma, unit: pix, datatype: float64}
# - {name: orientation, unit: deg, datatype: float64}
# - {name: eccentricity, datatype: float64}
# - {name: min_value, datatype: float64}
# - {name: max_value, datatype: float64}
# - {name: local_background, datatype: float64}
# - {name: segment_flux, datatype: float64}
# - {name: segment_fluxerr, datatype: float32}
# - {name: kron_flux, datatype: float64}
# - {name: kron_fluxerr, datatype: float64}
# - {name: kron_radius, unit: pix, datatype: float64}
# - {name: gini, datatype: float64}
# - {name: equivalent_radius, unit: pix, datatype: float64}
# - {name: kron4_2_flux, datatype: float64}
# - {name: kron4_2_fluxerr, datatype: float64}
# - {name: radius_kron20, unit: pix, datatype: float64}
# - {name: radius_kron50, unit: pix, datatype: float64}
# - {name: radius_kron80, unit: pix, datatype: float64}
# - {name: near_border, datatype: bool}
# meta:
#   PHOTMJSR: 0.3925000131130219
#   PIXAR_SR: 2.11539874851881e-14
#   __serialized_columns__:
#     area:
#       __class__: astropy.units.quantity.Quantity
#       unit: !astropy.units.Unit {unit: pix2}
#       value: !astropy.table.SerializedColumn {name: area}
#     eccentricity:
#       __class__: astropy.units.quantity.Quantity
#       unit: !astropy.units.Unit {unit: ''}
#       value: !astropy.table.SerializedColumn {name: eccentricity}
#     equivalent_radius:
#       __class__: astropy.units.quantity.Quantity
#       unit: !astropy.units.Unit {unit: pix}
#       value: !astropy.table.SerializedColumn {name: equivalent_radius}
#     kron_radius:
#       __class__: astropy.units.quantity.Quantity
#       unit: &id001 !astropy.units.Unit {unit: pix}
#       value: !astropy.table.SerializedColumn {name: kron_radius}
#     orientation:
#       __class__: astropy.units.quantity.Quantity
#       unit: &id002 !astropy.units.Unit {unit: deg}
#       value: !astropy.table.SerializedColumn {name: orientation}
#     radius_kron20:
#       __class__: astropy.units.quantity.Quantity
#       unit: *id001
#       value: !astropy.table.SerializedColumn {name: radius_kron20}
#     radius_kron50:
#       __class__: astropy.units.quantity.Quantity
#       unit: *id001
#       value: !astropy.table.SerializedColumn {name: radius_kron50}
#     radius_kron80:
#       __class__: astropy.units.quantity.Quantity
#       unit: *id001
#       value: !astropy.table.SerializedColumn {name: radius_kron80}
#     semimajor_sigma:
#       __class__: astropy.units.quantity.Quantity
#       unit: !astropy.units.Unit {unit: pix}
#       value: !astropy.table.SerializedColumn {name: semimajor_sigma}
#     semiminor_sigma:
#       __class__: astropy.units.quantity.Quantity
#       unit: !astropy.units.Unit {unit: pix}
#       value: !astropy.table.SerializedColumn {name: semiminor_sigma}
#     sky_centroid:
#       __class__: astropy.coordinates.sky_coordinate.SkyCoord
#       dec: !astropy.table.SerializedColumn
#         __class__: astropy.coordinates.angles.Latitude
#         unit: *id002
#         value: !astropy.table.SerializedColumn {name: sky_centroid.dec}
#       frame: icrs
#       ra: !astropy.table.SerializedColumn
#         __class__: astropy.coordinates.angles.Longitude
#         unit: *id002
#         value: !astropy.table.SerializedColumn {name: sky_centroid.ra}
#         wrap_angle: !astropy.coordinates.Angle
#           unit: *id002
#           value: 360.0
#       representation_type: spherical
#   astropy version: '5.1'
#   make_catalog parameters:
#     ab_zpt: 31.4
#     coadd_bands: !!python/tuple [f277w, f356w]
#     deblend_contrast: 0.001
#     deblend_nlevels: 32
#     deblend_npixels: 1
#     detect_kernel_fwhm: 4.0
#     detect_kernel_npix: 7
#     detect_npixels: 4
#     detect_threshold_nsigma: 3.0
#     flag_isolated_buffer: 4
#     hst_bands: !!python/tuple [f606w, f814w, f125w, f140w, f160w]
#     jwst_bands: !!python/tuple [f115w, f150w, f200w, f277w, f356w, f410m, f444w]
#     near_border_kernelsize: 21
#     reference_band: f200w
#   make_catalog version: 1.4.0
#   photutils version: 1.5.0
# schema: astropy-2.0
label xcentroid ycentroid sky_centroid.ra sky_centroid.dec bbox_xmin bbox_xmax bbox_ymin bbox_ymax area semimajor_sigma semiminor_sigma orientation eccentricity min_value max_value local_background segment_flux segment_fluxerr kron_flux kron_fluxerr kron_radius gini equivalent_radius kron4_2_flux kron4_2_fluxerr radius_kron20 radius_kron50 radius_kron80 near_border
[from data line 4576]
4577 5997.423144013782 4115.859730278161 214.88682593875066 52.9100928640611 5995 6000 4114 4118 21.0 1.4424360925048056 1.0785049262892348 -20.042329040690273 0.6640402222538414 0.46896521088426923 1.190697365142137 0.0 17.582733245588827 1.3884351 75.27926600644632 4.955084822552625 2.996559238901063 0.13292700886075137 2.5854414729132054 106.16032327678559 7.913149984543708 2.345704180857247 4.0058554111386995 6.353209242571855 False
4578 6007.1785608357 4130.327287775205 214.8865863030905 52.910108965855336 5997 6016 4114 4143 314.0 5.936354995734115 3.0550811213808995 68.04465445188141 0.8574068289537339 -0.08993495165637547 4.39058147928164 0.0 370.4527215069801 5.2986503 575.2323303175729 11.474955753737508 2.0460680238636018 0.42373034124210956 9.997464891746821 569.5007381536291 18.59872356986392 4.018209684781989 7.677034066663885 14.706530865049563 False
4579 6011.890975279985 4143.555018778612 214.88640484113895 52.91015040572986 6004 6019 4133 4157 249.0 4.533358651544888 2.7537069844724624 -89.21087639068799 0.7943717011986192 -0.17576834750883613 4.76220537051625 0.0 308.1259069522407 4.858427 376.1840060051181 8.415686119146303 1.8351290324466807 0.4721571301827093 8.902761462589227 421.0699158077049 13.782468271424325 2.665018417197333 5.057786877627675 8.670024680062024 False
4580 6012.26649194102 4161.806609755331 214.88620927184073 52.91024649409846 6009 6016 4158 4165 53.0 2.2840931630738823 1.8732022037361264 5.278941587954254 0.5722093100915591 -0.1828106536630376 0.5871538502600449 0.0 8.98963620469215 2.2517822 35.098118759059304 8.100890921314424 2.852912587078972 0.4567021632057033 4.1073621666150775 36.51293598626509 12.929029875380838 3.693392804444278 6.012554349760647 10.231418389726423 False
4581 4456.695298734729 4123.098067879098 214.9005370038842 52.91991615231149 4450 4463 4116 4131 159.0 3.4252884114750666 2.3051780034152167 -66.51079927135618 0.7396533982322953 -0.11527605873711959 2.2745150281529876 0.0 105.91555787515136 4.129043 124.30721458318273 6.62299166197529 1.6400588261190605 0.4209975865113083 7.1141599576634995 128.01808429932007 10.563730481364685 2.164246922649143 4.053214932306081 6.572236857501983 False
4582 4442.032697294748 4133.626017469015 214.90055736537906 52.920066072953524 4431 4452 4125 4141 234.0 5.129716722182795 2.3331245767723523 -32.09092419668909 0.8905807162445923 -0.2198217269848706 1.474997272059389 0.0 104.01363749372723 4.9351783 121.7942660625344 7.761139053096781 1.5537063768679578 0.4628771405082589 8.63044108762739 122.96969625945825 12.387872042151267 2.864545414494022 5.373511704225248 8.796481504116851 False
4583 6729.481434878502 4126.539375357692 214.88016478520728 52.905501059688945 6717 6739 4116 4136 244.0 5.979216886650694 2.94345227837926 40.414700034385824 0.8704365821157881 -0.35300563322972345 0.6137409156359362 0.0 18.86142006587813 4.6209664 207.27980518124852 21.58829337640631 3.87456183270902 0.4869179541846731 8.812923024107548 422.09615551175307 34.634716106727744 18.789526442268105 28.397734281997945 34.42725722789106 False
4584 6740.707102467405 4134.951050224803 214.87997579475942 52.90547513982711 6736 6744 4131 4138 41.0 2.0852799659890477 1.5779046468922269 -40.47927998056913 0.6537770949729652 -0.11455719426437462 0.46702059020991676 0.0 8.357304566764018 1.9037026 79.80755577539801 8.531158126250743 3.7202004075019395 0.3144893823830536 3.6125759969217834 175.79864584216844 13.914109460986452 6.908181385065249 11.634400959593357 14.43466827100994 False
4585 6744.8616410399145 4139.364800360981 214.879892153967 52.90547256369048 6741 6749 4134 4145 76.0 2.9082642123099767 2.114035629306586 -76.27357729632395 0.6867366346489635 -0.25735742105224885 0.6487668998519139 0.0 10.6811735925379 2.6678972 166.35262204109313 12.654627180860894 3.9565916336545737 0.47411428078228884 4.918490759365935 304.65898391185016 20.108230303777223 9.11854458937926 14.001454154171945 19.43733077626623 False
4586 1282.7252735008071 4131.966839431828 214.92886565281538 52.940114948528 1273 1296 4118 4146 406.0 4.9145157560020145 4.240625579000422 -14.742736914255198 0.5054129410614491 -0.41729249351407827 1.090717455688021 0.0 100.9793269374353 5.9016323 171.82506535110934 14.914039084862232 2.518159043834735 0.5115580767220668 11.368105109938904 196.43634017825758 23.66771559742402 3.8447810155556814 8.37156217759662 21.1555270090521 False
4587 1291.180494402553 4158.744118807826 214.92850785530413 52.940205849107386 1271 1313 4132 4186 1462.0 11.180088955318363 6.215683488411426 65.15659760518572 0.8312089723951124 -0.39669609070594 1.5883277735799721 0.0 358.3537432954728 11.569834 438.65693377773323 20.708246432140736 1.858420777593946 0.5443162547745446 21.572414181094846 502.0631896471734 32.783754002079405 5.550637836583442 11.942613809461118 22.24092796064893 False
4588 1315.3422243798 4157.523526883923 214.92830425117873 52.94004588596274 1309 1319 4152 4162 85.0 2.3100690533018815 1.9214840280310213 -62.24701409698018 0.5550958296924221 -0.26851540423327325 0.6674510201146685 0.0 17.879927038908736 2.7288647 45.27722918824577 7.762986754287796 2.781036057484799 0.4310955069233734 5.201570947860099 86.13637187434195 12.440103742531273 2.662716769456966 7.016247658398441 13.235429535856676 False
4589 1544.8076726020854 4152.299408899816 214.92630361163933 52.9385610680615 1523 1565 4133 4169 901.0 8.521508271738055 6.17423556484171 -36.40300002089538 0.6892251096621964 -0.20145617570414118 5.020723660266814 0.0 547.2570362204372 8.831091 1021.8355309242626 23.014747294577884 2.498207059388845 0.45053514479291396 16.93508805561977 1395.6314983940524 37.69903111827547 7.4003954921037405 14.968146455213182 32.86840858850787 False
4590 1573.1020623398967 4151.317459046012 214.92606048884755 52.93837615560833 1563 1591 4137 4161 449.0 5.882083939351025 5.146723432377521 13.00014365560772 0.4841536485472639 -0.31768914893166256 1.458690901347149 0.0 240.89107321252862 6.307748 390.55388808731624 14.648748706281117 2.3691338039115997 0.32080855260367663 11.954962939989485 631.1986351083648 25.70080153579492 5.690135247748213 9.582187846417806 22.880035278289622 False
4591 1610.2421820834454 4168.047514685007 214.92555156689394 52.93823071370341 1598 1627 4153 4180 504.0 7.7913509577894855 3.9986286761645458 40.28091101397058 0.8582608088704965 -0.16744106211874768 1.51548497013126 0.0 292.58292711054605 6.9085226 518.1535809428526 17.56611362822243 2.498606759570044 0.3155213894581328 12.666024736934256 699.8035285422081 29.23024763729661 6.157376707337611 11.828142450146773 25.696716002685296 False
4592 1526.581801909428 4165.451831170307 214.92632834788688 52.938747772592016 1510 1541 4149 4175 559.0 7.762631108965458 4.949062368475267 19.479492927539884 0.7704093106239784 -0.371095552706016 1.2129523933866846 0.0 250.10567124558779 7.1322374 864.7760985832558 23.566634406217492 3.094574655907595 0.3223916280712155 13.339236349084569 1229.2525299680592 36.61234724185039 9.978594513912675 26.807925935567653 37.95590591311832 False
4593 1578.64877126618 4192.623600509432 214.92557572057123 52.93856394927411 1540 1624 4146 4243 4663.0 20.64921451072672 13.109048967544007 58.2407813747969 0.7726395831791928 -0.289338112491368 7.63407794533695 0.0 4681.153882915695 20.82251 5822.837447354033 36.01504238540738 1.773228631391503 0.38945601976826916 38.52634162848863 6349.57516339213 60.840796344581385 11.35923526939439 23.99281304639843 39.27083436168168 False
4594 1523.7946456721525 4178.275656788323 214.92621824144584 52.93883469917623 1513 1533 4173 4186 160.0 4.935291262231206 2.9385627044075933 -22.356628941632856 0.8034158667910751 -0.013013735203759784 0.8737344230516237 0.0 59.15671694403969 3.8360543 319.1471938541776 14.098979834921355 3.447295951150068 0.2550233781303835 7.136496464611085 645.524185970032 26.153833960355776 8.394349664420334 23.779127897743113 28.286765099138634 False
4595 1510.0168424478813 4180.8201983837125 214.92631486464163 52.93893589733637 1502 1515 4172 4189 136.0 3.6048617827013003 2.9617772539891845 -74.98515016900903 0.5700552964315975 -0.4471253347791282 0.6482445558430128 0.0 28.980261019086555 3.522325 313.09894568228606 15.47136682077545 3.668338206728349 0.3718482078757308 6.579524642479541 552.9967259385348 25.430893531525435 10.420260429524149 19.05902420490109 25.050218459921712 False
4596 1536.5379763071842 4192.513918322195 214.92595411055427 52.93883067519784 1510 1552 4176 4210 816.0 8.982757879102905 6.8450208144724884 36.36441640201268 0.6475561530172286 -0.24323543782300952 1.2556788931291716 0.0 391.1141371178945 8.785982 963.6488074577836 28.013007611333585 2.8310150138354895 0.31055788389895167 16.11647812414279 1414.3685097593977 46.67153178169488 10.533951478100732 22.96595770383879 48.93893595161329 False
4597 1615.9865469028039 4204.519274750641 214.9251159486485 52.93839115098297 1597 1639 4176 4234 1598.0 11.253610357024693 10.12452244274054 72.65961310110482 0.43657301748337407 -0.29793087695063786 2.1243469563987274 0.0 925.5370377976925 12.228889 1540.1129666691545 30.9621358895516 2.1598518425968365 0.3817952476744803 22.553474191833452 1786.4708108271761 49.37890920908755 11.0056412505239 18.574191642376345 32.86393722627147 False
4598 1555.5738120097417 4213.23679824993 214.92556530686946 52.938821715043375 1541 1566 4207 4224 266.0 5.170878002419627 3.6697525600381 4.273415662548842 0.7045078272883635 -0.2551298426374251 1.146787372890295 0.0 136.78181438367287 4.960043 269.26782362387627 12.60779945882587 2.5487038141892944 0.31789698914145714 9.201653640780462 371.5163963416936 21.5115647688921 5.094354993824952 9.051806795092876 17.65991775007385 False
4599 6354.335167688949 4166.275907339141 214.8831020468404 52.908098102688136 6320 6389 4135 4198 3025.0 13.403339485139526 9.334034069811684 33.02220104275961 0.7176575760955304 -0.5206200751669278 2.1026564495344005 0.0 765.8639233795735 18.090265 981.2343020249851 31.957995149141436 2.031827062314019 0.6057323648191205 31.030427095126594 1195.2183547743032 50.86215865175457 7.162182564830545 14.080210234282678 33.46689815115433 False
4600 6307.779806270654 4190.42824680117 214.88326416487163 52.90852408753273 6287 6334 4172 4209 1118.0 6.925090458233187 5.398498918101323 -20.360853222311338 0.6263319764640106 -0.37003435120656547 9.749619716989663 0.0 793.1839371968829 11.072971 904.3945643830177 16.284932503961922 1.8218177638492268 0.6307735256067268 18.864528956575565 1058.2502811633115 25.70882979790614 2.943176483588832 6.7770955081009046 15.099952622768244 False
4601 7540.710513774481 4159.389817487188 214.8725635805743 52.90052558505674 7527 7548 4144 4170 434.0 5.323412307538163 3.4046246544980696 77.61519739959219 0.7687438274092004 -0.32129995875181727 4.565119597118273 0.0 301.56579518618435 5.9827724 327.4883933050915 8.546319238385522 1.5725901224306273 0.53817206067482 11.753573524837677 355.8487299611277 13.61764878672075 2.6955437994574085 5.279749717743672 9.112949102092221 False
4602 7539.415196813988 4176.73396819538 214.87239252119974 52.90062736905708 7532 7548 4169 4187 236.0 4.068798431692206 3.4605563835913924 -80.54919218727957 0.5259578315975598 -0.16087839328789336 1.6454785135352787 0.0 110.27422953807982 4.46405 138.99172548024404 8.265981187794987 1.713926295063286 0.36999671582378657 8.667244841319219 133.5586668230466 13.219131352961748 3.033600553039224 5.713226705702744 8.622956972888092 False
4603 6772.308185234024 4152.787702959448 214.8795053036444 52.90537065143553 6767 6778 4147 4157 88.0 2.7885862987316035 2.319716794390333 -42.89544002168529 0.5549837063626436 -0.2019671787346602 0.7026350297499098 0.0 26.056055114430535 2.8958907 196.20239626386393 10.964815335557565 3.5247549786503347 0.288366922388491 5.292567428401227 402.7335545011989 17.173689618429947 7.027155154401833 12.489449404465763 18.697176020003013 False
4604 6736.440732204136 4155.798873672645 214.8797944115878 52.90561470636285 6730 6743 4152 4159 93.0 3.3157179231031844 1.9551754580797978 -8.790372899230976 0.8076451502969287 -0.06787580951110746 0.9031132839477186 0.0 35.975657873054985 2.921491 221.36331535567453 11.811457840877683 3.5033347553179026 0.30529122798826464 5.440847306724618 364.4977158600641 18.568370258084528 6.501034742218717 12.029951168468218 20.284256966999028 False
4605 6734.211082664111 4170.322861122379 214.8796614050988 52.905707221058094 6726 6743 4157 4187 365.0 6.574020950293604 3.8406503596020056 -85.3854986487686 0.8115979827992102 -0.04433991291293233 1.9997788329899198 0.0 201.1052217270831 5.856735 660.4354937850183 19.800388636911837 2.9138822477214346 0.3082804114516307 10.778826859036359 912.0551577261558 31.566526667120787 7.966713753884122 16.434865935218866 27.098514779802144 False
4606 6775.683434607454 4181.807587752904 214.8791695101616 52.905505767465215 6734 6820 4147 4211 3660.0 18.205020555112597 11.128395651964894 11.33954751938952 0.7914131037619792 -0.27539602261611246 3.767990382655919 0.0 2612.0966446153366 18.55346 3894.493443067271 39.2972433272596 2.0375609499667156 0.3931696904862561 34.13230410377644 4023.7815206660234 62.90668215509082 11.5404788875515 25.590751603067567 45.42147514546256 False
4607 2885.6334008127033 4195.190220250659 214.91384283908812 52.93028050638273 2844 2926 4158 4239 4217.0 15.466165843413973 10.233553473401834 44.34550715358507 0.7497920115718573 -0.5488235808653421 15.809086284908352 0.0 7248.239491502757 19.565369 7768.210842934689 23.584789764621874 1.4025008509238488 0.6081349984020037 36.637587120838695 8002.89564126742 37.22315240364381 8.224113158321755 15.773991883774793 24.862052122068423 False
4608 2911.3499126503293 4184.097670937539 214.91372938999993 52.93005736064462 2893 2942 4160 4196 1328.0 8.78668426073111 5.977605340718369 10.85098454702927 0.7329312298814088 -0.3084625578033641 26.369862274434148 0.0 2187.782927080626 10.962984 2530.1749062728572 14.690127789528546 1.6187367654469562 0.625397201465791 20.56004690782767 2733.101472258038 24.23616099903 4.272632303936437 8.970144466565594 16.445181806142738 False
4609 2920.9100062242724 4204.565947022882 214.91342820012832 52.930107146876125 2912 2940 4192 4222 580.0 5.745175784527492 5.325460469087132 -18.12799981744252 0.37519788181841857 -0.2784678132583957 4.181667221570921 0.0 709.2235738630543 7.1958013 850.3606052544596 10.712297891024352 1.6708118482843033 0.4881244196788694 13.58748446131949 912.7868333314063 18.000082682744242 4.159263021367174 7.505415007088747 11.6812139447698 False
4610 2848.91141948173 4217.080733681503 214.91394110953377 52.930631809082534 2843 2857 4207 4227 159.0 4.451166422221489 2.3183150158442922 53.68185491193481 0.853658498995348 -0.24405611483868658 1.0195193640053632 0.0 45.015423511247675 3.7723515 82.27043628982017 10.61377011340083 2.483756404647888 0.41446656477547184 7.1141599576634995 95.25892594746871 16.66012589143321 3.182585281615693 6.672935255327577 18.835460971061938 False
4611 6080.4776730490385 4226.298874684783 214.8849198466138 52.910161236874195 6029 6125 4166 4270 5815.0 15.557788340408948 11.680769893109362 -74.08929965707738 0.6605308910413171 -0.4032736442012212 17.125449048448218 0.0 10443.587987287834 23.455719 11462.878004481008 27.297413739283297 1.4862062106406526 0.7002688497239185 43.02292398429868 12185.45627377938 43.93920101751488 8.429385263843296 15.416728865030777 25.71216820628212 False
