outputs/dr0.5_c0.1/nircam3_matched_f277w_f140w_dr0.5_c0.1.ecsv
# %ECSV 1.0
# ---
# datatype:
# - {name: label, datatype: int64}
# - {name: xcentroid, datatype: float64}
# - {name: ycentroid, datatype: float64}
# - {name: sky_centroid.ra, unit: deg, datatype: float64}
# - {name: sky_centroid.dec, unit: deg, datatype: float64}
# - {name: bbox_xmin, datatype: int64}
# - {name: bbox_xmax, datatype: int64}
# - {name: bbox_ymin, datatype: int64}
# - {name: bbox_ymax, datatype: int64}
# - {name: area, unit: pix2, datatype: float64}
# - {name: semimajor_sigma, unit: pix, datatype: float64}
# - {name: semiminor_sigma, unit: pix, datatype: float64}
# - {name: orientation, unit: deg, datatype: float64}
# - {name: eccentricity, datatype: float64}
# - {name: min_value, datatype: float64}
# - {name: max_value, datatype: float64}
# - {name: local_background, datatype: float64}
# - {name: segment_flux, datatype: float64}
# - {name: segment_fluxerr, datatype: float32}
# - {name: kron_flux, datatype: float64}
# - {name: kron_fluxerr, datatype: float64}
# - {name: kron_radius, unit: pix, datatype: float64}
# - {name: gini, datatype: float64}
# - {name: equivalent_radius, unit: pix, datatype: float64}
# - {name: kron4_2_flux, datatype: float64}
# - {name: kron4_2_fluxerr, datatype: float64}
# - {name: kron4_2_mag, datatype: float64}
# meta:
#   PHOTMJSR: 2.962800025939941
#   PIXAR_SR: 2.11539874851881e-14
#   __serialized_columns__:
#     area:
#       __class__: astropy.units.quantity.Quantity
#       unit: !astropy.units.Unit {unit: pix2}
#       value: !astropy.table.SerializedColumn {name: area}
#     eccentricity:
#       __class__: astropy.units.quantity.Quantity
#       unit: !astropy.units.Unit {unit: ''}
#       value: !astropy.table.SerializedColumn {name: eccentricity}
#     equivalent_radius:
#       __class__: astropy.units.quantity.Quantity
#       unit: !astropy.units.Unit {unit: pix}
#       value: !astropy.table.SerializedColumn {name: equivalent_radius}
#     kron_radius:
#       __class__: astropy.units.quantity.Quantity
#       unit: !astropy.units.Unit {unit: pix}
#       value: !astropy.table.SerializedColumn {name: kron_radius}
#     orientation:
#       __class__: astropy.units.quantity.Quantity
#       unit: &id001 !astropy.units.Unit {unit: deg}
#       value: !astropy.table.SerializedColumn {name: orientation}
#     semimajor_sigma:
#       __class__: astropy.units.quantity.Quantity
#       unit: !astropy.units.Unit {unit: pix}
#       value: !astropy.table.SerializedColumn {name: semimajor_sigma}
#     semiminor_sigma:
#       __class__: astropy.units.quantity.Quantity
#       unit: !astropy.units.Unit {unit: pix}
#       value: !astropy.table.SerializedColumn {name: semiminor_sigma}
#     sky_centroid:
#       __class__: astropy.coordinates.sky_coordinate.SkyCoord
#       dec: !astropy.table.SerializedColumn
#         __class__: astropy.coordinates.angles.Latitude
#         unit: *id001
#         value: !astropy.table.SerializedColumn {name: sky_centroid.dec}
#       frame: icrs
#       ra: !astropy.table.SerializedColumn
#         __class__: astropy.coordinates.angles.Longitude
#         unit: *id001
#         value: !astropy.table.SerializedColumn {name: sky_centroid.ra}
#         wrap_angle: !astropy.coordinates.Angle
#           unit: *id001
#           value: 360.0
#       representation_type: spherical
#   astropy version: '5.1'
#   kernelfile: kernel_f277w_f140w.fits
#   make_catalog parameters:
#     ab_zpt: 31.4
#     coadd_bands: !!python/tuple [f277w, f356w]
#     deblend_contrast: 0.001
#     deblend_nlevels: 32
#     deblend_npixels: 1
#     detect_kernel_fwhm: 4.0
#     detect_kernel_npix: 7
#     detect_npixels: 4
#     detect_threshold_nsigma: 3.0
#     flag_isolated_buffer: 4
#     hst_bands: !!python/tuple [f606w, f814w, f125w, f140w, f160w]
#     jwst_bands: !!python/tuple [f115w, f150w, f200w, f277w, f356w, f410m, f444w]
#     near_border_kernelsize: 21
#     reference_band: f200w
#   make_catalog version: 1.4.0
#   photutils version: 1.5.0
# schema: astropy-2.0
label xcentroid ycentroid sky_centroid.ra sky_centroid.dec bbox_xmin bbox_xmax bbox_ymin bbox_ymax area semimajor_sigma semiminor_sigma orientation eccentricity min_value max_value local_background segment_flux segment_fluxerr kron_flux kron_fluxerr kron_radius gini equivalent_radius kron4_2_flux kron4_2_fluxerr kron4_2_mag
[from data line 689]
690 3905.029035310978 1057.1167448356593 214.82925335357623 52.85214276281373 3902 3908 1054 1060 37.0 1.7034900580732844 1.5868531293484733 42.66897029469199 0.3636629298479694 0.17002515928365838 0.29618835980238617 0.0 8.634313173407827 7.9826827 36.06867090144956 29.16969443779625 3.0984435721495935 0.08396330610543967 3.431831258788849 59.42305174143988 47.40118916074099 26.965112620625973
691 9968.873153027744 1059.3728209123497 214.77515063705053 52.813605376958265 9964 9973 1054 1064 77.0 2.468045374376253 2.189365651895005 81.19408800849064 0.461606407283997 0.24346234445864737 0.526239274181868 0.0 28.52871335745641 11.820547 63.28933805695499 33.57069682111394 2.4856629791021763 0.12490480060744859 4.950743503369154 84.75303499356403 52.9802905384839 26.579611852064204
692 1165.6023116912081 1058.0747071120923 214.85370570343903 52.86955515123412 1161 1171 1056 1060 32.0 2.5378103461433277 1.0380490622565 -8.934087232702494 0.9125194355702194 0.15261815958273778 0.20844708821607763 0.0 5.922973356924425 8.748742 36.19363065852109 38.91935566758931 3.368584296087464 0.04691729194504938 3.1915382432114616 42.90626571809351 61.57225556734183 27.318698204963958
693 9682.595220672152 1060.7159601423502 214.77768744933508 52.815433111465246 9680 9686 1058 1064 32.0 1.6830354249407777 1.49224665942994 -30.519507925566376 0.4624601314221185 0.20956696768914623 0.2774861597498113 0.0 7.866241609122982 7.128859 63.31970141550471 31.84181475729618 3.5458775636949156 0.04184636128458906 3.1915382432114616 87.4891841728896 51.23625265038761 26.54511408299758
694 6023.895050841064 1064.9578180818073 214.8102633163459 52.83871759091797 6020 6027 1062 1068 46.0 1.9464521927704341 1.7373576660652241 1.5769636095399753 0.4508958041215057 0.24422455733690104 0.3891382397541495 0.0 14.355032465091805 11.951134 41.53389120818561 36.304187767834755 2.7141778723861236 0.07990667149184448 3.826519928662906 53.683743037406536 57.49035663577695 27.075393027746923
695 6270.745429250798 1067.9336392477742 214.80803001607188 52.837164458211674 6268 6273 1065 1070 25.0 1.384475479342567 1.3492029338222669 -68.77104040648202 0.22428841644380149 0.1945620585805799 0.2962799943746865 0.0 6.19541355305067 6.257839 28.00630601455027 24.111904630258625 3.163614721074342 0.06762737759441341 2.8209479177387813 35.42563918266686 38.80087912697401 27.526705762651794
696 9596.775293926976 1067.3746914075277 214.77838214777515 52.81601471018945 9594 9599 1065 1070 29.0 1.5879505971806287 1.367128562845083 55.499557372669095 0.5087082441685042 0.19980474524926034 0.2847127527592561 0.0 7.0482070915741515 7.0205307 47.764492821448165 28.757936434272153 3.3947328308433544 0.05769540612142529 3.0382538898732494 79.75754685034195 45.58854862244916 26.645570530852837
697 7733.785628157108 1080.5468568350063 214.79484976838177 52.827931379579034 7724 7743 1069 1089 253.0 5.649658962433825 3.0869703624891853 -44.61580651337287 0.8375247323293076 0.22085386790872447 0.652429270501901 0.0 96.98090570131538 15.118596 245.04259518228326 47.75564311190028 2.706542680878369 0.16845047337583227 8.97398468933946 293.07602503234773 76.49137620278827 25.2325492684896
698 9017.811801476051 1072.5200194250071 214.7834877751238 52.819723976636695 9016 9019 1071 1074 11.0 1.0415248457182509 0.8428559689751906 53.80423449703709 0.5874617850185022 0.16374590344672246 0.1958499331435986 0.0 2.0127704984210344 4.25378 16.164233796897108 19.16652859229027 3.584594653300429 0.03406669259603261 1.8712051592547776 19.413388906750097 30.904955994750186 28.17974661296746
699 3682.1564004186584 1091.0422325070977 214.83088577948794 52.853742030902964 3667 3698 1073 1109 827.0 7.194390213780325 6.062529258516633 59.92181728838954 0.5384233165148766 0.19011010981837237 2.0544867359234775 0.0 596.7832129947901 37.50686 797.0897440834153 76.2621887940253 1.9646679153800652 0.3426470255005309 16.224742705941285 886.174641782128 122.02370013349574 24.031201704062923
700 3910.114835251252 1078.6365505503911 214.82898147897404 52.852226438964486 3906 3914 1073 1084 89.0 2.8916651445750343 2.1957076585968256 -84.41768174212334 0.650713979828383 0.17500747004418332 0.3539617234076965 0.0 22.94171024766278 12.448815 58.89305140756572 38.19683774496841 2.6178443265248603 0.10650288958782303 5.322553886092406 75.52376931350389 61.127318692628194 26.70479085744749
701 10251.29674308213 1073.9692949650362 214.77248067185565 52.811887939360545 10250 10252 1073 1075 7.0 0.7522639432921816 0.6923681393880422 -86.44574758008173 0.3910268511784594 0.17045730837205061 0.191194127663795 0.0 1.2769214542399923 3.3950634 12.791330572380964 15.688296871545626 3.6844075720123772 0.030459880107484186 1.4927053303604616 19.08962652118418 25.363163946117567 28.198006420683654
702 6155.713445907317 1082.347904733382 214.80890443439208 52.837973365065494 6147 6167 1074 1092 277.0 4.759362141447132 3.301846381607934 39.38075430405998 0.7202080241587652 0.20384459562270593 1.8841889356367683 0.0 197.8428966616786 22.466204 301.07568881614225 52.0517670859182 2.1842748501418012 0.3177504688043795 9.389986074159536 340.2808575216468 84.453630690083 25.07040620356485
703 8915.132406531535 1078.3960554577422 214.7843411250008 52.82040852866564 8912 8918 1075 1082 41.0 1.8819281966662489 1.6414569450337333 -85.661035716138 0.4891123084558529 0.22721915180202895 0.3167901304285045 0.0 11.147781321579025 8.280108 43.61784918354071 31.47702786823421 3.0596021457871423 0.05538476588910879 3.6125759969217834 45.23967624011047 50.235272462784515 27.261201279461318
704 3497.9237458880093 1084.1935102008615 214.83260250158457 52.85487592274075 3490 3507 1077 1091 196.0 4.209797639843137 2.7781406804188067 27.984194047610067 0.7513335730804251 0.24216040668417668 1.3060238253634437 0.0 122.63110692837836 18.049034 202.1725517236592 45.371115381729844 2.2996757383197273 0.25565831267085665 7.898654169668588 279.0236829995245 72.66404368478983 25.285897332680758
705 6779.82056388245 1077.9087962670146 214.8033844361897 52.833982008101145 6778 6782 1077 1079 12.0 1.207577073617086 0.7398408351522499 9.494367973392382 0.7903423063504347 0.17891490627478498 0.20337346204223453 0.0 2.3091572937142613 3.6866784 22.599943632098828 16.57694801180701 3.6308959935244345 0.022123580990302885 1.9544100476116797 45.41149148799033 26.279616163651244 27.257085584910286
706 9808.953569714053 1083.479356561149 214.77632197085188 52.81475217416542 9806 9811 1080 1087 40.0 2.035010156093486 1.4556915070003211 -61.943205528160675 0.6987929906970883 0.004440933556315779 0.04659277096959352 0.0 1.1026334363980945 8.035589 9.632442684176391 33.92046060191777 3.504935407357758 0.24218098764153348 3.5682482323055424 22.392699462711178 54.70561493722 28.024733871558002
707 4437.83619015563 1086.074318045209 214.82419304198828 52.84891262270712 4434 4441 1082 1090 62.0 2.2455940837824504 1.9166319066567126 61.258206504358384 0.5210801824805515 0.3033277403961793 0.7842872056611673 0.0 33.28771152546514 10.01676 70.5722253444917 29.00237796769114 2.419226540728188 0.13849043542312556 4.442433223290478 65.61705797180176 46.095715324227875 26.85745811421261
708 8628.131829126582 1095.5094531148786 214.7867192255354 52.822325609400615 8613 8644 1083 1106 579.0 6.188347263355774 4.528143678366624 11.573855433638963 0.6816042627153747 0.22912572724269933 3.573528025932991 0.0 605.4324403412818 31.419922 713.9261800676023 51.48822360863177 1.6843680333547162 0.3992256129192784 13.575766059431594 741.0443318139332 82.56768688909406 24.225389525644594
709 9731.624221188751 1086.8338083859526 214.7769757474271 52.81526199210674 9728 9735 1083 1090 43.0 2.23914629058092 1.3785078627116227 -38.70381884703689 0.7880275871909743 0.20153732557634588 0.363781115555521 0.0 11.91165768375996 8.634045 30.289080314255635 26.191602132818055 2.6218696094452807 0.10580072045299771 3.6996385101659595 30.24771127376156 42.05541854265572 27.698268702841204
710 6489.192413564974 1085.0988602986852 214.80590090048602 52.835868299730265 6487 6491 1084 1086 12.0 1.1993702330155396 0.7408836606155546 9.371487193572476 0.7863924339796542 0.16873436840710843 0.2021178328462759 0.0 2.270533082280213 4.4158745 20.198686388399956 19.438503797970654 3.6239198620163124 0.032253654543610434 1.9544100476116797 26.582656846488824 30.963786683563605 27.838504037404817
711 9042.872495968812 1086.115529164458 214.7831213628529 52.81963785190013 9042 9044 1085 1087 8.0 0.8613171024406743 0.6814882809111725 44.600142196604196 0.6115361731300626 0.18462632515022054 0.19985622997675362 0.0 1.5328350321581323 4.074675 16.27976758581444 17.397548746517923 3.7547474663733547 0.016566409733544667 1.5957691216057308 23.533024762116383 27.16570779359225 27.9708056205353
712 2066.6789236334075 1093.8519404562676 214.84528058341058 52.864022868666964 2063 2070 1088 1101 81.0 3.2209690587663395 1.7858450170155524 89.16222353214287 0.8322214385690279 0.13181764032737425 0.35744620086842877 0.0 20.20839288566419 12.716417 42.73806495237139 34.949626029007675 2.3622547492870805 0.1333018867028703 5.077706251929807 46.689247895124225 56.28048695175815 27.2269578048725
713 10109.987894748052 1091.7560748309354 214.77355256092164 52.81288237512926 10108 10112 1089 1095 29.0 1.639508400593621 1.2997791080747392 89.56238822257956 0.6095002464824871 0.2251163663928149 0.3545191200405446 0.0 8.358974753315355 6.7466497 34.25603599909874 25.51080302573321 3.1117140482511996 0.07276491798931618 3.0382538898732494 39.964507821727295 41.15779179879767 27.395813827911546
714 1707.1662847661642 1094.4232332232505 214.84848553684037 52.86631026522399 1703 1711 1090 1098 59.0 2.06344834871763 2.0147130646641687 3.1374540023090844 0.21605302638798735 0.18154231156495154 0.3742253637893723 0.0 15.985727276695373 7335438000000.0 37.57339384429679 21801999794197.05 2.526841290318278 0.11551160862466642 4.3336224206596095 35.75371108105424 34883199670715.285 27.516697184071447
715 2790.247567013294 1096.7187243614087 214.83878892401026 52.85944056039397 2785 2796 1091 1103 119.0 2.9728532066877476 2.502492563977562 -56.35201557002229 0.5398185415662012 0.23034653739771682 0.9366196063830665 0.0 58.9359482414069 14.59246 101.85202791090776 36.92797761330055 2.288596412675801 0.21912685035887708 6.154581744998688 123.90337370454645 59.13163620786844 26.167292170675648
716 6025.931249500373 1098.34551826573 214.8098938040692 52.83888456024252 6022 6030 1091 1105 109.0 3.414630299596776 2.321573280130381 85.20985744093448 0.7333140351262197 0.20637178905569428 0.43832508719901936 0.0 34.82704219554349 19.421816 101.43900768020033 56.53055908753029 2.7698191722942918 0.10738066456392491 5.890312181373172 136.03334773845987 84.36082974546609 26.065886534892933
717 6703.085273471028 1096.9318486404604 214.80386864078466 52.83457232415072 6693 6713 1093 1101 152.0 4.958284652921049 2.127090682398412 -9.905203032824234 0.9033057758095207 0.18968861207186827 0.492890012279988 0.0 51.09874775583786 14.97643 130.67510370385693 47.13558629200111 2.719436738742936 0.13676515363287128 6.955796338302048 180.44968344247695 75.5985000183034 25.759109688684305
718 1611.519857772876 1097.0044508998087 214.84931268637334 52.86693189891346 1608 1615 1094 1100 48.0 2.0674514867799267 1.7035176229427629 24.770885878305005 0.5666336919851488 0.15697042197389124 0.24260881172390675 0.0 9.551269408479266 6616383000000.0 34.07214071592621 23702351728659.805 2.9845956083422447 0.070404936265488 3.9088200952233594 37.244456591426854 37923762765855.69 27.472345894598455
719 3102.9161772996367 1098.7336842546595 214.83597600214307 52.85746452705376 3099 3106 1094 1103 62.0 2.4239042671469413 1.8161695109863494 -82.07118896934315 0.6622596276569915 0.17317050761874517 0.3590426032780076 0.0 16.15696802777212 10.338891 37.90469338079199 30.643217791621378 2.5026571823248265 0.1133782065964685 4.442433223290478 42.069623885917025 49.344883297412814 27.340078426696333
720 2402.102850274295 1107.2561981876606 214.84214399022767 52.86196380032119 2396 2408 1101 1114 141.0 2.9757351877202027 2.8590125776700983 -54.017832103938474 0.2773283436566096 0.2380366895842218 1.1635466113953241 0.0 81.74238731783011 15.705984 121.33202136813222 34.867379379588805 2.041150002646607 0.2439332378159601 6.699380116989518 128.1755944964191 56.045107789636404 26.130486648910136
721 3657.4607769545833 1104.45691668347 214.83096505120378 52.853971285653515 3653 3662 1101 1108 59.0 2.4846582990139665 1.832620880845622 18.530795965639978 0.6752656453088269 0.21065292950574907 0.3257545210988585 0.0 16.231720018342724 10.264235 103.31659948011367 43.265657917224694 3.404457702389425 0.06121343185076928 4.3336224206596095 127.09661181681713 69.1314075379275 26.139665067141202
722 221.8845665359962 1104.7070234245746 214.86164658102564 52.87580217562838 218 226 1102 1108 43.0 2.0638096438543747 1.5222760718298198 -0.9804552984551804 0.6752325791180401 0.17808538307875918 0.29774334547101583 0.0 10.071965500999406 8.828936 27.352767682428727 29.38346914919153 2.6702993096280423 0.08788889648652283 3.6996385101659595 40.25199723384892 46.13264814638196 27.38803141456822
723 3290.14509193803 1107.036656323464 214.83421703438742 52.856319482541004 3286 3297 1103 1111 66.0 2.8119608376250613 1.8422686846994067 27.57144750351379 0.7554949591294254 0.19533168086936673 0.37824026188597365 0.0 18.30141728093844 10.340109 91.82557535835997 42.28961034393579 3.2370751800117206 0.10656882650471207 4.583497844237541 124.36027330592185 67.66559237917016 26.163295830452718
724 3532.760143831528 1114.5439763914217 214.83197208985848 52.854818142631494 3521 3545 1104 1124 412.0 4.932171230763567 4.15832377024968 10.552047368128004 0.537753568960498 0.22985049106264221 2.809233037366113 0.0 396.78604833388965 26.114338 478.01215768517034 47.60271198731221 1.8296449814771556 0.37784713492021244 11.451797811161432 530.225349810951 76.35891875878481 24.58884878175705
725 9216.263087417523 1125.1719270124836 214.78116506424652 52.81874566199624 9192 9237 1104 1142 1281.0 8.967538593550135 6.353503651672531 35.37896715349665 0.7057105254824176 0.20090957704730308 5.492786657398621 0.0 1543.9695139885823 46.414356 1692.9337447639832 66.188329554984 1.52175082325613 0.45208733172612353 20.192943425895987 1750.6039505878525 105.67732219629015 23.292030239487712
726 9514.647647428927 1110.7540872150448 214.7786575938234 52.816770597038676 9511 9518 1107 1114 44.0 1.9649440585124167 1.6809246333178647 -66.25198528806298 0.5178742806590699 0.1939755489377701 0.41684163754041753 0.0 13.948119273172415 8.386314 68.77270198515617 32.87724360220163 3.210106168344459 0.11412965977432452 3.742410318509555 99.77772806749496 52.93711806811739 26.402415972854776
727 2717.1656368407794 1127.2826792349686 214.83911980620397 52.86006973577511 2697 2738 1109 1145 1137.0 6.16009382583763 5.288586612927619 24.532573634766024 0.5127738656010729 0.18224619267764425 19.371299908724136 0.0 2712.463388564205 44.377045 2738.7388961242286 46.69196965931215 1.4013902612600253 0.6421478969087814 19.02415150778005 2883.7305079576436 74.4370697297797 22.75011331998514
728 3594.6285073047998 1113.8902788325995 214.83142666760997 52.854421441380026 3590 3599 1109 1118 79.0 2.5546970158730637 2.0708420545170387 43.11912661078117 0.5855977176668627 0.21587617704779338 0.5816642478416796 0.0 29.041614149604232 11.480888 74.19001606902998 36.25139640047203 2.7490865062426146 0.1617850756093288 5.014626706796775 80.46883142463881 58.07230123550291 26.63593076372362
729 1840.7672291039526 1116.1802262178414 214.8470632526976 52.865578695927745 1833 1851 1112 1121 113.0 4.8558477934384605 1.7612552021631913 -16.562002054778876 0.9319028129858006 0.18900848988318705 0.37367236579595897 0.0 31.039634150716367 10151711000000.0 75.3742284904134 31581989613261.21 2.5520010309784733 0.1050307548495241 5.997417539138688 84.02517611608354 50531183381217.94 26.5889764214496
