outputs/dr0.5_c0.1/nircam2_matched_f814w_f277w_dr0.5_c0.1.ecsv
# %ECSV 1.0
# ---
# datatype:
# - {name: label, datatype: int64}
# - {name: xcentroid, datatype: float64}
# - {name: ycentroid, datatype: float64}
# - {name: sky_centroid.ra, unit: deg, datatype: float64}
# - {name: sky_centroid.dec, unit: deg, datatype: float64}
# - {name: bbox_xmin, datatype: int64}
# - {name: bbox_xmax, datatype: int64}
# - {name: bbox_ymin, datatype: int64}
# - {name: bbox_ymax, datatype: int64}
# - {name: area, unit: pix2, datatype: float64}
# - {name: semimajor_sigma, unit: pix, datatype: float64}
# - {name: semiminor_sigma, unit: pix, datatype: float64}
# - {name: orientation, unit: deg, datatype: float64}
# - {name: eccentricity, datatype: float64}
# - {name: min_value, datatype: float64}
# - {name: max_value, datatype: float64}
# - {name: local_background, datatype: float64}
# - {name: segment_flux, datatype: float64}
# - {name: segment_fluxerr, datatype: float32}
# - {name: kron_flux, datatype: float64}
# - {name: kron_fluxerr, datatype: float64}
# - {name: kron_radius, unit: pix, datatype: float64}
# - {name: gini, datatype: float64}
# - {name: equivalent_radius, unit: pix, datatype: float64}
# - {name: kron4_2_flux, datatype: float64}
# - {name: kron4_2_fluxerr, datatype: float64}
# - {name: kron4_2_mag, datatype: float64}
# meta:
#   PHOTMJSR: 0.3925000131130219
#   PIXAR_SR: 2.11539874851881e-14
#   __serialized_columns__:
#     area:
#       __class__: astropy.units.quantity.Quantity
#       unit: !astropy.units.Unit {unit: pix2}
#       value: !astropy.table.SerializedColumn {name: area}
#     eccentricity:
#       __class__: astropy.units.quantity.Quantity
#       unit: !astropy.units.Unit {unit: ''}
#       value: !astropy.table.SerializedColumn {name: eccentricity}
#     equivalent_radius:
#       __class__: astropy.units.quantity.Quantity
#       unit: !astropy.units.Unit {unit: pix}
#       value: !astropy.table.SerializedColumn {name: equivalent_radius}
#     kron_radius:
#       __class__: astropy.units.quantity.Quantity
#       unit: !astropy.units.Unit {unit: pix}
#       value: !astropy.table.SerializedColumn {name: kron_radius}
#     orientation:
#       __class__: astropy.units.quantity.Quantity
#       unit: &id001 !astropy.units.Unit {unit: deg}
#       value: !astropy.table.SerializedColumn {name: orientation}
#     semimajor_sigma:
#       __class__: astropy.units.quantity.Quantity
#       unit: !astropy.units.Unit {unit: pix}
#       value: !astropy.table.SerializedColumn {name: semimajor_sigma}
#     semiminor_sigma:
#       __class__: astropy.units.quantity.Quantity
#       unit: !astropy.units.Unit {unit: pix}
#       value: !astropy.table.SerializedColumn {name: semiminor_sigma}
#     sky_centroid:
#       __class__: astropy.coordinates.sky_coordinate.SkyCoord
#       dec: !astropy.table.SerializedColumn
#         __class__: astropy.coordinates.angles.Latitude
#         unit: *id001
#         value: !astropy.table.SerializedColumn {name: sky_centroid.dec}
#       frame: icrs
#       ra: !astropy.table.SerializedColumn
#         __class__: astropy.coordinates.angles.Longitude
#         unit: *id001
#         value: !astropy.table.SerializedColumn {name: sky_centroid.ra}
#         wrap_angle: !astropy.coordinates.Angle
#           unit: *id001
#           value: 360.0
#       representation_type: spherical
#   astropy version: '5.1'
#   kernelfile: kernel_f814w_f277w.fits
#   make_catalog parameters:
#     ab_zpt: 31.4
#     coadd_bands: !!python/tuple [f277w, f356w]
#     deblend_contrast: 0.001
#     deblend_nlevels: 32
#     deblend_npixels: 1
#     detect_kernel_fwhm: 4.0
#     detect_kernel_npix: 7
#     detect_npixels: 4
#     detect_threshold_nsigma: 3.0
#     flag_isolated_buffer: 4
#     hst_bands: !!python/tuple [f606w, f814w, f125w, f140w, f160w]
#     jwst_bands: !!python/tuple [f115w, f150w, f200w, f277w, f356w, f410m, f444w]
#     near_border_kernelsize: 21
#     reference_band: f200w
#   make_catalog version: 1.4.0
#   photutils version: 1.5.0
# schema: astropy-2.0
label xcentroid ycentroid sky_centroid.ra sky_centroid.dec bbox_xmin bbox_xmax bbox_ymin bbox_ymax area semimajor_sigma semiminor_sigma orientation eccentricity min_value max_value local_background segment_flux segment_fluxerr kron_flux kron_fluxerr kron_radius gini equivalent_radius kron4_2_flux kron4_2_fluxerr kron4_2_mag
[from data line 4180]
4181 1271.4842137017622 2719.8017724744514 214.9438382011408 52.93256097248637 1268 1277 2716 2722 55.0 2.7837841511002352 1.15924849906174 24.612124931901835 0.9091682316040066 -0.26313011414386395 0.46071868493156576 0.0 7.292000405436718 2.294297 15.71017911532636 6.6985622691144195 2.759248778596158 0.4037363396342427 4.1841419359420025 9.060470251870065 10.740078280242324 29.00712315302311
4182 1281.8359275865748 2719.8806481485626 214.94374462436764 52.93249570008688 1278 1285 2717 2722 36.0 1.9787736161770006 1.2454267423656145 -16.00628567273133 0.7770869618998906 0.011853262988349551 0.23164057387965503 0.0 4.661202327741902 1.8535573 31.33361853263291 8.888800112884937 4.188152199967374 0.2592717708273661 3.385137501286538 23.082566077014913 14.224267010033259 27.99178978134493
4183 300.4345174119122 2721.8731154539873 214.95251776704228 52.938734717145714 298 301 2720 2724 18.0 1.3660962039086828 0.5381299105039387 -72.95692838109446 0.9191455783777043 -0.28502884229042674 0.29970569754049803 0.0 0.8681598448496025 1.23819 2.2348245246836775 1.5419718130777487 1.4 0.34474949016441464 2.393653682408596 1.7126262240815575 2.438565072409143 30.815843525644404
4184 301.2925591115736 2726.8985458960565 214.95245716043277 52.93875641522832 299 303 2725 2727 8.0 1.0124568772611007 0.3132104954155675 8.9500209781785 0.9509460153006765 -0.0852257663236849 0.13221730326208359 0.0 0.30511030575641507 0.8245134 0.9988131388607062 1.3247051339107418 1.8160727172341484 0.4873925989469867 1.5957691216057308 1.6210607813082145 2.130246122069524 30.875501752681487
4185 7883.369965871673 2760.606174732323 214.88422660988107 52.890803248666394 7877 7890 2755 2765 105.0 2.9141891929175996 2.453372065208538 27.023175945843228 0.5396784391686034 -0.029080751571135592 0.8203507199557156 0.0 37.199062801128 3.1999588 194.60000146196063 11.465193665258534 3.33310668199216 0.291086052011957 5.781222885281108 258.58713820215024 19.38790893020935 25.368482700444424
4186 7868.026222094624 2764.4847588630278 214.88432298814786 52.890921624019455 7858 7877 2755 2773 224.0 4.203419455325613 4.169314102259596 -65.60115519023266 0.1271282827004331 -0.1675629356183152 1.092658994622877 0.0 78.4109908173211 4.792706 193.37307298918563 15.994275722391961 2.710440321446112 0.33055808325598185 8.444016491289505 245.52078346578116 25.51175344495902 25.4247793468112
4187 7921.861060202092 2773.025749365847 214.88375168053187 52.89062579176977 7902 7937 2752 2792 722.0 8.734987311107082 5.259188214590228 60.64490177334811 0.7984334311778714 -0.15455617968217922 4.492947544393808 0.0 578.7480856621655 8.631222 930.7029864541464 21.324135973028188 2.2098327723583955 0.39524893366553976 15.159806655254442 935.8083429680069 34.14478890970033 23.972032718203643
4188 7873.258682209939 2781.84884978596 214.88409341159146 52.89098207380418 7850 7897 2755 2804 872.0 8.954431251988487 4.383434098945759 -40.65570165743626 0.8719882508607448 -0.08409527104381705 12.705033294169882 0.0 1138.0080495704672 9.400452 1407.6778280476517 14.762937458684844 1.8403772108908287 0.5722051819513967 16.66031874701878 1623.7961796554393 24.796801196237162 23.37367121176134
4189 7891.330767898334 2795.697258815283 214.8837860291164 52.89094200934306 7858 7920 2753 2825 2398.0 9.68002167250998 9.483171865997697 -42.70658111574969 0.20064350663881286 -0.16188716479759044 37.30250998517843 0.0 6401.520394858877 15.587712 7016.936000791407 18.64462862736827 1.5262054813948671 0.5928117121864164 27.628013085792652 7524.997223278449 31.46938163218235 21.708734139971533
4190 7917.255224838123 2794.310400348759 214.88356880875008 52.890769876848 7909 7930 2783 2805 306.0 4.080301535358265 3.485512137903235 45.13724223872077 0.5198968321219906 0.11465204785743843 10.628465479785982 0.0 573.3951717462969 5.532969 657.0766211208766 7.173609872127981 1.652030188640698 0.48330457266114685 9.869286963719311 711.8462871002578 10.981679343833873 24.26903443961293
4191 7916.385193507848 2816.0086393910747 214.8833481761348 52.89089246622072 7903 7927 2805 2828 347.0 6.4716492138746196 3.3906460905555926 -44.423054442470274 0.8517656100918368 -0.20233811562127066 1.4780889675785063 0.0 175.10525583788456 6.02785 307.3500144224037 15.44286759389239 2.313247589917735 0.35091331011810006 10.509687459947386 359.9185136943987 24.67894564800043 25.009489533211287
4192 10160.155829198979 2766.2648091223346 214.86381439037174 52.8763718947914 10153 10169 2756 2781 295.0 5.607560312335268 2.9678914712932625 -69.81419723987776 0.8484559006510228 -0.1816382772016584 1.4883439803776375 0.0 73.46924792892824 4.870626 152.15054349784512 13.501139610918052 2.602785000539568 0.5169067047128517 9.690274321412074 200.8517424375717 21.65807516134958 25.642810990765053
4193 10119.343843892275 2768.3147505681936 214.86415752052977 52.876642214651106 10111 10129 2762 2773 168.0 3.5211003710888606 2.597145440914079 -3.9914761024939525 0.6752435575613777 -0.05864032276951583 0.6831525435075977 0.0 34.706836785831456 3.699666 77.84581294255308 10.868598114555443 2.8547196762924725 0.41599120906269677 7.312732791431452 65.72338482106619 17.37126016931305 26.855700195135306
4194 10126.96069041489 2786.992430725372 214.86389285722032 52.876694563068384 10107 10152 2769 2805 1227.0 9.757748991750445 7.211533270215717 22.499474864521265 0.673642831074821 -0.14758071629755143 2.6074112965299334 0.0 432.59102238384787 10.091896 516.4222162278147 16.323140595261066 1.5886334197819918 0.4450146746770199 19.762748552453708 538.9995298222797 26.628462511543862 24.57102903413741
4195 10132.406543600797 2809.7259210871766 214.8636049030919 52.87678257679469 10117 10143 2803 2817 282.0 5.339531375664392 2.606980712738312 2.2489953697995455 0.8727085739963347 -0.06962654988715346 2.6732005886149866 0.0 169.24494884781768 4.795925 206.21654633730685 8.573541139456434 1.8022854498632244 0.48834976287429077 9.474354220939228 230.7904446518352 13.713084742843973 25.491955440273504
4196 9443.6505223411 2771.7804517633 214.87015985717528 52.88095318151135 9439 9448 2768 2775 49.0 2.2403264853274756 1.5303946598931983 -14.906969881209783 0.7303133134037307 -0.10731977487320975 0.3268744775276346 0.0 8.242365984893173 2.1074014 41.96869238759734 8.416324239890665 3.4243700205002843 0.28745346227957774 3.949327084834294 37.742253043241675 13.482122646111765 27.457930444910943
4197 9437.060489845628 2775.9959904195644 214.87017438664458 52.88101778074684 9433 9441 2773 2779 41.0 2.1400057627078493 1.4341434777994608 -32.20509409028764 0.7422178373954288 0.012167958086867412 0.337897840931163 0.0 7.7081935773184895 1.9663925 33.14944759378153 6.825769306813537 2.9348707261933797 0.23162627834208904 3.6125759969217834 49.12625591539415 10.895720529224107 27.17171583428158
4198 3509.3732943305904 2776.6692729207484 214.92319561995538 52.918663265194965 3506 3512 2773 2780 35.0 1.7777979957680525 1.5069030621667656 -88.81598527642937 0.5305984222950056 0.06202143454402573 0.623319335105308 0.0 11.613771905022999 1.9944042 61.42528859417464 7.465060489764557 3.1686130030721147 0.24810628796994555 3.3377905890622728 53.70840953688139 11.941613168782485 27.07489427041031
4199 3516.897377190763 2793.5905367414994 214.9229500949601 52.918706851591615 3509 3524 2778 2809 295.0 7.852965519699795 2.3498793598798935 67.39586087848652 0.9541795567080161 -0.19735714325821777 1.0273393439707401 0.0 115.58582965612739 5.60661 144.3644205278487 10.705892097059992 1.7340939183840884 0.3117189169902156 9.690274321412074 150.39539096956622 17.074729506891885 25.956913682418715
4200 524.8534379104705 2788.7012600814933 214.94980288954983 52.93767148353594 504 542 2775 2804 850.0 6.049924736494805 4.322515117629124 7.248891610494822 0.699661791091204 -0.2659698069979829 7.353387157870913 0.0 675.9337469178046 9.421159 698.6924774648858 11.020293237905076 1.50823665830157 0.641210604426818 16.448811606198852 754.9359186398607 17.573817940870086 24.20522477775559
4201 503.0146972896167 2800.846891273875 214.94987070466289 52.93787567336544 500 506 2796 2804 40.0 1.8557560847697854 1.2566675417300541 -66.93338714642846 0.7358240283018825 -0.0935632707699692 0.36237693590534004 0.0 5.558243755784262 2.012209 36.77463775971363 8.131319865663423 3.876363609443175 0.3907867607552993 3.5682482323055424 41.015742452263254 11.843850751734918 27.367623556497165
4202 462.16093091852713 2815.2081121995407 214.95008559498234 52.93821250154833 429 493 2785 2840 2653.0 13.160536868358923 11.827283809039729 -0.8626851847877254 0.4385780361892025 -0.498103319170219 1.0290462460434868 0.0 160.76236764279867 15.906979 142.05852284063678 36.884293933526585 2.172933110342358 0.5693008392350165 29.059871438903453 505.34892972845716 59.214374440872824 24.641021624371323
4203 491.42930557615625 2800.990897958857 214.9499730109719 52.93794997379429 486 494 2795 2806 75.0 2.3170715212206714 1.82041246656138 79.14012650201175 0.6186683550908569 -0.26632659809966186 0.41802542006596155 0.0 5.457492187501429 2.7362251 29.957180120157503 9.382436406852431 3.358210423595254 0.5136916310603057 4.886025119029199 49.189507337018895 14.577152242845088 27.17031881785892
4204 1694.372823345875 2801.7277163525614 214.93918693253556 52.930319404075895 1684 1702 2791 2814 301.0 5.148145860741505 3.4625477457485654 -86.20051341682979 0.7400230434389465 -0.2735659663407353 0.46393001132411116 0.0 40.317562173871934 4.926279 126.24616802882535 15.107764911372081 2.8356012432277176 0.4092619361380891 9.788323438736636 155.96763801555505 24.224772904032125 25.917413761954812
4205 1650.9994784918997 2836.7060747796763 214.9392071859097 52.930783576012395 1615 1694 2786 2893 5446.0 17.909174256475684 10.892145592065996 -76.441508570807 0.7937929879994486 -0.2721561821313553 17.310021039650632 0.0 8218.973621430303 20.930273 8722.470011568483 24.482005370515008 1.4 0.595710360090338 41.63550936588772 8962.207390891452 38.9796976798133 21.51896252617526
4206 1625.597896189036 2832.883650181796 214.9394749945851 52.93092415753546 1597 1637 2803 2854 1248.0 8.819954877285479 6.346086499188476 69.5739555123612 0.6944772917765116 -0.17118294788805652 7.673733613835698 0.0 1660.7908173281194 9.992127 1955.1186314388501 12.347096425382272 1.4401297080428805 0.5794735269344926 19.931149940667517 1992.610968405755 18.606949681387377 23.151443708550666
4207 1618.4990158174694 2862.870066524909 214.93922284626117 52.93113114063027 1595 1632 2840 2888 1086.0 8.985006834324748 5.762442224753238 47.46551228708287 0.7672569962201288 -0.21646580229062662 2.172645510945807 0.0 538.1928070541621 9.366225 630.9243750999182 13.279070170040303 1.5724158854885315 0.5613635106253874 18.592593589803354 653.4078089902616 22.249810529442613 24.362039198751873
4208 8292.220074705836 2802.5711633816013 214.8801290686449 52.888432931339985 8279 8304 2793 2813 364.0 5.579626656981371 4.006404533442833 -12.841971236334192 0.6960000982776514 -0.13441297017122927 0.9542643937312094 0.0 126.58745683131022 6.012195 198.00517693659594 12.76262072831916 1.9680225865298955 0.3761694521158481 10.764051215546116 202.74636639595286 20.299436915105485 25.632617301094456
4209 8280.402476403733 2799.5153854273904 214.88026689810184 52.88849150456841 8275 8286 2794 2806 95.0 2.939459923946609 1.9351206226479636 -52.51575247830936 0.7527336149436302 0.06660791764660438 1.553173972238185 0.0 53.8431415241544 3.065632 75.1250846540969 5.985347949337318 1.8056087201411228 0.3540564019844859 5.499039842323396 85.576921869125 9.574305447796952 26.56910834695831
4210 387.960238822138 2814.1722092567124 214.9507614674187 52.93867779270428 376 402 2796 2830 575.0 7.016433786938447 4.315204762732443 76.86660762747789 0.7885162160560792 -0.27451231911258656 2.3476562335856497 0.0 329.88546765388014 7.21298 424.640983245137 13.877089933918828 1.8790592359351397 0.45834982908750255 13.528790949515026 458.9659307712862 22.163175759443188 24.745548877808147
4211 394.04458276299204 2828.2007789762447 214.9505592197354 52.938714949231255 385 404 2815 2838 274.0 3.8498230620899307 2.8857044816030792 -55.06888693858462 0.6619272567333674 -0.25408556744462474 6.784226368264429 0.0 274.39233646583716 5.00295 325.32137183174393 8.110606419156458 1.8062938211740145 0.5495997629936278 9.338999347593866 367.9522794485743 12.883375621158317 24.98552125573482
4212 7311.751606629821 2820.1795517565133 214.88871142579254 52.89475498432754 7301 7322 2807 2831 375.0 5.79304219496056 3.9766346354581588 80.66924802929525 0.7271768718783568 -0.18150666920201364 0.6210891855188213 0.0 80.03161190288988 5.503314 268.5797643933949 17.699799229810754 2.928158896241761 0.3642123551523289 10.925484305920792 354.67581085380226 28.31097415176111 25.025421074287713
4213 7311.764290280106 2850.1536890929688 214.8883957712108 52.89491663000953 7293 7334 2822 2880 1485.0 9.987592738636915 7.48765683294171 86.98869199604648 0.661782541094725 -0.2868850620532747 1.773686039393035 0.0 386.6052359106038 11.008643 584.7059140616116 23.947285426202438 2.2809692211842476 0.4987286457694065 21.741439257393452 671.7181151021857 39.23710482123453 24.33203234838817
4214 7320.857549282475 2879.1070362358805 214.88800964716805 52.89501509804532 7304 7335 2857 2898 789.0 7.842600146743546 4.950269656410599 -76.74663093141528 0.7756179918089943 -0.20886559048671183 1.4991725288596827 0.0 148.13421334113332 8.010446 209.50367033165557 14.525385960871295 1.834523436311451 0.506850195158385 15.847602348589229 238.72629327349273 23.213721929751777 25.455249363095582
4215 2091.1317985687483 2816.081648770567 214.93548168558303 52.92787864215868 2084 2098 2808 2826 204.0 4.3953033046334635 3.0598255447476426 80.43282743731922 0.7178886008408372 -0.09105104636500003 0.7049775789199051 0.0 70.29879531004079 4.0473776 113.96162899585205 9.028470452257512 1.9642991941283456 0.2718243656967 8.058239062071396 148.87938249043356 14.570150374533453 25.967913603010548
4216 2079.82845681592 2814.6624275864797 214.93559787692317 52.9279427238572 2077 2084 2812 2817 39.0 2.4230414718761 1.022836837697772 27.867787465746527 0.9065356259319283 -0.22156912979081697 0.3762160008963615 0.0 4.578192138748594 1.7724414 55.48337599311775 8.42204700231104 4.206409626797463 0.4001267755801015 3.523362819972964 75.40404945133763 13.387215442356883 26.706513326070027
4217 2079.99644240416 2839.948272822879 214.93533012947955 52.92807819267957 2062 2100 2822 2859 1070.0 8.130175783290607 6.681112589155267 0.11743813006554313 0.5698232245523512 -0.19526074564647025 3.082480183324218 0.0 411.5240154881171 9.311532 657.119698837899 22.27005140016187 2.388348364754698 0.44305216110237305 18.455123359562137 768.4802248315797 35.533843570855296 24.18591825911268
4218 3008.2022322214743 2845.6873871089333 214.92695656655232 52.922217326217094 2993 3026 2824 2868 921.0 8.035396038164237 5.265200025268146 -81.47188641741356 0.7554113668513406 -0.2750246416603425 3.265129835845102 0.0 431.5115500346602 9.678456 489.57351981175776 12.776275342867022 1.4 0.5412830982648833 17.12201521945566 470.94989401731374 20.29853092097815 24.717563241250744
4219 3021.5992830292644 2849.6558141531355 214.92679481386227 52.92215370831069 3014 3034 2837 2861 326.0 5.658511527061582 3.0194929461433238 -36.063623252676585 0.8457245816971226 -0.10197728710423547 2.49361411474288 0.0 138.06216097977824 5.835056 203.9456523557649 12.077835955254233 2.056376600304153 0.5146649691914571 10.186708148166206 232.43744075656898 19.368664824318163 25.484234787473742
