outputs/dr0.5_c0.1/nircam2_f356w_dr0.5_c0.1.ecsv
# %ECSV 1.0
# ---
# datatype:
# - {name: label, datatype: int64}
# - {name: xcentroid, datatype: float64}
# - {name: ycentroid, datatype: float64}
# - {name: sky_centroid.ra, unit: deg, datatype: float64}
# - {name: sky_centroid.dec, unit: deg, datatype: float64}
# - {name: bbox_xmin, datatype: int64}
# - {name: bbox_xmax, datatype: int64}
# - {name: bbox_ymin, datatype: int64}
# - {name: bbox_ymax, datatype: int64}
# - {name: area, unit: pix2, datatype: float64}
# - {name: semimajor_sigma, unit: pix, datatype: float64}
# - {name: semiminor_sigma, unit: pix, datatype: float64}
# - {name: orientation, unit: deg, datatype: float64}
# - {name: eccentricity, datatype: float64}
# - {name: min_value, datatype: float64}
# - {name: max_value, datatype: float64}
# - {name: local_background, datatype: float64}
# - {name: segment_flux, datatype: float64}
# - {name: segment_fluxerr, datatype: float32}
# - {name: kron_flux, datatype: float64}
# - {name: kron_fluxerr, datatype: float64}
# - {name: kron_radius, unit: pix, datatype: float64}
# - {name: gini, datatype: float64}
# - {name: equivalent_radius, unit: pix, datatype: float64}
# - {name: kron4_2_flux, datatype: float64}
# - {name: kron4_2_fluxerr, datatype: float64}
# - {name: radius_kron20, unit: pix, datatype: float64}
# - {name: radius_kron50, unit: pix, datatype: float64}
# - {name: radius_kron80, unit: pix, datatype: float64}
# - {name: near_border, datatype: bool}
# meta:
#   PHOTMJSR: 0.4047000110149384
#   PIXAR_SR: 2.11539874851881e-14
#   __serialized_columns__:
#     area:
#       __class__: astropy.units.quantity.Quantity
#       unit: !astropy.units.Unit {unit: pix2}
#       value: !astropy.table.SerializedColumn {name: area}
#     eccentricity:
#       __class__: astropy.units.quantity.Quantity
#       unit: !astropy.units.Unit {unit: ''}
#       value: !astropy.table.SerializedColumn {name: eccentricity}
#     equivalent_radius:
#       __class__: astropy.units.quantity.Quantity
#       unit: !astropy.units.Unit {unit: pix}
#       value: !astropy.table.SerializedColumn {name: equivalent_radius}
#     kron_radius:
#       __class__: astropy.units.quantity.Quantity
#       unit: &id001 !astropy.units.Unit {unit: pix}
#       value: !astropy.table.SerializedColumn {name: kron_radius}
#     orientation:
#       __class__: astropy.units.quantity.Quantity
#       unit: &id002 !astropy.units.Unit {unit: deg}
#       value: !astropy.table.SerializedColumn {name: orientation}
#     radius_kron20:
#       __class__: astropy.units.quantity.Quantity
#       unit: *id001
#       value: !astropy.table.SerializedColumn {name: radius_kron20}
#     radius_kron50:
#       __class__: astropy.units.quantity.Quantity
#       unit: *id001
#       value: !astropy.table.SerializedColumn {name: radius_kron50}
#     radius_kron80:
#       __class__: astropy.units.quantity.Quantity
#       unit: *id001
#       value: !astropy.table.SerializedColumn {name: radius_kron80}
#     semimajor_sigma:
#       __class__: astropy.units.quantity.Quantity
#       unit: !astropy.units.Unit {unit: pix}
#       value: !astropy.table.SerializedColumn {name: semimajor_sigma}
#     semiminor_sigma:
#       __class__: astropy.units.quantity.Quantity
#       unit: !astropy.units.Unit {unit: pix}
#       value: !astropy.table.SerializedColumn {name: semiminor_sigma}
#     sky_centroid:
#       __class__: astropy.coordinates.sky_coordinate.SkyCoord
#       dec: !astropy.table.SerializedColumn
#         __class__: astropy.coordinates.angles.Latitude
#         unit: *id002
#         value: !astropy.table.SerializedColumn {name: sky_centroid.dec}
#       frame: icrs
#       ra: !astropy.table.SerializedColumn
#         __class__: astropy.coordinates.angles.Longitude
#         unit: *id002
#         value: !astropy.table.SerializedColumn {name: sky_centroid.ra}
#         wrap_angle: !astropy.coordinates.Angle
#           unit: *id002
#           value: 360.0
#       representation_type: spherical
#   astropy version: '5.1'
#   make_catalog parameters:
#     ab_zpt: 31.4
#     coadd_bands: !!python/tuple [f277w, f356w]
#     deblend_contrast: 0.001
#     deblend_nlevels: 32
#     deblend_npixels: 1
#     detect_kernel_fwhm: 4.0
#     detect_kernel_npix: 7
#     detect_npixels: 4
#     detect_threshold_nsigma: 3.0
#     flag_isolated_buffer: 4
#     hst_bands: !!python/tuple [f606w, f814w, f125w, f140w, f160w]
#     jwst_bands: !!python/tuple [f115w, f150w, f200w, f277w, f356w, f410m, f444w]
#     near_border_kernelsize: 21
#     reference_band: f200w
#   make_catalog version: 1.4.0
#   photutils version: 1.5.0
# schema: astropy-2.0
label xcentroid ycentroid sky_centroid.ra sky_centroid.dec bbox_xmin bbox_xmax bbox_ymin bbox_ymax area semimajor_sigma semiminor_sigma orientation eccentricity min_value max_value local_background segment_flux segment_fluxerr kron_flux kron_fluxerr kron_radius gini equivalent_radius kron4_2_flux kron4_2_fluxerr radius_kron20 radius_kron50 radius_kron80 near_border
[from data line 765]
766 3579.839229187778 2689.6319164896063 214.92348106764555 52.917746056513025 3575 3585 2685 2694 88.0 2.358983435284465 2.0054860674843797 28.459203815423983 0.5265431078147671 0.057433425184122325 1.3027569774228833 0.0 47.24613940136561 0.99740255 66.69871519175015 2.113125852274212 2.087104656278682 0.33657544401909917 5.292567428401227 66.68558173110053 3.3794960398176643 1.9612854059159188 3.6154154863820853 6.3884590604491045 False
767 2598.6380525535933 2687.7410397518397 214.93228740677304 52.923964335988785 2597 2601 2686 2690 20.0 1.2556562530114341 1.0866857923352835 -50.51598739691247 0.5010254507222862 0.15075972233615173 0.4915244266899961 0.0 6.098684192297412 0.49624467 18.251197527275302 1.6128623133282456 2.79303715825854 0.18571369787373754 2.5231325220201604 25.025597794728384 2.5148427016544885 1.8018093373080057 3.506764328217661 5.779418818368383 False
768 6108.580345935443 2688.0447851710064 214.90086510729898 52.90168249544695 6107 6110 2687 2689 8.0 0.8332602632803187 0.6950999587594662 1.3370907276454718 0.5514724641051996 0.25386156268539994 0.4170632051045425 0.0 2.7295647150846145 0.27408898 9.353097144135415 0.9507216805630485 2.9457050960223996 0.09711168116508896 1.5957691216057308 11.718144808452866 1.5284111691226816 1.2957557605581749 2.361819392830615 3.8073381680358986 False
769 7906.411858111997 2690.309014394661 214.8847605538172 52.89027764246049 7903 7910 2687 2694 51.0 1.9003081057654203 1.6891341430863511 -41.549533383562604 0.4581520657356255 0.11085281383413799 0.7539387034187559 0.0 21.608055163760497 0.7488718 34.14020576279894 1.7111710573439196 2.080179648952728 0.22276229859779054 4.029119531035698 35.43857214659153 2.7555655246819732 1.8441989700420798 3.271143643973863 5.622725825741335 False
770 429.3353413210176 2694.981433185499 214.95164573253297 52.93777146845243 425 434 2691 2699 69.0 2.213769369727045 2.016292899785631 47.59954781555457 0.4128560790983646 0.14005922738999027 0.6437186546136735 0.0 25.585829515454115 0.830803 40.00669972348341 1.7852956806430722 1.9595512240863153 0.2106197503267552 4.686510657907603 40.08355709897853 2.8375189107276486 2.129406757865089 3.8490154601288347 5.867258735565285 False
771 3442.2618304609828 2702.418995118817 214.9245782620685 52.918688446166655 3432 3453 2691 2719 405.0 4.880593961048101 3.739631215126023 -70.19707431519765 0.6425728314003385 0.13617333328659123 4.879996915776579 0.0 463.3076124221899 2.2146742 578.9792019775896 3.8864185457786427 1.967566489124285 0.4643269562785508 11.354096349090721 673.5507984163555 6.118688407757603 3.02151713120407 5.929467512058864 11.711687000635155 False
772 187.8193255273907 2695.2651503276156 214.9538072252853 52.93930564712606 185 191 2693 2698 32.0 1.4981792977469797 1.4543650386154758 -5.357013524096656 0.24007235824184622 0.2150874161751119 0.5846963246690416 0.0 12.676475796779219 0.6755514 27.18615652607118 2.1883195515592337 2.5177497235049238 0.17012449328333423 3.1915382432114616 31.264355740463174 3.8000493905646104 1.8330994183866904 3.4320042499898618 5.997718670433797 False
773 797.5069485762401 2701.3504608847456 214.94827938920199 52.93546939506183 788 808 2695 2708 229.0 3.8394806581344127 2.5936392820843 -0.8053567871008558 0.7373432609163921 0.09003448836283036 3.4693436288387924 0.0 189.47476781540666 1.565603 236.46344159766676 2.8805831912626676 2.0340485862586775 0.4615451815866087 8.537737635702333 280.0838447798786 4.538855996163234 2.333217895252843 4.57465890509454 8.899972078463625 False
774 7657.375072894825 2700.2101943852977 214.8868833346601 52.891912693386814 7653 7662 2695 2705 90.0 2.411701079298908 1.9907580743103546 -47.74724782871899 0.5644634663188477 0.05953002906383086 1.4394867799586237 0.0 53.112437874837255 1.0391515 74.718214714228 2.1756108079022454 2.120232833178677 0.3453221033550563 5.352372348458314 87.83329046160105 3.4714314593697773 1.9562746368374457 3.61907424544408 6.5714648693290165 False
775 9412.05084558044 2707.786939367536 214.87111589291092 52.88080872955414 9403 9422 2696 2719 300.0 5.915685059208138 3.4648174567464483 51.41239802157628 0.8105278329027499 0.09157756652798832 0.7261745235832016 0.0 109.82403268118648 1.9977386 291.9590327436143 6.44567036747332 2.843609754950572 0.18974306698677554 9.772050238058398 496.01269936048453 10.205628822579161 6.31542184166667 13.646731356710667 24.83253474616019 False
776 6705.118050709155 2737.178309673553 214.89501120168393 52.898159574694034 6684 6726 2698 2778 2088.0 12.587315586787835 5.646323977756671 81.05382247607582 0.8937464331790337 0.04143186474726599 10.578977531285638 0.0 2714.6595069770483 5.0401006 2866.6515114052654 6.282773181879299 1.5679080557818053 0.5853404091791794 25.780439141949365 3093.7696096487734 9.58738209953236 4.971260617199125 10.284975479312422 19.39535776553723 False
777 653.7107496393708 2703.461851047053 214.9495457091709 52.93639336199683 651 656 2701 2706 29.0 1.430967509853014 1.420698926491431 5.340376041122621 0.11958448991344561 0.15828659425188385 0.4038270953489453 0.0 8.105255425238658 0.5454521 34.71020850196105 1.9711567779838637 3.14280862210713 0.14488767252786539 3.0382538898732494 58.62605328816042 3.142352350762501 2.7439164656598645 5.56557802249952 8.986002146199619 False
778 3774.8675165021345 2765.8313359583703 214.92093268147977 52.91691933064495 3711 3837 2702 2830 11011.0 14.68019838828161 11.120937739783903 58.71443242784035 0.6527808221001342 0.06378784575601082 435.4600422768468 0.0 54489.435930089756 16.403915 52623.766651751255 14.646668835615905 1.4 0.8168312184457222 59.202281685503635 55121.97809355064 18.010183175900885 3.367573936812023 8.632303465417484 19.847520777264926 False
779 4034.174140311624 2703.7730796116352 214.91926457735923 52.91493813676858 4033 4035 2703 2705 6.0 0.751693503765269 0.5659091669949994 -42.37415134962044 0.6581971302166602 0.28337964800730464 0.43009443961364013 0.0 2.213750609513635 0.24666722 12.916692045794951 0.979195118507248 3.406986660430029 0.0906556117253921 1.381976597885342 19.27209667911668 1.5854278856942283 1.5188114029219015 2.8098893071116424 4.2889912876589875 False
780 7427.6779278183785 2705.8233498226396 214.8888784517231 52.89340174861933 7425 7430 2703 2708 29.0 1.577767149949713 1.2848615391521758 -23.345314845125515 0.5803679827657743 0.15968746481548007 0.46725588518393113 0.0 8.551630434469391 0.57812357 28.655812363190858 1.9638510596098075 3.035248680490863 0.15098275531844607 3.0382538898732494 35.46694287133611 3.1151497120194325 2.3688815380569106 4.662353566803522 8.411332714279832 False
781 8202.833732988622 2714.004437933472 214.88186059142123 52.88852285100406 8192 8213 2703 2723 336.0 4.20845583262082 3.8141849198314657 11.783907959635535 0.42260367377918756 0.06766623430730521 3.9950943179619154 0.0 301.0905132112031 2.0897093 348.4632477973728 3.35140072390644 1.6970940806192525 0.4357509324556581 10.341765891652821 376.27019873654353 5.205276808508259 2.628518397352088 5.366903946125911 9.305157854188549 False
782 2353.3281826445764 2708.2874360776555 214.9342681643912 52.92563235849601 2351 2356 2706 2710 22.0 1.3642491862256447 1.120254503264578 -31.89118255406403 0.5707110755974726 0.26309461689545294 0.7454901538518092 0.0 10.589233478744447 0.4635973 23.644602462791255 1.3730729080093413 2.5327125720072203 0.16006346580622652 2.6462837142006137 28.039921721585337 2.1885705256125045 1.5810964672324732 2.946735595091448 5.34101596543111 False
783 1849.9912611014136 2709.708181916739 214.93876177019354 52.928834793765766 1848 1852 2707 2712 24.0 1.3307620699503306 1.1736534038165696 -84.9798524326118 0.4713601312062328 0.12957533163818483 0.4082358729977559 0.0 6.0724468381404195 0.48318687 11.6512531314108 1.278524740360161 2.3536719743375145 0.1950857294300692 2.763953195770684 12.637005514296586 2.0654899863503595 1.4482528773468528 2.7017296737400724 4.700677486918857 False
784 3847.7545672168226 2708.549393266093 214.92088321833367 52.916147388647026 3847 3848 2707 2710 6.0 1.0319188559557029 0.36766262377922065 76.5878015927911 0.9343753314889799 0.09175605118101049 0.3019026827423044 0.0 1.2246613471229835 0.24205366 18.374562114080035 1.0607447013806117 3.8641674696875983 0.26673662267438336 1.381976597885342 39.134183035887844 1.7190439722254898 2.2584323278275966 4.08502308866775 5.669620290462825 False
785 4304.84843408571 2714.8299858842815 214.91672511129792 52.913279429434944 4299 4312 2709 2720 127.0 2.999603664314568 2.7484338707939724 5.655348269966846 0.40057111244950844 0.09706936947412431 0.7756678826872089 0.0 49.8746389633062 1.122458 92.02167667882938 2.9734277650663667 2.3656979456416467 0.2080780908033954 6.358093703724522 105.66325006440749 4.766135273917528 3.152854491706706 5.949178148331121 9.920120886793145 False
786 3521.4795499653924 2713.4312137134007 214.9237530265836 52.91824501541173 3520 3523 2712 2715 15.0 1.1547880566717217 0.9551204610568479 -50.43702907992896 0.5620608336976658 0.2577374550343097 0.4541630717148455 0.0 5.693017688429022 0.4032635 15.613965734514938 1.252998638764796 2.621653167577067 0.08066375349686841 2.1850968611841584 15.733913240633743 2.021167697478937 1.5788211001615025 2.674714044932514 3.913647933552546 False
787 8038.557628702571 2718.0258236926106 214.8832871488834 52.88958790319279 8033 8044 2712 2724 123.0 3.173171772006355 2.257588779861018 -55.23621082717415 0.7027253224190496 0.1375209932975322 1.170082478558207 0.0 65.5669081444288 1.2028073 105.6868372061334 2.857613492319272 2.2547089707756416 0.286132759024299 6.257165172872317 130.26651687485764 4.5743813523480465 2.7221020932279196 5.078715748522228 9.233028439084695 False
788 10216.757897273992 2717.940439872022 214.8638172298984 52.875751691712686 10212 10222 2712 2724 101.0 2.9704238409978587 2.144765137579777 -61.95133420168725 0.6918512043381286 0.16256494136210559 0.8215860243201102 0.0 41.190941955379294 1.0753473 78.23620865337374 2.831947472996154 2.42250505095141 0.23035727395527428 5.670035141386943 94.96033866896087 4.671457218401234 2.785707740785767 5.5598107346808066 9.731217022854075 False
789 3419.5410752306184 2714.494813257864 214.92465456121843 52.91889787284909 3418 3421 2713 2716 12.0 0.9630997892400607 0.8822590948298 -0.7690952338497787 0.40103672947042157 0.3134292356193063 0.492338154788463 0.0 4.900550102296263 0.34736258 16.081966699102423 1.1739644110014396 2.8627996891606 0.10280252828574664 1.9544100476116797 29.037771258259397 1.8928912126309656 1.5399959884052072 2.813782330036427 4.839708595520958 False
790 3502.366890792733 2714.843826612905 214.92390928210304 52.918373971166936 3500 3505 2713 2717 22.0 1.532371949543755 1.0240511803874437 -12.59147142165906 0.7439112096643085 0.15026524268632757 0.45989602202857166 0.0 6.463295949991445 0.46279562 25.212167563177065 1.794165446817112 3.0513185932755253 0.16893365819538658 2.6462837142006137 28.224577302313648 2.876023707488906 2.3022821505989626 4.147919176037681 6.484567238124691 False
791 1660.402716237181 2715.281052987329 214.94040147536552 52.930068193630014 1658 1663 2714 2717 15.0 1.4170971642034969 0.8023732603459033 -11.589227144631115 0.824261666415067 0.24514948410495097 0.377814027325411 0.0 4.699934052922458 0.40993527 28.43163169798359 1.6612733590331432 3.369580210682815 0.06829933824875413 2.1850968611841584 39.18148960633055 2.627188273654801 2.498032973744206 4.922402164662123 7.165042858446545 False
792 2656.153080017028 2717.2067411296857 214.93146206636882 52.923758353881304 2652 2660 2714 2721 57.0 2.4256316339951183 1.637116764601302 34.99656546700283 0.7378873409757705 0.14433999142365492 0.5283593782806898 0.0 19.849087463136613 0.7777461 45.23684969243864 2.244533902717084 2.5591926422674307 0.1511765389750132 4.259537945889915 66.89673599868168 3.5976497017922076 2.5684802701564275 4.94872304745462 9.040046446005713 False
793 9652.661347777124 2716.6736821549925 214.86887180200847 52.87932826084505 9652 9656 2715 2719 21.0 0.9414658182414699 0.85324119062722 -62.07737232257687 0.42265609838594226 -0.07290036660128266 0.12916623306461195 0.0 0.1290617030005938 0.49831223 0.9709247025875056 0.5993996716236498 1.4 0.7431043795300769 2.5854414729132054 0.9715534730255012 0.9637416598701527 1.0615354023438621 1.7049417545456282 2.3431982334843693 False
794 261.6183890317194 2747.868656797756 214.95259191271518 52.93912144884411 223 300 2716 2778 3422.0 9.31019066451527 7.898661490464906 -2.2311866520238013 0.5293736328483863 0.056551932758236126 88.29532444159743 0.0 6824.820071538199 6.671501 6672.163923464297 6.217956282206001 1.4 0.7359502388984538 33.0038850822283 7312.901911093153 9.201804185527521 2.592940799538292 6.193615751877956 14.764115236967099 False
795 860.2012219099885 2722.8783019686502 214.9474909271612 52.93518778465471 850 870 2716 2730 237.0 4.16613727163708 2.707116344189609 16.929628223850372 0.760113366550872 0.06867909125272093 2.1288314865121154 0.0 138.25392732547004 1.5741609 193.51294455517706 3.1937549768885196 2.1599131137932943 0.4093477017485864 8.685588237163813 256.40164587258494 5.118536734655014 2.6853273361808085 5.633115919463007 10.96465619902581 False
796 1140.252136719809 2718.82111179165 214.94502432612003 52.93338854980226 1138 1143 2716 2722 35.0 1.6059674940735862 1.44784578509191 -75.01734376919178 0.43269336809096404 0.1523794457732584 0.6265005397276151 0.0 13.112155285742261 0.6298846 30.907687313966935 1.8478452088407127 2.651184783554796 0.1859389759424845 3.3377905890622728 40.0522649296968 2.8976278087802734 2.004120992727009 3.847949509740612 6.135727878791604 False
797 2329.3500715369205 2722.4918715814742 214.93433337230107 52.92586125331622 2325 2334 2716 2729 102.0 3.021103533723388 2.049208455209645 -70.99144946146893 0.7347869326860726 0.06820600340363167 0.7809716512274452 0.0 38.16867056371789 1.0261219 95.36689789827213 3.1343355527466303 2.838821665517128 0.2595553249802727 5.698035485213008 112.92700007458353 5.027351734705169 3.311012511347844 7.452204443252893 12.035365742977802 False
798 3060.8205921415865 2719.5911934919536 214.92781301704233 52.921202525134966 3058 3064 2716 2723 43.0 1.9626480817791716 1.523272243320527 46.31047838256609 0.6305715605042587 0.1581722914028768 0.46292013025801626 0.0 14.354857859648003 0.6613221 27.355285175894657 1.717811796980872 2.2270410950604353 0.14029040176809782 3.6996385101659595 27.81656581857913 2.7444360713084808 2.051738204438827 3.583260207945394 5.681879179090842 False
799 9446.227578726712 2734.5343519040644 214.8705288750826 52.880735909200986 9429 9464 2717 2753 936.0 4.816587173635876 4.380626851387032 -85.03202738030326 0.41573080294454273 0.11680372706020911 48.242846061928276 0.0 2435.4292699921275 4.0456595 2393.215099339283 3.8405237018118927 1.4 0.7232944859918418 17.26088217525478 2597.3591475855683 5.644559974688447 1.9584218650817897 3.893340417255792 7.760267735719421 False
800 1525.4198474196644 2723.9701513126247 214.9415192539076 52.930971829490076 1520 1530 2718 2729 105.0 2.6017013679623258 1.998507749184566 -53.139659644759384 0.6402649252329927 0.11579681546130424 1.6541722602396443 0.0 60.91367692409772 1.0475216 76.95429387510569 1.8441972244447662 1.795761689157121 0.3886102724994793 5.781222885281108 88.41554185558931 2.962604458114958 1.848772714001337 3.4426515565516955 5.991383430635544 False
801 3136.822151870124 2720.8347271301254 214.92711935079743 52.920726792325155 3136 3138 2720 2722 6.0 0.7761948004407203 0.5677928660283648 45.428517095298425 0.6818326366915082 0.17400670086650932 0.20563728086338492 0.0 1.107897209758853 0.24644779 7.401255400578615 1.0317025684900776 3.5090267115048697 0.03516248148053672 1.381976597885342 10.048486432229575 1.6525056497735124 1.6339384288152436 2.7092955053248193 3.7797464946723793 False
