outputs/dr0.5_c0.1/nircam6_f160w_dr0.5_c0.1.ecsv
# %ECSV 1.0
# ---
# datatype:
# - {name: label, datatype: int64}
# - {name: xcentroid, datatype: float64}
# - {name: ycentroid, datatype: float64}
# - {name: sky_centroid.ra, unit: deg, datatype: float64}
# - {name: sky_centroid.dec, unit: deg, datatype: float64}
# - {name: bbox_xmin, datatype: int64}
# - {name: bbox_xmax, datatype: int64}
# - {name: bbox_ymin, datatype: int64}
# - {name: bbox_ymax, datatype: int64}
# - {name: area, unit: pix2, datatype: float64}
# - {name: semimajor_sigma, unit: pix, datatype: float64}
# - {name: semiminor_sigma, unit: pix, datatype: float64}
# - {name: orientation, unit: deg, datatype: float64}
# - {name: eccentricity, datatype: float64}
# - {name: min_value, datatype: float64}
# - {name: max_value, datatype: float64}
# - {name: local_background, datatype: float64}
# - {name: segment_flux, datatype: float64}
# - {name: segment_fluxerr, datatype: float32}
# - {name: kron_flux, datatype: float64}
# - {name: kron_fluxerr, datatype: float64}
# - {name: kron_radius, unit: pix, datatype: float64}
# - {name: gini, datatype: float64}
# - {name: equivalent_radius, unit: pix, datatype: float64}
# - {name: kron4_2_flux, datatype: float64}
# - {name: kron4_2_fluxerr, datatype: float64}
# - {name: radius_kron20, unit: pix, datatype: float64}
# - {name: radius_kron50, unit: pix, datatype: float64}
# - {name: radius_kron80, unit: pix, datatype: float64}
# - {name: near_border, datatype: bool}
# meta:
#   PHOTMJSR: 0.3925000131130219
#   PIXAR_SR: 2.11539874851881e-14
#   __serialized_columns__:
#     area:
#       __class__: astropy.units.quantity.Quantity
#       unit: !astropy.units.Unit {unit: pix2}
#       value: !astropy.table.SerializedColumn {name: area}
#     eccentricity:
#       __class__: astropy.units.quantity.Quantity
#       unit: !astropy.units.Unit {unit: ''}
#       value: !astropy.table.SerializedColumn {name: eccentricity}
#     equivalent_radius:
#       __class__: astropy.units.quantity.Quantity
#       unit: !astropy.units.Unit {unit: pix}
#       value: !astropy.table.SerializedColumn {name: equivalent_radius}
#     kron_radius:
#       __class__: astropy.units.quantity.Quantity
#       unit: &id001 !astropy.units.Unit {unit: pix}
#       value: !astropy.table.SerializedColumn {name: kron_radius}
#     orientation:
#       __class__: astropy.units.quantity.Quantity
#       unit: &id002 !astropy.units.Unit {unit: deg}
#       value: !astropy.table.SerializedColumn {name: orientation}
#     radius_kron20:
#       __class__: astropy.units.quantity.Quantity
#       unit: *id001
#       value: !astropy.table.SerializedColumn {name: radius_kron20}
#     radius_kron50:
#       __class__: astropy.units.quantity.Quantity
#       unit: *id001
#       value: !astropy.table.SerializedColumn {name: radius_kron50}
#     radius_kron80:
#       __class__: astropy.units.quantity.Quantity
#       unit: *id001
#       value: !astropy.table.SerializedColumn {name: radius_kron80}
#     semimajor_sigma:
#       __class__: astropy.units.quantity.Quantity
#       unit: !astropy.units.Unit {unit: pix}
#       value: !astropy.table.SerializedColumn {name: semimajor_sigma}
#     semiminor_sigma:
#       __class__: astropy.units.quantity.Quantity
#       unit: !astropy.units.Unit {unit: pix}
#       value: !astropy.table.SerializedColumn {name: semiminor_sigma}
#     sky_centroid:
#       __class__: astropy.coordinates.sky_coordinate.SkyCoord
#       dec: !astropy.table.SerializedColumn
#         __class__: astropy.coordinates.angles.Latitude
#         unit: *id002
#         value: !astropy.table.SerializedColumn {name: sky_centroid.dec}
#       frame: icrs
#       ra: !astropy.table.SerializedColumn
#         __class__: astropy.coordinates.angles.Longitude
#         unit: *id002
#         value: !astropy.table.SerializedColumn {name: sky_centroid.ra}
#         wrap_angle: !astropy.coordinates.Angle
#           unit: *id002
#           value: 360.0
#       representation_type: spherical
#   astropy version: '5.1'
#   make_catalog parameters:
#     ab_zpt: 31.4
#     coadd_bands: !!python/tuple [f277w, f356w]
#     deblend_contrast: 0.001
#     deblend_nlevels: 32
#     deblend_npixels: 1
#     detect_kernel_fwhm: 4.0
#     detect_kernel_npix: 7
#     detect_npixels: 4
#     detect_threshold_nsigma: 3.0
#     flag_isolated_buffer: 4
#     hst_bands: !!python/tuple [f606w, f814w, f125w, f140w, f160w]
#     jwst_bands: !!python/tuple [f115w, f150w, f200w, f277w, f356w, f410m, f444w]
#     near_border_kernelsize: 21
#     reference_band: f200w
#   make_catalog version: 1.4.0
#   photutils version: 1.5.0
# schema: astropy-2.0
label xcentroid ycentroid sky_centroid.ra sky_centroid.dec bbox_xmin bbox_xmax bbox_ymin bbox_ymax area semimajor_sigma semiminor_sigma orientation eccentricity min_value max_value local_background segment_flux segment_fluxerr kron_flux kron_fluxerr kron_radius gini equivalent_radius kron4_2_flux kron4_2_fluxerr radius_kron20 radius_kron50 radius_kron80 near_border
[from data line 3119]
3120 8235.163066232308 3734.792580575933 214.81465446511757 52.82064618539374 8224 8248 3726 3744 360.0 5.6817078523499855 3.544349469199037 -28.66565947587733 0.7815699438635315 0.12941704913133315 2.28884423109263 0.0 349.09580027749905 11.346038 422.63562552961974 20.46984608971983 1.7036900363669658 0.3093850957079672 10.704744696916627 436.66299539293857 32.45223155628015 3.7023870147920395 6.70694244473489 10.657710942586986 False
3121 9136.511426676583 3732.387909676489 214.80664297200275 52.81490367617556 9127 9145 3726 3738 186.0 4.5137172802991605 2.889062421496572 -11.519799652077857 0.7683226146807008 0.1990177712744707 0.9262388260879827 0.0 114.33410868313348 8.804147 511.39214271479904 35.979735032826994 3.3114205940488843 0.15226038960797894 7.694520051971082 928.4310079565408 59.2408075041195 7.0727242733872835 15.26700301456642 23.842722366207713 False
3122 1515.9715678151047 3736.334364768934 214.8746160943979 52.86334888808628 1506 1526 3729 3744 231.0 4.948662367442279 2.8249744433780486 26.721963969726023 0.8210500799031175 0.10912459588410803 0.7816797124950614 0.0 94.02528745305383 9.838419 115.16039044240794 14.866678617861016 1.4 0.2535055195586889 8.574939283076915 120.52528740831212 23.750409942338123 3.2503776253046603 5.753933552947262 8.85170801878044 False
3123 8689.85205995894 3739.8798565863162 214.81054650128806 52.81778336987554 8682 8696 3732 3747 133.0 4.445924409842962 2.0397667175711716 48.43747617740997 0.8885422836712307 0.0977263492561812 0.49969517044892525 0.0 42.686471126323596 6.8665895 120.11643311954558 22.862017261121494 2.844895300835187 0.1999815183177214 6.506551687525748 134.96246239857132 36.353694401235536 4.364570996539222 8.670874879342662 14.202493332991525 False
3124 8099.06332916022 3734.213751305445 214.81587425774757 52.821508156673644 8097 8100 3733 3735 10.0 0.9910413617525765 0.7169035487654037 -22.387399560293545 0.6904458453979638 0.061283088890390816 0.25055743352566273 0.0 1.6547416463195281 1.9797484 5.2579609587060805 6.3431962815260245 2.8195049483999624 0.22341474655409888 1.7841241161527712 -2.063570784556858 10.093251604280267 1.3275160880389258 2.2154657825679713 3.044560540664711 False
3125 10054.382785192123 3736.317595227961 214.79841970725255 52.809089709086074 10052 10057 3734 3739 28.0 1.559921194991496 1.26456268603641 -36.35513397624564 0.5855198660582764 0.20038286063025212 0.5438692980952304 0.0 11.070607231438867 3.225934 37.77870376035311 11.072728187127812 2.8868962996143113 0.14151087944179044 2.985410660720923 67.95541544416946 17.773662007944225 2.3313063248634363 4.386144717373423 8.262133917840343 False
3126 303.2636126952952 3768.746639096733 214.8851126787867 52.87122619649137 270 340 3736 3796 2908.0 7.935627866364575 6.6735988526913115 -20.565427012191098 0.541086863558732 -0.22230431793983285 31.02441252951942 0.0 4317.939119367295 34.66799 4205.275905508198 29.019584514902025 1.4 0.7839428229012084 30.424416987387996 4527.608982701467 46.72599743812382 3.253929419050961 6.368517066256969 11.318573625248941 False
3127 6369.240960705813 3745.0471437732094 214.83119064593737 52.83256074273045 6363 6375 3737 3753 171.0 3.284765615330401 2.949816138568902 74.58600670227405 0.4399354188236822 -0.09792578035400451 0.9713421317443643 0.0 71.65701791357 7.75005 117.3259309602686 16.585781030423938 2.0421868367391034 0.30293551626169263 7.377736139048903 118.5709945930706 26.670686403947432 3.0821326119316264 5.893858577897739 9.798117659431458 False
3128 8171.171852592683 3743.325509007611 214.81513536478326 52.82109891858789 8166 8175 3739 3747 57.0 2.5053375629945234 1.682014669782258 -37.8497858458622 0.7411201019344004 0.12195491896772535 0.4354629931238908 0.0 19.168370416239227 4.399668 64.18901511189152 16.147162602956524 2.980993659021607 0.11185861031262495 4.259537945889915 90.57335968216547 25.889113995550936 3.3120078471792973 6.39798928910374 10.401346175852556 False
3129 8370.480217304712 3743.4492174019533 214.813356734826 52.81983270648453 8366 8375 3739 3748 83.0 2.394480314402271 2.216885992011559 -67.4444987090162 0.37793584032548927 0.20149426978706814 0.8038617143063095 0.0 39.07385551189728 5.420393 90.55531393886045 17.04233682354541 2.7686634067851337 0.20270033056921358 5.140011726956917 107.78843123090155 27.242618237556425 2.949679596761332 6.095892768462192 12.09790317899212 False
3130 3119.9190067663408 3742.1802959385905 214.86022648348063 52.85319152836614 3118 3122 3740 3745 22.0 1.3628905530129916 1.18734895964879 -87.89019739064796 0.4909299434598978 0.23934931904825307 0.3924939341190332 0.0 7.113475801304811 2.8133395 30.515582046663745 10.600756760749658 3.130239409124066 0.08258882515353734 2.6462837142006137 23.46800265831832 17.294456557913698 2.4268226347531865 4.5372569540228245 7.2528735596069565 False
3131 7960.9167247801515 3749.4704129810725 214.81694578848837 52.822468466462595 7952 7970 3740 3760 321.0 4.678161715883049 4.155896140207052 -84.57461292722438 0.45914577203049656 0.07048485076382412 1.180435993977082 0.0 167.95847295898525 10.514122 305.9423667046324 28.435833179164643 2.4366538201450636 0.2551681593244795 10.108287365572707 358.740657441296 45.673370180081164 4.703175645665826 9.216914729081875 17.051788704850058 False
3132 4082.254158844055 3748.978944067092 214.85156162194062 52.847114234477665 4080 4084 3747 3751 22.0 1.4651935390798958 1.1643977139811625 38.90895324983029 0.6069948835820779 0.05133194949618433 0.11508480793478718 0.0 1.913502578126025 2.8154163 30.923293816789766 13.72632343086571 3.903451567952602 0.12858288615504013 2.6462837142006137 34.12371758585044 22.051345205514675 4.5026342707575715 7.027817325269255 10.599039727482404 False
3133 9293.055902681503 3748.446938465195 214.80507846739243 52.81399505206153 9292 9295 3748 3749 7.0 0.9730389896800178 0.4860394359324939 -7.1310038123377835 0.8663100582343076 0.19586434243077228 0.41235990090552055 0.0 2.3022130730879993 1.5561842 43.375127638115934 7.1305083944470065 3.966806350034663 0.1470853905992674 1.4927053303604616 89.79769239474453 11.814610112666346 2.8952732879496432 4.807820361961109 6.279094029544817 False
3134 6148.400870198717 3750.3582657055194 214.83310527386308 52.83399281872982 6146 6151 3749 3752 21.0 1.4472336292574326 1.0321507363736384 10.353039216018647 0.7009720489522117 0.2252612198884767 0.4519664430077625 0.0 7.359305710872837 3.051531 30.3892449044028 10.75270704882541 3.1689192573519236 0.11496769676815158 2.5854414729132054 36.28984209756133 16.91552105821467 2.266177197755349 4.2502170425971695 7.195117315184026 False
3135 8396.236510374783 3755.1500289354935 214.81300398865676 52.81973204191671 8393 8401 3749 3763 98.0 3.629156157266014 1.9607647456345836 -71.71225903391621 0.8414845536940624 0.22970868841751058 0.7348513070027113 0.0 50.33161836839456 5.856528 106.85189337631726 15.813561488688114 2.2609299385158907 0.15060583186721857 5.585191925620057 90.88134108754126 25.63171999107501 3.224672503735152 5.90379787915387 9.106465999113729 False
3136 3892.7636976166186 3756.4323436534137 214.8531751065692 52.84835835630221 3883 3900 3750 3765 163.0 5.9242854093114925 1.9769904172715695 39.73880782687319 0.9426759564420565 -0.18620186705539346 0.362487662211557 0.0 24.18131240034469 7.709417 118.1578172156946 28.400026011690645 3.069747597554748 0.2781289888904334 7.203090409536582 166.56612369341275 46.03026941578208 8.937467439056704 13.667588445293733 19.939274975203716 False
3137 7204.651879179841 3751.94951755596 214.8236650451367 52.827288587420014 7203 7206 3751 3753 9.0 0.9316519158019515 0.7085270299517237 23.86247047614812 0.6493307061080201 0.10570975145431748 0.20325425403690656 0.0 1.2914292772915392 2.0299902 11.50637403893809 8.614319183668194 3.661194935941742 0.14169340473383477 1.692568750643269 24.915883810513577 13.647810864427388 2.2181643723111266 3.7658224268564613 6.137628419709543 False
3138 3904.4325566925295 3754.0080070994213 214.85309642120086 52.84827114570167 3903 3907 3753 3755 11.0 1.237461097236946 0.7319735476329945 -15.227913142133152 0.80629592270285 0.07235472026104299 0.1761367811250108 0.0 1.6270979119252587 2.0021758 27.93025623000283 9.859758781580755 3.8450989536380518 0.10869806622831212 1.8712051592547776 46.263353362787996 15.63833377632314 3.371435041524793 5.3757897634470835 7.1946723015850065 False
3139 3971.0604784437896 3757.982674025957 214.85245970020762 52.84786925908018 3968 3975 3754 3762 56.0 2.224361154856169 2.0523810937765594 89.50485093781599 0.38555850330483254 0.11628064805458395 0.3968368444423374 0.0 13.860210933011661 4.58063 95.35055912833859 19.77105177217657 3.397863707592999 0.14164611618054476 4.222008245644752 129.70198986098097 31.614574570828182 4.955998237074755 9.965465410344098 14.626563165018318 False
3140 8566.228829815296 3758.8129860886984 214.81144965156528 52.81867122011776 8562 8570 3755 3762 58.0 2.0948202803410356 1.9032006678863582 5.714622612687642 0.4178262697757468 0.24266906973954294 0.630364651773001 0.0 23.85886070397329 4.4612913 36.63061393880108 7.728148047080568 1.4644069057751663 0.1565315161849816 4.296739856991561 33.44812852534599 12.467759228433142 2.067721072749292 3.547398549634346 5.143123974716853 False
3141 6301.211346445784 3758.4517921213087 214.83165663627128 52.83306533441886 6299 6305 3756 3760 31.0 1.2841544376497322 1.2443178648905222 64.07388165772684 0.24714556834195242 -0.04064615472233468 0.11391986009547335 0.0 1.4634124056950417 2.7067657 1.9602180589225595 3.8135110542092154 1.4 0.39359319482549354 3.141274657157109 0.968471537745418 6.12064585103542 1.1483286998581046 1.940783280673229 2.7210383764416273 False
3142 6970.745615740389 3762.7632726874867 214.82563787225973 52.82883348590635 6964 6977 3756 3769 127.0 3.7308701333146326 2.740690585931832 36.75515243070114 0.678502354130741 0.14566740549242677 0.483555673652756 0.0 32.392133207773064 6.6466904 92.48977265545483 21.54012138726448 2.5348153658174364 0.1590249318219722 6.358093703724522 117.63191256832482 34.47749937986708 4.701732828246681 7.8247535955238625 11.645846686134892 False
3143 9095.116296939259 3759.853719992236 214.80672313664226 52.81531481650786 9091 9099 3756 3765 64.0 2.306169777242499 1.9016367032399613 56.21876468530574 0.5657357454368576 0.1327144408793772 0.45208889953641973 0.0 18.490197509501474 4.8384476 102.78085653190263 19.657767143238047 3.405439282646087 0.16781866124175127 4.51351666838205 196.23850001138064 32.32838447563321 4.808673048458894 10.027613759721621 14.661870738535319 False
3144 nan nan nan nan 9880 9884 3756 3761 25.0 nan nan nan nan -0.1453566213004405 -0.001927531525063673 0.0 -2.406247497762561 2.9870994 nan nan nan -0.23659313929839546 2.8209479177387813 nan nan nan nan nan False
3145 7776.205023011447 3773.191591832752 214.81834363195037 52.82377035603863 7760 7793 3757 3790 790.0 6.505142331338805 5.369372711697313 -43.773444069234586 0.5645420052922978 0.1175313056607489 5.889565631624779 0.0 1236.4237537975243 16.62392 1413.51176547246 26.33351053096189 1.6919623881257413 0.4527467421509371 15.85764200898717 1506.2769958236008 42.95437602779909 4.287518699420612 7.944255462581309 13.366710753615584 False
3146 427.5331964263561 3761.80480805672 214.88407498273475 52.87039949647419 423 429 3758 3764 35.0 1.3998658260018473 1.1968807345118109 -48.408093252095654 0.5186333522009284 -0.06500737115087503 0.46979815821228044 0.0 5.213913127332194 4.2493563 13.816428052773329 9.775814528657886 2.3491106214795723 0.507186860385139 3.3377905890622728 21.89089272334609 16.043920768910155 1.7196438570478247 2.9120888003900225 4.1593308429662885 False
3147 6045.151565343456 3766.8214021349145 214.8338534021197 52.83473770843779 6038 6053 3758 3776 230.0 4.568234443475199 3.4133718521259135 -70.83402791067611 0.6646024283843012 0.10370106448182886 0.6160015178716989 0.0 84.68201625714987 9.165397 224.00991615187394 29.02802015619748 2.7203839226011226 0.19236128233007366 8.556358677747903 250.9085785713277 46.04811207029564 5.605371594944341 10.381750516717112 15.840995345530228 False
3148 170.0671741786267 3762.204355242784 214.88637208621262 52.87203683039471 167 174 3759 3767 56.0 2.0402872671150445 1.7435513512760752 -87.02861795002117 0.5193498863096208 0.034233623766803216 0.3834888103281461 0.0 12.074031224077675 4.6097217 43.08482110053191 15.959124444620372 3.072801238963401 0.26954012547460293 4.222008245644752 45.24671108517237 25.70384980559742 3.18316176634269 7.803748036613654 12.033914039441436 False
3149 562.2181959083332 3765.772703877944 214.88282944844607 52.869565495142076 559 565 3759 3774 84.0 3.684934731198667 1.6873842480848293 -84.19899230081893 0.8889963491162804 0.134207830221411 0.3916115246369689 0.0 23.615662610693143 5.79612 138.68101355793004 24.294808718064896 3.511193653708761 0.1129637117266671 5.170882945826411 151.39572258420145 38.73226073863792 6.059853264609455 12.62508649949142 18.739142127857253 False
3150 10219.572097789483 3761.4349000641887 214.7966832670478 52.80817481654368 10218 10222 3759 3764 23.0 1.5160877485599644 1.171055630419679 -64.33726947840184 0.6351127682468874 0.11795714690975684 0.3015815792939698 0.0 4.689071993103439 3.1433845 86.39957898881862 14.28687205949457 3.8765950447209403 0.1667473901980425 2.7057581899030048 174.7215399111174 22.896952181114468 4.926416797065467 8.17358929126442 11.357608377587864 False
3151 1718.1750634648063 3761.3262487315637 214.8725464908285 52.86219931881969 1716 1720 3760 3763 19.0 1.471557745863517 1.1115107191831104 13.079306003694665 0.6553454131109294 0.06005753442015294 0.13937750625505385 0.0 1.8541174645373693 2.3609655 34.05676496050073 12.054998893714082 3.932316966755225 0.1289227098397453 2.4592453796829674 65.61152775964763 19.07472344257546 4.097211771401881 6.2699213096359365 8.632169591576478 False
3152 2447.1460522810403 3768.7053099689174 214.86595649736503 52.85760851660329 2437 2457 3760 3778 281.0 4.790293412658154 3.8606453800331346 -6.602703079916648 0.5920096439326604 0.11985875134363833 0.7931885492758578 0.0 105.3401533061161 10.172624 223.63864326432366 28.094131933071285 2.4038504820673507 0.2320477309341782 9.45754080179648 175.84009312192808 44.939386753011824 5.19938242063909 9.93382973005638 15.327401429596755 False
3153 8928.982703221562 3774.30445392248 214.80805231329086 52.816448775038864 8915 8944 3760 3789 648.0 6.582117872160571 5.84072898198169 -62.02545131166213 0.4610711486188389 -0.02019630849694436 1.0449946911408923 0.0 287.4948027073334 15.31652 552.806829451273 41.581140707418065 2.5210057162520125 0.2823787513409522 14.361922094451577 566.2905784714334 66.50281930172531 6.721052137668077 13.681515896192623 25.175103832227673 False
3154 2544.604126436857 3766.403446922774 214.86511016582202 52.85697699653531 2539 2550 3761 3771 97.0 2.6964222206927992 2.2835124083619913 37.743064950726826 0.5318039090045228 0.05486867611889272 0.46031526880781204 0.0 21.141816906823212 6.0984974 97.35893900399361 21.90604543469429 3.2653522689327765 0.2671771084406442 5.556622981616415 87.80947327936923 35.27676281043472 5.185547651251879 10.783191928700944 16.06984081158497 False
3155 7950.247422981826 3762.922980028516 214.81689943979023 52.822608780995516 7949 7951 3762 3764 8.0 0.8293219266150861 0.6857950027517095 -52.57585774790945 0.5622980999199805 0.06901105814548764 0.1771586802167987 0.0 1.0164088599809418 1.6582615 16.473057063431487 7.88167560219935 3.829831937698446 0.18204292312440462 1.5957691216057308 34.522350163281615 12.36119175013187 2.7995581322767205 4.763319708519054 6.522462627107292 False
