outputs/dr0.5_c0.1/nircam3_matched_f277w_f356w_dr0.5_c0.1.ecsv
# %ECSV 1.0
# ---
# datatype:
# - {name: label, datatype: int64}
# - {name: xcentroid, datatype: float64}
# - {name: ycentroid, datatype: float64}
# - {name: sky_centroid.ra, unit: deg, datatype: float64}
# - {name: sky_centroid.dec, unit: deg, datatype: float64}
# - {name: bbox_xmin, datatype: int64}
# - {name: bbox_xmax, datatype: int64}
# - {name: bbox_ymin, datatype: int64}
# - {name: bbox_ymax, datatype: int64}
# - {name: area, unit: pix2, datatype: float64}
# - {name: semimajor_sigma, unit: pix, datatype: float64}
# - {name: semiminor_sigma, unit: pix, datatype: float64}
# - {name: orientation, unit: deg, datatype: float64}
# - {name: eccentricity, datatype: float64}
# - {name: min_value, datatype: float64}
# - {name: max_value, datatype: float64}
# - {name: local_background, datatype: float64}
# - {name: segment_flux, datatype: float64}
# - {name: segment_fluxerr, datatype: float32}
# - {name: kron_flux, datatype: float64}
# - {name: kron_fluxerr, datatype: float64}
# - {name: kron_radius, unit: pix, datatype: float64}
# - {name: gini, datatype: float64}
# - {name: equivalent_radius, unit: pix, datatype: float64}
# - {name: kron4_2_flux, datatype: float64}
# - {name: kron4_2_fluxerr, datatype: float64}
# - {name: kron4_2_mag, datatype: float64}
# meta:
#   PHOTMJSR: 0.4047000110149384
#   PIXAR_SR: 2.11539874851881e-14
#   __serialized_columns__:
#     area:
#       __class__: astropy.units.quantity.Quantity
#       unit: !astropy.units.Unit {unit: pix2}
#       value: !astropy.table.SerializedColumn {name: area}
#     eccentricity:
#       __class__: astropy.units.quantity.Quantity
#       unit: !astropy.units.Unit {unit: ''}
#       value: !astropy.table.SerializedColumn {name: eccentricity}
#     equivalent_radius:
#       __class__: astropy.units.quantity.Quantity
#       unit: !astropy.units.Unit {unit: pix}
#       value: !astropy.table.SerializedColumn {name: equivalent_radius}
#     kron_radius:
#       __class__: astropy.units.quantity.Quantity
#       unit: !astropy.units.Unit {unit: pix}
#       value: !astropy.table.SerializedColumn {name: kron_radius}
#     orientation:
#       __class__: astropy.units.quantity.Quantity
#       unit: &id001 !astropy.units.Unit {unit: deg}
#       value: !astropy.table.SerializedColumn {name: orientation}
#     semimajor_sigma:
#       __class__: astropy.units.quantity.Quantity
#       unit: !astropy.units.Unit {unit: pix}
#       value: !astropy.table.SerializedColumn {name: semimajor_sigma}
#     semiminor_sigma:
#       __class__: astropy.units.quantity.Quantity
#       unit: !astropy.units.Unit {unit: pix}
#       value: !astropy.table.SerializedColumn {name: semiminor_sigma}
#     sky_centroid:
#       __class__: astropy.coordinates.sky_coordinate.SkyCoord
#       dec: !astropy.table.SerializedColumn
#         __class__: astropy.coordinates.angles.Latitude
#         unit: *id001
#         value: !astropy.table.SerializedColumn {name: sky_centroid.dec}
#       frame: icrs
#       ra: !astropy.table.SerializedColumn
#         __class__: astropy.coordinates.angles.Longitude
#         unit: *id001
#         value: !astropy.table.SerializedColumn {name: sky_centroid.ra}
#         wrap_angle: !astropy.coordinates.Angle
#           unit: *id001
#           value: 360.0
#       representation_type: spherical
#   astropy version: '5.1'
#   kernelfile: kernel_f277w_f356w.fits
#   make_catalog parameters:
#     ab_zpt: 31.4
#     coadd_bands: !!python/tuple [f277w, f356w]
#     deblend_contrast: 0.001
#     deblend_nlevels: 32
#     deblend_npixels: 1
#     detect_kernel_fwhm: 4.0
#     detect_kernel_npix: 7
#     detect_npixels: 4
#     detect_threshold_nsigma: 3.0
#     flag_isolated_buffer: 4
#     hst_bands: !!python/tuple [f606w, f814w, f125w, f140w, f160w]
#     jwst_bands: !!python/tuple [f115w, f150w, f200w, f277w, f356w, f410m, f444w]
#     near_border_kernelsize: 21
#     reference_band: f200w
#   make_catalog version: 1.4.0
#   photutils version: 1.5.0
# schema: astropy-2.0
label xcentroid ycentroid sky_centroid.ra sky_centroid.dec bbox_xmin bbox_xmax bbox_ymin bbox_ymax area semimajor_sigma semiminor_sigma orientation eccentricity min_value max_value local_background segment_flux segment_fluxerr kron_flux kron_fluxerr kron_radius gini equivalent_radius kron4_2_flux kron4_2_fluxerr kron4_2_mag
[from data line 1976]
1977 10228.567081438568 2611.140402106309 214.756506867876 52.820309499263224 10227 10230 2609 2613 13.0 1.1733663226808353 0.8335004333921665 -64.13480865525979 0.7038489055272438 0.27541585965038395 0.3956507570599873 0.0 4.320799001941908 0.4385407 19.005049547700754 1.5855357063934779 3.1399934964384513 0.07266530210567523 2.0342144725641096 19.665373936809836 2.48045665701719 28.16574447768058
1978 2595.820063518652 2614.153115162829 214.82455132637452 52.86885589334427 2592 2600 2610 2618 61.0 1.8041850181817585 1.6673516702243227 -8.814779013331455 0.3820109256971225 0.05887403309056556 0.9898894492241922 0.0 22.73856723154481 0.89609885 27.429122378661173 1.4161679136134964 1.6942164882008155 0.38935560797292923 4.406461512053774 27.292048494885655 2.172470212076686 27.809909664248085
1979 3560.9888745129892 2612.486575467766 214.81595216301534 52.862712373599635 3560 3562 2611 2614 8.0 0.8355793952922935 0.7131015519835872 89.3246944933801 0.5212211388377899 0.22865279955064108 0.281428799614195 0.0 2.104117582379593 0.3052971 13.406127279200502 1.2366544927450311 3.4753332605359635 0.0419093754322865 1.5957691216057308 17.23009242619502 1.9634948783609532 28.309280982224557
1980 4033.7686612080647 2616.875675659404 214.81168601995927 52.85973084621863 4030 4038 2612 2622 77.0 2.2617929719301793 2.067017430854604 -86.42393798229065 0.40597439360079324 0.17508329148757756 0.8782739129608519 0.0 34.24566189094553 0.89606214 51.839583979393005 1.9253106946427208 1.942304081883997 0.24611497398294563 4.950743503369154 49.35615601207427 3.0253457212172084 27.166646679150595
1981 10117.976017666062 2616.538970473679 214.75743531667334 52.82104199717994 10113 10123 2612 2620 78.0 2.6535143163121435 2.0233037160673955 23.223801385170862 0.6469886367188032 0.15720673291920426 0.5862593908251609 0.0 28.615067675208454 0.98962593 75.63905226712515 3.2315495835977894 2.8312064039451643 0.16447967822122758 4.982787485166879 93.71608546945868 5.08221369170204 26.470464650553634
1982 519.644373557345 2633.3048171728383 214.84289333375412 52.88215304408704 495 544 2616 2651 1328.0 8.208742018769916 4.884192393079815 -15.917950786236803 0.803726520885469 0.20327161023765383 18.111506118631123 0.0 3291.2865386564918 4.1143656 3367.5095032774652 4.567804507682144 1.4643552426895767 0.6228831778703704 20.56004690782767 3571.0105875374047 6.846638897666345 22.51802215546018
1983 7090.3347492109115 2620.8414438712393 214.7843761008929 52.84031981903677 7085 7094 2618 2624 49.0 2.292009684798308 1.6888705303076266 1.218615857300015 0.6760547491155048 0.23155102270837297 0.43647171078682456 0.0 17.784192901603088 0.75289327 72.07963856331934 2.970456832749281 3.1554314733816082 0.07041242192446903 3.949327084834294 84.52675882149742 4.816364795838672 26.582514459316634
1984 1896.151262162685 2623.2997868238126 214.83070295577429 52.87335184810578 1893 1899 2619 2628 55.0 2.150896267846932 1.6321824088982704 84.63357745411217 0.6512791073805371 0.25638510555604793 0.8610695089978607 0.0 26.584442894132525 0.7614398 53.21133062768807 2.0768082175390257 2.472984312230829 0.2019862795043262 4.1841419359420025 60.050433119533565 3.298415433828376 26.953709639647478
1985 8627.45074189309 2624.609605065646 214.77063277426885 52.83056539658242 8623 8632 2619 2630 85.0 2.8804802011071673 1.9671175014671722 -56.468090712986665 0.7304996747014707 0.21320230107856408 0.6908441738975991 0.0 36.348207708565546 1.0779454 75.9752895895476 3.0808772586056463 2.481431457653232 0.17586416752848272 5.201570947860099 91.392965384555 4.970608190278068 26.49771807773993
1986 6087.8568286754735 2623.542155185712 214.79328826283154 52.84670840144488 6084 6092 2620 2627 56.0 2.3584808091947647 1.7072820535202995 -36.271949848221624 0.68991479215341 0.16176732977944516 0.3456010643354576 0.0 14.547133975667904 0.81923443 34.6476376120163 2.225171607438564 2.568645201460633 0.10833448440016424 4.222008245644752 42.10449637028357 3.5447033719403396 27.339178807647688
1987 1866.20504467325 2625.7577649541986 214.83094451904427 52.87355540970126 1862 1871 2622 2629 63.0 2.4211946439147938 1.7255111242283763 8.243262477997224 0.7015001424732115 0.13748833444836916 0.5273288336129717 0.0 20.77048361736736 0.75558996 41.584685221268956 2.0943366473941207 2.4664644079545246 0.18036518754554787 4.478115991081385 44.06480993511127 3.3786350838121493 27.289770246954074
1988 6678.767155872145 2625.059877176311 214.78800193877098 52.84295948469712 6675 6682 2622 2628 38.0 1.830741317641965 1.3774763688848373 -13.22776291109429 0.6586898924160915 0.20243724578792166 0.6945990013491916 0.0 16.438209038151882 0.7379459 38.798190967262016 2.0582251241037324 2.728951659018301 0.17717391564037815 3.477898169151024 42.42519905555166 3.301439280855539 27.33094027832861
1989 7480.163037524105 2623.066022162155 214.78087671111032 52.83785298268668 7479 7482 2622 2625 11.0 1.01521060886703 0.8523738909351244 -56.75869053687547 0.5432004901094679 0.2590313825716417 0.3626271781877105 0.0 3.495081322613681 0.37441733 28.984974365693617 1.5906365108113194 3.483131950911221 0.0608067321810082 1.8712051592547776 58.21068415847759 2.456773598473098 26.987493240900257
1990 7328.806942679829 2627.311147602781 214.78218156969908 52.83883829433255 7326 7331 2623 2631 45.0 2.1913358251938964 1.4174490583478365 78.51293748303289 0.7626236492983959 0.19461956451725682 0.5745899232707228 0.0 16.976985471678933 0.72401553 45.59513657709712 2.4430176914866415 2.826214405459918 0.14733847880868678 3.7846987830302403 49.868749433524215 3.887714935740812 27.15542880629034
1991 2955.88175374858 2627.681803354015 214.8211940908163 52.86664035600015 2954 2958 2626 2630 21.0 1.3152487584521455 1.1554455101326975 -37.35060847464199 0.4777430797185392 0.2575415740846834 0.4710816233997241 0.0 7.539030259887297 0.43946093 21.933635780072706 1.510566886010925 2.836130940616104 0.10105424169721389 2.5854414729132054 20.78657043607204 2.415815743361579 28.10554289686775
1992 903.740542428271 2637.563596366723 214.83941703239955 52.87973532262367 893 915 2627 2653 440.0 5.14022988925932 3.4872133946387533 -51.503187120318564 0.7346781224967998 0.13275686897819589 5.258338206678216 0.0 426.85772694559716 2.2518477 477.38423320878275 3.232768481855712 1.6738204992017862 0.5153480318382082 11.834540545406394 515.4978094194081 5.001932310736493 24.619432939719758
1993 3017.0568213302 2630.1200769803295 214.82062225394827 52.86626467624114 3015 3019 2628 2632 19.0 1.398462429693189 1.0012583865823204 -38.68058334129152 0.698130137296144 0.25370188427101903 0.3908398767917227 0.0 6.001138190157205 0.42636797 14.031664225123508 1.2218755938800776 2.3365510932997675 0.07956668698933377 2.4592453796829674 11.353662515305171 1.9523618092749653 28.76216004802599
1994 4216.756923118196 2634.2102435970755 214.80987036200258 52.8586610669226 4213 4220 2630 2638 58.0 2.1057918235516744 1.6837356302065225 -58.91569990448679 0.6005680616485106 0.1259123728336135 0.6330568415040008 0.0 19.295447152843604 0.74759066 34.364834947300125 1.9910102031880534 2.400661500286931 0.24379995955876732 4.296739856991561 48.63067020022099 3.2189886814646598 27.182724362977968
1995 388.73754120778244 2635.0350520160155 214.84404470521625 52.882994177938535 387 391 2633 2637 15.0 1.195899877881388 0.9413398794825536 -17.753902700499903 0.6167751682868915 0.18068788299777822 0.3414968084936859 0.0 4.136106792684852 0.37821224 15.174813208916259 1.3371110302224545 2.9413165459778248 0.09544650346210992 2.1850968611841584 19.28313382986054 2.116366439613954 28.18705596155798
1996 7484.4009836695095 2637.5050573671965 214.78068692971183 52.83790380278887 7476 7492 2633 2642 114.0 4.113799043034172 1.8335186474750704 -11.761824169435972 0.8951825811888666 0.17098345811806986 0.7255697541002164 0.0 47.892295193899486 1.164951 105.8289007643438 3.614727536997311 2.6140628492028934 0.19218910906640344 6.023896332520351 147.81347726702148 5.70690392334091 25.97571491559969
1997 2247.125435055532 2638.7882398173883 214.82740557405722 52.87120480257518 2245 2250 2636 2641 25.0 1.3201425179852213 1.2962231152154295 27.213299246487956 0.18949753508338213 0.26727249613313375 0.7422346393195227 0.0 11.732710194112432 0.6482796 21.75903923239374 1.4381264748718643 2.313855468277716 0.17000391531400894 2.8209479177387813 23.822157321707977 2.1452460354961644 27.957547278996135
1998 1308.6297066267703 2644.7663236323842 214.83572439077255 52.87720123557409 1297 1318 2637 2651 219.0 5.103554195430215 2.4554058348394188 -22.942652065029918 0.8766564848238535 0.10577885206008043 1.0655180426780093 0.0 97.41568077485248 1.5161339 156.97985125505286 3.6451253608983993 2.3350109842537754 0.31759464049103076 8.349243383340204 203.75644216335985 5.858548073299029 25.627221628227396
1999 7761.2226144361675 2642.3362122407016 214.77816799146575 52.836169518622285 7756 7766 2637 2648 103.0 2.660147355728917 2.1841930828056353 -73.36988767949545 0.5708135165571143 0.14538780914434438 1.319138511050155 0.0 58.64738895220074 1.220008 101.72451352319933 3.1151317580695985 2.448947816768675 0.3034699848186788 5.725898905580716 144.24745401473538 4.918519625458881 26.002229608638707
2000 8539.778363845322 2638.458743472055 214.7712684438777 52.831197538906885 8537 8542 2637 2640 15.0 1.3104588235913612 0.8643320169803446 -4.065367027232701 0.7516480378377656 0.2438210107170874 0.5373296747149651 0.0 5.791642214639557 0.46037441 19.98365154787427 2.022462605433171 2.902001711287483 0.14213704132353852 2.1850968611841584 14.32891968981899 3.044268795307878 28.50946637858379
2001 8644.19221313707 2639.7947126392683 214.77032371381782 52.83054069984416 8642 8647 2637 2643 29.0 2.093189201061423 1.0151388048701975 52.5377902733526 0.8745295062216597 0.31038432716061454 0.6486101125741675 0.0 13.679794295019644 0.5975128 58.55305981765418 2.258409196411424 3.1151338486469067 0.11958582144894254 3.0382538898732494 93.9968745670894 3.676900131801169 26.467216466554813
2002 175.97049751049462 2650.171032446714 214.84578639312417 52.88442772250846 168 184 2638 2660 293.0 4.737969498947117 3.2619046163917793 82.84432587067583 0.7252738847472794 0.15698646734268487 1.991786168794529 0.0 192.6223028765409 1.7684926 246.8038031139802 3.3775550538269012 1.8894069823430157 0.35811989075779116 9.657370069115643 265.37729120041047 5.3997061955093235 25.340340608052617
2003 589.1672447629127 2641.8076510927244 214.84218266584125 52.88175712126563 586 592 2639 2645 36.0 1.8147200931088243 1.3622070160700228 38.56572978811655 0.6607079682888141 0.2019457881833579 0.4573525563799092 0.0 10.864443185528259 0.56986773 29.58744487804848 1.878699080927241 2.809800244717231 0.14549373005886346 3.385137501286538 39.104337093905514 3.048222667507456 27.419437679944327
2004 7642.695454655021 2642.395152727865 214.77922410916761 52.836923554820714 7639 7646 2639 2645 42.0 1.6409024004859787 1.4498230893982877 43.32173154313657 0.46833250350528033 0.04179715849018558 0.7129831448890475 0.0 14.408791128419583 0.7418171 18.31952671839383 1.6563565008643566 2.1504743520511025 0.30699110023883414 3.656366395715726 25.676353474368074 2.7179948070692395 27.876166635543193
2005 1220.4821578625533 2649.360920051352 214.83646338142958 52.87778615857854 1210 1231 2640 2659 329.0 4.421099407926668 3.2439572751330736 25.288017891401037 0.6794255232981188 0.14966149576409268 3.521643406332389 0.0 266.9371483782544 1.8422891 332.57411890919093 3.2154318633600063 1.9642690904488516 0.46250829869091703 10.233472165128859 385.79466461221534 5.081233222057218 24.934109456929246
2006 9596.927994065638 2646.5168131489163 214.76176229541656 52.82451751073573 9591 9602 2642 2652 98.0 2.6222828509474683 2.491081324883777 -28.758496367768664 0.31235126612207026 0.19733567031289623 0.7080819283840801 0.0 39.041823107188726 1.152146 102.12406789988924 3.5760434098631886 2.772764942008533 0.18156451127092435 5.585191925620057 126.3294026320064 5.784873139268615 26.146238893708535
2007 10057.635613831562 2643.6971523395723 214.75768705606922 52.82157201785412 10055 10060 2642 2646 24.0 1.5956968177290276 1.1146733388931505 22.98069651132452 0.7155616583180405 0.26057769433332206 0.37923476169868375 0.0 7.640309334554967 0.5203057 21.836777145634574 1.747939508265661 2.7208254600227004 0.0676483264938286 2.763953195770684 13.389511685791582 2.9111762506833965 28.58308815344332
2008 9517.776140394448 2659.607481661549 214.76232980593477 52.82509142373723 9507 9529 2644 2675 572.0 5.678678477203106 3.9452439132152572 89.39022856050269 0.7192543581960229 0.1697081433227328 7.171959201377507 0.0 721.6977009279893 3.1525815 822.4088274053827 4.5442780017086655 1.7792830784531355 0.5147116289313652 13.493452297211721 924.009356759994 7.053588728251343 23.985809077445783
2009 957.3549798580833 2652.9596631294376 214.83877596596173 52.879477631962196 953 962 2648 2659 86.0 2.5974174459674355 1.945598002974309 75.85123291238533 0.6625123966622177 0.0863460826250008 0.6550351096776661 0.0 26.220944407632622 0.9433831 43.08653014102674 2.340690131393894 2.3598339414457272 0.2837033502983796 5.232078956954491 64.28856219120013 3.7130126222976627 26.879665717732312
2010 7507.228610838843 2652.795491133788 214.78032243784526 52.837840998087295 7502 7513 2648 2658 101.0 2.5495784503643115 2.0756496986562953 -15.262475060111734 0.5807038811773636 0.19769450484602988 1.7872564063138214 0.0 68.50029709266028 1.230744 93.84610241308317 2.4386274815263613 2.0486845892517147 0.3490925654941396 5.670035141386943 103.58385694771297 3.8696456856507635 26.361769805125707
2011 3479.710556372442 2662.095191970039 214.81615539356173 52.863496344738444 3466 3491 2651 2674 388.0 6.8546663108146495 3.298940624310622 -42.371135225396905 0.8765727792962569 0.15689688144382996 1.458788224929972 0.0 217.41343584694218 2.1950693 280.08141720409355 3.8445224462549166 1.6849711542083372 0.3017548781998269 11.11324596323283 284.16865627662463 5.933867473301512 25.26605956581728
2012 884.8525723667793 2656.1876596611173 214.8393896618421 52.87995575165429 883 887 2654 2659 24.0 1.471556590075446 1.152246401706075 -56.2555796056412 0.6220066552371563 0.21396424785915766 0.41951285364678687 0.0 7.545913384900764 0.4896524 18.828597017600345 1.5221447057333541 2.641502700806948 0.11846666189287625 2.763953195770684 31.88545426195173 2.513254019820128 27.64101847844235
2013 1070.3583886535898 2658.8521915221845 214.8377044549249 52.87879131093968 1067 1074 2655 2662 55.0 1.9189368793545292 1.8049459553206955 -28.549080353674753 0.3395255424170968 0.1294126830348573 0.5421238721332776 0.0 16.177348758866614 0.71130705 32.14299195300226 1.9393123325471902 2.5057920869618346 0.2182040319580728 4.1841419359420025 37.988748291169266 3.1801402634248475 27.450862539948012
2014 2492.606978480781 2663.687572456602 214.82495138068737 52.86977885805989 2481 2504 2656 2670 231.0 5.247873966262886 2.330325979273829 -22.991355089960802 0.8960012950490837 0.148092492469983 1.4491204527328105 0.0 123.87288801066353 1.5429816 171.8014426591834 3.0730855868594174 2.049083673456545 0.3433015174548671 8.574939283076915 191.7036085161655 4.938460379994653 25.693424280351678
2015 7952.840241407624 2660.8216238440814 214.77626509976457 52.835050550230726 7949 7956 2658 2663 33.0 1.9609696029176689 1.2349757890660529 12.738637685301077 0.7767750603708219 0.2230006490262728 0.49658008279954885 0.0 13.288043590033476 0.66115725 31.221036667175174 1.8722897372775995 2.3151779696726553 0.09204511209211902 3.2410224072142872 30.81286643141066 2.978079786682771 27.67816974662577
