outputs/dr0.5_c0.1/nircam2_f606w_dr0.5_c0.1.ecsv
# %ECSV 1.0
# ---
# datatype:
# - {name: label, datatype: int64}
# - {name: xcentroid, datatype: float64}
# - {name: ycentroid, datatype: float64}
# - {name: sky_centroid.ra, unit: deg, datatype: float64}
# - {name: sky_centroid.dec, unit: deg, datatype: float64}
# - {name: bbox_xmin, datatype: int64}
# - {name: bbox_xmax, datatype: int64}
# - {name: bbox_ymin, datatype: int64}
# - {name: bbox_ymax, datatype: int64}
# - {name: area, unit: pix2, datatype: float64}
# - {name: semimajor_sigma, unit: pix, datatype: float64}
# - {name: semiminor_sigma, unit: pix, datatype: float64}
# - {name: orientation, unit: deg, datatype: float64}
# - {name: eccentricity, datatype: float64}
# - {name: min_value, datatype: float64}
# - {name: max_value, datatype: float64}
# - {name: local_background, datatype: float64}
# - {name: segment_flux, datatype: float64}
# - {name: segment_fluxerr, datatype: float32}
# - {name: kron_flux, datatype: float64}
# - {name: kron_fluxerr, datatype: float64}
# - {name: kron_radius, unit: pix, datatype: float64}
# - {name: gini, datatype: float64}
# - {name: equivalent_radius, unit: pix, datatype: float64}
# - {name: kron4_2_flux, datatype: float64}
# - {name: kron4_2_fluxerr, datatype: float64}
# - {name: radius_kron20, unit: pix, datatype: float64}
# - {name: radius_kron50, unit: pix, datatype: float64}
# - {name: radius_kron80, unit: pix, datatype: float64}
# - {name: near_border, datatype: bool}
# meta:
#   PHOTMJSR: 0.3925000131130219
#   PIXAR_SR: 2.11539874851881e-14
#   __serialized_columns__:
#     area:
#       __class__: astropy.units.quantity.Quantity
#       unit: !astropy.units.Unit {unit: pix2}
#       value: !astropy.table.SerializedColumn {name: area}
#     eccentricity:
#       __class__: astropy.units.quantity.Quantity
#       unit: !astropy.units.Unit {unit: ''}
#       value: !astropy.table.SerializedColumn {name: eccentricity}
#     equivalent_radius:
#       __class__: astropy.units.quantity.Quantity
#       unit: !astropy.units.Unit {unit: pix}
#       value: !astropy.table.SerializedColumn {name: equivalent_radius}
#     kron_radius:
#       __class__: astropy.units.quantity.Quantity
#       unit: &id001 !astropy.units.Unit {unit: pix}
#       value: !astropy.table.SerializedColumn {name: kron_radius}
#     orientation:
#       __class__: astropy.units.quantity.Quantity
#       unit: &id002 !astropy.units.Unit {unit: deg}
#       value: !astropy.table.SerializedColumn {name: orientation}
#     radius_kron20:
#       __class__: astropy.units.quantity.Quantity
#       unit: *id001
#       value: !astropy.table.SerializedColumn {name: radius_kron20}
#     radius_kron50:
#       __class__: astropy.units.quantity.Quantity
#       unit: *id001
#       value: !astropy.table.SerializedColumn {name: radius_kron50}
#     radius_kron80:
#       __class__: astropy.units.quantity.Quantity
#       unit: *id001
#       value: !astropy.table.SerializedColumn {name: radius_kron80}
#     semimajor_sigma:
#       __class__: astropy.units.quantity.Quantity
#       unit: !astropy.units.Unit {unit: pix}
#       value: !astropy.table.SerializedColumn {name: semimajor_sigma}
#     semiminor_sigma:
#       __class__: astropy.units.quantity.Quantity
#       unit: !astropy.units.Unit {unit: pix}
#       value: !astropy.table.SerializedColumn {name: semiminor_sigma}
#     sky_centroid:
#       __class__: astropy.coordinates.sky_coordinate.SkyCoord
#       dec: !astropy.table.SerializedColumn
#         __class__: astropy.coordinates.angles.Latitude
#         unit: *id002
#         value: !astropy.table.SerializedColumn {name: sky_centroid.dec}
#       frame: icrs
#       ra: !astropy.table.SerializedColumn
#         __class__: astropy.coordinates.angles.Longitude
#         unit: *id002
#         value: !astropy.table.SerializedColumn {name: sky_centroid.ra}
#         wrap_angle: !astropy.coordinates.Angle
#           unit: *id002
#           value: 360.0
#       representation_type: spherical
#   astropy version: '5.1'
#   make_catalog parameters:
#     ab_zpt: 31.4
#     coadd_bands: !!python/tuple [f277w, f356w]
#     deblend_contrast: 0.001
#     deblend_nlevels: 32
#     deblend_npixels: 1
#     detect_kernel_fwhm: 4.0
#     detect_kernel_npix: 7
#     detect_npixels: 4
#     detect_threshold_nsigma: 3.0
#     flag_isolated_buffer: 4
#     hst_bands: !!python/tuple [f606w, f814w, f125w, f140w, f160w]
#     jwst_bands: !!python/tuple [f115w, f150w, f200w, f277w, f356w, f410m, f444w]
#     near_border_kernelsize: 21
#     reference_band: f200w
#   make_catalog version: 1.4.0
#   photutils version: 1.5.0
# schema: astropy-2.0
label xcentroid ycentroid sky_centroid.ra sky_centroid.dec bbox_xmin bbox_xmax bbox_ymin bbox_ymax area semimajor_sigma semiminor_sigma orientation eccentricity min_value max_value local_background segment_flux segment_fluxerr kron_flux kron_fluxerr kron_radius gini equivalent_radius kron4_2_flux kron4_2_fluxerr radius_kron20 radius_kron50 radius_kron80 near_border
[from data line 3854]
3855 10212.992522208104 6119.901098557634 214.82802817897738 52.894118169936334 10191 10235 6103 6138 1102.0 9.742618117652837 8.618112379052643 -23.425481948204226 0.4663909731756664 -0.47776327068220725 0.4830388636209572 0.0 20.305653397951637 8.520656 78.27760558010652 32.74703025189653 3.1380514986810115 0.5649189959621462 18.72905482330962 171.6748997061089 52.760765983817215 12.617331373746453 43.695009331554466 66.55512627246505 False
3856 8188.168351653133 6107.859796663423 214.84625148310872 52.906920299109956 8186 8191 6104 6110 35.0 1.4747959680221032 1.2949654757730196 -72.46530535767427 0.4785429336328128 -0.21699392820796656 0.544834138232399 0.0 3.0057635950112687 1.6668521 6.081968627510519 4.227666064643867 2.433792286728057 0.5189043034592982 3.3377905890622728 12.214840132578681 6.816292443254372 1.4342541621559033 2.362184540126316 7.179211612873225 False
3857 2744.272416135009 6105.450898512601 214.89498384778162 52.941487610548 2744 2745 6105 6107 4.0 0.7203106517272526 0.3887812747964202 -69.03907725782123 0.8418310567145033 0.2952967065933569 1.0241364029799611 0.0 2.6341824389752393 0.59413433 17.372840239181254 2.16332143130787 3.486338361543228 0.2919257886232917 1.1283791670955126 19.28737683741096 3.393266950234166 1.1963460728561734 2.0132805279029644 2.85144177082024 False
3858 8781.9541628768 6112.316810068132 214.8408965753135 52.90317131749414 8777 8787 6105 6118 119.0 3.46617811861298 2.31010681343329 -80.893327621584 0.7455310547655782 -0.469719136410859 0.5860405864920568 0.0 10.36445693330672 3.2249522 18.63362506898465 9.844488245661958 2.6990750556476386 0.45635929765072947 6.154581744998688 52.720845737197976 15.639019851346553 3.4948013834870557 5.046330358696412 8.763629017481527 False
3859 9563.021113678065 6107.186511309386 214.83396993816157 52.898180272219655 9562 9564 6106 6108 5.0 0.9022691913970616 0.14369532260555354 -89.7156298533064 0.9872366872708946 -0.13524045062215645 0.16875441476977424 0.0 0.1907391560707762 0.56269455 0.33566316762569226 0.559188625367866 1.4 0.440656325578098 1.2615662610100802 0.4510479353218618 0.9045983271905088 0.604244504286791 1.0808100920835328 1.4213668257282606 False
3860 4318.52414873945 6116.7242763238255 214.8807721155436 52.931550643817964 4308 4331 6107 6122 266.0 5.9702640371581435 3.729610133119898 -24.01731369849019 0.7808666981033093 -0.34641563916552603 0.6621518852555693 0.0 27.7615773715456 4.663335 85.26078015558973 15.676809260060304 2.6425820359989554 0.5217517438102312 9.201653640780462 132.37310969823238 24.944380747002104 6.2689351958291 12.46610925228614 23.97232441608106 False
3861 10167.209919993491 6113.90847494039 214.82850036202512 52.8943768313908 10160 10175 6108 6119 150.0 2.921645687831126 2.482557934790669 13.45658336547394 0.5272468173372483 -0.11560470803009876 1.4597539462232525 0.0 46.88906485553727 3.1576598 54.73277536252 4.294279089715441 1.4 0.4886838798070329 6.90988298942671 55.21415218988612 6.882078229168364 1.7601232376498126 3.561799091272492 6.463898615473355 False
3862 6943.923383596791 6110.93890629932 214.85734455577096 52.9148422670308 6942 6944 6110 6113 11.0 1.00115941855769 0.37591237216618434 85.1904945485593 0.9268316970165431 -0.22468748536545272 0.11115821644635888 0.0 -0.566439870872598 0.85086703 3.2531600806889465 3.0832037432232906 4.456050100405086 -0.5258612101786311 1.8712051592547776 4.880776701246067 4.8763303010537395 2.1893770944767157 2.870541522387019 3.4189157332547273 False
3863 9002.884246778825 6114.95872603852 214.8388940471215 52.901781673701045 9002 9004 6113 6116 10.0 1.1547342834974037 0.6165863037975644 82.20766680255231 0.8455073402002414 -0.05980445164680168 0.4503320737727083 0.0 1.6011457251822023 0.9036721 16.14241126516496 3.263944959037563 3.07653712144792 0.43821743040349814 1.7841241161527712 43.56350529201791 5.270687349811515 2.376298259606429 3.7069089592615767 5.029155391708152 False
3864 6077.037211654932 6117.010459104069 214.86503431128236 52.92038219688287 6076 6079 6115 6118 14.0 1.202713870345749 0.8522987619466394 73.84639744711124 0.7055638800100357 -0.23285535352139822 0.506933415359549 0.0 1.3922171959263254 0.94345045 3.2604884581443043 1.8565235068856942 1.662458849871983 0.6040538816420857 2.111004122822376 3.1225554294458457 2.984414166058086 1.1564728643454807 1.8427147312488672 2.461358777810724 False
3865 6526.0883509733485 6121.131139630897 214.86097418370048 52.91755173418317 6522 6531 6117 6125 62.0 1.8747679762565923 1.5612952557604745 7.4825857701678915 0.5535832278113154 -0.09992001356811715 1.1668910765339804 0.0 18.30132142111222 1.989833 25.419268297750754 3.3793947014119956 1.766834200939175 0.5017282915020821 4.442433223290478 19.960581038761283 5.470480002692055 1.4626598934410595 2.622333146567336 5.342274757497786 False
3866 8655.961398022047 6124.492641995379 214.84189449469235 52.90403756095194 8650 8662 6117 6130 136.0 2.9549074416157772 2.495638768005701 -81.54773953571876 0.5354384354202145 -0.41010311351762063 0.6465528376999957 0.0 15.389296299569388 3.5046875 11.22268765123389 5.032720236913558 1.4 0.5057769130369616 6.579524642479541 8.451653936229384 8.01290914211122 1.1602097785228427 1.9371196556542416 2.6866380985751426 False
3867 9903.065268187018 6122.906209224945 214.83076573590395 52.896104027352806 9900 9907 6118 6126 62.0 2.212105345097005 1.3671129322734585 -88.56795237712272 0.7861667860808587 -0.24091684809664604 0.37559096868641356 0.0 5.240958134128954 2.0968847 4.307769774823491 2.844919094213191 1.4 0.4312705420082163 4.442433223290478 3.6969835002694453 4.508104518026621 0.9685855163018592 1.56593067697714 2.099089768734055 False
3868 10151.547983151517 6121.61770714584 214.82855908522967 52.894517922074755 10147 10156 6118 6124 58.0 2.6589865357078817 1.4463831633295834 3.959877269180183 0.8391109412357307 -0.24763397633690354 0.5835968957993539 0.0 12.741967667672697 2.044978 22.324139774656473 5.159944615667401 2.2144217794758587 0.3253351280206109 4.296739856991561 26.34756417104922 8.092197017717934 2.128792296580832 4.018934355350701 8.400811711283858 False
3869 8890.47966614542 6119.396703405701 214.83985196041345 52.90251987219604 8890 8891 6119 6120 4.0 0.5338497657579587 0.4515758801845393 41.36603608018288 0.5333642196786743 0.024799382948129806 0.052838719975918165 0.0 0.14920824820584788 0.56050175 9.625567657263147 2.6137744864835564 4.144293155057696 0.1941449458778982 1.1283791670955126 20.993612968552107 4.174561922387819 2.3801961702572614 3.7204669855471617 4.647087324606785 False
3870 9663.431831832815 6129.5437991283925 214.8328371188287 52.897662689582454 9658 9668 6126 6132 51.0 2.322360519083671 1.1567217241995351 3.5890323658526975 0.8671309839765435 -0.16343237491879548 0.487853545193179 0.0 6.744923225774215 1.8396457 18.698418825556782 5.086175036415151 2.707109953489433 0.47765640739733767 4.029119531035698 26.54980131044551 8.134666186885271 2.0329845834350277 6.477898831283358 11.708671652045693 False
3871 6426.023627203817 6132.496068524429 214.86174946317962 52.918248720012265 6421 6430 6127 6138 74.0 2.842964588331762 1.7118374183340477 53.97720491336796 0.7983972247308966 -0.11404960326923841 0.49149924117197735 0.0 9.346247521089383 2.133746 98.94305023567571 9.060011708752743 3.6796938996938295 0.49316169800228016 4.853342309955121 202.4626592176139 14.515634965499766 8.973910098577756 13.631261930727552 17.663369075185994 False
3872 9975.760863803589 6131.543047953914 214.83002518930573 52.89568859146163 9973 9978 6130 6133 18.0 1.582007183837479 0.7704440202131309 -32.767675948504696 0.8733996706859967 -0.002647891703217542 0.8743144364536998 0.0 7.860786175620985 1.0822967 79.61199957527352 4.629421439602212 3.692796346993146 0.27104713944022424 2.393653682408596 111.78330028950272 7.489390127964296 3.5894846704747834 6.523028971080049 9.260142978435645 False
3873 6024.49142387497 6137.198284743987 214.86529165708964 52.92082487797087 6020 6030 6131 6143 124.0 3.4609572142261533 2.201564185814605 -58.85123031021451 0.7715948853645082 -0.17167305157600338 0.7272547796864375 0.0 34.82695048309866 2.7991154 43.01067952487256 4.26490298779127 1.4 0.39121090179872287 6.282549314314218 34.686934285602234 6.854373876106912 2.323986872947915 4.316581130488282 6.57152895532172 False
3874 9701.36903298445 6133.827125421799 214.83245298735875 52.89744468884009 9699 9702 6133 6135 7.0 0.6147343907076728 0.44922838985769303 23.216945541392217 0.6826256142711332 -0.03723866683501548 0.2907749833948855 0.0 0.6251531324578739 0.6593114 2.313089601520184 1.9564318646925367 3.3135707749971184 0.6341105772188997 1.4927053303604616 3.136441473119154 3.145566548823557 0.8369033380414331 2.723001253832525 4.686307254217023 False
3875 10125.941827189497 6140.082617721185 214.82859335277067 52.89478018665524 10121 10130 6136 6144 61.0 2.336883871901095 1.622984025951794 -36.57940324396467 0.7194851950671552 -0.23054013335963483 0.52881959867578 0.0 9.020760099697826 2.0268238 10.317259883049227 3.148929697234514 1.4 0.437635156740579 4.406461512053774 6.680023400692444 5.045119257836606 1.3694560840994112 2.5754276576682646 3.884040164373018 False
3876 9212.197901532345 6142.55565699963 214.83673256685134 52.900600345984074 9210 9215 6138 6146 34.0 2.1945038890692596 0.8518788500016947 -69.3616963408705 0.921580441568813 -0.14841014897680457 0.5708353250896592 0.0 4.937314494966383 1.666024 23.633080321865105 5.6522984030096834 3.2891954510136703 0.5195823092672018 3.2897623212397704 31.812817895580523 9.103058606018905 3.3114975962285356 5.136938802871888 7.130776683761855 False
3877 9687.813859310692 6140.37622446932 214.83250512322982 52.89756613530486 9684 9690 6138 6143 30.0 1.5230260464058039 1.1150804987404075 -68.29129545544016 0.6811455660432093 -0.12183659748255687 0.23743208128183627 0.0 2.453306166459568 1.3719699 4.226519301676834 2.0449050869012373 1.4 0.42230326993709644 3.0901936161855166 2.6755877587864005 3.2556730077502603 1.2922743496357731 2.355837620866708 4.508960294235294 False
3878 6082.88674013652 6149.622986858615 214.86463836959567 52.92052093058694 6067 6092 6141 6158 329.0 5.250168367834341 2.8941381600953306 -24.809192532298685 0.8343422795443217 -0.3074881789762995 4.5212154116697185 0.0 246.66172737388672 4.5431275 267.51763515915 6.253399158141067 1.4347391625875732 0.5469141669761054 10.233472165128859 276.1087405545055 10.03664774105875 2.671101986516423 4.623650683894594 8.496118000349187 False
3879 6427.538286848501 6142.4516980703265 214.86163102123552 52.918292789852494 6426 6430 6141 6145 16.0 1.3057744640293303 1.152053645402801 17.213325431585044 0.4707322213112856 -0.13253884929486762 0.32094867792551046 0.0 1.8521931183255445 0.9989689 41.03772198823038 4.7690092166139415 3.4989150759625804 0.39921273297383103 2.256758334191025 101.10297916023768 7.625258912858395 3.9482059313921676 7.991788740679259 9.718195729117802 False
3880 8845.270593750198 6146.259557261301 214.8399730438107 52.90295197413511 8841 8849 6142 6153 69.0 2.744504666836883 1.7657282630112183 82.13997621799037 0.7655565164772058 -0.16851805064578976 0.7361241600744851 0.0 14.223115982521692 2.4386892 165.0741249373301 10.751284575784927 3.79761451737552 0.43701771116179855 4.686510657907603 319.61103689096296 17.204426629719528 8.825301774023343 14.086163849729859 17.354078401318944 False
3881 7248.69619230902 6150.1966112277 214.85420542080266 52.913117673158645 7246 7251 6147 6154 39.0 1.5855654199590266 1.399590006923277 69.71286215463017 0.46992340335429444 -0.1853013330520012 0.9929265230091302 0.0 17.06444976121337 2.535948 32.473090361340134 6.450615770429292 2.42005706369349 0.3498484804969789 3.523362819972964 20.29522039301486 10.470179806499676 1.6670196749970192 3.1555037277487283 5.701144955608323 False
3882 9295.739217138698 6156.726744282027 214.83583665462282 52.90014585998446 9291 9301 6151 6161 86.0 2.3081324709757314 2.029348082741858 -8.80642090473429 0.47642250093815336 -0.3175507695150431 1.0431230891755097 0.0 25.90592857834872 2.7118766 42.2295118079316 6.108246539731616 2.2046661173683884 0.4246562430268262 5.232078956954491 64.45730711926738 9.805532429551748 1.9761539742607865 4.173578523905815 7.000240094994223 False
3883 8844.47536219233 6156.439906756697 214.83987290032653 52.903011911939075 8844 8845 6156 6157 4.0 0.5335133401812379 0.4595054911437353 43.82860378711446 0.5081270909495511 0.3564288492594201 0.6070867013645499 0.0 1.8365347226954256 0.5523534 5.9518912877707475 1.7946491068326205 2.905658814736928 0.14191668379729028 1.1283791670955126 16.05855084126855 2.900398645826586 0.9029336364382023 1.8472483852148505 3.162768164596046 False
3884 7668.397795669219 6159.458216387065 214.85035493845334 52.91050103760332 7665 7672 6157 6161 25.0 1.548484371033595 1.043087981286919 24.585933814956352 0.7390790813642384 -0.20261710460995122 0.23600241274226127 0.0 0.8566366381650471 1.1645797 5.33912926995048 3.7212774381259988 2.8098817743177777 0.5636941350815606 2.8209479177387813 16.822841061450223 5.963106724246395 2.334267219450653 6.150553349090037 6.875590070313843 False
3885 8347.780334005194 6161.08380483313 214.84426386198496 52.90619308648668 8344 8353 6157 6165 68.0 3.366852388928143 1.4796419769815725 51.36861173731912 0.8982556173517029 -0.2904753358994207 0.5910619545163035 0.0 8.299322770179405 2.4067678 8.906159197134368 4.075047660959796 1.4 0.523912349576244 4.652426491681278 4.35869118695535 6.401103168972839 2.5804393339803138 3.775545399213566 4.6099952395175565 False
3886 10259.921377551429 6166.602585097166 214.82711691214433 52.89407164712706 10252 10267 6157 6175 173.0 5.564016502072492 1.9915155895195382 46.797669962739356 0.9337493061293652 -0.2012944224129285 0.9918548202347998 0.0 58.707560290701615 3.4054666 120.85539088129447 10.351004323656914 2.698189923597045 0.3867938583806477 7.420755373261929 118.3666072304902 16.473416809772715 4.612020581774052 8.554550848051331 17.998863027626374 False
3887 7716.33735679291 6170.230008297394 214.84981281206058 52.9102545281522 7714 7718 6168 6171 16.0 0.9650886569298996 0.7383194855608126 57.798405992046185 0.643997460496498 -0.19933432576923657 0.3628871376461349 0.0 1.327717877707649 1.199579 4.341357481304016 2.324592616192091 2.197216802611452 0.46841263305428305 2.256758334191025 0.9602805407087116 3.565735567907258 1.122094987841339 2.458081590066584 3.702110796900965 False
3888 7073.499813489631 6172.1147543842 214.85554120751286 52.914348944892566 7071 7076 6170 6174 20.0 1.2595789038459353 1.0465929873550344 76.10831584065947 0.5564112502293146 0.2137688636814595 2.0377691456264655 0.0 19.480236540587818 1.4823068 40.235659392627156 3.285045414305357 2.2586413405724244 0.26364639767764025 2.5231325220201604 38.5949508121513 5.217417653023353 1.4078995703752641 2.4497432264693453 3.6733942768600056 False
3889 9838.883740996489 6177.9735775998 214.83075911345557 52.8968087451547 9836 9842 6175 6181 34.0 1.590706064269347 1.3656816880542406 -55.771238717384044 0.5127498520243063 -0.058600432587030724 0.5248357804942294 0.0 10.716455409212424 1.5000432 29.421420160537792 4.72144215229403 2.741268667445217 0.2529000883666904 3.2897623212397704 43.47821829790261 7.465695263747985 2.1216430544099265 4.442110113027173 6.957237931612077 False
3890 6414.6275474461145 6179.73025204428 214.86135372726355 52.91857585740098 6413 6417 6177 6182 24.0 1.5320626750611115 1.2291938179644153 75.99049349667105 0.5969035368300092 0.09851438748793127 0.5886473090155978 0.0 8.028454763875992 1.2334646 185.24728291967352 6.207507950300407 3.912286492581928 0.22993283384892627 2.763953195770684 419.7286879595798 9.70151391120961 5.351729698205711 9.03292221131201 11.812446366546807 False
