outputs/dr0.5_c0.1/nircam2_f115w_dr0.5_c0.1.ecsv
# %ECSV 1.0
# ---
# datatype:
# - {name: label, datatype: int64}
# - {name: xcentroid, datatype: float64}
# - {name: ycentroid, datatype: float64}
# - {name: sky_centroid.ra, unit: deg, datatype: float64}
# - {name: sky_centroid.dec, unit: deg, datatype: float64}
# - {name: bbox_xmin, datatype: int64}
# - {name: bbox_xmax, datatype: int64}
# - {name: bbox_ymin, datatype: int64}
# - {name: bbox_ymax, datatype: int64}
# - {name: area, unit: pix2, datatype: float64}
# - {name: semimajor_sigma, unit: pix, datatype: float64}
# - {name: semiminor_sigma, unit: pix, datatype: float64}
# - {name: orientation, unit: deg, datatype: float64}
# - {name: eccentricity, datatype: float64}
# - {name: min_value, datatype: float64}
# - {name: max_value, datatype: float64}
# - {name: local_background, datatype: float64}
# - {name: segment_flux, datatype: float64}
# - {name: segment_fluxerr, datatype: float32}
# - {name: kron_flux, datatype: float64}
# - {name: kron_fluxerr, datatype: float64}
# - {name: kron_radius, unit: pix, datatype: float64}
# - {name: gini, datatype: float64}
# - {name: equivalent_radius, unit: pix, datatype: float64}
# - {name: kron4_2_flux, datatype: float64}
# - {name: kron4_2_fluxerr, datatype: float64}
# - {name: radius_kron20, unit: pix, datatype: float64}
# - {name: radius_kron50, unit: pix, datatype: float64}
# - {name: radius_kron80, unit: pix, datatype: float64}
# - {name: near_border, datatype: bool}
# meta:
#   PHOTMJSR: 2.962800025939941
#   PIXAR_SR: 2.11539874851881e-14
#   __serialized_columns__:
#     area:
#       __class__: astropy.units.quantity.Quantity
#       unit: !astropy.units.Unit {unit: pix2}
#       value: !astropy.table.SerializedColumn {name: area}
#     eccentricity:
#       __class__: astropy.units.quantity.Quantity
#       unit: !astropy.units.Unit {unit: ''}
#       value: !astropy.table.SerializedColumn {name: eccentricity}
#     equivalent_radius:
#       __class__: astropy.units.quantity.Quantity
#       unit: !astropy.units.Unit {unit: pix}
#       value: !astropy.table.SerializedColumn {name: equivalent_radius}
#     kron_radius:
#       __class__: astropy.units.quantity.Quantity
#       unit: &id001 !astropy.units.Unit {unit: pix}
#       value: !astropy.table.SerializedColumn {name: kron_radius}
#     orientation:
#       __class__: astropy.units.quantity.Quantity
#       unit: &id002 !astropy.units.Unit {unit: deg}
#       value: !astropy.table.SerializedColumn {name: orientation}
#     radius_kron20:
#       __class__: astropy.units.quantity.Quantity
#       unit: *id001
#       value: !astropy.table.SerializedColumn {name: radius_kron20}
#     radius_kron50:
#       __class__: astropy.units.quantity.Quantity
#       unit: *id001
#       value: !astropy.table.SerializedColumn {name: radius_kron50}
#     radius_kron80:
#       __class__: astropy.units.quantity.Quantity
#       unit: *id001
#       value: !astropy.table.SerializedColumn {name: radius_kron80}
#     semimajor_sigma:
#       __class__: astropy.units.quantity.Quantity
#       unit: !astropy.units.Unit {unit: pix}
#       value: !astropy.table.SerializedColumn {name: semimajor_sigma}
#     semiminor_sigma:
#       __class__: astropy.units.quantity.Quantity
#       unit: !astropy.units.Unit {unit: pix}
#       value: !astropy.table.SerializedColumn {name: semiminor_sigma}
#     sky_centroid:
#       __class__: astropy.coordinates.sky_coordinate.SkyCoord
#       dec: !astropy.table.SerializedColumn
#         __class__: astropy.coordinates.angles.Latitude
#         unit: *id002
#         value: !astropy.table.SerializedColumn {name: sky_centroid.dec}
#       frame: icrs
#       ra: !astropy.table.SerializedColumn
#         __class__: astropy.coordinates.angles.Longitude
#         unit: *id002
#         value: !astropy.table.SerializedColumn {name: sky_centroid.ra}
#         wrap_angle: !astropy.coordinates.Angle
#           unit: *id002
#           value: 360.0
#       representation_type: spherical
#   astropy version: '5.1'
#   make_catalog parameters:
#     ab_zpt: 31.4
#     coadd_bands: !!python/tuple [f277w, f356w]
#     deblend_contrast: 0.001
#     deblend_nlevels: 32
#     deblend_npixels: 1
#     detect_kernel_fwhm: 4.0
#     detect_kernel_npix: 7
#     detect_npixels: 4
#     detect_threshold_nsigma: 3.0
#     flag_isolated_buffer: 4
#     hst_bands: !!python/tuple [f606w, f814w, f125w, f140w, f160w]
#     jwst_bands: !!python/tuple [f115w, f150w, f200w, f277w, f356w, f410m, f444w]
#     near_border_kernelsize: 21
#     reference_band: f200w
#   make_catalog version: 1.4.0
#   photutils version: 1.5.0
# schema: astropy-2.0
label xcentroid ycentroid sky_centroid.ra sky_centroid.dec bbox_xmin bbox_xmax bbox_ymin bbox_ymax area semimajor_sigma semiminor_sigma orientation eccentricity min_value max_value local_background segment_flux segment_fluxerr kron_flux kron_fluxerr kron_radius gini equivalent_radius kron4_2_flux kron4_2_fluxerr radius_kron20 radius_kron50 radius_kron80 near_border
[from data line 3388]
3389 8190.0 5650.322264550747 214.85105513431867 52.90444162044285 8183 8190 5647 5653 43.0 0.5493117907092583 0.28867513459481287 90.0 0.8507803443999552 0.0 0.42659643561562555 0.0 0.6294438871183419 6403124.5 3.688755871264472 2734858.36551679 2.6709213023516973 0.9846540690120418 3.6996385101659595 4.085727106506142 4752685.399870846 0.9029125384608483 1.525635067590284 2.0243805204610337 True
3390 2878.610605976782 5651.484717079893 214.8985644156232 52.9381848312635 2875 2882 5649 5654 32.0 1.7110752739156319 0.9772248912432344 8.11626040214894 0.8208683790093755 -0.16355478523510758 0.8976720981918211 0.0 8.780796562107131 1.4556646 19.18177391181953 3.874139308126105 2.698081063702261 0.4573126288391233 3.1915382432114616 23.19009661118539 6.114643977395958 1.4086176147737077 3.67328299838171 5.788783703526582 False
3391 6070.045947885372 5669.351685063588 214.86981323292235 52.918012091834626 6048 6084 5651 5683 837.0 6.843034835018337 5.009789193747327 31.30907073013516 0.6811966415236078 -0.18108096566222034 13.068850445246268 0.0 654.4416759949345 7.969306 692.3889230940565 10.256859389949277 1.4546816169110848 0.5846854586996706 16.322541920173855 718.5327853204712 16.196639913542796 3.706109934858256 6.610597774371253 11.797866230239206 False
3392 1203.9657159802514 5658.579678548961 214.91348820535146 52.948856202163974 1199 1209 5652 5666 109.0 3.8471071706631945 1.900695581596635 -64.82184691092802 0.869428723673997 -0.22227694633397302 0.6856243027156885 0.0 27.278537575960804 2.8566086 66.71873614921532 8.539041705459713 2.6238659385876355 0.34192524367121235 5.890312181373172 95.87483169334513 13.614587552775147 3.695133972510159 7.4667863500504374 11.853986616653847 False
3393 1778.1538031200982 5659.519727520636 214.9083348969588 52.94521570795767 1768 1788 5655 5664 146.0 4.819509355270802 1.5885317816070952 2.039428069906218 0.9441191129959983 -0.16859256617745028 1.332698222984347 0.0 58.38155761627761 3.1598964 78.8140568104914 5.4129513302964005 1.6956310879411722 0.41686780433053167 6.817128675830715 82.4292902173286 8.65058689444605 2.428917247257353 5.386935806204289 11.830612385028653 False
3394 10218.024020079352 5663.109367847618 214.83279500817213 52.89162391025177 10214 10223 5657 5667 81.0 2.254244711312604 1.5133116452898754 48.91371642998866 0.7411708112111681 -0.1905815981283333 2.0274114033249098 0.0 40.022553347253165 2.4043891 44.32746942373426 3.2713713545720045 1.490227209879698 0.5148202843361968 5.077706251929807 45.724465999174406 5.222063231825658 1.338677719385441 2.4505892340931674 3.955864632575425 False
3395 9668.179666616334 5661.771582339049 214.8377222589917 52.89511084424027 9662 9674 5658 5665 78.0 3.2788212185599015 1.4494390711450935 -14.667248198290967 0.8969849773034673 -0.11191061459682587 0.7217054455861645 0.0 22.47110978913318 2.298512 57.59828402999301 6.985451529922134 2.7724959991333296 0.33618904314688985 4.982787485166879 60.52423758161332 11.176004937810921 3.2950889978658457 7.108452560405575 10.796644855717036 False
3396 86.49263755287978 5663.308942761538 214.92345083624568 52.955976022349425 86 89 5661 5666 18.0 1.1968301645965316 0.6218884818450532 -82.64594777055 0.8544017536790419 -0.5213872845919009 2.007353604818648 0.0 10.231246310678372 2.804646 40.07278535737666 7.799687744344922 2.8861920475393212 0.5475967227276602 2.393653682408596 50.1082881376452 11.80491035173639 1.3525016323228143 2.3603057749099747 3.981853445210588 False
3397 3082.5368647973814 5664.084046360175 214.8966057514272 52.93695787090247 3079 3086 5661 5667 49.0 1.887257022785165 1.3059714846054107 12.352348028718069 0.7219027694123132 -0.023062009057624927 1.3272825649475597 0.0 18.488904225707323 1.8475198 23.037812977440517 3.238749656957585 1.7934395345682501 0.4386533763293944 3.949327084834294 24.001634650864744 5.155926889977783 1.251394466104218 2.382120317763004 4.211047509666007 False
3398 4463.640172335244 5665.993602522527 214.88422239690695 52.928197294379174 4457 4469 5661 5671 88.0 3.4543932175291903 1.5978493720738691 34.70695389626027 0.8865902085032221 -0.05313678488364114 0.9616305961788484 0.0 29.598506520252528 2.3209164 86.96156367453602 7.414318561107693 2.8730693022953813 0.33872763808868056 5.292567428401227 119.23345809551185 11.945514791085573 3.8781236099087306 7.479469783684067 13.079623651176297 False
3399 512.6349342147105 5662.649365892951 214.91963920116956 52.95326719152805 511 514 5662 5664 8.0 0.6507753922592177 0.3146998145582502 -50.23461249249484 0.8753019926265051 -0.18233599919926494 0.3150574965045454 0.0 0.46672270322691556 0.7399117 13.368780001909803 2.1742326392833355 4.016716735002503 0.6645408309477862 1.5957691216057308 34.95127795568953 3.4621974123383032 2.3463508112062024 3.546837424245614 4.319139170382997 False
3400 2488.819740824462 5674.856159497863 214.9018085705809 52.94078608711007 2483 2496 5663 5685 210.0 5.739415214775039 1.8785533581950118 -69.59004902829822 0.9449178975987019 -0.20588517382764626 1.7066137251887674 0.0 64.41359006747115 3.652184 92.50976199470153 7.42161039088493 2.0598664775980313 0.5029512430019907 8.175883811466258 105.54114046578292 11.868470587981564 3.085407388744963 6.571904489817732 11.047738553009808 False
3401 3019.665830559808 5671.252121118067 214.897093148163 52.93739579190515 3013 3027 5664 5678 153.0 3.1434938603193667 2.6530469297281853 -28.068885722438484 0.5363741535222131 -0.18457306525930164 0.9453101237106103 0.0 29.073011135568926 3.195272 31.225769409710292 4.630032604500601 1.4 0.49867523562324295 6.978639737521917 31.464430836231422 7.38385271602254 2.1906339251611873 3.702203336766505 5.597201754585331 False
3402 6036.088229035481 5667.444487029262 214.87013710203755 52.91821751002483 6032 6039 5664 5670 43.0 1.686660808054132 1.4635163591814706 62.49669135217571 0.4970874284690555 -0.20147579509094202 0.45594674016108666 0.0 6.418184617907726 1.7478045 9.730567031871828 2.5906377177065822 1.4 0.3653855224752543 3.6996385101659595 9.070813135320797 4.1139837204300775 1.4318601026445814 2.4936726240888945 3.9036201267292405 False
3403 7161.4211217909005 5669.530590085114 214.86004980849677 52.911080035157305 7156 7166 5664 5674 91.0 2.6548284173826646 1.84664182884347 39.11768549347269 0.7184500078787773 -0.2662133049006262 0.5350193257424569 0.0 8.13698901281133 2.4853027 11.261322888910115 5.803576246527367 2.3014965461953163 0.5525220864057154 5.382025607773058 22.75690586921324 9.226565423263304 1.5330180780676546 2.949766737609412 10.227654569125793 False
3404 6346.652435320604 5697.869565488885 214.8670384625644 52.91640882471169 6333 6360 5666 5732 1271.0 12.566827979946162 3.7623969428586443 79.16153111873462 0.9541304658550495 -0.19844396099064085 9.573058425810231 0.0 1296.523364698481 9.82887 1356.5087162378018 11.801880359993067 1.4178846701602656 0.5620947824903103 20.113971893676243 1413.182015574739 18.658529172616134 4.2467096086852045 10.265721089968578 17.82872289603022 False
3405 2537.0697109470716 5676.257731985754 214.9013617238098 52.94048727382083 2531 2543 5668 5684 155.0 3.0376965716798736 1.9562413892808568 -68.86700274523629 0.7650352449921718 -0.1895002575463223 1.7703460310166832 0.0 51.312304404107394 3.1558552 54.66221410957758 4.64090325012874 1.7062790817738878 0.5802298036078971 7.024103669400641 60.53304801231449 7.40700014219402 1.5302775507727142 2.8575394263843563 5.086124086912529 False
3406 6662.616060234339 5677.609803660826 214.8644257486214 52.91429239616822 6653 6670 5668 5686 235.0 4.4584051470375545 2.1218207846192576 -53.85452459134343 0.879491414292605 -0.20989663926567578 4.370314174477292 0.0 141.37697778267767 3.9853785 158.29151285781847 5.600280363524507 1.6065948415535518 0.5752827285005667 8.6488625410045 167.04803182083108 8.857597761333686 2.5522045313631234 4.365282919151122 7.463928066368682 False
3407 330.1328532462825 5677.173644092098 214.92112146153238 52.95450418848219 315 340 5670 5687 305.0 5.777201426015432 2.8655523272027374 19.041651844325717 0.8683165466716692 -0.22232473045422155 0.9608725090116763 0.0 49.62669648169185 4.7499475 79.37650359615857 11.414987927656277 2.3290614225844917 0.4942264063132723 9.853147481188747 130.09426908178776 18.224503004890185 3.4077392484001283 7.260217635093224 15.551591169116131 False
3408 8567.325711639098 5677.084551207818 214.8474000621092 52.902188494847564 8559 8576 5670 5684 205.0 3.9217058031443996 2.6104148770730435 -16.683598427484267 0.7462796806049967 -0.15345055646080036 1.4742180108051226 0.0 95.36527370292217 3.6331363 118.58650455095938 6.970408979272898 1.9660532003278421 0.4269907016587787 8.07796550300118 132.5587960872877 11.135019681168723 2.7314510511830687 4.890295297394785 8.138211149066194 False
3409 7087.2472089902285 5680.68855609639 214.86059559487896 52.91161143005199 7071 7103 5671 5691 545.0 7.293294562961533 4.339687432584403 11.413842980376165 0.8037077155954327 -0.2989166889984628 2.188075162949785 0.0 191.7661899656724 5.9485173 273.0123709066075 12.646998978708046 2.0035309585042893 0.44717371972081776 13.171138446245484 335.725747890019 20.148799313365842 4.268042557651911 10.195983491143151 17.548561412792818 False
3410 7508.042306950244 5696.234690379593 214.85666887845161 52.90902194438277 7495 7521 5671 5719 942.0 8.082791644128397 4.507226850955352 -79.86730638969055 0.8300879823783796 -0.24343411466658563 9.190760233355581 0.0 287.45458260878 7.8940315 328.450125675603 11.784965258055783 1.7285826734305962 0.6104948409380965 17.31611713939158 358.4970449825686 18.786491655077157 2.371133473074081 6.697530807327233 15.275279117446152 False
3411 2355.9464938056394 5673.685963425914 214.9030108133555 52.94162348061321 2353 2357 5672 5676 23.0 1.3659486743442502 0.7394797149685686 82.38379875766762 0.8407863161569106 -0.226606844429276 0.9890233993111395 0.0 6.2626931374043995 3000000.0 37.17027946046667 8870786.245577868 3.3417491137574165 0.6315301192914295 2.7057581899030048 48.87161582651234 15229484.95168465 2.2468752869416613 5.157601250367027 8.029040043826674 True
3412 8943.359898293935 5675.709046865139 214.84405331381882 52.89979175626006 8942 8945 5673 5679 16.0 1.9121559396073387 0.7276750867355892 84.9828183811659 0.9247594541726559 0.09546865889049184 0.478814058290714 0.0 4.841161323968086 1.2156472 127.97916863273971 6.690491876356237 3.989042045347012 0.22561779576783353 2.256758334191025 244.50346930584254 10.78077120435704 5.2969885483298516 8.917566476272786 12.453215124128414 False
3413 536.0203148718134 5678.623602248788 214.91926133508707 52.95320496370661 533 539 5675 5682 38.0 2.098318757836034 1.337498994022127 -54.69333784005525 0.770521017523932 0.07526573368450845 0.6166970551471067 0.0 11.96929249001981 1.7127229 114.97766176475872 7.218527924549078 3.602724329491567 0.24580988035910722 3.477898169151024 275.49585950514654 11.542184807882544 5.537727643077487 10.355678843188413 13.407461153903778 False
3414 7055.002708652473 5681.143975463669 214.86087916164138 52.9118187313355 7051 7058 5676 5685 57.0 2.3335156477292642 1.2760065212626697 -64.8038885674784 0.8372520148517206 -0.06319718335735552 0.7095255249777287 0.0 13.775806843331873 1.8797914 27.115928069803182 4.352815771131196 2.2822249125228207 0.4347028790696557 4.259537945889915 23.760796395764245 6.97317916935042 1.8994305133400338 4.340762643704728 7.250817368803083 False
3415 9315.30495961463 5679.038928755948 214.8406939154568 52.89744627532125 9313 9319 5676 5681 32.0 1.8941041605818372 1.2299210538290668 -20.475470896167195 0.7604966754081481 -0.01818708966019974 0.582379017297502 0.0 5.986709265885034 1.4454302 36.93226008087382 5.844869314751471 3.346615062597537 0.4232123145883564 3.1915382432114616 85.86820329187593 9.386605086859007 3.673036276284145 6.827004735897889 10.208635375332655 False
3416 7770.255565832172 5680.0906049625555 214.85449434992412 52.90726897655061 7765 7774 5677 5683 55.0 2.0039878698109943 1.3568247128231101 6.635074724375183 0.7359256689470591 -0.15197512705326793 1.3246937296259484 0.0 22.6721916930947 1.9041234 25.387459045874593 3.3619902655394833 1.8252380946337687 0.44755870898383676 4.1841419359420025 28.011147890602594 5.353168994642468 1.2926969013936156 2.27973489699219 3.646634962314949 False
3417 9105.627275075285 5689.054799451221 214.84246239542833 52.89883263265911 9097 9116 5677 5699 342.0 5.2419107303570645 2.832295601960776 65.73943335206347 0.8414612897111555 -0.2639946399131519 3.204606764037092 0.0 159.8262838289528 4.8784804 182.40878960496747 7.413650853602184 1.6732393506337042 0.5349866488781706 10.433694507453072 196.31270534467367 11.802338992915265 3.0168979756003824 5.459672953168471 9.263258480091796 False
3418 9545.501397623335 5686.183640259085 214.83856141771395 52.896022019425466 9539 9553 5678 5693 176.0 3.3369142023419816 2.013983141733404 61.42626718001067 0.797327743413154 -0.22930779491540076 3.790055589637753 0.0 103.64170320691663 3.5010889 120.5514680010971 5.559817218234178 1.8458697468125211 0.56014752760113 7.48482063701911 140.43485382507052 8.915029487134635 1.6741296047488088 3.4866529803011583 6.542646342138299 False
3419 1920.831530380886 5685.297495410166 214.90678535055068 52.94444892662377 1916 1926 5680 5690 80.0 2.8660602817450926 1.621366903519042 -44.13941831203031 0.8246023652972583 -0.05414379049110741 1.2019915565457286 0.0 37.25554408084433 2.3640294 57.40177636451862 5.391437839959933 2.1527274227335846 0.33120619163941073 5.046265044040321 60.99321203645337 8.627192468052762 2.161873411473284 4.138873468446631 7.632225778445975 False
3420 3167.460336978176 5694.398494262526 214.89552599335954 52.93658217162179 3145 3183 5680 5709 753.0 5.373596310125815 3.7241990904396323 27.007920130028882 0.7208844787571693 -0.2068256043697419 32.14778498355997 0.0 790.0706579082769 7.3834558 780.7828946989262 7.455298045683742 1.4 0.7165629705434496 15.48183917680307 821.357608913499 11.6319861954914 1.5503428727127964 3.3956020477050286 8.05543495028579 False
3421 9240.041079769384 5683.9147010771385 214.84131520975126 52.89795081582726 9236 9244 5681 5687 50.0 2.071376572187679 1.4931283718509027 -20.829878343312156 0.693102867579124 -0.10538964712235858 0.5568730966215628 0.0 8.336817859559813 1.8028289 16.54452571385716 5.62485987282374 2.834661029338401 0.36003653314365897 3.989422804014327 44.8051930776007 9.080920105457881 1.9381065383952365 4.2315964164269735 10.431956255736923 False
3422 6101.90350370941 5684.335017875749 214.86937039592456 52.917890543909365 6099 6103 5682 5685 13.0 1.2057123544653026 0.6530840928193075 35.65505710391439 0.8405987724677597 -0.05606552783138179 0.5957270877243276 0.0 2.533036083365004 0.9639995 13.533442626523517 3.2948609600241716 3.1378757412173797 0.5224078775915594 2.0342144725641096 18.9123572895004 5.267981864571715 1.6747151533942377 3.6205419376893184 5.962068428537568 False
3423 8336.593615956275 5686.382558728651 214.84936473222456 52.903704655660704 8334 8340 5682 5690 51.0 1.7838599304252798 1.3428557759607411 -69.7448000680749 0.6582710983297895 -0.09523244839196417 1.4131174670930697 0.0 16.268113517642036 1.7791495 24.10283024755067 3.876867902307767 2.3015544233434095 0.502601523729132 4.029119531035698 29.58103693593703 6.238982509611548 1.2137931359015235 2.680116295081921 5.846343217324435 False
3424 343.5070940359718 5685.751111182101 214.92091123319315 52.95446558897057 342 345 5684 5687 12.0 1.101453214255559 0.8102696347043081 49.01881096953943 0.6773760716493684 0.10142754997262665 0.40377302781995683 0.0 2.9288166789010686 0.96585363 13.330604181533396 3.563815997097231 3.330541152587415 0.2438592680700113 1.9544100476116797 23.7924921336759 5.115142353204904 1.8662804090323029 3.8609443735831754 5.590730160755493 False
