outputs/dr0.5_c0.1/nircam1_f160w_dr0.5_c0.1.ecsv
# %ECSV 1.0
# ---
# datatype:
# - {name: label, datatype: int64}
# - {name: xcentroid, datatype: float64}
# - {name: ycentroid, datatype: float64}
# - {name: sky_centroid.ra, unit: deg, datatype: float64}
# - {name: sky_centroid.dec, unit: deg, datatype: float64}
# - {name: bbox_xmin, datatype: int64}
# - {name: bbox_xmax, datatype: int64}
# - {name: bbox_ymin, datatype: int64}
# - {name: bbox_ymax, datatype: int64}
# - {name: area, unit: pix2, datatype: float64}
# - {name: semimajor_sigma, unit: pix, datatype: float64}
# - {name: semiminor_sigma, unit: pix, datatype: float64}
# - {name: orientation, unit: deg, datatype: float64}
# - {name: eccentricity, datatype: float64}
# - {name: min_value, datatype: float64}
# - {name: max_value, datatype: float64}
# - {name: local_background, datatype: float64}
# - {name: segment_flux, datatype: float64}
# - {name: segment_fluxerr, datatype: float32}
# - {name: kron_flux, datatype: float64}
# - {name: kron_fluxerr, datatype: float64}
# - {name: kron_radius, unit: pix, datatype: float64}
# - {name: gini, datatype: float64}
# - {name: equivalent_radius, unit: pix, datatype: float64}
# - {name: kron4_2_flux, datatype: float64}
# - {name: kron4_2_fluxerr, datatype: float64}
# - {name: radius_kron20, unit: pix, datatype: float64}
# - {name: radius_kron50, unit: pix, datatype: float64}
# - {name: radius_kron80, unit: pix, datatype: float64}
# - {name: near_border, datatype: bool}
# meta:
#   PHOTMJSR: 0.3925000131130219
#   PIXAR_SR: 2.11539874851881e-14
#   __serialized_columns__:
#     area:
#       __class__: astropy.units.quantity.Quantity
#       unit: !astropy.units.Unit {unit: pix2}
#       value: !astropy.table.SerializedColumn {name: area}
#     eccentricity:
#       __class__: astropy.units.quantity.Quantity
#       unit: !astropy.units.Unit {unit: ''}
#       value: !astropy.table.SerializedColumn {name: eccentricity}
#     equivalent_radius:
#       __class__: astropy.units.quantity.Quantity
#       unit: !astropy.units.Unit {unit: pix}
#       value: !astropy.table.SerializedColumn {name: equivalent_radius}
#     kron_radius:
#       __class__: astropy.units.quantity.Quantity
#       unit: &id001 !astropy.units.Unit {unit: pix}
#       value: !astropy.table.SerializedColumn {name: kron_radius}
#     orientation:
#       __class__: astropy.units.quantity.Quantity
#       unit: &id002 !astropy.units.Unit {unit: deg}
#       value: !astropy.table.SerializedColumn {name: orientation}
#     radius_kron20:
#       __class__: astropy.units.quantity.Quantity
#       unit: *id001
#       value: !astropy.table.SerializedColumn {name: radius_kron20}
#     radius_kron50:
#       __class__: astropy.units.quantity.Quantity
#       unit: *id001
#       value: !astropy.table.SerializedColumn {name: radius_kron50}
#     radius_kron80:
#       __class__: astropy.units.quantity.Quantity
#       unit: *id001
#       value: !astropy.table.SerializedColumn {name: radius_kron80}
#     semimajor_sigma:
#       __class__: astropy.units.quantity.Quantity
#       unit: !astropy.units.Unit {unit: pix}
#       value: !astropy.table.SerializedColumn {name: semimajor_sigma}
#     semiminor_sigma:
#       __class__: astropy.units.quantity.Quantity
#       unit: !astropy.units.Unit {unit: pix}
#       value: !astropy.table.SerializedColumn {name: semiminor_sigma}
#     sky_centroid:
#       __class__: astropy.coordinates.sky_coordinate.SkyCoord
#       dec: !astropy.table.SerializedColumn
#         __class__: astropy.coordinates.angles.Latitude
#         unit: *id002
#         value: !astropy.table.SerializedColumn {name: sky_centroid.dec}
#       frame: icrs
#       ra: !astropy.table.SerializedColumn
#         __class__: astropy.coordinates.angles.Longitude
#         unit: *id002
#         value: !astropy.table.SerializedColumn {name: sky_centroid.ra}
#         wrap_angle: !astropy.coordinates.Angle
#           unit: *id002
#           value: 360.0
#       representation_type: spherical
#   astropy version: '5.1'
#   make_catalog parameters:
#     ab_zpt: 31.4
#     coadd_bands: !!python/tuple [f277w, f356w]
#     deblend_contrast: 0.001
#     deblend_nlevels: 32
#     deblend_npixels: 1
#     detect_kernel_fwhm: 4.0
#     detect_kernel_npix: 7
#     detect_npixels: 4
#     detect_threshold_nsigma: 3.0
#     flag_isolated_buffer: 4
#     hst_bands: !!python/tuple [f606w, f814w, f125w, f140w, f160w]
#     jwst_bands: !!python/tuple [f115w, f150w, f200w, f277w, f356w, f410m, f444w]
#     near_border_kernelsize: 21
#     reference_band: f200w
#   make_catalog version: 1.4.0
#   photutils version: 1.5.0
# schema: astropy-2.0
label xcentroid ycentroid sky_centroid.ra sky_centroid.dec bbox_xmin bbox_xmax bbox_ymin bbox_ymax area semimajor_sigma semiminor_sigma orientation eccentricity min_value max_value local_background segment_flux segment_fluxerr kron_flux kron_fluxerr kron_radius gini equivalent_radius kron4_2_flux kron4_2_fluxerr radius_kron20 radius_kron50 radius_kron80 near_border
[from data line 662]
663 2135.528499239312 959.8930645675732 215.02697280280626 52.9898917220545 2128 2142 950 969 220.0 5.106039394005789 3.130207718438919 -67.39059310681279 0.7900516688387345 0.1054545357659129 0.5354069288521298 0.0 81.70630530757981 9.204997 210.21083227689752 28.458183304952623 2.694558867548005 0.15602741799035488 8.368283871884005 248.79567444684454 46.051986860484696 5.745464705999918 10.505417889571515 19.576418796954073 False
664 8286.942607290703 954.9585803388507 214.97181295624281 52.95085030709236 8283 8291 951 959 56.0 2.5355291002937275 1.609105336466712 -27.69312404184196 0.7728217916169955 0.06369050250872275 0.5489589310170344 0.0 21.02340062605855 4.670447 49.9962671023515 13.91473136679426 2.4776105015428187 0.15206418871695523 4.222008245644752 72.60495791691814 22.661456533390915 2.75023680339296 4.614226203752968 6.748351338083804 False
665 1863.5946349978412 953.1941458760857 215.02948638992905 52.99157961314238 1863 1866 952 955 12.0 0.9256885861140268 0.5287660630945786 -69.16493815585602 0.8208013364575584 -0.06361290284362446 0.12079505969162044 0.0 0.3173786151094962 2.0082228 9.11133973071777 7.014216661313719 3.887232407441407 0.5390027020343254 1.9544100476116797 2.3174452019497713 11.291691820905589 2.773848441442514 4.545646855257862 6.313821628362025 False
666 2447.328319289197 957.0567096071129 215.02420173754732 52.98789944520316 2442 2452 952 962 88.0 2.510534561836831 2.4129669988151052 -16.09311665241348 0.2760727645289343 0.18507027382555027 0.6195508852982173 0.0 35.4842359520032 4.506835 99.1166009972525 15.259218473310545 2.866752688810896 0.16286674983229973 5.292567428401227 121.33941520738506 24.502336544673803 3.5587041174426703 6.972145677330336 11.09208134675639 False
667 1030.4042877089098 963.8291947220289 215.03686088019165 52.99691941841273 1017 1044 954 978 470.0 5.556919165249283 4.271002127759549 -8.264198875135861 0.6397395946476919 0.12943190430228568 3.1871640816133224 0.0 421.22349612713265 13.07265 565.0520263248164 24.322878308806786 1.874461384569849 0.38963267024952575 12.231338704589191 606.9916456320117 38.650682940759395 3.8664487267932173 7.681619940997156 13.710481063115246 False
668 6320.594046055695 962.1872269976324 214.98937492507812 52.96336354757491 6315 6324 957 967 82.0 2.707403642362787 1.7345960420599993 -88.72682169024408 0.7678028685293088 -0.2321847617012173 0.41028112556254426 0.0 9.62982374331061 11.801518 93.30105378673758 11412237962864.033 4.014887415997686 0.4418394579933621 5.108953969950291 82.95237511657122 36905718918258.164 7.913598282675385 12.58197208542355 16.31889980123059 False
669 8589.327148688646 959.1657147486953 214.96905717299828 52.948954528338206 8586 8590 958 962 20.0 1.147310217600501 0.718226373164063 -75.16433436314033 0.7798159361984162 -0.04193803957921877 0.07650021497063916 0.0 0.3380263628765936 2.935189 17.490846944311976 10.429772045900789 4.130016743967549 0.6016347429282771 2.5231325220201604 22.255777401155164 16.51448158077402 4.41130002730104 6.312922283577314 7.9237939605337 False
670 9551.263601571589 968.0574128096026 214.96033946081792 52.942899043629694 9543 9562 960 979 308.0 4.7790037115273165 3.8871162158494936 -40.1624447134912 0.5817414608235167 0.1366734607661324 1.6414204087469122 0.0 247.0006516711673 13.274926 354.78714037566345 30.36142540690928 2.102407879818277 0.27161526160009086 9.901487006738307 403.2869346892904 48.0693810846016 3.9876416078889703 7.220876167977554 11.523034308265634 False
671 3330.982691627414 979.7413065039437 215.0160262135622 52.982419003969326 3309 3350 961 998 1131.0 7.271234540662544 6.410604174998943 2.285797949079799 0.4719243783928472 -0.08281575160254515 2.305167011219931 0.0 463.0493893395315 20.318691 499.8589786959649 25.60695973375723 1.4 0.5209885891194537 18.97388946088459 496.67613762517465 40.8753161529934 4.3591804842450035 8.345004552158978 14.027250691065934 False
672 8817.671288817675 966.0918448228147 214.96693683816375 52.94754315265418 8812 8821 961 970 77.0 2.2007054312004772 2.0409945468666773 -30.911351818294 0.37400319771669227 -0.04236767650784213 0.40473391485772087 0.0 16.009997768504864 5.381709 75.50759995500565 19.233961631471946 3.233593413474101 0.3264821039835999 4.950743503369154 144.77767681575787 30.46762170568187 4.3220766029525555 8.879820673705286 14.252222719085985 False
673 8617.785593957327 965.5780302563887 214.96873447559364 52.948808610828955 8612 8624 962 970 89.0 3.193395134989388 2.040425196492158 11.290276933712306 0.7692468697295495 0.07971842718723937 0.3375809959578006 0.0 21.671825125422977 5.9824166 64.11321255877256 18.45137475617464 2.6322989178404774 0.14327627473466603 5.322553886092406 63.15067910813866 30.001268579552473 3.8878541580423938 6.646918309582474 9.434925171782368 False
674 1754.9733297767925 970.4973281884344 215.0302800319796 52.992361856644 1744 1768 963 978 243.0 5.618269025398546 2.691920419005237 -23.363435629520843 0.8777401439531066 0.05236900999234923 0.7982638609288398 0.0 99.5759305714422 9.134278 177.69063082632263 23.752289823753078 2.3317929155194905 0.25454092264085526 8.79484521425256 203.94515391213162 37.920442186005076 4.139432606050762 8.047001330658304 13.582186342968916 False
675 6073.153006871554 966.5423186910333 214.99154931814812 52.964956623110766 6068 6081 963 970 83.0 3.06017490467148 1.869871065812388 -3.8989191420269296 0.7916043138460153 0.07341089830001331 0.6053251977568428 0.0 27.36548868857399 5.4456153 90.49911567043041 20.173277599991177 3.153064173507922 0.23322911126332696 5.140011726956917 67.88215755870735 32.102405555185165 3.795080079630272 7.261173255493942 10.17232538648934 False
676 7161.209996938475 972.7289805408616 214.98172236939757 52.958088108072594 7147 7176 963 982 431.0 5.49676160980726 3.880183056520645 6.918880354099323 0.7083080549454291 0.1219527571040603 3.698890060655952 0.0 500.75683441048534 13.285762 592.191974091048 22.875577124229686 1.775450792101871 0.38676523733777074 11.71288013023329 643.2888121235684 36.77911779328825 3.5214567520150513 6.540006231485358 10.831812347988729 False
677 3093.081279060468 975.7662194764216 215.01820460451447 52.98390605720426 3080 3105 964 987 426.0 5.911952696389713 4.138394424757438 -40.74710276489927 0.7141382771692487 0.12014069057979808 2.067432509980496 0.0 361.8398796363912 12.226111 539.8052646016266 28.29132524559755 2.1330540733974943 0.29785520338896676 11.64474179680661 599.0614270983592 46.644686521325944 4.498622051744563 8.690912622150208 15.719423944682916 False
678 7075.480347812413 967.8844553866196 214.98254242026601 52.95860577357416 7072 7079 964 972 61.0 2.3562186323158327 1.8023900312724026 -67.20788759149187 0.6440893691068829 0.01531203795493604 0.20352959284978703 0.0 6.339974931266853 4.79285 40.18026699656605 19.956787237876423 3.528340413736643 0.22605394661056322 4.406461512053774 56.03262852426876 31.963589603023415 5.274883595934053 9.380664059465458 13.763976590616679 False
679 9367.057513464186 966.8627383256343 214.9620033216456 52.94406143325026 9363 9370 964 971 52.0 1.6992296948552141 1.356330911122924 38.9113472026969 0.6023880314166083 -0.23877898320703403 0.30721650164703346 0.0 4.890216537401962 5.1345563 5.373921185210956 6.90325392855074 1.4 0.37261410993994437 4.068428945128219 -5.770787994240775 11.326072067615447 1.0918914798620172 1.7964901972883478 2.4101793116072416 False
680 702.1690167977022 972.4253617455178 215.03972014308806 52.99904674172099 696 708 967 978 109.0 2.7637605740517492 2.214623530353413 5.442725045541617 0.5982519930785684 -0.08535606519690052 0.46800062925817865 0.0 20.72632170908974 6.17566 42.48316624938488 16.744673219836436 2.5821457560802017 0.3373381593444363 5.890312181373172 8.441307800931597 26.69002164321036 2.8229334068858676 6.224623775190818 10.852864312006206 False
681 8406.76412003988 973.1294266737866 214.97054714392794 52.95018826802784 8403 8410 969 978 57.0 2.1716809823607828 1.8491710755897324 88.11336809242928 0.5243660295995914 0.14400304854587978 0.4112453134982323 0.0 15.394876539468966 4.678352 41.196693707170596 15.129919275159809 2.688239560467731 0.14503716884607956 4.259537945889915 75.3389815325528 23.972148107874315 2.848208094498527 5.16735990763151 7.4326069201034946 False
682 3519.756018753825 974.7785257037814 215.01438327117089 52.98119512224789 3515 3523 971 980 56.0 2.8440985052053622 1.5920150590584075 -56.416353282616065 0.8286541898064484 0.11679086921557952 0.3573579250995318 0.0 13.46292886846997 4.3943257 74.68133394637698 18.99334716920652 3.366076787218159 0.16185001146804343 4.222008245644752 123.20258926415394 30.178518311154978 4.4284790093853905 7.413656123301023 11.168232967207993 False
683 6572.335378473394 974.1827665896802 214.98698992023986 52.96183151615074 6566 6576 972 977 42.0 2.3049715969126017 1.196651559921625 -19.883342649927393 0.8546764099183634 0.03890262071269831 0.38275037816762597 0.0 9.269799946125085 4.117667 31.44118011825831 15.125505234025557 3.2318442348267524 0.2759556771164524 3.656366395715726 22.950188332015337 23.61608083982231 2.571421037537649 5.098625146787119 10.456825122063238 False
684 3409.4788838199174 987.5309606436875 215.0152392506991 52.981963362986086 3393 3428 974 1000 640.0 6.822212069494624 4.204195763106378 -23.93643640029216 0.787549724747301 -0.05058922487280548 3.077334178235488 0.0 502.3313974749902 14.992885 553.1535442739053 20.095856735491697 1.4273655897205193 0.4491073421034979 14.27299292922217 564.1651372850265 32.17563428266113 3.7665160918488376 7.02480189084959 11.861817525981845 False
685 6986.15031947005 980.497388296281 214.98321094592333 52.9592406108515 6980 6992 975 986 138.0 3.0513300476167786 2.643847556571543 33.91236759833779 0.4992509805997836 0.06292697714391494 1.5378719803294787 0.0 94.9877132131965 7.3334265 128.6118837348063 13.95419426270371 1.7931680714304314 0.27786634027164736 6.627726932618989 140.15375143911254 21.98756427200146 2.5132082838512617 4.633005625847351 7.254136965067883 False
686 631.3718384672087 979.3972349981793 215.0402829868974 52.999533257195296 629 634 977 981 23.0 1.493683685626517 1.1405431083664337 0.3965242828891363 0.6457163083449027 0.11132687909106466 0.32414312363598335 0.0 5.267546459258025 2.9788656 14.155736076680695 7.796406043569509 2.29932375738581 0.1542407051006085 2.7057581899030048 14.728994191036088 12.439463236623666 1.8901475443102411 3.2547987048933735 4.743697173229746 False
687 3893.7799890336064 995.2469760256237 215.01080917772393 52.97893394901749 3881 3907 979 1012 665.0 6.000531793754469 4.60691360397327 66.09714444762602 0.6407484501094456 0.1456706586187575 6.169561232350221 0.0 882.5720619507366 17.084013 1004.3454725584191 26.73890078428561 1.6934396268816645 0.48515594214371255 14.549091872423544 1102.5985486352693 43.317543239666506 3.593222259195098 6.905077852220193 11.928813463013862 False
688 10139.049491237 987.4237544627947 214.95486703926605 52.939273815663505 10129 10149 979 993 206.0 4.212733673104981 2.6317711907825623 22.24541771302549 0.7808503261516807 -0.08598394094913815 0.6019674503598113 0.0 42.703790487633206 9.251935 51.83433795038603 13.062523868889196 1.4 0.3705338491076338 8.097643889049511 50.465719514005 20.810169153066596 2.9823171609792833 4.9653313405428525 7.395810091792795 False
689 10203.93111143717 984.5383974296045 214.9543159235222 52.938846505069876 10203 10206 983 986 10.0 0.9590856723000553 0.8012881888634841 -71.33646813110708 0.5495346595657875 0.07982054214205975 0.26000642119782563 0.0 1.7866358817309964 2.0233734 40.798529546296294 9.713083208002917 3.898601174519322 0.17080199222141784 1.7841241161527712 93.25024004880416 15.537329915442607 3.9399756643537125 6.297656700050989 7.8096642108675 False
690 1111.5981360661867 989.5670353770901 215.03586013795572 52.996543887131075 1107 1117 985 994 92.0 2.7813648151487107 2.04417232495729 -47.0424326209117 0.6781180836482371 -0.13105165991125536 0.3673525691707873 0.0 19.88489092649015 7.460783 30.802677327526794 11.349237462907801 1.4 0.24319490948837308 5.4115163798060095 29.618464749692027 17.996582509628162 2.460450178571687 4.240330857257188 6.333270029507766 False
691 8760.53404625686 988.431976872435 214.96721388899797 52.94802637159263 8759 8762 987 990 13.0 1.074435557111393 0.9103620327884954 -39.59770374576701 0.5311253044841229 0.12940688749077747 0.18550837311565066 0.0 1.931777323332721 2.1909106 18.13318080180411 9.848049346159826 3.688374606162791 0.06378409368631005 2.0342144725641096 10.423295904708393 15.932600932440888 2.882062597471353 5.148718110447247 7.227248768702333 False
692 1554.792472413584 1002.9186700737534 215.0317371163671 52.99380634014206 1536 1574 989 1015 720.0 6.507786207467555 4.9348410151838245 -14.787242892799451 0.6519081235436582 0.0334102909035108 3.6545222141467977 0.0 750.2977511881711 15.721368 885.7858355657654 27.612678730894537 1.8657537170988354 0.4472348414076217 15.138795132120961 1013.8201929895963 44.24480101887758 4.333044423925352 7.933833298391359 13.449749192922683 False
693 4109.672414567663 996.4088256104234 215.00885852338922 52.97757112497644 4104 4115 989 1004 148.0 3.527122893428068 2.837598904638889 68.69527121062461 0.5939416907458848 0.14823975207007858 0.642500803816357 0.0 58.49574912662369 7.2303753 135.50489346573997 21.94691769466396 2.5889199264516036 0.17732563940789992 6.863662517577698 209.31110898453943 34.8548558448005 4.075546413255382 7.555554329224179 14.185496972439125 False
694 6172.437652902503 990.5581976439739 214.99040551231218 52.96445665170838 6170 6174 989 993 20.0 1.3202190759773311 1.0266903217771224 -51.12166209391707 0.6286768725747129 0.03065494014179115 0.2541162075963224 0.0 3.3788058877391256 2.6465719 36.081122516868625 12.00725375488208 3.8790329503058656 0.23808285166327015 2.5231325220201604 58.794814711949094 19.232887976699054 3.6930409692543362 6.331476278047241 8.625292091575249 False
695 9549.106492585186 990.6428896031493 214.96012097539207 52.943034734599614 9547 9551 989 992 15.0 1.2712727299169955 0.8860311146167986 -2.753921833927302 0.7171062790869104 0.12451444726671458 0.32435782800084206 0.0 3.8171165441079484 2.377434 27.777025970673858 10.48778124406454 3.442896947792092 0.14916987185286004 2.1850968611841584 46.33282268634771 17.1234525274414 2.6283123836119926 4.692485603647528 7.110016369112524 False
696 8808.980779275907 991.7808550724792 214.96674424767343 52.94773707591452 8808 8810 991 993 8.0 0.8554487585746549 0.6896526912914275 -38.172197854810754 0.5916591864588259 0.15982210193243665 0.27378508049160727 0.0 1.7418490643894344 1.7211636 37.21958650454607 8.414614899466176 4.012173428577698 0.10859156352857212 1.5957691216057308 61.22217644132472 13.655611833223382 3.152598896455173 4.96650768788015 6.548906133380136 False
697 8826.525284928866 992.0688932486917 214.96658391079168 52.947627314143105 8825 8828 991 993 8.0 0.8707841724598521 0.6999221491405532 0.10467977062456775 0.5949216059936463 0.22609608961313815 0.31103890445449683 0.0 2.152402452208857 1.8543512 25.47137306829401 8.371134650167338 3.840483132704913 0.0662756214115039 1.5957691216057308 30.646560986764122 13.31169289525389 2.4708899979542673 4.192400014401587 6.146993291044809 False
698 1601.4589759857606 999.392661908159 215.03135495850893 52.99349140741412 1593 1609 992 1006 207.0 3.8806728419042145 3.1911759793724594 10.520688376663218 0.5690174693360256 0.06825578103765934 1.1886892671477691 0.0 115.86960208379624 8.477958 229.11498054222488 23.73318499834824 2.594071215250645 0.2642370171044089 8.117274569709014 284.7834900827661 38.03292036604658 3.931785823739931 8.08237938088857 15.213497219044477 False
