outputs/dr0.5_c0.1/nircam3_matched_f277w_f356w_dr0.5_c0.1.ecsv
# %ECSV 1.0
# ---
# datatype:
# - {name: label, datatype: int64}
# - {name: xcentroid, datatype: float64}
# - {name: ycentroid, datatype: float64}
# - {name: sky_centroid.ra, unit: deg, datatype: float64}
# - {name: sky_centroid.dec, unit: deg, datatype: float64}
# - {name: bbox_xmin, datatype: int64}
# - {name: bbox_xmax, datatype: int64}
# - {name: bbox_ymin, datatype: int64}
# - {name: bbox_ymax, datatype: int64}
# - {name: area, unit: pix2, datatype: float64}
# - {name: semimajor_sigma, unit: pix, datatype: float64}
# - {name: semiminor_sigma, unit: pix, datatype: float64}
# - {name: orientation, unit: deg, datatype: float64}
# - {name: eccentricity, datatype: float64}
# - {name: min_value, datatype: float64}
# - {name: max_value, datatype: float64}
# - {name: local_background, datatype: float64}
# - {name: segment_flux, datatype: float64}
# - {name: segment_fluxerr, datatype: float32}
# - {name: kron_flux, datatype: float64}
# - {name: kron_fluxerr, datatype: float64}
# - {name: kron_radius, unit: pix, datatype: float64}
# - {name: gini, datatype: float64}
# - {name: equivalent_radius, unit: pix, datatype: float64}
# - {name: kron4_2_flux, datatype: float64}
# - {name: kron4_2_fluxerr, datatype: float64}
# - {name: kron4_2_mag, datatype: float64}
# meta:
#   PHOTMJSR: 0.4047000110149384
#   PIXAR_SR: 2.11539874851881e-14
#   __serialized_columns__:
#     area:
#       __class__: astropy.units.quantity.Quantity
#       unit: !astropy.units.Unit {unit: pix2}
#       value: !astropy.table.SerializedColumn {name: area}
#     eccentricity:
#       __class__: astropy.units.quantity.Quantity
#       unit: !astropy.units.Unit {unit: ''}
#       value: !astropy.table.SerializedColumn {name: eccentricity}
#     equivalent_radius:
#       __class__: astropy.units.quantity.Quantity
#       unit: !astropy.units.Unit {unit: pix}
#       value: !astropy.table.SerializedColumn {name: equivalent_radius}
#     kron_radius:
#       __class__: astropy.units.quantity.Quantity
#       unit: !astropy.units.Unit {unit: pix}
#       value: !astropy.table.SerializedColumn {name: kron_radius}
#     orientation:
#       __class__: astropy.units.quantity.Quantity
#       unit: &id001 !astropy.units.Unit {unit: deg}
#       value: !astropy.table.SerializedColumn {name: orientation}
#     semimajor_sigma:
#       __class__: astropy.units.quantity.Quantity
#       unit: !astropy.units.Unit {unit: pix}
#       value: !astropy.table.SerializedColumn {name: semimajor_sigma}
#     semiminor_sigma:
#       __class__: astropy.units.quantity.Quantity
#       unit: !astropy.units.Unit {unit: pix}
#       value: !astropy.table.SerializedColumn {name: semiminor_sigma}
#     sky_centroid:
#       __class__: astropy.coordinates.sky_coordinate.SkyCoord
#       dec: !astropy.table.SerializedColumn
#         __class__: astropy.coordinates.angles.Latitude
#         unit: *id001
#         value: !astropy.table.SerializedColumn {name: sky_centroid.dec}
#       frame: icrs
#       ra: !astropy.table.SerializedColumn
#         __class__: astropy.coordinates.angles.Longitude
#         unit: *id001
#         value: !astropy.table.SerializedColumn {name: sky_centroid.ra}
#         wrap_angle: !astropy.coordinates.Angle
#           unit: *id001
#           value: 360.0
#       representation_type: spherical
#   astropy version: '5.1'
#   kernelfile: kernel_f277w_f356w.fits
#   make_catalog parameters:
#     ab_zpt: 31.4
#     coadd_bands: !!python/tuple [f277w, f356w]
#     deblend_contrast: 0.001
#     deblend_nlevels: 32
#     deblend_npixels: 1
#     detect_kernel_fwhm: 4.0
#     detect_kernel_npix: 7
#     detect_npixels: 4
#     detect_threshold_nsigma: 3.0
#     flag_isolated_buffer: 4
#     hst_bands: !!python/tuple [f606w, f814w, f125w, f140w, f160w]
#     jwst_bands: !!python/tuple [f115w, f150w, f200w, f277w, f356w, f410m, f444w]
#     near_border_kernelsize: 21
#     reference_band: f200w
#   make_catalog version: 1.4.0
#   photutils version: 1.5.0
# schema: astropy-2.0
label xcentroid ycentroid sky_centroid.ra sky_centroid.dec bbox_xmin bbox_xmax bbox_ymin bbox_ymax area semimajor_sigma semiminor_sigma orientation eccentricity min_value max_value local_background segment_flux segment_fluxerr kron_flux kron_fluxerr kron_radius gini equivalent_radius kron4_2_flux kron4_2_fluxerr kron4_2_mag
[from data line 4878]
4879 9064.104643733452 4022.6232102906274 214.75202303965276 52.835315431106466 9059 9070 4019 4027 71.0 2.9070221363985134 2.1856652089569124 3.286388231676956 0.6593261057112904 0.22670849181471991 0.39676074770633146 0.0 23.897629624235684 0.91806555 233.3476650194999 4.0636358110352155 3.496793413509838 0.060856400676905446 4.753945931439391 526.5748098395054 6.717430911051566 24.596349801022882
4880 9059.637499091958 4028.992501321779 214.75199578194406 52.83537813558538 9054 9064 4024 4035 73.0 3.147692263090267 1.9900056033996925 43.14071852824957 0.774796282627965 0.1923671978289699 0.3726336416085464 0.0 23.395171873235594 0.9005024 250.84361343217552 4.28272676837647 3.7737084992182734 0.060195693854579395 4.820437914901168 532.2683528622347 7.162038452257867 24.584673387385536
4881 9048.47225966288 4034.9035077564117 214.75203303943414 52.83548097972789 9046 9051 4031 4039 33.0 2.3116616026714714 1.1547993228569176 -71.80190070512955 0.8662828680169082 0.23284849985251357 0.35481439767416073 0.0 9.90073738975383 0.60870045 160.75524936041722 3.061379187540562 3.8586328880642498 0.06036023331245561 3.2410224072142872 360.96576027565413 4.90551101498226 25.006334978813292
4882 9056.952695828319 4036.037014940713 214.75194553107465 52.83543313754298 9052 9062 4030 4042 93.0 3.264731764389673 2.302380143429928 62.74277824282452 0.708980616970401 0.22875197093743244 0.37125633666494445 0.0 29.063553407441667 1.00948 331.8063529582554 4.785237613763486 3.7245804766496735 0.06035977409217272 5.440847306724618 626.8054802681572 7.693920564718553 24.407168037688677
4883 9046.532298446955 4043.3738317040657 214.7519611375299 52.835538919517575 9043 9050 4040 4046 40.0 2.116169240361766 1.6006348267524448 -31.51833718060424 0.6541287944952923 0.26543003866866094 0.36791740812290513 0.0 12.636132130176893 0.6614806 177.29830717887893 3.1548189894749687 3.6886624228742413 0.05317743712871764 3.5682482323055424 394.7789793122915 5.061023401175364 24.90911495036392
4884 9052.675233184184 4045.137546074192 214.7518878237371 52.83550933891951 9050 9056 4042 4048 25.0 1.907426509912558 1.0248644149479 -43.10655895348759 0.8433898098275739 0.1711554367690111 0.34619536900734366 0.0 7.390068610910717 0.5164953 97.87107782577766 2.313053893861403 3.7787319583074592 0.0781593535478364 2.8209479177387813 238.87157348115517 3.817003343342762 25.454588824189784
4885 9040.366146410957 4049.346247123902 214.75195319922054 52.83561029487658 9038 9042 4046 4053 29.0 1.9033170258937522 1.2405266307062086 -84.60650174451213 0.7584159200459674 0.25186912111703064 0.3561211382502364 0.0 9.13928241039017 0.54556084 140.56394793895362 2.8741192620481 3.792523624256605 0.045652269664678245 3.0382538898732494 315.6034271441696 4.474029887264395 25.152145723560533
4886 9043.448626086389 4058.1878530831186 214.75183263020546 52.835638285410035 9035 9050 4052 4067 148.0 3.7069645382622625 3.3294587191011074 -48.17391652694381 0.4396624457870101 0.23237145904427878 0.47326027275549937 0.0 48.53472782508713 1.2770542 473.2556677172422 5.726717967108627 3.617015887284696 0.0896615379192225 6.863662517577698 913.1620504868421 9.412962430240182 23.998630363428163
4887 9032.129488865388 4062.336874988687 214.7518898122408 52.8357326230046 9029 9035 4061 4064 15.0 1.7722813314653378 0.9351176029881345 -12.954695341050982 0.8494712125297252 0.26340332479962086 0.31483529717414865 0.0 4.2763020784147425 0.40212575 90.68384361873082 2.3717975619649554 3.8291767006720927 0.03530529479860374 2.1850968611841584 214.0395243865043 3.795174755695388 25.573765056837267
4888 9032.32383884926 4074.842187144696 214.75175640234886 52.835798708352335 9022 9044 4062 4088 340.0 6.717087849578895 3.7607771460741724 -57.04582944834832 0.8285722971527083 0.20860990944362007 0.5774782300595354 0.0 126.80217776922132 1.9894439 997.4442857836432 8.506864173296089 3.586815212132605 0.11856614767867198 10.403141895720198 1688.1641340198923 14.053266041568467 23.331463326986587
4889 9022.50663625315 4094.1246124694076 214.75164084804297 52.83596496175644 9011 9031 4088 4101 185.0 4.866790856970382 3.0154412851427903 -9.697451710197594 0.7849213499982478 0.24940951391101068 0.45660607962865374 0.0 65.39653831453523 1.508006 564.2504495421335 6.5680328782816 3.6194573532941177 0.07823937207924352 7.673807981960539 960.7924171696864 10.668560491523824 23.94342608289911
4890 9013.853587357713 4101.92881275389 214.75163578271213 52.83606201767981 9008 9019 4095 4107 94.0 2.898641516280172 2.600926663196322 37.02267219109622 0.4414383280032852 0.25363554570238733 0.4525529290925885 0.0 32.03145029823935 1.0437977 367.8572697861192 4.995355517270827 3.715832562565528 0.0700282505460674 5.4700209598571305 690.321503254688 7.993305647601848 24.302371495728845
4891 9007.940302914483 4105.198972916498 214.7516540447342 52.83611723712017 9006 9011 4103 4107 21.0 1.5995446640200859 1.0115905930763605 46.67819367619794 0.7746223330802031 0.23230152538117538 0.4183181398487066 0.0 6.980731993655671 0.4966496 81.3962719171998 2.2980946646515528 3.6012763661448806 0.09701822368596415 2.5854414729132054 185.90276505594062 3.6755949828744434 25.7267853765707
4892 6554.714768642252 4048.1568837575633 214.7741245935056 52.85141315683243 6521 6585 4023 4075 2199.0 10.1136641915461 7.328208719837799 20.76701798737331 0.6891855125307214 0.19807162100050205 19.4440046342986 0.0 4330.869346167416 5.370688 4659.632739717565 6.775556836622482 1.6593367362555946 0.5871966302882459 26.456822177241087 5171.905979673022 10.194136898339838 22.115873446950268
4893 6524.6735420126815 4109.226406014908 214.77374938498502 52.85193308444444 6474 6578 4044 4172 9281.0 16.390881957187485 13.102878563389725 -75.5720861027145 0.600798556771753 0.15082554211685045 146.9505171302548 0.0 33167.60927153844 11.310613 32867.36369032647 10.887159730894902 1.4 0.713604327825114 54.35286610356221 34891.3181256161 15.563092234779216 20.043206558619026
4894 6475.317174199627 4111.538630188955 214.77416519885196 52.852259413222434 6471 6480 4104 4118 100.0 3.29892286474729 2.2455526775291936 -76.99553793537557 0.732569083670128 0.21530356160285727 0.4980806994743028 0.0 36.51167935315407 0.98057735 341.4943471623468 4.298693399699369 3.62888335919075 0.11736263064265892 5.641895835477563 674.6061264689969 6.832444010704643 24.327374297655076
4895 2070.6906193126765 4039.6947103607927 214.81422835282595 52.879876443153655 2053 2089 4034 4047 312.0 7.690710522155633 2.5392419879342256 -12.808872647982938 0.9439214813517869 0.15248369467094688 1.1783820876621214 0.0 124.09296771946656 1.7508938 247.32069266538807 4.685614836068987 2.4123901491361686 0.2787897989559778 9.965574970333758 275.2590834841185 7.504882325857864 25.30064585126348
4896 2046.425795050215 4047.2622196367765 214.81436532425695 52.88007146029302 2041 2054 4042 4052 103.0 2.968887317176721 2.214165082356579 -4.046618983465714 0.6661816375441982 0.17809452570297712 0.7581348738868404 0.0 38.19549471470282 1.0031862 78.4983886710261 2.923215980296117 2.553420665874225 0.23216951056245244 5.725898905580716 103.191198685354 4.676888526885728 26.365893356708714
4897 9451.980470176042 4054.0550907362663 214.74823575089465 52.83301729150563 9442 9462 4043 4068 343.0 4.7876260505739365 3.933110780316883 81.01617851108482 0.5701856498443215 0.23992613936885543 2.276806857980496 0.0 240.50295186828075 2.0759013 390.0659929606108 4.84969695768726 2.2743260295783037 0.32388684988586813 10.448937312523231 465.6136442269079 7.8619790164610786 24.729935754284412
4898 9455.441313073681 4072.5487358232135 214.74801018348168 52.833094829360746 9453 9458 4069 4075 27.0 2.0921746665792536 0.9998210409773258 54.659780318747224 0.8784218487645622 0.2804204572878457 0.4324255777638168 0.0 9.433494508687826 0.58326113 44.692032684400644 2.2324095469677143 3.166813644721642 0.07534751851990978 2.9316150714175193 76.95390834598828 3.574960907238563 26.684423295656885
4899 6401.301962682736 4067.565316286053 214.77528836561686 52.85249328394846 6386 6413 4058 4079 383.0 6.0729184756045775 4.351142758560497 12.388662401364897 0.6976045669661983 0.16552279187025434 0.9232891887493622 0.0 168.90374920183874 1.8652527 327.76842591714484 5.339237214665349 2.45697481991676 0.21319573029175046 11.041407809169618 446.6495360845241 8.576377696633868 24.775082781894397
4900 6425.232554991611 4070.0387303808307 214.77504889761303 52.85235442266907 6414 6435 4058 4080 263.0 5.532422464229654 2.6691964184109502 -49.57659941946056 0.8759156261128218 0.19533153730167171 2.2801568510884938 0.0 213.40231968401076 1.5777391 363.5538673693176 3.81199939018283 2.3982257941575065 0.36739088092601563 9.149617481968136 489.667829352827 6.209128525877493 24.675246069306574
4901 6414.642704189427 4082.328880884513 214.77501391442857 52.85248795536327 6405 6424 4072 4092 237.0 3.9694363977748433 3.591842891350231 -45.43604000363346 0.4256778483897968 0.18693336919773873 2.5709781208478075 0.0 234.26386520650658 1.5311316 338.99027220138703 3.316213219759219 2.268468294994718 0.3390389238098757 8.685588237163813 456.448447476531 5.561667136638672 24.751520664386412
4902 6409.046951243815 4090.628917927406 214.77497641180605 52.85256824028778 6402 6416 4083 4097 122.0 3.2169768415982154 2.026624479473295 43.81409794264456 0.7766130188849302 0.21594596089350673 2.8171336252074175 0.0 112.93035949134178 1.0999795 171.16956344985226 2.447842117258377 2.2442703456593733 0.4063685252774737 6.231677632421503 214.6450051510956 3.8361225162900925 25.570698033050526
4903 2142.204619324541 4085.9774285792832 214.81310227732914 52.87967128386061 2133 2151 4077 4096 205.0 4.6859390853870355 2.505447593006141 42.3417283406927 0.8450587057250545 0.1583840597312658 2.140497251916617 0.0 133.30567011034108 1.4713625 204.23585165688314 3.322414799196926 2.1611075858161692 0.35529393692811473 8.07796550300118 245.99662923312474 5.216392056322127 25.422677109431422
4904 2133.193053190654 4092.7063266880873 214.81311187171912 52.87976482655596 2121 2149 4076 4106 554.0 6.418282498789144 4.192491214379236 61.98841587917119 0.7571761339608216 0.16323049480857785 4.309477586984298 0.0 485.30086199766254 2.4496336 578.4997288918998 3.954807540547842 1.7213943520140533 0.45246728551385124 13.279445656570912 635.8117210518191 6.222285175264794 24.391678675556076
4905 3538.756971287613 4085.5399272395334 214.80063894881812 52.870791149287165 3533 3543 4080 4092 108.0 3.2519163745043094 2.143217510372232 60.92045917111965 0.7520878032748637 0.15001628462303282 0.7987987290653624 0.0 45.0371174666249 1.019198 108.0034825452007 3.140399498782215 2.774962509792405 0.2185185087592286 5.863230142835039 157.47635496522275 5.100765833130128 25.906961615464148
4906 3524.0408363838 4092.0179904869665 214.80070207439482 52.87091960773389 3519 3531 4087 4097 96.0 2.451082917666406 2.160801709263771 -11.627320989228815 0.47205290546280143 0.17098997386974887 1.555058742993887 0.0 58.077156015657465 0.9920529 143.87628312365874 2.7794152602736717 2.8263502944678556 0.3422588863163621 5.527906391541368 210.86092233288764 4.481018605009606 25.590009745384393
4907 3540.4059494408993 4108.998835328398 214.80037715556216 52.87090705668207 3521 3559 4092 4126 976.0 8.052959357883898 5.679441169700902 30.101318099382308 0.7089473862083145 0.15730000031504388 7.235895078134086 0.0 1335.624065071001 3.4393268 1534.2377165812736 5.238267397443769 1.7377093274639956 0.45741972403367603 17.625846048215095 1663.8261578389233 8.385626748362801 23.347230130562934
4908 3539.0008259452297 4124.536969186644 214.80022604533548 52.87099970485492 3531 3548 4120 4132 159.0 3.2479436915634907 2.674303333888315 31.974240396179898 0.5674853008121946 0.18404599287176654 2.5692071741607805 0.0 134.61830343213842 1.3248185 230.85593800147223 3.1272379917996367 2.417939326244876 0.40910939403022734 7.1141599576634995 309.50778157555885 5.020374435700607 25.173321068929187
4909 1349.073006387958 4115.1177092964745 214.81987841333 52.88486962960717 1314 1384 4087 4141 1980.0 15.849171496613081 5.073366012554229 35.54703343967067 0.9473827754165711 0.12847893613569186 6.290422232754844 0.0 2205.7353535400853 5.022212 2356.867460812732 6.6080219319993185 1.556998101437591 0.5090919790748899 25.104851615652017 2499.0399953187607 10.093652452782308 22.905566983126008
4910 1334.5601260158853 4131.538658874464 214.8198350698464 52.88505037267547 1332 1338 4129 4135 30.0 1.7298991464716982 1.386829968842533 -35.76920105718605 0.5977500145463485 0.1868454750871629 0.2703524372098173 0.0 6.863808448033865 0.51532763 50.766050657281184 2.315710372110776 3.3814785655538255 0.056901766956968185 3.0901936161855166 107.91019944566747 3.7306436977998843 26.317343761934318
4911 7055.734433090053 4108.861345823782 214.769017590236 52.8485537913343 7041 7071 4098 4116 330.0 5.524566425611746 3.9674793108108797 -30.780247343492952 0.695886107992391 0.14873425432305462 2.600317071468925 0.0 292.63030442937315 2.0551953 567.6425668795914 5.021857262885634 2.4743111599397087 0.41121035856798044 10.249012754438885 745.6569127267799 8.277273872155263 24.218652378982622
4912 7042.469657567564 4114.244578373179 214.7690791780431 52.848667140646164 7029 7050 4103 4122 246.0 4.634493385874085 3.4095869488943213 32.958942068039725 0.6773098497201941 0.1914107944897155 2.6376971100605733 0.0 246.5695480072542 1.7015743 386.47175044139294 3.3254645320283576 2.3510108794245492 0.4001856018803874 8.848967849484623 587.6753041081535 5.879994460044926 24.47715639817106
4913 7056.0704047520985 4138.740568889199 214.7686999432415 52.848712552685015 7005 7099 4102 4181 4857.0 17.127996966378984 12.252337680856195 -17.860659313234393 0.6987767818645856 0.1612269824091876 25.127453589410063 0.0 9235.759604635043 8.280517 9883.126836572232 10.287698625328101 1.48282829119447 0.5034827635911989 39.31960220036148 10383.261309627009 15.867086553396073 21.35916554051665
4914 7017.383335326722 4123.496896300922 214.76920543091987 52.84887650695167 7008 7025 4111 4131 238.0 4.750769638811473 3.3256968039185373 -63.638207103919285 0.7141102304914423 0.1721145882200437 1.1811618483754505 0.0 119.35701151068433 1.5890168 437.5563995216954 5.301895575699683 3.1489964237880983 0.2506372046752415 8.703892974511014 666.0020378681628 8.752505226393078 24.341311104876258
4915 6999.648305812237 4144.52490457629 214.76914212737617 52.84910253263614 6993 7006 4138 4151 164.0 3.667466127110656 2.8036690279582213 46.48259317443516 0.6446589173818743 0.17752407072186183 0.8990380410154415 0.0 67.24371401560865 1.3026757 183.90445201349004 4.027370279079614 2.8320560858818626 0.23009118908650467 7.225151993843567 288.1304852574617 6.488871725124332 25.251026973366372
4916 7057.942583831061 4172.300632732938 214.76832983364915 52.8488813641675 7036 7079 4161 4189 749.0 7.648622592504246 6.2328606903382235 -2.4924866627921074 0.5796019206308222 0.16143226518527692 3.835483406676554 0.0 548.5310270861993 2.847484 1034.3080920900118 6.998311254502381 2.438045391991905 0.38143115594186455 15.440663999700893 1342.88409433947 10.763099390490217 23.579903675254968
4917 7071.040272003807 4216.418953190694 214.76774843936596 52.84903563666562 7048 7097 4190 4241 1288.0 11.015581212393503 7.120001741805541 -33.26250724713986 0.7630348566440434 0.18582277179553242 2.2888872555628486 0.0 1193.8312425826336 3.7675247 1662.273609391872 7.7121584036319 1.9993539398479516 0.34228072072826715 20.248040236149336 1917.900772264542 11.663198134440865 23.19293466493207
