outputs/dr0.5_c0.1/nircam2_matched_f277w_f444w_dr0.5_c0.1.ecsv
# %ECSV 1.0
# ---
# datatype:
# - {name: label, datatype: int64}
# - {name: xcentroid, datatype: float64}
# - {name: ycentroid, datatype: float64}
# - {name: sky_centroid.ra, unit: deg, datatype: float64}
# - {name: sky_centroid.dec, unit: deg, datatype: float64}
# - {name: bbox_xmin, datatype: int64}
# - {name: bbox_xmax, datatype: int64}
# - {name: bbox_ymin, datatype: int64}
# - {name: bbox_ymax, datatype: int64}
# - {name: area, unit: pix2, datatype: float64}
# - {name: semimajor_sigma, unit: pix, datatype: float64}
# - {name: semiminor_sigma, unit: pix, datatype: float64}
# - {name: orientation, unit: deg, datatype: float64}
# - {name: eccentricity, datatype: float64}
# - {name: min_value, datatype: float64}
# - {name: max_value, datatype: float64}
# - {name: local_background, datatype: float64}
# - {name: segment_flux, datatype: float64}
# - {name: segment_fluxerr, datatype: float32}
# - {name: kron_flux, datatype: float64}
# - {name: kron_fluxerr, datatype: float64}
# - {name: kron_radius, unit: pix, datatype: float64}
# - {name: gini, datatype: float64}
# - {name: equivalent_radius, unit: pix, datatype: float64}
# - {name: kron4_2_flux, datatype: float64}
# - {name: kron4_2_fluxerr, datatype: float64}
# - {name: kron4_2_mag, datatype: float64}
# meta:
#   PHOTMJSR: 0.3925000131130219
#   PIXAR_SR: 2.11539874851881e-14
#   __serialized_columns__:
#     area:
#       __class__: astropy.units.quantity.Quantity
#       unit: !astropy.units.Unit {unit: pix2}
#       value: !astropy.table.SerializedColumn {name: area}
#     eccentricity:
#       __class__: astropy.units.quantity.Quantity
#       unit: !astropy.units.Unit {unit: ''}
#       value: !astropy.table.SerializedColumn {name: eccentricity}
#     equivalent_radius:
#       __class__: astropy.units.quantity.Quantity
#       unit: !astropy.units.Unit {unit: pix}
#       value: !astropy.table.SerializedColumn {name: equivalent_radius}
#     kron_radius:
#       __class__: astropy.units.quantity.Quantity
#       unit: !astropy.units.Unit {unit: pix}
#       value: !astropy.table.SerializedColumn {name: kron_radius}
#     orientation:
#       __class__: astropy.units.quantity.Quantity
#       unit: &id001 !astropy.units.Unit {unit: deg}
#       value: !astropy.table.SerializedColumn {name: orientation}
#     semimajor_sigma:
#       __class__: astropy.units.quantity.Quantity
#       unit: !astropy.units.Unit {unit: pix}
#       value: !astropy.table.SerializedColumn {name: semimajor_sigma}
#     semiminor_sigma:
#       __class__: astropy.units.quantity.Quantity
#       unit: !astropy.units.Unit {unit: pix}
#       value: !astropy.table.SerializedColumn {name: semiminor_sigma}
#     sky_centroid:
#       __class__: astropy.coordinates.sky_coordinate.SkyCoord
#       dec: !astropy.table.SerializedColumn
#         __class__: astropy.coordinates.angles.Latitude
#         unit: *id001
#         value: !astropy.table.SerializedColumn {name: sky_centroid.dec}
#       frame: icrs
#       ra: !astropy.table.SerializedColumn
#         __class__: astropy.coordinates.angles.Longitude
#         unit: *id001
#         value: !astropy.table.SerializedColumn {name: sky_centroid.ra}
#         wrap_angle: !astropy.coordinates.Angle
#           unit: *id001
#           value: 360.0
#       representation_type: spherical
#   astropy version: '5.1'
#   kernelfile: kernel_f277w_f444w.fits
#   make_catalog parameters:
#     ab_zpt: 31.4
#     coadd_bands: !!python/tuple [f277w, f356w]
#     deblend_contrast: 0.001
#     deblend_nlevels: 32
#     deblend_npixels: 1
#     detect_kernel_fwhm: 4.0
#     detect_kernel_npix: 7
#     detect_npixels: 4
#     detect_threshold_nsigma: 3.0
#     flag_isolated_buffer: 4
#     hst_bands: !!python/tuple [f606w, f814w, f125w, f140w, f160w]
#     jwst_bands: !!python/tuple [f115w, f150w, f200w, f277w, f356w, f410m, f444w]
#     near_border_kernelsize: 21
#     reference_band: f200w
#   make_catalog version: 1.4.0
#   photutils version: 1.5.0
# schema: astropy-2.0
label xcentroid ycentroid sky_centroid.ra sky_centroid.dec bbox_xmin bbox_xmax bbox_ymin bbox_ymax area semimajor_sigma semiminor_sigma orientation eccentricity min_value max_value local_background segment_flux segment_fluxerr kron_flux kron_fluxerr kron_radius gini equivalent_radius kron4_2_flux kron4_2_fluxerr kron4_2_mag
[from data line 4474]
4475 2390.6825675842556 3777.3686587082616 214.92267587146617 52.93116726042127 2380 2399 3764 3789 341.0 5.312397551879583 3.5678378897663197 -61.51180217332802 0.7409085141855921 0.18396665624491143 2.5019980341690906 0.0 247.96855331728455 2.97924 378.70521402057216 6.724161764455165 2.202801321607753 0.38946268628325453 10.418429401242426 470.05741084667824 10.848860184026258 24.71962273978181
4476 314.05237306727304 3768.3711792809795 214.9413748801222 52.944300089172856 311 317 3764 3772 47.0 2.307511050739753 1.4829507664715678 83.11927943114446 0.7661494248969318 0.21937191089215918 0.46797025049889246 0.0 16.368309101462923 1.2388327 43.42718568514995 3.8127878610154853 2.729744593876793 0.11020614826356889 3.8678889139475245 56.45764182309275 5.784669103472259 27.02069316459631
4477 316.31845021129504 3781.793582137909 214.94121320026733 52.94435819016506 309 323 3772 3792 225.0 4.250684658601296 2.754320974909353 71.05811894505966 0.761664889897802 0.18527763313356743 2.076016793057219 0.0 144.92102994569956 2.4043572 198.8458363263258 4.911330297854045 2.033569569930419 0.3669286613698586 8.462843753216344 214.88261022881585 7.798021977059796 25.56949682291925
4478 3960.40618978736 3786.5250454168618 214.90852401219246 52.92125091614727 3946 3975 3772 3803 644.0 6.554050159881695 4.542978904024919 50.10002780674387 0.7207876391200285 0.17281324260496977 4.074421016584862 0.0 539.8843339435516 4.271228 701.7296427418422 8.025356869810686 2.017495737416612 0.4354489097288322 14.317526556719258 825.4603046415377 12.711550454837079 24.1082595164501
4479 3977.779246126575 3800.8130807710386 214.90821802062362 52.921217726028004 3968 3986 3790 3809 224.0 3.716629022163266 3.0083135713933316 57.68175686582683 0.5872302705635697 0.21184881495638544 2.6314382996035484 0.0 160.03589105715935 2.431189 214.09028631369364 4.840114066224055 2.0174192564267663 0.39436198070873196 8.444016491289505 257.1541692421576 7.706559053504712 25.374516075166632
4480 3947.3499011833355 3798.493795730783 214.9085148489562 52.92139841289114 3944 3951 3796 3801 32.0 2.064660808914669 1.2011512983487111 -15.83667264713412 0.813355571283673 0.19824202280633804 0.2977864640402507 0.0 8.160583230223338 0.89768136 36.69275623937399 3.6092772675983738 3.084317881127388 0.06475860281446828 3.1915382432114616 55.47191222820456 5.631605783001524 27.03981715715061
4481 10113.43068490557 3794.605375979762 214.85340651780973 52.88221446075043 10106 10121 3790 3799 119.0 3.234780183981875 2.2485019532782426 2.335216684062903 0.7189111941516777 0.1795977848294775 1.0863180055898451 0.0 61.353893626814006 1.993035 130.30485777938904 5.942108821724673 2.685098084390727 0.27738113467456416 6.154581744998688 150.1858000779786 9.662589926833064 25.958427818784145
4482 10122.220800298695 3793.4367650749105 214.85334027389186 52.882152311693865 10119 10128 3790 3798 59.0 2.1365640387289058 1.820137032394491 0.9554412250586869 0.5237059126851958 0.19653949885749075 0.8868696327128432 0.0 31.086057354895722 1.4825536 71.24023472121098 4.687680047851611 2.689360169359234 0.22510591579496397 4.3336224206596095 98.82074846511924 7.305002433291267 26.41287965275483
4483 10103.387309589558 3797.809622416042 214.8534625289054 52.8822955492808 10101 10106 3795 3801 33.0 1.6594791019498478 1.4511540887798027 80.13715624306951 0.48509111729458104 0.2778439569170069 0.46197165228028286 0.0 11.91488760370204 1.0215064 42.44603519947936 3.833111840519474 3.0199635145827632 0.0854197992185986 3.2410224072142872 59.800405893382674 6.141729955726913 26.958239670603465
4484 3274.0118996707856 3796.3885814127248 214.91456536898403 52.92566210535008 3271 3277 3793 3800 48.0 2.0352431397136965 1.6090844063268965 65.9663722865734 0.612319512094693 0.1706750823562154 0.4426705803333428 0.0 14.13062549768016 1.2548908 41.68765074443233 3.838946527724619 2.9193552700188987 0.1431165840422359 3.9088200952233594 74.21961215050402 6.121514035049689 26.723703298685955
4485 3275.8437562818426 3803.9084860409926 214.91446977201858 52.925691066263575 3273 3279 3800 3807 44.0 1.9304803524572671 1.6342277083251362 56.15883842048504 0.5323260455540243 0.16865218627369644 0.33341705656359955 0.0 10.782671828185705 1.2653147 58.05382886984492 4.466990975799322 3.4103298421151993 0.11240172442903715 3.742410318509555 77.73408546677544 7.014133058359876 26.673471266248633
4486 1510.9932429295598 3841.2643675404515 214.92988254712554 52.93709643365372 1504 1517 3834 3847 135.0 3.7871050491148743 2.8029717838008517 -40.91171462523955 0.6724575019423809 0.21699088506084335 0.3844716196094201 0.0 41.03488456828281 1.9234482 86.80129096978683 5.140289917588438 2.2426138493497403 0.0856314279557327 6.555290583552474 96.20566435505177 8.259656140248596 26.441998392521846
4487 1525.361772953041 3841.8670007090227 214.9297474810306 52.93700848073363 1517 1533 3838 3846 129.0 4.108964927754708 2.080668039517577 2.3063246369980104 0.8623146735999688 0.15756556386303944 0.6318382334991268 0.0 48.02661365127409 1.803 121.16711866897451 5.8582848265088145 2.8844207727563203 0.1814902245086933 6.407961869245868 123.56703584043802 9.474012411009076 26.170243427931904
4488 1600.6077475833686 3848.5441255882974 214.92900308160938 52.936566892516275 1596 1606 3843 3854 93.0 3.1526963463162816 1.846419155821262 55.44831681218239 0.8105542995354735 0.18138567917650852 0.7099257440005584 0.0 36.85322667440553 1.5329105 61.11495123966978 3.9121759274456354 2.290566092577088 0.2194689040681051 5.440847306724618 63.7755532840398 6.306208870075219 26.888364412463282
4489 1609.4187443243204 3854.90501878509 214.9288571569569 52.93654530566177 1606 1612 3853 3857 30.0 1.6727141839660804 1.2584064440562446 13.570370851432624 0.6588046103063158 0.18801658032565655 0.45893927323919675 0.0 9.864543615677198 0.84152365 27.544601387375412 2.8146782139335063 2.7936149324618853 0.13194087060536172 3.0901936161855166 32.90936882203813 4.598312786781948 27.60670111770182
4490 3221.5226004319816 3863.2614525507684 214.9143310826732 52.92635631781247 3209 3231 3847 3879 532.0 7.266986335358859 4.732330093034457 -89.23201273537603 0.7588980609083026 0.19907338846055161 1.1275618430703434 0.0 223.67762773698638 3.7285752 570.6300950479138 11.666362528030739 2.752733439404564 0.22928777086094532 13.013103375051497 651.6216598002534 18.828089928711933 24.36501122061037
4491 3213.627574917482 3882.0137209603495 214.91420428315777 52.9265076629215 3209 3218 3877 3886 66.0 2.2483300795805845 1.928098829806488 -54.197825253000644 0.5143684603672701 0.1962675619309174 0.6930238905109748 0.0 26.28478151063488 1.2859169 106.93909846171115 4.702786448377462 3.1569159388166907 0.20451815326530348 4.583497844237541 202.44764766159844 7.62277798940757 25.634218162866514
4492 9720.943545251066 3867.886809182198 214.85614239005247 52.8851032336536 9698 9744 3851 3888 1157.0 6.929924618737012 5.147829139570389 2.4888419761260487 0.6694683641675732 0.18469137570188116 25.402847457509225 0.0 3636.734125745835 7.314499 3743.477625970268 8.16276676804242 1.4743048308036444 0.6266313194543178 19.190740952726287 3966.1366015707827 12.360129194401276 22.404080829785464
4493 9738.995798011732 3879.928785145177 214.85585427180646 52.88505348159139 9721 9754 3865 3893 558.0 5.970536552279032 4.088296128038579 -30.193934038456522 0.728782572542755 0.1867913623810862 7.165130708540305 0.0 785.6762489774927 4.7040143 957.485467753728 8.198193509664124 1.9037416559349853 0.5071931492011356 13.327299669871433 1163.0320157441092 13.130834874513297 23.736020824809096
4494 9725.10748774658 3900.2015853752177 214.85576494069326 52.885251041281826 9715 9735 3892 3908 304.0 4.309551857523368 3.650600396668394 0.18807993245604643 0.5314412841492121 0.19633625599995436 2.392246643136384 0.0 213.97951406389512 3.5500946 307.83931527846806 7.341308535836922 2.110049160255923 0.359611180333027 9.83698151873187 393.25755785822037 11.967567667610451 24.91330730523544
4495 6286.813850205689 3880.1693913479107 214.8867189626473 52.90698333209207 6267 6304 3863 3901 910.0 9.294128700412317 6.184434477237816 57.71056677138613 0.7464753712076047 0.16541209513620153 1.9218455444132085 0.0 548.796569681132 5.146521 918.2631045916894 13.030707521089695 2.3826606605099023 0.2716139117194818 17.019459345914886 1159.6209437499479 21.300136790139316 23.739209873787395
4496 6302.081124408981 3871.0718063753975 214.88667818370746 52.906837286063784 6295 6309 3860 3882 238.0 5.095402305012782 3.2708484470591244 -87.8833756877563 0.766770336183349 0.19112476597378236 1.0036613313108522 0.0 99.01999291436056 2.8191302 319.87054554336635 9.06035534979901 2.9483830185141033 0.2428952252774457 8.703892974511014 427.76830098954935 14.280149111214788 24.82197850298408
4497 6272.658835931838 3886.8841242522467 214.88677488386153 52.907109457875166 6266 6280 3878 3893 155.0 3.9032250905261634 2.847992797938548 49.78392465155483 0.683819533004589 0.20688816821365263 0.6802095462864967 0.0 64.18543282801315 2.028026 230.020546976263 6.5009227834486305 3.0357035381845963 0.17601519408031946 7.024103669400641 471.7129250722787 11.063025303956689 24.715805559488217
4498 6280.703843893206 3911.757284994157 214.88644099102467 52.90719256404566 6259 6301 3893 3930 1026.0 8.188453870091285 5.175728147262795 34.62751331179876 0.7749061042081417 0.20533568389226842 7.470622003023192 0.0 1198.1890680683082 5.6320186 1434.2232662612525 9.276835214628129 1.8558385416485257 0.4922937147108535 18.071688997561054 1618.4529659851696 14.708780356252879 23.377249792877663
4499 6301.950033777093 3921.457280894948 214.8861487809364 52.907109965106926 6297 6309 3915 3927 120.0 2.9863969182925714 2.5947882703953704 -12.615865413383867 0.49504174698934417 0.18205516186455414 0.974912702933794 0.0 65.31376128273303 1.8040707 147.19632973419937 5.503801457094613 2.630464232378018 0.23916470761495426 6.180387232371033 223.74203623605712 8.9290094252088 25.525631034502606
4500 7891.270824546761 3883.6374741099803 214.87233252685178 52.8968113908768 7888 7894 3881 3888 36.0 1.7331600660495987 1.560268349460019 -74.86469718296806 0.4353840685634042 0.270841396940202 0.5682108764511885 0.0 15.841412765877259 1.1087569 57.244551508177764 4.07193245330321 2.9113532536060576 0.10449524753365552 3.385137501286538 93.11833392175672 6.781875035231057 26.477412007612305
4501 7885.2281454143895 3889.7264176585186 214.8723224443422 52.896882618332164 7878 7893 3884 3895 124.0 3.346767848205776 2.5985033381303673 -3.567034764228297 0.6302136712452128 0.23058923671290976 0.7929934874739418 0.0 50.54924647894117 2.1202168 122.74326661006653 6.84639271793229 2.655536070382257 0.205307639074036 6.282549314314218 158.07997820076022 11.091318907106684 25.902807831614204
4502 7897.387479341262 3899.6940412849067 214.87210876398896 52.896859148238384 7892 7902 3892 3906 101.0 3.564753624593596 2.0137544304551342 56.73380566216862 0.8251545505765486 0.21185596040110782 0.6118283289842726 0.0 40.90774743239872 2.0071843 160.79570596904412 7.540292258475255 3.116547168228093 0.14166077958613885 5.670035141386943 208.6519769784711 11.97080463721746 25.601443739976254
4503 9300.24656614513 3901.5943367086725 214.85954744207422 52.88795774081586 9287 9311 3892 3912 310.0 5.875060180719033 2.9614349891461718 -37.810782135273755 0.8636634570103472 0.24894059060708346 2.2633797671921645 0.0 226.65589789112062 3.655235 305.9417913242464 7.5153943298505075 1.9724323259647443 0.3305004353661137 9.933582672781009 356.8390866755444 11.920774576895786 25.018818952179117
4504 9279.198041652884 3909.816119246291 214.8596490063481 52.88813580116527 9270 9291 3903 3918 223.0 3.8128687664736947 3.0996085719350623 28.934866327015044 0.582356592726208 0.22466523207703384 2.5760091903980498 0.0 201.4154422395472 3.0921824 275.7716119180965 6.454263843426589 2.094303947032967 0.3604812451398206 8.42514715711158 312.6217372883002 10.299638322314285 25.162452069501715
4505 7149.711892112435 3902.5298070431522 214.8787650962547 52.90162351028124 7144 7156 3897 3909 128.0 2.789144802531291 2.4897854929604466 73.24090675022428 0.4507111334398943 0.19079727226189555 1.9254462305339297 0.0 95.26533062268489 2.01174 143.89100430889113 4.835769057615384 2.182334125027138 0.3376873129181191 6.383076486422923 170.7312294019925 7.740912760058666 25.819217580979085
4506 7158.293920340818 3904.833575580244 214.87866408334733 52.90158142935154 7155 7163 3900 3909 71.0 2.2165080753068738 2.0489829463537004 61.291496335054674 0.38137759756942835 0.1635328177783448 0.972496015955792 0.0 38.43152625495872 1.532716 87.32855113884219 4.9199572240181615 2.6431491398802707 0.2306520983084944 4.753945931439391 106.98245042763567 7.631479470767701 26.326718647084636
4507 3136.39680083625 3914.264097615978 214.91455615974567 52.92717206934962 3126 3147 3903 3926 349.0 4.618445580411441 4.123762682414088 68.29379161224439 0.45027536991835115 0.1837003593259803 3.003272056201506 0.0 366.94315067837334 3.0285006 519.9238186256453 6.730886552495378 2.1325226738097585 0.3844988553014822 10.539931227391522 584.1131870795159 10.727964465081609 24.4837574722829
4508 3130.212521854511 3924.601361870385 214.91450266522128 52.92726713087183 3122 3139 3914 3934 242.0 3.949384854501521 3.3786051649025155 61.26310134362835 0.5178419551162106 0.1736535438699727 2.593759511101394 0.0 242.66039189213484 2.491836 297.10655018048004 4.755841485013638 1.8389368017328303 0.38255887899618324 8.77673016883152 345.46169731754054 7.609182722743594 25.054000243848726
4509 3147.4825501589007 3927.6620123599096 214.9143157933954 52.92717400717856 3139 3156 3919 3935 210.0 3.6051485986879626 2.8846738246829746 -9.532371540744114 0.5997947032055138 0.20978113794882933 2.61072281619332 0.0 165.33132453532704 2.3248997 218.45736921289094 4.630850420091791 2.0050684721801373 0.39575517122114273 8.175883811466258 263.95520979412555 7.392544034132057 25.346174404317516
4510 2395.0976962034665 3934.5620410731176 214.92098078610044 52.9319878339696 2361 2430 3909 3962 2738.0 7.318068071746613 6.101837521776036 19.314505000344575 0.5520599470679787 0.11110266354488128 96.47329735327557 0.0 10230.585579938925 9.963719 9920.457001180925 8.60140592244947 1.4 0.7997915096287083 29.521728749706018 10497.745399730306 11.854741498752007 21.347259910800304
4511 2367.317294369336 3959.1038528320105 214.92097111234384 52.93229667934827 2354 2384 3944 3973 598.0 7.03380654268682 5.251455211531926 -41.16280873441824 0.665270774403121 0.20352738396554096 1.5178324223915665 0.0 350.66758954575096 3.9646597 516.8242394519048 9.086988531994093 2.089964966492336 0.26607378183860053 13.796713809378915 602.1605447364285 14.405538046876407 24.450719260237374
4512 8973.922527688494 3922.3038782657172 214.86224620626737 52.89014252238519 8971 8977 3920 3926 34.0 1.682817166807491 1.4463685842061564 -19.375921935313947 0.5111485060075673 0.23789252840886574 0.6082360059385803 0.0 14.581176928830645 1.1276433 38.82162786225153 3.6794625748940173 2.7559104822534675 0.14579749149859872 3.2897623212397704 53.317737104361115 5.828684440834895 27.082820727662693
4513 8975.942783987995 3928.605701404641 214.86216179403007 52.890163675142844 8972 8980 3923 3933 71.0 2.4392757587056333 1.88597180525954 -62.36050342977157 0.6342003420711542 0.20637503297526977 0.7973689477126377 0.0 32.427453962576244 1.6432472 61.773206723029375 4.585165837582849 2.484128159534204 0.20205331361265919 4.753945931439391 67.5412696455916 7.35032130056899 26.82607694931327
