outputs/dr0.5_c0.1/nircam6_f160w_dr0.5_c0.1.ecsv
# %ECSV 1.0
# ---
# datatype:
# - {name: label, datatype: int64}
# - {name: xcentroid, datatype: float64}
# - {name: ycentroid, datatype: float64}
# - {name: sky_centroid.ra, unit: deg, datatype: float64}
# - {name: sky_centroid.dec, unit: deg, datatype: float64}
# - {name: bbox_xmin, datatype: int64}
# - {name: bbox_xmax, datatype: int64}
# - {name: bbox_ymin, datatype: int64}
# - {name: bbox_ymax, datatype: int64}
# - {name: area, unit: pix2, datatype: float64}
# - {name: semimajor_sigma, unit: pix, datatype: float64}
# - {name: semiminor_sigma, unit: pix, datatype: float64}
# - {name: orientation, unit: deg, datatype: float64}
# - {name: eccentricity, datatype: float64}
# - {name: min_value, datatype: float64}
# - {name: max_value, datatype: float64}
# - {name: local_background, datatype: float64}
# - {name: segment_flux, datatype: float64}
# - {name: segment_fluxerr, datatype: float32}
# - {name: kron_flux, datatype: float64}
# - {name: kron_fluxerr, datatype: float64}
# - {name: kron_radius, unit: pix, datatype: float64}
# - {name: gini, datatype: float64}
# - {name: equivalent_radius, unit: pix, datatype: float64}
# - {name: kron4_2_flux, datatype: float64}
# - {name: kron4_2_fluxerr, datatype: float64}
# - {name: radius_kron20, unit: pix, datatype: float64}
# - {name: radius_kron50, unit: pix, datatype: float64}
# - {name: radius_kron80, unit: pix, datatype: float64}
# - {name: near_border, datatype: bool}
# meta:
#   PHOTMJSR: 0.3925000131130219
#   PIXAR_SR: 2.11539874851881e-14
#   __serialized_columns__:
#     area:
#       __class__: astropy.units.quantity.Quantity
#       unit: !astropy.units.Unit {unit: pix2}
#       value: !astropy.table.SerializedColumn {name: area}
#     eccentricity:
#       __class__: astropy.units.quantity.Quantity
#       unit: !astropy.units.Unit {unit: ''}
#       value: !astropy.table.SerializedColumn {name: eccentricity}
#     equivalent_radius:
#       __class__: astropy.units.quantity.Quantity
#       unit: !astropy.units.Unit {unit: pix}
#       value: !astropy.table.SerializedColumn {name: equivalent_radius}
#     kron_radius:
#       __class__: astropy.units.quantity.Quantity
#       unit: &id001 !astropy.units.Unit {unit: pix}
#       value: !astropy.table.SerializedColumn {name: kron_radius}
#     orientation:
#       __class__: astropy.units.quantity.Quantity
#       unit: &id002 !astropy.units.Unit {unit: deg}
#       value: !astropy.table.SerializedColumn {name: orientation}
#     radius_kron20:
#       __class__: astropy.units.quantity.Quantity
#       unit: *id001
#       value: !astropy.table.SerializedColumn {name: radius_kron20}
#     radius_kron50:
#       __class__: astropy.units.quantity.Quantity
#       unit: *id001
#       value: !astropy.table.SerializedColumn {name: radius_kron50}
#     radius_kron80:
#       __class__: astropy.units.quantity.Quantity
#       unit: *id001
#       value: !astropy.table.SerializedColumn {name: radius_kron80}
#     semimajor_sigma:
#       __class__: astropy.units.quantity.Quantity
#       unit: !astropy.units.Unit {unit: pix}
#       value: !astropy.table.SerializedColumn {name: semimajor_sigma}
#     semiminor_sigma:
#       __class__: astropy.units.quantity.Quantity
#       unit: !astropy.units.Unit {unit: pix}
#       value: !astropy.table.SerializedColumn {name: semiminor_sigma}
#     sky_centroid:
#       __class__: astropy.coordinates.sky_coordinate.SkyCoord
#       dec: !astropy.table.SerializedColumn
#         __class__: astropy.coordinates.angles.Latitude
#         unit: *id002
#         value: !astropy.table.SerializedColumn {name: sky_centroid.dec}
#       frame: icrs
#       ra: !astropy.table.SerializedColumn
#         __class__: astropy.coordinates.angles.Longitude
#         unit: *id002
#         value: !astropy.table.SerializedColumn {name: sky_centroid.ra}
#         wrap_angle: !astropy.coordinates.Angle
#           unit: *id002
#           value: 360.0
#       representation_type: spherical
#   astropy version: '5.1'
#   make_catalog parameters:
#     ab_zpt: 31.4
#     coadd_bands: !!python/tuple [f277w, f356w]
#     deblend_contrast: 0.001
#     deblend_nlevels: 32
#     deblend_npixels: 1
#     detect_kernel_fwhm: 4.0
#     detect_kernel_npix: 7
#     detect_npixels: 4
#     detect_threshold_nsigma: 3.0
#     flag_isolated_buffer: 4
#     hst_bands: !!python/tuple [f606w, f814w, f125w, f140w, f160w]
#     jwst_bands: !!python/tuple [f115w, f150w, f200w, f277w, f356w, f410m, f444w]
#     near_border_kernelsize: 21
#     reference_band: f200w
#   make_catalog version: 1.4.0
#   photutils version: 1.5.0
# schema: astropy-2.0
label xcentroid ycentroid sky_centroid.ra sky_centroid.dec bbox_xmin bbox_xmax bbox_ymin bbox_ymax area semimajor_sigma semiminor_sigma orientation eccentricity min_value max_value local_background segment_flux segment_fluxerr kron_flux kron_fluxerr kron_radius gini equivalent_radius kron4_2_flux kron4_2_fluxerr radius_kron20 radius_kron50 radius_kron80 near_border
[from data line 1324]
1325 10060.565133559436 1746.2890466520555 214.81928962497955 52.79832716575008 10059 10062 1745 1748 14.0 1.0781013369268562 0.9882231155946082 -27.687209174665682 0.39973015095025805 0.2209269001876517 0.32348826372432193 0.0 3.8464025572200877 2.2706575 19.720182117618727 9.400255658121266 3.336675037809999 0.06372650129312668 2.111004122822376 15.334148122895735 14.892742736210066 2.155829705942592 3.677392695522959 5.23232096340862 False
1326 3152.86623574008 1747.3871872938896 214.8809133065684 52.84222244593989 3150 3156 1746 1749 22.0 1.5657579858509079 1.0285696029751554 17.979332582015907 0.7539648122516406 0.043804049602809494 0.18833501275871734 0.0 2.5587746145480343 2.978449 12.490191466536269 10.487330300447175 3.0974423135792337 0.18313162786998782 2.6462837142006137 46.93613040933447 16.744284778651025 2.4561135457725944 3.914483771985804 5.148274885394938 False
1327 8878.0 1751.302401380274 214.82977974845116 52.805870101917236 8878 8880 1750 1753 8.0 1.1109658219496987 0.28867513459481287 90.0 0.9656512537680934 -0.03611042978472507 0.052813999453322547 0.0 0.09945563418304253 1.6603591 15.668129488921606 6.527468561203638 4.405273499600586 0.5518006816095692 1.5957691216057308 43.43876531254644 10.399533961551716 3.666000083673299 5.399328624255433 6.403926652297402 False
1328 4396.771157354421 1758.3255637631348 214.8696901277104 52.83438042172095 4387 4406 1751 1764 195.0 3.8474426167698774 2.9756815387425997 -10.685131042536186 0.6338963093067842 -0.04874526933641275 0.5288545650795543 0.0 47.63649618804557 8.300256 64.26124126355231 15.747124723016222 1.7375094500045922 0.33165478134643034 7.878478774854901 66.66754776083658 25.176647252294057 3.077401209013386 5.341602239816608 8.06874137716867 False
1329 9661.204603068125 1759.8526021320563 214.82270701694594 52.80093855016523 9648 9672 1751 1771 373.0 4.697346451393946 4.5352115190208675 -14.21884396761276 0.26046341257918704 0.11027969998933222 1.9613372809080563 0.0 256.1369652321552 11.862692 400.5842605616736 27.489888698538177 2.239593092905715 0.31707931069281803 10.896310731002211 441.29739372811036 44.37730212338093 4.296036548088484 8.36793035277146 15.672409933866346 False
1330 9562.701950853752 1757.3087948128077 214.8236118945322 52.80155089359727 9560 9566 1752 1762 61.0 2.6814120486452273 1.6352930469203046 88.99699761113845 0.7925071312307052 0.07329121019544461 0.30890028376910644 0.0 13.104128488711599 4.641116 43.385062160152245 15.397347635057208 2.7709159860376458 0.15114084982686166 4.406461512053774 79.47928875259126 24.662711736027692 3.4829957654177885 6.086963634399116 8.653280496118892 False
1331 4457.716020089766 1756.2934547031984 214.86916735679037 52.83398232465256 4454 4460 1754 1759 34.0 1.6701007753342565 1.4052602609281142 -9.0051982836825 0.5403779103820139 0.03366968106140424 0.2661648118744093 0.0 4.09775483902315 3.4377265 29.83445175049472 14.22989069301138 3.50652631639988 0.3054265775028973 3.2897623212397704 59.951157752795396 22.848883213632007 3.7953947922605122 6.7678503222867725 9.157601124027497 False
1332 9811.215025958825 1771.0755458933706 214.82125176511997 52.80004560243688 9786 9829 1754 1791 1096.0 7.955849282565775 6.7896991600838685 41.525539681349564 0.5212200926319671 -0.02531878504970271 2.845507108762474 0.0 824.6390687706316 23.438946 1085.0372506573003 47.49598309602607 2.0161753500154327 0.4089693156537973 18.677998695187732 1284.4981270926723 75.39749087908861 5.732453012850228 11.244599057145095 20.04256455709104 False
1333 6597.344883436206 1767.1653924124162 214.84995580114676 52.82044794247947 6589 6607 1755 1777 341.0 4.703778592956478 3.894540205276138 -72.46959537437026 0.5607872596108012 0.19825041549703276 2.5423181694528663 0.0 363.41698033649726 10.99426 445.6563215291214 21.18575134564081 1.892058554667234 0.3346884220739889 10.418429401242426 502.1219601246653 34.017854883934255 3.516775209297072 6.291204552528838 10.244126517021103 False
1334 4312.86247281841 1758.6790992767787 214.8704355937295 52.83491533248752 4309 4317 1756 1762 45.0 2.3186643985459146 1.3511733144320006 -38.206537749535165 0.8126602578632187 0.04442422754079305 0.4017278956259008 0.0 9.508969907148206 3.953727 35.86111090838405 13.700858913110768 2.925060147399231 0.23599819717938275 3.7846987830302403 20.726120500581786 22.09687592089498 2.8954719318062727 5.281360928445037 7.860655509877791 False
1335 623.9271610292664 1765.3741263999302 214.90332022246898 52.85837960749648 614 635 1757 1773 276.0 4.688744000967082 3.2367811046505444 -26.903787423934265 0.7234945446233697 0.11752804782300867 1.5705237088684034 0.0 167.88479275951045 11.159677 195.4091846461959 16.358051056215334 1.4 0.32193758329043165 9.373021315815206 190.1186460422844 26.214451673278838 3.054433693045087 5.556512896816965 8.823297853657339 False
1336 3879.173722953074 1761.3373363775615 214.87428014950342 52.83768446947211 3876 3882 1757 1764 39.0 1.9449998970411273 1.1630176154796628 -67.49995523262758 0.8015315140766689 -0.06715539065858284 0.16146838731166607 0.0 2.0646484529031945 3.722629 47.29983646123624 14.668633498267969 3.6453090350330335 0.37564535630933166 3.523362819972964 78.7369450969493 21.75779383349851 8.110455715695977 10.800259344781825 12.866582673502311 False
1337 8845.64156154306 1758.9089419342263 214.82998831550296 52.80611674823637 8845 8847 1757 1760 8.0 0.9688727817743068 0.5895066270395524 -71.19720630617527 0.7935953898910361 0.10703677864865266 0.30552019261474783 0.0 1.751542134585367 1.6513819 13.702663686805499 7.16108731415059 3.6197655167462655 0.19323495011211433 1.5957691216057308 18.520871916426035 11.647911889383975 1.9419884313785503 3.3197622348453666 4.709441667870258 False
1338 2101.5733866986084 1762.3959191915806 214.8901467521978 52.84898021097759 2099 2104 1759 1767 42.0 2.1604709392513866 1.432231011959275 69.16254378712158 0.7486854776830548 0.07629212803844408 0.27501941734207197 0.0 7.335265001328468 3.8860946 18.17390756838947 11.27911638188276 2.3848619616129736 0.16000045805022262 3.656366395715726 -1.815139098401942 18.204691506493337 2.4368743899418868 4.067009421141596 5.621569474689936 False
1339 1377.6125662912063 1765.6035959926646 214.89658188744625 52.853594987376596 1375 1381 1761 1770 51.0 2.6786978780361523 1.5039006394750396 78.80367351204329 0.8275244122070453 -0.020394907802744718 0.17772079164302326 0.0 5.556852291645027 4.662026 48.38383756757007 18.554096901027595 3.3090040667461826 0.14978224383874786 4.029119531035698 82.79555267855255 29.634279324243565 5.783395420612779 9.725978233846675 13.12694294957542 False
1340 2192.1239423897273 1766.5217513798386 214.88929435830283 52.84842741199018 2189 2195 1764 1769 39.0 1.759796088211679 1.6317382507242413 18.200303798066624 0.3744888082196945 0.1611332739950602 0.31057049831036965 0.0 9.41200715215244 3.3007016 69.1423039333643 14.236415588908192 3.517737759763184 0.1075327015287965 3.523362819972964 121.65815253087324 23.22298102556701 4.389007477486421 7.897981380782393 11.971644979077787 False
1341 8538.273898653535 1766.2738986535348 214.83265175889963 52.80810979957685 8538 8542 1764 1767 13.0 0.6936062972513171 0.28867513459481287 45.0 0.909275606157372 -0.19969485805256415 0.03151909052375188 0.0 -1.286898798037153 2.0979865 4.839196414724666 4.973783393252175 4.276065163552803 -0.38761823103605814 2.0342144725641096 11.099627134820242 8.013754136322323 3.200335570587225 4.389180883433118 5.205600236387045 False
1342 9020.08347503095 1767.8561048717065 214.82833882446062 52.805056352835365 9016 9024 1764 1772 59.0 2.6762555082895245 1.628841910905852 48.99084226176557 0.7934563156630138 0.10715844783035353 0.32061343816548005 0.0 12.794949408841884 4.5310564 45.00277248470235 15.8235212231554 2.888996706417151 0.13296551121507558 4.3336224206596095 72.68017509714207 25.402987400876693 3.582585317534111 6.997100848985714 10.577307939842129 False
1343 2947.101977202312 1767.9972973111676 214.88253446212698 52.84364050915291 2944 2950 1765 1770 35.0 1.5043039274004615 1.3450551811030167 -27.75417117514711 0.4477916750974235 -0.017866934720617397 0.1399825727162937 0.0 2.498670882144562 3.5751274 2.9310106450117854 5.339479879264847 1.4 0.32437346641909953 3.3377905890622728 -0.05271966485481194 8.514677195652025 1.2334109812807135 2.0825904314886947 2.8910555005231737 False
1344 2393.956620270594 1770.438513765795 214.88745001060457 52.84716674334439 2391 2396 1767 1773 36.0 1.7923660716249177 1.3771397174428992 81.91803729813742 0.6400464827588129 0.07324277432449802 0.35864036045484077 0.0 7.660034378987328 3.5624268 26.017726701025637 11.814859994016913 2.8050211217299807 0.2229844223857814 3.385137501286538 46.61820747537491 18.93184035042138 2.5707239629317833 4.931690552068329 9.546543158351733 False
1345 8857.53054676243 1773.636651071901 214.8297274723873 52.806120578713 8852 8863 1768 1779 113.0 2.7167610951596974 2.662554657778605 8.851760352716461 0.19876389638234562 0.1808267981566712 0.8629477790498868 0.0 53.40260096727057 6.17597 120.97132410321424 18.945639277838787 2.683425447560557 0.20987499058676956 5.997417539138688 215.8155039612299 30.41355717544696 3.3585152829600937 6.688725936844964 13.045949372711044 False
1346 1994.4756783450212 1776.0112805767092 214.89096044773126 52.84973381541065 1991 1998 1770 1782 70.0 3.3236325391702937 1.6684961735075412 -69.38106773972783 0.8648619198405033 0.20917787005875513 0.47295827938434354 0.0 21.944883979430237 5.0504937 101.70109158647891 19.488315141273052 3.0575241948433898 0.11805842718268311 4.720348719413148 168.67068654084326 31.234311660478205 4.428352546672128 7.976644025781123 12.070928335744872 False
1347 3618.7079147515933 1774.5705476533067 214.87646699529031 52.83941027840179 3616 3622 1771 1779 49.0 2.258690968702558 1.5305484373608378 76.5735067619718 0.735406402957197 0.14893488101686858 0.4053963362638592 0.0 14.17671826312702 4.324717 39.5255372050022 13.699560615233713 2.7127277388329554 0.15506209258732623 3.949327084834294 64.09088599566944 21.945614696923116 2.7618982457084367 5.21830332792347 10.243162521792135 False
1348 2335.2364334449853 1777.1980388256522 214.88790352058908 52.84757613803309 2328 2342 1772 1784 128.0 3.780971175387145 2.552276920309361 39.87965310762077 0.7377883580017485 0.09501002907094676 0.40732506902133336 0.0 36.45395955837684 6.738492 131.03248125939916 25.02169672721694 2.983302551193519 0.13759303218696214 6.383076486422923 174.41160142386858 40.11619605746909 5.268239759028213 9.705806972292633 16.72227738884323 False
1349 9615.019903327997 1808.4352939729142 214.82260801112207 52.80149393475661 9578 9650 1772 1851 4166.0 16.128074251864877 10.617812981167356 -52.40054463852495 0.752717626603728 -0.0002575920710031339 8.187203337352148 0.0 5107.354553444855 38.285805 5669.861627356344 56.27799268689708 1.6264999716275428 0.5048357892505743 36.41536744070657 6012.477028438763 90.45628504797641 8.35279457907628 16.63557268421857 29.757343886113354 False
1350 3121.2559551685354 1777.1998628495676 214.88088215024507 52.84258404969957 3117 3124 1773 1781 54.0 2.045665054698968 1.682007955586887 78.95351410236205 0.5691548136989011 0.0025675588677953895 0.42676543515650905 0.0 13.598708590595614 4.451343 73.65196230407557 17.400219930796915 3.482930384874544 0.2493744732457277 4.145929793656026 90.34135432633639 27.834374944217284 4.159995630331863 9.141963123564233 12.476543349192683 False
1351 240.90369958788943 1778.5913540205802 214.90660499109538 52.86088297276155 236 246 1775 1783 65.0 2.381754091245486 2.1356975514449537 33.136976958631166 0.44265695525124243 0.053044294667491276 0.25680101073820966 0.0 10.837276165655263 4.8844376 69.12838337949283 20.586886649674824 3.313873415370926 0.12000291103421293 4.54864184146723 100.66167596751279 33.236998410956694 5.134357568769425 10.04272400543896 15.14411914451578 False
1352 3154.7758186265064 1785.2493289901736 214.88049811670115 52.842414577497664 3148 3161 1777 1796 155.0 4.592243489387706 2.1675585979077088 -51.495792988234726 0.8815962547272275 -0.08165157131883768 0.3548676018033706 0.0 29.903494752028386 7.390875 132.24644331679133 26.554091297944552 3.1282078861374494 0.28495922984265015 7.024103669400641 224.46144235774057 42.6247965050422 6.163801807024746 15.133287752529073 21.95544989372482 False
1353 6093.318273363492 1777.8173125746036 214.85434141530118 52.823707731085854 6092 6094 1777 1779 6.0 0.6493806551398846 0.45972640268405246 73.21881585563843 0.7062666185825622 -0.03001860550232247 0.11314812368942992 0.0 0.31895965893594125 1.7578931 1.1306184172750502 4.74280481107039 2.9460454451027394 0.4832429686121794 1.381976597885342 -1.462078074882068 7.274623863112901 0.8619524044351788 1.4919674968218535 2.076831383635078 False
1354 6130.7450775057705 1780.5756665123326 214.85397841826997 52.823484818667325 6127 6134 1777 1785 44.0 2.4881301629681265 1.487898117605847 -54.38246671419219 0.8014972165037062 0.020836722853100013 0.23057166211872215 0.0 6.045009978419976 4.0181017 118.62952241625838 20.543657467784733 3.862234040323956 0.21169919498260553 3.742410318509555 190.29906488912263 32.577374794708874 7.781559953473263 13.396290883188627 16.30284606847686 False
1355 851.8276521558729 1784.36432708126 214.90108354018233 52.857034976333225 849 855 1779 1791 71.0 2.662898463426486 1.754254577229316 77.8337223683915 0.7523388182129281 0.03866597877099621 0.29119528264165895 0.0 11.34896794712593 5.1173253 23.88392279777163 13.871010821064441 2.367275417125662 0.2676946384018272 4.753945931439391 56.66557301537441 22.624227183170465 2.584876651506423 4.521693212572456 6.832037407105768 False
1356 1319.2926595925417 1781.9266934974946 214.89693140134352 52.854053412987696 1317 1322 1780 1783 17.0 1.3895258063261764 0.9088117394139141 4.56903606922271 0.7564560565512015 0.11407527978695783 0.3062706767493047 0.0 3.494507526400731 2.5189555 15.851727151571014 10.089447935280619 3.279984441738206 0.15127652860434287 2.326213245840639 3.18409332200379 16.121502390034916 2.1327962734063655 3.561492079469612 5.013406473623272 False
1357 8738.897668896374 1787.4166330574665 214.83064044775196 52.8069487912695 8732 8745 1780 1793 149.0 3.459238468041557 2.7325410652331863 35.71816822016224 0.6132026801208954 -0.08914835398653839 0.5769506729528027 0.0 47.84894876688121 7.1814733 158.257506006061 24.104100007758102 3.027579365620847 0.2532533787478497 6.886811529393324 303.57129143234965 38.78029113485552 4.947607102185372 10.93093580086847 17.9923468677683 False
1358 6115.343443045859 1789.5871271149567 214.8540211136351 52.82363126542981 6109 6122 1783 1797 149.0 3.6784189231122992 2.85454479612654 -74.10559973079118 0.6307022310902758 0.058198030731246186 0.44514477115286494 0.0 42.377710249728565 7.4324965 175.0888318808045 28.137428304158252 3.174925343783856 0.16115553248070077 6.886811529393324 189.83981483893734 45.0405457253889 6.090901717955438 13.822987432976404 20.73707003251449 False
1359 624.7171299216866 1789.7739212127954 214.9030565618341 52.8585062727745 622 627 1785 1792 40.0 1.904686643890983 1.2512001969963662 -34.26806638081952 0.7539724328918094 -0.0961513696810491 0.23361802273531146 0.0 3.5991086790942926 4.276424 16.56110778814869 12.512512067593557 2.923879205550851 0.3576185514288567 3.5682482323055424 -13.12252294123986 20.101306521426743 2.7915583499516554 4.608099982724229 6.559129322412001 False
1360 2329.8717490142008 1794.0820140318253 214.88777389988215 52.8477013052765 2319 2339 1785 1803 301.0 5.0019124754213555 3.2705571938391476 -42.34215043535166 0.756614398506884 -0.06551920235594305 0.7949876050665441 0.0 95.16017350695458 10.50141 297.79611735967006 32.657755897127814 3.020838686823351 0.34048989810412694 9.788323438736636 363.05510812323786 52.60167487573859 6.122801402609434 15.42890590591007 25.315696651191693 False
