outputs/dr0.5_c0.1/nircam6_f410m_dr0.5_c0.1.ecsv
# %ECSV 1.0
# ---
# datatype:
# - {name: label, datatype: int64}
# - {name: xcentroid, datatype: float64}
# - {name: ycentroid, datatype: float64}
# - {name: sky_centroid.ra, unit: deg, datatype: float64}
# - {name: sky_centroid.dec, unit: deg, datatype: float64}
# - {name: bbox_xmin, datatype: int64}
# - {name: bbox_xmax, datatype: int64}
# - {name: bbox_ymin, datatype: int64}
# - {name: bbox_ymax, datatype: int64}
# - {name: area, unit: pix2, datatype: float64}
# - {name: semimajor_sigma, unit: pix, datatype: float64}
# - {name: semiminor_sigma, unit: pix, datatype: float64}
# - {name: orientation, unit: deg, datatype: float64}
# - {name: eccentricity, datatype: float64}
# - {name: min_value, datatype: float64}
# - {name: max_value, datatype: float64}
# - {name: local_background, datatype: float64}
# - {name: segment_flux, datatype: float64}
# - {name: segment_fluxerr, datatype: float32}
# - {name: kron_flux, datatype: float64}
# - {name: kron_fluxerr, datatype: float64}
# - {name: kron_radius, unit: pix, datatype: float64}
# - {name: gini, datatype: float64}
# - {name: equivalent_radius, unit: pix, datatype: float64}
# - {name: kron4_2_flux, datatype: float64}
# - {name: kron4_2_fluxerr, datatype: float64}
# - {name: radius_kron20, unit: pix, datatype: float64}
# - {name: radius_kron50, unit: pix, datatype: float64}
# - {name: radius_kron80, unit: pix, datatype: float64}
# - {name: near_border, datatype: bool}
# meta:
#   PHOTMJSR: 0.8704000115394592
#   PIXAR_SR: 2.11539874851881e-14
#   __serialized_columns__:
#     area:
#       __class__: astropy.units.quantity.Quantity
#       unit: !astropy.units.Unit {unit: pix2}
#       value: !astropy.table.SerializedColumn {name: area}
#     eccentricity:
#       __class__: astropy.units.quantity.Quantity
#       unit: !astropy.units.Unit {unit: ''}
#       value: !astropy.table.SerializedColumn {name: eccentricity}
#     equivalent_radius:
#       __class__: astropy.units.quantity.Quantity
#       unit: !astropy.units.Unit {unit: pix}
#       value: !astropy.table.SerializedColumn {name: equivalent_radius}
#     kron_radius:
#       __class__: astropy.units.quantity.Quantity
#       unit: &id001 !astropy.units.Unit {unit: pix}
#       value: !astropy.table.SerializedColumn {name: kron_radius}
#     orientation:
#       __class__: astropy.units.quantity.Quantity
#       unit: &id002 !astropy.units.Unit {unit: deg}
#       value: !astropy.table.SerializedColumn {name: orientation}
#     radius_kron20:
#       __class__: astropy.units.quantity.Quantity
#       unit: *id001
#       value: !astropy.table.SerializedColumn {name: radius_kron20}
#     radius_kron50:
#       __class__: astropy.units.quantity.Quantity
#       unit: *id001
#       value: !astropy.table.SerializedColumn {name: radius_kron50}
#     radius_kron80:
#       __class__: astropy.units.quantity.Quantity
#       unit: *id001
#       value: !astropy.table.SerializedColumn {name: radius_kron80}
#     semimajor_sigma:
#       __class__: astropy.units.quantity.Quantity
#       unit: !astropy.units.Unit {unit: pix}
#       value: !astropy.table.SerializedColumn {name: semimajor_sigma}
#     semiminor_sigma:
#       __class__: astropy.units.quantity.Quantity
#       unit: !astropy.units.Unit {unit: pix}
#       value: !astropy.table.SerializedColumn {name: semiminor_sigma}
#     sky_centroid:
#       __class__: astropy.coordinates.sky_coordinate.SkyCoord
#       dec: !astropy.table.SerializedColumn
#         __class__: astropy.coordinates.angles.Latitude
#         unit: *id002
#         value: !astropy.table.SerializedColumn {name: sky_centroid.dec}
#       frame: icrs
#       ra: !astropy.table.SerializedColumn
#         __class__: astropy.coordinates.angles.Longitude
#         unit: *id002
#         value: !astropy.table.SerializedColumn {name: sky_centroid.ra}
#         wrap_angle: !astropy.coordinates.Angle
#           unit: *id002
#           value: 360.0
#       representation_type: spherical
#   astropy version: '5.1'
#   make_catalog parameters:
#     ab_zpt: 31.4
#     coadd_bands: !!python/tuple [f277w, f356w]
#     deblend_contrast: 0.001
#     deblend_nlevels: 32
#     deblend_npixels: 1
#     detect_kernel_fwhm: 4.0
#     detect_kernel_npix: 7
#     detect_npixels: 4
#     detect_threshold_nsigma: 3.0
#     flag_isolated_buffer: 4
#     hst_bands: !!python/tuple [f606w, f814w, f125w, f140w, f160w]
#     jwst_bands: !!python/tuple [f115w, f150w, f200w, f277w, f356w, f410m, f444w]
#     near_border_kernelsize: 21
#     reference_band: f200w
#   make_catalog version: 1.4.0
#   photutils version: 1.5.0
# schema: astropy-2.0
label xcentroid ycentroid sky_centroid.ra sky_centroid.dec bbox_xmin bbox_xmax bbox_ymin bbox_ymax area semimajor_sigma semiminor_sigma orientation eccentricity min_value max_value local_background segment_flux segment_fluxerr kron_flux kron_fluxerr kron_radius gini equivalent_radius kron4_2_flux kron4_2_fluxerr radius_kron20 radius_kron50 radius_kron80 near_border
[from data line 1390]
1391 584.0265439708671 1829.2195940645431 214.9030054349036 52.85897752690287 581 586 1825 1833 43.0 2.0886176740090674 1.4713544747739558 81.83040288705473 0.7097404281447478 -0.007345135142465088 0.4529075345968923 0.0 9.163495357935268 1.3077375 35.84590299587255 4.455371882274677 2.901330577642448 0.3344221403343013 3.6996385101659595 55.026211622785326 7.1131579754715695 3.1313215369190956 5.6904549339707895 9.592158116242318 False
1392 3162.065001390185 1837.4343427136844 214.87988426195233 52.84264980802133 3156 3168 1828 1846 146.0 4.590407057263323 1.8578884829236884 -65.9328997564495 0.9144349777863456 0.006389141196892125 0.8694288463423596 0.0 54.720605428980214 2.4671786 104.43928711193324 6.225935499926825 2.423003289446408 0.30979510455974907 6.817128675830715 114.25558298719832 9.997808307344727 3.3360937364790577 7.225182631127408 13.452264887998371 False
1393 6390.139559400043 1835.3339645200897 214.85108795928866 52.82213203031939 6384 6396 1829 1841 111.0 2.563219542188728 2.379817658251176 68.51040016638893 0.37146083461588597 -0.06587775498392572 0.8646384891905768 0.0 35.45072235766253 2.5668874 78.8862516131947 6.4664373191996525 2.762241522622633 0.3617127843590453 5.944106103225343 122.11101114321534 10.116138741014879 2.96391658937901 7.453455276230022 12.506467313652163 False
1394 1698.1896852277255 1856.1063051307196 214.89276550414402 52.852047572991026 1670 1722 1830 1878 1785.0 10.876896935374278 6.301507262769227 40.29510354842296 0.8150803795787224 -0.0800244911584458 8.311207339506675 0.0 2194.5935222119847 8.987491 2329.828991787812 11.206414243574146 1.4620831758530204 0.5315950887091226 23.8365926012521 2416.4029522924084 17.464198959082026 5.235290232123135 10.483097360054451 17.816551229860828 False
1395 9279.071345334705 1832.4547455840768 214.8253505634063 52.803758565118095 9278 9280 1831 1833 9.0 0.97867360001688 0.42573874234603964 54.19731549769739 0.9004226894535643 -0.16078449442518164 0.17338885327434955 0.0 0.2284374273911243 0.6561809 1.5771447651306587 1.3716055489407317 2.2098512217810447 0.44588173689750427 1.692568750643269 1.1700732750884544 2.1706095323100536 1.2815208539875198 2.6278139383601893 3.302665857997862 False
1396 7810.322211517301 1833.7752904120646 214.8384343870889 52.81309966113055 7808 7812 1832 1836 18.0 1.2208354784537017 1.1332090070971348 88.68302930445076 0.3720213400465806 0.2848696752979078 0.553811195522498 0.0 7.003479911178393 0.8525828 22.92207328928981 3.0521176802295584 2.9755638783801093 0.09873356166118603 2.393653682408596 23.36397142871792 4.858394384739218 1.9057272511994259 3.2993115987118724 5.256431961108343 False
1397 2249.746776338598 1843.3562697645884 214.88797156867284 52.84847602473369 2234 2266 1834 1853 466.0 5.959175393595164 2.9805880493212085 18.54537023001139 0.8659284636802773 -0.1378513812186935 4.551075647890719 0.0 420.8679603576194 4.5441947 450.87978277230695 5.9762511868345145 1.5147285578077547 0.5380064819964473 12.179179240065665 470.256897593874 9.351380661594467 2.826100697233623 5.500044207771555 9.395915032266858 False
1398 2188.663617358582 1838.40201393341 214.88856939027957 52.84883722220131 2185 2193 1835 1842 57.0 2.0837338080155066 1.8827178636909219 -25.739671738054763 0.42852296253317257 0.0255638900629589 0.614099882656888 0.0 18.956541137073156 1.5116946 71.78442415542435 5.569922255924995 3.0799626250312064 0.25089546857143363 4.259537945889915 110.91159462260492 8.904726550735141 3.5024942955797305 7.066387174368934 11.763047354659037 False
1399 4183.800942541466 1839.4479882432847 214.87073867735904 52.83617081340731 4179 4188 1835 1844 77.0 2.402640717733157 1.9591492533271908 55.92864527535269 0.5788768404909602 -0.05063304239895127 0.7076379315674779 0.0 26.638863325242475 1.8118814 53.33198785708902 4.767497416987258 2.4575518460218615 0.2940710272628123 4.950743503369154 61.10910540800507 7.51510169562182 2.4973771740823314 5.041864280466707 8.337187275044545 False
1400 7104.195452571424 1838.8672118995808 214.84467980461196 52.81761407469219 7100 7108 1835 1843 63.0 2.184815999376408 1.6395965090854525 -64.21567245925183 0.6609265279476688 -0.11150370670160085 0.7367533557821487 0.0 17.181214506123425 1.5539739 16.99685873771966 2.226875308364751 1.4 0.39658070432330533 4.478115991081385 14.993881056292974 3.6106576850762706 1.4846639821819096 2.430636935834181 3.5479011891199788 False
1401 8725.126217457455 1835.8596498148884 214.8302539637976 52.80729743807974 8724 8726 1835 1837 7.0 0.8240100898903786 0.5445646173494046 -27.23508549620676 0.7504992524950094 0.012028098993258005 0.2856714846905289 0.0 1.169326354644692 0.5015674 16.021409231964853 2.2923403139745915 3.767681507121883 0.32161858147436684 1.4927053303604616 29.51444472922808 3.6642101667181155 2.263571880182509 3.642025947487024 4.939216643180499 False
1402 6969.347542892921 1842.1923076901946 214.8458478935546 52.818488833012104 6963 6976 1836 1848 145.0 3.2358635343807762 2.5776461052881827 30.5069462622897 0.6045241979517377 -0.032319631678699556 1.2086322821762299 0.0 62.526561791921644 2.417739 123.00463923466828 6.417605284919625 2.5846508467042115 0.3353741944244968 6.793742230659745 189.2775490268891 10.238154059384847 3.1301427467384975 6.727496776695809 13.013748153764947 False
1403 8458.365401278224 1837.7268559669894 214.8326131646634 52.809002791337186 8457 8460 1836 1839 16.0 1.0727749618668883 0.7463041211385658 48.50847782511874 0.7183553989625211 -0.07681252615297635 0.3693774396938336 0.0 2.4174367176824694 0.87830216 2.7329322993813054 1.183896064837715 1.4 0.39691954235997146 2.256758334191025 0.4390892696453325 1.8520051553561254 0.7478882754327877 1.3161293534927372 1.998529754340065 False
1404 3619.2336178081882 1842.2544865732175 214.87575058551388 52.83977205557631 3614 3624 1837 1849 113.0 2.7303163327618436 2.2741780935694247 63.106604528108015 0.5533697042090748 -0.032697025035284766 1.169997783092808 0.0 53.70252421069593 2.3198602 70.38328539054575 3.547735409784959 1.4582904874111131 0.3411871327813519 5.997417539138688 66.08867272419346 5.731795929404814 2.178848113822316 3.9447357640630174 6.449730536107949 False
1405 3086.7817955428072 1872.7138809383127 214.8801856853074 52.843318290011965 3062 3113 1839 1909 2347.0 11.27350184999122 6.070646283201552 -73.58867112049498 0.8426331322795573 -0.15456236765878145 22.304379941625506 0.0 5225.658974555883 10.960354 5273.46869092381 11.564019985334173 1.4187799650382613 0.6505285281553818 27.33264171047791 5609.536231938766 17.687794724349008 4.935067057768908 9.446097454686866 16.577149537713865 False
1406 1164.5614553778128 1861.107793684695 214.89748148745366 52.85546326353178 1148 1182 1840 1884 1146.0 7.7832781143355225 5.749573545434409 -81.77245799783458 0.6740250600256753 -0.22326016007059843 4.929081470769238 0.0 759.4891007525146 6.903698 807.5902257800556 8.4569118834964 1.4 0.5480183949800902 19.099296572560576 846.9218859296967 13.61484946741946 3.7689313497700914 7.620282913216811 14.293438083966945 False
1407 1425.2481717016942 1847.6561848244883 214.89529332133492 52.85373526033521 1422 1428 1844 1851 43.0 1.9487508846223764 1.4987443656986097 88.0564481949881 0.6391531232817824 0.06551614002841055 0.6860011841806817 0.0 17.104871200936877 1.2918056 33.54769381817768 3.6128325881641765 2.3905744569336833 0.19177028162776516 3.6996385101659595 40.16664452645036 5.881586917286282 2.0063815801519143 3.785547805252868 6.152804513185572 False
1408 2902.981770911171 1848.110338596757 214.88208612154867 52.844352936548034 2898 2908 1844 1852 72.0 2.344014447580747 1.7069956618900237 -42.46513273409157 0.6853264588829758 -0.048588246825883925 1.0883917387473425 0.0 28.7248083475005 1.6640638 52.920656733308306 4.704898310944879 2.537564561280904 0.342956074264278 4.787307364817192 77.68973206779216 7.409925730276602 2.0665844043291197 4.502822010188281 9.526906494749978 False
1409 7336.711321234383 1846.4471475885862 214.8425258266641 52.81617749590557 7334 7339 1844 1849 27.0 1.5109952058709102 1.2274900181609747 -56.82279987356869 0.5831397142459029 0.09835950755282165 0.48319157890162034 0.0 7.008719286835485 1.0473943 23.58009821454398 3.3481834926993637 2.851976285950651 0.20064201119177932 2.9316150714175193 35.38672696363549 5.4478734697015 2.2316941903645 4.278614220603756 7.032280778763388 False
1410 1821.332232510006 1848.158376477939 214.89174877130887 52.85122266782771 1819 1824 1846 1851 28.0 1.503649477171888 1.3464524878700397 -68.92329957077793 0.44514930860050855 0.04109561499609512 0.4665596882125192 0.0 8.206888399499705 1.0238954 21.35613968940745 3.284111701550692 2.670869072555602 0.18582690601802335 2.985410660720923 25.33722827956477 5.462088898744605 2.0281462599454 3.6586685994213193 6.268987081335348 False
1411 4380.959938959522 1849.3410204592803 214.86887427615295 52.83497178016454 4378 4384 1846 1853 44.0 2.029488115947092 1.6700014762837396 -59.43634926867277 0.56823210755681 0.2108393449802055 0.6706081251799759 0.0 16.293306989568148 1.4524132 64.29322655027813 5.189904491295206 3.1319818327114097 0.15411489100227602 3.742410318509555 74.37428875626043 8.160495011580226 3.2977171879656204 6.368139236901429 10.247408047147424 False
1412 1367.0830588004635 1855.779809809681 214.89572766814237 52.85414846109219 1358 1377 1847 1865 279.0 4.259822678395652 3.2573603780539275 -39.89875064106668 0.6444215665544477 -0.18624168984692369 1.566280812495743 0.0 121.28959438707085 3.3031561 144.61833160259914 6.143253019696461 1.8533860398381565 0.4124915298946532 9.423823971471327 160.8334165667264 10.001087926551072 2.8071895877618203 5.233585457693316 8.935663029371387 False
1413 3191.0150970540553 1848.7271656581186 214.8795069411321 52.84252685442128 3188 3194 1847 1850 19.0 1.9108144209225988 0.7630391504505185 -27.261486258562442 0.9168087120498908 0.1311943897599558 0.5648149460306309 0.0 5.882229595183752 0.879267 29.505395539169022 3.4840455107803554 3.2181055113130372 0.24734993922282528 2.4592453796829674 41.5537371653936 5.5942051079954584 2.5241514374900036 4.392085916834806 7.3196491026199295 False
1414 8082.373530070851 1848.6402778736265 214.8358516376092 52.81145100475366 8081 8084 1847 1850 12.0 1.0650093719103446 0.8539073723263118 29.07519026154411 0.5976140651001544 0.09273953364921017 0.4650855366036227 0.0 3.107116197991968 0.73789984 14.098423991607824 2.681726225015683 3.011199258291902 0.21670848174788498 1.9544100476116797 7.50863042440055 4.383247301955149 1.7611947066152567 2.990863621432806 4.633322450654082 False
1415 8512.10125254843 1852.728062094619 214.8319762503045 52.80874216369581 8505 8519 1848 1857 115.0 3.5087771240693013 2.338303223273689 1.2366626469069324 0.7455806273375659 0.005549644179140866 0.6152808756128347 0.0 39.54611522915339 2.2077188 91.248148176602 6.617724629189224 2.4231027145131216 0.181957429828103 6.050259243299904 92.30767238660383 10.502377050371358 3.846107776893378 6.960264848206063 10.342404994743138 False
1416 9958.805523349649 1860.1127342301138 214.81900011559972 52.79958739149139 9950 9968 1850 1868 240.0 4.199813579275701 3.2823254114067346 -36.417574941890855 0.6238542074617892 -0.07632559885278058 1.698939651063777 0.0 143.79378761188815 3.0708108 176.58661099384648 6.083541046155242 1.8492012579138335 0.33690133006135864 8.740387444736633 195.90875532907836 9.820105915770766 2.97315136371891 5.466124928381146 9.01318557534181 False
1417 1307.959545606591 1857.2916250652793 214.89624012032374 52.85453206763548 1306 1310 1855 1859 21.0 1.3357912085573318 1.06871380722932 -17.437577443713156 0.5999192998848375 -0.049642600405586816 0.36707383095990276 0.0 3.81856127120355 0.8787087 8.369374561322832 2.5756165124612576 2.480447206743352 0.3063832029485998 2.5854414729132054 12.051669920972294 4.179783277351796 1.525294248150108 2.7599933831690397 4.155860133038538 False
1418 2917.2102254682136 1861.4742292894307 214.88181849830187 52.84433466490398 2913 2921 1857 1866 70.0 2.208619744294106 1.9705758473412245 -46.39374529543997 0.45159999034728543 -0.0019659454057474775 0.8240046567295041 0.0 28.14951626019104 1.6553918 46.89578485025755 4.229938505599815 2.370917447025367 0.2565708182644861 4.720348719413148 68.72150599591912 7.050989418783115 2.1719267131526925 3.9825423110582983 8.936517468718726 False
1419 8274.839308578652 1861.2129512845668 214.8340029422358 52.81029569508292 8270 8280 1857 1865 69.0 2.5764833978229107 1.7977691408806686 -23.696164296958823 0.7163308264819532 0.04116613994597994 0.7582161799842428 0.0 30.44005787092554 1.8149036 71.9329454292481 5.594580216405571 2.717941375809618 0.19386780728042116 4.686510657907603 63.3050799068996 8.66795388522096 2.775591193371265 5.8385202840275285 9.93141914102772 False
1420 9070.640372915577 1857.3925994865253 214.82694675126896 52.80521765994296 9070 9071 1857 1858 4.0 0.48841261627769544 0.4798058883950281 84.31560578225447 0.1869041100368557 0.2047039801646094 0.5660411786489616 0.0 1.4583371585373293 0.39757675 11.550524110783353 1.5766991906816428 3.7609779968748662 0.25876422975259944 1.1283791670955126 22.216759126796127 2.5683235209447037 1.5201121889340496 2.828444743108441 3.847435785734137 False
1421 7936.452358523928 1860.9983424359273 214.83702317889916 52.8124449131464 7933 7940 1859 1863 35.0 1.8465736225551084 1.207811431580878 -7.868081731716814 0.7564232450317547 0.07461937319608357 0.852427369703841 0.0 15.610767276265353 1.2315756 32.626642662929974 3.5208524595191473 2.6306869596118485 0.2373624845315599 3.3377905890622728 54.95980397867473 5.644661135237516 1.8027601688973607 3.517030258978162 6.850327694670495 False
1422 1467.9350782487925 1862.4941405385896 214.89475582576662 52.85354425225179 1465 1471 1860 1865 31.0 1.6462682485241693 1.3878072507456245 -30.852031437448666 0.537910594359183 0.053670625759544566 0.4540470822270992 0.0 7.961295534308087 1.1352308 16.360253054461637 2.902202096995777 2.124777171180706 0.24884968249092068 3.141274657157109 20.71597216634322 4.6148331411557795 1.8958239790616582 3.1960124695475964 5.355791768307313 False
1423 3045.479567912325 1861.1692192264454 214.88067599135573 52.84351833610815 3044 3047 1860 1862 8.0 0.7309408761250268 0.7066797115575502 21.885219374274865 0.2555028296211114 0.18427047529982704 0.4845208324286411 0.0 2.711966038859117 0.60200197 22.407040173203608 2.7361490399535 3.5527713504290257 0.2299112483416757 1.5957691216057308 43.84096733958221 4.17173340874667 2.1808829261707987 4.013909732746593 5.526652323272751 False
1424 7428.014697849354 1868.4492267320747 214.84148001937575 52.81571594973225 7422 7434 1860 1875 148.0 3.268947566278661 2.296039244365742 -60.20213843286371 0.7118034263646366 0.028044113288514687 2.785313526964221 0.0 114.75686730662149 2.575653 167.727190954256 5.384774076417719 2.2074345478782442 0.42590028893372334 6.863662517577698 190.15739094133846 8.469428167856401 2.269178574896227 4.601380251966167 9.016772504514297 False
1425 10216.97603662732 1866.989618528593 214.81662660390637 52.797983493652914 10201 10232 1860 1874 348.0 6.659483371997856 2.7148063908519675 -8.445154480434216 0.9131336994485934 -0.06306582236132642 2.281232350903983 0.0 234.27193832683992 3.7038977 273.19539190614756 6.387691376591785 1.697927440326698 0.37734908987410826 10.524820207108489 282.0241066368734 10.076832318417477 3.2500352461063025 6.541823332935981 10.974510890002446 False
1426 7291.7480983018295 1872.2631156333525 214.84265550971313 52.81660238948389 7274 7309 1861 1883 663.0 6.27363975868187 3.7571071462668253 15.640132470426925 0.8008447639097439 -0.05103610166973499 12.929430854107437 0.0 1260.6531702432198 5.6881623 1327.414056186503 7.018718775370803 1.519680065824569 0.5741598798631906 14.527197064122632 1409.1507506751764 10.717879358436852 2.877187408109365 5.63216362511133 10.432676190654309 False
