outputs/dr0.5_c0.1/nircam1_matched_f606w_f277w_dr0.5_c0.1.ecsv
# %ECSV 1.0
# ---
# datatype:
# - {name: label, datatype: int64}
# - {name: xcentroid, datatype: float64}
# - {name: ycentroid, datatype: float64}
# - {name: sky_centroid.ra, unit: deg, datatype: float64}
# - {name: sky_centroid.dec, unit: deg, datatype: float64}
# - {name: bbox_xmin, datatype: int64}
# - {name: bbox_xmax, datatype: int64}
# - {name: bbox_ymin, datatype: int64}
# - {name: bbox_ymax, datatype: int64}
# - {name: area, unit: pix2, datatype: float64}
# - {name: semimajor_sigma, unit: pix, datatype: float64}
# - {name: semiminor_sigma, unit: pix, datatype: float64}
# - {name: orientation, unit: deg, datatype: float64}
# - {name: eccentricity, datatype: float64}
# - {name: min_value, datatype: float64}
# - {name: max_value, datatype: float64}
# - {name: local_background, datatype: float64}
# - {name: segment_flux, datatype: float64}
# - {name: segment_fluxerr, datatype: float32}
# - {name: kron_flux, datatype: float64}
# - {name: kron_fluxerr, datatype: float64}
# - {name: kron_radius, unit: pix, datatype: float64}
# - {name: gini, datatype: float64}
# - {name: equivalent_radius, unit: pix, datatype: float64}
# - {name: kron4_2_flux, datatype: float64}
# - {name: kron4_2_fluxerr, datatype: float64}
# - {name: kron4_2_mag, datatype: float64}
# meta:
#   PHOTMJSR: 0.3925000131130219
#   PIXAR_SR: 2.11539874851881e-14
#   __serialized_columns__:
#     area:
#       __class__: astropy.units.quantity.Quantity
#       unit: !astropy.units.Unit {unit: pix2}
#       value: !astropy.table.SerializedColumn {name: area}
#     eccentricity:
#       __class__: astropy.units.quantity.Quantity
#       unit: !astropy.units.Unit {unit: ''}
#       value: !astropy.table.SerializedColumn {name: eccentricity}
#     equivalent_radius:
#       __class__: astropy.units.quantity.Quantity
#       unit: !astropy.units.Unit {unit: pix}
#       value: !astropy.table.SerializedColumn {name: equivalent_radius}
#     kron_radius:
#       __class__: astropy.units.quantity.Quantity
#       unit: !astropy.units.Unit {unit: pix}
#       value: !astropy.table.SerializedColumn {name: kron_radius}
#     orientation:
#       __class__: astropy.units.quantity.Quantity
#       unit: &id001 !astropy.units.Unit {unit: deg}
#       value: !astropy.table.SerializedColumn {name: orientation}
#     semimajor_sigma:
#       __class__: astropy.units.quantity.Quantity
#       unit: !astropy.units.Unit {unit: pix}
#       value: !astropy.table.SerializedColumn {name: semimajor_sigma}
#     semiminor_sigma:
#       __class__: astropy.units.quantity.Quantity
#       unit: !astropy.units.Unit {unit: pix}
#       value: !astropy.table.SerializedColumn {name: semiminor_sigma}
#     sky_centroid:
#       __class__: astropy.coordinates.sky_coordinate.SkyCoord
#       dec: !astropy.table.SerializedColumn
#         __class__: astropy.coordinates.angles.Latitude
#         unit: *id001
#         value: !astropy.table.SerializedColumn {name: sky_centroid.dec}
#       frame: icrs
#       ra: !astropy.table.SerializedColumn
#         __class__: astropy.coordinates.angles.Longitude
#         unit: *id001
#         value: !astropy.table.SerializedColumn {name: sky_centroid.ra}
#         wrap_angle: !astropy.coordinates.Angle
#           unit: *id001
#           value: 360.0
#       representation_type: spherical
#   astropy version: '5.1'
#   kernelfile: kernel_f606w_f277w.fits
#   make_catalog parameters:
#     ab_zpt: 31.4
#     coadd_bands: !!python/tuple [f277w, f356w]
#     deblend_contrast: 0.001
#     deblend_nlevels: 32
#     deblend_npixels: 1
#     detect_kernel_fwhm: 4.0
#     detect_kernel_npix: 7
#     detect_npixels: 4
#     detect_threshold_nsigma: 3.0
#     flag_isolated_buffer: 4
#     hst_bands: !!python/tuple [f606w, f814w, f125w, f140w, f160w]
#     jwst_bands: !!python/tuple [f115w, f150w, f200w, f277w, f356w, f410m, f444w]
#     near_border_kernelsize: 21
#     reference_band: f200w
#   make_catalog version: 1.4.0
#   photutils version: 1.5.0
# schema: astropy-2.0
label xcentroid ycentroid sky_centroid.ra sky_centroid.dec bbox_xmin bbox_xmax bbox_ymin bbox_ymax area semimajor_sigma semiminor_sigma orientation eccentricity min_value max_value local_background segment_flux segment_fluxerr kron_flux kron_fluxerr kron_radius gini equivalent_radius kron4_2_flux kron4_2_fluxerr kron4_2_mag
[from data line 42]
43 7686.550949578923 227.2547247228594 214.9848598246285 52.95072708639675 7685 7687 227 228 5.0 0.5801481850917218 0.3172889253755777 37.93805340284532 0.837191315232527 -0.0366098603481748 0.027431895968883135 0.0 0.004684062955704853 0.65903264 0.09423741696129986 0.776291763870272 1.4 -2.1407374154198417 1.2615662610100802 0.03516479013209141 1.2414614868785077 35.03472992541789
44 3542.474277500613 235.5475594396226 215.02196439644737 52.977054078822256 3538 3547 229 242 115.0 2.9829876415679357 2.395300860554733 67.53621359125947 0.5959962874117267 -0.13319212369095174 0.4250070529707463 0.0 16.82224501448488 3.4845996 63.625779768627226 12.206636080505088 3.1633730462655465 0.3824460063387462 6.050259243299904 118.03265430530186 19.079288182305834 26.21999456599909
45 2826.6150664191837 231.41311895841153 215.02843713119842 52.98157058951597 2825 2827 230 232 7.0 0.7487998430082318 0.438261245772483 37.861887963627716 0.8108277121182139 -0.01982715721265951 0.15230128316980832 0.0 0.3722212233428157 0.71909106 1.6697511803257712 2.1052550381475164 3.050464158626982 0.5779472688359417 1.4927053303604616 4.430794579499564 3.4135790743852454 29.783795960656594
46 2940.631030630471 233.5852760104857 215.02739017896047 52.98085944738639 2940 2943 231 236 17.0 1.501979436341216 0.6581301883027713 73.96136427581948 0.898889573792175 -0.20056458808278319 0.2626567077292757 0.0 1.0028443153418725 1.1738195 23.80039701319176 4.807190402652641 3.8980708968304336 0.3725272075932545 2.326213245840639 24.837219716754326 7.718313487043012 27.912242551960357
47 2434.031771565319 238.63936348446052 215.03188743073966 52.98409867484808 2430 2436 235 241 31.0 2.0241053578381143 1.0038563269958938 43.67749103525737 0.8683507199304125 -0.033981863354687766 0.5996552528654862 0.0 8.698215517873772 1.4010695 23.854618920280576 4.485412608227796 2.8045891199424045 0.3467991284107749 3.141274657157109 32.884498272738384 7.176189909592082 27.607521949742416
48 3200.559751036822 240.62270993636744 215.02498154949706 52.979249458430175 3195 3206 235 246 91.0 4.118762313785201 2.342578633103291 62.85275124865657 0.8225049806546374 -0.10287865677549128 0.3244177776468401 0.0 5.365910643751845 3.165511 6.000505964061462 6.511821036539451 1.4 0.5193374957451752 5.382025607773058 1.6292964434869013 10.434139350948353 30.8699997262182
49 3234.7465249864404 238.8828818436696 215.0246928394047 52.979023289837684 3231 3239 235 243 68.0 1.8418796544690257 1.6517683518504305 -19.220928324786282 0.4424684321209401 -0.022002247541140104 1.332009851608914 0.0 27.496414917076102 2.738332 35.56517242861526 5.062996696013279 1.9711949582195678 0.4592260437723739 4.652426491681278 32.23449086988359 8.139616902148996 27.62919796223978
50 6389.809516612538 242.884152045204 214.9963282949436 52.959036886457426 6386 6393 239 247 64.0 2.024443574281002 1.837370039380306 -18.61870283312051 0.4198519304623798 -0.08052306490126697 0.5430546493757737 0.0 13.3398131773511 2.0540068 20.99052388235902 4.458618877335703 2.0401563369040567 0.3275552457278166 4.51351666838205 13.811914333635032 7.078228453235735 28.549365309904516
51 7553.333911008849 248.28768219227038 214.98583325737206 52.95168580875858 7544 7562 239 258 292.0 4.227153095693922 3.011585672104477 -48.74753853255272 0.701734779043546 -0.26751271598202786 1.3946174524219053 0.0 76.40740642690557 5.782134 106.06047414731131 12.275392238254526 2.2753590978254685 0.5257180680008733 9.640875829802336 114.98649836614175 19.876307741818916 26.24838287801429
52 2906.3480399073937 242.3913183429241 215.02760536742085 52.98112443201095 2903 2909 240 246 39.0 1.4151506953867703 0.9828337512626942 -69.64818390148737 0.7194847954267214 -0.12634639957571733 0.2901196091996228 0.0 2.7236351844346545 1.7243582 9.591942110893733 5.061328938243553 3.4023240559761434 0.5474535243879692 3.523362819972964 31.46146554506687 8.05383668992656 27.655552627095638
53 6315.989682352996 241.82092651599794 214.99700185817102 52.95949935051664 6314 6317 240 243 12.0 1.0190936949647322 0.8128726425330028 22.328406303126666 0.6031302754773339 0.36082566652361975 1.3166127981941778 0.0 8.911957055704175 0.8516228 39.46916244140603 3.0667687423279735 3.024214687760627 0.26137223555972855 1.9544100476116797 57.2581811100109 4.975108147012772 27.005406130239074
54 7989.453029360467 252.19805060838212 214.9818805154737 52.948940380256985 7975 8001 241 263 469.0 4.909626170040253 3.432677372932379 -19.798571626894432 0.714952663637862 -0.08008869115254828 6.0120009580257445 0.0 354.97681502402884 5.686929 370.37483781810795 7.257965730040431 1.5309075849658267 0.5842687806024051 12.218319713454786 395.85360871512546 11.567793758473082 24.906163478882654
55 3935.646615579553 253.31287302220153 215.01824677917693 52.97465709709882 3928 3943 243 263 279.0 3.7365305393183506 3.214497338654792 -88.35111353853617 0.5098061159341849 -0.09141092551963294 1.740676817070587 0.0 94.00780770034041 4.190698 100.55799593623945 5.4336021460600366 1.4 0.5172638068154908 9.423823971471327 104.85968601369305 8.71942605329746 26.348478617622032
56 666.3435969111081 252.66890811698357 215.04762303229205 52.99538053530741 658 678 244 261 270.0 3.355558967553867 2.5016862154881823 -35.58255644467334 0.666466622585273 -0.14416129544784087 4.315602293889238 0.0 136.8551048116767 4.1650963 146.1491977058593 5.286952067263894 1.6217459923863582 0.6424446790327928 9.27058084855655 164.52499306100458 8.479679679300853 25.859420297111853
57 2143.62974854778 285.0753437912086 215.0340072199062 52.98619092013482 2063 2219 245 323 8422.0 24.78687536314562 8.106807921410349 4.111657927846312 0.9450034007597754 -0.26360288055138803 15.062522434582347 0.0 9187.149987063533 23.550499 9129.336300470157 22.571444612637684 1.4 0.7284061727083588 51.77649912305664 9356.01828248222 36.171745993501304 21.472272345531145
58 4138.513649145707 250.70597239551688 215.01645271905005 52.97335661298502 4131 4144 245 256 137.0 3.0148956899628665 2.3749280796227916 -26.06831286792007 0.6160188319050728 -0.14510818970214245 0.5099730240102983 0.0 22.27977513924334 2.9928792 40.06471113553867 7.792190110167865 2.568770428695532 0.42432238192360333 6.6036697681803656 47.47968074827758 12.446726606300452 27.20873052472156
59 7016.289800010205 250.1007065693334 214.99063162548828 52.95510221508727 7006 7027 245 258 209.0 4.525892140297919 2.271474451064417 11.22329689802256 0.8649347349153206 -0.16300783898191445 0.5667086596765807 0.0 26.51531728032984 3.972246 28.67883245637242 6.850855167477722 1.7402866247957447 0.5028214790989738 8.156394191823509 29.94377066633983 11.012644584807598 27.709233780149905
60 930.3279551796451 266.6538396583951 215.04510322829393 52.993782832124346 907 954 246 289 1179.0 12.04202005003374 6.17700121394563 39.788508504250274 0.8584161525174598 0.02018604826583724 1.2806878317535264 0.0 609.0587704353932 8.896546 832.170609003067 17.571108336520815 1.7890817190425494 0.2839102895533124 19.37233480535295 877.4388983047338 28.036821241791905 24.04195779129497
61 6466.236215190724 253.83280612344112 214.99552727007048 52.95861131441357 6462 6469 250 257 47.0 1.7941626974840894 1.5711930612084033 -29.11076607618023 0.48281030418242304 0.17284629152548292 1.572479670587814 0.0 31.041976696881523 1.7508205 51.80979354943223 4.094165383469331 2.1866989133561714 0.3405601955243 3.8678889139475245 57.89361927664433 6.488888940013886 26.99342324809276
62 2917.3528873229025 270.5293678976539 215.0272102096972 52.98120682223546 2900 2932 251 292 1004.0 8.818993332694397 4.537784101398466 -70.89494923566814 0.8574623443404734 -0.27098483024522557 1.9067314294964073 0.0 264.2804557533957 9.003127 286.90508241919144 13.492454986154645 1.6922559816729303 0.5629005851686278 17.876888032555495 314.27442923471375 21.571304408578825 25.156727384188752
63 6868.939682094266 253.78903025681018 214.99191470074922 52.956056794439405 6865 6872 251 256 33.0 1.8057402392197266 1.2185365070394107 -20.874902108287287 0.7379890070599814 0.08427807535307429 0.3433694500204981 0.0 7.345074586232258 1.4610937 29.097317384289966 5.2146034341081275 3.1867655363325067 0.20973268966500347 3.2410224072142872 47.548206868562616 8.42027012861126 27.207164641178792
64 2574.9274060259995 261.55615440878745 215.03038044926012 52.98332933324447 2564 2587 252 271 373.0 4.210767896029415 3.365282298457245 4.617267597356612 0.6010536316891921 -0.21764331487262437 3.208070955758778 0.0 176.17398753214837 4.941486 193.67547757971326 6.718671225701037 1.5732248234382145 0.5564724134388895 10.896310731002211 208.57259177304417 10.736566560612891 25.601856905447082
65 9385.584220882944 255.28823530987611 214.96932937854538 52.94009972307498 9381 9390 252 258 58.0 2.2319278975837715 1.5432068108156207 -7.424353876254653 0.7224499345166604 0.09234508931479457 1.1934251155705167 0.0 31.800092145342393 2.5589979 52.6858452067782 5.343333103821068 2.1205531829819084 0.2796937352669768 4.296739856991561 49.68520092972379 8.381593177102475 27.159432373823044
66 6415.226685320592 260.5945425504212 214.99591375854484 52.958971398952635 6407 6422 253 267 186.0 2.9235718574474583 2.323951486617509 -84.95815120660517 0.6067385736679419 -0.08992574472761995 1.7762998792851983 0.0 64.88281496325908 3.4193637 69.36962525501264 4.033488774077859 1.4 0.580510573116703 7.694520051971082 68.03326197320867 6.476300868402598 26.818196763837662
67 7715.44516400963 254.8903280192614 214.98430969888216 52.95069313770236 7713 7716 254 258 11.0 1.148171765954216 0.28867513459481314 63.43494882292201 0.9678776782325785 -0.16403048578679205 0.03505420237514128 0.0 -0.7393155705402777 0.937354 0.23885071532613997 2.745265327642709 3.621307313572108 -0.4370357240292878 1.8712051592547776 -6.506842823871465 4.344655872682074 nan
68 2472.9043987732043 261.1204330396322 215.03130149160563 52.98397380458501 2467 2478 256 268 110.0 3.940513702320734 2.232411552654865 -55.06037640066288 0.824042454009261 -0.1579279861112781 0.3165164678178606 0.0 11.05439184196324 2.617238 78.2121915346847 11.975097096632378 3.5572453915737237 0.3784927994253254 5.917270272703197 104.51998785058427 19.265391018270094 26.352001623567876
69 8434.733404064997 260.06535711021115 214.97780446175625 52.94615808123621 8430 8440 256 263 61.0 2.5423304924793357 1.5937929971868086 -22.82996872330714 0.7790978278300715 -0.05312876916898338 0.29524607637472916 0.0 7.406094808515994 2.0396802 23.357254438749262 7.2151669040295054 3.130615382558184 0.3752559023976299 4.406461512053774 30.079199674145016 11.520335693953484 27.70433430830991
70 571.4627337287274 265.53077082121797 215.04834034741046 52.99605153517941 567 576 258 273 116.0 4.325618196624214 1.3404830909673784 -83.28029206903456 0.95077111530649 -0.18648929648020532 0.43617955341294573 0.0 12.926392868826476 2.7151446 17.22320953576776 3.79653564792388 1.4 0.45320269065505525 6.076507779746499 11.000258299254462 6.052431205925384 28.796492792417197
71 1350.6151067656594 272.8959641629114 215.0412606010752 52.991152363287576 1341 1361 258 288 519.0 6.4785974913850986 3.9913053040398956 79.2896546882533 0.7876870929393472 -0.09048109420663311 1.3630539050810806 0.0 221.8899764943586 5.84329 277.8716364817701 10.923561838782303 1.8886649315309914 0.39904427291404176 12.85312533702941 307.37446552039324 17.784038339902224 25.180830533569182
72 1457.2401248175397 260.97065609655573 215.04042808479034 52.990411936490894 1456 1459 258 262 15.0 1.1690506431762928 0.7079407991541747 4.2134391572353636 0.7957928229725952 -0.10651664133643804 0.2108708334680369 0.0 0.6969066382671097 1.0789001 4.535935198068185 2.056108211318084 1.809595837490842 0.6152679152901622 2.1850968611841584 3.395258994899255 3.315211223392585 30.072817728889174
73 1722.3404889050453 267.8428946197823 215.03797371321616 52.98876853456707 1715 1731 258 277 249.0 3.7883198167317294 2.6609016902724405 67.05565246223495 0.7117861243204616 -0.15773525020517593 1.0534958776135361 0.0 49.72283321018454 4.0124125 50.16384120403714 5.000512535536432 1.4 0.550323053060605 8.902761462589227 43.95746602371527 8.08235781501218 27.2924183772704
74 3331.883269118484 265.1753102087717 215.0235435971292 52.978549567130244 3325 3337 258 270 124.0 3.329246824065934 2.6997535141057316 57.52634661055629 0.5851567504228326 -0.11879140113408686 0.3991153584530328 0.0 12.043832156151563 3.7737544 30.86843660438769 12.073630396900539 2.7060496177886795 0.4961804706577652 6.282549314314218 34.827642320531844 19.511204229274668 27.545189810971838
75 2250.2861455796437 259.7353269295463 215.0333159117435 52.98537769263637 2250 2251 259 260 4.0 0.5247210455555271 0.35150440605410177 43.17826831228586 0.742462037933967 -0.030553300302669863 0.22692788491333116 0.0 0.4746499655107528 0.5189386 3.386798329188546 1.9179007692056316 3.690435280296381 0.4213432909831167 1.1283791670955126 4.221173624865101 3.069764332082514 29.83641696030928
76 2894.8050906838766 260.4336337288356 215.02751904549487 52.98129518629888 2894 2896 259 261 8.0 0.7570539162438593 0.5785292778551463 6.30235859635302 0.6449970724373605 -0.02509957288916448 0.26463798213507395 0.0 1.1616432410045923 0.832711 4.026432843279795 2.4277404970352987 2.9134854605066054 0.35150313840744074 1.5957691216057308 6.862365674100993 3.87821777874971 29.308815358656144
77 7751.476084994506 260.58873394582577 214.98392653559787 52.95049536704139 7751 7752 260 262 6.0 0.7101062427672872 0.4572731859090283 -68.30613876354607 0.7650672560069887 0.004862254960274316 0.25806794216187606 0.0 0.852050148043679 0.7476167 2.407901246708516 2.078182589497126 2.814532052744021 0.37201642204613966 1.381976597885342 1.1365767712737667 3.288136598262975 31.26100306017638
78 1530.8545491678744 267.31727448697325 215.03969978246207 52.98997959946507 1527 1534 262 270 43.0 1.5866378308076539 1.1524779277843378 4.349532403382141 0.6873093372026168 -0.18198726607869212 0.337789776478366 0.0 2.9594644362995206 2.0137212 8.272512788036831 4.227004142820612 2.3957465997408476 0.48872155135662837 3.6996385101659595 14.758573356603174 6.732543888092531 28.47738905433462
79 822.2721906846408 279.02823905199045 215.04594401804653 52.994534724488034 808 838 263 296 679.0 7.450609204306686 6.508085695147471 -55.70070822423612 0.4868293112760944 -0.28318634491494565 0.4916799630977039 0.0 67.31903869351727 6.5912223 93.07500368181852 10.930111056820056 1.4 0.4544247392482486 14.701442538703265 78.99105243900246 17.494236337726054 26.6560552495094
80 2495.7523994756366 266.3992984937176 215.03104065850252 52.98385749703942 2494 2498 265 268 17.0 1.230802301970591 0.9508466671716682 9.286447708434874 0.634963473901328 0.1784706728979022 0.381754318181026 0.0 4.766217934806308 1.1419401 18.385478467958272 3.9286352133109754 3.055524195976259 0.1436782360641992 2.326213245840639 28.568017506812904 6.194774000090828 27.760299741686225
81 3090.4118977143935 270.5190662130597 215.0256559799873 52.980109511186306 3082 3097 267 275 111.0 3.7422033564095623 1.7505208241943053 14.175899409860625 0.8838459351495973 -0.26782419371887467 0.5444723034341581 0.0 21.11652042912272 3.520844 22.82095833026318 5.240389901584798 1.4 0.36761541236130485 5.944106103225343 19.082408440161103 8.483303572214206 28.198417031854735
82 4270.639913454858 269.64956073266654 215.01506695655846 52.972621201588936 4268 4274 267 273 38.0 1.9158060753675206 1.4644842750295042 -78.84747471251634 0.6447162439517311 -0.05244232138990511 0.13175456891461368 0.0 1.6221785939582765 1.2968818 8.506886138057212 6.168007450533431 3.9539938478430052 0.4675822850927645 3.477898169151024 -0.8709134729048078 9.852388616883998 nan
