outputs/dr0.5_c0.1/nircam1_matched_f150w_f277w_dr0.5_c0.1.ecsv
# %ECSV 1.0
# ---
# datatype:
# - {name: label, datatype: int64}
# - {name: xcentroid, datatype: float64}
# - {name: ycentroid, datatype: float64}
# - {name: sky_centroid.ra, unit: deg, datatype: float64}
# - {name: sky_centroid.dec, unit: deg, datatype: float64}
# - {name: bbox_xmin, datatype: int64}
# - {name: bbox_xmax, datatype: int64}
# - {name: bbox_ymin, datatype: int64}
# - {name: bbox_ymax, datatype: int64}
# - {name: area, unit: pix2, datatype: float64}
# - {name: semimajor_sigma, unit: pix, datatype: float64}
# - {name: semiminor_sigma, unit: pix, datatype: float64}
# - {name: orientation, unit: deg, datatype: float64}
# - {name: eccentricity, datatype: float64}
# - {name: min_value, datatype: float64}
# - {name: max_value, datatype: float64}
# - {name: local_background, datatype: float64}
# - {name: segment_flux, datatype: float64}
# - {name: segment_fluxerr, datatype: float32}
# - {name: kron_flux, datatype: float64}
# - {name: kron_fluxerr, datatype: float64}
# - {name: kron_radius, unit: pix, datatype: float64}
# - {name: gini, datatype: float64}
# - {name: equivalent_radius, unit: pix, datatype: float64}
# - {name: kron4_2_flux, datatype: float64}
# - {name: kron4_2_fluxerr, datatype: float64}
# - {name: kron4_2_mag, datatype: float64}
# meta:
#   PHOTMJSR: 2.251199960708618
#   PIXAR_SR: 2.11539874851881e-14
#   __serialized_columns__:
#     area:
#       __class__: astropy.units.quantity.Quantity
#       unit: !astropy.units.Unit {unit: pix2}
#       value: !astropy.table.SerializedColumn {name: area}
#     eccentricity:
#       __class__: astropy.units.quantity.Quantity
#       unit: !astropy.units.Unit {unit: ''}
#       value: !astropy.table.SerializedColumn {name: eccentricity}
#     equivalent_radius:
#       __class__: astropy.units.quantity.Quantity
#       unit: !astropy.units.Unit {unit: pix}
#       value: !astropy.table.SerializedColumn {name: equivalent_radius}
#     kron_radius:
#       __class__: astropy.units.quantity.Quantity
#       unit: !astropy.units.Unit {unit: pix}
#       value: !astropy.table.SerializedColumn {name: kron_radius}
#     orientation:
#       __class__: astropy.units.quantity.Quantity
#       unit: &id001 !astropy.units.Unit {unit: deg}
#       value: !astropy.table.SerializedColumn {name: orientation}
#     semimajor_sigma:
#       __class__: astropy.units.quantity.Quantity
#       unit: !astropy.units.Unit {unit: pix}
#       value: !astropy.table.SerializedColumn {name: semimajor_sigma}
#     semiminor_sigma:
#       __class__: astropy.units.quantity.Quantity
#       unit: !astropy.units.Unit {unit: pix}
#       value: !astropy.table.SerializedColumn {name: semiminor_sigma}
#     sky_centroid:
#       __class__: astropy.coordinates.sky_coordinate.SkyCoord
#       dec: !astropy.table.SerializedColumn
#         __class__: astropy.coordinates.angles.Latitude
#         unit: *id001
#         value: !astropy.table.SerializedColumn {name: sky_centroid.dec}
#       frame: icrs
#       ra: !astropy.table.SerializedColumn
#         __class__: astropy.coordinates.angles.Longitude
#         unit: *id001
#         value: !astropy.table.SerializedColumn {name: sky_centroid.ra}
#         wrap_angle: !astropy.coordinates.Angle
#           unit: *id001
#           value: 360.0
#       representation_type: spherical
#   astropy version: '5.1'
#   kernelfile: kernel_f150w_f277w.fits
#   make_catalog parameters:
#     ab_zpt: 31.4
#     coadd_bands: !!python/tuple [f277w, f356w]
#     deblend_contrast: 0.001
#     deblend_nlevels: 32
#     deblend_npixels: 1
#     detect_kernel_fwhm: 4.0
#     detect_kernel_npix: 7
#     detect_npixels: 4
#     detect_threshold_nsigma: 3.0
#     flag_isolated_buffer: 4
#     hst_bands: !!python/tuple [f606w, f814w, f125w, f140w, f160w]
#     jwst_bands: !!python/tuple [f115w, f150w, f200w, f277w, f356w, f410m, f444w]
#     near_border_kernelsize: 21
#     reference_band: f200w
#   make_catalog version: 1.4.0
#   photutils version: 1.5.0
# schema: astropy-2.0
label xcentroid ycentroid sky_centroid.ra sky_centroid.dec bbox_xmin bbox_xmax bbox_ymin bbox_ymax area semimajor_sigma semiminor_sigma orientation eccentricity min_value max_value local_background segment_flux segment_fluxerr kron_flux kron_fluxerr kron_radius gini equivalent_radius kron4_2_flux kron4_2_fluxerr kron4_2_mag
[from data line 1540]
1541 973.4494534639231 1960.4889982261207 215.02687317105242 53.00267059910745 973 974 1960 1961 4.0 0.5001434107792282 0.49717258302952955 72.61640723660324 0.10883299388985154 0.20426174209977868 0.261244708628979 0.0 0.9258250400323002 0.63293463 9.117682253392323 2.777219856386857 3.998915264944449 0.07472989735545094 1.1283791670955126 11.321495637965203 4.50180223801681 28.76524049108298
1542 4481.771507507732 1960.854883493777 214.99535906978087 52.980424549015936 4480 4483 1960 1963 15.0 0.7107726271660246 0.26485240731134974 58.05281542787641 0.9279815814632452 -0.052198214914746556 0.026357722587296666 0.0 -0.2526831599970042 1.1981283 -0.011047940397992641 0.8322680403263077 1.4 -0.48941736518643 2.1850968611841584 -0.29195619918916477 1.336225503626537 nan
1543 8792.835679170952 1961.6191640560296 214.9566751659828 52.95307856467192 8792 8794 1961 1962 5.0 0.7615688888805153 0.44292681289611086 18.740179205784877 0.8134764683475518 0.3346803036213418 0.4313270793443011 0.0 1.8660807520353535 0.7159208 8.018219592869258 2.6563634633517554 3.290721146333113 0.05930555753805456 1.2615662610100802 9.235436309251375 4.266924014947439 28.98635645596697
1544 1920.9628146561965 1965.277791551848 215.01830936952067 52.99668866407653 1918 1924 1962 1968 38.0 1.7165149919697205 1.335615315292597 -37.10627902466476 0.6281440304390814 0.11519838004453124 1.0288265061268866 0.0 20.357975182449042 2.0784044 33.80744716779684 4.88223414354364 2.217078355287483 0.25771721799197495 3.477898169151024 32.18221412006744 7.756995043638383 27.630960199920573
1545 8921.033932845752 1972.8338601013495 214.95540768662906 52.95232563517971 8913 8930 1962 1982 289.0 4.468447845371083 3.593906850587034 77.76047979864548 0.5942433673984545 0.11887432910160751 1.612247326140289 0.0 162.89993144781323 5.568711 200.79363945262588 9.841570328042133 1.7126354207910104 0.3138391791414979 9.591222920311857 212.89387193453717 15.650679499379729 25.5795920984394
1546 3282.433400703303 1966.7371612373329 215.0060654015041 52.988062897825074 3280 3285 1964 1970 36.0 1.6141879220491238 1.4450004038156177 -67.2936927210809 0.44569029072803035 0.1442585626429943 0.5061585216348172 0.0 10.818075358925174 1.9210143 27.537273672504906 5.910680254284586 2.7445441729767235 0.19268346148537166 3.385137501286538 33.14602382229517 9.460573243522989 27.598921404619137
1547 10100.121203329863 1967.6640309931997 214.9448930882969 52.94481507363838 10093 10106 1964 1972 76.0 4.019509397078486 1.366534705939759 -23.294064493017515 0.9404342939701877 0.11468890870474432 0.79954984872452 0.0 31.64087673449365 2.8159878 63.79980832195155 7.649368291279557 2.297921317015947 0.2072125532858157 4.918490759365935 91.58885688649289 12.204744019990336 26.49539340336003
1548 3241.4126959105306 1967.7112218182808 215.0064235123512 52.98832831153761 3240 3243 1966 1969 15.0 1.113563027773955 0.985146650706931 48.30592951580766 0.46619926675943624 0.3377005755748464 0.5460186273749721 0.0 6.709161343898433 1.2671536 35.95116013405235 5.009536559982387 3.40647016144376 0.09246232829638085 2.1850968611841584 35.64742840758145 7.988004910216099 27.519929486317096
1549 6393.568851797579 1977.67430602698 214.97802456624328 52.968388230495165 6385 6402 1969 1986 230.0 3.996920483869079 3.441729481059918 -55.69255024354452 0.5084435740336887 -0.007526987991096324 0.8289146620554528 0.0 82.4481364665231 4.4967666 112.67971614195693 8.73510232169989 1.8078936276661113 0.26582758308595483 8.556358677747903 110.10791046100178 13.900183754585834 26.295453697435455
1550 8367.832964826302 1971.7120132248797 214.96037951762025 52.95582993532839 8364 8372 1969 1975 52.0 2.074107348540902 1.5790913570626914 0.7288591258246916 0.6483582358074385 0.23779720515985298 0.9695629366563655 0.0 27.857034483312326 2.3001761 55.708927561912574 6.362509082888799 2.507082990519673 0.21500946159603315 4.068428945128219 83.18970872244996 10.055866036111789 26.599825990808483
1551 3141.3057165601317 1977.975106006168 215.0072143763078 52.98901865879068 3137 3147 1970 1987 117.0 4.599272293007858 1.7710560532546191 -63.475141179028455 0.9228860738856379 0.1103300496225998 0.6138934492230981 0.0 48.091354903601086 3.5305665 114.2544993964752 10.878850042195882 2.6991528555133946 0.15732072057064544 6.102643417692329 132.00549596076985 17.260048031966466 26.098519967141687
1552 3789.1169931858885 1972.7051353731379 215.0014527921538 52.984881740783834 3788 3790 1971 1974 11.0 1.1030888458335055 0.7797555176180059 -75.22825139119757 0.7073297984975375 0.20942329837096188 0.3018335640223113 0.0 2.7483174292372596 1.1641055 75.39807826208502 5.794960186472091 4.02889140826115 0.06332511877125609 1.8712051592547776 165.75198649478745 9.17601246058887 25.85135314496175
1553 6313.073768121969 1976.4566618667454 214.97875959774566 52.96889231081161 6308 6318 1974 1979 53.0 2.0893038515059796 1.4062572410425922 5.659432404916331 0.7395746451158126 0.25603370769234285 1.8442723558554688 0.0 41.9802732819411 2.2774978 59.0262019275336 4.63062006083562 2.056443579271164 0.3180542395403477 4.1073621666150775 66.33891512618229 7.3252918310399595 26.845579087489227
1554 7493.8658052763685 1983.5684813942983 214.968092279302 52.9614393613881 7488 7501 1976 1991 174.0 3.1694033625639113 2.763016624531599 -77.64654580333759 0.489900850885243 0.09264747929411939 1.8648779228052532 0.0 113.64431657275992 3.932689 126.15218422232252 5.402813889419963 1.4 0.373525414258338 7.442171739215616 124.86909490700315 8.541233549709274 26.158862590457282
1555 8416.874836647215 1990.6910043815474 214.95973986924406 52.955621267403494 8407 8428 1977 2005 453.0 6.502493303793648 4.205298394841182 85.01437764223711 0.7627267288806913 0.17995619866104648 1.9407549105224204 0.0 343.3488568289946 6.839191 453.13439821931433 13.31250379010894 1.8419540262905434 0.2952839473896669 12.008096370418468 484.60101211422955 21.114093949061644 24.6865392078778
1556 9026.990653386547 1983.9611809773182 214.95434056667912 52.95171336092974 9024 9030 1980 1988 42.0 2.026691249242168 1.372521747933881 65.88178334596176 0.7357779070707476 0.09082205830618532 0.49988876403250565 0.0 13.03277507663068 2.2350962 28.74430045019318 5.99878897414437 2.517199246612751 0.2193370677146835 3.656366395715726 39.270512341677104 9.531947463920055 27.414833581703522
1557 9347.702031742243 1981.648707525436 214.95148987464603 52.94966566233115 9346 9350 1980 1984 20.0 1.2222433387116027 1.130916630541279 -43.06381932980215 0.3792861190472253 0.28572620358618545 0.6715717401988687 0.0 9.447093421575167 1.4809078 16.86405019077152 3.1665538014991044 1.845903484900721 0.14487240623865655 2.5231325220201604 15.608043998120888 5.000796484778265 28.41662879840561
1558 4145.072868729782 2013.8533452616393 214.9978234221566 52.9828465547439 4117 4173 1982 2044 2451.0 12.087519038908397 8.839894079905275 84.85182136500602 0.6820300938785976 -0.013574891961920897 3.0795154438872716 0.0 1136.7461702628461 15.9558325 1595.6967100949223 32.11783010886542 2.1920514841518757 0.4830880485830602 27.931658222104733 2208.144121029659 51.514890073709914 23.039931461273227
1559 6968.128505695821 1987.626777981437 214.9727652535596 52.96479687569417 6964 6972 1984 1991 53.0 2.035552256195207 1.566324712069903 -7.765627707771216 0.6386661960763066 0.10335250830925749 0.6361417115570913 0.0 16.33560097688201 2.2125545 28.951854299233243 5.485168791299643 2.3765070214038055 0.2601645649297154 4.1073621666150775 34.259018652068704 8.760281263840284 27.563062703841876
1560 1954.512319795785 1990.9667165823187 215.01773732247102 52.996614825830754 1949 1962 1987 1995 84.0 3.2160167082333073 1.7967817736965277 9.32245014968403 0.8293712432690872 0.04950571438402532 0.4706000756338808 0.0 21.699240137035797 2.883058 76.14437753130525 10.27114584173179 3.042837117190227 0.24255547863346094 5.170882945826411 123.12834724607879 16.592899872993275 26.174104875078626
1561 7066.6643059515345 1990.6199445225475 214.97184983004163 52.96418789215121 7062 7072 1987 1996 89.0 2.3361948926997393 1.864208751325434 5.579616021197961 0.6026998266922432 0.003296548255482389 0.904239909593951 0.0 27.32170157720403 2.7605238 33.01264603466248 4.463665580842477 1.6581989822881684 0.4083490313265522 5.322553886092406 34.23895033451028 7.104155529970777 27.563698894954914
1562 8938.480427802559 1994.0630691712981 214.95502767183905 52.9523295916884 8932 8946 1987 2001 180.0 3.1157656299259844 2.3645700388394606 43.85664872351925 0.6512013807267 0.06960022342574036 3.239037488521026 0.0 134.90632312416813 4.5092998 148.055627268278 6.741568793749388 1.7042113844369038 0.49139014354040067 7.569397566060481 160.83342127780867 10.638310033916122 25.884059248913772
1563 1615.6585810099875 2008.8223880161559 215.02059347174003 52.998860005765124 1607 1626 1989 2027 575.0 7.4672399797403095 3.586980379189067 84.29713618262227 0.877070171342069 -0.04375487584152487 1.3241240150463405 0.0 176.95638405025903 7.8848405 281.62373917836874 17.722040822542247 2.3706301453691103 0.4395845018983125 13.528790949515026 344.2092066794306 28.14984878322113 25.05794379408129
1564 7304.295998769543 2003.5876159012666 214.96958171499872 52.962750282669965 7293 7315 1991 2016 419.0 5.9488796913568365 4.328969629541085 65.29289910540342 0.6859009252950246 0.12040644851188997 1.0153377833474329 0.0 203.94215474873752 6.054898 312.5273197685999 13.326053951204457 2.0446319205290657 0.2469699076968726 11.54867275105708 345.0918777847047 21.202297153443286 25.05516315577588
1565 7671.072872327927 1992.8533007040342 214.96640514306543 52.96036517310341 7668 7674 1991 1995 26.0 1.529981464685107 1.1461778031047334 2.873850156142327 0.6624061645935726 0.29678816078103265 0.922866062331772 0.0 15.284020473466155 1.5046602 31.594116189645163 4.167718108671571 2.463742815444628 0.16994704156223692 2.876813695875796 34.373068921110445 6.5990309370631115 27.559454227846985
1566 8200.849279777267 1997.585613192644 214.96160432717403 52.957029264982296 8193 8209 1991 2005 197.0 3.515554648857086 2.3717867482111727 -23.88373685669203 0.7381331478862826 -0.1075976035516448 2.374942867792496 0.0 113.09007297517333 inf 121.73168313434006 inf 1.7386663352990106 0.4832878054646323 7.918778161951929 144.75601001248737 inf 25.99840849022627
1567 2392.410566675042 1996.0331498749717 215.0137502981534 52.99386544078856 2389 2396 1993 1999 40.0 1.4215569236874361 1.0077154830424422 20.740884849130655 0.7053275413055468 -0.08630531812938447 0.4751709119625784 0.0 4.815957762918895 4.806377 3.9013411085785075 5.665023203479589 1.4 0.5632313491209258 3.5682482323055424 -1.60177426986961 8.84571622277361 nan
1568 10259.698660633769 1998.8320830490543 214.9431346869859 52.94397062084757 10252 10267 1994 2004 133.0 3.2432555005017254 1.9407003594990668 2.3605481346421096 0.8012121800641585 0.05881719004259798 1.9948592131077012 0.0 79.71352333809347 4.2529044 96.08907683354533 6.669741005578438 1.7398073462509536 0.4171755912883009 6.506551687525748 99.36214427391424 10.274221091889816 26.406947612054196
1569 947.9142810051551 2003.8675545061283 215.02664559459902 53.00306707840325 939 960 1996 2011 252.0 4.269671869879542 3.174359794404055 18.92658061820667 0.6687727109434145 0.08483552352593693 2.886097022886692 0.0 169.8490910650325 5.28317 211.7478655280399 9.57784376401028 1.8016130060352866 0.4067539776420976 8.95623198216277 225.03553831870028 15.241708545294292 25.519372228311113
1570 1675.8640345252572 2023.9005801484757 215.01989369992873 52.998559784409075 1636 1712 1997 2052 3225.0 9.141377454549804 7.541253705491867 -18.79090120279435 0.5651938373928218 -0.03777341658559954 34.789794120097326 0.0 2746.9709359135495 19.044466 2690.5213333951688 17.351938057412443 1.4 0.7418689027892564 32.03980934622934 2921.1188141082757 27.148750438489696 22.73612694523971
1571 6845.475261253525 2002.0754327237184 214.97371332712143 52.96565310020747 6841 6851 1997 2006 97.0 2.539131745732901 1.9748107817608052 -10.12246901252538 0.6285732130307242 0.19304456638815426 2.9977612754586063 0.0 98.9312213601768 3.018813 136.5481692158702 6.103942047039618 2.089448804546849 0.38090361612788526 5.556622981616415 154.50465513446335 9.678402034467844 25.92764607751124
1572 10220.703280824555 1998.06489781145 214.94349223709497 52.94421396765511 10220 10222 1997 1999 7.0 0.7665552056885017 0.6749043336314768 -87.01071839431957 0.4741612856776603 0.31129284084686387 0.43548491080157814 0.0 2.5187722761444533 0.90212435 19.471225687427463 3.7578963229787177 3.571510817738623 0.07171028793901142 1.4927053303604616 22.25032141033744 5.937462866274635 28.03165927791798
1573 4247.967486792269 2008.6592755414724 214.99695438478335 52.98216586651423 4240 4257 1998 2018 305.0 3.7716942461951195 3.000396551973671 75.53613701654214 0.6059487912262222 0.014991912733024935 5.048678576072204 0.0 287.20792185772206 5.752595 321.3277171988426 7.908909548826945 1.6352258755739726 0.5433901417846804 9.853147481188747 340.10405444600394 12.489486397876178 25.07097047682042
1574 6721.253353502441 2003.889719725554 214.9748085981358 52.96645100406626 6712 6730 1998 2010 182.0 3.5190250198523154 2.3178993873123463 -2.9304368529552614 0.7524261788447183 0.02574699763925041 2.7433410728374836 0.0 110.97571436603008 4.138521 134.12875488536739 6.90919216607748 1.8542079986603697 0.4577924642961746 7.611333607551958 143.9267296585156 10.97129214313176 26.00464635662518
1575 1987.3740142465188 2003.9447744844695 215.0173053747759 52.996476620323584 1981 1994 1999 2010 122.0 3.4213056135597024 2.2037057019472517 28.684600569536506 0.7649307753870117 0.09890085710693257 1.1022808467511727 0.0 57.930482615812906 3.580352 92.34190039693621 8.1341700804337 2.1138656792358725 0.2660325348734013 6.231677632421503 101.29571478408593 12.968379359691703 26.38602231663359
1576 6350.799404662992 2001.686885403476 214.97815534801393 52.96878931030844 6349 6354 1999 2004 26.0 1.6407622850695924 1.0711096086013363 -47.51793357683482 0.7575198044433294 0.08393839659538269 0.314852903248558 0.0 5.352221769926712 1.5164719 13.720261883516747 4.686911364596622 2.694436405007679 0.2105403166899771 2.876813695875796 10.069576771685202 7.397829579433016 28.892471956581286
1577 8173.7474600960895 2002.5274662924096 214.9617953018905 52.957227928653694 8167 8180 1999 2006 71.0 2.862437125091432 1.7128302953996404 -9.29319813937261 0.801211092470154 0.08992138424728159 0.5120254778284669 0.0 22.310959058617158 5.95797 39.783222028113656 15.929519874134218 2.3265100693540397 0.21261314197319042 4.753945931439391 46.716287423331124 24.597719040165522 27.226329195541076
1578 2863.972499815989 2002.384595615366 215.00944789996854 52.990909386041174 2861 2867 2000 2005 27.0 1.593178931070646 1.1387548019710019 -28.818225624955947 0.699360690068008 0.13268667474461435 0.3961418682695017 0.0 6.9098698640285985 1.6112826 12.439096736313259 3.220704689153522 1.7426552814844647 0.18794739957300935 2.9316150714175193 8.942271023423768 5.181579970767679 29.021380429048044
1579 2486.8778592439785 2008.111909822756 215.01277450733033 52.99333169581597 2480 2493 2001 2016 177.0 3.4047601576570994 2.1544664457085503 -81.38759785915556 0.7743310737635596 -0.17560439224409743 1.9010356003920197 0.0 73.53720269944478 6.405772 94.55065547578096 10.317504586749138 1.831519725859047 0.49886977707665303 7.506054213402069 107.34352567061458 16.261346742818784 26.323060361309174
