outputs/dr0.5_c0.1/nircam6_matched_f814w_f277w_dr0.5_c0.1.ecsv
# %ECSV 1.0
# ---
# datatype:
# - {name: label, datatype: int64}
# - {name: xcentroid, datatype: float64}
# - {name: ycentroid, datatype: float64}
# - {name: sky_centroid.ra, unit: deg, datatype: float64}
# - {name: sky_centroid.dec, unit: deg, datatype: float64}
# - {name: bbox_xmin, datatype: int64}
# - {name: bbox_xmax, datatype: int64}
# - {name: bbox_ymin, datatype: int64}
# - {name: bbox_ymax, datatype: int64}
# - {name: area, unit: pix2, datatype: float64}
# - {name: semimajor_sigma, unit: pix, datatype: float64}
# - {name: semiminor_sigma, unit: pix, datatype: float64}
# - {name: orientation, unit: deg, datatype: float64}
# - {name: eccentricity, datatype: float64}
# - {name: min_value, datatype: float64}
# - {name: max_value, datatype: float64}
# - {name: local_background, datatype: float64}
# - {name: segment_flux, datatype: float64}
# - {name: segment_fluxerr, datatype: float32}
# - {name: kron_flux, datatype: float64}
# - {name: kron_fluxerr, datatype: float64}
# - {name: kron_radius, unit: pix, datatype: float64}
# - {name: gini, datatype: float64}
# - {name: equivalent_radius, unit: pix, datatype: float64}
# - {name: kron4_2_flux, datatype: float64}
# - {name: kron4_2_fluxerr, datatype: float64}
# - {name: kron4_2_mag, datatype: float64}
# meta:
#   PHOTMJSR: 0.3925000131130219
#   PIXAR_SR: 2.11539874851881e-14
#   __serialized_columns__:
#     area:
#       __class__: astropy.units.quantity.Quantity
#       unit: !astropy.units.Unit {unit: pix2}
#       value: !astropy.table.SerializedColumn {name: area}
#     eccentricity:
#       __class__: astropy.units.quantity.Quantity
#       unit: !astropy.units.Unit {unit: ''}
#       value: !astropy.table.SerializedColumn {name: eccentricity}
#     equivalent_radius:
#       __class__: astropy.units.quantity.Quantity
#       unit: !astropy.units.Unit {unit: pix}
#       value: !astropy.table.SerializedColumn {name: equivalent_radius}
#     kron_radius:
#       __class__: astropy.units.quantity.Quantity
#       unit: !astropy.units.Unit {unit: pix}
#       value: !astropy.table.SerializedColumn {name: kron_radius}
#     orientation:
#       __class__: astropy.units.quantity.Quantity
#       unit: &id001 !astropy.units.Unit {unit: deg}
#       value: !astropy.table.SerializedColumn {name: orientation}
#     semimajor_sigma:
#       __class__: astropy.units.quantity.Quantity
#       unit: !astropy.units.Unit {unit: pix}
#       value: !astropy.table.SerializedColumn {name: semimajor_sigma}
#     semiminor_sigma:
#       __class__: astropy.units.quantity.Quantity
#       unit: !astropy.units.Unit {unit: pix}
#       value: !astropy.table.SerializedColumn {name: semiminor_sigma}
#     sky_centroid:
#       __class__: astropy.coordinates.sky_coordinate.SkyCoord
#       dec: !astropy.table.SerializedColumn
#         __class__: astropy.coordinates.angles.Latitude
#         unit: *id001
#         value: !astropy.table.SerializedColumn {name: sky_centroid.dec}
#       frame: icrs
#       ra: !astropy.table.SerializedColumn
#         __class__: astropy.coordinates.angles.Longitude
#         unit: *id001
#         value: !astropy.table.SerializedColumn {name: sky_centroid.ra}
#         wrap_angle: !astropy.coordinates.Angle
#           unit: *id001
#           value: 360.0
#       representation_type: spherical
#   astropy version: '5.1'
#   kernelfile: kernel_f814w_f277w.fits
#   make_catalog parameters:
#     ab_zpt: 31.4
#     coadd_bands: !!python/tuple [f277w, f356w]
#     deblend_contrast: 0.001
#     deblend_nlevels: 32
#     deblend_npixels: 1
#     detect_kernel_fwhm: 4.0
#     detect_kernel_npix: 7
#     detect_npixels: 4
#     detect_threshold_nsigma: 3.0
#     flag_isolated_buffer: 4
#     hst_bands: !!python/tuple [f606w, f814w, f125w, f140w, f160w]
#     jwst_bands: !!python/tuple [f115w, f150w, f200w, f277w, f356w, f410m, f444w]
#     near_border_kernelsize: 21
#     reference_band: f200w
#   make_catalog version: 1.4.0
#   photutils version: 1.5.0
# schema: astropy-2.0
label xcentroid ycentroid sky_centroid.ra sky_centroid.dec bbox_xmin bbox_xmax bbox_ymin bbox_ymax area semimajor_sigma semiminor_sigma orientation eccentricity min_value max_value local_background segment_flux segment_fluxerr kron_flux kron_fluxerr kron_radius gini equivalent_radius kron4_2_flux kron4_2_fluxerr kron4_2_mag
[from data line 2805]
2806 3040.207040140221 3373.8975558216234 214.864812762316 52.851711685370915 3027 3057 3364 3387 470.0 6.814068508770245 3.961332871873896 30.612668727359665 0.8136563090779897 -0.14986562753220947 1.228765055648453 0.0 169.53298007940393 5.8316436 270.62799204709563 14.246903277984384 2.2802699305651175 0.4156308572179621 12.231338704589191 364.3748740819335 22.88771301900005 24.996128944943173
2807 7414.145121426741 3370.4071835114482 214.82580951338318 52.823900662628326 7409 7420 3366 3376 100.0 2.802509229138492 1.853749947622535 22.343638295537545 0.7499797552178452 -0.132449983352255 0.8468859202235942 0.0 25.0538239473533 2.8519158 41.728168574331946 5.677394170807342 1.981422017479298 0.43995716870173346 5.641895835477563 26.925060884991158 9.051285240638153 27.824608264923068
2808 4043.4113701498713 3367.8869747912613 214.85591738740783 52.845305997740425 4042 4045 3367 3368 6.0 1.1507175875989095 0.3166201822614301 0.07631159397918759 0.9614012500859047 0.04067719292707785 0.2613520465520848 0.0 0.9066556318674833 0.7004125 7.015199966548331 2.298511973116148 3.199054627099335 0.36362664681799894 1.381976597885342 11.002524494377782 3.650172791801247 28.796269139788873
2809 2631.035233675434 3370.196240616819 214.86850635293877 52.85429096232041 2630 2632 3368 3372 13.0 1.40672560200366 0.6874936506657687 76.6442092934608 0.8724412042304908 0.1078352880488141 0.2600210864839245 0.0 2.2985025064867775 0.9722332 7.749634436357441 3.1228783008714736 2.6822057971979887 0.16544593377140193 2.0342144725641096 8.576997591160573 5.014395509443059 29.06666177973353
2810 349.7891670503217 3392.7980107626413 214.88865229279324 52.86890233027491 317 380 3370 3416 2213.0 11.169552864773111 8.26274335061701 -13.602432003288627 0.6728752583042008 -0.16137277776902803 7.106901875764022 0.0 1733.278942241678 13.339429 1845.2043080998178 16.86945682976671 1.4 0.5171686034348784 26.54090763566176 1850.2475444228182 26.983230868250715 23.23192540874267
2811 9421.115179233137 3383.191224223669 214.8077783904247 52.81121288673991 9397 9448 3370 3398 1145.0 8.061681395379653 4.0709482980530245 5.273894757538792 0.8631339161700327 -0.23135398732611556 15.631932749042672 0.0 1206.8724097555692 10.477452 1234.5138280836584 11.446690122344256 1.455794914984064 0.6762037553719391 19.090961727488754 1329.457206956821 18.364823435013662 23.59081409333314
2812 2983.8831079826105 3374.5692492455596 214.86530874625137 52.85207310942407 2980 2987 3371 3377 44.0 1.6435412484760967 1.2065964441907966 21.14883676405749 0.678993477496595 -0.2484902825155841 0.2691962473923875 0.0 2.3104011230520602 1.8613899 2.852190259034143 2.423261587368241 1.4 0.37098104455175485 3.742410318509555 -1.3299833170918371 3.8315879977448266 nan
2813 6160.071822623362 3380.7213459412055 214.8368892597331 52.83192601383608 6151 6169 3374 3389 226.0 3.287976317184903 2.7456947278686132 14.17128170677472 0.5501416982952111 -0.17672729534185463 2.8456383286864364 0.0 123.40224709905988 4.7105103 140.00372933740164 7.41957371037916 1.7747897023765862 0.5293979768064228 8.481629223064205 150.91894989185386 11.8414843971403 25.95314056330522
2814 2182.949046591897 3380.8476869986252 214.87239703271425 52.85719472944034 2180 2187 3375 3386 69.0 2.7686592282823734 1.7291294065372178 -69.7575046604005 0.780995429770155 -0.11105012431137531 0.47894024057590323 0.0 13.483930803311578 2.5501204 58.50367882919387 9.388077142381738 3.20502116887503 0.3156195535509216 4.686510657907603 78.21665350546023 14.961536673930583 26.666751923120387
2815 2240.6498818234186 3383.1285465887736 214.87185757011898 52.8568405150632 2235 2246 3375 3393 178.0 4.392899642703988 2.434077941956784 -76.14474510313308 0.8324543173588431 -0.13369958924194317 1.268226900421441 0.0 95.77248817024966 4.1227922 150.03298409939214 9.558095505337448 2.1489309120804467 0.29109850714914576 7.527227892173502 150.165248100668 15.20157392133501 25.958576405086845
2816 683.2151230071822 3379.2089469216194 214.88581513601224 52.86671145853596 680 686 3376 3381 32.0 1.4757623706590504 1.0393603693439737 -8.682846473714154 0.709915283917671 -0.10714635486789628 0.5021534298069524 0.0 6.796340215399254 1.5080774 9.538427878677735 2.0513773357347325 1.4 0.40136418657257866 3.1915382432114616 8.213142554913677 3.3040883220930786 29.113726597724394
2817 2720.5338538189435 3382.965947153067 214.8675725946494 52.853791312961384 2714 2727 3378 3388 102.0 2.8583896726288893 2.1134179606790164 33.582189168200124 0.6732953503537318 -0.101368421252281 0.6648207184356677 0.0 28.21239396850347 2.7269425 65.39675145577702 7.998762060123269 2.7049358123209557 0.3262041362514003 5.698035485213008 119.58400645983795 12.77632969455035 26.205817250925485
2818 3631.4808586802055 3383.271466320787 214.8594337692908 52.84800600621838 3627 3636 3380 3388 65.0 2.18207790237036 1.7745327051686157 26.084721951619137 0.5819414528449255 0.003993629375075507 0.7315022994701665 0.0 22.75627759114082 2.2191234 40.14281609186682 5.345130529811308 2.2295622106747093 0.2785946200788037 4.54864184146723 35.34863465686824 8.608689942248569 27.52906839048379
2819 8925.12826198884 3387.967456372229 214.8121500226571 52.814391461802224 8913 8935 3380 3398 332.0 4.5885083786194585 2.8367843929145624 -24.133876301813547 0.7859919540207362 -0.24357365381819646 2.945449332580702 0.0 167.1651238835511 5.454795 185.70371266136 6.986699634883736 1.4680675003947221 0.5447528934144104 10.280023453913834 183.96822599419525 11.197328266921083 25.738142948821114
2820 9109.748916135835 3387.4489209267786 214.81050945591173 52.81321510911614 9102 9115 3381 3394 132.0 2.5555182853693243 2.099687868425445 55.36580843278024 0.570022655749962 -0.1454500748363504 1.3809979618875583 0.0 38.685847364211604 3.5317833 46.34596983733216 5.237736063048416 1.656337156694551 0.5481690552637618 6.4820448144285745 49.88260202275233 8.405336192236145 27.15512725132328
2821 1353.6010488001755 3385.9089425889247 214.87975369356033 52.86248983020571 1350 1356 3382 3390 47.0 2.01261037065065 1.2834596647532917 -63.48935626164334 0.770277406749915 -0.1004304677983206 0.48168843333621464 0.0 9.803467647846414 1.8249687 16.587738775996847 4.670461204426586 2.446528319741537 0.3763918160505941 3.8678889139475245 7.6162036917521965 7.468558561567831 29.19565362367127
2822 7292.219725815975 3385.2448995778673 214.82674103248593 52.824755531986774 7285 7298 3382 3389 80.0 3.368199720342068 1.6980570590294433 -10.049496640157175 0.8636197155568377 0.042208929965465276 0.44370622325877396 0.0 20.047391871470438 2.5183527 64.70890258239075 8.786125716823058 2.9482840158433694 0.23344266182500423 5.046265044040321 86.54680493095776 14.037862762871104 26.556872401114077
2823 2668.4330670734926 3388.074924318946 214.86798422367988 52.854149832087856 2667 2670 3386 3391 17.0 1.2385726603897134 0.9523876279846868 -78.3994550283498 0.6393213704011504 0.145054394371356 0.5763646068833802 0.0 5.747509138086044 1.1065633 12.996072970536447 3.2153219744915607 2.4581542402067136 0.2084849883594097 2.326213245840639 11.772588189966239 5.168675915578068 28.72282011879364
2824 931.0542809562643 3395.378193267487 214.88343005582882 52.86522464545214 923 940 3387 3403 233.0 3.940828445611024 2.643522528164573 41.08001512022616 0.7416348961591958 -0.13398954557785173 1.7066450167484428 0.0 81.90934225828927 4.315268 96.61531829219444 6.787293966010924 1.6795291818199918 0.521127948892596 8.611980229936854 108.0923396644759 10.853259852282628 26.31551270682183
2825 3410.0968582942974 3396.1804761539156 214.8612749404626 52.849482059024666 3399 3422 3387 3406 304.0 6.024512637108992 2.515583428441121 -31.181857326032965 0.9086502733776388 -0.1395455205654471 1.528243849015858 0.0 129.3037076036912 4.7992787 142.89861176323942 8.259543538777349 1.7609868365505215 0.43616035291016514 9.83698151873187 168.89184299111665 13.186252151304128 25.830978312861895
2826 3022.1742634064026 3390.172883823826 214.86480260823078 52.851914019931556 3020 3025 3388 3392 20.0 1.4205728493650898 0.84131748322813 -14.113268887510296 0.8057629518119027 -0.047289142781109246 0.3335938771998457 0.0 3.717429461173154 1.2326477 6.998914066694947 3.506862063254874 2.6212573705308535 0.28536789404462276 2.5231325220201604 14.804112594617989 5.56697518231333 28.47404405120195
2827 3870.21785816295 3389.873098541284 214.85723253793012 52.84652489547446 3869 3873 3388 3393 19.0 0.9854746994724994 0.7176816142020327 37.203002029643194 0.6853011410043374 -0.05524618622211161 0.11608769162805262 0.0 0.5786800909615253 1.1919459 0.6252779866853715 1.417125331152055 1.4 0.5580737577710754 2.4592453796829674 0.3687421563450994 2.2707818560327753 32.4831930223973
2828 1838.9907437683091 3394.9719968297727 214.8753213603709 52.85945570834384 1837 1840 3393 3397 15.0 1.2488079562074692 0.7685806263478132 67.19903336316602 0.7881748239925159 -0.09184736662257573 0.28055479285917767 0.0 2.1707358721838736 1.2195901 4.654943321789174 1.8645773113101494 1.4 0.3437319027067187 2.1850968611841584 2.9270902743509937 2.9522069757116505 30.233909708223756
2829 2472.411292685628 3395.8521367584426 214.86965337624113 52.855436965920184 2471 2475 3393 3398 25.0 1.8014084755804576 0.9532262997254818 83.00988152993435 0.8485244912600954 -0.046897869673654904 0.45934988607809857 0.0 5.018551108507819 1.5581088 13.104020592981328 4.673102435744153 2.5313981275920328 0.38152517857442236 2.8209479177387813 13.643722343623413 7.484680451293925 28.562667818195898
2830 10207.264490506917 3395.799730994518 214.80063836199227 52.80628317164356 10203 10211 3393 3400 61.0 1.8019317278819933 1.5207033534702117 -18.00042083296959 0.5364540878975937 -0.12711161916880745 0.8225184892477968 0.0 15.208263579309955 2.4451354 20.710795493430986 4.921812504899545 2.1598588771986913 0.46614220731189704 4.406461512053774 14.983637725409203 7.8465273625577465 28.460956839709
2831 1002.1015585643452 3417.0571516664713 214.88256705219848 52.86489036784061 983 1020 3395 3442 1286.0 7.1010432102937875 5.630753978910589 -86.38831241040245 0.6092900540045124 -0.08505643503507827 11.559578643567438 0.0 1567.5719545791837 9.747509 1674.5220377952314 12.600090212755685 1.6521336130696211 0.6287064635936199 20.232313600583467 1857.2541419266145 20.279309231272887 23.227821661107654
2832 757.0023360037391 3399.249111645395 214.88494483816658 52.86635095509109 754 759 3396 3402 34.0 1.582267841923552 1.3023688530616966 40.5548307138131 0.5678926203288891 -0.09438137145709921 0.37627507633749097 0.0 4.217416019300298 1.6678091 -0.6409051758401763 6.003028802022824 3.360698765748563 0.4507292426211156 3.2897623212397704 -2.5061310631576283 9.569526041752827 nan
2833 2103.3460636289683 3400.601938077818 214.8729003610911 52.857806923847555 2101 2106 3397 3404 45.0 1.99881404687515 1.2520985303397052 82.4468282622925 0.7794851403927808 0.03536879766026277 1.0045223577657696 0.0 21.566480631308046 2.0771005 26.081599027819436 3.2509234086765764 1.5188391205290492 0.3327341391627761 3.7846987830302403 26.73680793229562 5.198507093028354 27.83222610937736
2834 9608.179467622229 3407.3010711819365 214.80585726644586 52.810153643179476 9599 9615 3400 3416 215.0 3.7298326224060254 2.593385663007491 -31.06764373055283 0.718711062471496 -0.19482036452184653 1.23323042668686 0.0 59.09308712399709 4.4512525 68.06421471016407 5.857933993470786 1.4 0.5140020591573483 8.272643200907131 69.20841619166916 9.350831942571883 26.799602723274674
2835 9232.520080742033 3431.3409134002827 214.80895330205564 52.81267120289286 9212 9247 3401 3458 1104.0 11.790197701023477 3.7273470072178494 65.17649995817645 0.948712721115012 -0.21933031885548868 4.453528502550669 0.0 764.709107166289 10.238886 793.6881361975445 12.708953287906958 1.4 0.5593508807161502 18.746042631630413 818.3966631124201 20.3854834676317 24.117590375154503
2836 7100.422331824396 3402.9793323404197 214.82826542043225 52.826070068654836 7100 7101 3402 3404 6.0 0.7553640071263811 0.4914567249367469 85.06207626446837 0.7594014248491584 0.11246494940297545 0.2546366878512679 0.0 1.038936474711185 0.68017703 7.098289794054016 2.558525601712705 3.388651160509613 0.18004609164405477 1.381976597885342 14.206874624682083 4.06203314365823 28.518753630400116
2837 7688.701886756082 3404.7687247060508 214.82299919622045 52.82234088976353 7687 7689 3403 3405 7.0 0.5140346807777558 0.35042419584613627 -38.575051810928194 0.7316195705147676 -0.10845288787699316 0.13511713036713519 0.0 0.14289721425019533 0.744032 0.24754361426232446 1.5721425101353914 2.9322347179492736 0.6429608556125517 1.4927053303604616 0.49675191863233303 2.495393967018398 32.15965111703844
2838 2457.152074989782 3409.695244776015 214.86964405502482 52.85560856357218 2452 2462 3404 3414 95.0 2.5457478838714573 1.7314029806942677 58.07908615760983 0.7331048359758288 -0.2568777981345284 0.6614318993868398 0.0 12.803583736606495 3.064603 12.403634111397915 4.100976085797865 1.4 0.50280060241535 5.499039842323396 10.581095851138782 6.518440964277889 28.838673378612
2839 4304.774395077114 3411.896968794782 214.85312090407976 52.843882790671486 4301 4308 3406 3418 82.0 2.9617505870918697 1.9991741113692416 79.76692543700074 0.7378200556339978 -0.007515412953569123 0.35645366057183625 0.0 15.784594804034132 2.4897408 34.08697206429026 7.161684169683409 2.4342884015772897 0.22767214111464715 5.108953969950291 42.82917248913748 11.465270980222238 27.320650791528607
2840 7750.407677560991 3410.9723697791787 214.822383590248 52.821982139503405 7746 7756 3406 3415 92.0 2.829421302427434 2.316217963583954 71.2523716952016 0.5743369876827186 -0.16434101662106437 0.2656050044130585 0.0 5.43221819343433 2.7605128 14.141540950827878 7.013928234652402 2.1516083551354375 0.4708718175966736 5.4115163798060095 22.787755376335696 11.239981165449853 28.005746128216312
2841 9854.567609143754 3411.328340201497 214.8036186535616 52.80860903175448 9852 9856 3409 3413 23.0 1.2485507283144834 1.1799549561672058 -30.535915953264603 0.32689783507005604 0.11015269814856912 0.9202124080690338 0.0 10.942685780763078 1.8115488 17.507306966836357 4.339359308507202 2.145223185770484 0.3008892041135462 2.7057581899030048 18.420461418848504 6.854320451805215 28.236748738123453
2842 7521.4030624977295 3411.5259545327676 214.82442032458337 52.82344060535408 7520 7523 3410 3413 9.0 1.0077332624566426 0.5714499013595488 -41.38695939801701 0.8236732921394526 0.05190911059164678 0.24550716211511056 0.0 1.2666742425650144 0.84033084 6.611786012224807 3.4389121299841925 3.622423183271854 0.2527716509681329 1.692568750643269 6.0669218104277896 5.509340463633492 29.442579005353974
2843 2049.530696123839 3415.8706236373246 214.87322050853032 52.85823111871314 2047 2052 3413 3418 29.0 1.7891747529947626 1.062361347432525 -34.204484427881056 0.8046335562332825 -0.012423490280304053 0.40672306603473224 0.0 5.32750722928469 1.699772 10.219684807367138 4.060491409054129 2.1464717940738183 0.36867383091380457 3.0382538898732494 2.8637814895087192 6.440660271228676 30.25765030592523
2844 6904.3266013988605 3416.4754854112034 214.82987282536118 52.827389056834996 6903 6907 3414 3419 20.0 1.3880327546505549 0.9881222645606452 77.36634743840355 0.7022941788618074 0.04004569048893277 0.3189383752324354 0.0 3.5112124582718565 1.2387111 10.983054560687098 4.217612127842447 2.901278062162418 0.25663093043167523 2.5231325220201604 24.88148128886829 6.751970500525751 27.910309420038285
