outputs/dr0.5_c0.1/nircam3_matched_f277w_f410m_dr0.5_c0.1.ecsv
# %ECSV 1.0
# ---
# datatype:
# - {name: label, datatype: int64}
# - {name: xcentroid, datatype: float64}
# - {name: ycentroid, datatype: float64}
# - {name: sky_centroid.ra, unit: deg, datatype: float64}
# - {name: sky_centroid.dec, unit: deg, datatype: float64}
# - {name: bbox_xmin, datatype: int64}
# - {name: bbox_xmax, datatype: int64}
# - {name: bbox_ymin, datatype: int64}
# - {name: bbox_ymax, datatype: int64}
# - {name: area, unit: pix2, datatype: float64}
# - {name: semimajor_sigma, unit: pix, datatype: float64}
# - {name: semiminor_sigma, unit: pix, datatype: float64}
# - {name: orientation, unit: deg, datatype: float64}
# - {name: eccentricity, datatype: float64}
# - {name: min_value, datatype: float64}
# - {name: max_value, datatype: float64}
# - {name: local_background, datatype: float64}
# - {name: segment_flux, datatype: float64}
# - {name: segment_fluxerr, datatype: float32}
# - {name: kron_flux, datatype: float64}
# - {name: kron_fluxerr, datatype: float64}
# - {name: kron_radius, unit: pix, datatype: float64}
# - {name: gini, datatype: float64}
# - {name: equivalent_radius, unit: pix, datatype: float64}
# - {name: kron4_2_flux, datatype: float64}
# - {name: kron4_2_fluxerr, datatype: float64}
# - {name: kron4_2_mag, datatype: float64}
# meta:
#   PHOTMJSR: 0.8704000115394592
#   PIXAR_SR: 2.11539874851881e-14
#   __serialized_columns__:
#     area:
#       __class__: astropy.units.quantity.Quantity
#       unit: !astropy.units.Unit {unit: pix2}
#       value: !astropy.table.SerializedColumn {name: area}
#     eccentricity:
#       __class__: astropy.units.quantity.Quantity
#       unit: !astropy.units.Unit {unit: ''}
#       value: !astropy.table.SerializedColumn {name: eccentricity}
#     equivalent_radius:
#       __class__: astropy.units.quantity.Quantity
#       unit: !astropy.units.Unit {unit: pix}
#       value: !astropy.table.SerializedColumn {name: equivalent_radius}
#     kron_radius:
#       __class__: astropy.units.quantity.Quantity
#       unit: !astropy.units.Unit {unit: pix}
#       value: !astropy.table.SerializedColumn {name: kron_radius}
#     orientation:
#       __class__: astropy.units.quantity.Quantity
#       unit: &id001 !astropy.units.Unit {unit: deg}
#       value: !astropy.table.SerializedColumn {name: orientation}
#     semimajor_sigma:
#       __class__: astropy.units.quantity.Quantity
#       unit: !astropy.units.Unit {unit: pix}
#       value: !astropy.table.SerializedColumn {name: semimajor_sigma}
#     semiminor_sigma:
#       __class__: astropy.units.quantity.Quantity
#       unit: !astropy.units.Unit {unit: pix}
#       value: !astropy.table.SerializedColumn {name: semiminor_sigma}
#     sky_centroid:
#       __class__: astropy.coordinates.sky_coordinate.SkyCoord
#       dec: !astropy.table.SerializedColumn
#         __class__: astropy.coordinates.angles.Latitude
#         unit: *id001
#         value: !astropy.table.SerializedColumn {name: sky_centroid.dec}
#       frame: icrs
#       ra: !astropy.table.SerializedColumn
#         __class__: astropy.coordinates.angles.Longitude
#         unit: *id001
#         value: !astropy.table.SerializedColumn {name: sky_centroid.ra}
#         wrap_angle: !astropy.coordinates.Angle
#           unit: *id001
#           value: 360.0
#       representation_type: spherical
#   astropy version: '5.1'
#   kernelfile: kernel_f277w_f410m.fits
#   make_catalog parameters:
#     ab_zpt: 31.4
#     coadd_bands: !!python/tuple [f277w, f356w]
#     deblend_contrast: 0.001
#     deblend_nlevels: 32
#     deblend_npixels: 1
#     detect_kernel_fwhm: 4.0
#     detect_kernel_npix: 7
#     detect_npixels: 4
#     detect_threshold_nsigma: 3.0
#     flag_isolated_buffer: 4
#     hst_bands: !!python/tuple [f606w, f814w, f125w, f140w, f160w]
#     jwst_bands: !!python/tuple [f115w, f150w, f200w, f277w, f356w, f410m, f444w]
#     near_border_kernelsize: 21
#     reference_band: f200w
#   make_catalog version: 1.4.0
#   photutils version: 1.5.0
# schema: astropy-2.0
label xcentroid ycentroid sky_centroid.ra sky_centroid.dec bbox_xmin bbox_xmax bbox_ymin bbox_ymax area semimajor_sigma semiminor_sigma orientation eccentricity min_value max_value local_background segment_flux segment_fluxerr kron_flux kron_fluxerr kron_radius gini equivalent_radius kron4_2_flux kron4_2_fluxerr kron4_2_mag
[from data line 1898]
1899 1127.9716789106826 2506.00916649454 214.83879913855756 52.87760121396776 1125 1131 2503 2509 32.0 1.5763807494579436 1.3842380258328384 -7.6482543672037435 0.4784560968588057 0.2093614554035474 0.5244904040790971 0.0 11.040164532048912 1.2907662 22.783878056001598 3.310798172996745 2.4545850421577136 0.1534168617040308 3.1915382432114616 31.220771296595792 5.356258966300681 27.663890930176493
1900 3969.6244915429256 2508.43393290504 214.81340020196987 52.859554206621794 3967 3972 2505 2513 38.0 2.2088969651173533 1.2456723499849338 72.35335367846983 0.8258197845633627 0.2375019373019456 0.4674645716779586 0.0 13.112350357330362 1.1891783 39.29056252301858 4.12467100347117 2.8335382383811925 0.11475462370111346 3.477898169151024 49.26158487778694 6.51136985150456 27.16872904962409
1901 8066.425747971851 2510.867108172948 214.77683098011244 52.833520637860374 8062 8071 2506 2516 80.0 2.2925553857358247 2.0782908885777664 -39.61994074568526 0.4221220490324302 0.19243965840086993 1.0104841328703895 0.0 39.35267793229654 1.844155 65.618659476115 4.4141209027463555 2.2519920749653743 0.2583830291799147 5.046265044040321 87.71613088614146 7.122463065809558 26.5423013327011
1902 6515.172718146113 2516.571683269349 214.79060300124866 52.84341525845899 6506 6524 2507 2525 270.0 3.9144613977727074 3.3262436602471874 -34.96926314641345 0.5272146530121334 0.16790007253649747 2.6978036051173047 0.0 206.27676238483906 3.1964936 261.9094734621189 5.9333202825215885 1.9317939690101569 0.39886497853047315 9.27058084855655 285.0936051648599 9.423561653651666 25.26253131022303
1903 4306.901095800655 2512.259616938688 214.8103497506227 52.85743090624552 4303 4310 2508 2517 61.0 2.2496288849588195 1.8009990659463038 -80.18477922800193 0.5992311290216852 0.1840840570135401 0.5616348214944803 0.0 20.929285187020902 1.6370413 46.01254325539129 4.5295181882010604 2.5339193234655566 0.17293914410814085 4.406461512053774 61.0989803129909 7.059127715887576 26.934915094202804
1904 7294.651944846207 2512.7566245061157 214.78369198726233 52.83843846346785 7289 7300 2509 2516 69.0 3.101533308939243 1.7462549896735315 -19.76760749471333 0.8264367455810118 0.24458836488315225 0.42636397551427996 0.0 22.221878109290625 1.5981681 223.42259207195377 7.369498127110207 3.613131365709754 0.08214128155916829 4.686510657907603 441.1320469409779 11.749334337578114 24.788578477158648
1905 7696.89156382373 2517.576216965904 214.78005481678062 52.83590666081429 7686 7706 2509 2526 288.0 3.4808238478791482 3.172744566204453 -0.8529152590640123 0.4113168622952751 0.21252683842273673 7.285137251822187 0.0 402.2735870579096 3.7392628 438.75734564880025 5.023195923952781 1.5962616686207094 0.5228992473748277 9.574614729634384 466.8993247739493 8.037819399127835 24.726941885354822
1906 9803.322297493536 2511.1719925908833 214.76134782490854 52.82247603904983 9801 9805 2509 2513 18.0 1.3856440018080896 0.9699233206149928 33.78794976012388 0.7141622819578836 0.2589330680630417 0.4209459129188891 0.0 6.076767011365797 0.81692666 19.193399256404472 2.8042127968794404 2.7824722884708044 0.08747550801879446 2.393653682408596 19.08417499018617 4.474548048790807 28.19831652470169
1907 2020.0634056604667 2528.1702929190637 214.83059795707047 52.87205158188939 2008 2032 2510 2545 488.0 7.872983552628235 3.1179666714011876 -55.903736596250894 0.9182359838541553 0.18909649418318808 2.6552547671352262 0.0 332.6150338222849 4.7802806 405.84597218152436 9.233273478746103 1.7448474672304661 0.37892220614322214 12.463355264843006 425.45503270020316 14.19138398122142 24.827865836787296
1908 9393.941536125169 2527.9776521831322 214.7648187986219 52.82517027433989 9371 9417 2510 2545 1035.0 8.808945003035369 4.2396022267355296 -29.54405992398725 0.8765648501138213 0.19841410507632162 11.626176186841372 0.0 1813.5886697553497 7.701949 1952.2586223746725 9.810612767839698 1.567583509178116 0.5554085665223553 18.150777729899712 2076.2445624808256 14.909127016651492 23.10680372980431
1909 9559.649596731018 2513.253838624194 214.76349715032995 52.824037069271846 9556 9563 2511 2516 36.0 2.006501729680319 1.302181399507206 15.814624159121058 0.7608046569375704 0.2528321238524233 0.46594854085619947 0.0 13.1523453031353 1.272781 47.23100875134416 4.520125811108139 3.001535242989925 0.09580828695907471 3.385137501286538 51.92604687898829 7.141473531832348 27.11153684727659
1910 1289.5080125907814 2515.7784146755976 214.8372533369922 52.87662738391947 1287 1292 2513 2518 24.0 1.542424252479714 1.2369640790862173 -29.413552338742274 0.5973764073076172 0.2064168968949205 0.25536518115788764 0.0 5.61674307916879 0.9407762 62.059054674079285 4.539979420944583 3.68958703118323 0.03825576463273972 2.763953195770684 121.45060404286755 7.400690495075028 26.189000802150588
1911 2568.0816096346616 2521.3349584039074 214.82577625292882 52.86853190355704 2560 2576 2513 2528 175.0 3.7509144396284184 3.03724770267175 -34.04771068230432 0.5867953633906848 0.2004962280681711 0.7922356543781381 0.0 75.85937903000283 2.8970711 147.7549062489345 7.231480032684468 2.3699788492382012 0.20090685316763712 7.463526651802308 146.42645391461514 11.414014154339027 25.98595113757799
1912 8860.359604703206 2519.5504623138363 214.76966273440905 52.828518420965025 8856 8865 2513 2526 98.0 2.916651259851698 1.9847458784131669 -66.3852952163972 0.7327593218488292 0.2136350553984903 1.1464688158886995 0.0 54.44839105768159 2.411004 86.85006205828105 6.324201668882799 2.257614378004597 0.26478163986744035 5.585191925620057 100.67805210140094 9.830372681868218 26.39266298921057
1913 10055.75497723823 2514.0059172601204 214.7590688671835 52.82088571915009 10055 10056 2513 2515 4.0 0.7016058741115443 0.4300927418915729 89.72964491280726 0.7900736829708547 0.298006752629644 0.32192441905076596 0.0 1.2254531694858564 0.37592265 12.304213326319143 1.7247362011571732 3.8082175424048845 0.020875857455914148 1.1283791670955126 17.955562168254357 2.7724390364905007 28.264502482645415
1914 8277.165675050037 2518.6727166275496 214.77487019611888 52.83222252732706 8273 8281 2515 2523 63.0 2.0435380443223927 1.8271221952852787 30.82072407658189 0.44787243064594195 0.21208691325129858 1.0211975056331535 0.0 32.788687635753305 1.6416665 46.13575511502739 3.220649113298542 1.8446290797723586 0.25841021846184103 4.478115991081385 42.674798988967176 5.172237106208317 27.324571289662416
1915 10254.855715637359 2516.5322733547723 214.7572684424791 52.81963292605786 10253 10256 2515 2518 11.0 1.0871472040454553 0.7430964631029032 -48.28979911887338 0.7299235097967172 0.26257732843257997 0.36320474600906616 0.0 3.449355649713387 0.76734436 13.794146254127543 2.4952630808039253 3.0722237915615254 0.06848181578496366 1.8712051592547776 14.689132230974963 3.927287133499062 28.482509649127277
1916 2693.4593593252603 2518.7840590067262 214.82468362699413 52.867721310004946 2691 2696 2516 2521 30.0 1.3310676215032533 1.3046578526238097 52.9746767406921 0.1982130608431542 0.3165645858000958 2.899334560485432 0.0 44.65334958794684 1.2404683 45.61224346597912 1.822855418270946 1.4 0.28320641645236305 3.0901936161855166 37.93414380188999 2.774793608110888 27.452424284490156
1917 3129.887545496437 2521.2190402576584 214.82076149543056 52.86496061112193 3124 3136 2516 2527 122.0 2.6488686841052647 2.274925635576794 -7.308786185267598 0.5122621343203773 0.1624747391719678 1.8884682248374434 0.0 79.07664490064428 2.1802638 105.25742585840587 4.328674280212699 1.9981178550935796 0.38600124419846 6.231677632421503 121.1121280773981 7.1317096827158295 26.192030911891404
1918 3256.65774814115 2523.195573668669 214.81960895635896 52.864165521411756 3255 3259 2519 2527 36.0 2.3319524181355233 1.1618863695887607 77.12429934633839 0.8670356107982751 0.22720010762457346 0.3713307297478371 0.0 10.771457850642312 1.1816059 36.87473145062234 4.368893264668167 2.8512507704779053 0.08051245081297254 3.385137501286538 40.40961267695887 6.864507141015538 27.383788280541832
1919 7294.662522741803 2531.590452899343 214.78349363889606 52.838539839965584 7286 7304 2521 2540 206.0 3.9829180557890043 3.5597932506995136 -42.474549703233386 0.44853528602959525 0.19176419123290378 0.9321496071237626 0.0 92.83099180218233 3.0475483 381.63182324917983 10.622227312430358 3.0890520501122243 0.21341355428460468 8.097643889049511 606.1841218004478 16.94757776979491 24.443488608987142
1920 9191.849033254422 2523.85469180234 214.76666313779907 52.82643338344904 9191 9193 2523 2525 8.0 0.8436628317445035 0.689121524003804 -46.60532948210614 0.5768911874151665 0.2892023570510551 0.34247166166278614 0.0 2.5338014011415124 0.57747614 15.466490214921041 2.295449275424599 3.4392619892924343 0.04312578241273457 1.5957691216057308 19.180289998866023 3.71257637352492 28.192862076860838
1921 9307.813836416499 2532.6497065862736 214.76553713411244 52.8257432080735 9301 9315 2524 2539 162.0 3.9900302359100137 2.35893539970313 48.773187539311465 0.8065195662692529 0.13706568287691806 1.4147165412523264 0.0 104.0744749723337 2.7549276 141.81582544325983 5.875925401109768 2.051574890620383 0.29599630848614594 7.1809610472257885 168.01969015311087 9.393362810662946 25.83659955128413
1922 7754.6035184174 2535.271232862162 214.7793540187882 52.83563497638323 7745 7765 2525 2547 355.0 4.156708973786566 3.466337161275657 52.65209170385962 0.5518946455253738 0.23249000636583744 6.506773899301839 0.0 469.15210699958953 4.1287055 535.2445994817269 6.10790220456919 1.7536812504071615 0.4952403951834727 10.630146264057032 589.8768787967324 9.779809601298167 24.473096565975613
1923 3662.9680501396315 2529.1376860224614 214.8159193819104 52.86161499241698 3659 3667 2527 2531 37.0 2.202856858823267 1.2193076816416564 0.13753887012890925 0.8328412081042973 0.24165027634390465 0.4205469931578265 0.0 11.830147724460783 1.3239868 25.045350748334897 3.6137560319438107 2.3742449647638324 0.09712653981229073 3.431831258788849 26.28987774565583 5.769244384853439 27.850528583660537
1924 2394.133356477019 2531.095913522593 214.8272267148354 52.86969003549204 2391 2397 2528 2534 38.0 1.436382338670054 1.4031527329133102 -58.64739273787012 0.21385339852618515 0.21106262700704242 5.421943616586977 0.0 89.21298268586705 1.1485276 79.01784727894682 1.8880187705868463 1.6226963846870113 0.3454588528029697 3.477898169151024 94.48438210396733 3.029418715165197 26.461599931811953
1925 6833.466572090607 2534.842624002168 214.7875720232405 52.84148988414306 6828 6840 2529 2540 124.0 2.84490563805296 2.448232434907198 -40.86367594158339 0.5093369425860154 0.19720276015809102 1.3128670578177075 0.0 64.98591115175029 2.1061244 100.5300716342172 4.769171909533637 2.160429023922987 0.3108743326805155 6.282549314314218 126.47794754412065 7.59931335495945 26.144962976631252
1926 2471.032817250099 2533.6340407729886 214.82651332621293 52.86921498741207 2469 2473 2531 2536 23.0 1.320165274541194 1.2646586507066766 48.84032279287925 0.2869191817900325 0.2336637063386158 0.41452014203668286 0.0 7.434970925154354 0.99087185 19.36251902815439 2.939148048823064 2.6331638107888984 0.09392600641536616 2.7057581899030048 14.94719825029236 4.659511207563591 28.463600513076223
1927 188.86124429024764 2532.977026765929 214.84690523489084 52.88371392893636 187 190 2532 2534 10.0 0.9524690546031175 0.7709911324318258 0.3294914570343539 0.5871670174997085 0.20461624168395554 0.2808187191866929 0.0 2.4964515632769815 0.58667827 12.038634944628281 2.6095892832207324 3.3111770806576635 0.05459813199808398 1.7841241161527712 10.835172235156508 4.416497528895597 28.81291045193481
1928 7712.524394154619 2537.2110704241427 214.7797087576081 52.83591300427525 7708 7718 2533 2542 83.0 2.477263907616124 2.0587680423464656 42.372188100400415 0.5561748712493766 0.24653045928467007 1.0177552156872052 0.0 43.75182717605939 1.9407698 71.73662523821197 4.594632459401707 2.24582473535664 0.23707352624726544 5.140011726956917 97.38898492808678 7.306019625980565 26.428725401835077
1929 801.4738326576833 2541.9333646748396 214.8413375668277 52.87986959883766 791 817 2538 2547 203.0 6.498693252172899 2.132916771949774 -8.013287579275184 0.9446058169526468 0.1798381790941934 0.8274539872615925 0.0 82.95241594019511 2.9935167 124.90710582853758 6.512255808287097 1.907086008792523 0.22259756476201029 8.03846421247924 123.52255276423003 10.21460785112935 26.170634354050097
1930 1890.5219763190137 2540.727860006802 214.83162262859324 52.87294252245387 1887 1894 2538 2544 42.0 1.8496000683153089 1.6142217530224878 24.01668381126518 0.4881835758496417 0.19501171889065616 0.41300893519546905 0.0 12.435589341142231 1.427489 43.115063690682454 4.659505687310301 3.043537014115396 0.12577609384006597 3.656366395715726 36.13211093703714 7.433710892420218 27.505266662539512
1931 2786.4860551291877 2540.1795512732947 214.82362776744958 52.867245385037094 2785 2788 2539 2542 11.0 1.1085822236047156 0.740693908721448 -40.943748076403004 0.744030893825223 0.24462180327669575 0.3091239263183153 0.0 3.0039827838209385 0.65816975 14.737688214645104 2.5977363691879605 3.22426559420376 0.04883287095602967 1.8712051592547776 16.906092489127193 4.112280103008257 28.32989189858551
1932 7395.646192874654 2548.270301937946 214.78241763188484 52.83798755408702 7390 7402 2541 2555 144.0 3.656030121291967 2.3126126837040406 -62.76636218141025 0.774521575188329 0.1736882453510395 1.2859712116830513 0.0 85.00677845486487 2.5068073 137.20578381466933 6.063012512360148 2.261343562621643 0.2816453193866896 6.770275002573076 180.89046231746295 9.72502940344348 25.756460828180682
1933 3938.9995915510253 2543.2294326903925 214.81330721678407 52.859936380844466 3938 3940 2543 2544 4.0 0.7056466640554964 0.42046795790656943 0.016719222327757292 0.8030869211956753 0.3286744847787235 0.39055685590711925 0.0 1.4325529819516913 0.3806794 11.559040033952346 1.7883283524922513 3.6209360562496204 0.043333414895827836 1.1283791670955126 13.033311901445556 2.880535306850314 28.61236302868511
1934 10202.151217357323 2546.238895921455 214.7574253195507 52.82012809859851 10200 10204 2545 2548 15.0 1.281037176633995 0.8752338767640022 -10.28050778222606 0.7302099224541303 0.276902653486366 0.3831844653993838 0.0 4.933923847517567 0.7112658 19.071618258555155 2.614118578260032 3.0227133050069104 0.06368707221552082 2.1850968611841584 21.01801937527551 4.2982385410518456 28.093520529869867
1935 2269.414882644275 2555.6606693689805 214.82808177268834 52.87061507471457 2262 2277 2548 2563 214.0 3.9108805475841923 2.9982353895327316 39.03310119462705 0.6420778171785431 0.19716145750635747 1.477254014685413 0.0 126.59806133762183 3.2810678 176.61029309860325 7.001532160065865 2.003144199576202 0.3178579147157741 8.253382073025046 186.5435763589336 11.127684692638015 25.723049253316134
1936 667.7057089566014 2557.4751119427688 214.84236898290374 52.88080339327701 663 672 2552 2562 64.0 2.957075476406772 1.668423900717457 56.543134533178154 0.825628466431833 0.19725460475628576 0.35068915133175976 0.0 18.135946016039718 1.5203638 80.05541118360604 6.0756754068422625 3.174944034376584 0.08814293965872405 4.51351666838205 101.22793756014605 9.771117238015238 26.386749028677194
1937 7355.884452667436 2570.539701976264 214.78253774616894 52.83836033567821 7338 7376 2552 2589 860.0 7.829424528680956 3.584993223460213 43.316772327846266 0.8890103025895062 0.16347890388660874 17.00368010768514 0.0 1861.3323218945116 6.5197883 1918.4782941934823 7.668909757538278 1.4883871910447144 0.5972975896833014 16.545286401814263 2042.5271328597605 11.772046019823 23.124580414010893
1938 7445.32214794577 2558.9642516731915 214.78186213358273 52.83772927453553 7438 7453 2554 2563 119.0 3.5583998755109914 2.0868644147607944 1.523314668598532 0.8099771271702002 0.22538640412852926 0.9919848327226815 0.0 59.37120684683416 2.1248431 107.77273265673489 5.825732038732141 2.4009900830203694 0.23368632865133837 6.154581744998688 150.33904831943443 9.322037384271352 25.95732050816159
