outputs/dr0.5_c0.1/nircam3_f140w_dr0.5_c0.1.ecsv
# %ECSV 1.0
# ---
# datatype:
# - {name: label, datatype: int64}
# - {name: xcentroid, datatype: float64}
# - {name: ycentroid, datatype: float64}
# - {name: sky_centroid.ra, unit: deg, datatype: float64}
# - {name: sky_centroid.dec, unit: deg, datatype: float64}
# - {name: bbox_xmin, datatype: int64}
# - {name: bbox_xmax, datatype: int64}
# - {name: bbox_ymin, datatype: int64}
# - {name: bbox_ymax, datatype: int64}
# - {name: area, unit: pix2, datatype: float64}
# - {name: semimajor_sigma, unit: pix, datatype: float64}
# - {name: semiminor_sigma, unit: pix, datatype: float64}
# - {name: orientation, unit: deg, datatype: float64}
# - {name: eccentricity, datatype: float64}
# - {name: min_value, datatype: float64}
# - {name: max_value, datatype: float64}
# - {name: local_background, datatype: float64}
# - {name: segment_flux, datatype: float64}
# - {name: segment_fluxerr, datatype: float32}
# - {name: kron_flux, datatype: float64}
# - {name: kron_fluxerr, datatype: float64}
# - {name: kron_radius, unit: pix, datatype: float64}
# - {name: gini, datatype: float64}
# - {name: equivalent_radius, unit: pix, datatype: float64}
# - {name: kron4_2_flux, datatype: float64}
# - {name: kron4_2_fluxerr, datatype: float64}
# - {name: radius_kron20, unit: pix, datatype: float64}
# - {name: radius_kron50, unit: pix, datatype: float64}
# - {name: radius_kron80, unit: pix, datatype: float64}
# - {name: near_border, datatype: bool}
# meta:
#   PHOTMJSR: 0.3925000131130219
#   PIXAR_SR: 2.11539874851881e-14
#   __serialized_columns__:
#     area:
#       __class__: astropy.units.quantity.Quantity
#       unit: !astropy.units.Unit {unit: pix2}
#       value: !astropy.table.SerializedColumn {name: area}
#     eccentricity:
#       __class__: astropy.units.quantity.Quantity
#       unit: !astropy.units.Unit {unit: ''}
#       value: !astropy.table.SerializedColumn {name: eccentricity}
#     equivalent_radius:
#       __class__: astropy.units.quantity.Quantity
#       unit: !astropy.units.Unit {unit: pix}
#       value: !astropy.table.SerializedColumn {name: equivalent_radius}
#     kron_radius:
#       __class__: astropy.units.quantity.Quantity
#       unit: &id001 !astropy.units.Unit {unit: pix}
#       value: !astropy.table.SerializedColumn {name: kron_radius}
#     orientation:
#       __class__: astropy.units.quantity.Quantity
#       unit: &id002 !astropy.units.Unit {unit: deg}
#       value: !astropy.table.SerializedColumn {name: orientation}
#     radius_kron20:
#       __class__: astropy.units.quantity.Quantity
#       unit: *id001
#       value: !astropy.table.SerializedColumn {name: radius_kron20}
#     radius_kron50:
#       __class__: astropy.units.quantity.Quantity
#       unit: *id001
#       value: !astropy.table.SerializedColumn {name: radius_kron50}
#     radius_kron80:
#       __class__: astropy.units.quantity.Quantity
#       unit: *id001
#       value: !astropy.table.SerializedColumn {name: radius_kron80}
#     semimajor_sigma:
#       __class__: astropy.units.quantity.Quantity
#       unit: !astropy.units.Unit {unit: pix}
#       value: !astropy.table.SerializedColumn {name: semimajor_sigma}
#     semiminor_sigma:
#       __class__: astropy.units.quantity.Quantity
#       unit: !astropy.units.Unit {unit: pix}
#       value: !astropy.table.SerializedColumn {name: semiminor_sigma}
#     sky_centroid:
#       __class__: astropy.coordinates.sky_coordinate.SkyCoord
#       dec: !astropy.table.SerializedColumn
#         __class__: astropy.coordinates.angles.Latitude
#         unit: *id002
#         value: !astropy.table.SerializedColumn {name: sky_centroid.dec}
#       frame: icrs
#       ra: !astropy.table.SerializedColumn
#         __class__: astropy.coordinates.angles.Longitude
#         unit: *id002
#         value: !astropy.table.SerializedColumn {name: sky_centroid.ra}
#         wrap_angle: !astropy.coordinates.Angle
#           unit: *id002
#           value: 360.0
#       representation_type: spherical
#   astropy version: '5.1'
#   make_catalog parameters:
#     ab_zpt: 31.4
#     coadd_bands: !!python/tuple [f277w, f356w]
#     deblend_contrast: 0.001
#     deblend_nlevels: 32
#     deblend_npixels: 1
#     detect_kernel_fwhm: 4.0
#     detect_kernel_npix: 7
#     detect_npixels: 4
#     detect_threshold_nsigma: 3.0
#     flag_isolated_buffer: 4
#     hst_bands: !!python/tuple [f606w, f814w, f125w, f140w, f160w]
#     jwst_bands: !!python/tuple [f115w, f150w, f200w, f277w, f356w, f410m, f444w]
#     near_border_kernelsize: 21
#     reference_band: f200w
#   make_catalog version: 1.4.0
#   photutils version: 1.5.0
# schema: astropy-2.0
label xcentroid ycentroid sky_centroid.ra sky_centroid.dec bbox_xmin bbox_xmax bbox_ymin bbox_ymax area semimajor_sigma semiminor_sigma orientation eccentricity min_value max_value local_background segment_flux segment_fluxerr kron_flux kron_fluxerr kron_radius gini equivalent_radius kron4_2_flux kron4_2_fluxerr radius_kron20 radius_kron50 radius_kron80 near_border
[from data line 4613]
4614 9609.766934003212 3199.213083426216 214.7558299243189 52.82741159804085 9607 9612 3194 3200 34.0 1.1920608390371676 0.7238874067604942 -26.17375077203064 0.7945053907320615 -0.19262748583874317 0.11957520512240223 0.0 -1.0451846120412687 7.8153005 1.2769498465053268 7.693837532235667 1.4 -0.5114219133741992 3.2897623212397704 -0.3578126985332515 12.086076043682848 0.8788991756341598 1.50711033362588 nan False
4615 nan nan nan nan 6838 6865 3203 3228 499.0 nan nan nan nan 0.0 0.0 0.0 0.0 21332918000000.0 nan nan nan nan 12.603040633343667 nan nan nan nan nan True
4616 nan nan nan nan 6861 6869 3207 3219 83.0 nan nan nan nan 0.0 0.0 0.0 0.0 8700397400000.0 nan nan nan nan 5.140011726956917 nan nan nan nan nan True
4617 229.42659156528063 3212.5230485411107 214.8393868372527 52.887119950248625 219 245 3205 3219 299.0 6.347710562111634 3.107311990555019 -5.590075019325043 0.871993775110696 -0.24112162728678754 0.9481606678463133 0.0 130.11269255136935 20.113394 269.8474079617307 57.43777247517504 2.464663928589079 0.33564368387761573 9.755749892701914 254.467573506399 91.54878153884424 5.243849260148371 10.930776449399943 19.90547649845362 False
4618 216.68064179236416 3213.0675566748614 214.83949498637608 52.88720387965577 210 221 3205 3219 138.0 3.3155768297107593 2.4925471034073388 -71.23460760077732 0.6594268130433822 -0.02411174171556033 1.0016799350216261 0.0 57.43483483459846 12.113856 141.082544537698 35.55596181460894 2.67536678726872 0.35738239326578863 6.627726932618989 139.81452863594478 56.4956977893791 3.592873175035498 8.134943566179421 13.683690998519188 False
4619 402.8788764056551 3219.671725715494 214.83776181928718 52.886056279443096 393 414 3210 3232 281.0 6.218168426891269 3.19768255725994 58.32094103497435 0.85764134900864 -0.07374380077477626 1.0438220372125124 0.0 128.66260154838977 22.43195 404.86597041396675 88.96535495386986 3.0767473535437317 0.26298280146504527 9.45754080179648 529.8840018969829 148.00645014056133 7.386494141613404 13.853909676543477 24.489678904073884 False
4620 415.5761474082655 3232.5924196058795 214.8375123050471 52.88604524898821 407 424 3223 3241 200.0 4.697386042618754 2.7510807645282847 64.36038315020569 0.8105553385884834 -0.17379533255022558 0.9262198700909682 0.0 105.39186537431357 21.12275 191.4090200797703 58.889200071011096 2.4600870832485717 0.2932515366633526 7.978845608028654 313.032782787188 95.27347113715302 4.039327323864288 7.59460726377292 13.759622453227646 False
4621 nan nan nan nan 6594 6608 3219 3235 163.0 nan nan nan nan 0.0 0.0 0.0 0.0 12192530000000.0 nan nan nan nan 7.203090409536582 nan nan nan nan nan True
4622 nan nan nan nan 6590 6602 3233 3257 239.0 nan nan nan nan 0.0 0.0 0.0 0.0 14763826000000.0 nan nan nan nan 8.722159296752494 nan nan nan nan nan True
4623 325.4814147764874 3251.257496538064 214.83812068589623 52.886718389239824 294 350 3227 3270 1653.0 9.534340466893658 8.218703840766365 -0.24854328870363063 0.5068900190872091 -0.30895582116395354 2.3461703130894045 0.0 1044.054042820899 53.423973 1432.7967793195417 106.88612739883435 2.0548841315390076 0.4565576370201284 22.938313840860364 1684.1496166782958 170.30726575383304 7.317411031289173 13.851292247882476 25.93773080683487 False
4624 353.03905147299963 3249.6934885568876 214.837890941749 52.88653484020163 349 357 3245 3253 62.0 2.543211552708876 2.1547674316964054 -62.332671791761854 0.5311746294312799 0.009066417065780258 0.462031883260739 0.0 13.791140544746776 10.1396475 147.84478348410113 42.53675572349595 3.1691297267139107 0.33615358351194935 4.442433223290478 360.6794951570041 68.06898885106085 6.437942050584089 15.105577882800219 17.330317409421365 False
4625 358.25050606268894 3254.6917167678403 214.8377917415486 52.88652866916966 356 360 3253 3257 22.0 1.5227104148214394 0.9960990200882752 44.93225081095717 0.7563546192051527 0.007743368502187059 0.42804287846998307 0.0 7.009231073760621 6.0429077 32.265460830061386 21.962479840648196 3.132132613193834 0.17400306361054024 2.6462837142006137 99.47349781266755 35.254766178665676 2.5315131230023122 7.6556392376480975 9.526093143431723 False
4626 347.1424936273727 3259.560535030504 214.8378397107537 52.886625504155504 343 351 3254 3264 49.0 3.6282713672867533 1.3161445492427832 -51.965834180884755 0.931887662154662 -0.02422585247638775 0.47843326282475157 0.0 11.348383142662398 9.540273 172.34823776342924 46.03622073519333 3.6949869026158546 0.3094505833919616 3.949327084834294 326.8630260955382 74.41570752238805 7.347535901546743 12.83595117800457 16.21233082987279 False
4627 nan nan nan nan 6277 6294 3227 3245 234.0 nan nan nan nan 0.0 0.0 0.0 0.0 14608577000000.0 nan nan nan nan 8.63044108762739 nan nan nan nan nan True
4628 nan nan nan nan 6289 6299 3238 3248 78.0 nan nan nan nan 0.0 0.0 0.0 0.0 8434267000000.0 nan nan nan nan 4.982787485166879 nan nan nan nan nan True
4629 473.6336720431688 3267.6451839783726 214.83662444922817 52.88586528196305 470 483 3263 3271 64.0 2.9103125157957552 0.9614272824428325 -36.38834065643344 0.9438578384253683 -0.32035745204172744 0.24148442446217727 0.0 -1.1094142823727173 11.829078 1.8986433780333076 15.420083606236739 1.4 -0.8700561463806248 4.51351666838205 -20.934996507903804 25.083877859010236 1.369488435726407 2.301017491890838 nan False
4630 523.3332024681005 3267.3566201573576 214.8361834658467 52.88554790040158 500 550 3244 3283 1131.0 10.170826475417138 6.15831128047243 -45.05346853712198 0.7958545922128162 -0.37082486251230473 3.522470268694798 0.0 1176.0098440155841 43.970795 1485.4032536748475 83.04765883136406 1.851061850350419 0.47656987319181493 18.97388946088459 1846.7899747562724 136.75536068152718 6.693169258973205 11.376661945067854 18.52303800968813 False
4631 480.4482286312434 3285.77936230813 214.8363725880769 52.885919737512324 461 495 3268 3296 704.0 6.73959632205947 5.524864058251211 12.104457520815673 0.5727045335615736 -0.5734442526808176 1.7027475993381314 0.0 311.78855426405573 35.601048 441.97747202025624 74.51295137138813 1.967434289945284 0.4056729196917859 14.96964127403822 469.97394945726904 121.30840895232065 4.858365799733825 9.845799751331368 16.57551044025456 False
4632 538.7294933077816 3291.4650462309073 214.83579201915018 52.88558002665527 495 574 3251 3325 3129.0 13.435929498145926 9.646756158191929 -67.5766176485965 0.696061621447418 -0.31417786901379663 8.300917518316092 0.0 5173.877765234291 73.495125 5559.511247509541 102.49210039582431 1.5380603959475077 0.531449157060489 31.5593351303395 5872.614533447346 164.66418810761604 7.7203087586466275 14.377904840504643 22.66392269082714 False
4633 510.4011469411998 3288.0155931063705 214.83608143392163 52.885741450406115 492 521 3271 3305 623.0 7.269566529897433 5.735562286066702 0.19130156885366786 0.6144154023330983 -0.17130772917276332 3.2703234673034585 0.0 550.6884944368601 32.852547 792.3424065762516 56.25834776718027 2.0444073275282837 0.43931651711522796 14.082153922340915 954.2341381411322 110.8256548509179 6.114463622595421 9.853145380396237 17.165030411401755 False
4634 nan nan nan nan 2950 2962 3244 3255 105.0 nan nan nan nan 0.0 0.0 0.0 0.0 9785762000000.0 nan nan nan nan 5.781222885281108 nan nan nan nan nan True
4635 nan nan nan nan 2937 2962 3251 3283 587.0 nan nan nan nan 0.0 0.0 0.0 0.0 23137640000000.0 nan nan nan nan 13.669231989760256 nan nan nan nan nan True
4636 9902.483187110363 3248.0839925575497 214.75270735810662 52.82581277337166 9896 9909 3244 3254 106.0 3.119208944644458 2.26868601904252 -8.076655650816367 0.6862906860637038 0.18411418514078307 1.154235572770459 0.0 65.53276610665068 13.241887 97.94560749292309 23.79357584101505 1.575907927487222 0.25037003819006154 5.808687281605183 90.13538270339515 38.92017287530438 2.6884509614984062 4.6764290470426975 7.0737108629030745 False
4637 9909.562862342256 3251.5048127284877 214.75260826952396 52.8257861556924 9904 9914 3248 3256 65.0 2.2354913343252525 1.758053534007505 41.179889727170654 0.6176816416013132 -0.02015345586031205 0.8738843390941667 0.0 20.78831239209945 10.49905 55.68412416010724 30.39178241470228 2.6171172147050155 0.3915632486970539 4.54864184146723 42.61719358206315 47.87238766395172 2.664958802388302 5.800505189838311 8.143804748425879 False
4638 8276.93457628748 3254.7945621385006 214.76712309482843 52.836188115220395 8271 8283 3250 3260 79.0 2.793437406533773 2.3903910158251684 38.934658048112496 0.5174446285807395 -0.10890074827912517 0.5785391852304226 0.0 14.921121639546449 11.299437 164.36804388963145 57.05947834123374 3.841127057799678 0.4517514154744756 5.014626706796775 289.91986316758135 91.64103410762526 9.880229648417712 14.790822068942932 22.541997025648598 False
4639 8264.362013619875 3268.258795153631 214.7670934131166 52.83634057766172 8247 8281 3252 3283 775.0 7.836471310888143 5.797544546531254 -23.578713417829587 0.6728095739752826 -0.07176385790771615 1.613649034219764 0.0 509.20364249430884 36.012257 1007.1779326595941 98.18622185186472 2.5122666419187776 0.3167700178229919 15.706373285785544 1137.3917609059695 158.7987141040662 7.457651734005985 15.618643819051655 30.412370290077007 False
4640 9001.25301258881 3262.8376455011085 214.76058266864416 52.83162464970818 8997 9007 3258 3267 68.0 2.2420525754121035 2.027273404146345 34.147987770653636 0.4271003691293015 -0.04252720356375797 0.8834261162417889 0.0 35.36144321751733 15.9786825 273.67312945316223 58.855460724344425 3.4831261696297733 0.2837122373496368 4.652426491681278 375.4595840182444 96.47857464910238 10.737076842769005 14.644239142181497 17.112979331918282 False
4641 9011.99604484542 3267.760625918698 214.7604351002745 52.831582826093374 9002 9021 3261 3276 228.0 4.666604908992909 3.0896693161398443 5.757428596474074 0.7494324984182683 -0.06447113039595387 1.17188384730692 0.0 112.73192327483099 26.506214 348.7923559671301 89.73344402137312 2.8416913257040304 0.33696854338354754 8.51907589177983 434.4338960054126 128.96771166385855 5.957766759565784 11.232663781926297 24.17762137743078 False
4642 8832.399458057978 3269.8470907817077 214.76201372055502 52.832736356656326 8827 8841 3261 3277 177.0 4.013842435090582 2.1647852768308984 -78.34307538282923 0.8420945605068884 -0.2943414929608418 0.9314016590912378 0.0 53.77759979592379 17.277792 77.77483295821165 28.239296720919906 1.6466864832898949 0.4103909223481812 7.506054213402069 84.48616048724004 44.692909552825824 2.6363924279240636 5.069148497480065 7.881047698920074 False
4643 8830.535893731285 3284.624043645542 214.76187476071334 52.832827773574934 8824 8836 3278 3292 128.0 3.9853658636741716 2.0135872327896105 -67.33199659808422 0.8629757945464469 -0.0951830970068223 0.8083908763329057 0.0 53.16453192057537 14.413733 257.6148057992105 55.42868075558321 3.433898615845076 0.3220275280048121 6.383076486422923 304.740424637671 89.1751173584212 6.503626704748588 13.577606614786035 18.98851918730673 False
4644 4212.66652162436 3288.64618940955 214.8030163275899 52.86221334804854 4192 4231 3265 3311 1166.0 10.00243998406633 6.1085965259863775 -66.27264319127762 0.7918538463481789 -0.3153662941266185 2.3844133082123067 0.0 624.337349526592 44.11263 741.646632515553 62.79939135146421 1.4 0.4291876596016091 19.265236237593868 736.9154267466274 100.90460497887703 5.780499037320389 11.702802849150036 17.651269801629958 False
4645 4199.99713040386 3310.79488362758 214.80289617191667 52.86241322648944 4194 4207 3302 3321 185.0 4.730985061516921 2.9503557671205076 74.51673223573113 0.7817244544433807 -0.14195250302741316 0.7321156489772456 0.0 64.95527950983174 17.632545 112.76443151484011 36.93107828240424 1.7104735322296338 0.26475167431281027 7.673807981960539 94.02877585837143 59.29149259543875 4.155196333099976 6.947941356994004 10.309317857592703 False
4646 4216.257715260613 3308.940976321245 214.80277057714088 52.86229986547123 4207 4226 3299 3320 263.0 5.015210522064714 2.7226633879472515 -31.691561853622257 0.8398095190852815 -0.3801350560861558 0.8921190962206024 0.0 80.40738238397515 20.75954 162.83309152017995 58.61741714388752 2.809893177307574 0.4140815046033265 9.149617481968136 135.9384198228359 94.28791310099788 3.9924076865169655 10.111479969645863 24.2385359919532 False
4647 250.6031474399888 3276.991890290778 214.83851867893017 52.88733294422121 241 262 3267 3285 247.0 5.123283948301994 3.692774110518651 -31.233853330745703 0.6931611582303999 -0.007535491371449057 1.301483830770139 0.0 114.43119152497026 20.718937 262.84322535401384 70.75988921469937 2.7608717921463954 0.324822065561636 8.866935315394846 386.56953686910185 111.89411865989517 5.403766562833556 9.180289651042315 22.343990636988526 False
4648 261.70466426841574 3301.971195603474 214.83815641879855 52.88739706458929 236 289 3272 3327 1972.0 8.08085582234068 7.083044758618727 58.97475130208815 0.48136251052913304 -0.383357252008364 9.725141319752488 0.0 1768.0514769627766 57.979073 1900.9846425052292 74.6229995216535 1.7080472913793165 0.6718332209049015 25.05408341078227 2182.0109084937208 120.21746930783524 3.977771004833885 7.93385430265552 15.761447364104352 False
4649 133.68275927850652 3298.497547226391 214.83933686592985 52.8881918568004 128 149 3280 3313 413.0 6.508385595888847 4.7581653765408705 82.03275945958394 0.6822893087051034 0.22283797210777398 3.0717143427771236 0.0 488.8267315504603 19.367569 1527.8191655305068 63.14809507896374 2.6492895806504455 0.33062660549725914 11.465687201119065 1777.5392474962623 104.59440654758612 7.382567705885957 13.928455856955038 23.873065676909494 False
4650 156.48736604702003 3309.265094461238 214.83901970588676 52.888104994570114 138 178 3298 3319 485.0 9.374872381929183 4.582824310286703 -12.810438688765595 0.8723727613513267 -0.10814450119634236 0.8797074129824464 0.0 178.72576118765977 22.377998 1508.0824470215848 117.35874077442357 3.654886817200702 0.2864565964553562 12.424986712231869 2296.4031239449555 190.01453479986537 19.768418767207038 36.36588593881415 47.84678773564162 False
4651 9005.326427630096 3293.3999636131052 214.760224615485 52.83176329480693 8988 9017 3286 3300 297.0 7.775396901283831 2.605617696113673 13.254043717969534 0.9421788074126051 -0.7419456002588408 1.4132112785111115 0.0 78.46668684272913 108.62091 126.22174403827134 139.47860692518114 2.3205244860787633 0.48201230608378715 9.72306722164286 56.10198590728302 166.88694452020428 3.929414951682601 12.428818464376539 14.678205400149615 False
4652 9019.251682476934 3291.961307938184 214.76011566119064 52.83166697828474 9016 9023 3289 3295 42.0 2.2486191487776828 1.3678957676546275 13.087421578167199 0.793686491383688 -0.035496570130136476 0.5092929589439184 0.0 10.409946158077961 12.116056 28.07530532681705 21.126686356823228 1.4 0.31282349934430154 3.656366395715726 28.112645422092452 38.483475904592645 2.5541213789316157 4.5645580258176945 6.20090215360582 False
4653 8190.7683967413395 3297.4048931108714 214.76744256916515 52.83696557141423 8186 8197 3293 3303 92.0 3.004442734874837 2.167955329911831 32.07020569212114 0.6923277551218734 0.1856812393904159 0.7783342763763166 0.0 45.25514054928443 12.552022 105.36370819362128 41.07859408001719 2.6285038964163854 0.19057677255898695 5.4115163798060095 135.13622337707062 67.78215202006614 3.2679881949605702 6.0771312937209485 12.661166522762155 False
4654 8202.12359232511 3303.7990501163686 214.76727403048392 52.83692778501298 8194 8210 3298 3311 143.0 3.293574954908005 2.5620478811963068 -37.5744619748318 0.6283971379120584 -0.09268069869869001 2.053942266660807 0.0 129.24720246755405 15.337889 292.7827484614096 42.52233844047202 2.7231399932212286 0.33022590471722485 6.746726148605861 401.1805841737479 72.89096540592017 3.4501900970775226 7.761450643401445 15.074711930344089 False
