outputs/dr0.5_c0.1/nircam1_matched_f115w_f277w_dr0.5_c0.1.ecsv
# %ECSV 1.0
# ---
# datatype:
# - {name: label, datatype: int64}
# - {name: xcentroid, datatype: float64}
# - {name: ycentroid, datatype: float64}
# - {name: sky_centroid.ra, unit: deg, datatype: float64}
# - {name: sky_centroid.dec, unit: deg, datatype: float64}
# - {name: bbox_xmin, datatype: int64}
# - {name: bbox_xmax, datatype: int64}
# - {name: bbox_ymin, datatype: int64}
# - {name: bbox_ymax, datatype: int64}
# - {name: area, unit: pix2, datatype: float64}
# - {name: semimajor_sigma, unit: pix, datatype: float64}
# - {name: semiminor_sigma, unit: pix, datatype: float64}
# - {name: orientation, unit: deg, datatype: float64}
# - {name: eccentricity, datatype: float64}
# - {name: min_value, datatype: float64}
# - {name: max_value, datatype: float64}
# - {name: local_background, datatype: float64}
# - {name: segment_flux, datatype: float64}
# - {name: segment_fluxerr, datatype: float32}
# - {name: kron_flux, datatype: float64}
# - {name: kron_fluxerr, datatype: float64}
# - {name: kron_radius, unit: pix, datatype: float64}
# - {name: gini, datatype: float64}
# - {name: equivalent_radius, unit: pix, datatype: float64}
# - {name: kron4_2_flux, datatype: float64}
# - {name: kron4_2_fluxerr, datatype: float64}
# - {name: kron4_2_mag, datatype: float64}
# meta:
#   PHOTMJSR: 2.962800025939941
#   PIXAR_SR: 2.11539874851881e-14
#   __serialized_columns__:
#     area:
#       __class__: astropy.units.quantity.Quantity
#       unit: !astropy.units.Unit {unit: pix2}
#       value: !astropy.table.SerializedColumn {name: area}
#     eccentricity:
#       __class__: astropy.units.quantity.Quantity
#       unit: !astropy.units.Unit {unit: ''}
#       value: !astropy.table.SerializedColumn {name: eccentricity}
#     equivalent_radius:
#       __class__: astropy.units.quantity.Quantity
#       unit: !astropy.units.Unit {unit: pix}
#       value: !astropy.table.SerializedColumn {name: equivalent_radius}
#     kron_radius:
#       __class__: astropy.units.quantity.Quantity
#       unit: !astropy.units.Unit {unit: pix}
#       value: !astropy.table.SerializedColumn {name: kron_radius}
#     orientation:
#       __class__: astropy.units.quantity.Quantity
#       unit: &id001 !astropy.units.Unit {unit: deg}
#       value: !astropy.table.SerializedColumn {name: orientation}
#     semimajor_sigma:
#       __class__: astropy.units.quantity.Quantity
#       unit: !astropy.units.Unit {unit: pix}
#       value: !astropy.table.SerializedColumn {name: semimajor_sigma}
#     semiminor_sigma:
#       __class__: astropy.units.quantity.Quantity
#       unit: !astropy.units.Unit {unit: pix}
#       value: !astropy.table.SerializedColumn {name: semiminor_sigma}
#     sky_centroid:
#       __class__: astropy.coordinates.sky_coordinate.SkyCoord
#       dec: !astropy.table.SerializedColumn
#         __class__: astropy.coordinates.angles.Latitude
#         unit: *id001
#         value: !astropy.table.SerializedColumn {name: sky_centroid.dec}
#       frame: icrs
#       ra: !astropy.table.SerializedColumn
#         __class__: astropy.coordinates.angles.Longitude
#         unit: *id001
#         value: !astropy.table.SerializedColumn {name: sky_centroid.ra}
#         wrap_angle: !astropy.coordinates.Angle
#           unit: *id001
#           value: 360.0
#       representation_type: spherical
#   astropy version: '5.1'
#   kernelfile: kernel_f115w_f277w.fits
#   make_catalog parameters:
#     ab_zpt: 31.4
#     coadd_bands: !!python/tuple [f277w, f356w]
#     deblend_contrast: 0.001
#     deblend_nlevels: 32
#     deblend_npixels: 1
#     detect_kernel_fwhm: 4.0
#     detect_kernel_npix: 7
#     detect_npixels: 4
#     detect_threshold_nsigma: 3.0
#     flag_isolated_buffer: 4
#     hst_bands: !!python/tuple [f606w, f814w, f125w, f140w, f160w]
#     jwst_bands: !!python/tuple [f115w, f150w, f200w, f277w, f356w, f410m, f444w]
#     near_border_kernelsize: 21
#     reference_band: f200w
#   make_catalog version: 1.4.0
#   photutils version: 1.5.0
# schema: astropy-2.0
label xcentroid ycentroid sky_centroid.ra sky_centroid.dec bbox_xmin bbox_xmax bbox_ymin bbox_ymax area semimajor_sigma semiminor_sigma orientation eccentricity min_value max_value local_background segment_flux segment_fluxerr kron_flux kron_fluxerr kron_radius gini equivalent_radius kron4_2_flux kron4_2_fluxerr kron4_2_mag
[from data line 5208]
5209 140.68918894309303 4075.669311894989 215.01206516207108 53.01938791075228 134 151 4068 4083 182.0 3.7524867410804768 3.3423718742942112 25.81477530398709 0.45457491136955047 0.2947534077524253 1.7143533246755833 0.0 137.22019176200925 4.7365327 606.1940284049159 21.30243083616938 3.1306562907567748 0.1846745245344012 7.611333607551958 1086.1350945057427 37.54033341516192 23.810290383577268
5210 8492.819865825131 4008.3317827788364 214.93780181374098 52.966036240080264 8489 8496 4003 4013 54.0 2.489650704784259 1.7393636211284587 86.44862171025622 0.7154757076295528 0.17492634387054 0.4382419713629825 0.0 19.021583110094117 1.7972317 85.82004488718896 6.939455531888377 3.0481287695006865 0.10395537320875489 4.145929793656026 155.69879167106285 11.135383832452398 25.91928689460131
5211 8485.475198672482 4022.710057395627 214.93771614040512 52.96616049767511 8479 8493 4011 4034 214.0 5.838634064531335 2.4867007711111597 -65.12850465338961 0.9047681031774394 0.19463328430619 0.7546230788698727 0.0 89.19284375984063 3.6757045 246.8067553602334 11.783942608993552 2.8212871448666084 0.17508783849025497 8.253382073025046 311.9404114165782 18.77155561402135 25.16482089848419
5212 519.3929448741299 4023.8744629160983 215.0092077619163 53.01670633839875 518 521 4023 4025 8.0 0.8697476791869793 0.6947930341561261 0.9171151786597124 0.6015377606167225 0.17843664329033543 0.3360966544344537 0.0 1.9563565176911688 0.7710354 50.59642223280535 3.884621806221424 4.145577006050472 0.14399773749883177 1.5957691216057308 91.01942801049049 6.25419060970854 26.502164745098348
5213 516.1515802893825 4026.085635877049 215.00921358103574 53.01673884784143 514 518 4025 4027 11.0 1.284551685782965 0.6445175764815969 -24.95663711492932 0.8650154945695445 0.22017460097434205 0.3358221346011984 0.0 3.1296523796444857 0.89153636 71.8330221422826 4.422805175422655 4.027123250284851 0.07999939445895159 1.8712051592547776 137.27268247923823 7.120149083778109 26.056039698949476
5214 9003.753757528677 4050.9590040518265 214.93277213591136 52.96302339260388 8995 9010 4044 4056 142.0 3.4169845590702255 2.330897240850263 25.753119583371255 0.7312119315498721 0.007123612900577225 0.7819504938874379 0.0 50.66161576655051 3.9389555 66.25072921792153 7.791296292683414 1.7506804540675902 0.3173444698809264 6.723094811029982 67.74559882005718 12.092467571626807 26.82279728509146
5215 8983.202840176016 4058.665711524132 214.93287514435718 52.963195449760825 8970 8997 4049 4074 479.0 6.569830956196446 3.4583535510465135 -44.36455068643472 0.8502375642370853 -0.08593895470503905 1.0322905879012028 0.0 117.45680623175494 7.7414346 137.24997720644365 11.27649010751159 1.534145350563042 0.46989981541394765 12.347891944863939 140.53196572779297 17.542326476431676 26.03056219722299
5216 3458.634444406934 4065.7949316764316 214.98236372154588 52.99829035304874 3429 3483 4048 4084 895.0 10.471608945881464 3.634720588628675 31.55678679657116 0.9378272359383037 0.040331232477426725 3.167399677786218 0.0 492.9218296876529 7.847121 576.7730572535454 12.892919536550297 1.8190961064079154 0.48981399017750676 16.878606226063 663.713273370667 20.547089096793655 24.345048742417436
5217 3445.149634683973 4134.63189556564 214.98175921266727 52.99874787481337 3360 3531 4063 4203 14828.0 27.04222715184722 16.20803192879621 25.708827967824842 0.8004795265042166 -0.018656564349388324 44.74614747645932 0.0 29633.868747293698 33.99533 31774.915210574076 36.120948570624385 1.4 0.6691018149031555 68.70152103362231 32698.17494364109 55.0391337156554 20.113691217280884
5218 3452.6754692308677 4172.0968486253505 214.9812967300297 52.9989025827651 3402 3498 4158 4207 3086.0 15.144661886241687 9.5354917370722 5.214822797344568 0.7768973758406427 -0.0019149593171410128 9.649147999098844 0.0 4445.380842578522 15.163542 5593.467812106841 22.138142042627884 1.7393501253152883 0.609050357084703 31.34173429731 6139.456377802977 36.79874993098687 21.929675205116364
5219 10351.37884886423 4062.0715627114487 214.9205770340894 52.954528811834294 10338 10362 4053 4070 261.0 6.293982388722589 3.0264253713423157 -27.115960694721416 0.8768060146689707 0.23397226500838564 2.3191949750118153 0.0 310.87187510730763 4.6325774 2319.292094994776 21.78243327288865 3.4807811175124135 0.17634674954503554 9.114761669619748 4911.085268205539 3595318.0805395884 22.172056313525772
5220 10335.762380899467 4060.864401913488 214.92072968890355 52.95462143390196 10326 10342 4054 4068 96.0 5.222648252189393 1.7764151803924209 -40.65501582779207 0.9403759440125552 0.21060424373360767 0.6586314429964015 0.0 33.8643936067296 2.5637546 525.2354504171713 13.010963651546014 3.569956233856334 0.15437936820653228 5.527906391541368 1276.3733203626239 22.40140409541399 23.635055705767744
5221 10317.183449460297 4072.903678607993 214.92076930394805 52.954804371564705 10309 10323 4065 4078 111.0 4.663957809455244 2.0115925593195825 -36.95153857853399 0.9022057489609485 0.11016044402301513 0.49842940189823504 0.0 29.724734327420737 2.713092 358.70868063226135 11.910413132937563 3.5794542694341724 0.21894640016874933 5.944106103225343 966.047831961767 20.22334280730462 23.937503424533794
5222 10334.8981170339 4071.942182603484 214.92062069962935 52.95468672228851 10329 10340 4067 4076 59.0 3.1486714688250736 1.572344520785828 -33.44389879782599 0.8663902112214901 0.6830457467736855 1.109168762697984 0.0 56.891194341787454 2.0688248 390.55287067713573 7.482668474841659 3.522140388150457 0.053076479474602464 4.3336224206596095 1036.0461138477262 13.940047126545215 23.861552284874875
5223 10325.956540282243 4076.8721659273647 214.92064887200348 52.954770100283206 10320 10331 4073 4081 64.0 2.7269172521795584 1.8842564728405666 -6.073430276314877 0.7228699528254297 0.4541637968713266 1.0396310376348088 0.0 54.32119579475993 2.1322181 410.47525687255956 8.11463237224121 3.5152838277089433 0.09298349363487808 4.51351666838205 601.6909772238405 13.143799495238532 24.451566252520976
5224 10303.111777016995 4081.486799037038 214.9208049506884 52.954940038042395 10295 10311 4075 4087 102.0 4.766132699600707 1.6792303729784708 -33.28495760550091 0.9358775025014151 0.04521924616870837 0.4016547446652292 0.0 20.98602252238729 2.628466 249.60421477708815 11.339811215939667 3.8268580066533415 0.2558287916160023 5.698035485213008 722.1116356541046 19.331194010997063 24.25348914249991
5225 10317.371431816215 4082.125893106192 214.92067043875298 52.954852962969966 10310 10324 4076 4088 113.0 3.18081706067726 2.6681214770330963 -6.365888265468984 0.5444144263225638 0.39995683466661147 0.9808413759785304 0.0 86.16080554488245 2.8658006 419.09832519717713 9.670722103291089 3.4121430550467204 0.10121067610054228 5.997417539138688 669.8377692774704 16.538345663935264 24.33507592025876
5226 10309.119753874818 4087.182971760019 214.92069109001807 52.95493264734299 10303 10315 4081 4093 95.0 2.994151697142822 2.42721914639741 43.03978489173025 0.5855263640621915 0.39071658388350744 0.8485471774821159 0.0 65.971620162996 2.6055539 78.40607601115182 3.9543543063059894 2.2144355178859536 0.09145137743583555 5.499039842323396 179.7171305680671 8.348724569159561 25.763526310335564
5227 10321.999927263392 4088.857241504745 214.9205580311127 52.95485991780712 10316 10330 4085 4095 83.0 3.742913581600405 1.8620475263557072 -22.309524208594024 0.8674719408006729 0.13615250989578873 0.5936453393168223 0.0 26.168147614659535 2.368767 370.5170720564506 11.321459704772481 3.680388877878622 0.2188632412482963 5.140011726956917 745.5428946069537 18.11005820595324 24.21881841119417
5228 10291.792004563484 4088.3741187325872 214.92083380827427 52.955049079982714 10286 10296 4084 4091 52.0 2.628756912881967 1.3469033209448271 -15.734809750702093 0.8587631799290726 0.03771415625608352 0.4322826405986055 0.0 10.315056388668511 1.909613 32.46944678314233 5.08302568725196 2.8217047357645244 0.3232555653711312 4.068428945128219 64.09840918262178 8.547342419668647 26.8828818720603
5229 10279.836851938111 4095.122933756733 214.92086981906817 52.95516140781875 10270 10288 4088 4100 112.0 5.258178514153097 1.7535037450295623 -25.917058232329683 0.9427567454484688 0.0034035148425656907 0.3824480307358196 0.0 17.82253679314734 2.7331798 100.76201520893241 9.798255880514276 3.2494379188015117 0.3288943643602259 5.970821321441846 420.1762574616621 16.803357354605456 24.841421228853637
5230 10297.741765525892 4093.8869840982325 214.9207224006163 52.95504106932735 10287 10308 4086 4101 185.0 5.305460753323122 2.7125893868117625 -25.774126060289053 0.8594126927367596 0.3817077342775168 0.8512851699980478 0.0 117.0937742543243 3.5998108 201.07313242139713 6.612555957060801 2.492496143121027 0.09377164930295552 7.673807981960539 599.4018850672522 14.190205663179594 24.455704738923806
5231 10312.867684859362 4094.106371579776 214.9205845489056 52.954946229091405 10307 10319 4090 4099 69.0 3.049404330243817 1.832590818670179 -22.73311346175391 0.7992739724654098 0.08066809321141552 0.5940517366108188 0.0 20.218636042897316 2.1303084 206.9331566658486 9.32423023801472 3.6579201243616852 0.2636153362988026 4.686510657907603 502.17866677380425 15.582899579375484 24.64785435161453
5232 10279.833479116383 4104.133502284605 214.9207748981481 52.95521007155253 10267 10292 4095 4113 235.0 6.568027547871882 2.7747845570404115 -28.47021149557787 0.9063776204376214 0.3235300826466612 0.7879723028735566 0.0 136.2316179528294 4.1272054 222.98813954041097 7.485129137708325 2.4693673571009946 0.1008259062132085 8.6488625410045 565.8395822897662 15.455838507672008 24.518266688818496
5233 10264.492877196772 4104.019340892325 214.92091356600923 52.95530684249025 10255 10272 4097 4109 116.0 5.227595536002481 1.6086534541054862 -28.344557543418162 0.9514758595037592 -0.023854742309360376 0.39205208487827037 0.0 19.7856414115482 2.8057897 153.12028066658473 11.310279302618161 3.7997814820302147 0.3431816031838963 6.076507779746499 472.08801560575307 19.23435046061487 24.714942560997446
5234 10303.027010874788 4099.483552035526 214.92061606553577 52.955037729 10297 10309 4096 4104 67.0 3.1675635225716245 1.756763667743118 -23.140904482703448 0.8321101524438758 0.14048021760978996 0.5121043446205827 0.0 19.109440058032522 2.0950248 69.12254293629158 6.198361713720311 2.980461384861821 0.20373481468435048 4.61809077155419 242.35081741640863 11.424319247851333 25.438888777806046
5235 10295.11182079832 4104.441131797251 214.92063475008672 52.955114740110005 10291 10301 4101 4110 63.0 2.351808464935323 2.0684667543850273 4.990389083766939 0.4758586430492473 0.11781650875630842 0.5041139147704243 0.0 19.030294164640015 2.05347 66.71101637967868 6.155683521972691 3.041960438685979 0.22295097554384227 4.478115991081385 121.25586991865939 10.889230040570904 26.190743070750788
5236 10249.353403628 4112.37888136868 214.9209611381213 52.9554480806968 10242 10256 4107 4117 97.0 3.700679023263686 1.8461740968701121 -31.926579953355237 0.8666742838425219 0.037753805893473213 0.39283767637322625 0.0 19.91071518007118 2.5786197 103.32580399796839 8.63970411208058 3.1608256119140736 0.26959487300374857 5.556622981616415 240.2999675545804 14.453342327601737 25.448115719586873
5237 10287.7272436082 4111.533063052207 214.9206261886614 52.95519990467231 10279 10296 4105 4117 154.0 4.014559342699442 2.9617732735247504 4.810637423368232 0.6750652803326943 0.12956408339322906 0.6068849289383629 0.0 50.29615360984165 3.292574 142.11112968852024 11.428637810531207 2.9094498492574736 0.18124266580923978 7.001408606295148 269.3518594180647 18.325775695715922 25.324200055100913
5238 10261.560641489543 4114.531776849742 214.92082906360883 52.95538220728058 10250 10272 4106 4122 204.0 5.8166056046570445 2.8019638392829664 -26.551855293482124 0.8763262702519594 0.3109748697383472 0.6905229735649216 0.0 110.54459592842855 3.871924 259.14764852524104 8.81544268633847 2.693636237934254 0.0899165595265145 8.058239062071396 485.16235850346527 16.70949597498648 24.685282253481006
5239 10273.85644988703 4116.537614761974 214.92069774549435 52.95531497757284 10267 10281 4112 4123 92.0 3.733904271364975 1.9777694783484356 -30.798489783851068 0.8481983836579934 0.1338731392510842 0.5154858392423912 0.0 26.353516752243628 2.477558 166.88168026132286 9.827116516719055 3.528151640850629 0.2117391613501848 5.4115163798060095 279.44027742569904 16.519934889034467 25.28427749051672
5240 10239.944375981106 4117.413164308116 214.92099240135008 52.9555349891821 10236 10244 4113 4121 44.0 2.292471818991525 1.4766263473796366 -44.88598617201958 0.7649246780841694 0.04337183148564827 0.3175348081074593 0.0 8.864708755985959 1.7396481 45.71967048233594 5.942310064307701 3.124712498978066 0.2157174491937536 3.742410318509555 123.91227828977443 9.845432735855796 26.167214144687406
5241 10231.778146412616 4122.406829625432 214.92101295607296 52.955613788711794 10227 10237 4119 4126 47.0 2.662268514304741 1.4332023994821241 -32.55774036060131 0.8427285160098756 0.0672326876001868 0.2834412793270349 0.0 8.269061867361078 1.8096168 76.84229184001364 7.465769749640807 3.606071459824595 0.16166426783353052 3.8678889139475245 219.4834318421921 12.549780581692438 25.546495644489575
5242 10248.331304708636 4122.179223633424 214.92086702288694 52.95550747519984 10242 10254 4117 4126 78.0 2.817157507916879 2.1314150253777764 5.4237477166820804 0.6538970357874044 0.3568557807047545 0.6618878513378705 0.0 43.277524752571466 2.4171467 112.82704919790712 5.256885831854739 2.75246314945929 0.07884098720307325 4.982787485166879 171.8165212055342 9.499623395896958 25.812337696089884
5243 10258.703190879649 4125.543138594579 214.92073863317938 52.95545979062856 10248 10270 4119 4133 131.0 6.591871830231274 1.6719530047128683 -31.46096750511194 0.9672990598494824 0.11469827559517178 0.5103449551721038 0.0 36.20340742839798 3.0196362 228.96513977799253 11.502298777502062 3.31340213169098 0.17426004158829925 6.457444935117649 441.45618190018587 19.19943890536751 24.787780992975737
5244 10222.110349825374 4128.192054039108 214.92103862503694 52.955706393798586 10216 10228 4123 4131 69.0 3.5149400549941547 1.498942400325629 -25.946058178874342 0.9045116451446304 0.016189544939694826 0.31436322627058966 0.0 8.999502391548694 2.144007 158.06973993126428 9.939813966209094 3.867576332567142 0.27224366270993633 4.686510657907603 306.2306870450712 16.01465254085912 25.18487822819494
5245 10225.694706618566 4134.974345674665 214.92093503489258 52.95572025252513 10202 10246 4122 4150 393.0 13.343705784108185 2.4421854427548206 -29.730819822025236 0.9831089053169229 0.2583906967565914 0.6509444127510936 0.0 192.81852047472466 5.2825375 804.7091709409976 16.758157739187805 3.0617124416966064 0.08570830504220747 11.18462271470208 1772.664027510994 29.75437095524394 23.278433920761394
5246 10237.04797624496 4137.549777247598 214.92080615930772 52.95566208135997 10228 10250 4131 4144 129.0 5.997961073857856 1.6239663093254664 -27.858566395806626 0.9626488357487976 0.04970838880648493 0.5980801962437874 0.0 33.26086257754382 3.001874 228.54588406982305 11.369342536990732 3.3872443399875927 0.2344318637586829 6.407961869245868 444.2452905265093 18.53667322484837 24.78094291870643
5247 10217.581552505499 4150.038222204507 214.92084899512705 52.95585307785052 10212 10224 4147 4154 48.0 3.281197197630708 1.081253464732606 -26.51839820093319 0.9441450461585994 0.06394510366978279 0.26463388011487726 0.0 7.481994976049208 1.788508 95.2930729864067 7.8675269194533 3.907018920511581 0.17883867445977486 3.9088200952233594 210.24440884962314 12.947037134477284 25.59318886204799
