outputs/dr0.5_c0.1/nircam3_matched_f277w_f356w_dr0.5_c0.1.ecsv
# %ECSV 1.0
# ---
# datatype:
# - {name: label, datatype: int64}
# - {name: xcentroid, datatype: float64}
# - {name: ycentroid, datatype: float64}
# - {name: sky_centroid.ra, unit: deg, datatype: float64}
# - {name: sky_centroid.dec, unit: deg, datatype: float64}
# - {name: bbox_xmin, datatype: int64}
# - {name: bbox_xmax, datatype: int64}
# - {name: bbox_ymin, datatype: int64}
# - {name: bbox_ymax, datatype: int64}
# - {name: area, unit: pix2, datatype: float64}
# - {name: semimajor_sigma, unit: pix, datatype: float64}
# - {name: semiminor_sigma, unit: pix, datatype: float64}
# - {name: orientation, unit: deg, datatype: float64}
# - {name: eccentricity, datatype: float64}
# - {name: min_value, datatype: float64}
# - {name: max_value, datatype: float64}
# - {name: local_background, datatype: float64}
# - {name: segment_flux, datatype: float64}
# - {name: segment_fluxerr, datatype: float32}
# - {name: kron_flux, datatype: float64}
# - {name: kron_fluxerr, datatype: float64}
# - {name: kron_radius, unit: pix, datatype: float64}
# - {name: gini, datatype: float64}
# - {name: equivalent_radius, unit: pix, datatype: float64}
# - {name: kron4_2_flux, datatype: float64}
# - {name: kron4_2_fluxerr, datatype: float64}
# - {name: kron4_2_mag, datatype: float64}
# meta:
#   PHOTMJSR: 0.4047000110149384
#   PIXAR_SR: 2.11539874851881e-14
#   __serialized_columns__:
#     area:
#       __class__: astropy.units.quantity.Quantity
#       unit: !astropy.units.Unit {unit: pix2}
#       value: !astropy.table.SerializedColumn {name: area}
#     eccentricity:
#       __class__: astropy.units.quantity.Quantity
#       unit: !astropy.units.Unit {unit: ''}
#       value: !astropy.table.SerializedColumn {name: eccentricity}
#     equivalent_radius:
#       __class__: astropy.units.quantity.Quantity
#       unit: !astropy.units.Unit {unit: pix}
#       value: !astropy.table.SerializedColumn {name: equivalent_radius}
#     kron_radius:
#       __class__: astropy.units.quantity.Quantity
#       unit: !astropy.units.Unit {unit: pix}
#       value: !astropy.table.SerializedColumn {name: kron_radius}
#     orientation:
#       __class__: astropy.units.quantity.Quantity
#       unit: &id001 !astropy.units.Unit {unit: deg}
#       value: !astropy.table.SerializedColumn {name: orientation}
#     semimajor_sigma:
#       __class__: astropy.units.quantity.Quantity
#       unit: !astropy.units.Unit {unit: pix}
#       value: !astropy.table.SerializedColumn {name: semimajor_sigma}
#     semiminor_sigma:
#       __class__: astropy.units.quantity.Quantity
#       unit: !astropy.units.Unit {unit: pix}
#       value: !astropy.table.SerializedColumn {name: semiminor_sigma}
#     sky_centroid:
#       __class__: astropy.coordinates.sky_coordinate.SkyCoord
#       dec: !astropy.table.SerializedColumn
#         __class__: astropy.coordinates.angles.Latitude
#         unit: *id001
#         value: !astropy.table.SerializedColumn {name: sky_centroid.dec}
#       frame: icrs
#       ra: !astropy.table.SerializedColumn
#         __class__: astropy.coordinates.angles.Longitude
#         unit: *id001
#         value: !astropy.table.SerializedColumn {name: sky_centroid.ra}
#         wrap_angle: !astropy.coordinates.Angle
#           unit: *id001
#           value: 360.0
#       representation_type: spherical
#   astropy version: '5.1'
#   kernelfile: kernel_f277w_f356w.fits
#   make_catalog parameters:
#     ab_zpt: 31.4
#     coadd_bands: !!python/tuple [f277w, f356w]
#     deblend_contrast: 0.001
#     deblend_nlevels: 32
#     deblend_npixels: 1
#     detect_kernel_fwhm: 4.0
#     detect_kernel_npix: 7
#     detect_npixels: 4
#     detect_threshold_nsigma: 3.0
#     flag_isolated_buffer: 4
#     hst_bands: !!python/tuple [f606w, f814w, f125w, f140w, f160w]
#     jwst_bands: !!python/tuple [f115w, f150w, f200w, f277w, f356w, f410m, f444w]
#     near_border_kernelsize: 21
#     reference_band: f200w
#   make_catalog version: 1.4.0
#   photutils version: 1.5.0
# schema: astropy-2.0
label xcentroid ycentroid sky_centroid.ra sky_centroid.dec bbox_xmin bbox_xmax bbox_ymin bbox_ymax area semimajor_sigma semiminor_sigma orientation eccentricity min_value max_value local_background segment_flux segment_fluxerr kron_flux kron_fluxerr kron_radius gini equivalent_radius kron4_2_flux kron4_2_fluxerr kron4_2_mag
[from data line 4999]
5000 9112.831909902483 4365.49793735787 214.74797832483162 52.836851258637346 9092 9135 4350 4382 1064.0 6.703001978581173 4.241090488714241 14.900034702499095 0.7743846699443707 0.2369400388017581 29.6938549462307 0.0 3277.6679899974497 3.966251 3309.359187965817 4.169212884605693 1.4744662789419845 0.6710956016341167 18.403307281560924 3569.1762187865706 6.183562577079109 22.518580023388147
5001 9099.117529509136 4390.209290293863 214.74784031198874 52.83707152407109 9087 9111 4375 4407 408.0 8.155094119473128 3.479882519111954 67.37529592455674 0.9043872187580845 0.17353422373259303 1.2866084249141136 0.0 186.3391228026101 2.0641768 397.49048329677106 6.282117356981196 2.5816239142475106 0.22605177152204955 11.396070970426017 588.1221469453243 9.891920514416876 24.476331165102096
5002 3399.71973067417 4353.165051276522 214.7990612037365 52.873116951959915 3399 3401 4352 4354 7.0 0.8806422523474298 0.6137861646143464 59.94337227165654 0.7170948397576715 0.2614723727306636 0.3070858269272098 0.0 1.9917410197531111 0.25332278 15.042404548970339 1.0840069404590764 3.4454067944498754 0.03542913132321874 1.4927053303604616 25.2421405645344 1.7411153764257035 27.894684547901452
5003 3402.122131154697 4359.399257697212 214.79897409500495 52.87313526615638 3400 3405 4355 4362 35.0 1.9395299035181288 1.3031297207999761 62.35305558655578 0.7406607829809091 0.2159793784439239 0.6122461052059788 0.0 13.348857998513639 0.57126874 36.98900961292972 1.9852709718962644 2.84766288143266 0.17377085766653322 3.3377905890622728 37.92564254117543 3.1227986986650653 27.452667631513066
5004 3788.2184291320636 4413.13706971676 214.79496195471717 52.8709701033046 3785 3791 4411 4416 26.0 1.892496863069067 1.1143400474299396 33.27285339122361 0.8082641770474056 0.1895282189756826 0.2541742191227093 0.0 5.94691231887531 0.49643758 101.98202432702723 2.47671706603569 3.8792267349204783 0.04881379596729226 2.876813695875796 200.21565670678063 3.90128460582152 25.64625491010516
5005 3798.1796733808997 4440.362542277664 214.79458628491022 52.87105344147886 3777 3818 4413 4459 1252.0 10.208182609424384 7.823415404155097 88.97030548762147 0.6423795006783515 0.1744313951170869 2.8716814740958996 0.0 677.465797807766 3.5853693 1700.8209108421197 10.912912523496084 2.767965029963191 0.29223491505866095 19.963065333312567 2580.731784750864 17.761193559278084 22.870642823254393
5006 3776.122564548157 4458.604808133654 214.79459099835535 52.87129195228256 3771 3780 4451 4466 99.0 3.4598513155919357 2.1895179608319055 -75.35935105918566 0.77428598226051 0.17540803971671862 0.4333423836464427 0.0 28.15856343607319 0.9682916 245.15556568092572 4.319956394919527 3.590423264181519 0.11873231482220606 5.613615477764332 445.9522453305211 6.720620659077175 24.77677911274793
5007 3815.149442289632 4470.002850642653 214.79412262726598 52.871105228294226 3805 3828 4454 4484 379.0 6.228078434377663 4.815018147927068 45.92945041193946 0.6342664028585877 0.19609861476680363 1.2052466797646273 0.0 221.29616155681205 2.0347805 531.9010458005926 6.013838404076828 2.661689385178803 0.27550695897661254 10.983598994121039 1045.92459998906 10.063406923270216 23.851249055853913
5008 3800.0812207415797 4483.160751023319 214.79411851682744 52.87127191421671 3771 3830 4448 4511 2264.0 13.372958874990474 11.056934265723827 58.80936184327992 0.5624771177025615 0.16318247329722727 3.261045293718292 0.0 1475.4202245128315 4.913844 2658.4762716260348 13.558349133671515 2.360428849171448 0.3199099360090341 26.844991754889815 2738.7729013866738 inf 22.806109944706094
5009 3807.6405890988617 4509.936118823783 214.7937690204243 52.871368095852816 3796 3819 4505 4517 195.0 5.2396621532006105 2.830007119692885 -5.959502888841238 0.8415928158937442 0.19189238762885125 0.5496610473233654 0.0 70.96000439650633 1.4014109 378.2187228918097 5.903750770971561 3.301842189812212 0.13321657425234462 7.878478774854901 578.2123294193752 10.10251016800883 24.49478162989191
5010 7900.135386052288 4425.918231904043 214.75815045994324 52.844890444845134 7896 7903 4422 4430 45.0 1.8329137433498905 1.822561926190271 -57.86404108000149 0.1061300130204021 0.2211387990789407 0.4913810697870443 0.0 16.998081063805888 0.8359241 85.86252762622757 2.823907521622447 3.3261230565927633 0.11113626586607828 3.7846987830302403 126.07202650169793 4.410726068520754 26.148453165479744
5011 7891.824194062675 4436.2830745966885 214.75811539402238 52.84499911312944 7883 7900 4427 4446 186.0 5.268047581244726 2.3611057068930106 -50.995873474648214 0.8939364700243608 0.20115746198259268 0.778678369515657 0.0 83.05047227613453 1.5142245 193.4224554270083 4.242860005426959 2.7008577023492593 0.17713374279202493 7.694520051971082 221.43048647005247 6.879118201792703 25.536906464580138
5012 7883.176886212529 4446.238885287415 214.75808763178725 52.84510771706944 7881 7886 4443 4449 30.0 1.6297766830482907 1.4367666352960526 76.64034538661346 0.4720482706551796 0.22338024293942393 0.3467788348351558 0.0 8.921692477950447 0.54290897 48.18657803692044 2.2086593012613704 3.258528371952085 0.060235494447123956 3.0901936161855166 72.05796700994532 3.560423255341483 26.75579498725779
5013 3747.1742887738287 4440.36882568498 214.79504144493387 52.871377758812145 3743 3751 4436 4444 67.0 2.3389600372489343 1.9922531272220416 -78.00432045821871 0.5239178874857455 0.13831439363154965 0.5162940110132721 0.0 22.083025271928545 0.8981478 85.96521655590001 2.9037485713155666 3.0742303866669602 0.16884466357028835 4.61809077155419 164.60112082208212 4.642345290889081 25.85891802965645
5014 3745.574609676749 4449.386934490436 214.79496073403672 52.871436512148975 3740 3751 4443 4456 111.0 2.9858850547129556 2.575581861445194 -82.03150483083402 0.5059109069666301 0.14690644620681165 0.5097470025872859 0.0 35.301047551102954 1.0808164 162.11112421115217 3.9770222072851227 3.2750946189872123 0.17581299616243132 5.944106103225343 313.93207406829674 6.310313716241622 25.15791077670032
5015 7540.805687442239 4512.898292989941 214.7604377670313 52.84764426755735 7534 7549 4506 4521 156.0 3.3318680107766174 2.9203454116148095 65.00313393701629 0.48142202279581714 0.14801033114876722 1.0704361180495898 0.0 68.98258260809082 1.2871381 144.37778182615176 3.9286878459286125 2.6362974242054023 0.26795809815464566 7.046725639945928 199.4006020957159 6.127217890576681 25.650683836645005
5016 7558.920533036101 4526.132866937555 214.76013688931693 52.84760030704663 7541 7578 4509 4541 659.0 7.701758140286883 4.174369110749187 26.458773664852433 0.8403771296708751 0.20892694538739828 4.174064730909562 0.0 567.8993480240251 2.7977629 759.605856189836 5.022297447408271 2.017243595774502 0.41500343032605325 14.48330815094114 791.667871714827 8.203797613217619 24.15364244922736
5017 7541.702752635972 4534.994444105062 214.76019706164666 52.847757531768515 7536 7547 4529 4539 93.0 2.8228434570926093 2.071966690384547 -34.612103809883095 0.6791496239567767 0.17876881955837287 0.8862258641499394 0.0 41.16372602562413 1.0214041 101.58736609902043 3.119412074220613 2.7109394941142178 0.23909970344166376 5.440847306724618 144.73452219954714 4.802316064502131 25.998569670602947
5018 7576.426931943261 4538.645776160821 214.75984903686452 52.84755633021908 7566 7584 4528 4547 217.0 4.413966821645433 3.69015986219717 -66.87758708002113 0.5487005854081196 0.17695598419705605 0.7910955731177238 0.0 98.93460441065284 1.5050471 241.0068945921163 4.7563174785705264 2.6404635354625086 0.19800553218323036 8.311031542587394 284.3555058775691 7.575296904052932 25.265345895590407
5019 10065.752436231382 4535.542643388781 214.73769728069078 52.83170433368169 10058 10073 4526 4543 216.0 4.374333607783785 3.1875315397202795 -71.68358195563233 0.6848440863496909 0.23125273959161247 1.2331040998871752 0.0 146.1870282178638 1.5885901 268.33253543444425 3.9687494431011796 2.326131019564081 0.24165738627121372 8.291859587312052 319.64781693821305 6.408376939324194 25.13832064317716
5020 10066.549764266956 4557.4315440886885 214.73745967542246 52.83181707101559 10057 10076 4539 4579 631.0 8.429078251960696 4.146287929155715 -86.56069646002776 0.8706500729319625 0.23693337892221075 3.015010326538834 0.0 571.3645099927145 2.6772761 772.5344309929742 5.321875136516941 1.9063382025855795 0.3358773884936431 14.172280627406865 812.6944434153141 8.483568526069567 24.12518177402852
5021 9041.76473059678 4532.778207069189 214.74685003439865 52.83820382219056 9039 9045 4531 4535 27.0 1.7154049684534813 1.2054469946350213 11.316548181245667 0.7114678878726973 0.2442764044767723 0.34873294183693493 0.0 8.19476670473924 0.53422105 85.845530398583 2.3231266213744064 3.686890524408861 0.05672218293008022 2.9316150714175193 145.00966209126997 3.7024577459735912 25.996507648669088
5022 9031.171257723956 4570.598022311744 214.74654615436535 52.83847479545813 9003 9057 4533 4600 2081.0 14.244143692668578 7.901827027741655 -56.56633698538951 0.8320223175061303 0.16449006996536064 3.6944891658195154 0.0 1927.0809882129784 4.8096557 2691.156316984024 9.902165434665937 2.0312088736404563 0.380634462819641 25.737188524554668 2938.72389367362 inf 22.72960303982604
5023 9015.367342639694 4602.768413688841 214.74634819728908 52.838748503409 9000 9034 4584 4617 668.0 6.853161318615842 4.850143454377371 42.20815633297042 0.7064895035685252 0.1609418341395405 4.748467078090173 0.0 681.4972704807658 2.8656347 936.0617193048238 6.2023892780114975 2.113785299601678 0.4315303166496866 14.581872443920643 1108.2519839168685 999999.9980054641 23.788403706459167
5024 4287.86212157121 4541.6480285083835 214.7891493510864 52.868485639229256 4284 4292 4538 4546 55.0 2.0436505834601024 1.9062141922596743 -30.908155446649054 0.3605249636650133 0.22351085559308403 0.6085609425927399 0.0 22.76276034614264 0.9639057 63.84031161061002 3.2582395790294427 2.72874544838964 0.1575554501433024 4.1841419359420025 102.77724767741518 4.964212021039646 26.370257541702905
5025 4296.173997304083 4548.672681425155 214.7890011875227 52.868470630106245 4289 4303 4541 4556 127.0 4.42450926351881 1.9457063327979838 44.53646364321059 0.8981170832802139 0.174577340984295 0.7032188073236483 0.0 55.33471380486206 1.4179516 164.91454002391038 1414213.5594870944 2.9012706873793523 0.1827026337305944 6.358093703724522 207.51448461444897 6246334.858624476 25.607378959806475
5026 9243.792355991493 4544.667109135595 214.74492456798572 52.83698262162651 9241 9247 4540 4549 46.0 2.332616996451324 1.508557566042844 -79.54218171478698 0.7627247745182647 0.2008743726541378 0.36157446145832167 0.0 13.607121546108644 0.71212167 95.03113766414535 3.141234367490329 3.5085706749354024 0.07678404086084162 3.826519928662906 148.27669048385738 5.04840723432887 25.972317789824395
5027 9241.31814215898 4552.6150791192285 214.74486291557315 52.837041144062376 9238 9244 4548 4556 44.0 2.317146083183612 1.3998566177824137 -67.44138958087859 0.7968860545615504 0.21629390779606159 0.5045087461955351 0.0 15.019279221872766 0.695196 77.57360023847983 2.8828717618186306 3.381044428799786 0.12404258813208284 3.742410318509555 120.19203834902274 4.654757306573351 26.200310748795026
5028 9322.044964726436 4580.928933942724 214.74384541855196 52.836679998868 9302 9341 4562 4605 985.0 7.59689964894853 6.7321886725315245 59.9713243761402 0.46334915577227825 0.1798770144337268 5.198704847884959 0.0 1097.1800359383312 3.6767428 1509.2721969312533 7.051156964950082 2.0025707356054716 0.4678342382941509 17.706926268865352 1825.2041606566058 11.702333560675195 23.24672137474824
5029 9312.868617101176 4598.274895207484 214.7437445142372 52.8368317442241 9291 9336 4576 4619 978.0 7.080936179599946 5.805432046693176 37.219620004368025 0.5725527744743375 0.16121188820809282 12.661395965364587 0.0 1722.122731004384 4.261535 2077.7619225191256 6.238726282461067 1.9112445992024538 0.5347830933033269 17.64389607449974 2521.3388287848657 10.90065339657263 22.895921969918664
5030 9324.795506835018 4618.823739018932 214.74342183899313 52.83686647783974 9311 9337 4607 4629 395.0 4.679927546329798 4.26809013094891 30.400683066432265 0.41019200096856906 0.19309986326972384 4.434937342982084 0.0 412.2718780412734 2.93349 635.1684291055087 7.0005919227645474 2.339197116943666 0.42000145328441835 11.213046198183495 882.2381956309741 inf 24.03603535950025
5031 9301.748066533737 4617.72601858675 214.74363876348957 52.83700718934835 9296 9309 4611 4623 124.0 3.340116370569907 2.587514925915929 36.70257803401002 0.6323558155630239 0.21313180545178445 0.7002676683895759 0.0 54.430946236497554 1.4496812 306.59857877191405 6.158290936462426 3.436218616953615 0.17473939336255878 6.282549314314218 539.9998747961781 10.640850586781081 24.569015852180243
5032 9339.124044731805 4618.973829259613 214.7432925845823 52.83677613210986 9334 9346 4609 4627 177.0 4.009661897345411 2.8883935143585395 84.76679516048833 0.6936020593323265 0.19712900491600252 1.1830249041371637 0.0 101.51255685983949 1.9857705 279.4679013324618 7.014834369011056 2.8502928022844105 0.25365419870196 7.506054213402069 487.8305097448316 inf 24.679327604154373
5033 7572.618641518023 4597.346666801374 214.7592647676647 52.84789660564674 7556 7586 4581 4609 534.0 6.141800046734902 3.507574532523132 33.51349701530628 0.8208813434235682 0.1468381736956991 8.535128945100958 0.0 620.5438016399336 2.391021 716.5916416926709 3.401274075328271 1.6476726645351332 0.5441024928622867 13.037541149394091 761.9895468689239 5.503325639177408 24.195127465903894
5034 7593.762448220038 4604.669485494482 214.75899914761064 52.84780154709556 7583 7608 4597 4613 296.0 4.858440626321302 2.925960330734284 21.47800210648218 0.7983130636623269 0.1668734174141959 3.1135672177202784 0.0 239.6333173597422 1.7711021 302.855627347189 3.4460861580757007 1.9369857802899666 0.42838039203710965 9.706684619910241 341.53094830646205 5.489688073740071 25.066424839987384
5035 7585.774897123679 4612.600039005521 214.7589868336885 52.84789505071228 7581 7592 4607 4617 78.0 2.372531402413383 2.1842323294279717 19.449325708226947 0.3904274795220738 0.16102706225777413 0.8623477884383474 0.0 36.12480071767113 0.9093204 81.72761653111364 2.987697690011971 2.6265527863117537 0.25009279693395 4.982787485166879 126.84152330791935 4.7706713003066765 26.14184637734536
