outputs/dr0.5_c0.1/nircam1_f410m_dr0.5_c0.1.ecsv
# %ECSV 1.0
# ---
# datatype:
# - {name: label, datatype: int64}
# - {name: xcentroid, datatype: float64}
# - {name: ycentroid, datatype: float64}
# - {name: sky_centroid.ra, unit: deg, datatype: float64}
# - {name: sky_centroid.dec, unit: deg, datatype: float64}
# - {name: bbox_xmin, datatype: int64}
# - {name: bbox_xmax, datatype: int64}
# - {name: bbox_ymin, datatype: int64}
# - {name: bbox_ymax, datatype: int64}
# - {name: area, unit: pix2, datatype: float64}
# - {name: semimajor_sigma, unit: pix, datatype: float64}
# - {name: semiminor_sigma, unit: pix, datatype: float64}
# - {name: orientation, unit: deg, datatype: float64}
# - {name: eccentricity, datatype: float64}
# - {name: min_value, datatype: float64}
# - {name: max_value, datatype: float64}
# - {name: local_background, datatype: float64}
# - {name: segment_flux, datatype: float64}
# - {name: segment_fluxerr, datatype: float32}
# - {name: kron_flux, datatype: float64}
# - {name: kron_fluxerr, datatype: float64}
# - {name: kron_radius, unit: pix, datatype: float64}
# - {name: gini, datatype: float64}
# - {name: equivalent_radius, unit: pix, datatype: float64}
# - {name: kron4_2_flux, datatype: float64}
# - {name: kron4_2_fluxerr, datatype: float64}
# - {name: radius_kron20, unit: pix, datatype: float64}
# - {name: radius_kron50, unit: pix, datatype: float64}
# - {name: radius_kron80, unit: pix, datatype: float64}
# - {name: near_border, datatype: bool}
# meta:
#   PHOTMJSR: 0.8704000115394592
#   PIXAR_SR: 2.11539874851881e-14
#   __serialized_columns__:
#     area:
#       __class__: astropy.units.quantity.Quantity
#       unit: !astropy.units.Unit {unit: pix2}
#       value: !astropy.table.SerializedColumn {name: area}
#     eccentricity:
#       __class__: astropy.units.quantity.Quantity
#       unit: !astropy.units.Unit {unit: ''}
#       value: !astropy.table.SerializedColumn {name: eccentricity}
#     equivalent_radius:
#       __class__: astropy.units.quantity.Quantity
#       unit: !astropy.units.Unit {unit: pix}
#       value: !astropy.table.SerializedColumn {name: equivalent_radius}
#     kron_radius:
#       __class__: astropy.units.quantity.Quantity
#       unit: &id001 !astropy.units.Unit {unit: pix}
#       value: !astropy.table.SerializedColumn {name: kron_radius}
#     orientation:
#       __class__: astropy.units.quantity.Quantity
#       unit: &id002 !astropy.units.Unit {unit: deg}
#       value: !astropy.table.SerializedColumn {name: orientation}
#     radius_kron20:
#       __class__: astropy.units.quantity.Quantity
#       unit: *id001
#       value: !astropy.table.SerializedColumn {name: radius_kron20}
#     radius_kron50:
#       __class__: astropy.units.quantity.Quantity
#       unit: *id001
#       value: !astropy.table.SerializedColumn {name: radius_kron50}
#     radius_kron80:
#       __class__: astropy.units.quantity.Quantity
#       unit: *id001
#       value: !astropy.table.SerializedColumn {name: radius_kron80}
#     semimajor_sigma:
#       __class__: astropy.units.quantity.Quantity
#       unit: !astropy.units.Unit {unit: pix}
#       value: !astropy.table.SerializedColumn {name: semimajor_sigma}
#     semiminor_sigma:
#       __class__: astropy.units.quantity.Quantity
#       unit: !astropy.units.Unit {unit: pix}
#       value: !astropy.table.SerializedColumn {name: semiminor_sigma}
#     sky_centroid:
#       __class__: astropy.coordinates.sky_coordinate.SkyCoord
#       dec: !astropy.table.SerializedColumn
#         __class__: astropy.coordinates.angles.Latitude
#         unit: *id002
#         value: !astropy.table.SerializedColumn {name: sky_centroid.dec}
#       frame: icrs
#       ra: !astropy.table.SerializedColumn
#         __class__: astropy.coordinates.angles.Longitude
#         unit: *id002
#         value: !astropy.table.SerializedColumn {name: sky_centroid.ra}
#         wrap_angle: !astropy.coordinates.Angle
#           unit: *id002
#           value: 360.0
#       representation_type: spherical
#   astropy version: '5.1'
#   make_catalog parameters:
#     ab_zpt: 31.4
#     coadd_bands: !!python/tuple [f277w, f356w]
#     deblend_contrast: 0.001
#     deblend_nlevels: 32
#     deblend_npixels: 1
#     detect_kernel_fwhm: 4.0
#     detect_kernel_npix: 7
#     detect_npixels: 4
#     detect_threshold_nsigma: 3.0
#     flag_isolated_buffer: 4
#     hst_bands: !!python/tuple [f606w, f814w, f125w, f140w, f160w]
#     jwst_bands: !!python/tuple [f115w, f150w, f200w, f277w, f356w, f410m, f444w]
#     near_border_kernelsize: 21
#     reference_band: f200w
#   make_catalog version: 1.4.0
#   photutils version: 1.5.0
# schema: astropy-2.0
label xcentroid ycentroid sky_centroid.ra sky_centroid.dec bbox_xmin bbox_xmax bbox_ymin bbox_ymax area semimajor_sigma semiminor_sigma orientation eccentricity min_value max_value local_background segment_flux segment_fluxerr kron_flux kron_fluxerr kron_radius gini equivalent_radius kron4_2_flux kron4_2_fluxerr radius_kron20 radius_kron50 radius_kron80 near_border
1 nan nan nan nan 646 655 127 132 46.0 nan nan nan nan 0.0 0.0 0.0 0.0 6782330.5 nan nan nan nan 3.826519928662906 nan nan nan nan nan True
2 nan nan nan nan 1411 1416 131 131 6.0 nan nan nan nan 0.0 0.0 0.0 0.0 2449489.8 nan nan nan nan 1.381976597885342 nan nan nan nan nan True
3 2309.344799170057 151.48380964792423 215.0339253417683 52.98441781385305 2283 2319 132 157 616.0 5.017264521711444 1.4181234646872014 -0.4747627884818009 0.9592234845053167 -0.7519105093858967 1.5973780911915698 0.0 53.78011420503513 22538856.0 98.24491554511724 17405895.517709434 2.4647650177528444 0.9017275361768357 14.002817212590296 173.94570381165744 inf 3.434341741110778 7.459998136811628 11.11975122406481 True
4 nan nan nan nan 2625 2633 136 146 74.0 nan nan nan nan 0.0 0.0 0.0 0.0 8602325.0 nan nan nan nan 4.853342309955121 nan nan nan nan nan True
5 nan nan nan nan 1735 1739 138 141 17.0 nan nan nan nan 0.0 0.0 0.0 0.0 4123105.5 nan nan nan nan 2.326213245840639 nan nan nan nan nan True
6 4257.987450921193 142.27693758711706 215.01652179267592 52.97201276158256 4255 4260 141 144 20.0 1.5834927502475453 0.9457955543112071 -17.205176283802796 0.8020294991753693 0.3486896593810894 0.9752686619596986 0.0 12.459627068400685 2.027246 26.78847028676642 7646303.9380388735 2.480465148189722 0.18557403360040436 2.5231325220201604 29.468096622706938 13415168.207449444 1.6085203386524098 3.0154689113666704 6.130222649161387 True
7 4349.449751965752 150.13714095066393 215.01561786005118 52.97147528436911 4345 4351 146 153 45.0 1.8495625705227177 1.1946322858165204 -81.37750691823558 0.7634221077880893 -0.3615161640012112 0.7564506704424868 0.0 7.468523471647762 2.9074876 52.27677824066939 7642395.199981531 3.4866346640614263 0.48379984377879076 3.7846987830302403 62.74168114710058 inf 3.077246586555681 8.75011795186804 10.946447787424084 True
8 354.2308843209957 148.0 215.05153067229134 52.99679266126982 353 356 148 148 4.0 1.1629590814021205 0.28867513459481287 0.0 0.9687024894346001 0.2598224409105415 0.5069320935524072 0.0 1.4048735884251005 0.5477317 20.022539485756305 3.7823259111181575 3.5140251414268473 0.1794104526695273 1.1283791670955126 31.591296060855584 6.722639169075605 1.86610585603012 3.1978489710522324 4.689075592808721 True
9 547.6665498172026 150.46015465960005 215.04976610360774 52.99557987602679 546 549 150 151 7.0 1.002996020037516 0.4795315983001889 8.872617730445976 0.8783058417239352 0.1837408604590971 0.26310929460233334 0.0 1.5712996771430756 0.6934796 18.295869680458587 4.533780842132528 3.684502792366537 0.07425933382618072 1.4927053303604616 14.675384704113704 7.848732375849817 2.302070139938666 3.580739652547262 4.477118071416747 False
10 nan nan nan nan 1312 1313 150 152 4.0 nan nan nan nan -0.21327863633457408 -0.10371930186595495 0.0 -0.5853655869077409 0.92781407 nan nan nan -0.18833956397989451 1.1283791670955126 nan nan nan nan nan True
11 2619.5167032249637 160.6997829371983 215.03104201261073 52.982501198637145 2610 2629 151 173 349.0 4.475476936328916 3.3714687131916423 74.09751617218589 0.6576535261003527 -0.6171965626921537 6.088915539030281 0.0 474.2379357451024 10.784874 510.7624278981941 11400312.622497153 1.6470723068993334 0.4911034146479852 10.539931227391522 550.2092995567722 22565755.347812053 2.700786950624276 4.964608453129258 8.118998111332578 False
12 2855.7593344246116 169.49772409257451 215.0288273646255 52.98105097864304 2844 2868 161 177 305.0 5.286165590459611 2.9215900989470245 -34.074625423071836 0.8333895279091966 -0.2781959148576538 3.734858976275775 0.0 304.5181889573621 4.969966 443.65970250921146 12.175580226155317 2.0887673796117925 0.4007089826170266 9.853147481188747 536.8488499523183 inf 3.114268142493185 6.982618753482822 11.788575273400538 False
13 1829.8682400687062 167.2152619044233 215.03806731841144 52.987542600454184 1829 1831 164 169 14.0 1.2288566735033157 0.7363491568424118 -79.80395987785813 0.8005882672905572 -0.07507973531051634 0.5161649185579691 0.0 4.381235945370855 1.025705 40.54226109874037 5.123341035452299 3.588424907409623 0.3221531960899061 2.111004122822376 58.91190916570661 8.476058419007993 2.7748739720794027 4.9630914098320424 6.929715414488081 False
14 346.56590179466235 171.060294435655 215.05135670899344 52.996965998895625 341 351 167 175 80.0 2.2967173844547504 2.1760106336749336 -24.507756728669623 0.31992226590174433 -0.12873500911867977 0.6038992647058736 0.0 23.336394275429953 2.326105 69.53539226039558 7.58559672637551 2.9972595221925484 0.29229998570626664 5.046265044040321 91.40345356789598 12.743207947095929 3.3055027535053028 7.588213667439091 12.257432834263385 False
15 1811.9125778430741 171.81567364831778 215.0381801978987 52.98768131204947 1805 1818 167 177 112.0 2.8838414037038893 2.108574316384867 -9.90130885133106 0.6821967903916268 -0.29101321899918914 1.6915434072627566 0.0 68.65992087532914 3.0020697 117.97335929164444 8.644762069228214 2.448745953356026 0.3767627742851189 5.970821321441846 128.49092944608384 16.287232798958733 2.4050728744039835 5.13624297568823 10.211584203419312 False
16 511.93887060099695 173.51293082025688 215.04984444766663 52.99593104814079 509 515 170 177 50.0 1.938364007019157 1.7789722778758474 80.81137293401618 0.39711242857737233 0.20927334202493422 0.7843534968005724 0.0 25.85919119929888 1.7461721 57.82897481199559 5.361064353334863 2.682596542170258 0.17130944715349772 3.989422804014327 90.41398869273023 9.078431118202644 2.416160626582716 4.475720528934107 8.301565882941977 False
17 2396.418231534869 171.539617091772 215.03293193240836 52.983974251519996 2395 2398 170 173 14.0 1.046819862316785 0.9090378984624508 -79.22175128756658 0.49589858011942806 0.22210076137572007 0.6506973161186576 0.0 6.77324060417852 1.046902 17.052970887732315 2.864712423562122 2.477513293677325 0.17925250966466325 2.111004122822376 24.57583249501834 4.618942544267715 1.3890312583635116 2.4147134360860885 3.423487515446325 False
18 2766.3517871971067 174.10637261935773 215.02958190033297 52.98164275859056 2764 2768 173 176 16.0 1.0818163229556192 1.019623803148929 0.10776271341279173 0.334175077091543 -0.01835319160076407 0.2979688653273263 0.0 2.04017723946394 0.95867157 24.1982099286566 4.499408088966056 3.765073083787077 0.3806747953986495 2.256758334191025 32.466650685025606 inf 2.971214064854017 4.63279388038278 6.240000259891034 False
19 1284.9895415966603 195.00630922274456 215.042670594588 52.99114706605589 1272 1296 179 209 580.0 5.462467011207735 4.319068216372462 73.90015169881514 0.6122285096553053 -0.23858434585280236 5.326408210817394 0.0 539.7762208661335 6.016624 626.3251190953756 9.5843851562449 1.8212766589994231 0.5095619814586961 13.58748446131949 674.2485265412063 inf 3.0805454700433863 6.366485237021721 11.60671609760041 False
20 1165.39809560319 185.11404209424856 215.04384945217396 52.99185165618707 1162 1169 182 188 40.0 1.9234525653572436 1.3776275523436419 -34.21087470186363 0.6978679744547468 -0.06016372519973929 0.5574006673639155 0.0 12.5360167567205 1.6640561 86.40432826843228 6.4434080812269885 3.4754977140993306 0.25471507857757597 3.5682482323055424 140.43716143534579 10.208876523469506 4.393389940124954 8.134701847599548 12.274289245159517 False
21 2534.374901199469 187.76245845402406 215.0315218290591 52.98318735435765 2530 2539 184 193 78.0 2.330184153925017 2.0928549177974136 -1.7098199865940704 0.4396891653442703 0.09049037859706552 0.9803999616215099 0.0 38.45543920068463 2.668727 68.23014720801147 5.591542952337492 2.1372977915389173 0.2886061762659665 4.982787485166879 92.49938060353267 8.753800751454753 2.2774826788923113 4.515497004388367 7.27235910383713 False
22 1206.2283237783656 203.73782966084997 215.04328640455878 52.991693570923815 1190 1223 191 217 649.0 5.982989111607777 3.681122974750671 -26.089839529525534 0.7883204606197838 -0.4016232734886866 14.388674046190323 0.0 1241.0468804292086 6.3668203 1303.7860670447872 7.948718873122892 1.5663175650431191 0.585666186848109 14.372999552399637 1404.229958179979 12.390033574336792 2.794726633775633 5.602228496952141 9.85563799822636 False
23 1148.1094387820908 201.41591588305553 215.04383313566245 52.99204942982698 1142 1155 193 209 178.0 3.5723152702004177 2.7876645595122485 -72.41594015269082 0.6253400951055349 -0.1306971361062065 1.3721115625127127 0.0 93.09454807430721 3.1886606 120.07282615005798 6.754115332128703 1.9949813792302693 0.36047346799723895 7.527227892173502 136.98294135046206 10.708511552507632 2.700027402211234 4.854950842884501 8.210091836816318 False
24 3907.7827354652377 195.9257385919514 215.01910127326366 52.97452348823828 3907 3909 195 197 9.0 0.8488255348388973 0.6797473315893093 46.5417805666254 0.5989194944748196 0.07859294599457546 0.27992316835749487 0.0 1.4970479796445624 0.72545546 8.722273485835295 3.0552048052537732 3.7227824717771143 0.25732903950107583 1.692568750643269 21.453047011442997 4.874629720122536 1.833254562108445 3.3634150136547887 4.504057901153472 False
25 3565.9840475786987 220.83088990955926 215.02190824818908 52.97682543327159 3551 3578 198 239 690.0 8.218038058457166 4.272802687813246 72.35937544773576 0.8542090071593494 -0.1552690622945568 3.486495915393562 0.0 421.80842130874635 5.9935427 630.3457040329326 13.05445809607948 2.133758601077143 0.43176140213002695 14.820047957642227 716.6040148743474 inf 4.3467229540110734 10.861556786021504 20.058274264973708 False
26 2168.7981533238562 203.52903849556787 215.03463987801453 52.98559032552332 2166 2172 201 207 38.0 1.6808329274580605 1.4836904782396667 35.03902210592816 0.4699154051733337 -0.2517843922017374 0.5443478773802667 0.0 12.003111108863331 1.6158378 25.045794004621452 4.386927406414624 2.5249055863268466 0.21575605206249934 3.477898169151024 31.57058504906431 6.922389780935337 1.9233591649116812 3.289583202345962 8.099213911865661 False
27 833.7707407584128 203.40061429517542 215.04663715441419 52.99405273465797 832 835 202 205 13.0 1.0322453051024583 0.8827905339958706 79.97245661433064 0.5182752008514564 -0.04007709395402252 0.5930023451560174 0.0 3.9391153203002167 0.78196 24.80428056955181 3.5679101307841803 3.7270307427364515 0.2727640420550581 2.0342144725641096 20.251841790325617 5.773686701614016 2.4081815002003615 4.562751111332936 6.206543158227389 False
28 1371.2961425416213 211.37703157085255 215.04172264082752 52.990688505532184 1360 1383 203 220 312.0 4.478440385009357 3.267294203402303 13.086728274335265 0.6839160416610858 -0.20207809570553384 3.7028439898069325 0.0 273.53682169894813 4.0702367 299.6427261586072 5.482643843855885 1.4 0.44258048106720693 9.965574970333758 298.0230299682795 8.836961052619886 2.5873538359380164 4.990930793863772 8.238322594108979 False
29 nan nan nan nan 6421 6429 207 211 29.0 nan nan nan nan 0.0 0.0 0.0 0.0 5385164.5 nan nan nan nan 3.0382538898732494 nan nan nan nan nan True
30 6569.213928512089 229.85667065494147 214.9948557688479 52.95782856545968 6559 6623 209 234 976.0 7.403260720048009 1.2943300647018967 -5.149024940523957 0.9845982029611061 -0.2866862478731922 1.0882173169904588 0.0 28.987368056897456 29086078.0 20.055159219761077 8845471.536648892 1.4 0.9270753620454795 17.625846048215095 22.80883878239827 16842286.96652535 1.9466826492147713 3.512745962842832 6.0350755009497234 True
31 793.742676747181 219.64864903884109 215.04682578381568 52.99439435816024 782 805 211 229 310.0 5.005009234513079 2.856027342649852 34.281557975462775 0.821204656684047 -0.11099445279028179 3.288814092351027 0.0 259.00970443516184 4.252266 325.4769863756727 7.449357730346375 1.9265652287124595 0.44198471394114924 9.933582672781009 379.9625658806923 11.889472375790632 2.8236738022383068 5.604271589993276 10.752185482587787 False
32 1030.7054502496876 214.75435725040668 215.04474772713118 52.992865804173086 1028 1034 211 219 50.0 2.140036051409006 1.5677656814163112 70.04540703234605 0.6806718529779855 0.10158837128306057 0.5992601227635409 0.0 16.739669106218777 1.5432123 44.869597492004885 5.227610366110556 2.9366012871584273 0.21368304896390977 3.989422804014327 39.26699666281716 8.639735728440948 2.622830571278297 5.1320115838915115 8.56020286835081 False
33 4119.155375602922 213.6583465118667 215.0170166471338 52.97327905542689 4115 4123 211 216 39.0 2.3545030853111473 1.4814704873540832 -2.7320308862449867 0.7772375415312818 -0.10398163297139366 0.2445520539554622 0.0 3.1369015003753606 1.4323599 10.46897737821649 2.772798818514239 1.4111732907941799 0.42386196630903816 3.523362819972964 8.606295283188913 4.483181505573113 3.0333458183365285 4.991729423168894 6.251413162799599 False
34 2436.5652501794734 216.6578435491535 215.03209615664392 52.983963732941426 2433 2441 212 221 71.0 2.440956358840253 1.8535767438529278 -69.49893344630269 0.6506649272333666 -0.001875169839081262 0.7522553134352415 0.0 26.71681363138802 1.8368473 71.85236408122786 6.36633191239589 2.9319807944357352 0.2603861882212169 4.753945931439391 131.99432495570198 10.402921165249362 3.049240166568111 7.99659621437037 12.133818140590535 False
35 nan nan nan nan 6706 6721 215 225 125.0 nan nan nan nan 0.0 0.0 0.0 0.0 11180339.0 nan nan nan nan 6.3078313050504 nan nan nan nan nan True
36 2841.9885289443696 218.4931604634184 215.02843510256523 52.98140324935544 2839 2845 216 221 31.0 1.6444903096763928 1.2164227222429385 83.03009873749411 0.6729412984720806 -0.034134313374956746 0.47957406149560167 0.0 7.511154432482573 1.2897664 35.86949976400441 4.891957265236047 3.416161648567397 0.3142934555830322 3.141274657157109 60.93477757586626 7.920475656512844 2.953007703934906 6.329870112214693 9.350843200690672 False
37 2698.4903528897503 223.3306479360351 215.02967308754137 52.982339210723595 2694 2704 218 228 89.0 3.159581070988692 1.8470291821533178 42.78030325732823 0.8113357813344614 -0.11001257708590381 0.9646209726145224 0.0 29.06913713154523 2.1923056 71.27528437560383 6.644480157557809 2.6753899460894788 0.3080961599432146 5.322553886092406 73.58871210159339 10.72068844608268 3.2596387309214045 6.658295432549681 10.31927653309947 False
38 481.4558574463824 251.26749269103627 215.04929955216645 52.996544897863735 441 515 220 278 2955.0 9.77941149559528 7.951100427320423 26.02838494318689 0.582201018718006 -0.07023514011166151 36.07997425640718 0.0 6956.377316083173 12.5512495 6989.273585771853 12.775165892040237 1.4259197024116146 0.6841690681518057 30.6692959435508 7503.607064543116 19.64153889609508 4.178850924490243 8.803921284622586 16.100376887353384 False
39 1083.7593740476814 228.5479753583135 215.04412568185947 52.99260410955953 1076 1091 222 234 164.0 3.4572643566879355 2.764314154329638 12.69585169158084 0.6005770289640808 -0.09866607043884734 0.8194540665810838 0.0 44.71684078846326 2.9263566 72.27091643003776 6.104245526497723 1.984746021210573 0.38398306144653405 7.225151993843567 66.29924879600176 9.641830689094471 3.138349846580507 5.711439661795309 9.689016344681349 False
40 2368.0 222.35262400881902 215.03265211781869 52.984429228467015 2368 2369 222 223 4.0 0.5582236563929887 0.28867513459481287 90.0 0.8559058537321114 -0.31362966908809303 0.25909173468107055 0.0 -0.18078049658161896 0.49941266 0.48487605866918726 0.599408904221541 1.4 -0.5344536069553267 1.1283791670955126 0.4816017566846263 0.9473378622474913 0.3667836271008697 0.6313544176164515 0.9480036078155653 False
41 nan nan nan nan 7763 7777 222 237 174.0 nan nan nan nan 0.0 0.0 0.0 0.0 13190905.0 nan nan nan nan 7.442171739215616 nan nan nan nan nan True
42 nan nan nan nan 9673 9704 223 239 385.0 nan nan nan nan 0.0 0.0 0.0 0.0 19621416.0 nan nan nan nan 11.070199012698888 nan nan nan nan nan True
43 nan nan nan nan 7685 7687 227 228 5.0 nan nan nan nan 0.0 0.0 0.0 0.0 2236068.0 nan nan nan nan 1.2615662610100802 nan nan nan nan nan False
