outputs/dr0.5_c0.1/nircam2_matched_f150w_f277w_dr0.5_c0.1.ecsv
# %ECSV 1.0
# ---
# datatype:
# - {name: label, datatype: int64}
# - {name: xcentroid, datatype: float64}
# - {name: ycentroid, datatype: float64}
# - {name: sky_centroid.ra, unit: deg, datatype: float64}
# - {name: sky_centroid.dec, unit: deg, datatype: float64}
# - {name: bbox_xmin, datatype: int64}
# - {name: bbox_xmax, datatype: int64}
# - {name: bbox_ymin, datatype: int64}
# - {name: bbox_ymax, datatype: int64}
# - {name: area, unit: pix2, datatype: float64}
# - {name: semimajor_sigma, unit: pix, datatype: float64}
# - {name: semiminor_sigma, unit: pix, datatype: float64}
# - {name: orientation, unit: deg, datatype: float64}
# - {name: eccentricity, datatype: float64}
# - {name: min_value, datatype: float64}
# - {name: max_value, datatype: float64}
# - {name: local_background, datatype: float64}
# - {name: segment_flux, datatype: float64}
# - {name: segment_fluxerr, datatype: float32}
# - {name: kron_flux, datatype: float64}
# - {name: kron_fluxerr, datatype: float64}
# - {name: kron_radius, unit: pix, datatype: float64}
# - {name: gini, datatype: float64}
# - {name: equivalent_radius, unit: pix, datatype: float64}
# - {name: kron4_2_flux, datatype: float64}
# - {name: kron4_2_fluxerr, datatype: float64}
# - {name: kron4_2_mag, datatype: float64}
# meta:
#   PHOTMJSR: 2.251199960708618
#   PIXAR_SR: 2.11539874851881e-14
#   __serialized_columns__:
#     area:
#       __class__: astropy.units.quantity.Quantity
#       unit: !astropy.units.Unit {unit: pix2}
#       value: !astropy.table.SerializedColumn {name: area}
#     eccentricity:
#       __class__: astropy.units.quantity.Quantity
#       unit: !astropy.units.Unit {unit: ''}
#       value: !astropy.table.SerializedColumn {name: eccentricity}
#     equivalent_radius:
#       __class__: astropy.units.quantity.Quantity
#       unit: !astropy.units.Unit {unit: pix}
#       value: !astropy.table.SerializedColumn {name: equivalent_radius}
#     kron_radius:
#       __class__: astropy.units.quantity.Quantity
#       unit: !astropy.units.Unit {unit: pix}
#       value: !astropy.table.SerializedColumn {name: kron_radius}
#     orientation:
#       __class__: astropy.units.quantity.Quantity
#       unit: &id001 !astropy.units.Unit {unit: deg}
#       value: !astropy.table.SerializedColumn {name: orientation}
#     semimajor_sigma:
#       __class__: astropy.units.quantity.Quantity
#       unit: !astropy.units.Unit {unit: pix}
#       value: !astropy.table.SerializedColumn {name: semimajor_sigma}
#     semiminor_sigma:
#       __class__: astropy.units.quantity.Quantity
#       unit: !astropy.units.Unit {unit: pix}
#       value: !astropy.table.SerializedColumn {name: semiminor_sigma}
#     sky_centroid:
#       __class__: astropy.coordinates.sky_coordinate.SkyCoord
#       dec: !astropy.table.SerializedColumn
#         __class__: astropy.coordinates.angles.Latitude
#         unit: *id001
#         value: !astropy.table.SerializedColumn {name: sky_centroid.dec}
#       frame: icrs
#       ra: !astropy.table.SerializedColumn
#         __class__: astropy.coordinates.angles.Longitude
#         unit: *id001
#         value: !astropy.table.SerializedColumn {name: sky_centroid.ra}
#         wrap_angle: !astropy.coordinates.Angle
#           unit: *id001
#           value: 360.0
#       representation_type: spherical
#   astropy version: '5.1'
#   kernelfile: kernel_f150w_f277w.fits
#   make_catalog parameters:
#     ab_zpt: 31.4
#     coadd_bands: !!python/tuple [f277w, f356w]
#     deblend_contrast: 0.001
#     deblend_nlevels: 32
#     deblend_npixels: 1
#     detect_kernel_fwhm: 4.0
#     detect_kernel_npix: 7
#     detect_npixels: 4
#     detect_threshold_nsigma: 3.0
#     flag_isolated_buffer: 4
#     hst_bands: !!python/tuple [f606w, f814w, f125w, f140w, f160w]
#     jwst_bands: !!python/tuple [f115w, f150w, f200w, f277w, f356w, f410m, f444w]
#     near_border_kernelsize: 21
#     reference_band: f200w
#   make_catalog version: 1.4.0
#   photutils version: 1.5.0
# schema: astropy-2.0
label xcentroid ycentroid sky_centroid.ra sky_centroid.dec bbox_xmin bbox_xmax bbox_ymin bbox_ymax area semimajor_sigma semiminor_sigma orientation eccentricity min_value max_value local_background segment_flux segment_fluxerr kron_flux kron_fluxerr kron_radius gini equivalent_radius kron4_2_flux kron4_2_fluxerr kron4_2_mag
[from data line 4215]
4216 2079.9879272468092 2814.068797934684 214.93560269898472 52.927938506253 2077 2084 2812 2817 39.0 1.9879674610207532 1.4678155131563315 20.637707818752546 0.6744178763104183 0.2005716076353107 0.6815395913470003 0.0 15.178569911020775 2.0187166 62.45868784350486 7.378737993052391 3.0284434646863607 0.20720102417200942 3.523362819972964 97.61371422296386 11.856852897465599 26.42622290478453
4217 2080.0904882049927 2839.4057570561417 214.9353349994176 52.928074666350284 2062 2100 2822 2859 1070.0 7.654165981810955 6.127277207743042 -13.468975579355892 0.5993122777305722 0.0765246381743421 7.4657198198038595 0.0 971.8082987991986 10.970518 1220.3949598954744 19.899229337351283 1.9970531492560515 0.4701867695942466 18.455123359562137 1444.0785682978772 31.516708307553454 23.501022943422235
4218 3008.2893186262263 2846.4405247785753 214.92694785693334 52.92222083952726 2993 3026 2824 2868 921.0 7.839419682543176 5.318232424950489 -80.20427072835254 0.7346962724609604 0.06471231179670764 6.164988575114173 0.0 1009.6062419840108 10.110944 1151.7743463693678 15.184144870597072 1.6363102244991166 0.4882377962715737 17.12201521945566 1243.559382268882 24.01719215752585 23.66333367882801
4219 3021.1360919143663 2850.2333249931803 214.92679288108312 52.922159766525105 3014 3034 2837 2861 326.0 5.089210078125517 3.4340781897408004 -37.916863883589926 0.7380223482468138 0.17213060120247864 5.045067833564691 0.0 294.9304652380566 6.030831 478.45659729741396 13.338356247725951 2.2695744333363335 0.4813716594512549 10.186708148166206 572.4146977760975 21.364211615503596 24.505723058694414
4220 8764.186956481357 2854.1760897118415 214.87536624050443 52.88571357191649 8749 8777 2835 2877 792.0 7.872012448978782 4.008397424902326 70.80861196646327 0.860650574323068 0.08808126900264136 6.881118581355023 0.0 904.9555723871656 9.621642 970.101983039023 12.80814753816347 1.5415365424044922 0.5181737035387816 15.877702285203682 1028.5914965230613 20.08675068366404 23.86939267589863
4221 8724.883727226921 2856.08118891215 214.8756975529596 52.88597349377488 8711 8741 2844 2870 404.0 6.9564012704354505 2.8616661848070284 -42.54750104878715 0.9114677040335463 0.18618106757140235 5.145691225475808 0.0 596.2314556611556 6.9487534 752.5302633364993 12.351001128296272 1.9007191721397096 0.4666428088345071 11.340070282773887 867.4451201730562 19.219424298358383 24.054394979411697
4222 8736.027599480389 2867.3075806271036 214.87547975211496 52.8859632699594 8711 8759 2845 2888 1338.0 8.616986260784412 7.278648750021535 -33.831765359976025 0.5352619424658114 0.16595693478912393 10.42213042185122 0.0 2190.448853185164 12.713416 2648.3679484103222 19.877840181816 1.706077260880529 0.4865414248808273 20.637311542783667 2832.658018802302 31.16840911813339 22.769514634570783
4223 8771.19248861714 2878.7491806248618 214.8750449418513 52.88580163001805 8765 8777 2875 2884 93.0 2.525098552107054 2.2601487578057013 -5.230876802863821 0.4459186682754965 0.1569958663928696 1.1436804335736581 0.0 42.85603832730026 3.167797 118.31034896547592 9.895039361761013 2.865105164753574 0.26068127991871987 5.440847306724618 116.42592621034316 15.830095078185572 26.2348757460296
4224 9354.626743942566 2847.5667042533905 214.8701578316306 52.88192745966536 9349 9360 2842 2855 114.0 3.079202775801416 2.3864616432320482 39.80684191596984 0.6319295727313355 0.21151838778978557 0.9966912235743184 0.0 57.9509560158326 3.682167 328.9473293149173 13.511627451787541 3.4224619799869096 0.22827173474585752 6.023896332520351 566.5243556786277 21.42482385528879 24.516953536171997
4225 9363.407169339229 2867.4910003371147 214.86986962068383 52.88197915423114 9353 9375 2856 2877 331.0 5.1110027701261265 3.370255640593187 29.621793349166733 0.7517819172799016 0.1427588494017517 2.45023619888085 0.0 234.4235083333126 6.2591414 390.2573507156258 14.948891221510967 2.398943187668177 0.37086522460450466 10.264529815185629 612.9906294507896 23.808281692468807 24.43136541080396
4226 1787.2950889429928 2882.026416270682 214.93750900739445 52.93016323030116 1754 1823 2856 2912 2552.0 12.089333198308895 7.1701883128375075 -22.48063330739501 0.8051285113077374 0.054795523868118354 18.1937754249446 0.0 4721.196419814116 17.814991 4802.4872003827695 20.048430037972178 1.4 0.5915073062623204 28.501347854812654 4882.499376537633 30.87468695711296 22.178394508741476
4227 1806.0694412112894 2906.8601903373738 214.93707933532798 52.93017816551678 1790 1821 2890 2924 455.0 7.160339972931775 3.373826168827454 -43.128009726593156 0.8820357966170401 0.06576358967319482 2.9994445837217834 0.0 377.07564649708326 7.1520915 449.24530059604143 10.545508375270742 1.795856974079851 0.41251870616606734 12.034575115625177 510.0800934253169 16.63705602673072 24.63090406268857
4228 1818.9890123584757 2921.9602780624277 214.9368046027346 52.93017770063785 1796 1836 2899 2943 1035.0 7.859124321367598 5.293179161370138 74.3338996769918 0.7391803904235841 0.11517078416532735 12.63358937392088 0.0 1761.0994805754053 11.145236 1894.110792011922 15.377164637459131 1.612723075014907 0.5437907068821793 18.150777729899712 2066.902967227379 24.05776474066279 23.11169977817884
4229 1802.2939265791476 2931.7633370834533 214.9368509344325 52.93033660112039 1797 1808 2926 2938 120.0 3.2473279094575664 2.4007317838514752 51.93951516693643 0.6733822000285059 0.14232570662094243 0.882919631844884 0.0 47.586178186206624 3.5780375 177.5065500284796 12.582492505604346 3.124589971968746 0.2656222927423581 6.180387232371033 267.48999203578995 19.97388318065395 25.331731155461455
4230 10199.631753685573 2868.9053909578306 214.86238124931106 52.87667468515602 10187 10215 2856 2882 573.0 6.176728142212143 4.462171988039815 39.618967660925776 0.6914578886227168 0.06315117874084065 2.8908181036056106 0.0 331.4754015181669 8.128544 417.24115267065287 13.890725010796192 1.778073344723608 0.44020548360185013 13.505242122350568 426.24623213349946 22.12106465901609 24.825848617481675
4231 10211.833327741424 2859.3171002939403 214.862373141118 52.876545459777894 10208 10215 2857 2863 42.0 1.7966462310941047 1.42107056450736 -33.78888198557391 0.6118712695634682 0.12756124157058235 0.7819246681839904 0.0 15.663286447661807 2.1918595 31.673910893655176 5.815571698614887 2.4868821066076063 0.2774719090526754 3.656366395715726 45.73585107518326 9.333106508641869 27.249358087346724
4232 4451.32800299546 2877.540349839141 214.91370086440938 52.91322775408756 4443 4458 2869 2886 199.0 3.6927524966690406 3.1299868533270985 -84.48985624375226 0.5306314390772646 0.26829696935190933 2.3227324357192005 0.0 190.2398401328342 4.7334485 292.33308056761075 10.899924095761778 2.1966417462281616 0.29128332589069333 7.958873497585845 316.8637716595357 17.28841417063715 25.147818531621684
4233 4442.032285289261 2883.800502683717 214.9137181618715 52.91332056228421 4436 4449 2878 2889 109.0 2.6647484134715436 2.19988514592791 -17.099219790144538 0.5643278307365784 0.22142577781405134 2.6021090845537254 0.0 102.77554854117272 3.5137854 156.02451780002866 7.591180287797045 2.2156769412829393 0.3622968775714731 5.890312181373172 191.36512586282822 12.164892453607164 25.695343011556147
4234 9253.103926546466 2881.535692225707 214.87070771653578 52.882755574355734 9249 9256 2877 2887 57.0 2.4511778999213436 1.8158632513615158 66.13610140063042 0.671711862120958 0.2948931407918312 0.6897455792391276 0.0 27.407061241690702 2.5699992 266.3507989336284 11.508072551097374 3.6629327343150426 0.10800473532928517 4.259537945889915 376.7577506955705 18.44352763351518 24.959844511437154
4235 9246.317324526615 2896.747805280946 214.8706082497805 52.88288073709379 9238 9256 2882 2912 414.0 5.851095129400698 3.6661746652609253 -78.40399971010575 0.779357730357848 0.24650419372185922 5.023190591769504 0.0 381.6034345917533 7.0395913 677.3793780943511 16.92555162422834 2.432848314725097 0.38671727650616766 11.479559785988718 798.8597640090642 26.889232763397736 24.1438236307588
4236 8803.080001600641 2920.228400369035 214.87432323787652 52.88582283728892 8796 8810 2916 2925 92.0 3.3033581652283286 2.100412730425374 -30.914830873529255 0.771819529971491 0.2563606378343334 0.8878394117172699 0.0 58.76713210488862 3.1970515 272.744478608042 12.76790855883135 3.334885559065079 0.11834416918835929 5.4115163798060095 380.0986183479329 20.50317894356647 24.95025927261786
4237 8816.796009618156 2936.641090084066 214.87402784930768 52.88582424923633 8787 8852 2914 2962 1993.0 13.729131277422512 8.947265895514516 -10.857727679025004 0.7584773961311118 0.20457060645834646 2.337864630977095 0.0 1647.4601964771175 15.211742 2354.8753337143203 30.615425251947656 1.8793350460685132 0.2619211320244914 25.187131697839174 2602.7588380566917 48.60250074603272 22.86141517534088
4238 8787.66941387502 2934.5407718336405 214.87431034199582 52.88599792797286 8782 8792 2928 2941 97.0 3.17718885075305 2.2831165769940966 -67.98984736806759 0.6954273259164184 0.3454541288926199 0.7684704025098719 0.0 56.55102646291853 3.440697 207.90116081195114 11.759929340603382 2.987830559307959 0.1158858486878046 5.556622981616415 314.9836625375865 18.806108253442012 25.154279928651228
4239 8788.735257503744 2949.409692417696 214.87414429205427 52.88607136471698 8784 8794 2944 2954 64.0 2.8961030330969537 1.7988941720607654 54.74488892480279 0.7836972335770215 0.2894603674427172 0.6346596691182105 0.0 30.915951268577302 2.6606617 219.5997478710581 11.560917291031604 3.4775053967410594 0.1100890989742633 4.51351666838205 351.32504138008176 18.466349217042715 25.03572723478837
4240 8825.285145771146 2956.762853289399 214.87374014242567 52.88587886858925 8820 8830 2954 2960 63.0 2.829236517636792 1.7666393551909358 -12.602354057255107 0.7810866520276122 0.2527885315126809 0.4765774328123098 0.0 23.56438141116212 2.6540582 233.01606598001658 11.99703262093291 3.6838049847285532 0.06586386451785975 4.478115991081385 368.8764920007152 19.227589704596504 24.982797552226284
4241 8800.831678941326 2960.5337401092793 214.8739190529326 52.88605453550531 8797 8806 2956 2964 65.0 2.7643452914706397 1.7702045126281583 41.02417907830934 0.76806635800116 0.31802449916086195 0.639890301363264 0.0 29.864088500748924 2.6689534 202.13192635347338 10.97970884193932 3.4276621327619177 0.10265208242456648 4.54864184146723 330.0122760024317 17.583526544637557 25.103674761661686
4242 10221.107801583574 2925.0822729787733 214.861598018794 52.876841224452875 10218 10224 2924 2926 18.0 1.82003892896757 0.7234071147250798 8.923693535852303 0.9176160638540629 0.3909419796393544 0.6045220846246575 0.0 9.143400108465306 1.474956 42.8328385448208 5.573951993704688 3.2797508585175756 0.08270029288194947 2.393653682408596 37.8886375305202 8.840044235071147 27.453727529014657
4243 10226.602876702069 2925.351352499982 214.8615460824943 52.8768077664157 10225 10228 2924 2926 9.0 1.1475368355457118 0.6068735456871774 -11.631449663212035 0.8487160212642875 0.4216550650514822 0.5830730220794936 0.0 4.712576486300781 1.037414 29.441171399499588 4.279362986841306 3.4697320605572832 0.061496057815998414 1.692568750643269 33.289097257791376 6.829274742756244 27.59424495497974
4244 6782.128420428899 2932.3607056945043 214.89226757902588 52.898723726960554 6777 6787 2928 2938 94.0 3.1954461565104255 2.1733639001421836 43.87611807916718 0.7330784282617887 0.2336087819458907 0.6220571392960056 0.0 39.02855512918743 2.9677408 312.4279771167827 12.405319414605763 3.541662814206653 0.12759570492059777 5.4700209598571305 558.704575557896 19.967899930355625 24.532044429835633
4245 6777.360226935177 2939.2623433459285 214.89223757279905 52.89879124763034 6774 6782 2934 2943 59.0 2.4076433857763293 1.9422672711708477 -61.47108500898379 0.5909490686159674 0.28576073756412956 0.6568324735704375 0.0 29.09969649910139 2.4964137 278.4124479336132 9.840205945301713 3.6981261033598347 0.08065225493226208 4.3336224206596095 527.1073109076743 16.559916632476686 24.595252400342694
4246 6755.174680019696 2954.574474290705 214.89227482257297 52.899014759128335 6737 6769 2938 2965 568.0 7.279376254300028 5.833781424225213 20.567072069164357 0.598112346269298 0.3145910160677001 2.36574370801969 0.0 448.52148786937323 7.4054713 1590.8009922800907 25.495078012452186 3.0293577772110836 0.2048346033372177 13.446189622059965 2526.6881668538904 41.46170450561976 22.893620883893547
4247 6738.922461548088 2965.7076016012056 214.89230299384224 52.899178041678866 6731 6745 2956 2975 182.0 4.540299070560485 3.1325370534571526 66.50040658576074 0.7238659063587451 0.2665760663461647 0.9515256288842714 0.0 130.20086507915093 4.192873 809.7237951038687 16.854956290413604 3.5038450557400274 0.13067116449015534 7.611333607551958 1487.4864304322525 27.66572869991002 23.468867468562017
4248 6828.45618973977 2967.089785872812 214.8914875656544 52.89861691258415 6817 6842 2951 2975 306.0 6.790255222414104 3.6244858504451303 35.24980823655865 0.8456249278693322 0.36430943698256407 1.2500590237832885 0.0 220.30723058770792 5.500436 1298.5816626654253 19.828113969292758 3.4547991125008375 0.1863589219875133 9.869286963719311 2381.3575185486447 33.56466458794191 22.9579384952374
4249 6754.9275793498155 2968.7801802124427 214.89212747973502 52.899092980166834 6746 6763 2962 2977 151.0 4.573940252035691 2.835526900074759 24.70347712318818 0.7846564078558176 0.80326859959213 1.9746780134118909 0.0 174.3647045866761 3.8025775 226.54034129455664 4.405850216174167 1.9869450807430242 0.12284570330240278 6.93287767191607 434.6007872169643 8.963649616663101 24.804773728381612
4250 6731.179758880537 2971.9052158873524 214.89230700641826 52.899260653185344 6726 6735 2966 2976 69.0 2.7102234001918313 2.1653386398230094 -37.46287887475636 0.601394682264021 0.38917156204857534 0.7210059742782715 0.0 34.69006511166101 2.5507646 441.7154473352401 12.007974220586654 3.725478513539341 0.09338977653550098 4.686510657907603 887.3358929748647 19.215451667882494 24.02977987699368
4251 6744.639144988287 2978.097388998507 214.89212142148173 52.89920859122995 6731 6755 2970 2988 294.0 6.757192158194532 3.4753037390980057 -20.221021113401434 0.8576032652794958 0.3995022772033571 1.701111739987108 0.0 267.2942950863598 5.3599734 1058.2000518455038 17.974885621313618 3.1060727215888986 0.1781159783820557 9.673836185197393 2108.7403399427585 30.83777113176618 23.089942234710854
4252 6742.213521400648 2989.104850206656 214.8920272351152 52.89928338966374 6732 6749 2983 2997 147.0 4.595249107487726 2.585886340311766 -27.782387257510646 0.8266404924660049 0.362838156847616 0.9992253926557289 0.0 105.71212304436969 3.7452497 673.6714757665113 14.71235544537523 3.450483616759132 0.14689920988209518 6.840435166640879 1271.0459003165483 24.559813117940475 23.639596914538945
4253 6851.251534622217 2983.6611101299677 214.89110920765546 52.89856156393152 6842 6863 2973 2992 267.0 5.41466437435907 3.744322916506769 -45.05810001623203 0.722361874275235 0.499686188727662 2.476502981230093 0.0 320.8471558864887 5.0782104 917.9078182828337 14.040840753348629 2.8717179471142575 0.23242523841741092 9.218933756735217 1520.8798132685852 23.578464415064282 23.444762761212992
4254 6748.322455435473 2994.6524906554637 214.89191418604156 52.89927452880581 6739 6755 2986 3006 142.0 5.507702973534944 2.2808036244885197 -48.32949970785322 0.9102261217419081 0.46216805752934037 1.1608112958167172 0.0 103.5555294238359 3.667391 634.006457953051 14.396865692326548 3.338786385489654 0.13591149288512608 6.723094811029982 1151.1412611323872 24.00869174544138 23.747178447732722
