outputs/dr0.5_c0.1/nircam2_matched_f606w_f277w_dr0.5_c0.1.ecsv
# %ECSV 1.0
# ---
# datatype:
# - {name: label, datatype: int64}
# - {name: xcentroid, datatype: float64}
# - {name: ycentroid, datatype: float64}
# - {name: sky_centroid.ra, unit: deg, datatype: float64}
# - {name: sky_centroid.dec, unit: deg, datatype: float64}
# - {name: bbox_xmin, datatype: int64}
# - {name: bbox_xmax, datatype: int64}
# - {name: bbox_ymin, datatype: int64}
# - {name: bbox_ymax, datatype: int64}
# - {name: area, unit: pix2, datatype: float64}
# - {name: semimajor_sigma, unit: pix, datatype: float64}
# - {name: semiminor_sigma, unit: pix, datatype: float64}
# - {name: orientation, unit: deg, datatype: float64}
# - {name: eccentricity, datatype: float64}
# - {name: min_value, datatype: float64}
# - {name: max_value, datatype: float64}
# - {name: local_background, datatype: float64}
# - {name: segment_flux, datatype: float64}
# - {name: segment_fluxerr, datatype: float32}
# - {name: kron_flux, datatype: float64}
# - {name: kron_fluxerr, datatype: float64}
# - {name: kron_radius, unit: pix, datatype: float64}
# - {name: gini, datatype: float64}
# - {name: equivalent_radius, unit: pix, datatype: float64}
# - {name: kron4_2_flux, datatype: float64}
# - {name: kron4_2_fluxerr, datatype: float64}
# - {name: kron4_2_mag, datatype: float64}
# meta:
#   PHOTMJSR: 0.3925000131130219
#   PIXAR_SR: 2.11539874851881e-14
#   __serialized_columns__:
#     area:
#       __class__: astropy.units.quantity.Quantity
#       unit: !astropy.units.Unit {unit: pix2}
#       value: !astropy.table.SerializedColumn {name: area}
#     eccentricity:
#       __class__: astropy.units.quantity.Quantity
#       unit: !astropy.units.Unit {unit: ''}
#       value: !astropy.table.SerializedColumn {name: eccentricity}
#     equivalent_radius:
#       __class__: astropy.units.quantity.Quantity
#       unit: !astropy.units.Unit {unit: pix}
#       value: !astropy.table.SerializedColumn {name: equivalent_radius}
#     kron_radius:
#       __class__: astropy.units.quantity.Quantity
#       unit: !astropy.units.Unit {unit: pix}
#       value: !astropy.table.SerializedColumn {name: kron_radius}
#     orientation:
#       __class__: astropy.units.quantity.Quantity
#       unit: &id001 !astropy.units.Unit {unit: deg}
#       value: !astropy.table.SerializedColumn {name: orientation}
#     semimajor_sigma:
#       __class__: astropy.units.quantity.Quantity
#       unit: !astropy.units.Unit {unit: pix}
#       value: !astropy.table.SerializedColumn {name: semimajor_sigma}
#     semiminor_sigma:
#       __class__: astropy.units.quantity.Quantity
#       unit: !astropy.units.Unit {unit: pix}
#       value: !astropy.table.SerializedColumn {name: semiminor_sigma}
#     sky_centroid:
#       __class__: astropy.coordinates.sky_coordinate.SkyCoord
#       dec: !astropy.table.SerializedColumn
#         __class__: astropy.coordinates.angles.Latitude
#         unit: *id001
#         value: !astropy.table.SerializedColumn {name: sky_centroid.dec}
#       frame: icrs
#       ra: !astropy.table.SerializedColumn
#         __class__: astropy.coordinates.angles.Longitude
#         unit: *id001
#         value: !astropy.table.SerializedColumn {name: sky_centroid.ra}
#         wrap_angle: !astropy.coordinates.Angle
#           unit: *id001
#           value: 360.0
#       representation_type: spherical
#   astropy version: '5.1'
#   kernelfile: kernel_f606w_f277w.fits
#   make_catalog parameters:
#     ab_zpt: 31.4
#     coadd_bands: !!python/tuple [f277w, f356w]
#     deblend_contrast: 0.001
#     deblend_nlevels: 32
#     deblend_npixels: 1
#     detect_kernel_fwhm: 4.0
#     detect_kernel_npix: 7
#     detect_npixels: 4
#     detect_threshold_nsigma: 3.0
#     flag_isolated_buffer: 4
#     hst_bands: !!python/tuple [f606w, f814w, f125w, f140w, f160w]
#     jwst_bands: !!python/tuple [f115w, f150w, f200w, f277w, f356w, f410m, f444w]
#     near_border_kernelsize: 21
#     reference_band: f200w
#   make_catalog version: 1.4.0
#   photutils version: 1.5.0
# schema: astropy-2.0
label xcentroid ycentroid sky_centroid.ra sky_centroid.dec bbox_xmin bbox_xmax bbox_ymin bbox_ymax area semimajor_sigma semiminor_sigma orientation eccentricity min_value max_value local_background segment_flux segment_fluxerr kron_flux kron_fluxerr kron_radius gini equivalent_radius kron4_2_flux kron4_2_fluxerr kron4_2_mag
[from data line 5041]
5042 7157.9620788845195 5748.082627872077 214.85925321917304 52.911525638904514 7123 7188 5718 5780 2364.0 11.565567036890215 8.13871508212975 42.878683536173526 0.710495038575105 -0.27705320086072627 4.295226465165612 0.0 265.0942146319528 12.12609 383.0782406867369 22.269050687272923 2.103817325668822 0.7187597710599142 27.431452220735256 532.0765842323623 36.0061048803155 24.585064633004105
5043 7147.826337996917 5777.9585087357445 214.85902912310817 52.91175114949472 7119 7180 5755 5807 1945.0 15.415795144176196 9.426281165206628 28.16515250394909 0.791268371869341 -0.2953225805396149 0.3608052229546053 0.0 23.41291053871618 11.005831 294.5075069947868 58.25185509089766 4.27339211245237 0.5184023602989895 24.88197597915955 999.4906913449788 94.5496553143154 23.90055311571142
5044 7019.76161237732 5732.9278885755875 214.8606487965807 52.91232188748723 7007 7029 5720 5745 370.0 3.7862144048224167 3.170187509982648 65.67727773502143 0.5467477017469659 -0.18763867760166728 1.999301014041412 0.0 87.78638683348915 4.757255 97.4849056401514 6.156346730366957 1.5818215337947787 0.6219445050274052 10.852403323135505 106.00416734540899 9.889390917092395 26.336692652414975
5045 6999.5248654523075 5749.955660531791 214.8606503925391 52.912542280798284 6985 7017 5725 5767 887.0 8.028618115457624 4.544859066255303 -66.67127621969617 0.8243486914484301 -0.2055829018419115 2.345987406924377 0.0 148.338620426483 7.476755 143.88402931661165 9.377223767801357 1.4 0.6658541875146934 16.80300178673508 122.46727419680676 15.18184489054697 26.17994987079004
5046 562.6796934838374 5740.159448125602 214.91837402663745 52.95336789902562 555 574 5734 5744 176.0 4.981085947131257 2.4570248277988607 13.986367192734352 0.8698757402249747 -0.20560529654649276 0.4978100033064658 0.0 16.057519708688027 4.058384 47.011105283774974 11.996480785103774 2.5720511649361213 0.48679141232617573 7.48482063701911 91.9715478838976 19.099608787126858 26.49086626066137
5047 576.5894423190456 5740.458236352 214.91824624565248 52.9532812055646 573 581 5736 5744 65.0 2.051097969256651 1.8029746420242991 81.91233464492421 0.4767682648950769 -0.10082123343181677 0.4512789049897636 0.0 6.363449464992309 2.3369372 13.095618810859207 6.839420253425428 2.713283866987595 0.5506337528649788 4.54864184146723 31.766803357134748 11.126000193836315 27.64506621334172
5048 782.2768196771602 5745.2301976147055 214.91635304477995 52.9520011380643 776 791 5739 5751 158.0 3.221272555769636 2.189336606886824 64.96419543342151 0.7335369247761355 -0.24691685956323914 0.5230341596620932 0.0 8.933096054692967 3.6683316 3.341059875645354 4.823934240202367 1.4 0.5794135241551187 7.091753098990329 -13.500686840400093 7.769552243892371 nan
5049 803.7561360275405 5750.294679417767 214.91610723386515 52.95189211060989 787 817 5735 5765 672.0 8.135689896536572 6.24662878027752 -60.00780202743069 0.6406828098707182 -0.3125625612943153 0.43779242975971133 0.0 -8.648689797608677 7.953191 -28.19806118617212 13.360166308957073 1.4 -0.32694414381032466 14.625465582862905 -55.965105400147706 20.715568994094195 nan
5050 800.3622729951927 5788.9975932401785 214.91572980553318 52.952122572893416 784 817 5764 5807 963.0 6.770209494672026 5.836995977539449 73.76524161059339 0.5066380673464926 -0.1624734252748069 1.4488992083817114 0.0 231.97455590648718 9.035304 260.13592063239105 12.936572664568962 1.6007430539083054 0.5724525338556755 17.508067294678487 263.27380283405694 20.972041310902362 25.348980883479058
5051 811.7616044298223 5768.210130241041 214.9158467241167 52.95193799275381 809 817 5764 5770 37.0 1.3262504259775219 1.2350552249316629 28.041408272102274 0.36441073317492123 -0.29802255697118163 0.2916973461676943 0.0 1.8111434984579793 1.8088796 7.223458693560764 4.404779006463069 2.666412778342413 0.28845111003722423 3.431831258788849 14.535283855041833 6.936863954289807 28.493941206521875
5052 795.4188832926875 5813.25338428423 214.91551849594035 52.95228488756972 792 799 5807 5816 59.0 2.3436665269073957 1.4250758301492539 79.84450212642778 0.7938956611141613 -0.25859381806637705 0.40022802170888067 0.0 1.9517751943006472 2.3363607 9.41046546209464 8.442409916493924 3.53387135893529 0.5824763338563963 4.3336224206596095 23.27322098516139 13.479188722209416 27.98285876682857
5053 9822.642698814054 5744.241846890219 214.83547326322733 52.894573871245406 9819 9825 5742 5748 29.0 2.183921195818309 1.778200022867146 83.6115770651394 0.5805515007380078 -0.13097749640687653 0.1567676658516962 0.0 -0.0843658008779211 1.3865361 5.0314333662087245 3.133006524995071 1.4 -0.6744410681002241 3.0382538898732494 6.5127625975281855 4.902190292987533 29.36558688097452
5054 9818.14866905322 5748.9458892460025 214.8354638703303 52.89462778849754 9817 9823 5746 5752 32.0 1.5259023026474332 0.9530296722552363 -85.22193400652709 0.7809704709497747 -0.14125129877009998 0.22773789619717288 0.0 0.9911095975888403 1.4443332 8.143453684393458 3.630298574427332 2.9162307827659117 0.5005239231176385 3.1915382432114616 10.405961442034307 6.180170384827646 28.85679446914982
5055 9813.530746092574 5752.408286228513 214.83546866359603 52.89467579956029 9807 9816 5750 5756 37.0 1.3152053841556446 1.1628542492755929 -26.970409636998674 0.46718097141965026 -0.1015127715966372 0.2679358389503243 0.0 1.7679951377498866 1.5011351 6.327845068915536 4.455237593495721 3.223651052367151 0.6068098876209956 3.431831258788849 16.15918498386396 7.2547335382088205 28.378951368485357
5056 8943.404524093947 5785.939485285126 214.84289174769955 52.90038578447423 8941 8946 5744 5824 316.0 20.71884483936936 1.1888220463329586 -89.80748091279808 0.9983524806249735 -0.2431889834354572 0.24567800684123647 0.0 -3.6463577685155104 4.5477266 -8.190275737350186 7.4937542813641445 1.4 -0.4168994124387112 10.02925341359355 -11.882683181101841 12.222761509164764 nan
5057 8943.38794298069 5851.247303440671 214.84220392844657 52.90073799417456 8941 8946 5825 5878 299.0 12.761096300524747 1.5548032214046494 89.30670011914374 0.9925498383057845 -0.23642688475777465 0.2349578115349766 0.0 -2.919137897656185 4.6775208 127.62414099933584 31.47990361676071 6.182593047504851 -0.4270476594977517 9.755749892701914 149.29520490044806 51.641778601728326 25.964885352065835
5058 8943.143852592106 5894.430870005675 214.84175119846347 52.90097236538629 8940 8947 5879 5908 200.0 8.444295917633244 1.7485068556858943 -89.6291913693963 0.9783274701754111 -0.2169101607295842 0.2897857387852128 0.0 3.213048793078464 4.0589814 56.99911405599312 16.155979505776095 3.8475476280518404 0.5600271740786903 7.978845608028654 88.32129925427506 26.70860448969966 26.53483637715053
5059 8951.92176246268 5904.932873179152 214.84156210835903 52.90097320811882 8948 8955 5883 5935 249.0 12.564849536138308 1.6108902225002943 89.64804576138282 0.9917475478414258 -0.2812347102197782 0.3037046455642914 0.0 3.7223418594029174 4.679024 12.894305768596226 16.72547419728632 3.13829626136982 0.6126747692119472 8.902761462589227 35.35874671800295 26.90531106928123 27.52875784211557
5060 9464.234491714478 5906.442751929587 214.83696747694964 52.89772586291718 9451 9475 5897 5911 225.0 3.7662895577661133 2.9606490401626253 8.692555731511057 0.6181098658096195 -0.1395582452376771 1.0974697211730475 0.0 58.96349323836461 3.809089 67.66858730957387 6.745826940601913 1.820660286146738 0.5088774150253523 8.462843753216344 78.66049317184678 10.955199948696585 26.660608337634766
5061 8942.461988020183 5932.213334842976 214.84135927451848 52.90118039740916 8939 8947 5909 5946 276.0 10.41951101431016 1.9549137541607906 88.6799690892134 0.9822415955440017 -0.34423356829491497 0.1720472514918946 0.0 -4.581959746444624 4.81851 129.83994465571712 25.621882131103256 5.0403779583794455 -0.6359637056748392 9.373021315815206 198.65535323095366 42.33759200460551 25.654749318437744
5062 8934.43500158651 5938.446029946498 214.84136536163874 52.90126500618926 8932 8938 5907 5957 247.0 11.386567847262151 1.5530648712175026 -87.51299370847535 0.990654606269536 -0.22445852731225416 0.3977783149197218 0.0 2.3085364947422056 4.511057 104.89452109467186 21.665772338649806 4.215280734976227 0.896911074743088 8.866935315394846 81.07420681107378 33.790454576031514 26.627793228877955
5063 9450.601486117554 5913.90893756032 214.837010660534 52.89785274598373 9436 9460 5900 5918 295.0 3.091375067314235 2.9828033409145536 55.69845475728176 0.26269417555340685 -0.18736276129967952 11.958798950686555 0.0 402.9019790489992 4.4413857 450.1162036368698 4.625473456170298 1.429001206331502 0.7176692456433502 9.690274321412074 467.72935251745275 6.187629330764768 24.72501343733928
5064 8605.079067649027 5930.182279439088 214.84439636512133 52.9033132509989 8597 8613 5918 5942 286.0 5.802696541514133 2.7131497191723506 -65.0802778858647 0.8839576071865128 -0.17853994875953802 1.089724446679961 0.0 96.71050018591492 4.8135986 127.71422182152479 9.437772814491812 1.8652422553997692 0.394250535643422 9.541311620975605 135.22574002087057 14.633319004056611 26.072351583023096
5065 9450.32639277572 5928.3464978029115 214.83686102969992 52.89793232644727 9419 9485 5906 5971 2481.0 10.32352047813514 8.105581981976723 -21.43692020776693 0.6192970598166045 -0.27494028073604093 8.642512199791865 0.0 1353.7708417575377 12.947134 1414.3053592054282 14.766390844897227 1.4 0.671442039263357 28.10207870642285 1448.478950899989 23.4904821426066 23.497719528807444
5066 8566.267148743995 5961.792778283954 214.84441029634766 52.90373029769354 8533 8600 5926 6002 3726.0 15.72546661392766 14.31183022667982 89.14693610377967 0.4143770936498826 -0.2702299654981661 0.8378152581540711 0.0 239.28973997272897 17.512274 372.4093463522297 35.745187257838644 1.8985333541009712 0.5581488943081229 34.43867935796615 503.60855574046474 58.02648157786615 24.644767250822124
5067 9484.033205942047 5940.841336350477 214.8364281784494 52.89778548913338 9475 9495 5930 5950 277.0 5.621371438130282 3.884396144793547 -45.53448449881589 0.7228499138694503 -0.143559596480099 0.3585049899299449 0.0 18.487566045393592 4.329138 37.73656593129107 7.5285756053462425 1.4 0.5080401159115068 9.389986074159536 17.59169451217703 11.92730557672336 28.286730813260352
5068 8425.493755614933 5951.296674870693 214.84577927315271 52.90456818709208 8413 8438 5940 5960 252.0 5.741481496476826 3.4274930521515636 33.90219090755239 0.802263450343302 -0.16418018766261416 0.37011311508254363 0.0 19.08170753931965 4.5767746 40.14136204508764 12.824162382446893 2.3416515470285595 0.46617944275824086 8.95623198216277 45.46458937328369 21.028406068832744 27.255816817541067
5069 8965.42120360192 5963.370538325906 214.84082583727778 52.90120248523678 8957 8972 5947 5980 365.0 7.9997892862082285 2.540303687877999 -81.87056395062257 0.9482427598126393 -0.1553421196665166 1.0669811216334806 0.0 113.09612761919558 5.5185547 139.91915453614712 9.473948564042509 1.6297324214482376 0.4028235130770905 10.778826859036359 151.07349066929626 15.291544994939565 25.952029339914887
5070 8414.090214035585 5959.509257158774 214.845794696045 52.90468492529591 8390 8428 5926 5978 773.0 12.281160320480287 4.173299236696034 66.3172397486322 0.9404929839342847 -0.233305394606876 0.47687846076667634 0.0 39.66171573472526 8.0397215 36.68012386967595 16.87333139511703 1.8445848967835854 0.5355359342991042 15.686093905752006 81.44978396611688 27.062499216880727 26.622775158144595
5071 8951.748395570776 5957.843495947964 214.84100626990582 52.9012595692153 8948 8956 5936 5971 237.0 9.086804473281283 1.9860516583142744 -89.51790999390583 0.9758225340358089 -0.3484104301843661 0.3140074917417749 0.0 2.2874173489363967 4.374371 -15.940120752411328 6.959973360583949 1.4 0.34986008243874983 8.685588237163813 -14.300846647269074 10.42129727272609 nan
5072 8473.948892672639 5971.183729820811 214.84513661040248 52.90436752741449 8437 8497 5952 5989 726.0 10.200112151364689 4.914441352856751 36.10521675213102 0.8762797380075438 -0.36775259504773605 1.2759647533231258 0.0 50.981447947051024 7.7679825 47.412593432789336 12.770989019894406 1.4 0.6330922483163967 15.201742576738761 44.11191235553446 20.162373520884277 27.288610285306124
5073 8943.307535620634 5970.740915611225 214.84094584523638 52.90138273956877 8938 8947 5947 5987 332.0 12.195538222297284 2.3754710256370597 -88.35728103459225 0.9808465639798284 -0.18284847057583004 0.3165322162189139 0.0 11.664012041247027 5.2273407 117.8094475646547 18.331864120521203 3.457299737862076 0.48578218568510156 10.280023453913834 175.31616151198523 33.161121845001816 25.79044511661166
5074 9405.814925198747 5981.702596742475 214.83669674513192 52.8985028223189 9383 9425 5970 5996 240.0 10.816467195251954 1.3529320453206284 -30.8106567460818 0.9921465622474702 -0.3029321006492963 0.303820227803231 0.0 3.7924666234912396 3.9780118 33.18648592967722 15.139491409765274 3.844029607862337 0.49389072728977446 8.740387444736633 75.9518958241818 25.827419064399294 26.698653453261873
5075 8471.524351494741 5991.700683776603 214.84494214080556 52.90449355387041 8463 8483 5978 6005 338.0 5.959487892100223 3.2531233340657226 -82.14239680261099 0.8378679517207188 -0.24981496551767765 0.5753485072212756 0.0 47.30960571045688 5.457979 108.54429618779943 14.547166488354561 2.568676013704088 0.48382935177445846 10.37249929043725 122.53597837127573 23.372688721983003 26.17934094326918
5076 8528.06877827022 5995.679775757184 214.8443947606525 52.9041557198488 8511 8547 5986 6008 250.0 11.37284087979296 1.775501030559304 28.503891540840755 0.987738469327848 -0.20490752886006056 0.298883604321643 0.0 3.1508721052208264 4.545876 -1.4224833197130522 26.48856901014583 4.731690686561754 0.6926855800654341 8.920620580763856 98.73418655373146 41.9394646154276 26.413831118808083
5077 8951.914424977662 5996.076547717188 214.84060201452405 52.901464640181075 8948 8956 5972 6017 344.0 12.789411371782046 1.848114389032997 88.34617657101485 0.9895042928931821 -0.28775041761292947 0.24499054710130766 0.0 5.948454706474068 5.3454194 5.5531102210978025 7.48735889796169 1.4 0.48881644103219535 10.464157913908982 1.2653062273439009 11.759968545332962 31.144510886317224
5078 9364.75752377535 6005.510102212073 214.8368128694408 52.898892073806444 9341 9384 5995 6021 255.0 13.973695951326562 1.528648205429485 -30.95695539554777 0.9939983907051698 -0.25183124239603666 0.21593760068752516 0.0 0.9398998794285361 4.107802 108.94296012443498 21.76505503209436 4.5144051616501555 0.5750937972410544 9.009385160867895 280.8062950774865 37.10805029007292 25.278982901195583
5079 8508.79885783855 5997.114660388742 214.84455190067513 52.90428589913092 8496 8522 5987 6009 280.0 7.546765245162532 3.983042851237616 35.32730797038188 0.8493801978078217 -0.3149929488238978 0.28625464708285503 0.0 -0.9583252951196083 4.9857516 23.430877290203085 24.804609709254855 3.760795567864237 -0.8732762478553211 9.440697438826296 115.8599882924618 40.53224235262411 26.240166299304974
5080 8943.161975294337 5997.505606260554 214.84066518929436 52.90152796108107 8938 8947 5987 6009 212.0 6.103090751695773 2.9425716589570263 -88.11816316175323 0.8760917063616303 -0.2645552661224554 0.30199159022547933 0.0 5.506095218947472 4.1623626 42.68892649610184 16.92098265584551 4.06183686305743 0.4189402125458666 8.214724333230155 81.35364386589431 30.726416065018046 26.62405747512114
5081 8933.258288892588 5986.786025983913 214.84086663618365 52.901533100345375 8931 8938 5958 6007 311.0 13.963587658491194 1.9397239651516058 -89.77290513723312 0.9903045875828916 -0.3237149734892872 0.4122426380133018 0.0 13.929737919359745 5.1202817 122.68483081984992 18.691285934760074 3.100768155741416 0.4950961474293087 9.949591680222808 115.4913294609481 30.473644721739863 26.243626548274012
