outputs/dr0.5_c0.1/nircam1_matched_f277w_f140w_dr0.5_c0.1.ecsv
# %ECSV 1.0
# ---
# datatype:
# - {name: label, datatype: int64}
# - {name: xcentroid, datatype: float64}
# - {name: ycentroid, datatype: float64}
# - {name: sky_centroid.ra, unit: deg, datatype: float64}
# - {name: sky_centroid.dec, unit: deg, datatype: float64}
# - {name: bbox_xmin, datatype: int64}
# - {name: bbox_xmax, datatype: int64}
# - {name: bbox_ymin, datatype: int64}
# - {name: bbox_ymax, datatype: int64}
# - {name: area, unit: pix2, datatype: float64}
# - {name: semimajor_sigma, unit: pix, datatype: float64}
# - {name: semiminor_sigma, unit: pix, datatype: float64}
# - {name: orientation, unit: deg, datatype: float64}
# - {name: eccentricity, datatype: float64}
# - {name: min_value, datatype: float64}
# - {name: max_value, datatype: float64}
# - {name: local_background, datatype: float64}
# - {name: segment_flux, datatype: float64}
# - {name: segment_fluxerr, datatype: float32}
# - {name: kron_flux, datatype: float64}
# - {name: kron_fluxerr, datatype: float64}
# - {name: kron_radius, unit: pix, datatype: float64}
# - {name: gini, datatype: float64}
# - {name: equivalent_radius, unit: pix, datatype: float64}
# - {name: kron4_2_flux, datatype: float64}
# - {name: kron4_2_fluxerr, datatype: float64}
# - {name: kron4_2_mag, datatype: float64}
# meta:
#   PHOTMJSR: 2.962800025939941
#   PIXAR_SR: 2.11539874851881e-14
#   __serialized_columns__:
#     area:
#       __class__: astropy.units.quantity.Quantity
#       unit: !astropy.units.Unit {unit: pix2}
#       value: !astropy.table.SerializedColumn {name: area}
#     eccentricity:
#       __class__: astropy.units.quantity.Quantity
#       unit: !astropy.units.Unit {unit: ''}
#       value: !astropy.table.SerializedColumn {name: eccentricity}
#     equivalent_radius:
#       __class__: astropy.units.quantity.Quantity
#       unit: !astropy.units.Unit {unit: pix}
#       value: !astropy.table.SerializedColumn {name: equivalent_radius}
#     kron_radius:
#       __class__: astropy.units.quantity.Quantity
#       unit: !astropy.units.Unit {unit: pix}
#       value: !astropy.table.SerializedColumn {name: kron_radius}
#     orientation:
#       __class__: astropy.units.quantity.Quantity
#       unit: &id001 !astropy.units.Unit {unit: deg}
#       value: !astropy.table.SerializedColumn {name: orientation}
#     semimajor_sigma:
#       __class__: astropy.units.quantity.Quantity
#       unit: !astropy.units.Unit {unit: pix}
#       value: !astropy.table.SerializedColumn {name: semimajor_sigma}
#     semiminor_sigma:
#       __class__: astropy.units.quantity.Quantity
#       unit: !astropy.units.Unit {unit: pix}
#       value: !astropy.table.SerializedColumn {name: semiminor_sigma}
#     sky_centroid:
#       __class__: astropy.coordinates.sky_coordinate.SkyCoord
#       dec: !astropy.table.SerializedColumn
#         __class__: astropy.coordinates.angles.Latitude
#         unit: *id001
#         value: !astropy.table.SerializedColumn {name: sky_centroid.dec}
#       frame: icrs
#       ra: !astropy.table.SerializedColumn
#         __class__: astropy.coordinates.angles.Longitude
#         unit: *id001
#         value: !astropy.table.SerializedColumn {name: sky_centroid.ra}
#         wrap_angle: !astropy.coordinates.Angle
#           unit: *id001
#           value: 360.0
#       representation_type: spherical
#   astropy version: '5.1'
#   kernelfile: kernel_f277w_f140w.fits
#   make_catalog parameters:
#     ab_zpt: 31.4
#     coadd_bands: !!python/tuple [f277w, f356w]
#     deblend_contrast: 0.001
#     deblend_nlevels: 32
#     deblend_npixels: 1
#     detect_kernel_fwhm: 4.0
#     detect_kernel_npix: 7
#     detect_npixels: 4
#     detect_threshold_nsigma: 3.0
#     flag_isolated_buffer: 4
#     hst_bands: !!python/tuple [f606w, f814w, f125w, f140w, f160w]
#     jwst_bands: !!python/tuple [f115w, f150w, f200w, f277w, f356w, f410m, f444w]
#     near_border_kernelsize: 21
#     reference_band: f200w
#   make_catalog version: 1.4.0
#   photutils version: 1.5.0
# schema: astropy-2.0
label xcentroid ycentroid sky_centroid.ra sky_centroid.dec bbox_xmin bbox_xmax bbox_ymin bbox_ymax area semimajor_sigma semiminor_sigma orientation eccentricity min_value max_value local_background segment_flux segment_fluxerr kron_flux kron_fluxerr kron_radius gini equivalent_radius kron4_2_flux kron4_2_fluxerr kron4_2_mag
[from data line 4818]
4819 1472.255439201937 3146.631550578389 215.00989228418052 53.00592112928854 1463 1483 3138 3154 221.0 5.045156430358863 3.119247495797776 -30.16774390330625 0.7859691118925834 0.2080822470030967 0.6624083134889068 0.0 89.32044306094828 14196986000000.0 187.71658753526742 42089352974644.734 2.5072350473719687 0.1486959921503678 8.387281135541944 236.20336954624517 67342964759431.57 25.466784778185357
4820 1489.2932232754715 3161.7690368722347 215.0095796771539 53.00589491887151 1475 1506 3146 3174 634.0 6.30359286982026 4.692296897661845 28.466864145129538 0.6677512256653901 0.23137036901586042 4.226302745950756 0.0 697.1757500906451 24046102000000.0 873.1131061329604 43785775673060.7 1.9025289077936398 0.4209961899623824 14.20593072771099 956.263435463284 70057241076897.125 23.9485561249381
4821 4301.184145865254 3164.698349090519 214.98429626121566 52.98807614657457 4290 4315 3151 3174 452.0 4.840805682213972 4.460726907691785 -49.96652360989321 0.38841537699614315 0.16878751279149412 4.676422006767134 0.0 611.1521099075189 48.64777 779.3194693688415 82.57641683896608 1.917767105774967 0.4470021197442344 11.994835078277376 900.5639648542547 118.39102755077003 24.013713587187027
4822 4311.472467997483 3179.317565237988 214.9840498488999 52.98808988372354 4286 4333 3163 3193 991.0 9.037106262281892 5.533455934692747 -3.262785828360466 0.7906224527697316 0.18579261459522398 3.7820843911190916 0.0 1158.4135289137075 53.18598 1417.5954885198003 87.44854643323667 1.744117735009806 0.40612060490129603 17.76077411624101 1522.985030322331 135.8682119053565 23.44326091349239
4823 4283.390935309776 3181.5512420794507 214.9842783967922 52.988280090651166 4282 4285 3180 3183 11.0 1.289039471175448 0.6540350926713266 41.31637326820555 0.8617213979384298 0.16935714415610106 0.1886105656522404 0.0 1.9875056587720907 6.1699815 24.88902573410862 29.1411333282475 3.7846967437741057 0.021683212750035315 1.8712051592547776 47.60661988561613 45.30436941933149 27.205831631859684
4824 7198.932856158721 3210.3746655328773 214.95781312659864 52.96993806401168 7144 7251 3157 3269 8049.0 21.275932960879114 12.92632190398229 -53.48302170477314 0.7942768028753402 0.2641853242497719 29.59360938859681 0.0 23986.179541299764 117.51833 24654.862447188236 135.3924429984015 1.4049374739614962 0.5775321126571583 50.61695638709751 25639.585987011767 217.9358611930142 20.377722479572586
4825 7226.171957030041 3232.191803622029 214.957338930485 52.969883064371494 7217 7239 3223 3244 307.0 5.594427156584764 3.739333181450904 -45.13357320332345 0.7437991140946412 0.2894197552714918 1.6236581066018614 0.0 298.1304707830524 22.893587 701.2747338089172 69.83533930931954 2.7830278985330588 0.2437798068350092 9.885400096021595 966.1860352658575 116.04071788442336 23.937348109658437
4826 4482.788479907738 3192.3463187919137 214.98237470672365 52.98707352742714 4449 4511 3159 3226 2866.0 9.126472619233724 7.768791295172811 -70.11304503566377 0.5247814278693658 0.008751900387531205 36.163621491327135 0.0 5881.577039672703 71.00563 5837.970762757812 70.43308700954545 1.4266282386680142 0.7157504075023637 30.203909247028673 6336.3814421183615 113.06651785345208 21.89539671663792
4827 4474.675214525128 3162.3087314062955 214.98276406458555 52.98696267786381 4470 4480 3158 3166 53.0 3.075166798485914 1.6105093877817385 40.02000747144794 0.8518938555091616 0.23908985760936644 0.45500903098005824 0.0 16.958860376082203 9.774554 225.65203847570126 46.69322005328729 3.685084569869918 0.11184119639703737 4.1073621666150775 402.19590537699537 69.95927556702004 24.888905887811816
4828 6508.449626410961 3200.5639555202347 214.96411027855407 52.974266389872916 6461 6559 3165 3236 4392.0 13.420254049347049 8.527081714767151 -26.705019573737086 0.7721922213833762 0.18594152098090433 42.64351777062192 0.0 9629.713188155074 88.50443 9661.406449839305 89.40722290731496 1.4157202665818738 0.6804758994362049 37.390065794529015 10424.299757109737 143.5722079598238 21.354882771781725
4829 6557.648242549299 3192.9019601424284 214.96374964931562 52.97391282966047 6554 6563 3187 3199 94.0 2.942482190963341 2.3783283674623843 -86.82144248769565 0.5888081643435203 0.21308424011032798 0.4146131767153286 0.0 30.199817267734783 12.815663 170.40013202321074 54.101445437503926 3.352092322350578 0.09246107464349258 5.4700209598571305 291.20833832401894 84.91434470388005 25.239490484487266
4830 6509.0692558250075 3229.4595733326337 214.96380024598346 52.974418557263675 6499 6521 3224 3237 216.0 4.870290056309132 2.9933660078653532 -14.054796962258418 0.7888252025506026 0.2665371377017671 1.0341671180432706 0.0 131.82125703575588 19.824934 385.7732996807747 65.700031380019 2.961061073858786 0.201616132191844 8.291859587312052 627.4981462849593 106.64695617797922 24.405968882025288
4831 2145.676237014251 3170.8157234668506 215.00358774457555 53.001781153236 2143 2148 3168 3174 28.0 1.715307784673972 1.2838273535111797 -70.36057312429466 0.6631877734733483 0.1963812652010592 0.26556279002446986 0.0 6.4260296201896825 7.048158 58.01550551344958 31.96827697372676 3.612489674508429 0.05066954993144679 2.985410660720923 81.07167203039815 52.33224226340215 26.627827174892133
4832 2135.823952953049 3181.4227728199066 215.0035644586461 53.00190097510323 2123 2147 3173 3187 221.0 4.6161926236939035 3.4008557411831197 -4.315328829339174 0.6761945530132432 0.25241234408390456 1.7638861300156603 0.0 167.96121467889438 19.899052 397.8628032211515 61.89583626151741 2.7099362283487247 0.3114152381822301 8.387281135541944 514.3783048436637 102.14424208436732 24.621793392809593
4833 2127.356041267341 3202.7100515844736 215.00341618027284 53.00206975074888 2091 2156 3178 3230 2238.0 12.587763959564775 8.619381110494956 -21.88420598047193 0.7287847813148519 0.25431349116539714 5.834817466854401 0.0 3063.4762020758326 63.807175 3545.90948083708 101.45102935059074 1.638793656720251 0.43118930018387325 26.69040136976819 3728.3972165526093 163.38866159726024 22.471194562303186
4834 2096.4423759006777 3214.3101503771104 215.00357161572273 53.00232851337394 2078 2107 3198 3230 492.0 7.458123120825575 4.693189063568186 52.52355147189955 0.7771850354955127 0.20752463296277393 1.331416140312665 0.0 282.1708505800003 29.485443 624.9900299904468 90.86317882117537 2.567607453810996 0.285594160467062 12.514330345744634 800.1778553984404 145.1377710099102 24.142033679291256
4835 7589.641522772811 3174.7237571328305 214.95468458032843 52.967266193089536 7586 7593 3171 3178 54.0 2.0390838218530667 1.9420118308729366 -89.63939001686303 0.3048689506000898 0.2383590823789461 0.46265646328211113 0.0 19.93198601648647 10.234958 64.75684129302671 33.801057157782786 2.8957167215128017 0.09207102720124213 4.145929793656026 114.45175373708834 54.544723793178264 26.25344387067794
4836 7575.585633648887 3187.6076882514894 214.95467488651352 52.96742497923929 7553 7596 3176 3201 724.0 8.688342642053694 4.829914155889567 -0.9180282681055093 0.8312442111916971 0.23400421175676953 1.978471399873868 0.0 514.8743232392842 35.294376 772.039484801831 81.61274734746401 2.167319659587582 0.2957239503813914 15.180789096653193 922.2647540383457 132.11349038205964 23.98786097092195
4837 7560.65422147407 3197.210680614143 214.95470761435865 52.967571599754756 7552 7572 3191 3203 162.0 4.48126871570641 2.734701364381443 10.754343995813574 0.7922076719084219 0.29869645255087823 0.6760467284678814 0.0 79.95335077240513 16.52094 298.0967514789097 60.313258340545445 3.1017731520312433 0.12570340226842186 7.1809610472257885 465.8256993561774 100.32010519999069 24.729441388361785
4838 7554.775420356151 3206.1659684045107 214.95466597976724 52.96765727595952 7550 7560 3201 3211 92.0 2.589632700836288 2.508515113921204 -16.679346847987627 0.24832792089723982 0.28797943296387407 0.6531607373915854 0.0 41.2895461379911 13.303532 147.70724268158887 45.16737983121136 3.003394325847498 0.12717288191469495 5.4115163798060095 256.8822613229146 72.203692335899 25.375664710875167
4839 7443.486530575844 3178.1586789805747 214.95595917627475 52.96821220614954 7437 7449 3175 3181 63.0 3.0974232292300843 1.517207459967053 0.497967524750733 0.8718185785677166 0.1997288817173258 0.35755804175006806 0.0 18.085416162877266 12.2306595 91.23123459774233 41.88042824019933 3.249892293200259 0.08214356024091965 4.478115991081385 145.764501680701 66.5692430840833 25.99087056935356
4840 7452.462520788323 3177.7389541022603 214.955883096127 52.96815298024884 7450 7455 3176 3180 23.0 1.5646390488389894 1.131759969597604 1.2944023963576903 0.6904960745843215 0.24218997561761413 0.30695918563560093 0.0 6.506466515986647 6.3027196 51.79596804685473 27.718069287998738 3.508113413372637 0.036708300537043305 2.7057581899030048 87.03232318267163 43.90416103279904 26.55079855889071
4841 9113.977835530819 3190.5973781789453 214.94084970186168 52.95767802771304 9111 9118 3188 3194 40.0 1.8543746164560235 1.6814017022465988 -15.196033049387948 0.42172948808315136 0.22443118030868028 0.3541031106979334 0.0 11.742032650764418 8.209088 63.622249897115175 33.569730798751515 3.284099801218787 0.0722451903306266 3.5682482323055424 79.95598603099832 54.21604473073197 26.642872541398077
4842 9119.606837495248 3195.4889633377657 214.94074770489203 52.95766871659355 9114 9125 3190 3200 77.0 2.7344908248440003 2.092670025115569 32.14587007974453 0.6436893274133023 0.21528335259983544 0.4210814141216753 0.0 24.926109646579174 11.330004 90.66641286793248 42.16759711738794 3.028134704411038 0.10070971882289505 4.950743503369154 120.392289919858 67.63814390499499 26.198503312439627
4843 940.491612189227 3257.5611384532367 215.01350109925193 53.00989300604109 904 977 3226 3301 3318.0 14.772924272185376 10.255096144870189 46.29771485190051 0.7197996500611016 0.19224653454288115 9.686805860710546 0.0 6085.73764984051 55009564000000.0 7191.1314381248685 89030047801887.89 1.7093009689074798 0.49627932973491584 32.49849538606084 7872.6109103736 142300381215797.4 21.659703030626943
4844 919.5655999039698 3275.2764454724506 215.01350242471608 53.01012148262024 889 942 3249 3304 1640.0 9.640273813661006 8.827091873685056 77.11339380938922 0.40198233407322026 0.22637829855616914 4.975422641480447 0.0 2470.644245473212 38674255000000.0 3195.8986901301937 65037361749347.56 1.929329858427538 0.4593552651334998 22.847936741452536 3848.8486680262968 106656357765087.52 22.436672911230243
4845 876.4882952284198 3291.3080449642844 215.01372054404962 53.010481324070575 847 902 3267 3323 2119.0 10.986952877722045 9.147869745755203 -30.667793732610455 0.5538565839117509 0.1746067431132007 4.70342651471831 0.0 1442.5208681733022 43960790000000.0 2297.0014247167474 93672439985929.88 2.315052387703934 0.45011123256922886 25.97111181338705 3030.588493739661 149504116761705.03 22.696182574975797
4846 930.656050222072 3299.237185704003 215.01315023299583 53.01018069865169 922 940 3293 3307 161.0 4.347528610983813 2.9280225977398286 -31.300322908266057 0.7391951699433478 0.2361966198131138 0.5830601942690764 0.0 67.08415599855799 12117498000000.0 363.32020996411006 48377736172264.586 3.3612435349866274 0.14273128040154331 7.158763278359629 667.8862011635548 77775287347234.23 24.33824382291636
4847 893.9685608288802 3315.745909243851 215.01330590315345 53.01050260048066 886 902 3303 3330 307.0 6.755584497111431 3.2714397750832003 -82.55144705201013 0.8749257445983731 0.20541180529064956 0.5712444835656045 0.0 111.74444862237331 16732823000000.0 307.24423707146605 55865002061942.86 2.808173426480483 0.14145026562650256 9.885400096021595 528.0290772985071 89382821492299.7 24.59335540312293
4848 881.8436661569226 3318.291998043124 215.0133880206543 53.01059325374437 875 887 3314 3323 106.0 3.338640871026062 2.435575635413295 -21.24254475623737 0.6839689527175167 0.19619369728588382 0.34182858326091353 0.0 30.677511306120394 9832251000000.0 222.61707880276668 38617542017651.055 3.4868545661730788 0.08412289677842938 5.808687281605183 418.5155232022759 63727136712067.72 24.845721072276795
4849 838.1743219055552 3328.240518003487 215.01367557536457 53.01092396125155 829 853 3313 3338 442.0 5.587330660001433 4.0840694612919615 -53.79400328638098 0.6824290811924242 0.1953211741051396 3.043945409328839 0.0 364.2718673177095 20077570000000.0 650.755663708733 50400416873996.58 2.4932763525645187 0.42550170061569714 11.861406733319429 925.0148840927736 80577768036366.23 23.984628197808217
4850 839.1093351454024 3341.4341148101194 215.01352811654698 53.010989363753325 829 848 3336 3349 216.0 4.088469651338829 3.194286578331648 -8.17283372605302 0.6241663201322765 0.2262097165461932 1.5176661754592369 0.0 154.14600015473286 14035468000000.0 306.7451307108297 38801487360475.234 2.537266481443416 0.30473318871089927 8.291859587312052 465.06468977037997 62082379776760.375 24.731216583063947
4851 331.05550195656326 3240.947519175814 215.01915291816957 53.0136676691675 327 336 3237 3245 62.0 2.530285475167653 1.8279858952634704 -38.268353329834866 0.6914309506106965 0.21200495331542454 0.36042742070820194 0.0 17.829606212958833 10.323866 147.72600600338345 46.42844781019435 3.5831615730866875 0.08014951869309037 4.442433223290478 254.5799663629714 73.18995731938301 25.38543943808001
4852 322.94587264269774 3247.0871125628623 215.01916109279702 53.013752288267284 319 327 3243 3251 71.0 2.3928326508160294 2.0674580874073456 -44.982723768694605 0.5034554625240173 0.2775408897608171 0.5940856668356266 0.0 28.797002616812414 11.568563 120.35603731949523 41.674951284108296 3.116030888126605 0.12777472962537031 4.753945931439391 216.02671202941292 66.4099549665801 25.563731360899162
4853 2190.758519788788 3252.5580904040535 215.00232132244702 53.00193710325931 2185 2196 3247 3257 99.0 3.0629534359894626 2.4002945166439607 -40.284371811327176 0.6211980520800617 0.19729295632701443 0.3476406431071999 0.0 26.73479518150059 13.03273 98.19890364796089 49.437891548753655 3.0017214440227824 0.08252169664348853 5.613615477764332 100.96180776920801 80.305705679732 26.38960720445244
4854 2180.589195303489 3260.6440252214993 215.00232745067197 53.0020453076001 2176 2186 3254 3268 107.0 3.6795953122242215 2.0986510487890113 -66.70781194320061 0.8214029341172798 0.180755315590807 0.40320197533266794 0.0 30.806051299969777 14.199621 74.57000471160889 43.453105930264314 2.5615985680538453 0.11323245367563482 5.836022431559495 89.93135270860793 69.80291367650852 26.515222185167957
4855 2277.3953048889093 3302.579437836611 215.00101594902696 53.001658024807334 2250 2307 3279 3325 1450.0 5.1733253634425775 4.871004369025572 -3.2082511898644874 0.3368409171338649 0.16469926371228472 110.61503422914859 0.0 9570.837502893566 51.76126 9317.764344410527 41.869108487147145 1.4 0.7912558516816478 21.483699284957805 9851.564302270755 68.91662840119585 21.416237009059547
4856 2300.6559044917985 3315.521208386313 215.00067062468085 53.00158045550806 2298 2305 3312 3319 43.0 2.529418273744643 1.383006944196593 43.54766897363336 0.8372836442800435 0.23036456698646113 0.46158176010119395 0.0 14.243947773217561 8.779226 128.44044629657563 39.41772111144262 3.538907030723152 0.10375846481432921 3.6996385101659595 248.57139964171773 62.88796201974407 25.411372105691356
4857 361.0040723722022 3291.6795785645145 215.01834905871772 53.01375207599333 359 363 3290 3293 14.0 1.355858333647333 0.8123380085341411 28.82524330907884 0.8006503236768837 0.22299752368297743 0.25921932993327473 0.0 3.373902712170789 4.9002094 57.31348415680092 24.072674975875692 3.894259363016689 0.026584740565011096 2.111004122822376 109.68043087034066 38.600387952609196 26.299677130314688
