outputs/dr0.5_c0.1/nircam6_f140w_dr0.5_c0.1.ecsv
# %ECSV 1.0
# ---
# datatype:
# - {name: label, datatype: int64}
# - {name: xcentroid, datatype: float64}
# - {name: ycentroid, datatype: float64}
# - {name: sky_centroid.ra, unit: deg, datatype: float64}
# - {name: sky_centroid.dec, unit: deg, datatype: float64}
# - {name: bbox_xmin, datatype: int64}
# - {name: bbox_xmax, datatype: int64}
# - {name: bbox_ymin, datatype: int64}
# - {name: bbox_ymax, datatype: int64}
# - {name: area, unit: pix2, datatype: float64}
# - {name: semimajor_sigma, unit: pix, datatype: float64}
# - {name: semiminor_sigma, unit: pix, datatype: float64}
# - {name: orientation, unit: deg, datatype: float64}
# - {name: eccentricity, datatype: float64}
# - {name: min_value, datatype: float64}
# - {name: max_value, datatype: float64}
# - {name: local_background, datatype: float64}
# - {name: segment_flux, datatype: float64}
# - {name: segment_fluxerr, datatype: float32}
# - {name: kron_flux, datatype: float64}
# - {name: kron_fluxerr, datatype: float64}
# - {name: kron_radius, unit: pix, datatype: float64}
# - {name: gini, datatype: float64}
# - {name: equivalent_radius, unit: pix, datatype: float64}
# - {name: kron4_2_flux, datatype: float64}
# - {name: kron4_2_fluxerr, datatype: float64}
# - {name: radius_kron20, unit: pix, datatype: float64}
# - {name: radius_kron50, unit: pix, datatype: float64}
# - {name: radius_kron80, unit: pix, datatype: float64}
# - {name: near_border, datatype: bool}
# meta:
#   PHOTMJSR: 0.3925000131130219
#   PIXAR_SR: 2.11539874851881e-14
#   __serialized_columns__:
#     area:
#       __class__: astropy.units.quantity.Quantity
#       unit: !astropy.units.Unit {unit: pix2}
#       value: !astropy.table.SerializedColumn {name: area}
#     eccentricity:
#       __class__: astropy.units.quantity.Quantity
#       unit: !astropy.units.Unit {unit: ''}
#       value: !astropy.table.SerializedColumn {name: eccentricity}
#     equivalent_radius:
#       __class__: astropy.units.quantity.Quantity
#       unit: !astropy.units.Unit {unit: pix}
#       value: !astropy.table.SerializedColumn {name: equivalent_radius}
#     kron_radius:
#       __class__: astropy.units.quantity.Quantity
#       unit: &id001 !astropy.units.Unit {unit: pix}
#       value: !astropy.table.SerializedColumn {name: kron_radius}
#     orientation:
#       __class__: astropy.units.quantity.Quantity
#       unit: &id002 !astropy.units.Unit {unit: deg}
#       value: !astropy.table.SerializedColumn {name: orientation}
#     radius_kron20:
#       __class__: astropy.units.quantity.Quantity
#       unit: *id001
#       value: !astropy.table.SerializedColumn {name: radius_kron20}
#     radius_kron50:
#       __class__: astropy.units.quantity.Quantity
#       unit: *id001
#       value: !astropy.table.SerializedColumn {name: radius_kron50}
#     radius_kron80:
#       __class__: astropy.units.quantity.Quantity
#       unit: *id001
#       value: !astropy.table.SerializedColumn {name: radius_kron80}
#     semimajor_sigma:
#       __class__: astropy.units.quantity.Quantity
#       unit: !astropy.units.Unit {unit: pix}
#       value: !astropy.table.SerializedColumn {name: semimajor_sigma}
#     semiminor_sigma:
#       __class__: astropy.units.quantity.Quantity
#       unit: !astropy.units.Unit {unit: pix}
#       value: !astropy.table.SerializedColumn {name: semiminor_sigma}
#     sky_centroid:
#       __class__: astropy.coordinates.sky_coordinate.SkyCoord
#       dec: !astropy.table.SerializedColumn
#         __class__: astropy.coordinates.angles.Latitude
#         unit: *id002
#         value: !astropy.table.SerializedColumn {name: sky_centroid.dec}
#       frame: icrs
#       ra: !astropy.table.SerializedColumn
#         __class__: astropy.coordinates.angles.Longitude
#         unit: *id002
#         value: !astropy.table.SerializedColumn {name: sky_centroid.ra}
#         wrap_angle: !astropy.coordinates.Angle
#           unit: *id002
#           value: 360.0
#       representation_type: spherical
#   astropy version: '5.1'
#   make_catalog parameters:
#     ab_zpt: 31.4
#     coadd_bands: !!python/tuple [f277w, f356w]
#     deblend_contrast: 0.001
#     deblend_nlevels: 32
#     deblend_npixels: 1
#     detect_kernel_fwhm: 4.0
#     detect_kernel_npix: 7
#     detect_npixels: 4
#     detect_threshold_nsigma: 3.0
#     flag_isolated_buffer: 4
#     hst_bands: !!python/tuple [f606w, f814w, f125w, f140w, f160w]
#     jwst_bands: !!python/tuple [f115w, f150w, f200w, f277w, f356w, f410m, f444w]
#     near_border_kernelsize: 21
#     reference_band: f200w
#   make_catalog version: 1.4.0
#   photutils version: 1.5.0
# schema: astropy-2.0
label xcentroid ycentroid sky_centroid.ra sky_centroid.dec bbox_xmin bbox_xmax bbox_ymin bbox_ymax area semimajor_sigma semiminor_sigma orientation eccentricity min_value max_value local_background segment_flux segment_fluxerr kron_flux kron_fluxerr kron_radius gini equivalent_radius kron4_2_flux kron4_2_fluxerr radius_kron20 radius_kron50 radius_kron80 near_border
[from data line 486]
487 7421.604815143019 802.1645189241884 214.85274641718985 52.81000741079403 7409 7433 781 822 729.0 7.909068664231884 4.118495783763343 80.07512398833408 0.8537209243561982 -0.12020498016616406 4.374898064771622 0.0 813.4007178364702 28.485176 979.4125471293264 49.37705468889134 1.8455902042829586 0.4515065582603366 15.23311875578942 1055.6485069582945 78.75483515102421 4.302599248597295 8.344732407273991 15.769847640426585 False
488 8112.5296374512145 783.5399053541338 214.8467790812366 52.80551704725878 8110 8115 781 786 30.0 1.4137239549383238 1.375983754633117 83.12753193947071 0.22951804433922435 0.1577207193337358 0.6329122248495572 0.0 11.186547357595902 7.4550023 14.505009875705845 11.535176727697646 1.4 0.20819935811302348 3.0901936161855166 11.598047851815808 18.370111592663104 1.2955733994878138 2.2245903841574557 3.2197724952251856 False
489 419.0850506519516 784.7610486433847 214.9154625993154 52.85438746665412 416 420 782 788 26.0 1.8113460260522172 0.7196719485043609 -46.29102784087418 0.917683009492249 -0.18152684439424574 0.1807490970548333 0.0 -0.09653071005965297 5.1016684 4.356069529464662 15.57738705536624 3.133836078129702 -0.6545838002678299 2.876813695875796 -10.22826125693213 25.222300846090796 2.253075881542422 4.370826157673265 6.378168795858974 False
490 2905.3730914052903 789.6751384991543 214.89319346370152 52.83862701667971 2902 2909 785 794 64.0 2.3957993754934868 1.9913455297696694 -74.9827447142383 0.5560003011782128 0.21903041182158411 0.582370560095843 0.0 29.33122577236481 6.949466 91.35062437080151 22.662956210909634 2.7368041034867563 0.10020544237342431 4.51351666838205 109.74707150367152 36.22143970940161 3.404246369269745 5.7893553339619865 8.366040535732632 False
491 2205.779253028287 804.7934467288783 214.89928445959907 52.84315117518288 2195 2216 786 824 580.0 7.764093948767948 4.306055821224803 76.69115567466443 0.8321094157376479 -0.08839109648008492 0.9743479732224708 0.0 239.62599584055533 20.269545 277.98355879444136 32.78483871286217 1.511793701097878 0.31808015674827866 13.58748446131949 286.81860132907497 52.73390654948971 4.67738892113143 8.302700375169715 13.26942727822412 False
492 2724.7443780597905 786.6754930764445 214.8948385532799 52.83975789338625 2724 2727 786 789 13.0 0.851870065415383 0.4534495515007212 -9.30129324251966 0.8465564453432207 -0.10163592459480342 0.03422751846906252 0.0 -0.40316982786177474 3.1565952 0.4022495521684206 3.351583690982518 1.4141358709132128 -0.5637497349755345 2.0342144725641096 0.519963681696234 5.408529859574353 1.121921158748157 1.9967528727944903 nan False
493 748.6911917290181 789.6603662716723 214.91246479939014 52.85232127913732 745 752 787 793 47.0 2.0632916116182947 1.6638114811060711 29.27907102579691 0.591388236822237 0.15537603827467145 0.5094569772908066 0.0 16.594473447542203 6.700231 244.07680484970447 30.30523854742258 3.8485513607491373 0.15033893640628324 3.8678889139475245 434.3383964741232 48.610930312649494 6.820341761692559 11.22162952672462 15.852960042181486 False
494 6042.290680645214 794.2968652147841 214.86513641218292 52.818727797477266 6041 6044 789 796 19.0 2.592511310366923 0.7642594520751258 -86.93240441281527 0.9555605107501378 -0.15974946582023175 0.19295848642267205 0.0 -0.16759564761608015 5.8013577 95.05350654041158 37.17256227374279 4.357809848096161 -0.15584592783543913 2.4592453796829674 237.23591113318747 59.442426649112804 6.163687012717386 8.466791917768607 10.213087396902898 False
495 8821.694774695592 802.3793173509234 214.84025656187865 52.801112457567065 8807 8835 790 814 549.0 6.410509362115721 5.169788000899409 -10.083749125574625 0.5912953268684286 -0.4662996541790718 0.5724934000059408 0.0 32.506614310832106 30.18921 64.53348238684293 46.19641138756367 1.4 0.4347560420493997 13.219384536161321 -88.37630287047153 73.94868755967995 3.2305946843693403 7.239079403551311 17.65945355296807 False
496 9472.292273388868 794.9099440255676 214.834534035021 52.79693787775509 9467 9477 790 799 90.0 2.705444768610118 2.115679403052973 -69.52178552732053 0.623268414557979 -0.06177503394113753 0.6914162240509489 0.0 37.78806034043512 12.862676 153.55463220080182 43.42945448002999 3.010132928321709 0.2572434039171368 5.352372348458314 270.51905601295937 69.80883604748183 4.474868445460205 10.457939413325281 15.882788611771632 False
497 10173.091235648693 790.8504889410164 214.82832928031848 52.79246235787419 10172 10174 790 794 12.0 0.8046751816068605 0.6381001806772533 -45.987410748846955 0.6092333432670173 -0.04916762542985239 0.36978131201135517 0.0 1.6868076736270674 4.5362244 3.0987848911255207 5.829677535466554 1.4 0.5243115665782715 1.9544100476116797 1.952546115868141 9.326040002847012 0.8295587047537583 1.3874701583495581 1.9049077246747455 False
498 1254.0 795.0 214.9078923490231 52.849141805777684 1252 1256 791 795 15.0 0.28867513459481287 0.28867513459481287 0.0 0.0 -0.15905849591629614 0.08685049597911124 0.0 -1.1961874711273022 3.4489255 1.099349080049847 3.9999451307380425 3.5489940582455874 -0.29169870231625833 2.1850968611841584 1.3699782676271088 6.405824302690443 0.9458449771902292 1.5611591424442093 2.156725682236768 False
499 2570.519399114801 792.4061295214959 214.89615606446125 52.84076818834794 2568 2572 791 794 16.0 1.0332483350637598 0.8009939486747938 -31.83058178094717 0.6316923226562361 -0.04320678266893339 0.23953638839531655 0.0 1.3138611013779093 3.4911807 4.628777942972964 9.060859260681447 2.602998544196166 0.48317084285617024 2.256758334191025 16.376556730110536 14.483278814275133 1.386201906485521 2.4094928087753487 3.6101928950290185 False
500 3506.853282995476 795.5757989059633 214.88775903002679 52.834839060830866 3502 3510 792 800 64.0 2.160429894339308 0.697267296797491 56.611845128924344 0.9464860585433463 -0.5899633226046999 0.24218705018293626 0.0 -8.324686533760268 15.400384 -0.5458652274798858 15.098526027547978 1.4 -0.5270747894984793 4.51351666838205 -12.98220009466273 24.74303179578689 3.0044120401980345 3.0580205909804796 3.1081045731315062 False
501 2268.6538069154362 796.2030469370301 214.89881302013583 52.84270556330877 2265 2270 793 798 31.0 1.6526309252636655 1.1409677923348467 72.16188561390831 0.72343280554038 -0.09644877007889043 0.35831926962057187 0.0 2.1787314360598655 4.862583 35.40820040644751 18.468046718191058 3.54547341211483 0.5690053758865509 3.141274657157109 41.48959472353993 29.384913639142304 3.603201559958441 5.863461442368158 8.627650866135731 False
502 3856.4689548976767 802.9445786615117 214.88455924425705 52.832658415289984 3852 3861 796 807 91.0 3.18076796612263 1.9235203739820945 -48.31252758621915 0.79642707768342 -0.21442317029561206 0.865105327477947 0.0 46.83461865591081 160.2328 115.55874971685591 14525383143189.992 2.479890734402509 0.2663451269444946 5.382025607773058 139.9550390996801 25824984164891.74 3.292765340663275 5.934444471041486 19.470874589758587 True
503 nan nan nan nan 3766 3774 800 807 50.0 nan nan nan nan 0.0 0.0 0.0 0.0 6752818000000.0 nan nan nan nan 3.989422804014327 nan nan nan nan nan True
504 9426.934944234508 806.9219632124491 214.83481217837584 52.797290870472196 9423 9433 800 814 131.0 3.7653639740794174 2.0219768253960226 81.86198924555562 0.8435862372058823 -0.22209910174011122 0.19937180673154878 0.0 5.8921594590796085 15.41911 -8.417929457735974 24.139287511382562 1.4 0.2910501438090721 6.457444935117649 -2.8187190466377325 39.66330970241853 9.878149762082312 10.167143996605098 10.44189033030068 False
505 9618.921730882754 801.5523987306401 214.83315695760382 52.79604186893039 9617 9623 800 806 37.0 1.4160927770827352 0.813979683935812 -38.60057109547786 0.8182891924958253 -0.652477891966997 0.3371577449185186 0.0 -0.628499274723638 7.8120484 5.008932322694037 8.566076215166431 1.4 -1.2886715087622818 3.431831258788849 1.8170862554254805 13.766996405881311 1.0153251633043028 1.7352015597152026 2.4613025531009716 False
506 4230.731520647334 805.3263811563987 214.88119212471997 52.830294238442264 4224 4238 801 813 143.0 4.356769941121517 1.8968247570640517 -26.672582617184823 0.9002496320666203 -0.3294468876919182 0.705581270004185 0.0 34.30584177210084 17.195862 146.5405685082307 56.514721521019695 3.0317649568332614 0.41078055819780956 6.746726148605861 179.08090270088863 92.70909981906455 5.545625554478719 9.331549940750737 16.05305172902308 False
507 6332.088003883455 803.2623234425492 214.8624559663952 52.8169351673586 6330 6334 801 806 25.0 1.4866552676655425 1.218239528788879 -60.97141955595376 0.5731508013981232 0.15550245150411868 0.6443835898164743 0.0 11.640263002556088 6.9728785 39.83017936974998 23.91149650587479 2.9731005946487374 0.15918733218140424 2.8209479177387813 30.60538872100473 37.83323109454455 2.23361931980359 3.847623962118166 5.488458510459353 False
508 563.8280923407732 809.4318037647421 214.9139093460773 52.8536016856817 553 575 802 817 259.0 4.914928669578848 3.3218920150972604 22.34088378252367 0.737013547220481 -0.10363592701202383 0.7299191996421214 0.0 95.77889771972964 16.622812 461.4736501984163 61.55425079319743 3.292737361805148 0.2797232418775922 9.079772052293041 651.5588116085164 98.27838435102913 9.079010576269617 19.70899315738413 27.534444176742312 False
509 6793.501776968414 805.8223948134569 214.85831176758964 52.814017650923326 6787 6798 802 813 100.0 2.5566483393628094 2.1718643782256293 -20.586843999446735 0.5275938995853839 -0.15535916477422151 0.7277387030025317 0.0 32.33070394267069 13.070736 152.03038953615305 44.34095983160266 3.2100143995604205 0.3784963923465702 5.641895835477563 210.44358743987078 70.61751549947898 4.515806150514203 9.992287998747251 14.954888839418938 False
510 8222.27663803702 804.293472863348 214.84558211115043 52.80493161568062 8218 8225 802 809 41.0 2.307343376999612 1.226353673732417 -33.455858732467306 0.8470581100818511 -0.048539290047802525 0.7388196197154224 0.0 11.298768549966221 8.258648 111.82128920809009 35.24876171379815 3.5398302136240773 0.42565953614005597 3.6125759969217834 156.1128158503324 56.425209562045374 5.166661794914009 10.720476900272669 14.484569980775262 False
511 10045.45981894631 806.975871680993 214.82929750634528 52.7933604113249 10040 10050 803 811 72.0 2.4080299883898246 1.92670021906129 49.72967824011734 0.5998470210774686 0.09524120175713192 0.8370202620675571 0.0 34.471324440876245 11.642034 146.2403791848822 40.64234542678561 3.166141493680076 0.24301993045532547 4.787307364817192 190.95800180368337 65.56216740439419 4.154735423366896 9.658755677483017 14.800683977057462 False
512 2743.1647276612257 809.1181051207186 214.89443806129165 52.83976201966973 2739 2748 804 815 91.0 2.8664470181297665 2.3005150465813995 68.38522616691345 0.5965623382726662 0.034528824365284795 0.3436800336095445 0.0 20.839937358927745 7.9644766 37.90618453860624 21.81007667251871 2.2341125405059152 0.15944539107661038 5.382025607773058 17.145833459337222 35.29022237195684 2.954307400219534 5.00523452310729 7.158802923571922 False
513 8905.474398307615 808.2684970130971 214.83944758421836 52.800611833602204 8902 8907 804 811 41.0 1.6783335768849306 1.3871974883155087 68.58887973734323 0.562888789101359 -0.12188380571707425 0.45226219991671923 0.0 7.721745959421676 8.150917 49.17204700223322 33.09702402347548 3.8115249548896855 0.3982820465399545 3.6125759969217834 -15.689098397661386 53.26510386829004 3.4342128741551723 5.736563061498558 7.231101588339574 False
514 8485.895582720408 805.7068429410225 214.8432161616782 52.803264171079654 8483 8487 805 809 23.0 0.995045750485305 0.7926529775286791 -40.23468062427171 0.6045073930247892 -0.07883854606907344 0.13806878676006432 0.0 0.44611390924345423 4.6162086 5.1516327501755335 11.982573405919839 3.2075673688388826 0.6176894950121585 2.7057581899030048 0.8609674950342676 19.261701955107736 2.005145699965067 5.0020918301176405 6.73817439891946 False
515 2694.5143506012655 812.7252950576049 214.89483474380185 52.84009043091755 2688 2700 806 819 135.0 3.5696284025382 2.2399151807380178 45.505892048448395 0.7786225764857343 -0.0250862193757985 0.9446755240881141 0.0 64.82159790927372 9.899729 99.22172353012354 24.06197026870856 2.2197433993519544 0.27752372603586284 6.555290583552474 88.01453618125785 38.57970743675928 2.800948819682673 5.225761469727192 11.365892404393682 False
516 9207.32346161036 813.6330630494257 214.83669970355993 52.79872262779347 9203 9212 806 820 115.0 3.287118630049288 2.2736388014383766 -62.491308378178154 0.7222027741719117 0.0431954308326831 0.765629964300826 0.0 38.77579650949081 13.973962 108.11498617364002 45.196443430896636 2.910760953582668 0.25299509171368256 6.050259243299904 196.0034648686292 73.20791311987611 3.9161453023348547 7.6421708221169204 15.612532653166095 False
517 1430.9398934801668 807.9595294951926 214.9061748159185 52.84808828633888 1430 1432 807 809 6.0 0.7424975714632822 0.5932270634277971 49.839977252219526 0.6013820149135274 0.09958591798019217 0.2123829923224398 0.0 0.9888845045907901 2.3088133 7.202051605928081 9.594132992281482 3.501104831602282 0.14718652102401963 1.381976597885342 13.84525410942902 15.239330358069997 1.6542074465973664 2.9258020931607445 4.364956636167305 False
518 10260.829709187772 810.5722651299271 214.82733993560288 52.79201105232999 10257 10263 808 815 29.0 1.7221396871496866 0.9347199446792904 -61.25106511362763 0.8398835582837578 -0.2000076960514303 0.38082101772639315 0.0 3.8424599554857295 7.048538 22.51598643668256 27.60315975379953 3.6247443158822223 0.4172927923408957 3.0382538898732494 55.38072547335633 43.87031965211946 2.4267993976961906 4.768188766766139 6.324073092553524 False
519 3058.7460664828386 813.8311406867982 214.89156950228607 52.83778336216518 3054 3064 809 819 71.0 2.9942458798441294 1.6136287606979336 48.13519273871577 0.8423634102908333 0.1005350150507865 0.5686627961168437 0.0 24.95661001579042 7.5695095 117.42247327727077 27.37652573894423 3.158951923494698 0.2076124319678175 4.753945931439391 135.38760527566765 43.99049966535364 4.279337701725202 8.848845268670948 17.6008048024268 False
520 10286.35333340361 815.8864244044975 214.82705657926385 52.79187748331083 10285 10288 814 818 16.0 1.2712866946262782 0.895729202996229 59.86081823314716 0.7096198606299706 0.14281006981845956 0.5959875534500998 0.0 6.702296528040261 5.237716 19.473707039663278 16.925080364650018 2.730065356717444 0.19841770718726873 2.256758334191025 18.027971665579624 27.109106377447464 1.5949069831586973 2.8086921698370992 4.313850451668792 False
521 6105.607668760544 818.5514089784446 214.86431638697184 52.818456385638044 6101 6109 816 824 62.0 1.9973659157668504 1.6880656917003456 -39.8889568044986 0.5345356324793838 -0.26834657359326547 0.8520492852625675 0.0 20.8698554942581 10.538506 29.369693684602893 15.218860498062577 1.4 0.3823818127065352 4.442433223290478 19.65338830026467 24.717178222918 1.6971578962377158 2.9086611326726493 4.26693449983707 False
522 9687.64574801248 820.3186294986803 214.83234703855533 52.795706289914456 9685 9691 816 825 54.0 2.905946895022082 1.3335200797693196 -66.6925953732607 0.8884912915414371 -0.08692269295326767 0.6023923225386363 0.0 14.266783304931062 10.878529 67.66759840778619 35.69436375819052 2.880282903098175 0.2580439482053375 4.145929793656026 65.28628440002251 56.719752150731885 4.317690697210341 6.540025454315295 8.195313301999905 False
523 6478.665019621001 818.4772141284909 214.86098803917233 52.816086046907266 6478 6481 817 822 18.0 0.9005012619979427 0.37861754487770366 -60.232480631756495 0.9073147891726518 -0.20926982903895702 0.10352638474382692 0.0 -0.5421156329615565 6.086831 5.812090603693699 12.68819356274513 3.6169337253715015 -0.6090267013837517 2.393653682408596 15.283910298529149 20.244302517380017 6.003261856327815 6.546636952743545 6.982154737036675 False
524 nan nan nan nan 679 681 818 819 5.0 nan nan nan nan -0.08041803584527636 -0.023609680368469096 0.0 -0.2820722641937761 2.4195936 nan nan nan -0.2583127268111048 1.2615662610100802 nan nan nan nan nan False
