outputs/dr0.5_c0.1/nircam2_f277w_dr0.5_c0.1.ecsv
# %ECSV 1.0
# ---
# datatype:
# - {name: label, datatype: int64}
# - {name: xcentroid, datatype: float64}
# - {name: ycentroid, datatype: float64}
# - {name: sky_centroid.ra, unit: deg, datatype: float64}
# - {name: sky_centroid.dec, unit: deg, datatype: float64}
# - {name: bbox_xmin, datatype: int64}
# - {name: bbox_xmax, datatype: int64}
# - {name: bbox_ymin, datatype: int64}
# - {name: bbox_ymax, datatype: int64}
# - {name: area, unit: pix2, datatype: float64}
# - {name: semimajor_sigma, unit: pix, datatype: float64}
# - {name: semiminor_sigma, unit: pix, datatype: float64}
# - {name: orientation, unit: deg, datatype: float64}
# - {name: eccentricity, datatype: float64}
# - {name: min_value, datatype: float64}
# - {name: max_value, datatype: float64}
# - {name: local_background, datatype: float64}
# - {name: segment_flux, datatype: float64}
# - {name: segment_fluxerr, datatype: float32}
# - {name: kron_flux, datatype: float64}
# - {name: kron_fluxerr, datatype: float64}
# - {name: kron_radius, unit: pix, datatype: float64}
# - {name: gini, datatype: float64}
# - {name: equivalent_radius, unit: pix, datatype: float64}
# - {name: kron4_2_flux, datatype: float64}
# - {name: kron4_2_fluxerr, datatype: float64}
# - {name: radius_kron20, unit: pix, datatype: float64}
# - {name: radius_kron50, unit: pix, datatype: float64}
# - {name: radius_kron80, unit: pix, datatype: float64}
# - {name: near_border, datatype: bool}
# meta:
#   PHOTMJSR: 0.4907999932765961
#   PIXAR_SR: 2.11539874851881e-14
#   __serialized_columns__:
#     area:
#       __class__: astropy.units.quantity.Quantity
#       unit: !astropy.units.Unit {unit: pix2}
#       value: !astropy.table.SerializedColumn {name: area}
#     eccentricity:
#       __class__: astropy.units.quantity.Quantity
#       unit: !astropy.units.Unit {unit: ''}
#       value: !astropy.table.SerializedColumn {name: eccentricity}
#     equivalent_radius:
#       __class__: astropy.units.quantity.Quantity
#       unit: !astropy.units.Unit {unit: pix}
#       value: !astropy.table.SerializedColumn {name: equivalent_radius}
#     kron_radius:
#       __class__: astropy.units.quantity.Quantity
#       unit: &id001 !astropy.units.Unit {unit: pix}
#       value: !astropy.table.SerializedColumn {name: kron_radius}
#     orientation:
#       __class__: astropy.units.quantity.Quantity
#       unit: &id002 !astropy.units.Unit {unit: deg}
#       value: !astropy.table.SerializedColumn {name: orientation}
#     radius_kron20:
#       __class__: astropy.units.quantity.Quantity
#       unit: *id001
#       value: !astropy.table.SerializedColumn {name: radius_kron20}
#     radius_kron50:
#       __class__: astropy.units.quantity.Quantity
#       unit: *id001
#       value: !astropy.table.SerializedColumn {name: radius_kron50}
#     radius_kron80:
#       __class__: astropy.units.quantity.Quantity
#       unit: *id001
#       value: !astropy.table.SerializedColumn {name: radius_kron80}
#     semimajor_sigma:
#       __class__: astropy.units.quantity.Quantity
#       unit: !astropy.units.Unit {unit: pix}
#       value: !astropy.table.SerializedColumn {name: semimajor_sigma}
#     semiminor_sigma:
#       __class__: astropy.units.quantity.Quantity
#       unit: !astropy.units.Unit {unit: pix}
#       value: !astropy.table.SerializedColumn {name: semiminor_sigma}
#     sky_centroid:
#       __class__: astropy.coordinates.sky_coordinate.SkyCoord
#       dec: !astropy.table.SerializedColumn
#         __class__: astropy.coordinates.angles.Latitude
#         unit: *id002
#         value: !astropy.table.SerializedColumn {name: sky_centroid.dec}
#       frame: icrs
#       ra: !astropy.table.SerializedColumn
#         __class__: astropy.coordinates.angles.Longitude
#         unit: *id002
#         value: !astropy.table.SerializedColumn {name: sky_centroid.ra}
#         wrap_angle: !astropy.coordinates.Angle
#           unit: *id002
#           value: 360.0
#       representation_type: spherical
#   astropy version: '5.1'
#   make_catalog parameters:
#     ab_zpt: 31.4
#     coadd_bands: !!python/tuple [f277w, f356w]
#     deblend_contrast: 0.001
#     deblend_nlevels: 32
#     deblend_npixels: 1
#     detect_kernel_fwhm: 4.0
#     detect_kernel_npix: 7
#     detect_npixels: 4
#     detect_threshold_nsigma: 3.0
#     flag_isolated_buffer: 4
#     hst_bands: !!python/tuple [f606w, f814w, f125w, f140w, f160w]
#     jwst_bands: !!python/tuple [f115w, f150w, f200w, f277w, f356w, f410m, f444w]
#     near_border_kernelsize: 21
#     reference_band: f200w
#   make_catalog version: 1.4.0
#   photutils version: 1.5.0
# schema: astropy-2.0
label xcentroid ycentroid sky_centroid.ra sky_centroid.dec bbox_xmin bbox_xmax bbox_ymin bbox_ymax area semimajor_sigma semiminor_sigma orientation eccentricity min_value max_value local_background segment_flux segment_fluxerr kron_flux kron_fluxerr kron_radius gini equivalent_radius kron4_2_flux kron4_2_fluxerr radius_kron20 radius_kron50 radius_kron80 near_border
[from data line 4093]
4094 7101.384623581315 2430.3167708963474 214.8946968838441 52.89398730738076 7079 7130 2410 2447 1226.0 6.73430979107268 4.517475195201147 8.448073705559374 0.7416248381706908 0.04875288088961797 48.76540793518086 0.0 3256.5942302908925 4.893525 3238.979164794021 4.822592809083809 1.4 0.7062816782823469 19.75469363116845 3451.913516298906 6.781515475436327 2.886968087412973 5.394180744256021 10.038039498167791 False
4095 7120.646002284943 2443.699503457198 214.89438373470716 52.893937205069676 7109 7131 2434 2453 316.0 4.674833955845543 3.9097401250536974 -21.13843548387593 0.5482145231072174 0.09316421578519257 1.7178034867606438 0.0 190.262898533154 2.095576 316.5672484845951 5.014234922359557 2.3448408890523984 0.338951930897421 10.02925341359355 425.11226274327817 8.177119735008267 4.110568956816108 8.151497438550741 16.338019765486155 False
4096 2995.2639843426737 2443.921830226593 214.93130239710655 52.92013027988626 2990 3002 2438 2451 121.0 3.2279335778766707 2.0805008359580826 -49.892067105098974 0.764578810080831 0.11492748003633399 1.6366636879814904 0.0 59.18573413813553 1.1873443 128.0623632556054 3.2492306492336858 2.713744207883749 0.37381070452701737 6.206085419025319 170.59528484325327 5.166334654505801 2.8553407944683706 7.257964995543552 13.70960042343482 False
4097 3004.1782060399687 2444.9853470667003 214.9312113726616 52.9200794385121 3001 3008 2442 2448 41.0 1.7489320436665354 1.6758489714659992 3.4862540360774394 0.2860565302747413 0.21840301862532055 0.6224769562547746 0.0 15.829926575535872 0.6775416 45.93728888583023 2.1815432997772346 2.790686655917574 0.17417587127793732 3.6125759969217834 81.20246018485773 3.5096812219524396 2.513917055473456 4.865755495571277 8.905291556108928 False
4098 6716.875656876787 2463.2921579405847 214.89778915835416 52.89660696198242 6699 6736 2452 2471 543.0 5.892662071228859 3.611771274940075 -8.77867255345244 0.7901395940244297 0.07018427161112417 10.03123222467285 0.0 741.870023085557 2.789248 862.1941610174094 4.230868956824168 1.8061235291362803 0.5518895379022165 13.146949007195484 990.1719882723633 6.568476642823824 2.7057029524495197 5.960396825990272 11.420240995921048 False
4099 6708.601114601046 2482.122554310024 214.89766496056194 52.89676112128348 6672 6740 2458 2506 2090.0 12.209051385745973 5.8491330094151275 23.192812308019516 0.8777703180821633 0.10867758847988318 20.21409992442046 0.0 4488.124498800504 5.8093543 4745.758137079421 6.981753146765594 1.53657521421472 0.5874700574117075 25.792783140330602 5093.346120605676 10.591139293922877 4.677820159530033 10.237262034769929 18.690130767326245 False
4100 2960.5804034400016 2459.8102483181074 214.93144572168092 52.920436222314876 2952 2969 2454 2467 136.0 4.212710686394837 1.9698405706288873 36.160117539681664 0.8839430603476965 0.1126310092889538 1.210949990287684 0.0 61.109912663216235 1.2396636 136.78448855849004 3.5548474527932643 2.6827946953823627 0.28809080641664353 6.579524642479541 183.95906370042783 5.656301753966603 3.5534016815987965 7.983733899507195 15.769310069059559 False
4101 2983.2417433398405 2467.999914531794 214.9311565647642 52.92033659648054 2965 3005 2460 2476 424.0 8.85622132839357 2.799602195641329 9.937946411977338 0.9487202099378781 0.0601728005585089 1.6291723321257747 0.0 256.2666117410318 2.276971 376.9947264211469 5.074214329011284 2.2029878619780234 0.3223738237281327 11.617374563210365 438.07826602415844 8.07450306340127 5.038144104892272 10.284539549070411 18.197165090044262 False
4102 2094.3352185063754 2460.997405654314 214.93919160867728 52.925940915300615 2091 2098 2455 2467 82.0 3.042716849323314 1.8273821053799844 -86.07345400841733 0.7995678261921761 0.15994130395719278 0.6169040995137783 0.0 29.300221696028064 0.9449482 78.62281934858565 3.1478856002066364 2.769023184143821 0.18454282223788412 5.108953969950291 107.61689473695152 4.915013949860274 3.4208965579151864 7.113059012830869 11.762001236522948 False
4103 2101.405115680402 2477.4750240556673 214.93895479786173 52.92598502170043 2091 2112 2465 2488 341.0 4.675484916490943 2.858868516840205 43.71231024853079 0.7912759198254324 0.04420122405790425 5.417723032548619 0.0 331.2082368469476 2.1004612 369.9015240642083 3.0238952907844165 1.7008633231954844 0.5203106035292123 10.418429401242426 410.0432821272975 4.675088280943728 2.324044236000661 4.639990565182373 8.655657134722187 False
4104 1168.065176060639 2462.554923048324 214.94747337418337 52.93182804109645 1163 1173 2457 2469 96.0 3.028468138291543 2.0856051889825915 -50.3590273605226 0.725078038977894 0.11884232392092138 0.9738675504155765 0.0 38.41248288938381 1.0157951 75.84036049671589 2.846837584780316 2.4826891574773575 0.23954303150163103 5.527906391541368 79.90660477605614 4.595185327542865 2.8673860422421673 5.567195927385312 10.39236838170658 False
4105 1165.157209530824 2471.4845055210667 214.94740541185615 52.93189472222938 1164 1167 2470 2473 14.0 1.159288642934697 0.9213094562496428 -61.88759558244358 0.6069766793712601 0.2460982777130279 0.451308079462013 0.0 5.004799902119244 0.38495705 21.809185090901998 1.4378122963812805 3.0852379419126303 0.10633607673814584 2.111004122822376 27.760904791609796 2.297150499295619 1.9546247803495942 3.4649445107953354 5.633727255626467 False
4106 2017.9516604991456 2494.038270984408 214.93952795171472 52.92660413914418 1987 2046 2472 2516 1944.0 7.559866043203923 6.408510146314877 1.9655014215461077 0.5304734543626299 0.027504324476182437 37.85144109476242 0.0 4538.361610158612 5.5874963 4519.642782979912 5.521902560700818 1.4 0.6920494740425169 24.875578761936154 4793.412071128221 7.989482362153896 3.4520062609224467 7.21604903943252 12.383791881267422 False
4107 1983.50945839919 2496.3358043138296 214.93981228525826 52.92683514814973 1979 1988 2494 2499 45.0 2.3292048088287833 1.4264022238489484 3.1296897697658226 0.7905489946426241 0.14236704927480873 0.36858555920847963 0.0 11.735188483782547 0.7390661 84.16763013561726 3.1239040199098422 3.5451956496912804 0.13086690039990487 3.7846987830302403 123.0024327035516 4.885636099631799 4.9433838293326176 9.396159360472472 13.180265841754947 False
4108 9239.280910132045 2482.988826439964 214.8750263341301 52.880693559535835 9229 9250 2473 2492 332.0 4.265342013225029 3.8495142707902703 -28.03993937554949 0.4306686769243486 0.05198812692252266 3.2491507133618076 0.0 234.8485874318406 2.3564768 324.4030374609713 4.899751492921547 2.160732233418172 0.39907053342617826 10.280023453913834 394.62677722179467 7.877526147730935 3.060916143726524 6.576570974581663 12.643120677110797 False
4109 9250.05280963597 2491.38662807318 214.87484165690955 52.880670438884444 9245 9255 2486 2496 76.0 2.5202734775671214 2.021443181120118 59.389143525111976 0.5972260744883402 0.08420993700581234 0.7470671542039657 0.0 33.66385799285696 1.1116722 87.36010269622903 3.4306718656221697 2.7706489603619504 0.21474269025658094 4.918490759365935 122.0909818824127 5.574869465462676 3.045727747852553 6.4097430676434275 10.952900044882535 False
4110 2903.3630838373797 2496.805855322587 214.93156862700755 52.92099916292869 2891 2916 2478 2517 658.0 9.959512188547992 4.4142177584704925 70.0751545551209 0.8964147173886601 0.06672014074364642 0.841268272157041 0.0 241.3567931651528 2.7821038 496.9058863962286 7.83110172728695 2.5134924847945856 0.24680261363694467 14.472315126092793 779.2015461915796 12.47316490435168 8.736831828954015 16.028344167180617 27.875658725990313 False
4111 2924.057240236136 2504.7735666352187 214.931299419497 52.92091082582001 2914 2932 2495 2511 207.0 4.789085495969001 2.732517716762139 35.15753483566615 0.8212476372308721 0.13621920040414404 1.326416793091661 0.0 95.83792975140263 1.5490378 196.24699677502565 4.439274264249316 2.610626878589406 0.3029994888709673 8.117274569709014 355.79861463337494 7.012768990746207 4.220505357892611 8.63945519584429 17.076602072510507 False
4112 2903.181663909311 2523.879014693441 214.9312852217218 52.92114649084964 2895 2912 2512 2537 344.0 5.09835742797548 3.3226908036249494 -85.75368467960058 0.7584614538491217 0.10091437874602244 3.1936562389479866 0.0 213.38165446602812 2.0078828 349.4124939529373 4.544564116805062 2.435271746745826 0.4065959162234237 10.464157913908982 572.4846268597178 7.444718449343927 3.3640692665520127 8.404930275191932 18.117021906436207 False
4113 2905.9205337230146 2541.498362681484 214.93107519431214 52.92122423759396 2900 2912 2536 2546 102.0 3.161979015302289 2.317564015327611 41.75385773150095 0.6802854106447346 0.1740338323749221 0.6494427559000571 0.0 35.090266613204044 1.0722967 158.19797139058613 3.9743696596672633 3.1889897910027893 0.15373406964413394 5.698035485213008 319.2074196666732 6.4271749618156875 5.362504840451614 11.697204397962393 18.03633959489221 False
4114 1517.344836187726 2487.505630889516 214.9440813259869 52.92974609704811 1505 1529 2479 2496 280.0 4.996151759985776 3.6221370058173976 -18.10238629938408 0.6887642499047562 0.045945841860898895 0.9901112321766035 0.0 126.326257402739 1.7891308 262.09989566663637 5.121466491490879 2.675486465658038 0.2764735431515926 9.440697438826296 377.4367189618775 8.341037488688077 4.918318269797776 9.9336307497062 21.16671630828528 False
4115 1501.3416281149757 2490.4359974220038 214.94419384578669 52.929863488119 1495 1506 2485 2496 70.0 3.3279690888662454 1.5820991648510785 -45.475531639795314 0.8797725808444391 0.1250746124993745 0.46050459756748013 0.0 18.915530330274276 0.8827338 82.17491747883989 3.1954123369757137 3.0577283058365525 0.19479199433116945 4.720348719413148 128.9852807921668 5.1890480513940345 4.540339082808128 9.442264027856394 13.06000567052269 False
4116 1528.5588305217877 2494.76600995734 214.94390441812195 52.929714135352356 1520 1538 2484 2504 221.0 3.3608269428493376 3.3240327458496073 57.612050348887216 0.14756714075791816 0.058870526023772456 3.433452075233568 0.0 187.72109350793443 1.6320065 273.17455032462635 3.241247660151621 2.195951714835411 0.45319527603390825 8.387281135541944 357.13659082483116 5.244827284653582 2.6822443169033385 5.428148508271942 11.340392422705447 False
4117 1508.6363679837223 2503.0094290213437 214.94399611036678 52.929885093243406 1497 1516 2491 2514 341.0 4.8981969883007 3.9350820257534638 -42.56305649980129 0.5954753554291375 0.12152862427253154 2.311777238695146 0.0 212.8776264995888 1.9919127 354.79957147848745 4.671545038988731 2.379075427637917 0.4018216624668019 10.418429401242426 455.6184254946114 7.632475613386952 4.214891250613464 8.225954734265626 18.03532689856856 False
4118 1523.311461804301 2503.549798090574 214.94385894722413 52.92979487439345 1515 1534 2496 2511 214.0 4.046810826921445 2.829658113080698 -1.1733785529813803 0.7148951907337633 0.03402895250083515 3.085503632240565 0.0 225.9677684643645 1.6424763 298.4753859492397 3.094638668848357 2.0607495969704885 0.4176693257420853 8.253382073025046 382.2714983335434 5.002203751538282 2.9654883552550433 5.254876841391437 9.350423584635678 False
4119 1493.680409762675 2515.832219516781 214.94399509322895 52.93004926118385 1490 1498 2511 2520 54.0 2.8542662443624836 1.3785389764252065 -48.59108144910231 0.8756341920927632 0.07238722612177331 0.5094533039071955 0.0 15.713149081951828 0.77382106 46.19587083158294 2.5347517483908666 2.7535175444641213 0.1868870823409786 4.145929793656026 65.2177684714086 4.039603743661234 3.16509727819242 5.817618995442697 8.425269674387168 False
4120 3133.5363905294535 2493.002916160706 214.92954745388028 52.91951757753812 3132 3135 2492 2494 8.0 1.185170622217771 0.4974419444912427 -25.595886345007045 0.9076528038218223 0.3028794071436626 0.43069272913869305 0.0 2.8381266702120342 0.2976601 28.760743070845265 1.3692165806791792 3.7349738532263292 0.06829631779836962 1.5957691216057308 49.9767155623872 2.070328316578438 2.4012236207846303 4.514674038486858 6.3783714306792385 False
4121 3130.344037179638 2494.2957610833537 214.92956242950953 52.91954482187837 3130 3131 2494 2495 3.0 0.5648934691970894 0.3389062289929497 -42.558028829667855 0.8000396319919677 0.30735205999675486 0.3743181646100622 0.0 1.039190337388626 0.19166762 14.00264554853704 0.8395096493473279 3.9390772992292815 0.06444065365502336 0.9772050238058398 25.299340431441713 1.3310174210908787 1.6067595313896965 2.651795677284274 3.59725324139976 False
4122 2973.1247243044545 2495.2873658099143 214.93095988104193 52.920548147571566 2971 2975 2493 2497 18.0 1.484249140970895 0.8982105211731056 42.34066436589329 0.7961026880313926 0.14068411827364372 0.3186779063888631 0.0 4.25011075284774 0.4348839 23.74095900902352 1.705326421434243 3.2469739649363665 0.11406447520239701 2.393653682408596 38.88597178422445 2.720590266704837 2.5720392758671005 4.5591398030443 6.56193129676894 False
4123 2985.9292114402915 2501.6627388852653 214.93077809468568 52.92050129216248 2976 2994 2496 2508 140.0 3.5844618231472793 2.3847066250503692 -12.191503880122083 0.7465850312909813 0.12086225365464896 1.0908562529091639 0.0 66.30405662221754 1.2613595 137.72013840956743 3.5198761848625546 2.621418958186937 0.32787709797328973 6.6755811781245455 185.17463070257423 5.606666387709018 3.3167531691980754 7.075589039876704 15.282457591740362 False
4124 2976.2434694556355 2506.2569081967895 214.9308164639615 52.920587578469835 2968 2984 2497 2512 152.0 3.3151404437085223 2.7784184064410855 -14.368119429805986 0.5455169971760196 0.05703852020729992 1.3040075190582339 0.0 75.87369631498615 1.3009037 160.28818737426616 3.6429962847336794 2.6055053722865154 0.33665035288354156 6.955796338302048 202.28335975150694 5.800726502185554 3.430655028977655 7.444090213359703 14.27416627755848 False
4125 736.4046786251994 2505.9321633225436 214.9508845355133 52.93480172451229 729 743 2500 2512 147.0 3.444769273150437 2.8213769957012342 -11.733706698140923 0.5737475373523343 0.1527341434825191 0.771290816476529 0.0 57.37183901756161 1.2752105 117.2940606357176 3.5790771567074127 2.486669976421873 0.21083759589326517 6.840435166640879 114.82166648774414 5.673079657731194 3.6243158167392044 7.063906359108403 12.74531197775246 False
4126 726.8750233537481 2510.804910971669 214.95091862559082 52.93488851830324 723 733 2506 2515 72.0 2.1065020269514085 2.0754459136082737 25.52544659891759 0.17108068530075607 0.12449904645212781 0.9537906535910265 0.0 29.7474135807174 0.88683385 51.95742223626254 2.2458472405215715 2.3396495187758575 0.29132908076164526 4.787307364817192 65.95848310447892 3.5965546015560537 2.10872167638577 4.237683465599952 7.411911772822993 False
4127 10198.145113495488 2514.8802967326656 214.8661208258061 52.87477473704663 10196 10200 2514 2516 12.0 1.1859320941158553 0.7393236169382092 -20.285727796501007 0.7818939793714943 0.2820316155399712 0.5184812215462999 0.0 4.784282197728012 0.427172 57.67553467860118 1.9138998364477116 3.674696093790176 0.1250258746355714 1.9544100476116797 117.67543976662641 2.9380813458527677 3.2802810731786973 6.115621739557439 8.087573155169315 False
4128 10193.17710873668 2517.0099142749023 214.866142806776 52.874817782379694 10192 10195 2516 2518 7.0 1.1912280469986534 0.43851631485243353 -33.15771972330673 0.929777807746653 0.4187378335459217 0.6425920684105318 0.0 3.7286476652750946 0.33759105 46.73966727014988 1.544771159941372 3.775897686049333 0.10743257195766043 1.4927053303604616 92.37788279576623 2.401366563967617 2.7229747261090442 4.843549595620443 6.482255359029493 False
