outputs/dr0.5_c0.1/nircam6_matched_f606w_f277w_dr0.5_c0.1.ecsv
# %ECSV 1.0
# ---
# datatype:
# - {name: label, datatype: int64}
# - {name: xcentroid, datatype: float64}
# - {name: ycentroid, datatype: float64}
# - {name: sky_centroid.ra, unit: deg, datatype: float64}
# - {name: sky_centroid.dec, unit: deg, datatype: float64}
# - {name: bbox_xmin, datatype: int64}
# - {name: bbox_xmax, datatype: int64}
# - {name: bbox_ymin, datatype: int64}
# - {name: bbox_ymax, datatype: int64}
# - {name: area, unit: pix2, datatype: float64}
# - {name: semimajor_sigma, unit: pix, datatype: float64}
# - {name: semiminor_sigma, unit: pix, datatype: float64}
# - {name: orientation, unit: deg, datatype: float64}
# - {name: eccentricity, datatype: float64}
# - {name: min_value, datatype: float64}
# - {name: max_value, datatype: float64}
# - {name: local_background, datatype: float64}
# - {name: segment_flux, datatype: float64}
# - {name: segment_fluxerr, datatype: float32}
# - {name: kron_flux, datatype: float64}
# - {name: kron_fluxerr, datatype: float64}
# - {name: kron_radius, unit: pix, datatype: float64}
# - {name: gini, datatype: float64}
# - {name: equivalent_radius, unit: pix, datatype: float64}
# - {name: kron4_2_flux, datatype: float64}
# - {name: kron4_2_fluxerr, datatype: float64}
# - {name: kron4_2_mag, datatype: float64}
# meta:
#   PHOTMJSR: 0.3925000131130219
#   PIXAR_SR: 2.11539874851881e-14
#   __serialized_columns__:
#     area:
#       __class__: astropy.units.quantity.Quantity
#       unit: !astropy.units.Unit {unit: pix2}
#       value: !astropy.table.SerializedColumn {name: area}
#     eccentricity:
#       __class__: astropy.units.quantity.Quantity
#       unit: !astropy.units.Unit {unit: ''}
#       value: !astropy.table.SerializedColumn {name: eccentricity}
#     equivalent_radius:
#       __class__: astropy.units.quantity.Quantity
#       unit: !astropy.units.Unit {unit: pix}
#       value: !astropy.table.SerializedColumn {name: equivalent_radius}
#     kron_radius:
#       __class__: astropy.units.quantity.Quantity
#       unit: !astropy.units.Unit {unit: pix}
#       value: !astropy.table.SerializedColumn {name: kron_radius}
#     orientation:
#       __class__: astropy.units.quantity.Quantity
#       unit: &id001 !astropy.units.Unit {unit: deg}
#       value: !astropy.table.SerializedColumn {name: orientation}
#     semimajor_sigma:
#       __class__: astropy.units.quantity.Quantity
#       unit: !astropy.units.Unit {unit: pix}
#       value: !astropy.table.SerializedColumn {name: semimajor_sigma}
#     semiminor_sigma:
#       __class__: astropy.units.quantity.Quantity
#       unit: !astropy.units.Unit {unit: pix}
#       value: !astropy.table.SerializedColumn {name: semiminor_sigma}
#     sky_centroid:
#       __class__: astropy.coordinates.sky_coordinate.SkyCoord
#       dec: !astropy.table.SerializedColumn
#         __class__: astropy.coordinates.angles.Latitude
#         unit: *id001
#         value: !astropy.table.SerializedColumn {name: sky_centroid.dec}
#       frame: icrs
#       ra: !astropy.table.SerializedColumn
#         __class__: astropy.coordinates.angles.Longitude
#         unit: *id001
#         value: !astropy.table.SerializedColumn {name: sky_centroid.ra}
#         wrap_angle: !astropy.coordinates.Angle
#           unit: *id001
#           value: 360.0
#       representation_type: spherical
#   astropy version: '5.1'
#   kernelfile: kernel_f606w_f277w.fits
#   make_catalog parameters:
#     ab_zpt: 31.4
#     coadd_bands: !!python/tuple [f277w, f356w]
#     deblend_contrast: 0.001
#     deblend_nlevels: 32
#     deblend_npixels: 1
#     detect_kernel_fwhm: 4.0
#     detect_kernel_npix: 7
#     detect_npixels: 4
#     detect_threshold_nsigma: 3.0
#     flag_isolated_buffer: 4
#     hst_bands: !!python/tuple [f606w, f814w, f125w, f140w, f160w]
#     jwst_bands: !!python/tuple [f115w, f150w, f200w, f277w, f356w, f410m, f444w]
#     near_border_kernelsize: 21
#     reference_band: f200w
#   make_catalog version: 1.4.0
#   photutils version: 1.5.0
# schema: astropy-2.0
label xcentroid ycentroid sky_centroid.ra sky_centroid.dec bbox_xmin bbox_xmax bbox_ymin bbox_ymax area semimajor_sigma semiminor_sigma orientation eccentricity min_value max_value local_background segment_flux segment_fluxerr kron_flux kron_fluxerr kron_radius gini equivalent_radius kron4_2_flux kron4_2_fluxerr kron4_2_mag
[from data line 779]
780 1050.6444397049677 1134.4443705331764 214.90614083199287 52.85226502947387 1046 1052 1130 1136 40.0 1.5769947819370442 1.3103851502031787 66.27248215533862 0.5563647778811501 -0.15104331620329103 0.263451469737976 0.0 0.24274339519215393 1.6464108 1.2530657416542714 2.323605908400774 1.4 1.5337000398807148 3.5682482323055424 -2.090720471761329 3.776886177915583 nan
781 9087.65145088125 1132.6377609050296 214.83441377708834 52.80120282208695 9084 9089 1130 1135 30.0 1.607114423748654 1.115082145967503 -75.44423872651764 0.7201280692391967 -0.07313903358662803 0.25122065926738546 0.0 3.4813423770269103 1.4199511 8.50074934748109 4.38010277422005 2.836969918245332 0.3723447715495679 3.0901936161855166 -1.2036172370259297 7.094483342634426 nan
782 2738.587568207546 1134.8098947547514 214.89105480180493 52.84154848706898 2737 2741 1131 1138 29.0 2.4285751351150546 0.9235129224899733 -68.14185672344898 0.9248757473492043 -0.005223388747393483 0.5460802313110198 0.0 6.097268030033265 1.6537704 23.1331769831764 5.282632088021732 2.703081873846388 0.347702957148076 3.0382538898732494 21.696712654715668 8.516928375003616 28.059015156630718
783 7027.329625163491 1135.3410029153586 214.85276171045393 52.8143090433548 7022 7031 1131 1140 81.0 2.770222854843302 1.72778807613131 -31.4528958107771 0.7816637853143501 -0.12291496204650232 0.5910727113772946 0.0 17.73910795500083 2.3629978 39.37270764620377 6.571798699928814 2.5898586112120796 0.3827115241486826 5.077706251929807 65.20989208148461 10.564988796684887 26.86421629630908
784 4086.6989801369823 1135.1010942947314 214.87901137709855 52.83298811484742 4084 4091 1132 1138 48.0 2.1699178243425163 1.98622682203117 18.623571027401276 0.4026669467479335 -0.08482253871924995 0.22789673453510365 0.0 2.826016169565811 1.5840588 44.61779124156401 7.321870530116303 3.449639388118294 0.46215213988133136 3.9088200952233594 114.07443173493041 11.649485456513023 26.257029215000976
785 2474.776843708483 1137.9671671352278 214.89337832933379 52.84324085985478 2471 2477 1136 1140 27.0 1.102607024186527 0.8569626580830283 14.296191123709518 0.6292351934467051 -0.13084711588948472 0.23100064223430025 0.0 0.7965760086821924 1.5620736 -0.38942860957761055 1.8197763557300344 1.4 0.5717288612088884 2.9316150714175193 -4.587641422523861 2.9097490828299843 nan
786 7081.882900468351 1136.9832849786262 214.85225773447928 52.81397129450427 7080 7082 1136 1138 8.0 0.901921671943449 0.2888342440913032 -80.48187167419228 0.9473353788593568 -0.06905057986576858 0.12319532251683342 0.0 0.12037910747358248 0.7261009 11.259296315189381 2.550196104841779 4.275536026858722 0.692998766420439 1.5957691216057308 12.390698571738428 4.064568908824706 28.66726051991561
787 9036.770895708154 1141.302698167318 214.83477637702947 52.80157287095687 9036 9039 1139 1142 12.0 0.6874634772870208 0.4656154438216299 40.61172479342342 0.7357117255584643 -0.03932911395091595 0.21787197406551911 0.0 0.44858854386612745 0.91192853 1.3634176170114438 1.1252510336564492 1.6940474938471493 0.8268758004186373 1.9544100476116797 0.9483343404393229 1.7766976423138716 31.457596306947682
788 683.0 1142.0 214.90934736676402 52.854640114599654 681 684 1140 1142 8.0 0.28867513459481287 0.28867513459481287 0.0 0.0 -0.1478649372695488 0.07897645530418207 0.0 -0.505873017406298 0.71815974 0.25239696926103333 0.9828081966720699 3.004782576765318 -0.33105975522647235 1.5957691216057308 -0.7324680794972585 1.5778673263431802 nan
789 3350.783504156097 1145.4932950341502 214.8854741977416 52.83771818187513 3347 3355 1141 1150 75.0 1.9399959028630638 1.5763048616820792 -87.23534920379241 0.5829193828190707 -0.18074243267937984 0.4891129508770802 0.0 7.756102942202601 2.563405 8.866142766562778 3.212596697084224 1.4 0.5196590177517895 4.886025119029199 9.006160748420028 5.169449759765472 29.013650764260838
790 6963.139820485264 1142.9742028689543 214.85325416672924 52.814758032497664 6962 6964 1142 1143 5.0 0.7662121125986102 0.15845657809980399 0.3677576371449634 0.9783821582732425 -0.07554739237010408 0.14349642232236184 0.0 0.3089408704920037 0.5778251 0.645071087173222 0.7325628810000796 1.8258890146248743 0.43263201949085894 1.2615662610100802 0.7755256941650703 1.1642971340929271 31.676009522191215
791 3812.403430865559 1153.8487303038492 214.8812637011082 52.83483142412433 3800 3826 1145 1162 343.0 4.40220087774014 3.042477593289005 3.7495210003476007 0.7227338305158153 -0.17754693501230875 2.0143195234808937 0.0 103.38145098498791 5.2105303 98.45433266773105 6.370967208378904 1.4 0.6044373795156034 10.448937312523231 73.6160739552574 10.182059149476578 26.732568369458953
792 8903.390462725472 1156.6524698867415 214.83580435545696 52.80250322446347 8886 8919 1146 1166 510.0 8.692656922840277 3.378429705870322 -18.304605966909044 0.9213840788246982 -0.36520502005234096 0.9890063176678949 0.0 130.50452230577127 6.076367 151.36029899341327 12.676221408922586 1.9777062316968401 0.4079375737689754 12.741194683142286 199.5195298397793 20.265982616461223 25.65003646815709
793 2075.728066542823 1154.1956516281532 214.89677290151087 52.84586251390429 2072 2080 1148 1161 69.0 3.3553302851351665 1.4293562047977102 -63.8444697502294 0.9047251964207369 -0.12118321063329729 0.40187831501110355 0.0 10.920403263767394 2.549861 27.376397982902844 8.398586486301985 2.6975376940794193 0.31362536725113854 4.686510657907603 45.33555422671603 13.451863916670485 27.25890267663929
794 8782.589146674802 1149.451426404925 214.83695724632423 52.803232062217226 8782 8783 1149 1150 4.0 0.5112019813286719 0.47787656410301754 -49.880052672261094 0.3551490522274152 0.1521702446586025 0.25606541934055205 0.0 0.7543927613191796 0.55329627 7.345081972110101 2.3236977573002635 4.004252998055523 0.15124462978579548 1.1283791670955126 1.049349252184693 3.705812443130897 31.347699856607484
795 7861.345791945695 1155.0722004809757 214.8451142415488 52.809116283864064 7858 7864 1152 1158 44.0 1.6229222156869674 1.497134086450694 -80.55537875257511 0.38601425189139865 0.0971515869870337 1.4741368492086153 0.0 27.79632320155842 1.8580229 40.438984377127724 3.924990881624015 2.025937043614921 0.3323356881337261 3.742410318509555 47.85859191377236 6.219555407977422 27.20010020815699
796 9687.64154540633 1155.7962537828148 214.82882102969447 52.79751467750288 9686 9691 1153 1157 20.0 1.2579977540530713 0.7260185452235588 -39.99135197391399 0.8166577384952579 -0.1322770877587116 0.3155443672782501 0.0 1.6698958032258553 1.3251733 5.681131535110719 3.552398404414783 2.857333570153592 0.5550430703498181 2.5231325220201604 10.697615649061085 5.693863072789165 28.826782524442958
797 3930.645577130323 1158.0005554612023 214.88016413982075 52.83410282060231 3928 3934 1154 1161 44.0 1.8133871629918699 1.5638356354567686 33.10469202806569 0.5062551281401966 0.10209027797539895 0.5967729777523102 0.0 14.891543827194162 1.8613324 41.36450936708387 6.190645474671027 2.9234790819135057 0.2379365728063563 3.742410318509555 68.24313523585953 9.899575829287523 26.814852572407787
798 417.61146748935477 1166.7892367041322 214.911458952669 52.856458906808285 408 427 1157 1176 302.0 3.7321013147204742 2.6168096575415047 48.783944915368686 0.7130014620743411 -0.15287804073310865 3.5960251211466066 0.0 118.9368840627115 4.5584936 121.83789148059174 5.070837208187513 1.4 0.6292928521820911 9.804569629897316 126.10074888705012 8.11739534573597 26.148205835578644
799 512.6919287672093 1158.989868183669 214.91069104127322 52.85581313365909 509 515 1157 1161 28.0 1.6749168387954603 0.9616050935649987 -24.850866706816536 0.8187703985276523 -0.14498849210410988 0.1992727045927781 0.0 1.9108830123048317 1.3951876 1.4953202593985921 2.982370658588467 2.0034293351791987 0.35905749957944305 2.985410660720923 4.662740036440108 4.825878143440642 29.728396993149527
800 9707.692568962151 1176.0683046131196 214.82842919809846 52.79749651840172 9697 9719 1158 1190 445.0 9.081475937626378 4.35592206744786 -59.80833443335693 0.8774603742671307 -0.2615185879987427 0.44004281500047665 0.0 51.165606081916664 6.2245164 137.11467305399074 21.4503121561859 2.606041588866627 0.43951638534303883 11.901592303208293 145.49795430614688 34.45977714356877 25.992857781983805
801 7066.902082930388 1165.413905871225 214.85209252431227 52.81421978248448 7062 7073 1160 1170 101.0 2.862266991936727 2.3147489416724416 39.90657638918536 0.588205158934197 -0.16867899036040365 0.41547196973231204 0.0 17.348177005963706 2.6462784 41.16379195267354 7.667927337874459 2.5379298993610475 0.3230038756028033 5.670035141386943 51.72289211661391 12.287587884886696 27.11579299818899
802 6592.66023503287 1172.9375279874764 214.85624478631723 52.81727339333264 6574 6612 1161 1184 678.0 7.6858072895795395 4.5526720206631195 10.954724199043026 0.8056822776707535 -0.0899365089913993 1.8227649879651946 0.0 252.69287116999158 7.7093906 300.28316903811043 14.509806421905086 1.887649361921064 0.44331681654341315 14.690612745308144 342.7602497147043 23.18319690572853 25.062523873600096
803 3379.02886387429 1176.649557711227 214.88489436002146 52.83770688934043 3367 3392 1165 1189 462.0 6.21326124054694 4.255609627192472 -27.030580416536054 0.7286148368386743 -0.1297679412156976 0.9439368680157406 0.0 122.23947038294052 6.4853215 176.22628948694648 13.807436919669316 2.0207991109027326 0.3906516192232568 12.126795430653198 212.14917761649463 21.878504026136625 25.583396618526237
804 8207.720221219857 1176.8432151629024 214.84179600478282 52.80703273588292 8202 8213 1173 1181 84.0 2.686604910057354 1.8665662084747845 -21.705667592382923 0.7192342439725785 -0.12066801480772171 0.4411897319376366 0.0 13.715366818762503 2.4273512 17.36538181965274 3.69289620279882 1.4 0.3790445583174266 5.170882945826411 8.916843570737495 5.924254909193716 29.024472130429494
805 7454.92806800209 1178.850424421137 214.84848961187885 52.8118268439295 7451 7457 1175 1183 46.0 2.027214442008751 1.0051859558688985 -71.74061862520347 0.8684105308648052 -0.24480334914989546 0.4161491867259982 0.0 6.5888196390650435 1.8284396 24.15156232517746 5.194065683948 3.0648710208471286 0.39929457542928337 3.826519928662906 35.56941188625525 8.338164798309023 27.522308288726975
806 8498.01650270183 1181.3050441229655 214.83916013283473 52.805212129668945 8493 8504 1175 1189 103.0 3.653421478916321 1.6565397839886915 -56.035537392948505 0.8912962240488221 -0.05269391394241197 0.36065964924299926 0.0 16.74322924829323 2.8322642 23.391285214266922 4.587511538792677 1.5261701698996128 0.3711256177473282 5.725898905580716 23.19541994892194 7.204314948431995 27.986494400625666
807 539.8130694623692 1179.526483112891 214.9102326698443 52.855751783050394 534 547 1176 1185 110.0 3.488683991833627 1.8875115036118106 7.024052580931442 0.8409979817184245 -0.17785083027792822 0.2430554437565693 0.0 4.8083646847679695 2.7078934 35.82918485527722 11.824998462785794 3.9217484217260647 0.49209157507843304 5.917270272703197 39.549284100947176 18.887539202524568 27.407153433628288
808 4124.845625235931 1178.9879725882315 214.87820934940495 52.83298257901324 4121 4130 1176 1182 39.0 2.609633172992474 1.184675522720537 21.73388951207865 0.8910208051638586 0.12394000709631567 0.47460493005546023 0.0 11.604643289518126 1.411835 51.44665036882785 5.762556240041615 3.2455504862753553 0.17304026873977124 3.523362819972964 71.71445591253774 9.263272040823491 26.760983230417526
809 260.73814969582145 1182.6871104712848 214.91269412273218 52.85754071074442 251 273 1177 1188 149.0 5.2841932366233335 1.7628230608800712 -27.966746747092685 0.9427136335520692 -0.1397636876906671 0.368257460027686 0.0 14.984829436170656 3.2602067 19.30613403093155 5.008928982182 1.4 0.4988788480434918 6.886811529393324 17.37213457999875 7.977172287568552 28.30036703716405
810 3982.1523341062434 1182.2187004210177 214.87944957584423 52.83390632861512 3975 3989 1177 1189 136.0 3.9728947606516822 2.1701280998495283 23.428433394449012 0.8376329708372281 -0.05666036161355129 0.39727312147496924 0.0 17.751843952009743 3.0120347 36.290581221870276 8.243834109706775 2.463971103543978 0.4000324814826927 6.579524642479541 46.87981973938088 13.232616683000042 27.22253516730121
811 9011.9684032229 1178.3488092178256 214.83460813044826 52.80193019395136 9010 9013 1177 1179 8.0 0.962908228842699 0.5815416926668002 15.267093512929053 0.7970275041967927 0.0717641075811297 0.22814227821624036 0.0 1.1761158237329898 0.76923275 7.02221527892147 3.287071346225595 3.6966624296786077 0.23403360039654078 1.5957691216057308 2.972455143315483 5.277724746565634 30.21721172626229
812 838.6113499035401 1181.8581731291129 214.90753738134427 52.85386721675926 838 840 1179 1185 13.0 1.5296237131988835 0.5492133145937006 83.81162990185584 0.9333178429442522 0.005306475173196878 0.23577097711265943 0.0 1.9325202862025952 0.93793726 6.3999424101344715 3.1962340965668354 2.9781536342997614 0.2560151359147667 2.0342144725641096 7.454919828731764 5.142133847873019 29.218892556626265
813 1036.1315073377125 1180.2679326351358 214.9057887212253 52.852604492030515 1035 1037 1179 1181 5.0 0.8974691396888406 0.35796497613332057 57.29309617505167 0.917011621343666 0.05077397103312106 0.16284268090314666 0.0 0.5080649999733917 0.5938915 6.955737255562438 2.5606886088386234 3.721565365348057 0.28633314171090773 1.2615662610100802 17.66448814933078 4.072168905907357 28.28224735568348
814 7012.349318316931 1193.0653299889307 214.85228855681916 52.81471549039068 7003 7020 1181 1207 368.0 5.070022192142775 3.52937734733497 86.53240043068224 0.7179190390765559 -0.09756516563746043 1.1538152361524057 0.0 124.46861592635477 5.097099 155.13231701912738 10.468688770028129 2.1193771055126818 0.44574662490477823 10.823032759612019 214.70675748969998 16.746789996180894 25.570385716875084
815 1692.2620206202441 1193.2699767406116 214.89978842792667 52.848508409930304 1683 1704 1183 1204 355.0 5.067014814475323 4.2601748628024305 -40.65368249292892 0.5413983497199449 -0.13588594468828136 0.9456664015208555 0.0 89.91871086947552 5.7627296 150.74364412706007 14.806567621614674 2.3497409369395754 0.36944689042472745 10.630146264057032 148.44320984540406 23.962310003751863 25.971099158257022
816 10098.164437846666 1183.416627772763 214.82487116371175 52.795054504136246 10097 10099 1183 1184 6.0 0.7665782287142542 0.4925870079839575 1.9685886210498673 0.7662195086651111 0.27157377441897856 0.7104165178687799 0.0 3.17793460834355 0.79661405 9.07560222578614 2.318036348366551 2.8215510568191484 0.18672053366223157 1.381976597885342 16.04524981943997 3.7336613881235685 28.386633791721966
817 9904.179584432204 1199.752086027906 214.82642865811263 52.79637542621266 9897 9913 1184 1217 360.0 7.447225034295127 2.3477986682417167 -72.45600928211168 0.9490059404675775 -0.17424097430282995 1.2135044660841898 0.0 91.03177507462078 5.696886 120.03711533690816 9.537129635532366 1.7131187059099107 0.5295266377612531 10.704744696916627 111.8195421163849 15.311900817073923 26.278705726104974
818 1384.6232590741004 1186.903261353602 214.90260447792127 52.85042751083521 1383 1386 1185 1189 15.0 1.2370969420903697 0.8300850034731675 -59.12649672026346 0.7414625020925074 0.08071972103130919 0.43216822842260033 0.0 3.9242306771068036 1.2201416 14.835168809900479 4.329870085053297 3.095240465307663 0.24608746088913594 2.1850968611841584 21.773035637369613 7.0127898421173045 28.0552025414705
