outputs/dr0.5_c0.1/nircam1_f410m_dr0.5_c0.1.ecsv
# %ECSV 1.0
# ---
# datatype:
# - {name: label, datatype: int64}
# - {name: xcentroid, datatype: float64}
# - {name: ycentroid, datatype: float64}
# - {name: sky_centroid.ra, unit: deg, datatype: float64}
# - {name: sky_centroid.dec, unit: deg, datatype: float64}
# - {name: bbox_xmin, datatype: int64}
# - {name: bbox_xmax, datatype: int64}
# - {name: bbox_ymin, datatype: int64}
# - {name: bbox_ymax, datatype: int64}
# - {name: area, unit: pix2, datatype: float64}
# - {name: semimajor_sigma, unit: pix, datatype: float64}
# - {name: semiminor_sigma, unit: pix, datatype: float64}
# - {name: orientation, unit: deg, datatype: float64}
# - {name: eccentricity, datatype: float64}
# - {name: min_value, datatype: float64}
# - {name: max_value, datatype: float64}
# - {name: local_background, datatype: float64}
# - {name: segment_flux, datatype: float64}
# - {name: segment_fluxerr, datatype: float32}
# - {name: kron_flux, datatype: float64}
# - {name: kron_fluxerr, datatype: float64}
# - {name: kron_radius, unit: pix, datatype: float64}
# - {name: gini, datatype: float64}
# - {name: equivalent_radius, unit: pix, datatype: float64}
# - {name: kron4_2_flux, datatype: float64}
# - {name: kron4_2_fluxerr, datatype: float64}
# - {name: radius_kron20, unit: pix, datatype: float64}
# - {name: radius_kron50, unit: pix, datatype: float64}
# - {name: radius_kron80, unit: pix, datatype: float64}
# - {name: near_border, datatype: bool}
# meta:
#   PHOTMJSR: 0.8704000115394592
#   PIXAR_SR: 2.11539874851881e-14
#   __serialized_columns__:
#     area:
#       __class__: astropy.units.quantity.Quantity
#       unit: !astropy.units.Unit {unit: pix2}
#       value: !astropy.table.SerializedColumn {name: area}
#     eccentricity:
#       __class__: astropy.units.quantity.Quantity
#       unit: !astropy.units.Unit {unit: ''}
#       value: !astropy.table.SerializedColumn {name: eccentricity}
#     equivalent_radius:
#       __class__: astropy.units.quantity.Quantity
#       unit: !astropy.units.Unit {unit: pix}
#       value: !astropy.table.SerializedColumn {name: equivalent_radius}
#     kron_radius:
#       __class__: astropy.units.quantity.Quantity
#       unit: &id001 !astropy.units.Unit {unit: pix}
#       value: !astropy.table.SerializedColumn {name: kron_radius}
#     orientation:
#       __class__: astropy.units.quantity.Quantity
#       unit: &id002 !astropy.units.Unit {unit: deg}
#       value: !astropy.table.SerializedColumn {name: orientation}
#     radius_kron20:
#       __class__: astropy.units.quantity.Quantity
#       unit: *id001
#       value: !astropy.table.SerializedColumn {name: radius_kron20}
#     radius_kron50:
#       __class__: astropy.units.quantity.Quantity
#       unit: *id001
#       value: !astropy.table.SerializedColumn {name: radius_kron50}
#     radius_kron80:
#       __class__: astropy.units.quantity.Quantity
#       unit: *id001
#       value: !astropy.table.SerializedColumn {name: radius_kron80}
#     semimajor_sigma:
#       __class__: astropy.units.quantity.Quantity
#       unit: !astropy.units.Unit {unit: pix}
#       value: !astropy.table.SerializedColumn {name: semimajor_sigma}
#     semiminor_sigma:
#       __class__: astropy.units.quantity.Quantity
#       unit: !astropy.units.Unit {unit: pix}
#       value: !astropy.table.SerializedColumn {name: semiminor_sigma}
#     sky_centroid:
#       __class__: astropy.coordinates.sky_coordinate.SkyCoord
#       dec: !astropy.table.SerializedColumn
#         __class__: astropy.coordinates.angles.Latitude
#         unit: *id002
#         value: !astropy.table.SerializedColumn {name: sky_centroid.dec}
#       frame: icrs
#       ra: !astropy.table.SerializedColumn
#         __class__: astropy.coordinates.angles.Longitude
#         unit: *id002
#         value: !astropy.table.SerializedColumn {name: sky_centroid.ra}
#         wrap_angle: !astropy.coordinates.Angle
#           unit: *id002
#           value: 360.0
#       representation_type: spherical
#   astropy version: '5.1'
#   make_catalog parameters:
#     ab_zpt: 31.4
#     coadd_bands: !!python/tuple [f277w, f356w]
#     deblend_contrast: 0.001
#     deblend_nlevels: 32
#     deblend_npixels: 1
#     detect_kernel_fwhm: 4.0
#     detect_kernel_npix: 7
#     detect_npixels: 4
#     detect_threshold_nsigma: 3.0
#     flag_isolated_buffer: 4
#     hst_bands: !!python/tuple [f606w, f814w, f125w, f140w, f160w]
#     jwst_bands: !!python/tuple [f115w, f150w, f200w, f277w, f356w, f410m, f444w]
#     near_border_kernelsize: 21
#     reference_band: f200w
#   make_catalog version: 1.4.0
#   photutils version: 1.5.0
# schema: astropy-2.0
label xcentroid ycentroid sky_centroid.ra sky_centroid.dec bbox_xmin bbox_xmax bbox_ymin bbox_ymax area semimajor_sigma semiminor_sigma orientation eccentricity min_value max_value local_background segment_flux segment_fluxerr kron_flux kron_fluxerr kron_radius gini equivalent_radius kron4_2_flux kron4_2_fluxerr radius_kron20 radius_kron50 radius_kron80 near_border
[from data line 3177]
3178 6771.14970637303 3808.241947724233 214.95535014318 52.97588200725471 6767 6776 3804 3813 82.0 2.3335213528545147 1.9857563082438454 -29.110731340674068 0.5252145464129226 -0.05661294195291695 1.1284884167145528 0.0 39.01757012333702 1.6680058 69.60457452113802 4.2485177609445826 2.448074454955816 0.33130287970764044 5.108953969950291 78.96287151263795 6.766086081525056 2.2052957353252673 4.547852015917844 8.327188249853558 False
3179 4273.11721103753 3812.8768717551593 214.97771726697013 52.99175673891416 4268 4280 3806 3820 142.0 2.5720673706961494 2.4174434531710114 71.59006175904057 0.34149549646744015 0.019866412416937464 3.6347928290154132 0.0 138.19594629409707 2.4394147 229.383399173502 5.443289687202082 2.443476990928735 0.4795453971994963 6.723094811029982 324.842581041725 8.622186039605122 2.2338969005684515 4.861964920155178 10.396382946944048 False
3180 6464.609426966556 3809.7608506403085 214.95808397784467 52.977835398326306 6461 6469 3806 3813 53.0 2.156037756710131 1.6721668200557056 -3.764412244575508 0.631256663812991 0.019054083794543264 0.4652460785093319 0.0 15.002291115318762 1.2506833 39.21835817984518 4.03765171544372 2.7548281911930617 0.2424949401010962 4.1073621666150775 32.222485139672784 6.576696256065421 2.6921276668730147 4.895037714647142 7.295739638750498 False
3181 9228.563034221206 3808.8407689691053 214.93330834836675 52.96028913304626 9228 9229 3808 3810 4.0 0.8072425020382507 0.3014258946260362 -58.2628197158495 0.9276696671046935 0.13671508578040886 0.2567900687792887 0.0 0.7540928569279901 0.39025414 8.54063214333639 1.7405393584709172 4.012554223311326 0.1702852270557815 1.1283791670955126 16.35261129242908 2.7992551818278955 1.911796954952488 3.130808587358018 4.060990732961064 False
3182 7006.84114000443 3815.9450208133 214.95315484601034 52.9744279627275 7001 7013 3809 3822 136.0 3.5604403512648166 2.1719584997182464 53.22964219370528 0.7923819784250474 -0.12387493431955494 1.1675899085915291 0.0 65.54414202648226 2.1414137 90.19557053165093 4.765647008033482 2.159404871513966 0.3204310770314068 6.579524642479541 104.73064414701722 7.61575741174481 2.466834856127934 4.668572685550797 7.746272037081374 False
3183 562.0855364804858 3817.3430306158 215.01100123335664 53.01531904485104 548 574 3810 3825 321.0 5.383108367285553 2.8970768656340153 12.641728655708672 0.8428304494262258 0.03808679193748301 2.6687358034805926 0.0 250.55313067263035 3.875508 358.56847537781266 8.129456927257191 2.229092077793936 0.4273403217192691 10.108287365572707 515.0536519086586 12.807621759418462 3.4045887968347617 6.918261512286499 13.486538790675551 False
3184 2256.982083817194 3818.080088427167 214.995766071724 53.00457387834337 2247 2268 3811 3824 224.0 5.112994087439812 2.576858203260528 13.66851655145894 0.8637140173359997 -0.06448121924592738 1.1936216993113204 0.0 113.935034982 3.1275733 240.47303894833811 8.71117437189292 2.6205870298142124 0.30530492645809115 8.444016491289505 427.10930996964345 13.956627887983775 4.3261204386211 9.389803264960443 17.287885402312476 False
3185 774.220667902658 3814.0207157217087 215.00912996279908 53.013955815942985 772 776 3812 3816 20.0 1.2432499761352573 1.1089076826297344 -46.8593816506818 0.4521485407877368 0.16625598184150786 0.5814642706515792 0.0 7.499087582055649 0.9422987 46.40668555024148 3.6917829504969055 3.432610117982359 0.16821190649085813 2.5231325220201604 59.9954705601631 5.8791479617105376 2.857031686176629 5.40838493866124 8.210299064774746 False
3186 9835.691761191752 3813.0044833639827 214.9278228286919 52.95645780506814 9834 9837 3812 3815 11.0 1.4320683765066107 0.08565742991476749 -71.49310443376729 0.9982095527138718 -0.10014467485896847 0.1331000639276568 0.0 -0.21468523795943747 0.6905158 0.4257703818781325 1.3791271158224334 4.088284004082545 -0.20368991578287943 1.8712051592547776 1.6793201826785098 2.158148167242754 1.2619348725023372 1.8769030234880144 2.2767218446106345 False
3187 3973.023643492703 3817.5912093885513 214.9803615573577 52.99368598249521 3969 3977 3814 3820 46.0 2.297397731885637 1.5790382727513164 1.2690120990511866 0.726358509466701 0.10444508868995739 0.6259729258466378 0.0 14.14662565573808 1.4000419 50.5273102768994 5.114261352494846 3.0098818716055087 0.23768980546813018 3.826519928662906 78.63181732793058 8.399268210357066 3.2350343900241447 7.618893911531656 11.339519921279416 False
3188 8165.1559642942775 3824.0699652140315 214.94268142824876 52.96712085041978 8157 8174 3814 3834 279.0 4.845175515165021 3.589951229480847 67.04421776745811 0.6715787705013158 -0.05751597137985707 1.6251114500375652 0.0 140.41941251345804 3.452024 208.28012578495446 6.639009105557872 1.7590716529364916 0.3047357774147831 9.423823971471327 195.42959556417247 10.532003673950333 3.9544812634199613 7.317446420073947 11.399480170683365 False
3189 1221.3976982987338 3816.453101267406 215.00508628336868 53.01113306454005 1219 1223 3815 3818 15.0 1.3246527879715249 0.7345858400521132 -38.046905893089296 0.8321505884540388 0.1034925221746462 0.47094060553241257 0.0 4.621749499763102 0.749651 30.409547709217833 3.062263302893908 3.613687646575756 0.21138290905525045 2.1850968611841584 34.26220683406318 5.020568466285128 2.6066703969692773 5.435607691491269 7.574406127805708 False
3190 7473.1566382883275 3818.0457101349302 214.9489503551298 52.97148004954059 7470 7477 3815 3821 44.0 2.085733330136418 1.487847632175049 36.59237079050543 0.7008129430561264 0.14779492938779423 0.5589830612819741 0.0 16.71567126543055 1.233726 59.14435357667583 4.563575075430531 3.0702180310595217 0.15174468667959873 3.742410318509555 86.42236435016245 7.27659983303466 3.0425707455637694 5.8827871026020615 9.176014443007116 False
3191 9288.844973990872 3815.684397638313 214.93269588875256 52.95994345042867 9288 9290 3815 3816 4.0 0.6463743830963519 0.3402528069141514 -35.173709608885716 0.8502357737890529 0.058596042012861206 0.27390322124524796 0.0 0.6281017812954532 0.43940595 11.335560916672124 1.8797642545687079 4.078433254510058 0.35145860557874786 1.1283791670955126 26.430003343639413 2.964470701627481 2.11673524944049 3.4702108100138997 4.328259578994989 False
3192 2803.546865738829 3819.3643462850027 214.9908436662736 53.00111404876917 2801 2806 3816 3821 30.0 1.1631757376969842 1.0698072770838642 77.79457828198592 0.3925522530058364 -0.2086113456918619 0.6574210705192471 0.0 5.547047241591295 1.1960188 12.101820205925428 2.965727427775547 2.8436678956139967 0.577119038287573 3.0901936161855166 10.061617094910595 4.57294083871366 1.1571470055942554 4.848277843586996 6.518371963045959 False
3193 4296.0468938933955 3819.6263721077426 214.97744029741128 52.991647742304586 4293 4300 3816 3823 49.0 2.1072868013176027 1.5917401243744673 -59.49941649823293 0.6553210149599021 -0.04528815943342655 0.6446638770987242 0.0 18.26165882704218 1.4699578 73.9074495823073 5.265451140824039 3.1415890553837587 0.20734517002903288 3.949327084834294 149.272940324216 8.300216068585454 3.4361449251214538 8.602082286946361 13.16028969010377 False
3194 9317.965424777089 3817.289575803939 214.93241795266772 52.95976727691765 9317 9320 3816 3819 14.0 1.2870406372200907 0.8365451912572227 1.1591781004321708 0.7599549570433162 -0.15692484236970916 0.24006879798131253 0.0 0.7486127355450715 0.7641142 2.225644172151083 1.326947455796167 1.4 0.4395985164873095 2.111004122822376 2.030569813655084 2.1559264360071904 1.3681973529709044 2.6776468526384547 3.8756603360251543 False
3195 2941.726149300276 3827.5946414600617 214.98951601105955 53.000282047852885 2933 2950 3817 3838 266.0 4.630746953347898 3.5602267383620894 87.42518900739728 0.6394611320358351 -0.1762275124750608 0.9313279585010689 0.0 86.00574211422852 3.3321078 123.82751801934958 6.2278570043981984 1.6987354233962033 0.28888262120673 9.201653640780462 125.27716451963596 9.87988975685133 3.7624306088971795 6.9728266080497425 11.693824701999212 False
3196 3826.1025725541917 3819.87984182222 214.98165645085575 52.99463038307848 3823 3828 3817 3823 36.0 1.7925943483768896 1.2950328513746154 -74.75954352158153 0.6914388681671132 0.04921688874400435 0.5866906414600144 0.0 12.75360831428033 1.252644 36.91092786083758 3.8779646895742395 2.7729188496327897 0.27867804814743935 3.385137501286538 45.01797955863984 6.210342887876134 2.259289226873797 4.724522076492638 7.992556735011966 False
3197 7537.764278358623 3839.723159039902 214.94814249711948 52.97118711002245 7507 7568 3817 3861 2056.0 10.584211364510928 5.494277560006227 -27.415148562732384 0.8547127421584186 0.05540464750065232 39.52510949002535 0.0 8048.807868214868 10.608994 8087.954392803225 10.92571649511544 1.4 0.6539608238138312 25.582125126616702 8398.573456677546 15.757810350148569 4.388492435182186 8.768433534566348 15.705445699588111 False
3198 6635.083171986803 3829.9039904990486 214.9563424206673 52.97686244857183 6620 6654 3820 3840 516.0 6.742353976801005 3.9955709223413973 -16.451622797627664 0.8054912208993822 -0.0018050548998215191 2.064897184562223 0.0 284.1683205032293 4.1124773 390.1619110431656 8.29144020900955 1.9977773561893812 0.38971155514271477 12.815923738491737 440.8516195843991 13.16555868301749 4.170647467657425 8.43322047821657 15.527064705932482 False
3199 7194.146173635615 3823.7957804190296 214.9513921168389 52.973281736952465 7192 7197 3821 3826 26.0 1.507898703314086 1.1189053188043505 -67.93524367522049 0.6703672300788045 -0.03668640830903809 0.43305656540133824 0.0 7.078649631796955 0.97853255 17.680274459926803 2.9371810092474404 2.623783743795145 0.22853363318447914 2.876813695875796 11.665268984228963 4.628122295074947 1.8066263933075175 3.4183182030082295 4.824066561040784 False
3200 9328.263668050151 3832.7720715149585 214.93216249893308 52.95978550496439 9320 9337 3821 3845 342.0 4.8475678814504075 3.53834088218854 -80.321458639784 0.6835316734440566 0.009685075804672032 2.0750536542879274 0.0 220.45411261022542 4.091488 294.93509794502467 8.121731902932135 2.073849304107418 0.3917509072268819 10.433694507453072 354.52778736845823 13.030892121828312 3.325592939439511 6.606758420148344 11.915909102401278 False
3201 2464.6391138429753 3823.2718030922115 214.99384622414473 53.00328482822254 2464 2465 3822 3824 5.0 0.7868484554388939 0.4380695612269238 -72.47407150282548 0.8306871891176417 0.1310679836844207 0.2266206103080313 0.0 0.9354341110833797 0.45809582 9.888093288349364 1.9968083467535604 3.8179028441045704 0.116918190335345 1.2615662610100802 17.52394134047153 3.151183831822529 1.815094897212707 2.924893438257134 3.9178936763373593 False
3202 965.6299695960715 3825.3297350365297 215.00729081193714 53.012803092548985 961 970 3823 3828 40.0 2.383812840473858 1.3181332979188627 -14.615563930668538 0.8332133265162367 0.17137575267760702 0.7066304215405266 0.0 15.306380992179035 1.2636169 49.01085486915603 4.677672569912789 2.946719232605172 0.15151694491650472 3.5682482323055424 79.91138127461576 7.554716484473874 2.840540042864301 5.666459272263482 9.180639330476984 False
3203 3712.3465790095734 3826.415263308568 214.9826088762445 52.99538733118037 3708 3716 3823 3830 56.0 1.9686579022221358 1.8079315553570825 -47.608832472035964 0.3957520477127666 -0.07729545629374324 0.8175866563280629 0.0 25.571272297621277 1.5579904 50.307466240788536 4.400699377695328 2.5351517959610126 0.2429809472312948 4.222008245644752 65.26774474479086 7.046326533651206 2.202378031913443 4.123760907258149 8.37503244845198 False
3204 7590.5312746440095 3828.187176140309 214.94779084725872 52.97078993291974 7586 7594 3824 3833 70.0 2.412314919126011 1.8961689159292632 -76.98995583169777 0.6181793812531114 -0.08417214849938384 0.6780230279105461 0.0 24.66757203794842 1.6452347 45.92425515594779 4.157460569422529 2.2030328392551777 0.24532933596334922 4.720348719413148 64.63107608617152 6.455193932304523 2.423934426594508 4.462951606567273 6.879059204848467 False
3205 611.7876766946567 3846.5470501044942 215.01024674551346 53.01516174280235 583 634 3829 3864 1244.0 8.112108034837155 5.264883675000629 -9.413641562234655 0.7607752027551328 -0.07852705815114548 17.529062177471232 0.0 2830.9722641457565 8.20411 2947.7527338997515 10.084120299789065 1.554599265029421 0.5881328956955337 19.899183360445615 3167.87753044039 15.581313394668909 4.147851525228031 7.87543796059644 13.184517141927985 False
3206 3937.9495241572076 3843.9049736088064 214.9803990976176 52.99405067570657 3924 3953 3829 3857 605.0 5.311709071186891 4.929144695368228 21.687845941245087 0.37263707767305354 -0.23968635063711907 4.071709210606368 0.0 463.309441473618 5.173419 586.5121188393246 9.293806954674208 1.9535559819576098 0.4732592257340064 13.877228871110882 622.2605949337353 14.63869806640322 3.4244921168614715 7.363877072528663 14.317407558962737 False
3207 3582.685559620284 3837.6922212297263 214.98365416320482 52.996270789049824 3573 3592 3830 3846 203.0 5.025846501203606 2.3057158691603834 -34.72434311305276 0.8885542061836765 -0.1474609832961426 1.4856544517701848 0.0 119.51431166162072 3.0266893 203.15315556757423 7.42184277381644 2.3040622997246087 0.32332741832530015 8.03846421247924 235.42222996039985 11.89257787347308 3.456675965125904 7.3927433431670435 14.420462193126298 False
3208 9599.631431364129 3840.029041833188 214.92965373649596 52.958102160939006 9595 9604 3835 3845 86.0 2.226517178396424 2.030597633564158 -61.18933148463491 0.4101762524459651 -0.02936081620787036 1.4381339226296102 0.0 50.80609873648957 1.9694172 54.54251260458845 2.7745727804397355 1.4 0.35491238369594186 5.232078956954491 53.17657663345313 4.468413934493805 1.6285592830503295 2.8621452240708605 4.272042874723112 False
3209 7488.209264943241 3837.0464384781653 214.94861512473562 52.97148714198517 7486 7490 3836 3839 16.0 1.3045411760008307 0.9438348295989744 0.6202573109615094 0.6903249516757122 0.1115869358548845 0.4406761570668532 0.0 4.425420457956419 0.7430835 14.301808441153586 2.4780575818918185 2.733871825797587 0.21271805732030707 2.256758334191025 24.413874627317455 4.0049674164830895 1.789578923700264 3.282107684585284 6.09545372016927 False
3210 9009.776592417 3844.649892837253 214.93489220945986 52.96187119532936 9005 9015 3839 3850 108.0 2.6394974519377574 2.0811744204176352 52.92191069985138 0.6150684235523994 -0.07035874289133597 1.7397657802284645 0.0 66.92807895526457 2.0540814 102.00124704817642 4.701980857732102 2.2697267724350714 0.3839378976969142 5.863230142835039 101.4841794445766 7.650916432990386 2.1227734975746064 4.188845786852575 8.452362513169627 False
3211 754.0 3840.0 215.00903781586237 53.01422449565861 754 755 3840 3842 5.0 0.28867513459481287 0.28867513459481287 0.0 0.0 -0.1259879551449923 0.07601821730485453 0.0 -0.1997093109622766 0.48758346 1.4975034543423067 0.9915007090108515 3.5046457211156636 -0.31625278161154846 1.2615662610100802 4.469258484470966 1.5455198273796755 1.2894634141079466 1.9263457982750403 2.3064699932546193 False
3212 2998.854947314274 3844.873857773111 214.98882086048226 53.00001305485837 2995 3004 3840 3850 79.0 2.701466146214396 1.993751080395202 59.771021145238514 0.6747727503263969 0.06129479600317839 0.7321110001215299 0.0 27.83883463929835 1.8339225 81.13438976786891 5.794559980824896 2.7205349571444564 0.22852830283816905 5.014626706796775 105.81259075987202 9.0941754748401 3.4186385084531317 6.905935305060681 12.336422036489285 False
