outputs/dr0.5_c0.1/nircam1_f115w_dr0.5_c0.1.ecsv
# %ECSV 1.0
# ---
# datatype:
# - {name: label, datatype: int64}
# - {name: xcentroid, datatype: float64}
# - {name: ycentroid, datatype: float64}
# - {name: sky_centroid.ra, unit: deg, datatype: float64}
# - {name: sky_centroid.dec, unit: deg, datatype: float64}
# - {name: bbox_xmin, datatype: int64}
# - {name: bbox_xmax, datatype: int64}
# - {name: bbox_ymin, datatype: int64}
# - {name: bbox_ymax, datatype: int64}
# - {name: area, unit: pix2, datatype: float64}
# - {name: semimajor_sigma, unit: pix, datatype: float64}
# - {name: semiminor_sigma, unit: pix, datatype: float64}
# - {name: orientation, unit: deg, datatype: float64}
# - {name: eccentricity, datatype: float64}
# - {name: min_value, datatype: float64}
# - {name: max_value, datatype: float64}
# - {name: local_background, datatype: float64}
# - {name: segment_flux, datatype: float64}
# - {name: segment_fluxerr, datatype: float32}
# - {name: kron_flux, datatype: float64}
# - {name: kron_fluxerr, datatype: float64}
# - {name: kron_radius, unit: pix, datatype: float64}
# - {name: gini, datatype: float64}
# - {name: equivalent_radius, unit: pix, datatype: float64}
# - {name: kron4_2_flux, datatype: float64}
# - {name: kron4_2_fluxerr, datatype: float64}
# - {name: radius_kron20, unit: pix, datatype: float64}
# - {name: radius_kron50, unit: pix, datatype: float64}
# - {name: radius_kron80, unit: pix, datatype: float64}
# - {name: near_border, datatype: bool}
# meta:
#   PHOTMJSR: 2.962800025939941
#   PIXAR_SR: 2.11539874851881e-14
#   __serialized_columns__:
#     area:
#       __class__: astropy.units.quantity.Quantity
#       unit: !astropy.units.Unit {unit: pix2}
#       value: !astropy.table.SerializedColumn {name: area}
#     eccentricity:
#       __class__: astropy.units.quantity.Quantity
#       unit: !astropy.units.Unit {unit: ''}
#       value: !astropy.table.SerializedColumn {name: eccentricity}
#     equivalent_radius:
#       __class__: astropy.units.quantity.Quantity
#       unit: !astropy.units.Unit {unit: pix}
#       value: !astropy.table.SerializedColumn {name: equivalent_radius}
#     kron_radius:
#       __class__: astropy.units.quantity.Quantity
#       unit: &id001 !astropy.units.Unit {unit: pix}
#       value: !astropy.table.SerializedColumn {name: kron_radius}
#     orientation:
#       __class__: astropy.units.quantity.Quantity
#       unit: &id002 !astropy.units.Unit {unit: deg}
#       value: !astropy.table.SerializedColumn {name: orientation}
#     radius_kron20:
#       __class__: astropy.units.quantity.Quantity
#       unit: *id001
#       value: !astropy.table.SerializedColumn {name: radius_kron20}
#     radius_kron50:
#       __class__: astropy.units.quantity.Quantity
#       unit: *id001
#       value: !astropy.table.SerializedColumn {name: radius_kron50}
#     radius_kron80:
#       __class__: astropy.units.quantity.Quantity
#       unit: *id001
#       value: !astropy.table.SerializedColumn {name: radius_kron80}
#     semimajor_sigma:
#       __class__: astropy.units.quantity.Quantity
#       unit: !astropy.units.Unit {unit: pix}
#       value: !astropy.table.SerializedColumn {name: semimajor_sigma}
#     semiminor_sigma:
#       __class__: astropy.units.quantity.Quantity
#       unit: !astropy.units.Unit {unit: pix}
#       value: !astropy.table.SerializedColumn {name: semiminor_sigma}
#     sky_centroid:
#       __class__: astropy.coordinates.sky_coordinate.SkyCoord
#       dec: !astropy.table.SerializedColumn
#         __class__: astropy.coordinates.angles.Latitude
#         unit: *id002
#         value: !astropy.table.SerializedColumn {name: sky_centroid.dec}
#       frame: icrs
#       ra: !astropy.table.SerializedColumn
#         __class__: astropy.coordinates.angles.Longitude
#         unit: *id002
#         value: !astropy.table.SerializedColumn {name: sky_centroid.ra}
#         wrap_angle: !astropy.coordinates.Angle
#           unit: *id002
#           value: 360.0
#       representation_type: spherical
#   astropy version: '5.1'
#   make_catalog parameters:
#     ab_zpt: 31.4
#     coadd_bands: !!python/tuple [f277w, f356w]
#     deblend_contrast: 0.001
#     deblend_nlevels: 32
#     deblend_npixels: 1
#     detect_kernel_fwhm: 4.0
#     detect_kernel_npix: 7
#     detect_npixels: 4
#     detect_threshold_nsigma: 3.0
#     flag_isolated_buffer: 4
#     hst_bands: !!python/tuple [f606w, f814w, f125w, f140w, f160w]
#     jwst_bands: !!python/tuple [f115w, f150w, f200w, f277w, f356w, f410m, f444w]
#     near_border_kernelsize: 21
#     reference_band: f200w
#   make_catalog version: 1.4.0
#   photutils version: 1.5.0
# schema: astropy-2.0
label xcentroid ycentroid sky_centroid.ra sky_centroid.dec bbox_xmin bbox_xmax bbox_ymin bbox_ymax area semimajor_sigma semiminor_sigma orientation eccentricity min_value max_value local_background segment_flux segment_fluxerr kron_flux kron_fluxerr kron_radius gini equivalent_radius kron4_2_flux kron4_2_fluxerr radius_kron20 radius_kron50 radius_kron80 near_border
[from data line 2256]
2257 7415.942614091682 2761.1721664081124 214.96059957735812 52.9661345630692 7404 7427 2753 2770 236.0 6.463125206371747 2.0526184354807446 -30.598094695306308 0.948228417792275 -0.1846257312135143 2.6425372277126282 0.0 90.2666048216258 3.9309144 113.19456093218719 7.567860765946146 1.8494417817404132 0.44419953866162004 8.667244841319219 118.86442807783709 12.079625983764961 3.245214472694479 6.6995656510997925 11.20023739191473 False
2258 1473.9177671638008 2759.3046970922537 215.01395917286322 53.00381654635881 1468 1479 2754 2763 96.0 2.1494992661432586 1.7198140781156508 13.772058405603293 0.5998668201898081 -0.25812652479631354 2.0813549549691768 0.0 45.430112665107046 2.7660441 47.85506509915617 3.771795910381582 1.5761906966038894 0.5512957378246599 5.527906391541368 52.00627466007897 5.970024692809673 1.3580953399047246 2.3522066213018467 3.765175447487078 False
2259 7895.355563877624 2755.0813499797814 214.95636423152314 52.96305955192343 7894 7896 2754 2756 7.0 0.7290094854745748 0.5160699360887786 75.11161845570123 0.7063070054888237 -0.046907139520013845 0.6843103934097029 0.0 2.5769330977001226 0.6739459 10.851703731456091 2.101666161450501 3.111049724777907 0.41061736330504905 1.4927053303604616 11.763117563535832 3.3475307923837865 1.150468402355571 2.19935528255605 3.2267360694981404 False
2260 2946.262388852993 2760.8461485855346 215.00071744993323 52.99448759394479 2940 2953 2755 2767 143.0 3.1286633458691653 1.766046429170506 38.73396352806669 0.8254514352378879 -0.20902727608401675 2.635127037401302 0.0 72.95577234477898 3.129704 99.80072521177158 5.702800703787892 2.128141400135071 0.5586772957008851 6.746726148605861 128.30232146840405 9.143001926197465 1.819784882343524 3.7878485219331046 8.483139219207692 False
2261 3201.352442564407 2759.9382406639097 214.99843622473765 52.99286481086133 3195 3208 2755 2766 126.0 2.8294657609117726 2.341603898938236 -10.389155848485503 0.561350592859161 -0.18705696588766524 1.4095189633198717 0.0 57.331168886161684 3.0330575 71.40996735050066 5.364473295123521 1.762568125529899 0.38226764422649495 6.333012368467128 74.55837413634283 8.578879669228114 2.0643193012692396 3.863245442701305 6.327366916579625 False
2262 8907.979171427829 2757.371543354896 214.94726058392442 52.956645815699176 8906 8910 2756 2759 18.0 1.196677049680965 0.9305163735845743 -20.978550014441634 0.6287796451427519 0.12147810035320239 1.0942108321679607 0.0 8.875634896197335 1.0614315 16.0940648507766 2.826621279471039 2.410564669183095 0.3177673552540573 2.393653682408596 17.139704367041706 4.524711049738648 1.174430864520584 2.2377943031803307 4.996187010924803 False
2263 9294.127139872311 2763.336680895041 214.94373612110525 52.954227352318 9287 9302 2756 2770 167.0 3.2656249836825517 1.9479298411306358 42.56963235903222 0.8026165949140066 -0.3062196189301208 1.8604562831415101 0.0 44.62076018986241 3.2830944 47.82662231107294 4.353053177256161 1.540533047774296 0.5885741953499843 7.2909362219603215 52.795634670926965 6.984349087172397 1.4587762594251077 2.9428445910364442 5.378960131108071 False
2264 1111.681704662832 2767.2731271924085 215.01712989554713 53.00615662450392 1107 1120 2762 2774 96.0 4.8562539210582765 1.441893730054549 44.46264157096914 0.9549039706614184 -0.17291507289188324 1.128164143047915 0.0 26.413554469533935 2.5822392 73.05656233788665 8.868390157390039 2.8489885606325687 0.3883185563214763 5.527906391541368 77.26295849156632 14.171646240681916 4.618803460869942 8.020656259153618 21.476261176941097 False
2265 nan nan nan nan 2377 2382 2762 2767 27.0 nan nan nan nan 0.0 0.0 0.0 0.0 5196152.5 nan nan nan nan 2.9316150714175193 nan nan nan nan nan True
2266 2844.634920546036 2765.302301130726 215.0015831893085 52.9951562283019 2842 2848 2762 2769 46.0 1.713753380004054 1.3008655273636842 83.7763982720233 0.6510044210729767 -0.1496134129729435 0.8692766047451361 0.0 9.41966447835829 1.7263469 7.946483969347579 2.345330144250686 1.4 0.5000185223614995 3.826519928662906 5.8714080938476165 3.7527597012390066 0.9127161305118899 1.6478313189988343 2.293813870489839 False
2267 nan nan nan nan 8182 8191 2764 2772 64.0 nan nan nan nan 0.0 0.0 0.0 0.0 8000000.0 nan nan nan nan 4.51351666838205 nan nan nan nan nan True
2268 710.1087965993523 2770.0895577747087 215.02070875400202 53.00871818594563 703 718 2765 2776 144.0 3.4954565174930528 2.5029010539685843 9.10130305641915 0.6980550346240406 -0.0843381586335736 0.9801561963892675 0.0 51.82912496563248 3.3813565 85.94096897708584 8.0740309333632 2.2825259600479844 0.3272022175964787 6.770275002573076 90.48872716645533 12.90603170381607 2.8484099788747224 5.82418007267446 10.794829602489719 False
2269 4044.7716290750227 2771.332949043817 214.99074319763673 52.987576801268155 4040 4049 2767 2776 76.0 2.281916964893011 1.554435977370638 -44.68610749795098 0.7320997596845296 -0.24127489000255803 1.1479281795095138 0.0 18.32252911794702 2.2632592 32.42704885554685 5.117488621382195 2.3924735390775154 0.5067998823289904 4.918490759365935 44.432054148747184 8.098430433880708 1.8023928272176521 4.018819630258091 7.557949899312359 False
2270 9042.761837430944 2769.945677031576 214.94591981515677 52.955858340419454 9041 9044 2768 2772 14.0 1.3248877248600786 0.8155645975721308 -69.27076603748219 0.7880801730753557 0.18781263905790044 0.7770244107014795 0.0 5.272385427538319 0.96764004 17.767637798913697 3.216654512327706 2.745506396781683 0.2275381105447852 2.111004122822376 23.21488276863448 5.126595371482949 1.7619004728429057 2.8475276381009453 4.378205226753305 False
2271 2294.1331930347433 2777.8689017883275 215.00639518153673 52.998715460486395 2285 2303 2769 2787 256.0 4.28041059839917 3.3534701415837875 30.091943236654345 0.6214599897519449 -0.7857452846449609 4.804014347604153 0.0 163.5912240468788 9.8654995 232.3754424594889 22.777232751939597 2.3382906800947425 0.5404607280785987 9.0270333367641 293.13396196328415 18506788.08088531 3.313551541585304 6.203224055351089 16.863617583604135 False
2272 8783.715805157064 2775.519023025497 214.94818344413108 52.957532438894866 8777 8789 2769 2782 149.0 2.582140694718175 1.8956963250082297 -45.69680722833443 0.6789798916464425 -0.23639349490319758 5.853891328537449 0.0 106.26391203219413 3.0592453 111.33347231227931 3.5602267698201735 1.4635618259690633 0.6330884816422878 6.886811529393324 117.21622133498528 5.645863737698834 1.3834358743286932 2.697759543316733 4.407601891423337 False
2273 6573.142381403565 2773.521738787265 214.96802940385155 52.97154888617299 6570 6577 2770 2777 50.0 1.8440654879040383 1.4407804919788123 -72.52001259545212 0.6241474461610437 -0.06276249891883176 1.172891716387133 0.0 16.026040351986406 1.7620294 23.233598605648176 4.0947037150077685 2.2572483887942862 0.4210121303376443 3.989422804014327 33.7550487509223 6.531567028297541 1.3610377457156542 2.8898088762274514 5.315262999029662 False
2274 6619.937738064662 2772.771202387135 214.96761750716723 52.971247925051685 6616 6624 2770 2775 43.0 1.9170934496100818 1.2823443149515343 -5.241199175738336 0.7433521618622708 -0.06805803002171548 0.9355351916046976 0.0 9.796718676399914 1.6511134 36.95673467159834 5.997017786287014 3.387436190618177 0.45288295609492474 3.6996385101659595 36.962440639828785 9.649311630697637 2.8557300866055106 7.580327525148312 11.271228993079301 False
2275 8892.607175799665 2772.7427819357604 214.94723646080445 52.956826387057326 8891 8895 2770 2775 21.0 1.2625861385660517 0.9982451077403137 -69.13821527898637 0.6122874332538968 0.11716378497855741 1.096017335821256 0.0 11.417086039205532 1.1469936 20.38436173981726 3.083591650180345 2.484882139755895 0.29494232243237983 2.5854414729132054 21.286821470405314 4.924531992136879 1.1847196990786883 2.3681690595418328 4.826784974080908 False
2276 9499.098257585107 2781.5010386462595 214.94170746355414 52.953024558142985 9494 9504 2775 2788 125.0 3.0496460515060235 1.7464975348724814 72.82785959721673 0.8197729958643619 -0.0898515184875344 2.1415274381282394 0.0 62.39861938015614 2.8901057 69.87438220418994 3.701654374807301 1.4070857692547103 0.5070725649686655 6.3078313050504 76.42639710628484 5.858897545202596 1.6121955158953731 3.013714020078118 5.603687943465267 False
2277 3330.671426878985 2777.9509199390677 214.99708516036796 52.99214196532436 3329 3333 2776 2780 21.0 1.3384862548356835 0.8583908504454387 -34.22371832320928 0.7672779897576868 0.022749634247273935 0.9249054300577484 0.0 7.149620403745597 1.2192734 13.993154714162953 3.516170417238709 2.7498403356600614 0.3723646637447435 2.5854414729132054 24.24767695580113 5.61547399058369 1.2223402230350913 2.6076344969694976 5.016113779434087 False
2278 9742.574564324581 2780.1136338341526 214.939539771255 52.95147175988086 9739 9746 2776 2784 53.0 1.9394304869478423 1.4786793635667475 73.33341510880264 0.6470710815754157 -0.1395979001868282 0.6342587985312292 0.0 9.324808697701327 1.8849652 14.519625520788189 2.730168866448889 1.4 0.4246167262063699 4.1073621666150775 11.818748675534817 4.331353077835174 1.503568496700323 3.1635934208088523 4.928319789133144 False
2279 4291.266910233141 2790.212223230157 214.98833137211398 52.98611528045634 4277 4306 2777 2803 580.0 5.148589380656692 3.5016728742696803 54.312941182548094 0.7330982314173378 -0.16178834804289777 9.834080958577218 0.0 446.8943445433221 6.154522 447.80741354210465 6.684709799665803 1.4 0.6617526652189368 13.58748446131949 431.0168690243571 10.518313357380714 2.1971939595542453 4.694818560926668 8.123693845484254 False
2280 6296.721590926935 2790.108838050565 214.970334548889 52.97339230129947 6285 6306 2777 2803 405.0 6.189116727811449 2.7492926002224642 64.14410331641672 0.8959206878062947 -0.13660593914809915 3.7938342007681842 0.0 270.7358397500396 5.459558 296.39018100739975 8.333366569567975 1.7076880506978673 0.5377012502184177 11.354096349090721 329.6010078623203 13.286399592488843 2.7968737499411596 6.061985042705444 9.83728470757934 False
2281 1113.4926183691437 2785.78305162774 215.01691856358119 53.006245221681205 1104 1125 2778 2793 227.0 4.656692189227633 2.9340192489380916 -19.317286489953414 0.7765423134661613 -0.19194413362587157 1.5195188065133125 0.0 67.79154622195908 4.0066543 116.76562068446165 10.667935816539078 2.455076323039853 0.43265887260113545 8.500373177909337 119.68601487793421 17.04483340665267 3.7928058734441747 7.457599867718711 14.743060876437044 False
2282 2388.583756215913 2780.0713761298716 215.00552359461022 52.9981283722047 2387 2391 2778 2782 22.0 1.5519305917365767 1.073185150228633 -34.2546663742297 0.7223609491723482 -0.31303800144817817 0.8491374468006838 0.0 5.169831179202633 3.656134 21.504369229890344 8302159.473284756 3.113271558555504 0.5433937480565543 2.6462837142006137 26.91089088223291 16095444.26633776 2.4342422343165855 4.028928250829565 6.410676844014103 True
2283 4266.797600288079 2779.2132652157065 214.9886669308892 52.986211052459645 4266 4269 2778 2781 13.0 1.0260764846523382 0.8687804976082509 -57.709229736862035 0.5320682020660488 -0.17983071997856898 0.36643848236217796 0.0 1.014810822391527 0.86974615 2.9250075923956995 1.4178929886648435 1.4 0.4431979117055698 2.0342144725641096 2.2604218057414567 2.283154162958797 1.3470676338782122 1.940309880083947 2.3986745408970855 False
2284 9900.457906645404 2780.241274907814 214.93812338195622 52.95047036677761 9899 9902 2778 2782 17.0 1.3155853834270004 0.8575843165176081 64.7263268796222 0.7583348689614803 0.19268596074099553 0.6550740320648458 0.0 6.292097376887811 1.0809717 15.770594752417603 3.2721934210058525 2.618730254085651 0.21848800688774536 2.326213245840639 14.926567213582391 5.205164627870912 1.4604137885488733 2.8860415084733475 4.529985979463025 False
2285 3699.2949782895184 2783.798657939295 214.99371361260654 52.98983550795318 3696 3702 2779 2790 58.0 2.7486560822395094 1.342578737199334 86.69508369811967 0.8725923585751141 -0.02278617269568054 1.017877042396069 0.0 26.620456433964318 1.9698459 67.84673416972194 5.719189093689573 2.652481548680866 0.25748613839737416 4.296739856991561 72.26264339196754 9.176475494153292 2.725623581419139 5.334587603107835 9.199039686064793 False
2286 7823.197717132882 2784.944012234406 214.95669671354182 52.963678743183436 7820 7827 2781 2788 52.0 1.7747800383610501 1.2440055392247134 78.5949468475811 0.7132251063214758 -0.4624767431174685 0.41910397370099856 0.0 -1.9754860496443323 1.8452636 -6.236452465460643 8.929048980259816 5.309132961316049 -0.6068952814552973 4.068428945128219 3.257309587238212 14.329496930335438 12.612834573814977 13.143223595276673 13.614387886607778 False
2287 6391.0602039719215 2783.858363384938 214.9695540237666 52.97275998912868 6389 6392 2782 2786 14.0 1.5346762120883513 0.5003456713787091 -64.44595833786572 0.9453605050478403 -0.153917745888307 0.39595184911949144 0.0 1.9713509893088745 1.0095265 9.319203134984765 2.949668106927789 2.8674519094492603 0.43191720390790006 2.111004122822376 11.661785824996999 4.741747457795414 2.0229894519901723 3.463134197533755 4.5353809857427425 False
2288 8970.891529496097 2796.8236912103316 214.94628095790296 52.95645961753809 8946 8990 2784 2809 875.0 8.85156908497398 4.1231294396648615 -0.6495236232215192 0.8848859498411938 -0.20554407172327865 8.443422683518337 0.0 583.6437848009348 7.653347 612.4702331548474 9.937685780708973 1.4541824558587995 0.5351788108235422 16.688952945311364 641.5390127450219 15.73015472755122 3.5699815043745593 7.9653791697060115 13.363133024283824 False
2289 8526.409266586154 2786.424685373454 214.95037547549146 52.95922425474553 8525 8528 2785 2787 9.0 0.9157771481546985 0.6022149551706049 -17.757735634183128 0.7533673605632399 0.07061264194408037 0.6116617135977914 0.0 2.7646125870837137 0.7461291 20.10401381547841 2.8909895183236016 3.5624480742179463 0.3230230723960816 1.692568750643269 26.254534200601597 4.553253259770128 1.910725011959528 3.45916006258991 4.866295107544205 False
2290 8721.250206104738 2793.5437735260657 214.94855358349758 52.95802620965852 8711 8732 2787 2799 226.0 4.71032746329222 2.5809397357378594 2.3711692571880985 0.8365227949965216 -0.19729974216789123 1.174250557246086 0.0 94.8723764793993 3.6884296 124.27084687481057 7.3570776093469865 1.9595425483172506 0.3911578471647854 8.481629223064205 141.55763321693766 11.741271122883079 2.9163335414195797 5.583592481948329 10.326083684430373 False
2291 7110.357841833377 2791.1788936997536 214.96302432560722 52.968235666978515 7106 7115 2788 2795 60.0 2.0117500024956123 1.248420216229233 27.82542195563477 0.7841555708790089 -0.19852282691972165 1.5950438402281606 0.0 18.075662029658716 1.9488794 19.153880879457358 2.4655338861686142 1.4 0.5389096530862371 4.370193722368317 19.427983331449163 3.9275536084159173 1.1399208619852275 2.026258769493967 3.158624017232576 False
2292 7886.300653260811 2797.9147024221475 214.95599417130924 52.963348375053286 7867 7903 2789 2805 432.0 8.385551272550572 2.428477289196465 13.96976480231439 0.9571469820496812 -0.16863242659076938 2.9661259306946706 0.0 291.84309577036555 5.3372145 335.1151457934152 7.71962437692415 1.538162310872613 0.4589400866224957 11.726460285670077 340.52573983217036 12.228292539043297 3.451888059528525 7.677075445149905 13.08162962155205 False
2293 877.9274148791754 2796.557789682196 215.01892175375454 53.00779719270945 871 885 2792 2801 117.0 2.856687683541984 1.6233435423817661 15.90030662404428 0.82284852640401 -0.2150073760091167 3.8124560692146394 0.0 66.1538918818228 2.9465125 72.26429312566816 4.311034841912668 1.6816993423946787 0.5606089934539062 6.102643417692329 80.15030891753432 6.934090103441437 1.352657708772684 2.590430421843657 5.024794778820808 False
