outputs/dr0.5_c0.1/nircam1_matched_f814w_f277w_dr0.5_c0.1.ecsv
# %ECSV 1.0
# ---
# datatype:
# - {name: label, datatype: int64}
# - {name: xcentroid, datatype: float64}
# - {name: ycentroid, datatype: float64}
# - {name: sky_centroid.ra, unit: deg, datatype: float64}
# - {name: sky_centroid.dec, unit: deg, datatype: float64}
# - {name: bbox_xmin, datatype: int64}
# - {name: bbox_xmax, datatype: int64}
# - {name: bbox_ymin, datatype: int64}
# - {name: bbox_ymax, datatype: int64}
# - {name: area, unit: pix2, datatype: float64}
# - {name: semimajor_sigma, unit: pix, datatype: float64}
# - {name: semiminor_sigma, unit: pix, datatype: float64}
# - {name: orientation, unit: deg, datatype: float64}
# - {name: eccentricity, datatype: float64}
# - {name: min_value, datatype: float64}
# - {name: max_value, datatype: float64}
# - {name: local_background, datatype: float64}
# - {name: segment_flux, datatype: float64}
# - {name: segment_fluxerr, datatype: float32}
# - {name: kron_flux, datatype: float64}
# - {name: kron_fluxerr, datatype: float64}
# - {name: kron_radius, unit: pix, datatype: float64}
# - {name: gini, datatype: float64}
# - {name: equivalent_radius, unit: pix, datatype: float64}
# - {name: kron4_2_flux, datatype: float64}
# - {name: kron4_2_fluxerr, datatype: float64}
# - {name: kron4_2_mag, datatype: float64}
# meta:
#   PHOTMJSR: 0.3925000131130219
#   PIXAR_SR: 2.11539874851881e-14
#   __serialized_columns__:
#     area:
#       __class__: astropy.units.quantity.Quantity
#       unit: !astropy.units.Unit {unit: pix2}
#       value: !astropy.table.SerializedColumn {name: area}
#     eccentricity:
#       __class__: astropy.units.quantity.Quantity
#       unit: !astropy.units.Unit {unit: ''}
#       value: !astropy.table.SerializedColumn {name: eccentricity}
#     equivalent_radius:
#       __class__: astropy.units.quantity.Quantity
#       unit: !astropy.units.Unit {unit: pix}
#       value: !astropy.table.SerializedColumn {name: equivalent_radius}
#     kron_radius:
#       __class__: astropy.units.quantity.Quantity
#       unit: !astropy.units.Unit {unit: pix}
#       value: !astropy.table.SerializedColumn {name: kron_radius}
#     orientation:
#       __class__: astropy.units.quantity.Quantity
#       unit: &id001 !astropy.units.Unit {unit: deg}
#       value: !astropy.table.SerializedColumn {name: orientation}
#     semimajor_sigma:
#       __class__: astropy.units.quantity.Quantity
#       unit: !astropy.units.Unit {unit: pix}
#       value: !astropy.table.SerializedColumn {name: semimajor_sigma}
#     semiminor_sigma:
#       __class__: astropy.units.quantity.Quantity
#       unit: !astropy.units.Unit {unit: pix}
#       value: !astropy.table.SerializedColumn {name: semiminor_sigma}
#     sky_centroid:
#       __class__: astropy.coordinates.sky_coordinate.SkyCoord
#       dec: !astropy.table.SerializedColumn
#         __class__: astropy.coordinates.angles.Latitude
#         unit: *id001
#         value: !astropy.table.SerializedColumn {name: sky_centroid.dec}
#       frame: icrs
#       ra: !astropy.table.SerializedColumn
#         __class__: astropy.coordinates.angles.Longitude
#         unit: *id001
#         value: !astropy.table.SerializedColumn {name: sky_centroid.ra}
#         wrap_angle: !astropy.coordinates.Angle
#           unit: *id001
#           value: 360.0
#       representation_type: spherical
#   astropy version: '5.1'
#   kernelfile: kernel_f814w_f277w.fits
#   make_catalog parameters:
#     ab_zpt: 31.4
#     coadd_bands: !!python/tuple [f277w, f356w]
#     deblend_contrast: 0.001
#     deblend_nlevels: 32
#     deblend_npixels: 1
#     detect_kernel_fwhm: 4.0
#     detect_kernel_npix: 7
#     detect_npixels: 4
#     detect_threshold_nsigma: 3.0
#     flag_isolated_buffer: 4
#     hst_bands: !!python/tuple [f606w, f814w, f125w, f140w, f160w]
#     jwst_bands: !!python/tuple [f115w, f150w, f200w, f277w, f356w, f410m, f444w]
#     near_border_kernelsize: 21
#     reference_band: f200w
#   make_catalog version: 1.4.0
#   photutils version: 1.5.0
# schema: astropy-2.0
label xcentroid ycentroid sky_centroid.ra sky_centroid.dec bbox_xmin bbox_xmax bbox_ymin bbox_ymax area semimajor_sigma semiminor_sigma orientation eccentricity min_value max_value local_background segment_flux segment_fluxerr kron_flux kron_fluxerr kron_radius gini equivalent_radius kron4_2_flux kron4_2_fluxerr kron4_2_mag
[from data line 4551]
4552 10077.41158154588 2241.692886708436 214.94221038244268 52.94643906151955 10023 10140 2201 2291 6151.0 27.163659672556683 17.318111227671988 -38.20070372650891 0.7704114177772318 -0.3632252214921734 0.4720730350113791 0.0 219.95104759093005 24.127409 1037.163896534801 94.62068700477832 3.14145743678604 0.5053362932259703 44.24843624261197 2075.1770966654362 153.26343981024064 23.10736208614766
4553 10035.720988187239 2241.0018936709102 214.94259130041118 52.94669992821986 10029 10041 2232 2250 187.0 4.728564886425724 2.5304766585501497 -73.24801937570174 0.8447590405469984 -0.30519883287351396 0.4652028995481434 0.0 24.231650712072494 4.1945224 72.22634314072315 11.664656437276964 2.6804848305632305 0.38472696664849115 7.715176518808164 99.53281741271937 19.40592573166858 26.405084256141183
4554 10124.131672076534 2263.754992937857 214.9415592933288 52.946261681047396 10077 10158 2228 2298 2956.0 19.59388613513536 11.716925606806132 -42.5444418146565 0.801504413531086 -0.40855905530360914 0.5619704495865915 0.0 60.46623657081551 16.938599 101.52420449685675 29.70141430001649 1.4 0.5484594950465772 30.67448489476694 15.339828072705515 47.86513563262102 28.43544876972472
4555 10109.953829570177 2291.6539409879474 214.94139249509638 52.94650232437987 10102 10119 2287 2298 143.0 2.668742604299008 1.9670257063878185 -10.770537638663916 0.6758263798095596 -0.13406393583793305 1.2200368144978928 0.0 25.314663049243244 3.675438 30.544571198702585 4.951524875244459 1.6740708468156342 0.6278313644619568 6.746726148605861 26.71926630579378 7.647858429739798 27.83293867871353
4556 7462.220153517939 2219.192703094689 214.96589411914317 52.9629130940808 7457 7466 2211 2225 80.0 3.5258334946804646 1.7307298240102191 -85.471617779528 0.8712322004027006 -0.11368623066472945 0.4117533957639453 0.0 16.71399332033614 2.7655585 52.015321830112015 9.84046955134365 2.9514254673780167 0.337379667455044 5.046265044040321 68.79202814166324 15.728212326307812 26.806154715991177
4557 7452.830445740327 2223.1592257841608 214.96593655240096 52.96299409965841 7447 7461 2218 2228 117.0 2.771224408840824 2.7270062955519734 28.634971101626952 0.17792619354839187 -0.11000227708840407 0.42421950472178915 0.0 14.320153262795193 3.2221243 52.80095929914589 12.410762613925195 3.3770838087480715 0.39522314136810827 6.102643417692329 79.24911387332051 19.931575421549205 26.65251396290419
4558 2059.6271279907874 2249.4657643551823 215.01406948096425 52.99734591770455 2021 2092 2227 2275 2230.0 16.668646517563392 8.378059587978722 9.193856782799868 0.8645052037186561 -0.30831221650803975 1.7183011948792537 0.0 415.56907739755945 14.927939 460.33978739287977 25.55781684948367 1.5406905236213568 0.5122975945452373 26.642654638565077 500.72917195442386 41.15726235484385 24.650992765811804
4559 2080.9428226074633 2264.2305477847653 215.0137224312291 52.99729057561734 2060 2099 2245 2284 835.0 9.033229506468922 4.2515584917051905 -50.1892524630232 0.88231592120044 -0.28018225083558 2.5656640504875123 0.0 273.3603766962503 9.24439 308.24408790985325 12.996629393572078 1.4831141767647602 0.5693698081010223 16.303029011918774 321.9991391715994 20.709303507983734 25.130363223349896
4560 3324.848706520396 2237.466327723135 215.0028322616291 52.989257390924855 3317 3335 2228 2247 264.0 3.393966919931937 3.14061027720377 86.96157456184969 0.37911178859807837 -0.27909230485514575 2.8651657975497837 0.0 132.28214527642194 4.920671 143.25327662140737 8.20096118224275 1.8867158529061305 0.5394566085988194 9.166995688475081 181.86056448740166 12.975884801602477 25.750653663037934
4561 3312.9379985566384 2241.49560493469 215.00289676696906 52.98935471078921 3305 3324 2230 2251 291.0 4.123413042527665 3.0066672245666646 62.75624246763978 0.6843330842679524 -0.04730977507898412 3.1842400966003415 0.0 155.44864006587864 5.062395 211.0802105508775 9.232384853176178 2.002613982267184 0.5228143466563796 9.624353322664494 228.97762085219296 14.77126840425507 25.500517403488022
4562 6324.890426726519 2242.4661025853475 214.97585138298965 52.97025468685904 6317 6333 2234 2255 261.0 4.028931061508984 2.748321057826717 75.28787369811997 0.7312155689324237 -0.19564679711572755 1.5238753372079754 0.0 73.14626916803486 5.1778502 77.2538635609096 6.5950870725385355 1.4 0.5274272499815479 9.114761669619748 75.93100285144449 10.598675010671949 26.698952160453622
4563 6321.246801388137 2255.648073116954 214.97574520736663 52.97034902770497 6315 6327 2252 2261 92.0 2.74526056438234 1.710066217366886 22.59712475949471 0.7822888785207084 -0.3380517081787524 0.44894275220609353 0.0 11.573715562561159 3.0692613 9.426070349188548 4.291334078364264 1.4 0.39923784440783894 5.4115163798060095 0.7826802162761233 6.870051625816492 31.66603910914104
4564 9603.24798880953 2257.3257703368445 214.94629554014116 52.949532799835936 9597 9609 2251 2267 176.0 3.7913579106111417 2.920476078766164 -88.808915727526 0.6376838729456152 -0.11314910599786111 0.9618396586181256 0.0 46.106580645291125 4.0124745 84.5316106311667 10.264900596855274 2.290387187683967 0.39197761244620216 7.48482063701911 112.75822763679726 16.35791438862869 26.269629397751537
4565 9606.280327090222 2283.5023056710397 214.94599263665668 52.9496549243678 9599 9612 2266 2298 323.0 7.116666312957905 2.6341803017516194 81.22104822140916 0.9289750088331816 -0.11613473316445118 0.9273299072336524 0.0 92.10831465814633 5.4405556 240.53194934726247 17.399626042441373 3.0187003690888163 0.40777144508484836 10.139728459745083 351.56506216975555 27.864481811188774 25.034985726919487
4566 9608.752285656983 2300.9208710030966 214.9457870048489 52.94973330655939 9606 9610 2299 2303 21.0 1.2813176688285908 1.1944816484960519 77.39229765554525 0.3618685667643406 0.12858580924737822 0.47019078208183557 0.0 5.016465635826464 1.3712715 47.3195530050438 6.068334791310543 3.680639868558204 0.23195577735171508 2.5854414729132054 87.11311357509717 9.669506190434081 26.549791158846478
4567 3223.0254951553434 2260.320469297475 215.00350584806347 52.990026705102224 3214 3233 2254 2264 159.0 3.070901227148181 2.3272282034182727 -20.32524573746956 0.6524493649297018 0.0013238308819122863 4.696102119986523 0.0 152.09144763729435 3.726269 190.80223993484574 6.551744623862812 1.8695533426461912 0.5550753603850332 7.1141599576634995 215.95626855898257 10.490991983840697 25.564085462937204
4568 3223.9384565490773 2271.321529930219 215.00338174342707 52.99008038290966 3208 3237 2256 2286 577.0 6.341948289411917 4.051900844715759 -41.04649791295306 0.7692858563746444 -0.10585549716060112 2.451998417912105 0.0 288.79547215293417 7.090573 373.46164928498473 12.067593708958718 1.8161800877945857 0.5200130759140774 13.552298857686367 390.6987095110406 19.31309591746949 24.92039505814971
4569 3202.5563411513085 2281.7330602338156 215.00346406308904 52.99027227112607 3193 3211 2276 2286 169.0 4.799736493927084 2.340215388004666 11.086636570618822 0.8730829840672966 -0.12718188299881666 0.6004871581275558 0.0 28.955045858546868 3.7788217 24.382118305886593 6.079439319354086 1.4 0.39416890723061726 7.334464586120832 24.462584073793437 9.740403681761709 27.928744171835437
4570 3276.9392984276865 2340.285951886913 215.00217918406648 52.99011703809027 3235 3323 2297 2382 5468.0 14.945356584596132 12.373943000636158 42.09859999588346 0.560808342897912 -0.278575664782108 9.922311501525998 0.0 5192.9636212168725 21.935583 5249.462467424373 25.03969239348925 1.4 0.5985914733846445 41.719521301819455 5366.454433131168 40.08986663476291 22.075781384767325
4571 3230.210155139834 2332.098519866989 215.00268507667803 52.990369144020804 3216 3241 2317 2344 473.0 6.680920195382063 3.8568206529199216 -35.81962248496846 0.8165400162365626 -0.19635674009293222 0.9644026843756053 0.0 115.02750367639058 6.3972135 138.15192290952143 10.832419980983012 1.6313143612798215 0.427966982485829 12.27031279816994 146.1624603304066 17.436316535128977 25.987910387953
4572 7943.888916019357 2306.949950061372 214.96064989693474 52.960330916733206 7936 7951 2299 2316 212.0 4.389646308943154 3.2721207892376696 64.95821349746018 0.6665974822226393 -0.17187460282256872 0.5367839246775644 0.0 39.36608761583216 4.38708 81.22815614895123 13.12305816144933 2.5992537147026953 0.34284911802073326 8.214724333230155 37.209344373108166 20.9628624032006 27.473369955398315
4573 7934.741221335525 2307.7159085009253 214.96072386241676 52.96039309946985 7934 7936 2306 2309 8.0 0.9406433308308771 0.6293682600292914 -50.576258627547126 0.7431878807144988 0.07543932477299724 0.23830864456768142 0.0 1.2955780498863998 0.8763501 10.824293250725814 3.532644805678464 3.3911539272358904 0.19284362625457754 1.5957691216057308 15.573244823199449 5.616655056376693 28.41905222227438
4574 9626.965219005046 2306.891857191567 214.94556086200646 52.949649965485776 9614 9637 2300 2317 299.0 5.203840648038009 3.978488723373268 -22.997196994175756 0.6445889599438256 -0.13056834563533254 0.8610593377151727 0.0 71.7781431042098 5.176421 227.3920086273717 18.55770921835069 3.0725376836806992 0.36468871979859335 9.755749892701914 391.97531113657993 29.756626823024856 24.916853216216808
4575 9641.24894317975 2307.9696111768358 214.94542148054617 52.949565134589314 9636 9648 2303 2315 117.0 3.2030821917708168 2.7274349195996637 15.205466691433362 0.5243493137754973 -0.09756382581968823 0.5020121341332944 0.0 20.05281344830608 3.2776961 104.69338711336347 13.124625302701329 3.3858638092345745 0.4056997161387173 6.102643417692329 191.83490248500868 21.16128366863179 25.69268093585344
4576 9650.306766355767 2307.0716648705334 214.945349751291 52.94950279984213 9647 9653 2305 2310 28.0 1.7807601414708698 1.173451214667968 6.586273179475503 0.7521772394195188 -0.0061595880887477 0.4840338352354364 0.0 7.8855280983051275 1.5978253 42.78190488179762 6.125679194626602 3.1804387778029795 0.21408696112422457 2.985410660720923 29.73050499846926 9.745679713573743 27.71699428465786
4577 9634.512261107737 2317.785605451321 214.94537846819856 52.94966090048139 9630 9641 2312 2321 85.0 2.831997482326569 2.0152143103058937 -3.2917668438915144 0.7025973798367261 -0.07411967298282288 0.5837729907150981 0.0 23.808139405220068 2.832132 65.64210960632259 9.384907447000549 2.9704361274918187 0.30294870995394607 5.201570947860099 150.67724527644026 15.107759481805 25.954880820723577
4578 6671.0136998366515 2315.7753803562173 214.9719738455392 52.96845486211638 6661 6679 2311 2321 143.0 3.866875749390499 2.244168924392984 -21.78188448060658 0.814362080362929 -0.13184468096436872 0.8111142592982823 0.0 37.383119700776334 3.597412 83.66760212828457 10.40458751872615 2.6521000386026556 0.4319613656805414 6.746726148605861 112.17779193695701 16.790116943731704 26.275232781805578
4579 6643.352045863984 2342.6251772386067 214.97193914815728 52.96877542685682 6608 6675 2316 2368 1965.0 17.213092005541633 6.064226444329966 -32.14123497126814 0.9358859408085396 -0.31409103609254213 1.5908700170658556 0.0 556.651523833939 13.343848 716.3065290336924 26.48991282009044 1.9358677648309321 0.43733747915496207 25.00957669276209 875.708096836358 42.670686500341894 24.04410158691873
4580 3541.9995362782097 2328.902916127156 214.99991897482678 52.988374426112806 3535 3548 2323 2335 139.0 3.141596134505059 2.526859532613497 52.92175002554939 0.5941916703223538 -0.19801160227677678 0.8822905664720825 0.0 32.01814103836775 3.6235554 71.09192995837365 9.93728918441512 2.6015730378703994 0.4098238064996068 6.651697090182843 90.14971728213872 15.801875980016069 26.512589077317884
4581 3514.508787002499 2345.7462469439706 214.9999883620391 52.98863982592601 3472 3547 2317 2387 2684.0 15.305803614349507 12.43443105383648 16.0858106886677 0.5831008863423868 -0.3803105781556613 1.8735742341792587 0.0 989.9514997114462 15.866708 1217.952394402279 27.52086278265363 1.5163202015466128 0.385896266108951 29.229158977248975 1215.3465044365141 44.637737902319685 23.688249709463562
4582 3483.4055904577317 2349.356902236863 215.00022960765358 52.98885660966702 3474 3492 2338 2364 278.0 4.822746990233645 3.977981337438161 65.991623359854 0.5653702507170301 -0.2161987809881311 0.9527602318075805 0.0 54.13191331169104 5.137598 60.21376684996886 8.779197096656713 1.7164024945014036 0.44571817849720746 9.40692023773423 77.57682465127766 15.239811918879928 26.675670001922754
4583 3492.022081279964 2364.4894619221245 214.99999279951717 52.988883757880096 3478 3500 2352 2382 383.0 5.327970515630456 3.625295712541796 85.16432770058071 0.7328157436580881 -0.2198385504814141 1.2156688301644958 0.0 110.4277705494024 5.9464526 123.47262480114578 7.7242981845625565 1.6559903848225785 0.4866493018088152 11.041407809169618 148.18248804949468 13.316703213125507 25.973007793740027
4584 3529.697379779789 2372.7840196324996 214.99956710820962 52.98868964241178 3496 3561 2343 2403 1806.0 14.338869069167533 7.698329878759525 -45.72694511416589 0.8436551639084885 -0.25223998389671665 1.9523943001094248 0.0 603.1101909594965 12.901614 703.5529202713187 22.63866359106135 1.7643887216519463 0.5088992509518561 23.976397862229554 801.9147086424874 37.99304107265586 24.139679551657782
4585 3544.3818867820796 2395.0830453245344 214.99920030770022 52.988717040302475 3523 3567 2378 2410 873.0 9.33330188294392 5.770594160067304 -9.012679236447386 0.7859578904615611 -0.2725833615002856 1.23120637142792 0.0 187.71216574239625 9.06823 276.24978496438587 16.02912049709693 1.6032154848137439 0.4974859046031281 16.669868944849245 255.94805866059045 25.617454395507906 25.37962040044932
4586 10029.876701034906 2332.574363884375 214.9416791370885 52.94723153447094 10022 10042 2325 2341 240.0 5.144236911429556 3.4263844249541573 15.117435331979625 0.7458957395082911 -0.21743974989768775 0.34548772877550327 0.0 14.175394447955101 4.678885 82.41554298085433 15.27330419074663 2.7065140028744836 0.480996520654423 8.740387444736633 185.12501553027408 24.46180704569777 25.731337230093622
4587 10036.086873936329 2355.144417417355 214.9413857442697 52.94731400257951 10019 10051 2335 2377 1044.0 9.57330537705148 6.581207482743554 -69.66560338014574 0.7262278838475581 -0.5011966107314664 0.8499535868573881 0.0 94.42556997691199 9.942809 270.6873586957031 30.843542438792863 2.854646916653418 0.48426201949045455 18.229523339239496 386.6644474024921 50.01756940813285 24.93166439530697
4588 2374.8504641284458 2339.403172934204 215.01029028458083 52.99583319451894 2373 2377 2338 2343 16.0 0.8241782552268809 0.521371315792988 24.542207432686872 0.7744825032065377 -0.24846406821109654 0.21977665020681156 0.0 -0.618887106947129 1.2541518 0.7006909322860129 1.2465126059558833 1.4 -0.4986730761871648 2.256758334191025 -0.9771603072932022 1.9977340466656772 nan
4589 2377.09599547547 2344.680301374272 215.0102145122151 52.99584748381171 2376 2380 2341 2345 17.0 0.7597361859335772 0.471846451891434 -3.5871197075836587 0.7837581248604808 -0.13155282103844776 0.3915187930670306 0.0 0.7911420353880767 1.3077922 3.5936656099784945 2.2574941506564623 2.739934460688411 0.8857096816739269 2.326213245840639 7.601629244732006 3.559222293233977 29.19773329029638
4590 300.6321478810568 2357.269285004031 215.02873901502366 53.00908212106782 281 322 2341 2366 667.0 6.358560883948586 3.899899553480543 -24.179875151516207 0.7898263441606926 -0.27079146277069854 3.0033407949329547 0.0 307.6382906864188 8.065399 328.74966765946306 9.501534622080648 1.4 0.62186898862421 14.57095378088162 344.6912882289604 15.259643675214265 25.05642423216697
4591 309.76165550179564 2392.3088436079374 215.02828773494926 53.00921372731236 264 355 2350 2432 5399.0 17.050472866295276 16.109423339590194 26.12929549378543 0.32762451694567135 -0.36014168766752086 1.7325951640676984 0.0 719.6326491279399 22.97767 767.2033498535914 32.16241359361435 1.4 0.5751097830983809 41.45545893493746 727.6125812978008 51.64331303714255 24.24524950017253
