outputs/dr0.5_c0.1/nircam1_matched_f277w_f410m_dr0.5_c0.1.ecsv
# %ECSV 1.0
# ---
# datatype:
# - {name: label, datatype: int64}
# - {name: xcentroid, datatype: float64}
# - {name: ycentroid, datatype: float64}
# - {name: sky_centroid.ra, unit: deg, datatype: float64}
# - {name: sky_centroid.dec, unit: deg, datatype: float64}
# - {name: bbox_xmin, datatype: int64}
# - {name: bbox_xmax, datatype: int64}
# - {name: bbox_ymin, datatype: int64}
# - {name: bbox_ymax, datatype: int64}
# - {name: area, unit: pix2, datatype: float64}
# - {name: semimajor_sigma, unit: pix, datatype: float64}
# - {name: semiminor_sigma, unit: pix, datatype: float64}
# - {name: orientation, unit: deg, datatype: float64}
# - {name: eccentricity, datatype: float64}
# - {name: min_value, datatype: float64}
# - {name: max_value, datatype: float64}
# - {name: local_background, datatype: float64}
# - {name: segment_flux, datatype: float64}
# - {name: segment_fluxerr, datatype: float32}
# - {name: kron_flux, datatype: float64}
# - {name: kron_fluxerr, datatype: float64}
# - {name: kron_radius, unit: pix, datatype: float64}
# - {name: gini, datatype: float64}
# - {name: equivalent_radius, unit: pix, datatype: float64}
# - {name: kron4_2_flux, datatype: float64}
# - {name: kron4_2_fluxerr, datatype: float64}
# - {name: kron4_2_mag, datatype: float64}
# meta:
#   PHOTMJSR: 0.8704000115394592
#   PIXAR_SR: 2.11539874851881e-14
#   __serialized_columns__:
#     area:
#       __class__: astropy.units.quantity.Quantity
#       unit: !astropy.units.Unit {unit: pix2}
#       value: !astropy.table.SerializedColumn {name: area}
#     eccentricity:
#       __class__: astropy.units.quantity.Quantity
#       unit: !astropy.units.Unit {unit: ''}
#       value: !astropy.table.SerializedColumn {name: eccentricity}
#     equivalent_radius:
#       __class__: astropy.units.quantity.Quantity
#       unit: !astropy.units.Unit {unit: pix}
#       value: !astropy.table.SerializedColumn {name: equivalent_radius}
#     kron_radius:
#       __class__: astropy.units.quantity.Quantity
#       unit: !astropy.units.Unit {unit: pix}
#       value: !astropy.table.SerializedColumn {name: kron_radius}
#     orientation:
#       __class__: astropy.units.quantity.Quantity
#       unit: &id001 !astropy.units.Unit {unit: deg}
#       value: !astropy.table.SerializedColumn {name: orientation}
#     semimajor_sigma:
#       __class__: astropy.units.quantity.Quantity
#       unit: !astropy.units.Unit {unit: pix}
#       value: !astropy.table.SerializedColumn {name: semimajor_sigma}
#     semiminor_sigma:
#       __class__: astropy.units.quantity.Quantity
#       unit: !astropy.units.Unit {unit: pix}
#       value: !astropy.table.SerializedColumn {name: semiminor_sigma}
#     sky_centroid:
#       __class__: astropy.coordinates.sky_coordinate.SkyCoord
#       dec: !astropy.table.SerializedColumn
#         __class__: astropy.coordinates.angles.Latitude
#         unit: *id001
#         value: !astropy.table.SerializedColumn {name: sky_centroid.dec}
#       frame: icrs
#       ra: !astropy.table.SerializedColumn
#         __class__: astropy.coordinates.angles.Longitude
#         unit: *id001
#         value: !astropy.table.SerializedColumn {name: sky_centroid.ra}
#         wrap_angle: !astropy.coordinates.Angle
#           unit: *id001
#           value: 360.0
#       representation_type: spherical
#   astropy version: '5.1'
#   kernelfile: kernel_f277w_f410m.fits
#   make_catalog parameters:
#     ab_zpt: 31.4
#     coadd_bands: !!python/tuple [f277w, f356w]
#     deblend_contrast: 0.001
#     deblend_nlevels: 32
#     deblend_npixels: 1
#     detect_kernel_fwhm: 4.0
#     detect_kernel_npix: 7
#     detect_npixels: 4
#     detect_threshold_nsigma: 3.0
#     flag_isolated_buffer: 4
#     hst_bands: !!python/tuple [f606w, f814w, f125w, f140w, f160w]
#     jwst_bands: !!python/tuple [f115w, f150w, f200w, f277w, f356w, f410m, f444w]
#     near_border_kernelsize: 21
#     reference_band: f200w
#   make_catalog version: 1.4.0
#   photutils version: 1.5.0
# schema: astropy-2.0
label xcentroid ycentroid sky_centroid.ra sky_centroid.dec bbox_xmin bbox_xmax bbox_ymin bbox_ymax area semimajor_sigma semiminor_sigma orientation eccentricity min_value max_value local_background segment_flux segment_fluxerr kron_flux kron_fluxerr kron_radius gini equivalent_radius kron4_2_flux kron4_2_fluxerr kron4_2_mag
[from data line 2582]
2583 4445.018276112049 3135.6344004870234 214.9833113671379 52.98700666624889 4430 4462 3124 3147 502.0 7.084284796607435 3.263857841699707 26.80022764122715 0.8875465525895097 0.18180807593698872 3.6192659151519098 0.0 439.7946959286004 5.1372886 586.7317031737898 10.393868311496473 2.1394376265978106 0.4333762410619047 12.640868754332628 746.3878883729424 16.951201957850838 24.217588541238946
2584 9073.960538202848 3133.055646986242 214.94181467831336 52.95762127357719 9068 9080 3126 3140 141.0 3.470566351077793 2.373190970701927 -63.62220738313371 0.7296647074068032 0.1941776416063341 1.5941629750054882 0.0 87.73503978739993 2.479457 137.50926228785028 5.963673399884806 2.276157270620631 0.30295304899159997 6.699380116989518 187.45685761941914 9.523089240352627 25.717746668556906
2585 979.1212664173962 3129.682076720606 215.01450174001278 53.0089566573108 977 981 3127 3132 24.0 1.4768903280479813 1.2343392465657543 65.22040807921606 0.5490811162924579 0.24172779223682309 0.3681847758669453 0.0 7.369041667201992 1.0089748 34.3635108423408 4.081560640804098 3.179026778186494 0.06543285213118329 2.763953195770684 41.57432546517322 6.348644306146302 27.352936970973428
2586 8026.823274372863 3127.4066929693445 214.95126260216185 52.964236310241105 8026 8028 3127 3128 5.0 0.7796869389631093 0.44338439138913277 -19.24889349943501 0.8225659207303992 0.2871057310222364 0.3229276381479042 0.0 1.5461663550371285 0.48514718 24.83152187085443 2.282244184310365 3.983657633128005 0.027187137494585588 1.2615662610100802 42.35408869901137 3.5691701855832094 27.332761645522883
2587 6059.653379136975 3132.4891766966557 214.96885405626654 52.9767461817529 6055 6064 3128 3137 62.0 2.5306687526840217 1.6325115216544632 43.12632955952393 0.7641057912269995 0.19671726811207557 0.6003917468308214 0.0 23.342134412450385 2.7104285 56.401238843885764 6.382200062693232 2.67091888315866 0.17185468245284252 4.442433223290478 82.86376905536619 9.438646547322044 26.6040882918014
2588 8785.421361416451 3133.9207054850795 214.94439225656188 52.959457203287684 8779 8793 3129 3139 130.0 3.200953158138034 2.240502954286856 13.598582989473604 0.7141931378467785 0.17538832997495743 1.4896843939462219 0.0 79.89479448562972 2.4993427 108.39387542381567 4.899872452583193 1.9141927744904184 0.3146415336714077 6.432750982580687 109.21680057378364 7.836399840510576 26.304276374882594
2589 4265.0841746227115 3130.8973000976434 214.98497651828131 52.98812248627993 4264 4266 3130 3132 7.0 0.9103706655514704 0.5338847542546725 -44.86080855106563 0.8099871185074453 0.14938514558188767 0.23025862422395799 0.0 1.3533937728119112 0.51436806 14.16708100804642 2.342918596019307 3.738090567810853 0.09652480914138736 1.4927053303604616 21.651428997646512 3.781114842398321 28.061283587155053
2590 8093.313416411019 3136.2781927264255 214.95057290890134 52.96386227488391 8087 8101 3132 3141 116.0 3.2270624206876777 2.0418360436829057 -18.19902930421454 0.7743783504842678 0.23020926379962564 1.5780952215292487 0.0 81.00988783477655 2.358728 118.28348594280052 4.903965752608392 2.0964996365687725 0.2968586716403202 6.076507779746499 124.18505547733412 7.887056618932003 26.16482666084622
2591 1982.3427361141748 3136.162141226166 215.00542014430576 53.002629684629824 1981 1984 3134 3138 13.0 1.1877695489076796 0.8607920787820748 -75.67373981681268 0.6890508050082397 0.2069783814798889 0.32538926995996853 0.0 3.5638104854111297 0.7588379 29.22314200631322 3.1878150368856217 3.495806880746021 0.07911164996967146 2.0342144725641096 52.331934244984055 5.110038315988964 27.103083032422823
2592 1728.4084639448322 3140.2104162941037 215.00765866657613 53.004261978904935 1725 1732 3135 3146 76.0 2.84401007770327 1.8572494545273877 -84.92355497170037 0.7573242925228568 0.15614232057917532 0.5440636106055408 0.0 26.84634236603005 1.784646 50.54512660705631 4.69626324477308 2.2212204828442514 0.1612597677848604 4.918490759365935 59.80029180251013 7.382501011140906 26.95824174203939
2593 3222.284474408627 3135.9540363299598 214.99428591334262 52.99476442123081 3221 3223 3135 3137 7.0 0.7473323235715388 0.695382229501247 -82.62020349174946 0.3663275730598289 0.2559086759151911 0.30667599746167906 0.0 2.0088719572303027 0.62737876 12.246875466188811 2.4338965989311574 3.4495523253268554 0.04372211899986589 1.4927053303604616 13.745424801067818 3.7680167655159487 28.554604584456914
2594 2897.230979963906 3143.110817458863 214.99712954019924 52.99686480731224 2892 2902 3136 3151 139.0 3.4598467292475426 2.518769564795504 78.1316066873053 0.6855767774449664 0.16984807115026088 0.7315790011596687 0.0 53.355002805486194 2.5205708 78.34770262300799 4.9085221091861255 1.841039487217274 0.22502956435822719 6.651697090182843 80.64246846211395 7.827375107888713 26.63359046740426
2595 1866.09824101641 3141.928567692979 215.0064036198816 53.00339806627182 1861 1872 3137 3146 95.0 2.915447048859261 2.041541355192698 17.9805574036138 0.7138978563030957 0.15765772839554731 0.8512687499727662 0.0 38.474491132805426 2.2088246 77.19234230910686 5.71725416184825 2.5482341906088575 0.2513898693837537 5.499039842323396 77.48431480621458 9.08342589887351 26.67696550768712
2596 7156.2191362646645 3144.261364426686 214.95889285389953 52.969851981246016 7146 7166 3137 3152 244.0 4.632324520018254 3.2135318402822164 8.80300520460396 0.7202456922569018 0.23165398282773367 1.2169326139322902 0.0 146.32792740243616 3.104728 321.5582665743759 8.815426075974901 2.674258017620651 0.2442072529539413 8.812923024107548 510.6025505798651 14.259563626376567 24.6297925503081
2597 1520.1578248496048 3143.8269731930623 215.0094914713888 53.00560218959344 1518 1522 3138 3151 54.0 3.3378898714600824 1.2293921101466116 -89.52222326741202 0.9297013919676541 0.20827449853351881 0.44861486300923104 0.0 16.54667822222584 1.6788532 44.60580719460016 5.069388160917391 2.6607691583530513 0.11651224312146363 4.145929793656026 86.78792754600185 7.945429941456182 26.553851705630077
2598 9270.793703291338 3151.036744673541 214.9398607934236 52.95646910824336 9263 9278 3138 3162 285.0 5.711786841309909 2.8313707528594536 -69.45427114165565 0.8684900181060456 0.24192216244101553 2.4336155317546044 0.0 230.6209626355169 3.6056316 313.2895707955204 7.102178213684766 1.8742873460341927 0.3273076361330639 9.52461639974967 320.21972780745625 11.366304700857981 25.136379789926885
2599 6540.002933642464 3145.5997482871167 214.9644063638245 52.973769255232185 6535 6545 3141 3151 89.0 2.5234705034753007 2.3588526064472846 48.31374435601626 0.35526592186300654 0.1827094036060446 0.6033653643424859 0.0 32.00159129621154 1.731961 120.02421716529547 6.027951333132133 3.070299876897133 0.17448156900512204 5.322553886092406 199.06652223171636 9.681158412063276 25.65250442693449
2600 8130.098415828279 3144.5165154824867 214.95015626012102 52.96367332843278 8127 8133 3141 3148 44.0 1.895441498754576 1.5542395182091446 -50.65729354168449 0.5723805350787896 0.20037651582843588 0.7022675576137691 0.0 19.688359927722757 1.5131632 37.94860419626839 4.0725367783895 2.397830838034187 0.17104260016660816 3.742410318509555 42.36432696249875 6.382381858653828 27.332499221979916
2601 8072.459551001128 3148.6911795049523 214.95062912033495 52.964061657725146 8068 8077 3144 3153 78.0 2.354665720768945 1.9867187582131045 -41.855149233319146 0.5367567001656274 0.23271996936416878 1.0314972871600083 0.0 41.040133861431364 1.84854 69.0989358798152 4.517860507863607 2.31287377879447 0.25076632369942653 4.982787485166879 83.74052921297417 7.333020652687718 26.592660747089752
2602 8892.512348590644 3149.3980040902416 214.94326911708956 52.958861123359526 8888 8897 3147 3151 33.0 2.6472305647561134 0.9962229503955652 -11.260800470393589 0.9264871198422392 0.25471499452762314 0.4077613572184301 0.0 11.20610663814163 1.2167292 48.561084735377506 4.610685544038047 3.005910808053127 0.05672023804580844 3.2410224072142872 64.76510570374415 7.36040582012679 26.871647303303554
2603 8573.79486275388 3153.5236997647885 214.94608304554603 52.96090615540134 8569 8578 3150 3157 65.0 2.2953789651738163 1.8645821886707117 -11.643519336779663 0.5832120151633723 0.280259205636013 0.8335671817662538 0.0 33.038388047928755 1.77009 68.4493023483378 4.8701350629035485 2.5069325222097643 0.1756380565301026 4.54864184146723 93.74443987641077 7.641500575513714 26.47013620373668
2604 1240.3969070403753 3155.186866091202 215.0118852941876 53.007437714014664 1238 1243 3153 3157 25.0 1.4929047078908186 1.2093382172220482 7.780717465761907 0.5863508524953608 0.2322514598817447 0.4019976886363951 0.0 8.029778912576573 1.0236934 26.191234273295958 3.4441303316445544 2.8898093890356966 0.09401945527354834 2.8209479177387813 31.35540384327298 5.501733296742773 27.659219003345356
2605 6681.890470028315 3165.3529246695093 214.9629253739677 52.97297567494896 6667 6698 3156 3174 362.0 6.165323504298165 2.851527589424167 -24.035370130664642 0.8866137419670828 0.14654650983315248 2.586454513675763 0.0 253.4419905662619 3.5372324 322.94488192833853 6.2690075760871595 1.7990461874055734 0.40161894127405806 10.734438914006276 337.00552401497686 9.985031036256657 25.080907450866455
2606 7328.582705400802 3157.824283655242 214.95720398257703 52.96883150684661 7327 7330 3156 3160 17.0 1.249165173569604 0.9873704179743029 -71.95021731187256 0.6125598254673613 0.32567247871804816 0.5003811359466657 0.0 7.188198082225909 0.8535777 20.80118226274329 2.8561258810198713 2.7349184127825215 0.07062097639157813 2.326213245840639 28.02400816832137 4.476913980985326 27.78117437275999
2607 9186.513316965742 3160.8410643143175 214.94051298666668 52.95705696928956 9183 9190 3158 3164 38.0 1.7253643597570127 1.526016125985349 3.3829929678852872 0.466615617877724 0.2689391128551356 0.5970281680187197 0.0 15.739738667320228 1.2976539 30.275739646886898 3.3078089411564964 2.2499272375958164 0.14222703666754083 3.477898169151024 30.356882422594005 5.326958394195975 27.694357078662854
2608 7132.158028000876 3165.305932484477 214.9588869310645 52.97011833686589 7126 7138 3160 3171 121.0 3.2256283595597246 2.2059208765636127 -36.74158672874564 0.7296008558657606 0.20458029653797105 1.188405783866401 0.0 63.89309422075825 2.1652296 117.02841690529613 5.639791034055625 2.453793706349375 0.2697679585160002 6.206085419025319 196.35833849417753 9.026709081561163 25.667376628457603
2609 7674.017181704935 3175.447299725343 214.95392026092108 52.96673466977153 7659 7689 3161 3187 518.0 7.669795552086678 3.9479158801135394 -33.426231001887224 0.8573490465545457 0.19131017243423654 1.849196494067111 0.0 291.6744503247605 4.7113814 456.0614076867668 10.583610043507502 2.1251018059147952 0.303717527958462 12.84073677960901 536.8771045499809 16.944932445596393 24.575312790984164
2610 8472.291918094259 3168.382765905965 214.94683654944743 52.96163058182854 8467 8478 3161 3176 137.0 3.4953029841591694 2.4274439325092376 66.46033926025062 0.7195048512990915 0.20459361344871882 0.9530197350438454 0.0 65.79055312388 2.4129965 116.7685760291549 6.188831690903385 2.331851760767499 0.23534219589018338 6.6036697681803656 140.41783025079684 10.06734036872668 26.031444355019246
2611 8746.735004322265 3165.822094763829 214.94440297808097 52.959875010082605 8741 8752 3161 3170 98.0 2.4438840279147005 2.03189780926694 26.945951559881475 0.5556421794064267 0.21265028398351085 2.3829870635268375 0.0 84.22821847223682 2.1696095 113.96017349670018 4.220350147473099 2.003421701023938 0.3733843352568042 5.585191925620057 118.34410076867168 6.719554719267417 26.21713346490057
2612 3495.5529655948985 3169.184678739229 214.99148193207753 52.993210715548166 3489 3502 3164 3174 105.0 2.9869816293012956 2.0557783742546607 27.96001730646731 0.7254773215132778 0.15427984287322852 1.1061492261216577 0.0 55.4151157153862 2.125563 79.27241149375337 4.7224713876914315 2.0476985497419316 0.27302610428471563 5.781222885281108 84.22509302871329 7.547159144271638 26.58639625164376
2613 7808.749946239213 3173.486750505738 214.952732649492 52.9658690826917 7802 7815 3164 3183 202.0 4.391163398677723 2.5316506844264346 -78.38741507529042 0.8170738520913607 0.19594813380010315 1.7744940394484119 0.0 142.0882558487242 2.9449742 203.31829538165738 6.585608669613692 2.150262332419312 0.3229193649667492 8.018640596081465 264.3557996861449 10.444717171191682 25.344527892983947
2614 1076.213972355064 3169.8088107857848 215.01320640737725 53.00855791300485 1072 1081 3165 3174 76.0 2.5102501730159146 1.9313701128961505 38.21140049131961 0.6387751365013193 0.1639969916927242 0.6036545022907417 0.0 25.089604739618764 1.7579539 53.31994763071539 4.925335958041635 2.5177063536214206 0.204010017375512 4.918490759365935 59.18495463637113 7.864439828724524 26.969471702316373
2615 2508.624693482466 3168.6798350784275 215.00035020792262 52.999467721810625 2506 2511 3167 3170 17.0 1.2979136943441871 0.9897635233126941 -10.929144395363597 0.6468934673332463 0.22497575746803097 0.321066534607009 0.0 4.614994443869196 0.79863024 34.14297164382323 3.4619199807025973 3.4861137385015746 0.06233199196766505 2.326213245840639 46.50205387012857 5.5360838917626065 27.23131966268023
2616 2095.077746791252 3172.800931746813 215.00402133205978 53.00211278249339 2088 2101 3170 3176 63.0 3.4912313920406204 1.36463847343176 10.487168751302537 0.9204433564133417 0.24168908484803606 0.4203288878007009 0.0 20.348742279362963 1.6249162 122.0792574022354 6.660920561673699 3.374571929391126 0.07924748978184071 4.478115991081385 166.77926535612633 10.615828543533633 25.844644858783468
2617 8275.082772704422 3173.985287478665 214.94854574332177 52.962912389010405 8271 8279 3170 3178 62.0 1.9748289973677273 1.8578840621236772 62.8177004156063 0.339011449977418 0.23996441330217122 1.2593653627675916 0.0 38.48721734697283 1.5925725 65.88141280828864 4.118498931673446 2.342542255958808 0.2617901422841661 4.442433223290478 66.3703942304227 6.613398060948947 26.845064006761675
2618 1151.9032235199068 3172.620142245789 215.01249668700052 53.00809313993382 1151 1153 3171 3174 11.0 1.073455783634716 0.7581312182961291 74.60393849595036 0.7079596714495148 0.23146618210789888 0.2680864212687131 0.0 2.7367405179956736 0.746495 15.721025756636902 2.7769779710589275 3.3334407628179914 0.029116803046425926 1.8712051592547776 20.086921175386294 4.314984477135471 28.142716561689426
2619 884.2604986469984 3177.239492701103 215.01485292222236 53.00981531558837 881 888 3173 3181 57.0 2.0905211393379783 1.839023219005684 53.54888395584365 0.4755363646698362 0.21747338023560478 0.633450689478383 0.0 23.232159178110706 1.4698524 38.40625176588091 3.5064196692140754 2.033789727268398 0.15686485821001966 4.259537945889915 41.61315920787018 5.613273132328806 27.35192327994428
2620 9633.072124636594 3228.3521280707387 214.93579897706044 52.95458720086797 9614 9653 3173 3273 2717.0 16.36767231163962 5.900922525987789 -85.38683557832984 0.9327503190074342 0.23674386798701205 28.17487271056065 0.0 7868.21223382827 11.892749 8039.138395074013 13.656592114837215 1.4018392083094178 0.5654202341729129 29.408297481516325 8342.81413881895 21.391101869982457 21.596718578797976
2621 8129.3765731270105 3183.6629409781635 214.94975027803724 52.96388933662579 8121 8137 3174 3194 261.0 4.5346249574152315 3.7537247975158374 -86.79786088849417 0.5610355957423343 0.18831437366866013 0.9568502383154996 0.0 113.13373124725808 3.284429 209.62508357157 8.521305049454268 2.2764971802424903 0.20860547485017267 9.114761669619748 225.0684017043354 13.691698856578029 25.519213682853117
