outputs/dr0.5_c0.1/nircam6_matched_f277w_f356w_dr0.5_c0.1.ecsv
# %ECSV 1.0
# ---
# datatype:
# - {name: label, datatype: int64}
# - {name: xcentroid, datatype: float64}
# - {name: ycentroid, datatype: float64}
# - {name: sky_centroid.ra, unit: deg, datatype: float64}
# - {name: sky_centroid.dec, unit: deg, datatype: float64}
# - {name: bbox_xmin, datatype: int64}
# - {name: bbox_xmax, datatype: int64}
# - {name: bbox_ymin, datatype: int64}
# - {name: bbox_ymax, datatype: int64}
# - {name: area, unit: pix2, datatype: float64}
# - {name: semimajor_sigma, unit: pix, datatype: float64}
# - {name: semiminor_sigma, unit: pix, datatype: float64}
# - {name: orientation, unit: deg, datatype: float64}
# - {name: eccentricity, datatype: float64}
# - {name: min_value, datatype: float64}
# - {name: max_value, datatype: float64}
# - {name: local_background, datatype: float64}
# - {name: segment_flux, datatype: float64}
# - {name: segment_fluxerr, datatype: float32}
# - {name: kron_flux, datatype: float64}
# - {name: kron_fluxerr, datatype: float64}
# - {name: kron_radius, unit: pix, datatype: float64}
# - {name: gini, datatype: float64}
# - {name: equivalent_radius, unit: pix, datatype: float64}
# - {name: kron4_2_flux, datatype: float64}
# - {name: kron4_2_fluxerr, datatype: float64}
# - {name: kron4_2_mag, datatype: float64}
# meta:
#   PHOTMJSR: 0.4047000110149384
#   PIXAR_SR: 2.11539874851881e-14
#   __serialized_columns__:
#     area:
#       __class__: astropy.units.quantity.Quantity
#       unit: !astropy.units.Unit {unit: pix2}
#       value: !astropy.table.SerializedColumn {name: area}
#     eccentricity:
#       __class__: astropy.units.quantity.Quantity
#       unit: !astropy.units.Unit {unit: ''}
#       value: !astropy.table.SerializedColumn {name: eccentricity}
#     equivalent_radius:
#       __class__: astropy.units.quantity.Quantity
#       unit: !astropy.units.Unit {unit: pix}
#       value: !astropy.table.SerializedColumn {name: equivalent_radius}
#     kron_radius:
#       __class__: astropy.units.quantity.Quantity
#       unit: !astropy.units.Unit {unit: pix}
#       value: !astropy.table.SerializedColumn {name: kron_radius}
#     orientation:
#       __class__: astropy.units.quantity.Quantity
#       unit: &id001 !astropy.units.Unit {unit: deg}
#       value: !astropy.table.SerializedColumn {name: orientation}
#     semimajor_sigma:
#       __class__: astropy.units.quantity.Quantity
#       unit: !astropy.units.Unit {unit: pix}
#       value: !astropy.table.SerializedColumn {name: semimajor_sigma}
#     semiminor_sigma:
#       __class__: astropy.units.quantity.Quantity
#       unit: !astropy.units.Unit {unit: pix}
#       value: !astropy.table.SerializedColumn {name: semiminor_sigma}
#     sky_centroid:
#       __class__: astropy.coordinates.sky_coordinate.SkyCoord
#       dec: !astropy.table.SerializedColumn
#         __class__: astropy.coordinates.angles.Latitude
#         unit: *id001
#         value: !astropy.table.SerializedColumn {name: sky_centroid.dec}
#       frame: icrs
#       ra: !astropy.table.SerializedColumn
#         __class__: astropy.coordinates.angles.Longitude
#         unit: *id001
#         value: !astropy.table.SerializedColumn {name: sky_centroid.ra}
#         wrap_angle: !astropy.coordinates.Angle
#           unit: *id001
#           value: 360.0
#       representation_type: spherical
#   astropy version: '5.1'
#   kernelfile: kernel_f277w_f356w.fits
#   make_catalog parameters:
#     ab_zpt: 31.4
#     coadd_bands: !!python/tuple [f277w, f356w]
#     deblend_contrast: 0.001
#     deblend_nlevels: 32
#     deblend_npixels: 1
#     detect_kernel_fwhm: 4.0
#     detect_kernel_npix: 7
#     detect_npixels: 4
#     detect_threshold_nsigma: 3.0
#     flag_isolated_buffer: 4
#     hst_bands: !!python/tuple [f606w, f814w, f125w, f140w, f160w]
#     jwst_bands: !!python/tuple [f115w, f150w, f200w, f277w, f356w, f410m, f444w]
#     near_border_kernelsize: 21
#     reference_band: f200w
#   make_catalog version: 1.4.0
#   photutils version: 1.5.0
# schema: astropy-2.0
label xcentroid ycentroid sky_centroid.ra sky_centroid.dec bbox_xmin bbox_xmax bbox_ymin bbox_ymax area semimajor_sigma semiminor_sigma orientation eccentricity min_value max_value local_background segment_flux segment_fluxerr kron_flux kron_fluxerr kron_radius gini equivalent_radius kron4_2_flux kron4_2_fluxerr kron4_2_mag
[from data line 4032]
4033 6433.978543459324 723.1442267928393 214.8623888769308 52.81585578630585 6418 6450 711 735 465.0 5.8686677462421395 3.4560832011662375 21.119376953067707 0.8082028332919778 0.15645411979330298 7.414779392629481 0.0 838.6592496899061 2.4220688 895.9250334695771 3.0450545295468427 1.720076902618657 0.49384846376861735 12.166104433032896 1031.8396250535204 5.105652825628196 23.865969495548
4034 6452.746195573858 731.0961650295106 214.86213781816087 52.815779446078295 6440 6464 720 742 357.0 4.332724220321619 3.4737064215540094 25.37999684657378 0.597676647115393 0.16416279328245725 6.98305072823168 0.0 523.7577704062267 2.0944495 599.481097829876 3.1480727216731026 1.7201638082459045 0.5085130458654886 10.660048281673648 661.3622812894309 4.816431004282659 24.34890144332815
4035 8408.90112577422 712.544650708337 214.84488199979583 52.803251111705045 8393 8422 687 745 1182.0 11.309009080538733 5.5014762834313595 83.33562118250481 0.8736981360633312 0.18990848177980943 4.381190486027861 0.0 1120.7512499033787 3.961467 1368.8622553131868 7.115453355501614 1.849446838350594 0.3850091972692152 19.39696588307668 1608.5833992458563 11.375489092917103 23.383891043940586
4036 8401.124521247768 728.8248238110157 214.84478024412164 52.80338830214442 8395 8408 720 739 154.0 4.452050809228261 2.16463336661924 60.77532169123049 0.8738417793089874 0.1849833064206228 1.3931719557445765 0.0 99.1747896281822 1.4205776 191.1090449512223 3.80680517080005 2.558069440973112 0.2815130318020565 7.001408606295148 265.68739865818105 6.077172471118021 25.339072608357043
4037 7359.02521436952 740.9279705778661 214.853948347784 52.810074793658494 7329 7387 691 787 3467.0 14.88923108944313 5.5437892502025905 76.79774235540984 0.928098204957601 0.1380983438870704 51.56055867979678 0.0 13519.16950109274 7.9648232 13404.546707601421 7.759479688999075 1.4 0.7150036551713562 33.22018024332803 13944.29368712698 10.736331547054549 21.03900869731912
4038 7391.067953797947 756.6889535782994 214.85349682895148 52.80995620315829 7386 7395 753 760 53.0 2.3246483473663457 1.6615616055558702 22.43498210958872 0.6993715973559186 0.18800458725766148 0.48408013758414803 0.0 17.062823762302322 0.7332723 88.17541418517632 2.9394369120199686 3.2392981759026345 0.1318046177836448 4.1073621666150775 180.588886655818 4.676685569792124 25.75827244862992
4039 1737.65804657809 713.3184888876737 214.90442891557 52.84562998824302 1731 1744 703 723 172.0 5.458347003217803 2.279452546782478 -71.93373793951521 0.9086270263701225 0.14310989514711825 0.5283204903027859 0.0 59.377531221554506 1.4525607 195.5121085517137 4.755730679078909 2.962351563086499 0.151908060621848 7.399277020331919 316.4891699653211 7.7596912792515615 25.14910286660292
4040 1757.5939051618473 739.6998525331376 214.90397341901723 52.845645780904064 1729 1780 707 781 2085.0 14.169579017000684 6.188534377759145 -70.27651081992056 0.8995839266758952 0.1408446525005366 11.020950888429502 0.0 3358.055729263425 5.450223 3806.211274964723 7.44432175923607 1.6034054965177893 0.5424893401827783 25.761912054294488 4094.093527539662 11.243081789697438 22.369605600794415
4041 1741.1390018497798 746.3560364304988 214.90405047825593 52.845786186313326 1726 1750 726 768 643.0 6.708537318544036 4.646191745543752 -54.657502847350116 0.7213420792133 0.17684699491331884 9.346965471454398 0.0 1353.614227137824 3.1069744 1620.4503897149343 4.615791277513518 1.7723172992302718 0.494672047694412 14.306406146065385 1824.5189565045403 7.14175710374252 23.247129050037792
4042 1769.766097246864 774.6384770532376 214.9034973306188 52.84575705084415 1759 1778 764 784 238.0 4.886220623302489 3.5387552481146893 51.66927950578784 0.6895568349654926 0.12500848879356402 0.5311676791263377 0.0 75.57658979342425 1.6036706 179.4009288756331 4.988772359077538 2.6013734924640017 0.15643161734867744 8.703892974511014 250.36352810907505 7.84940031067145 25.403572342554135
4043 548.1984448522725 732.8666288857679 214.91485405372 52.853287631834554 531 565 717 741 465.0 5.4534748719188 4.458606683877867 -37.040368210821576 0.5758268201222095 0.1659513939980201 6.021624320274244 0.0 687.3745548909774 2.5840359 959.8882648756257 4.564688968853309 2.0177914743577374 0.5342458925618107 12.166104433032896 1182.4025286528872 7.165839362386043 23.718086625445643
4044 545.0838802859448 760.5197015901973 214.91459115561278 52.85345667254426 511 577 725 805 3575.0 13.811274636152985 9.031283175737558 -58.6155328215973 0.7565753117455603 0.14367579799391425 25.31548732647484 0.0 9410.676520687131 7.420576 9792.704328352946 8.568280599558225 1.4582994161637353 0.591342253001504 33.7336307430293 10253.449019214964 12.429094925253107 21.372825058945615
4045 1165.6875835629414 735.9557223082761 214.90930238022554 52.84938384758575 1161 1171 727 745 149.0 4.406702798256731 2.3133546124425606 77.73402315767383 0.8511252319269524 0.1709642544485381 0.5770635161897006 0.0 50.392609902594046 1.2411861 169.28239238758178 4.428022196769452 3.014583309072677 0.17120675838262148 6.886811529393324 184.81280285375692 6.956106759825647 25.733169866121166
4046 1172.6155892249242 745.6686130374625 214.90913834579084 52.84939228388148 1166 1180 741 751 101.0 3.467162283195127 2.185842473146003 -21.30581890049007 0.7762368860361214 0.17492900180648 0.45147208960859886 0.0 30.11671949271562 1.0157721 92.811735657787 3.5846613320393432 2.880983857455159 0.11943440031211172 5.670035141386943 129.42908333034748 5.627076372986976 26.119920311666625
4047 998.7660857896362 757.1849665203581 214.91057105127558 52.850558247422434 984 1012 742 769 586.0 6.646909643874714 5.519117953992233 -42.54675596861582 0.5572743687430549 0.15335525587300528 1.548764829196817 0.0 279.4941828725815 2.5229468 702.608101844883 7.634886930074732 2.8258594843027556 0.28441759978382175 13.657583728599336 911.4463544418185 12.225083500967283 24.000672219484976
4048 1006.6434112749041 772.4361900402224 214.91034029970047 52.85059055099275 995 1019 763 782 293.0 4.795849622139201 3.416731155813891 -10.182893795657305 0.7017381005639343 0.1900774177565472 2.4143388839716144 0.0 237.72346060021124 1.7746354 327.24315269215776 3.631702842687965 2.0441949334567 0.36101336607709955 9.657370069115643 397.6993286581973 5.769098391586131 24.90111285532538
4049 990.4614518898524 779.4458483063744 214.91041123245992 52.850731127157815 975 1004 770 788 380.0 5.3812250523143454 3.368291964222614 -12.934288577852254 0.779875997367458 0.1755862212640337 3.6027612410542265 0.0 329.23484430741405 2.04396 396.34293691156523 3.254281447931245 1.7262458966242542 0.43823744144383264 10.998079684646791 429.0778715708375 5.2202714262288525 24.818659705875756
4050 2010.5278386552898 749.9058378841265 214.90160604534438 52.84409479812235 2008 2013 746 754 43.0 2.5961210331686613 1.2530489746963673 69.059856860824 0.8758067092978348 0.13563354768884542 0.33810505210915787 0.0 11.057777825198354 0.6745481 54.39199807034571 2.6366121356899894 3.22885860094563 0.10032171909078771 3.6996385101659595 91.33092820660238 4.2016970017773705 26.49845532136372
4051 2010.0713939513246 778.6064209490753 214.90130838794076 52.84425258400994 1990 2030 755 802 1206.0 8.904228839252111 6.990151953618006 48.649384224188765 0.6194484680931359 0.1520775158097865 3.1095288265882672 0.0 861.5695521122 3.7428586 1029.4906744667 6.137544640817697 1.690630136284666 0.40501711107116234 19.5928998042059 1082.7992530291822 9.645643782684434 23.81363013125045
4052 6072.789687368168 770.8256549719395 214.86511094164942 52.818407459669984 6049 6092 747 793 1467.0 8.398639964012924 5.930988675808032 -54.51256471028853 0.708027942693238 0.15926481888493105 13.553678409411578 0.0 2358.302800415554 4.577994 2670.6703216531682 6.8960897476567 1.8459291126761321 0.5875432249277616 21.609271228609746 3092.1768650023914 31685628.645528328 22.674339183635716
4053 6050.856319611568 787.1236143705403 214.86513536982733 52.81863469509969 6049 6054 784 790 31.0 1.7718570417632402 1.3834515868617645 79.27343969544313 0.6247911999499141 0.2888715795825302 0.46135657962619364 0.0 12.285357786862058 0.7907763 172.28458072019225 7022196.910311595 3.9206324086353876 0.06454541861320852 3.141274657157109 316.33167132095673 23849818.416702636 25.14964331019378
4054 6052.925981880865 793.6084216617082 214.86504873352015 52.818656522967096 6049 6059 790 798 68.0 2.714589470694435 2.0079059071862226 -21.9918798611911 0.6729675226339825 0.2864032157145211 0.4677906789765708 0.0 25.928028930992404 1.1253332 266.62722381943405 19804668.373361483 3.7382158271079584 0.06709564595117776 4.652426491681278 396.06676281841 39897647.9900316 24.90557900311707
4055 2777.353430222439 771.9672317670036 214.89452321541447 52.83934444118766 2751 2815 749 797 1917.0 13.282561176137598 7.2288663464544305 33.506291583058655 0.8389312665098716 0.14636643823779244 5.133086868706769 0.0 1273.8119730641665 4.6767898 1675.0571043077437 9.044508558765166 2.015567209032671 0.4165370532978957 24.702227669065127 2074.0955166282138 14.160842568686686 23.107928118192696
4056 2763.9032730287986 783.4100141263397 214.89452306986863 52.83949160032263 2759 2768 780 788 60.0 2.449651758310048 1.8117708054514374 30.13986699507648 0.6730429324015891 0.21192253350838755 0.49870158736264875 0.0 22.932491176076773 0.8459789 78.25026649733678 2.738357018680533 3.051916750738294 0.11751339258317968 4.370193722368317 144.19697098949283 4.49209124594964 26.002609655843926
4057 3435.077531062438 771.2221813522242 214.88865610055106 52.835163496298875 3421 3452 754 786 695.0 6.3346669546228584 4.455544194325432 -38.5289790939324 0.710834931091945 0.16095506601321016 7.36963316286822 0.0 954.353089056934 2.9968638 1095.6746331646495 4.416381226718326 1.768244575814403 0.5274960157945158 14.873646859386387 1215.7340794425763 7.0498997300454125 23.687903522486053
4058 3417.735588597452 775.1408776155521 214.8887697925031 52.83529477481158 3408 3424 763 788 335.0 5.7307457280083165 3.148598459653532 -69.65630752678094 0.8355449332474523 0.20227356275615968 3.9873825985288227 0.0 344.8846878908601 1.9543194 503.1744205874742 4.414741396162445 2.1436420583930116 0.3920174627068657 10.32636489145962 607.2573256368504 6.884639267298526 24.441568093470643
4059 6345.739039636223 771.4508062700338 214.86266853225305 52.81667687877571 6329 6366 754 788 940.0 8.234560428404222 6.890051017627533 -40.85916981328708 0.5476254404093892 0.15859833379880833 1.929205947336715 0.0 606.0185984579075 3.3390312 813.8546541087615 6.544117291165583 1.8902655033728013 0.31381068493172865 17.297725082009 859.9141448417495 10.31839241988169 24.06386226806194
4060 6365.874917189784 766.1299770791497 214.86254477383295 52.81652026409887 6361 6370 761 771 64.0 2.239832253803105 2.0693387467323756 -37.51777760015696 0.3826795831240613 0.22264279636425915 0.531362071639489 0.0 22.38242660336335 0.8822904 84.79135462148531 2.9449012913630095 3.013256945083193 0.14598734599992286 4.51351666838205 126.818731902058 4.647705154105986 26.142041484415223
4061 9040.260372567604 760.6519114402032 214.83874617211356 52.79949862595605 9036 9046 756 764 69.0 2.279795231083909 1.9365490591654024 -37.59776722299929 0.5276853578350991 0.2088264034243053 0.917925246780556 0.0 34.672259160307455 0.93089944 103.5463153983319 3.0562552739276416 2.972288604240317 0.23969760915712413 4.686510657907603 154.22611922371496 4.92094734659303 25.929605173460164
4062 9042.36739881199 770.0746481393408 214.83862834919785 52.79953603590051 9035 9050 761 778 169.0 3.7558345836280522 2.9059889001130093 59.07122308683079 0.6335197235292791 0.19018927363521104 1.0547398578575027 0.0 90.26539492669512 1.5444305 201.41933900242375 4.344652722262677 2.672601434695122 0.23816432418348749 7.334464586120832 244.54647279661623 6.983895167656522 25.429096492053723
4063 9049.694762482497 765.2545931331732 214.83861367284302 52.7994634883402 9046 9053 761 770 60.0 2.4326299255984725 1.729909925496364 69.14514364029864 0.7030631153590718 0.25898773203445224 0.6966327445628775 0.0 26.74125325737364 0.8312106 57.81897953347092 2.3928785406769166 2.507428390726773 0.16094115009102988 4.370193722368317 107.8275090618118 3.886847353218536 26.31817606842867
4064 8988.72623580347 769.3258848294726 214.83911452765693 52.79987286351736 8973 9005 758 780 574.0 6.1569625907045324 4.1627676698664215 -2.8688559617904787 0.7368031279681772 0.1587253706639527 5.7089948364194525 0.0 702.6141493572461 3.0559983 799.1969994139322 4.458703218118767 1.6361380807500103 0.46957467684623916 13.517021664164627 851.5663516895643 6.835841667618528 24.074453768402083
4065 8972.24883068915 767.0993229192262 214.83928485702205 52.799965565484264 8963 8978 760 775 178.0 3.4732483382209387 3.1035618605961286 -2.9671176663242727 0.4489403081932157 0.18868990833178037 2.009736536813425 0.0 134.3498971191672 1.6497735 201.5599718452679 3.8036038988204397 2.151659631226031 0.341350761776149 7.527227892173502 225.35970456762317 5.777055443751054 25.517809338386545
4066 8526.420864026459 789.9686300657293 214.84302016868426 52.80292181210592 8513 8541 769 811 957.0 8.15015123391406 4.182845538565905 76.1419683004419 0.8582552608904808 0.16193602084810976 12.046617237503826 0.0 1377.473100921478 3.5642002 1472.7697719192242 4.5390030608135365 1.572915499369819 0.5634442362013545 17.453439806464733 1579.3524803456726 7.017051753406213 23.403802333013488
4067 8542.510393961604 782.1658819448032 214.84295869187827 52.802777507148754 8540 8544 781 783 8.0 1.2805811024703264 0.5317854310401786 14.476492091363127 0.909698735389165 0.2436151450683921 0.3793531385197621 0.0 2.5656697614922086 0.29822192 26.95801684343552 1.3969895135222992 3.629290349428081 0.08612779978820286 1.5957691216057308 46.69557481585868 2.230254838618686 27.22681068531459
4068 4177.136882503513 779.6942549163577 214.88194014501292 52.83049635239304 4173 4181 776 785 69.0 2.3687671873970557 2.0321554272917233 62.983868210472586 0.5138236973544728 0.18021286896955738 0.5225963063335005 0.0 22.19057025448173 0.89142025 83.87653139612017 3.200497257058931 3.0506772192013867 0.1515331466537518 4.686510657907603 151.82453237526227 4.932322102928091 25.946645119612885
4069 4180.005263998831 809.7061147155603 214.8815990358067 52.830640046295834 4171 4194 785 834 748.0 10.60363919643651 3.8007972642509182 82.23818512340058 0.9335517217794895 0.1170991921678388 3.087461174227878 0.0 403.8297147422076 3.0441802 639.0354912803318 6.655371451957687 2.2145691618318866 0.3784941405081599 15.430353037616328 727.2401129118447 10.299390426320672 24.245805436072025
4070 4200.106314569473 824.7965517584034 214.8812609084345 52.830593789165675 4192 4207 820 831 124.0 3.9797229008501858 2.2178179379279883 -24.033051144368365 0.8303249803502991 0.1619025162492729 0.5620457384862607 0.0 41.77992518163742 1.1718421 117.4927561804192 3.6756799427305498 2.7996283573317324 0.15672803277617794 6.282549314314218 201.25135266420818 5.919984205040673 25.640652979852067
4071 4176.621691568032 837.0934391140478 214.88134134100113 52.83080928846779 4173 4180 831 842 80.0 2.936018790591305 1.936314049252649 -87.08230752508823 0.7517016773075972 0.17285867354492884 0.4941436093570545 0.0 25.369803668078703 0.89336634 74.8918518071529 3.1099193367410436 2.8250283855069105 0.13866308132832855 5.046265044040321 134.77095046341367 4.948685026410069 26.076009271968786
