outputs/dr0.5_c0.1/nircam1_f125w_dr0.5_c0.1.ecsv
# %ECSV 1.0
# ---
# datatype:
# - {name: label, datatype: int64}
# - {name: xcentroid, datatype: float64}
# - {name: ycentroid, datatype: float64}
# - {name: sky_centroid.ra, unit: deg, datatype: float64}
# - {name: sky_centroid.dec, unit: deg, datatype: float64}
# - {name: bbox_xmin, datatype: int64}
# - {name: bbox_xmax, datatype: int64}
# - {name: bbox_ymin, datatype: int64}
# - {name: bbox_ymax, datatype: int64}
# - {name: area, unit: pix2, datatype: float64}
# - {name: semimajor_sigma, unit: pix, datatype: float64}
# - {name: semiminor_sigma, unit: pix, datatype: float64}
# - {name: orientation, unit: deg, datatype: float64}
# - {name: eccentricity, datatype: float64}
# - {name: min_value, datatype: float64}
# - {name: max_value, datatype: float64}
# - {name: local_background, datatype: float64}
# - {name: segment_flux, datatype: float64}
# - {name: segment_fluxerr, datatype: float32}
# - {name: kron_flux, datatype: float64}
# - {name: kron_fluxerr, datatype: float64}
# - {name: kron_radius, unit: pix, datatype: float64}
# - {name: gini, datatype: float64}
# - {name: equivalent_radius, unit: pix, datatype: float64}
# - {name: kron4_2_flux, datatype: float64}
# - {name: kron4_2_fluxerr, datatype: float64}
# - {name: radius_kron20, unit: pix, datatype: float64}
# - {name: radius_kron50, unit: pix, datatype: float64}
# - {name: radius_kron80, unit: pix, datatype: float64}
# - {name: near_border, datatype: bool}
# meta:
#   PHOTMJSR: 0.3925000131130219
#   PIXAR_SR: 2.11539874851881e-14
#   __serialized_columns__:
#     area:
#       __class__: astropy.units.quantity.Quantity
#       unit: !astropy.units.Unit {unit: pix2}
#       value: !astropy.table.SerializedColumn {name: area}
#     eccentricity:
#       __class__: astropy.units.quantity.Quantity
#       unit: !astropy.units.Unit {unit: ''}
#       value: !astropy.table.SerializedColumn {name: eccentricity}
#     equivalent_radius:
#       __class__: astropy.units.quantity.Quantity
#       unit: !astropy.units.Unit {unit: pix}
#       value: !astropy.table.SerializedColumn {name: equivalent_radius}
#     kron_radius:
#       __class__: astropy.units.quantity.Quantity
#       unit: &id001 !astropy.units.Unit {unit: pix}
#       value: !astropy.table.SerializedColumn {name: kron_radius}
#     orientation:
#       __class__: astropy.units.quantity.Quantity
#       unit: &id002 !astropy.units.Unit {unit: deg}
#       value: !astropy.table.SerializedColumn {name: orientation}
#     radius_kron20:
#       __class__: astropy.units.quantity.Quantity
#       unit: *id001
#       value: !astropy.table.SerializedColumn {name: radius_kron20}
#     radius_kron50:
#       __class__: astropy.units.quantity.Quantity
#       unit: *id001
#       value: !astropy.table.SerializedColumn {name: radius_kron50}
#     radius_kron80:
#       __class__: astropy.units.quantity.Quantity
#       unit: *id001
#       value: !astropy.table.SerializedColumn {name: radius_kron80}
#     semimajor_sigma:
#       __class__: astropy.units.quantity.Quantity
#       unit: !astropy.units.Unit {unit: pix}
#       value: !astropy.table.SerializedColumn {name: semimajor_sigma}
#     semiminor_sigma:
#       __class__: astropy.units.quantity.Quantity
#       unit: !astropy.units.Unit {unit: pix}
#       value: !astropy.table.SerializedColumn {name: semiminor_sigma}
#     sky_centroid:
#       __class__: astropy.coordinates.sky_coordinate.SkyCoord
#       dec: !astropy.table.SerializedColumn
#         __class__: astropy.coordinates.angles.Latitude
#         unit: *id002
#         value: !astropy.table.SerializedColumn {name: sky_centroid.dec}
#       frame: icrs
#       ra: !astropy.table.SerializedColumn
#         __class__: astropy.coordinates.angles.Longitude
#         unit: *id002
#         value: !astropy.table.SerializedColumn {name: sky_centroid.ra}
#         wrap_angle: !astropy.coordinates.Angle
#           unit: *id002
#           value: 360.0
#       representation_type: spherical
#   astropy version: '5.1'
#   make_catalog parameters:
#     ab_zpt: 31.4
#     coadd_bands: !!python/tuple [f277w, f356w]
#     deblend_contrast: 0.001
#     deblend_nlevels: 32
#     deblend_npixels: 1
#     detect_kernel_fwhm: 4.0
#     detect_kernel_npix: 7
#     detect_npixels: 4
#     detect_threshold_nsigma: 3.0
#     flag_isolated_buffer: 4
#     hst_bands: !!python/tuple [f606w, f814w, f125w, f140w, f160w]
#     jwst_bands: !!python/tuple [f115w, f150w, f200w, f277w, f356w, f410m, f444w]
#     near_border_kernelsize: 21
#     reference_band: f200w
#   make_catalog version: 1.4.0
#   photutils version: 1.5.0
# schema: astropy-2.0
label xcentroid ycentroid sky_centroid.ra sky_centroid.dec bbox_xmin bbox_xmax bbox_ymin bbox_ymax area semimajor_sigma semiminor_sigma orientation eccentricity min_value max_value local_background segment_flux segment_fluxerr kron_flux kron_fluxerr kron_radius gini equivalent_radius kron4_2_flux kron4_2_fluxerr radius_kron20 radius_kron50 radius_kron80 near_border
[from data line 2790]
2791 6674.7422068258875 3376.9233057202637 214.96076016024404 52.97416393166301 6664 6684 3371 3383 170.0 4.460101996444028 2.442206118051649 22.169417808469277 0.8367616296941044 0.03104107283010539 0.49674572956178603 0.0 49.5197264716042 10.065832 95.53539751251392 21.310915524506083 1.8588999860366933 0.23511536239206415 7.356132180109627 79.08974264842935 34.37285833656422 3.7963519566499913 7.121202869106216 11.617127539596636 False
2792 7218.189917427175 3381.284977026708 214.9558395335934 52.97073904500318 7214 7224 3375 3389 119.0 2.8748768845802073 2.4041366047589037 81.76152112273138 0.5483373331455417 0.027933189476700773 0.6729222904247945 0.0 35.79636990510262 8.599664 110.54938530017421 27.022374707741633 2.9837666887473815 0.3083034402920294 6.154581744998688 172.94638211473787 43.03052199886489 3.936468528411627 10.023286438653683 15.765784883416591 False
2793 445.61659243539 3379.350360174499 215.01666459509468 53.013689573712725 443 447 3377 3382 24.0 1.5024913043828607 1.0064586637765873 -64.57320312417977 0.7424875246727112 0.009161757792573435 0.4134942545953392 0.0 4.962537798063545 4.1943617 12.158287069177359 7.8905064951566555 1.689272863012896 0.3376956372145015 2.763953195770684 7.616670674004683 12.60930562943591 1.6498930388843638 2.8964251071413023 4.498544160857429 False
2794 3310.64068366692 3379.818380294435 214.99092254430496 52.99552199850958 3308 3315 3377 3383 37.0 1.6693046134444398 1.4408265886979001 -76.33438717209592 0.5049820944536149 -0.07650778424125301 0.22674472174550975 0.0 5.0289262326871516 4.643101 27.1003397657405 16.19609525285549 3.086818567392202 0.2786640732798199 3.431831258788849 53.94502964759444 26.03509020804489 3.2076023862101244 6.667301820371285 10.32998164971342 False
2795 2009.972918762296 3381.3169702513615 215.00258824827208 53.003779685408546 2009 2012 3378 3382 18.0 1.246116746237808 0.4463045020933915 27.817915633411218 0.9336616624328681 -0.17822532854607426 0.08417803762110433 0.0 -0.7581661907601828 3.144393 1.1995598052088994 9.391631685870854 3.8362610468895992 -0.5727687650496143 2.393653682408596 -2.1091046934027995 15.230160138741986 1.504433621547439 2.1681179149745042 2.671139544715341 False
2796 1019.6994516303714 3383.0139031514764 215.01146714457437 53.010068971836034 1017 1024 3380 3387 47.0 1.841355298848237 1.6436472191609919 81.54699189282056 0.4507919594380955 -0.05880919717844921 0.22773868424536944 0.0 6.463105325955314 5.060775 52.300485801532275 20.753101501240824 3.5653183247827203 0.25933480901785244 3.8678889139475245 87.23379719279924 33.57794474782232 4.848935316817603 8.8185150101582 13.310989645580474 False
2797 4047.0089859980576 3381.870935208874 214.9842894479018 52.99086210527167 4044 4049 3380 3384 26.0 1.3295232484608728 1.2753805199011514 -76.73343720193026 0.2824684685457845 0.017408419839030284 0.3675262634941425 0.0 6.083838251035152 3.9077709 17.606077704358054 11.933377225785641 2.6854964201440077 0.24053631444896342 2.876813695875796 29.879678897054248 19.148568197340325 1.9604816314362215 3.456777143710308 5.136058086592031 False
2798 8392.28542834452 3382.4646846808396 214.94529824402858 52.96329450624502 8390 8395 3380 3385 21.0 1.5532152816776887 1.1646348767510246 51.60501932307301 0.6616396879221355 0.08446227858357949 0.22321623113926883 0.0 3.276092101956994 3.4509745 82.36010363895838 18.312158561968694 3.9287806076755944 0.16363181116211742 2.5854414729132054 178.3340159542853 30.00999083075684 5.778922848790782 9.214464571756592 12.032430741318837 False
2799 6838.750099513349 3385.218044242902 214.95920154117792 52.9731680473044 6836 6841 3382 3387 26.0 1.3402597049648852 1.3001517240220892 22.521079633365755 0.24280758042367498 0.07721444874040442 0.46748414870585986 0.0 6.747934220041698 3.9947422 16.234147055494795 10.708222055959277 2.3236581594945913 0.2694568180793386 2.876813695875796 0.42051930161733253 17.16281599412245 1.746884425055363 3.051516035760986 4.536080111582535 False
2800 7621.588203125823 3385.2446586048522 214.95217987387335 52.96820053768742 7619 7624 3383 3388 30.0 1.5119026401119504 1.421191657918621 -33.784491162965566 0.3411686540132891 0.20771431823809144 0.5183701280077809 0.0 11.570680299748096 4.10106 35.9360059676461 13.905372908158244 2.843247317155995 0.12975799627302204 3.0901936161855166 59.908414563539836 22.39779546929717 2.301754335436918 4.132499351827662 6.357415297848636 False
2801 8030.616254696491 3386.76874179215 214.94849582392075 52.965613035126715 8025 8034 3383 3390 56.0 2.320885164816911 1.7410205248660542 -25.407123745023785 0.6612635411459848 0.016497191403290968 0.35960662249649605 0.0 10.83602602703058 7.922968 57.10794881493226 28.815233440289006 3.114745240546154 0.29604736621119315 4.222008245644752 28.925595521245974 44.08590281782251 3.9598148606176116 6.467380849814264 8.496586544805798 False
2802 10283.976999344202 3395.1912718987132 214.92820777330073 52.95135641027305 10269 10301 3383 3408 625.0 6.277388286890078 5.724322354062149 46.22035132753169 0.41042238260987407 -0.08887384345790732 1.289232963309101 0.0 254.90542133285314 19.180773 333.9076975319691 39.77820121643906 1.9213706025377697 0.3257550669044111 14.104739588693908 368.1931873348198 63.870697714893126 5.104437093223234 9.360689339327052 14.768511146630386 False
2803 704.9917805602367 3391.2297375649755 215.01420847640526 53.01210906332733 701 709 3384 3398 99.0 3.8183114151785804 2.016234287725307 75.46404863812249 0.8492173616875693 0.19420436492098475 0.5142777954886925 0.0 36.14703868729583 7.4220514 72.54290730280918 21.7389930520244 2.331654148357606 0.12271899867730511 5.613615477764332 71.82648507148379 34.58180036156256 3.521156822053606 5.768471554272984 8.162301692950773 False
2804 6970.104632551957 3393.6268220308293 214.9579346855038 52.972379961550615 6963 6980 3386 3401 223.0 3.264783669045115 3.129941242986196 11.222604561425978 0.2844263334637766 0.4254834020206445 11.609373771178202 0.0 782.3687725509707 9.555754 921.3741402495033 15.520160483885714 1.712152149111049 0.4447344693835531 8.42514715711158 983.0894311655597 25.783183788071625 2.4241397540858953 4.411239932231492 7.32669634108421 False
2805 437.58427082668993 3393.183091608474 215.01659098417585 53.013815298075855 433 443 3387 3398 103.0 2.71958010347624 2.1808145542896127 -43.49746250820242 0.5974665316485946 0.0306819427488432 0.6415155622505725 0.0 28.995589078871053 10.434032 31.809077581857224 15.154347539755161 1.4 0.31320183962858394 5.725898905580716 3.2617174404049916 24.483223796086687 1.9048372193153564 3.353912761317059 4.968749581489376 False
2806 6927.655650692516 3391.2592574883497 214.95834039547006 52.972636533278525 6924 6930 3387 3394 48.0 1.931701748313634 1.5393555858310501 -71.36716345153819 0.6041232155766443 -0.007592473076270478 0.4526995249933701 0.0 11.58187888579853 6.3102374 23.41627359659732 15.580322417009567 2.327395304252195 0.3210875219092356 3.9088200952233594 22.190912528133524 24.410623048200666 2.054703724065498 3.546806843084924 5.578443786157021 False
2807 382.267741896512 3392.1305602620387 215.01709921133804 53.01416037204334 377 384 3388 3396 52.0 1.5646186725089088 1.1338858392063236 -68.58026367098961 0.6890600229236635 -0.1926903924690121 0.3109493872837167 0.0 3.233543217610911 7.8251257 7.270302186295165 8.885488367838517 1.4 0.527368102294874 4.068428945128219 2.0879751085557503 14.023906944018453 1.301805893351968 2.1805399907091556 3.031070724793167 False
2808 8391.497690770566 3389.638723730906 214.9452297164184 52.96333824915615 8391 8392 3389 3391 5.0 0.7069043347272539 0.4686599863231385 70.77964545392419 0.7486414294744687 0.11180157281813273 0.2516491738198413 0.0 0.9371247521900516 1.6957964 19.656139555301998 7.8732819574342665 4.004865536235781 0.1829473639815297 1.2615662610100802 50.43555526913758 12.650573259896515 2.56417824971582 4.084359283061255 5.1710096369087415 False
2809 405.81048405925367 3404.169717544905 215.01676073657487 53.01407618021392 397 415 3392 3416 370.0 4.4839590310781725 3.714310267359315 -88.9197938126062 0.560203402375996 -0.14980610219980076 2.377282564497262 0.0 260.2965510627225 16.801046 331.90017379198423 30.663530616515512 1.9010235246107245 0.4528049297469279 10.852403323135505 300.34475470373343 50.13952717782592 3.2343744458755785 6.072646097344839 11.11164655451207 False
2810 1305.0065278110405 3397.695944863704 215.00874889010416 53.0083390538368 1302 1307 3392 3400 42.0 1.9395309304825963 1.372545172823214 63.011147757941124 0.7065444977715383 -0.0866633117274559 0.13409310195463006 0.0 0.6832564089102704 4.986449 2.6101589386189987 7.845925945288094 1.4 0.4889644066076343 3.656366395715726 -2.49918690297843 12.354099537269269 1.8278179796455574 3.090086000745848 nan False
2811 1629.5430360583193 3401.256989138463 215.00579562991103 53.00630016636733 1616 1640 3393 3408 252.0 6.165374180178657 2.6303428488630773 -16.831005636708284 0.9044255421133356 -0.09913333299520943 0.5554390503223422 0.0 63.85494736011641 12.103885 92.86106725240796 19.250609179387222 1.4 0.29663154467065095 8.95623198216277 79.15427925855988 30.93922299968214 4.39531620457896 7.763432061992698 11.29683693072652 False
2812 8264.119361951323 3394.579271211736 214.94631976617575 52.964173330934926 8263 8265 3394 3395 4.0 0.831359309911887 0.2948588455834233 30.622484681551246 0.9349912543810822 0.10546952043143366 0.17092412378506094 0.0 0.5117540886318777 1.7237718 12.65755291204705 8.158722645160516 4.1526489980070584 0.1381157766010731 1.1283791670955126 24.365106421870006 12.907466973432792 2.2964864464554915 3.372235359718114 4.140217855975735 False
2813 1845.028542521653 3399.831578844655 215.00387482322944 53.004925859774566 1841 1849 3396 3404 63.0 2.3022283982778484 1.8362541726677202 50.279149944288235 0.6031885739412334 0.12733021970995695 0.45860424321316073 0.0 17.60475031291979 5.9193907 48.07274087311257 20.53838445936387 2.973454625280844 0.17543280062991065 4.478115991081385 54.94855590589672 32.88665892827619 2.93397130102539 5.710866061136278 9.421567400342315 False
2814 2388.4850736313824 3400.608772559848 214.9989849928972 53.001483338718025 2385 2391 3396 3403 43.0 1.9462247839425293 1.3280570074459521 60.3064503595687 0.7310014006295047 -0.03132346348247144 0.2460238923966692 0.0 4.696399333174694 4.9244175 10.213494682292254 12.88875207868028 2.3957588747180347 0.34714198711889516 3.6996385101659595 19.717127455462084 20.450071956224402 2.007475798278448 3.7149819866363267 10.563372140603894 False
2815 6675.966893906796 3404.504322892541 214.96045854142145 52.974305149766344 6669 6682 3397 3410 149.0 3.8546227481581647 2.2529652216028215 -40.22092958505459 0.8114052528128443 -0.0728931820415669 0.3731030284400969 0.0 25.61374725026954 9.708404 91.08842566109952 31.83102919244548 3.0107879182292487 0.35106606658031264 6.886811529393324 99.28136508225333 49.967583971184126 5.213874635720056 10.650333153103873 20.218073764146514 False
2816 2706.9316205060454 3407.8204205073193 214.9960488793342 52.999502564980695 2702 2712 3398 3414 125.0 3.315259194849963 2.2190404263234815 79.52969759975988 0.7429549187618532 -0.0709537293161786 0.6029882524136545 0.0 38.68241661813573 8.237638 116.02530203426126 26.54193768621396 2.9566155783265815 0.3360958749945314 6.3078313050504 162.6852179029945 42.57420480305976 4.057126413133931 7.560652152559256 11.24577212746484 False
2817 1216.5441356804558 3410.3563404634665 215.00941027212218 53.00896849437455 1211 1223 3401 3418 176.0 4.369379528680532 2.646084737099749 -71.13418956552833 0.7957712167012418 0.007481830047465212 0.8342724206173157 0.0 83.10459713109783 9.833763 171.7198395715286 29.58601710854562 2.630466216273336 0.21675540501268106 7.48482063701911 241.70635466412318 47.69787761346401 4.261933630271598 7.769579005375857 16.711040113687467 False
2818 617.5734415357742 3405.557088440969 215.01484304323378 53.01274086527658 617 618 3405 3406 4.0 0.4980176690408544 0.49328050037879606 58.518173909874754 0.13759949013228373 0.15105923808726543 0.2542832782101808 0.0 0.7908071593844974 1.766745 4.946808951109714 7.449726138028958 3.6644544823196115 0.13598100834501592 1.1283791670955126 6.792779552601743 12.221002937356886 1.272081004907165 2.2059677555944717 3.2677607123019565 False
2819 6995.207945685353 3408.073229846938 214.9575572878298 52.972298701458406 6992 6999 3406 3411 38.0 1.7773148077276804 1.403161499425254 -3.8908147028301774 0.6137712166189118 0.03394538534745533 0.22793154715740163 0.0 5.783475284952046 4.6643624 9.49530890657536 11.65428615922234 2.3237882700498673 0.193828494864665 3.477898169151024 18.033918310250577 18.22552972612113 1.6971288263469848 2.947880925974286 8.738969464636998 False
2820 9526.070771259989 3413.146886260325 214.9348110323492 52.95626419012038 9521 9530 3407 3421 111.0 3.366087484662026 2.157231051659575 81.99337598560237 0.767647798885955 0.013209675778992435 0.5239292904581322 0.0 35.69599795084309 7.9412885 108.77552030901097 28.778042567817145 3.1697155222351276 0.21076691702230427 5.944106103225343 121.99021742448944 46.02671537804976 4.12489905485719 8.561868764842671 12.79253557677689 False
2821 2463.650835697321 3415.060414170255 214.99815756271985 53.00108471864339 2455 2473 3408 3423 209.0 5.211352771602481 2.909905243526275 28.22539802837447 0.8295865842479955 0.0018099436664707359 0.37895216630284806 0.0 43.04911278554518 11.082262 47.66006704180685 18.48267820428414 1.4 0.21598778543087324 8.156394191823509 40.10451136561311 29.24185308823273 3.681176620861502 5.812388442919835 7.5529018459555495 False
2822 3611.222732933911 3415.3757451597876 214.9878488739736 52.99380753146155 3606 3616 3410 3420 97.0 2.743823858285206 2.268003817062992 55.31338341749651 0.5628118099717556 0.0817465345943984 0.48168993765299817 0.0 23.638621945477833 7.744851 40.23812397197145 18.777682836519883 2.1756513570556097 0.2513297230273404 5.556622981616415 44.24003436121597 29.85982117902646 2.621636540547118 4.803815336709004 7.549994007080854 False
2823 839.6048932701324 3413.6318457839902 215.01276271147634 53.011376558200844 838 842 3412 3415 15.0 1.1593381923206285 0.889336551742051 -35.699243680729616 0.6415190614823568 0.10613555198410862 0.27798985286409456 0.0 3.0305724033289705 2.8840868 5.906645960646041 7.091074605498882 2.091956873415173 0.15977777802037654 2.1850968611841584 8.536504780276815 11.461533969616847 1.2272947698291155 2.091862013590293 2.969663235159844 False
2824 3199.225059205175 3433.74492877634 214.99135468337815 52.9965201577098 3170 3226 3412 3456 1860.0 10.962126258921577 6.106964538171045 -29.546215507541753 0.8304476197382309 0.026953199513002825 13.732175013048096 0.0 3908.444581535765 33.30283 4181.8776661920465 44.66255604738212 1.5959999244711771 0.5553712878199962 24.33220886606579 4512.812699070984 71.54301344332922 4.986308811024476 10.168779436603828 18.398509507927916 False
2825 992.072274922704 3414.809338264374 215.01138027036012 53.01041606568018 990 995 3413 3417 22.0 1.3684101605015961 1.1828380145469317 0.909905879456432 0.5028245323134131 0.1133273612881711 0.3517574688181338 0.0 5.979854320822042 3.4817975 32.76173570613811 13.872140065502991 3.2540679690954657 0.1268106121606054 2.6462837142006137 37.431787153748445 22.267475697292475 2.7486781812406957 4.947705979814147 7.467305920168371 False
2826 3766.4208882402027 3417.287812043735 214.986435286654 52.99283339486393 3763 3768 3415 3419 23.0 1.3070936003449332 1.1242339261713297 51.562863792219325 0.5101219556767463 -0.0611053121437509 0.49545356554079895 0.0 7.415986358707357 4.134504 42.44773403461686 13.721947137088433 3.305367081889597 0.25415194999804946 2.7057581899030048 75.42583925722741 21.877076372384785 2.701393714110257 5.558990171487348 8.179159113966042 False
