outputs/dr0.5_c0.1/nircam1_f444w_dr0.5_c0.1.ecsv
# %ECSV 1.0
# ---
# datatype:
# - {name: label, datatype: int64}
# - {name: xcentroid, datatype: float64}
# - {name: ycentroid, datatype: float64}
# - {name: sky_centroid.ra, unit: deg, datatype: float64}
# - {name: sky_centroid.dec, unit: deg, datatype: float64}
# - {name: bbox_xmin, datatype: int64}
# - {name: bbox_xmax, datatype: int64}
# - {name: bbox_ymin, datatype: int64}
# - {name: bbox_ymax, datatype: int64}
# - {name: area, unit: pix2, datatype: float64}
# - {name: semimajor_sigma, unit: pix, datatype: float64}
# - {name: semiminor_sigma, unit: pix, datatype: float64}
# - {name: orientation, unit: deg, datatype: float64}
# - {name: eccentricity, datatype: float64}
# - {name: min_value, datatype: float64}
# - {name: max_value, datatype: float64}
# - {name: local_background, datatype: float64}
# - {name: segment_flux, datatype: float64}
# - {name: segment_fluxerr, datatype: float32}
# - {name: kron_flux, datatype: float64}
# - {name: kron_fluxerr, datatype: float64}
# - {name: kron_radius, unit: pix, datatype: float64}
# - {name: gini, datatype: float64}
# - {name: equivalent_radius, unit: pix, datatype: float64}
# - {name: kron4_2_flux, datatype: float64}
# - {name: kron4_2_fluxerr, datatype: float64}
# - {name: radius_kron20, unit: pix, datatype: float64}
# - {name: radius_kron50, unit: pix, datatype: float64}
# - {name: radius_kron80, unit: pix, datatype: float64}
# - {name: near_border, datatype: bool}
# meta:
#   PHOTMJSR: 0.3925000131130219
#   PIXAR_SR: 2.11539874851881e-14
#   __serialized_columns__:
#     area:
#       __class__: astropy.units.quantity.Quantity
#       unit: !astropy.units.Unit {unit: pix2}
#       value: !astropy.table.SerializedColumn {name: area}
#     eccentricity:
#       __class__: astropy.units.quantity.Quantity
#       unit: !astropy.units.Unit {unit: ''}
#       value: !astropy.table.SerializedColumn {name: eccentricity}
#     equivalent_radius:
#       __class__: astropy.units.quantity.Quantity
#       unit: !astropy.units.Unit {unit: pix}
#       value: !astropy.table.SerializedColumn {name: equivalent_radius}
#     kron_radius:
#       __class__: astropy.units.quantity.Quantity
#       unit: &id001 !astropy.units.Unit {unit: pix}
#       value: !astropy.table.SerializedColumn {name: kron_radius}
#     orientation:
#       __class__: astropy.units.quantity.Quantity
#       unit: &id002 !astropy.units.Unit {unit: deg}
#       value: !astropy.table.SerializedColumn {name: orientation}
#     radius_kron20:
#       __class__: astropy.units.quantity.Quantity
#       unit: *id001
#       value: !astropy.table.SerializedColumn {name: radius_kron20}
#     radius_kron50:
#       __class__: astropy.units.quantity.Quantity
#       unit: *id001
#       value: !astropy.table.SerializedColumn {name: radius_kron50}
#     radius_kron80:
#       __class__: astropy.units.quantity.Quantity
#       unit: *id001
#       value: !astropy.table.SerializedColumn {name: radius_kron80}
#     semimajor_sigma:
#       __class__: astropy.units.quantity.Quantity
#       unit: !astropy.units.Unit {unit: pix}
#       value: !astropy.table.SerializedColumn {name: semimajor_sigma}
#     semiminor_sigma:
#       __class__: astropy.units.quantity.Quantity
#       unit: !astropy.units.Unit {unit: pix}
#       value: !astropy.table.SerializedColumn {name: semiminor_sigma}
#     sky_centroid:
#       __class__: astropy.coordinates.sky_coordinate.SkyCoord
#       dec: !astropy.table.SerializedColumn
#         __class__: astropy.coordinates.angles.Latitude
#         unit: *id002
#         value: !astropy.table.SerializedColumn {name: sky_centroid.dec}
#       frame: icrs
#       ra: !astropy.table.SerializedColumn
#         __class__: astropy.coordinates.angles.Longitude
#         unit: *id002
#         value: !astropy.table.SerializedColumn {name: sky_centroid.ra}
#         wrap_angle: !astropy.coordinates.Angle
#           unit: *id002
#           value: 360.0
#       representation_type: spherical
#   astropy version: '5.1'
#   make_catalog parameters:
#     ab_zpt: 31.4
#     coadd_bands: !!python/tuple [f277w, f356w]
#     deblend_contrast: 0.001
#     deblend_nlevels: 32
#     deblend_npixels: 1
#     detect_kernel_fwhm: 4.0
#     detect_kernel_npix: 7
#     detect_npixels: 4
#     detect_threshold_nsigma: 3.0
#     flag_isolated_buffer: 4
#     hst_bands: !!python/tuple [f606w, f814w, f125w, f140w, f160w]
#     jwst_bands: !!python/tuple [f115w, f150w, f200w, f277w, f356w, f410m, f444w]
#     near_border_kernelsize: 21
#     reference_band: f200w
#   make_catalog version: 1.4.0
#   photutils version: 1.5.0
# schema: astropy-2.0
label xcentroid ycentroid sky_centroid.ra sky_centroid.dec bbox_xmin bbox_xmax bbox_ymin bbox_ymax area semimajor_sigma semiminor_sigma orientation eccentricity min_value max_value local_background segment_flux segment_fluxerr kron_flux kron_fluxerr kron_radius gini equivalent_radius kron4_2_flux kron4_2_fluxerr radius_kron20 radius_kron50 radius_kron80 near_border
[from data line 120]
121 6599.039616918694 318.6515670817114 214.99365322457672 52.95811931004367 6596 6602 316 321 36.0 1.7628711979235665 1.3759309108585505 11.077882200518031 0.6251487402580572 0.04612129011403103 0.6799298508533308 0.0 10.488843754563316 1.5738515 28.089970203890548 4.533990991158154 2.775488091605252 0.25053232449046847 3.385137501286538 31.816785582296802 6.986068019547188 2.2510484610908477 4.209406170101826 9.323072700907549 False
122 667.0925026617881 317.84773568442154 215.04692985453372 52.99572837410802 666 668 317 319 6.0 0.6243813591912322 0.5870009412521332 5.6080688674109895 0.34081033763789326 0.015765488788552655 0.4237794848687077 0.0 1.6285078138584974 0.3862532 14.247915037963342 1.5279035085760377 3.5751705548251387 0.35881251717799395 1.381976597885342 31.720977488102726 2.465695478718624 1.8027152239083364 3.469606317733962 4.686824436543916 False
123 1209.7571473195835 321.5246217615912 215.0420142265284 52.992308322933255 1208 1212 320 324 21.0 1.2916667119665435 1.081614430922953 12.395796254577213 0.5466229076168185 0.09392528017948254 0.4282646437549641 0.0 5.857494235683971 0.7057682 23.04913851147336 2.6767305671040593 3.1550506422768096 0.22279036931335197 2.5854414729132054 22.29778732985464 4.258600930023133 2.1613407912323668 4.095186883936953 6.333509756975197 False
124 8007.336710949242 322.589201879824 214.98097900008096 52.94920730420577 8006 8009 320 325 19.0 1.4570045893099426 0.8606166197219656 76.73708215854866 0.806909345924448 0.05874302045504715 0.4460181084482503 0.0 4.881457662705928 0.93676436 35.51573794347902 3.799909268908173 3.5320918278784776 0.2468026572810746 2.4592453796829674 59.24787052380751 6.003046416398654 3.1481320358572273 5.279059255862668 7.775392325471139 False
125 389.626314349797 332.5005819683988 215.0492694073811 52.997566415971555 383 396 322 345 259.0 5.038742593390118 2.689056798764279 85.89973007552236 0.8456889240052043 0.08636979759766239 2.101227573987239 0.0 165.3386390453606 2.6289833 238.49427762241524 5.385369832737581 2.068889778369138 0.3772599155364545 9.079772052293041 289.98528901905905 8.54161884820518 3.1406303106609386 6.59053135328656 11.931096648008468 False
126 1283.5820761012403 328.1783029913287 215.04128075103617 52.9918763221962 1279 1289 323 333 91.0 2.4564700224652585 2.2461333679898448 -66.05515001961047 0.4048696187353493 0.015376332621648277 1.1226977713457138 0.0 44.334465459539146 1.5256656 155.9594146817194 5.29681469212686 3.1358018818699733 0.26923317342609004 5.382025607773058 263.4476143555361 8.75004722665471 3.9115550821637517 9.38904961597111 14.468854437584238 False
127 6670.29335606088 325.60611946148504 214.99294070942182 52.957704944487574 6668 6672 323 328 20.0 1.22528311813574 1.1944302751739515 45.0450435772573 0.22299396446190142 0.051525773292409434 0.39527497485071905 0.0 5.375101684899473 0.913115 17.620261165851307 3.374174883867218 2.966306176115974 0.17921868949095096 2.5231325220201604 17.576725387269754 5.374728862781167 1.9255311699532978 3.499226898669973 5.417307934238679 False
128 3777.0260132709905 329.7594878452612 215.0188660652947 52.976076248750395 3771 3782 324 336 108.0 3.3889930658576115 1.945111020209437 -44.00472116093405 0.8188906657706433 -0.07436947633190025 0.7191659229418794 0.0 32.006448606769425 1.7357235 50.218470606897824 3.834325846252921 2.066767761352372 0.2818840235618458 5.863230142835039 53.70175505580469 6.110209052556727 2.61268601639891 4.91155748496949 8.071745633776242 False
129 1049.315484766332 330.4639058987529 215.04336188239117 52.99337373483677 1045 1054 325 336 96.0 2.7553939668949163 2.19489683598722 -58.01314098433892 0.6045306849982841 0.06292934826583467 0.9282857446856349 0.0 37.43073036999073 1.650104 60.41963221021716 3.3567412372906955 1.9456564845931572 0.26402014226934667 5.527906391541368 66.30706027565276 5.3500899886402795 2.4468475241106242 4.669708402161483 7.26898522424808 False
130 3554.8901359137867 328.1503945761653 215.0208777428401 52.977476078959995 3552 3559 325 332 42.0 2.291064269805921 1.3088569509337633 31.216740029438178 0.8207498444308979 -0.0901905754054343 0.2981029596053039 0.0 5.328340744183433 1.0512811 20.453401390769976 4.504932939745008 3.5865047667257723 0.34720554469914683 3.656366395715726 26.33650520109608 7.280140721081439 3.0841785068711514 5.574691743153634 19.77469358463787 False
131 8578.455923028772 333.3485419410649 214.97574412609043 52.94564225931377 8570 8586 325 341 228.0 3.6021323119587114 3.0224541278737993 -44.478124683632686 0.5440179162701597 0.009637564992673901 2.276470496075656 0.0 164.03079509616254 3.4569151 223.10719467454848 7.0714033264287 2.149410073158714 0.4172508437240659 8.51907589177983 297.0180496622402 10.910998674385672 2.720035445276051 5.26618558024515 10.034448620346812 False
132 2297.076909906377 337.37067075786047 215.03207798229184 52.98550091499321 2290 2304 328 346 219.0 3.683624323776002 3.0228488807610203 -74.35875019630218 0.5714769419305872 -0.04734866389125679 1.665309996571598 0.0 117.56529055983663 2.3455198 175.6904025089133 5.232524578553025 2.1693211512035306 0.3955147356429556 8.349243383340204 210.77605898604625 8.558625035638768 2.8342583351667696 5.789350452639181 10.998611065088081 False
133 573.9972654259201 353.28104283708115 215.04739339468753 52.99651016057908 559 588 329 377 1148.0 9.53814217704763 5.652240343082914 -84.04990868080638 0.8055017271038445 0.011757974179623449 5.319324107786277 0.0 1254.626309799793 5.598329 1417.8456687962084 8.569329995195714 1.6282410453371527 0.43189908327309096 19.115955360352558 1502.0931157439632 13.612657953125776 5.16313355585439 10.235461562170475 16.948625088126875 False
134 411.0364064511382 333.5455258443957 215.04906596029858 52.99743635829748 408 414 330 338 45.0 1.875665660540276 1.536532067715872 59.79744186186352 0.5735180261810653 -0.02815857719424201 0.3117639285620455 0.0 6.577585959196891 1.1543801 36.03603166971659 3.980821464427392 3.176249753468091 0.2966044630245814 3.7846987830302403 51.10940335511472 6.191385098548141 3.9235270039078065 6.794060805415985 10.747164650453387 False
135 8219.623316281462 335.83739257312345 214.97893570313906 52.94793217064014 8213 8227 330 342 147.0 3.0794649958902816 2.4916812349712427 23.337222188457726 0.587632488671552 0.012845856347627041 1.5383020622212416 0.0 89.2961284923802 2.5785954 134.64199623813238 5.883425928786975 2.250516534167013 0.37695087310394343 6.840435166640879 154.97546888493173 9.472918593235562 2.562529587591944 4.873668149642365 9.521998829296752 True
136 1571.05434266558 335.06405480353123 215.03862510318694 52.990091186447344 1568 1574 332 338 40.0 1.8702336953158303 1.5735834061736997 78.59839558085865 0.5404388359741229 0.08698448172230461 0.4823973313510834 0.0 10.096281489879123 1.0931927 80.8880771696912 4.760614623244129 3.5253119758462566 0.2412946279697612 3.5682482323055424 152.0806739544384 7.156957248677765 5.222073769528939 10.43732972416071 13.586300541901672 False
137 1907.2631317923237 337.3863544720872 215.03557986184242 52.98797233742939 1904 1911 333 342 66.0 2.633052566644283 1.6770123494960019 -63.30162567246882 0.7709397827038647 -0.1977390313728115 0.3853701219032645 0.0 13.24367621406277 1.4577229 25.478801566820618 3.857366562990554 2.3928027625196817 0.2909712104931634 4.583497844237541 32.367127181439486 6.080134842337252 2.4745702809935244 4.587257328720929 7.797616057909857 False
138 2937.911890414307 335.94662427461026 215.0263366545604 52.98143022908452 2935 2941 333 339 37.0 1.6494076498876 1.5102731740503321 67.76815972786812 0.40198604881179334 -0.017715179860339523 0.44762637091572066 0.0 10.115884216312642 1.0078024 28.16917449592675 3.1873119248419104 2.8707991735755183 0.20890116328771383 3.431831258788849 44.0709175504721 5.107202673142416 2.30319274188576 4.615001034221134 7.189825754831207 False
139 7110.446539988824 345.0628781992782 214.98878708930252 52.9550181834644 7092 7130 334 356 631.0 7.790888686378392 4.089626086333281 -8.051471129519067 0.8511489729190136 -0.02557603610448465 1.9078620038391971 0.0 377.1322069461478 5.0758824 505.6828925229031 9.870483184083387 2.06173678771269 0.38486979568585095 14.172280627406865 562.9374327498354 15.761073078899518 4.906108325637152 9.519047117331967 17.25373506069731 False
140 2806.787662317816 337.1063857299399 215.02750218170286 52.982267869802705 2805 2809 335 339 18.0 1.2037570402297826 1.047873181509465 -21.36909555552605 0.49216448145426733 0.17123369814439368 0.45428733807049826 0.0 5.082039487032979 0.70745045 32.174273401819455 2.811645716564857 3.4226888890901126 0.1886741032707402 2.393653682408596 47.74253193676623 4.594556937732764 2.7540384519667276 4.883596560192209 7.31691772828413 False
141 2008.2884209781382 341.21880988666624 215.03463186240708 52.987352595724836 1996 2019 336 347 184.0 5.769443072049862 2.0552200542834584 19.77634357151339 0.9344001954080966 0.012846002976149185 0.7538057874027488 0.0 69.39201104541377 2.1879373 108.33506143193415 5.307943886927738 2.089534953966986 0.24224645045825277 7.653039857325812 130.76458728359526 8.477185708618228 3.595315224803617 7.145374316759454 12.787154991764334 False
142 2893.934578998944 343.2026158099722 215.02665523537206 52.981748298685176 2887 2903 336 351 212.0 3.385235322714827 2.776044537708146 -36.36477952322648 0.5722993686848868 0.02102924210322713 3.147179285049913 0.0 169.09030968221344 2.4502714 474.31710607096954 6.831634556259511 2.9742879806304963 0.46116658998554166 8.214724333230155 579.2531857698219 10.621832873140526 3.9876415358278394 12.032635172301578 14.328395359824952 False
143 4243.612987111275 345.45941615901404 215.01451130947405 52.973202463626365 4234 4253 337 353 276.0 3.873900607311537 2.976402797949519 18.685742042457623 0.6400635977922464 0.11272810027773673 5.135963935824408 0.0 315.04243109253457 2.8166425 353.6724133399158 4.200354277101904 1.6696519060284438 0.48601029261754874 9.373021315815206 380.686760948596 6.578615470602852 2.3204042266866067 4.357022284129477 7.769787072435929 False
144 660.8431923230656 338.4528964373984 215.04676901064056 52.995879450408566 660 662 338 339 6.0 0.7672377125610303 0.4972405868550116 -2.264569833025369 0.7615620930882552 0.14078631928469865 0.30945614793332754 0.0 1.475971621948048 0.3743703 9.437028495369777 1.5512458218465497 3.645820780788508 0.1581143050944108 1.381976597885342 18.520581081975294 2.5126014959766065 1.631488603224203 2.8987471928634907 4.047925775227857 False
145 3973.104427377569 343.15683062035737 215.01696434991032 52.97490535388876 3970 3975 341 346 31.0 1.4586391017960694 1.3138268555513366 63.482163747478644 0.43439808759738985 0.019047547891603418 0.3576748765573192 0.0 6.061369740469108 0.87894756 31.701921245480996 3.2495826659834166 3.2932318215850973 0.3010379913496879 3.141274657157109 30.068181241710434 5.386783416583238 3.142027271241603 6.19842243900812 9.326467020678031 False
146 8525.795755852754 376.21503337131884 214.97576500143276 52.94620796299807 8495 8557 341 408 2796.0 11.884136621972758 6.170200432575201 -46.61203751612323 0.8546549850938541 0.035511088266828326 61.735651797731684 0.0 11922.9138885473 11.160302 11905.429718754458 11.149640984185544 1.4 0.6815498019108535 29.83277462405867 12430.342280105306 17.041238203717427 4.2683480275809185 9.485659735860343 17.68443333979343 False
147 775.2117962025377 380.3920055271974 215.04529942115295 52.99538134945447 740 807 344 419 3520.0 8.851129197207927 7.024223247938315 -49.33511946576669 0.6084446865716492 -0.08020769837272648 87.20400336230776 0.0 9789.393291809243 10.549839 9501.368729521173 8.99387974435512 1.4 0.784512632651882 33.47313548753602 10147.564643301215 13.39079779108402 2.9457294362430253 6.280686386007137 12.453483867868519 False
148 9646.11441301475 344.96207032993607 214.96604977572122 52.93893117132736 9645 9647 344 346 7.0 0.7505646182868134 0.662693423373798 16.583522566353512 0.4695111505443691 0.037592313606807065 0.20266182561614093 0.0 0.7890538182287357 0.6249856 11.243527744071937 2.788463003651916 3.8311284898470794 0.31339270984551987 1.4927053303604616 11.326433567438873 4.327834271118488 2.5078697748805547 4.095039527761512 5.306898376954967 False
149 4424.981738749799 353.94862829485425 215.01279358197533 52.972098242888535 4412 4436 345 362 329.0 4.6394305780284535 2.915705623339535 19.238328209446113 0.7778403228275036 0.16645829507547738 7.691692095003459 0.0 510.40572426886513 3.1200557 558.7490857493633 4.380006066850292 1.5878006293613256 0.5047908348443524 10.233472165128859 591.0201279816846 7.021699459118175 2.5212680714227442 4.770644729655022 8.21482273687878 False
150 nan nan nan nan 6042 6049 345 350 38.0 nan nan nan nan 0.0 0.0 0.0 0.0 6164414.5 nan nan nan nan 3.477898169151024 nan nan nan nan nan True
151 2854.9481864208647 352.33608364869593 215.0269092211286 52.98204487630442 2844 2863 346 358 189.0 4.671269151014421 2.1540698762767003 -22.84599650914586 0.887331750758533 -0.08608824647595176 1.1130171437827219 0.0 70.01323957396338 2.2508779 110.27046900641047 5.393898739420301 2.348783456012601 0.38407380972726823 7.756324418739616 387.1592871796855 8.695921992965314 3.2461308976199423 6.1748036888309885 13.235411786071463 False
152 9834.527513670655 349.8411464959681 214.9643095038969 52.937762047888405 9831 9838 346 354 64.0 2.0064789833634165 1.7405813996221335 68.6443253582188 0.49747118036475196 -0.03419049910789897 0.7599003183506501 0.0 20.609497524767058 1.5482424 30.38953531526314 3.8571438401008 2.226657029451062 0.35125545983707746 4.51351666838205 26.28790672584436 6.319082988974471 1.757960930561425 3.2546264186128675 6.647606401890237 False
153 3853.540175834193 348.5479606098837 215.01798116127054 52.975692664173636 3852 3855 347 350 15.0 1.1925111984977996 0.9056836224130679 46.09045194275981 0.650535334508566 0.1516663186820864 0.44463978289072037 0.0 5.012481264609161 0.6458933 28.499131685430385 2.500478040041202 3.339194212171169 0.1324246558716207 2.1850968611841584 34.21258526767598 4.056551702989717 2.404587899943022 4.319415986400678 6.553049126877133 False
154 236.5647019569551 354.20315629141425 215.050416643186 52.99865401316897 230 244 348 360 151.0 3.268122121005225 2.6869386294622832 40.94858152226781 0.569247925254291 -0.21589167489696195 0.7826546413424476 0.0 53.81810111986462 3.7659137 86.27386613593112 7.423697111661362 1.7794836661648017 0.3095918182973272 6.93287767191607 54.90672796383548 inf 3.095598801004832 5.397919922143588 10.169761869735803 True
155 6146.117961250268 366.1349235555777 214.99721716622838 52.96124870529127 6135 6157 348 385 621.0 6.731949271559145 3.6212298325921566 68.65906408437661 0.8429978178395572 -0.0938459626853141 7.282672277386443 0.0 770.2607421940737 5.2949357 843.4875544942788 7.117034640427362 1.5451072565292485 0.5180112087918535 14.05953197372281 882.3660206070788 11.419528392136685 3.0299433372192306 6.232184593498213 11.308791374675206 False
156 6568.784631919572 356.13335522111186 214.99353001458744 52.95851379399842 6563 6575 348 363 158.0 3.153250144881273 2.4949575920684817 56.118472476499164 0.6115139621273424 -0.11005973923479427 1.2219776276684404 0.0 54.51917468453439 2.2839873 95.8604797612632 5.302185705031868 2.436564795224925 0.4602381225754213 7.091753098990329 120.77262041586857 8.559781549496872 2.53502927140445 5.9706142634622 12.014471719469505 False
157 10108.815037480974 351.9141131334697 214.96182917777202 52.9360328473899 10107 10111 350 354 20.0 1.438574676774301 1.2019367541589312 39.34216339676675 0.5494824005014325 0.08740378631476367 0.4122453015354776 0.0 4.844607884070975 0.8689621 22.71587224791707 3.56799069166824 3.1516767670338592 0.21068170070071005 2.5231325220201604 34.75975402302362 5.984845720934677 2.4682111949173815 4.623580659232089 7.566237318722096 False
