outputs/dr0.5_c0.1/nircam1_f606w_dr0.5_c0.1.ecsv
# %ECSV 1.0
# ---
# datatype:
# - {name: label, datatype: int64}
# - {name: xcentroid, datatype: float64}
# - {name: ycentroid, datatype: float64}
# - {name: sky_centroid.ra, unit: deg, datatype: float64}
# - {name: sky_centroid.dec, unit: deg, datatype: float64}
# - {name: bbox_xmin, datatype: int64}
# - {name: bbox_xmax, datatype: int64}
# - {name: bbox_ymin, datatype: int64}
# - {name: bbox_ymax, datatype: int64}
# - {name: area, unit: pix2, datatype: float64}
# - {name: semimajor_sigma, unit: pix, datatype: float64}
# - {name: semiminor_sigma, unit: pix, datatype: float64}
# - {name: orientation, unit: deg, datatype: float64}
# - {name: eccentricity, datatype: float64}
# - {name: min_value, datatype: float64}
# - {name: max_value, datatype: float64}
# - {name: local_background, datatype: float64}
# - {name: segment_flux, datatype: float64}
# - {name: segment_fluxerr, datatype: float32}
# - {name: kron_flux, datatype: float64}
# - {name: kron_fluxerr, datatype: float64}
# - {name: kron_radius, unit: pix, datatype: float64}
# - {name: gini, datatype: float64}
# - {name: equivalent_radius, unit: pix, datatype: float64}
# - {name: kron4_2_flux, datatype: float64}
# - {name: kron4_2_fluxerr, datatype: float64}
# - {name: radius_kron20, unit: pix, datatype: float64}
# - {name: radius_kron50, unit: pix, datatype: float64}
# - {name: radius_kron80, unit: pix, datatype: float64}
# - {name: near_border, datatype: bool}
# meta:
#   PHOTMJSR: 0.3925000131130219
#   PIXAR_SR: 2.11539874851881e-14
#   __serialized_columns__:
#     area:
#       __class__: astropy.units.quantity.Quantity
#       unit: !astropy.units.Unit {unit: pix2}
#       value: !astropy.table.SerializedColumn {name: area}
#     eccentricity:
#       __class__: astropy.units.quantity.Quantity
#       unit: !astropy.units.Unit {unit: ''}
#       value: !astropy.table.SerializedColumn {name: eccentricity}
#     equivalent_radius:
#       __class__: astropy.units.quantity.Quantity
#       unit: !astropy.units.Unit {unit: pix}
#       value: !astropy.table.SerializedColumn {name: equivalent_radius}
#     kron_radius:
#       __class__: astropy.units.quantity.Quantity
#       unit: &id001 !astropy.units.Unit {unit: pix}
#       value: !astropy.table.SerializedColumn {name: kron_radius}
#     orientation:
#       __class__: astropy.units.quantity.Quantity
#       unit: &id002 !astropy.units.Unit {unit: deg}
#       value: !astropy.table.SerializedColumn {name: orientation}
#     radius_kron20:
#       __class__: astropy.units.quantity.Quantity
#       unit: *id001
#       value: !astropy.table.SerializedColumn {name: radius_kron20}
#     radius_kron50:
#       __class__: astropy.units.quantity.Quantity
#       unit: *id001
#       value: !astropy.table.SerializedColumn {name: radius_kron50}
#     radius_kron80:
#       __class__: astropy.units.quantity.Quantity
#       unit: *id001
#       value: !astropy.table.SerializedColumn {name: radius_kron80}
#     semimajor_sigma:
#       __class__: astropy.units.quantity.Quantity
#       unit: !astropy.units.Unit {unit: pix}
#       value: !astropy.table.SerializedColumn {name: semimajor_sigma}
#     semiminor_sigma:
#       __class__: astropy.units.quantity.Quantity
#       unit: !astropy.units.Unit {unit: pix}
#       value: !astropy.table.SerializedColumn {name: semiminor_sigma}
#     sky_centroid:
#       __class__: astropy.coordinates.sky_coordinate.SkyCoord
#       dec: !astropy.table.SerializedColumn
#         __class__: astropy.coordinates.angles.Latitude
#         unit: *id002
#         value: !astropy.table.SerializedColumn {name: sky_centroid.dec}
#       frame: icrs
#       ra: !astropy.table.SerializedColumn
#         __class__: astropy.coordinates.angles.Longitude
#         unit: *id002
#         value: !astropy.table.SerializedColumn {name: sky_centroid.ra}
#         wrap_angle: !astropy.coordinates.Angle
#           unit: *id002
#           value: 360.0
#       representation_type: spherical
#   astropy version: '5.1'
#   make_catalog parameters:
#     ab_zpt: 31.4
#     coadd_bands: !!python/tuple [f277w, f356w]
#     deblend_contrast: 0.001
#     deblend_nlevels: 32
#     deblend_npixels: 1
#     detect_kernel_fwhm: 4.0
#     detect_kernel_npix: 7
#     detect_npixels: 4
#     detect_threshold_nsigma: 3.0
#     flag_isolated_buffer: 4
#     hst_bands: !!python/tuple [f606w, f814w, f125w, f140w, f160w]
#     jwst_bands: !!python/tuple [f115w, f150w, f200w, f277w, f356w, f410m, f444w]
#     near_border_kernelsize: 21
#     reference_band: f200w
#   make_catalog version: 1.4.0
#   photutils version: 1.5.0
# schema: astropy-2.0
label xcentroid ycentroid sky_centroid.ra sky_centroid.dec bbox_xmin bbox_xmax bbox_ymin bbox_ymax area semimajor_sigma semiminor_sigma orientation eccentricity min_value max_value local_background segment_flux segment_fluxerr kron_flux kron_fluxerr kron_radius gini equivalent_radius kron4_2_flux kron4_2_fluxerr radius_kron20 radius_kron50 radius_kron80 near_border
[from data line 5131]
5132 567.5121324957879 3987.1150562155535 215.00916284419256 53.01620245779569 562 571 3984 3991 48.0 3.446959732164568 1.0913426763036504 -19.92737038711441 0.9485557279944535 -0.44251684322274143 0.26024401048200085 0.0 -1.12092477121957 1.9244941 -1.9780471193071225 2.956720160476919 1.4 -0.6609075478741636 3.9088200952233594 -4.524999205768836 4.6850223370113095 2.1422963926644347 2.883337316457379 nan False
5133 524.7287315645887 4001.1567392848087 215.00939929388724 53.016549685299644 514 536 3994 4007 97.0 6.759610500385185 1.185062058327628 -29.285501695211615 0.9845123675387921 -0.41514244554024116 0.4691188450624244 0.0 2.921406939798442 2.6277235 23.462738355506605 10.309780009102855 3.5795541845081913 0.5633685866331476 5.556622981616415 -24.017935228795782 17.10894740692303 9.892645775092078 11.077435781590259 13.862504581952805 False
5134 546.1870659664115 3999.5873874462013 215.00922300239398 53.01640512062828 533 564 3989 4008 212.0 8.597681015520878 2.00678288297897 -30.26756975760967 0.9723784612791506 -0.4099079272828485 0.38626662531376477 0.0 7.5478376935821885 4.0571814 6.521139511192151 6.519299875617126 1.4 0.47924971516111303 8.214724333230155 8.036736839731367 10.3544246654681 1.7308144699674404 4.609166690785682 5.895424123378187 False
5135 529.985125459611 4008.3666330179885 215.00927605333536 53.016555329123335 524 535 4004 4013 65.0 3.863982090705331 1.5160467551908576 -5.46017483608449 0.9198145247181655 -0.39466878816104084 0.3063814979732357 0.0 -2.12152671285039 2.0710638 -1.8588159170555176 13.372915016548198 5.02803397692974 -0.49671400125323184 4.54864184146723 -64.9540792700903 21.92474765097273 0.9874577453878689 1.4887204337065874 1.8302939908363935 False
5136 485.60745647873233 4011.443296658959 215.00964242251834 53.01685338770377 469 514 3999 4027 663.0 6.832547534788953 4.320018178872318 -5.656995037881718 0.7747477184677721 -0.30740214152576223 2.1984432743107716 0.0 167.58670562930223 6.928686 184.25133107973954 11.177185467608325 1.756507888308334 0.6000347641900532 14.527197064122632 212.72624951165744 17.80964141467522 3.23601105812637 6.042497369998248 10.647521678182603 False
5137 463.9225829611813 4025.7872122464146 215.00968608765697 53.01706845016697 443 488 4008 4048 1048.0 11.395712194721481 5.957679320446332 -36.4575611242995 0.852455318253265 -0.42616523613521934 1.026008048748007 0.0 166.0331754823469 8.521638 199.92950950817752 17.92046742864174 1.871678233835896 0.48555416373716076 18.26441241104166 234.08960403352012 28.835298774448916 7.047446938485719 12.357665490991927 19.40270028601192 False
5138 518.4379177861271 4015.043338272107 215.00930943900755 53.01666465240272 509 527 4010 4021 117.0 4.807017952669231 2.058466120180529 -25.033450154111943 0.9036740341135978 -0.3376566374536286 0.4529084070597965 0.0 2.001281817899812 2.8287632 21.544993203071783 10.723033349840854 3.318872036948432 0.4115766832477357 6.102643417692329 17.487335864123498 18.04722802719998 20.60856526264303 22.1674889088469 29.591463893372268 False
5139 506.9065398894081 4020.9457424000493 215.009350845021 53.01676968928825 501 513 4016 4026 75.0 2.800498943852361 1.7912328918948286 -26.054046627605615 0.7686978702468777 -0.4077946672425049 0.34289283337925963 0.0 -2.2918544547942177 2.262966 -2.3282381142562434 2.91205430257553 1.4 -0.45457472978692937 4.886025119029199 -0.553367030531467 4.569218208104044 2.314684545601669 7.387326002160099 7.892220821559397 False
5140 497.3340108638712 4026.4867932068573 215.00937845716598 53.01686035036767 489 505 4020 4034 127.0 4.572949257908652 2.312986260432037 -50.33649081688707 0.8626522464182212 -0.35571155232159407 0.314273495959924 0.0 -1.0619948091671962 2.9804468 16.300735900032784 15.873595014010892 4.70403720032735 -0.6461987398437014 6.358093703724522 76.10596339986313 27.06517384095585 31.643897585657943 33.68596683802006 36.84364993205883 False
5141 481.8255641003929 4036.7343899664747 215.00940979809903 53.01701409907251 472 492 4029 4044 158.0 5.287648788729263 2.061784571917454 -18.065052645903812 0.9208467689828433 -0.48295192605416887 0.3375997382426279 0.0 5.162222491561257 3.3682225 8.843270970814272 4.2050725572994825 1.4 0.4814587859004319 7.091753098990329 8.615254195742484 6.0762068517881005 4.08511382878503 5.077885322135575 7.282349843924557 False
5142 489.3426882516991 4040.962167634986 215.00929767664368 53.016989284438324 478 508 4031 4048 128.0 9.039132414719951 1.3797543639135617 -30.394422618776623 0.9882814956627668 -0.4622543464615202 0.23446424094751958 0.0 -4.6880558570463915 3.010341 -3.1932943634242505 5.753702763750977 1.4 -0.5659986431819871 6.383076486422923 -8.176899556216105 9.164903309261591 3.0610847365274103 3.5659130780362576 4.067565809579496 False
5143 474.78137593889204 4049.0704364065487 215.00934305812535 53.01712546125258 471 480 4045 4053 50.0 1.6580438699231665 1.4602959359228695 -50.35402862992543 0.4736108895572254 -0.33228351142992457 0.2642194564178791 0.0 -0.14361162400698457 1.9130712 -0.9399151213346247 2.477541925906355 1.4 -1.3842978794428744 3.989422804014327 -3.500427331896275 3.635300122304811 4.8857845739855685 5.102098924156619 5.3906192269611415 False
5144 467.4164142278816 4054.1607538417957 215.00935558339083 53.01719968605899 460 473 4049 4059 81.0 2.7375148431891305 1.6147123559738765 -24.36631856630413 0.8075157091567792 -0.5755232533391654 0.2523625146944608 0.0 -5.258416547936569 2.4843395 -7.28591909801071 3.5288104434106704 1.4 -0.49371165612321183 5.077706251929807 -5.457324200090089 5.264935527893992 4.392811583648415 5.60266347099687 6.650200039274253 False
5145 427.31599608440564 4057.1431471535407 215.00968451377125 53.017470110173925 416 444 4047 4064 181.0 6.932306140596665 1.7575431304087752 -29.85356821852442 0.9673276922828828 -0.5212606102613965 0.5477057327212047 0.0 6.711449612702639 3.5434892 0.9630882632114837 5.495928707246342 1.4 0.5541926046707383 7.590394548326596 -7.617686854074499 8.028751751818072 0.5596707515555941 0.8660757043289772 1.086326275471829 False
5146 457.58782927503785 4049.9919832091223 215.0094878557102 53.017239478004875 440 476 4038 4062 346.0 10.735101436831586 2.8082010591049382 -28.213925778256538 0.965178939687231 -0.4930810882176075 0.41245538264873705 0.0 -3.8794610327929164 4.8916426 -0.1919969871567795 6.048581628700562 1.4 -0.48273549435981067 10.49453289192004 -0.24719240448290059 9.801681232542466 4.424281698802138 4.479939820927239 4.545623238604654 False
5147 449.41134560051097 4064.121979015876 215.00941237970545 53.017367719188705 437 459 4058 4072 131.0 6.154368522051698 1.6372109170996376 -30.5553249225345 0.9639663526008082 -0.37177971663730974 0.22585552494899638 0.0 -3.1173471237567147 2.9800246 -27.691211041641637 34.94479738441204 9.47459802689192 -0.6274542103576295 6.457444935117649 -48.2819486626524 56.55898539011764 71.58504483431399 72.30664176919515 72.88999705238247 False
5148 411.8697048632722 4066.609907331009 215.00972352910267 53.01761924326758 404 417 4061 4072 85.0 3.2473990657591894 1.3559963516100721 -17.148225106161732 0.9086475984219101 -0.33032334061127827 0.32939542299245456 0.0 1.7529902154076007 2.4472957 2.99442685084904 3.304976006380656 1.4 0.4433456047141553 5.201570947860099 1.2484253382673174 4.809403972939412 1.187200871524248 2.078580883227388 2.7907577669554167 False
5149 398.55062041214387 4073.7259021665172 215.00976820932215 53.017742177791455 390 405 4069 4080 99.0 3.7602072949877314 1.7549524903264324 -32.5884122089799 0.8844067424212806 -0.4046003207541693 0.27421493271328606 0.0 -0.6303812304645479 2.6344185 -5.590512399651406 3.8551807060097603 1.4 -0.6651463796593277 5.613615477764332 -9.323061307504663 5.966948417993646 4.851659632736856 6.466311587755791 7.671109571568115 False
5150 433.25657155266856 4073.8621956927864 215.00945487820985 53.017522823643944 428 439 4069 4078 64.0 3.4892660169332044 1.927229782299831 -51.88723953125839 0.8336248966830606 -0.3319053771871973 0.2796328479329421 0.0 -1.9139197416396312 2.140775 -15.950356435472509 16.919892656447256 5.7818528178712265 -0.32875194954462394 4.51351666838205 -75.7635840649112 27.53119747367303 24.96891965807615 30.84772426210262 47.13845580129201 False
5151 414.24673982731287 4076.9637888393913 215.00959301822448 53.017660144123255 389 444 4056 4098 823.0 15.226119468315861 4.255379385929881 -31.5302464810337 0.9601518289845741 -0.41861361842188566 0.48455383778181854 0.0 2.695634575763995 7.636397 7.366052466919089 11.343641635920545 1.4 0.6389158418688136 16.18545755699417 -18.990303260434125 17.812609116264372 2.2845050926070445 13.617415171835558 14.102523228647312 False
5152 385.73461770211384 4081.9417217616246 215.00979677445707 53.017867867838795 378 392 4077 4086 83.0 4.083851972868328 1.729782525642335 -40.104326555314074 0.9058650533973581 -0.3525185399536154 0.4080473927989202 0.0 -3.604498645440822 2.3673968 -4.252198507190605 3.889522620851852 1.4 -0.4009732479762271 5.140011726956917 -14.538091444372682 6.003357065522252 1.7380318779763855 3.2000644280573494 4.277558069457469 False
5153 390.30016004940046 4097.658108584052 215.00959006408345 53.01792388085531 386 395 4094 4102 47.0 2.155961245344796 1.7951728843001118 -64.8149843555044 0.5537913857928725 -0.31629384158927976 0.2243111377271897 0.0 -2.795929096659488 1.8492543 -7.69704741616017 2.8063371634082808 1.4 -0.5499163043808651 3.8678889139475245 -14.2914282899902 4.459595226713241 3.3975532726795556 4.401324936845142 5.797374638772619 False
5154 361.68439672488415 4094.884308686275 215.00987647122875 53.018090354370216 348 380 4083 4104 223.0 9.820958971930096 1.743724881116855 -28.30513534021754 0.9841115308703706 -0.3610689577362977 0.47871591948114095 0.0 -3.9079907232732243 4.1230497 -5.750230868141268 6.153853849783346 1.4 -0.42751251314023675 8.42514715711158 -7.7406093714493895 9.455793582356275 18.51727688900093 18.860919670607746 19.160001077460553 False
5155 380.920635549471 4103.309721756943 215.00961477742214 53.01801391563073 374 388 4098 4109 88.0 4.08476642110284 1.9912951298686523 -32.811205145538224 0.8731268823979043 -0.3351982637998552 0.3125074423404356 0.0 -1.6397812779147063 2.469781 -4.100402093404408 4.058845887535 1.4 -0.5027921371124311 5.292567428401227 -8.642187061784016 6.455414310795783 2.8799303288364144 4.051099551130156 6.147659694306553 False
5156 373.53024726131343 4098.636282360249 215.00973046089052 53.01803551692139 349 394 4085 4114 468.0 12.582291316824223 2.5638531503390753 -29.56272633638848 0.9790194554076397 -0.42596261289522264 0.33089926554629395 0.0 -15.12339555353913 5.770438 -25.753557822496326 6.736064050663702 1.4 -0.48850397297775333 12.205286835384658 -38.1039072430508 9.328252692599836 11.443909600333006 14.827518900620094 20.679610294811827 False
5157 334.067756581395 4110.208747163373 215.00996311068297 53.01834833432093 321 350 4100 4119 214.0 8.206030718584216 2.0828797192563937 -24.566648879933506 0.9672506711835686 -0.33360782285192225 0.4014027329694087 0.0 -0.5519173320206616 3.8462005 -2.102322087705655 6.119655730553372 1.4 -0.30804687066143566 8.253382073025046 -3.2033848675384853 9.686991313293866 5.416340334062107 5.770114395312123 6.145284310762145 False
5158 368.62407118664447 4111.722105385718 215.00963660199068 53.0181373743083 360 376 4105 4116 96.0 3.651513059760338 1.6029120430370056 -29.588631658901246 0.8985007349318758 -0.3495244520534643 0.5083441127552605 0.0 -1.993939310959859 2.6232948 1.7532778392114747 3.605522821290224 1.4 -0.19548112800132278 5.527906391541368 -8.550515740845007 5.8267425723303585 1.41898090073271 5.245268435882825 5.577384070717596 False
5159 358.0886764529707 4116.464841360235 215.0096812846089 53.018229825560894 356 363 4113 4120 40.0 1.5659168805768848 1.0175715316862635 -12.757529499241432 0.7600840780491795 -0.34465636551041373 0.20762467295646359 0.0 -0.42616884814460343 1.6703409 -0.7882719123629467 1.9152252911267305 1.4 -0.4766844081165923 3.5682482323055424 -2.9810940572865166 2.559094962156896 3.8921355259160317 4.061872864652349 4.235798657433689 False
5160 318.181886331551 4119.6987874315955 215.0100058328467 53.01850038078114 312 324 4115 4124 71.0 3.2026290626870066 1.9943722147897824 -2.426157925949024 0.782437044598533 -0.36429849187972624 0.2755263694113089 0.0 -3.8908738060650894 2.2450576 -4.458970710000905 3.4801515977542166 1.4 -0.47011783423723813 4.753945931439391 -4.054385346663622 5.67643278660326 2.1070199902355284 3.405644614929415 9.617037897293189 False
5161 351.9911015382184 4120.95676592937 215.00968872913072 53.018292778053976 345 358 4116 4126 87.0 3.342751662133013 1.4348927202961077 -37.57814768574601 0.9031833601596571 -0.3602940701198337 0.26587514057757283 0.0 -5.1887503382441205 2.4190464 -3.9902510213491125 3.10901081321244 1.4 -0.4699828240936213 5.262410103554244 -7.930209497449788 4.919040827621759 2.920924439221718 3.5262832690799377 10.677340730670165 False
5162 302.8198526805012 4129.102892220731 215.01004475350402 53.018648640696604 291 315 4120 4136 198.0 7.537592440813648 2.1215696458638535 -23.665974936900625 0.9595714485846192 -0.35394688776169037 0.3862542697063712 0.0 7.042109579265082 3.7358336 35.41162948852701 13.221865168192926 3.2912992030796198 0.4119489361749739 7.938851142601841 80.93878926155236 22.341687231600798 21.92286447091372 26.557477645327392 41.020432695443915 False
5163 334.70815913217916 4130.370220253351 215.00974481307304 53.01845327022275 324 347 4122 4138 173.0 6.789935503419936 1.906669784513106 -28.134574239971712 0.9597638963868358 -0.3606066212299042 0.3331232295313423 0.0 1.9812231623244947 3.4786084 24.87588605932349 10.074316640318514 2.794384750304786 0.45009449607400953 7.420755373261929 12.091252457370901 16.560757592498508 9.112261914229592 34.6977484001479 36.05656363825658 False
5164 287.62909246174917 4136.431282972958 215.01010401750128 53.01878459267702 282 294 4132 4141 77.0 3.003067302078743 2.041708180950195 12.250363521369835 0.7333286991395317 -0.38126116193560167 0.2650427101589965 0.0 -1.548074393078641 2.3177028 29.337223654891993 11.463417029242745 4.296883858376512 -0.6428881397738364 4.950743503369154 46.220759149281456 18.923721690307538 13.041364252731377 16.767599431234924 32.15491047568614 False
5165 319.05131446689376 4129.411825198536 215.0098956242344 53.01854737800384 283 355 4107 4152 805.0 22.63797168636956 3.081868815171127 -29.061972422402206 0.9906900009475151 -0.43642967635046215 0.5755621183585968 0.0 2.0212206464235765 7.4933543 2.2644526584359204 7.788467471491454 1.4 0.9794368121819961 16.00748132524138 -1.71439728935409 12.864276666642308 15.245361460231123 24.113918237852097 15.664587885254452 False
5166 318.4042703807294 4140.63837464284 215.0097830883756 53.0186121742966 313 326 4134 4146 100.0 3.5689977805648567 1.7126359455646418 -14.424510493725887 0.877342520103417 -0.370176433805648 0.46256086979069483 0.0 -0.9184479271945304 2.6597595 -0.3884906565472712 6.856027923159866 2.5992290680074293 -0.7020352448425142 5.641895835477563 19.116790041236495 11.160248617115208 6.34924491115529 6.446107107564963 6.5364041508959865 False
5167 271.26660638676515 4145.428108359995 215.01015622351295 53.0189369951274 256 285 4136 4156 250.0 8.38895316399944 2.646436840892403 -31.177755346132844 0.9489365893715248 -0.41114214148191647 0.3952533545518984 0.0 7.9407457131628085 4.1907353 92.59819022888658 19.776853534051202 3.9044159014597435 0.5745008611179927 8.920620580763856 170.7346655314343 31.838739436318054 12.254663161996481 31.66883438904804 44.967653536056865 False
