outputs/dr0.5_c0.1/nircam3_matched_f115w_f277w_dr0.5_c0.1.ecsv
# %ECSV 1.0
# ---
# datatype:
# - {name: label, datatype: int64}
# - {name: xcentroid, datatype: float64}
# - {name: ycentroid, datatype: float64}
# - {name: sky_centroid.ra, unit: deg, datatype: float64}
# - {name: sky_centroid.dec, unit: deg, datatype: float64}
# - {name: bbox_xmin, datatype: int64}
# - {name: bbox_xmax, datatype: int64}
# - {name: bbox_ymin, datatype: int64}
# - {name: bbox_ymax, datatype: int64}
# - {name: area, unit: pix2, datatype: float64}
# - {name: semimajor_sigma, unit: pix, datatype: float64}
# - {name: semiminor_sigma, unit: pix, datatype: float64}
# - {name: orientation, unit: deg, datatype: float64}
# - {name: eccentricity, datatype: float64}
# - {name: min_value, datatype: float64}
# - {name: max_value, datatype: float64}
# - {name: local_background, datatype: float64}
# - {name: segment_flux, datatype: float64}
# - {name: segment_fluxerr, datatype: float32}
# - {name: kron_flux, datatype: float64}
# - {name: kron_fluxerr, datatype: float64}
# - {name: kron_radius, unit: pix, datatype: float64}
# - {name: gini, datatype: float64}
# - {name: equivalent_radius, unit: pix, datatype: float64}
# - {name: kron4_2_flux, datatype: float64}
# - {name: kron4_2_fluxerr, datatype: float64}
# - {name: kron4_2_mag, datatype: float64}
# meta:
#   PHOTMJSR: 2.962800025939941
#   PIXAR_SR: 2.11539874851881e-14
#   __serialized_columns__:
#     area:
#       __class__: astropy.units.quantity.Quantity
#       unit: !astropy.units.Unit {unit: pix2}
#       value: !astropy.table.SerializedColumn {name: area}
#     eccentricity:
#       __class__: astropy.units.quantity.Quantity
#       unit: !astropy.units.Unit {unit: ''}
#       value: !astropy.table.SerializedColumn {name: eccentricity}
#     equivalent_radius:
#       __class__: astropy.units.quantity.Quantity
#       unit: !astropy.units.Unit {unit: pix}
#       value: !astropy.table.SerializedColumn {name: equivalent_radius}
#     kron_radius:
#       __class__: astropy.units.quantity.Quantity
#       unit: !astropy.units.Unit {unit: pix}
#       value: !astropy.table.SerializedColumn {name: kron_radius}
#     orientation:
#       __class__: astropy.units.quantity.Quantity
#       unit: &id001 !astropy.units.Unit {unit: deg}
#       value: !astropy.table.SerializedColumn {name: orientation}
#     semimajor_sigma:
#       __class__: astropy.units.quantity.Quantity
#       unit: !astropy.units.Unit {unit: pix}
#       value: !astropy.table.SerializedColumn {name: semimajor_sigma}
#     semiminor_sigma:
#       __class__: astropy.units.quantity.Quantity
#       unit: !astropy.units.Unit {unit: pix}
#       value: !astropy.table.SerializedColumn {name: semiminor_sigma}
#     sky_centroid:
#       __class__: astropy.coordinates.sky_coordinate.SkyCoord
#       dec: !astropy.table.SerializedColumn
#         __class__: astropy.coordinates.angles.Latitude
#         unit: *id001
#         value: !astropy.table.SerializedColumn {name: sky_centroid.dec}
#       frame: icrs
#       ra: !astropy.table.SerializedColumn
#         __class__: astropy.coordinates.angles.Longitude
#         unit: *id001
#         value: !astropy.table.SerializedColumn {name: sky_centroid.ra}
#         wrap_angle: !astropy.coordinates.Angle
#           unit: *id001
#           value: 360.0
#       representation_type: spherical
#   astropy version: '5.1'
#   kernelfile: kernel_f115w_f277w.fits
#   make_catalog parameters:
#     ab_zpt: 31.4
#     coadd_bands: !!python/tuple [f277w, f356w]
#     deblend_contrast: 0.001
#     deblend_nlevels: 32
#     deblend_npixels: 1
#     detect_kernel_fwhm: 4.0
#     detect_kernel_npix: 7
#     detect_npixels: 4
#     detect_threshold_nsigma: 3.0
#     flag_isolated_buffer: 4
#     hst_bands: !!python/tuple [f606w, f814w, f125w, f140w, f160w]
#     jwst_bands: !!python/tuple [f115w, f150w, f200w, f277w, f356w, f410m, f444w]
#     near_border_kernelsize: 21
#     reference_band: f200w
#   make_catalog version: 1.4.0
#   photutils version: 1.5.0
# schema: astropy-2.0
label xcentroid ycentroid sky_centroid.ra sky_centroid.dec bbox_xmin bbox_xmax bbox_ymin bbox_ymax area semimajor_sigma semiminor_sigma orientation eccentricity min_value max_value local_background segment_flux segment_fluxerr kron_flux kron_fluxerr kron_radius gini equivalent_radius kron4_2_flux kron4_2_fluxerr kron4_2_mag
[from data line 1964]
1965 1974.894954447094 2586.8531759036036 214.83038346988573 52.872654958337904 1972 1977 2586 2591 32.0 1.032669234166084 0.8470118232717103 10.205960888064991 0.5720539500446995 -0.06846797162073583 0.04783091294921934 0.0 -0.09761692192387929 1.2836481 0.6005726790028778 1.3264454730245014 1.4 -0.8115207981827672 3.1915382432114616 0.6058491539727027 2.1039700120003966 31.94408873559182
1966 7024.562837379913 2587.0442987944266 214.78531838321734 52.84055599113932 7023 7026 2586 2589 12.0 1.1229096531784013 0.8122747926984005 -26.958755458393338 0.6904646728581174 0.040594585122888646 0.11934426893530756 0.0 0.9914771149221377 0.7749147 17.612067810301383 3.9040340514829603 3.9041295005180388 0.16096743888325604 1.9544100476116797 30.990040010706274 6.373503441305001 27.671944657625595
1967 9886.948303292302 2589.3700617265768 214.7597796456863 52.82236517994128 9884 9890 2586 2593 47.0 1.9046977962173537 1.4943179423112314 -59.016549947496124 0.620074004516474 0.12940672446118234 0.5884213107072216 0.0 14.204083151405165 1.7534571 27.825018739623275 4.766959665372572 2.534030880696154 0.24347042720393003 3.8678889139475245 25.694879393579225 7.667864135307444 27.87538354115503
1968 1066.0221850774972 2592.925706390662 214.8384373601877 52.87846345167009 1058 1075 2587 2599 153.0 4.934033289955397 2.3700269902503677 -28.07827099781169 0.8770808786012995 0.09524569666202878 0.3875049318276119 0.0 35.615154500665696 3.0153537 131.09862447509926 10.706520525361018 3.002430942858323 0.1503072671578024 6.978639737521917 165.10728821190207 17.112582923901723 25.855584388915233
1969 1107.647429051764 2589.644580047401 214.8381000746812 52.87818125238073 1106 1109 2588 2591 14.0 1.0461870929159183 0.9626303012200967 44.60645108695889 0.39160817603947806 0.2633730987001356 0.596060812795624 0.0 6.795231843853546 0.92446834 21.773995747003468 3.0269463964996643 2.843158347551932 0.10991754364115643 2.111004122822376 28.619287041220232 4.842772503687301 27.758352973778184
1970 7486.655602565641 2602.2650496446317 214.78103778671274 52.83769966287016 7476 7499 2589 2616 483.0 4.7139659776840155 3.336222565879668 -61.20309396996523 0.7064814348225555 0.025144886815205734 5.967731911497516 0.0 382.42847806486475 5.373605 407.19501261912535 6.927198931763762 1.6271587460366197 0.5969232562215991 12.399341717477219 449.39868919842206 11.276231452450542 24.76842049665205
1971 741.4870215948134 2597.806792863885 214.84128515637738 52.880552008752105 739 744 2596 2600 23.0 1.3653009865968577 1.175042115378362 -8.836666536610979 0.5092021659640444 0.21876336220365103 0.47380732037037665 0.0 7.564278864777266 1.15946 23.991468801873012 3.9668664897646493 2.925529200568199 0.13670150900108555 2.7057581899030048 25.473244872410113 6.313909121642956 27.884789323847144
1972 7903.434741363704 2614.6543246319416 214.77719152990423 52.83511608826306 7889 7918 2601 2628 492.0 7.573922758276295 3.8356813637674314 38.91448323348051 0.8622795519959086 0.34709685568825716 2.2850488867857845 0.0 470.8675237619447 5.322687 785.6957082097888 12.636792317622847 2.2363378068381135 0.27057774786105887 12.514330345744634 835.3625644685935 20.877125146703513 24.09531247724093
1973 7776.460094079424 2618.32848560294 214.77828486193343 52.83594332207929 7765 7789 2603 2631 428.0 7.576526828998365 3.161027833747334 53.458057066721196 0.90880859056038 0.2610086606923608 3.16196525586536 0.0 544.29661092147 5.1008263 739.6384806947575 10.015813050180501 1.9683601399098805 0.31197792361548415 11.67204486311899 841.6987601239832 16.33165346822409 24.08710828141783
1974 1698.0638999591522 2613.3773066542867 214.83257655285578 52.87455721939886 1695 1701 2607 2617 49.0 2.52313257189861 1.6098678413612388 87.85034853276859 0.7700004823695896 0.21239466615172092 0.4696735215601136 0.0 15.84678986208262 1.6985343 218.65028269904863 8.205454535713852 3.8034822427657566 0.1340541351430066 3.949327084834294 385.9699411336403 13.058126971135117 24.933616290834273
1975 2812.1185907406216 2611.5840125414484 214.82264712185307 52.86746732417916 2808 2817 2607 2617 88.0 2.4072456792028016 2.155368571804181 79.42529228602584 0.4453288272714502 0.07233407802386643 0.7334475009366506 0.0 28.93148982943989 2.2800143 50.53233449372311 5.450428436518483 2.331834623186202 0.2729113066942334 5.292567428401227 59.58814847415504 8.634346923130813 26.962100271962033
1976 6041.13377588448 2614.9139507326217 214.7937958576335 52.84695898188837 6034 6046 2608 2622 143.0 3.869095065301732 2.260173907366637 -63.68281264783171 0.81163790427237 0.05056703588653061 0.679788899805093 0.0 36.61901275159099 3.0957956 49.47039252365556 5.987864138011901 1.8134955684737655 0.2974336581730633 6.746726148605861 43.822823474950376 9.446398455168415 27.29574911143351
1977 10228.436792805398 2611.220795478798 214.75650718244174 52.82031076081641 10227 10230 2609 2613 13.0 1.163078032812492 0.8261351833242072 -66.92195365407461 0.7038983333654829 0.22065281818962304 0.4229268579877387 0.0 4.408513236165922 0.82913065 20.33142342322099 3.111242065602954 3.1740789063213155 0.10304048431750397 2.0342144725641096 20.59642006146489 4.9104009931414945 28.11552064842926
1978 2595.7353228721036 2613.9151931353726 214.824554588044 52.86885514955254 2592 2600 2610 2618 61.0 1.7117668744864853 1.6106213006438088 -5.8292640271579295 0.3386522845664316 0.06604364552445126 1.4581470397191878 0.0 26.83624748579732 1.8239728 34.62751336082297 3.2831347735309233 1.9643141138534672 0.44361469469952597 4.406461512053774 38.313571934814576 5.28417831135476 27.441618393256498
1979 3561.063691674888 2612.5246725386464 214.81595109406754 52.86271210335281 3560 3562 2611 2614 8.0 0.8360081037067495 0.7031492316154497 -89.06539875797384 0.5409116080591791 0.12829717581654224 0.18206155227432197 0.0 1.241563065562869 0.62930185 8.172600383391186 2.6841807334596384 3.4610750491853755 0.07976183343819004 1.5957691216057308 7.831572046201808 4.313771205519523 29.16537763110571
1980 4033.7482984945586 2616.762740450366 214.81168739069912 52.859730367077574 4030 4038 2612 2622 77.0 2.2925718788751217 1.9743946763661075 -87.1573374041575 0.5082427450740892 0.07699602512736528 0.6164687831253474 0.0 20.814372705764274 1.9442548 32.11651938047051 4.226707643143738 2.0132145149490435 0.28079331033550087 4.950743503369154 29.553045107493045 6.749848880449404 27.723494408340425
1981 10118.225237557977 2616.814956097244 214.75743019141652 52.82104189787449 10113 10123 2612 2620 78.0 2.47891294096957 2.121055544915505 8.895986074620694 0.5175724513514359 0.11507646878706566 0.5835298978117099 0.0 26.525943246837276 2.0655296 69.38118976323165 6.277386376217392 2.7336265548806282 0.2127190355816625 4.982787485166879 72.30020937368735 10.047614611244496 26.752151112582986
1982 519.3992753697247 2633.3542517419655 214.84289500301625 52.88215486802103 495 544 2616 2651 1328.0 8.385465462011798 4.836758809601469 -15.864622453231764 0.8168835216057518 0.14809319820909156 16.122942587721237 0.0 2903.204352478502 9.660089 2970.9595174925444 10.607014226720898 1.4419564015601516 0.6187206812699533 20.56004690782767 3132.2808642076766 16.160591724951956 22.660348256775762
1983 7090.193395006192 2621.035384199633 214.78437531979688 52.840321762478474 7085 7094 2618 2624 49.0 2.1497121827433356 1.7337853203259372 -1.485115766683686 0.5912071563912586 0.14218970702933478 0.38485384931219385 0.0 12.749518519232751 1.6293682 49.51902755333749 6.249145386483408 3.1419565441209234 0.13804363887845608 3.949327084834294 77.09311551674634 10.01976794854435 26.682461007744976
1984 1896.2008740815877 2623.2395013245573 214.83070314745402 52.873351207851336 1893 1899 2619 2628 55.0 2.216546884517855 1.521868287939871 86.8589715794025 0.727040832203267 0.13892820603926306 0.7765026150896451 0.0 20.796996695964783 1.744822 35.99526991428825 4.244606011424002 2.310447005323043 0.2403691854113115 4.1841419359420025 50.1407168287752 6.814569411133581 27.149523653778758
1985 8627.487158680497 2624.5809203212275 214.77063275162038 52.830565010514285 8623 8632 2619 2630 85.0 2.9103635862795625 1.9196490306990892 -62.11520302696054 0.7516248955201004 0.07825760430265195 0.3499097094482632 0.0 17.016074766322994 2.0707064 40.58232102933597 6.015826245597839 2.6136793038270825 0.20407839367484587 5.201570947860099 53.33179305024794 9.573574438301359 27.08253453700798
1986 6087.880888052669 2623.475420166995 214.7932887507647 52.84670788896782 6084 6092 2620 2627 56.0 2.2589669536395864 1.7371949957015385 -38.523301366043654 0.6392224653676752 0.13311120650862215 0.35122714372986746 0.0 13.422862496427074 1.8956685 25.96912446768969 5.22346633494271 2.3292766034964 0.1331370091512693 4.222008245644752 21.782134055655117 8.3775441899347 28.05474893367368
1987 1866.8389810271858 2625.7972466279434 214.83093844175653 52.873551593783624 1862 1871 2622 2629 63.0 2.390998544792207 1.6873651065320223 17.11623924519116 0.7084951749144892 0.036380058761201865 0.469906023451695 0.0 16.5204388879921 1.8325607 37.5630086620357 5.28977122793046 2.632073728990452 0.21637681162129846 4.478115991081385 53.92903284071115 8.524149970742203 27.07044342061784
1988 6678.960735193849 2625.066265084286 214.78800014513507 52.84295828826307 6675 6682 2622 2628 38.0 1.7453004352007506 1.3872547134524278 -4.590404914865014 0.606803965329757 0.14605024780910858 0.596379321541679 0.0 12.865979686249641 1.4631941 20.118474116179012 2.8634362807545743 1.7796263522109317 0.22217297106287057 3.477898169151024 17.830456456625654 4.528190794907551 28.2720938470453
1989 7480.2555998795115 2623.2814788146065 214.78087361776812 52.83785355454639 7479 7482 2622 2625 11.0 1.0405463729021025 0.779510540420619 -57.3752673449268 0.6624164489461111 0.10503610661893759 0.30283790934733285 0.0 2.3719038203183755 0.7775667 15.487093499754172 3.1200285076132843 3.3725283053809973 0.16763696686288065 1.8712051592547776 25.82991839739598 4.971157517127575 27.869692414649613
1990 7328.958002553113 2627.546946266272 214.78217774057208 52.838838603818125 7326 7331 2623 2631 45.0 2.1509847951128656 1.3788240430683119 77.7836487811872 0.7675242646727544 0.11324441262944968 0.47913011740584166 0.0 13.067808583929004 1.596329 23.947951275799213 3.8676662634141223 2.184738556178822 0.2060480434817135 3.7846987830302403 27.83568942188882 6.131987709959198 27.788495044531537
1991 2955.9779813489286 2627.691551526534 214.82119312906266 52.86663979693033 2954 2958 2626 2630 21.0 1.3207689497640305 1.1162922029759488 -43.8394535601386 0.5344761452181714 0.13312091149160243 0.35689717633436724 0.0 5.570361017249873 1.0790993 13.495873838255164 3.240611157838139 2.578859554949305 0.13523625907176948 2.5854414729132054 6.993364022031708 5.177508601398766 29.288284662652288
1992 903.5750787278478 2637.9226224336967 214.83941473015705 52.87973830963566 893 915 2627 2653 440.0 5.715688090043822 3.263568108316738 -56.57313202076471 0.8209609857364458 0.01168263120554787 3.40706743697828 0.0 212.0832613499859 5.0141034 228.0940091761384 6.480822066651936 1.42184970993487 0.5244045883819421 11.834540545406394 237.65974608950387 10.340012252376608 25.46011092800645
1993 3016.787712985508 2630.184098694867 214.8206239824395 52.86626673171196 3015 3019 2628 2632 19.0 1.3538995421886477 0.9651765231551958 -41.29955462888266 0.7012795666855115 0.1450808494413866 0.4410880885077915 0.0 5.817541901953614 1.0629438 13.240790815698126 3.012352272100824 2.500320501085384 0.16179639202609858 2.4592453796829674 13.796907642407096 4.808831882795732 28.550545607245603
1994 4216.5581117964675 2634.1283186715773 214.80987299884666 52.8586618892482 4213 4220 2630 2638 58.0 2.2306781831450864 1.6088197373669204 -53.709332861602086 0.6927014028346751 0.05807745646034754 0.4273835889176188 0.0 13.138865035899764 1.7252294 21.388949482002424 4.05468455182523 2.1509762914078934 0.23185051400665263 4.296739856991561 17.244236062623298 6.549584557562 28.308390101405593
1995 388.5948463852526 2634.8924826292905 214.84404748137501 52.88299431596433 387 391 2633 2637 15.0 1.160325788552748 0.9466331493330021 -8.399073630118327 0.5782862587029931 0.13006833136330329 0.32433014285964046 0.0 3.6669704293444316 0.9392363 10.47713639577255 3.020048633970073 2.743258418526968 0.1263557662255165 2.1850968611841584 10.099128031009208 4.8268738111775615 28.8892903050654
1996 7484.466997392743 2637.6021110085267 214.78068531946866 52.837903905745385 7476 7492 2633 2642 114.0 3.965228580763657 1.804156246878322 -14.21405793712283 0.8904943698130429 0.04835586144050591 0.5117910298242334 0.0 26.000555485893884 2.4981852 39.76161064004509 6.111610712317369 2.2274094378130007 0.25198216769736137 6.023896332520351 64.68033273248489 9.790810464550548 26.873069386589783
1997 2247.0840027070317 2638.812357984799 214.8274056901014 52.8712051958936 2245 2250 2636 2641 25.0 1.3576029384609096 1.2277835352550268 6.1286041887328 0.4267364804371912 0.17673218552523726 0.689316581203702 0.0 10.354596306693661 1.6660805 17.688379698514574 3.769829199773545 1.9420270826980441 0.2003480305025915 2.8209479177387813 16.42956406679975 476941.46016892727 28.360934899369592
1998 1308.4181512217062 2644.778993784878 214.8357261470367 52.87720264826083 1297 1318 2637 2651 219.0 5.167864208621412 2.385851063989655 -21.00296076639173 0.8870514304632754 0.034203574846946576 0.7062099081459523 0.0 57.410710275109096 3.5717103 75.86714682668963 7.110095572182325 1.9115125343228887 0.34363882544347035 8.349243383340204 74.31791395360989 11.421968730731427 26.722266222884222
1999 7761.346741672976 2642.4217670744683 214.77816598421765 52.83616919006642 7756 7766 2637 2648 103.0 2.709562858603637 2.048123979142686 -85.45562938536425 0.6547018305360596 0.03390933291526083 0.9132067148243862 0.0 34.055537877344044 2.3453572 81.18977133930028 6.691801077617342 2.7642105138429396 0.33918252017623085 5.725898905580716 153.95768671150918 10.62138305813499 25.93149655753114
2000 8539.671057028481 2638.4935005054454 214.77126903448433 52.831198408507 8537 8542 2637 2640 15.0 1.3246078647951811 0.8293793851695636 -4.664506896602946 0.7797170677543759 0.16183411686952567 0.4149846884486782 0.0 4.183547624714074 0.88074654 12.978061657109778 2.787773093699799 2.795652408184445 0.17253187897853808 2.1850968611841584 11.479141573983894 4.473664635008198 28.750226469658088
2001 8643.959302372388 2639.726064450694 214.77032651238414 52.830541811402625 8642 8647 2637 2643 29.0 2.0320943271503844 0.9812785872246721 51.883020840375075 0.8756808681815749 0.08373877529993137 0.3487849696204942 0.0 5.709082526406979 1.1445236 12.887676970071789 3.4259996850416896 2.5693056385601056 0.21888593104233722 3.0382538898732494 21.759924602855847 5.541832789508117 28.05585653445445
2002 175.86599773296456 2650.6881594603506 214.84578188155487 52.88443117471844 168 184 2638 2660 293.0 4.719290718566582 3.026893636672849 77.47655060077238 0.7672171753765985 0.05837607175335998 2.0956424315422595 0.0 166.27176250689615 4.1496544 191.39207624702357 6.84217250804265 1.6977100535726084 0.42420408606976906 9.657370069115643 202.30999051415998 10.894024887003875 25.63495667569732
2003 588.8802064450714 2641.542457507321 214.8421880227012 52.881757515413184 586 592 2639 2645 36.0 1.8749016388671975 1.3039420884903665 36.29381523569281 0.7185529412066347 0.12487060206062796 0.38602073726830616 0.0 8.51697008530605 1.4475656 17.62228316935815 3.9839376887868476 2.4267154451490605 0.1709019633177582 3.385137501286538 19.045184426686582 6.356557038326603 28.200537043579455
