outputs/dr0.5_c0.1/nircam6_matched_f200w_f277w_dr0.5_c0.1.ecsv
# %ECSV 1.0
# ---
# datatype:
# - {name: label, datatype: int64}
# - {name: xcentroid, datatype: float64}
# - {name: ycentroid, datatype: float64}
# - {name: sky_centroid.ra, unit: deg, datatype: float64}
# - {name: sky_centroid.dec, unit: deg, datatype: float64}
# - {name: bbox_xmin, datatype: int64}
# - {name: bbox_xmax, datatype: int64}
# - {name: bbox_ymin, datatype: int64}
# - {name: bbox_ymax, datatype: int64}
# - {name: area, unit: pix2, datatype: float64}
# - {name: semimajor_sigma, unit: pix, datatype: float64}
# - {name: semiminor_sigma, unit: pix, datatype: float64}
# - {name: orientation, unit: deg, datatype: float64}
# - {name: eccentricity, datatype: float64}
# - {name: min_value, datatype: float64}
# - {name: max_value, datatype: float64}
# - {name: local_background, datatype: float64}
# - {name: segment_flux, datatype: float64}
# - {name: segment_fluxerr, datatype: float32}
# - {name: kron_flux, datatype: float64}
# - {name: kron_fluxerr, datatype: float64}
# - {name: kron_radius, unit: pix, datatype: float64}
# - {name: gini, datatype: float64}
# - {name: equivalent_radius, unit: pix, datatype: float64}
# - {name: kron4_2_flux, datatype: float64}
# - {name: kron4_2_fluxerr, datatype: float64}
# - {name: kron4_2_mag, datatype: float64}
# meta:
#   PHOTMJSR: 1.891700029373169
#   PIXAR_SR: 2.11539874851881e-14
#   __serialized_columns__:
#     area:
#       __class__: astropy.units.quantity.Quantity
#       unit: !astropy.units.Unit {unit: pix2}
#       value: !astropy.table.SerializedColumn {name: area}
#     eccentricity:
#       __class__: astropy.units.quantity.Quantity
#       unit: !astropy.units.Unit {unit: ''}
#       value: !astropy.table.SerializedColumn {name: eccentricity}
#     equivalent_radius:
#       __class__: astropy.units.quantity.Quantity
#       unit: !astropy.units.Unit {unit: pix}
#       value: !astropy.table.SerializedColumn {name: equivalent_radius}
#     kron_radius:
#       __class__: astropy.units.quantity.Quantity
#       unit: !astropy.units.Unit {unit: pix}
#       value: !astropy.table.SerializedColumn {name: kron_radius}
#     orientation:
#       __class__: astropy.units.quantity.Quantity
#       unit: &id001 !astropy.units.Unit {unit: deg}
#       value: !astropy.table.SerializedColumn {name: orientation}
#     semimajor_sigma:
#       __class__: astropy.units.quantity.Quantity
#       unit: !astropy.units.Unit {unit: pix}
#       value: !astropy.table.SerializedColumn {name: semimajor_sigma}
#     semiminor_sigma:
#       __class__: astropy.units.quantity.Quantity
#       unit: !astropy.units.Unit {unit: pix}
#       value: !astropy.table.SerializedColumn {name: semiminor_sigma}
#     sky_centroid:
#       __class__: astropy.coordinates.sky_coordinate.SkyCoord
#       dec: !astropy.table.SerializedColumn
#         __class__: astropy.coordinates.angles.Latitude
#         unit: *id001
#         value: !astropy.table.SerializedColumn {name: sky_centroid.dec}
#       frame: icrs
#       ra: !astropy.table.SerializedColumn
#         __class__: astropy.coordinates.angles.Longitude
#         unit: *id001
#         value: !astropy.table.SerializedColumn {name: sky_centroid.ra}
#         wrap_angle: !astropy.coordinates.Angle
#           unit: *id001
#           value: 360.0
#       representation_type: spherical
#   astropy version: '5.1'
#   kernelfile: kernel_f200w_f277w.fits
#   make_catalog parameters:
#     ab_zpt: 31.4
#     coadd_bands: !!python/tuple [f277w, f356w]
#     deblend_contrast: 0.001
#     deblend_nlevels: 32
#     deblend_npixels: 1
#     detect_kernel_fwhm: 4.0
#     detect_kernel_npix: 7
#     detect_npixels: 4
#     detect_threshold_nsigma: 3.0
#     flag_isolated_buffer: 4
#     hst_bands: !!python/tuple [f606w, f814w, f125w, f140w, f160w]
#     jwst_bands: !!python/tuple [f115w, f150w, f200w, f277w, f356w, f410m, f444w]
#     near_border_kernelsize: 21
#     reference_band: f200w
#   make_catalog version: 1.4.0
#   photutils version: 1.5.0
# schema: astropy-2.0
label xcentroid ycentroid sky_centroid.ra sky_centroid.dec bbox_xmin bbox_xmax bbox_ymin bbox_ymax area semimajor_sigma semiminor_sigma orientation eccentricity min_value max_value local_background segment_flux segment_fluxerr kron_flux kron_fluxerr kron_radius gini equivalent_radius kron4_2_flux kron4_2_fluxerr kron4_2_mag
[from data line 2072]
2073 7461.722771766945 2542.01644586996 214.83409699872436 52.81913297909955 7460 7463 2541 2543 9.0 1.042646932217683 0.6587035196851714 35.34697657804724 0.7751633500579787 0.3677529253456847 0.488236256973653 0.0 3.9215475471377195 0.85187286 83.2099939173055 4.413714291046551 4.009419658011829 0.04048905257384835 1.692568750643269 153.60408628879173 6.878152095113024 25.93399307682461
2074 7247.73157194231 2546.1903484156837 214.8359619926411 52.82051535480966 7243 7253 2542 2550 46.0 3.30976401470017 1.1264979904545949 33.83453051768677 0.9402966572613932 0.2704277695556033 0.7551534249284463 0.0 24.038592843313666 1.9519204 495.3108160232287 9.228920186140664 3.889119534638287 0.16410877695754625 3.826519928662906 1492.1978874343881 15.62801457753705 23.465433947986135
2075 1052.1174302562906 2553.32438914395 214.89120607291397 52.85991255280802 1030 1070 2543 2564 415.0 9.340822680427687 2.3727210096282527 24.51113400741933 0.9671999434302636 0.04959529273743522 1.4449596971480683 0.0 200.3457376679446 4.902906 249.5907141880021 8.783107883114411 1.8016349833340493 0.3460804131197949 11.493415626621754 257.3546212256163 13.98841197609743 25.373670072179706
2076 8542.107057276293 2556.083271340891 214.82431345853615 52.81234268669704 8534 8551 2545 2568 286.0 4.7027333707474686 3.49815380565402 -85.48339996341703 0.668340544045634 0.09332813147656487 1.3743829744192464 0.0 157.88676482001435 4.518451 261.7113563566456 10.78694836702487 2.3307005907452987 0.29999807562744174 9.541311620975605 211.0605059710644 18.218907249556594 25.588982562674666
2077 7364.348104930991 2547.542151017375 214.8349074979729 52.81978156890949 7362 7366 2546 2549 17.0 1.1652237675268455 1.0445957919995361 -9.492026921725163 0.44309116623053674 0.3119932187390228 0.5613475229145405 0.0 7.369492569805562 1.2765615 36.36686702947653 4.281840138044736 3.239154516216053 0.10165249131439813 2.326213245840639 66.48386832326916 6.780187292131228 26.843209298324062
2078 1154.1675900516384 2549.050026289129 214.89033903920563 52.85924140665015 1152 1156 2547 2551 21.0 1.355795813957114 1.112751833257271 49.28680097632152 0.5713061554014286 0.31448322257805467 0.5412346746225172 0.0 8.666958849352525 1.104912 23.31392203165352 3.4822014827655785 2.7464122658167507 0.09387423803812729 2.5854414729132054 21.500381784508065 5.515685995720405 28.068884570509475
2079 641.4448688504021 2548.94311398911 214.89492249365702 52.86249687067493 641 642 2548 2550 6.0 0.8053190480498565 0.4969489325058783 -89.86243883797313 0.786897836947161 0.19571889955239122 0.2918737992536514 0.0 1.4862990234010554 0.587372 9.174225223259725 2.2570992989191465 3.51161493227068 0.08891178387338043 1.381976597885342 9.353549260759959 3.627340743299231 28.97255890547258
2080 7495.70168478385 2550.2082706974616 214.83370776311796 52.81896120611823 7494 7497 2549 2552 14.0 1.043363460856796 0.9894869537573711 -21.847082231665066 0.31718804042393467 0.06251438676758886 0.14678944942860742 0.0 1.5181271227245376 0.9949784 32.067052111870964 4.73237091993664 3.969531006287466 0.15808731513548932 2.111004122822376 92.02133819376309 7.801088321609783 26.490278638557722
2081 8610.664079740041 2551.891822793616 214.82374619536 52.81188437162924 8608 8613 2550 2554 27.0 1.4999974621052894 1.2512647566613995 -18.14893972574522 0.5514954258854073 0.37814120864596956 0.8680397957510089 0.0 16.24471283842225 1.5279907 45.515816239159875 4.466439772853106 2.7712947264859196 0.12727706540224462 2.9316150714175193 59.365544944598504 6.925151205742974 26.96616385311747
2082 9440.139976176559 2552.105928111861 214.8163483127933 52.80661342645872 9438 9442 2551 2553 13.0 1.2485603016604476 0.7693534813331312 1.2970322175122861 0.7875955911072362 0.19596259531423635 0.363900048341272 0.0 3.598692318551535 1.1472954 69.10614329356035 4.964066546067159 3.958421167563895 0.1244320387174954 2.0342144725641096 150.54056651424503 7.565769261484317 25.955866134904298
2083 6565.900737636415 2557.961280402408 214.84192120324647 52.82491152419899 6560 6571 2552 2564 120.0 2.8453404696022613 2.045916913676164 37.217548138554875 0.6949674879494723 0.06855407459533101 1.399921060488232 0.0 56.90790620087559 2.576648 78.74041193531644 5.410687050626245 2.177446181115811 0.4010786578962194 6.180387232371033 100.18220913009804 8.73228703962741 26.398023489650967
2084 4076.0464451868775 2559.8768669092547 214.86412472793245 52.840741062930555 4072 4080 2556 2564 58.0 1.9075515392952906 1.809631246403619 83.82898406302921 0.31627657691539024 0.11087146147564582 0.712554182555868 0.0 20.38376315465753 1.8083267 28.518915704771448 3.2673334423390834 1.6734488865000163 0.26409364530695606 4.296739856991561 27.117570654056426 5.202449349459559 27.81687304906952
2085 6013.422244096137 2558.7905347412066 214.84684233829392 52.828426507795925 6012 6016 2556 2562 24.0 1.8216229389690355 1.0133299143352426 -73.0266262173931 0.8309958392844975 0.3252334582191832 0.66535804990831 0.0 11.519484601312673 1.1730824 130.73772868601287 5.303219936791754 3.651433414375463 0.10750164170425916 2.763953195770684 278.83388861602083 8.502231442063517 25.28663611136573
2086 2901.4990107468375 2560.58846011239 214.8746065091923 52.84820590887871 2900 2903 2559 2562 13.0 0.9938370323521604 0.922387115933588 -47.39818262826959 0.3723135494323416 0.11142973831770732 0.2467188003689001 0.0 2.581299987287637 0.8804472 9.008429114428816 3.022616157902168 2.9285104863468647 0.11569808666881376 2.0342144725641096 19.98338086449943 4.84964770622398 28.14832758574761
2087 1641.623789699105 2563.485866066015 214.88583132230184 52.856223542207886 1640 1644 2561 2567 26.0 1.648103141721339 1.2160671747865919 73.08186379932572 0.6749552567940903 0.09153411417415494 0.21538060005495094 0.0 4.02085658823293 1.2108307 75.71023787120929 5.920938258212918 3.933279860899655 0.12374784980068142 2.876813695875796 175.4844190060141 9.240320656147942 25.789403594578097
2088 9061.44309932568 2571.8420758660523 214.8195170389932 52.8091268248969 9053 9069 2561 2582 278.0 5.463408937301211 3.197330842565183 -64.00796497994337 0.8108699805414571 0.17103068569550747 1.2431344216477673 0.0 131.78491652853666 4.0328417 231.99276581263882 10.206632121918659 2.2899583621836785 0.2738571317290387 9.40692023773423 266.5080801201977 16.784280016717997 25.335724048221866
2089 9633.083755617641 2564.373755507492 214.8144992858101 52.805453132724175 9630 9636 2561 2568 38.0 1.7280526775451222 1.5448544467880636 31.589984360858338 0.44809541590252966 0.27455251476929515 0.6395517697885535 0.0 16.512617197631982 1.4897954 49.24311497239066 4.814354304979226 2.8606281638495585 0.1275246089675336 3.477898169151024 75.45213888189924 7.926011859571693 26.70582111134324
2090 nan nan nan nan 8267 8274 2562 2570 63.0 nan nan nan nan 0.0 0.0 0.0 0.0 2.2676091 nan nan nan nan 4.478115991081385 nan nan nan
2091 2586.086569345599 2569.56954858429 214.87732944513425 52.850257775767304 2581 2592 2564 2576 126.0 2.939193483045625 2.805968776572919 -69.00132470804328 0.2976564922341603 0.21359408946491087 0.8988075368858011 0.0 68.23179763836806 2.9210296 137.11138550075754 7.494551260000213 2.4132728837202313 0.19481777538762507 6.333012368467128 176.82518449108716 11.955118187991793 25.781139700307065
2092 7654.214447647434 2568.8034358556806 214.83209832147296 52.81805410050683 7652 7656 2566 2571 22.0 1.6907033578050499 1.08339762978714 77.9335426654596 0.7677103700014137 0.4220836436728183 0.8894635369230337 0.0 13.963910862962072 1.087711 215.73779130673563 5.4001741342656295 3.827604421396622 0.14050180416417488 2.6462837142006137 416.2949542543022 8.935881740640943 24.85149713248035
2093 7745.455006370621 2572.2556459183047 214.83124820153844 52.817492869603505 7738 7751 2566 2578 124.0 3.2393130997895097 2.1924791639160297 -49.857886841229416 0.7361351326643991 0.23398073827953816 1.4821626410072644 0.0 76.48288832081823 2.6987166 112.08485162457475 5.930105685273835 2.1547131386735776 0.29185888839553636 6.282549314314218 138.80147180320387 9.498887071802494 26.044014821867517
2094 7667.7203119238 2569.370171247465 214.83197189531265 52.817971325179926 7667 7669 2568 2571 8.0 0.9959205261888054 0.6003687142203653 70.99543128882748 0.7978712181743841 0.5108417380436423 0.6485960852931363 0.0 4.640611896163188 0.713643 63.686336572688404 3.112983229094908 3.872323267941763 0.05432317407145409 1.5957691216057308 145.05814732462278 4.999275552945268 25.99614468406544
2095 2162.719514501784 2572.24641295773 214.88108338922677 52.8529612327972 2160 2165 2570 2575 25.0 1.4823334550588072 1.1650320250585195 -51.57536793567106 0.618296880159319 0.16255960283470233 0.48580402549484575 0.0 7.656604881667915 1.1534104 25.61548986421473 3.9500906533444375 2.9532399634305544 0.184407358273072 2.8209479177387813 38.43891145298696 6.277320863847692 27.43807229890928
2096 4394.308178381817 2573.7793643131636 214.8611369086196 52.838794206347835 4391 4397 2570 2577 38.0 1.772999659939032 1.363407923407629 -83.01161253347725 0.639268328300236 0.11081436784119719 0.7799872463130373 0.0 16.554149650590816 1.4520648 46.57198676777129 4.665567382310885 2.888092745816558 0.2197884676541726 3.477898169151024 71.74296214902533 7.488286340514033 26.760551739960754
2097 2941.646180772816 2574.7561345922395 214.87409890730436 52.8480273237864 2937 2946 2571 2580 76.0 2.352441089275892 2.178190181108469 -83.46531434930334 0.37770099397313706 0.1275316780398358 0.5118983015240948 0.0 22.795276254943865 2.1911175 50.50604066352379 6.27374459440577 2.525396659208216 0.19619004108119492 4.918490759365935 55.14166289303185 9.918806663515602 27.04630035281272
2098 3386.6678990773444 2577.400289919 214.8700964683483 52.845214792982745 3382 3391 2571 2584 93.0 3.0875664974015216 1.8234385901614756 70.0462018313883 0.8069829921664441 0.15574035914481638 0.884645385377028 0.0 40.62534163240423 2.4389184 125.64829707211078 8.210973469952204 3.041938149935193 0.24879470683594979 5.440847306724618 173.71357771789695 13.138757350813261 25.80041558776963
2099 7282.27348350459 2575.3010590620543 214.83534773881587 52.82045278054328 7279 7286 2572 2579 43.0 2.1026321546701534 1.6475450422262372 -3.321259348711926 0.6213121710904785 0.3494275675540942 0.7035582893020007 0.0 22.928011117653345 1.6486616 217.3893038742895 6.818725844985446 3.4544860412447855 0.10913892139076109 3.6996385101659595 491.5523755339103 10.936758683385854 24.671075501835503
2100 3592.467972231196 2578.235572599234 214.8682497931867 52.84391200382299 3586 3599 2573 2584 127.0 3.1415087038318945 2.4892634598539662 -37.95958894413048 0.6100299683253816 0.12077874853341593 0.8462947243786015 0.0 51.756237712387076 2.8195417 90.66413467504641 7.105353100511002 2.319724780018001 0.24047327823302259 6.358093703724522 97.215831069866 11.238975244754261 26.4306575170452
2101 974.0028625903749 2577.2058974317124 214.891652983695 52.86053748515137 971 977 2574 2580 42.0 1.675143562227526 1.4633819213228278 -35.66492534562489 0.48666985222659515 0.16790683156413197 1.2807983510402094 0.0 25.931881080914387 1.5448852 42.53811834766445 3.4618509007946825 2.1668164413100808 0.27886067870253467 3.656366395715726 43.44605885953486 5.512344066011275 27.3051240344127
2102 7623.511902986434 2577.0 214.8322859856934 52.81829340009781 7622 7625 2577 2577 4.0 1.160890470970343 0.28867513459481287 0.0 0.9685890408371165 0.31633449426227417 0.3364012938426931 0.0 1.3006434066279469 0.46683174 40.49385566329907 2.441921937816296 4.01249613382468 0.015746140546290335 1.1283791670955126 105.80799864193759 3.908697536288902 26.338703750535828
2103 2067.5055648093303 2580.0203449801947 214.88185227030527 52.85360790768437 2067 2068 2579 2581 6.0 0.7930375438700551 0.49995290397699826 -89.62623011506102 0.7762479018205696 0.7912210282322285 0.9915229487433953 0.0 5.313533298545202 0.6008909 21.90361595069576 2.0135342415855386 3.216688581160181 0.055196310804724716 1.381976597885342 25.133874908422797 3.1905898148125913 27.899351376845658
2104 2149.587733476552 2579.8401288696277 214.8811208379047 52.8530856045617 2149 2150 2579 2581 5.0 0.7514865394479462 0.4498278081144528 70.60624385550179 0.8010600550854691 0.40081626442302276 0.5312326617929704 0.0 2.2814248732275137 0.52480733 15.72014228774998 2.1070318015396823 3.5917153852336856 0.07586467937900018 1.2615662610100802 22.290435326036338 3.336947207068439 28.029703624464585
2105 7323.2289142719055 2579.9889046142434 214.8349330994656 52.82021778788253 7322 7325 2579 2581 9.0 0.9532490859162647 0.6998636853348519 23.024653477018106 0.6789466303107838 0.41057555800666073 0.7264465063125287 0.0 4.925460779881498 0.72209466 123.90017155935226 3.5971203676528107 4.100070444757636 0.12722132472980324 1.692568750643269 248.27081942749865 5.698803688602077 25.41268580588953
2106 1219.7916486942179 2587.2088497753384 214.8893512250492 52.859030539319235 1212 1227 2580 2594 183.0 3.9460029414280027 3.092678853860401 22.907676889862742 0.6210767387890997 0.1738615791972508 0.6374030833479521 0.0 66.4425083989806 3.3078313 161.25428399029073 9.82715967831556 2.699480435587375 0.17782710267571053 7.632215220473915 223.41731937951772 15.595284044714491 25.527207908183023
2107 3336.953279990465 2589.001750813348 214.87041844217282 52.84559316614171 3329 3345 2580 2601 237.0 5.207642669238983 3.066409804263526 59.611655959953104 0.8082578084257579 0.11982816706780297 0.7540638284038016 0.0 96.58941480175218 4.0641017 162.34318043266444 9.644281538180824 2.126040424490388 0.2172524671460091 8.685588237163813 203.07327871037035 15.426826022191301 25.63086804811175
2108 9993.927250502453 2584.5513403368686 214.81107058031787 52.80326817056898 9992 9996 2581 2588 31.0 1.8773133040555112 1.1625013778884352 77.15308738561367 0.7852043395632243 0.2288199745860079 0.4587973669977283 0.0 10.543360195339826 1.2740885 34.60921414086924 4.364488980591661 2.886166152258779 0.11425970634561729 3.141274657157109 53.559944471590995 7.00891254689244 27.077899704789267
2109 10011.367533484156 2590.3051965125733 214.81085462769357 52.803188314966725 10003 10020 2581 2599 253.0 3.2611030734855277 2.879954692972554 -85.5662569490406 0.4691417731712059 0.09407907564542557 5.573639968123715 0.0 250.77803141806828 4.1508555 283.2723400502425 5.860313346599647 1.7368272905959108 0.540569066017267 8.97398468933946 308.2093292717344 9.03440052607722 25.177885549103102
2110 3544.1692306083237 2586.6706133641082 214.86859239935623 52.84426430898309 3542 3547 2585 2588 16.0 1.517161859116003 0.7586125330312411 14.668033181295153 0.8660133768669048 0.15354125756544607 0.5305022428042853 0.0 6.492952333457147 1.0442612 24.37383220054571 3.5782517764772 3.003393689788424 0.15570651466898308 2.256758334191025 29.122005740368934 5.651666961300385 27.73944679214953
2111 6517.987524497637 2588.6450987968774 214.8420260372891 52.82538140817168 6516 6520 2586 2591 25.0 1.3653022545860798 1.2534895339978542 58.988415180574016 0.39633943432722546 0.14464054282708022 0.4402197703662032 0.0 7.3955708776299485 1.2147338 17.96292322878552 3.612716886735469 2.657859790274961 0.15846627051497145 2.8209479177387813 24.68122871950645 5.771729997992936 27.919083058434676
2112 7604.579548381198 2587.9571414311063 214.832339635889 52.81847278075172 7602 7607 2586 2590 19.0 1.7503932421423327 0.8882491906537369 -24.195384783049768 0.8616771196734428 0.374205814351339 0.4925017770762104 0.0 7.965556770191802 1.0696859 127.81663095230311 4.473388544262245 3.7567812181138627 0.04500248148262178 2.4592453796829674 283.70392816585854 7.449161093965131 25.267836627297946
