outputs/dr0.5_c0.1/nircam1_matched_f606w_f277w_dr0.5_c0.1.ecsv
# %ECSV 1.0
# ---
# datatype:
# - {name: label, datatype: int64}
# - {name: xcentroid, datatype: float64}
# - {name: ycentroid, datatype: float64}
# - {name: sky_centroid.ra, unit: deg, datatype: float64}
# - {name: sky_centroid.dec, unit: deg, datatype: float64}
# - {name: bbox_xmin, datatype: int64}
# - {name: bbox_xmax, datatype: int64}
# - {name: bbox_ymin, datatype: int64}
# - {name: bbox_ymax, datatype: int64}
# - {name: area, unit: pix2, datatype: float64}
# - {name: semimajor_sigma, unit: pix, datatype: float64}
# - {name: semiminor_sigma, unit: pix, datatype: float64}
# - {name: orientation, unit: deg, datatype: float64}
# - {name: eccentricity, datatype: float64}
# - {name: min_value, datatype: float64}
# - {name: max_value, datatype: float64}
# - {name: local_background, datatype: float64}
# - {name: segment_flux, datatype: float64}
# - {name: segment_fluxerr, datatype: float32}
# - {name: kron_flux, datatype: float64}
# - {name: kron_fluxerr, datatype: float64}
# - {name: kron_radius, unit: pix, datatype: float64}
# - {name: gini, datatype: float64}
# - {name: equivalent_radius, unit: pix, datatype: float64}
# - {name: kron4_2_flux, datatype: float64}
# - {name: kron4_2_fluxerr, datatype: float64}
# - {name: kron4_2_mag, datatype: float64}
# meta:
#   PHOTMJSR: 0.3925000131130219
#   PIXAR_SR: 2.11539874851881e-14
#   __serialized_columns__:
#     area:
#       __class__: astropy.units.quantity.Quantity
#       unit: !astropy.units.Unit {unit: pix2}
#       value: !astropy.table.SerializedColumn {name: area}
#     eccentricity:
#       __class__: astropy.units.quantity.Quantity
#       unit: !astropy.units.Unit {unit: ''}
#       value: !astropy.table.SerializedColumn {name: eccentricity}
#     equivalent_radius:
#       __class__: astropy.units.quantity.Quantity
#       unit: !astropy.units.Unit {unit: pix}
#       value: !astropy.table.SerializedColumn {name: equivalent_radius}
#     kron_radius:
#       __class__: astropy.units.quantity.Quantity
#       unit: !astropy.units.Unit {unit: pix}
#       value: !astropy.table.SerializedColumn {name: kron_radius}
#     orientation:
#       __class__: astropy.units.quantity.Quantity
#       unit: &id001 !astropy.units.Unit {unit: deg}
#       value: !astropy.table.SerializedColumn {name: orientation}
#     semimajor_sigma:
#       __class__: astropy.units.quantity.Quantity
#       unit: !astropy.units.Unit {unit: pix}
#       value: !astropy.table.SerializedColumn {name: semimajor_sigma}
#     semiminor_sigma:
#       __class__: astropy.units.quantity.Quantity
#       unit: !astropy.units.Unit {unit: pix}
#       value: !astropy.table.SerializedColumn {name: semiminor_sigma}
#     sky_centroid:
#       __class__: astropy.coordinates.sky_coordinate.SkyCoord
#       dec: !astropy.table.SerializedColumn
#         __class__: astropy.coordinates.angles.Latitude
#         unit: *id001
#         value: !astropy.table.SerializedColumn {name: sky_centroid.dec}
#       frame: icrs
#       ra: !astropy.table.SerializedColumn
#         __class__: astropy.coordinates.angles.Longitude
#         unit: *id001
#         value: !astropy.table.SerializedColumn {name: sky_centroid.ra}
#         wrap_angle: !astropy.coordinates.Angle
#           unit: *id001
#           value: 360.0
#       representation_type: spherical
#   astropy version: '5.1'
#   kernelfile: kernel_f606w_f277w.fits
#   make_catalog parameters:
#     ab_zpt: 31.4
#     coadd_bands: !!python/tuple [f277w, f356w]
#     deblend_contrast: 0.001
#     deblend_nlevels: 32
#     deblend_npixels: 1
#     detect_kernel_fwhm: 4.0
#     detect_kernel_npix: 7
#     detect_npixels: 4
#     detect_threshold_nsigma: 3.0
#     flag_isolated_buffer: 4
#     hst_bands: !!python/tuple [f606w, f814w, f125w, f140w, f160w]
#     jwst_bands: !!python/tuple [f115w, f150w, f200w, f277w, f356w, f410m, f444w]
#     near_border_kernelsize: 21
#     reference_band: f200w
#   make_catalog version: 1.4.0
#   photutils version: 1.5.0
# schema: astropy-2.0
label xcentroid ycentroid sky_centroid.ra sky_centroid.dec bbox_xmin bbox_xmax bbox_ymin bbox_ymax area semimajor_sigma semiminor_sigma orientation eccentricity min_value max_value local_background segment_flux segment_fluxerr kron_flux kron_fluxerr kron_radius gini equivalent_radius kron4_2_flux kron4_2_fluxerr kron4_2_mag
[from data line 3621]
3622 4064.0535495273343 4270.1087649141255 214.9747747031546 52.99555360281925 4062 4065 4269 4272 12.0 0.8555817466701735 0.737990749766923 74.68911520291792 0.5059544713692807 -0.12908660239606967 0.12366607939522754 0.0 0.0773732990410929 0.8901073 0.844956647447957 1.28197596053531 1.4 0.8259360013234143 1.9544100476116797 0.38926747151492314 2.0655899916097358 32.42437971464374
3623 8648.146639791188 4273.698682878699 214.93361266969237 52.96648324418908 8646 8650 4271 4277 27.0 1.7026344905556376 1.1642090963339844 -85.60650449483782 0.729698309324863 0.12703059701247932 0.33765272670752655 0.0 5.736728613980173 1.3795302 10.643392383022892 2.834328455072686 1.7449680637725122 0.15090758447845354 2.9316150714175193 10.436178147989565 4.538615242098555 28.853646290001677
3624 7283.802721424412 4279.780754997458 214.94578241369518 52.97517544432058 7277 7291 4273 4287 167.0 3.9790558514692456 2.734768545168375 -45.55300047010782 0.7263823604106419 -0.073337522131973 0.3754359924839737 0.0 25.069781390820637 3.349404 46.6442011738845 9.929824364361147 2.608083248005737 0.3497253300071047 7.2909362219603215 53.19600070842877 16.019233957775697 27.08530254217349
3625 2338.640555053451 4278.74542716171 214.99017675989563 53.006545697167766 2337 2341 4275 4279 19.0 0.9228732511699819 0.372053214612586 15.562688671689344 0.9151354095892514 -0.17551612403716427 0.15431730667094956 0.0 -0.9626599934303424 1.2912449 0.8907238250158405 1.9149241766297822 2.525598942308975 -0.350646691473694 2.4592453796829674 1.5615953983420787 3.093525343388561 30.916078698600455
3626 6070.118653341691 4275.925243609017 214.9567100613073 52.98285669114962 6069 6072 4275 4278 15.0 1.337210728390462 0.7270591869769935 39.500571976839 0.8392710557986028 -0.050853464566034054 0.09702265568530814 0.0 0.4034246018600305 1.1004561 0.5773397345434881 1.8012697587912894 1.4 0.47204969044713696 2.1850968611841584 0.2382309349367026 2.88134074003466 32.95750461217096
3627 256.71918954035715 4277.181537081018 215.00889798200336 53.019741531196495 255 259 4276 4278 8.0 1.2265602945284013 0.4331473548437003 -29.131100266904866 0.9355705346855044 0.08785247949977715 0.31612623831537223 0.0 1.4240974430865434 0.731485 14.128289882525856 3.1079103167507345 3.63492774176549 0.24006794321933858 1.5957691216057308 32.448849080707454 4.945247425733274 27.622001756154567
3628 302.0 4277.0 215.00849295529534 53.01945339432274 302 304 4276 4277 4.0 0.28867513459481287 0.28867513459481287 0.0 0.0 -0.1565658781277468 0.015727920842748377 0.0 -0.15359986757863814 0.5110384 0.2460310985337616 1.1841485892056893 3.5622844010556585 -0.9206916561926078 1.1283791670955126 2.4852476610766585 1.9093745868018082 30.411575815636887
3629 3294.2660625369767 4280.325693603959 214.9815782348091 53.00049232641706 3291 3298 4277 4283 39.0 1.86845511080314 1.2454612774355962 -8.848111800713518 0.7454399758253799 -0.022543008783065168 0.7751058031933789 0.0 15.231863958697351 1.6096609 16.120173062376303 2.4332600697644 1.4056807339395423 0.29196023551231565 3.523362819972964 16.306768827354237 3.9072619087950766 28.369080213811078
3630 8798.534663452596 4277.548142838276 214.9322238954506 52.96554945380069 8798 8799 4277 4279 5.0 0.721871738355514 0.4555106459364774 68.71961630082383 0.7757720370316523 0.06889180211870045 0.18777559235010424 0.0 0.5936183961747712 0.6473498 3.9379795890442413 2.4280512728049133 3.4914461458076684 0.2515570383233373 1.2615662610100802 -0.43330361453520094 3.8209271485787197 nan
3631 2085.7056468481455 4281.987536654851 214.99241443274602 53.0081675813341 2084 2089 4279 4283 24.0 1.2304395917973816 0.8302820347081467 21.279881795769963 0.7380144734896188 -0.11880158053919876 0.13204569675239095 0.0 0.49144641332465233 1.471532 1.0167735505743185 1.915716151829268 1.4 0.4233568358628255 2.763953195770684 -0.9285557914345719 3.084758641888586 nan
3632 311.93348306571744 4288.503618634753 215.00828240714728 53.01945258875539 306 318 4281 4294 131.0 3.3918425392639846 2.498559106721126 -44.50134238359436 0.676287579601292 -0.06591559343371166 0.4189181880286554 0.0 22.243425075585087 3.106596 183.41380993608772 12.578329218829127 3.633138863215679 0.3450544851023044 6.457444935117649 379.1914249245578 19.285514122147422 24.952853731011977
3633 2180.106409610457 4281.865935077438 214.9915677915918 53.00756814663564 2179 2181 4281 4283 8.0 0.9571818399947796 0.5577345372727048 -46.95635008376487 0.8126988147081732 0.024265567335620773 0.15916997885879244 0.0 0.754026887523531 0.867425 2.542015563034131 2.5128735296486537 2.6766552576876506 0.25749800369848663 1.5957691216057308 2.435019176583559 3.982521194139051 30.433744035557012
3634 2696.3824036949904 4284.2569806332585 214.98690572603405 53.00430625781454 2696 2698 4282 4286 14.0 1.7820139010055278 0.20116698401654878 -75.53159316190377 0.9936077829354564 -0.11250853295943541 0.061434552770491785 0.0 -0.4359535829606195 1.1195452 4.129398050584267 4.126548945772309 5.134743034821921 -0.3975377703794885 2.111004122822376 4.800749043550816 6.516057962821302 29.69672748984156
3635 811.107950198256 4287.100264496916 215.0038114727423 53.0162793074632 808 814 4283 4290 44.0 2.0485845363364104 0.9479090737490382 62.120418748241505 0.8865075328280835 -0.13694077557473722 0.5237504876187739 0.0 5.972170012242315 2.3490047 47.515941795004075 8.469811490577207 3.7554640636476035 0.5421918607356817 3.742410318509555 54.75782436798063 13.538855399757571 27.053884538842883
3636 3206.549573492569 4286.546939868534 214.98230028126665 53.00108239111232 3204 3210 4284 4289 33.0 1.7335068202900938 1.1651376817908687 69.30551734053147 0.7404353884511968 -0.14225698333092027 0.1114805700448401 0.0 1.5748301000038536 1.6273811 3.268414228240601 2.5495338615569527 1.4 0.2700907420475471 3.2410224072142872 1.314939072897647 4.209241342777569 31.102735923862085
3637 9115.634523939782 4290.116815905608 214.9292488814936 52.96360449807145 9112 9121 4286 4295 71.0 2.606497923591506 1.911035617405103 -82.242524952164 0.6800331871097585 -0.27081606383612195 0.35470759158507237 0.0 6.949943248798857 3.7251194 27.83616980769463 15.046777227536062 3.5050541935445922 0.42429558029564945 4.753945931439391 69.79417226503634 23.619120130508286 26.790452097410565
3638 3879.7689757053986 4299.417825023215 214.97612014154268 52.99688110086961 3870 3887 4287 4308 233.0 5.467373299570251 2.8227176031826238 52.01282178726659 0.8564174126986949 -0.13070387128319733 0.4855591857340475 0.0 33.70788106967783 4.0160975 49.91984110658097 8.89499778162872 1.930988103581228 0.3946147272838869 8.611980229936854 61.06927161983204 14.187918384291343 26.935443149632658
3639 2711.514461555679 4290.051627433399 214.98670874620203 53.0042415855451 2710 2715 4289 4293 25.0 1.1272114225055456 1.1018842904370036 37.63804843326485 0.2107909614825984 -0.0755963695177554 0.38025483348706635 0.0 2.6893366187423964 1.4470135 4.957901501849063 2.328166742859983 1.6424481652468172 0.5398666650397768 2.8209479177387813 4.599745629115912 3.7507247954521192 29.743165461516643
3640 3746.6719138784224 4300.598900810376 214.97730260211213 52.99773186259335 3734 3760 4289 4312 500.0 5.89533613636986 4.925667629196769 9.889114758096929 0.5494609681685171 -0.13043516849822703 1.1149006768094212 0.0 156.64687206971763 5.814561 273.65523480795156 14.494305756898912 2.336559168616866 0.35618796981857614 12.6156626101008 272.9527411624942 23.305610178357256 25.309781349696866
3641 6667.368567830918 4301.440503848421 214.95108318953132 52.979204462830324 6651 6684 4289 4319 736.0 5.5793351324291764 3.9496512792591227 -23.466751760082683 0.7063054970134662 -0.3801329261325029 5.350861131736663 0.0 376.9745619005614 8.018599 384.2663302011822 8.811101559760624 1.436683006455204 0.6740343280303299 15.306079714651624 419.86699976805664 14.136837009755519 24.84222064551897
3642 6945.776080576135 4289.739716627831 214.9487092334541 52.97737445798723 6944 6947 4289 4291 8.0 1.152018693118004 0.5522909571589171 -17.690431763572384 0.8775902559817133 0.07115659373630186 0.23646897985969895 0.0 1.2319225881938025 0.92000693 12.875232805853766 3.6399459743195255 3.4493783460040457 0.22055629977550087 1.5957691216057308 19.23363870890976 5.768379711621333 28.18984636536456
3643 7872.469625919913 4298.548733368135 214.9403055360798 52.97154073583449 7862 7881 4291 4307 222.0 4.842024319045412 2.2765085271149075 -41.457219841104745 0.8825831391393888 -0.2773581008507127 0.6233000091600243 0.0 32.76549098341518 3.8424492 35.53496975230119 5.308763616397649 1.4 0.44477600444394344 8.406235467365967 36.489794216000305 8.524370946168943 27.494571464574644
3644 2403.1177801042954 4296.077266509583 214.9894149502914 53.006230380704984 2400 2407 4292 4301 50.0 2.443760999211355 1.3255437986023466 54.58176405060886 0.8401077350130235 -0.1287379010243746 0.31355476866707843 0.0 6.907639062030992 2.0999262 12.690311549933412 5.438735392634944 2.2421304017857597 0.3410085007281965 3.989422804014327 10.956807274511702 8.643236935255118 28.800789943338465
3645 9087.589588301542 4294.223016111755 214.92945699767097 52.96380468834635 9085 9091 4293 4295 16.0 1.8662291328367329 0.5801369538705646 -9.397932387043085 0.95045554272946 -0.030376407285204177 0.2683745517550455 0.0 2.6765384091713162 1.7877388 27.029502029449112 7.977513298788402 3.907812277728572 0.2750969111818538 2.256758334191025 31.50802399400505 12.638941798627764 27.653947081196147
3646 7340.965482755032 4304.900981876834 214.9450049918763 52.974948325073925 7328 7352 4295 4317 369.0 5.416033926780935 2.9071208526727013 -39.27134894273298 0.8437337404164901 -0.21517821101779702 1.4707084849597674 0.0 122.8559918539024 5.070794 148.56604794345492 8.888580333362201 1.9086256593292799 0.5144634160148832 10.837727990765352 175.91055930987102 14.064535731338283 25.78677022636529
3647 3191.76839839417 4297.850416046086 214.9823138538393 53.00123723945579 3191 3194 4297 4300 14.0 1.2586763892474184 0.6300663813168752 87.74167848807024 0.8656911294514998 -0.13317671103030987 0.1349296362169378 0.0 -0.062138954460790936 1.1322786 4.062800731277203 3.43807921598029 2.945540775486581 -0.19313640470081164 2.111004122822376 9.158753819336674 5.452196371243842 28.99540903586409
3648 8943.403259215576 4302.8492033889215 214.93065858390725 52.96476650441322 8938 8950 4298 4309 102.0 3.797074497753173 2.0645386296716732 34.55618957497219 0.8392678267724737 -0.060537798127542626 0.6087809633640198 0.0 18.622079062273823 2.9170473 65.39400934361171 11.850150625978577 3.206371588877473 0.40472410550711135 5.698035485213008 97.42327320319481 18.478955119714747 26.428343207999585
3649 6514.862047865279 4302.036960157855 214.95244495265302 52.98017548865542 6512 6517 4300 4305 24.0 1.373257446783841 1.0292488908036463 81.54371893444348 0.6620105801815895 -0.028502644809450937 0.5568479904796915 0.0 6.899605854250531 1.4006277 15.14745262707742 3.781314721903534 2.4586529066181275 0.3447839779461379 2.763953195770684 14.947345366358089 6.108824638405988 28.4635898268961
3650 7315.154441772465 4305.0656554199895 214.94523474252594 52.97511302391749 7311 7321 4300 4309 63.0 3.1568651335433078 1.4948443657443442 -35.21083461115257 0.8807821145543194 -0.1835459722329841 0.21698981023945288 0.0 5.143565190907724 2.001592 16.815349261541712 6.69797601858163 2.683084959267147 0.35368287175388924 4.478115991081385 10.277441352570921 10.753050764657415 28.870287482021546
3651 1990.2054324067321 4302.783921190541 214.9930530245037 53.00888572532449 1987 1993 4301 4305 26.0 1.575980767874741 1.0604137116062042 1.9931995049031792 0.7397702513903144 0.02126209115235758 0.41181415827615325 0.0 6.265916777442219 1.5210663 12.023662994946005 4.111808339735383 2.4017037674118287 0.24346512553996089 2.876813695875796 6.884556830217424 6.54342085749474 29.30531002682035
3652 3668.3264057141323 4306.160127276769 214.97794736779971 52.99825893762636 3666 3672 4301 4310 57.0 2.459655355143466 1.611512693395285 -76.14834434218172 0.7554743275254138 -0.12333152786083001 0.3926021725839142 0.0 9.053699159423743 2.0163784 18.529348548090987 5.682938397774007 2.4280266113558056 0.3580702244766236 4.259537945889915 20.023476286353805 9.04712663581395 28.146151305538265
3653 8234.376453305265 4305.23918916373 214.93698995270952 52.96927984806024 8234 8236 4304 4306 7.0 0.8162001821116799 0.4826579428373632 -86.32741734783939 0.8064168438608162 -0.0016291048295037922 0.12844841349506028 0.0 0.4063420545988248 0.73199856 6.41081223064725 2.841519987121201 3.844758511495723 0.37663654709255523 1.4927053303604616 17.240917105746426 4.539955058012104 28.308599090568944
3654 8886.399993137959 4307.390067508074 214.93112172434766 52.96515285383253 8881 8891 4304 4311 66.0 2.766606670733522 1.7298481539112975 20.293207732951593 0.7804166085700015 -0.10298497666282475 0.28499928125241375 0.0 8.977914581179311 2.2897797 48.49612399695039 8.702351761837464 3.140583413374062 0.3223053572217638 4.583497844237541 73.1150546936544 13.868622146553998 26.73998297698919
3655 1746.966260039453 4315.980803932621 214.99509888503522 53.010499862572004 1725 1771 4305 4327 640.0 7.699616150822082 2.7892100254832823 -20.11273242139852 0.9320797563261216 -0.2579197101853446 3.583271908417142 0.0 388.2216976300537 7.4717703 403.9940335698263 9.166988483099503 1.5015085303520073 0.6029390073785662 14.27299292922217 426.9526476104774 14.754468221248658 24.824050722401346
3656 135.9165361755144 4308.0665297362475 215.00965806059804 53.02067458407957 133 139 4306 4310 21.0 1.706873093005334 0.9794049629272812 1.0943403455826313 0.8189949726248995 0.34179471332110345 0.959556495730495 0.0 14.900651356664982 1.2165601 230.36048713339574 5.7686400409415075 3.7728361725955923 0.13626730420670263 2.5854414729132054 506.17158942436816 9.349846229324386 24.639255586814862
3657 2309.220303804453 4322.2107521892385 214.98998280632196 53.006967218821444 2302 2317 4307 4342 327.0 9.264079853145294 2.8762681004360138 81.68681867410689 0.9505814428318488 -0.19297405392852138 0.44585765408696676 0.0 36.73898586330199 5.28366 44.88026340895834 9.365615092212796 1.4 0.4498262194861435 10.202319970580199 32.82269198912168 14.986433923625762 27.6095645067085
3658 8896.959866369401 4310.453760932962 214.93099477360445 52.96510236613583 8896 8898 4309 4312 12.0 1.017833850827097 0.7316622681691156 -68.90699236252016 0.6951729325552282 0.07158927258425081 0.30379642897034065 0.0 2.3698524990242307 1.0699002 8.24284255700626 3.56359926645229 3.1648364803839577 0.23293666869147633 1.9544100476116797 14.810550151425215 5.5778315521778 28.47357202228399
3659 707.5711330013814 4313.602886036188 215.0044624320578 53.017079203829255 705 710 4310 4317 42.0 1.9255776376281402 1.4544494144482205 61.93768829722787 0.6553429250301993 0.09217945185320536 0.5363601739183345 0.0 13.899642313509725 1.9317195 25.71501134623833 4.6950071468981776 2.069059796149324 0.21280275645057772 3.656366395715726 23.33960558757717 7.560342414863995 27.979766218261553
3660 3232.477599356738 4328.263040716436 214.98162772448399 53.00114333502122 3219 3246 4311 4347 767.0 6.120783510491348 4.6470161422007745 79.5283745542682 0.6508350485603092 -0.16955916755882425 3.0458706069430797 0.0 342.536741354804 8.053613 367.1290784105598 11.32355059968834 1.64612481293157 0.5669403171743155 15.625097846188595 394.38666687402997 18.271849474871384 24.910194439454568
