outputs/dr0.5_c0.1/nircam1_f160w_dr0.5_c0.1.ecsv
# %ECSV 1.0
# ---
# datatype:
# - {name: label, datatype: int64}
# - {name: xcentroid, datatype: float64}
# - {name: ycentroid, datatype: float64}
# - {name: sky_centroid.ra, unit: deg, datatype: float64}
# - {name: sky_centroid.dec, unit: deg, datatype: float64}
# - {name: bbox_xmin, datatype: int64}
# - {name: bbox_xmax, datatype: int64}
# - {name: bbox_ymin, datatype: int64}
# - {name: bbox_ymax, datatype: int64}
# - {name: area, unit: pix2, datatype: float64}
# - {name: semimajor_sigma, unit: pix, datatype: float64}
# - {name: semiminor_sigma, unit: pix, datatype: float64}
# - {name: orientation, unit: deg, datatype: float64}
# - {name: eccentricity, datatype: float64}
# - {name: min_value, datatype: float64}
# - {name: max_value, datatype: float64}
# - {name: local_background, datatype: float64}
# - {name: segment_flux, datatype: float64}
# - {name: segment_fluxerr, datatype: float32}
# - {name: kron_flux, datatype: float64}
# - {name: kron_fluxerr, datatype: float64}
# - {name: kron_radius, unit: pix, datatype: float64}
# - {name: gini, datatype: float64}
# - {name: equivalent_radius, unit: pix, datatype: float64}
# - {name: kron4_2_flux, datatype: float64}
# - {name: kron4_2_fluxerr, datatype: float64}
# - {name: radius_kron20, unit: pix, datatype: float64}
# - {name: radius_kron50, unit: pix, datatype: float64}
# - {name: radius_kron80, unit: pix, datatype: float64}
# - {name: near_border, datatype: bool}
# meta:
#   PHOTMJSR: 0.3925000131130219
#   PIXAR_SR: 2.11539874851881e-14
#   __serialized_columns__:
#     area:
#       __class__: astropy.units.quantity.Quantity
#       unit: !astropy.units.Unit {unit: pix2}
#       value: !astropy.table.SerializedColumn {name: area}
#     eccentricity:
#       __class__: astropy.units.quantity.Quantity
#       unit: !astropy.units.Unit {unit: ''}
#       value: !astropy.table.SerializedColumn {name: eccentricity}
#     equivalent_radius:
#       __class__: astropy.units.quantity.Quantity
#       unit: !astropy.units.Unit {unit: pix}
#       value: !astropy.table.SerializedColumn {name: equivalent_radius}
#     kron_radius:
#       __class__: astropy.units.quantity.Quantity
#       unit: &id001 !astropy.units.Unit {unit: pix}
#       value: !astropy.table.SerializedColumn {name: kron_radius}
#     orientation:
#       __class__: astropy.units.quantity.Quantity
#       unit: &id002 !astropy.units.Unit {unit: deg}
#       value: !astropy.table.SerializedColumn {name: orientation}
#     radius_kron20:
#       __class__: astropy.units.quantity.Quantity
#       unit: *id001
#       value: !astropy.table.SerializedColumn {name: radius_kron20}
#     radius_kron50:
#       __class__: astropy.units.quantity.Quantity
#       unit: *id001
#       value: !astropy.table.SerializedColumn {name: radius_kron50}
#     radius_kron80:
#       __class__: astropy.units.quantity.Quantity
#       unit: *id001
#       value: !astropy.table.SerializedColumn {name: radius_kron80}
#     semimajor_sigma:
#       __class__: astropy.units.quantity.Quantity
#       unit: !astropy.units.Unit {unit: pix}
#       value: !astropy.table.SerializedColumn {name: semimajor_sigma}
#     semiminor_sigma:
#       __class__: astropy.units.quantity.Quantity
#       unit: !astropy.units.Unit {unit: pix}
#       value: !astropy.table.SerializedColumn {name: semiminor_sigma}
#     sky_centroid:
#       __class__: astropy.coordinates.sky_coordinate.SkyCoord
#       dec: !astropy.table.SerializedColumn
#         __class__: astropy.coordinates.angles.Latitude
#         unit: *id002
#         value: !astropy.table.SerializedColumn {name: sky_centroid.dec}
#       frame: icrs
#       ra: !astropy.table.SerializedColumn
#         __class__: astropy.coordinates.angles.Longitude
#         unit: *id002
#         value: !astropy.table.SerializedColumn {name: sky_centroid.ra}
#         wrap_angle: !astropy.coordinates.Angle
#           unit: *id002
#           value: 360.0
#       representation_type: spherical
#   astropy version: '5.1'
#   make_catalog parameters:
#     ab_zpt: 31.4
#     coadd_bands: !!python/tuple [f277w, f356w]
#     deblend_contrast: 0.001
#     deblend_nlevels: 32
#     deblend_npixels: 1
#     detect_kernel_fwhm: 4.0
#     detect_kernel_npix: 7
#     detect_npixels: 4
#     detect_threshold_nsigma: 3.0
#     flag_isolated_buffer: 4
#     hst_bands: !!python/tuple [f606w, f814w, f125w, f140w, f160w]
#     jwst_bands: !!python/tuple [f115w, f150w, f200w, f277w, f356w, f410m, f444w]
#     near_border_kernelsize: 21
#     reference_band: f200w
#   make_catalog version: 1.4.0
#   photutils version: 1.5.0
# schema: astropy-2.0
label xcentroid ycentroid sky_centroid.ra sky_centroid.dec bbox_xmin bbox_xmax bbox_ymin bbox_ymax area semimajor_sigma semiminor_sigma orientation eccentricity min_value max_value local_background segment_flux segment_fluxerr kron_flux kron_fluxerr kron_radius gini equivalent_radius kron4_2_flux kron4_2_fluxerr radius_kron20 radius_kron50 radius_kron80 near_border
[from data line 3181]
3182 7006.053096983318 3815.8268191066686 214.9531631600567 52.974432325125235 7001 7013 3809 3822 136.0 3.8797356541733525 2.09439664715823 55.28361225849493 0.8417742355190351 -0.06982959301241125 0.5276693837465704 0.0 35.432315423022786 9.2291565 46.2710168882441 21.32371478791317 2.202631822161211 0.28849815834116754 6.579524642479541 40.40256539128523 32.75925111569759 2.583680337579386 4.618171818356798 8.09083953260267 False
3183 563.0716055084588 3817.954537330854 215.01098592609856 53.0153160976977 548 574 3810 3825 321.0 5.491280740128445 3.3329588886948516 16.307530792797685 0.7947363967499675 -0.007105894882193922 1.2042431567166898 0.0 143.61675291032034 10.740433 193.8356741334751 22.090864123897575 1.954585170531787 0.3261939601120662 10.108287365572707 230.69993550117874 35.84456501455428 3.7700383839631066 6.942420328839504 11.219034283866389 False
3184 2257.503178464233 3818.160469922417 214.9957605439827 53.00457100768232 2247 2268 3811 3824 224.0 5.056764722091046 2.8743637603498167 13.419744008209097 0.8227388728024471 0.085207596234444 0.7412478122466419 0.0 81.19744303070875 8.662781 274.60967858154225 30.044344051608878 2.898823800913366 0.23695115729099156 8.444016491289505 463.4831728436248 49.24454731432442 6.241077389104603 13.504119548146292 20.834770261632865 False
3185 774.5123717498261 3814.139461997342 215.00912608986187 53.01395460802398 772 776 3812 3816 20.0 1.3162492712762386 1.1013572117681358 -48.28780507602366 0.5476017736491317 0.11057155762531819 0.2944472600440517 0.0 3.7575212864419316 2.7044284 37.53743443298484 11.80183947685246 3.6688774451039112 0.16668479326310562 2.5231325220201604 56.36235672296172 18.776501971905216 3.592057581591045 6.219236495954212 8.88213832264808 False
3186 9835.86332469457 3813.4006955111895 214.92781711615697 52.95645885515837 9834 9837 3812 3815 11.0 0.9426058633552261 0.8182897464484725 -12.21195872631052 0.4963641266736719 0.04139199247509771 0.1818240641326054 0.0 1.211617240282031 2.093111 7.812440304968828 8.225699420833202 3.3170661927662484 0.2579021724353283 1.8712051592547776 4.240012321363745 13.196194350197022 2.0284756702384095 3.6952489948204823 5.4552411103946765 False
3187 3973.353202788991 3817.705957518489 214.98035738932447 52.99368451188453 3969 3977 3814 3820 46.0 2.180779330568283 1.4543323292193633 0.034864845402444264 0.7451592951916239 0.061446691839130214 0.4466728853796053 0.0 14.070312126037711 4.106133 41.75757921334101 13.421672835856254 2.789146828628454 0.17036179081051817 3.826519928662906 48.36225880304579 21.59212613436676 2.7441635490105294 5.267958091449921 10.023281632857591 False
3188 8165.167541995451 3824.507518912635 214.94267671352847 52.96712313985705 8157 8174 3814 3834 279.0 5.322290505505376 3.723347873428432 58.278411859283885 0.7145579839671757 -0.07192117658084517 0.6891250050387155 0.0 110.42641824060827 10.409636 215.65926641441825 29.02651128578959 2.3376532578972578 0.1920294003461529 9.423823971471327 173.72587360540177 46.61685971862489 5.430565282796952 9.336364815778268 14.798198845292111 False
3189 1221.2702479331606 3816.4765466522817 215.00508718134532 53.011133999563306 1219 1223 3815 3818 15.0 1.5839058933044818 0.7661059422780778 -32.50281924767038 0.8752440965683379 0.08174762619509504 0.20604794938385834 0.0 2.0097195798738094 2.3183 43.9003970497092 11.74051526417662 3.9989767291709506 0.14459160499011173 2.1850968611841584 72.3364794731942 18.694669922841634 4.306161379006488 6.490110339941789 8.726342998705082 False
3190 7473.672175460318 3817.9147079193144 214.94894711215488 52.97147607031387 7470 7477 3815 3821 44.0 2.0450184554965563 1.5266875162363098 38.65697801960907 0.6653408437608086 0.08902203245339518 0.3167979390647007 0.0 9.376766792772143 4.1398644 27.516416316956814 13.030791472700132 2.6380809043376576 0.17420635918135796 3.742410318509555 51.523622134115755 20.938172547374112 2.6560130651290033 4.670213207989368 6.721902901115 False
3191 9288.982308644176 3815.528944586669 214.93269629582107 52.959941739350796 9288 9290 3815 3816 4.0 0.8019339504079265 0.31110154506252385 -31.879130295205055 0.9216850030986355 0.36035411645822374 0.4221561705136912 0.0 1.5374479979243696 1.5416077 17.695737812417853 6.657853589344245 3.997275268139419 0.04609493612071085 1.1283791670955126 31.093843118571378 10.50907884996277 1.695157661242226 2.711086120418453 3.5065670247342093 False
3192 2804.8087659139287 3816.9675352445643 214.99085759646337 53.00109309086127 2801 2806 3816 3821 30.0 1.0383286807437841 0.6458690778532808 38.27778768099012 0.7829953308488249 -0.2217864016823869 0.08954425266597801 0.0 -1.328336923280644 4.1289196 4.717855780357951 9.234745412568312 3.3334565895988364 -0.5518547053681159 3.0901936161855166 3.8667445270597716 14.79891020526048 2.5455452001651704 8.538155722090357 nan False
3193 4296.090744391052 3819.7982828248523 214.9774380919185 52.99164839300948 4293 4300 3816 3823 49.0 2.235621547354612 1.3894257364322227 -38.60107383924428 0.7834187951865662 -0.013400800064416338 0.20695734348220976 0.0 5.678243432480454 4.287973 22.618465746534937 14.656920753784016 3.0638719542521238 0.27406780197764213 3.949327084834294 75.1668782645032 23.9161518369895 3.408547568494938 10.71372312969151 13.011757944693851 False
3194 9318.737427396818 3817.3954463238097 214.93240991723795 52.95976294829966 9317 9320 3816 3819 14.0 1.0079782393617422 0.9490191432818724 41.35716936409242 0.33699183172182234 0.055136884525979986 0.2512342040924923 0.0 1.9794492111859798 2.7377853 14.515892542895537 10.645484052434922 3.3295678712653856 0.27826466521796456 2.111004122822376 36.724597224690704 17.667820565908 2.4015720811186094 4.322269768742953 6.817548535727015 False
3195 2941.641802080246 3827.1138693199623 214.98952183592164 53.00027998458475 2933 2950 3817 3838 266.0 4.771329603726733 3.6768521638672977 87.51171543400235 0.6373024866341871 0.06748912509853273 0.8644596368888129 0.0 143.6474584633388 9.968694 269.9209958693277 29.644063369216674 2.342791381249583 0.1877453064961891 9.201653640780462 323.6242512750474 49.6701980278847 4.768338670442085 8.762015235411027 14.097984432038709 False
3196 3825.820571367872 3820.1735231432745 214.98165588730856 52.99463375898838 3823 3828 3817 3823 36.0 1.9298330072048584 1.3844803331170228 -66.17166821341844 0.6966518196055135 0.09501616048934688 0.3365644322554892 0.0 7.513073877835743 3.691917 41.09744927021009 14.136697779546893 3.211506345350973 0.18912675559364778 3.385137501286538 56.26649539463669 22.618136986521062 3.496275735673347 6.368662977132915 11.10754719547192 False
3197 7538.909250843928 3839.167707410475 214.94813808232246 52.971176843855474 7507 7568 3817 3861 2056.0 12.462443020287976 6.689136883977172 -27.657401443369633 0.8437453866527524 0.03701249821728507 6.255279096711991 0.0 2909.697401613651 28.821028 3135.0535871164357 42.98082357639023 1.678375911786991 0.5017022549569231 25.582125126616702 3466.8919368127913 68.82407360109708 6.4775470499655246 12.36491263779074 20.375579934948085 False
3198 6635.084919486285 3829.619806289414 214.9563453998918 52.97686090246328 6620 6654 3820 3840 516.0 6.947673890064474 4.165700872684251 -17.26049486661613 0.800313257585795 -0.14647257632987132 1.2778664338691383 0.0 239.61312564635807 14.849216 383.0469459762074 34.375861226674786 2.1567587078453254 0.3439185396925341 12.815923738491737 434.4149559209658 54.999003353825536 5.052003030032293 10.239552159506873 17.860902549083065 False
3199 7194.452118454071 3824.0192491194794 214.9513870178156 52.97328100238827 7192 7197 3821 3826 26.0 1.5136506711018802 1.236268164539762 -38.194073594471234 0.5769973442834138 0.09997465373389318 0.3005190293480456 0.0 5.712350830362627 3.1659124 61.567585465472796 13.989527192173977 3.6941600019027216 0.1730029762621903 2.876813695875796 90.98953053779249 22.792038783535734 4.718108221107048 8.668754031309204 10.952461688568201 False
3200 9328.38995424752 3833.1410710058835 214.93215747865784 52.959786695728155 9320 9337 3821 3845 342.0 5.171927255060473 3.76752867316801 -75.3037542757944 0.6850911024460759 0.10211519416232688 1.8439745635450397 0.0 273.8837554970972 11.94531 400.55037306665923 25.006526121039936 1.9303022273058128 0.29230013986831066 10.433694507453072 394.8627801993913 40.92125430066387 4.060275398421973 7.645554144243656 14.20420975637592 False
3201 2464.64942251035 3823.1547974038795 214.99384736483591 53.00328413044469 2464 2465 3822 3824 5.0 0.7834314098934297 0.4379921366287695 -73.05619928889242 0.8291212003964732 0.10231432635143914 0.13305854828768424 0.0 0.5952153524910888 1.5249305 5.687458927952991 6.389979610103095 3.752381469491159 0.07202380841063244 1.2615662610100802 11.297163661691275 10.096117679657118 1.8092899626129726 3.226053987101222 4.693086931788548 False
3202 965.107929450704 3825.4422769078883 215.0072943163906 53.012807011607435 961 970 3823 3828 40.0 2.353671538918171 1.2747006395570144 -19.189152124032105 0.8406494324651852 0.20269117709286333 0.41513722669061 0.0 13.442880128563907 4.1037817 40.79427507232278 14.396998151851554 2.941655097968469 0.08671299553705446 3.5682482323055424 61.323533653765935 22.598339766726657 2.7396633036575384 4.818095506608221 6.985450174451046 False
3203 3712.221810829733 3826.5456092238815 214.9826086226168 52.995388827030226 3708 3716 3823 3830 56.0 2.0432869749551696 1.8780142627019158 -5.81820560645496 0.39399101133778364 0.3034388359819439 0.8861306520088714 0.0 33.302015997439234 4.544198 121.64434425677392 16.36683510664183 3.0462365671916127 0.1463409950970544 4.222008245644752 171.5097833116418 26.706267726459366 3.3870142053026324 7.254476297641618 12.075613562985875 False
3204 7590.923519785234 3828.945944377973 214.94777933356372 52.97079154152785 7586 7594 3824 3833 70.0 2.7188891624562967 2.1208208566378297 -53.33510641668837 0.6257394854905063 -0.04098345405787161 0.25222765883609594 0.0 8.206925375808984 5.2038493 115.36733696552102 25.20435548835312 3.7785102407721998 0.2812206395079969 4.720348719413148 305.4843558199244 40.272693625449605 7.973000332257086 13.261418984108555 18.752109866143012 False
3205 612.1454724822311 3847.842619448731 215.01022987342319 53.01516647798311 583 634 3829 3864 1244.0 8.69581972709931 6.173983501962472 -12.93385092148416 0.7042072994260086 -0.04734486293889214 2.858810128881996 0.0 860.7287018945493 21.152552 916.5686841838447 27.296205834149085 1.4 0.4831950515449015 19.899183360445615 897.1380711715753 43.697092396083036 5.245081837904226 9.398567639273686 14.74583242888722 False
3206 3937.2572991923967 3843.6058988211576 214.98040846431468 52.994053450969915 3924 3953 3829 3857 605.0 5.737069860224025 5.373568831050943 74.24037661458969 0.3502935950741974 -0.07425099686469998 1.614127715378382 0.0 316.8227081261123 15.025786 414.99117752299276 27.99610918434236 1.8658902599252245 0.37514417395069105 13.877228871110882 468.1816591099098 45.12198789418608 4.43151774473507 8.656955356171393 14.928694613855077 False
3207 3583.490847014616 3837.4723377087093 214.9836492504525 52.99626449242463 3573 3592 3830 3846 203.0 5.272560629093479 2.5636409960396485 -38.32642205361326 0.8738346846385499 0.04990947890183734 0.7020075165283741 0.0 67.94767395274322 8.600085 175.1196807098074 27.701775109240025 2.794063516190602 0.22275442226888978 8.03846421247924 221.9725264275515 44.61969350700669 5.232528255043549 10.125153545454358 16.87212808669698 False
3208 9599.700581627223 3839.755447390571 214.92965599968377 52.95810024482073 9595 9604 3835 3845 86.0 2.4897593532679196 2.302947982920366 -78.6911179520372 0.3800447482342351 0.4086698828180929 1.2461897821585832 0.0 65.37482017967919 5.932716 160.08757358084017 18.005981507271166 2.687264338466155 0.1663356889977204 5.232078956954491 217.82556076372975 28.72708234815409 3.1997875728854046 6.24339645087745 10.342389633260195 False
3209 7488.147762270529 3837.3266190064746 214.94861272369673 52.97148904549809 7486 7490 3836 3839 16.0 1.2527348967594247 0.9737543845721816 2.8038017204940724 0.6291266211258226 0.19808916017618425 0.30110858142427716 0.0 4.35739272673632 2.6225395 20.676235905403253 10.205897684428958 3.3174024100765527 0.05752783717730731 2.256758334191025 24.486748496044356 16.2867382395529 2.1956482580911585 3.771769531878181 5.428579241323439 False
3210 9010.415497096626 3845.0549691971937 214.93488221360113 52.96186932728085 9005 9015 3839 3850 108.0 2.999960862195698 2.17437050031936 66.08170626485574 0.6889597283436506 0.007797396461137095 0.6703408249029368 0.0 39.2814664344628 6.7396946 98.1663267340684 20.393069032949626 2.739599557672136 0.2734296769317219 5.863230142835039 118.3985142823327 33.368565794705 3.4368327374091154 7.246109878426037 13.521069412822463 False
3211 754.453881049152 3841.25164128756 215.00902054363448 53.01422838384958 754 755 3840 3842 5.0 0.7572114040336773 0.4546590096224081 70.42487567708126 0.799670808236514 0.15645373055272294 0.20924006493031394 0.0 0.9098979100356821 1.3244514 13.557508794277485 6.169584852056406 3.9716816273931212 0.07970169293170629 1.2615662610100802 25.258430638039837 9.958181334105078 2.163826864774212 3.488289670417098 4.573265032865857 False
3212 2998.329636492725 3844.0094379951443 214.9888346889326 53.000011715365346 2995 3004 3840 3850 79.0 2.742970400694936 1.9430140579572963 56.891592292571865 0.7058500403612001 0.11089081203712861 0.6333252464831939 0.0 25.4738079996056 5.5640135 106.6474013771957 20.037978537526875 3.1935195454549983 0.2744090825658092 5.014626706796775 133.38835536203288 32.3927411715269 4.177082533761533 8.069173457190573 12.215811264022562 False
3213 8246.050280356492 3844.5006067862237 214.94174080136546 52.96671776781067 8240 8253 3840 3849 107.0 3.4731551935087372 2.214363074467516 13.742515518157727 0.7703963566899583 0.036966465497416424 0.43748574128024553 0.0 34.24603990499886 6.4768157 66.3215146696241 13.78877077475987 1.7717984194025231 0.14716183269637256 5.836022431559495 50.22958550531685 22.094075169641155 3.3992907284040137 5.831229881035794 8.662527510332966 False
3214 3150.2973181090383 3846.7912121942495 214.98744071858837 52.99906278317064 3139 3158 3841 3853 177.0 4.273277224595099 2.898018234141433 15.215231325205416 0.7349029423149663 -0.09201723777350992 0.5034579996647378 0.0 44.09890989795929 8.352175 97.41915987979007 24.81638270817035 2.51276354569945 0.241512054610381 7.506054213402069 156.07255941214362 39.461129565794984 4.3659944800149475 7.681352493618972 13.724975743015598 False
3215 277.0621555336181 3849.195209110619 215.01322693770854 53.017298699080136 268 285 3842 3856 205.0 3.741540616708909 3.1232545654635597 -21.703052533743833 0.5506276962356719 0.17338747978300442 1.7998109556467616 0.0 155.11384636451413 10.135091 191.2781407418724 20.32966407896476 1.9213952548373154 0.2946729410941264 8.07796550300118 259.2326760094579 32.609642123830476 2.812376147107116 5.145572091555688 8.008703702069818 False
3216 1406.552758109795 3851.049367838577 215.00305808310682 53.010145825084415 1395 1419 3842 3860 329.0 4.562152958519482 3.5415522596083497 8.427864489372304 0.6303763423179204 -0.014812743997228997 1.6897778729825819 0.0 182.44842851513158 10.89187 227.80735924247332 18.096610328791876 1.703362525634507 0.40369692944215385 10.233472165128859 222.4138005247253 28.86231348919061 3.231654275906531 5.958420612534607 9.943875871309404 False
