outputs/dr0.5_c0.1/nircam2_f814w_dr0.5_c0.1.ecsv
# %ECSV 1.0
# ---
# datatype:
# - {name: label, datatype: int64}
# - {name: xcentroid, datatype: float64}
# - {name: ycentroid, datatype: float64}
# - {name: sky_centroid.ra, unit: deg, datatype: float64}
# - {name: sky_centroid.dec, unit: deg, datatype: float64}
# - {name: bbox_xmin, datatype: int64}
# - {name: bbox_xmax, datatype: int64}
# - {name: bbox_ymin, datatype: int64}
# - {name: bbox_ymax, datatype: int64}
# - {name: area, unit: pix2, datatype: float64}
# - {name: semimajor_sigma, unit: pix, datatype: float64}
# - {name: semiminor_sigma, unit: pix, datatype: float64}
# - {name: orientation, unit: deg, datatype: float64}
# - {name: eccentricity, datatype: float64}
# - {name: min_value, datatype: float64}
# - {name: max_value, datatype: float64}
# - {name: local_background, datatype: float64}
# - {name: segment_flux, datatype: float64}
# - {name: segment_fluxerr, datatype: float32}
# - {name: kron_flux, datatype: float64}
# - {name: kron_fluxerr, datatype: float64}
# - {name: kron_radius, unit: pix, datatype: float64}
# - {name: gini, datatype: float64}
# - {name: equivalent_radius, unit: pix, datatype: float64}
# - {name: kron4_2_flux, datatype: float64}
# - {name: kron4_2_fluxerr, datatype: float64}
# - {name: radius_kron20, unit: pix, datatype: float64}
# - {name: radius_kron50, unit: pix, datatype: float64}
# - {name: radius_kron80, unit: pix, datatype: float64}
# - {name: near_border, datatype: bool}
# meta:
#   PHOTMJSR: 0.3925000131130219
#   PIXAR_SR: 2.11539874851881e-14
#   __serialized_columns__:
#     area:
#       __class__: astropy.units.quantity.Quantity
#       unit: !astropy.units.Unit {unit: pix2}
#       value: !astropy.table.SerializedColumn {name: area}
#     eccentricity:
#       __class__: astropy.units.quantity.Quantity
#       unit: !astropy.units.Unit {unit: ''}
#       value: !astropy.table.SerializedColumn {name: eccentricity}
#     equivalent_radius:
#       __class__: astropy.units.quantity.Quantity
#       unit: !astropy.units.Unit {unit: pix}
#       value: !astropy.table.SerializedColumn {name: equivalent_radius}
#     kron_radius:
#       __class__: astropy.units.quantity.Quantity
#       unit: &id001 !astropy.units.Unit {unit: pix}
#       value: !astropy.table.SerializedColumn {name: kron_radius}
#     orientation:
#       __class__: astropy.units.quantity.Quantity
#       unit: &id002 !astropy.units.Unit {unit: deg}
#       value: !astropy.table.SerializedColumn {name: orientation}
#     radius_kron20:
#       __class__: astropy.units.quantity.Quantity
#       unit: *id001
#       value: !astropy.table.SerializedColumn {name: radius_kron20}
#     radius_kron50:
#       __class__: astropy.units.quantity.Quantity
#       unit: *id001
#       value: !astropy.table.SerializedColumn {name: radius_kron50}
#     radius_kron80:
#       __class__: astropy.units.quantity.Quantity
#       unit: *id001
#       value: !astropy.table.SerializedColumn {name: radius_kron80}
#     semimajor_sigma:
#       __class__: astropy.units.quantity.Quantity
#       unit: !astropy.units.Unit {unit: pix}
#       value: !astropy.table.SerializedColumn {name: semimajor_sigma}
#     semiminor_sigma:
#       __class__: astropy.units.quantity.Quantity
#       unit: !astropy.units.Unit {unit: pix}
#       value: !astropy.table.SerializedColumn {name: semiminor_sigma}
#     sky_centroid:
#       __class__: astropy.coordinates.sky_coordinate.SkyCoord
#       dec: !astropy.table.SerializedColumn
#         __class__: astropy.coordinates.angles.Latitude
#         unit: *id002
#         value: !astropy.table.SerializedColumn {name: sky_centroid.dec}
#       frame: icrs
#       ra: !astropy.table.SerializedColumn
#         __class__: astropy.coordinates.angles.Longitude
#         unit: *id002
#         value: !astropy.table.SerializedColumn {name: sky_centroid.ra}
#         wrap_angle: !astropy.coordinates.Angle
#           unit: *id002
#           value: 360.0
#       representation_type: spherical
#   astropy version: '5.1'
#   make_catalog parameters:
#     ab_zpt: 31.4
#     coadd_bands: !!python/tuple [f277w, f356w]
#     deblend_contrast: 0.001
#     deblend_nlevels: 32
#     deblend_npixels: 1
#     detect_kernel_fwhm: 4.0
#     detect_kernel_npix: 7
#     detect_npixels: 4
#     detect_threshold_nsigma: 3.0
#     flag_isolated_buffer: 4
#     hst_bands: !!python/tuple [f606w, f814w, f125w, f140w, f160w]
#     jwst_bands: !!python/tuple [f115w, f150w, f200w, f277w, f356w, f410m, f444w]
#     near_border_kernelsize: 21
#     reference_band: f200w
#   make_catalog version: 1.4.0
#   photutils version: 1.5.0
# schema: astropy-2.0
label xcentroid ycentroid sky_centroid.ra sky_centroid.dec bbox_xmin bbox_xmax bbox_ymin bbox_ymax area semimajor_sigma semiminor_sigma orientation eccentricity min_value max_value local_background segment_flux segment_fluxerr kron_flux kron_fluxerr kron_radius gini equivalent_radius kron4_2_flux kron4_2_fluxerr radius_kron20 radius_kron50 radius_kron80 near_border
[from data line 2159]
2160 9438.700775861464 4329.012543772971 214.85380944197968 52.889383057998515 9430 9448 4324 4334 145.0 4.306439878151994 2.172583656401562 -7.387263429539591 0.8634137628666905 -0.2048584303706097 0.82526849890242 0.0 41.09653561983343 3.8473678 60.84566875139031 7.362894929612538 1.7052868822430256 0.347247041537888 6.793742230659745 59.725741739118995 11.756296795255022 3.2793891944261775 5.388769160660749 9.785066421532054 False
2161 9563.2807944124 4327.041202299321 214.8527167940173 52.88858091599387 9560 9566 4324 4330 39.0 1.400888360350696 1.3743641433829297 -62.72301695632511 0.19367296912357684 -0.1712221394125222 1.285498379265955 0.0 17.199632300867084 1.9884528 33.78628126379731 5.06856520014502 2.574486596763306 0.4005978852910485 3.523362819972964 39.1787469767534 8.127851809743222 1.4766646705940067 3.3926434550003512 5.952588635149603 False
2162 2819.257536053248 4332.640342777237 214.91298948685557 52.93144383701593 2815 2823 4325 4338 87.0 3.1589753797488433 1.8054348095779045 -88.01328707009955 0.8205843440777121 -0.3149271976057826 0.44560979007821966 0.0 7.064598138789086 3.0872805 21.619618872144713 10.650383168295653 3.025461882368552 0.4182962799023688 5.262410103554244 21.361981823195794 17.153170834663175 3.4866276109184873 8.176706997870927 9.687161952588626 False
2163 6089.991915685721 4327.118547732172 214.88377295590865 52.910644748361925 6088 6092 4325 4329 21.0 1.3447660946839746 0.9588593121400676 -79.1620084471487 0.7011329620671822 -0.10255574968182506 0.4215364727150424 0.0 2.9518002302419464 1.4479742 26.04414608608002 5.786434341762436 3.6499132007191384 0.4847777309073736 2.5854414729132054 68.40316680058942 9.333486072742412 4.159566081539425 6.8679613249474984 9.41332699572394 False
2164 2525.2406487636727 4340.7056108922925 214.9155375041979 52.933354037542195 2512 2540 4327 4355 596.0 3.98216872650647 3.462075674286513 20.723502406427126 0.4941185749239102 -0.3998332707039841 13.73798881439217 0.0 556.6319076174306 8.080202 554.5035600123658 7.618673572471256 1.4 0.739521592514487 13.773623058786647 581.00596159478 12.208295505775547 1.855035811838049 3.486932625988446 6.187214554569115 False
2165 1460.273193974769 4336.70533151484 214.9251184938618 52.940093261393756 1453 1466 4330 4343 146.0 3.7650479411095756 2.095362250480835 -61.90040708974015 0.8308274933336582 -0.27677917260326784 0.8745137710124171 0.0 33.45912726863993 3.7847967 42.18287259505155 6.854202485986124 1.7624997704764553 0.4411296217657021 6.817128675830715 42.470560242902 10.962373873321152 2.5790116053237413 4.278005258848868 6.924209682232418 False
2166 2291.0689630978454 4338.9370614146155 214.91765333998129 52.93483116798069 2282 2300 4332 4345 185.0 4.479044473173861 2.365420167479934 33.683899963981126 0.8491770819959159 -0.23135045300476278 0.9663364295828273 0.0 43.878159464100804 4.25796 54.67403380098185 6.329751863976773 1.4 0.42470650684016736 7.673807981960539 54.19098387782965 10.09004507717639 2.542621645064447 5.227484037788253 7.497757185746036 False
2167 148.45298901528005 4335.864350807758 214.93688134241395 52.94841559548976 147 149 4335 4337 6.0 0.5817040378333267 0.4752044565342576 54.34628619096938 0.5767539345785129 -0.1882253964801231 0.7023110790405639 0.0 1.334812572865996 0.8637051 7.614450381143788 2.593428663315493 3.1275570983641847 0.5663071958396246 1.381976597885342 19.225166019325375 4.134487048651551 1.0899137679649702 2.520858521779837 3.6826979094791596 False
2168 6557.069304850362 4346.194691272723 214.87939377128052 52.90778111067373 6539 6574 4336 4356 501.0 7.841704807074365 3.5432550487207046 23.07128354014225 0.8920951731924097 -0.3699022309784962 1.973725752968364 0.0 213.74668447613547 7.8822627 225.91181254302745 11.51868960592861 1.406676611520793 0.4349849009132869 12.628271971179554 232.17453628554222 18.340713209898453 3.8298102863589887 6.866019393091846 11.662878497463304 False
2169 6758.407507574122 4338.449525558661 214.87767442516048 52.90646052135558 6757 6760 4337 4339 8.0 0.7419445922019248 0.5931545460639186 54.79212357889862 0.6007201825184021 -0.04650225359323613 0.3393336180726215 0.0 1.0477936358285076 0.9587663 1.6458606159474884 1.4005967096159186 1.4 0.4829817683861504 1.5957691216057308 0.025482062974170105 2.2274337135370184 0.7189886332238092 1.121856981195623 1.5873255299348137 False
2170 6833.325624604873 4343.594670215325 214.8769501459505 52.90601242493414 6828 6837 4339 4350 79.0 2.6368134759015365 1.5877551580444655 -62.39165520984143 0.7983835706451213 -0.7167242914219158 0.9659044970969469 0.0 17.83636761655183 2.9715803 30.883684159170116 5.285741510994835 1.7581989075391327 0.4647091337178462 5.014626706796775 35.64270888420759 8.52133121462599 1.8556190791844402 3.7818885346526594 7.793468358242025 False
2171 6515.431741215893 4347.883485165045 214.8797484352652 52.90805468051021 6507 6524 4340 4355 202.0 3.7619057374089464 2.652958340332055 -24.747559420200343 0.7089919319558139 -0.38050146295034726 1.2315663997503794 0.0 42.10774883344905 4.9478602 43.04608446545198 7.7044309684571965 1.577665493835677 0.5267665392342724 8.018640596081465 56.68485651996555 12.165793139679177 1.7238042871861552 3.1727238632933417 5.369396806171982 False
2172 7024.154655079368 4343.064552269571 214.87524895271284 52.904797472665784 7021 7028 4340 4347 50.0 2.195205999515231 1.801071355360334 82.33008236780478 0.571708745126827 -0.4534642642473692 0.3091525844171835 0.0 -4.23941407248612 2.2428825 24.145679869331673 16.73285427011535 5.995271331613137 -0.4323072442208617 3.989422804014327 51.25119246890919 26.807712469556296 10.104068272784758 13.822738068845103 17.26490159898975 False
2173 8834.293355155174 4341.434620959754 214.85908096658247 52.89328996814298 8832 8836 4340 4343 15.0 1.1810003697375 1.0341613887037788 0.031683285567968886 0.4829179742178213 -0.06886338756747355 0.259897132704429 0.0 1.590753632558019 1.2051386 10.190041323674354 4.437340837926882 2.8378203500921892 0.39438562821939904 2.1850968611841584 11.089502996484965 7.069551807220113 2.2322704690350723 3.29626034240641 4.381520448764673 False
2174 1659.905169101535 4353.736523325457 214.92315077704973 52.93891792475593 1646 1671 4341 4365 369.0 6.7154647908861715 3.0211558381831045 45.65414174846502 0.8930888228739379 -0.23835868208013966 3.285649339795478 0.0 300.6597663392585 6.0411224 384.6801100697073 11.665653539457953 1.8507551287704929 0.3764708842943919 10.837727990765352 425.7313982289211 18.67218494041229 3.3699368632475153 7.295129648377286 13.331501950047635 False
2175 3589.5759549429445 4341.98567518086 214.9059938024533 52.926603371734025 3588 3591 4341 4343 12.0 1.0998835957596342 0.7876245743334249 4.026163817379102 0.6979996300756526 0.46729833658145237 0.8420891320444329 0.0 8.16945737080627 1.0591929 31.839986256634106 3.7288304680062545 2.9303090225334794 0.0775185208455506 1.9544100476116797 37.04853142123279 5.964745123407614 1.7182396870132155 2.9712242555811494 4.52968302201333 False
2176 6202.014119354963 4345.392982309008 214.88257834056847 52.91003186589847 6199 6205 4341 4348 50.0 1.9018901963590873 1.596798634364772 -65.49391399217065 0.5432282134954508 -0.05623629610179135 0.7790095456284988 0.0 14.725349539844538 2.2987356 28.46849297129376 6.530400978236009 2.6191889830263606 0.4028974790182568 3.989422804014327 32.76067714523515 10.474977788225837 1.8903451270582547 3.8652125258883983 6.692830689444665 False
2177 7927.532254069379 4341.506418098059 214.86718684039582 52.89905073403198 7927 7928 4341 4343 5.0 0.6514154425315548 0.48550316658762416 -74.63310902052396 0.6667237076193798 0.11353092898052737 0.4381111084370922 0.0 1.4091237268482728 0.6775838 4.33078519544832 1.9695580154433732 2.5775472472899588 0.29999316675753546 1.2615662610100802 6.753236063903499 3.1856761322874476 0.920384737576973 1.5293604996005954 2.0405939710823393 False
2178 3982.3888943792385 4347.197946496401 214.90242234822736 52.92413729726192 3972 3994 4342 4352 183.0 5.216782308036266 2.2914097996657055 8.571381702941613 0.8983706636538157 -0.4427658484877254 0.9703915560291054 0.0 35.71319414674648 4.3777504 61.81577212735104 12.123905910421694 2.426610437395745 0.4575636528177077 7.632215220473915 71.31374906376992 19.444921721151758 3.777737748287857 7.30608520120515 18.394844068634214 False
2179 1190.7849015982192 4351.670580374314 214.92737511793783 52.9418847500486 1184 1199 4343 4360 201.0 4.352254513756032 2.18168712585215 -50.61319249805968 0.8652865995496944 -0.319675467454964 1.2736674239087682 0.0 62.6708794457432 4.427078 82.93508940296911 7.614922156727979 1.793760418719254 0.4818246393613375 7.998767850296815 83.49876737601703 12.272825606712832 2.6350137458335188 4.906121667009972 11.231367733224763 False
2180 1623.2775436827333 4347.362117100276 214.92354602701604 52.93911602967713 1619 1628 4343 4353 86.0 2.223594493597161 1.6267730979253616 -57.26924080733829 0.6817383084277086 -0.20086606498391565 2.3416027672642934 0.0 39.96620220860214 2.9337354 50.47072123211825 5.164895913152128 1.9629509422797407 0.5331421085379312 5.232078956954491 66.68652641250793 8.280862029933788 1.2974142544003382 2.681385017771353 5.311503989192742 False
2181 1019.7469818373909 4348.367453111201 214.92894228648112 52.94295262888652 1016 1023 4346 4352 45.0 1.7374075576333596 1.3220164558653547 49.11704730857844 0.6488536078472175 -0.24585988886315832 0.45408901179374633 0.0 5.317619697318001 2.2589738 21.98655792818112 8.87082388660845 3.9752905435734682 0.4409230976379267 3.7846987830302403 15.236338556082108 14.135203894161286 2.5117993399541767 7.015384815838654 16.007794451247953 False
2182 2051.109187705343 4352.460234564745 214.91966009000953 52.93642755475152 2044 2059 4346 4358 146.0 3.816648535337047 2.0426929218927046 -29.61492588042395 0.8447216194941145 -0.23007706164483874 0.9743779720364834 0.0 51.8400553342882 3.810036 65.7117507544782 7.488826963535929 1.8886908404327378 0.3909485196576232 6.817128675830715 54.94232403311555 12.025122177961514 2.4489909912376486 4.333049160671026 7.5042404563939575 False
2183 741.1322217683501 4349.713301627461 214.93142445782976 52.944728440158684 738 744 4347 4352 32.0 1.6197480542467477 1.258216965854882 39.0045830208011 0.6297499082861449 -0.18391182817371562 0.5823188953534515 0.0 3.475417597294845 1.9536836 15.065629682658546 7.5329233725343565 3.5600200388372927 0.6030497949666276 3.1915382432114616 6.29428914735558 12.113047744466545 2.5641601637707616 5.858890868652688 6.867793540591655 False
2184 4264.290676762688 4357.25115065288 214.89979306118744 52.92240152144188 4257 4272 4351 4363 162.0 3.1975968939824484 2.1627020221655373 -14.735561713055487 0.736578280097257 -0.27675874236082565 3.2121870559547436 0.0 88.58729415780897 4.4980726 109.44218039249688 7.325179322013691 1.7731901597200213 0.5314911346480864 7.1809610472257885 125.46515214346005 11.767118139450488 1.9228345961135378 3.7961796985826513 7.185033042490098 False
2185 6111.502130972839 4359.094899588964 214.8832437601254 52.91068064839577 6102 6122 4351 4368 283.0 4.403379912148857 3.0504860076312967 -28.189418843679256 0.7211680889963328 -0.44610179788302995 1.3087238844539524 0.0 61.31562463183647 5.4746265 93.96122815814292 12.273939605820054 2.3239004485083905 0.5190729847994735 9.491137855389772 183.12143893506845 19.64068780564403 2.7167932869976785 5.924873790718199 15.618008867606513 False
2186 3568.8588636660083 4362.196700715269 214.90596640161527 52.92684399428601 3557 3580 4352 4373 410.0 4.829767288321176 4.452250945701718 -57.1936798380724 0.3875813591384799 -0.4044367484544728 1.6333095250749485 0.0 128.48285182491637 6.577503 160.55247079192117 13.36462245327688 2.0373444738218733 0.47187373359256796 11.423968370726268 178.45146548936646 21.195559052271363 3.388425836832079 6.4271254690526725 11.288426262922002 False
2187 6776.414100740809 4356.4281642865835 214.8773240278913 52.90644313702448 6776 6777 4356 4357 4.0 0.4956157604000542 0.49175803561452686 -62.80922398879115 0.12452636500384447 0.1823339357860561 0.34597335904264553 0.0 1.0374327300504038 0.6907347 12.575666683114743 3.1284607042130608 4.083810618031409 0.16242282119903909 1.1283791670955126 14.854383165673543 5.020841329971024 1.6879387809807744 2.7381666999143714 3.953738910910214 False
2188 8567.984835691524 4359.671498806751 214.86126955176965 52.89508015665522 8566 8570 4357 4362 26.0 1.3941726351083479 1.1363768031979309 -88.01497936056634 0.5793337166064737 -0.12716901194520272 0.7080178657320174 0.0 8.331603142113925 1.7068056 16.192525264094257 3.4318341567472794 1.8514058395508748 0.3386135550441047 2.876813695875796 19.197052121860214 5.503744014181675 1.4651577264365376 2.5744537237790994 3.9169507664660776 False
2189 6678.89760451371 4363.189646781775 214.87812505910352 52.90709899782616 6676 6683 4360 4367 54.0 1.934239888282667 1.8899139760241113 -22.676378936518052 0.21285614131614256 -0.6689774496767287 0.8810780280516337 0.0 17.89712404491611 2.7635646 33.80581630088892 5.718749678237893 1.8516367664217153 0.3300053168550443 4.145929793656026 24.881594000237563 8.995207507528043 2.0673119396308213 3.717198156811563 6.431288273417524 False
2190 1470.4831384068598 4367.379644212572 214.924703919432 52.94019405062043 1466 1475 4362 4372 88.0 2.8827577319370534 1.997634192211195 -48.414184120568564 0.7209765671398407 -0.11155261464427312 0.8787390255916814 0.0 30.91637914279986 3.0269568 71.56822809902522 8.983428843320576 2.654552307264403 0.331947635253128 5.292567428401227 102.53168932039591 14.361124522166753 3.000289947915328 6.826484772842971 11.039505308976649 False
2191 3079.8122343733007 4363.661257222776 214.91032962631027 52.929957003162535 3078 3082 4362 4365 17.0 1.315038194674543 0.7047359072725128 -5.900829721998736 0.8442781145228965 -0.20584422532009303 0.3694684821474768 0.0 1.88134698955163 1.3011957 21.64400893119766 5.184686902324783 3.851550588744667 0.3903086201391904 2.326213245840639 37.451710185787476 8.31497929264409 3.368512430519127 5.446620897909329 7.387428307290531 False
2192 871.3018005111926 4365.972427806111 214.93008686053835 52.943989963835534 869 873 4363 4369 29.0 1.3784081075517753 1.3465408896458158 55.089882178797595 0.2137831368176971 -0.017399837134084332 0.5944205210952468 0.0 8.716584307183568 1.8266143 14.854871186663235 4.093385545145152 1.9464941492333898 0.3461361572077293 3.0382538898732494 13.891529708022818 6.685509624528208 1.4347457665469405 2.603434318812719 4.175737169600623 False
2193 9418.491761397217 4369.303474336927 214.8535657888392 52.88972872074903 9416 9421 4366 4372 30.0 1.4991844603486084 1.4072100335927626 85.7205109714352 0.3448702675591241 -0.24073621261467387 0.3847305587991443 0.0 2.3430062449216598 1.748857 23.332632604494975 8.354743643398402 4.019072081688546 0.4668696931692553 3.0901936161855166 46.94666055076935 13.397214716965252 5.469316376667006 7.969540753806118 10.02698442799225 False
2194 6632.795956900991 4368.516552816185 214.87848132522026 52.90742055154468 6632 6633 4368 4369 4.0 0.5120861498898848 0.387173465159035 70.50831533311649 0.6544896551765185 0.0894544459732016 0.5700347748052174 0.0 1.2767120807691086 0.6907391 7.1449457302664445 2.2603466393514435 3.3275996560866665 0.4482514591683407 1.1283791670955126 12.605385704973411 3.639307191942858 1.1368226240499466 2.0759146482948196 3.0170368209270766 False
