outputs/dr0.5_c0.1/nircam6_f356w_dr0.5_c0.1.ecsv
# %ECSV 1.0
# ---
# datatype:
# - {name: label, datatype: int64}
# - {name: xcentroid, datatype: float64}
# - {name: ycentroid, datatype: float64}
# - {name: sky_centroid.ra, unit: deg, datatype: float64}
# - {name: sky_centroid.dec, unit: deg, datatype: float64}
# - {name: bbox_xmin, datatype: int64}
# - {name: bbox_xmax, datatype: int64}
# - {name: bbox_ymin, datatype: int64}
# - {name: bbox_ymax, datatype: int64}
# - {name: area, unit: pix2, datatype: float64}
# - {name: semimajor_sigma, unit: pix, datatype: float64}
# - {name: semiminor_sigma, unit: pix, datatype: float64}
# - {name: orientation, unit: deg, datatype: float64}
# - {name: eccentricity, datatype: float64}
# - {name: min_value, datatype: float64}
# - {name: max_value, datatype: float64}
# - {name: local_background, datatype: float64}
# - {name: segment_flux, datatype: float64}
# - {name: segment_fluxerr, datatype: float32}
# - {name: kron_flux, datatype: float64}
# - {name: kron_fluxerr, datatype: float64}
# - {name: kron_radius, unit: pix, datatype: float64}
# - {name: gini, datatype: float64}
# - {name: equivalent_radius, unit: pix, datatype: float64}
# - {name: kron4_2_flux, datatype: float64}
# - {name: kron4_2_fluxerr, datatype: float64}
# - {name: radius_kron20, unit: pix, datatype: float64}
# - {name: radius_kron50, unit: pix, datatype: float64}
# - {name: radius_kron80, unit: pix, datatype: float64}
# - {name: near_border, datatype: bool}
# meta:
#   PHOTMJSR: 0.4047000110149384
#   PIXAR_SR: 2.11539874851881e-14
#   __serialized_columns__:
#     area:
#       __class__: astropy.units.quantity.Quantity
#       unit: !astropy.units.Unit {unit: pix2}
#       value: !astropy.table.SerializedColumn {name: area}
#     eccentricity:
#       __class__: astropy.units.quantity.Quantity
#       unit: !astropy.units.Unit {unit: ''}
#       value: !astropy.table.SerializedColumn {name: eccentricity}
#     equivalent_radius:
#       __class__: astropy.units.quantity.Quantity
#       unit: !astropy.units.Unit {unit: pix}
#       value: !astropy.table.SerializedColumn {name: equivalent_radius}
#     kron_radius:
#       __class__: astropy.units.quantity.Quantity
#       unit: &id001 !astropy.units.Unit {unit: pix}
#       value: !astropy.table.SerializedColumn {name: kron_radius}
#     orientation:
#       __class__: astropy.units.quantity.Quantity
#       unit: &id002 !astropy.units.Unit {unit: deg}
#       value: !astropy.table.SerializedColumn {name: orientation}
#     radius_kron20:
#       __class__: astropy.units.quantity.Quantity
#       unit: *id001
#       value: !astropy.table.SerializedColumn {name: radius_kron20}
#     radius_kron50:
#       __class__: astropy.units.quantity.Quantity
#       unit: *id001
#       value: !astropy.table.SerializedColumn {name: radius_kron50}
#     radius_kron80:
#       __class__: astropy.units.quantity.Quantity
#       unit: *id001
#       value: !astropy.table.SerializedColumn {name: radius_kron80}
#     semimajor_sigma:
#       __class__: astropy.units.quantity.Quantity
#       unit: !astropy.units.Unit {unit: pix}
#       value: !astropy.table.SerializedColumn {name: semimajor_sigma}
#     semiminor_sigma:
#       __class__: astropy.units.quantity.Quantity
#       unit: !astropy.units.Unit {unit: pix}
#       value: !astropy.table.SerializedColumn {name: semiminor_sigma}
#     sky_centroid:
#       __class__: astropy.coordinates.sky_coordinate.SkyCoord
#       dec: !astropy.table.SerializedColumn
#         __class__: astropy.coordinates.angles.Latitude
#         unit: *id002
#         value: !astropy.table.SerializedColumn {name: sky_centroid.dec}
#       frame: icrs
#       ra: !astropy.table.SerializedColumn
#         __class__: astropy.coordinates.angles.Longitude
#         unit: *id002
#         value: !astropy.table.SerializedColumn {name: sky_centroid.ra}
#         wrap_angle: !astropy.coordinates.Angle
#           unit: *id002
#           value: 360.0
#       representation_type: spherical
#   astropy version: '5.1'
#   make_catalog parameters:
#     ab_zpt: 31.4
#     coadd_bands: !!python/tuple [f277w, f356w]
#     deblend_contrast: 0.001
#     deblend_nlevels: 32
#     deblend_npixels: 1
#     detect_kernel_fwhm: 4.0
#     detect_kernel_npix: 7
#     detect_npixels: 4
#     detect_threshold_nsigma: 3.0
#     flag_isolated_buffer: 4
#     hst_bands: !!python/tuple [f606w, f814w, f125w, f140w, f160w]
#     jwst_bands: !!python/tuple [f115w, f150w, f200w, f277w, f356w, f410m, f444w]
#     near_border_kernelsize: 21
#     reference_band: f200w
#   make_catalog version: 1.4.0
#   photutils version: 1.5.0
# schema: astropy-2.0
label xcentroid ycentroid sky_centroid.ra sky_centroid.dec bbox_xmin bbox_xmax bbox_ymin bbox_ymax area semimajor_sigma semiminor_sigma orientation eccentricity min_value max_value local_background segment_flux segment_fluxerr kron_flux kron_fluxerr kron_radius gini equivalent_radius kron4_2_flux kron4_2_fluxerr radius_kron20 radius_kron50 radius_kron80 near_border
[from data line 1024]
1025 7407.026455963019 1403.8167122976845 214.84655201884812 52.81334420176618 7403 7411 1399 1408 78.0 2.6330612391669854 2.0762019312045448 -60.42708228693929 0.6150186168537762 0.14494821067689015 0.700477795278635 0.0 24.390811153043714 0.9563387 82.18385250333762 3.3531056234799155 3.002116839174811 0.17950596221324214 4.982787485166879 124.14464244058152 5.3880570440377 3.869365070144141 7.766015085332274 12.719447997912777 False
1026 7802.997097868582 1409.2416549560353 214.8429628411186 52.81085741889627 7795 7810 1399 1420 244.0 4.692675205173824 2.756919371520371 -65.57143665259838 0.8092283908165696 0.07491915391751705 1.6552954559928166 0.0 143.630954917458 1.8424144 181.61624397615125 3.141478734538229 1.7174871429841083 0.3536231516481456 8.812923024107548 182.89721519540973 4.9262616083163175 3.0511720096966197 5.73625628482878 9.306227870433025 False
1027 7251.379282135845 1401.4653694627807 214.8479652579378 52.814320490264514 7250 7252 1401 1402 5.0 0.6423778369069596 0.4799699069192514 -18.540408829813583 0.6646251720828462 0.14367776646885788 0.5010922503530328 0.0 1.8096294250267657 0.24013233 18.28840410875743 1.0211279361053693 3.7927096133664353 0.23385957618029446 1.2615662610100802 39.769198312532005 1.5983816741433645 1.8995986577722193 3.4264180681799465 4.55004174158548 False
1028 7844.516753654956 1411.0145779704403 214.8425738623922 52.8106031518448 7837 7852 1401 1421 236.0 4.991804635424419 2.5513656988326225 -61.462227335129825 0.8595147819516842 0.11031164610333702 1.6401729728991334 0.0 134.52483206686648 1.7873019 165.89026166130256 2.7648280786746584 1.562584516187631 0.3385208614189139 8.667244841319219 163.35747390606764 4.40282591809528 2.941810296652564 5.579727361382751 9.148698473186457 False
1029 9793.066702581165 1404.6938853976123 214.82526496559544 52.79818623854865 9791 9795 1403 1407 21.0 1.328915364997332 1.0928836556179398 -29.906262474749916 0.5689274686396 0.15955506600797875 0.45167405329325827 0.0 6.615694506917978 0.51889914 24.915477690629118 2.0317396462878983 3.146939550616915 0.14005121310905178 2.5854414729132054 25.89420086439167 3.273356871939464 2.1667635649796133 4.225929387184795 6.532623825489189 False
1030 3633.6692511644433 1422.2151813217056 214.88003830063855 52.837414427142335 3620 3648 1404 1440 848.0 6.29209261583524 4.5870417672929396 -80.48676077532924 0.6844957117809178 0.15264767984539152 11.734737245337625 0.0 1577.6304347067805 3.5165596 1649.6237716933272 4.250747869255183 1.5461696353456555 0.5782561825412789 16.42944866646031 1764.7080884060251 6.412563456636274 3.373847282567428 6.343980200802725 10.793189006663503 False
1031 2063.5197970504355 1430.2302412266245 214.8939795902592 52.847429558992665 2046 2079 1406 1457 739.0 11.663108142654574 3.291952404224475 59.35748734269484 0.9593398746693137 0.08341496270671532 1.9286584847495891 0.0 390.6210130824717 2.826004 467.26089219976933 4.654107707211655 1.6742191841452778 0.37788170552950395 15.33724244738347 493.17652190305176 7.608821661724769 4.619234984711509 9.907958349616276 19.483394662236687 False
1032 852.9835414386065 1409.2965174578474 214.90501738401392 52.85500346723554 851 855 1407 1411 17.0 1.1421860828079484 1.0234333351778433 33.35604518964473 0.4439929127712494 0.13215017701786888 0.41862314511381704 0.0 4.818120732788736 0.4361649 11.995814342705277 1.275149843398876 2.6453364830128616 0.18274775097738008 2.326213245840639 14.271073760560476 2.005610202612429 1.5030990841382046 2.73602045526077 4.675901979946748 False
1033 6986.9802129749505 1409.8919505743092 214.85023550642225 52.81604585563487 6985 6989 1407 1412 23.0 1.5357373089054451 1.133853316229246 -51.100040304672206 0.6744593091354198 0.30628907719481124 0.5883973385322903 0.0 10.310676498106126 0.57109135 39.269864067727255 1.8922593010108046 2.9581168951699177 0.10079819049331826 2.7057581899030048 72.47792400653725 2.9866016912299522 2.3540124550546087 4.413333092609114 7.554079253628355 False
1034 3061.8904563963865 1409.4961352599055 214.8852787791895 52.840977313932214 3060 3064 1408 1411 15.0 1.1173952466889823 0.9911781479935975 -7.708767974254265 0.46168592853281154 0.25113418693679807 0.37570327453916186 0.0 4.658309659286774 0.37463912 16.853568127999257 1.3613734187521866 3.024351093419859 0.07980601317645367 2.1850968611841584 22.632653447703454 2.205632169526667 1.819860315690671 3.5061922778690895 5.855425518888697 False
1035 7974.370888667545 1410.7412251195956 214.84141851097607 52.80977654660536 7971 7977 1408 1414 41.0 1.100365070583143 0.8706286076157311 -15.89948088023772 0.6115342492682181 -0.03389372089804902 14.977042431620053 0.0 77.21762320583916 0.9687231 76.43686784742806 0.9524416742825569 1.4273897893336056 0.7725267428498396 3.6125759969217834 82.09777219555093 1.4301042770264356 0.6178798657822077 1.0377778501476427 1.7443620532958635 False
1036 6517.9769727886605 1417.9109477279687 214.85433586015372 52.819068919817845 6510 6526 1410 1426 208.0 3.891627134051828 2.4736945646990014 -43.97191133083206 0.7719812371484234 0.08193943120067228 2.696190416527264 0.0 155.2426760045982 1.534828 185.5428619811419 2.685600667514142 1.9251867636906572 0.4291042378002091 8.136857890256438 211.67883051877857 4.274151469424132 2.3150633514983046 4.418577408046027 7.888754044330876 False
1037 6554.277204986715 1417.3909437458071 214.85401741962443 52.818835486467925 6545 6563 1410 1426 251.0 4.541900418145055 3.5475988954265354 35.47218962138712 0.6244278511079838 0.07882006860357164 0.7326703320825335 0.0 87.11419893012483 1.5955986 173.15815172464565 4.518933897552452 2.469010633794255 0.24199709217677906 8.938444016277748 231.9401299706815 7.221450643958402 4.5970607013024445 9.034214164445212 16.233447425041643 False
1038 1158.18737568768 1422.1222732044143 214.90215477302706 52.853134742660636 1145 1172 1411 1433 367.0 7.057735592102223 2.8679151094482727 -38.2220687827585 0.9137172363084375 0.11314604729339366 1.4287966423294571 0.0 191.6726760807911 1.9328038 245.3272750977555 3.4135222192888954 1.7345651878574424 0.3256261546976692 10.808317548511017 256.2643920972047 5.519726772741128 3.8896296228483425 7.455814634370847 12.561232827598355 False
1039 8691.493761046771 1432.8640592747875 214.83479041761237 52.80533879298365 8677 8707 1418 1448 643.0 4.215467414128752 3.574315961856568 52.72134393759039 0.5301481728694608 0.11806802973679509 36.959738046068935 0.0 1650.4743426531354 3.3771448 1632.2162254814575 3.257642459332687 1.4 0.7107919132263639 14.306406146065385 1753.757311498929 4.7181395180265335 1.8211568861326939 3.533935204038043 6.952657397223225 False
1040 10181.527696105522 1420.055165262982 214.82164074881868 52.79580009716894 10181 10182 1419 1421 6.0 0.726782968814211 0.4973536358226504 85.31668781725435 0.7291798717548984 1.75459702045371 3.85792602303274 0.0 15.485893286566649 0.30843663 16.059090084520037 0.4579278900155862 1.4 0.20208475071314588 1.381976597885342 15.769553434958118 0.7105758172789839 0.5325691817363885 0.9035207381582331 1.2937232615107725 False
1041 7323.77948717319 1429.2421743422633 214.84702736355607 52.81401023767073 7313 7335 1420 1439 342.0 4.589855382472297 3.6940427407309055 1.6516481133678202 0.5935085314017496 0.09013302578294313 2.6539785793532613 0.0 203.32507952656005 2.048372 297.9757065131541 4.23283901313909 2.1738534748903984 0.39156713768821017 10.433694507453072 379.218912499491 6.789046365348622 3.276622270689767 7.184224558769274 13.39510214567194 False
1042 7539.966139991573 1426.8737407406102 214.8451237324611 52.81262381994191 7535 7544 1423 1431 71.0 2.4450034442067508 2.004310995112173 -31.91018681535695 0.5727101484841391 0.14186062470230523 0.7801583641636062 0.0 25.630786886077452 0.9440631 131.55448487465816 3.6701483301410196 3.3665002321028386 0.20514114507156075 4.753945931439391 211.76502197440936 5.964759484805875 4.968908311044253 11.383393316211642 16.058648453102393 False
1043 3467.248352100286 1428.2789742235882 214.88146081557224 52.83850414380694 3463 3471 1424 1433 75.0 2.840095957772475 2.218060160445843 78.9107450184615 0.6245551449038566 -0.11545699068387208 0.1299941546746874 0.0 2.2563402419805847 0.8381558 5.844568067404982 3.091591121498859 2.7458809152436476 0.4706118398136903 4.886025119029199 11.454471499489667 4.983373815139799 3.6325674388843985 14.96736324422746 18.0976506832755 False
1044 4334.114796848545 1425.6943968860826 214.87374697410428 52.83298419230732 4333 4335 1424 1427 11.0 1.0770676067675238 0.7492402449457306 -76.24743288548395 0.7184005034206118 0.34868220982848014 0.5124161717935698 0.0 4.517603457411394 0.37627545 17.55426112158067 1.3415527653809403 3.061054577272707 0.07464947951777513 1.8712051592547776 19.480709263330127 2.1283343144632494 1.6387341346703532 2.8444312007579318 4.195750443825055 False
1045 508.63472913073946 1426.502931452477 214.90791434156608 52.85728275850914 507 510 1425 1429 16.0 1.2523643011631753 0.9294714775673041 -68.3892924558139 0.6702079058484189 0.12284854604210033 0.3825770394613356 0.0 4.091376884589673 0.38842392 24.477373279222917 1.5882532237915543 3.480057717720206 0.1795740696487554 2.256758334191025 42.52926688672012 2.6273795428490967 2.5860613418244323 5.005754659404675 7.216760125846935 False
1046 2195.34671937148 1428.3578204908868 214.89282147003192 52.846582297130134 2193 2197 1425 1431 27.0 1.7123864091444985 1.0714791420309564 -84.49440203699653 0.7800455329831534 0.16409840366734335 0.48488358475238164 0.0 7.816728484838845 0.56446564 29.029261326752664 1.9424542945893397 3.0662291584466925 0.18736903743183317 2.9316150714175193 32.89710940935216 3.094084048981124 2.430567762569911 4.492315413746533 7.281460473370639 False
1047 6132.5260003871945 1426.0862051751658 214.85768950699727 52.82156187023941 6132 6133 1425 1427 6.0 0.8280081624998983 0.49791685439927674 -86.75455632061754 0.7989910391785676 0.1453561297705313 0.23065030602646744 0.0 1.1242723839144255 0.2399118 16.286608383326712 1.0199820322152273 3.726327483775717 0.10557511572474718 1.381976597885342 35.43530877534819 1.59154093262307 2.3381325604951364 4.2186074056653124 5.509811469672697 False
1048 1739.5043124774804 1426.4798569331947 214.89691413725478 52.84946691094153 1739 1740 1426 1427 4.0 0.5134719842504011 0.48571821129911613 44.60004515182768 0.32431597736428186 0.293197829615957 0.3556319998787514 0.0 1.308949287641398 0.1987441 9.441130818786938 0.7926686937752885 3.662408495156777 0.05016852754081174 1.1283791670955126 16.042060600142367 1.2569379115506396 1.4237568850619458 2.576202527549377 3.7855095807427595 False
1049 7017.391440378748 1427.2329109792938 214.8497818816018 52.815946136605895 7016 7019 1426 1429 12.0 0.9947316787690988 0.8650593525976483 8.888509938204987 0.49368482321451895 0.21129705899491544 0.40464199916137944 0.0 3.800546491775587 0.38086948 29.106820034851793 1.5810563601259124 3.5627468632842563 0.11661359573147677 1.9544100476116797 66.55781947521743 2.4971404140456124 2.5943448103887974 4.4627418029704256 6.883621820783072 False
1050 10246.327632391749 1430.292098546364 214.82095555503275 52.795443411647426 10245 10248 1428 1432 17.0 1.3057779029725125 0.9738638883306195 -72.10624967268183 0.6661572904586268 0.21611182492526648 0.4032600487871087 0.0 5.075843082996916 0.44766062 23.37665593744115 1.7991962391165661 3.242601108905362 0.11986501803221977 2.326213245840639 24.15131671977076 2.78926761262325 2.2367035589007562 4.09864685759838 6.674572597282018 False
1051 9130.927644469808 1429.8187034612422 214.83090408181016 52.80252978292226 9130 9132 1429 1431 8.0 0.8622384171924915 0.6471196404002635 46.25171018999906 0.6608576620546257 0.17594517563472545 0.36868764753382594 0.0 2.1727726974952324 0.29778442 17.733525635988332 1.312754304272724 3.6295539904328016 0.16750055060022176 1.5957691216057308 23.572572353369488 2.1724489546947017 2.0981792486126714 3.642161181718255 5.029831308228739 False
1052 6042.85851413774 1435.5224144046094 214.85839051023532 52.82218242393039 6040 6046 1433 1438 24.0 2.0004822745058894 0.8882281899588949 28.624031801189787 0.8960233025880658 0.14770028423459003 0.6374879633425221 0.0 9.004305458440104 0.59520674 80.35110357116938 4776812.988573904 3.483954809048614 0.18663317285812162 2.763953195770684 115.32102119638984 17036976.01827731 4.222450573401341 7.6548581716449124 11.353495381866242 False
1053 8232.184028262549 1445.2086486171931 214.8387567628448 52.80832411139471 8213 8251 1433 1457 679.0 7.776470667256199 4.035769329948574 -19.153692723192034 0.8547913336446733 0.11692412343057934 4.274624354574298 0.0 563.7257715084254 3.2314153 702.6284592178665 5.3068609915604394 1.8204349630427847 0.44309986075080715 14.701442538703265 750.9427211913667 8.343248337857393 3.8670825766899988 8.422520327353402 15.658428737018074 False
1054 7535.145515342496 1462.0447239565597 214.8447969943556 52.812844081164165 7508 7568 1434 1485 1939.0 7.19049134742124 5.749016454924524 -30.171109343941442 0.6006256175196166 0.09843454734785527 64.68980675568966 0.0 5222.9867581534345 5.9257927 5115.035983992403 5.521686943364095 1.4 0.7397600606457023 24.84356796658584 5564.375886144275 7.92728437103102 2.5150753926848295 5.239290882167481 10.501502085217654 False
1055 3196.424464074031 1438.7087605774968 214.8837699795994 52.84028048179325 3195 3198 1437 1441 16.0 1.2248341275397725 0.9673424857308374 51.45097796100099 0.6133975820785831 0.16057800242450546 0.36289771257421904 0.0 4.322054149306771 0.40626946 23.438980137953408 1.6982018408263446 3.2881571100767015 0.13971578447017588 2.256758334191025 25.503311766232212 2.6309843398432737 2.39686692042022 4.477801279492434 6.696003621544601 False
1056 8728.735846880778 1445.4719504930758 214.8343257818887 52.80517009112704 8720 8736 1441 1450 119.0 4.101386907893613 2.072336697720878 -16.16842518478137 0.8629571819142939 0.07598186613110104 0.7976103959542642 0.0 42.26325613190197 1.2815565 144.80402760926216 4.420396960785962 2.977574118066365 0.22634172364121047 6.154581744998688 267.9512439946585 7.041779028148013 4.9689152669962855 11.028945802977965 18.407897326499928 False
1057 7242.88077054286 1443.51319657714 214.84759903788907 52.81460120746511 7242 7244 1443 1444 6.0 0.7802188289116945 0.49896924780245827 -2.795129606427775 0.768770512056271 0.20243275332808386 0.337305369937658 0.0 1.7081618201778008 0.26940233 20.276462436648174 1.1904281608504972 3.895913443729618 0.11893128309775113 1.381976597885342 49.08994297479539 1.921969900668059 2.350952567999685 3.964030134923257 5.152484228883434 False
1058 1949.73880004776 1448.522075678363 214.89480386484092 52.84825081294563 1946 1954 1444 1453 68.0 2.6507376407674044 1.8096196968044032 64.51038330649854 0.7307124895468303 0.10877929215588085 0.4972786959716043 0.0 20.684617452043558 0.8919728 42.81673354262033 2.426452813783854 2.401303354176443 0.17046133084288015 4.652426491681278 45.643117937268826 3.830606014871243 2.7410609950550753 4.9497926314336835 7.580284125568207 False
1059 7047.838015938214 1444.8013032376327 214.84932555254005 52.815847417581374 7046 7049 1444 1446 9.0 1.0319052948292178 0.6316138088080288 -36.96396478459797 0.7907919358717982 0.10639957043829773 0.2876887703492933 0.0 1.618162791802753 0.3009512 34.03862267430119 1.5054130364991716 3.928275340585446 0.17913202770873599 1.692568750643269 72.89565831341676 2.3762900056326997 3.2475939815122725 5.100237387860774 6.733956094154687 False
