outputs/dr0.5_c0.1/nircam6_matched_f277w_f444w_dr0.5_c0.1.ecsv
# %ECSV 1.0
# ---
# datatype:
# - {name: label, datatype: int64}
# - {name: xcentroid, datatype: float64}
# - {name: ycentroid, datatype: float64}
# - {name: sky_centroid.ra, unit: deg, datatype: float64}
# - {name: sky_centroid.dec, unit: deg, datatype: float64}
# - {name: bbox_xmin, datatype: int64}
# - {name: bbox_xmax, datatype: int64}
# - {name: bbox_ymin, datatype: int64}
# - {name: bbox_ymax, datatype: int64}
# - {name: area, unit: pix2, datatype: float64}
# - {name: semimajor_sigma, unit: pix, datatype: float64}
# - {name: semiminor_sigma, unit: pix, datatype: float64}
# - {name: orientation, unit: deg, datatype: float64}
# - {name: eccentricity, datatype: float64}
# - {name: min_value, datatype: float64}
# - {name: max_value, datatype: float64}
# - {name: local_background, datatype: float64}
# - {name: segment_flux, datatype: float64}
# - {name: segment_fluxerr, datatype: float32}
# - {name: kron_flux, datatype: float64}
# - {name: kron_fluxerr, datatype: float64}
# - {name: kron_radius, unit: pix, datatype: float64}
# - {name: gini, datatype: float64}
# - {name: equivalent_radius, unit: pix, datatype: float64}
# - {name: kron4_2_flux, datatype: float64}
# - {name: kron4_2_fluxerr, datatype: float64}
# - {name: kron4_2_mag, datatype: float64}
# meta:
#   PHOTMJSR: 0.3925000131130219
#   PIXAR_SR: 2.11539874851881e-14
#   __serialized_columns__:
#     area:
#       __class__: astropy.units.quantity.Quantity
#       unit: !astropy.units.Unit {unit: pix2}
#       value: !astropy.table.SerializedColumn {name: area}
#     eccentricity:
#       __class__: astropy.units.quantity.Quantity
#       unit: !astropy.units.Unit {unit: ''}
#       value: !astropy.table.SerializedColumn {name: eccentricity}
#     equivalent_radius:
#       __class__: astropy.units.quantity.Quantity
#       unit: !astropy.units.Unit {unit: pix}
#       value: !astropy.table.SerializedColumn {name: equivalent_radius}
#     kron_radius:
#       __class__: astropy.units.quantity.Quantity
#       unit: !astropy.units.Unit {unit: pix}
#       value: !astropy.table.SerializedColumn {name: kron_radius}
#     orientation:
#       __class__: astropy.units.quantity.Quantity
#       unit: &id001 !astropy.units.Unit {unit: deg}
#       value: !astropy.table.SerializedColumn {name: orientation}
#     semimajor_sigma:
#       __class__: astropy.units.quantity.Quantity
#       unit: !astropy.units.Unit {unit: pix}
#       value: !astropy.table.SerializedColumn {name: semimajor_sigma}
#     semiminor_sigma:
#       __class__: astropy.units.quantity.Quantity
#       unit: !astropy.units.Unit {unit: pix}
#       value: !astropy.table.SerializedColumn {name: semiminor_sigma}
#     sky_centroid:
#       __class__: astropy.coordinates.sky_coordinate.SkyCoord
#       dec: !astropy.table.SerializedColumn
#         __class__: astropy.coordinates.angles.Latitude
#         unit: *id001
#         value: !astropy.table.SerializedColumn {name: sky_centroid.dec}
#       frame: icrs
#       ra: !astropy.table.SerializedColumn
#         __class__: astropy.coordinates.angles.Longitude
#         unit: *id001
#         value: !astropy.table.SerializedColumn {name: sky_centroid.ra}
#         wrap_angle: !astropy.coordinates.Angle
#           unit: *id001
#           value: 360.0
#       representation_type: spherical
#   astropy version: '5.1'
#   kernelfile: kernel_f277w_f444w.fits
#   make_catalog parameters:
#     ab_zpt: 31.4
#     coadd_bands: !!python/tuple [f277w, f356w]
#     deblend_contrast: 0.001
#     deblend_nlevels: 32
#     deblend_npixels: 1
#     detect_kernel_fwhm: 4.0
#     detect_kernel_npix: 7
#     detect_npixels: 4
#     detect_threshold_nsigma: 3.0
#     flag_isolated_buffer: 4
#     hst_bands: !!python/tuple [f606w, f814w, f125w, f140w, f160w]
#     jwst_bands: !!python/tuple [f115w, f150w, f200w, f277w, f356w, f410m, f444w]
#     near_border_kernelsize: 21
#     reference_band: f200w
#   make_catalog version: 1.4.0
#   photutils version: 1.5.0
# schema: astropy-2.0
label xcentroid ycentroid sky_centroid.ra sky_centroid.dec bbox_xmin bbox_xmax bbox_ymin bbox_ymax area semimajor_sigma semiminor_sigma orientation eccentricity min_value max_value local_background segment_flux segment_fluxerr kron_flux kron_fluxerr kron_radius gini equivalent_radius kron4_2_flux kron4_2_fluxerr kron4_2_mag
[from data line 2341]
2342 8785.785885789175 2839.4351861567593 214.81916103082358 52.81232107039288 8780 8792 2834 2845 119.0 3.1217965733667876 2.2637695775787208 -40.73507862004034 0.6885913436258426 0.19813970980628365 1.092813519330999 0.0 61.23166338912762 2.196498 118.43962032824592 5.750731721053068 2.4829294160072197 0.2576292725507725 6.154581744998688 148.3686104488326 9.2995634874321 25.97164492673306
2343 6381.316761007748 2835.9787934113156 214.84064444212055 52.82758332591157 6380 6382 2835 2837 7.0 0.752916672133287 0.6888225615198965 88.4134577371482 0.4037434662483968 0.22766206846167192 0.27430184730218576 0.0 1.7639752190799094 0.4179139 14.54277896463565 1.8852396889117236 3.630812133831119 0.03997754308654965 1.4927053303604616 18.86924235261094 3.0458823689834387 28.210613843743225
2344 6013.030554544285 2838.9707636066 214.8438992984521 52.829939648559076 6012 6014 2838 2840 9.0 0.8132209130556859 0.8085750301260448 44.23404890446927 0.10673913948366265 0.37961689464489784 0.4568202984735234 0.0 3.87925291328955 0.7998797 48.59802713719834 2865157.0758645395 3.6368078798712467 0.03453898488697427 1.692568750643269 91.22226407373337 11891415.834387751 26.499747882678864
2345 3234.719962189294 2841.972134566168 214.86867079347874 52.847607059821605 3234 3236 2841 2843 8.0 0.8444899012856218 0.6625887268283597 53.50934710229207 0.6199993677875031 0.04055935944582813 0.0936569118837068 0.0 0.5304620242678871 0.50536484 6.043724379038329 2.020239264508972 3.7074164701622423 0.1681467957180778 1.5957691216057308 11.874694504199304 3.2321975127703353 28.71344388622555
2346 6781.491354833138 2842.491513772605 214.8370054798279 52.82507551423586 6781 6782 2842 2843 4.0 0.5003533933415872 0.49949947628208974 -45.0913620946054 0.058398143938561596 0.3285553521464742 0.35190276046657504 0.0 1.3628434422447655 0.3774627 13.62150388525908 1.571280795020692 3.966782012116609 0.01718437407965969 1.1283791670955126 17.13745699996081 2.4939295573878706 28.315134054751617
2347 7469.972163347247 2845.520278776918 214.83083178824378 52.82071661413777 7469 7471 2844 2847 8.0 0.872558805615007 0.6954654133257694 -89.44529340273324 0.6039247887230579 0.2720518289272161 0.31690376152275573 0.0 2.3836582688895476 0.4936006 41.199713698592035 2.265760089568787 3.9206978083923416 0.035427225746508854 1.5957691216057308 113.0890151407273 3.7375211624887466 26.266448945145633
2348 2213.4085127304893 2869.394254957036 214.87750506293887 52.8542423088704 2202 2234 2845 2886 607.0 8.43544400571035 3.2864875519002856 -56.34323517082021 0.9209822351366982 0.1737945820462127 5.843310381691818 0.0 563.7948787546851 4.2269073 678.395548006476 6.974808967838014 1.8022159414078232 0.4974926241907206 13.900147514093545 755.7000896526606 11.070747221209997 24.204126315648978
2349 7451.498979030447 2860.462059312978 214.8308394356976 52.82091455629168 7443 7462 2845 2872 321.0 7.0970770170383295 3.0537132762677968 -54.10162755540094 0.9026966188492519 0.19365872970632256 1.4195628144654664 0.0 160.2381912830786 3.56801 647.426134128558 12.519669095341474 3.2140891396860014 0.2573272070197325 10.108287365572707 1146.6574576423798 20.107647818893476 23.751415750089425
2350 8003.340549257326 2847.394723319699 214.82605482313707 52.81733699569688 7999 8007 2845 2849 33.0 2.263435663491981 1.1009733160057567 8.594358428713672 0.8737268553622309 0.25320366683715 0.4355280513205543 0.0 12.275880048398507 1.24474 31.296351576762298 3.492333931536161 2.497382112513703 0.06825239101615972 3.2410224072142872 33.01407062120731 5.485734871723063 27.60325231009695
2351 10203.952078374934 2847.986418179542 214.8064286146074 52.80335260180386 10202 10206 2846 2850 21.0 1.2515195982547014 1.2161925639276012 47.368498643725886 0.23591914524881952 0.26034235514528514 0.41277420364515216 0.0 7.118903839214677 0.8092522 26.5944887586898 3.1612411643418437 2.9919271119034407 0.07294215557866522 2.5854414729132054 39.175590323356545 4.951185040005049 27.4174611264436
2352 864.5262918695389 2852.3682231800494 214.88973701307413 52.86271742941229 857 872 2847 2858 140.0 3.3631031276365446 2.6054859024055705 9.261038667160058 0.6322962023619375 0.1652669583866575 0.7551893132842702 0.0 54.323932515711206 1.8238982 113.40741131734127 5.294590956221174 2.5906456552865373 0.22339408601869096 6.6755811781245455 147.23147815496006 8.601630933574967 25.97999831929852
2353 1417.6015699586703 2850.2029531770595 214.88481724190856 52.859193225017584 1416 1419 2850 2851 5.0 1.0179427358908049 0.39279200460162317 5.283297723808034 0.9225538059943917 0.2306508489500243 0.23765607955409737 0.0 1.1709896982026988 0.34927973 17.55329759001866 1.7041978554349138 3.846212814446938 0.008319846081999361 1.2615662610100802 32.52628955235284 2.73436230286214 27.61941369046176
2354 7868.324383967552 2852.9884871333006 214.827200172701 52.818225234538936 7866 7871 2850 2856 31.0 1.8074861502964077 1.2559577192765161 69.14808874121405 0.7191408149933394 0.2596289092767466 0.43309003414097214 0.0 10.54804446310375 1.2321006 36.969180786358564 4.013458398556655 2.9841291949740314 0.09092312451256443 3.141274657157109 45.91476151785534 6.54597057302043 27.245119167687314
2355 2261.8761602708882 2860.069080781102 214.87717015979163 52.85388415477772 2252 2273 2851 2869 307.0 4.9917139413672675 3.2338353833951334 -29.316515208899062 0.7617758500659546 0.2166602389693135 2.122645149541564 0.0 236.0956897785432 2.9677477 311.9823905687364 5.946294836625163 1.983010002101938 0.34380689313667956 9.885400096021595 353.6477525035237 9.708657202594809 25.028572743985073
2356 6568.756102186257 2862.1192311168 214.83869709167246 52.826533176957824 6561 6576 2857 2867 140.0 3.2733458094183057 2.2858278083152337 10.027915261536538 0.7157901882244229 0.13264066572009658 1.5043237928303075 0.0 82.62951946973482 1.9859488 117.03794022987157 4.208740372383166 2.0734550935595286 0.33287981432818153 6.6755811781245455 130.43955181967402 6.885245946881786 26.11147675516537
2357 8098.183459231369 2860.287202700975 214.82507339370662 52.81680370902772 8096 8101 2857 2863 29.0 1.5904830809030284 1.3108673623109395 -76.08362236185337 0.5663068718741308 0.25008764835782854 0.46229894516535286 0.0 10.239150465871935 1.0127163 30.98166365792029 3.617692570663054 2.8485957745661037 0.09794875129310167 3.0382538898732494 46.590743154717515 5.59048894319252 27.229250905494656
2358 1433.2982680294922 2860.7878519670726 214.88456563834436 52.85915064143613 1432 1435 2859 2863 14.0 1.1528748833860751 0.9094506736556469 -65.62054546033856 0.6145798520177035 0.22277560360830226 0.29539607281311686 0.0 3.6202264056214264 0.5896029 20.651572132755255 2.412065987287191 3.338773810906923 0.058075786643647834 2.111004122822376 33.75487277293121 3.9584989107840034 27.579158811479267
2359 2958.550446820778 2864.6027474424327 214.8708993324257 52.84948341277725 2956 2961 2861 2869 44.0 2.148498623484444 1.4703613946922145 -82.90735730773844 0.7291377873924434 0.16606457250996695 0.3822104971050879 0.0 12.004774348136678 1.0671989 47.62591813200076 3.889103477337177 3.049733617547957 0.11812914003689733 3.742410318509555 72.13577691261762 6.051699241586868 26.75462321607935
2360 357.49785496222273 2863.5057666117036 214.89415160584113 52.86599743087026 357 358 2863 2864 4.0 0.5019868227866087 0.49796724264855086 -44.79577920345727 0.1262955515829687 0.26439112043331453 0.2749280533251698 0.0 1.074030674774252 0.29911345 8.477826274672893 1.2913389085736342 3.851601750627635 0.010384837319770152 1.1283791670955126 11.480441452680736 2.116398878616446 28.750103529675872
2361 7739.819333558812 2866.618378388167 214.82820298481195 52.81911539848231 7738 7742 2864 2869 23.0 1.5753477329801098 1.0532918469980408 -58.46182295321303 0.7436140510461653 0.24576846608595818 0.4485324097816561 0.0 8.294449768757197 0.8597226 28.35979471368453 3.2249039768303787 2.917957998425644 0.09123384470859283 2.7057581899030048 50.9231333883679 5.327585667209373 27.132712203266184
2362 1782.3212097771643 2865.88094179245 214.88139345466152 52.85696139866722 1781 1784 2865 2867 11.0 1.0520598985672593 0.7587502933207637 -13.390609748898882 0.6927222558433366 0.23193805683201857 0.31109809812985934 0.0 2.944682372208492 0.54743034 11.585482099505896 1.9421085013580512 3.026582782777449 0.06266179239832619 1.8712051592547776 15.04734984527656 3.1061294722615607 28.456349954314824
2363 7302.087173710009 2866.570903030167 214.83210797497188 52.82189701052667 7300 7304 2865 2869 17.0 1.2035939190732432 1.079717236809833 20.94662028795144 0.4418728795392773 0.22980278886591965 0.35378707366484 0.0 5.219748799876644 0.74691653 29.883602457609527 3.2697520512357725 3.3408144992351403 0.061917117100879236 2.326213245840639 32.62372327898926 4.986697924775997 27.616166188309585
2364 494.509972881225 2869.439924870133 214.8928645204172 52.86515936636792 494 495 2868 2871 6.0 0.9752914021793928 0.41348940526625694 -71.45456128580699 0.9056785804013624 0.14996046806980592 0.19146020756654045 0.0 1.0590956413733947 0.3781332 8.088836904093089 1.6580578009701898 3.6207572294703056 0.05058665839155398 1.381976597885342 10.990739690066016 2.629266151242553 28.79743269512332
2365 9489.217809402788 2871.2413514476225 214.81255504726767 52.808021285217286 9486 9492 2868 2875 43.0 1.5125550830712036 1.4856755037359362 77.80727758469729 0.187686289975734 0.6495475749178787 15.292943356551465 0.0 274.22806869256664 1.2630028 257.066326899823 1.9875097716992738 1.547968627044535 0.35548611051945134 3.6996385101659595 286.6976258535417 3.3300945287562174 25.256439758591018
2366 6826.748634689102 2873.9202691710193 214.8362711832505 52.82495734857938 6824 6830 2871 2877 40.0 1.6638976203526263 1.595645949017538 51.320651557191155 0.28347087222115497 0.23998048384433127 0.6356262920978014 0.0 16.488474316520158 1.0894258 34.11977290727231 3.2529775455148187 2.536193524214053 0.1692380881515366 3.5682482323055424 43.91557893604596 5.261818787600936 27.293453468999836
2367 6877.643968365112 2872.335347811253 214.83583378559567 52.82462537778415 6876 6880 2871 2874 15.0 1.144436573931855 0.9789152259271556 -6.872937378825977 0.518019676162879 0.2257090601492844 0.33960385624995226 0.0 4.244748584194069 0.7084131 19.530106996617462 2.5762103701845165 3.103011961402057 0.0739405995142922 2.1850968611841584 25.922389212199967 4.157887359910892 27.86581243236478
2368 9433.652912943959 2880.0824257440304 214.81295742584186 52.80842212578515 9430 9438 2877 2883 48.0 2.1158214331043883 1.5484803573254478 15.67790857816191 0.6814574112890158 0.25315396799868195 0.6294514454527123 0.0 19.831860738395022 1.367449 43.85387084970565 4.003516315821145 2.560422918490167 0.1488071711569553 3.9088200952233594 38.47098822244843 6.580427123762803 27.437166644055942
2369 1921.146427217979 2883.4597629999466 214.87996819632275 52.856174500511464 1919 1923 2881 2885 18.0 1.2395992037143353 1.0718304147396214 33.15370891035072 0.5023595158529431 0.20707104620135042 0.3229308811916983 0.0 4.7902914101709495 0.6535904 11.78429308527595 1.9651315556671307 2.4760948611402047 0.08054590718482169 2.393653682408596 14.283730073065106 3.229173819486916 28.512895913715287
2370 10099.406294240509 2884.3427240766055 214.80697813207425 52.8042130915832 10097 10102 2882 2887 33.0 1.5681428518424316 1.5017196874624108 46.09032428418615 0.2879609665617696 0.2760508579245788 0.5362102431067378 0.0 13.473966553922393 1.052121 36.22874235683199 3.3508560313460567 2.686237774518434 0.1041402048662512 3.2410224072142872 53.288384929792485 5.3522526957263885 27.083418605510882
2371 10191.216047459626 2890.8960234570095 214.80609092528422 52.803664772421456 10183 10201 2882 2900 272.0 3.688136858139308 3.0799143753565468 40.957264599552516 0.5501182152197213 0.2746168132822239 5.315997463101003 0.0 312.1096758230044 3.1837885 364.1588362643696 4.948144862111355 1.748739814565686 0.48139485066075727 9.304852983362556 397.20123963395827 7.881411360963807 24.902473511938698
2372 3007.3635330608818 2885.2440980491956 214.87024623795818 52.84928468300554 3005 3010 2883 2887 25.0 1.482795832125493 1.2360600186634207 8.650301720646436 0.552367134495571 0.2477833121708547 0.4372371045426689 0.0 8.821130207934962 1.1457728 33.53903934631345 3.626138363374003 3.0499826814249653 0.09066971988713973 2.8209479177387813 38.77448344399551 5.118936398314521 27.42863494793268
2373 9477.5836461562 2890.342706928527 214.8124579010374 52.80819817141374 9468 9487 2883 2898 239.0 4.360950560139518 2.6480639207309853 -27.636351595195592 0.7945324266363909 0.19320309240761105 2.8583875098269913 0.0 218.60170262960327 3.100538 279.2206186635905 5.517224991276105 1.8219803439883373 0.3971159778078849 8.722159296752494 295.3832399488151 9.078963239188433 25.224035375507377
2374 10116.728362670437 2887.813467383665 214.80678724353314 52.80412167792939 10112 10121 2883 2894 82.0 2.8991717674181614 1.8829663081551327 63.193302961250815 0.760375072311804 0.21587006792790497 0.7419229415369928 0.0 36.55698965792386 1.700436 72.8689295419754 4.832365336816309 2.497155958588611 0.18658927103118925 5.108953969950291 84.11611200613399 7.874653780058308 26.587802023431497
2375 2490.5077099713817 2886.96209954156 214.87484486135273 52.852577018751596 2490 2491 2886 2888 6.0 0.8091836254951612 0.49992452409948357 -89.63950732371242 0.7863247077153804 0.2178819885092536 0.25172276594375054 0.0 1.4190083852669269 0.3704001 11.613574553715296 1.6004667398460648 3.6425030295084895 0.035427018198727435 1.381976597885342 16.41738570077083 2.616782222362417 28.361739996561983
2376 6412.359710320882 2887.1972187957663 214.83982879806842 52.82766219767202 6411 6414 2886 2889 12.0 1.0793768681058706 0.8269159989975124 31.454489655644014 0.6427154521698868 0.23378248030494583 0.33066139481242757 0.0 3.4579811250804595 0.65612257 15.879452358651587 2.4010957962093498 3.2143108460920113 0.059215608962258935 1.9544100476116797 21.0462678396568 3.6915283876361165 28.092062267426883
2377 4245.8268448401695 2889.8062717631337 214.85913880768112 52.8414418377224 4245 4247 2889 2891 6.0 0.7777335625733337 0.5718298928551366 47.668553633302075 0.6777942140424529 0.15449176689813374 0.182670757197603 0.0 0.9972568897885419 0.39803603 8.299244133765328 1.6978009658087065 3.5759077245520494 0.04016029158262487 1.381976597885342 7.115423013676421 2.7241429612927504 29.269498189741775
2378 2950.0377579286333 2899.122201842481 214.8706122773768 52.84972368300175 2943 2959 2891 2908 187.0 4.670925463010371 2.4368028256083942 -50.0342768839725 0.8531314972836055 0.16580607651981466 1.0052316101015129 0.0 88.40535263609354 2.188603 141.9679426185847 5.6026775410875995 2.3021803188148686 0.2621451336530502 7.715176518808164 184.247030362749 8.80946459361816 25.736498758095138
2379 2634.565279613787 2894.980282753861 214.8734736911676 52.85170523457025 2632 2637 2892 2898 27.0 1.715985885851926 1.1740119384659313 -75.29746128837469 0.7293302917463466 0.21790695362561513 0.433488906875844 0.0 8.910437967388086 0.86355346 38.048914395221914 3.0446910312831155 3.101702440444131 0.11391099329898652 2.9316150714175193 45.72535214296363 4.836692802448683 27.24960735305658
2380 6518.595184039541 2901.831477754901 214.83872699890821 52.827066020339664 6506 6529 2892 2914 263.0 6.531309614572196 2.7326477577143744 40.62843227101455 0.9082665500556932 0.1892577058718827 0.8363687503763255 0.0 116.51403178173656 3.111668 250.48246404998488 8.558434650129316 2.538665172684786 0.2161345159670978 9.149617481968136 344.432416269039 13.52286109319823 25.057239954135813
