outputs/dr0.5_c0.1/nircam3_matched_f277w_f356w_dr0.5_c0.1.ecsv
# %ECSV 1.0
# ---
# datatype:
# - {name: label, datatype: int64}
# - {name: xcentroid, datatype: float64}
# - {name: ycentroid, datatype: float64}
# - {name: sky_centroid.ra, unit: deg, datatype: float64}
# - {name: sky_centroid.dec, unit: deg, datatype: float64}
# - {name: bbox_xmin, datatype: int64}
# - {name: bbox_xmax, datatype: int64}
# - {name: bbox_ymin, datatype: int64}
# - {name: bbox_ymax, datatype: int64}
# - {name: area, unit: pix2, datatype: float64}
# - {name: semimajor_sigma, unit: pix, datatype: float64}
# - {name: semiminor_sigma, unit: pix, datatype: float64}
# - {name: orientation, unit: deg, datatype: float64}
# - {name: eccentricity, datatype: float64}
# - {name: min_value, datatype: float64}
# - {name: max_value, datatype: float64}
# - {name: local_background, datatype: float64}
# - {name: segment_flux, datatype: float64}
# - {name: segment_fluxerr, datatype: float32}
# - {name: kron_flux, datatype: float64}
# - {name: kron_fluxerr, datatype: float64}
# - {name: kron_radius, unit: pix, datatype: float64}
# - {name: gini, datatype: float64}
# - {name: equivalent_radius, unit: pix, datatype: float64}
# - {name: kron4_2_flux, datatype: float64}
# - {name: kron4_2_fluxerr, datatype: float64}
# - {name: kron4_2_mag, datatype: float64}
# meta:
#   PHOTMJSR: 0.4047000110149384
#   PIXAR_SR: 2.11539874851881e-14
#   __serialized_columns__:
#     area:
#       __class__: astropy.units.quantity.Quantity
#       unit: !astropy.units.Unit {unit: pix2}
#       value: !astropy.table.SerializedColumn {name: area}
#     eccentricity:
#       __class__: astropy.units.quantity.Quantity
#       unit: !astropy.units.Unit {unit: ''}
#       value: !astropy.table.SerializedColumn {name: eccentricity}
#     equivalent_radius:
#       __class__: astropy.units.quantity.Quantity
#       unit: !astropy.units.Unit {unit: pix}
#       value: !astropy.table.SerializedColumn {name: equivalent_radius}
#     kron_radius:
#       __class__: astropy.units.quantity.Quantity
#       unit: !astropy.units.Unit {unit: pix}
#       value: !astropy.table.SerializedColumn {name: kron_radius}
#     orientation:
#       __class__: astropy.units.quantity.Quantity
#       unit: &id001 !astropy.units.Unit {unit: deg}
#       value: !astropy.table.SerializedColumn {name: orientation}
#     semimajor_sigma:
#       __class__: astropy.units.quantity.Quantity
#       unit: !astropy.units.Unit {unit: pix}
#       value: !astropy.table.SerializedColumn {name: semimajor_sigma}
#     semiminor_sigma:
#       __class__: astropy.units.quantity.Quantity
#       unit: !astropy.units.Unit {unit: pix}
#       value: !astropy.table.SerializedColumn {name: semiminor_sigma}
#     sky_centroid:
#       __class__: astropy.coordinates.sky_coordinate.SkyCoord
#       dec: !astropy.table.SerializedColumn
#         __class__: astropy.coordinates.angles.Latitude
#         unit: *id001
#         value: !astropy.table.SerializedColumn {name: sky_centroid.dec}
#       frame: icrs
#       ra: !astropy.table.SerializedColumn
#         __class__: astropy.coordinates.angles.Longitude
#         unit: *id001
#         value: !astropy.table.SerializedColumn {name: sky_centroid.ra}
#         wrap_angle: !astropy.coordinates.Angle
#           unit: *id001
#           value: 360.0
#       representation_type: spherical
#   astropy version: '5.1'
#   kernelfile: kernel_f277w_f356w.fits
#   make_catalog parameters:
#     ab_zpt: 31.4
#     coadd_bands: !!python/tuple [f277w, f356w]
#     deblend_contrast: 0.001
#     deblend_nlevels: 32
#     deblend_npixels: 1
#     detect_kernel_fwhm: 4.0
#     detect_kernel_npix: 7
#     detect_npixels: 4
#     detect_threshold_nsigma: 3.0
#     flag_isolated_buffer: 4
#     hst_bands: !!python/tuple [f606w, f814w, f125w, f140w, f160w]
#     jwst_bands: !!python/tuple [f115w, f150w, f200w, f277w, f356w, f410m, f444w]
#     near_border_kernelsize: 21
#     reference_band: f200w
#   make_catalog version: 1.4.0
#   photutils version: 1.5.0
# schema: astropy-2.0
label xcentroid ycentroid sky_centroid.ra sky_centroid.dec bbox_xmin bbox_xmax bbox_ymin bbox_ymax area semimajor_sigma semiminor_sigma orientation eccentricity min_value max_value local_background segment_flux segment_fluxerr kron_flux kron_fluxerr kron_radius gini equivalent_radius kron4_2_flux kron4_2_fluxerr kron4_2_mag
[from data line 1012]
1013 1100.029594017627 1484.0043106350208 214.84980819951187 52.87226850174588 1098 1103 1481 1486 22.0 1.3868015950489998 1.176747421705701 51.176220367434325 0.5291418820423693 0.20884753871430262 0.5417007827089234 0.0 8.594507454084088 0.6122462 27.5046841879024 1.7170877088806107 2.8183764558888593 0.14361796396663773 2.6462837142006137 49.30470791787913 2.6386586802475906 27.167779024061666
1014 2733.989474459505 1482.9852709283762 214.83522571043045 52.86188041486226 2732 2736 1481 1485 15.0 1.262375078592621 0.9397287543655812 24.127849012000503 0.6677191702762895 0.21258503780161087 0.2788328346514948 0.0 3.866602312747362 0.39273614 23.793833119503624 1.6684167670194194 3.3307648485143035 0.03218657899131774 2.1850968611841584 30.152305134147337 2.607707623357718 27.701698701448702
1015 8122.553693192714 1488.1940022602666 214.78709401252928 52.82765550289706 8115 8130 1481 1497 187.0 3.958763647430493 2.64101866783474 50.06631169804549 0.7449393525870134 0.19504838790975323 1.5385822838713141 0.0 110.37564193617698 1.6009883 167.0399441894927 3.411560085977903 2.166960812127568 0.3159410709651452 7.715176518808164 202.95848102339113 5.40171995852669 25.631481990274196
1016 2278.0325827786946 1485.8606362884177 214.83926698273297 52.86479336150369 2276 2280 1484 1488 22.0 1.4772090251320609 1.1126023266472032 41.635978883937284 0.6578160026287533 0.2642829443171275 0.3744790067187359 0.0 7.145215716676113 0.46073252 19.68414552376747 1.3889442018094036 2.568460544517587 0.05960060112398364 2.6462837142006137 21.22595481236751 2.277098358221705 28.082831911671658
1017 7037.741967937909 1487.4387455266096 214.79677457517988 52.834548718214464 7031 7043 1484 1491 88.0 3.049780497571668 1.7947597894183254 16.463345299096844 0.8085058170541206 0.15649843935995292 1.042457895066371 0.0 42.69535211495036 0.98521376 79.41475206354038 2.6423792573975486 2.4111040758846247 0.25260814809167864 5.292567428401227 88.36597491732766 4.1396955276337515 26.53428731682789
1018 9740.639349273975 1487.2278585837557 214.77268238852506 52.81736097562893 9737 9744 1484 1490 32.0 2.0873486852688363 1.0987299022983557 -38.331313136093186 0.8502520113308863 0.24548882083303336 0.5928240990864183 0.0 12.693857045561046 0.6722556 30.26766111795198 2.0862831657046645 2.565155243477651 0.1469933430750482 3.1915382432114616 33.15684302061634 3.204935390794496 27.598567067137594
1019 3790.1105164750293 1487.5766228606954 214.82574867428215 52.85519335038872 3788 3793 1485 1491 29.0 1.8155656795967248 1.1541120983280984 -68.71595430432772 0.771955713957444 0.267823699238046 0.5709888259981091 0.0 11.677883061696754 0.6084818 45.07835614778068 2.2158332801863807 3.131727394234247 0.12425345027926368 3.0382538898732494 64.8744637541333 3.4772865318414716 26.869815547409132
1020 4024.417170068764 1487.9645093368097 214.82365317239217 52.85370628399071 4022 4027 1485 1491 34.0 1.6719747782092338 1.380058958179779 84.03092591319586 0.5645387521862812 0.2037057370729058 0.5500728468861742 0.0 12.62633202980006 0.58869267 49.31686871138801 2.223032169089695 3.0513223289441056 0.15522506012184992 3.2897623212397704 86.35034339464724 3.553987270172119 26.55933982751971
1021 7581.748257582015 1490.9770746457746 214.79188637756542 52.83110906001336 7579 7585 1488 1494 40.0 1.6497593200759764 1.5842689300176385 66.00357481449986 0.2789588234344835 0.22326085566231962 0.7036551639198481 0.0 16.99749149461406 0.6583182 35.387165657531924 1.8740710413239863 2.4936215496296867 0.18356473479862145 3.5682482323055424 54.7907048236115 3.030189173952169 27.05323278199242
1022 262.8453237935683 1494.6375449945701 214.85717602646224 52.877644829643764 257 268 1489 1501 125.0 2.737099913642014 2.502862918551621 85.66949365077629 0.404763363658652 0.15298987306804293 1.197039966050569 0.0 60.25425630536999 1.1058671 90.72103120028709 2.443014441987498 2.1937177250444484 0.31570623813366877 6.3078313050504 107.45505261459661 3.865646069803565 26.321932897126356
1023 8565.152208829439 1493.457386671101 214.7830931218811 52.8248695646835 8560 8570 1489 1498 88.0 2.4905808023227176 2.0306835060083266 -39.160599328274614 0.5789749049553158 0.18955683740952964 1.3140976492289578 0.0 51.54501708416932 1.0634878 73.60486513590124 2.2468082124592303 2.0481688624054915 0.28468051254448506 5.292567428401227 78.65573586113467 3.63333059880054 26.660674003898325
1024 1113.1885423846463 1494.5922278456062 214.84957919312623 52.872241984623294 1111 1115 1492 1497 23.0 1.5129627162894197 1.1065249779033952 -84.63131914102716 0.6819883696164077 0.2520159686536214 0.43355387661810035 0.0 7.868077423924408 0.45729926 24.773525556835814 1.6142344832056017 2.8543514505306793 0.09899705720344605 2.7057581899030048 29.945213304642365 2.553735338570304 27.709181472545673
1025 2135.2990356356204 1499.5741262038498 214.8403973070632 52.86577428771291 2126 2143 1493 1507 188.0 4.012451639950141 2.6974583983175537 25.547251809845395 0.7403043444450264 0.1298482963243027 1.3584664526800383 0.0 85.17710612672522 1.5325793 142.46812374592014 3.4595877761101574 2.2995716175551792 0.30538935504422343 7.735777827895049 154.26958804031193 5.468916050645299 25.929299200526614
1026 7824.0948765593885 1504.4865996605781 214.789583427724 52.829640961322724 7807 7838 1493 1514 257.0 8.282247346909383 1.9967142287425406 33.67271743473046 0.9705043456223096 0.18706363173039067 1.1196054736908314 0.0 128.93174171084513 1.84634 188.2032736635166 3.7977815630133342 1.89283556838571 0.2380747492253216 9.044647077096718 177.142766170022 6.133017640091313 25.779191444716893
1027 898.6230241632287 1498.0555876080336 214.85145957257518 52.873623933907986 896 902 1495 1501 35.0 1.7818446183545247 1.361589669515779 -41.85466306016543 0.6450431705606519 0.20579220381092025 0.45780910180040396 0.0 10.759920407169147 0.55675465 44.95965845987171 2.0068500522959916 3.125234797438057 0.13794633916253965 3.3377905890622728 89.21413805740943 3.2686130863484606 26.52391579024319
1028 2515.6776297796237 1499.2830332947742 214.83700354424533 52.86335558788334 2510 2524 1495 1503 90.0 3.5449273796001646 1.771661849495994 9.41175278124076 0.8661559574086054 0.1923770063482308 0.6688820954810991 0.0 32.66205409532696 1.0742904 76.02854802189663 2.9750324375986414 2.5906248764599042 0.1868690189435384 5.352372348458314 57.46576006226506 4.704841480456504 27.001477111980904
1029 2709.4136423323453 1501.5235441172276 214.83525002039906 52.862136525786426 2704 2715 1496 1508 119.0 3.0684961424349533 2.533611321848502 53.30338317348272 0.5641313989748661 0.16679080429679358 0.5549051868694375 0.0 42.45496823104599 1.1137445 85.71583949531515 3.011292403913321 2.470470574300805 0.1840943893127144 6.154581744998688 90.05815112728678 4.827257605139168 26.513692433113462
1030 1939.2992449299263 1500.9920799569652 214.84213283097526 52.86702738288642 1935 1944 1497 1505 69.0 2.17478825095369 1.9145983932222062 -7.301864359263838 0.4743045499855845 0.172467618628588 0.9113979130587997 0.0 31.05067055534871 0.87010854 52.16981688060786 2.1294381434088834 2.287252089477705 0.2484709313568359 4.686510657907603 64.50409561254469 3.3672032131522305 26.876031773665368
1031 3907.148871223563 1509.761768051062 214.82447046794806 52.85456908239039 3900 3913 1497 1521 252.0 5.448353606718159 2.545631237002588 -78.92786354020514 0.8841361008566191 0.13539604543363318 1.363990227743772 0.0 146.7040571888357 1.6764823 218.22793830951056 3.6537605918978566 2.103375042401744 0.32206952118927207 8.95623198216277 228.6989568572149 5.83722737096107 25.50183954073705
1032 9675.173914571482 1501.5775932170268 214.77311474207232 52.81785457894231 9670 9680 1498 1506 76.0 2.2106297869144145 1.8712323863038554 -3.4983259730299983 0.5324359931742371 0.17734555866644883 1.4792180217693736 0.0 47.26165179839391 1.0471573 65.8375335534106 2.15206298348933 2.0866043072765823 0.32828417340108046 4.918490759365935 80.41624471600808 3.4152143102578822 26.636640528691913
1033 9647.052186978197 1509.8793099683392 214.77327797635752 52.818078125164405 9640 9653 1499 1522 256.0 5.723386243870702 2.9406332689410246 86.92676727489662 0.8579144511534978 0.1608170206536272 0.8537918630299102 0.0 116.4679614320828 1.7886589 354.37075700258106 6.127207924249531 2.9203496741385027 0.20134057153252827 9.0270333367641 562.9880010076545 9.833461701016512 24.523752152976854
1034 6424.0949970046995 1503.1308939449884 214.80208231015544 52.838534513825444 6422 6426 1501 1505 21.0 1.341713610219414 1.1313326063061933 -47.81482850302386 0.5376003621895522 0.27057399703053553 0.4710704491147525 0.0 7.724595466192358 0.45910513 22.41773731049386 1.5323989293609488 2.8094041466987854 0.09845287980747473 2.5854414729132054 21.919609976387694 2.4278518447633894 28.047917944197454
1035 8985.891508466695 1507.8380990865787 214.77919162651298 52.82227159958868 8977 8994 1501 1515 161.0 4.941116918679855 2.0967065960922775 34.55719932819957 0.9055035943355071 0.19815308840741627 0.8315282351127702 0.0 75.30133363252125 1.4758314 134.2668749807239 3.804063504131408 2.3398855452157137 0.20966068150046646 7.158763278359629 129.23960405035396 6.120029093532562 26.121510952986373
1036 9847.368497435587 1502.56342839708 214.7715699938984 52.81676481419608 9846 9849 1501 1504 14.0 1.0198390066906629 1.0022053268258304 -20.97157931555036 0.18515489318560868 0.36561522980799926 0.6293906681064366 0.0 7.245051824690582 0.45282185 29.067792119139035 1.63246298169958 3.0872147196919055 0.08542501818926702 2.111004122822376 38.22510558851921 2.536925246988516 27.44412826567544
1037 406.0089852464088 1503.4519042629056 214.855804025022 52.87678281524831 405 407 1502 1505 8.0 0.8527756155575549 0.6971808157011425 87.96668087699145 0.5758674227205881 0.32757587592504483 0.429749348874564 0.0 3.0177731491729265 0.2738115 26.835040316443095 1.2228253381237788 3.6324046491184614 0.0523883894012381 1.5957691216057308 44.57632174422643 2.0052787396593112 27.277239426454784
1038 2236.7072032000724 1505.055884170027 214.83943398181358 52.865159448267896 2236 2238 1504 1506 7.0 0.74710752962358 0.692935823606827 -82.12226529331566 0.37384444046764886 0.23177395880843366 0.2850193071666536 0.0 1.8404636595888884 0.26586995 14.283998606899814 1.1447406916542437 3.574713028640598 0.05175626770467441 1.4927053303604616 16.631679240300596 1.8406528431057976 28.347659748571996
1039 643.5384520152384 1516.102821156807 214.853548567459 52.87534193086158 635 651 1507 1525 275.0 4.0614935065135365 3.5270349002409205 64.06309091350441 0.49584970167812914 0.19818943045830678 2.097781649949271 0.0 200.11143404193103 1.7119156 248.0682594731021 3.089663925934918 1.8155720040073153 0.35272690573087745 9.356025796273888 266.206306844062 4.804732900784111 25.336954149058617
1040 502.1067371282893 1510.5262971398777 214.85487091983777 52.87621042788762 500 505 1508 1513 26.0 1.395909782626013 1.2767466994237577 -49.533031788551156 0.40428263352670324 0.17551985236666312 0.39456949950680553 0.0 7.021427409746924 0.47805917 18.550512934778077 1.5874359105256428 2.779683978308202 0.14631765764098464 2.876813695875796 19.502063399699843 2.5472106899913753 28.174798590094326
1041 1672.7145399624596 1510.9393905439676 214.8444091184313 52.86877494534542 1670 1675 1508 1514 36.0 1.630392141921726 1.4372225672789014 73.52872561913648 0.4721474995500872 0.14566674096133808 0.5094759355995012 0.0 11.153005009517539 0.6058282 24.66355955507566 1.7752217730734285 2.6443045225406947 0.18560873449790702 3.385137501286538 26.998342739319064 2.8313840054553654 27.821657234163503
1042 6655.738916453366 1520.0357701664288 214.79983834383395 52.83715294745246 6646 6665 1510 1530 301.0 4.4423866974116395 2.9998834540037236 53.99350170156393 0.7375555825342195 0.16501979059386482 4.256517941722267 0.0 325.0667160980522 1.9049418 369.87394283437004 2.8875944705671284 1.6947097363616215 0.45164333142737123 9.788323438736636 396.52305150688085 4.539606419677143 24.904328900744645
1043 8062.228521349938 1513.212933634914 214.7873685287778 52.82817384077465 8058 8066 1511 1516 38.0 2.0305605747370588 1.2962816971009976 -20.258075101322923 0.7697162823217032 0.21819656671513932 0.531262907357993 0.0 13.786403622635499 0.6677146 33.340737442247416 1.9513647184581513 2.5482658111519267 0.13951549609718397 3.477898169151024 33.00339218733956 3.151725141814694 27.603603549356023
1044 6514.940188316903 1523.341133492286 214.80105933887666 52.83806587101594 6507 6522 1512 1537 305.0 5.487167547697331 3.288185754202934 79.15313275082569 0.8005618690499627 0.22532707906845592 1.5301082211315695 0.0 164.11046552024197 1.8739803 300.1163528069533 4.70567046584614 2.367773832199588 0.2855530542322125 9.853147481188747 385.6956117353104 7.408079326845607 24.93438825576451
1045 10178.415941389474 1517.5538089660065 214.7684626088138 52.81474018001172 10176 10181 1515 1520 23.0 1.3680236507213335 1.3343099237779696 -50.7415045045409 0.22063746314138 0.17500443000124413 0.2949198523949349 0.0 5.568698846608958 0.49121863 92.02555019259165 2.6009570210029334 3.8844566145772017 0.07286639047389314 2.7057581899030048 209.1501986086859 4.188409607659599 25.598854296694565
1046 723.0054687352616 1520.719671461267 214.85278997647882 52.8748619369799 720 726 1517 1524 47.0 1.7699730387047325 1.6028837932754485 -76.39751486548225 0.4241373820623001 0.11380131044262926 0.661152255542191 0.0 16.489425215039017 0.67560446 25.240247658982 1.4787149421519823 2.0244269879083685 0.2455710302515594 3.8678889139475245 19.544486548513724 2.3508113066271545 28.17243933598497
1047 7537.979722727469 1522.1628699116732 214.79194844664406 52.83155534002374 7532 7544 1517 1527 101.0 3.3076495668768344 1.868884755801059 30.613353151803462 0.8250779127062833 0.17446891883723975 0.9742420137064371 0.0 48.786508593972 1.2131147 72.81287495392152 2.4964523528637756 2.03236492378577 0.24360979862851673 5.670035141386943 80.17128603522204 3.937899054995911 26.639952874469145
1048 1094.4909896967672 1521.2195812606592 214.84946593082503 52.87250436054014 1093 1096 1519 1523 16.0 1.174717456972195 0.9934867167263169 -62.330064316987084 0.5336206131795532 0.21975212955692855 0.3786834516253121 0.0 4.944541638422594 0.38873792 22.61948006402701 1.4823308785514664 3.220894788179004 0.0826697996986461 2.256758334191025 26.1450700103339 2.411072781550727 27.85652547723632
1049 333.7894374597863 1522.6256389127607 214.8562474841861 52.87734504039531 332 335 1520 1525 20.0 1.4965694219290837 1.0187593995213522 -78.4700004009325 0.7325346017817514 0.26169336327711124 0.44631071069574507 0.0 7.11717014243101 0.41802397 68.6580583521689 2.0159788110129857 3.714247880400065 0.07849582536024066 2.5231325220201604 118.91187643559581 3.1497074338913085 26.21193691911219
1050 3480.691835892986 1521.9609414583597 214.82814885108635 52.85734517090665 3480 3483 1520 1524 15.0 1.4022431159301885 0.5831632383706874 -84.83206687217805 0.9094200303898284 -0.04622513790614865 0.08474681621408196 0.0 0.3508003041855689 0.48038054 6.995528021034376 1.641896891134448 3.610445610222204 0.4365096032620145 2.1850968611841584 9.588609257918908 2.6028596787011558 28.945610946987635
1051 2620.723194630694 1525.9683057102498 214.83578465536422 52.86283191173879 2617 2624 1523 1529 43.0 1.8892452873453631 1.5437666500497507 -2.7605430612954547 0.5764476966405513 0.15174137243913866 0.44952580635253614 0.0 12.402578680894143 0.6302416 24.637719280619827 1.7564691286368854 2.3599348827786972 0.15777876923280126 3.6996385101659595 26.639192287807084 2.85806355797108 27.83619736826131
1052 2697.1838150655904 1527.7012013637561 214.8350836800467 52.86235536275981 2693 2702 1523 1532 81.0 2.112277409357426 1.973065497519417 -33.32537837266547 0.35702736299937293 0.16315050832786687 1.6376507202915633 0.0 49.94064930194916 0.87668496 60.819866797503344 1.4649959342325345 1.6703637424332514 0.36151567111712096 5.077706251929807 61.43796962571774 2.353327870876933 26.92890786276839
