outputs/dr0.5_c0.1/nircam2_f444w_dr0.5_c0.1.ecsv
# %ECSV 1.0
# ---
# datatype:
# - {name: label, datatype: int64}
# - {name: xcentroid, datatype: float64}
# - {name: ycentroid, datatype: float64}
# - {name: sky_centroid.ra, unit: deg, datatype: float64}
# - {name: sky_centroid.dec, unit: deg, datatype: float64}
# - {name: bbox_xmin, datatype: int64}
# - {name: bbox_xmax, datatype: int64}
# - {name: bbox_ymin, datatype: int64}
# - {name: bbox_ymax, datatype: int64}
# - {name: area, unit: pix2, datatype: float64}
# - {name: semimajor_sigma, unit: pix, datatype: float64}
# - {name: semiminor_sigma, unit: pix, datatype: float64}
# - {name: orientation, unit: deg, datatype: float64}
# - {name: eccentricity, datatype: float64}
# - {name: min_value, datatype: float64}
# - {name: max_value, datatype: float64}
# - {name: local_background, datatype: float64}
# - {name: segment_flux, datatype: float64}
# - {name: segment_fluxerr, datatype: float32}
# - {name: kron_flux, datatype: float64}
# - {name: kron_fluxerr, datatype: float64}
# - {name: kron_radius, unit: pix, datatype: float64}
# - {name: gini, datatype: float64}
# - {name: equivalent_radius, unit: pix, datatype: float64}
# - {name: kron4_2_flux, datatype: float64}
# - {name: kron4_2_fluxerr, datatype: float64}
# - {name: radius_kron20, unit: pix, datatype: float64}
# - {name: radius_kron50, unit: pix, datatype: float64}
# - {name: radius_kron80, unit: pix, datatype: float64}
# - {name: near_border, datatype: bool}
# meta:
#   PHOTMJSR: 0.3925000131130219
#   PIXAR_SR: 2.11539874851881e-14
#   __serialized_columns__:
#     area:
#       __class__: astropy.units.quantity.Quantity
#       unit: !astropy.units.Unit {unit: pix2}
#       value: !astropy.table.SerializedColumn {name: area}
#     eccentricity:
#       __class__: astropy.units.quantity.Quantity
#       unit: !astropy.units.Unit {unit: ''}
#       value: !astropy.table.SerializedColumn {name: eccentricity}
#     equivalent_radius:
#       __class__: astropy.units.quantity.Quantity
#       unit: !astropy.units.Unit {unit: pix}
#       value: !astropy.table.SerializedColumn {name: equivalent_radius}
#     kron_radius:
#       __class__: astropy.units.quantity.Quantity
#       unit: &id001 !astropy.units.Unit {unit: pix}
#       value: !astropy.table.SerializedColumn {name: kron_radius}
#     orientation:
#       __class__: astropy.units.quantity.Quantity
#       unit: &id002 !astropy.units.Unit {unit: deg}
#       value: !astropy.table.SerializedColumn {name: orientation}
#     radius_kron20:
#       __class__: astropy.units.quantity.Quantity
#       unit: *id001
#       value: !astropy.table.SerializedColumn {name: radius_kron20}
#     radius_kron50:
#       __class__: astropy.units.quantity.Quantity
#       unit: *id001
#       value: !astropy.table.SerializedColumn {name: radius_kron50}
#     radius_kron80:
#       __class__: astropy.units.quantity.Quantity
#       unit: *id001
#       value: !astropy.table.SerializedColumn {name: radius_kron80}
#     semimajor_sigma:
#       __class__: astropy.units.quantity.Quantity
#       unit: !astropy.units.Unit {unit: pix}
#       value: !astropy.table.SerializedColumn {name: semimajor_sigma}
#     semiminor_sigma:
#       __class__: astropy.units.quantity.Quantity
#       unit: !astropy.units.Unit {unit: pix}
#       value: !astropy.table.SerializedColumn {name: semiminor_sigma}
#     sky_centroid:
#       __class__: astropy.coordinates.sky_coordinate.SkyCoord
#       dec: !astropy.table.SerializedColumn
#         __class__: astropy.coordinates.angles.Latitude
#         unit: *id002
#         value: !astropy.table.SerializedColumn {name: sky_centroid.dec}
#       frame: icrs
#       ra: !astropy.table.SerializedColumn
#         __class__: astropy.coordinates.angles.Longitude
#         unit: *id002
#         value: !astropy.table.SerializedColumn {name: sky_centroid.ra}
#         wrap_angle: !astropy.coordinates.Angle
#           unit: *id002
#           value: 360.0
#       representation_type: spherical
#   astropy version: '5.1'
#   make_catalog parameters:
#     ab_zpt: 31.4
#     coadd_bands: !!python/tuple [f277w, f356w]
#     deblend_contrast: 0.001
#     deblend_nlevels: 32
#     deblend_npixels: 1
#     detect_kernel_fwhm: 4.0
#     detect_kernel_npix: 7
#     detect_npixels: 4
#     detect_threshold_nsigma: 3.0
#     flag_isolated_buffer: 4
#     hst_bands: !!python/tuple [f606w, f814w, f125w, f140w, f160w]
#     jwst_bands: !!python/tuple [f115w, f150w, f200w, f277w, f356w, f410m, f444w]
#     near_border_kernelsize: 21
#     reference_band: f200w
#   make_catalog version: 1.4.0
#   photutils version: 1.5.0
# schema: astropy-2.0
label xcentroid ycentroid sky_centroid.ra sky_centroid.dec bbox_xmin bbox_xmax bbox_ymin bbox_ymax area semimajor_sigma semiminor_sigma orientation eccentricity min_value max_value local_background segment_flux segment_fluxerr kron_flux kron_fluxerr kron_radius gini equivalent_radius kron4_2_flux kron4_2_fluxerr radius_kron20 radius_kron50 radius_kron80 near_border
[from data line 4076]
4077 10189.0 2349.706952947432 214.86794096955094 52.87394194720488 10189 10189 2349 2350 2.0 0.5389840543861583 0.28867513459481287 90.0 0.8444773711948843 0.02275859467995557 0.05490331824672214 0.0 0.0776619129266777 0.25557694 3.9821038815630825 1.270567147850201 3.917989932954936 0.4139058948639998 0.7978845608028654 7.992481254421374 2.0667341650957645 1.8764682575183491 2.7719166123729075 3.631852092248161 False
4078 10191.186351100443 2349.8346714509803 214.8679200874168 52.87392874762881 10190 10193 2349 2350 5.0 1.1277680451768943 0.3225939259439359 9.813987758553628 0.9582157842655219 0.11056839207397347 0.15646160320386485 0.0 0.66877978866688 0.41303962 11.493216273403341 1.8901389955614745 3.736043777673097 0.09563479537918189 1.2615662610100802 31.783911365708235 3.0576886164059065 2.45906508711135 4.010499313710016 4.9709006539321745 False
4079 8499.016989686828 2365.5599420464164 214.88288009065334 52.8847618642513 8490 8508 2357 2375 221.0 4.854270961925571 2.498418661942394 39.69732131314157 0.8573795716884814 0.06406717889869784 1.897869648156796 0.0 130.28250453976756 2.9751701 254.66080305266377 7.346497449520115 2.514021114733738 0.3484163984622393 8.387281135541944 360.4437469835188 11.650146893745793 3.7198412866823727 8.556709943694512 16.915238998681797 False
4080 8507.285268874031 2375.1096069192195 214.88270565228896 52.88476087117507 8503 8509 2372 2378 34.0 1.8337920198891349 1.3945215030935292 -68.09013907906214 0.6493873161083086 0.07820495474119872 0.5183868995816255 0.0 9.193516828127786 1.162051 79.32312575636976 4.715082552951363 3.546246683840256 0.26459933728988044 3.2897623212397704 138.28075051997558 7.119124764710751 4.329325052345268 8.18464154044961 11.94050262325986 False
4081 6514.332331920891 2377.1459495502027 214.90050784257932 52.89742822554548 6498 6531 2363 2390 630.0 5.7900694677716675 4.150614583068746 27.267998417216372 0.697226838313791 -0.08008177098433977 8.143019013393749 0.0 735.1347952233008 4.5024133 824.8089061971842 6.435511353767025 1.6755891635289744 0.54489741590801 14.161046158239445 893.790556698008 10.162476184310401 2.9115925053619547 5.996726790425524 11.391669902724225 False
4082 6533.1266144729625 2384.293159260546 214.90026447731748 52.8973474541973 6528 6537 2380 2388 68.0 2.2958613930655853 1.846530763071828 40.7102101295625 0.5942414648156005 0.07133529757597527 0.7036448694162973 0.0 22.523933832932173 1.4373683 54.99684411700299 4.32015654549368 2.794471313478862 0.2853359140862926 4.652426491681278 84.60329411777548 7.061800920662174 2.696010326375256 5.814408895022634 10.046142936040201 False
4083 3960.1060417935582 2373.7585144055597 214.92340197904323 52.91362678769271 3943 3977 2365 2384 539.0 6.530944805204247 3.9782334023526653 4.7270814439944475 0.7930658039624136 -0.05064651538993562 3.350712661108252 0.0 512.3185108239163 3.781479 607.8823302224018 6.6872573005967295 1.8321164416643405 0.40975249795135305 13.098436114783443 672.3900305703721 10.730860800743077 3.897170097795149 7.323703416413925 12.519407072523844 False
4084 3940.8213576394655 2369.3839820185754 214.92362068018198 52.91372559340325 3938 3943 2367 2372 28.0 1.5270506625015547 1.3633829317152233 85.45819681444019 0.4504116165702324 0.1224501566258386 0.3915590102928373 0.0 8.371782974287454 0.83570105 57.89416278753701 3.4871915502971373 3.316712617698898 0.12459086757469481 2.985410660720923 107.53574862850948 5.51199465810436 3.5891243579480805 6.371965576439953 10.21439078119326 False
4085 9906.95648280357 2385.6800572116035 214.8700828983239 52.87592759319544 9896 9917 2374 2400 473.0 4.568706727675495 3.9301427378889744 77.40218949433867 0.5099046817656813 0.13356022959957312 9.028595902934523 0.0 638.0577383105223 4.203794 794.4769128244559 7.135078845072584 2.0031280545391947 0.536916196590236 12.27031279816994 960.1402572293239 11.636116900864309 2.6479098991622867 5.631032852567205 12.261510420829492 False
4086 9897.206628134276 2396.296136700969 214.87005830082575 52.87604678806466 9893 9902 2391 2399 48.0 2.6709644259186236 1.4264500240364522 38.02165479888662 0.8454478167118817 0.15982034566750247 0.5799353582700029 0.0 17.26398630475454 1.3201443 157.39832158033263 5.360557701535597 3.733028468055274 0.1586754858017661 3.9088200952233594 334.8185447133486 9.122633016191747 7.658952153558111 12.100616493813334 16.02409292897993 False
4087 9904.205992273322 2421.029940581254 214.86973542658458 52.876135737904136 9875 9934 2396 2442 1862.0 7.338872739715322 4.840406433377176 16.623713548270242 0.7516543659858671 0.07021462862292546 114.53189069404375 0.0 10643.30717088862 9.640284 10389.439487979405 8.5594717269381 1.4 0.7679236104793676 24.34528718405717 10963.202823026386 12.619577859478486 2.6288672492375875 5.332507518926375 10.18008884581263 False
4088 1589.4739328430767 2407.7290727530226 214.94427505988804 52.9288574953164 1580 1596 2401 2414 168.0 3.774916060527443 3.3542027093562914 -9.68219534118989 0.4587792564261221 0.08202483981702494 0.6568190097309108 0.0 54.56099844688747 2.1429856 130.34541222717223 6.8874426643649285 2.6994091552171406 0.23653409315911741 7.312732791431452 157.14727370717355 10.983111368688729 4.603139804981771 8.56918874805252 14.444024176352748 False
4089 1580.7918775680487 2414.023258258439 214.94428657302035 52.92894658807635 1579 1583 2410 2417 29.0 1.884317539050812 1.2326506880482748 67.12136718905495 0.7563536587398892 0.16430910600262186 0.4789952016252045 0.0 8.402572429448545 0.8292111 44.46777556382767 3.402223792922688 3.211424950893847 0.17943406652733404 3.0382538898732494 61.035155947042085 5.472031101452098 3.174178317351647 6.66480940262733 9.775416355472677 False
4090 550.3222988410906 2417.9171426336147 214.95347877856491 52.935507218858 543 557 2410 2425 177.0 3.751187483900652 3.0282323453424325 -79.44902464509349 0.5901782067074803 -0.020709854561603513 0.8104254875809624 0.0 61.20095293711481 2.0238154 120.98179875526398 6.010735339086636 2.42112478862043 0.2954773918673977 7.506054213402069 129.74442722144852 9.373866419861585 3.6775213753460885 7.671708992168714 12.241645681800195 False
4091 559.0582928929273 2414.2629452553097 214.95343896532083 52.935432043987014 557 563 2412 2417 32.0 1.6284061083508765 1.417528100453975 -17.65565878799926 0.49216778292092855 0.04690783432402312 0.3335557084124099 0.0 6.111961770737975 0.90831375 38.002217437051996 3.2730004441822307 3.1576500312338815 0.268519329088068 3.1915382432114616 61.513301916641915 5.370021075822229 3.5002953303021536 6.197959651681488 9.983465927588169 False
4092 1306.4073485781682 2422.91270141671 214.946651245604 52.93073597508565 1294 1319 2410 2440 509.0 6.726355269578398 4.667313667734573 -61.12648517686578 0.7200863140582635 -0.07662399447688945 0.9122422853375214 0.0 152.22205249514172 3.5497823 222.453823414816 7.210774911399775 1.835249741228595 0.33711634820421893 12.728697186576065 229.3999226951289 11.69204587396205 4.701695944176131 9.26913329020256 15.547641217726277 False
4093 1294.6942758198084 2426.931296112726 214.94671387955285 52.93083201396951 1291 1299 2420 2435 100.0 3.332087723277754 1.9769520281723927 88.7879435858775 0.8049760413917304 -0.06455493110688607 0.6601687041983699 0.0 27.69319813236704 1.8153577 59.11192624098503 4.746213645234509 2.591096985629946 0.2780824270331184 5.641895835477563 82.35080031773423 7.57895538400446 3.155064473428256 5.931310273623109 10.997333786352572 False
4094 7101.546389667145 2430.294467671455 214.89469567171489 52.89398615976354 7079 7130 2410 2447 1226.0 6.884084397044837 4.715651880678057 7.267904248732241 0.728535681856906 0.04909361003801403 37.30125492462028 0.0 3568.825558802673 6.7058764 3583.034090406793 6.84283010929127 1.422690278340679 0.6837185586913235 19.75469363116845 3828.5754096570636 10.434719119817846 3.0621682143051636 5.77009119321068 10.60974726331165 False
4095 7120.6025093679855 2443.65402572675 214.89438460242786 52.89393723586521 7109 7131 2434 2453 316.0 4.799115950515536 4.0831580616769845 -33.555121841204475 0.5254659507610001 0.07135662049476708 1.6122244690778549 0.0 201.59212509178923 3.0589294 381.61650528229166 8.63338141494725 2.485234914923007 0.3028560097841592 10.02925341359355 488.47700271640815 13.974852907406074 4.692886180371703 9.467655080203063 19.841847228265966 False
4096 2995.143808139628 2444.082077861563 214.9313017862238 52.920131907936984 2990 3002 2438 2451 121.0 3.3973167276462966 2.0274274041712785 -52.078319159366444 0.8024099997926082 0.0324902221766144 1.2098352585702468 0.0 49.29989980201047 1.7435129 103.78032058753249 4.888854479979883 2.6330182543440515 0.34590387262726047 6.206085419025319 160.96282639558848 7.970293139093401 2.9850814107746064 6.863125001423793 13.211618640415814 False
4097 3004.438692681175 2444.790416799869 214.93121109218967 52.92007673256992 3001 3008 2442 2448 41.0 1.7022520082218886 1.6499526967948266 10.48867114950673 0.24597410891430438 -0.019288974037914047 0.41968229205766816 0.0 8.81151046916411 0.9778345 51.09526125129469 4.581526582185007 3.621791022137335 0.25948343531833556 3.6125759969217834 119.37354028980157 7.266105255653041 4.137669729238876 9.313390052195015 12.926569693696601 False
4098 6717.132293948317 2463.160098888886 214.8977882527474 52.89660461967733 6699 6736 2452 2471 543.0 5.80813410796545 3.713990273917274 -7.4707236451889605 0.7688357037951579 0.017539438781606832 8.11054851725529 0.0 744.4024631909003 4.225448 865.2471514304536 6.482830258704324 1.783849019039767 0.536020042874868 13.146949007195484 960.9579733517398 10.427010707571563 2.915681709731874 6.038710909149205 11.153126078456037 False
4099 6708.796334176137 2481.7800551823934 214.89766681954728 52.89675803338063 6672 6740 2458 2506 2090.0 12.185020810204911 6.26460225120698 22.092210205182596 0.8577163312110059 -0.21409300311353563 9.079811599489837 0.0 2377.6428377886605 8.154858 2524.6937546525696 10.565311992018323 1.5379326603314993 0.566370567266586 25.792783140330602 2698.6934175144174 17.091586894301095 5.052502813380789 10.681327995769568 19.141749966672663 False
4100 2960.922260257238 2459.922463008759 214.9314414788893 52.92043465824285 2952 2969 2454 2467 136.0 4.207520596876945 2.168840020644889 36.60807917221797 0.8569091443025451 0.10660942354318607 0.8938161986324193 0.0 51.51746859925174 1.8312173 136.9742894300401 6.077185808845559 2.854661520771721 0.24344876829360396 6.579524642479541 212.20284983138475 9.935491180324497 4.169547353414498 9.283128286650062 16.778458472992067 False
4101 2983.1896549772764 2467.919482118333 214.93115787801474 52.92033649283771 2965 3005 2460 2476 424.0 8.635502397189033 2.8671661846563903 9.611489777945852 0.9432720742328123 -0.022709949733242817 1.4240021195882262 0.0 233.14514745783885 3.3200371 380.9209682041039 8.121135196072043 2.331917441683495 0.32134766594270325 11.617374563210365 449.0269257768372 13.317724972833998 5.1786016405798945 11.162389641024621 20.094621173599407 False
4102 2094.1960076795463 2460.990054895397 214.93919293304606 52.92594175917301 2091 2098 2455 2467 82.0 2.969943329399913 1.8535180388546966 -85.05725743289894 0.781350821047184 0.11462623239698816 0.6709514779290544 0.0 27.290045873215945 1.460873 97.04733414128569 5.446205177193672 3.161503431696732 0.20793505335717405 5.108953969950291 169.30045000090317 8.508972643250651 4.083949863137887 8.817601657646161 13.745639820041685 False
4103 2101.4280942270684 2477.5753854756535 214.93895353538824 52.925985417804874 2091 2112 2465 2488 341.0 4.67394736539214 3.111687626447648 42.81600527769087 0.7461735022882959 0.051664719309711754 4.620911017319538 0.0 361.3127190128579 3.305714 433.0328082475527 5.49852306209789 1.8772472077139466 0.4788511966090247 10.418429401242426 503.99747146391235 8.373834257736325 2.683441040333655 5.223510760310447 9.769601140409057 False
4104 1168.534065691317 2462.281979946373 214.9474720467276 52.93182359127321 1163 1173 2457 2469 96.0 2.9025745115417614 2.0646364658036833 -49.98770519243018 0.7028762693614532 -0.01765934490302134 0.5840311721681881 0.0 24.23032726737135 1.5264928 56.56076122089229 4.722744740724487 2.7658809835451965 0.33861366183178115 5.527906391541368 57.0920710485748 7.530769177760716 3.0236909273096537 6.8284647266907035 12.228115254097851 False
4105 1165.3264240516903 2471.4032707698775 214.94740475101227 52.931893209609704 1164 1167 2470 2473 14.0 1.2597542572204858 0.8187114711212282 -45.49415120273942 0.7600216446296574 0.10521090034589464 0.349387225609539 0.0 2.9693437448575026 0.7273756 20.091590052687238 2.4170180028133 3.278594227901329 0.18680047047618925 2.111004122822376 26.300456048032395 3.7984949169596076 2.43287591250713 3.982455880330727 6.130815874175382 False
4106 2018.0482722061633 2493.96195816491 214.9395278897572 52.92660311386442 1987 2046 2472 2516 1944.0 7.45632795605336 6.499391096301444 1.854622761626396 0.4901090805208516 -0.07909950420211721 50.10117953144518 0.0 8087.713314280304 8.236211 8058.816363275557 8.119321940853434 1.4 0.6912043441925573 24.875578761936154 8472.42151209419 11.955725632585867 3.728013346069875 7.466272471577325 12.289672485812762 False
4107 1983.889683630705 2496.278904727867 214.93980947836286 52.92683242763039 1979 1988 2494 2499 45.0 2.2618990570539776 1.4362367594698724 -3.3265596412623233 0.772537261523284 0.06405856816390405 0.45088877588400006 0.0 10.76411674033321 1.1496327 99.98043317586436 5.048843339042394 3.6817466592614587 0.2315816844269493 3.7846987830302403 130.3401696772299 7.573308035375957 5.317561198893165 9.692608102425195 13.256238760726733 False
4108 9239.147889237822 2482.933915737391 214.87502810112667 52.88069410825246 9229 9250 2473 2492 332.0 4.371489622928025 3.9383693649311553 -25.777224465144055 0.43398190700429307 0.002641443018976654 2.7318451482061086 0.0 256.6010118172976 3.528497 344.3822084349273 7.132108722754469 2.044641023176862 0.3654953522977491 10.280023453913834 399.3203960910936 11.39575858860671 3.2510395678780424 6.613422428451846 11.45489825318528 False
4109 9249.938136497194 2491.7680377598554 214.87483866745768 52.88067322471226 9245 9255 2486 2496 76.0 2.661237024295928 1.9812943722784213 49.69329223406107 0.6676210327328195 0.045971021899905214 0.8018325463044755 0.0 32.57565231105673 1.6277046 73.03250475842765 5.105485658790288 2.6297943874174954 0.2312029370514736 4.918490759365935 96.43820917981355 8.228791354097355 2.9498294416113313 5.29800761811186 10.398408266455617 False
4110 2903.0679405857845 2496.410287731944 214.9315754346914 52.920998900566296 2891 2916 2478 2517 658.0 8.205603384558096 4.302254189865596 71.39218205945207 0.851529395158343 -0.027398250848508707 2.4381448339099596 0.0 423.98601796868377 4.1252427 615.7854280471099 8.663728442220892 2.067105842522727 0.35360419786633607 14.472315126092793 706.1910916585208 14.089955481481713 4.8810217496927 10.698473187652306 19.014245249704935 False
4111 2923.7314327396207 2504.4918598277022 214.9313053030363 52.92091137288454 2914 2932 2495 2511 207.0 5.01709938236536 2.7764717575817537 32.20327392840161 0.8329144394880149 -0.003492453550271995 0.8742956768456727 0.0 66.45581789874218 2.4686556 200.28420155542943 8.20971875648446 2.9728661670576026 0.28376544582636287 8.117274569709014 365.29278550668164 12.987031938918108 5.732967892466846 13.981837485950775 23.858974215148837 False
4112 2903.189815915337 2523.7248394326843 214.9312867719018 52.92114560666633 2895 2912 2512 2537 344.0 5.426111017437306 3.2835249856064586 -86.61181668945657 0.7961235338740618 -0.08780031150414877 2.0563731434980532 0.0 181.28819545482298 3.2131283 321.0876422868577 7.571332772509216 2.547175495248735 0.39217615676885514 10.464157913908982 492.7524535054148 12.283539602527108 3.910209712079616 9.61941472431125 21.32075424669791 False
