outputs/dr0.5_c0.1/nircam3_f115w_dr0.5_c0.1.ecsv
# %ECSV 1.0
# ---
# datatype:
# - {name: label, datatype: int64}
# - {name: xcentroid, datatype: float64}
# - {name: ycentroid, datatype: float64}
# - {name: sky_centroid.ra, unit: deg, datatype: float64}
# - {name: sky_centroid.dec, unit: deg, datatype: float64}
# - {name: bbox_xmin, datatype: int64}
# - {name: bbox_xmax, datatype: int64}
# - {name: bbox_ymin, datatype: int64}
# - {name: bbox_ymax, datatype: int64}
# - {name: area, unit: pix2, datatype: float64}
# - {name: semimajor_sigma, unit: pix, datatype: float64}
# - {name: semiminor_sigma, unit: pix, datatype: float64}
# - {name: orientation, unit: deg, datatype: float64}
# - {name: eccentricity, datatype: float64}
# - {name: min_value, datatype: float64}
# - {name: max_value, datatype: float64}
# - {name: local_background, datatype: float64}
# - {name: segment_flux, datatype: float64}
# - {name: segment_fluxerr, datatype: float32}
# - {name: kron_flux, datatype: float64}
# - {name: kron_fluxerr, datatype: float64}
# - {name: kron_radius, unit: pix, datatype: float64}
# - {name: gini, datatype: float64}
# - {name: equivalent_radius, unit: pix, datatype: float64}
# - {name: kron4_2_flux, datatype: float64}
# - {name: kron4_2_fluxerr, datatype: float64}
# - {name: radius_kron20, unit: pix, datatype: float64}
# - {name: radius_kron50, unit: pix, datatype: float64}
# - {name: radius_kron80, unit: pix, datatype: float64}
# - {name: near_border, datatype: bool}
# meta:
#   PHOTMJSR: 2.962800025939941
#   PIXAR_SR: 2.11539874851881e-14
#   __serialized_columns__:
#     area:
#       __class__: astropy.units.quantity.Quantity
#       unit: !astropy.units.Unit {unit: pix2}
#       value: !astropy.table.SerializedColumn {name: area}
#     eccentricity:
#       __class__: astropy.units.quantity.Quantity
#       unit: !astropy.units.Unit {unit: ''}
#       value: !astropy.table.SerializedColumn {name: eccentricity}
#     equivalent_radius:
#       __class__: astropy.units.quantity.Quantity
#       unit: !astropy.units.Unit {unit: pix}
#       value: !astropy.table.SerializedColumn {name: equivalent_radius}
#     kron_radius:
#       __class__: astropy.units.quantity.Quantity
#       unit: &id001 !astropy.units.Unit {unit: pix}
#       value: !astropy.table.SerializedColumn {name: kron_radius}
#     orientation:
#       __class__: astropy.units.quantity.Quantity
#       unit: &id002 !astropy.units.Unit {unit: deg}
#       value: !astropy.table.SerializedColumn {name: orientation}
#     radius_kron20:
#       __class__: astropy.units.quantity.Quantity
#       unit: *id001
#       value: !astropy.table.SerializedColumn {name: radius_kron20}
#     radius_kron50:
#       __class__: astropy.units.quantity.Quantity
#       unit: *id001
#       value: !astropy.table.SerializedColumn {name: radius_kron50}
#     radius_kron80:
#       __class__: astropy.units.quantity.Quantity
#       unit: *id001
#       value: !astropy.table.SerializedColumn {name: radius_kron80}
#     semimajor_sigma:
#       __class__: astropy.units.quantity.Quantity
#       unit: !astropy.units.Unit {unit: pix}
#       value: !astropy.table.SerializedColumn {name: semimajor_sigma}
#     semiminor_sigma:
#       __class__: astropy.units.quantity.Quantity
#       unit: !astropy.units.Unit {unit: pix}
#       value: !astropy.table.SerializedColumn {name: semiminor_sigma}
#     sky_centroid:
#       __class__: astropy.coordinates.sky_coordinate.SkyCoord
#       dec: !astropy.table.SerializedColumn
#         __class__: astropy.coordinates.angles.Latitude
#         unit: *id002
#         value: !astropy.table.SerializedColumn {name: sky_centroid.dec}
#       frame: icrs
#       ra: !astropy.table.SerializedColumn
#         __class__: astropy.coordinates.angles.Longitude
#         unit: *id002
#         value: !astropy.table.SerializedColumn {name: sky_centroid.ra}
#         wrap_angle: !astropy.coordinates.Angle
#           unit: *id002
#           value: 360.0
#       representation_type: spherical
#   astropy version: '5.1'
#   make_catalog parameters:
#     ab_zpt: 31.4
#     coadd_bands: !!python/tuple [f277w, f356w]
#     deblend_contrast: 0.001
#     deblend_nlevels: 32
#     deblend_npixels: 1
#     detect_kernel_fwhm: 4.0
#     detect_kernel_npix: 7
#     detect_npixels: 4
#     detect_threshold_nsigma: 3.0
#     flag_isolated_buffer: 4
#     hst_bands: !!python/tuple [f606w, f814w, f125w, f140w, f160w]
#     jwst_bands: !!python/tuple [f115w, f150w, f200w, f277w, f356w, f410m, f444w]
#     near_border_kernelsize: 21
#     reference_band: f200w
#   make_catalog version: 1.4.0
#   photutils version: 1.5.0
# schema: astropy-2.0
label xcentroid ycentroid sky_centroid.ra sky_centroid.dec bbox_xmin bbox_xmax bbox_ymin bbox_ymax area semimajor_sigma semiminor_sigma orientation eccentricity min_value max_value local_background segment_flux segment_fluxerr kron_flux kron_fluxerr kron_radius gini equivalent_radius kron4_2_flux kron4_2_fluxerr radius_kron20 radius_kron50 radius_kron80 near_border
[from data line 3869]
3870 9500.057444672102 671.7138221805188 214.78340687672656 52.814498691193016 9498 9503 669 675 31.0 1.4015625661213067 1.2643837320808675 -52.432624993474015 0.43147611779687806 -0.09193673144984663 0.5701426825491845 0.0 6.078025494399388 1.4683045 58.925522004321934 5.846323764262158 3.832344996897469 0.4137918353143598 3.141274657157109 66.20866527680327 9.352941081025385 5.234611870204831 7.92763396242597 9.993436283616681 False
3871 9494.165325758768 672.0063436146309 214.78345630830128 52.8145377328993 9492 9497 669 674 31.0 1.351624097933258 1.0765082015129164 -32.937361555241935 0.6046973834190026 -0.06064015466597338 1.4625045255943605 0.0 10.801169546094483 1.4208441 23.72146645365116 3.647581355850643 2.6950569255931605 0.5209224877357722 3.141274657157109 45.389755176184714 5.895971034636053 1.317770590315802 3.5323211786547617 5.370753115966679 False
3872 7867.944025100923 675.2406047259894 214.79791822303443 52.82489489813877 7859 7874 671 679 113.0 2.8778434312419097 1.5402859146955183 -3.7919049724060336 0.8447112607207353 -0.12875273380808808 3.036366961321076 0.0 47.95260801534585 2.466451 56.01464273617601 3.880711063031558 1.8208843852701724 0.578916159555458 5.997417539138688 64.15614903494685 6.158422971364361 1.2693783939376195 2.6188643203211863 5.751338555915862 False
3873 7856.243898786137 680.5383424766894 214.79796680177753 52.82499782450733 7851 7862 674 685 100.0 2.6298266554132996 2.1793168449926412 -52.6079838479907 0.5597045938962524 -0.026803238977104862 1.0595593230362426 0.0 35.339238361369844 2.3067663 70.74690472842371 5.68870265516551 2.376057214003182 0.3872664314403341 5.641895835477563 76.23737218882056 9.12061357229753 2.49544533381384 5.764618551811577 9.235969808531896 False
3874 6113.231378154799 690.897652252551 214.81340251529087 52.836134002650425 6107 6119 688 694 71.0 2.5667982507651335 1.5968517987292297 -1.3198276810723708 0.7829233666002783 -0.0972368584083304 0.8953970413581832 0.0 18.432296987340433 2.0756915 45.947082600167036 6.132451428547854 2.8801631910757006 0.3999340132359813 4.753945931439391 44.62952095597731 9.756515768308153 2.6675400605491104 5.653257886468385 11.948375737766495 False
3875 6102.96921518563 690.2207141866718 214.81350118271695 52.83619558547268 6100 6108 688 692 34.0 1.9991552333935427 1.145104697004829 -28.4143832253438 0.8196991548726174 -0.06973416567451796 0.6641659754716106 0.0 8.119100953061707 1.3652352 28.44050441219688 4.5972118100590835 2.9026991086538385 0.37199526467682176 3.2897623212397704 32.27341790820736 7.345436830921541 2.3545190900299535 5.024022908841871 7.523563803755089 False
3876 7041.371800735912 697.8994879411518 214.8050504214093 52.83027177417155 7033 7049 691 704 152.0 2.7851193557952763 2.4117874046053087 28.53769698260575 0.5001223129992656 -0.20731841024366032 1.393450774581907 0.0 51.880245165243025 2.8537679 65.85227273087418 5.135422318081634 1.953765803374125 0.5471202495859635 6.955796338302048 62.27654419613249 8.124692621009737 2.1281045845221738 3.60536419571212 7.249803611401658 False
3877 7049.463544945101 699.5532632823921 214.8049608573626 52.830229245190104 7045 7055 695 704 84.0 2.393805063499014 1.7479477887307748 -0.7205289676661866 0.6832373295589602 -0.1400451981758427 2.123229559303238 0.0 48.531339447784326 2.2145157 63.542567678769956 3.5534002726845593 1.65829855091085 0.45981960990054255 5.170882945826411 61.36579868213412 5.508010557060352 1.7946143521331395 3.236278549199402 5.271341007192817 False
3878 1335.397183539462 710.642624796202 214.85584555456464 52.866602845186016 1314 1357 694 731 1002.0 7.744571696682997 5.326646767848337 -27.07699117282984 0.7259087617391541 -0.2078392123921052 17.787776176405764 0.0 1197.6389116886069 8.477442 1362.2533011015084 11.985801493685583 1.617019034121913 0.574558676672565 17.859073490978144 1460.369378936288 18.799548931440853 3.2222618370861937 8.161406545490676 15.479391666201783 False
3879 1319.880322634768 721.2550990134794 214.8558724783107 52.866758656949585 1309 1329 710 729 213.0 4.391846721141084 2.5621545596247395 27.330738022707326 0.8121929631680677 -0.040039921315572824 3.801012762219724 0.0 133.87703892697613 3.7371163 245.82097868655217 9.042833571554052 2.3861278618430672 0.4951734031760345 8.234075889688375 286.9745270870945 14.379744254409227 3.3170355782820455 6.899123359516091 14.690256138317938 False
3880 9401.539467083348 700.7354149805034 214.78397952667095 52.81528145177206 9397 9406 697 705 63.0 2.011742640255053 1.9006699670676754 -64.6977359801169 0.32768270175816866 0.011332876302648074 1.6980809386743454 0.0 31.651731291987083 2.1156256 93.15830153621022 6.456157950000688 2.9231824751832156 0.3301885785680578 4.478115991081385 148.37376140104573 10.281630829103321 2.80120631464545 7.0394973047094584 11.70066799285949 False
3881 9386.446439828986 708.65966401125 214.78403066614942 52.81542010520591 9376 9400 699 718 302.0 4.06725468526838 2.6735977847990515 -22.547806610634996 0.7535880061813106 -0.02380666415535135 24.876559755778437 0.0 437.8090002458443 4.7127914 539.6119337686654 6.549666078297124 1.774055934265035 0.663638340535968 9.804569629897316 623.401924079934 10.296155124891294 2.0624932446689788 3.983028765747732 8.863299410498858 False
3882 9375.098091269603 717.3402254381041 214.78404047610186 52.81553902129178 9361 9389 705 731 425.0 5.846340314559455 3.2479457753441063 -34.245499820194134 0.8314818268232882 -0.10511324348396085 6.208452747303527 0.0 443.6309466680425 5.472579 610.0984167216002 10.342359079617216 2.0925554274674454 0.526032102599551 11.631066229203196 768.3382819216059 16.35112183275592 3.4740205011831424 7.382829288660409 13.443015355334865 False
3883 2548.540094563256 707.2504238320113 214.8450461118858 52.85887665901324 2541 2556 703 712 108.0 3.9557628061335324 1.7118591875654259 -13.917623910521154 0.9015136258581232 -0.13728827991953124 1.20291404959878 0.0 29.304621871511806 2.6421154 47.17001396304793 6.87824450551539 2.390736483212166 0.44510577518841715 5.863230142835039 59.727998458377684 10.974664591471457 2.8323318386415055 5.5275911925249375 11.431959478737069 False
3884 2556.2086597592083 710.6649582781133 214.84494169870564 52.85884634251156 2553 2559 707 714 37.0 1.4779264302232331 1.2186896044134572 -34.5780587980162 0.5657246312755612 -0.26159975984899053 0.8501368111369426 0.0 10.420021525836102 1.5062808 24.670808699390413 4.202249967302689 2.8331177546726747 0.43523390738833045 3.431831258788849 33.93637353392582 6.738950492906386 1.6671528180995627 4.694083883529758 7.904884973948031 False
3885 6464.045556118027 729.865725966854 214.809863185031 52.83411401591849 6454 6474 722 737 230.0 4.393274672797502 3.5106229115566605 1.0929443619201953 0.6012111016459709 0.06105598031282395 1.3900759987067826 0.0 108.1831145598442 3.7047071 592.2290242508877 14.05731752372412 3.4563440244765955 0.27510010897071757 8.556358677747903 862.5338489850132 22.49027182788365 9.470892189746086 20.176843717508902 27.910700828139653 False
3886 6487.441112210346 745.4512751010202 214.8094905117923 52.83404928063913 6453 6521 717 774 2298.0 12.311907224739668 10.023372022330447 -4.39560574403238 0.5806964320711447 -0.08700022520953936 6.361534840302014 0.0 2307.4954270849203 11.784825 3171.9432268244254 22.686744924258374 1.97327016806022 0.3897259908940772 27.045815174447064 3355.853192820186 36.22371904642405 8.08938280315322 18.042064736260087 32.96365750791508 False
3887 6507.863875409778 760.9515244737188 214.80914525306585 52.83400298188084 6503 6516 753 770 157.0 3.9285129629737563 2.718528023543121 -60.22083848931315 0.7218982186970467 0.07539723286833974 1.7904735777928142 0.0 96.54030578170708 2.987709 538.4627659982191 11.460909447933561 3.4348622845556958 0.3061407980579298 7.069275219628611 822.2526049140591 18.07696114863239 7.904149394811365 17.83211616686314 24.123531712311898 False
3888 2255.1371954412284 738.1939621732604 214.84734062802323 52.86090777533312 2251 2258 734 744 57.0 2.3054234053544564 1.3210784343026056 -71.60166908345074 0.8195338880874726 -0.3929378805576566 1.5174953345968347 0.0 17.805624437211932 2236068.0 28.403855857228887 10014849.799094722 2.287854402032667 0.5519645340993299 4.259537945889915 46.58981833604184 16677619.707464034 1.48916570913166 3.444152005634466 6.989947947778957 True
3889 2254.4602251561496 747.6241894116687 214.84724742986356 52.860962923419386 2251 2264 742 758 164.0 3.0226788215786757 1.8174639595479722 -84.91403068150088 0.7990414756872546 -0.18949890478997283 0.6949283933800837 0.0 14.944410510667606 9110434.0 57.08350870226454 19227693.663245488 3.0887205095242662 0.7586553549186217 7.225151993843567 73.78668797970634 inf 4.072898919945875 9.575913044537392 11.958980405353273 True
3890 8346.740240623189 744.4845218618976 214.79292103827103 52.822223852121155 8341 8351 740 749 76.0 1.9195416732829669 1.2056701475207026 -31.610494079233195 0.7781300975302936 -0.31879060887574184 2.137380319225931 0.0 26.61440210353908 2.142034 26.565983607480014 2.311303237816197 1.4 0.6671297512170246 4.918490759365935 27.83717984545816 3.733401723499446 1.0395722999744126 1.8471103593173546 2.822621198298783 False
3891 8340.962221262356 751.1838942448087 214.7929020609594 52.82229667865651 8337 8346 745 756 85.0 2.0627530333228696 1.492460232606229 -81.19127218847446 0.6902947001697477 -0.25302504829290834 2.710801675543154 0.0 29.199605577557705 2.2856805 36.1182155742196 3.9753796446397582 2.1093009242370475 0.6275243371383505 5.201570947860099 38.5353354419313 6.345542717365492 1.107292120583956 2.22213900837899 5.068221451812594 False
3892 3758.5910800371944 759.0701596916758 214.83369709834435 52.851466772110655 3755 3763 754 765 79.0 2.6358090224327952 1.8838788970479334 -79.40230486695573 0.6994054726765409 -0.0511297072088625 1.546054970635215 0.0 37.177897969801904 2.4049168 50.14249302413226 4.981238141853868 1.8680603078266966 0.407218787841017 5.014626706796775 58.80076726529646 7.876672043636578 1.935252867451004 3.624769669921066 6.036232244511065 False
3893 3762.709722037484 772.1839587374257 214.83352233032414 52.85151129068702 3757 3769 765 779 123.0 3.453884002053338 2.494414080730291 57.354559828425025 0.6916785318907245 -0.19466864908672726 0.9698994454461854 0.0 42.29254474277994 3.075976 64.83749140378742 6.454238153015338 1.836480707710497 0.3282621431829368 6.257165172872317 66.38976811785979 10.211514699757942 2.9167091952539974 5.362778676020822 8.079459590471119 False
3894 1275.871087821041 768.3950072495259 214.85576949748997 52.867292467180775 1265 1285 760 779 262.0 5.082412381831474 2.3668621852036793 -39.63703789354885 0.8849444464102211 -0.10081662764943118 2.285413045450077 0.0 159.3977804557079 4.3020115 209.59178462693538 8.033154810393329 2.050107737288284 0.4668937995828487 9.13220620552083 244.1874686121186 12.679890192884738 3.0106144085516355 5.645607911698681 10.824647254146997 False
3895 1262.049381760678 797.1895953134159 214.8555899193033 52.86753555852349 1246 1280 778 814 913.0 6.99449084190538 5.929841921641194 -41.62264154964812 0.5303360733727418 -0.17535521132774648 7.258341041866126 0.0 690.3484702741282 7.9492345 795.17154378479 12.753989840206172 1.7640531600782923 0.48649642579456676 17.04749031634278 912.3096053590816 20.32702608139706 3.6789437291957157 8.446265798305873 15.025724334774717 False
3896 1256.113435679673 813.0488483905752 214.85547603381826 52.867658794008506 1251 1262 810 817 65.0 2.0251035468883805 1.7666638620579116 20.660845473598588 0.4888247780523316 -0.023944589983828524 1.2743655314580715 0.0 37.095750634124414 2.1024184 61.003427395210544 4.753357481362957 2.2589940836668556 0.36902054931884415 4.54864184146723 69.29461561302219 7.587541165113641 1.9346316127096936 3.5511569172398882 7.549045464904461 False
3897 9353.459775582149 770.9315054060911 214.78366948720588 52.815965269282415 9353 9354 769 773 7.0 1.4012334458429596 0.41243753236738145 -77.94078281974092 0.9557011054764806 0.025606243666408582 0.4087544844731802 0.0 1.6355155828683985 0.6685488 24.701983361296193 3.180172602037128 3.695726872359591 0.36889847280262417 1.4927053303604616 52.924877615778854 5.112030520488737 2.675858889469674 4.762343249713717 6.962589458165462 False
3898 9353.712915521537 777.1959211365335 214.78360132309706 52.81599740140728 9352 9356 774 781 31.0 2.0251730952845937 1.0754704623809335 84.69114009847793 0.8473397762658802 -0.07963599449012101 0.4915620422495652 0.0 6.329096918488413 1.425324 73.74191071452842 6.30801165488005 3.7708542377612564 0.3637428625702843 3.141274657157109 120.87280259510845 10.023936920701848 5.615813382770633 10.08253950449163 13.807751139006932 False
3899 2676.3675381032226 791.1825862677707 214.84302135938938 52.8585169538868 2657 2692 781 808 570.0 6.293155449664299 3.143674134191384 8.572255762274677 0.8662916228345462 -0.20130878250194145 9.000890283283894 0.0 581.0531980762566 6.3967533 641.2548505696418 9.066411090623658 1.7606677096090115 0.6357053413549925 13.469841688927183 754.8262089443272 14.25847061731546 2.536159781303508 5.509857808473763 10.91913286914702 False
3900 2625.437008530054 790.4448509976934 214.8434839113316 52.85883659904401 2602 2656 780 803 813.0 9.512689089458679 4.460743760038429 7.550145325426569 0.8832376520521344 -0.19458852069106988 6.120183095381253 0.0 328.9349391346734 7.351572 644.4011013777922 17.609577556116772 2.580255563588338 0.5355060072358885 16.086824965400158 957.2730009584561 29.181749566069954 5.67249119449509 16.260349672702134 33.287398038572725 False
3901 2611.7173593430903 859.9185767817778 214.84287527576575 52.8592983454821 2535 2699 776 937 17436.0 19.958976335441864 17.568894733947918 43.28699571378271 0.4745096675633704 -0.3767800184013519 208.66671363931113 0.0 21331.621156801582 35.363 20887.421941089484 31.569912290657722 1.4 0.7653121637415744 74.49866559543584 22174.179656293705 48.11078439877059 4.616487137412075 13.900340400688217 31.34386262932194 False
3902 2702.4527166657363 881.1885786218335 214.84184120267636 52.85883646505945 2686 2716 868 893 524.0 4.704416189321428 4.062006966927158 1.3145116236618406 0.5044421439150442 -0.3482648801743862 4.491624239691013 0.0 184.85773934157447 5.926713 252.39870305473832 10.701659030375161 2.151991948726258 0.6146150127594697 12.914889870235298 354.25785325913597 17.0188367150159 2.540036889432749 6.092207657056849 15.577343215584373 False
3903 2577.8722394616816 919.9486792950495 214.8425457293668 52.85983705646914 2566 2589 909 929 330.0 5.271234055684001 3.8656864365272274 40.32339122183763 0.679845777384201 -0.29609775086141454 0.7667607760613142 0.0 46.47789131355978 4.498177 195.07139113987915 15.7711101054104 3.2666107696661926 0.464026100782135 10.249012754438885 327.8949235128051 25.461455663036254 8.374141693533254 24.238692557775423 35.48814977366449 False
3904 4124.721103010412 778.2563534630895 214.83022704054778 52.84924342267531 4122 4128 776 781 21.0 1.7650066229475085 1.1539670352253728 5.8543315704384895 0.7566646108756199 -0.05001637320416708 0.5232463069494321 0.0 4.912109898989386 1.1797388 49.17230584258675 5.253788186464689 3.2692029912404768 0.3540212343274248 2.5854414729132054 71.87964508333845 8.359019872323183 3.5588319147279486 6.239320811859576 10.110590496799304 False
3905 4130.549431504412 784.6714363359392 214.83010751056446 52.849240962268645 4125 4136 780 789 82.0 3.051433643520209 1.8316004787559819 -26.056083527347702 0.7998179888613236 -0.1543946406601728 0.7162039525983456 0.0 19.932841801496696 2.3155704 88.72619189841181 8.707426360571622 3.2845683926404066 0.38687007847701627 5.108953969950291 112.55042222957952 13.89035320859444 5.053775482846888 9.464686610308242 12.83321564637864 False
