outputs/dr0.5_c0.1/nircam3_f125w_dr0.5_c0.1.ecsv
# %ECSV 1.0
# ---
# datatype:
# - {name: label, datatype: int64}
# - {name: xcentroid, datatype: float64}
# - {name: ycentroid, datatype: float64}
# - {name: sky_centroid.ra, unit: deg, datatype: float64}
# - {name: sky_centroid.dec, unit: deg, datatype: float64}
# - {name: bbox_xmin, datatype: int64}
# - {name: bbox_xmax, datatype: int64}
# - {name: bbox_ymin, datatype: int64}
# - {name: bbox_ymax, datatype: int64}
# - {name: area, unit: pix2, datatype: float64}
# - {name: semimajor_sigma, unit: pix, datatype: float64}
# - {name: semiminor_sigma, unit: pix, datatype: float64}
# - {name: orientation, unit: deg, datatype: float64}
# - {name: eccentricity, datatype: float64}
# - {name: min_value, datatype: float64}
# - {name: max_value, datatype: float64}
# - {name: local_background, datatype: float64}
# - {name: segment_flux, datatype: float64}
# - {name: segment_fluxerr, datatype: float32}
# - {name: kron_flux, datatype: float64}
# - {name: kron_fluxerr, datatype: float64}
# - {name: kron_radius, unit: pix, datatype: float64}
# - {name: gini, datatype: float64}
# - {name: equivalent_radius, unit: pix, datatype: float64}
# - {name: kron4_2_flux, datatype: float64}
# - {name: kron4_2_fluxerr, datatype: float64}
# - {name: radius_kron20, unit: pix, datatype: float64}
# - {name: radius_kron50, unit: pix, datatype: float64}
# - {name: radius_kron80, unit: pix, datatype: float64}
# - {name: near_border, datatype: bool}
# meta:
#   PHOTMJSR: 0.3925000131130219
#   PIXAR_SR: 2.11539874851881e-14
#   __serialized_columns__:
#     area:
#       __class__: astropy.units.quantity.Quantity
#       unit: !astropy.units.Unit {unit: pix2}
#       value: !astropy.table.SerializedColumn {name: area}
#     eccentricity:
#       __class__: astropy.units.quantity.Quantity
#       unit: !astropy.units.Unit {unit: ''}
#       value: !astropy.table.SerializedColumn {name: eccentricity}
#     equivalent_radius:
#       __class__: astropy.units.quantity.Quantity
#       unit: !astropy.units.Unit {unit: pix}
#       value: !astropy.table.SerializedColumn {name: equivalent_radius}
#     kron_radius:
#       __class__: astropy.units.quantity.Quantity
#       unit: &id001 !astropy.units.Unit {unit: pix}
#       value: !astropy.table.SerializedColumn {name: kron_radius}
#     orientation:
#       __class__: astropy.units.quantity.Quantity
#       unit: &id002 !astropy.units.Unit {unit: deg}
#       value: !astropy.table.SerializedColumn {name: orientation}
#     radius_kron20:
#       __class__: astropy.units.quantity.Quantity
#       unit: *id001
#       value: !astropy.table.SerializedColumn {name: radius_kron20}
#     radius_kron50:
#       __class__: astropy.units.quantity.Quantity
#       unit: *id001
#       value: !astropy.table.SerializedColumn {name: radius_kron50}
#     radius_kron80:
#       __class__: astropy.units.quantity.Quantity
#       unit: *id001
#       value: !astropy.table.SerializedColumn {name: radius_kron80}
#     semimajor_sigma:
#       __class__: astropy.units.quantity.Quantity
#       unit: !astropy.units.Unit {unit: pix}
#       value: !astropy.table.SerializedColumn {name: semimajor_sigma}
#     semiminor_sigma:
#       __class__: astropy.units.quantity.Quantity
#       unit: !astropy.units.Unit {unit: pix}
#       value: !astropy.table.SerializedColumn {name: semiminor_sigma}
#     sky_centroid:
#       __class__: astropy.coordinates.sky_coordinate.SkyCoord
#       dec: !astropy.table.SerializedColumn
#         __class__: astropy.coordinates.angles.Latitude
#         unit: *id002
#         value: !astropy.table.SerializedColumn {name: sky_centroid.dec}
#       frame: icrs
#       ra: !astropy.table.SerializedColumn
#         __class__: astropy.coordinates.angles.Longitude
#         unit: *id002
#         value: !astropy.table.SerializedColumn {name: sky_centroid.ra}
#         wrap_angle: !astropy.coordinates.Angle
#           unit: *id002
#           value: 360.0
#       representation_type: spherical
#   astropy version: '5.1'
#   make_catalog parameters:
#     ab_zpt: 31.4
#     coadd_bands: !!python/tuple [f277w, f356w]
#     deblend_contrast: 0.001
#     deblend_nlevels: 32
#     deblend_npixels: 1
#     detect_kernel_fwhm: 4.0
#     detect_kernel_npix: 7
#     detect_npixels: 4
#     detect_threshold_nsigma: 3.0
#     flag_isolated_buffer: 4
#     hst_bands: !!python/tuple [f606w, f814w, f125w, f140w, f160w]
#     jwst_bands: !!python/tuple [f115w, f150w, f200w, f277w, f356w, f410m, f444w]
#     near_border_kernelsize: 21
#     reference_band: f200w
#   make_catalog version: 1.4.0
#   photutils version: 1.5.0
# schema: astropy-2.0
label xcentroid ycentroid sky_centroid.ra sky_centroid.dec bbox_xmin bbox_xmax bbox_ymin bbox_ymax area semimajor_sigma semiminor_sigma orientation eccentricity min_value max_value local_background segment_flux segment_fluxerr kron_flux kron_fluxerr kron_radius gini equivalent_radius kron4_2_flux kron4_2_fluxerr radius_kron20 radius_kron50 radius_kron80 near_border
[from data line 2500]
2501 7381.828967738192 3273.1016685712743 214.77491019716626 52.84197922710529 7380 7384 3271 3276 24.0 1.510934282999792 1.0791332688924986 51.580394687863965 0.6999254724487922 0.09033083120967829 0.34418030031369223 0.0 5.804735159299252 3.7659454 11.279417261163623 9.306353202164114 2.166019521692172 0.18003478818505533 2.763953195770684 14.91447051511163 14.804587595216743 1.529140137290328 2.6626399712531277 3.9461946747653185 False
2502 1541.145282136944 3275.6433663057232 214.82700434852757 52.87912430468105 1538 1546 3272 3278 40.0 2.208392358942875 1.1911829468099613 -22.470935907724694 0.8420565960403295 -0.09366667531201887 0.3067693933949695 0.0 6.84915123242838 4.8768497 17.609814042181085 12.170889189121423 2.1981114837689897 0.31462195257667513 3.5682482323055424 22.30422137387778 19.445213211169058 2.1448809932058177 3.613701321242877 5.055822583429998 False
2503 7882.596838041322 3274.282848255572 214.7704331732175 52.83880096012699 7881 7885 3272 3277 25.0 1.7110899559873076 1.1064198680804798 -63.314874763588136 0.7628148167952891 0.15354525737480976 0.3045595698233298 0.0 6.181362299224316 3.7600195 57.46205264232407 16.830348742157913 3.583974124557349 0.10869175816328176 2.8209479177387813 103.83650294425838 26.653093258245047 4.008251485552563 7.067656473049861 9.826303045329592 False
2504 3103.3757144133165 3275.1437777363176 214.8130598893725 52.86919217345261 3102 3105 3274 3276 9.0 0.9410362287510128 0.6963721480937595 -19.00014044176784 0.6726006269885192 0.2673829718147609 0.3520904592491142 0.0 2.747861732387378 2.3313987 12.064174401513249 8.753639769638816 3.1426516925244483 0.06557329406825782 1.692568750643269 17.8936406754049 14.125689305269313 1.582137412060405 2.7887891519113595 4.284802311589824 False
2505 6065.55462140151 3279.874190754645 214.7865772366616 52.8503857408948 6064 6069 3275 3281 33.0 2.252022467172373 0.7903329082167447 -89.81785706784846 0.9363965924240847 -0.13988615274741276 0.07262596729520522 0.0 -1.9055120881841325 4.500572 14.131123876588473 18.732801218702974 4.148937650343976 -0.3816845891908638 3.2410224072142872 15.964401236210477 29.64842857243026 5.6915156437379135 20.243587965445155 22.518633683910952 False
2506 8743.359375676568 3279.5937673888675 214.76270467624704 52.83335515460073 8741 8746 3277 3282 27.0 1.741875831033584 1.153469655683388 -41.845453138791264 0.7493274017996489 0.14624965535252393 0.3533632166356846 0.0 7.3401503317640895 3.8707423 20.5336159023691 11.519632082234656 2.4279480658940504 0.12566285056395698 2.9316150714175193 20.175217009140532 18.449584518326553 2.1108394219562783 3.5787722741490455 5.077020593067946 False
2507 9109.135022774488 3278.5545966540944 214.75945578609452 52.83102309574791 9107 9111 3277 3280 16.0 1.1119728136734064 0.9757271396202479 -5.571544860885977 0.47962435950801935 0.0820573941465276 0.21755248676648928 0.0 2.512437519965495 2.9710062 5.181621964251711 8.439510962873209 2.459759265332185 0.14557823310368803 2.256758334191025 6.48318995140971 13.73396655352122 1.305949801435901 2.3155123114014247 3.6220798922441007 False
2508 1723.3356542410738 3279.6806695680234 214.82533465969016 52.87798815923814 1722 1725 3278 3281 10.0 0.9515963048885281 0.8650507608729406 -72.34304790003605 0.41668214386983154 0.05901716507742735 0.12095436603012923 0.0 0.9107058273534107 2.4074595 4.196022819674635 9.763105305520032 3.160998923200578 0.10939606576273385 1.7841241161527712 2.9419065859949742 16.092238275106936 1.6921035846801515 2.673759109101349 3.472145143226045 False
2509 4058.26014261629 3280.0895384894184 214.8044844455543 52.86314883055658 4058 4067 3278 3281 29.0 0.8263383883878015 0.45642855113870706 -56.35998801833825 0.833611871618068 -0.12850871559765034 0.05764171019401774 0.0 -1.5677300300588126 3.9883206 0.6265771092895355 4.61600619638505 2.284030529267873 -0.3398338209434979 3.0382538898732494 -2.4116820473146454 7.425057771960306 1.0479068605568627 1.7419518243559737 2.5309217699766546 False
2510 7086.679140962344 3282.8993445994283 214.77743875236428 52.843908918207816 7083 7092 3278 3287 77.0 2.609655937001866 1.8494178425912782 -89.0412976643529 0.7055274088470873 -0.10228182659741412 0.28007299923434664 0.0 11.351807986539397 6.637579 34.99696008780296 18.23455005999899 2.4738068191376508 0.2964895549109467 4.950743503369154 73.13763863831204 29.32449404139429 3.377194704866194 6.2467087855198065 8.401602050605355 False
2511 2677.5627267131167 3283.702944317586 214.81677136262226 52.8719449032734 2674 2679 3279 3285 29.0 1.1234398231780587 1.023449584093032 -46.88967755714886 0.4124144044388174 -0.06440629660448619 0.2712592468861617 0.0 1.7413577760427157 4.195222 9.902033878548162 11.448403368914262 3.0595270251164086 0.6367680426129204 3.0382538898732494 17.551878221095578 18.509017006079393 1.8978362370808253 3.53875716832043 5.781998807276791 False
2512 9400.933559278918 3284.765864061507 214.75679010843442 52.82920052980252 9395 9407 3279 3289 104.0 2.739572161031649 2.4707101555852544 5.003306112352236 0.43202870219423745 0.10106156343445856 0.7005052613346777 0.0 38.41316468229585 7.7567897 78.8382157393123 18.599743004935235 2.1369822838611916 0.2268996641481953 5.753627391751592 84.92417184331835 29.80697804185303 3.077860877966999 5.7704208497195255 8.707466806735217 False
2513 9282.86023527562 3285.064534063418 214.75783911737804 52.82995315956913 9278 9288 3280 3290 90.0 2.539022093136014 2.2707146643966762 -87.19978130758412 0.4474149819243878 0.06435072499014068 0.5647749497434886 0.0 29.48324271457964 7.357462 54.157883535730676 14.976460919843069 1.838672691844632 0.21147429723802727 5.352372348458314 39.88297500606503 23.752521900453797 2.6753521898759614 4.948727326603691 8.09429186705271 False
2514 138.32606339569227 3283.8251707800355 214.8394499013166 52.888083249567224 138 139 3282 3285 6.0 1.0887536827979 0.41222292806422856 77.20314757150258 0.9255525836335291 0.3938313240301021 0.4166677044367525 0.0 2.4261678454085223 1.8613973 49.419606527632 9.136545992985383 4.054379595930605 0.012660229363574966 1.381976597885342 103.60148312328435 14.77693580070771 2.8084882841217875 4.485724915496675 5.760705662299505 False
2515 1394.2875988471062 3286.4956245268763 214.82820173660295 52.88011613455035 1391 1396 3282 3288 33.0 1.3026906349591467 0.8191132125029269 -9.798979183893923 0.7775786601431004 -0.1639856513271538 0.23954511738162945 0.0 0.8252124634243763 4.5941286 4.721456277084029 5.080687162676432 1.4 0.6067653973530506 3.2410224072142872 3.710921768045529 8.266425609486106 1.2252459730402023 2.093225023876902 3.0025815181947757 False
2516 7628.644408355324 3284.6214147565543 214.77258835252238 52.840471665066914 7625 7632 3282 3287 37.0 1.851429728270944 1.37151316145603 6.878469626027954 0.6717411340709101 0.0388715266692873 0.23865728751107002 0.0 6.143845529560823 4.9310846 17.35440595188979 16.337582379147502 2.8456705730568834 0.1717095857869828 3.431831258788849 29.17147772524822 26.475006850492257 2.3680985175050893 5.393162957829866 9.257875210058108 False
2517 1347.4833227550498 3285.1810278882276 214.82863362925104 52.88040650414509 1346 1349 3283 3287 17.0 1.195854341267577 0.9934348510090629 -61.95028500964915 0.5566720874232851 0.09041431627724184 0.41767208392518285 0.0 4.996171487707007 3.3835578 14.757665633516531 10.691337873244782 2.786916256743841 0.18005445937283582 2.326213245840639 -4.8480295680459315 16.96208406544613 1.669042046653831 2.9134937305623247 4.258477761703973 False
2518 2910.987073708993 3287.7219937651794 214.8146449991219 52.87048285596127 2909 2913 3283 3290 17.0 1.643747812659593 0.8936267783245893 63.687045702862385 0.8393107338004107 0.034073900932043835 0.17101446266716053 0.0 1.922196037865106 3.3109014 30.667081790578678 15.4790613993843 3.7168003410563393 0.22749882600096802 2.326213245840639 77.65233640031997 24.90917016914783 5.469755557332443 9.402403641411047 10.846378709063925 False
2519 9830.506335479913 3293.4539773704237 214.752871022742 52.826514867062556 9821 9841 3283 3304 312.0 5.239639470800726 3.6734289688092985 -51.10979160948868 0.7130784001658382 -0.01916273283534512 0.613127068561075 0.0 90.34433706149854 13.538016 150.46976287561364 31.987727876350686 2.1670000081892526 0.2870254558188136 9.965574970333758 202.97092843104338 51.46647146472784 4.533480938467059 8.463297363282345 14.088004066143164 False
2520 8005.463624328142 3288.7518947617928 214.769185523983 52.83809748006564 8003 8008 3285 3292 37.0 1.9332842859930996 1.367534917912648 -69.8328090980372 0.7068498765436719 0.19262687142071622 0.5639845307692254 0.0 14.893167029678926 4.5256934 63.85695728136222 16.858275595475746 3.114118016626482 0.14213545645808454 3.431831258788849 112.16102185557673 27.199732945770812 3.0660509900659147 6.579846181305194 10.3384073701712 False
2521 211.93406033590267 3289.497089204535 214.83873248156027 52.887646085410566 209 214 3286 3292 29.0 1.618924842519393 1.3277357504944747 55.32769787985959 0.5721711042115972 0.0684978698742493 0.3401676736355354 0.0 6.508561795510196 4.0887003 71.167137875484 18.971468412890026 3.8178179005674457 0.1520629895063366 3.0382538898732494 103.09957559956294 30.38612710838786 4.4591708570526105 7.402111711559111 10.502729741398909 False
2522 3915.583187622748 3292.6628960436374 214.80562544143112 52.86412358390644 3906 3926 3286 3300 222.0 3.962436122573667 2.9700886655013474 0.7691012646926119 0.6619349647305977 -0.013354723768837874 1.0352223947077106 0.0 91.6231194644175 10.974156 132.2635100117177 21.09971719570606 1.8822773571182156 0.3634956073600985 8.406235467365967 130.3188379032768 33.88785141596969 3.0510842804701657 5.751312674303273 10.562424971358453 False
2523 6639.588149255992 3289.0741699253654 214.78136066813136 52.84678522022631 6639 6640 3288 3290 6.0 0.7644397629104188 0.47499838124280813 -77.57562443983927 0.7835188892419426 0.010692000385328738 0.04237188794079048 0.0 0.173726786781879 1.9753735 3.6882504220181795 8.592194136152791 4.046899761880601 0.20448060768128765 1.381976597885342 4.190182269469541 13.662734542230025 2.1793553286212037 3.11887543737093 3.7965893146335166 False
2524 1181.2339065246836 3290.8024688809464 214.83005938950987 52.88149335985631 1179 1183 3289 3293 19.0 1.2824759535357737 1.078769817625052 -49.895869325417124 0.5407834861345436 0.0325843244305812 0.1128755281030129 0.0 1.4297666770608786 3.3763413 22.72970152133736 16.105763961334105 3.8692605397008415 0.15666424446074353 2.4592453796829674 23.756389767768045 25.378340709978872 4.480177783810987 7.49062298377737 10.12646541308532 False
2525 6673.88589424261 3295.3113223151154 214.78098913043675 52.846600719462955 6666 6682 3289 3302 176.0 3.42940592211524 2.820154474890726 19.155926892557137 0.5689893348187182 0.14668543135982287 2.604169059449655 0.0 176.57954482746374 10.039391 235.6786873728151 16.698396961144013 1.5758372175588027 0.32159700264567614 7.48482063701911 224.81592092853225 26.6049302645039 2.617389616917081 4.949736279472437 7.9615573615003346 False
2526 6067.54887901757 3291.002291102039 214.78644228080964 52.85043300211972 6067 6069 3290 3292 8.0 0.7948302572468705 0.6639547979589747 74.52608453848586 0.549731180736766 0.059421738704346895 0.2935877751016847 0.0 1.4971739603887908 2.1037447 21.522576147790748 9.414513344465348 3.8238541246748325 0.27633517316131045 1.5957691216057308 24.90777571000818 14.879579054771375 2.603612109756273 4.398338085173001 5.936617543649186 False
2527 8780.939064058277 3294.4501535994873 214.76221334055137 52.83319613072105 8780 8782 3292 3295 11.0 0.8478564212990601 0.45003172373061767 -32.39384706562807 0.8475048452248065 -0.03660724097964902 0.07485102258725297 0.0 0.19075796177064913 2.4767587 9.610739434484444 8.988978996485354 4.366300004370825 0.5865466809676388 1.8712051592547776 19.279349167217596 14.431125946476955 3.231984018044891 4.623555164509462 5.625131845977536 False
2528 805.8217698314298 3295.149527396623 214.83336710223637 52.8839025590963 804 808 3294 3300 28.0 1.199059522907914 0.9750281049405061 46.560852600399464 0.5820392112993545 -0.06412124696028872 0.20351484748955373 0.0 1.4581179301361724 4.405597 2.7260498122445385 5.526556106673684 1.4 0.5952633999724212 2.985410660720923 1.2217403726159703 8.669383267391144 1.048658575375576 1.798411207434657 2.732100258123906 False
2529 1293.7099390860394 3294.639833099299 214.82901432026708 52.88079923417627 1293 1294 3294 3295 4.0 0.509227217321215 0.4207848923533056 -53.672370957783706 0.5632001596650967 0.02198957430479861 0.1399292421335891 0.0 0.33718995612764785 1.5114257 6.704735517336104 6.235243412031848 4.021319389555969 0.3731408475849282 1.1283791670955126 12.855711680994455 10.122461050750788 2.044528769378055 3.298327684877256 4.278074653552355 False
2530 679.8231355067356 3307.794811323701 214.83435953660546 52.884771434363955 673 685 3298 3314 173.0 3.5832207406287138 2.7983638042100414 -67.43910983036828 0.6245769474554425 -0.10795503769503333 0.5201888354247285 0.0 33.47445438782794 10.142175 35.17293786023346 15.260987262754238 1.4 0.3904039039385854 7.420755373261929 14.20796806955001 24.480969418966126 2.570213373591012 4.259211335976843 5.818134549869711 False
2531 2217.9614765182755 3300.83301881002 214.8206947639701 52.874958464929634 2214 2220 3298 3303 29.0 1.6122339493839424 1.1161138642300954 -78.06580981590932 0.7216310470371969 -0.053365273026446065 0.21996347583129774 0.0 2.675570704396522 4.202754 12.177890867858899 12.677924964148158 2.712349842211747 0.41995945231611054 3.0382538898732494 12.232232182931128 20.30715976311146 2.369790078046526 3.807089175416051 5.0277003521758825 False
2532 6511.025226251564 3319.1880168768594 214.78219015814645 52.84776492302817 6494 6528 3298 3357 1371.0 10.677143293482457 5.764873818568245 81.65961583085262 0.8417120957964147 0.026693823381484637 5.594393509668865 0.0 1434.7003702079794 28.096409 1679.2158694278319 45.48762635252015 1.7251090077567284 0.4992539100048257 20.890257393291662 1803.2316299048948 73.19481084443852 5.667979467361292 10.780495179912341 18.88100170867673 False
2533 8645.281542154993 3300.983442510586 214.76335362700425 52.83409412161799 8643 8647 3299 3303 19.0 1.6190534712230786 1.1056834696782265 27.07002514689586 0.73049347573126 0.006849718970441279 0.1582180162982574 0.0 1.2224560093895667 3.2405977 22.10359533449414 17.379875022845244 3.9121661394212564 0.39548352150234056 2.4592453796829674 41.36136198369665 27.89599927864928 3.6922372865699686 5.266020557286438 6.67234108185845 False
2534 4243.89974940759 3313.5654948969805 214.80247519411714 52.862149054903334 4235 4255 3300 3328 457.0 5.46297515302056 3.9992715665455876 87.53719814463035 0.6812311167257126 -0.11097909344156773 1.738871237679892 0.0 234.26939035837387 16.194284 342.4763683542462 35.82724671878928 2.284647928137148 0.42463583282009343 12.060995729457511 342.93315869495655 56.153495074956645 4.19921552120881 8.024726215892482 17.699089058863855 False
2535 7453.155578514259 3302.170632079584 214.77396819574767 52.841682184950045 7451 7455 3300 3304 20.0 1.2998533423972822 1.1034379431412185 -57.09433194890887 0.5285628282627751 0.04562457534665807 0.2973080233650617 0.0 3.1318090578371858 3.3180084 34.514665413611354 14.660785736656727 3.692318659360665 0.31034537383079347 2.5231325220201604 62.39010959378285 23.52440107518713 3.6224667911383004 6.242431987582804 8.649965437438851 False
