outputs/dr0.5_c0.1/nircam3_f444w_dr0.5_c0.1.ecsv
# %ECSV 1.0
# ---
# datatype:
# - {name: label, datatype: int64}
# - {name: xcentroid, datatype: float64}
# - {name: ycentroid, datatype: float64}
# - {name: sky_centroid.ra, unit: deg, datatype: float64}
# - {name: sky_centroid.dec, unit: deg, datatype: float64}
# - {name: bbox_xmin, datatype: int64}
# - {name: bbox_xmax, datatype: int64}
# - {name: bbox_ymin, datatype: int64}
# - {name: bbox_ymax, datatype: int64}
# - {name: area, unit: pix2, datatype: float64}
# - {name: semimajor_sigma, unit: pix, datatype: float64}
# - {name: semiminor_sigma, unit: pix, datatype: float64}
# - {name: orientation, unit: deg, datatype: float64}
# - {name: eccentricity, datatype: float64}
# - {name: min_value, datatype: float64}
# - {name: max_value, datatype: float64}
# - {name: local_background, datatype: float64}
# - {name: segment_flux, datatype: float64}
# - {name: segment_fluxerr, datatype: float32}
# - {name: kron_flux, datatype: float64}
# - {name: kron_fluxerr, datatype: float64}
# - {name: kron_radius, unit: pix, datatype: float64}
# - {name: gini, datatype: float64}
# - {name: equivalent_radius, unit: pix, datatype: float64}
# - {name: kron4_2_flux, datatype: float64}
# - {name: kron4_2_fluxerr, datatype: float64}
# - {name: radius_kron20, unit: pix, datatype: float64}
# - {name: radius_kron50, unit: pix, datatype: float64}
# - {name: radius_kron80, unit: pix, datatype: float64}
# - {name: near_border, datatype: bool}
# meta:
#   PHOTMJSR: 0.3925000131130219
#   PIXAR_SR: 2.11539874851881e-14
#   __serialized_columns__:
#     area:
#       __class__: astropy.units.quantity.Quantity
#       unit: !astropy.units.Unit {unit: pix2}
#       value: !astropy.table.SerializedColumn {name: area}
#     eccentricity:
#       __class__: astropy.units.quantity.Quantity
#       unit: !astropy.units.Unit {unit: ''}
#       value: !astropy.table.SerializedColumn {name: eccentricity}
#     equivalent_radius:
#       __class__: astropy.units.quantity.Quantity
#       unit: !astropy.units.Unit {unit: pix}
#       value: !astropy.table.SerializedColumn {name: equivalent_radius}
#     kron_radius:
#       __class__: astropy.units.quantity.Quantity
#       unit: &id001 !astropy.units.Unit {unit: pix}
#       value: !astropy.table.SerializedColumn {name: kron_radius}
#     orientation:
#       __class__: astropy.units.quantity.Quantity
#       unit: &id002 !astropy.units.Unit {unit: deg}
#       value: !astropy.table.SerializedColumn {name: orientation}
#     radius_kron20:
#       __class__: astropy.units.quantity.Quantity
#       unit: *id001
#       value: !astropy.table.SerializedColumn {name: radius_kron20}
#     radius_kron50:
#       __class__: astropy.units.quantity.Quantity
#       unit: *id001
#       value: !astropy.table.SerializedColumn {name: radius_kron50}
#     radius_kron80:
#       __class__: astropy.units.quantity.Quantity
#       unit: *id001
#       value: !astropy.table.SerializedColumn {name: radius_kron80}
#     semimajor_sigma:
#       __class__: astropy.units.quantity.Quantity
#       unit: !astropy.units.Unit {unit: pix}
#       value: !astropy.table.SerializedColumn {name: semimajor_sigma}
#     semiminor_sigma:
#       __class__: astropy.units.quantity.Quantity
#       unit: !astropy.units.Unit {unit: pix}
#       value: !astropy.table.SerializedColumn {name: semiminor_sigma}
#     sky_centroid:
#       __class__: astropy.coordinates.sky_coordinate.SkyCoord
#       dec: !astropy.table.SerializedColumn
#         __class__: astropy.coordinates.angles.Latitude
#         unit: *id002
#         value: !astropy.table.SerializedColumn {name: sky_centroid.dec}
#       frame: icrs
#       ra: !astropy.table.SerializedColumn
#         __class__: astropy.coordinates.angles.Longitude
#         unit: *id002
#         value: !astropy.table.SerializedColumn {name: sky_centroid.ra}
#         wrap_angle: !astropy.coordinates.Angle
#           unit: *id002
#           value: 360.0
#       representation_type: spherical
#   astropy version: '5.1'
#   make_catalog parameters:
#     ab_zpt: 31.4
#     coadd_bands: !!python/tuple [f277w, f356w]
#     deblend_contrast: 0.001
#     deblend_nlevels: 32
#     deblend_npixels: 1
#     detect_kernel_fwhm: 4.0
#     detect_kernel_npix: 7
#     detect_npixels: 4
#     detect_threshold_nsigma: 3.0
#     flag_isolated_buffer: 4
#     hst_bands: !!python/tuple [f606w, f814w, f125w, f140w, f160w]
#     jwst_bands: !!python/tuple [f115w, f150w, f200w, f277w, f356w, f410m, f444w]
#     near_border_kernelsize: 21
#     reference_band: f200w
#   make_catalog version: 1.4.0
#   photutils version: 1.5.0
# schema: astropy-2.0
label xcentroid ycentroid sky_centroid.ra sky_centroid.dec bbox_xmin bbox_xmax bbox_ymin bbox_ymax area semimajor_sigma semiminor_sigma orientation eccentricity min_value max_value local_background segment_flux segment_fluxerr kron_flux kron_fluxerr kron_radius gini equivalent_radius kron4_2_flux kron4_2_fluxerr radius_kron20 radius_kron50 radius_kron80 near_border
[from data line 478]
479 1044.4174617850776 809.3039647631743 214.85740663133578 52.868983547299884 1038 1050 804 814 109.0 2.8575312517051996 2.3525176433647013 -27.10499122427511 0.5676510574592123 -0.03505757859746403 0.9215984578086087 0.0 47.455277745885084 1.5863508 62.84922738636932 3.38878670477615 1.9377098006210196 0.2610502224346408 5.890312181373172 71.77072863132582 5.5859174238894775 2.368991833489579 4.167306075027474 6.361049636953572 False
480 4035.221627236663 806.8422703561722 214.83072507858944 52.84996629541884 4033 4038 804 810 31.0 1.6905906282810765 1.0310019120581697 36.13310428001815 0.7925190394963711 -0.063298339588715 0.38446499655427935 0.0 5.985725476856323 0.8576484 19.871569480297715 3.1029806275932743 3.450971073305914 0.3460967520173476 3.141274657157109 34.38649630211337 4.98491132206739 2.205852045495212 5.490955716729459 7.39375274876937 False
481 6120.782488391747 817.4060419384813 214.81200398543527 52.83676773597385 6104 6138 804 830 629.0 7.1205924271723156 3.873684047660021 32.410969963287 0.83907777120633 0.057098801079570424 6.571225557863778 0.0 886.429663570098 4.466442 1040.0891442676225 7.522929661508833 1.8452664249674353 0.46631242997708455 14.149802769282841 1169.8643022151502 12.041504970557297 3.7859494496824757 7.716092510437975 13.16513163220124 False
482 6176.515900052531 808.2295033840097 214.81160337980006 52.83636401324141 6173 6180 805 813 59.0 1.9526239939492964 1.8637142691437747 -59.97488423930901 0.298317988631026 0.004343120200480109 0.8143152506738517 0.0 21.947287262787864 1.4612321 59.00855010898066 4.25911754762774 2.8339491489197366 0.28067620797127013 4.3336224206596095 82.86438743356061 6.906047485144939 2.659622040114063 5.691189632407134 9.231285443931183 False
483 8990.98958468437 808.1207964818407 214.7865087463587 52.81847037326279 8989 8993 805 811 27.0 1.606171795437732 1.1771820947082217 58.33580550081955 0.6803237801399317 0.05210018309619407 0.3710639567585706 0.0 5.837897903982661 1.0515907 14.122434185670693 2.6621610271914267 2.305925421919105 0.25724167714252655 2.9316150714175193 12.921545367644292 4.288233918015311 1.9061507895774679 3.3212374309488664 5.082388937695386 False
484 390.45307301527316 807.2063254318492 214.86327163381574 52.87312681392422 388 393 806 808 13.0 1.545911464009366 0.6740380667665612 3.6457996124061056 0.8999401876760214 0.0963273768142328 0.2301674943380816 0.0 2.070156781153143 0.54353154 16.077517651068803 2.4760410260813566 3.517460748439305 0.16901396083619974 2.0342144725641096 27.271324246747703 4.012406073728239 2.5095861642525654 5.000141482600429 7.165884196759677 False
485 172.6144187242494 811.3917907121489 214.86517413601547 52.87453323422644 171 177 807 816 54.0 2.2109183610724994 1.3625856340939453 88.87658649702958 0.7875126530192791 -0.07108465500088981 1.540183963334575 0.0 36.83156716875343 1.859726 45.827546368152 8168351.739104464 1.8595302955132826 0.41710390315099477 4.145929793656026 54.32137808039936 14358852.037682964 1.4859510631143829 2.64870034874399 4.787971561925455 False
486 7376.513102571644 816.3862154643876 214.80081502886642 52.82877960836161 7363 7389 807 825 389.0 4.90804050902761 3.4797031735227213 12.325387767486935 0.7052284611216414 -0.0655158927273966 2.521485490043361 0.0 222.63821960871132 3.6698732 253.86798267564498 5.197155487699814 1.5570649200729356 0.46810565761324663 11.127557940783529 255.3353465125656 8.343013599904403 2.780268952003042 5.461750600840275 9.645331284547662 False
487 2422.257121299465 812.1644625189366 214.84506970961826 52.86024473249735 2419 2426 808 817 62.0 2.3086035409036745 1.8307897185033604 -85.38700264514756 0.609183793698323 0.13035466934357431 0.7474479652763335 0.0 24.98801976004438 1.361735 43.893081505776784 3.277382765609874 2.203150930747815 0.1870315376649502 4.442433223290478 53.65329010513598 5.37863959884201 2.2511248143852547 4.063831055389319 6.5900366254107245 False
488 9485.283678343272 809.3413679560341 214.78209057345933 52.81533392028547 9484 9487 808 810 11.0 1.0716280197582673 0.7732875661604928 -9.315746568143974 0.692309453914676 0.07092026166584027 0.4709818138354899 0.0 2.641037404872695 0.6299792 16.283312473168667 2.655027896480778 3.45218506950083 0.3020661070946169 1.8712051592547776 24.91109279340222 4.253163500084604 2.045966313835796 3.9584297358652805 5.941713669631594 False
489 1540.2916326960953 816.2500903746056 214.8529038236958 52.86587056573139 1533 1549 809 825 216.0 3.9173774866684576 2.7906002095155094 -29.376641183359222 0.7018097897687271 -0.0758386525300641 0.9918181960290644 0.0 69.31384830525062 2.358713 99.48850687344677 4.609762526261735 1.956102624930055 0.4142313677547038 8.291859587312052 95.75988121791505 7.4681796638679625 2.933188205771847 5.749325984719817 11.046208633987746 False
490 2695.7202671197956 810.4556258244423 214.84264572032995 52.858497892596034 2695 2696 809 812 6.0 0.8135375129475011 0.44846175294258317 88.38831903902272 0.8343407715692547 0.10044696141532969 0.26714327698362095 0.0 0.9968388773714164 0.37536624 14.235784603030357 1.7129982468112188 3.93531550914438 0.26112786051259745 1.381976597885342 34.577239486525116 2.6950314406237044 2.216773303245748 3.5371127865021696 4.713263019175348 False
491 1410.2895229622368 835.5533815120233 214.85386192597372 52.86680061738608 1382 1437 810 866 2246.0 9.626418296756151 9.269921638940577 73.70629247884595 0.2696198412937801 -0.04221358738095763 14.11965305797302 0.0 4430.29865516974 8.062407 4630.9592193629105 10.379675669139706 1.4901542862269894 0.5165885638425355 26.7380628387472 4853.554626096733 16.299491400310703 5.831508941992852 11.471495301778665 18.73114725335235 False
492 6163.996263825241 819.4987232095727 214.8115964790646 52.836504322012054 6156 6173 810 829 256.0 4.15127636866479 3.8118925292784644 62.424794021550305 0.39601067728327405 0.03050667212330979 1.241794783944669 0.0 118.66686821249411 3.0146646 264.56261470404 8.507490040174675 2.6726597011261712 0.29857660585726786 9.0270333367641 361.32203738382157 13.528230821574065 4.617900064169734 10.307716124916572 19.373964077945836 False
493 1643.9735937395378 815.3592194252348 214.8519870779033 52.86520701776705 1641 1647 814 817 21.0 1.6920712746958793 0.8918424200126053 -19.427203932326954 0.8498209880127278 0.150539893050875 0.40758763691977457 0.0 6.4942253380141475 0.6990094 22.759125306834957 2.5403996748979054 2.948215048111174 0.12835216865211688 2.5854414729132054 27.761049618808855 4.0864442785463195 2.1168042777849716 4.2173074409036975 6.291576905151181 False
494 6623.513157645463 825.3664129659647 214.80743594447063 52.83361491562186 6617 6630 817 832 158.0 3.167272736210036 2.687367720242833 86.78655049004158 0.5292273705661273 -0.021914907183799598 1.241693572319653 0.0 62.136970175607985 2.4200575 113.20218375526893 5.407701199039482 2.3876286516610934 0.3523262651658749 7.091753098990329 103.81765491227266 8.566415819711272 3.0233349135147805 6.259186734366512 10.785751068734356 False
495 10153.449686498843 818.5622827086407 214.7760396337997 52.81113470868691 10152 10154 818 820 8.0 0.6304221297550201 0.6104949513001966 39.00005781153394 0.24943812684422234 -0.03444639268546046 0.3758021679150394 0.0 1.4301863602372853 0.5672669 4.891174259346308 1.596901470657399 2.7569050941601976 0.4921111589399153 1.5957691216057308 7.4562225664447945 2.534851548285393 1.007888613104686 1.88861131950151 2.9627626694531424 False
496 3096.8033564322604 830.5472495314983 214.8388530374876 52.85605757585161 3078 3120 819 844 775.0 7.784774262098814 3.940667286125352 -15.49728079528366 0.8624150202672994 0.055033060230002526 7.207180551675276 0.0 979.078037522962 4.6730804 1079.1082534941972 6.793540486545391 1.669611609181377 0.5202935467105431 15.706373285785544 1164.5290328540984 10.690142852565732 3.6180610878843815 7.318306940094498 13.108829116353503 False
497 1206.005599318178 820.2731286059195 214.85584762789145 52.86801610020683 1205 1207 820 821 4.0 0.6772924497153162 0.445556260969321 -0.3367595065821303 0.7531497185286827 0.30702046347748324 0.3701044746332875 0.0 1.3550557012779805 0.31608003 10.470174506957719 1.4271828283082384 3.5151592636537323 0.058538084059207324 1.1283791670955126 22.383338544492 2.2619263707445443 1.4623916377832815 2.8445084441966517 4.109625604315297 False
498 4315.647772288655 822.5063320070187 214.82805727306047 52.84826855426381 4312 4320 820 826 43.0 2.050907429912276 1.5266204733806656 -17.44885845305977 0.6677747341129129 0.05712545791313628 0.34933745576689484 0.0 9.574114125046707 1.0211978 27.507049330867254 3.436999928628019 2.7743232696699134 0.16896602264899616 3.6996385101659595 22.015229772407928 5.533439555532491 2.6229172634896876 5.054461423808333 7.396750716270179 False
499 7993.159446622035 825.7038575285859 214.79521871440252 52.82490942200312 7985 8000 820 831 158.0 2.899639477613892 2.292072404343278 -0.3417779561045508 0.6125032568894744 -0.2704345685405274 1.9919171576503396 0.0 77.61880654093511 2.3427036 98.84942369622453 4.1988288037311765 1.969354438160296 0.48415560452813455 7.091753098990329 117.36168695883468 6.675792713864771 1.9608339951169826 3.732964967918518 7.136735374528831 False
500 615.2358771180328 822.9922807599172 214.86109701214554 52.87178395618567 613 617 821 825 17.0 1.2147455237253202 1.017677733231489 -16.50058634587295 0.5460228097052021 0.13122107275858116 0.34743727951894665 0.0 4.37510029964352 0.61938083 17.60869067088294 2.279123063055388 3.045593157119126 0.17085421539685583 2.326213245840639 12.928853547419239 3.725392425758741 2.021957347894204 3.997310977738085 6.710608583635832 False
501 2313.5908546078854 823.0592796476911 214.8459254735056 52.86099394300939 2311 2315 821 825 11.0 1.6803553159174365 0.7945698631335903 48.358732964489974 0.8811385143994351 0.22325307316634266 0.44896246063828255 0.0 3.2380243222891862 0.541197 17.620028258505325 2.373066321991142 2.7583218847270947 0.12517939060247826 1.8712051592547776 14.802911190025785 3.7943459976077887 1.9531674375087653 3.1705253604609176 5.02903875328581 False
502 8720.797766037607 826.3338737330326 214.78872543749821 52.820286459518144 8716 8727 821 832 110.0 2.5194192194534075 2.351143947847549 -47.618351930530366 0.3593348193353203 0.05555960029782379 1.579530364010071 0.0 71.31508505218373 1.9560568 95.01328088079106 3.9935860139342965 2.0100316556819355 0.33706971671199687 5.917270272703197 108.01577698860063 6.369730502427735 2.113293978700916 3.874126427144357 6.5447662166503715 False
503 480.2390724222243 824.6372954126118 214.86228590294388 52.87265043730413 480 482 824 826 5.0 0.5446765209784981 0.34116602457834944 52.92427359733837 0.7795303336465795 -0.13607516079742046 0.21092696822091783 0.0 0.38839041575481714 0.361167 0.9031509661373113 0.7461056139061408 2.4324810758548976 0.4333431019849555 1.2615662610100802 2.5926912834486884 1.18010516963698 0.5507551949379341 0.9081344435391951 1.2731634143499961 False
504 8085.55025576351 824.9700902964005 214.79440272566583 52.824318063833 8085 8087 824 825 6.0 0.5496126393902183 0.17027616722835878 0.5041233183658019 0.950798087107658 0.005103407324246136 4.270445558859674 0.0 8.845609850528135 0.8738366 9.128971040214171 0.7488119860415673 1.4 0.7528754322188393 1.381976597885342 14.228643573779136 1.0813938155590972 0.3724661603759778 0.6038388341507747 0.7816187362823034 False
505 490.0750323828159 829.2657166159095 214.86214930230403 52.87261291369887 487 493 827 832 21.0 2.4063862765392887 0.6713720193981789 39.494202747382246 0.9602922790743453 0.031840426581562574 0.15498842342633823 0.0 1.69328840811394 0.68036926 36.42149792370823 3.4617570711012937 3.977666740067009 0.27938033464781303 2.5854414729132054 75.64221679810258 5.578310502851728 5.44665295095877 10.094456808839706 12.258021186787317 False
506 9408.571894037806 827.8100437016745 214.7825799041489 52.81592118742264 9408 9409 827 829 5.0 0.8268901427521672 0.4310398116757034 69.85960139291458 0.8533867997893483 0.16900800812532552 0.2669591424839231 0.0 1.1018033937233744 0.4146929 22.992046071794604 2.0721444709632006 4.045176308271542 0.11506903976314668 1.2615662610100802 58.052666832855024 3.4479662419066774 2.4470998750344277 4.090660755431427 5.538597492227702 False
507 6145.957052257037 832.6628855560919 214.8116188755511 52.83668992770112 6142 6150 829 836 59.0 2.325127867119243 1.684436415126296 26.80912919909336 0.689328467103453 0.10757188909012064 0.6618531823678808 0.0 24.478122018148337 1.3322881 94.26838981970914 4.958014515869514 3.2242597759108076 0.20064975372729862 4.3336224206596095 197.16311799666826 8.040592453663493 3.619776211657488 8.409226701905718 12.789681717934549 False
508 6102.625405460603 839.4862165873918 214.81193361562956 52.837002137122305 6094 6111 830 848 265.0 4.344340444449176 3.1856636744934623 55.376707708568716 0.6799154429703623 0.00803988047903542 2.4448767789511137 0.0 179.82382622838338 2.8880508 290.6878813320575 6.9460961825692005 2.3966361508320846 0.3752499887946076 9.18434101276213 389.21252649106304 11.042300693759461 3.327163632679784 7.219312316869721 14.783178934726363 False
509 9956.348812104914 858.7190690855733 214.77737336168187 52.81260438001587 9933 9983 831 888 2316.0 11.189486436389785 9.463706283197117 86.08993371856533 0.5335512966823419 0.04904660309536692 8.447097526308783 0.0 3661.273948285045 9.770272 3917.7027562875373 13.797345453893245 1.5153852849816067 0.4498293000784908 27.151532118863187 4088.2860233701867 22.010887175210467 6.820198323402751 13.515475145476756 20.744253069732736 False
510 9997.537228512967 834.0497067753078 214.77726590043815 52.81220959533562 9995 10000 831 837 32.0 1.6162238139282834 1.3454728892003238 81.22419045948253 0.5540561294059783 0.03842023730761972 0.495029872452032 0.0 7.615156736465064 1.0460913 40.767109787831416 4.177282281820885 3.360018651587226 0.23579025034074505 3.1915382432114616 58.3557425184658 6.924564935292351 3.2833674640052277 6.295774806298838 9.572598129494688 False
511 3401.355050032632 833.2906026764945 214.83610513089462 52.854137051449975 3400 3402 832 835 7.0 0.7283017337405059 0.5689942998938776 66.02280968821155 0.6242035328229384 0.05946308081049863 0.4114126611188563 0.0 1.7172159333849364 0.4516313 7.629654013630157 1.5849303843779579 3.269603138139517 0.33122001789426614 1.4927053303604616 10.250997093829884 2.4287162144502688 1.2851536778298156 2.7056877804452926 3.7792642641559895 False
512 3960.319391721612 833.3308921922365 214.831114906934 52.850585093684245 3959 3962 832 835 13.0 1.014459295723403 0.8796182340759807 -20.207325542549125 0.49816743159843035 0.09506198428612658 0.37709525206397126 0.0 3.059725685118409 0.772131 6.72779927138377 1.9207028612235006 2.3407671456320123 0.2196460006447687 2.0342144725641096 6.1697420940356595 2.826384220300937 1.2240777382994432 2.155115609019938 3.112291574170608 False
513 7949.158532095577 834.804556337944 214.7955152562752 52.82523819871485 7948 7951 834 836 6.0 0.9029623648239016 0.5275485974693691 17.544581406968188 0.81157945292736 0.06360958203951789 0.32001271345313903 0.0 1.3682470118495647 0.42314836 15.479324029628893 2.0418206370772896 3.5203690383836967 0.2865034439565668 1.381976597885342 34.14973161089287 3.2394926776041366 2.0304353470317427 3.873261633584401 5.219313627438823 False
