outputs/dr0.5_c0.1/nircam3_matched_f115w_f277w_dr0.5_c0.1.ecsv
# %ECSV 1.0
# ---
# datatype:
# - {name: label, datatype: int64}
# - {name: xcentroid, datatype: float64}
# - {name: ycentroid, datatype: float64}
# - {name: sky_centroid.ra, unit: deg, datatype: float64}
# - {name: sky_centroid.dec, unit: deg, datatype: float64}
# - {name: bbox_xmin, datatype: int64}
# - {name: bbox_xmax, datatype: int64}
# - {name: bbox_ymin, datatype: int64}
# - {name: bbox_ymax, datatype: int64}
# - {name: area, unit: pix2, datatype: float64}
# - {name: semimajor_sigma, unit: pix, datatype: float64}
# - {name: semiminor_sigma, unit: pix, datatype: float64}
# - {name: orientation, unit: deg, datatype: float64}
# - {name: eccentricity, datatype: float64}
# - {name: min_value, datatype: float64}
# - {name: max_value, datatype: float64}
# - {name: local_background, datatype: float64}
# - {name: segment_flux, datatype: float64}
# - {name: segment_fluxerr, datatype: float32}
# - {name: kron_flux, datatype: float64}
# - {name: kron_fluxerr, datatype: float64}
# - {name: kron_radius, unit: pix, datatype: float64}
# - {name: gini, datatype: float64}
# - {name: equivalent_radius, unit: pix, datatype: float64}
# - {name: kron4_2_flux, datatype: float64}
# - {name: kron4_2_fluxerr, datatype: float64}
# - {name: kron4_2_mag, datatype: float64}
# meta:
#   PHOTMJSR: 2.962800025939941
#   PIXAR_SR: 2.11539874851881e-14
#   __serialized_columns__:
#     area:
#       __class__: astropy.units.quantity.Quantity
#       unit: !astropy.units.Unit {unit: pix2}
#       value: !astropy.table.SerializedColumn {name: area}
#     eccentricity:
#       __class__: astropy.units.quantity.Quantity
#       unit: !astropy.units.Unit {unit: ''}
#       value: !astropy.table.SerializedColumn {name: eccentricity}
#     equivalent_radius:
#       __class__: astropy.units.quantity.Quantity
#       unit: !astropy.units.Unit {unit: pix}
#       value: !astropy.table.SerializedColumn {name: equivalent_radius}
#     kron_radius:
#       __class__: astropy.units.quantity.Quantity
#       unit: !astropy.units.Unit {unit: pix}
#       value: !astropy.table.SerializedColumn {name: kron_radius}
#     orientation:
#       __class__: astropy.units.quantity.Quantity
#       unit: &id001 !astropy.units.Unit {unit: deg}
#       value: !astropy.table.SerializedColumn {name: orientation}
#     semimajor_sigma:
#       __class__: astropy.units.quantity.Quantity
#       unit: !astropy.units.Unit {unit: pix}
#       value: !astropy.table.SerializedColumn {name: semimajor_sigma}
#     semiminor_sigma:
#       __class__: astropy.units.quantity.Quantity
#       unit: !astropy.units.Unit {unit: pix}
#       value: !astropy.table.SerializedColumn {name: semiminor_sigma}
#     sky_centroid:
#       __class__: astropy.coordinates.sky_coordinate.SkyCoord
#       dec: !astropy.table.SerializedColumn
#         __class__: astropy.coordinates.angles.Latitude
#         unit: *id001
#         value: !astropy.table.SerializedColumn {name: sky_centroid.dec}
#       frame: icrs
#       ra: !astropy.table.SerializedColumn
#         __class__: astropy.coordinates.angles.Longitude
#         unit: *id001
#         value: !astropy.table.SerializedColumn {name: sky_centroid.ra}
#         wrap_angle: !astropy.coordinates.Angle
#           unit: *id001
#           value: 360.0
#       representation_type: spherical
#   astropy version: '5.1'
#   kernelfile: kernel_f115w_f277w.fits
#   make_catalog parameters:
#     ab_zpt: 31.4
#     coadd_bands: !!python/tuple [f277w, f356w]
#     deblend_contrast: 0.001
#     deblend_nlevels: 32
#     deblend_npixels: 1
#     detect_kernel_fwhm: 4.0
#     detect_kernel_npix: 7
#     detect_npixels: 4
#     detect_threshold_nsigma: 3.0
#     flag_isolated_buffer: 4
#     hst_bands: !!python/tuple [f606w, f814w, f125w, f140w, f160w]
#     jwst_bands: !!python/tuple [f115w, f150w, f200w, f277w, f356w, f410m, f444w]
#     near_border_kernelsize: 21
#     reference_band: f200w
#   make_catalog version: 1.4.0
#   photutils version: 1.5.0
# schema: astropy-2.0
label xcentroid ycentroid sky_centroid.ra sky_centroid.dec bbox_xmin bbox_xmax bbox_ymin bbox_ymax area semimajor_sigma semiminor_sigma orientation eccentricity min_value max_value local_background segment_flux segment_fluxerr kron_flux kron_fluxerr kron_radius gini equivalent_radius kron4_2_flux kron4_2_fluxerr kron4_2_mag
[from data line 1771]
1772 nan nan nan nan 4017 4020 2360 2361 7.0 nan nan nan nan -0.007421073773634109 -0.004394199295514683 0.0 -0.0411179192534975 2645751.2 nan nan nan -0.11156815763051454 1.4927053303604616 nan nan nan
1773 nan nan nan nan 2868 2884 2362 2377 220.0 nan nan nan nan 0.0 0.0 0.0 0.0 14832396.0 nan nan nan nan 8.368283871884005 nan nan nan
1774 nan nan nan nan 2978 2980 2363 2365 5.0 nan nan nan nan 0.0 0.0 0.0 0.0 2236068.0 nan nan nan nan 1.2615662610100802 nan nan nan
1775 7510.039499638754 2366.944266198269 214.78330634886007 52.83628350219798 7506 7515 2363 2370 50.0 2.809839797658063 1.2068675540238054 -35.58210685915007 0.9030598569732048 0.018066409524477422 0.2778953624662632 0.0 8.125403182639738 1.5524184 22.220785143367998 5.1471399117430305 2.8346566708304604 0.22816452086276715 3.989422804014327 27.212185058917356 8.316836159478834 27.81309146060664
1776 6149.027393075138 2366.022545698247 214.79545352531773 52.84493217626318 6148 6151 2364 2368 12.0 1.0655592954890605 0.8132051024071968 82.00336702509108 0.6461953098323154 0.1814052568475503 0.5059538779559718 0.0 4.605223075484585 0.78179526 14.567021989594203 2.6126391831217832 2.833850521714955 0.13263266515192537 1.9544100476116797 14.967650466208314 4.258254129692291 28.462115918254586
1777 nan nan nan nan 363 369 2367 2373 42.0 nan nan nan nan 0.0 0.0 0.0 0.0 6480741.0 nan nan nan nan 3.656366395715726 nan nan nan
1778 nan nan nan nan 1799 1825 2367 2401 706.0 nan nan nan nan 0.0 0.0 0.0 0.0 26570660.0 nan nan nan nan 14.99088988838742 nan nan nan
1779 9418.038429327455 2367.473905200745 214.7662934274038 52.82415275978996 9417 9419 2367 2368 6.0 0.8112258520507453 0.4992669330665066 -0.6436543548851011 0.7881778725847931 0.29309308698351705 0.36418617200908404 0.0 1.9599719568540508 0.6031614 23.502381742291405 2.617232371629952 3.806752838460655 0.047630030808244544 1.381976597885342 36.18901082313273 4.149378135606428 27.503558218930674
1780 nan nan nan nan 3906 3936 2370 2417 563.0 nan nan nan nan -34.425544048145994 0.0 0.0 -70.56082755917913 23727622.0 nan nan nan -0.9843479073024459 13.38687663054658 nan nan nan
1781 6425.782030408225 2374.295570782252 214.79289795628975 52.84321717215809 6419 6431 2370 2379 88.0 2.5808222443003945 1.9655378070196168 35.59503573380544 0.6480548801108933 0.030001242311694515 0.7516593045279715 0.0 26.646255012212187 2.0952358 55.31886402763664 6.391727706424893 2.6385396096092633 0.31998197326025407 5.292567428401227 66.18737027804988 10.194852971842911 26.848062184325105
1782 nan nan nan nan 3249 3253 2371 2376 24.0 nan nan nan nan 0.0 0.0 0.0 0.0 4898979.5 nan nan nan nan 2.763953195770684 nan nan nan
1783 nan nan nan nan 2039 2043 2377 2382 23.0 nan nan nan nan 0.0 0.0 0.0 0.0 4795831.5 nan nan nan nan 2.7057581899030048 nan nan nan
1784 7759.778717489233 2377.5286365742295 214.78096829568167 52.83475247401956 7758 7762 2377 2378 7.0 1.2632054018320404 0.3878462807264142 15.153183661350791 0.9516987317776666 0.1773752881676671 0.23060272721744254 0.0 1.4313936919819024 0.56956804 12.301682335438006 2.511822919798069 3.7038805034121802 0.0616011509391208 1.4927053303604616 12.24066406960248 4.112491565705748 28.680487551484973
1785 6409.920084183117 2385.3560454399144 214.79292300165997 52.843377605617505 6403 6416 2378 2393 176.0 3.436185255947586 3.1696935108783704 -77.3087903404053 0.3861273903976089 0.1168271677354599 0.8035008988240244 0.0 65.97454414507546 3.7348561 127.13210716366984 9.531961009294102 2.4635511848763754 0.2396141241914227 7.48482063701911 156.8693876498135 16.13511084813589 25.9111544968626
1786 7270.697880425228 2382.3846293378238 214.78527791424477 52.837888551093194 7268 7273 2380 2385 23.0 1.322689699675038 1.2070326191551397 66.26432308197865 0.40894468431517894 0.10815313560064689 0.3671850952065052 0.0 5.418263146388473 1.1540465 39.55234068062104 4.811610820402155 3.50707797205322 0.1593461145279712 2.7057581899030048 70.33480988642474 7.471623799203644 26.78207420523281
1787 nan nan nan nan 3717 3726 2381 2394 98.0 nan nan nan nan 0.0 0.0 0.0 0.0 9899494.0 nan nan nan nan 5.585191925620057 nan nan nan
1788 6237.161064006694 2384.5413937284934 214.7944724649455 52.84447160407421 6234 6240 2381 2388 44.0 1.7362923824239616 1.5901663975089186 -50.796377387481144 0.4015428886490453 0.04667652656574043 0.4920091680058238 0.0 11.408357422791864 1.8353363 20.545172059206955 4.785070623587416 2.396549939152592 0.23829323047802134 3.742410318509555 19.094989587713123 7.609155171872501 28.197701435266453
1789 8924.701200715906 2384.6593819499 214.77050909692807 52.827382832456124 8923 8927 2383 2387 17.0 1.4337691126455276 0.89321446837165 -42.49813570859472 0.7822349942329769 0.18782213175301496 0.32237649775334504 0.0 4.507776789240561 1.0048796 21.598650345685535 4.248672476693584 3.231814366766587 0.08935108738358255 2.326213245840639 26.0171101537384 6.786705566881793 27.861852360710515
1790 nan nan nan nan 3079 3081 2384 2386 5.0 nan nan nan nan 0.0 0.0 0.0 0.0 2236068.0 nan nan nan nan 1.2615662610100802 nan nan nan
1791 6488.229069305357 2387.6258691665735 214.79220067353359 52.84289194475228 6485 6492 2384 2392 56.0 1.7966671157691794 1.7364878914685373 -41.23631966442544 0.25664748888800326 0.03539370849886866 0.6339691703623771 0.0 14.91704870742468 2.0841417 24.41608536326511 4.460612492138256 2.0629892908346075 0.3225925071691 4.222008245644752 24.926584524657528 6.893028582267608 27.908343062636785
1792 9501.564780360899 2389.4266034509383 214.76531805954585 52.823739740213014 9497 9505 2385 2394 68.0 2.2573737450576203 1.868938775607378 -54.30734334760024 0.5608371191276015 0.07927221831675399 0.6464719139429519 0.0 23.467590345045966 2.4958293 49.60674793296997 6.392369136384282 2.5115885712847157 0.24442164362581761 4.652426491681278 50.582795273462196 10.097308837785855 27.139992936574696
1793 nan nan nan nan 2837 2849 2386 2392 67.0 nan nan nan nan 0.0 0.0 0.0 0.0 8185353.5 nan nan nan nan 4.61809077155419 nan nan nan
1794 nan nan nan nan 2856 2861 2386 2391 26.0 nan nan nan nan 0.0 0.0 0.0 0.0 5099019.5 nan nan nan nan 2.876813695875796 nan nan nan
1795 8931.050898616568 2391.45548556474 214.7703809734458 52.82737904819498 8929 8933 2390 2393 19.0 1.3534720429280667 1.0153210162870903 13.394887660683532 0.661256001362336 0.13907626096761863 0.24631061378274396 0.0 3.819566360356262 1.2837992 13.111215923888762 4.4479711916598115 2.9596857563680414 0.09066902999027059 2.4592453796829674 14.73463308384454 6.912435861171553 28.47915168578313
1796 6661.589358737748 2415.3301830886558 214.79036290883315 52.841938944714386 6646 6678 2393 2430 829.0 8.249683390486831 6.661506143784877 -69.84044727567898 0.5898863528271203 -0.03597937344329985 0.6058030398478239 0.0 147.7603659734114 10.310368 572.3232667325944 inf 2.9978170602443845 0.2966157758596313 16.244349652921244 683.2367385435208 inf 24.313571972755522
1797 7396.955456849219 2406.9869194312046 214.78389315287873 52.83721824631932 7384 7408 2393 2421 360.0 7.190090940403288 2.3774379467358777 47.533848557896974 0.943751776510613 -0.03853364352104634 2.0104141199510206 0.0 194.66305835220405 6.1453714 227.4527465592899 9.927011875870805 1.6822396540677516 0.42247770922263267 10.704744696916627 236.4543944777506 8003460.819507639 25.465631525651276
1798 6121.84579258774 2396.1479406108388 214.79537886060547 52.845267285537716 6120 6123 2394 2398 13.0 1.214688118759297 0.8077688010943552 -58.420376366697944 0.7468424758681571 0.18592524870168217 0.3182576315596203 0.0 3.3777930437514376 1.0649323 19.91371481571114 4.12351507437329 3.298858775375452 0.08753884655734796 2.0342144725641096 36.270774699013 7.1124989212143666 27.501107920815013
1799 6855.054763876149 2395.6725453321255 214.7888444806641 52.840602957379545 6854 6856 2394 2397 9.0 0.9826327564376437 0.6692658529607062 51.82016598451077 0.7321954393613009 0.23373182805750597 0.3866119929018295 0.0 2.9589191587107213 0.8273303 17.15717196082783 3.254810878889623 3.372976565814239 0.09345002511757645 1.692568750643269 20.393043525533677 5.218094617764423 28.1262948845853
1800 nan nan nan nan 3534 3539 2395 2400 31.0 nan nan nan nan 0.0 0.0 0.0 0.0 5567764.0 nan nan nan nan 3.141274657157109 nan nan nan
1801 8351.478908593948 2398.9164271710624 214.77546830344141 52.831104998545236 8349 8354 2396 2402 30.0 1.863694866436703 1.2329372358146482 56.899127958680964 0.7498963737152052 0.06997239068381247 0.22821932266772837 0.0 4.8452487480268465 1.5425483 16.82637581015905 5.573319799609306 2.913194173741629 0.12134420581080801 3.0901936161855166 -17.582730248848026 9.404779172824398 nan
1802 6714.275671637571 2398.911642299333 214.79006586394246 52.84151551185975 6712 6717 2397 2401 27.0 1.54550818001817 1.2735331320960352 14.515252731918055 0.5665574348836687 0.28945677842605083 0.5485036688814708 0.0 11.435852679641451 1.4680632 51.28150743798115 5.53995504320415 3.197497070568076 0.08595181408147506 2.9316150714175193 60.50533984263609 9.466518971944758 26.9455157384988
1803 815.9567370031151 2404.6307562395955 214.84265386426614 52.87903731522069 808 825 2399 2411 166.0 4.668228630959793 2.322522775914306 -1.7289886972720938 0.8674542665740994 -0.2008643883640845 12.21500182419645 0.0 97.86840672756236 11224972.0 338.6045786336375 34239017.35540933 2.9694285012755195 0.6674620140342054 7.269074295019226 399.20849831056773 52704511.93921783 24.897000555171957
1804 nan nan nan nan 3107 3109 2399 2401 7.0 nan nan nan nan 0.0 0.0 0.0 0.0 2645751.2 nan nan nan nan 1.4927053303604616 nan nan nan
1805 2957.536159465907 2424.22758292173 214.8233213639886 52.86553328995937 2949 2969 2401 2427 393.0 2.7122010698990753 0.641153050497911 -0.8604191349783342 0.9716568359112853 -4.078600483739143 2.658333482862469 0.0 1.1890905460045054 19824228.0 124.13430203000655 25741006.13547915 4.615244332800344 0.8446574245328721 11.18462271470208 183.94271963284422 38146961.776327565 25.73829349166494
1806 6537.330803917501 2407.271701966219 214.79155594355782 52.84268558523194 6529 6546 2401 2414 195.0 3.1235468711302463 2.4735813990298046 19.721259476035506 0.6106322618167629 0.07150403042868286 3.7546880203575106 0.0 167.97768381580346 inf 189.96783155200396 inf 1.7557145274454447 0.5092177898001913 7.878478774854901 205.96103606778806 inf 25.615537330403527
1807 nan nan nan nan 1803 1808 2402 2410 40.0 nan nan nan nan 0.0 0.0 0.0 0.0 6324555.5 nan nan nan nan 3.5682482323055424 nan nan nan
1808 8514.799034544038 2408.9535850150205 214.7739068569481 52.830120445366084 8506 8524 2402 2416 209.0 3.756266297716049 2.81770580050834 -9.220615250326237 0.661285028304679 0.29585679821328176 3.3210646798019487 0.0 238.40075482362766 4.5412345 303.69421342263934 8.85363275657621 1.8863257414241845 0.36958927745796377 8.156394191823509 351.9734430130968 14.735174125802708 25.033725258832867
1809 2894.2725104598208 2424.388199715268 214.82388450043976 52.86593623858765 2885 2905 2403 2428 397.0 4.630554068486215 0.863383439475931 1.876200859084752 0.982463769303244 -2.1578432718077094 6.383224418912856 0.0 42.23603051978209 19924858.0 149.22654234599227 26586884.22351892 3.1159886920906708 0.9465045347054156 11.24139781410501 198.60107587994236 39379559.449248604 25.655046007836027
1810 430.94972419803355 2410.423400057899 214.8460325950761 52.881514924710615 424 439 2404 2417 164.0 3.3813553273090946 2.830383148001318 -32.23976003286432 0.5471174995092767 0.04472225484985674 0.8844597814496324 0.0 58.76078346375587 5.451899 81.78879137815109 5696328.617312464 1.7977639203097289 0.2854116805775986 7.225151993843567 79.81497968023234 17678059.646076523 26.64478898146207
1811 nan nan nan nan 3463 3467 2404 2408 20.0 nan nan nan nan 0.0 0.0 0.0 0.0 4472136.0 nan nan nan nan 2.5231325220201604 nan nan nan
1812 nan nan nan nan 4054 4058 2404 2407 15.0 nan nan nan nan 0.0 0.0 0.0 0.0 3872983.0 nan nan nan nan 2.1850968611841584 nan nan nan
1813 8023.4265080024115 2408.2213243121414 214.77829475723323 52.83324125390579 8019 8027 2404 2412 59.0 2.108231771382398 1.7728192823982973 -48.45291903855189 0.5411852341158779 0.033383466333946975 0.594981803965579 0.0 19.746347700471098 2.495406 56.75223558590899 8.33627951945626 2.9540536209346646 0.22517002711657327 4.3336224206596095 81.72761809090669 13.142228846305274 26.619077895461157
1814 6841.757095346284 2409.052309410918 214.78882222776798 52.840759580658556 6838 6845 2405 2413 48.0 1.968690223405428 1.7401522482343657 -77.53460106630246 0.4676500626431951 0.21968308403111556 0.5691492776214149 0.0 19.530042576097102 2.2942562 47.55394089090496 6.96736749026903 2.5739882900892987 0.13881725087899188 3.9088200952233594 50.587490612604 11.245083861002394 27.139892157978316
1815 nan nan nan nan 3810 3820 2406 2419 116.0 nan nan nan nan 0.0 0.0 0.0 0.0 10770329.0 nan nan nan nan 6.076507779746499 nan nan nan
1816 5999.059338673712 2409.320911602984 214.79633544395017 52.84611889869036 5998 6000 2408 2411 9.0 0.9524975063125033 0.69004675958514 -69.73845455394328 0.6893163826158428 0.44728174945674604 0.6035817365157338 0.0 4.740603926585918 1.2087615 26.22681905743343 4.728704464707364 3.2923727345095823 0.061639825186302614 1.692568750643269 37.79810897695647 7.255964751382133 27.456324817960923
1817 10273.399765771022 2419.102159075253 214.75812869067997 52.8189904144632 10264 10280 2408 2430 228.0 5.843092383842972 2.1532780942652674 53.665425687949636 0.9296210622179736 -0.08568569696357795 1.3056741201737854 0.0 97.01747920188186 6.0529966 134.3268012802839 9.354248191086207 1.4 0.34702453117947324 8.51907589177983 14.771696026678043 inf 28.47642409470243
1818 300.23133311166663 2415.3127881929313 214.8471490632422 52.88237186462613 295 306 2409 2421 125.0 2.6198005668762807 2.3046953203910534 59.60812277248347 0.4754890005290399 0.07450647609233078 1.8896215597172816 0.0 62.81887935992822 4.776368 92.20321368625369 9.869817531010867 2.1861549208396727 0.4096162241648215 6.3078313050504 102.98289455657581 7479714.865123308 26.368087263883105
1819 7782.833956957686 2414.791009293113 214.78037052471623 52.83480656320509 7779 7788 2410 2418 65.0 1.8083245226941906 1.4249134483542543 38.92792567641762 0.6157079905479452 -0.039479607231052094 0.34476206943964804 0.0 5.7274767995287075 3.0400133 7.650781653339832 5.948512447691427 2.343742386597704 0.5251295873296159 4.54864184146723 14.602304440774333 9.273252978192357 28.488946503186565
1820 6235.390143956867 2413.8956982508244 214.79417925887248 52.84464100090562 6230 6240 2411 2417 60.0 2.4086460999288968 1.5724444416170815 2.859208128976685 0.7575015842005768 0.09124547276349286 0.4321256758946036 0.0 14.256466283174547 inf 20.837809043089244 inf 1.4 0.24311265200925314 4.370193722368317 20.42495102061209 inf 28.124597440600052
1821 7993.054363042325 2426.8378454616645 214.77836956547046 52.833534656998815 7980 8005 2416 2438 385.0 5.9959008671723 2.968402775280832 41.69837191478048 0.8688519387697464 0.023610156104787793 1.6612731932452849 0.0 166.3550782655544 7.861955 207.23147463699138 11479752.073904991 1.7435281115269292 0.4434059000833755 11.070199012698888 213.91103215242242 25806669.081350666 25.574417041851113
1822 8085.9712689393455 2421.0 214.77760267918094 52.832912348675535 8083 8101 2417 2428 163.0 0.3335249917800606 0.28867513459481287 0.0 0.5008609784537761 -1.3973437417384709 0.6020073135613453 0.0 -13.147871901065951 12767145.0 -0.2695266155553193 1924916.341132861 1.4 -0.9132868548785614 7.203090409536582 -2.071847576073785 3079866.145812578 nan
