outputs/dr0.5_c0.1/nircam3_f277w_dr0.5_c0.1.ecsv
# %ECSV 1.0
# ---
# datatype:
# - {name: label, datatype: int64}
# - {name: xcentroid, datatype: float64}
# - {name: ycentroid, datatype: float64}
# - {name: sky_centroid.ra, unit: deg, datatype: float64}
# - {name: sky_centroid.dec, unit: deg, datatype: float64}
# - {name: bbox_xmin, datatype: int64}
# - {name: bbox_xmax, datatype: int64}
# - {name: bbox_ymin, datatype: int64}
# - {name: bbox_ymax, datatype: int64}
# - {name: area, unit: pix2, datatype: float64}
# - {name: semimajor_sigma, unit: pix, datatype: float64}
# - {name: semiminor_sigma, unit: pix, datatype: float64}
# - {name: orientation, unit: deg, datatype: float64}
# - {name: eccentricity, datatype: float64}
# - {name: min_value, datatype: float64}
# - {name: max_value, datatype: float64}
# - {name: local_background, datatype: float64}
# - {name: segment_flux, datatype: float64}
# - {name: segment_fluxerr, datatype: float32}
# - {name: kron_flux, datatype: float64}
# - {name: kron_fluxerr, datatype: float64}
# - {name: kron_radius, unit: pix, datatype: float64}
# - {name: gini, datatype: float64}
# - {name: equivalent_radius, unit: pix, datatype: float64}
# - {name: kron4_2_flux, datatype: float64}
# - {name: kron4_2_fluxerr, datatype: float64}
# - {name: radius_kron20, unit: pix, datatype: float64}
# - {name: radius_kron50, unit: pix, datatype: float64}
# - {name: radius_kron80, unit: pix, datatype: float64}
# - {name: near_border, datatype: bool}
# meta:
#   PHOTMJSR: 0.4907999932765961
#   PIXAR_SR: 2.11539874851881e-14
#   __serialized_columns__:
#     area:
#       __class__: astropy.units.quantity.Quantity
#       unit: !astropy.units.Unit {unit: pix2}
#       value: !astropy.table.SerializedColumn {name: area}
#     eccentricity:
#       __class__: astropy.units.quantity.Quantity
#       unit: !astropy.units.Unit {unit: ''}
#       value: !astropy.table.SerializedColumn {name: eccentricity}
#     equivalent_radius:
#       __class__: astropy.units.quantity.Quantity
#       unit: !astropy.units.Unit {unit: pix}
#       value: !astropy.table.SerializedColumn {name: equivalent_radius}
#     kron_radius:
#       __class__: astropy.units.quantity.Quantity
#       unit: &id001 !astropy.units.Unit {unit: pix}
#       value: !astropy.table.SerializedColumn {name: kron_radius}
#     orientation:
#       __class__: astropy.units.quantity.Quantity
#       unit: &id002 !astropy.units.Unit {unit: deg}
#       value: !astropy.table.SerializedColumn {name: orientation}
#     radius_kron20:
#       __class__: astropy.units.quantity.Quantity
#       unit: *id001
#       value: !astropy.table.SerializedColumn {name: radius_kron20}
#     radius_kron50:
#       __class__: astropy.units.quantity.Quantity
#       unit: *id001
#       value: !astropy.table.SerializedColumn {name: radius_kron50}
#     radius_kron80:
#       __class__: astropy.units.quantity.Quantity
#       unit: *id001
#       value: !astropy.table.SerializedColumn {name: radius_kron80}
#     semimajor_sigma:
#       __class__: astropy.units.quantity.Quantity
#       unit: !astropy.units.Unit {unit: pix}
#       value: !astropy.table.SerializedColumn {name: semimajor_sigma}
#     semiminor_sigma:
#       __class__: astropy.units.quantity.Quantity
#       unit: !astropy.units.Unit {unit: pix}
#       value: !astropy.table.SerializedColumn {name: semiminor_sigma}
#     sky_centroid:
#       __class__: astropy.coordinates.sky_coordinate.SkyCoord
#       dec: !astropy.table.SerializedColumn
#         __class__: astropy.coordinates.angles.Latitude
#         unit: *id002
#         value: !astropy.table.SerializedColumn {name: sky_centroid.dec}
#       frame: icrs
#       ra: !astropy.table.SerializedColumn
#         __class__: astropy.coordinates.angles.Longitude
#         unit: *id002
#         value: !astropy.table.SerializedColumn {name: sky_centroid.ra}
#         wrap_angle: !astropy.coordinates.Angle
#           unit: *id002
#           value: 360.0
#       representation_type: spherical
#   astropy version: '5.1'
#   make_catalog parameters:
#     ab_zpt: 31.4
#     coadd_bands: !!python/tuple [f277w, f356w]
#     deblend_contrast: 0.001
#     deblend_nlevels: 32
#     deblend_npixels: 1
#     detect_kernel_fwhm: 4.0
#     detect_kernel_npix: 7
#     detect_npixels: 4
#     detect_threshold_nsigma: 3.0
#     flag_isolated_buffer: 4
#     hst_bands: !!python/tuple [f606w, f814w, f125w, f140w, f160w]
#     jwst_bands: !!python/tuple [f115w, f150w, f200w, f277w, f356w, f410m, f444w]
#     near_border_kernelsize: 21
#     reference_band: f200w
#   make_catalog version: 1.4.0
#   photutils version: 1.5.0
# schema: astropy-2.0
label xcentroid ycentroid sky_centroid.ra sky_centroid.dec bbox_xmin bbox_xmax bbox_ymin bbox_ymax area semimajor_sigma semiminor_sigma orientation eccentricity min_value max_value local_background segment_flux segment_fluxerr kron_flux kron_fluxerr kron_radius gini equivalent_radius kron4_2_flux kron4_2_fluxerr radius_kron20 radius_kron50 radius_kron80 near_border
[from data line 3421]
3422 7806.218947075596 4288.889580697687 214.76043072477913 52.84475002336242 7805 7807 4288 4290 7.0 0.7274492624370463 0.6750793944678984 -55.39038160566523 0.3725580085210669 0.25107836591497074 0.5427790286432717 0.0 3.0164139579245606 0.27849993 11.570132644597624 1.0123150832741146 3.05343697471596 0.1354626254781501 1.4927053303604616 16.966704590105174 1.6319243580629728 1.2764491793427852 2.3735912467843088 3.7535323435040384 False
3423 8040.711367909143 4294.5969769339745 214.75828029055384 52.843289266786314 8035 8046 4290 4300 81.0 3.074330732797717 1.837265776008023 -38.814206293066455 0.8017833007769775 0.21281074796197874 0.6192959852092436 0.0 30.357786923702758 0.989616 86.6490798585049 3.5262034686881707 2.7516772299164614 0.15185789296976396 5.077706251929807 106.0994964794003 5.558876207268733 3.5528295434520603 6.973640326215667 11.349030205806761 False
3424 255.96684807150152 4304.925372660031 214.82764367591 52.89284005970002 249 263 4291 4319 339.0 6.315404654948358 3.117980856769494 81.96579182627598 0.8696263892126733 0.09348547260912089 1.303496943655588 0.0 173.01007617334 1.9124408 303.82880653112 4.746902722952821 2.394992971183388 0.2872087210517191 10.387831891992912 401.3610260545673 7.638505830765129 4.575885698174018 9.696009586329806 18.713520385423042 False
3425 6368.78928949283 4295.559169845343 214.7731772724507 52.85392788740602 6367 6370 4294 4297 15.0 1.1144227068806754 0.9433389863155509 -60.798276806548934 0.5324170194062398 0.17770370900974095 0.5071445853548991 0.0 5.7164094859687244 0.42978233 18.24244647671693 1.369177842158566 2.9162035055451567 0.15392908848349576 2.1850968611841584 23.949389637958564 2.180926693919503 1.6615228738438423 3.0653685313808103 5.218379810228814 False
3426 1530.5270932392218 4297.65514368272 214.8163350524774 52.88470004184251 1528 1533 4296 4300 19.0 1.4962661887514237 0.9387573157249827 -29.35696586506983 0.7786971917224258 0.23959669904432318 0.48659757046074753 0.0 6.641274268672165 0.4423706 17.91482715268073 1.5175965240770406 2.7166045010413464 0.12136100119033053 2.4592453796829674 18.994460314583975 2.389203140708872 1.7228230305487806 3.049819725621149 5.00619330778959 False
3427 7122.562490211531 4298.304424337161 214.7664266997035 52.84914889627506 7121 7124 4297 4300 12.0 1.0937726558547733 0.8467582944269455 42.72486570100573 0.6329863240584523 0.26861734218151406 0.4284661989885347 0.0 4.0378892227309455 0.36744994 49.64430089981944 1.7999843336343617 3.7073370540878616 0.08585574390582924 1.9544100476116797 106.70043687892179 2.9619179383111582 3.251209005712966 5.835693592601069 7.729571219011005 False
3428 8555.428241669299 4302.143893479651 214.75361299223772 52.84005591701858 8552 8559 4298 4306 58.0 2.1015668790568873 1.6494517855098858 -85.73415065004991 0.6196634779396882 0.15497249027009724 0.944728190773613 0.0 29.26959494694732 0.89370996 74.6735591778478 2.809188344299727 2.86071611628715 0.26628974819010215 4.296739856991561 116.153237813488 4.3755370794055235 2.4855762327444317 5.9647021784114 10.57807087783606 False
3429 9129.532871120899 4306.147977414791 214.74845448031564 52.8364255303955 9121 9137 4300 4312 141.0 4.4762747337912545 1.9720443191345691 30.455724870925184 0.8977257200198273 0.13244985114712982 0.9100399200271324 0.0 63.74537102588549 1.3136063 102.79106120222386 3.3104573251448945 2.210294502623262 0.24648104547488103 6.699380116989518 121.25250171615006 5.302634575191601 3.0952939187081285 6.017008160435659 10.714458062775604 False
3430 9087.436325804369 4304.408253849652 214.7488479299726 52.83668395339748 9082 9092 4301 4308 72.0 2.4232194565265583 1.7366740304505683 8.605290747327013 0.6974016925830477 0.03516183915373764 1.1076426015629839 0.0 35.861923743644454 0.9868334 55.755562796062705 2.2407205030200066 2.101181709520933 0.28450079873848005 4.787307364817192 67.80154648825754 3.5542884761524576 2.0184753664566655 3.7766223510044394 6.444641883599745 False
3431 9289.176546014265 4303.518518682963 214.74705959827 52.835395825867145 9286 9292 4301 4306 29.0 1.4795451137197022 1.2508631656659708 7.4318500433380565 0.5340741102279372 0.20389627663155666 0.8748033519318001 0.0 13.693187602190658 0.63284135 30.063971361940382 1.923048121548136 2.614188638484026 0.22946754766964803 3.0382538898732494 32.405545497721576 3.1734469505120755 1.6932834535749313 3.3152537361717234 6.055709084062689 False
3432 9783.607763669004 4304.429270678778 214.74264459594872 52.83225536884593 9781 9786 4302 4307 31.0 1.5658797967880842 1.4001915479094567 56.58421617709017 0.44769086185333407 0.2864951072337106 0.5867801541241612 0.0 13.521960800341523 0.6422539 32.64867586202621 2.0166903416775757 2.659191812748932 0.11725220283683384 3.141274657157109 30.799388234645768 3.278463035911064 2.0156928639867093 3.6413904183372967 5.9723282846660615 False
3433 148.5647750625692 4311.311788313875 214.82853597952274 52.893557059098654 143 155 4305 4317 131.0 2.9751137332048234 2.8247869411840134 55.82162017642713 0.3138519998202091 0.11008803287786231 0.7252888526099381 0.0 53.01034975455657 1.1925883 132.20379954738507 3.632333588850737 2.7835463916509653 0.2234611853841887 6.457444935117649 154.97580740529034 5.8247375770406995 3.8253313498630437 7.974981301187269 13.2966015010144 False
3434 2707.4235903854646 4307.231082544108 214.80572514991962 52.87727057016965 2707 2708 4306 4308 5.0 0.7193038942240473 0.4597068188203605 70.8818252534524 0.7691239971941312 0.3156685216365117 0.47531117413995067 0.0 2.0572532798344128 0.22124574 8.603750480036286 0.8160505725402478 3.318685537743631 0.09713295278521794 1.2615662610100802 10.707545656680214 1.3288413740157767 1.1430566874893309 2.149060430467535 3.4035185440111357 False
3435 8628.082844626488 4309.602371392371 214.7528869141376 52.83963391843884 8624 8632 4306 4313 59.0 1.8192977597844673 1.6937682005526355 -32.04579669864821 0.36501639303725575 0.14008510506688102 1.6735115962315266 0.0 38.65081800764999 0.9053639 47.258618535458 1.5796687219030074 1.7824737220843803 0.359357724322094 4.3336224206596095 50.76448787006959 2.5363953792780105 1.4407287290779787 2.6197673815079425 4.218994498638314 False
3436 6363.291720865012 4309.575170858117 214.77307869157644 52.85403832966278 6362 6365 4307 4312 19.0 1.5154806781627057 0.9160132781947792 75.97831141808066 0.7966526016976537 0.2207436384737839 0.3900607148223059 0.0 5.928083797356578 0.44493148 23.957541806063873 1.6170383514238693 3.069571254741004 0.08996112182986378 2.4592453796829674 41.814512171640615 2.6058103040975653 2.207337095029881 4.170368449313331 7.305155669539799 False
3437 8287.732074243007 4312.344985845948 214.7558915360162 52.84181360664902 8281 8294 4307 4318 141.0 2.7617472640523273 2.3624938671458695 16.399414835672538 0.5179110255026764 0.11659187135698701 2.9515950518090275 0.0 114.35508194955409 1.4318918 126.96085003336185 2.0763587802122956 1.550029147154231 0.4332013371460559 6.699380116989518 131.90560313288995 3.3226107070288013 1.8447289375801588 3.3889775362927987 5.514956816773084 False
3438 3361.8414153333897 4312.963788318558 214.79982274740914 52.87314117230018 3359 3365 4309 4317 48.0 2.105727968986606 1.5792151080115668 63.09575209010666 0.6614813714500845 0.26934401058392415 0.8420818660588982 0.0 22.056627023735864 0.7569 40.294527830930214 1.9061567241448643 2.2119703043352152 0.14433899806926842 3.9088200952233594 42.484173236363475 3.0399974638440375 2.070759034692541 3.702052606531277 5.764948297269209 False
3439 3774.506518939524 4311.50067494236 214.796154852801 52.870509734059745 3774 3775 4311 4312 4.0 0.5002484562998795 0.4997084448454725 -47.232653897098935 0.046452208834918594 0.20169570314568191 0.2075906620242119 0.0 0.8194405987545839 0.18610539 16.418120916149164 0.9893956552500874 4.245726821908773 0.009141880938766975 1.1283791670955126 26.797473875339715 1.5892787595968276 2.1349022028217175 3.3906537472598903 4.55479161675245 False
3440 2096.7586035907066 4313.574640805202 214.81111077786983 52.88118663169678 2095 2098 4313 4315 8.0 0.9330828125639999 0.6165919287685929 13.622763473141047 0.7505518330809303 0.29446965068087544 0.5439765001953106 0.0 3.6139160052197328 0.27915964 12.384565224515976 0.9886938325401516 2.961953861526411 0.12375937012460914 1.5957691216057308 14.222380247054593 1.600311417817809 1.2712431362406746 2.385397835374546 3.6326244827003182 False
3441 3394.1479117727313 4318.954407727561 214.7994712763681 52.8729680603214 3390 3399 4314 4324 88.0 2.0430643767738927 1.7989195382372831 64.02069321422056 0.47404491613301997 0.05795626210346969 2.267295828708467 0.0 53.135297123975455 1.1187236 59.08488901166804 1.6052430287202495 1.6238582386941112 0.4956031176620408 5.292567428401227 62.32182901450951 2.48789062516371 1.3952666617588165 2.478309441315635 4.215274403905133 False
3442 6139.248547536221 4315.878802935685 214.7750104640408 52.85549705431977 6137 6142 4314 4318 24.0 1.3221438352559196 1.226100423067104 -62.94506885339718 0.3741757289040222 0.1039556517482971 0.6213329196534182 0.0 8.606710529825579 0.5360964 26.844928911043553 1.7368072816608398 2.945049093454471 0.1834921976548954 2.763953195770684 31.028142519319193 2.7433410881720244 2.018601876877246 4.063501922953651 6.913304872283681 False
3443 2189.8437777821932 4316.000712019141 214.81025403031458 52.88060799625276 2188 2191 4315 4317 10.0 0.9727126447741002 0.7602382985239269 30.441156780593758 0.6238236331671658 0.29060852532868336 0.5038295333598702 0.0 3.653786096143203 0.34087324 13.854735130744231 1.1765408668590387 2.9773829247983037 0.11028819385053662 1.7841241161527712 14.84926068450564 1.8891879060397412 1.5257356606989243 2.7447141448357946 4.353180034811322 False
3444 7992.751973140618 4317.084367872211 214.75847099116055 52.84371538794908 7991 7994 4315 4319 17.0 1.2339226693199075 0.9359339926815088 66.45140872073782 0.6516695981027676 0.19828401772383297 0.6882962135339349 0.0 7.674883029210402 0.50339764 19.319826262286867 1.6702602653998229 2.8156011819861506 0.19072193151959968 2.326213245840639 30.56394540781077 2.6843113861524115 1.508262931177651 3.0788888145937214 5.597844346688667 False
3445 8534.849972515505 4328.939858689134 214.75351422092393 52.84033107236271 8525 8545 4318 4341 348.0 4.781124975062215 2.9639219817870646 -56.84333230023183 0.7846638654016409 0.04540491703628821 6.457665375812617 0.0 392.6548023753416 2.357387 479.62539915126627 3.876293069573378 1.8932335294316636 0.49846117427882447 10.524820207108489 546.504163932675 6.067388413568606 2.4847520051306633 5.260342321092239 10.683576810840085 False
3446 2754.79245380029 4327.186189279038 214.80509205790293 52.877076966381296 2747 2765 4319 4335 255.0 2.5598519379529425 2.303489688515848 -7.244389301318746 0.43619389139059306 -0.006038607962046854 20.7024039901687 0.0 442.60510693207095 1.8458081 443.1287252267964 1.8714674700503693 1.5116234561848378 0.7223764772544261 9.009385160867895 486.0670915682879 2.785049936102527 1.3220071465532752 2.4768182041468285 4.274410779406624 False
3447 2782.831682955447 4329.602859748044 214.80481627584763 52.876911740464195 2771 2795 4319 4340 406.0 3.578330285726501 3.2430032956423913 15.138171098836736 0.4226573982079011 0.05359431988593284 17.45009128065894 0.0 730.4650607157051 2.480808 752.6991361468876 2.761914948909089 1.539882317476635 0.6465265803775677 11.368105109938904 820.7992282453255 4.095636834445749 1.8809160928144797 3.6106737000138187 6.5655987205359745 False
3448 7320.942936644511 4323.813521454596 214.76438927820712 52.84802454744196 7317 7324 4321 4327 44.0 1.9266894450637935 1.5188146767430937 37.25783685908692 0.615287495139366 0.2556970922486399 0.9466548730032396 0.0 24.2493482191177 0.7756916 47.809589364891224 2.1825505564192693 2.4310161896465994 0.18229563897118095 3.742410318509555 59.02265196186041 3.3397468170200195 1.9980909897928611 3.7326826018999895 6.460844268861753 False
3449 8695.81273192162 4336.130116104357 214.7520039299496 52.839345900412994 8684 8705 4322 4349 342.0 6.706685877696401 2.94943513889738 58.640189601666904 0.8981078110456087 0.0383886778488834 2.1060144165625005 0.0 193.23312313664061 2.6752949 250.73694723707217 4.9212738167475445 1.795619753481968 0.3349667050661243 10.433694507453072 274.4730147253988 7.820293327472297 3.5136215408490377 7.453884423191492 12.642808156952093 False
3450 9658.192357785745 4325.370923502365 214.74354147604816 52.83316594637689 9656 9660 4323 4328 23.0 1.5306093836203138 1.0067498548104152 -56.50845933285135 0.7532411398478615 0.29158976610971893 0.7801680989271309 0.0 10.714165357477153 0.58876646 19.892886624436905 1.5076732039008076 2.2413432052305815 0.16026670669542803 2.7057581899030048 19.39800008875057 2.3832513125829804 1.444087740518331 2.6320067915283345 4.276140847635834 False
3451 6256.864824003625 4334.174641507083 214.77376878558576 52.85484762112176 6247 6265 4324 4343 263.0 3.6592303618837883 3.1152475482459545 48.38090738551685 0.5246150607300071 0.06608679933127852 4.968343894653272 0.0 300.91403856332215 1.9324666 339.6114645826125 2.8192118522555494 1.6886806211096537 0.4768411129275599 9.149617481968136 371.3033235908158 4.369509187076484 2.305715425712568 4.37662301066377 7.645536281326272 False
3452 1037.2329422009097 4330.395065424973 214.82039609683824 52.88801189492533 1031 1043 4325 4335 97.0 3.038115136261115 1.9097119288532018 31.938776416229427 0.7777413390743615 0.11677119469320703 1.0226363320715928 0.0 46.416667524685735 1.1251557 82.97545225708515 2.679308814075321 2.353573522291422 0.28665009806428715 5.556622981616415 92.61768597830675 4.194005872339815 2.550077070712186 5.068262629764083 9.446279042987939 False
3453 4088.550588668597 4327.755562853675 214.7931808970234 52.86860066103377 4086 4091 4325 4330 27.0 1.4253344305771591 1.308826738290887 49.38049942366087 0.3959793874086602 0.1386908222440225 0.4485222894683325 0.0 8.883911889457831 0.53311676 81.59354926225356 2.2626255335648073 3.61709685916485 0.17685657074993175 2.9316150714175193 189.50643947234906 3.641013895200354 4.603324101366683 8.344540195087816 10.886180452208674 False
3454 9617.761587190218 4334.3932448444975 214.7438066988356 52.83347171780264 9601 9636 4326 4343 449.0 6.674094024119472 3.197866738683126 3.511003196294162 0.8777351117553238 0.07376038292446185 3.8155989922658744 0.0 363.03259703025475 2.6320152 448.0228391350253 4.5648726889979105 1.8247526475956592 0.4284269091266365 11.954962939989485 506.3841367217501 7.306761242360992 3.301693720892512 6.900192717836791 12.935481596916622 False
3455 7982.8758968869615 4334.400704891331 214.75837667100208 52.84387143687307 7973 7991 4327 4341 192.0 3.4817415082845358 2.3052844548938904 -31.62662908782292 0.7494095605515132 0.12807406533047458 4.378043928804932 0.0 180.4139107120866 1.7819666 207.74937437756415 2.6534653924432647 1.7121029207209135 0.49529541280090933 7.817640190446719 226.2321765353301 4.068255531946989 1.9533076474461972 3.767522620525476 6.823645474521881 False
3456 7548.202837450464 4330.636822247259 214.76229127647213 52.846615871560914 7545 7551 4328 4334 33.0 1.5036549658052631 1.4053327508357225 72.29471170925319 0.3556710996355437 0.14945254959249077 0.7883502179695676 0.0 13.658623039253735 0.66663605 22.989978888961318 1.5882010106790103 2.10296229555923 0.22392291282815732 3.2410224072142872 25.029685604005792 2.495985886130608 1.515049441314931 2.831872749497536 4.5353696174962375 False
