outputs/dr0.5_c0.1/nircam2_matched_f277w_f444w_dr0.5_c0.1.ecsv
# %ECSV 1.0
# ---
# datatype:
# - {name: label, datatype: int64}
# - {name: xcentroid, datatype: float64}
# - {name: ycentroid, datatype: float64}
# - {name: sky_centroid.ra, unit: deg, datatype: float64}
# - {name: sky_centroid.dec, unit: deg, datatype: float64}
# - {name: bbox_xmin, datatype: int64}
# - {name: bbox_xmax, datatype: int64}
# - {name: bbox_ymin, datatype: int64}
# - {name: bbox_ymax, datatype: int64}
# - {name: area, unit: pix2, datatype: float64}
# - {name: semimajor_sigma, unit: pix, datatype: float64}
# - {name: semiminor_sigma, unit: pix, datatype: float64}
# - {name: orientation, unit: deg, datatype: float64}
# - {name: eccentricity, datatype: float64}
# - {name: min_value, datatype: float64}
# - {name: max_value, datatype: float64}
# - {name: local_background, datatype: float64}
# - {name: segment_flux, datatype: float64}
# - {name: segment_fluxerr, datatype: float32}
# - {name: kron_flux, datatype: float64}
# - {name: kron_fluxerr, datatype: float64}
# - {name: kron_radius, unit: pix, datatype: float64}
# - {name: gini, datatype: float64}
# - {name: equivalent_radius, unit: pix, datatype: float64}
# - {name: kron4_2_flux, datatype: float64}
# - {name: kron4_2_fluxerr, datatype: float64}
# - {name: kron4_2_mag, datatype: float64}
# meta:
#   PHOTMJSR: 0.3925000131130219
#   PIXAR_SR: 2.11539874851881e-14
#   __serialized_columns__:
#     area:
#       __class__: astropy.units.quantity.Quantity
#       unit: !astropy.units.Unit {unit: pix2}
#       value: !astropy.table.SerializedColumn {name: area}
#     eccentricity:
#       __class__: astropy.units.quantity.Quantity
#       unit: !astropy.units.Unit {unit: ''}
#       value: !astropy.table.SerializedColumn {name: eccentricity}
#     equivalent_radius:
#       __class__: astropy.units.quantity.Quantity
#       unit: !astropy.units.Unit {unit: pix}
#       value: !astropy.table.SerializedColumn {name: equivalent_radius}
#     kron_radius:
#       __class__: astropy.units.quantity.Quantity
#       unit: !astropy.units.Unit {unit: pix}
#       value: !astropy.table.SerializedColumn {name: kron_radius}
#     orientation:
#       __class__: astropy.units.quantity.Quantity
#       unit: &id001 !astropy.units.Unit {unit: deg}
#       value: !astropy.table.SerializedColumn {name: orientation}
#     semimajor_sigma:
#       __class__: astropy.units.quantity.Quantity
#       unit: !astropy.units.Unit {unit: pix}
#       value: !astropy.table.SerializedColumn {name: semimajor_sigma}
#     semiminor_sigma:
#       __class__: astropy.units.quantity.Quantity
#       unit: !astropy.units.Unit {unit: pix}
#       value: !astropy.table.SerializedColumn {name: semiminor_sigma}
#     sky_centroid:
#       __class__: astropy.coordinates.sky_coordinate.SkyCoord
#       dec: !astropy.table.SerializedColumn
#         __class__: astropy.coordinates.angles.Latitude
#         unit: *id001
#         value: !astropy.table.SerializedColumn {name: sky_centroid.dec}
#       frame: icrs
#       ra: !astropy.table.SerializedColumn
#         __class__: astropy.coordinates.angles.Longitude
#         unit: *id001
#         value: !astropy.table.SerializedColumn {name: sky_centroid.ra}
#         wrap_angle: !astropy.coordinates.Angle
#           unit: *id001
#           value: 360.0
#       representation_type: spherical
#   astropy version: '5.1'
#   kernelfile: kernel_f277w_f444w.fits
#   make_catalog parameters:
#     ab_zpt: 31.4
#     coadd_bands: !!python/tuple [f277w, f356w]
#     deblend_contrast: 0.001
#     deblend_nlevels: 32
#     deblend_npixels: 1
#     detect_kernel_fwhm: 4.0
#     detect_kernel_npix: 7
#     detect_npixels: 4
#     detect_threshold_nsigma: 3.0
#     flag_isolated_buffer: 4
#     hst_bands: !!python/tuple [f606w, f814w, f125w, f140w, f160w]
#     jwst_bands: !!python/tuple [f115w, f150w, f200w, f277w, f356w, f410m, f444w]
#     near_border_kernelsize: 21
#     reference_band: f200w
#   make_catalog version: 1.4.0
#   photutils version: 1.5.0
# schema: astropy-2.0
label xcentroid ycentroid sky_centroid.ra sky_centroid.dec bbox_xmin bbox_xmax bbox_ymin bbox_ymax area semimajor_sigma semiminor_sigma orientation eccentricity min_value max_value local_background segment_flux segment_fluxerr kron_flux kron_fluxerr kron_radius gini equivalent_radius kron4_2_flux kron4_2_fluxerr kron4_2_mag
[from data line 1009]
1010 7121.960922039602 2958.1893236491023 214.88895602017874 52.896704939359616 7117 7126 2954 2962 71.0 2.2574835195064336 1.9259655414441685 -14.16111837302887 0.5216704017048466 0.13540669806911673 0.6904048832635497 0.0 24.852083874980572 1.4893413 41.266527659523256 3.546293997344004 2.176464224263822 0.2435947377355882 4.753945931439391 43.37976597651466 5.786711529279364 27.306781988076487
1011 684.254586544581 2959.4084528867343 214.94657690512682 52.937581831779355 680 689 2956 2963 61.0 2.5827015255290404 1.6061684572823696 -34.659609067269564 0.7831008555137993 0.18689746802101842 0.491798788628439 0.0 19.381514316483614 1.236685 49.63452471672309 3.8852625307622985 2.7236101415554153 0.15468877656096325 4.406461512053774 63.07042614717901 6.286955984291562 26.900435586511346
1012 1807.664917804803 2956.5823736899224 214.93654148287618 52.930436527770155 1806 1809 2956 2957 7.0 1.0314375328234562 0.4737269222050336 -8.606154702766753 0.8882873954256816 0.28788682185447967 0.34288887942822677 0.0 2.2027364076820217 0.43366215 20.029399678644918 1.8887974550219282 3.6732533785816184 0.037375105996679904 1.4927053303604616 31.067619812442327 2.963397254809809 27.669230045324003
1013 1991.329236900285 2957.3088771596626 214.9348886094123 52.929274691709765 1989 1994 2956 2959 18.0 1.4110414861446101 0.9564144090858302 -10.476915650326811 0.7352394727729507 0.20624414735452434 0.3077471357151929 0.0 4.861629407406866 0.6534508 22.940065835993433 2.5746366472110176 3.164756221936445 0.060678237230897936 2.393653682408596 27.89553207141714 4.308319235801391 27.786163376414034
1014 4177.244686138059 2966.2771171066333 214.91522003500182 52.91544684755646 4170 4191 2956 2975 289.0 4.125166669236961 3.586660867588938 20.413436694354328 0.49400614087591155 0.18757871328710168 3.8771864582861646 0.0 252.48074888898446 2.9314628 317.0359126532903 5.093116979937395 1.811981020601364 0.446014047264837 9.591222920311857 337.7043594990457 8.215772970867247 25.078658332316127
1015 1534.1560352349702 2959.1761644592707 214.9389643654023 52.93218651443191 1532 1536 2957 2961 21.0 1.273118020399798 1.1990557122989183 15.195775895439743 0.33610072525348206 0.27404734433311195 0.4454059744945832 0.0 7.409960938495941 0.6909836 23.156904764771156 2.4807540640623884 2.8500977414792024 0.08545345485508463 2.5854414729132054 27.431686096680167 3.9670593743710105 27.80436874384145
1016 8911.43421606486 2988.817335280736 214.87263258002613 52.885504561708316 8878 8941 2957 3018 2881.0 10.52307550548688 9.137308766146356 32.61989516914253 0.496019078447642 0.1895561298880572 23.691530553903327 0.0 4925.12156279386 11.045891 5216.915164463586 13.840523036615346 1.5536125951222224 0.5875484742348362 30.282846334112996 5630.048089869819 21.746250613901484 22.023719738859242
1017 1323.2790317320546 2966.80480569125 214.9407732845757 52.93356612722843 1314 1331 2960 2974 206.0 3.6025180310560234 3.0679842195548397 14.532704071065638 0.5241561611079338 0.1813157348877112 1.5695057411982487 0.0 113.9966194939521 2.2654588 157.58439916419064 4.75541778733499 2.0286045681478964 0.34088193578782966 8.097643889049511 159.57520481439326 7.585286407356666 25.89258647370468
1018 3245.0762601239303 2978.8254574941056 214.92343363594424 52.921432424990186 3225 3265 2962 2997 834.0 9.879321989713361 3.885122277042385 -36.01261999540937 0.919428167822084 0.21534137709788612 4.870683914088231 0.0 947.6564414055368 4.718791 1067.5655588796658 7.228072225215923 1.6169468220581953 0.4416282046108823 16.293263794503588 1114.5344630490126 11.617367502454139 23.78226624487589
1019 7998.169987088622 2971.9211113430374 214.8809755726281 52.89121417076405 7993 8004 2964 2981 183.0 4.1442647354322695 2.511544894359069 84.70952160608772 0.7954424988477091 0.0995061900182482 0.9372341831020156 0.0 66.33002815005518 2.4599812 93.65926814339778 4.919059865483494 1.8366310271126796 0.3167514086517961 7.632215220473915 93.30682008080944 7.9616180442926225 26.475216527953926
1020 8407.20353732094 2970.9863934459077 214.87732813758714 52.888611153310826 8402 8412 2964 2978 122.0 2.740351670240385 2.202254810093438 -82.55012738283169 0.5951164383178836 0.1747756818739795 2.0817996221729707 0.0 85.90862800778918 2.1800654 123.39624378317279 4.824772494893773 2.1613673752805442 0.38719023470829217 6.231677632421503 150.306300271354 7.673222037064542 25.95755703762558
1021 3135.5954389230506 2973.048494491096 214.9244747961966 52.92209623405609 3128 3143 2965 2980 194.0 3.5534438764364067 2.59731260605547 -43.47482425669869 0.6824542882220971 0.1732299012567486 2.378960026000113 0.0 137.41248264482158 2.3916407 181.5861012288767 4.719220913270649 2.0545149835245313 0.4069892366268533 7.858251581595959 220.07235300393017 7.377478762232913 25.543586282667057
1022 7093.4511508622945 2969.837542667974 214.88908838815325 52.89694884659359 7090 7097 2965 2975 65.0 2.3310153200636896 1.8246821634044876 -79.13032752269964 0.6222931473995252 0.1882252568923632 0.5794502115691255 0.0 23.364327040848906 1.453538 48.68574979449231 4.138746447700871 2.5208150079999574 0.18718151951075307 4.54864184146723 56.52221681751893 6.725368469363731 27.019452033338954
1023 6289.478913659108 2971.7759099517807 214.89625968598415 52.90206491275326 6284 6294 2966 2977 92.0 2.8742780130093126 2.0231386318099993 -47.871404813142 0.7103217228944696 0.2071909450425514 0.8584498877775861 0.0 42.13090269570475 1.7654626 73.10490653302045 4.383375202275858 2.3472984182741845 0.22167174660560937 5.4115163798060095 75.12852426320468 6.9457608378362945 26.710487854622336
1024 4078.2241989965783 2969.266268916839 214.91607498728592 52.916091638353095 4076 4081 2967 2971 22.0 1.4362245828448958 1.1047021805681712 23.643332815168463 0.6390431121569485 0.2146631723047201 0.3941815241289432 0.0 6.8025213131387625 0.7995159 20.597906982590843 2.6038229398659185 2.806038030998561 0.09796327316256402 2.6462837142006137 32.62736708016165 4.080439501921684 27.6160449272904
1025 1339.4960593365358 2970.9477477712962 214.9405843668125 52.93348557257792 1337 1342 2968 2974 30.0 1.4928912258556728 1.4040668014458402 55.32802717358967 0.33978886036160943 0.19900955885815888 0.4820622667674746 0.0 10.12642560311313 0.85223264 31.38171535329198 2.92240458029845 2.9538926406676977 0.13258290031710548 3.0901936161855166 38.88876347548732 4.9026589430225815 27.42543966413637
1026 7169.820807808658 2969.72084716467 214.8884065616465 52.89646321062107 7168 7172 2968 2972 19.0 1.2787394918166355 1.0905999338229733 -47.70593335740869 0.5221215545253719 0.2627452377906388 0.42495299581756985 0.0 6.511452172213169 0.7976886 23.125321261763347 2.9844297845067724 2.9433399424819786 0.08785854169480332 2.4592453796829674 21.30881555799372 4.625651611327047 28.0786017242508
1027 720.4647403359842 2976.73621764963 214.94606996316872 52.93744560750732 718 723 2974 2979 28.0 1.4977461474280807 1.296233696523853 -44.188703342129585 0.5009845881398155 0.2035746207238245 0.4652221191443579 0.0 9.150363255812003 0.8275684 16.03367903552504 2.124699157863905 2.0168409868922663 0.13309586475533092 2.985410660720923 16.559937063645627 3.457676155018844 28.35235329523101
1028 247.107591406826 2978.507918905087 214.95029328605835 52.94045923429247 245 250 2976 2982 31.0 1.5648052699559023 1.3505030307715522 63.88781212810671 0.5051208541982055 0.1820860610180605 0.5748400369574498 0.0 12.159650181988036 1.009586 19.3719070619945 2.008880581045022 1.7134034479473494 0.15513567306514486 3.141274657157109 18.21006315119015 3.289312243769526 28.24922137025105
1029 3655.0405062535574 2986.028115354773 214.9196871012839 52.91886873369863 3647 3665 2977 2995 278.0 2.976616659742229 2.7576760272661502 -11.81340339178964 0.37642651256299375 0.24402925403541129 18.81481072706594 0.0 701.2877259046102 3.1060636 729.9795760491119 3.5056592602441063 1.4949401578825938 0.6426442647748138 9.40692023773423 776.9074416434339 5.496832116294573 24.174076796556026
1030 2730.5151181878314 2979.47649069339 214.92803463109055 52.92470236393635 2730 2731 2978 2981 6.0 0.9622152065279946 0.41808047040035146 -71.58114356927082 0.9006728537664495 0.1798238092402828 0.22521409603436546 0.0 1.2609816588435958 0.40843242 7.135486825668288 1.5390678642738433 3.43732819759227 0.0482375707825497 1.381976597885342 7.004460525315789 2.468745263549535 29.28656326975374
1031 2485.535286677766 2982.9094543050774 214.93019250031952 52.9262759634907 2482 2490 2980 2986 51.0 2.097635848009354 1.6742288314424074 12.77829317795136 0.6024582843749365 0.2057235379910019 0.4904057150851645 0.0 17.187701417891663 1.1067758 38.02087261373728 3.3095089131457107 2.523690458677914 0.13891457583073352 4.029119531035698 42.343467075460914 5.247974566149499 27.333033962266786
1032 3308.561610834543 2981.140332411476 214.92284080447064 52.92104190578491 3307 3310 2980 2983 13.0 1.0648357037225105 0.9117161123817353 14.441168582103971 0.5166386325518791 0.27992274034942316 0.37568338523051625 0.0 4.240792130683445 0.56708544 17.473820687547377 2.117178654343199 3.0609332572959906 0.05761412036012424 2.0342144725641096 20.506457428682147 3.408445128114502 28.12027339808689
1033 4449.68484275684 3050.523786572449 214.91189428669043 52.914171893023166 4424 4486 2980 3119 5767.0 23.167764902656625 8.847114983720532 -87.87305699280297 0.9242153237644256 -0.05779029400144276 2.334598806075604 0.0 2076.575232599783 17.817854 4653.428400227421 inf 2.6785667758412988 0.6666698365051961 42.84498936424096 5525.2829046068155 inf 22.044113701001173
1034 4222.39250715797 2985.0427059954077 214.91461830422668 52.915261507037414 4220 4225 2982 2988 35.0 1.709599494740405 1.4992540861269732 69.73846808660255 0.4805594124689607 0.1981305619855055 0.34081994009462807 0.0 9.533541425494791 0.93204886 31.90458695169739 3.3366857177319376 2.880281752755694 0.08493043531172129 3.3377905890622728 45.34990872707442 5.443237406519112 27.25855895670088
1035 9683.115774673764 2986.8917434681807 214.86575526100953 52.88059226442665 9671 9694 2982 2992 197.0 5.353841065048704 2.221852235569244 -7.53870307071539 0.9098207129742805 0.1878997560346638 1.0492128448976157 0.0 94.25488926965429 2.7712731 150.34646916468307 6.452023468091569 2.079560681450314 0.2585502519575894 7.918778161951929 145.9991667060854 10.47886304117403 25.989124057387908
1036 6201.875392308459 2989.068891003657 214.89686136056608 52.902714528129366 6198 6206 2983 2995 83.0 3.225058224088434 1.7552033783139231 72.81397794955816 0.838930033968083 0.21403988789074926 0.5455344076228313 0.0 30.196197922766707 1.602465 61.30751369069179 4.684456599936289 2.5010415431149795 0.15359104727668646 5.140011726956917 74.35264258951389 7.569708687329323 26.72175897869404
1037 186.35079816882347 2989.3014517853826 214.9507241376026 52.94090309912325 184 189 2986 2992 33.0 1.5984242904513208 1.4635775372816557 -65.51860748913708 0.4020044856987815 0.14079508450106595 0.3431269773529338 0.0 8.287749336526387 1.4740099 19.88814503908022 3610740.6270911703 2.562663136208415 0.12472260619657792 3.2410224072142872 27.251321261854144 12028658.099562906 27.811531091007645
1038 7524.396889024892 2990.665945192494 214.88501491334108 52.89432433048232 7519 7530 2986 2996 102.0 2.4887913625638562 2.153039507149351 34.490287042955195 0.5016090645371512 0.17878298960223313 1.6969694833726565 0.0 67.70559632456435 1.808585 97.18133669947773 3.915471390789774 2.0705853259002334 0.34561256539313384 5.698035485213008 110.07485459937476 6.407043845382293 26.295779698846218
1039 1928.263604975676 2991.4423737718234 214.93509410929127 52.92985929495302 1924 1932 2987 2996 72.0 2.299679154500415 1.943840501890471 -64.50810417864393 0.534345825770908 0.17583604235742628 0.6710867856631183 0.0 26.209736019867538 1.3835802 62.29603066018062 4.230445817128972 2.7587207561446507 0.2238432533001428 4.787307364817192 75.1008411108015 7.141762659445385 26.710887997445163
1040 3423.801571149083 2988.1732623250105 214.92173490419842 52.92034830202463 3422 3425 2987 2989 7.0 1.1976379088233438 0.510520548563003 -37.0961030126635 0.9045946276310313 0.26386022942784215 0.31048264273030296 0.0 1.9807900622971806 0.43832386 19.178966128594645 2.0863152539642913 3.6854519165943596 0.03956795265394529 1.4927053303604616 21.209313695679292 3.3097870992058476 28.083683461075605
1041 2900.7843361920354 2989.585455894098 214.92640336714334 52.92367609502301 2899 2902 2988 2991 11.0 1.117611574660202 0.7513172402162686 -48.41568996261986 0.7403218880331057 0.22079832767743615 0.2671615544512222 0.0 2.711981636911616 0.52562135 25.313247077704112 2.5515362258676624 3.6368633200655873 0.03427192295516024 1.8712051592547776 39.73946724860541 3.9751099618745958 27.40194489845943
1042 8478.499999629601 2991.2582427482103 214.87647730056247 52.888267658477616 8474 8483 2988 2995 66.0 2.3722001864280746 1.8183111335372426 0.4260820403898779 0.6422344004646711 0.2279830073280203 0.741836594054892 0.0 30.053175168046383 1.6230432 54.53309975651813 4.122185408030107 2.3550453994991365 0.18114385250093937 4.583497844237541 63.43961304647604 6.935320949701047 26.894098686715598
1043 9516.635389695213 2989.9403580055327 214.8672111040797 52.8816662656765 9514 9519 2988 2992 24.0 1.3460344207551695 1.2341840797123684 -3.05835552745025 0.39910827548817845 0.14796211129210288 0.3408874115155349 0.0 5.828933105828699 0.935146 10.69365820678739 2.455105027342915 2.176666762471374 0.13468213775415253 2.763953195770684 8.465484731872031 3.9743668562069328 29.080870423081336
1044 1612.5988064801284 3007.270640527103 214.9377551944412 52.931948342408084 1594 1635 2990 3026 1152.0 7.969214441631095 5.948369875223043 32.50685989553343 0.6654767281501041 0.1737471054793067 7.96001887468307 0.0 1432.6258820907676 5.8651705 1554.1617529042635 8.186044224500913 1.5900059595928582 0.5111418417179427 19.149229459268767 1657.6882682840323 12.689279797670899 23.351242840213523
1045 4208.146500047061 2995.5652039914025 214.9146350403854 52.915408750981726 4204 4213 2991 3000 79.0 2.5325588429383923 1.9878447017393868 -59.38930086206883 0.6196028170394676 0.1423245045585347 0.6423126540472882 0.0 28.1070914322342 1.4426297 66.19104385717554 4.3945558240894576 2.678580303728916 0.2131306004498426 5.014626706796775 88.17286830496425 6.965198694023521 26.53666257793434
1046 9227.951357764632 2999.2138453566836 214.8696937976886 52.883550092618826 9224 9232 2994 3004 82.0 2.3293981098582783 2.011122754288013 -80.32435245857508 0.5045784651081976 0.23299949680552084 1.4613479298490042 0.0 55.276654033043584 1.7477279 80.401227072609 3.8196597993879657 2.093851686324964 0.28672935585993037 5.108953969950291 84.62448649958353 6.069209853580678 26.581259883981886
1047 9426.539916183086 3003.091110231124 214.86787793809083 52.88230951629361 9418 9436 2994 3012 255.0 3.7769699230667246 3.225621819007607 12.17329038305684 0.520234105114963 0.045395292870704464 3.965429997442861 0.0 301.295019179459 3.4782236 351.98597136607253 5.4750760482093765 1.6770928704736767 0.44958849525495886 9.009385160867895 366.62924757962196 8.838432923532146 24.989432231169253
1048 229.346932476375 2997.5070158681374 214.95025238878685 52.94067455917452 226 232 2995 3001 34.0 1.9295362857752842 1.2830293432127298 44.496070566720505 0.7468951694951914 0.1789281823405632 0.3608319034479196 0.0 9.468451538062737 1.1478757 29.41896480170658 999999.9979646774 2.894706978766667 0.10235302071257543 3.2897623212397704 17.428682201380504 999999.9979835339 28.296838622630165
1049 1805.3030876016253 2999.7969146981704 214.93610759834593 52.93068486599348 1801 1810 2997 3003 59.0 2.2335683637542765 1.6274260842530823 -7.745310545700216 0.6849164986410543 0.2866042520239706 1.2261436437569198 0.0 38.177298397558644 1.2243438 57.89310260494099 2.7901928443121475 2.118001186361732 0.2344639295420657 4.3336224206596095 61.82003603304274 4.533773679351993 26.922176865338567
