outputs/dr0.5_c0.1/nircam2_matched_f277w_f125w_dr0.5_c0.1.ecsv
# %ECSV 1.0
# ---
# datatype:
# - {name: label, datatype: int64}
# - {name: xcentroid, datatype: float64}
# - {name: ycentroid, datatype: float64}
# - {name: sky_centroid.ra, unit: deg, datatype: float64}
# - {name: sky_centroid.dec, unit: deg, datatype: float64}
# - {name: bbox_xmin, datatype: int64}
# - {name: bbox_xmax, datatype: int64}
# - {name: bbox_ymin, datatype: int64}
# - {name: bbox_ymax, datatype: int64}
# - {name: area, unit: pix2, datatype: float64}
# - {name: semimajor_sigma, unit: pix, datatype: float64}
# - {name: semiminor_sigma, unit: pix, datatype: float64}
# - {name: orientation, unit: deg, datatype: float64}
# - {name: eccentricity, datatype: float64}
# - {name: min_value, datatype: float64}
# - {name: max_value, datatype: float64}
# - {name: local_background, datatype: float64}
# - {name: segment_flux, datatype: float64}
# - {name: segment_fluxerr, datatype: float32}
# - {name: kron_flux, datatype: float64}
# - {name: kron_fluxerr, datatype: float64}
# - {name: kron_radius, unit: pix, datatype: float64}
# - {name: gini, datatype: float64}
# - {name: equivalent_radius, unit: pix, datatype: float64}
# - {name: kron4_2_flux, datatype: float64}
# - {name: kron4_2_fluxerr, datatype: float64}
# - {name: kron4_2_mag, datatype: float64}
# meta:
#   PHOTMJSR: 2.962800025939941
#   PIXAR_SR: 2.11539874851881e-14
#   __serialized_columns__:
#     area:
#       __class__: astropy.units.quantity.Quantity
#       unit: !astropy.units.Unit {unit: pix2}
#       value: !astropy.table.SerializedColumn {name: area}
#     eccentricity:
#       __class__: astropy.units.quantity.Quantity
#       unit: !astropy.units.Unit {unit: ''}
#       value: !astropy.table.SerializedColumn {name: eccentricity}
#     equivalent_radius:
#       __class__: astropy.units.quantity.Quantity
#       unit: !astropy.units.Unit {unit: pix}
#       value: !astropy.table.SerializedColumn {name: equivalent_radius}
#     kron_radius:
#       __class__: astropy.units.quantity.Quantity
#       unit: !astropy.units.Unit {unit: pix}
#       value: !astropy.table.SerializedColumn {name: kron_radius}
#     orientation:
#       __class__: astropy.units.quantity.Quantity
#       unit: &id001 !astropy.units.Unit {unit: deg}
#       value: !astropy.table.SerializedColumn {name: orientation}
#     semimajor_sigma:
#       __class__: astropy.units.quantity.Quantity
#       unit: !astropy.units.Unit {unit: pix}
#       value: !astropy.table.SerializedColumn {name: semimajor_sigma}
#     semiminor_sigma:
#       __class__: astropy.units.quantity.Quantity
#       unit: !astropy.units.Unit {unit: pix}
#       value: !astropy.table.SerializedColumn {name: semiminor_sigma}
#     sky_centroid:
#       __class__: astropy.coordinates.sky_coordinate.SkyCoord
#       dec: !astropy.table.SerializedColumn
#         __class__: astropy.coordinates.angles.Latitude
#         unit: *id001
#         value: !astropy.table.SerializedColumn {name: sky_centroid.dec}
#       frame: icrs
#       ra: !astropy.table.SerializedColumn
#         __class__: astropy.coordinates.angles.Longitude
#         unit: *id001
#         value: !astropy.table.SerializedColumn {name: sky_centroid.ra}
#         wrap_angle: !astropy.coordinates.Angle
#           unit: *id001
#           value: 360.0
#       representation_type: spherical
#   astropy version: '5.1'
#   kernelfile: kernel_f277w_f125w.fits
#   make_catalog parameters:
#     ab_zpt: 31.4
#     coadd_bands: !!python/tuple [f277w, f356w]
#     deblend_contrast: 0.001
#     deblend_nlevels: 32
#     deblend_npixels: 1
#     detect_kernel_fwhm: 4.0
#     detect_kernel_npix: 7
#     detect_npixels: 4
#     detect_threshold_nsigma: 3.0
#     flag_isolated_buffer: 4
#     hst_bands: !!python/tuple [f606w, f814w, f125w, f140w, f160w]
#     jwst_bands: !!python/tuple [f115w, f150w, f200w, f277w, f356w, f410m, f444w]
#     near_border_kernelsize: 21
#     reference_band: f200w
#   make_catalog version: 1.4.0
#   photutils version: 1.5.0
# schema: astropy-2.0
label xcentroid ycentroid sky_centroid.ra sky_centroid.dec bbox_xmin bbox_xmax bbox_ymin bbox_ymax area semimajor_sigma semiminor_sigma orientation eccentricity min_value max_value local_background segment_flux segment_fluxerr kron_flux kron_fluxerr kron_radius gini equivalent_radius kron4_2_flux kron4_2_fluxerr kron4_2_mag
[from data line 2774]
2775 286.4135849650605 5041.597345830155 214.92821011854872 52.951350432306874 271 305 5029 5057 760.0 6.583208309674477 5.971239249658802 32.95053514747409 0.42104250297750956 0.17778602831744972 2.4048389334284406 0.0 499.52939422669635 21.169144 640.2602880267689 38.953152555762635 1.7988997544340375 0.38552793900326154 15.553633450087505 668.7011496822528 62.56164803746856 24.33691982531777
2776 995.9576838591993 5036.771252932505 214.92190331429737 52.94682017891292 988 1004 5030 5044 180.0 3.5033782045311948 3.0538985288194604 9.846884061299688 0.49003800352805815 0.28519989529409595 1.4362925302570329 0.0 123.75923667917141 10.909917 172.04779941196813 22.576948582904 1.8876854649353525 0.2565233686950665 7.569397566060481 177.62784583900165 35.411356211356065 25.776222377555285
2777 3486.3838396806973 5037.52333741399 214.89959114707545 52.93101227293155 3483 3490 5031 5043 91.0 3.2637254218478153 1.9770855223019934 80.58385753894851 0.7956354770396997 0.1826493960681445 0.44069648457371335 0.0 28.777340336670942 7.1702437 56.320666997780805 18.724183353783033 2.229439308554474 0.12235205422981002 5.382025607773058 60.052567922156314 29.752652838021937 26.95367104223563
2778 4336.945427725829 5033.22251727786 214.89202255325918 52.925587803915754 4334 4340 5031 5035 26.0 1.8483789896353175 1.0609568956509596 -21.546380999414524 0.8188600937871008 0.17172985622591996 0.23077118760678003 0.0 5.234812822265966 3.757277 24.789759753117988 14.762241132485494 3.2033020944010753 0.04963049732799558 2.876813695875796 33.089903025617176 23.845939461582557 27.600761263990744
2779 10187.886870027934 5032.123224258975 214.83971011412513 52.88841383809167 10187 10189 5031 5033 8.0 0.8605562405014676 0.6818764649704434 44.630070969235305 0.6100445526284589 0.19254830365080514 0.20943691567011857 0.0 1.6020584213713123 2.303535 19.47762002727748 9.93608810333476 3.799965201326279 0.017516574467447612 1.5957691216057308 34.829858486791366 15.796988967831394 27.54512072517586
2780 8664.828498342447 5033.968183619502 214.85330251515765 52.89810121712018 8663 8667 5032 5036 21.0 1.3554636063531422 1.1560947650671156 52.51485081637593 0.5220503833461039 0.13486012325442795 0.1924870398216668 0.0 3.4760434596101253 3.4889748 21.82468868434776 14.381737814008517 3.384991690845084 0.0533909319465207 2.5854414729132054 30.0066442475879 23.156192750566646 27.70695642648656
2781 611.5273572812772 5033.499576637862 214.92538218944767 52.94924292810139 611 612 5033 5034 4.0 0.5002474125878672 0.49900293198012546 63.495844419587655 0.07049306097914394 0.19905447134802642 0.2229852843135262 0.0 0.8447948196041111 1.3553846 15.581815977832903 6.183385113754619 4.168139045761405 0.03712309890743725 1.1283791670955126 35.190163098813684 9.777629363383536 27.533946800747298
2782 1812.647287945009 5037.968049340758 214.91457464510245 52.94164185792557 1809 1816 5033 5043 69.0 2.567127884745499 1.8659476057994504 68.1960168768695 0.6867835839249085 0.21524849410003766 0.5212116440197739 0.0 24.505521180836393 6.2926345 66.71156887210076 19.88464387074912 2.7605294057821395 0.1323790399331001 4.686510657907603 77.17761326275642 31.855186228761013 26.681271640559594
2783 2098.117531647551 5035.038872660547 214.91204862043355 52.939813623251325 2096 2100 5033 5037 19.0 1.2805147335037395 1.1572177039032647 2.681182971430312 0.4281389556006887 0.1821446553986238 0.21508321683977405 0.0 3.8194197052059824 3.2073174 37.08191944587676 14.5922470380353 3.6441023567361266 0.029828971428743304 2.4592453796829674 51.1352580759082 23.50472855841588 27.128198869643512
2784 2192.7872142428278 5037.749809024271 214.91117217549248 52.93922719454755 2187 2199 5033 5043 110.0 2.9843280395296605 2.4887279628131824 -9.699666680699648 0.5518665473172013 0.21488653726721388 0.5791726503259568 0.0 40.897944847295044 7.841667 100.26756438346536 24.30688818788633 2.7062196715635616 0.15311908276998748 5.917270272703197 160.37345732850756 38.94780243884143 25.887168770454288
2785 2848.998569745019 5039.424638554689 214.90527798762182 52.93506975722442 2845 2854 5033 5046 97.0 3.1710323950545143 2.2399785726348 -83.42919843258784 0.7078250398137542 0.1723722295336197 0.3541816146967176 0.0 25.356028597561018 7.2316236 112.16418893228732 27.848829295004517 3.1460720261254145 0.10535186178732081 5.556622981616415 201.39364771453972 44.3023049655338 25.639885579813875
2786 9613.536194632006 5039.231182004778 214.84476761080964 52.89210173806255 9608 9619 5033 5046 110.0 3.35793805534267 2.2538205589119027 -54.98806752433784 0.7412837102799277 0.21425717161490196 0.613426392088087 0.0 42.44684118461254 8.385134 87.2467005882942 23.478178043794344 2.4451027345904692 0.15681734599636332 5.917270272703197 110.50146691211506 37.21066802854318 26.291579891652866
2787 1174.7803008925468 5036.5187562891415 214.92030389787703 52.94568359318336 1173 1177 5035 5038 14.0 1.2849886855515587 0.8476192100861836 -39.34363035917332 0.7515890386563168 0.1824204091777769 0.2083342927035773 0.0 2.753415839834366 2.7426026 27.27672373115392 12.50736835273215 3.621055908829942 0.024032961021515444 2.111004122822376 37.490880368926994 20.388203462004185 27.465185903155383
2788 4162.629385592144 5037.513703148129 214.89353760471994 52.92671794537633 4159 4167 5035 5040 45.0 2.153870200615298 1.5650597681105134 1.9718210460848518 0.6870324030128474 0.18402131201942426 0.26246128260649165 0.0 10.090101706026648 5.1104574 46.22632100035979 19.477598830683117 3.1982694724149665 0.056210693906053474 3.7846987830302403 43.62758299822891 31.487437941828265 27.300597116490557
2789 1522.502325602312 5042.958215471795 214.91712104503432 52.94351084201741 1514 1531 5036 5050 196.0 4.179050562423498 3.220291401113204 -33.758884106950106 0.6373436851426493 0.20792094182021711 0.550319111158791 0.0 70.01434992972453 10.237926 184.43613288906698 33.03818338466134 2.740313294846894 0.1420101637970965 7.898654169668588 236.88700180158258 52.905671917578765 25.463646921860445
2790 682.6713588736473 5040.529157736049 214.92467066485355 52.94882925540497 680 685 5038 5043 30.0 1.7040071798152128 1.330333789352904 40.91013009838702 0.6248947217968622 0.19682111011809714 0.2528709290809247 0.0 6.722223278288231 4.408634 31.572511283746383 17.068438370028932 3.2085536883221337 0.04499947550894956 3.0901936161855166 37.09305187465788 26.91983082003714 27.47676858277466
2791 6863.4664109420955 5041.2231120395845 214.86933301698647 52.90958409277366 6856 6869 5038 5044 65.0 3.3363167128381606 1.4617673144871133 -19.18597567196848 0.898907695488058 0.2036618684966178 0.3478507008065559 0.0 17.810340311397145 5.9777474 56.24546616255219 20.687570265725284 2.8163805790053433 0.08319454124215825 4.54864184146723 81.11183376357131 33.19215973954187 26.627289450067035
2792 10010.774892603662 5049.088898157968 214.84111400422944 52.88963074588504 10000 10021 5038 5066 405.0 7.039763071133103 3.743236211782748 56.94220606239117 0.8469154480264529 0.22432532748129277 0.9901830769287632 0.0 213.27249804373753 15.456975 410.09862822006914 42.487302966887796 2.42226816702741 0.21169941615119853 11.354096349090721 437.44533868051803 68.39646793485551 24.797690517132924
2793 756.7797826436355 5045.497490168304 214.92395430966366 52.94838563204456 746 766 5040 5052 190.0 4.392451089439573 2.6525132637684576 12.454681429404623 0.7970752618980819 0.1964074901779726 1.1881371121600692 0.0 101.55150925240363 10.585133 154.58468428057978 24.463399440998135 2.106310222679486 0.25980614485963477 7.776816725043752 182.919607941992 39.267919433040056 25.744349345322362
2794 2261.0473635913877 5045.524910185985 214.91047892428367 52.93883577040992 2256 2266 5041 5049 77.0 2.724109140859874 2.162701432492748 -17.65202862947952 0.6080333977310078 0.17482103971081012 0.26602412180453877 0.0 17.026607915694797 6.7967644 164.72999906271906 27.564456562437126 3.709430018405364 0.06281307425614804 4.950743503369154 294.03662361023186 40.7641667252336 25.2289964321223
2795 1507.3836194571948 5043.233324238731 214.91725357847264 52.943608309884375 1506 1509 5042 5044 10.0 1.1265062502311987 0.6831445959511759 16.80050196312973 0.795138631285861 0.15705055693689088 0.20929401113597634 0.0 1.9140973230940521 2.5481791 24.556932395393424 10.949409291284477 3.78608744876697 0.05304314636163041 1.7841241161527712 43.507900600358994 17.361973149870046 27.303579680855584
2796 2442.958557109089 5046.118565829546 214.90884352796436 52.93768398726432 2441 2445 5044 5049 22.0 1.3702325892600886 1.2169726055114214 85.44273941685682 0.45955292260153513 0.14608980267341679 0.1899481054789137 0.0 3.7723620990873497 3.4562042 34.07499325876481 15.23160216347851 3.5699525091792923 0.044816141895846054 2.6462837142006137 59.89246271414188 24.40247149948506 26.956569572057685
2797 9131.538966241233 5047.426651003099 214.84898905308643 52.89520849781038 9128 9135 5044 5051 50.0 1.955725073298944 1.8403967619838035 -44.20995713249958 0.33832199578901423 0.2316723405245887 0.392727723236562 0.0 15.034075956370655 5.405555 42.958387157258 17.839347682206203 2.7653330862546244 0.09532249782157871 3.989422804014327 50.17193855041126 27.833451275628782 27.148847795792115
2798 1091.003893660421 5048.292326741861 214.9209304013798 52.946278993279996 1090 1092 5047 5049 7.0 0.7548468750721682 0.6945340006221734 0.9289991823144326 0.39168542858823063 0.18876676858928576 0.20062414835824183 0.0 1.370215225847491 1.6537459 18.598919843455413 7.739342527102438 3.8343007239440463 0.012619574017565907 1.4927053303604616 29.714385832606833 12.496626368637092 27.717583104391622
2799 3583.6293600781423 5049.2360706650115 214.89859715889378 52.93045797291071 3582 3585 5047 5051 14.0 1.1599675732405617 0.9126020016623888 -65.37449280643517 0.6172745017866788 0.1414186165549252 0.17550132995027906 0.0 2.2422641596082813 2.9944594 15.972799555457135 11.96414742573575 3.4675092788448456 0.0361842262346474 2.111004122822376 20.92777089191605 18.924697462216667 28.098192569489676
2800 4026.467183269826 5052.436167659618 214.89459921305777 52.92766314616713 4019 4034 5048 5057 116.0 3.5352178164857455 2.229857838835033 17.283572679815194 0.7759816916612418 0.2442692013531095 0.6721082739467097 0.0 51.03380044509886 8.226798 109.88480782690331 23.487617900784432 2.4941392718717177 0.1501349565838196 6.076507779746499 133.68461960837374 37.43934275637268 26.084796388416514
2801 6565.05151318843 5056.1297505585 214.87184510483212 52.911560069094364 6560 6570 5050 5062 112.0 3.032336782811317 2.4545334790242257 66.41719234766732 0.5871849584627007 0.21804754087115139 0.6306011962595187 0.0 43.683510077134876 8.014707 89.06007822236785 22.4154815994417 2.4484180969816403 0.16640599312357582 5.970821321441846 113.98502374875002 36.02516077047062 26.25788051487239
2802 7831.333595918741 5054.741933560053 214.86053536854808 52.903508572785746 7827 7835 5051 5058 56.0 2.0664040654877462 1.9330110495029817 5.813817069992965 0.3534675422740898 0.21041885915238862 0.4500436768892297 0.0 18.493716216699987 5.5614457 53.91782316743014 18.63297629123158 2.7873525602798583 0.10824679556988778 4.222008245644752 71.69598906103725 29.8443102420744 26.761262849232967
2803 10208.87836390448 5060.9404426456085 214.83921905883122 52.88843580717083 10202 10216 5051 5071 233.0 4.294320968895388 3.1652209304564343 85.86899134749481 0.6758149399420936 0.2517754281497269 1.5619006224599037 0.0 160.5486491627982 11.99269 307.8322016631506 31.716371423996705 2.5021551738807886 0.27648840962773646 8.611980229936854 406.31969057100343 50.92161004154104 24.87783032728068
2804 1562.5831311876543 5058.7333353584945 214.91659581133402 52.94334153784797 1558 1567 5054 5063 77.0 2.7363050512307927 2.0275091147157673 -45.37756591669998 0.6715425000462764 0.1996047000748011 0.36279185423481086 0.0 21.21123771795754 6.427409 61.45071107940933 21.17468570906841 2.7595281072372213 0.09611723129968039 4.950743503369154 81.91402046911486 34.06381883431675 26.616604394217987
2805 611.8309073666202 5058.600100253611 214.92511501618822 52.94937651277173 610 613 5055 5062 23.0 1.9475537621386234 0.9182338717880839 -87.81457220281857 0.8818764181903123 0.20576192550428485 0.25888845106370606 0.0 5.455171795908858 3.1350412 86.20777345886901 15.383909766161363 3.890026745597473 0.03882568516902046 2.7057581899030048 185.32403214110917 24.969585945225788 25.730170648282286
2806 2859.7233219277255 5059.082681651192 214.90497486006757 52.935107754244484 2854 2865 5055 5063 80.0 2.750617201890751 2.121451513085269 -20.387948894771284 0.6365156162407379 0.19974036683673882 0.3498008908073425 0.0 21.614472655331937 6.707368 177.03220694803596 28.970927987954703 3.6116684923952893 0.08695120300865646 5.046265044040321 291.9858307320209 46.49413490456663 25.23659555788754
2807 2766.0583552914463 5061.971776532385 214.90578314540068 52.93571807296065 2757 2776 5056 5068 203.0 4.472557531932496 2.8814736021204803 -5.1593437844707015 0.764809618265234 0.21106077298201872 0.7731291617239662 0.0 88.5551268039248 10.742575 145.7288966639981 26.471700111446403 2.213804850970868 0.20534974525341387 8.03846421247924 167.6296129043665 42.315414391242335 25.839123144680137
2808 8204.01878734945 5057.316148423886 214.85717613349766 52.901154780115895 8203 8205 5056 5058 7.0 0.7563135723859737 0.6876219557171873 1.607371606452873 0.4164126132676294 0.18790571549431118 0.22290868165779004 0.0 1.46399087348981 1.9689577 12.430904903606088 8.736563939861256 3.662004863837533 0.0360170964232676 1.4927053303604616 14.99773968849324 14.117952074798712 28.45993547149124
2809 9205.698441937102 5057.574886600924 214.8482193453335 52.89479202341863 9204 9207 5057 5058 7.0 1.0302558981880354 0.47607853002715306 -8.382621447584894 0.8868292002770801 0.154931297332012 0.1678910693763726 0.0 1.133590344440729 1.7037413 12.498716597556651 7.357154929643095 3.7459553334233155 0.018244046265214465 1.4927053303604616 19.946084405711808 11.717470218225888 28.150355868726983
2810 2083.3494312037233 5060.252364721383 214.9119152614096 52.9400434780256 2082 2085 5059 5062 12.0 1.0252493948831636 0.8993601638760399 16.550648138756095 0.4801048441408327 0.14260645302185102 0.17123952670714396 0.0 1.9182770170339283 2.5351808 14.101342354613553 10.91759847268063 3.488930680793018 0.031081588460459622 1.9544100476116797 18.800078295357213 17.59666690297554 28.214600855142557
2811 3102.0374368317484 5066.223202027632 214.90272994482945 52.93360768784328 3096 3108 5059 5074 169.0 3.542529911004763 2.8379110628781468 83.04415302676696 0.5985341710565762 0.26138984102337887 1.281575007100123 0.0 105.2525045439416 9.687986 141.8899422575232 18.79463474945086 1.7842238382174405 0.25613133731307225 7.334464586120832 141.62811874646866 30.085775541689692 26.022126283916357
2812 10001.142617441074 5062.784756951168 214.84105583313897 52.88976579167774 10000 10002 5060 5065 14.0 1.4629437410400605 0.7405035780031811 88.92993783931918 0.8624315814516331 0.24340842131709833 0.25903763291987025 0.0 3.513999587521409 2.8461957 48.98860887545243 13.543089236946516 3.8182964437955884 0.01095167447113273 2.111004122822376 86.5636225257322 21.734357545780544 26.556661443613145
2813 1786.2916363084416 5070.586523063863 214.91446707152951 52.9419852534108 1777 1796 5061 5080 298.0 3.966924700485411 3.7673421407591805 3.010990360905876 0.3131965093872992 0.2738830744759427 3.0201584248726876 0.0 294.31024573826124 12.816873 372.4993214028458 23.792201706225704 1.8803645427277544 0.3725158598213682 9.739422266375435 401.3814385597857 38.21978582001686 24.8911067871291
