outputs/dr0.5_c0.1/nircam3_matched_f277w_f125w_dr0.5_c0.1.ecsv
# %ECSV 1.0
# ---
# datatype:
# - {name: label, datatype: int64}
# - {name: xcentroid, datatype: float64}
# - {name: ycentroid, datatype: float64}
# - {name: sky_centroid.ra, unit: deg, datatype: float64}
# - {name: sky_centroid.dec, unit: deg, datatype: float64}
# - {name: bbox_xmin, datatype: int64}
# - {name: bbox_xmax, datatype: int64}
# - {name: bbox_ymin, datatype: int64}
# - {name: bbox_ymax, datatype: int64}
# - {name: area, unit: pix2, datatype: float64}
# - {name: semimajor_sigma, unit: pix, datatype: float64}
# - {name: semiminor_sigma, unit: pix, datatype: float64}
# - {name: orientation, unit: deg, datatype: float64}
# - {name: eccentricity, datatype: float64}
# - {name: min_value, datatype: float64}
# - {name: max_value, datatype: float64}
# - {name: local_background, datatype: float64}
# - {name: segment_flux, datatype: float64}
# - {name: segment_fluxerr, datatype: float32}
# - {name: kron_flux, datatype: float64}
# - {name: kron_fluxerr, datatype: float64}
# - {name: kron_radius, unit: pix, datatype: float64}
# - {name: gini, datatype: float64}
# - {name: equivalent_radius, unit: pix, datatype: float64}
# - {name: kron4_2_flux, datatype: float64}
# - {name: kron4_2_fluxerr, datatype: float64}
# - {name: kron4_2_mag, datatype: float64}
# meta:
#   PHOTMJSR: 2.962800025939941
#   PIXAR_SR: 2.11539874851881e-14
#   __serialized_columns__:
#     area:
#       __class__: astropy.units.quantity.Quantity
#       unit: !astropy.units.Unit {unit: pix2}
#       value: !astropy.table.SerializedColumn {name: area}
#     eccentricity:
#       __class__: astropy.units.quantity.Quantity
#       unit: !astropy.units.Unit {unit: ''}
#       value: !astropy.table.SerializedColumn {name: eccentricity}
#     equivalent_radius:
#       __class__: astropy.units.quantity.Quantity
#       unit: !astropy.units.Unit {unit: pix}
#       value: !astropy.table.SerializedColumn {name: equivalent_radius}
#     kron_radius:
#       __class__: astropy.units.quantity.Quantity
#       unit: !astropy.units.Unit {unit: pix}
#       value: !astropy.table.SerializedColumn {name: kron_radius}
#     orientation:
#       __class__: astropy.units.quantity.Quantity
#       unit: &id001 !astropy.units.Unit {unit: deg}
#       value: !astropy.table.SerializedColumn {name: orientation}
#     semimajor_sigma:
#       __class__: astropy.units.quantity.Quantity
#       unit: !astropy.units.Unit {unit: pix}
#       value: !astropy.table.SerializedColumn {name: semimajor_sigma}
#     semiminor_sigma:
#       __class__: astropy.units.quantity.Quantity
#       unit: !astropy.units.Unit {unit: pix}
#       value: !astropy.table.SerializedColumn {name: semiminor_sigma}
#     sky_centroid:
#       __class__: astropy.coordinates.sky_coordinate.SkyCoord
#       dec: !astropy.table.SerializedColumn
#         __class__: astropy.coordinates.angles.Latitude
#         unit: *id001
#         value: !astropy.table.SerializedColumn {name: sky_centroid.dec}
#       frame: icrs
#       ra: !astropy.table.SerializedColumn
#         __class__: astropy.coordinates.angles.Longitude
#         unit: *id001
#         value: !astropy.table.SerializedColumn {name: sky_centroid.ra}
#         wrap_angle: !astropy.coordinates.Angle
#           unit: *id001
#           value: 360.0
#       representation_type: spherical
#   astropy version: '5.1'
#   kernelfile: kernel_f277w_f125w.fits
#   make_catalog parameters:
#     ab_zpt: 31.4
#     coadd_bands: !!python/tuple [f277w, f356w]
#     deblend_contrast: 0.001
#     deblend_nlevels: 32
#     deblend_npixels: 1
#     detect_kernel_fwhm: 4.0
#     detect_kernel_npix: 7
#     detect_npixels: 4
#     detect_threshold_nsigma: 3.0
#     flag_isolated_buffer: 4
#     hst_bands: !!python/tuple [f606w, f814w, f125w, f140w, f160w]
#     jwst_bands: !!python/tuple [f115w, f150w, f200w, f277w, f356w, f410m, f444w]
#     near_border_kernelsize: 21
#     reference_band: f200w
#   make_catalog version: 1.4.0
#   photutils version: 1.5.0
# schema: astropy-2.0
label xcentroid ycentroid sky_centroid.ra sky_centroid.dec bbox_xmin bbox_xmax bbox_ymin bbox_ymax area semimajor_sigma semiminor_sigma orientation eccentricity min_value max_value local_background segment_flux segment_fluxerr kron_flux kron_fluxerr kron_radius gini equivalent_radius kron4_2_flux kron4_2_fluxerr kron4_2_mag
[from data line 769]
770 9090.206643391008 1160.6251668653274 214.78191549349685 52.81973818655694 9087 9093 1158 1163 36.0 1.8361496106225077 1.434174174264266 -24.6142867867722 0.6244347579955789 0.17415192661877582 0.2995102334925362 0.0 8.48308634541727 4.485557 22.521996673094215 14.548124415560707 2.6541849291900887 0.08453217520180413 3.385137501286538 11.811708321150967 23.127289401585795 28.719218215154346
771 1525.6441731262444 1162.66776037367 214.84938862218604 52.86783159143172 1520 1531 1159 1166 73.0 2.893616456843979 1.8090648890715932 -17.491587679133847 0.7804712567691829 0.19098888706891046 0.36822480144257513 0.0 20.436456567966182 6.524684 51.270665287933255 20.49485107871781 2.6166010037769927 0.10198886723240654 4.820437914901168 46.3767382299131 34.0401418601109 27.234249498589833
772 7271.0391240293675 1171.5851985793179 214.7980179936898 52.831363846588545 7261 7280 1164 1179 256.0 4.323352892789823 3.6209728601538558 -10.910337439917123 0.5463788933817091 0.28315165081837224 1.298863088478565 0.0 170.43218189779031 12.234056 267.9845201185111 29.518809734455388 2.189716476667703 0.23479161177531283 9.0270333367641 310.20935442287293 47.65898686436266 25.170862775227853
773 3295.801297176984 1168.1300048867597 214.83352355369902 52.85661287366871 3294 3298 1165 1171 22.0 1.6022170196038399 1.0696761359670097 -85.35832002345875 0.7444999626123633 0.16244322575800255 0.20123221256799598 0.0 4.020945664226946 4.315034 26.39526834574056 18.681133005805695 3.4396621886448124 0.03630807603063542 2.6462837142006137 39.91529412744377 29.985828008831685 27.39715166539012
774 8435.786781062898 1166.686790458805 214.7876848522233 52.82393201829264 8433 8439 1165 1168 23.0 1.8510386405772503 0.9387962263846171 15.540335835496023 0.8618444602220235 0.1925209863093423 0.2547278797092733 0.0 5.171763615704841 3.850641 32.56526981520546 15.348350181885438 3.389339944853334 0.046663871361549855 2.7057581899030048 45.4095899010688 24.12155775609642 27.25713105060472
775 929.9980072167581 1170.2660705129417 214.8546296327652 52.87165702502694 925 935 1166 1175 83.0 2.609290664406833 2.1982936824817303 -45.75611684003813 0.5387165430299173 0.1891426399083399 0.4908335296507483 0.0 27.785849009753974 7.010933 54.98296736898685 18.9831749299831 2.3251188461375407 0.13772963037580915 5.140011726956917 64.93486382332152 30.401122184867337 26.8688051647526
776 8742.231396533085 1171.199209428117 214.78490575255375 52.82200780581151 8737 8748 1166 1176 92.0 2.7908186296882045 2.2974761262861865 50.493397585820496 0.5677129276904973 0.2744548667753446 0.6582088060220218 0.0 41.61712909671747 7.5523696 99.447190700617 22.39491158198254 2.605928753501856 0.13114208656371773 5.4115163798060095 115.92340357090136 36.05913389155501 26.239572190599418
777 2705.0958978040067 1171.312348680536 214.83876417269843 52.86038380354176 2702 2708 1168 1175 48.0 2.109659283582045 1.65039424018725 -57.38581926839771 0.6228972131073909 0.18876707316186128 0.3315368237769358 0.0 12.265319271062927 5.339571 46.48986789646652 19.743104881893174 3.003799230044019 0.08942699607994112 3.9088200952233594 71.11885543582038 31.40236945506367 26.77003810344624
778 2947.473138184651 1192.2979485775359 214.83637912682877 52.858956721149 2924 2972 1171 1213 1568.0 7.575808434385656 6.6628886894854835 29.665227724932613 0.4759073824784597 0.18724326569336394 12.488211232099818 0.0 2781.1677980675263 31.407167 2884.5883510231306 37.43694390503927 1.48976725503408 0.5980007541967421 22.34076770248023 3064.559216202535 61.280843904658845 22.684079955993795
779 1689.998777136775 1173.7469339521729 214.84780397097546 52.86684705473307 1689 1691 1173 1174 4.0 0.6989860589839674 0.43476810320469683 -0.059190701383701805 0.7830186338875026 0.16119160356550571 0.1708965443829404 0.0 0.6614890925249881 1.5112003 8.906029900780933 7.203125743924425 3.8971832047834525 0.01739244527635418 1.1283791670955126 14.652396730204707 11.542514335671113 28.485228327085665
780 6216.148840387127 1174.9890957341554 214.80739044485193 52.83808837747027 6215 6217 1173 1177 13.0 1.2688864043173664 0.7675997147537899 -89.90964387014171 0.7962713125765829 0.17551639663538554 0.21118674494045458 0.0 2.5284442573715844 2.7021801 18.070783065700713 11.562372536971605 3.49037887818232 0.034648162575251606 2.0342144725641096 27.40603290365396 18.492820566068012 27.805384562988408
781 575.8805521456705 1191.6559843364732 214.85756830275562 52.8740221637536 556 594 1174 1210 1054.0 6.367437596881612 5.6403854597762155 -48.36867228254485 0.4640344459784213 0.25698087232537875 13.15998281275503 0.0 2252.1317608821937 25.28245 2377.4547616960385 32.13453774472505 1.5502908378695273 0.5746020976513991 18.316621414379764 2537.7216293532256 51.43748697930492 22.88889004688209
782 6971.391221967487 1181.15877604238 214.80058943037568 52.83332043562635 6969 6974 1178 1184 28.0 1.6640698063331476 1.2652168566455229 -56.7152986097976 0.6495548062597893 0.20072982656337746 0.28884108136331577 0.0 6.806412828213493 5.933192 23.969614091933302 21.076682871789426 2.9508987799034356 0.06394998056570625 2.985410660720923 22.660847639412726 33.7310918816238 28.011809622960616
783 9113.957181465317 1180.0016724365344 214.78149993233004 52.81969152489002 9113 9115 1179 1181 9.0 0.81230707050902 0.8090873242950153 55.53253568456593 0.08894774058967923 0.1749288732751049 0.20841740510818874 0.0 1.7409139480594642 2.233683 14.091683526957762 9.504529366581501 3.5128794315568657 0.03649500289964589 1.692568750643269 13.783152808116297 15.190706508313037 28.55162857244395
784 3377.374253928278 1186.639328362911 214.83260049662096 52.8561942573959 3376 3379 1185 1188 13.0 1.067472501301838 0.9104121070567467 -48.273518196229844 0.5221281650383308 0.1869861183497292 0.2216437970194202 0.0 2.666747862508177 2.714099 19.789351751878876 12.123388682677632 3.545750895616656 0.032887489940175714 2.0342144725641096 26.145424029882562 19.025514275360354 27.85651077583224
785 3573.55357828672 1188.1133948732443 214.83083364069032 52.85495547122498 3570 3577 1185 1191 37.0 2.295244432780515 1.2249266893801416 -40.378403028271784 0.8456863246797721 0.16065276223548539 0.23225792331849632 0.0 7.604556850760718 4.485061 38.63785189736616 18.301712470659904 3.251232000049076 0.04770261923036445 3.431831258788849 48.3817478495969 29.091821171370054 27.188296115683404
786 4311.579451910351 1189.0520903225095 214.82423612105546 52.85027009762708 4307 4316 1185 1193 79.0 2.506395785816928 2.1694073958524775 -16.15903793408668 0.500824918175291 0.18650556369526797 0.4634642769106595 0.0 24.610048191032238 6.90016 60.92151120282456 20.99455479117002 2.676549048622913 0.13683276535210637 5.014626706796775 75.9861409951447 33.54948704084243 26.698164027133164
787 6819.764796488949 1192.5976610228652 214.8018213095472 52.834346008805895 6812 6827 1185 1201 219.0 3.877714142112099 3.684879403343011 -57.18253274201343 0.31142410587844843 0.2323853625131016 0.7819956054671005 0.0 100.47622472024158 9.506855 180.56439202849202 24.489699492235754 2.3374047192768885 0.18544495395344407 8.349243383340204 234.56210979098654 39.36121217472238 25.47435535179695
788 6275.799120325895 1193.0384325466825 214.80666842218335 52.83780644135625 6270 6281 1188 1198 104.0 2.647851652993199 2.4163745807343275 34.80323853669443 0.4088997921256819 0.15115100692788047 0.6688896220905229 0.0 36.129649361653 8.031082 54.185113065982804 17.7589112103728 2.06644132706378 0.229167607198611 5.753627391751592 65.1646809693194 28.0999820367222 26.86496931650549
789 9009.746329652988 1198.0275783689715 214.78223905560304 52.820451270236795 9001 9017 1189 1207 239.0 3.980376320822958 3.281686950605885 -63.56058790536769 0.5659107557397697 0.3352106918016629 2.6814318718754473 0.0 255.102137229233 11.505612 402.3468651491379 28.068781760519098 2.3225753979329706 0.3163066200241632 8.722159296752494 540.6707177230505 45.27706168250795 24.5676678770396
790 4141.700474744832 1194.475867967229 214.82569525770748 52.85137900915332 4138 4145 1191 1198 53.0 2.0133266715893114 1.8701695402943324 -41.345061091628544 0.37034261563266463 0.19324277199138454 0.3798293370575635 0.0 14.897974839143776 5.4065056 40.33542947161624 17.946782035944384 2.734363764724449 0.10870658127359338 4.1073621666150775 37.984153944307366 28.583440025930077 27.450993856472316
791 9720.621652070105 1198.5316348256947 214.7758985254164 52.815933521883395 9709 9731 1191 1207 286.0 4.353271895783826 3.5190222225619103 11.063998494989999 0.5886848852768761 0.23893089965202646 2.430029218788756 0.0 252.89297124708423 12.776148 343.38976544893654 26.457355883485896 2.014605967788151 0.33590030618748284 9.541311620975605 400.7000312029271 42.171396575521 24.892951559370843
792 7934.006222944741 1198.0009524172426 214.7918286962399 52.82729112750297 7933 7935 1197 1199 7.0 0.9163685196966302 0.5356814271346638 44.89740491431606 0.8113433713235192 0.18630100316065426 0.20312883835800422 0.0 1.3572052213812236 1.9766895 13.211898233848189 8.488646299851979 3.673623812341855 0.01764003827021387 1.4927053303604616 20.4924070753091 13.587301701907961 28.121017563962145
793 3824.614581508375 1203.0269819464536 214.82843554463383 52.85344031231541 3820 3829 1198 1208 90.0 2.595255670712594 2.264683248693704 65.89782586748142 0.48839202840215495 0.24892976105609094 0.7547487373326969 0.0 40.149505215365046 7.0217013 86.43132195804847 20.68117236965287 2.564136344850555 0.17992337300486186 5.352372348458314 123.1385640784041 33.175776582686105 26.174014787582095
794 3897.1130804568165 1202.0069546518537 214.82779914119862 52.85297406199178 3894 3901 1199 1205 46.0 1.860701557967774 1.7834988797933369 0.1201849544448103 0.285062828389186 0.15893076769175485 0.2726355463661628 0.0 9.520000108045279 5.0179133 32.7925257738723 18.009809680607006 2.9120165702071623 0.09207697246387334 3.826519928662906 69.2141145165057 28.570078064960143 26.799513332081588
795 497.8758841768955 1208.231399806814 214.85809079661198 52.874607123434544 483 510 1200 1216 315.0 5.938137372269325 3.277574591061542 -26.328605201276574 0.8338750152904395 0.2344503975460747 1.1391697797365288 0.0 172.82193262978527 13.684986 311.18689993233556 35.83754849686962 2.3536781239660143 0.2421924625778325 10.013371767186818 374.59320132881237 57.20804393866596 24.966100272768845
796 4178.329928489448 1205.2280362878903 214.82525516305776 52.8512041631827 4175 4182 1201 1209 59.0 2.1483470278528785 1.9415123348286376 85.33155452999625 0.42811598596303124 0.1889267769835894 0.39784533980384335 0.0 16.899251905723784 5.693488 41.02137688700124 17.36349864770969 2.5685131631332694 0.11543181615790389 4.3336224206596095 41.88304424459417 27.88709420162509 27.344904398513332
797 10248.739256655203 1204.5215072869296 214.77112984106122 52.81260725509642 10247 10250 1202 1207 16.0 1.2968032072354156 0.967129110603525 89.88619415163426 0.6661929861718092 0.19719970974082682 0.23428449479848903 0.0 3.5209755275426198 3.0591626 35.580855826525976 13.641833819405186 3.644220691184366 0.02636617131937444 2.256758334191025 57.24609251607091 21.818651588613122 27.00563537974633
798 8740.767184254428 1203.7428095939765 214.7845763678637 52.822192407524895 8739 8742 1203 1205 8.0 0.9591685521199964 0.6539658107399229 -7.253762123384433 0.7315340660144769 0.21300304633866138 0.239253125591949 0.0 1.8311687009702728 2.1199899 22.34211044891132 10.014313495376303 3.7592942506689373 0.020977305536377135 1.5957691216057308 34.44864709062499 16.223207190095632 27.557069573912923
799 3754.398250947693 1206.1974051916345 214.8290289578968 52.85390364666806 3753 3756 1205 1207 6.0 1.2042685908222595 0.48092713952575195 42.5585750464643 0.9167976517049292 0.10275697014481494 0.13052487743254157 0.0 0.7144834606926055 1.7976389 8.48275696812988 9.180139370868812 3.671420859061018 0.053080448958801374 1.381976597885342 11.50829059521783 14.908538517784242 28.747472950742473
800 8734.375587508126 1212.1282797450617 214.78454510384609 52.822278216112856 8732 8737 1210 1214 20.0 1.802571640223129 0.880097654888504 -38.70289747516328 0.8727062755378536 0.19031300634855605 0.22256833564816708 0.0 4.112119244677322 3.640346 39.303350285755116 15.532863506692136 3.5964947718120417 0.029878539918783822 2.5231325220201604 57.12864904144094 24.755499580083228 27.007865114659786
801 3871.884697990647 1232.3010782194171 214.82770550167297 52.85329768756077 3856 3888 1211 1257 1095.0 8.490217631229447 4.931268808084324 -69.26660383651789 0.8140336488384797 0.19580885620998437 8.84135869047862 0.0 1605.3204904699564 24.73839 1746.1819627672098 34.94492624351539 1.6311977954739763 0.5300706979444603 18.669475765839028 1889.747481731571 56.337268025648136 23.20899056181213
802 3940.327004988078 1214.7410095160938 214.8272793902902 52.8527680595019 3938 3943 1211 1218 38.0 2.0115104469719007 1.4038901825629995 67.97055592271691 0.7161675834949401 0.18609448682052657 0.28871172177780957 0.0 9.1745373809372 4.5889907 39.82869260148897 17.525925461679776 3.1484451223862995 0.06784993410224205 3.477898169151024 49.75210609349245 28.002972140502813 27.15797132521412
803 1642.350857777354 1217.6988417207967 214.84776694693332 52.86738678823742 1634 1650 1212 1223 146.0 3.6845140599552395 2.6445001426791506 -4.193593792579153 0.6963176321378712 0.20567213788186792 0.6135322763511524 0.0 53.8676754049272 9.276555 105.50583850506632 26.05503542898973 2.3996909948157055 0.1710668898769478 6.817128675830715 116.80920962937907 43.273747525279596 26.23130728660483
804 2196.339644031086 1216.1515350931695 214.8428353904178 52.86385837687074 2192 2201 1213 1220 63.0 2.3998027326535265 1.91038092987979 3.817987859780201 0.6052210168445583 0.20406813495747472 0.3643288802266578 0.0 17.572187525832142 6.116678 61.13136694621912 21.86997404826429 2.962219754257936 0.09214118667071773 4.478115991081385 84.61390546048295 35.27768037545403 26.581395647706856
805 9918.035327399872 1216.4813934733322 214.77395056906985 52.81477477339156 9915 9921 1213 1219 37.0 1.6316425165371415 1.5373770995227658 -58.51971685954168 0.3349759649622726 0.47995823335411236 1.346694857691081 0.0 31.766254443039898 5.1172085 72.32311123529756 15.211288016827195 2.5937307800696217 0.16549024177263688 3.431831258788849 79.36840728546562 24.329005687465 26.6508808368784
806 10223.405588486181 1216.5051471976035 214.7712294644053 52.8128329008589 10220 10227 1213 1220 40.0 1.7795864342953696 1.6616729965478743 -0.016542898373970705 0.3579490972692663 0.18999731286397145 0.31941244077397946 0.0 10.188615915885652 4.924854 30.315943789511405 15.877586527964187 2.780476609922968 0.08598672112859775 3.5682482323055424 37.39177780695084 25.453472257503854 27.468059714127445
807 3495.570621341218 1220.2040097028366 214.8311920580798 52.855624044711575 3492 3499 1214 1227 96.0 3.2815189110488165 2.0046994115503916 89.41539045649955 0.7917031806831442 0.22478400846230231 0.6242644982832307 0.0 38.193785913184115 7.251924 77.31320597794269 20.388832130730716 2.38307743262999 0.15312961530506647 5.527906391541368 90.82280846076789 32.760422448335426 26.504512681980717
808 3921.2035124048875 1216.83765938093 214.82742802123704 52.85290089798043 3919 3924 1215 1219 25.0 1.4735254015358779 1.2644411782972065 -9.953217886597322 0.5134723667055595 0.17222554269243004 0.2602214077157689 0.0 5.4475809514277955 3.943563 24.28895188095087 14.367088520884536 3.1511378002146384 0.06572802191919593 2.8209479177387813 41.62368461108598 22.900856191496395 27.35164869453528
