outputs/dr0.5_c0.1/nircam1_f200w_dr0.5_c0.1.ecsv
# %ECSV 1.0
# ---
# datatype:
# - {name: label, datatype: int64}
# - {name: xcentroid, datatype: float64}
# - {name: ycentroid, datatype: float64}
# - {name: sky_centroid.ra, unit: deg, datatype: float64}
# - {name: sky_centroid.dec, unit: deg, datatype: float64}
# - {name: bbox_xmin, datatype: int64}
# - {name: bbox_xmax, datatype: int64}
# - {name: bbox_ymin, datatype: int64}
# - {name: bbox_ymax, datatype: int64}
# - {name: area, unit: pix2, datatype: float64}
# - {name: semimajor_sigma, unit: pix, datatype: float64}
# - {name: semiminor_sigma, unit: pix, datatype: float64}
# - {name: orientation, unit: deg, datatype: float64}
# - {name: eccentricity, datatype: float64}
# - {name: min_value, datatype: float64}
# - {name: max_value, datatype: float64}
# - {name: local_background, datatype: float64}
# - {name: segment_flux, datatype: float64}
# - {name: segment_fluxerr, datatype: float32}
# - {name: kron_flux, datatype: float64}
# - {name: kron_fluxerr, datatype: float64}
# - {name: kron_radius, unit: pix, datatype: float64}
# - {name: gini, datatype: float64}
# - {name: equivalent_radius, unit: pix, datatype: float64}
# - {name: kron4_2_flux, datatype: float64}
# - {name: kron4_2_fluxerr, datatype: float64}
# - {name: radius_kron20, unit: pix, datatype: float64}
# - {name: radius_kron50, unit: pix, datatype: float64}
# - {name: radius_kron80, unit: pix, datatype: float64}
# - {name: near_border, datatype: bool}
# meta:
#   PHOTMJSR: 1.891700029373169
#   PIXAR_SR: 2.11539874851881e-14
#   __serialized_columns__:
#     area:
#       __class__: astropy.units.quantity.Quantity
#       unit: !astropy.units.Unit {unit: pix2}
#       value: !astropy.table.SerializedColumn {name: area}
#     eccentricity:
#       __class__: astropy.units.quantity.Quantity
#       unit: !astropy.units.Unit {unit: ''}
#       value: !astropy.table.SerializedColumn {name: eccentricity}
#     equivalent_radius:
#       __class__: astropy.units.quantity.Quantity
#       unit: !astropy.units.Unit {unit: pix}
#       value: !astropy.table.SerializedColumn {name: equivalent_radius}
#     kron_radius:
#       __class__: astropy.units.quantity.Quantity
#       unit: &id001 !astropy.units.Unit {unit: pix}
#       value: !astropy.table.SerializedColumn {name: kron_radius}
#     orientation:
#       __class__: astropy.units.quantity.Quantity
#       unit: &id002 !astropy.units.Unit {unit: deg}
#       value: !astropy.table.SerializedColumn {name: orientation}
#     radius_kron20:
#       __class__: astropy.units.quantity.Quantity
#       unit: *id001
#       value: !astropy.table.SerializedColumn {name: radius_kron20}
#     radius_kron50:
#       __class__: astropy.units.quantity.Quantity
#       unit: *id001
#       value: !astropy.table.SerializedColumn {name: radius_kron50}
#     radius_kron80:
#       __class__: astropy.units.quantity.Quantity
#       unit: *id001
#       value: !astropy.table.SerializedColumn {name: radius_kron80}
#     semimajor_sigma:
#       __class__: astropy.units.quantity.Quantity
#       unit: !astropy.units.Unit {unit: pix}
#       value: !astropy.table.SerializedColumn {name: semimajor_sigma}
#     semiminor_sigma:
#       __class__: astropy.units.quantity.Quantity
#       unit: !astropy.units.Unit {unit: pix}
#       value: !astropy.table.SerializedColumn {name: semiminor_sigma}
#     sky_centroid:
#       __class__: astropy.coordinates.sky_coordinate.SkyCoord
#       dec: !astropy.table.SerializedColumn
#         __class__: astropy.coordinates.angles.Latitude
#         unit: *id002
#         value: !astropy.table.SerializedColumn {name: sky_centroid.dec}
#       frame: icrs
#       ra: !astropy.table.SerializedColumn
#         __class__: astropy.coordinates.angles.Longitude
#         unit: *id002
#         value: !astropy.table.SerializedColumn {name: sky_centroid.ra}
#         wrap_angle: !astropy.coordinates.Angle
#           unit: *id002
#           value: 360.0
#       representation_type: spherical
#   astropy version: '5.1'
#   make_catalog parameters:
#     ab_zpt: 31.4
#     coadd_bands: !!python/tuple [f277w, f356w]
#     deblend_contrast: 0.001
#     deblend_nlevels: 32
#     deblend_npixels: 1
#     detect_kernel_fwhm: 4.0
#     detect_kernel_npix: 7
#     detect_npixels: 4
#     detect_threshold_nsigma: 3.0
#     flag_isolated_buffer: 4
#     hst_bands: !!python/tuple [f606w, f814w, f125w, f140w, f160w]
#     jwst_bands: !!python/tuple [f115w, f150w, f200w, f277w, f356w, f410m, f444w]
#     near_border_kernelsize: 21
#     reference_band: f200w
#   make_catalog version: 1.4.0
#   photutils version: 1.5.0
# schema: astropy-2.0
label xcentroid ycentroid sky_centroid.ra sky_centroid.dec bbox_xmin bbox_xmax bbox_ymin bbox_ymax area semimajor_sigma semiminor_sigma orientation eccentricity min_value max_value local_background segment_flux segment_fluxerr kron_flux kron_fluxerr kron_radius gini equivalent_radius kron4_2_flux kron4_2_fluxerr radius_kron20 radius_kron50 radius_kron80 near_border
[from data line 4420]
4421 3878.863691934497 1968.3253358202694 215.00069312770444 52.984288868711616 3866 3888 1958 1980 355.0 5.623642836533093 3.855952576366848 -41.61407930005219 0.7279143065832692 0.02054239755283014 4.0399480671162955 0.0 272.58020935152695 5.102155 470.64346923403946 12.461053847608273 2.3506053684688513 0.3699044724867198 10.630146264057032 677.6163356618349 19.819012144006376 4.5298503097147 9.347135650703759 16.335348324877693 False
4422 3795.6137853675805 1978.096643739337 215.00133765996824 52.98486968020876 3790 3802 1971 1984 130.0 3.6117289317968395 3.032405592452637 49.8375128288711 0.5432060185102905 0.16875099621313294 0.7830444567993031 0.0 62.82253111803628 3.0547457 660.2072535143457 13.991582861076692 3.6626269250585834 0.1443673455565058 6.432750982580687 1222.1159516227553 22.307146204884624 10.409593944630037 18.517593729215363 25.37418358520202 False
4423 3856.820916143292 1978.1254930006958 215.0007877969902 52.98448164428505 3846 3867 1970 1987 241.0 4.843121284550895 3.540330690282904 10.088914315005233 0.6823754638849232 0.15406910254893952 2.27030097633678 0.0 164.81677877149022 4.0957847 764.1235815519301 13.674210745617494 3.1823549966268314 0.24895686513934034 8.758577656805558 1391.5149973179116 23.15281849901187 8.383712794222111 19.128440093774568 29.62883935150899 False
4424 3848.810438944968 1988.9077931060897 215.0007461294868 52.98459073184842 3831 3868 1976 2001 506.0 8.366643001675696 4.521936994984696 21.491282797311463 0.8413619461191016 0.11720053067119322 4.813023618138128 0.0 390.9146422426404 6.074504 1505.7752039579286 18.147097164509347 3.1241898371601553 0.2822837838966985 12.69113085619237 2817.015824534916 32.61645569931257 10.161798923354215 29.447834533973648 43.52423436404555 False
4425 3776.9065687622747 1988.958108294339 215.00139120323993 52.98504703721065 3767 3786 1976 1997 258.0 4.833485864766211 4.107054342978116 68.39317418836082 0.5272526461289007 0.20823245971252755 1.5771694410704955 0.0 168.72809601696318 4.253788 891.1423245875591 15.079693683709662 3.231945335205541 0.21778925773880045 9.062226582657155 1717.5731297179395 25.116720035959997 9.499994832004043 18.967347694784525 30.014773294110967 False
4426 3872.8404536447592 1990.3951539520554 215.00051470483794 52.984446366116586 3864 3881 1980 2002 287.0 5.434946084256286 4.244107266236006 89.28754406600777 0.6246657480606682 0.2527491081747354 0.986737363413328 0.0 166.05675976027354 4.536117 771.4256794822145 14.026529362288937 3.2563970390471657 0.13789132463802156 9.557977680176279 1401.864121604296 25.8896460270393 9.188835550335307 26.99742186955162 33.71781597929289 False
4427 3911.486080101403 2000.8165903145346 215.00005793631166 52.984257594775336 3901 3921 1992 2010 227.0 5.298166982993581 3.137049294906091 29.101578778576553 0.805863857249818 0.04523804872727835 1.4691773971008446 0.0 145.98379524570947 3.9346662 980.4290613424938 16.323635153754672 3.538986095413995 0.21257979997487003 8.500373177909337 1353.3536044468906 26.254207970699582 10.814074339935424 21.2300883844898 30.60477041332307 False
4428 3839.360429553869 2003.8206683236397 215.00067387140055 52.98473127677791 3820 3864 1975 2019 906.0 11.087827593540622 6.534008749297539 31.846574792559874 0.80791745723645 0.0065275836584008295 3.2957938680381447 0.0 921.5035658441494 8.086914 2143.922365036896 19.770230071776872 2.804960369375182 0.27168429450266485 16.982012745328934 4150.049444570375 37.854277523570396 10.327193950527716 27.40748108649786 49.713444116056614 False
4429 3746.858376648882 1995.6055936032662 215.00159097017703 52.98527354267993 3732 3760 1976 2014 577.0 7.7156778593138835 5.721604530432766 86.08542407082345 0.6708913578628849 0.09683930957024801 1.9607860139722137 0.0 352.19056429512557 6.329733 1535.2323056731964 23.691766617042997 3.095392409529773 0.2643513182128012 13.552298857686367 2371.306027296026 37.720831354214305 12.317859644728081 24.46465185564878 38.6957170924619 False
4430 3757.3710278513167 2006.9750371572406 215.00137680161356 52.98526832627785 3744 3767 1997 2016 204.0 5.490177334712538 2.791182940017907 -36.054063925189254 0.8611235334388796 0.27952139770861556 1.4280767282419864 0.0 160.72425686936907 3.7206001 961.6530206838064 13.38784065694759 3.436920950267791 0.18760427577720779 8.058239062071396 1987.7763749113246 23.14722043578424 12.790548307460137 24.27339363811598 31.473572136883792 False
4431 3908.285887713412 2016.3374782548644 214.9999231574634 52.984361787289195 3893 3932 1988 2034 911.0 11.304138456440556 6.824286619693748 44.813422295173545 0.7972130423427576 0.1265796877362678 1.4008607967583973 0.0 648.5914942719426 8.061465 2520.0017897106363 30.822014011984365 3.1439872087124443 0.17240486612963093 17.028808129561895 3176.886585399108 49.76572013454064 14.377321948871407 31.844871641777072 52.42966083732014 False
4432 3790.2489937468254 2001.6154366709188 215.00113806011726 52.98503083489 3762 3823 1977 2022 1208.0 13.976437229640311 7.709534786813144 -33.84859174156323 0.834102523621049 0.11621353606904912 2.061316469811288 0.0 1031.7859608293659 9.319426 4273.946958454447 36.14988636726923 3.2282483812054443 0.22677382813337926 19.60913925979463 5607.808882520468 59.807519890153 18.777432776317163 47.81283629470805 69.33174607733723 False
4433 3884.9406386650594 2009.9827537511983 215.00019970899487 52.98447550129218 3871 3898 1978 2031 906.0 13.861032223138015 5.5452995164034125 -83.69622864663175 0.9164872195231698 0.17310310267784934 1.9654318814597673 0.0 653.4316764162506 8.010048 1395.7698295852144 19.89746025659087 2.4484226577908523 0.18257566239243625 16.982012745328934 2271.364687094861 35.190448970372124 11.403733408157331 22.63583643973587 37.37514691529371 False
4434 3768.7156101697296 2027.7516077710584 215.00105605892827 52.98530868287825 3740 3789 2006 2046 1058.0 9.540869423081002 8.275965868971326 -25.748795908507358 0.49757211881113583 -0.044547610712029825 4.100536366288651 0.0 1207.4888258585047 8.824893 3298.100025611742 24.26427734744764 2.8892619683009793 0.25225723894227214 18.351344898465904 5032.40606389006 43.706572620716386 12.211771870109452 35.823181229827505 54.50618971823033 False
4435 3820.5944032767557 2050.6772927509005 215.0003487293942 52.98510357513194 3743 3878 1992 2097 6971.0 23.134238761613815 18.30740036810613 -34.7255351775437 0.6113566323899212 0.024481714728282932 15.596300342561966 0.0 16192.412153018005 24.258276 21327.519580095985 39.77788417238026 2.0686923875863203 0.3642165272672057 47.10560706101987 24250.393910588293 72.1961716471644 14.373966783765953 30.17636015733016 58.64654720569207 False
4436 3891.6739038403753 2037.112305889019 214.9998534449343 52.984579441337274 3881 3903 2026 2048 315.0 5.249398329843996 4.72151123119229 -32.09799291783242 0.43704724193294364 0.4141797362878847 1.8291613807912666 0.0 293.9177860785178 4.8248806 343.79537948217353 5.257139225529919 1.4160010886902188 0.13652779415668467 10.013371767186818 343.79537948217353 5.257139225529919 4.426540915050546 7.3885866638046265 9.70731855043655 False
4437 3905.042871125412 2034.273932455961 214.9997633144581 52.98447930818461 3900 3911 2028 2042 102.0 3.2485418704589835 2.5187645324436345 67.10153898958845 0.6315289010556439 0.37568916738813696 1.203692946907908 0.0 79.28563925181065 2.7586923 88.02590960704757 2.9186139689221555 1.4019297478572188 0.10837001607415692 5.698035485213008 88.02590960704757 2.9186139689221555 2.547290481704753 4.113284789800716 5.591079239225434 False
4438 3918.4775649207463 2042.5574983976371 214.9995554245404 52.98443887567187 3902 3932 2030 2054 497.0 6.986840641950922 5.610300381036657 -15.48620678008025 0.5960046070985577 0.18745585849511168 1.304435091399869 0.0 320.9372809725394 5.8705544 1380.08034560762 21.75570436328117 3.241327167460912 0.15321635228714264 12.577758680835945 2104.071853931835 35.75457604423684 11.45937992147641 27.16367559431245 38.63831725586385 False
4439 3784.294329816724 2042.6025575962988 215.00075972526335 52.9852901540643 3769 3795 2028 2056 399.0 6.356335373655164 5.1418557092748545 -47.145933756964006 0.5878994867495473 1.200138248111825 3.7168810071372578 0.0 763.3960486988806 5.5972447 813.01329629275 5.809327227389374 1.4 0.12183639043236866 11.269678104867614 813.01329629275 5.809327227389374 5.183934256935734 8.035507800935381 10.58464936164489 False
4440 3746.975485603599 2052.6744376855204 215.00098869568365 52.98558128337505 3734 3756 2036 2068 469.0 7.129722554649293 3.888860522020949 62.51566626502318 0.8381476209764325 -0.010177438716627327 5.94943750198424 0.0 362.1609743726103 5.9393473 1534.311904728367 17.99079726087059 3.2261498540273768 0.3784624079903714 12.218319713454786 2902.3585589334666 29.8074455356909 10.674911634390075 27.22654760867284 38.597113809138406 False
4441 3879.1901750199913 2055.1293194321443 214.99977571991084 52.98475600556179 3865 3905 2040 2079 696.0 8.660516632927973 7.455984418545655 -10.027536697525301 0.5087457450858757 0.43295853813177215 4.303989283530012 0.0 1002.842705076008 7.2875156 1291.2359299941954 8.43997993405271 1.622109557055382 0.21516392547812302 14.884343478431232 1454.4520884376734 10.359329554132735 7.021569747624779 11.073472726918629 14.88434994302111 False
4442 3864.9896441530123 2063.1972954198527 214.99981822286364 52.984889680522066 3850 3888 2027 2096 1290.0 16.25282536259977 7.725629639994407 83.8499622112539 0.8798017981332205 0.6392171709557432 8.958822531149442 0.0 2180.6218344542717 10.067305 3118.1803406558925 12.285700846610796 1.7140572975759802 0.22115701868448137 20.263754666327017 3874.022843018045 18.75172757869009 8.824359231763832 15.418729753095011 26.580960587007517 False
4443 3765.1868049600457 2053.0386349632286 215.000821342482 52.98546775079217 3746 3777 2035 2066 395.0 7.782577529113049 4.301513618216797 35.63035454418599 0.8333732167673245 0.22460745195986132 1.9417635760188663 0.0 482.1406068173517 5.4970803 1167.102679473543 13.321004713930973 2.832247473819085 0.15524460304187548 11.213046198183495 2243.994289444916 23.42767483005599 7.475389696814371 27.956605823534524 39.742853596843865 False
4444 3892.229634466955 2057.501712815608 214.9996336519418 52.984686128063096 3888 3899 2052 2062 63.0 3.442879683098942 1.4757067741517227 -35.72057088877863 0.903482149446246 0.7145187914623226 1.8484138958836713 0.0 73.6952775145496 2.181531 89.73408883984575 2.433358502536803 1.4755914602028386 0.12635806555370196 4.478115991081385 89.73408883984575 2.433358502536803 2.0581341362755894 3.412205503792646 5.604368557947668 False
4445 3893.7024768463307 2063.404396174807 214.99955824282102 52.98470869258814 3888 3900 2055 2069 103.0 4.263491433347935 1.9788418800964525 -40.41058446379547 0.8857637008010375 0.43869443419353316 1.6668327663131277 0.0 110.39325487313263 2.7321358 123.65011730073834 2.9133659123389335 1.4 0.11463133438797898 5.725898905580716 123.65011730073837 2.9133659123389335 2.6765886565338706 4.248245900134049 6.151068543178044 False
4446 3916.227888840851 2066.38332874402 214.99932461658398 52.984581929710735 3908 3929 2053 2083 381.0 7.162137972231574 4.16395734197845 -72.23561898188862 0.8136288133578992 0.06846097919907249 2.225578425467086 0.0 278.124547119216 5.190884 1074.2760229941746 15.500845902084443 3.0757398957825273 0.26128366340084813 11.012541334134653 1942.3160215647454 27.926643661114202 9.2942585883879 22.55386119598837 37.21494261376098 False
4447 3899.8249653204266 2072.1122311145914 214.9994115344296 52.9847169298921 3883 3918 2051 2087 652.0 9.98188868429373 6.252842966175653 -56.00017152705585 0.779486662832146 0.25635046027410113 1.8243895324853858 0.0 599.4966118875791 6.8275604 1608.7794091675453 16.497489212096518 2.691385593389837 0.14812457554279618 14.406180819073164 2973.74652917541 33.2768553983999 9.90373125778806 19.669154802340913 45.81670847089662 False
4448 3727.0816246963886 2079.520069035919 215.0008844970806 52.98585256787543 3722 3734 2074 2086 111.0 3.5051996297044785 2.2376870576259824 45.414529776391454 0.7697124377282919 0.04415322503341487 1.448926323954454 0.0 58.754514611078044 2.7467785 439.39986755703904 11.4281126119712 3.5243614456136907 0.23894768033516026 5.944106103225343 748.616029333495 18.091336788011745 8.025387535404658 15.967922219182979 22.34212003333778 False
4449 3738.563699055796 2076.9622687881915 215.0008083478347 52.98576591934576 3720 3751 2063 2092 393.0 8.411914669902183 4.338649386717062 44.72765110109416 0.8567245024821006 0.0619007677943442 1.0462529796809208 0.0 185.7452454285397 5.24998 1483.025972335968 24.239490875697342 3.569856348458795 0.19114222852162263 11.18462271470208 2420.506975261808 38.86874192786348 16.943360859757902 30.252818972483162 46.50893165255146 False
4450 3817.2506536374267 2090.705410478791 214.99995704994785 52.98534114873454 3806 3828 2084 2100 189.0 4.7514485159044195 3.2467290449039425 -24.113651592412392 0.730125073867653 0.8041220205393185 3.155078311050355 0.0 269.35419314440253 3.8533347 309.7257656497881 4.165141019657731 1.4039756514495247 0.13593133765601137 7.756324418739616 309.7257656497881 4.165141019657731 3.432259189106611 5.645316242452925 7.821839221177664 False
4451 3928.2219669938604 2096.0311973548646 214.99890458518567 52.984666113041705 3913 3945 2083 2109 611.0 6.80184295647348 4.839834983376064 24.754576290865884 0.7026379031561664 -0.09617751887183905 5.849938614970628 0.0 421.7799285242047 6.455944 848.9674885249649 16.723054565094053 2.6079609475901235 0.4310178994721876 13.945871807036522 1201.662961540769 26.950288196589486 5.139516100044022 14.463485275486942 26.014014160178537 False
4452 3848.128963093351 2096.8813966853336 214.99961474038287 52.98517869057574 3833 3864 2085 2113 455.0 8.181518212272636 4.767695539402498 38.57981994791883 0.8126588656704705 0.7338670579477762 2.58622316244407 0.0 599.541142206268 5.8359766 762.0438291944124 6.7046130769413335 1.4412101426421269 0.1215222468545714 12.034575115625177 762.0438291944125 6.7046130769413335 5.776057203015933 9.315209812148652 12.847101706197147 False
4453 3903.60345972858 2092.103790995162 214.99916699567035 52.98480102524953 3889 3916 2083 2102 360.0 6.886163325738052 4.216052082399871 14.504435172097132 0.7906643971366082 0.23095982489089042 1.1538945667197362 0.0 269.50201495540875 5.0878134 699.9691197890941 12.599197510128782 2.8868022950926617 0.1221961482895106 10.704744696916627 1342.8830674406825 24.192139426181555 7.478160540524596 25.08454005442331 34.20248388808959 False
4454 3779.7280015634446 2092.3206101013297 215.00027693821482 52.9855878607378 3763 3792 2083 2103 400.0 6.89830929106351 4.693286267197829 -2.3944670498721097 0.7328844578083159 0.24278549841713964 1.5850527894028759 0.0 293.590784417688 5.3445373 759.4344338403232 10.803755924465932 2.8546013404890345 0.1889962577112673 11.283791670955125 1643.5883282926304 22.19853178159357 7.882263070487325 27.992375036017435 39.64512397331948 False
4455 3892.3781422385678 2108.49681173204 214.99909507797173 52.984960829544434 3874 3916 2089 2132 1090.0 11.263380100238125 7.992056111047494 45.91067799809721 0.7046439373558447 0.07791181023613193 3.0366084597089786 0.0 857.6892685664266 8.872326 1698.4919206168152 21.005813789793322 2.3963995068063992 0.19018759449890166 18.626802622574058 2502.222763278231 37.090987229952354 11.13397372435408 19.230330024724406 38.122503636773295 False
4456 3803.1602572694287 2100.4251047430193 214.99998116395142 52.98548305322028 3788 3816 2092 2107 281.0 6.636637337597828 3.4131895036579842 13.784924312141822 0.8576133376050572 0.5437375393811216 1.4903845652526149 0.0 288.14550936407 4.5317225 313.42017293114435 4.720110541189962 1.4 0.11128620089201133 9.45754080179648 313.4201729311444 4.720110541189963 4.258615134781752 6.833374636947696 9.735110837400656 False
