outputs/dr0.5_c0.1/nircam6_f115w_dr0.5_c0.1.ecsv
# %ECSV 1.0
# ---
# datatype:
# - {name: label, datatype: int64}
# - {name: xcentroid, datatype: float64}
# - {name: ycentroid, datatype: float64}
# - {name: sky_centroid.ra, unit: deg, datatype: float64}
# - {name: sky_centroid.dec, unit: deg, datatype: float64}
# - {name: bbox_xmin, datatype: int64}
# - {name: bbox_xmax, datatype: int64}
# - {name: bbox_ymin, datatype: int64}
# - {name: bbox_ymax, datatype: int64}
# - {name: area, unit: pix2, datatype: float64}
# - {name: semimajor_sigma, unit: pix, datatype: float64}
# - {name: semiminor_sigma, unit: pix, datatype: float64}
# - {name: orientation, unit: deg, datatype: float64}
# - {name: eccentricity, datatype: float64}
# - {name: min_value, datatype: float64}
# - {name: max_value, datatype: float64}
# - {name: local_background, datatype: float64}
# - {name: segment_flux, datatype: float64}
# - {name: segment_fluxerr, datatype: float32}
# - {name: kron_flux, datatype: float64}
# - {name: kron_fluxerr, datatype: float64}
# - {name: kron_radius, unit: pix, datatype: float64}
# - {name: gini, datatype: float64}
# - {name: equivalent_radius, unit: pix, datatype: float64}
# - {name: kron4_2_flux, datatype: float64}
# - {name: kron4_2_fluxerr, datatype: float64}
# - {name: radius_kron20, unit: pix, datatype: float64}
# - {name: radius_kron50, unit: pix, datatype: float64}
# - {name: radius_kron80, unit: pix, datatype: float64}
# - {name: near_border, datatype: bool}
# meta:
#   PHOTMJSR: 2.962800025939941
#   PIXAR_SR: 2.11539874851881e-14
#   __serialized_columns__:
#     area:
#       __class__: astropy.units.quantity.Quantity
#       unit: !astropy.units.Unit {unit: pix2}
#       value: !astropy.table.SerializedColumn {name: area}
#     eccentricity:
#       __class__: astropy.units.quantity.Quantity
#       unit: !astropy.units.Unit {unit: ''}
#       value: !astropy.table.SerializedColumn {name: eccentricity}
#     equivalent_radius:
#       __class__: astropy.units.quantity.Quantity
#       unit: !astropy.units.Unit {unit: pix}
#       value: !astropy.table.SerializedColumn {name: equivalent_radius}
#     kron_radius:
#       __class__: astropy.units.quantity.Quantity
#       unit: &id001 !astropy.units.Unit {unit: pix}
#       value: !astropy.table.SerializedColumn {name: kron_radius}
#     orientation:
#       __class__: astropy.units.quantity.Quantity
#       unit: &id002 !astropy.units.Unit {unit: deg}
#       value: !astropy.table.SerializedColumn {name: orientation}
#     radius_kron20:
#       __class__: astropy.units.quantity.Quantity
#       unit: *id001
#       value: !astropy.table.SerializedColumn {name: radius_kron20}
#     radius_kron50:
#       __class__: astropy.units.quantity.Quantity
#       unit: *id001
#       value: !astropy.table.SerializedColumn {name: radius_kron50}
#     radius_kron80:
#       __class__: astropy.units.quantity.Quantity
#       unit: *id001
#       value: !astropy.table.SerializedColumn {name: radius_kron80}
#     semimajor_sigma:
#       __class__: astropy.units.quantity.Quantity
#       unit: !astropy.units.Unit {unit: pix}
#       value: !astropy.table.SerializedColumn {name: semimajor_sigma}
#     semiminor_sigma:
#       __class__: astropy.units.quantity.Quantity
#       unit: !astropy.units.Unit {unit: pix}
#       value: !astropy.table.SerializedColumn {name: semiminor_sigma}
#     sky_centroid:
#       __class__: astropy.coordinates.sky_coordinate.SkyCoord
#       dec: !astropy.table.SerializedColumn
#         __class__: astropy.coordinates.angles.Latitude
#         unit: *id002
#         value: !astropy.table.SerializedColumn {name: sky_centroid.dec}
#       frame: icrs
#       ra: !astropy.table.SerializedColumn
#         __class__: astropy.coordinates.angles.Longitude
#         unit: *id002
#         value: !astropy.table.SerializedColumn {name: sky_centroid.ra}
#         wrap_angle: !astropy.coordinates.Angle
#           unit: *id002
#           value: 360.0
#       representation_type: spherical
#   astropy version: '5.1'
#   make_catalog parameters:
#     ab_zpt: 31.4
#     coadd_bands: !!python/tuple [f277w, f356w]
#     deblend_contrast: 0.001
#     deblend_nlevels: 32
#     deblend_npixels: 1
#     detect_kernel_fwhm: 4.0
#     detect_kernel_npix: 7
#     detect_npixels: 4
#     detect_threshold_nsigma: 3.0
#     flag_isolated_buffer: 4
#     hst_bands: !!python/tuple [f606w, f814w, f125w, f140w, f160w]
#     jwst_bands: !!python/tuple [f115w, f150w, f200w, f277w, f356w, f410m, f444w]
#     near_border_kernelsize: 21
#     reference_band: f200w
#   make_catalog version: 1.4.0
#   photutils version: 1.5.0
# schema: astropy-2.0
label xcentroid ycentroid sky_centroid.ra sky_centroid.dec bbox_xmin bbox_xmax bbox_ymin bbox_ymax area semimajor_sigma semiminor_sigma orientation eccentricity min_value max_value local_background segment_flux segment_fluxerr kron_flux kron_fluxerr kron_radius gini equivalent_radius kron4_2_flux kron4_2_fluxerr radius_kron20 radius_kron50 radius_kron80 near_border
[from data line 3686]
3687 3651.6597043508327 4401.958748383117 214.84853626994664 52.853371048541995 3645 3659 4396 4408 142.0 3.5423382420508602 2.749153604341633 26.000343212866074 0.6306290003544763 -0.12923942877899142 0.5795280338688009 0.0 33.35627548388776 2.9214175 62.883397762140326 7.942005220580481 2.4473126651303065 0.34239154092937685 6.723094811029982 59.767414919349974 12.636407651427595 3.443969462901676 6.647518827357187 11.767170265935246 False
3688 6925.949613569614 4397.626463124713 214.81935887103188 52.83253991651026 6925 6927 4397 4398 6.0 0.8043720074035046 0.4825771838091169 2.9894009629839373 0.8000429066442966 0.2749177537849368 0.5967036904988131 0.0 2.543628615174738 0.59617716 13.885243113666286 2.175091657636321 3.304380180576147 0.18537083536022259 1.381976597885342 20.587451861160485 3.4588081403966724 1.4707779467988291 2.9187393855106576 4.179381160102913 False
3689 8595.33721577694 4402.396273208438 214.80442020971577 52.82195407080352 8592 8598 4398 4406 51.0 1.9861533199117078 1.3400026923751103 -88.67725568997521 0.7381173647976188 -0.018333664740990428 0.7954617659431009 0.0 13.205675067627437 1.6006043 21.687144811939497 4.147556113750874 2.5094471867738863 0.4150262997519517 4.029119531035698 25.021899839370207 6.619924856105795 1.6023278507295726 3.2776160532295693 7.207097349118301 False
3690 229.5633432014641 4399.601454361603 214.87913316097922 52.875097724061135 229 230 4399 4400 4.0 0.4975916139633031 0.4879520847925923 -24.307852733484317 0.19588122045401674 0.23171911324468192 0.4557359771742494 0.0 1.3593457315785473 0.47582984 9.731450300913004 1.9631462398698047 3.729439276304545 0.17750128311316452 1.1283791670955126 14.296416438595838 3.1679560525383383 1.3468798239056592 2.313450447857493 3.3688202513201433 False
3691 4009.321733566397 4408.409033160812 214.845274911404 52.85113326981224 4002 4016 4399 4418 237.0 4.771564663413977 3.0352871644944086 84.24165153655802 0.7715902358324551 -0.1373667679050046 1.199950996574385 0.0 97.80961619743161 3.5929565 115.50546071827006 5.476742885693678 1.4 0.32609302515150074 8.685588237163813 115.05857738252372 8.837673928864332 3.171357504215824 5.860715270887171 8.603003539139927 False
3692 859.0274767397425 4410.517305980482 214.87339253000263 52.87115843064671 850 868 4400 4419 186.0 5.273503308478316 1.8214586337583343 44.3301903340773 0.9384562176909979 -0.40600734549678325 1.1525056987545785 0.0 45.8377767531379 3.2573023 60.92517317810028 6.163117096668 1.8920515521585213 0.4532596479479392 7.694520051971082 60.85536455547532 9.91255171528552 2.430707763836407 5.3800235257514855 11.190429382574331 False
3693 3465.928995388126 4405.392404848515 214.8501586230477 52.85456964796311 3457 3472 4401 4409 99.0 3.314145788031472 1.5711718457181352 -4.615688258361661 0.8804815119217255 -0.1303894814977512 1.9183879558713262 0.0 56.059427611666415 2.4200807 81.64964009245872 5.24819791143584 2.166401931513474 0.38397066557304216 5.613615477764332 101.43812653631633 8.327265899467749 2.0180231268319635 4.311047575169808 8.448015826992972 False
3694 9874.680672233331 4402.320099186283 214.79301607241825 52.8138201852105 9874 9875 4402 4403 4.0 0.47122938245593904 0.4614500086006903 -45.87377674559091 0.20266994642475242 1.2592801022714315 5.51179883190924 0.0 11.793778721012721 0.5402294 20.57335786412097 1.205014212505614 2.3398224826014107 0.36083018691864693 1.1283791670955126 21.219890150474356 1.8900809209315226 0.5854255410759098 1.0258011127898028 1.6767105186228415 False
3695 3813.4369017222107 4428.239800747922 214.84681522459024 52.8524848430109 3782 3844 4403 4453 2221.0 9.098455730760218 6.75879881076892 18.416666824852673 0.669456560203663 -0.17011917144082253 25.16830956697539 0.0 1600.1893215035618 11.479223 1613.2618683163757 11.839892407532343 1.4 0.6766441011603366 26.588837079011167 1731.6707655935625 18.509438104416834 3.0183646656521685 7.752623411931549 14.79460109256145 False
3696 4487.71524183686 4406.122532267359 214.84102801758652 52.84808113075863 4487 4489 4403 4409 14.0 1.5596669012760858 0.7124707758974768 -88.9180135883082 0.889564506520161 0.10776968942876283 0.3284950756779889 0.0 3.4613944006075528 0.8505508 93.51622385047203 4.2420092441674555 3.895012365739138 0.14405384625783665 2.111004122822376 209.8862580384682 6.732442482395996 4.160008713985957 6.328946928144958 8.349085660115541 False
3697 9452.09047692307 4409.4253478759965 214.79670811296606 52.816545218346285 9446 9457 4404 4415 109.0 2.0587821075313104 1.7117890552190218 49.83988640642585 0.5555889188880683 -0.19200136120728722 3.333495257370704 0.0 54.59321359441588 2.4943316 59.78666366728286 2.9224669053869667 1.482789723545239 0.6326174204387699 5.890312181373172 61.28369833971888 4.633780735951812 1.1796976397806824 2.22966613119146 3.9748180093073353 False
3698 7113.774346129579 4414.601356223775 214.81750480212247 52.83143757430241 7099 7127 4406 4422 319.0 6.4249964721874955 2.2623651310757795 21.390488690881664 0.9359551339302964 -0.06745723867692668 3.1061453438971105 0.0 207.73476847726616 4.3650146 241.83633837854438 7.181256070062573 1.7688836585730399 0.4646498088487132 10.076748170547344 271.43062167394277 11.390945206530457 2.874201387053565 6.1590368958331565 10.817240149466565 False
3699 3059.654202190933 4415.344964863715 214.8536820436742 52.857204601566366 3053 3067 4408 4422 179.0 3.2909680356097826 1.9699370292788263 41.50107751901413 0.8010563619365448 -0.15858068315422866 4.876793556761833 0.0 122.33314920115407 3.268488 139.16586231542837 4.6317832221754545 1.689105684220152 0.5881994034546506 7.54834217738561 151.11526864068964 7.385896826985908 1.7049249598316003 3.4374631702634337 6.231576232407455 False
3700 6386.957625144283 4409.350527555526 214.8240440934419 52.836028838977334 6385 6389 4408 4411 15.0 1.0024741271990414 0.8259894309781424 -11.379643294130455 0.5666612400710366 -0.0321752520459464 0.6904618475021919 0.0 5.735367318975846 0.9637666 10.931463313870086 2.4339317459371017 2.4285741373266148 0.3546316067933339 2.1850968611841584 11.09633763475395 3.834601477343745 1.0502661110429927 1.9558419863560574 3.3677298064545647 False
3701 385.3832842867914 4422.839824976457 214.87749589418567 52.87423338614927 368 404 4409 4437 742.0 7.385612605472537 4.176316198486742 -25.78331124914857 0.8247712926234234 0.00040992081296456587 5.750781424774287 0.0 774.991618030053 6.994138 859.4005032466735 9.698904312788313 1.5830093932127522 0.4982269046044711 15.368341990871127 897.6817445060042 15.257060192131272 3.793828619792377 7.500883984270025 12.846346501746595 False
3702 2407.6586419142805 4416.056257450963 214.8594979557413 52.86135069375606 2397 2411 4410 4425 180.0 2.769445954196095 1.503507907470931 -88.67160678423221 0.8398030230322544 -0.19535646952309513 0.8769553399761483 0.0 21.41222465771544 10723806.0 32.340105937922125 12070253.943643427 2.2836352930517854 0.7783890210460658 7.569397566060481 58.59900493223706 20905774.94657879 1.8694332479691302 3.637296775390454 9.137816529416062 True
3703 463.7553668680402 4428.161731811071 214.8767394243594 52.87376430299148 448 480 4411 4443 806.0 4.919197466530354 4.3233364058235475 12.603569391287177 0.4770608435280484 -0.21607838151086542 29.114556572235344 0.0 976.0507230796445 7.23637 975.4544437603149 7.278030616216419 1.4 0.6912880770648434 16.017420774398584 1052.1694161785222 11.29714948405054 1.7988196027312664 4.200965382138874 8.391998128944692 False
3704 2720.220383185534 4426.144233158372 214.8565999742647 52.859419364426124 2706 2735 4412 4440 596.0 6.541020152042715 5.455711232129821 -15.08480875604031 0.5516487855865239 -0.12494793383123885 1.6253816198662607 0.0 222.71056053741194 5.7745886 333.54569707116684 12.508259061940333 2.0350904088443458 0.3440221086080539 13.773623058786647 361.6847637816151 20.02380300944888 5.174261930096426 10.674233975329715 17.057457332996847 False
3705 4428.985041700918 4425.356145002389 214.84134993979265 52.84855801829926 4418 4441 4414 4442 466.0 5.8430742604761345 4.63777490757301 -83.49425225305197 0.6082810561745298 -0.10364503025467392 2.6539379165531236 0.0 261.8371188912029 5.0324492 333.2233562015655 9.814437096535537 1.8468833131718088 0.39469189362460455 12.179179240065665 385.80797470705966 15.630721121988373 4.211889242940716 7.749220075910128 13.316988609563026 False
3706 9418.999730053365 4416.167124837193 214.7969321684034 52.81679191955185 9416 9422 4414 4418 27.0 1.5907062509738812 0.9540898931450531 -20.035308558359894 0.8001573669965947 -0.004943090278770617 0.6389043989146869 0.0 6.783123263431277 1.2706541 19.519061933448672 3.8117069718823475 2.9385213068167313 0.38739731012339734 2.9316150714175193 25.091885682329416 6.1518627555464604 1.809923273550383 4.192058211369765 8.051740089535297 False
3707 671.4784836973829 4420.4373901596755 214.87496422505495 52.872403229784595 664 680 4415 4425 134.0 3.561319777929106 1.8877255208527064 21.2636853245479 0.8479579690645311 -0.26004731919038987 1.1913564240818595 0.0 34.22859458869042 2.8560903 67.17397045594565 7.747213151331792 2.746098756062146 0.4479364006286638 6.530966601401967 100.48962486830229 12.272962575264007 2.7574163731982524 6.818737527429071 14.330766183621105 False
3708 nan nan nan nan 2282 2296 4415 4427 131.0 nan nan nan nan 0.0 0.0 0.0 0.0 11445524.0 nan nan nan nan 6.457444935117649 nan nan nan nan nan True
3709 1089.7220155473094 4419.882548955283 214.87123243346915 52.869743572527256 1085 1095 4416 4424 78.0 1.8793755222717718 1.480226627127512 3.2974280658118786 0.6161661341031873 -0.14251925529661108 2.6078399444868756 0.0 36.909437028678845 2.1150093 41.43539073342211 2.996921481073921 1.7051526100769447 0.5851666718510685 4.982787485166879 44.32432186452513 4.7826213794622126 1.1288734314437479 2.1284848446041256 3.721447414898342 False
3710 3503.8309753000394 4424.473083868292 214.84961940059011 52.8544317153101 3495 3513 4417 4432 239.0 4.0304168293638565 2.8057444124549797 20.163832420479704 0.7179036368807722 -0.06941654986833878 2.3415147486997507 0.0 149.26087068099906 3.6697826 195.60795523092904 6.545118903265281 1.9035482638575878 0.4299680985815298 8.722159296752494 214.55124699023986 10.474110973853875 2.659949677381993 5.267577099621666 9.91255138540813 False
3711 7219.3922117690045 4427.615553751586 214.81642576658007 52.83083638519891 7213 7225 4420 4435 169.0 3.5015269501572255 1.8633173647613408 -65.63760368447383 0.846653717794899 -0.19577641749684882 2.558502600094082 0.0 86.71514052350946 3.1245975 117.83788622302575 5.961835611621891 2.21235396936682 0.5481378580264848 7.334464586120832 165.5699930786613 9.469307677077337 1.9862250417427234 4.154717268491084 9.1766480343395 False
3712 10226.760039429104 4425.34525048601 214.78963593970562 52.81170566737537 10221 10232 4420 4431 115.0 2.567412827961257 2.152397988654112 43.78147958779943 0.5451278894186509 -0.06039906969322319 1.5947141401096347 0.0 43.5505528427138 2.5866213 61.02186799161902 5.321257424411011 2.14459926142497 0.4611351328308316 6.050259243299904 69.11356373291345 8.451659839947808 1.8118750914056114 3.8796048649763137 7.700986943282386 False
3713 687.1601150572988 4422.456961174965 214.87480282534528 52.87231451707903 685 688 4421 4424 15.0 1.0315837805642865 0.719275754293644 83.73733461232563 0.7168243019620709 -0.21891124957486358 0.6753926191979644 0.0 3.717258781223325 0.98409885 6.401414691254106 1.6025047782777035 1.6777965951954033 0.37485819949808696 2.1850968611841584 5.901504433147549 2.5582280958414336 0.8972991324230184 1.6634129601109229 2.7087961108960035 False
3714 3343.3380365288767 4430.029692129187 214.8509941095672 52.85548139645467 3339 3348 4421 4439 133.0 4.94570342303984 1.575955556950664 74.57583936341192 0.9478719611374937 -0.24244683861301963 0.6920936824445374 0.0 24.604326426742404 2.8813796 63.00208813636407 8.374219756677794 2.7955797150703443 0.42024920955287204 6.506551687525748 70.4700495690596 13.365176367026784 4.338573745527261 9.857566838640052 15.930581426976884 False
3715 7846.871597285462 4426.942846068108 214.81083628554197 52.82684423659758 7842 7852 4422 4431 85.0 1.8655553893283898 1.4086118320493175 -35.35406226396425 0.6556522551608691 -0.06990566596391103 3.7882122467971793 0.0 44.002196113719485 2.2224622 48.35235932471036 2.921530303459555 1.7098754007882504 0.6571080906115329 5.201570947860099 55.47940956862085 4.6222374760797145 1.0094996677631216 1.8668329271941138 3.6602209352284145 False
3716 7949.4944746667625 4423.088570595358 214.80996162638152 52.826171128240716 7949 7950 4422 4424 6.0 0.7703920016120852 0.4998964616360715 -89.16485235453061 0.7608857770628903 0.5434656046032451 0.8653615243578276 0.0 4.284289267428119 0.60014206 11.476678717135272 1.8688683875038088 2.822346501572153 0.11820578077215944 1.381976597885342 13.53999961293222 2.9188382567359503 0.9647629229498078 1.8622303986128201 3.0976785979066115 False
3717 9810.081039594834 4429.417406604288 214.79330680753608 52.81437688263455 9807 9813 4424 4434 60.0 2.784323396713371 1.4114429177399266 78.95225999054868 0.8619902113909175 -0.09039515122480428 0.5918770194104837 0.0 13.131261621668731 1.7983344 35.77068809637083 6.084841536174919 2.929056853006562 0.3219869440266741 4.370193722368317 44.71509370207501 9.711104985445056 3.1054718921442936 6.048556442396137 11.251092904928019 False
3718 8595.732598523338 4429.3612569026845 214.80413301445148 52.82209684687466 8591 8601 4425 4434 87.0 2.060802766719484 1.7961098215217344 22.13820047872936 0.4902918256280831 0.05085161601147937 3.803791189121555 0.0 71.676539468911 2.2498088 89.87117259551204 3.8970045093498484 1.97507045667792 0.4821015861919834 5.262410103554244 100.85669321684088 6.190059698665135 1.3904520487545047 2.785788348469765 5.291367441677965 False
3719 7093.413498567812 4430.125008122376 214.81752310753043 52.83165065139314 7091 7097 4427 4433 33.0 1.9743416819602895 1.257831496419351 -42.28591863659695 0.770790193946438 -0.11753202801429095 0.6419594478081045 0.0 8.851988831332976 1.4221731 25.53557072389878 4.651971708576339 2.8047218258722855 0.3095824042008461 3.2410224072142872 33.87584455251662 7.367328638053198 2.290502193116487 4.447518663624204 7.126588512521712 False
3720 1084.263952604146 4430.372349898895 214.87117082020276 52.869834824621215 1080 1087 4428 4432 28.0 1.6905178925116207 1.0505941969687222 7.433953124875053 0.7834435722168833 0.06826609032843907 1.4726888832777218 0.0 7.998072143493715 1.3099519 21.700375738857357 4.037546399619614 2.853744257739072 0.42643819793877485 2.985410660720923 33.16348675780963 6.448587082156664 1.8738511948765313 3.8308910508695915 6.260811596295636 False
3721 9755.738874143317 4433.326148424357 214.79375005438683 52.81474344306029 9750 9761 4428 4439 120.0 1.6332748760459717 1.5678292602786523 32.79430269656808 0.28024049980302196 -0.23858101458770956 10.722936096079124 0.0 82.9116289681991 2.7306771 82.46250431594665 2.578675794913246 1.451980042906835 0.7650085221427507 6.180387232371033 91.15687301629552 4.000523693017904 0.7600890281230235 1.412064103582658 2.6705644468202783 False
3722 594.251908473145 4431.540068094602 214.87553757176474 52.87295364881755 592 597 4429 4434 29.0 1.1358674942340203 0.9980869701457024 -13.552089048405053 0.47737406295198 -0.0491090007090364 1.2687347939047011 0.0 7.482201846085451 1.2802588 7.773215153639465 1.9154049527547525 1.7170914062520346 0.5919101094886694 3.0382538898732494 8.546940840297133 3.0770665037557015 0.7223680876669235 1.2866947203817771 2.0590513926986502 False
