outputs/dr0.5_c0.1/nircam6_detect_f277w_f356w__dr0.5_c0.1.ecsv
# %ECSV 1.0
# ---
# datatype:
# - {name: label, datatype: int64}
# - {name: xcentroid, datatype: float64}
# - {name: ycentroid, datatype: float64}
# - {name: sky_centroid.ra, unit: deg, datatype: float64}
# - {name: sky_centroid.dec, unit: deg, datatype: float64}
# - {name: bbox_xmin, datatype: int64}
# - {name: bbox_xmax, datatype: int64}
# - {name: bbox_ymin, datatype: int64}
# - {name: bbox_ymax, datatype: int64}
# - {name: area, unit: pix2, datatype: float64}
# - {name: semimajor_sigma, unit: pix, datatype: float64}
# - {name: semiminor_sigma, unit: pix, datatype: float64}
# - {name: orientation, unit: deg, datatype: float64}
# - {name: eccentricity, datatype: float64}
# - {name: min_value, datatype: float64}
# - {name: max_value, datatype: float64}
# - {name: local_background, datatype: float64}
# - {name: segment_flux, datatype: float64}
# - {name: segment_fluxerr, datatype: float32}
# - {name: kron_flux, datatype: float64}
# - {name: kron_fluxerr, datatype: float64}
# - {name: near_border, datatype: bool}
# - {name: detmap, datatype: int32}
# meta:
#   __serialized_columns__:
#     area:
#       __class__: astropy.units.quantity.Quantity
#       unit: !astropy.units.Unit {unit: pix2}
#       value: !astropy.table.SerializedColumn {name: area}
#     eccentricity:
#       __class__: astropy.units.quantity.Quantity
#       unit: !astropy.units.Unit {unit: ''}
#       value: !astropy.table.SerializedColumn {name: eccentricity}
#     orientation:
#       __class__: astropy.units.quantity.Quantity
#       unit: &id001 !astropy.units.Unit {unit: deg}
#       value: !astropy.table.SerializedColumn {name: orientation}
#     semimajor_sigma:
#       __class__: astropy.units.quantity.Quantity
#       unit: !astropy.units.Unit {unit: pix}
#       value: !astropy.table.SerializedColumn {name: semimajor_sigma}
#     semiminor_sigma:
#       __class__: astropy.units.quantity.Quantity
#       unit: !astropy.units.Unit {unit: pix}
#       value: !astropy.table.SerializedColumn {name: semiminor_sigma}
#     sky_centroid:
#       __class__: astropy.coordinates.sky_coordinate.SkyCoord
#       dec: !astropy.table.SerializedColumn
#         __class__: astropy.coordinates.angles.Latitude
#         unit: *id001
#         value: !astropy.table.SerializedColumn {name: sky_centroid.dec}
#       frame: icrs
#       ra: !astropy.table.SerializedColumn
#         __class__: astropy.coordinates.angles.Longitude
#         unit: *id001
#         value: !astropy.table.SerializedColumn {name: sky_centroid.ra}
#         wrap_angle: !astropy.coordinates.Angle
#           unit: *id001
#           value: 360.0
#       representation_type: spherical
#   astropy version: '5.1'
#   make_catalog parameters:
#     ab_zpt: 31.4
#     coadd_bands: !!python/tuple [f277w, f356w]
#     deblend_contrast: 0.001
#     deblend_nlevels: 32
#     deblend_npixels: 1
#     detect_kernel_fwhm: 4.0
#     detect_kernel_npix: 7
#     detect_npixels: 4
#     detect_threshold_nsigma: 3.0
#     flag_isolated_buffer: 4
#     hst_bands: !!python/tuple [f606w, f814w, f125w, f140w, f160w]
#     jwst_bands: !!python/tuple [f115w, f150w, f200w, f277w, f356w, f410m, f444w]
#     near_border_kernelsize: 21
#     reference_band: f200w
#   make_catalog version: 1.4.0
#   photutils version: 1.5.0
# schema: astropy-2.0
label xcentroid ycentroid sky_centroid.ra sky_centroid.dec bbox_xmin bbox_xmax bbox_ymin bbox_ymax area semimajor_sigma semiminor_sigma orientation eccentricity min_value max_value local_background segment_flux segment_fluxerr kron_flux kron_fluxerr near_border detmap
[from data line 3832]
3833 8225.385715298149 4572.695330670688 214.80592741090143 52.825223471816116 8211 8242 4561 4584 448.0 7.086392913517168 3.2636723209213394 -34.10351090318757 0.8876312690013025 0.20678649454811207 2.451372336395438 0.0 354.5458527680929 1.8042066 424.240295379358 2.920090719993419 False 256
3834 6183.249387962307 4570.281031590711 214.82416847730204 52.83819092336638 6177 6192 4563 4578 182.0 4.294853244313765 2.7683175295190416 -50.782360401600506 0.7645484454820335 0.1986911487367962 0.813182790947244 0.0 75.67936858324533 1.0422301 161.86963479033 3.053871847292555 False 260
3835 8299.86833380183 4577.315034700446 214.80521463716758 52.82477487579796 8289 8312 4564 4593 551.0 5.648531086686052 4.371167805565351 -64.48105860434829 0.6333576578677899 0.21854185988241334 4.711331008313216 0.0 613.4506743317469 2.2402165 696.240388727405 3.3013823534690836 False 257
3836 8109.877313491831 4566.678165551034 214.80702074845988 52.825925331689156 8109 8111 4565 4568 9.0 0.9600852014692038 0.6926489412316773 -69.9958006912286 0.6924714446117842 0.21323211130451517 0.2447090016353844 0.0 2.037778568917526 0.21621792 15.838041672896678 0.9032720059757237 False 256
3837 7979.769151114847 4570.112234430254 214.8081448875033 52.8267709170208 7975 7984 4566 4574 69.0 2.4785389552059383 1.9381113521696751 -1.6733251338001398 0.6233321392944944 0.2173247061868536 0.5406467709739996 0.0 24.358316755699096 0.6121293 73.0926490623406 2.250428866656102 False 260
3838 9577.089370493004 4577.346061007228 214.7938274018004 52.81665513775793 9571 9584 4572 4583 123.0 3.306405228941108 2.351667551681282 24.218861519364165 0.7029431715560944 0.29051275072880195 1.2105461836181757 0.0 74.8911261928133 1.1546359 134.06682963363343 2.890926286316549 False 257
3839 8611.54401042305 4578.270001194982 214.8024254913573 52.82279865014139 8608 8615 4574 4583 56.0 2.2562392861893774 1.7806427307919057 80.02529376733527 0.6141256285584847 0.25782741177553714 0.5139792521361282 0.0 21.000998272666187 0.68462974 57.76221235351845 2.1263033149892863 False 257
3840 6064.717387715223 4588.88283022383 214.82503038799626 52.839044526684646 6043 6081 4575 4606 793.0 8.635544014675798 4.599326812842046 -32.53576297466267 0.8463644549762758 0.23405595312612223 4.946627998541545 0.0 948.1113457830143 2.9002278 1071.6182111288558 4.34776265873659 False 260
3841 8469.015702929217 4578.277813873259 214.80369625099442 52.82370477509771 8468 8470 4577 4579 7.0 0.7480945709940044 0.6968610304675348 3.4747564094619574 0.3637038790287421 0.26024846143620206 0.2973703289537291 0.0 1.9598847846747682 0.23597729 16.695400351034046 1.0558094863767888 False 257
3842 9298.73331113784 4583.3453208299825 214.796245576148 52.8184571934602 9292 9305 4578 4589 127.0 3.166623583010369 2.5227711439528098 -9.158883295888147 0.6044073872577811 0.2706669958072083 1.006698526084197 0.0 69.12616376051793 1.0906168 130.63830825672775 2.9178303465140587 False 257
3843 7976.90266896346 4585.8916189073025 214.80800444144867 52.826874164711896 7972 7982 4579 4594 144.0 3.825810499725402 2.6451188838407935 87.56542276816347 0.7224838027495989 0.25789531527874454 0.6890290003907646 0.0 62.394515344703144 1.1601434 157.22883591653687 3.717048197360616 False 260
3844 6590.230952053574 4583.802894689063 214.8203951042954 52.83567711940499 6586 6594 4580 4587 53.0 2.2775033649102 1.6719169142925034 33.29425312571225 0.6790405716042656 0.2487476726704582 0.463395290896878 0.0 18.774566711689186 0.6597211 63.07329564755753 2.361687760737222 False 260
3845 6325.21398205667 4585.235739037761 214.8227444705878 52.8373692437068 6319 6332 4581 4590 108.0 3.236450646554206 2.174767017333402 21.486075868075215 0.7405869814104519 0.24871195657391015 0.8035481237276835 0.0 50.33986270302533 0.88454723 81.52827487044678 2.222826329929775 False 260
3846 7021.5067238094925 4593.849741550895 214.81644201479938 52.83299004941205 7014 7029 4586 4602 196.0 4.039612877782027 2.8286715862765655 -47.011924376279346 0.7139140567687998 0.2556811940262684 1.5662568743911363 0.0 137.10830644343827 1.3731567 193.73732025782016 3.1183748808756535 False 260
3847 8901.420229622103 4598.353687799557 214.79962971216838 52.821064007825626 8884 8917 4586 4610 554.0 5.793402434116828 3.4019255348775026 28.44840674358736 0.809436919915615 0.2677017452549793 12.562255991470643 0.0 1429.5631237419186 3.144911 1503.655173939716 3.801807869682705 False 257
3848 9001.8970556106 4590.942996777745 214.79881188975355 52.82038530020641 9001 9003 4589 4593 12.0 1.3564677438900685 0.6609560136028275 -71.97269695226987 0.8732554887637016 0.2605175166595419 0.29312021973576763 0.0 3.33431119801507 0.30403367 47.71024403077357 1.4865046286628572 False 257
3849 9575.092786968213 4602.002847305118 214.7935858102838 52.81680066162941 9568 9583 4595 4608 173.0 3.5854732399633953 2.6624624562387846 25.185992148633936 0.6697692082621299 0.2733865043765312 2.5196900570869882 0.0 183.41666050701818 1.8168561 246.31647711401797 3.5431113800203016 False 257
3850 6504.154133308427 4601.675938430629 214.82097500097436 52.836320541785994 6502 6506 4599 4604 23.0 1.3483704650807895 1.1785017812820853 -60.576168246388725 0.485891243486959 0.4686786252757429 1.4265751286218553 0.0 19.74719692499837 1.0568851 28.210075915071428 inf False 260
3851 9064.487082111018 4604.685011925376 214.7981093229778 52.82006141654298 9062 9066 4603 4608 18.0 1.32240189327244 1.1016511326499345 67.27445446802409 0.5531701029535321 0.360889604430231 0.6895273710181316 0.0 10.41312136897697 0.7062349 41.13507507629059 2.139520035199891 False 257
3852 10148.76372897197 4612.9189741853215 214.7883578698608 52.813211998030496 10146 10152 4610 4616 33.0 1.5828754574062172 1.437222761813509 -3.7384762023620897 0.41900871067322276 0.48888301552620184 2.565152903176172 0.0 41.20172864547686 1.8680257 65.79845676607394 2.932294319222556 False 257
3853 8067.062158424774 4614.629140066173 214.80689808290757 52.826455879459076 8064 8070 4612 4617 36.0 1.5355113756339367 1.375115330412507 -17.12685399396764 0.44497646821251213 0.39405618042024954 1.9569014390647528 0.0 35.229945109972334 1.2200377 43.26801335299725 1.704647827862556 False 260
3854 7407.854038044461 4625.52719836688 214.81266256986598 52.830704999266864 7398 7420 4615 4629 218.0 4.885663683998429 2.938672468831066 -15.515900981160705 0.7988811580642415 0.3448464878709079 4.480612837142369 0.0 256.52675753578296 2.136897 359.51146890457096 12271753.32304583 False 260
3855 7010.309593993657 4625.316000203414 214.81621083700833 52.83323079714978 7006 7015 4621 4628 63.0 2.248757079572677 1.8100985533308818 9.219338782512706 0.5933658478971485 0.3645072553551053 1.3253456401618422 0.0 47.21695943169326 1.017648 70.5518494081187 inf False 260
3856 7224.153181992458 4625.993977726156 214.81429619547959 52.831875196842496 7208 7236 4621 4629 200.0 6.03059957293874 2.019248053900509 -3.2088888382528493 0.9422772330002119 0.3578851766912883 2.1180387603777584 0.0 213.24921820693856 1.9400636 289.99277017991096 10624824.361102775 False 260
3857 9600.496277589129 4622.482845983804 214.79314392203815 52.81674947595054 9600 9601 4622 4623 4.0 0.5006418346646666 0.49904873185814974 -39.92966009478567 0.0797127075900549 0.3804804689999599 0.4137370998767203 0.0 1.593023114976916 0.24138765 13.816655204862377 inf False 257
3858 6571.57481456511 4625.690439845027 214.82012083390387 52.836021449142635 6569 6574 4625 4626 9.0 1.4786653549939384 0.4542311553206847 -3.506392013312109 0.9516482158789009 0.4062870769086472 0.5246321750529781 0.0 4.202962488066376 0.42720243 36.862860084344696 4609248.63392639 False 260
3859 529.0092143013989 166.09628079171083 214.92098406136603 52.85034996089476 495 565 157 207 2522.0 10.547942164716758 7.263392065309883 35.84316926382761 0.7251342726756879 0.24016499610215 74.19856641632126 0.0 10635.329824423801 8.212546 10966.533966338715 21090661.587487686 False 528
3860 602.2058380247094 195.5462045789637 214.9200201609289 52.85004426055275 548 688 159 232 4238.0 32.452428621724216 9.676637285299819 -27.149307292734242 0.9545099265879884 0.20683553117553857 2.963581179913956 0.0 2800.863034676614 6.8370843 4720.494252731543 inf False 528
3861 366.1235506198205 193.37907339248653 214.92215335985568 52.85153129555539 357 389 155 224 1401.0 17.538887336042723 7.075702409724293 -86.17662712122105 0.9150107851406094 0.2610944221065133 1.905261871509789 0.0 1035.7332778937725 4.003036 1863.9397952454606 57055396.22690355 False 528
3862 406.0041036543616 206.57638594674702 214.9216581083709 52.85134936747612 384 417 163 230 1338.0 15.736006863930461 7.174354902963745 -87.43322008188643 0.8900209342510552 0.244454422063578 1.8981997737021485 0.0 941.7576852967288 3.4525585 7995.663122228456 inf False 528
3863 348.038369462499 201.0851128665263 214.92223402588945 52.85168770623777 327 358 154 238 1859.0 22.453041430367517 6.218192914863416 87.44691667247008 0.9608866018732506 0.24721748758357937 3.3412493456992896 0.0 2190.221204054883 4.6190834 29856.302119421805 inf False 528
3864 246.45679346327404 216.4273377282683 214.92298086081144 52.85241539600563 205 284 180 246 2563.0 22.886286247038008 8.756293368494084 33.360651892518824 0.923914082384648 0.21914402717821088 1.5435856454531294 0.0 1315.7908214079453 4.333246 2961.140794657421 inf False 528
3865 295.5792871599789 232.38980646454735 214.92237390563795 52.85218972894998 269 320 203 253 1577.0 11.29987528244584 10.475273509049863 66.17152633825536 0.3749980830730319 0.2517491466539214 1.933515784687364 0.0 1186.8114374352867 3.0659072 2650.7112827194587 inf False 528
3866 525.102696038335 227.17784363838138 214.92037687038504 52.85070450159638 490 561 201 249 1879.0 17.666677105107937 7.930496451975401 -25.01730979288711 0.8935841294129933 0.21909268387292116 1.9035197623600726 0.0 1527.5323224534222 3.4893656 2734.6069265256233 inf False 528
3867 515.3192136820585 259.90359613252167 214.92012029758916 52.85094327556243 477 590 224 290 3438.0 26.616363429398216 8.682231071761501 -27.267682750365196 0.9453011234162609 0.20691133179812218 5.787716217552754 0.0 4082.9217822486844 4.6659026 65966.29262183601 inf False 528
3868 428.76205713127774 277.84040024709606 214.9207054983023 52.85158960445783 380 468 156 304 6097.0 24.05165758990866 10.96401919870603 83.64221797734525 0.8900551010462947 0.24107462095267718 123.3653792703172 0.0 31163.276025763036 11.377988 53795.529903899645 inf False 528
3869 405.85702444058677 290.3096516992532 214.92077917219473 52.85180232796262 375 420 233 305 1202.0 12.024865078503995 5.304922437186587 60.02060883169292 0.8974271201756976 0.8126018026733567 100.9986409927213 0.0 19305.421154102496 12.386624 48435.74677680288 inf False 528
3870 394.21608842043304 305.8522934853004 214.92071984138354 52.85196013400456 368 410 261 326 1037.0 13.327521181506658 5.369137363440204 60.49538283541229 0.9152612108230849 2.0307201900939558 98.96490436181452 0.0 29779.58649937337 14.395305 70934.52072225229 inf False 528
3871 458.1089026520319 301.85220833553564 214.92019072746623 52.85153292290684 430 579 212 326 6746.0 24.2623752005622 16.568827796967998 -27.15419403824041 0.7305098736977494 0.21326448900950418 90.2651930889151 0.0 32606.6846893444 13.455862 94216.64981914489 inf False 528
3872 365.52753507311223 309.01614109249164 214.92094304357792 52.85215933930312 354 380 286 321 535.0 7.59937800032341 4.55006423974838 -64.06349124393279 0.8009422064922816 10.322609271240664 131.66581402246953 0.0 23716.055630821982 16.13719 66569.28092638985 inf False 528
3873 325.5907267490918 297.3809642475791 214.9214223819222 52.85235006056266 204 384 199 325 14560.0 30.813637204965904 21.174724049956808 7.561605534763484 0.7264807863987782 0.21737243057724587 138.19457268868163 0.0 94811.6474420665 27.221302 159868.38733143723 inf False 528
3874 380.2831924163108 315.8010400357741 214.92073980646458 52.85210229235454 370 390 301 324 305.0 5.536195448239525 4.063201106066411 -48.870215864565665 0.6792209796893903 13.81389701422869 68.73318927480356 0.0 14154.508070714171 5.419806 44034.47832540981 inf False 528
3875 412.4015970588368 335.73557643228975 214.9202431167745 52.85200600549491 398 446 321 363 856.0 10.596202819930815 5.135394895055577 52.20682017686458 0.8747110325791339 2.2659568972920496 101.17079631452583 0.0 20243.47293071191 9.712757 49180.27801527374 inf False 528
3876 432.50920648530706 332.67722247310394 214.92009551798486 52.851861843904864 421 463 321 368 714.0 8.28288892710737 4.897318103365143 54.958027205703296 0.8064830239974453 1.3445515264576378 103.22038088126192 0.0 15357.43274455636 8.995652 46934.195383421655 inf False 528
3877 480.43407613582065 343.9224595740473 214.9195488826331 52.851618300349244 442 657 321 408 8875.0 36.88565164199512 13.672345570683447 19.74486105975284 0.9287652746310505 0.20525720098994737 34.89077797680927 0.0 18192.784060873415 8.231107 64404.07111226362 inf False 528
3878 383.0195417321567 333.1158607762988 214.92053331804013 52.852178392616814 371 401 322 343 523.0 7.856508690804342 4.822364428938081 -8.755898377879033 0.7894576647787127 15.073512061889739 119.38798206169015 0.0 29938.172069611694 11.700679 82458.99101133482 inf False 528
3879 335.2028485163127 331.953605492785 214.9209729985667 52.85247567683331 333 337 325 337 50.0 2.9894422221243686 1.2413406085481344 -81.11833026133944 0.9097111953124517 34.11983366545611 130.43927110751093 0.0 4406.463356375062 20.15679 14246.827495820824 inf False 528
3880 311.66057926659676 334.84616162766724 214.9211530502385 52.85264074671143 203 335 314 373 4016.0 25.94682526050195 7.2411865868827885 0.9746397583556211 0.9602684533329997 0.2581517742574479 130.33918789202633 0.0 41405.989371088035 15.417805 93083.55724472873 inf False 528
3881 415.43404936807786 372.8806236570449 214.9198255086297 52.85218727460901 368 589 342 493 13977.0 52.26333949350001 11.248476682229844 32.28093003740334 0.9765640687473034 0.20827275829745082 85.85966351385356 0.0 48359.029037653134 12.440902 102666.94748614568 inf False 528
3882 312.8759343962889 356.32086355129775 214.92091642490627 52.85274896017084 258 330 341 445 2402.0 15.258517247693069 8.95969543628596 -55.72646121649061 0.8094469161665582 0.20984812731740218 91.22488864819616 0.0 23661.101227282514 6.6592274 74400.78524345331 inf False 528
3883 357.9169834702426 382.354272817351 214.92024008719656 52.852603559552925 287 406 347 538 10730.0 33.09626524013085 14.06979043729312 -83.65843350298663 0.9051383299660786 0.20298000350115875 131.070784194418 0.0 46940.74884607166 14.02569 101846.80238881189 inf False 528
3884 334.1428257311116 362.8771106414176 214.920657380656 52.8526493430166 255 350 348 467 2218.0 18.653375736142593 4.652083314259169 -56.03870540834298 0.9684015046617303 0.20483094395245915 119.65082211212045 0.0 20061.30682946073 10.174104 60847.199149006934 inf False 528
3885 264.2273775069252 384.28087190260607 214.92105739001667 52.85320873790937 202 304 350 454 6401.0 29.842082036228312 11.330244241153297 -35.38067716780017 0.9251205987732316 0.20448612108508304 15.559180084895216 0.0 13535.914830951311 7.574373 57746.23244705076 inf False 528
3886 565.9597174160824 417.3984543121427 214.91801191368597 52.851471976423795 536 593 396 444 1342.0 14.421262303724468 6.945915046601511 44.57820651028057 0.8763669426381557 0.22145058631927098 1.2436057238472416 0.0 728.1029204128952 2.7805269 1004.1642095502245 3.694394701976304 False 528
3887 654.8279533881137 449.99662121564876 214.91687482644318 52.851083752547645 571 759 391 510 4993.0 64.8733148880602 8.02625010879225 28.328246020427873 0.9923169303180298 0.19821417760549287 2.21749749047914 0.0 1978.848081048721 5.2196198 50066.61927359414 inf False 528
