outputs/dr0.5_c0.1/nircam1_detect_f277w_f356w__dr0.5_c0.1.ecsv
# %ECSV 1.0
# ---
# datatype:
# - {name: label, datatype: int64}
# - {name: xcentroid, datatype: float64}
# - {name: ycentroid, datatype: float64}
# - {name: sky_centroid.ra, unit: deg, datatype: float64}
# - {name: sky_centroid.dec, unit: deg, datatype: float64}
# - {name: bbox_xmin, datatype: int64}
# - {name: bbox_xmax, datatype: int64}
# - {name: bbox_ymin, datatype: int64}
# - {name: bbox_ymax, datatype: int64}
# - {name: area, unit: pix2, datatype: float64}
# - {name: semimajor_sigma, unit: pix, datatype: float64}
# - {name: semiminor_sigma, unit: pix, datatype: float64}
# - {name: orientation, unit: deg, datatype: float64}
# - {name: eccentricity, datatype: float64}
# - {name: min_value, datatype: float64}
# - {name: max_value, datatype: float64}
# - {name: local_background, datatype: float64}
# - {name: segment_flux, datatype: float64}
# - {name: segment_fluxerr, datatype: float32}
# - {name: kron_flux, datatype: float64}
# - {name: kron_fluxerr, datatype: float64}
# - {name: near_border, datatype: bool}
# - {name: detmap, datatype: int32}
# meta:
#   __serialized_columns__:
#     area:
#       __class__: astropy.units.quantity.Quantity
#       unit: !astropy.units.Unit {unit: pix2}
#       value: !astropy.table.SerializedColumn {name: area}
#     eccentricity:
#       __class__: astropy.units.quantity.Quantity
#       unit: !astropy.units.Unit {unit: ''}
#       value: !astropy.table.SerializedColumn {name: eccentricity}
#     orientation:
#       __class__: astropy.units.quantity.Quantity
#       unit: &id001 !astropy.units.Unit {unit: deg}
#       value: !astropy.table.SerializedColumn {name: orientation}
#     semimajor_sigma:
#       __class__: astropy.units.quantity.Quantity
#       unit: !astropy.units.Unit {unit: pix}
#       value: !astropy.table.SerializedColumn {name: semimajor_sigma}
#     semiminor_sigma:
#       __class__: astropy.units.quantity.Quantity
#       unit: !astropy.units.Unit {unit: pix}
#       value: !astropy.table.SerializedColumn {name: semiminor_sigma}
#     sky_centroid:
#       __class__: astropy.coordinates.sky_coordinate.SkyCoord
#       dec: !astropy.table.SerializedColumn
#         __class__: astropy.coordinates.angles.Latitude
#         unit: *id001
#         value: !astropy.table.SerializedColumn {name: sky_centroid.dec}
#       frame: icrs
#       ra: !astropy.table.SerializedColumn
#         __class__: astropy.coordinates.angles.Longitude
#         unit: *id001
#         value: !astropy.table.SerializedColumn {name: sky_centroid.ra}
#         wrap_angle: !astropy.coordinates.Angle
#           unit: *id001
#           value: 360.0
#       representation_type: spherical
#   astropy version: '5.1'
#   make_catalog parameters:
#     ab_zpt: 31.4
#     coadd_bands: !!python/tuple [f277w, f356w]
#     deblend_contrast: 0.001
#     deblend_nlevels: 32
#     deblend_npixels: 1
#     detect_kernel_fwhm: 4.0
#     detect_kernel_npix: 7
#     detect_npixels: 4
#     detect_threshold_nsigma: 3.0
#     flag_isolated_buffer: 4
#     hst_bands: !!python/tuple [f606w, f814w, f125w, f140w, f160w]
#     jwst_bands: !!python/tuple [f115w, f150w, f200w, f277w, f356w, f410m, f444w]
#     near_border_kernelsize: 21
#     reference_band: f200w
#   make_catalog version: 1.4.0
#   photutils version: 1.5.0
# schema: astropy-2.0
label xcentroid ycentroid sky_centroid.ra sky_centroid.dec bbox_xmin bbox_xmax bbox_ymin bbox_ymax area semimajor_sigma semiminor_sigma orientation eccentricity min_value max_value local_background segment_flux segment_fluxerr kron_flux kron_fluxerr near_border detmap
[from data line 2539]
2540 8822.996925185016 3069.7114463833304 214.94473187980614 52.958871968839766 8822 8824 3069 3071 7.0 0.750892210341223 0.6909982432367637 -0.5550311080724533 0.39136327900110796 0.2550614494320779 0.28603684084936437 0.0 1.8740996640884582 0.2183962 13.493822732602 0.9383289620121371 False 257
2541 7204.555557783859 3073.595818605622 214.95920387042472 52.969163548516875 7199 7210 3070 3077 73.0 2.4750328770661123 1.8751132338353698 -1.2038462638541254 0.6527058286554682 0.24196225047333983 0.8079969210515979 0.0 33.822931459662676 0.6899984 57.01359781669296 1.6616730494780325 False 260
2542 358.78794877823304 3076.137095401715 215.02064069041495 53.01260067726422 356 361 3073 3079 30.0 1.7225715333758598 1.2861712140344908 75.80693341683684 0.6652085032965406 0.2114903376211715 0.3257991592777755 0.0 8.066802355824143 0.3985688 28.52243247434666 1.3746593495741835 False 544
2543 476.21728619821755 3078.027915477622 215.0195654040396 53.0118663046619 473 479 3073 3084 61.0 2.865326616949073 1.5462752904664465 -78.15620547578847 0.8418890701287511 0.20227464921167057 0.36726632241101537 0.0 16.518665683452728 0.54186934 48.48408377081545 1.8248710111390867 False 544
2544 722.2119669591086 3084.250431940296 215.01728914349601 53.01034011401149 711 733 3074 3095 365.0 4.485455246749742 4.023369849299937 -21.0907848075953 0.4420683194677544 0.2053728403039911 2.2724787412359824 0.0 254.49455516461683 1.442712 337.73450187934077 2.6980326487733777 False 544
2545 9878.672616148819 3077.00900449591 214.93519222883288 52.952211116742816 9876 9881 3074 3080 26.0 1.6738535773239867 1.1923818180547618 48.167564505114335 0.7018169807604612 0.2392535653713703 0.3160507081006361 0.0 7.1815466530025365 0.4055479 36.62287710707149 1.6504942502844202 False 257
2546 9629.615894615536 3075.781081341074 214.93743737297143 52.953785291121434 9629 9630 3075 3077 5.0 0.7548379118673081 0.4512484902449713 72.54532742846538 0.8016389737275506 0.27879956899842284 0.33529919579603124 0.0 1.5241455671763908 0.21269588 9.140569551464885 0.7940772118982529 False 257
2547 7131.680314125867 3078.7405465556362 214.95980331348372 52.96965376252488 7130 7133 3077 3080 12.0 1.0170490007645536 0.8944916657305678 18.181707240615093 0.4759042111922494 0.23596933159192982 0.2898570687450022 0.0 3.130111431786808 0.27183172 16.594249701683403 1.0607263188657376 False 260
2548 9392.144777788055 3081.892817135518 214.93950150469936 52.955325524326106 9389 9395 3077 3086 57.0 2.438156104317617 1.6440148229591847 -70.83823519710072 0.738470193360024 0.2585252414962326 0.5290430562473375 0.0 21.46541801328462 0.65208745 63.856681682910164 2.1856044377447748 False 257
2549 9328.470524370436 3078.500491125204 214.94010800002692 52.95571133997565 9328 9329 3078 3079 4.0 0.500005375253434 0.4991248048088726 -85.4172617519449 0.05932235971194975 0.26983043080274927 0.30422388947438317 0.0 1.147720496844729 0.18385491 7.63836246955371 0.7181132981859707 False 257
2550 5983.473160553646 3096.2186106304225 214.9699197597329 52.977033562295304 5972 6017 3079 3115 1065.0 9.277667310574278 6.61459305527057 -5.3281384121162825 0.7012060892663061 0.2487732850518636 6.597719448330089 0.0 1847.1465029953179 6.538109 2258.8670760746527 25331392.939515326 False 4
2551 3286.6879944304114 3083.0415653469386 214.9942651863797 52.99406994115643 3284 3289 3080 3086 34.0 1.669146548256648 1.4829951878398557 65.53306216549298 0.4589247787374187 0.2164567181707922 0.3628287069548404 0.0 9.583305192994416 0.43025604 26.34451691849719 1.3971891824980587 False 640
2552 3475.26636888307 3089.782310162843 214.9925008350094 52.99291025123932 3467 3484 3080 3099 282.0 3.826231179229912 3.4179823823220254 -76.62568872876648 0.44945567968396694 0.22299341665283715 3.1467067518019065 0.0 250.85703008948246 1.3543451 306.7334496500904 2.353820886363605 False 640
2553 4035.7847460256876 3084.645336402608 214.98752241067007 52.98932706789605 4034 4038 3083 3086 18.0 1.3764550583275286 0.9930109237622704 18.247870954081048 0.6924911895707352 0.2158792578232986 0.29320769152051906 0.0 4.662550348217123 0.3249847 19.633650353515215 1.1766498808413357 False 640
2554 2220.993787873328 3091.627912909431 215.00374573401234 53.00087542234816 2217 2225 3085 3098 100.0 3.415893091692145 2.0637751451382127 71.17169871533858 0.7968565580865086 0.2270500595238065 0.4642624787251428 0.0 32.66198573935124 0.74360126 65.24065623986735 2.001714796394075 False 544
2555 2812.4991309090346 3088.297724889322 214.9984681327904 52.99710594626498 2810 2815 3085 3092 37.0 1.7002769995520681 1.500472468757047 -86.94989549031959 0.4703366560262033 0.21239753589173532 0.47463620935006634 0.0 12.268961435920309 0.43636772 26.573783283261683 1.252240043838141 False 640
2556 2853.7759261382503 3091.66860497002 214.99806191011768 52.99686236982354 2847 2860 3085 3099 159.0 3.7821647696704455 2.5696713954082178 46.1050567514528 0.7337513037784934 0.21066329752082757 0.8912076586955131 0.0 71.14548412151404 0.9222396 103.97114402918535 1.950570637015489 False 640
2557 9076.635326518808 3096.054520001187 214.94218053222647 52.957404482668004 9066 9092 3086 3105 321.0 6.506042097257335 3.4824069935873636 32.437570032721375 0.8446890232318844 0.24008869074482514 1.707810262289302 0.0 195.63887133847172 1.5363759 297.66496713376216 3.6130705871550415 False 257
2558 2149.798778572225 3092.3844029496618 215.00437727259873 53.00133103227349 2148 2152 3091 3094 16.0 1.3931817487867229 0.8632849765914808 -31.998196104705656 0.7848783097759159 0.21402367557599702 0.25216174022487936 0.0 3.725646947110069 0.2876526 27.03066071807733 1.2746699892644233 False 544
2559 2265.622326199152 3093.6947830846966 215.00332308221215 53.00060355801479 2263 2269 3091 3097 32.0 2.0300191247869894 1.2252661256765278 -50.761309337655916 0.7973072216158035 0.21953818733677122 0.2554659514931789 0.0 7.553090435857761 0.41063985 81.48345057299771 1.8699396719681602 False 544
2560 6061.138985188892 3102.274686065461 214.96915909566843 52.97657351883032 6054 6069 3091 3115 302.0 4.950523826753284 2.9677645046013397 -68.61706147734976 0.8003860322202563 0.2108122274244441 2.582634706323736 0.0 230.5623537299526 1.323098 297.61840382073626 2.4767343607596093 False 260
2561 672.5639692418988 3095.2500339129747 215.01761937591272 53.01071440579236 671 674 3094 3097 12.0 1.0799375513827836 0.8314909328492365 -30.404038057303005 0.6381120256262451 0.20971253591957995 0.26291891034122056 0.0 2.8397658134018116 0.24427804 15.061802374744717 0.9857207441388087 False 544
2562 9667.801134846812 3097.0000944256694 214.93687157183635 52.95365750399309 9666 9669 3096 3098 10.0 0.9637163631946473 0.7703949524532878 -0.5619700613088153 0.6007990411481335 0.24471477832768365 0.28246584956423193 0.0 2.6260044287695274 0.25453305 19.423749066998397 1.0861181522239138 False 257
2563 9950.671577264242 3102.8588190308574 214.93427462391034 52.9518936971213 9947 9955 3099 3107 68.0 2.000602979838114 1.9455153551890818 51.05866449737923 0.23305110371925816 0.2321273053169586 1.345746654615839 0.0 43.27350773544398 0.695243 56.69227580361019 1.331298180953732 False 257
2564 7912.2255527350935 3101.5228936023777 214.95256295151998 52.96482374457292 7911 7914 3100 3103 14.0 1.0069395769529987 0.979308557163148 -88.08418144913877 0.23265468225536534 0.32802657298607735 0.5576876304474314 0.0 5.95985300005984 0.40034458 14.958351687714485 1.052140594943546 False 260
2565 10098.188367715793 3120.8287708377998 214.93276327155885 52.951054380599686 10075 10123 3100 3140 1466.0 5.820129488053452 5.406318139865214 5.60428845291673 0.37033071057519656 0.22487489271531846 45.793710317787415 0.0 3921.000037301589 3.5017643 3848.307113764343 3.2751278982509713 False 257
2566 1747.6791620929544 3114.193869361222 215.00775972777754 53.00399912298866 1739 1757 3101 3131 399.0 6.778597697839249 3.120332842803794 70.88863359849718 0.8877523917953493 0.21249369814354552 1.951040118099688 0.0 273.0773765870663 1.5494987 363.9472705131042 2.9730592468580896 False 544
2567 8957.699332583265 3130.2085791061486 214.9428869050651 52.958343774848686 8932 8981 3103 3148 1321.0 9.82996917290173 5.444095075429118 -30.066762997349006 0.832632255156809 0.23801780661878125 12.997687612020773 0.0 2493.552412701469 3.482124 2590.2805207671177 4.241409422989737 False 257
2568 9220.468150453102 3107.4588769235643 214.94077103040956 52.956553193501 9218 9223 3105 3110 32.0 1.5070889138983445 1.496480569292116 -56.55978803677776 0.11844146647687892 0.24289742549419813 0.4375023150753011 0.0 10.514625441405638 0.4653315 27.85206674586458 1.4738188287758245 False 257
2569 9338.406719429826 3106.77155470484 214.9397210845159 52.95580094114775 9338 9339 3106 3108 5.0 0.7475533905778626 0.45433748546474484 -71.66422918891033 0.794116218274832 0.2838993498069927 0.3515564502273179 0.0 1.633004563684159 0.21468715 7.766223590227276 0.7816616076731874 False 257
2570 9394.728381710327 3124.1737341096346 214.93903289536462 52.95553744299348 9376 9413 3106 3142 949.0 5.411889595700053 4.230757665596112 -49.52637114101886 0.6235889585679872 0.2469956130849161 32.872871287214984 0.0 3101.677125290713 3.1791048 3079.9022206644 3.1014991613689125 False 257
2571 3387.714363177023 3119.8325181055347 214.9929703157419 52.993627996156846 3369 3406 3110 3130 616.0 6.976238931838742 3.701569662480002 6.727532380266485 0.8476243833649445 0.22005944216409107 5.1608353955197925 0.0 738.6035244408224 2.0184355 817.7602172046303 2.8904373392851634 False 640
2572 8582.96321741929 3120.490725086948 214.94634887831816 52.96066957113695 8573 8594 3110 3131 346.0 5.41100153307159 3.0826281329575838 -43.405428412764735 0.8218552205702407 0.24431432580197357 3.18636865740745 0.0 318.40977909331144 1.6686167 386.4437419917567 2.828301124006215 False 257
2573 8160.627035678887 3114.990199262469 214.9501936070866 52.96332011994459 8159 8163 3113 3117 21.0 1.3290017916517667 1.1741002498885729 89.30687353069052 0.4685345062703752 0.23682168696735115 0.3525022657184373 0.0 6.096650975738627 0.36395547 20.901586578366935 1.2851676634694786 False 256
2574 6326.038207986718 3119.3309303371743 214.96660270512885 52.9749849395706 6321 6331 3114 3125 106.0 2.6709133201671387 2.444823126758895 55.9635161340734 0.4026569039304824 0.21856406313073184 0.8813178607894788 0.0 47.944485173108944 0.75888306 73.28111239115422 1.654344304193114 False 260
2575 6744.116078998473 3117.110192980371 214.96287549393077 52.972320233109585 6742 6746 3115 3119 22.0 1.3373356854132017 1.2067713752129778 48.22352492618554 0.4309625154839888 0.23435824359211557 0.32753302402862705 0.0 6.065312346979335 0.3574486 22.32536513200698 1.2475331747127159 False 260
2576 9256.500593041386 3115.5078343435152 214.94036323552652 52.95636796638766 9256 9257 3115 3116 4.0 0.5003014929210513 0.49963655545262825 -42.36694539061117 0.05154008742932543 0.31095458780766067 0.32170630487738816 0.0 1.266824343901946 0.19667746 6.9491755731147755 0.7260792085830808 False 257
2577 7374.76384824304 3122.928025900988 214.9571574706828 52.968349965795554 7364 7386 3116 3131 258.0 5.049228280110484 2.8817553463304773 -21.632304734543105 0.8211365093187228 0.22381559925340375 1.5493718553707623 0.0 169.8909448440748 1.3006084 213.3385878729738 2.3731497196019893 False 260
2578 4428.900032263566 3119.334386271208 214.98362781810036 52.98702083035118 4428 4430 3118 3121 9.0 0.9604326444356776 0.6966303362093613 68.40675852948792 0.6884016303164879 0.22614686578073775 0.2511011157670413 0.0 2.1486009690012224 0.22509041 21.66238875767989 0.9512273559845674 False 640
2579 8202.230818055088 3125.8022373674153 214.9497066397092 52.96311449185439 8195 8209 3119 3132 156.0 3.5085688930995818 2.5267992521603815 -39.68183375185397 0.6937878240772127 0.23370328000796664 1.4243691694468223 0.0 97.23966114229438 1.0777463 133.92010385042278 2.093149691177114 False 257
2580 1761.1646965330956 3122.1879026450547 215.00755433126065 53.003956816958066 1759 1763 3121 3124 15.0 1.29383362024711 0.878228386913295 -10.525784914817079 0.7343416843211021 0.22446683613395202 0.27810452555193327 0.0 3.6957628329249417 0.28466886 23.88595839687602 1.165255357493619 False 544
2581 1983.5728702813262 3123.3017752098804 215.0055446255095 53.00255236232651 1981 1986 3121 3126 28.0 1.5414840709784243 1.3460807970772164 -57.61008689307132 0.4872958932166757 0.20911409603479808 0.3231010572144553 0.0 7.415136769995447 0.38542387 37.721211056068356 1.4835564936007617 False 544
2582 906.2260613864862 3127.768841991186 215.01517692390638 53.00940855654671 901 912 3123 3132 95.0 2.6526675704405918 2.258442371820273 -13.307035224023881 0.5245406988690523 0.2176337599575174 0.7879462964419195 0.0 40.814540150234826 0.7642827 66.1438715879896 1.7145441395073358 False 544
2583 4445.01517370386 3135.6226486044798 214.98331151882448 52.98700662242364 4430 4462 3124 3147 502.0 7.109810734627751 3.323965612059413 26.426659868299893 0.8839834686077368 0.21479346522374004 3.4507948463868225 0.0 458.80639394230263 1.9142772 625.8434875314101 3.839768370810974 False 640
2584 9074.02010061774 3132.9386560320627 214.94181537695584 52.95762026377278 9068 9080 3126 3140 141.0 3.5066550994714802 2.484561869596363 -64.11122639839814 0.705683116615306 0.23242115826808118 1.1228289941941996 0.0 75.21071674477946 0.9862122 127.97436510172666 2.5255358193784216 False 257
2585 979.1747699258037 3129.647516902347 215.0145016234774 53.00895613118093 977 981 3127 3132 24.0 1.490286154310411 1.2409322666994183 66.51995648203751 0.5537536752581439 0.21282145693662677 0.27786910753645794 0.0 5.8617358679119205 0.34926516 31.112523732150166 1.4686197051891743 False 544
2586 8026.7961761391225 3127.401309083924 214.95126290188148 52.96423645312881 8026 8028 3127 3128 5.0 0.7737187801944786 0.4467388140956407 -18.62032335887167 0.8164672721225411 0.252762577543307 0.2587776932876385 0.0 1.2776223204288946 0.18570843 20.260698523931772 0.8616220032891988 False 260
2587 6059.52761228896 3132.395408323542 214.96885617272443 52.976746473112875 6055 6064 3128 3137 62.0 2.58450931973158 1.6654080609741662 42.55134355621493 0.76470480936589 0.20256893196788564 0.46122149608455143 0.0 19.31268900998102 0.55727893 51.80003102081025 1.7973656062424477 False 260
2588 8785.373722145567 3133.851736373318 214.9443934103039 52.959457133169074 8779 8793 3129 3139 130.0 3.238757388152169 2.3463268400719746 14.623233129961239 0.6893244147402173 0.2478292907134401 1.294124444803811 0.0 77.52745246697886 1.0017128 106.58658395991458 1.898239466141159 False 257
2589 4265.006653450505 3130.989743993559 214.98497624004162 52.9881234776023 4264 4266 3130 3132 7.0 0.9215453555859259 0.5340296569767037 -45.21645659846767 0.814976773144337 0.20785240570161206 0.2208990072047437 0.0 1.49755642086454 0.18437172 15.923804534979574 0.8088344001728922 False 640
2590 8093.3558094469 3136.268173873948 214.95057263432386 52.963861951742295 8087 8101 3132 3141 116.0 3.2491495574513696 2.1408195531997 -18.25649477681039 0.7522426986222335 0.24013737234134752 1.1020324224172888 0.0 63.54967011258926 0.89720815 94.79224521472321 1.9953935011108896 False 260
2591 1982.3189155471077 3136.081834056986 215.00542120462146 53.00262940157191 1981 1984 3134 3138 13.0 1.202017203075851 0.8717206059202309 -75.05381492256049 0.6885227416607815 0.2184303029020211 0.2592730530766992 0.0 3.0823703610057116 0.26354048 26.874631357002635 1.1500631085797128 False 544
