outputs/dr0.5_c0.1/nircam6_matched_f150w_f277w_dr0.5_c0.1.ecsv
# %ECSV 1.0
# ---
# datatype:
# - {name: label, datatype: int64}
# - {name: xcentroid, datatype: float64}
# - {name: ycentroid, datatype: float64}
# - {name: sky_centroid.ra, unit: deg, datatype: float64}
# - {name: sky_centroid.dec, unit: deg, datatype: float64}
# - {name: bbox_xmin, datatype: int64}
# - {name: bbox_xmax, datatype: int64}
# - {name: bbox_ymin, datatype: int64}
# - {name: bbox_ymax, datatype: int64}
# - {name: area, unit: pix2, datatype: float64}
# - {name: semimajor_sigma, unit: pix, datatype: float64}
# - {name: semiminor_sigma, unit: pix, datatype: float64}
# - {name: orientation, unit: deg, datatype: float64}
# - {name: eccentricity, datatype: float64}
# - {name: min_value, datatype: float64}
# - {name: max_value, datatype: float64}
# - {name: local_background, datatype: float64}
# - {name: segment_flux, datatype: float64}
# - {name: segment_fluxerr, datatype: float32}
# - {name: kron_flux, datatype: float64}
# - {name: kron_fluxerr, datatype: float64}
# - {name: kron_radius, unit: pix, datatype: float64}
# - {name: gini, datatype: float64}
# - {name: equivalent_radius, unit: pix, datatype: float64}
# - {name: kron4_2_flux, datatype: float64}
# - {name: kron4_2_fluxerr, datatype: float64}
# - {name: kron4_2_mag, datatype: float64}
# meta:
#   PHOTMJSR: 2.251199960708618
#   PIXAR_SR: 2.11539874851881e-14
#   __serialized_columns__:
#     area:
#       __class__: astropy.units.quantity.Quantity
#       unit: !astropy.units.Unit {unit: pix2}
#       value: !astropy.table.SerializedColumn {name: area}
#     eccentricity:
#       __class__: astropy.units.quantity.Quantity
#       unit: !astropy.units.Unit {unit: ''}
#       value: !astropy.table.SerializedColumn {name: eccentricity}
#     equivalent_radius:
#       __class__: astropy.units.quantity.Quantity
#       unit: !astropy.units.Unit {unit: pix}
#       value: !astropy.table.SerializedColumn {name: equivalent_radius}
#     kron_radius:
#       __class__: astropy.units.quantity.Quantity
#       unit: !astropy.units.Unit {unit: pix}
#       value: !astropy.table.SerializedColumn {name: kron_radius}
#     orientation:
#       __class__: astropy.units.quantity.Quantity
#       unit: &id001 !astropy.units.Unit {unit: deg}
#       value: !astropy.table.SerializedColumn {name: orientation}
#     semimajor_sigma:
#       __class__: astropy.units.quantity.Quantity
#       unit: !astropy.units.Unit {unit: pix}
#       value: !astropy.table.SerializedColumn {name: semimajor_sigma}
#     semiminor_sigma:
#       __class__: astropy.units.quantity.Quantity
#       unit: !astropy.units.Unit {unit: pix}
#       value: !astropy.table.SerializedColumn {name: semiminor_sigma}
#     sky_centroid:
#       __class__: astropy.coordinates.sky_coordinate.SkyCoord
#       dec: !astropy.table.SerializedColumn
#         __class__: astropy.coordinates.angles.Latitude
#         unit: *id001
#         value: !astropy.table.SerializedColumn {name: sky_centroid.dec}
#       frame: icrs
#       ra: !astropy.table.SerializedColumn
#         __class__: astropy.coordinates.angles.Longitude
#         unit: *id001
#         value: !astropy.table.SerializedColumn {name: sky_centroid.ra}
#         wrap_angle: !astropy.coordinates.Angle
#           unit: *id001
#           value: 360.0
#       representation_type: spherical
#   astropy version: '5.1'
#   kernelfile: kernel_f150w_f277w.fits
#   make_catalog parameters:
#     ab_zpt: 31.4
#     coadd_bands: !!python/tuple [f277w, f356w]
#     deblend_contrast: 0.001
#     deblend_nlevels: 32
#     deblend_npixels: 1
#     detect_kernel_fwhm: 4.0
#     detect_kernel_npix: 7
#     detect_npixels: 4
#     detect_threshold_nsigma: 3.0
#     flag_isolated_buffer: 4
#     hst_bands: !!python/tuple [f606w, f814w, f125w, f140w, f160w]
#     jwst_bands: !!python/tuple [f115w, f150w, f200w, f277w, f356w, f410m, f444w]
#     near_border_kernelsize: 21
#     reference_band: f200w
#   make_catalog version: 1.4.0
#   photutils version: 1.5.0
# schema: astropy-2.0
label xcentroid ycentroid sky_centroid.ra sky_centroid.dec bbox_xmin bbox_xmax bbox_ymin bbox_ymax area semimajor_sigma semiminor_sigma orientation eccentricity min_value max_value local_background segment_flux segment_fluxerr kron_flux kron_fluxerr kron_radius gini equivalent_radius kron4_2_flux kron4_2_fluxerr kron4_2_mag
[from data line 1521]
1522 1051.14864765071 1972.531870724991 214.89732324868754 52.856784728928254 1048 1055 1968 1977 58.0 2.0935791961406696 1.6388596303918368 -71.40655549353146 0.6222698739543084 0.13241906627723857 0.9338130547389079 0.0 25.457364166063503 2.4078 46.85834755180746 6.162784045240839 2.4945693975828704 0.271921722056614 4.296739856991561 56.58956243295201 9.81053790851727 27.01815916035911
1523 7292.4377827210865 1974.0122041228453 214.84157956765497 52.817146579839935 7287 7298 1969 1978 87.0 2.593652396279436 1.8593276860639423 25.876769871022333 0.6972004784749767 0.11060006251276001 1.1743375516722558 0.0 39.63151388516289 2.5372133 56.0087923808157 5.110918455071467 1.9318597280256955 0.31574752449035687 5.262410103554244 57.59377592172209 8.30060909785213 26.99906111908541
1524 3338.4658506819906 1971.457949791283 214.8768994100076 52.84225239494699 3337 3340 1970 1973 13.0 0.9371426237575023 0.8850472024127843 64.53898098773504 0.3287690259916384 0.051541706149316434 0.32290613341291985 0.0 2.768141501606612 1.047231 10.00058436319708 3.461631738705403 2.991941176138271 0.22690138750294941 2.0342144725641096 18.372824254140834 5.526586601089885 28.23956019800639
1525 3561.0469982174 1975.4605682457254 214.8748694856712 52.840860206585994 3554 3568 1970 1981 124.0 3.7840163960930995 2.1503574311985334 -29.2069642924143 0.8228395176799002 0.15947585661886504 0.6880584885793071 0.0 46.27138835030885 3.5175078 91.16305221898068 9.378740364701487 2.3703829665390046 0.20696442103722668 6.282549314314218 102.36866701305667 14.937973002257115 26.37458237953442
1526 7191.046459689268 1985.6726136485984 214.84236147284292 52.8178537165298 7180 7201 1970 1998 401.0 6.57986931522601 3.072936249578272 57.45727500732375 0.884246296581558 0.10668698490506616 2.31222423118166 0.0 260.23599443206564 5.6744995 346.93533616320804 10.952751479233353 1.982853983494786 0.39161086415385793 11.297887606083718 381.4981288195585 17.205357157650116 24.94626896960259
1527 3463.5901038375478 1972.6908604337384 214.8757689659344 52.8414642918936 3462 3466 1971 1974 15.0 1.2922895264715344 0.8877136617465025 29.996394585431567 0.7267226987874423 0.2198260341986854 0.4579936009549563 0.0 5.334966733158904 1.122227 90.45574438148728 5.463063438130969 3.869961434169883 0.12180755594625868 2.1850968611841584 163.35882339043098 8.779471496877548 25.867143508247025
1528 10204.440900413905 1973.3476616086623 214.81562021889408 52.79863634714834 10202 10207 1971 1976 30.0 1.474232329474995 1.318872157908306 -28.170769203266737 0.44683533227076877 0.2099132735905454 0.6836910486152162 0.0 12.55759353022529 1.6081265 25.415625942364954 4.365413694798328 2.4005468554451497 0.18849105021076323 3.0901936161855166 25.134497278595543 6.934361807509433 27.899324491955618
1529 975.5618319628323 1977.226073012531 214.8979494143675 52.85729004540994 971 980 1974 1981 67.0 2.3835312776363864 1.7626597446944687 -16.188831278164738 0.6731388742511746 0.18149328572685258 0.7031340067657726 0.0 26.347652143526012 2.4120703 43.970786825989556 6.187842684572053 2.2926291757682042 0.22164438573291298 4.61809077155419 43.13650505550433 10.105016896262882 27.312887611493238
1530 3447.2678712471106 1974.3992088421808 214.87589677212154 52.8415771822466 3446 3448 1974 1975 5.0 0.7605719026182051 0.45297315634840557 17.74009184382271 0.8033040493637892 0.25888748263948297 0.33722215783535553 0.0 1.4891560528278136 0.6471084 21.176768240818348 3.0155553349257125 3.913121785671023 0.06826682602036245 1.2615662610100802 49.05538276023781 4.849918744711183 27.17328332826319
1531 9439.000121138772 1979.0194997572555 214.82238388423028 52.803532070010256 9438 9440 1978 1981 10.0 0.9402661409812921 0.7896166380198584 -63.91791741540464 0.5429269399157526 0.22631916373779287 0.5028598749784711 0.0 4.1105008112326455 0.9242119 25.66185031395893 3.846195269018347 3.3530643787323755 0.12634783834804272 1.7841241161527712 33.90807313001171 6.128941198297097 27.57424222216196
1532 6216.854222092471 1982.5961154499207 214.8510858838877 52.82402708826583 6213 6221 1980 1986 52.0 2.056096030280962 1.5436055662475128 -11.44750170999147 0.6605911485619822 0.14303674777949899 0.7925403585815015 0.0 21.796231476154254 2.0168781 34.350106723856506 4.610748800706781 2.0942953470937264 0.2438191267732104 4.068428945128219 36.18634709568428 7.362235398167627 27.503638138544613
1533 7848.938190232458 1988.335892073065 214.83646494589067 52.813687509114594 7839 7860 1981 1994 233.0 4.432327387484885 2.4317510396834154 12.28021241441103 0.8360588569997047 0.055380890772850085 3.192273295465268 0.0 192.156906067896 4.343811 219.9004511737441 6.990942864310708 1.7388318255357444 0.4308333472513284 8.611980229936854 238.09256888381657 11.039517397531542 25.458135397912788
1534 9801.947299019193 1986.1917074000419 214.81907290795894 52.80126387309404 9796 9808 1981 1992 120.0 3.078758478320167 2.1567083893310715 40.53070870893675 0.7136402620094882 0.06317284774804967 1.095711318071975 0.0 41.786271365329796 3.2366033 69.55182804101074 8.025657919686923 2.369933609633273 0.34637959421592407 6.180387232371033 89.77002175228166 12.807584044218935 26.51717167395531
1535 9030.370941034014 1987.3266133969964 214.82593977601493 52.80617394048731 9025 9035 1983 1991 77.0 2.507075242951173 2.014886699795459 -4.977226883387378 0.5950614734670987 0.17136551975899178 0.6700363309972719 0.0 27.051911549743807 2.6522157 125.464580709193 9.823503365166063 3.3324799401635814 0.20200340652569673 4.950743503369154 171.14343841106302 15.599159912399044 25.81659936732307
1536 3329.3557599301116 1988.064495098795 214.87680614158637 52.842399843261305 3323 3336 1984 1992 93.0 3.3853768966685673 1.8088976701752584 8.532894032690084 0.8452779719769639 0.06743719092105684 0.5059070673940809 0.0 17.611592934712156 2.8297002 69.47118176223704 9.67088698321088 3.003396317248779 0.26579469453328564 5.440847306724618 229.38987051595024 15.438599836486178 25.498564409375415
1537 7441.5022194009725 1985.432764565841 214.84012974622863 52.81626093949645 7441 7442 1984 1987 8.0 1.0817273929084927 0.49952370821314407 88.70372721377811 0.8869927452010062 0.19304536198919522 0.2742431742048159 0.0 1.9920073353909569 0.754752 12.62044565281261 3.093800184944435 3.530652862142303 0.062032942409217376 1.5957691216057308 14.246742476750144 5.010111798824565 28.515711064769974
1538 3202.986305352816 1986.0029616318059 214.8779564640148 52.843191375379234 3202 3204 1985 1987 5.0 0.6272566057330858 0.6232219359396471 89.5393840019195 0.11323922191594943 0.2668051461531528 0.3102141085564219 0.0 1.4233448788481229 0.66471547 11.351105747217007 2.7907817510868274 3.535357773068097 0.03344546146868974 1.2615662610100802 15.81335155507638 4.464526663114813 28.40244018481285
1539 7474.522431187876 1988.1945695282513 214.83980615616443 52.81606600384865 7472 7477 1985 1991 28.0 1.9233109757908087 1.0061225669353018 51.196858692465234 0.8522589954202026 0.23133182958682869 0.5824777774047201 0.0 11.05562820881085 1.4524276 42.46088897304516 5.329086644540845 3.122330821289005 0.15306101855508267 2.985410660720923 53.181467163730105 8.54626812665675 27.08559921394199
1540 860.6598873703794 1988.7552419223923 214.89885509221693 52.85808189539977 857 864 1986 1992 47.0 1.9345084224024272 1.7295081179062182 -11.422438306323489 0.44800755823624683 0.08622732462880611 0.23466648452949754 0.0 7.6682127298224065 2.1157377 28.7930660846906 7.221491714113624 3.0012640860419006 0.12563565336519386 3.8678889139475245 36.91679884352166 11.557588392398927 27.481939912186036
1541 7056.7563923074395 1992.0080226447908 214.8434928935785 52.81874118323576 7049 7065 1986 1998 152.0 3.629498725778703 2.140295757213675 -25.67789646187304 0.8076263321649065 0.04887114433135006 1.2977399018804294 0.0 67.9125782887078 3.3589177 85.31754925995031 6.005586675736103 1.8002837674807262 0.3683441621128892 6.955796338302048 93.00482041389634 9.639102513668956 26.47873635375219
1542 3591.760946132698 1988.0884721144814 214.87446240319423 52.84073323515049 3590 3593 1987 1989 9.0 0.9174378593445252 0.7072840130108323 23.982306838472553 0.6369150734153914 0.20498962343156532 0.3627180814850959 0.0 2.736746970164755 0.96151876 10.408284074989707 3.3855341916697927 3.0921761105823036 0.09156505070928325 1.692568750643269 12.700911485994016 5.435624317531718 28.64041277652095
1543 4008.1752664902406 1989.4659899247004 214.87072937696902 52.838095602487115 4006 4010 1987 1992 26.0 1.365371999824669 1.1885574035373658 69.9474035383781 0.49216702025398856 0.10569903909049295 0.5352600801504012 0.0 7.833433778946977 1.6029061 15.988032647050908 4.440792168772746 2.4852775640999205 0.23352946880232225 2.876813695875796 18.764634767471833 7.001469077531327 28.21664971055667
1544 8268.888508194352 1991.2621341116837 214.8326887302732 52.811034561962835 8264 8275 1987 1996 80.0 3.2205982876795263 1.6676260667995786 -36.58318493210116 0.855501649369674 0.23601665103985053 0.9368489908269799 0.0 42.58294697989642 2.5663528 85.74261754753496 7.410591672221399 2.4646098215275827 0.17675605032204192 5.046265044040321 106.30405373434047 12.524918562238193 26.333625435096096
1545 2252.4148422116104 1993.4708443575314 214.88636910582395 52.84926900938773 2246 2259 1990 1997 88.0 3.2987618015761484 1.7473921648956334 2.0778884827549335 0.8481778668061752 0.015704036347608696 0.402190451420702 0.0 18.473986441875155 inf 23.35992414814311 inf 1.4 0.23331145146075447 5.292567428401227 23.823432422052797 inf 27.95748916563803
1546 2861.301497383516 1998.284780367728 214.88087920613796 52.845427838609986 2855 2868 1990 2007 198.0 3.3493031696209483 2.4330946259445994 -78.19325968277569 0.6872214252004317 0.0656220911290518 3.560008749654089 0.0 143.23422381777385 4.185181 176.12931737944774 7.345711519014755 1.9987337850066458 0.4889380133425033 7.938851142601841 213.4266710639859 11.726938326414384 25.576878273758027
1547 1761.7048263530337 1994.94053005185 214.89073794075836 52.85239333974061 1759 1765 1992 1998 40.0 1.9215558896446792 1.4921975508013086 62.650223392453526 0.6300470837548318 0.0943344144290696 0.2784133044963853 0.0 7.760647431357437 1.8141122 62.43105041103115 7.964520018688113 3.5932054688373505 0.14778750436550744 3.5682482323055424 93.35982769088844 12.844749820361685 26.474599896288606
1548 6050.994399408093 1996.1017975809523 214.8524239783174 52.825153715552936 6048 6054 1992 2000 53.0 1.9165117908683316 1.6325298848097674 76.9439846721468 0.5238288203244075 0.18175689705536466 1.016586582967556 0.0 25.647842756348346 2.0155535 40.79212082147197 4.767782536870592 2.1614363738677502 0.2642979573063743 4.1073621666150775 48.02769893043278 7.580222477968896 27.196270551191216
1549 194.31280256434948 1999.7771541655482 214.90469528513052 52.862372550625885 191 199 1996 2004 59.0 2.1169103286389856 1.7544350117151788 38.059150476447 0.5595871256888065 0.14312451492438133 0.8444043238377765 0.0 26.615010104303416 2.1619718 48.354247040346074 5.611146914244936 2.384050698465157 0.2540733771749142 4.3336224206596095 51.73916717304594 9.05021046483925 27.11545141561718
1550 1047.2985435493626 2004.6968299580265 214.8970193837082 52.85698274912998 1036 1055 1996 2013 249.0 4.119245022204309 3.905664534406886 51.34085643040826 0.3178214719467318 0.06328438424918398 0.8105853831869445 0.0 78.64979905195949 4.886456 122.36790499594059 11.996890248123613 2.2508594264146065 0.29457548266252886 8.902761462589227 162.05852471890717 18.957620727560396 25.875820297401617
1551 780.8780262273615 2000.1086150096892 214.89944875449672 52.85864977841114 778 784 1997 2004 46.0 1.6883890579076668 1.6376643813999816 -59.04238164823604 0.24327737745881006 0.14636617428275916 0.7815913505959989 0.0 18.04555714518073 2.007978 30.063872838150026 5.070751805151307 2.337923894553238 0.2543394251890401 3.826519928662906 36.44654964529302 8.185483261758808 27.495858948950534
1552 1202.3419542707172 2001.6792015985457 214.89566551420054 52.85598190669808 1198 1208 1997 2006 83.0 2.5979695380774945 2.0144539760242584 25.886536873158533 0.6314758638383544 0.1293262957894935 0.7857271909970491 0.0 34.40412837900045 2.796939 71.76539654259336 7.876847959300065 2.5388399358625704 0.233278413474967 5.140011726956917 106.49410175568357 12.439126870616485 26.331686113095866
1553 1859.4377590340039 2001.0085642208408 214.8898008727456 52.85180541133357 1856 1863 1997 2004 49.0 1.8163324214791012 1.489260997607773 12.56884255739161 0.5724672986163063 0.016689853753583065 0.6884308885457797 0.0 15.678591121020135 1.9961902 19.543623738535455 3.647104980191783 1.7742249280829991 0.3218859732187332 3.949327084834294 19.97815356717323 5.876287869715944 28.148611632197433
1554 7290.939174563198 1999.3043897508103 214.84132701029628 52.817292461994434 7288 7294 1997 2002 35.0 1.6731924804846618 1.4090445020152242 -4.645596425887415 0.5392755805978123 0.2139800806531358 0.5808891385608034 0.0 13.359396627260457 1.6910623 25.038460501224712 4.119291455433042 2.212169243322402 0.16026403733091024 3.3377905890622728 19.97036562268641 6.539508183316056 28.149034959698355
1555 10120.03521819362 2003.0507065048464 214.81606028686215 52.79933292394244 10115 10125 1997 2009 123.0 2.6127606365770153 2.2622885597069162 -89.57021330613449 0.5002839705582779 0.11132642223134989 2.219085160794799 0.0 81.08702090673202 3.276933 96.37443839039602 5.342418168043489 1.6907902881835541 0.40050084891769666 6.257165172872317 100.45412353883842 8.443846224732935 26.395080578015882
1556 1266.9659194040726 2009.2411942822905 214.89500846773802 52.85561233136071 1257 1277 1999 2019 307.0 4.60149200191084 3.097727734452019 -40.75897035076297 0.7394597953412828 0.11883013953885888 2.6949123703733555 0.0 203.14520360896023 5.3444886 254.90391194810587 8.858576007183249 1.8104047790939821 0.42807179758543495 9.885400096021595 269.94318204945205 14.019299478815675 25.32181909255717
1557 9037.922309270354 2009.4242316033503 214.82564012414466 52.806245053504185 9028 9048 1999 2019 350.0 3.863329244724137 3.700895206663422 87.25890996589949 0.2869187977288985 0.11251818395282122 5.006709849260888 0.0 381.4112742250411 5.706795 452.4094153355019 9.652768578878304 1.9381437337433123 0.493212321495359 10.55502061411188 540.5158572454588 15.239494385243665 24.56797890130174
1558 1080.36593806577 2004.9463422780682 214.89672123480437 52.8567741118857 1072 1089 2000 2009 142.0 4.288248695588829 2.1266793079837365 -10.34137194719254 0.8683614190528249 0.14042151822998547 0.830186410242915 0.0 57.401968507999776 3.5695262 108.81770448690995 9.742257650173158 2.431682976805396 0.21493771120129407 6.723094811029982 149.38965906450363 15.51485066267315 25.964198659692727
1559 3348.8639461841585 2012.7928105274152 214.8763718716175 52.84240932937155 3337 3361 2002 2023 439.0 3.964422269290325 3.5369439000222793 13.688251385351647 0.45169714723303434 0.11700160922201812 9.973167272289155 0.0 563.4483874689367 6.563162 598.9787810581838 8.545746839815962 1.692473970634541 0.604124820289656 11.821084554078958 694.51650508355 13.382702664801267 24.2957935721466
1560 9273.951056331945 2006.7095199605415 214.82356425073263 52.80473031758896 9270 9279 2002 2011 69.0 2.7294052804688795 1.6898050304769447 -32.40746802766821 0.7853034317437384 0.0677358401286665 0.4265939817635062 0.0 16.455243391556152 2.4801435 32.81092332413631 6.4553899763723095 2.3017215352226104 0.25488480044434264 4.686510657907603 51.84989969143353 10.284613322432858 27.113130198645354
