outputs/dr0.5_c0.1/nircam3_f150w_dr0.5_c0.1.ecsv
# %ECSV 1.0
# ---
# datatype:
# - {name: label, datatype: int64}
# - {name: xcentroid, datatype: float64}
# - {name: ycentroid, datatype: float64}
# - {name: sky_centroid.ra, unit: deg, datatype: float64}
# - {name: sky_centroid.dec, unit: deg, datatype: float64}
# - {name: bbox_xmin, datatype: int64}
# - {name: bbox_xmax, datatype: int64}
# - {name: bbox_ymin, datatype: int64}
# - {name: bbox_ymax, datatype: int64}
# - {name: area, unit: pix2, datatype: float64}
# - {name: semimajor_sigma, unit: pix, datatype: float64}
# - {name: semiminor_sigma, unit: pix, datatype: float64}
# - {name: orientation, unit: deg, datatype: float64}
# - {name: eccentricity, datatype: float64}
# - {name: min_value, datatype: float64}
# - {name: max_value, datatype: float64}
# - {name: local_background, datatype: float64}
# - {name: segment_flux, datatype: float64}
# - {name: segment_fluxerr, datatype: float32}
# - {name: kron_flux, datatype: float64}
# - {name: kron_fluxerr, datatype: float64}
# - {name: kron_radius, unit: pix, datatype: float64}
# - {name: gini, datatype: float64}
# - {name: equivalent_radius, unit: pix, datatype: float64}
# - {name: kron4_2_flux, datatype: float64}
# - {name: kron4_2_fluxerr, datatype: float64}
# - {name: radius_kron20, unit: pix, datatype: float64}
# - {name: radius_kron50, unit: pix, datatype: float64}
# - {name: radius_kron80, unit: pix, datatype: float64}
# - {name: near_border, datatype: bool}
# meta:
#   PHOTMJSR: 2.251199960708618
#   PIXAR_SR: 2.11539874851881e-14
#   __serialized_columns__:
#     area:
#       __class__: astropy.units.quantity.Quantity
#       unit: !astropy.units.Unit {unit: pix2}
#       value: !astropy.table.SerializedColumn {name: area}
#     eccentricity:
#       __class__: astropy.units.quantity.Quantity
#       unit: !astropy.units.Unit {unit: ''}
#       value: !astropy.table.SerializedColumn {name: eccentricity}
#     equivalent_radius:
#       __class__: astropy.units.quantity.Quantity
#       unit: !astropy.units.Unit {unit: pix}
#       value: !astropy.table.SerializedColumn {name: equivalent_radius}
#     kron_radius:
#       __class__: astropy.units.quantity.Quantity
#       unit: &id001 !astropy.units.Unit {unit: pix}
#       value: !astropy.table.SerializedColumn {name: kron_radius}
#     orientation:
#       __class__: astropy.units.quantity.Quantity
#       unit: &id002 !astropy.units.Unit {unit: deg}
#       value: !astropy.table.SerializedColumn {name: orientation}
#     radius_kron20:
#       __class__: astropy.units.quantity.Quantity
#       unit: *id001
#       value: !astropy.table.SerializedColumn {name: radius_kron20}
#     radius_kron50:
#       __class__: astropy.units.quantity.Quantity
#       unit: *id001
#       value: !astropy.table.SerializedColumn {name: radius_kron50}
#     radius_kron80:
#       __class__: astropy.units.quantity.Quantity
#       unit: *id001
#       value: !astropy.table.SerializedColumn {name: radius_kron80}
#     semimajor_sigma:
#       __class__: astropy.units.quantity.Quantity
#       unit: !astropy.units.Unit {unit: pix}
#       value: !astropy.table.SerializedColumn {name: semimajor_sigma}
#     semiminor_sigma:
#       __class__: astropy.units.quantity.Quantity
#       unit: !astropy.units.Unit {unit: pix}
#       value: !astropy.table.SerializedColumn {name: semiminor_sigma}
#     sky_centroid:
#       __class__: astropy.coordinates.sky_coordinate.SkyCoord
#       dec: !astropy.table.SerializedColumn
#         __class__: astropy.coordinates.angles.Latitude
#         unit: *id002
#         value: !astropy.table.SerializedColumn {name: sky_centroid.dec}
#       frame: icrs
#       ra: !astropy.table.SerializedColumn
#         __class__: astropy.coordinates.angles.Longitude
#         unit: *id002
#         value: !astropy.table.SerializedColumn {name: sky_centroid.ra}
#         wrap_angle: !astropy.coordinates.Angle
#           unit: *id002
#           value: 360.0
#       representation_type: spherical
#   astropy version: '5.1'
#   make_catalog parameters:
#     ab_zpt: 31.4
#     coadd_bands: !!python/tuple [f277w, f356w]
#     deblend_contrast: 0.001
#     deblend_nlevels: 32
#     deblend_npixels: 1
#     detect_kernel_fwhm: 4.0
#     detect_kernel_npix: 7
#     detect_npixels: 4
#     detect_threshold_nsigma: 3.0
#     flag_isolated_buffer: 4
#     hst_bands: !!python/tuple [f606w, f814w, f125w, f140w, f160w]
#     jwst_bands: !!python/tuple [f115w, f150w, f200w, f277w, f356w, f410m, f444w]
#     near_border_kernelsize: 21
#     reference_band: f200w
#   make_catalog version: 1.4.0
#   photutils version: 1.5.0
# schema: astropy-2.0
label xcentroid ycentroid sky_centroid.ra sky_centroid.dec bbox_xmin bbox_xmax bbox_ymin bbox_ymax area semimajor_sigma semiminor_sigma orientation eccentricity min_value max_value local_background segment_flux segment_fluxerr kron_flux kron_fluxerr kron_radius gini equivalent_radius kron4_2_flux kron4_2_fluxerr radius_kron20 radius_kron50 radius_kron80 near_border
[from data line 4623]
4624 353.0169257694721 3249.0514748639343 214.83789790073502 52.88653151967419 349 357 3245 3253 62.0 2.289127469666743 1.997602518036193 -40.735751291638806 0.48834973180937624 -0.04735456792177555 0.7923734909877491 0.0 15.631298579256855 2.451211 184.00937255085145 10.032859147312628 3.7063202425094253 0.34298751988797826 4.442433223290478 340.48264876886554 15.838031504030798 7.2902181374929995 12.702999083137389 16.7433115467043 False
4625 358.19811765419973 3254.8544015546145 214.83779049631272 52.88652987911733 356 360 3253 3257 22.0 1.3878064382823962 1.1656149785412422 10.335065205368851 0.5427452502846686 0.07434861114601451 0.375220309157126 0.0 5.024727941194831 1.3075995 56.61499736227801 5.8642779065711865 3.6681609849964802 0.23661086477988022 2.6462837142006137 113.0232938285636 9.45847856906797 4.045515042644895 7.164003290037027 10.114157828748803 False
4626 346.96377184619314 3259.681506784455 214.83784003354427 52.88662729202479 343 351 3254 3264 49.0 3.09351656805017 1.2975300626875015 -58.103484046140366 0.9077852309948897 -0.023459957772135324 0.7197254358312346 0.0 14.30358304946609 2.0540013 118.80213415300662 8.619924727240273 3.415244529837197 0.31236421106321377 3.949327084834294 232.7858665832868 13.734894537259674 5.497622426064326 10.162442584873492 15.35705163895462 False
4627 6284.914207681612 3235.1684502102016 214.78509140532645 52.848750136990525 6277 6294 3227 3245 234.0 3.2074470158975106 2.744009274405165 61.51789334589244 0.5177830539625579 -0.3096463741388903 4.660004494048357 0.0 148.598070833654 4.567688 184.0350950734463 7.564684134172099 1.9765871910589732 0.5655580072183172 8.63044108762739 220.9443220491259 12.047877224046923 1.8363534901730834 3.979244881284764 8.501503989896067 False
4628 6295.031553975902 3243.237230760776 214.78491621410961 52.848729266669125 6289 6299 3238 3248 78.0 2.356155990431441 1.9486147788736092 -46.02252965876549 0.5621558589862898 -0.08590929422974244 1.5734737659970675 0.0 45.12421455826757 2.5258973 97.34327649011566 7.096222466608565 2.5908495991546983 0.3476031258828713 4.982787485166879 109.73636880660531 11.35019687984767 2.6082208003273197 5.283660030462988 9.074218366348425 False
4629 476.3040238868193 3266.6224329750667 214.83661136277132 52.88584279911781 470 483 3263 3271 64.0 3.613242391459327 1.3668025492536486 -24.266986519499355 0.9256928955330943 -0.09647938760222574 0.4373533809089267 0.0 13.255588068340044 2.2281365 125.4698382452717 10.218839775852581 3.6299831750075042 0.31994565140027864 4.51351666838205 181.16814428442441 16.37734480528732 6.063048349630012 12.47212450822383 21.217392823014663 False
4630 523.0358919843623 3267.783035663594 214.83618163129827 52.88555208848989 500 550 3244 3283 1131.0 9.682420227411765 5.9256662973089265 -46.45319887040109 0.7908557546687486 -0.21408388606539328 4.771727856034522 0.0 1401.2996227141894 10.739283 1786.6583951921978 18.454338532175054 1.7933773212529673 0.5175994643281843 18.97388946088459 1929.338549043893 28.878022688476904 6.455047394212989 11.206012159108786 17.92939393015781 False
4631 479.43324065535063 3283.200428546501 214.83640881603924 52.88591228464833 461 495 3268 3296 704.0 6.018422432909521 5.424127638116023 -5.147975381616912 0.4332910380194272 -0.17308672751332058 2.9241099866057483 0.0 390.5343651811968 7.9947557 606.9253049683072 16.267500569087055 2.2327270222737976 0.48970561830911236 14.96964127403822 658.2557100396112 25.803007265109063 4.385726382463531 10.49325803931955 20.70802049336699 False
4632 538.5917618019934 3290.056959761686 214.83580807880847 52.88557331110214 495 574 3251 3325 3129.0 13.001228062930588 9.224937215467147 -64.408281969533 0.7046616090384586 -0.3335101372600554 20.600456442196307 0.0 5736.262744426467 17.834675 6076.122040047738 21.81011104021403 1.4532834249714441 0.5717551554907548 31.5593351303395 6344.056928457821 33.4440407198982 6.980327459466714 13.440729358819198 21.65383851175054 False
4633 511.9747771525502 3287.3415389338575 214.8360744737175 52.88572781665828 492 521 3271 3305 623.0 6.654682864393428 5.502189269792576 -1.906666953541899 0.5624744775746157 -0.11587362797358794 9.950227065119252 0.0 571.2393299447247 7.481839 773.5034687368263 11.172854687719711 1.955743076052333 0.5744324383749723 14.082153922340915 1010.8907499148742 19.758977620533567 4.508486802401966 8.188402775448107 15.61503994235088 False
4634 2956.5022803476472 3249.0786360191228 214.81464557746963 52.86998529685734 2950 2962 3244 3255 105.0 2.5556327719627516 1.8545110615794285 12.884273485617703 0.6880573460749314 -0.08554825223505202 3.0075551307054535 0.0 53.83284585095585 3.0913188 72.76465779356653 5.590086160951966 1.956440748568775 0.5148961124693948 5.781222885281108 97.08657434455603 8.876280061254912 1.4823806829395436 3.431653546050989 6.9512223085439 False
4635 2949.8814028432025 3267.87163608985 214.8145067908983 52.87012865673433 2937 2962 3251 3283 587.0 7.457345386712483 4.867789708499625 85.79790610134009 0.7575725201258171 -0.37301048294045874 1.1170444417971874 0.0 138.7275358344307 7.3926415 278.9046604237478 19.890603062083517 2.51975293287459 0.4085611272185987 13.669231989760256 402.2073264203986 31.676388152194004 6.757663423805105 13.87124585324106 26.19295276719327 False
4636 9901.380019936036 3248.4217253628735 214.75271363145714 52.82582160879094 9896 9909 3244 3254 106.0 2.9169552025688175 1.708126134314281 19.347512346527406 0.8106107805727223 -0.09673387594019625 3.530894662384595 0.0 81.78568296292461 3.0505302 127.02032797565819 6.614667891644098 2.3341750815766935 0.4834210401819806 5.808687281605183 159.87325908371835 10.397080916462183 2.2333405980742405 4.26606557606051 8.891296515298347 False
4637 9909.79197862049 3252.3603914647892 214.75259722131344 52.82578930430391 9904 9914 3248 3256 65.0 2.06577395514988 1.586694772128842 22.472040735592987 0.6403451221061547 -0.07407567073303782 2.956445122580463 0.0 54.34980312758136 2.401787 71.2941807868603 4.486441171817805 1.9421804480046154 0.43047886979096955 4.54864184146723 85.76051540177409 6.9960289064889105 1.4447371040581625 2.8528675822723497 4.938332588731247 False
4638 8278.17271386224 3254.2076855864975 214.76711823692602 52.836177080572895 8271 8283 3250 3260 79.0 2.3571964757000345 2.083853929074723 3.8911944284006217 0.4674128913871781 -0.06305306727697922 1.2225238356966537 0.0 26.053276483732958 2.3680274 79.05438004841136 7.77498566599176 2.9802813087522377 0.36276994349362635 5.014626706796775 101.61698191903372 12.340604908263504 3.3468082774595413 7.16206354075152 12.392089484973148 False
4639 8264.404222569814 3268.1586445879834 214.76709409125905 52.83633976992667 8247 8281 3252 3283 775.0 7.5198058971075525 5.461743482907409 -25.69231373415701 0.6873626107216494 -0.11579645378242008 4.088156115595669 0.0 544.0941122461627 7.668421 819.3313027155004 16.7814837535711 2.172987950830691 0.3983735184268849 15.706373285785544 954.254277137897 25255492.812288277 5.174393383734434 11.656420882520505 21.575388378582637 False
4640 9000.979179776246 3261.8820810531915 214.76059516888782 52.83162124642547 8997 9007 3258 3267 68.0 2.1165824190097773 1.672886366089811 21.86458630302073 0.6126278913706933 -0.027377121459192116 1.7461773971046217 0.0 31.758052532770783 2.350165 44.773802115533066 4.813996059846831 2.0850069958909914 0.4317097779693529 4.652426491681278 48.79744005003426 7.610147554197011 1.5075718166660363 3.1553928427254867 5.598842851107901 False
4641 9011.942208449911 3268.976541494132 214.76042277928482 52.83158971525185 9002 9021 3261 3276 228.0 3.980656660964941 3.001929661685806 12.359847700713454 0.6567260154348391 -0.08243863428621806 1.8299351747062478 0.0 118.97101763427354 4.607535 171.4893296832343 9.638695198749389 2.22103542938439 0.39963666368218276 8.51907589177983 221.36521582821868 15.164724660299301 3.0043801852887024 5.929116080724535 11.625645205721225 False
4642 8833.771815331533 3268.6681433902672 214.76201390130504 52.83272128021186 8827 8841 3261 3277 177.0 3.36373489058989 2.2553119006327123 -54.98420222352612 0.7419289657976108 -0.10111939213839037 2.14389954626762 0.0 84.28348650381886 3.7179697 107.64118120307822 6.565201216790735 1.9854744601170422 0.5143121539637068 7.506054213402069 121.54376948704993 10.572640122802602 2.0396294479279744 3.954233453939962 8.17306610536256 False
4643 8830.30668293717 3285.053711947381 214.76187228005614 52.83283154490036 8824 8836 3278 3292 128.0 3.0407360961886907 2.082432970089126 -53.87607869537185 0.7286887536639347 -0.10510184789136516 2.60374751154321 0.0 75.02351308738622 3.2066076 112.10299221262366 6.726011943044583 2.195680844068047 0.4398404974332304 6.383076486422923 128.46992410200005 10.858830766955792 2.1177625433425042 4.531689064884276 9.22261129287723 False
4644 4213.108193359013 3289.5580537972373 214.803002784151 52.862215453341975 4192 4231 3265 3311 1166.0 9.412457028443251 5.616976549634251 -64.72103348864538 0.8024198826594775 -0.2583839174523332 7.081359841628238 0.0 754.695090633738 9.704581 909.739987372212 15.54867310557533 1.7218198452177698 0.5282254968932029 19.265236237593868 970.6218210187167 24.715151314786734 4.566616327684194 10.637139325462782 18.65335783076163 False
4645 4200.622716508479 3310.721785243434 214.80289135863214 52.86240885564744 4194 4207 3302 3321 185.0 4.623356092496101 2.2811421862672168 70.05554280105666 0.8698051929417823 -0.1981065952560994 1.3823392449484948 0.0 61.32185302418486 3.6840155 74.03973078800541 5.425895669245774 1.4 0.4279745330413699 7.673807981960539 57.52844166927719 8.8002950204219 2.5168131118370174 4.769783309168549 8.584637568483007 False
4646 4216.6374495103955 3309.479480199246 214.8027615178603 52.86230035284171 4207 4226 3299 3320 263.0 5.371905981470185 2.848764756395953 -44.900069055380214 0.8478050586081035 -0.12881810136546068 2.3631519856537104 0.0 134.40033973935334 4.621571 230.37459057406858 11.105284586023624 2.3448825382058023 0.38850738183113886 9.149617481968136 218.96196492292876 17.481013165263573 3.721542734586841 7.968828174103577 15.729516980370406 False
4647 249.7635392777452 3277.767892048107 214.83851800816885 52.88734246305749 241 262 3267 3285 247.0 4.513453150967369 2.942467472425701 -36.01100094230533 0.7582768756425141 -0.18044294599016877 2.3711984077731176 0.0 117.38093031176943 4.601924 218.32530808884883 11.462996916834344 2.509199368272916 0.4875385770554217 8.866935315394846 323.30967968457145 18.378975885049623 3.326706857321323 7.985109695168272 17.233759060673176 False
4648 261.8871012564603 3300.2777872509364 214.83817262302915 52.8873867759922 236 289 3272 3327 1972.0 6.865908734941769 6.086617236790852 73.5004700321416 0.4627316215238571 -0.36618908935659095 48.70976131293914 0.0 2421.2527917412563 13.38331 2382.25115845822 12.249694279567166 1.4 0.7529190711646828 25.05408341078227 2609.844787531769 18.81632066913535 2.2215316063701445 5.034543856677878 10.914366443169987 False
4649 132.867309597081 3297.765727080366 214.8393518592906 52.88819309319155 128 149 3280 3313 413.0 6.495409840365743 4.595597121715222 75.32925291828084 0.7066987537460946 0.059834874936081986 5.939943209527328 0.0 509.63172289794363 6.781881 1595.6443579789548 26590338.544972647 2.599928122419129 0.42926170229999555 11.465687201119065 1747.9665401755453 54407996.227477625 6.760470397855469 13.299920183841673 25.592865738626475 False
4650 157.14946871637633 3308.7034890613413 214.83901970461807 52.88809775953425 138 178 3298 3319 485.0 9.477613892364952 3.770555363437787 -13.70231979986933 0.9174556618856325 -0.07971106171467707 1.4486498174401772 0.0 255.91837734709046 6.2690964 1421.8155374508426 39740045.96404366 3.5441478354647975 0.24389471312522754 12.424986712231869 1760.0457029249558 91916757.65064727 14.812042879531704 33.218204405266604 42.091568800993784 False
4651 9003.111580898616 3293.3925216357425 214.76024443230997 52.831777342093936 8988 9017 3286 3300 297.0 6.142530508121844 2.2106991005177465 14.85865835938327 0.9329907353241257 -0.16915045896219527 3.0489557683542188 0.0 202.66795026877935 4.9816 240.87697517870362 8.383780305506395 1.811732687800452 0.4747966385484086 9.72306722164286 266.760490826978 13.385244748747834 2.738992704966218 5.735930323243634 10.465938053839437 False
4652 9019.637915644036 3291.500860459905 214.76011706660844 52.83166204254577 9016 9023 3289 3295 42.0 1.9222399667844234 1.5700670137523398 0.6155489086498993 0.5769346231733459 0.1617759770675299 0.7944521801022364 0.0 17.58864550492907 1.8449281 62.88859976379614 6.682269935187431 3.0975709064137114 0.1923531912062434 3.656366395715726 77.28004058370638 10.739394602939575 2.9542933109432554 6.1472122547654235 9.68567488836584 False
4653 nan nan nan nan 8186 8197 3293 3303 92.0 nan nan nan nan 0.0 0.0 0.0 0.0 9591662.0 nan nan nan nan 5.4115163798060095 nan nan nan nan nan True
4654 nan nan nan nan 8194 8210 3298 3311 143.0 nan nan nan nan 0.0 0.0 0.0 0.0 11958261.0 nan nan nan nan 6.746726148605861 nan nan nan nan nan True
4655 8222.360912310092 3312.0334393330168 214.76700694315977 52.8368434181266 8201 8231 3300 3321 452.0 3.9176088622924716 2.9939530221031294 69.92236446577674 0.6449441640829131 -0.40693979072675057 2.1622318677991506 0.0 137.8702129470734 16155494.0 183.49434549161964 16459521.893340109 1.9816202438993376 0.7341595664739701 11.994835078277376 224.08105854261396 27592414.009725887 3.0422942730170623 5.229132178510135 9.868466202662374 False
4656 9689.062079074078 3302.724275312413 214.75403368716007 52.827464491175704 9687 9691 3300 3305 23.0 1.770825596011495 1.038945850126367 -64.20916223008776 0.8098033535078651 0.3624082585260291 0.6960026230972193 0.0 11.92417230847251 1.3442761 87.53921133148287 5.733797311160638 3.382361929513629 0.09376572926413138 2.7057581899030048 155.11049538036798 9.07481640806059 3.36245991887048 6.160356477119069 9.628223937740543 False
4657 9686.075278677652 3311.589155344021 214.75396697494517 52.827531215154146 9681 9691 3306 3316 75.0 3.0018715587517977 1.9152040066839637 -58.23481962359373 0.7700336159062138 0.23421227599353306 1.1484790626310892 0.0 48.171342158310736 2.4495187 217.30347648228934 9.56057001684986 3.2541720139309915 0.1824159968648997 4.886025119029199 252.4485223408276 15.410971625584494 4.706502495244331 9.898207308625908 15.15736892176842 False
4658 9682.361533252344 3318.043493463862 214.75393211671758 52.827589585654266 9680 9685 3314 3321 36.0 1.822617105531151 1.408202732919664 62.43474713872494 0.6348605384942974 0.29127314961154205 1.2179192542785913 0.0 26.141297228737344 1.6847464 121.95809999231048 6.367513207560009 3.22285439872262 0.1837867398688874 3.385137501286538 180.1107830087007 10.330926221866195 3.2226182422571665 6.465946014207786 9.89168163629423 False
4659 6601.303181531031 3325.9139635692536 214.7813142178238 52.84722708927669 6594 6609 3316 3337 248.0 4.695646249051329 2.7559279282014133 89.64158516093443 0.8096512242788585 -0.13483357421826242 3.5565607745456704 0.0 161.7151700173116 4.441166 192.4299340294208 8.29676238350865 1.8694593523308238 0.46809676355574464 8.884866446580956 206.3541854543065 13.131013725550833 2.9987855620249464 5.466893008479248 8.618060605879906 False
4660 6605.878428454193 3341.1959183576014 214.781112512841 52.84728030520807 6598 6612 3331 3349 188.0 3.244422687944003 2.5954272043653113 -86.13049689123496 0.6000455918415204 -0.1694024578254393 3.127098295928054 0.0 111.26609426009031 3.945312 122.81802993103727 5.740405177809072 1.5886183283008901 0.4965724729403919 7.735777827895049 129.3150368582048 9.081111491511113 1.81641096131058 3.6794434962918383 6.336657761914804 False
