outputs/dr0.5_c0.1/nircam6_matched_f277w_f410m_dr0.5_c0.1.ecsv
# %ECSV 1.0
# ---
# datatype:
# - {name: label, datatype: int64}
# - {name: xcentroid, datatype: float64}
# - {name: ycentroid, datatype: float64}
# - {name: sky_centroid.ra, unit: deg, datatype: float64}
# - {name: sky_centroid.dec, unit: deg, datatype: float64}
# - {name: bbox_xmin, datatype: int64}
# - {name: bbox_xmax, datatype: int64}
# - {name: bbox_ymin, datatype: int64}
# - {name: bbox_ymax, datatype: int64}
# - {name: area, unit: pix2, datatype: float64}
# - {name: semimajor_sigma, unit: pix, datatype: float64}
# - {name: semiminor_sigma, unit: pix, datatype: float64}
# - {name: orientation, unit: deg, datatype: float64}
# - {name: eccentricity, datatype: float64}
# - {name: min_value, datatype: float64}
# - {name: max_value, datatype: float64}
# - {name: local_background, datatype: float64}
# - {name: segment_flux, datatype: float64}
# - {name: segment_fluxerr, datatype: float32}
# - {name: kron_flux, datatype: float64}
# - {name: kron_fluxerr, datatype: float64}
# - {name: kron_radius, unit: pix, datatype: float64}
# - {name: gini, datatype: float64}
# - {name: equivalent_radius, unit: pix, datatype: float64}
# - {name: kron4_2_flux, datatype: float64}
# - {name: kron4_2_fluxerr, datatype: float64}
# - {name: kron4_2_mag, datatype: float64}
# meta:
#   PHOTMJSR: 0.8704000115394592
#   PIXAR_SR: 2.11539874851881e-14
#   __serialized_columns__:
#     area:
#       __class__: astropy.units.quantity.Quantity
#       unit: !astropy.units.Unit {unit: pix2}
#       value: !astropy.table.SerializedColumn {name: area}
#     eccentricity:
#       __class__: astropy.units.quantity.Quantity
#       unit: !astropy.units.Unit {unit: ''}
#       value: !astropy.table.SerializedColumn {name: eccentricity}
#     equivalent_radius:
#       __class__: astropy.units.quantity.Quantity
#       unit: !astropy.units.Unit {unit: pix}
#       value: !astropy.table.SerializedColumn {name: equivalent_radius}
#     kron_radius:
#       __class__: astropy.units.quantity.Quantity
#       unit: !astropy.units.Unit {unit: pix}
#       value: !astropy.table.SerializedColumn {name: kron_radius}
#     orientation:
#       __class__: astropy.units.quantity.Quantity
#       unit: &id001 !astropy.units.Unit {unit: deg}
#       value: !astropy.table.SerializedColumn {name: orientation}
#     semimajor_sigma:
#       __class__: astropy.units.quantity.Quantity
#       unit: !astropy.units.Unit {unit: pix}
#       value: !astropy.table.SerializedColumn {name: semimajor_sigma}
#     semiminor_sigma:
#       __class__: astropy.units.quantity.Quantity
#       unit: !astropy.units.Unit {unit: pix}
#       value: !astropy.table.SerializedColumn {name: semiminor_sigma}
#     sky_centroid:
#       __class__: astropy.coordinates.sky_coordinate.SkyCoord
#       dec: !astropy.table.SerializedColumn
#         __class__: astropy.coordinates.angles.Latitude
#         unit: *id001
#         value: !astropy.table.SerializedColumn {name: sky_centroid.dec}
#       frame: icrs
#       ra: !astropy.table.SerializedColumn
#         __class__: astropy.coordinates.angles.Longitude
#         unit: *id001
#         value: !astropy.table.SerializedColumn {name: sky_centroid.ra}
#         wrap_angle: !astropy.coordinates.Angle
#           unit: *id001
#           value: 360.0
#       representation_type: spherical
#   astropy version: '5.1'
#   kernelfile: kernel_f277w_f410m.fits
#   make_catalog parameters:
#     ab_zpt: 31.4
#     coadd_bands: !!python/tuple [f277w, f356w]
#     deblend_contrast: 0.001
#     deblend_nlevels: 32
#     deblend_npixels: 1
#     detect_kernel_fwhm: 4.0
#     detect_kernel_npix: 7
#     detect_npixels: 4
#     detect_threshold_nsigma: 3.0
#     flag_isolated_buffer: 4
#     hst_bands: !!python/tuple [f606w, f814w, f125w, f140w, f160w]
#     jwst_bands: !!python/tuple [f115w, f150w, f200w, f277w, f356w, f410m, f444w]
#     near_border_kernelsize: 21
#     reference_band: f200w
#   make_catalog version: 1.4.0
#   photutils version: 1.5.0
# schema: astropy-2.0
label xcentroid ycentroid sky_centroid.ra sky_centroid.dec bbox_xmin bbox_xmax bbox_ymin bbox_ymax area semimajor_sigma semiminor_sigma orientation eccentricity min_value max_value local_background segment_flux segment_fluxerr kron_flux kron_fluxerr kron_radius gini equivalent_radius kron4_2_flux kron4_2_fluxerr kron4_2_mag
[from data line 408]
409 9048.208950441382 702.7875886329986 214.8392834583551 52.79913616122478 9043 9054 697 708 106.0 2.368574161441526 2.2714753981162765 25.220857185382336 0.283387814316825 0.16271472998137052 1.735266905423191 0.0 67.71406187677245 1.9849664 90.98774394917008 4.316897218549049 2.0049256575468353 0.3697827773714474 5.808687281605183 103.38668260184329 6.654237284944269 26.363838499454772
410 10152.858479541233 704.7570637138541 214.829414447576 52.79212687712182 10146 10160 698 712 181.0 3.7082249750456833 2.8663226187885265 -46.94755088490893 0.6344504718910509 0.2590730792639504 1.4407278368644765 0.0 114.48937792935914 2.614261 197.68703089878258 6.874166149673014 2.3698380849888956 0.2662700624129496 7.590394548326596 213.2566937922374 11.053208707937495 25.577743320314262
411 1655.8364089360596 704.0192101634426 214.9052578344493 52.84609933304459 1651 1661 699 709 93.0 2.5556759570857985 2.363672813264241 -47.93124562259165 0.38027886557081975 0.20500344013934524 0.6396251720103663 0.0 35.30380960675349 1.894987 78.07672571180827 5.732776304984471 2.604487971869921 0.18944847585640215 5.440847306724618 110.73598142427129 9.325659019735056 26.289278102388252
412 8905.047052540762 701.2217622479628 214.84057648336375 52.800037434503224 8902 8908 699 704 28.0 1.7209433028501522 1.1888467935791904 -41.37422949103502 0.723035253604166 0.2834538044644131 0.5449856536394194 0.0 11.691265879398939 1.0090933 39.7979060039206 3.5900377941259767 2.9349798887304726 0.10448876495739336 2.985410660720923 53.23921498288975 5.7744645623156865 27.084420892155343
413 6678.608496342242 705.5100008987947 214.86039133665682 52.814206587533015 6674 6683 700 711 69.0 3.075465778229058 1.562518167674432 -56.655905975266165 0.8613222506867174 0.17707302151071314 0.46607340625128224 0.0 22.236034221690442 1.5079972 56.34207286686396 4.742576204517525 2.673493721413364 0.14016063521142397 4.686510657907603 76.11326275596106 7.58713472156045 26.696349151770548
414 7649.978962526713 705.3535368129534 214.8517267275359 52.80803439360867 7645 7655 700 712 104.0 2.6992358913322296 2.2968852050399096 -74.35648840707918 0.525264453233446 0.20485163438163143 1.1191823943706363 0.0 52.80096120657952 1.9379616 83.37764114664222 4.223930645344522 2.01848848824646 0.26903938564018326 5.753627391751592 81.23147133844633 6.815992031559804 26.62568920089231
415 8511.17231638354 702.5587314880855 214.8440748700804 52.80254742903306 8509 8513 701 704 15.0 1.1313147922694098 0.9870158093719151 -11.610469282379501 0.48870303860675074 0.2479192320290515 0.339909941387558 0.0 4.452686088423198 0.72589993 14.93830194406476 2.5820789371623722 2.871215094836929 0.05872973441380648 2.1850968611841584 14.803917870969588 4.190860302851489 28.474058332362276
416 1197.9187785948827 709.3142980844917 214.90929441477928 52.8490354105824 1193 1202 704 715 83.0 2.7493585319550142 1.8856404504784003 -63.761345341770706 0.7277453669605447 0.170796438800607 0.7773054723595642 0.0 35.02619059724101 1.8059664 52.64470613793107 4.381684407851069 2.0266484583585767 0.22717275670459813 5.140011726956917 60.64481495005221 6.792663573955004 26.943015812007637
417 1932.5595342305573 706.7570515691408 214.90275633882504 52.844357016946546 1931 1934 705 708 12.0 1.0746209040972616 0.8213865643644902 31.731931706497186 0.6448014957599911 0.260699682934975 0.34723091564690833 0.0 3.6107551443680608 0.66986376 13.862265617147468 2.4555279886334342 3.0351841066669367 0.05988250621678287 1.9544100476116797 16.964652841067924 3.950932418317105 28.326137557959207
418 9992.676994408717 710.7661947387754 214.8307791667915 52.79317725157196 9987 9998 705 716 109.0 2.8491652252083077 2.303942587957388 46.01190603476961 0.5883068686952684 0.22848077304861394 1.1195191527632893 0.0 62.15105745893665 2.1945906 101.25663845424351 5.708213692833286 2.3242663963866264 0.24943146554179324 5.890312181373172 134.69966683576826 9.025239433383637 26.076583696133632
419 9788.194762572151 715.2477807549914 214.8325549372713 52.794500908051944 9778 9799 707 724 328.0 4.039217895063213 3.325587078290684 -13.725983521513788 0.5675709274915988 0.2009133746200171 5.45967283792745 0.0 353.09834756592795 4.0209203 401.0224686514814 5.8281744215340945 1.6971832428161435 0.48855735551181817 10.217907939900583 429.20631118008373 9.02831344915978 24.818334751652607
420 520.3040222661278 712.1854780779628 214.91532083761214 52.85335309387276 517 524 709 715 46.0 2.110278855699778 1.5392072114965372 34.68986734110068 0.6841027019113434 0.20069789399520185 0.4253433580128774 0.0 14.28282787939256 1.3818371 54.86068619660471 4.677617466558197 3.0388897246859012 0.11578873610296722 3.826519928662906 106.99771543720914 7.495224235638706 26.32656373764692
421 6656.113292359166 715.6955169506435 214.86048499972432 52.81440442853578 6651 6661 709 722 130.0 3.0249184648741703 2.4086512681043053 84.52681689184585 0.6049416342348428 0.1706934609246381 1.197707677142562 0.0 63.98701265746388 2.127492 89.02155478638542 4.2434782633336505 1.9701173385425044 0.3012889881402595 6.432750982580687 106.14749768767501 6.758354039578343 26.3352255984987
422 6292.743892532994 715.6848111965701 214.86372762885466 52.816712779169315 6289 6297 710 721 80.0 2.6546729891779597 1.9728632332042353 86.09851809932641 0.6691068686273743 0.2041314361868941 0.6536035050957888 0.0 31.71528128203576 1.6415089 71.12083124025997 4.7929327655129494 2.595377235455852 0.18537973066947128 5.046265044040321 76.23292492446377 7.739947366374874 26.69464354196987
423 6978.334242575273 716.7978496342896 214.85759837162715 52.81236329821904 6973 6984 711 722 107.0 3.3262927974283394 2.0780088508602477 -44.56427696195007 0.7808471115810431 0.20588475339903967 0.8309724332441387 0.0 49.30263717769651 1.948212 124.20050446454735 5.973900130845929 2.7417398167225637 0.20052797987961418 5.836022431559495 188.30566778308938 9.37740178129144 25.712841520060884
424 7394.8800484737285 718.3351642088281 214.853865952288 52.80972516249938 7390 7400 713 723 92.0 2.5427106136846 2.315219126253351 57.77444337518076 0.4134388214289074 0.23314558985078043 0.7867756493014431 0.0 39.71372916935533 1.8554242 126.6409656354263 6.215918650592665 2.9563541148911 0.20656404194786313 5.4115163798060095 200.61829727526896 9.72079522113512 25.644073649833135
425 10093.395297198447 719.3351269394915 214.8297912902208 52.7925833592958 10084 10103 713 726 222.0 4.453468525791874 3.003260668678404 12.63117542852137 0.7383987028659882 0.21083538747347394 1.3140206572784758 0.0 140.92709050181276 3.3734424 218.08072968585466 7.1463184628784 2.0882453120503666 0.2536378618224794 8.406235467365967 236.45599625780073 11.235026008212822 25.46562417072473
426 417.981575645138 715.9790815604331 214.91619562809117 52.85402319156911 417 419 714 718 13.0 1.3136562045627644 0.7201599828683484 -74.9610502555026 0.8363404606339385 0.25088345577592475 0.31684132841416623 0.0 3.7364570314355507 0.701668 41.121046259553374 3.2942670928631026 3.6382137819910705 0.03898664484788442 2.0342144725641096 104.89360528539437 5.358378098054254 26.34812746812237
427 4125.045246491944 723.4779251815506 214.88299626019796 52.830523913191804 4120 4131 718 729 105.0 2.705376791338055 2.1348034272876126 45.036942811867625 0.614269218516656 0.13316148749753093 1.0921408577438632 0.0 46.983810755174915 2.0022452 69.53594500798212 4.475149805728883 2.1221954021271103 0.316571014113857 5.781222885281108 82.59342963492958 7.2295415059280295 26.607636249337936
428 2143.016453938464 723.459437225386 214.90070030198555 52.843110793055644 2141 2145 721 726 26.0 1.4577450136794463 1.2626158118075388 -85.8487806394238 0.49979605706097774 0.23638510610859148 0.4200830653611642 0.0 8.386309548708688 1.0734833 22.750575822916943 3.4182983633849497 2.741310426184283 0.0995946302914539 2.876813695875796 25.476132109659734 5.618526343375506 27.88466626923087
429 2118.5871565892044 723.8037696206048 214.90091495297597 52.84326777438133 2118 2119 723 725 5.0 0.7664555434367675 0.4473072062377006 70.69911209976465 0.8120377624323518 0.25187189062029147 0.28254933624618034 0.0 1.3391594208352606 0.4218261 9.190604109093218 1.8339040837416525 3.6295555748979935 0.02874019525687571 1.2615662610100802 10.209381864683968 2.9567581001523053 28.877501379573005
430 6541.5267108632215 723.51204801014 214.86142531173292 52.81517453783122 6541 6542 723 724 4.0 0.5005992219232777 0.49853966165938035 -53.01611724254101 0.09061706928550557 0.2920056355990162 0.3412234533373937 0.0 1.2698464498585893 0.3713731 11.909055832486448 1.6188788152011997 3.914257711855557 0.04364649105504421 1.1283791670955126 17.070134550503592 2.607958279675385 28.31940763917114
431 8301.680794995036 728.4620522708937 214.8456709530475 52.80401821685038 8299 8304 726 731 30.0 1.4960053352429283 1.3541179760656499 45.29460780103651 0.4250798665800159 0.301524929636678 0.7169741199852477 0.0 14.508885275834452 1.0467398 29.891759653673482 3.239354136620399 2.503180371803658 0.1510850699986293 3.0901936161855166 36.53228244052457 5.121788149696621 27.49330798342045
432 2721.785523044059 730.6984428880407 214.89545346716292 52.839474624616166 2719 2724 728 733 29.0 1.5117573992405182 1.3985448502506093 -69.53318827494131 0.3796944323544757 0.20938391620241478 0.3785084381661018 0.0 8.624918532687833 1.0798678 38.892935493656026 4.053168383985161 3.14720531540265 0.09177208319074606 3.0382538898732494 74.06092370874129 6.582325208675344 26.72602718902364
433 609.4715420746345 730.6592946167791 214.914329549823 52.852886703797225 608 611 729 733 15.0 1.2548310173903157 0.8883627660263558 -58.19184069317818 0.7062584438574834 0.24537155036174996 0.31493564893690335 0.0 4.1912011029395515 0.72505397 33.27436880204388 3.40778186821388 3.481190056931566 0.04544717624722802 2.1850968611841584 80.69003058323892 5.380724195420658 26.63295029981643
434 8329.663854875997 732.9033231796872 214.84537470179265 52.803864357761746 8328 8331 731 734 12.0 1.0740420054862456 0.8563294797325005 -34.87907979854756 0.6035884047071118 0.27471662808043357 0.3547172002283245 0.0 3.808179505924737 0.67066973 17.102552365827776 2.676307390237532 3.1053413852327245 0.04565348729202115 1.9544100476116797 19.440794312928862 4.33024044226214 28.178214986554902
435 2523.964712820933 734.0227640472134 214.89718575420562 52.84074876847293 2521 2526 732 736 20.0 1.5346780727830842 1.0451056464481636 19.098559407641503 0.7322895481100845 0.20428510474187173 0.26908840857279615 0.0 4.886106768335049 0.90748876 30.515795048379875 3.6480789533232683 3.3526397517443542 0.03873358940520242 2.5231325220201604 36.488099433972806 5.891002368282435 27.494621893166503
436 3184.9703942340198 739.3482836391854 214.89122506457238 52.83657987042337 3182 3188 736 742 35.0 1.7470091952762763 1.3920579222384972 39.04302123596126 0.604212184516416 0.22255364345055462 0.4849804580557603 0.0 11.876934497290955 1.3512063 26.488610917484095 3.6769565496858054 2.548466513132015 0.12847892756656382 3.3377905890622728 30.978262585710077 5.764961983036527 27.672357358194606
437 8889.034206770028 736.4898672015559 214.84034859878358 52.8003293269031 8888 8890 736 737 6.0 0.8106180328896657 0.4998895319309778 0.25047628605050437 0.7872162498442805 0.2979285510372419 0.34362778525996257 0.0 1.9577645792748344 0.45986527 14.751412117948068 1.8952884067432128 3.624100962051378 0.03303725828116871 1.381976597885342 18.450893416691677 3.054650456794458 28.234956499704687
438 2072.818767111946 757.2812092531267 214.90097193575065 52.8437390628109 2061 2084 738 779 803.0 7.486553849868103 4.7626602751874385 87.05183468713236 0.7715556006364386 0.16279935164670062 4.335541786008274 0.0 570.4740834543743 6.020675 718.1145913751386 10.581400266655217 1.938905724927632 0.4566742122923681 15.987583888930306 819.3559056628932 16.89862538610949 24.116318529205188
439 2579.2397546293323 758.9919836159336 214.89642944361904 52.840532502339414 2560 2600 738 780 1254.0 7.791752399133838 5.376706457788335 58.46060473124176 0.7237607553847407 0.18457340693694552 14.78243282572967 0.0 1881.315822225846 7.623829 2006.5214553561718 9.743433719530069 1.614265618898333 0.5879566902769713 19.979003910967972 2203.0487682898174 15.217601304049067 23.042439722210766
440 2755.375828532055 742.5693945318599 214.89502860037163 52.83932537323542 2751 2760 738 748 88.0 2.362079571726334 2.1213353652596187 -85.40839053416707 0.4398330558181856 0.18020593273786809 1.0460252730739905 0.0 41.032802690932 1.8008975 82.94309922862246 5.026446802187461 2.594812107938425 0.2895366758705805 5.292567428401227 137.36243197866168 8.36289945067444 26.055330071671523
441 6379.404640316637 738.7914906365507 214.86271140236286 52.81628687019126 6379 6380 738 740 5.0 0.7700729676604269 0.44830594332737483 -71.38919710215116 0.8130740031050903 0.2968371817602937 0.310478409904164 0.0 1.5298880449580037 0.49108112 13.852144829082953 1.9432586111805445 3.7724228877492845 0.009990740217079744 1.2615662610100802 19.30743712180155 2.931575878229806 28.185688427116645
442 8224.759498311772 742.1838838525535 214.8462127756022 52.80458095956338 8221 8229 738 746 65.0 2.1423209624164454 1.9378730049910127 -48.095043758551405 0.42633133623488345 0.20152428555002774 0.7496962057063828 0.0 28.65956091592991 1.518873 46.020780479756084 3.6126441494201966 2.1152700073585278 0.20590027089158608 4.54864184146723 45.86600838773248 5.806561242731749 27.2462726346609
443 1084.762327443835 745.6049515350418 214.9099241958655 52.849949740239396 1078 1090 739 754 153.0 3.6676712932725297 2.9308319497540927 80.37277821988026 0.6011996438394359 0.2072854454924282 0.5769701616046462 0.0 56.08203750023938 2.5727725 202.93118547165773 9.092551853230724 3.0597604424573857 0.13870731801172295 6.978639737521917 324.72299190980425 14.6631548467509 25.12121740050116
444 10115.83262709975 740.9178532310482 214.82936445638842 52.79255710277785 10114 10118 739 743 21.0 1.270936660132972 1.2294945655339673 67.82045624784044 0.25328204187697323 0.21072076501455236 0.33976974092957873 0.0 5.924289259963189 0.92120755 28.83108478095641 3.6522241285907002 3.255315660273449 0.07095721130127011 2.5854414729132054 36.38729252656535 5.8072791649345765 27.497625644526916
445 9846.37739831853 761.6231567902985 214.83154885693205 52.794381143268694 9829 9860 740 783 983.0 7.691219249494473 4.959796187626003 82.62907399474959 0.7642967046118536 0.18818487467701098 11.315236152560669 0.0 1307.222330288666 6.8258214 1391.0708072173293 8.817147568394727 1.514979346842925 0.5348974010804376 17.688940559532284 1471.57473480695 13.55700619579396 23.480544192745313
446 2103.4021386137993 748.7117754591702 214.9007887681746 52.84349861629289 2096 2110 742 755 164.0 3.0090975472312933 2.7587868261198434 10.230835316171516 0.39931142089033717 0.17869025047548565 1.8130239149646936 0.0 102.56448235587062 2.8554893 159.03349932909015 6.199187119581122 2.3314710274796737 0.3683791441652261 7.225151993843567 212.00174386273088 9.671153162677475 25.584151416701157
447 4298.721194226559 756.067726722601 214.8811028530014 52.82959666743287 4286 4315 742 771 644.0 6.276367255371702 4.914386539936259 56.03625639420801 0.6220235130676474 0.17794726381204487 3.3020717349369804 0.0 518.4320008181942 5.572003 595.1769828255428 8.36767429738571 1.5839639547995619 0.42936020233406735 14.317526556719258 614.6101153370569 12.919405025677799 24.428500740857594
