outputs/dr0.5_c0.1/nircam3_f160w_dr0.5_c0.1.ecsv
# %ECSV 1.0
# ---
# datatype:
# - {name: label, datatype: int64}
# - {name: xcentroid, datatype: float64}
# - {name: ycentroid, datatype: float64}
# - {name: sky_centroid.ra, unit: deg, datatype: float64}
# - {name: sky_centroid.dec, unit: deg, datatype: float64}
# - {name: bbox_xmin, datatype: int64}
# - {name: bbox_xmax, datatype: int64}
# - {name: bbox_ymin, datatype: int64}
# - {name: bbox_ymax, datatype: int64}
# - {name: area, unit: pix2, datatype: float64}
# - {name: semimajor_sigma, unit: pix, datatype: float64}
# - {name: semiminor_sigma, unit: pix, datatype: float64}
# - {name: orientation, unit: deg, datatype: float64}
# - {name: eccentricity, datatype: float64}
# - {name: min_value, datatype: float64}
# - {name: max_value, datatype: float64}
# - {name: local_background, datatype: float64}
# - {name: segment_flux, datatype: float64}
# - {name: segment_fluxerr, datatype: float32}
# - {name: kron_flux, datatype: float64}
# - {name: kron_fluxerr, datatype: float64}
# - {name: kron_radius, unit: pix, datatype: float64}
# - {name: gini, datatype: float64}
# - {name: equivalent_radius, unit: pix, datatype: float64}
# - {name: kron4_2_flux, datatype: float64}
# - {name: kron4_2_fluxerr, datatype: float64}
# - {name: radius_kron20, unit: pix, datatype: float64}
# - {name: radius_kron50, unit: pix, datatype: float64}
# - {name: radius_kron80, unit: pix, datatype: float64}
# - {name: near_border, datatype: bool}
# meta:
#   PHOTMJSR: 0.3925000131130219
#   PIXAR_SR: 2.11539874851881e-14
#   __serialized_columns__:
#     area:
#       __class__: astropy.units.quantity.Quantity
#       unit: !astropy.units.Unit {unit: pix2}
#       value: !astropy.table.SerializedColumn {name: area}
#     eccentricity:
#       __class__: astropy.units.quantity.Quantity
#       unit: !astropy.units.Unit {unit: ''}
#       value: !astropy.table.SerializedColumn {name: eccentricity}
#     equivalent_radius:
#       __class__: astropy.units.quantity.Quantity
#       unit: !astropy.units.Unit {unit: pix}
#       value: !astropy.table.SerializedColumn {name: equivalent_radius}
#     kron_radius:
#       __class__: astropy.units.quantity.Quantity
#       unit: &id001 !astropy.units.Unit {unit: pix}
#       value: !astropy.table.SerializedColumn {name: kron_radius}
#     orientation:
#       __class__: astropy.units.quantity.Quantity
#       unit: &id002 !astropy.units.Unit {unit: deg}
#       value: !astropy.table.SerializedColumn {name: orientation}
#     radius_kron20:
#       __class__: astropy.units.quantity.Quantity
#       unit: *id001
#       value: !astropy.table.SerializedColumn {name: radius_kron20}
#     radius_kron50:
#       __class__: astropy.units.quantity.Quantity
#       unit: *id001
#       value: !astropy.table.SerializedColumn {name: radius_kron50}
#     radius_kron80:
#       __class__: astropy.units.quantity.Quantity
#       unit: *id001
#       value: !astropy.table.SerializedColumn {name: radius_kron80}
#     semimajor_sigma:
#       __class__: astropy.units.quantity.Quantity
#       unit: !astropy.units.Unit {unit: pix}
#       value: !astropy.table.SerializedColumn {name: semimajor_sigma}
#     semiminor_sigma:
#       __class__: astropy.units.quantity.Quantity
#       unit: !astropy.units.Unit {unit: pix}
#       value: !astropy.table.SerializedColumn {name: semiminor_sigma}
#     sky_centroid:
#       __class__: astropy.coordinates.sky_coordinate.SkyCoord
#       dec: !astropy.table.SerializedColumn
#         __class__: astropy.coordinates.angles.Latitude
#         unit: *id002
#         value: !astropy.table.SerializedColumn {name: sky_centroid.dec}
#       frame: icrs
#       ra: !astropy.table.SerializedColumn
#         __class__: astropy.coordinates.angles.Longitude
#         unit: *id002
#         value: !astropy.table.SerializedColumn {name: sky_centroid.ra}
#         wrap_angle: !astropy.coordinates.Angle
#           unit: *id002
#           value: 360.0
#       representation_type: spherical
#   astropy version: '5.1'
#   make_catalog parameters:
#     ab_zpt: 31.4
#     coadd_bands: !!python/tuple [f277w, f356w]
#     deblend_contrast: 0.001
#     deblend_nlevels: 32
#     deblend_npixels: 1
#     detect_kernel_fwhm: 4.0
#     detect_kernel_npix: 7
#     detect_npixels: 4
#     detect_threshold_nsigma: 3.0
#     flag_isolated_buffer: 4
#     hst_bands: !!python/tuple [f606w, f814w, f125w, f140w, f160w]
#     jwst_bands: !!python/tuple [f115w, f150w, f200w, f277w, f356w, f410m, f444w]
#     near_border_kernelsize: 21
#     reference_band: f200w
#   make_catalog version: 1.4.0
#   photutils version: 1.5.0
# schema: astropy-2.0
label xcentroid ycentroid sky_centroid.ra sky_centroid.dec bbox_xmin bbox_xmax bbox_ymin bbox_ymax area semimajor_sigma semiminor_sigma orientation eccentricity min_value max_value local_background segment_flux segment_fluxerr kron_flux kron_fluxerr kron_radius gini equivalent_radius kron4_2_flux kron4_2_fluxerr radius_kron20 radius_kron50 radius_kron80 near_border
[from data line 3363]
3364 9566.76547405984 4218.427271703238 214.74548219873074 52.83317191161739 9566 9568 4218 4219 5.0 0.7395039011792351 0.45993661548216724 -18.33117312691745 0.7830546323484393 0.16095999924197193 0.21863259269409335 0.0 0.963331652957004 1.5225894 11.889345476416421 6.187463304263437 3.8089642671799364 0.06188223093888709 1.2615662610100802 25.232315476663377 9.645513899499033 2.0184028565232404 3.4343999759863766 4.645150078176473 False
3365 507.0716464628077 4228.603341350778 214.82620428339976 52.89083280246258 501 513 4222 4233 130.0 2.955026701960875 2.6186240489196466 -17.51720397514995 0.4633809467435114 -0.03340147293062219 0.686984504588131 0.0 45.64377783206142 7.2322245 105.0128041364817 20.308630105054892 2.5985026956882553 0.2973504395322723 6.432750982580687 121.77162782792706 32.48503270663951 3.4807906739218093 6.983283444561783 12.581962905065563 False
3366 1489.9923919220405 4226.6163929916265 214.8174453604456 52.88457484589055 1487 1492 4224 4229 24.0 1.3645618827531383 1.2963498143773968 -63.23116600097581 0.3122141665246546 0.10805569881258958 0.33473885035434126 0.0 5.777457440463493 3.1740289 26.554605602808593 11.798271825235526 3.195132639973538 0.14134346590423089 2.763953195770684 42.90565771230463 18.808598177062354 2.57544947121419 4.65590734798612 6.849742681554644 False
3367 1545.2143669867542 4230.315109643568 214.81691320977956 52.8842437799659 1536 1551 4225 4235 118.0 3.4979984219052542 2.1001358970334194 18.10028217117004 0.7997132268491535 0.010468540743971771 0.35776747736068476 0.0 24.407883818994563 6.621743 105.25015254131509 25.150330899524914 3.3770319549239916 0.28017917107810136 6.128667601500942 120.7532480958039 40.45295710236103 5.135374493012472 12.479417990406272 18.011601285586263 False
3368 6914.044228393888 4239.135464513665 214.76890910276228 52.85015642851438 6900 6929 4225 4249 516.0 6.317741756964237 4.6251556088209025 16.935662578710094 0.6812079133768972 0.06912587891831824 1.5898977911095318 0.0 286.3829952754576 15.127931 410.5351164019596 28.01149872911428 1.7301935224267266 0.3208304869759873 12.815923738491737 420.3415108592171 43.98251181157666 4.65102490207998 9.296388490849704 15.230378039883199 False
3369 4455.521189689505 4228.069363469034 214.79095604887115 52.86573043978516 4453 4457 4226 4231 19.0 1.4878833970185905 1.1619048754383776 84.34256084765357 0.6246419998701137 0.6290389102011276 0.7973339635401134 0.0 12.78537661890856 2.564967 384.4997070116247 13.922632142267942 3.9898167485123035 0.034223609706874665 2.4592453796829674 1053.4739395144545 22.248502314603144 5.813358279378123 9.22300990245233 11.642861075906826 False
3370 9588.427758302736 4233.5527484726435 214.74512991782277 52.833115524587974 9580 9595 4226 4240 156.0 4.062032827791162 2.345666885097813 -45.19371614267165 0.8164180367245167 0.007665212121837746 0.5624681618322365 0.0 53.89043746488011 7.505829 105.66357470133462 20.70194703647038 2.481084218337718 0.26073580821804937 7.046725639945928 117.34164130709746 33.87878974157083 3.6563527187339178 6.720012703098368 12.914611344781122 False
3371 262.15686793191156 4230.4396806973555 214.82837301245505 52.89239922925223 260 264 4227 4231 17.0 0.8534825619566637 0.6390259305098389 -31.683315762755534 0.6628778285949481 -0.0467342719430708 0.19127057261729855 0.0 0.8422121760858339 2.544218 6.473428544056458 7.0313175498519005 3.437440640647642 0.6736275043028678 2.326213245840639 3.2936560969997126 11.203735246089625 1.7521977225126097 3.1702445363992235 4.784953498629408 False
3372 3641.7314300676153 4234.102243600326 214.79815511920938 52.87093689196555 3639 3645 4231 4238 37.0 1.7270169941644051 1.6311889664118526 2.218533050031335 0.3284757613503127 0.19505791757955207 0.5488175046573472 0.0 13.18575587233355 3.8868885 86.74508467688369 15.775340134266454 3.4872179217033312 0.14160212442624073 3.431831258788849 143.89807943608102 25.04961543301579 3.8927640402329935 6.483514355181347 9.03477165107038 False
3373 6552.812309955504 4237.732226758311 214.7721451337831 52.85244618039988 6548 6556 4232 4240 73.0 2.238473440343702 1.5573588492190438 25.955921293374985 0.7183095725865554 -0.06373056904668581 0.1812235775750182 0.0 4.530495873529704 5.1664724 33.306877400568126 18.280162948568208 3.5841065758979695 0.4846742680106934 4.820437914901168 103.80709645683936 29.209772033984198 5.635267046012926 9.318665208146598 11.700026227777625 False
3374 9888.026513763229 4244.688442493678 214.74234336649116 52.831269521162476 9879 9897 4232 4254 325.0 4.250934975017866 3.777494660975742 -59.89172379749814 0.4586310553960592 0.15306280322669769 2.629311257114662 0.0 242.08553448166248 10.723365 300.5776936296337 20.541411953484285 1.9275000046273705 0.39898215084117233 10.171072362820547 366.53834471150253 32.97502935282585 3.0163193985036014 5.812456893374879 10.072946755281182 False
3375 8326.506158037846 4237.9479122932025 214.75632937878316 52.84116643472622 8320 8333 4233 4243 119.0 3.112872786805022 2.5059773845336326 17.05248032043888 0.5932247700796155 0.13341546984399666 0.6572767348608934 0.0 48.13600488747295 6.504238 148.18071287168232 21.884295744367172 2.9178505033321502 0.1898261863593122 6.154581744998688 226.54362870426024 35.054145906877885 4.297827352492685 9.37513092625636 15.820399757940585 False
3376 8693.768052428648 4236.064756217507 214.75307588857657 52.838820204283216 8691 8697 4233 4239 36.0 1.8421227401088 1.4494924166213174 -54.097985709878756 0.6171317378616733 0.10981344252656826 0.24690951515907958 0.0 7.318011956149534 3.5736895 22.42713398827471 12.398089530408502 2.8214921720967627 0.08883827828993172 3.385137501286538 42.76631747862398 20.205325601655268 2.551437927869265 4.454225510104474 7.172383228330689 False
3377 437.1390644719683 4238.857673849057 214.8267210278079 52.89133252680869 434 439 4236 4241 28.0 1.6412680902239016 1.1395965192511854 -22.788037332354715 0.719648031908833 -0.002172383270742958 0.22269229672883445 0.0 3.44602875558 3.3985028 69.792869551692 15.204119108810225 3.9819008268755733 0.3353423492500192 2.985410660720923 120.14144931442786 24.352128241044227 5.906472612067257 9.249550271365054 12.145009025487667 False
3378 8051.270641910817 4247.6769391179305 214.7586802674076 52.842969485090585 8039 8063 4240 4256 295.0 4.876869761404558 3.532634217673236 -10.706941930236544 0.689416573792646 0.18037620915841368 1.3009436914899266 0.0 154.55965322015714 10.346338 247.59630751015249 25.065587282454402 2.24858672934389 0.2833826761071434 9.690274321412074 275.9284980572673 39.98575016873354 3.923867622152635 7.796353407502531 14.256326453420627 False
3379 8803.02762762985 4245.880042306356 214.75199879308104 52.83817804515086 8798 8809 4240 4250 105.0 2.797794443509739 2.3532325712109676 6.621153021553248 0.5408753844233367 0.037887325078420214 0.6939518172226528 0.0 39.45877785648777 6.290577 68.98387475929076 15.786490774023692 2.288290934859662 0.24031002532544932 5.781222885281108 69.35696072752111 25.257652829816532 2.7640240951335038 5.050541066858381 9.18291785394362 False
3380 7581.216228939345 4243.044779949739 214.76291938443072 52.84593426825187 7580 7584 4241 4244 16.0 1.0988289903585846 0.9245209128255869 -33.793292549205795 0.5404607307616585 0.005193416195103001 0.15964124541835967 0.0 1.0884132279556997 2.374447 20.975157761301805 10.250207405981124 3.8470249119629414 0.4278901872799487 2.256758334191025 44.16112402376555 16.40750676363179 3.7930073390539767 6.3705599682828815 8.282476916799867 False
3381 204.4290781583779 4245.995565402692 214.82872490987617 52.892849956005804 201 207 4243 4248 32.0 1.599560919370752 1.3492820686091274 -5.57282276487821 0.537077694173901 0.06182656453528732 0.35563497163708724 0.0 6.582734965412101 3.7316546 28.630851690031246 14.095250699665533 3.375598813761378 0.24829176791863128 3.1915382432114616 54.811119083100415 22.276503210360104 2.75843301814028 6.195145801819335 8.926991550539329 False
3382 2230.2544099788142 4254.884014460226 214.81053695595898 52.88002178512433 2220 2238 4244 4263 305.0 4.367163505357997 3.896567272603572 -61.019624736269584 0.451557282749612 0.10504471618354105 1.971491916204463 0.0 240.15727687849517 11.312893 340.4880301863451 25.022532650899002 2.122241358537813 0.32743142214217275 9.853147481188747 381.8641076616735 39.9724020590542 3.6571779955623898 6.8777262501225405 11.395987746747016 False
3383 7568.3837510030935 4245.028837224356 214.7630128948365 52.846026568593075 7568 7569 4244 4246 5.0 0.8845462355522367 0.4853328176847238 87.6261289176887 0.8360324581292403 0.21922269551082343 0.2726527672681346 0.0 1.2525128980143188 1.3263361 17.621679485248123 6.528939834841524 3.7896998671228292 0.04859484943847682 1.2615662610100802 36.06782056901463 10.48368569997575 2.1895873420181085 3.860090125287771 5.322746228244813 False
3384 7617.3712097228245 4245.846729877765 214.7625675506087 52.845719401003166 7615 7620 4244 4248 27.0 1.4865668078100474 1.2819430242871301 18.305674779374844 0.5063101791471672 0.09177835048244846 0.28225754369259726 0.0 5.417310542570084 3.0911856 17.901266162292814 10.506954301470527 2.8139115515775055 0.15734007616510848 2.9316150714175193 20.996113541637392 16.676224443004 2.2418434480941687 3.9806283928892023 6.078228729316755 False
3385 8036.145032994239 4245.503067104649 214.75883798914265 52.84305398774716 8034 8037 4244 4247 12.0 0.8762957488860833 0.7493161694172745 -26.68015682891017 0.518471244755926 0.002271902775239314 0.2964018831900726 0.0 1.3434937275520724 2.0639307 20.265058486288563 7.880955988825213 3.6615965265818433 0.5058638722273352 1.9544100476116797 46.87088575846893 12.719384784814665 2.8087543043256313 5.045353690296846 6.557763455208919 False
3386 9577.732585050866 4244.79180097471 214.74510686464794 52.83324406059747 9577 9579 4244 4246 5.0 1.014078612403866 0.5199516424416045 -52.20500761447563 0.858548074728675 0.1186904250416964 0.21799827957444454 0.0 0.7532523398247832 1.33838 14.652557687159675 7.465025701797333 3.842755735082613 0.1580935001426907 1.2615662610100802 24.878744348621538 12.282993521082759 2.4251943414231087 3.909437351412048 5.236980156624425 False
3387 9918.750459011915 4245.332740440421 214.7420628585755 52.83107753050249 9918 9921 4244 4248 16.0 1.0689356432549464 0.5973101958255832 -66.00917645940272 0.8293094140304557 -0.06965551338127449 0.15803216753757157 0.0 0.7416284200539056 2.3573143 7.570393194447792 7.807203995668344 3.737592680288135 0.5062699671087663 2.256758334191025 10.855325669386946 12.51037157465489 2.200312242269494 4.1890783812032275 5.989316521510164 False
3388 1231.6560286962474 4256.697243161254 214.8194358222398 52.886378961441096 1220 1242 4245 4264 352.0 4.7362819073961795 3.4217003086348594 -31.391856989065065 0.6914290265292645 -0.01478988767333871 3.2769319785952207 0.0 326.66472358084684 11.730846 382.7159033424385 17.89754502356464 1.60559861620633 0.45197920974417843 10.585134856802455 394.72406443265277 28.551709408850428 2.989594301356246 5.532380701883632 9.021148355909181 False
3389 6138.956578066136 4248.702204576806 214.7757205442314 52.85513712994855 6137 6143 4245 4253 50.0 1.8213412208490594 1.5512187973692486 -83.24661707765453 0.5240453184577204 -0.05840329684780905 0.2429685172633668 0.0 5.490814908390657 4.2953825 9.359606990392948 6.2705595054405965 1.4 0.37138047093970583 3.989422804014327 7.513247287405614 10.034557927969434 1.76405317977438 3.0055523960476984 4.313308352672693 False
3390 6361.648753892561 4251.3401932407805 214.77370664486435 52.853735162370974 6358 6368 4245 4257 115.0 3.0033893610475153 2.173265961214389 86.30828083758371 0.6902148750133007 -0.12562406669537718 0.4095688376778149 0.0 18.710506013415205 6.501247 26.676885565013002 14.041761165454162 2.0196036931013572 0.3488767849034951 6.050259243299904 26.98545710293283 22.536857848733042 2.276880175970847 4.146962786640353 8.458000704119957 False
3391 377.13049362071035 4252.661597631764 214.8271117311545 52.89178831051703 373 381 4247 4257 73.0 2.83006060082189 1.830124407825735 -64.45240347206142 0.7627671621517496 0.11067172240298721 0.48642573427984964 0.0 24.08639471344706 5.5030284 115.91153057693032 20.6691031331594 3.2286737158609573 0.15935294811086578 4.820437914901168 158.55115133489397 32.88431429823337 4.712844069758746 8.796733813303879 13.899123814457715 False
3392 7554.237728528428 4255.595441074283 214.76302773441358 52.846173435446126 7544 7567 4247 4263 282.0 5.39684242368492 3.0608260941117282 -20.19495186653702 0.8236136378336973 0.028261886180663876 0.8157089670298302 0.0 97.08078221476585 10.17931 160.1187803659752 21.62514274000355 1.989603620396667 0.3000781140001646 9.474354220939228 134.9311326426868 34.500485281113036 4.211112863367695 8.208220627858903 16.91399499062065 False
3393 6056.025678364709 4256.21175939342 214.77638112332207 52.85570495042754 6048 6066 4248 4266 286.0 3.806623092010559 3.5997216587623666 85.75083560150263 0.32519498059241086 0.017889954831763054 2.1045999485189872 0.0 186.60770949271495 9.893017 237.2172921510675 18.352381127272963 1.8864902553773881 0.4123688667643453 9.541311620975605 249.8025765229374 29.295111311092043 2.914333179935851 5.5155413147939365 9.748915886560342 False
3394 175.8124173563671 4253.404173032415 214.8289025430135 52.893071756943286 171 181 4249 4257 65.0 2.590389300953012 1.814708743138421 35.39717607852811 0.7135989541657406 0.08698934569850533 0.2669768356811164 0.0 11.087325811215518 4.973283 33.87930715168852 18.058610837869214 3.026134129273087 0.1744196342416505 4.54864184146723 49.146915848357295 28.940936302804705 3.3275873384158 6.084131561830687 9.266671536706095 False
3395 3979.606166754097 4251.848297206587 214.79495266053385 52.86888439136612 3978 3981 4250 4254 18.0 1.3230005773243367 1.0534842924227732 67.13395704157693 0.6049228629465964 0.20716805971037822 0.27987428020733124 0.0 4.403412835201491 2.469232 24.469965614742186 10.051085838950893 3.250273211434821 0.05188299831395616 2.393653682408596 38.54369969849266 16.08978032876681 2.533490189152485 4.531164681174866 7.05377031519651 False
3396 1990.7228803260416 4253.968391068749 214.81268549498364 52.881539449423414 1987 1994 4251 4256 31.0 1.8203367968288318 1.1309501056448985 -0.038014882550573774 0.7835837384406388 -0.03108001694504634 0.1782520855031917 0.0 3.319519708688515 3.4126353 35.36219089141871 14.951935242963165 3.784422295655833 0.24730752432994352 3.141274657157109 57.06646276949441 24.011309631709562 5.961761320721348 9.035288106044101 12.052237939961083 False
3397 3261.9445967011757 4265.294620795905 214.80121655123722 52.873519427038296 3250 3275 4254 4276 453.0 5.135116694390175 4.227373507640356 33.34559748324843 0.5677104255499904 0.10645324826597498 3.6652315283132846 0.0 425.69846580679445 18.745373 467.88833740639393 30.400705804315095 1.6405744953502057 0.4080295142103062 12.008096370418468 503.074857529529 47.67006618625377 3.1844211676750107 6.136232215625117 9.924462766573324 False
3398 7461.342065804725 4255.3397504447785 214.7638586271735 52.84676289184283 7460 7463 4254 4258 15.0 1.2213246196914573 0.8238330705110568 57.84627921127168 0.7382377308121545 0.019116094789527662 0.34116919234912496 0.0 3.1923324297549547 2.3077164 14.982257898414858 8.979978558851021 3.3046061919262484 0.2527548357527365 2.1850968611841584 9.922048464023304 14.413579195757164 1.9362562665789342 3.242080711841043 4.442714906043131 False
3399 nan nan nan nan 7180 7182 4255 4257 8.0 nan nan nan nan -0.03297725797544375 -0.019960542970796948 0.0 -0.21593492594846503 2.0549877 nan nan nan -0.09970295932419239 1.5957691216057308 nan nan nan nan nan False
