outputs/dr0.5_c0.1/nircam1_matched_f814w_f277w_dr0.5_c0.1.ecsv
# %ECSV 1.0
# ---
# datatype:
# - {name: label, datatype: int64}
# - {name: xcentroid, datatype: float64}
# - {name: ycentroid, datatype: float64}
# - {name: sky_centroid.ra, unit: deg, datatype: float64}
# - {name: sky_centroid.dec, unit: deg, datatype: float64}
# - {name: bbox_xmin, datatype: int64}
# - {name: bbox_xmax, datatype: int64}
# - {name: bbox_ymin, datatype: int64}
# - {name: bbox_ymax, datatype: int64}
# - {name: area, unit: pix2, datatype: float64}
# - {name: semimajor_sigma, unit: pix, datatype: float64}
# - {name: semiminor_sigma, unit: pix, datatype: float64}
# - {name: orientation, unit: deg, datatype: float64}
# - {name: eccentricity, datatype: float64}
# - {name: min_value, datatype: float64}
# - {name: max_value, datatype: float64}
# - {name: local_background, datatype: float64}
# - {name: segment_flux, datatype: float64}
# - {name: segment_fluxerr, datatype: float32}
# - {name: kron_flux, datatype: float64}
# - {name: kron_fluxerr, datatype: float64}
# - {name: kron_radius, unit: pix, datatype: float64}
# - {name: gini, datatype: float64}
# - {name: equivalent_radius, unit: pix, datatype: float64}
# - {name: kron4_2_flux, datatype: float64}
# - {name: kron4_2_fluxerr, datatype: float64}
# - {name: kron4_2_mag, datatype: float64}
# meta:
#   PHOTMJSR: 0.3925000131130219
#   PIXAR_SR: 2.11539874851881e-14
#   __serialized_columns__:
#     area:
#       __class__: astropy.units.quantity.Quantity
#       unit: !astropy.units.Unit {unit: pix2}
#       value: !astropy.table.SerializedColumn {name: area}
#     eccentricity:
#       __class__: astropy.units.quantity.Quantity
#       unit: !astropy.units.Unit {unit: ''}
#       value: !astropy.table.SerializedColumn {name: eccentricity}
#     equivalent_radius:
#       __class__: astropy.units.quantity.Quantity
#       unit: !astropy.units.Unit {unit: pix}
#       value: !astropy.table.SerializedColumn {name: equivalent_radius}
#     kron_radius:
#       __class__: astropy.units.quantity.Quantity
#       unit: !astropy.units.Unit {unit: pix}
#       value: !astropy.table.SerializedColumn {name: kron_radius}
#     orientation:
#       __class__: astropy.units.quantity.Quantity
#       unit: &id001 !astropy.units.Unit {unit: deg}
#       value: !astropy.table.SerializedColumn {name: orientation}
#     semimajor_sigma:
#       __class__: astropy.units.quantity.Quantity
#       unit: !astropy.units.Unit {unit: pix}
#       value: !astropy.table.SerializedColumn {name: semimajor_sigma}
#     semiminor_sigma:
#       __class__: astropy.units.quantity.Quantity
#       unit: !astropy.units.Unit {unit: pix}
#       value: !astropy.table.SerializedColumn {name: semiminor_sigma}
#     sky_centroid:
#       __class__: astropy.coordinates.sky_coordinate.SkyCoord
#       dec: !astropy.table.SerializedColumn
#         __class__: astropy.coordinates.angles.Latitude
#         unit: *id001
#         value: !astropy.table.SerializedColumn {name: sky_centroid.dec}
#       frame: icrs
#       ra: !astropy.table.SerializedColumn
#         __class__: astropy.coordinates.angles.Longitude
#         unit: *id001
#         value: !astropy.table.SerializedColumn {name: sky_centroid.ra}
#         wrap_angle: !astropy.coordinates.Angle
#           unit: *id001
#           value: 360.0
#       representation_type: spherical
#   astropy version: '5.1'
#   kernelfile: kernel_f814w_f277w.fits
#   make_catalog parameters:
#     ab_zpt: 31.4
#     coadd_bands: !!python/tuple [f277w, f356w]
#     deblend_contrast: 0.001
#     deblend_nlevels: 32
#     deblend_npixels: 1
#     detect_kernel_fwhm: 4.0
#     detect_kernel_npix: 7
#     detect_npixels: 4
#     detect_threshold_nsigma: 3.0
#     flag_isolated_buffer: 4
#     hst_bands: !!python/tuple [f606w, f814w, f125w, f140w, f160w]
#     jwst_bands: !!python/tuple [f115w, f150w, f200w, f277w, f356w, f410m, f444w]
#     near_border_kernelsize: 21
#     reference_band: f200w
#   make_catalog version: 1.4.0
#   photutils version: 1.5.0
# schema: astropy-2.0
label xcentroid ycentroid sky_centroid.ra sky_centroid.dec bbox_xmin bbox_xmax bbox_ymin bbox_ymax area semimajor_sigma semiminor_sigma orientation eccentricity min_value max_value local_background segment_flux segment_fluxerr kron_flux kron_fluxerr kron_radius gini equivalent_radius kron4_2_flux kron4_2_fluxerr kron4_2_mag
[from data line 2397]
2398 2660.0671157376205 2919.6351009349582 215.00161451759476 52.997161040736174 2655 2665 2915 2924 77.0 3.0386450846710615 1.6494913761033692 -31.821225201704035 0.839837565236483 -0.1955495685635298 0.5901917153747521 0.0 16.838181389531638 3.473692 24.200713970580154 5.5546302114198225 1.4 0.3808556166665516 4.950743503369154 17.098344559354842 8.975933139911188 28.317614838572254
2399 8402.770322709657 2922.116784801218 214.95005448792827 52.96074174935265 8397 8408 2916 2929 128.0 2.3557297917688778 2.1517864779109845 27.52533638132804 0.4070032836931259 -0.03166738544585141 2.9094669988353923 0.0 83.03681643042636 3.821282 87.07216050921252 4.739987228292878 1.4 0.5299925361183523 6.383076486422923 89.14268006675891 7.683315013097379 26.524785782571332
2400 237.6623070299465 2919.460202546538 215.0233805370399 53.012521497827386 233 241 2917 2921 34.0 2.168876138999171 1.1255052426371264 -6.415563534364943 0.8548138413658276 0.008015363797068123 0.5305951260969916 0.0 8.136339544019458 1.9992093 23.482167109426822 5.39423094388818 2.3236274867262527 0.3040495578149568 3.2897623212397704 31.866987693539304 8.643019396465911 27.641647468386854
2401 910.1740805481409 2924.689156517042 215.0172816791893 53.00828551621045 908 914 2920 2926 41.0 1.1976070925381688 0.9176416295851239 46.163269902057685 0.6425672560212107 -0.26380973135543906 0.20605399184212608 0.0 -1.8074539078472487 2.3413026 13.538031788765526 9.081593117211149 5.4272995821047045 -0.4240647098150066 3.6125759969217834 31.17811797103874 14.492696277722963 27.6653752600281
2402 1672.8347803596232 2921.4263204079766 215.01046359965846 53.00343162984874 1671 1674 2920 2922 11.0 1.0736537596753306 0.6242723433616985 -20.44913094398113 0.8135845591344676 -0.05971109768349209 0.59795845084715 0.0 3.585805014836794 1.2711252 10.465191041769689 3.171980564631065 2.3743611819297814 0.32808556479409806 1.8712051592547776 8.712788646771674 4.988848255613556 29.04960705218501
2403 2990.980724111947 2932.05617304732 214.99851172126125 52.99512941717373 2963 3021 2921 2943 1011.0 11.039361666061591 3.423359109527715 -9.725297618294618 0.9507023767718477 -0.18603337216506144 5.106028874087481 0.0 851.8832130634053 13.146623 908.5632745616413 16.968909155431163 1.5049971573020426 0.5605974646924134 17.939099613186062 958.6172917086005 26.983238790196587 23.945886853481852
2404 8104.571195976797 2922.61992105642 214.9527230346677 52.96263684657441 8103 8106 2921 2924 12.0 1.0204894153691435 0.8221026443629279 68.60408598986429 0.592464656410638 0.16505905190753534 0.46636289211671833 0.0 3.8319645122499963 1.1751817 17.281034562956425 4.533639436135718 3.3019087185396705 0.17046617695994468 1.9544100476116797 20.414047820247198 7.283253959112049 28.125177180554566
2405 6760.0053726255765 2925.0528627463045 214.9647565530536 52.97118189043333 6755 6763 2922 2929 58.0 2.252959063966939 1.5927471869637593 -35.872367410009055 0.7072556406535352 -0.20395814935518497 0.9375599613869816 0.0 15.947761767436027 3.256533 30.320728774377862 5.987500539563679 1.7059112887747678 0.5008687694064909 4.296739856991561 27.766560421946302 9.57792396498616 27.791194787686514
2406 4462.5430712175685 2933.1923214802923 214.98528727017307 52.98580150815112 4449 4473 2923 2944 400.0 5.699062254761891 3.5466148728807587 -43.177946309956205 0.7827665024983463 -0.10533000114276324 1.9644283433930245 0.0 176.6505782751463 6.1253667 190.24687434838393 9.731558170020238 1.603301750606759 0.42823654947931294 11.283791670955125 196.15215571755806 15.456127685785267 25.66851728649995
2407 6508.891506427879 2924.904612131265 214.96701083288585 52.97277438890381 6508 6510 2924 2926 8.0 0.9228361056691288 0.5638882483842854 65.63969864927897 0.7916009971748238 -0.015857381395487098 0.19168421099923588 0.0 0.8047672301290623 1.1775199 13.922581234222061 5.165198378660375 3.955080150588701 0.3685178571257517 1.5957691216057308 15.437547901046248 8.291892628348128 28.42855420456307
2408 3774.7027049506564 2945.9288344718757 214.99132815230666 52.99023346648608 3752 3804 2925 2970 1581.0 7.163596884123404 5.949654135474568 -40.167925247933844 0.5569589037268812 -0.41391114683002844 5.240544328396136 0.0 842.7533610563487 13.572643 844.3091898849782 13.821070731052002 1.4 0.6952289083697586 22.433188138482972 828.119629381094 21.93915774995894 24.104767302279157
2409 2935.924774017343 2931.543362624438 214.99901155758565 52.99547583384441 2930 2940 2927 2935 68.0 2.484893566334068 1.7553277889905485 3.3673435002063155 0.7078132688005306 -0.1843815591070994 0.4294700565278188 0.0 10.526372196753544 3.3399782 9.229523725013578 7.775938489305837 2.082356077590918 0.3665148880253749 4.652426491681278 15.974378327134223 12.474913472598447 28.391440085560625
2410 4256.805933486749 2928.754378742967 214.98718091025611 52.98708259431807 4255 4258 2927 2930 10.0 1.0078833223759522 0.7160986026196536 -61.81335739142496 0.7036997028468684 0.09790522613643292 0.3195128478939208 0.0 2.442035177752711 1.0020337 13.991271504190527 4.141853965777258 3.3593528108705053 0.15544186729176782 1.7841241161527712 24.765161660648438 6.625144385558742 27.915397081772113
2411 6977.304122162428 2928.7219331646197 214.96276866340406 52.96982293145159 6974 6980 2927 2933 40.0 1.4540090791917706 1.1704787004938166 -82.85330915444375 0.5932735110753543 -0.36637019030786167 1.0138462815418616 0.0 11.954216930133747 2.7636743 22.015722620633092 5.6395471245549205 2.302182016827016 0.5204861336038484 3.5682482323055424 21.855154675781286 9.019669443660263 28.051115288813126
2412 9847.717470232588 2949.7575073301955 214.936810264837 52.95172047439339 9822 9871 2927 2970 1584.0 8.617968807293591 7.388217402625023 16.090671448834584 0.5148108345121356 -0.33110784867122034 4.225339787438916 0.0 646.596343040706 14.483 745.298298695127 22.942237049903635 1.7765036971646306 0.5828571462745227 22.45446191105733 855.9317385338725 36.66990619983169 24.06890217347116
2413 300.5140516099526 2929.6548367733058 215.02270820856538 53.01217810734841 298 302 2928 2931 16.0 0.8981960328656475 0.7603484196459189 -40.953681561594465 0.5323436167720864 -0.14430222405800863 0.33568557486675404 0.0 1.8294041917166213 1.3524173 8.80745509495366 3.716107930430707 3.002892098261942 0.4848031995748277 2.256758334191025 13.833080980124716 5.9048158674864295 28.5477027016344
2414 3524.267871620249 2939.1913853050414 214.99364773680347 52.99178553763959 3510 3540 2928 2950 525.0 5.06034285140621 4.624714234286129 -30.600711741412763 0.4059096261834151 -0.431081139929501 1.372659351652307 0.0 121.28470200320972 7.6210966 188.99996536074576 16.396566973475863 2.283655815283402 0.5553966756582349 12.927207364566026 261.38493253474087 26.2525479779324 25.35679862706103
2415 1725.8420055232295 2939.159195444744 215.00980051541396 53.00319134916683 1715 1740 2929 2952 438.0 5.3359473280284035 3.7128838382302014 15.577343699082453 0.7182116788885293 -0.3056331231577496 1.8790682482830128 0.0 131.82928137147084 7.546537 158.5229042486173 11.713348756036659 1.6346316206747085 0.5540339568782068 11.807613228273542 160.6544646689568 18.752226966608653 25.885268001702748
2416 464.0146380720204 2932.8880723827097 215.02120469965791 53.01115888788143 463 465 2931 2934 11.0 1.061014799686986 0.7156129145561743 -68.31677966037674 0.738310638429218 0.09681428962518027 0.37605291199009866 0.0 2.69558332443231 1.1454465 11.168448985676857 4.5946784499434346 3.531890771094819 0.20553888905286624 1.8712051592547776 7.5251879213977375 7.289865108152689 29.208706625645256
2417 7767.564080601893 2936.566106320757 214.9555982074738 52.964850759659505 7764 7772 2933 2940 57.0 2.186043348727243 1.7136054621441321 -53.82845354471017 0.6209066885941532 0.07457977585921957 0.6769510549366994 0.0 20.974775036567102 2.658904 29.634477804449066 4.170426144562391 1.4 0.26209043768159973 4.259537945889915 31.591027654611032 6.626085214031428 27.6510906157161
2418 9236.122629220225 2952.7417444041184 214.94226070784077 52.95561833591167 9224 9248 2934 2971 646.0 7.056177446642212 3.13039748801844 69.68494947017774 0.8962054387705156 -0.4207706751384405 4.926750739063222 0.0 523.717687150147 9.436587 541.335378084906 10.82178529826155 1.4 0.5950537328742782 14.339741506551949 560.7967733734085 17.27048536128639 24.52798623452822
2419 3699.9525978748006 2938.727174266157 214.9920751839139 52.99066868176478 3698 3701 2937 2940 15.0 1.0695794358329906 0.9078970409833167 78.05574644768936 0.5286569977584232 0.06263033438342644 0.48141056066655336 0.0 4.2117375312715835 1.2673448 10.518678959353092 3.837048584526668 2.669056080820578 0.2704272412332671 2.1850968611841584 9.512762425936149 6.125833519501008 28.954233373237017
2420 435.8137537053631 2941.0391092399595 215.02137224291695 53.01138177610876 434 438 2939 2944 24.0 1.2327765593825364 0.9367961776210609 -44.24533421298596 0.6500312003731404 -0.09494944347933534 0.5490307233244412 0.0 5.376408912773195 1.7188263 7.901110201725539 2.890560879640285 1.728225107510893 0.4078039692983181 2.763953195770684 8.313539158324076 4.500092811806155 29.10053513316362
2421 383.78367983550106 2945.336403307974 215.02179456192115 53.01173491937033 376 393 2940 2951 148.0 4.07161643292785 2.2152997908846808 -5.849158315865362 0.8390310000488421 -0.12297547428849587 0.6305534657988154 0.0 28.573456406647615 4.084209 33.51961958768827 6.269985895013538 1.4 0.4249074007315608 6.863662517577698 40.17056395529157 10.045610454905818 27.39023017789313
2422 7027.852215136116 2944.855779452454 214.96214526300605 52.96958934994966 7016 7039 2940 2951 205.0 6.45501000959339 2.295566678220743 8.8168021326389 0.934628507423065 -0.284795231577826 0.7117585276131302 0.0 32.56729490877151 5.977163 41.33225899107545 9.986841462734938 1.4 0.43821285862868425 8.07796550300118 23.04793629845127 15.972321044675379 27.993419887650994
2423 1913.883982606557 2942.0651775500414 215.00808060717574 53.00201456176171 1913 1916 2942 2944 11.0 0.7686424354794497 0.23176489054802196 6.655427608369238 0.9534582790647789 -0.22771061804755113 0.2145506750543051 0.0 -0.11220673151229749 1.2428265 0.5919735374210211 0.9658656484929361 1.4 -0.4507306563532482 1.8712051592547776 0.057158905484167626 1.529229910708277 34.50729023988537
2424 3906.5585113391417 2944.045057196364 214.9901641702282 52.989386918950586 3904 3908 2942 2946 19.0 1.2641150831705865 1.087056780101596 43.28646633478117 0.5104035935929053 0.17806320398172085 0.552596939292062 0.0 6.000737022290993 1.5610801 19.568975114803536 4.9491818618919 2.7428485765737167 0.2260296058577637 2.4592453796829674 17.63551511235583 7.987772743368836 28.2840296264689
2425 4247.874771742818 2947.106423879009 214.98706770670583 52.98723842579589 4247 4250 2945 2948 10.0 1.2751916917708364 0.48218352490761224 -28.590901355750212 0.9257540148896396 -0.06203176681250579 0.22650523894015723 0.0 0.5399763853523116 1.0278497 8.726460528546184 3.921210074474494 3.4233439905613676 0.5498603206420025 1.7841241161527712 21.58642472915418 6.30231539025452 28.06454820530128
2426 2423.6224336753266 2961.2858375352257 215.0032992668661 52.998885753758344 2401 2448 2946 2976 837.0 9.48291165778453 3.5303950333420353 -26.938701239148873 0.9281163776507986 -0.2507750769785125 3.7575083908893805 0.0 423.3459771695628 11.963145 552.271123771754 22.361090013430427 2.119987440270779 0.5707845944547002 16.322541920173855 720.8515057411763 35.75084835852161 24.255385475091817
2427 7399.650852246199 2949.2994477627194 214.9587636444666 52.96725416543211 7397 7403 2946 2952 38.0 1.8730845619121428 1.4779112496413667 44.44981417448355 0.6143606082389804 0.08440208475436276 0.40502084678242234 0.0 10.060227282450928 2.122165 32.452135022119386 6.712530762293222 2.689429818579935 0.17341887841823045 3.477898169151024 43.20951292717996 10.722627539849123 27.311051572953133
2428 9820.0 2947.3585393491894 214.93708395538508 52.9518834466107 9819 9820 2946 2948 5.0 0.5597519250575277 0.28867513459481287 90.0 0.8567573272654538 -0.12854374025413232 0.034586550336688546 0.0 -0.28237241511019745 0.79771894 2.78644657819215 2.7410310356546796 4.260021135472303 -0.5164736428913682 1.2615662610100802 11.13889731392684 4.40634202583297 28.782894499157912
2429 1359.9562660840415 2950.488195433282 215.01296834405147 53.00557285106985 1359 1362 2948 2952 15.0 1.1369128406646667 0.8172492171529537 -56.11677582166759 0.6951839323814657 0.029335684373078794 0.549470893636872 0.0 4.661946395749796 1.4198711 22.57515318178028 5.0380444258304315 3.2409752688262783 0.3260613381296655 2.1850968611841584 17.975768027739605 8.044301390131233 28.263281362504067
2430 3635.879778035169 2951.000341708281 214.99252114517125 52.99114142300821 3632 3637 2949 2953 22.0 1.4123205398792384 0.8052392657794428 61.918361378465946 0.8215382977601486 -0.17373287945835356 0.3725813334461536 0.0 1.8701070575444136 1.6090742 8.281143634675422 4.151761024009699 2.6265434694646506 0.5031323858017573 2.6462837142006137 13.083757716821722 6.673205634790221 28.608168766691243
2431 294.53330112468376 2954.519939327763 215.0224999097982 53.01235048288886 291 299 2950 2958 57.0 2.309210322266727 1.7397019627013481 37.873162251289855 0.6575908258794542 0.07898540324348749 0.6288685118797467 0.0 22.38127595704657 2.6119256 36.402179188099105 6.177621116317265 2.028644516161262 0.19243810325563543 4.259537945889915 48.5776706481754 9.77127000029678 27.18390828480384
2432 1903.6968479415657 2955.824942170246 215.00802711746854 53.00215355176442 1900 1907 2952 2959 48.0 1.6842506100784056 1.377619381787968 -70.26050033769471 0.575300632144857 -0.226789333612122 0.4526061843586059 0.0 7.124206795724538 2.6041336 17.16470434258649 6.666162595377898 2.6467120591395887 0.4247079033725566 3.9088200952233594 31.966299133510105 10.601150859061331 27.638269102074222
2433 6433.384178752946 2957.636291733006 214.9673433621633 52.97343030139271 6427 6439 2952 2962 105.0 2.3093042685034746 2.0931669939188935 82.93224665891803 0.4224078125512275 -0.46704566704352807 1.2299927050502495 0.0 35.741231607114116 4.3469763 37.06947619439921 5.85208220172946 1.4 0.46328739408913056 5.781222885281108 38.29691293497461 9.49924029030369 27.442090581353913
2434 8317.424365315377 2952.8771991230215 214.95049565427115 52.96144950019277 8315 8320 2952 2955 17.0 1.25823325696416 0.724715227603546 -4.108475881276271 0.8174648845534837 -0.19454517714393982 0.4779736022051245 0.0 3.815395442428693 1.4232113 6.833848373914067 2.037589819979742 1.4 0.3202174007020774 2.326213245840639 5.764482159893739 3.2476212229902526 29.498099251366327
2435 3723.832895647317 2959.7950806250315 214.9916387699082 52.99063107427618 3712 3733 2953 2965 204.0 4.519542019066376 2.1794042001844383 0.5933009414323605 0.8760512926211477 -0.34342395191046565 1.3708029158455115 0.0 83.2653968417132 4.700128 95.97912626913896 8.346704963104498 1.8312924493189648 0.45864875675856265 8.058239062071396 111.06575965138524 13.405882799457613 26.28604952155907
2436 3666.353179727502 2981.6793510101584 214.99192425070396 52.991113942018856 3631 3693 2954 3007 1550.0 13.15099229485308 4.148559920120424 41.858348663302536 0.9489401921767111 -0.23318456480074262 5.807984286652181 0.0 1402.2125767747798 13.092113 1437.1698370960949 15.222324032687771 1.4 0.5964599115434062 22.212166116452387 1470.7925049112782 24.395964604684327 23.48112147985395
