outputs/dr0.5_c0.1/nircam2_matched_f200w_f277w_dr0.5_c0.1.ecsv
# %ECSV 1.0
# ---
# datatype:
# - {name: label, datatype: int64}
# - {name: xcentroid, datatype: float64}
# - {name: ycentroid, datatype: float64}
# - {name: sky_centroid.ra, unit: deg, datatype: float64}
# - {name: sky_centroid.dec, unit: deg, datatype: float64}
# - {name: bbox_xmin, datatype: int64}
# - {name: bbox_xmax, datatype: int64}
# - {name: bbox_ymin, datatype: int64}
# - {name: bbox_ymax, datatype: int64}
# - {name: area, unit: pix2, datatype: float64}
# - {name: semimajor_sigma, unit: pix, datatype: float64}
# - {name: semiminor_sigma, unit: pix, datatype: float64}
# - {name: orientation, unit: deg, datatype: float64}
# - {name: eccentricity, datatype: float64}
# - {name: min_value, datatype: float64}
# - {name: max_value, datatype: float64}
# - {name: local_background, datatype: float64}
# - {name: segment_flux, datatype: float64}
# - {name: segment_fluxerr, datatype: float32}
# - {name: kron_flux, datatype: float64}
# - {name: kron_fluxerr, datatype: float64}
# - {name: kron_radius, unit: pix, datatype: float64}
# - {name: gini, datatype: float64}
# - {name: equivalent_radius, unit: pix, datatype: float64}
# - {name: kron4_2_flux, datatype: float64}
# - {name: kron4_2_fluxerr, datatype: float64}
# - {name: kron4_2_mag, datatype: float64}
# meta:
#   PHOTMJSR: 1.891700029373169
#   PIXAR_SR: 2.11539874851881e-14
#   __serialized_columns__:
#     area:
#       __class__: astropy.units.quantity.Quantity
#       unit: !astropy.units.Unit {unit: pix2}
#       value: !astropy.table.SerializedColumn {name: area}
#     eccentricity:
#       __class__: astropy.units.quantity.Quantity
#       unit: !astropy.units.Unit {unit: ''}
#       value: !astropy.table.SerializedColumn {name: eccentricity}
#     equivalent_radius:
#       __class__: astropy.units.quantity.Quantity
#       unit: !astropy.units.Unit {unit: pix}
#       value: !astropy.table.SerializedColumn {name: equivalent_radius}
#     kron_radius:
#       __class__: astropy.units.quantity.Quantity
#       unit: !astropy.units.Unit {unit: pix}
#       value: !astropy.table.SerializedColumn {name: kron_radius}
#     orientation:
#       __class__: astropy.units.quantity.Quantity
#       unit: &id001 !astropy.units.Unit {unit: deg}
#       value: !astropy.table.SerializedColumn {name: orientation}
#     semimajor_sigma:
#       __class__: astropy.units.quantity.Quantity
#       unit: !astropy.units.Unit {unit: pix}
#       value: !astropy.table.SerializedColumn {name: semimajor_sigma}
#     semiminor_sigma:
#       __class__: astropy.units.quantity.Quantity
#       unit: !astropy.units.Unit {unit: pix}
#       value: !astropy.table.SerializedColumn {name: semiminor_sigma}
#     sky_centroid:
#       __class__: astropy.coordinates.sky_coordinate.SkyCoord
#       dec: !astropy.table.SerializedColumn
#         __class__: astropy.coordinates.angles.Latitude
#         unit: *id001
#         value: !astropy.table.SerializedColumn {name: sky_centroid.dec}
#       frame: icrs
#       ra: !astropy.table.SerializedColumn
#         __class__: astropy.coordinates.angles.Longitude
#         unit: *id001
#         value: !astropy.table.SerializedColumn {name: sky_centroid.ra}
#         wrap_angle: !astropy.coordinates.Angle
#           unit: *id001
#           value: 360.0
#       representation_type: spherical
#   astropy version: '5.1'
#   kernelfile: kernel_f200w_f277w.fits
#   make_catalog parameters:
#     ab_zpt: 31.4
#     coadd_bands: !!python/tuple [f277w, f356w]
#     deblend_contrast: 0.001
#     deblend_nlevels: 32
#     deblend_npixels: 1
#     detect_kernel_fwhm: 4.0
#     detect_kernel_npix: 7
#     detect_npixels: 4
#     detect_threshold_nsigma: 3.0
#     flag_isolated_buffer: 4
#     hst_bands: !!python/tuple [f606w, f814w, f125w, f140w, f160w]
#     jwst_bands: !!python/tuple [f115w, f150w, f200w, f277w, f356w, f410m, f444w]
#     near_border_kernelsize: 21
#     reference_band: f200w
#   make_catalog version: 1.4.0
#   photutils version: 1.5.0
# schema: astropy-2.0
label xcentroid ycentroid sky_centroid.ra sky_centroid.dec bbox_xmin bbox_xmax bbox_ymin bbox_ymax area semimajor_sigma semiminor_sigma orientation eccentricity min_value max_value local_background segment_flux segment_fluxerr kron_flux kron_fluxerr kron_radius gini equivalent_radius kron4_2_flux kron4_2_fluxerr kron4_2_mag
[from data line 1507]
1508 1258.990671322302 3584.9513585969694 214.93483966184652 52.93731208024355 1258 1260 3583 3587 13.0 1.3011479814650575 0.7172956230976815 -74.2653537024668 0.8343209268978772 0.1749898873700903 0.25625391613477216 0.0 2.82266748192379 0.83060044 14.48498534429608 3.3188334906752983 3.340148645037389 0.058048539995662264 2.0342144725641096 14.801231822525486 5.3360408394025 28.47425534808972
1509 1348.9600369364941 3590.426774530216 214.9339759549823 52.936770580715084 1341 1359 3584 3598 203.0 3.6070205653772027 2.700803424667503 19.128002031657164 0.662837851623468 0.13390166807755272 2.2258676564801054 0.0 116.01401279412627 3.6365156 161.8941385832073 6.810649224380921 1.9366282649145126 0.4099945447811206 8.03846421247924 164.91757305701591 10.703282738600226 25.856832662358322
1510 636.8654121542911 3595.997278541254 214.94029757148334 52.94132040622108 628 645 3585 3608 349.0 4.830763472940073 3.011893603468666 89.8513986557394 0.7818377814635417 0.08229828838423471 3.4878977743894652 0.0 315.3288746143721 4.624602 361.30777830556076 7.073990918805661 1.7527762104372673 0.491890823036481 10.539931227391522 402.6469445908556 11.172005011996623 24.88768898029866
1511 10041.41626992903 3588.6128495048156 214.85621876618956 52.88156116768019 10037 10046 3585 3593 67.0 2.249042232390653 1.6701626472102877 -37.00729573160192 0.6697234254984572 0.27230341477127573 2.3153553026841975 0.0 62.816092523966624 2.0998578 113.70255768316227 5.257445197515432 2.4504420634860264 0.30799344889132185 4.61809077155419 155.01038989394445 8.292460681601662 25.92409797840682
1512 6923.437372660221 3596.015465423189 214.88401637221608 52.9014070413624 6917 6929 3586 3604 185.0 3.902158682667537 2.3221514985080556 -88.09753633454713 0.8036560495283053 0.11775811176286864 2.102779624234932 0.0 116.08463474674444 3.172096 148.23336669209255 5.929210521220051 1.945360478597753 0.40032251760622134 7.673807981960539 174.75982121681452 9.511528393935572 25.7938960206379
1513 3621.7179214262865 3587.806136055546 214.91364880008481 52.9223286884764 3621 3623 3587 3589 8.0 0.7884420238948175 0.6903423259355602 -51.294046856335676 0.4830771482817395 0.15794271653908712 0.3351147354358046 0.0 1.9400307216648702 0.7208225 6.335931740726733 2.3802082090180168 2.9258800247366605 0.17721075653841306 1.5957691216057308 4.494944555506708 3.819544024805947 29.768189152143897
1514 3788.335748417752 3588.568518150591 214.91214907994922 52.92127495583829 3787 3790 3587 3590 14.0 1.0163853302636023 0.9778522039121631 -60.23569666779033 0.2727389587395864 0.3663032214871219 0.7188547298532482 0.0 7.832055954126179 1.0578125 23.965293632783492 3.2089725319203724 2.8916681950336396 0.10148333229249466 2.111004122822376 26.791920023705487 5.103988927760415 27.829990404686
1515 4454.450559810092 3589.0959499628975 214.90618067734943 52.91704848715321 4453 4458 3587 3593 38.0 1.4997415862005903 1.1647272988902169 89.57902358675594 0.62997099865548 -0.046454892379087086 0.02381078993395324 0.0 -0.33715276895271973 1.5268643 -0.5066170730935134 2.010292524313825 1.4 -0.4595302099356567 3.477898169151024 -1.6220774340548854 3.1613475214505375 nan
1516 7294.916073863695 3606.2442408218058 214.88058622089653 52.89910286901656 7263 7317 3589 3623 1330.0 9.697238331384236 4.870241633012276 -10.870617924585758 0.8647342210299193 0.10495699875745074 9.6449129999366 0.0 2039.4688688123479 9.102667 2113.6501327457954 10.75046812891177 1.4480489121386901 0.5799644093744919 20.575523046193542 2214.586038529639 16.638311184764948 23.036768605864182
1517 4232.931166253408 3591.3338297984114 214.90813995385335 52.91846707623328 4232 4234 3590 3592 7.0 0.7422327440979983 0.6748708788741941 -7.730064077868532 0.4162629393724491 0.46203209806475204 0.6641973370913725 0.0 3.935700562866312 0.65591687 18.79473148190756 2.3925549071045586 3.2404216436495976 0.09044050139733088 1.4927053303604616 26.268507074011612 3.841268790741291 27.85141152225473
1518 1557.4124606682756 3591.7939754367612 214.93209409846384 52.93545482682426 1557 1558 3591 3593 5.0 0.7509706647588741 0.4554173310632782 -71.75964502052315 0.7951305908380765 0.25507480074154537 0.30919064264959795 0.0 1.3959621840751375 0.5281546 18.011824299758896 2.4119838704839625 3.9015026662107903 0.04680007570969394 1.2615662610100802 29.212603263716108 3.823225937500472 27.736074348520443
1519 4123.145961059794 3593.99562702072 214.90909466982373 52.919178498672494 4120 4126 3591 3597 38.0 2.02286374588404 1.390265733702219 -47.81116965134267 0.7263963652966691 0.22122788679572386 0.41406380484193755 0.0 12.22476216821067 1.5797604 65.41143961466008 6.440532727088261 3.3718548243155495 0.08164329939079563 3.477898169151024 81.48712240636279 10.295302874821354 26.62227754593363
1520 239.21067779896936 3598.5090119059205 214.94383463537903 52.94385778179597 235 243 3593 3604 89.0 2.3768348656124774 1.8270886599963112 84.25522524505662 0.6396015600004782 0.1258010137965125 1.9620612422357264 0.0 56.92685739641426 2.8057938 86.73693614246899 5.910066452569862 2.2752242331118517 0.3930117105781013 5.322553886092406 98.7897125116005 9.096339981731951 26.413220696022428
1521 10028.73800331574 3601.7493797772277 214.85619376112442 52.88171255647462 10021 10038 3594 3610 235.0 3.6363805385169536 2.8540999111758407 26.81880338351395 0.6196556100373399 0.16467229242434592 4.8218844564881245 0.0 250.56072198351137 4.131609 311.6126748255314 7.128988061410002 1.9342304379315238 0.460421386514188 8.6488625410045 369.09539609683 11.038200786940402 24.982153429832664
1522 2071.4577639831946 3608.7909801111614 214.927310418777 52.93228360295102 2060 2086 3596 3622 431.0 6.822453885666092 3.8624630540885434 -43.90399044114532 0.8243092044223337 0.0713271317879693 1.6743426462034776 0.0 225.7018345449941 5.0437145 330.15017845464365 10.45572160510804 1.9296664731029456 0.2943017556231224 11.71288013023329 354.30422199346987 16.45821407637748 25.02655918113755
1523 10240.104297378492 3635.2269320344853 214.85395255725558 52.880550211608586 10217 10260 3596 3679 2363.0 15.30209070419099 6.493042736868959 -74.43272632230253 0.9055104812807201 0.07141343072693729 8.779855488506259 0.0 2626.3145433783984 12.924289 2798.9043851848496 17.013925612027574 1.4933843318661535 0.4934390468233167 27.425649692437503 2906.130963484734 26.585407582807758 22.741712045778776
1524 2601.211563245015 3600.126072201178 214.9226570081411 52.92887392859614 2596 2607 3597 3604 64.0 3.1798372954852403 1.3806389804753152 -28.653632484193505 0.9008235255126649 0.17422064278900654 0.7087143313320041 0.0 28.633499572846326 1.9882962 73.04525373936946 6.066892071661147 2.689817300354274 0.1559380189924995 4.51351666838205 90.15805826697499 9.751618058183112 26.512488625640756
1525 9540.42591732448 3601.8842140050383 214.8605563130646 52.88481555871158 9532 9550 3597 3608 176.0 3.8678461921334786 2.369357996770192 -4.975444408081043 0.7904100402391375 0.10632966487068536 1.688059028612494 0.0 85.34423115389455 3.4070048 107.14543805561493 6.371674346951706 1.8942782596160794 0.38055305372787634 7.48482063701911 123.81354543115913 10.163124340092455 26.168079600240354
1526 828.1857389814846 3599.823907892009 214.9385429319073 52.94012677118272 827 829 3599 3601 6.0 0.7722200781587605 0.5726111380137426 -44.21481436512932 0.6709386271281532 0.33696817807885615 0.3810409096960648 0.0 2.1508030126726565 0.60265774 17.389002000838772 2.6483832816983925 3.533507140136166 0.032006699900964226 1.381976597885342 23.70994841976255 4.3168881443656355 27.962673477036482
1527 4128.333713743212 3604.5585105582754 214.90893699859285 52.919202571747235 4126 4131 3601 3607 33.0 1.4891085837900255 1.4825182442967793 -11.796248373165772 0.09397766752234976 0.12731459000240308 0.6621247858312487 0.0 13.935450431053008 1.4621719 43.744969315941006 4.87939012825811 2.9057029565035477 0.19105235437594725 3.2410224072142872 83.64435564019554 7.838211253444874 26.59390840026332
1528 9290.957804342754 3602.7870237873926 214.86277650771743 52.88640525133361 9287 9295 3601 3605 40.0 2.2825139429349552 1.2421497275285276 1.6125343642389127 0.8389539145296729 0.2637004594789299 0.5923320336387066 0.0 17.644076769407878 1.5805032 63.824909754362594 5.589598729661147 3.023655082231734 0.1255423564033853 3.5682482323055424 73.71313488316011 8.931097816664554 26.731137796668012
1529 3012.250525841113 3625.6141207305636 214.91870768919688 52.926402099523926 2995 3032 3603 3649 1197.0 8.741115447702693 4.640135539169974 54.416641903487616 0.8474719310774289 0.05291135853749712 13.238500682366295 0.0 1809.7753272130128 8.945713 1842.9601370366186 10.019950601742268 1.4 0.5918527806627677 19.519655062577243 1898.7721216221894 15.39836579191472 23.203817883392368
1530 1541.3891123185394 3618.5972235983754 214.9319553615677 52.93570125538727 1532 1551 3604 3631 387.0 4.712495814798188 2.84146996701779 -71.50239864015688 0.797767652382291 0.058702884134103635 6.9370204867176115 0.0 459.56208395222757 5.0846176 504.3678551530569 6.971530915468157 1.7092148907430686 0.5710570222025423 11.098915530497878 570.2177351723535 10.839781172817 24.50989819797806
1531 6271.399645943258 3613.981378650184 214.88965980267204 52.90564500958737 6266 6276 3606 3624 112.0 4.831825082736658 1.71905054958462 70.40688219502326 0.9345710107305892 0.21431582940840793 0.5484922256414858 0.0 40.50051642437876 2.4785583 117.15642363147515 8.218988937423754 2.755339760713464 0.1252340006609221 5.970821321441846 121.06371572974149 13.142296332705003 26.192465001753398
1532 1369.447623400135 3608.643934149322 214.93360055155566 52.936738902284276 1366 1373 3607 3610 27.0 2.096426878303994 0.9838145467756156 -0.6269702555339912 0.8830485749394777 0.1655406590156443 0.43737236822999553 0.0 7.540227520258694 1.2359868 18.42725655027373 3.6924083770902407 2.4640718284756216 0.1457225347611473 2.9316150714175193 20.76202490377218 5.939903471313558 28.106825730906557
1533 2486.5936502965033 3610.1473311665927 214.92357796889758 52.92965564360266 2483 2490 3607 3613 44.0 1.7779394629357173 1.5361073130691179 -7.37712927497377 0.5035230610327234 0.23915381295776 0.9711293142795134 0.0 22.60028031875073 2.0534437 42.46956974770364 5.186969300145748 2.382266081747004 0.23151570297490345 3.742410318509555 45.64301153348945 8.346331490230652 27.251564271215837
1534 6784.660065083397 3610.308770401157 214.88510716965337 52.90236554274618 6781 6788 3607 3614 50.0 2.1712851281246777 1.459567410904281 46.638648098925024 0.740357254738045 0.17328539344591407 0.7401607679163897 0.0 21.518721324864483 1.6372751 35.83908698131364 3.6790332479094148 2.036341737749723 0.21131809376198452 3.989422804014327 30.802755409542407 5.915999957558049 27.678526081668085
1535 9345.462225073628 3616.8394163079606 214.86214139604832 52.88613478599237 9337 9355 3607 3628 329.0 4.772836228429441 3.215807762945607 64.41716888278775 0.7389384706380319 0.1504989980953213 4.521064042769582 0.0 331.63145313262373 4.7461724 406.99691434319857 8.28384448336376 1.87745649911641 0.4329904846980878 10.233472165128859 460.4924347676447 13.089528870633595 24.741943750614922
1536 9295.951621205975 3611.2193621578567 214.86264309425496 52.88641900460519 9294 9299 3608 3614 31.0 1.6627790549919335 1.2504270050323227 58.14203784953575 0.6591513349859881 0.23632211517823104 0.702037256534852 0.0 13.479648934658647 1.4562699 37.962213658378616 4.415775458847729 2.800462477160204 0.19002806541929254 3.141274657157109 59.12230938803951 7.011317015201132 26.970621525551444
1537 2956.725642831649 3611.004769714959 214.91935874633182 52.926675733919375 2955 2958 3610 3612 10.0 0.9436958714515189 0.7585513503004521 -1.0762620067244222 0.5948872957546549 0.22961309862066193 0.35523674801583016 0.0 2.975171601996285 0.7357867 16.559816820491456 2.877468624097784 3.286420066347079 0.0838602013499289 1.7841241161527712 24.437627908429015 4.631689809510259 27.929852380308247
1538 6397.953417943167 3615.0777090532424 214.88851612467997 52.904847214293156 6396 6400 3610 3620 40.0 2.7184328129096773 1.0926042154073428 80.03528086981113 0.9156728969003748 0.21729113453039015 0.38243975229735855 0.0 12.074332102529343 1.4373677 41.43623605010492 5.093309711644448 2.896173100569889 0.08437514601126798 3.5682482323055424 65.65305076175149 8.211242459655454 26.8568627208437
1539 7561.712808423925 3615.2913909975914 214.87810499616955 52.89745712200592 7559 7564 3613 3617 24.0 1.5427405578064883 1.1589276996522333 19.993369721979466 0.660059176222391 0.2448289927604788 0.4400811750473733 0.0 8.544654184534622 1.1317445 51.1695811871318 4.539670675809252 3.3332037102746694 0.09927825150988884 2.763953195770684 78.82992497266761 7.280212674301912 26.65827221695483
1540 3597.3188519464898 3634.0154645289876 214.91338062749978 52.92273302103643 3589 3606 3616 3653 446.0 7.023242384341608 2.6835055019920504 -72.59857967025887 0.9241254220023324 0.07996817548405329 5.729054837637808 0.0 422.5196532509026 5.6809607 482.5296716501427 8.036893232955661 1.6102971364954517 0.48371475768405464 11.914957374576321 507.77754172660207 12.631041974273337 24.635816278151104
1541 10063.672236441598 3618.0639136285254 214.8557098242649 52.881578589402864 10061 10067 3616 3620 28.0 1.656560866261796 1.1736503930734075 4.203759323686796 0.7057247389512552 0.2974018445627018 0.7641595258147168 0.0 15.260593473243137 1.3698 44.673526157362474 4.257883777546694 2.807442863000184 0.14702228659409047 2.985410660720923 60.91075569086911 6.806233576920123 26.93826503094852
1542 8906.728747591473 3620.775788328757 214.86602160004324 52.888943127098905 8902 8912 3617 3625 82.0 2.5563665199164887 1.9053839071285181 27.089795432062154 0.6666750626590009 0.2418730809314483 1.2710910862065987 0.0 49.27527419579109 2.3815544 73.61151030718094 4.958200345433394 2.05083316937854 0.26007852036115686 5.108953969950291 73.67940721307875 7.866141602178784 26.73163469227247
1543 3070.1019064412267 3622.5765584940223 214.91822164765955 52.926018431271736 3068 3072 3621 3624 14.0 1.1426081934743146 0.8850881706580794 -28.468451797971753 0.632425872083161 0.3205966010072818 0.6119724012904875 0.0 6.8173039164806815 0.96486497 17.340489110326637 2.84102664565472 2.557328696679043 0.11266386629831368 2.111004122822376 16.002176974785037 4.449984323698892 28.389552327137853
1544 357.7271193157457 3625.4652109528265 214.94248862078553 52.94325117112934 354 361 3622 3629 46.0 2.3131277275406945 1.3142099569942405 49.58169792897495 0.8229230915466693 0.17071989111053787 0.6611257965875461 0.0 18.380037546787396 1.6082926 34.336538609849455 4.029263638108595 2.2313680067286255 0.1882048570753764 3.826519928662906 34.5629320216471 6.352797089493752 27.553473557061988
1545 1304.9786094992528 3642.4196429547505 214.93382241056182 52.9373304833491 1287 1326 3623 3661 884.0 8.61684977488149 3.7337770533350594 -40.10772135734788 0.901244389998417 0.03339070121846302 7.0553582828964965 0.0 930.9297952220589 7.5647373 978.4099364817037 9.09283007007516 1.4491662625644426 0.5636331369621792 16.774562271083887 1024.766983047528 14.118115245262274 23.87343718891384
1546 8077.893389818884 3623.749472792759 214.87340026321985 52.89422409851557 8077 8079 3623 3625 8.0 0.8363051262888997 0.6860836263791347 -35.61964450936006 0.5718262282161486 0.23247059328385603 0.38792342367337607 0.0 2.6210950809934395 0.6644271 13.239665762517056 2.4748672131100253 3.255693339193116 0.10279925310906975 1.5957691216057308 20.29665306737748 4.208947111833167 28.1314389291343
