outputs/dr0.5_c0.1/nircam1_f277w_dr0.5_c0.1.ecsv
# %ECSV 1.0
# ---
# datatype:
# - {name: label, datatype: int64}
# - {name: xcentroid, datatype: float64}
# - {name: ycentroid, datatype: float64}
# - {name: sky_centroid.ra, unit: deg, datatype: float64}
# - {name: sky_centroid.dec, unit: deg, datatype: float64}
# - {name: bbox_xmin, datatype: int64}
# - {name: bbox_xmax, datatype: int64}
# - {name: bbox_ymin, datatype: int64}
# - {name: bbox_ymax, datatype: int64}
# - {name: area, unit: pix2, datatype: float64}
# - {name: semimajor_sigma, unit: pix, datatype: float64}
# - {name: semiminor_sigma, unit: pix, datatype: float64}
# - {name: orientation, unit: deg, datatype: float64}
# - {name: eccentricity, datatype: float64}
# - {name: min_value, datatype: float64}
# - {name: max_value, datatype: float64}
# - {name: local_background, datatype: float64}
# - {name: segment_flux, datatype: float64}
# - {name: segment_fluxerr, datatype: float32}
# - {name: kron_flux, datatype: float64}
# - {name: kron_fluxerr, datatype: float64}
# - {name: kron_radius, unit: pix, datatype: float64}
# - {name: gini, datatype: float64}
# - {name: equivalent_radius, unit: pix, datatype: float64}
# - {name: kron4_2_flux, datatype: float64}
# - {name: kron4_2_fluxerr, datatype: float64}
# - {name: radius_kron20, unit: pix, datatype: float64}
# - {name: radius_kron50, unit: pix, datatype: float64}
# - {name: radius_kron80, unit: pix, datatype: float64}
# - {name: near_border, datatype: bool}
# meta:
#   PHOTMJSR: 0.4907999932765961
#   PIXAR_SR: 2.11539874851881e-14
#   __serialized_columns__:
#     area:
#       __class__: astropy.units.quantity.Quantity
#       unit: !astropy.units.Unit {unit: pix2}
#       value: !astropy.table.SerializedColumn {name: area}
#     eccentricity:
#       __class__: astropy.units.quantity.Quantity
#       unit: !astropy.units.Unit {unit: ''}
#       value: !astropy.table.SerializedColumn {name: eccentricity}
#     equivalent_radius:
#       __class__: astropy.units.quantity.Quantity
#       unit: !astropy.units.Unit {unit: pix}
#       value: !astropy.table.SerializedColumn {name: equivalent_radius}
#     kron_radius:
#       __class__: astropy.units.quantity.Quantity
#       unit: &id001 !astropy.units.Unit {unit: pix}
#       value: !astropy.table.SerializedColumn {name: kron_radius}
#     orientation:
#       __class__: astropy.units.quantity.Quantity
#       unit: &id002 !astropy.units.Unit {unit: deg}
#       value: !astropy.table.SerializedColumn {name: orientation}
#     radius_kron20:
#       __class__: astropy.units.quantity.Quantity
#       unit: *id001
#       value: !astropy.table.SerializedColumn {name: radius_kron20}
#     radius_kron50:
#       __class__: astropy.units.quantity.Quantity
#       unit: *id001
#       value: !astropy.table.SerializedColumn {name: radius_kron50}
#     radius_kron80:
#       __class__: astropy.units.quantity.Quantity
#       unit: *id001
#       value: !astropy.table.SerializedColumn {name: radius_kron80}
#     semimajor_sigma:
#       __class__: astropy.units.quantity.Quantity
#       unit: !astropy.units.Unit {unit: pix}
#       value: !astropy.table.SerializedColumn {name: semimajor_sigma}
#     semiminor_sigma:
#       __class__: astropy.units.quantity.Quantity
#       unit: !astropy.units.Unit {unit: pix}
#       value: !astropy.table.SerializedColumn {name: semiminor_sigma}
#     sky_centroid:
#       __class__: astropy.coordinates.sky_coordinate.SkyCoord
#       dec: !astropy.table.SerializedColumn
#         __class__: astropy.coordinates.angles.Latitude
#         unit: *id002
#         value: !astropy.table.SerializedColumn {name: sky_centroid.dec}
#       frame: icrs
#       ra: !astropy.table.SerializedColumn
#         __class__: astropy.coordinates.angles.Longitude
#         unit: *id002
#         value: !astropy.table.SerializedColumn {name: sky_centroid.ra}
#         wrap_angle: !astropy.coordinates.Angle
#           unit: *id002
#           value: 360.0
#       representation_type: spherical
#   astropy version: '5.1'
#   make_catalog parameters:
#     ab_zpt: 31.4
#     coadd_bands: !!python/tuple [f277w, f356w]
#     deblend_contrast: 0.001
#     deblend_nlevels: 32
#     deblend_npixels: 1
#     detect_kernel_fwhm: 4.0
#     detect_kernel_npix: 7
#     detect_npixels: 4
#     detect_threshold_nsigma: 3.0
#     flag_isolated_buffer: 4
#     hst_bands: !!python/tuple [f606w, f814w, f125w, f140w, f160w]
#     jwst_bands: !!python/tuple [f115w, f150w, f200w, f277w, f356w, f410m, f444w]
#     near_border_kernelsize: 21
#     reference_band: f200w
#   make_catalog version: 1.4.0
#   photutils version: 1.5.0
# schema: astropy-2.0
label xcentroid ycentroid sky_centroid.ra sky_centroid.dec bbox_xmin bbox_xmax bbox_ymin bbox_ymax area semimajor_sigma semiminor_sigma orientation eccentricity min_value max_value local_background segment_flux segment_fluxerr kron_flux kron_fluxerr kron_radius gini equivalent_radius kron4_2_flux kron4_2_fluxerr radius_kron20 radius_kron50 radius_kron80 near_border
[from data line 2851]
2852 2838.3750146877146 3454.389537270902 214.99437760798145 52.99892056198689 2829 2846 3448 3461 196.0 3.7816934132769346 3.2729221311869368 -6.115499659518753 0.5009699233914232 0.13855565531227057 0.9431769347973877 0.0 89.30750460719545 1.4587879 140.95158409864092 3.4067199737307114 2.0900203304936795 0.23416372107735786 7.898654169668588 150.98355982694784 5.395872150459098 3.413571074548615 6.468422545514715 10.383425501650581 False
2853 3727.6906152799816 3456.0932695595666 214.98637405582696 52.99328878539807 3718 3738 3449 3463 247.0 4.259957980676435 2.8508679921034923 -5.143298624709248 0.7430603269692598 -0.009776202079495889 2.526687874107432 0.0 167.84447654363254 1.7572166 190.77391661813925 2.455981834218741 1.461042126904472 0.3979247711250255 8.866935315394846 193.35973837488635 3.84829282270125 2.5414995755747194 4.865129085900435 7.893804328155977 False
2854 2232.1553018126538 3453.0064982492718 214.9998369177008 53.002758065735286 2229 2235 3450 3456 38.0 1.9793811864254096 1.3894410826055306 45.62837524058708 0.7122190269659395 0.09435418720188643 0.46510910349341406 0.0 12.170386064139608 0.63995713 43.81029352602873 2.2760526781796506 2.9927049093381743 0.1400166179337199 3.477898169151024 46.30341501626488 3.6553175606609543 2.8018834511575257 5.572819349685726 8.530611357575493 False
2855 3829.042541322964 3452.410894695958 214.9855029074495 52.99262596967905 3827 3832 3450 3454 23.0 1.5053759098076025 1.0856162874482518 2.9438727700718985 0.6927689606084264 0.22978757778370568 0.5781650681287649 0.0 8.94314769236894 0.50883424 25.674663889038705 1.6650249147003444 2.796114261759027 0.15193712651543886 2.7057581899030048 33.607456736018634 2.6885046835115256 1.9255173984428235 3.593676074794072 5.987473792964086 False
2856 7804.365251402441 3453.5018106082093 214.9498215255729 52.967409283619205 7801 7807 3451 3457 30.0 2.3187259864508145 1.0502009208229868 -50.955677846054435 0.8915503843873235 0.19989554180577668 0.661149284928652 0.0 12.509351228191235 0.6543307 31.11814100001041 2.069504183138859 2.547347682873906 0.1819666814383655 3.0901936161855166 34.83480331007707 3.3512342689490775 2.1532931826583397 4.082713227318445 6.467233576333527 False
2857 9196.664169860527 3459.988362164599 214.93727013635555 52.958607925302736 9186 9207 3452 3468 282.0 4.841196523648788 3.5336157096214187 -12.57757823288736 0.6835481251093573 0.1271418282391346 1.4736960769596603 0.0 137.37036404160744 2.0181072 394.8039322002588 6.391975321644539 2.943547106666803 0.2639109861036749 9.474354220939228 462.0344069536002 10.220294315362663 6.024034060047697 14.15738215925343 24.60937251748545 False
2858 1578.0194921665143 3454.59331436734 215.00569636695346 53.006915251227404 1577 1579 3453 3456 8.0 0.8300814494494725 0.7134265320636912 -83.03466273726507 0.5111934218571285 0.21637989624880535 0.3480211795449889 0.0 2.482895935760162 0.2874551 18.009048507546183 1.2256104093665807 3.515937924429743 0.08175257322427495 1.5957691216057308 22.425959170713902 1.966868719989431 1.941079508730098 3.4741660697988275 5.318738883638228 False
2859 3930.661947906427 3459.201355395305 214.98451901386565 52.99201804579198 3925 3936 3454 3465 112.0 2.5906598801355454 1.93708288783235 -39.90612618780172 0.664016469091619 -0.017722949552190108 2.632812311107896 0.0 77.22154262601364 1.1649086 85.12590780751887 1.772269896354194 1.6528463583144433 0.44972883431817584 5.970821321441846 90.11704200830218 2.7973393331720158 1.5742497897153542 2.9491136565193043 4.937996666081181 False
2860 843.2548604461733 3455.5981246764813 215.01228758933195 53.01158030071441 842 845 3455 3456 7.0 1.0251055184718711 0.47321296475659225 8.106019821285537 0.8870758667870245 0.2543189981220788 0.3149309983946397 0.0 1.9761329754800845 0.2629752 13.50059786435971 1.1061673590437482 3.586861775969289 0.0557744517440317 1.4927053303604616 17.62953483206183 1.772967163350575 1.786397590676867 3.0078260213921184 4.4617944023866345 False
2861 6974.678876984174 3458.074300866302 214.95721454767295 52.972699055262595 6973 6977 3456 3460 19.0 1.4247045021771796 0.9584787876198053 53.2026130061643 0.7398642407789381 0.23443600693654523 0.47302022446480185 0.0 6.597908460465311 0.4934282 32.430297284056046 1.83278047263032 3.289749072394792 0.12243442141481214 2.4592453796829674 45.009887164292195 2.913960481403282 2.4984992785804385 4.691451199734595 7.3337987250828 False
2862 8471.908893570153 3457.0834164080607 214.94379810337077 52.96319214789316 8471 8473 3456 3458 5.0 0.9800012425996568 0.37730398213018895 -58.817547452905465 0.9229150811751466 0.2088416409657201 0.37737150395327745 0.0 1.497856389956154 0.2683956 13.774751351517713 1.1997050305726935 3.5489031480180224 0.13517863392202065 1.2615662610100802 30.546660643676592 1.9000624273302662 1.8142733771098625 3.1698686307984834 4.191856787977172 False
2863 3056.5963054560893 3459.4054146141452 214.9923650375775 52.9975635300179 3055 3059 3458 3461 16.0 1.258637809135645 0.9263257445228849 -17.794052982580414 0.6770089018742622 0.20120287180027321 0.42159270868380566 0.0 4.969036324806037 0.43517458 13.641843053866285 1.3772159804195312 2.7866241383064705 0.1318914962913054 2.256758334191025 13.22195198344635 2.1978006150241174 1.6104088174317672 2.8263569097036396 4.475909670524341 False
2864 7136.457805961316 3463.2651685905075 214.95570876185093 52.97170050328145 7129 7144 3458 3469 151.0 3.1860027594351465 2.3576277270802044 7.773319451092859 0.6726118120496595 0.06336709880682291 2.35112638197591 0.0 108.736983026439 1.4607084 129.09915782223672 2.36064808912643 1.6484606960288257 0.38834899045324245 6.93287767191607 131.26067203184556 3.7584600944534583 2.0762911096027663 3.8717807528833506 6.611066948123691 False
2865 4406.986473880754 3461.2269210888603 214.98022162815204 52.989007345497484 4405 4409 3459 3463 20.0 1.3855996559803887 1.0941639928317206 43.0439056754165 0.613534128159661 0.18011247992939663 0.3629704548916569 0.0 5.420603779115684 0.4659364 43.20072546425568 2.041065459394981 3.556977277397681 0.11413346812791601 2.5231325220201604 67.15341887989075 3.219567739093921 3.2722895710629065 5.9170005602589955 9.172450327541787 False
2866 7102.204652682573 3462.0310143027177 214.95602899692844 52.97191119669713 7100 7104 3460 3465 19.0 1.619604139740372 0.8350908257558971 -54.919653348773174 0.8568208911230206 0.1857510013566356 0.4616807258648144 0.0 6.267186450985995 0.48830977 26.87508947834774 1.7702633422335965 3.131602627079444 0.13313430077402197 2.4592453796829674 46.34149508661679 2.888226062189879 2.3277146602489274 4.737612421820388 8.49132972061727 False
2867 7863.331606107099 3460.8421068347443 214.94921539773992 52.967074717610316 7862 7865 3460 3462 11.0 1.0063055933313476 0.742492465837105 -20.335771997353177 0.6749757124043707 0.26567455400225465 0.6070081541828646 0.0 4.600846042440626 0.42332602 17.14910729153656 1.545624905477305 3.127924212027759 0.15764006280826232 1.8712051592547776 8.952095770725675 2.4592510478192673 1.5474549467070333 2.8716590472867662 4.357619776883571 False
2868 7906.6129378895 3462.643667478859 214.9488082939047 52.96680977546413 7904 7909 3460 3465 26.0 1.3885976022720503 1.2561333880352437 72.15453152359578 0.42624924712135387 0.1072680180910537 0.648313651685786 0.0 11.500827446597974 0.6755998 22.22785399345412 1.7535402821634312 2.347015547924613 0.19143124488433128 2.876813695875796 13.950500158384765 2.8079775055942284 1.5760300112032322 2.7998716110999675 4.624148451167273 False
2869 2693.160792471449 3468.895644221624 214.99552887062552 52.99992001832776 2690 2696 3466 3472 37.0 1.6244517343010325 1.5475510619542139 -29.223297648871522 0.3040360188284926 0.2166948914160811 0.7210062337753849 0.0 16.160188922903757 0.74871165 35.5067128943212 2.0801742923192768 2.543429386277368 0.1740390323710265 3.431831258788849 40.212290670787574 3.259920643194412 1.9993074560900792 3.7500981034868635 6.325732369873365 False
2870 587.1703112639349 3469.9215163936738 215.01443785536682 53.01328165275523 584 590 3467 3474 39.0 2.267927834275247 1.1804808890662093 -52.292728989057714 0.8538550968972479 0.11648895656199519 0.6717128245458432 0.0 14.165642878462611 0.7152795 34.61559476059131 2.0317642903334234 2.6576571814727656 0.19283174466605624 3.523362819972964 46.80416748432397 3.220293033712997 2.2674002363753623 4.359471414207938 7.217559111275963 False
2871 4369.462610781888 3469.992063472458 214.98046609182512 52.98929275372605 4368 4372 3468 3472 18.0 1.2046102724601655 1.048157019989606 -64.61485680948009 0.4928376768203111 0.28963239805214985 0.6400964503299167 0.0 7.912647469928138 0.44775534 18.112695882798544 1.2980967195208384 2.535867371300218 0.1461428233341643 2.393653682408596 17.36328863819461 2.044000850263188 1.4681029290703402 2.66040520475851 4.477266842993032 False
2872 6613.337414705133 3470.5945349082112 214.96032394005204 52.97505956471953 6612 6615 3469 3473 18.0 1.2585120962444458 0.9326848848056293 -83.6020833049671 0.6713932831197014 0.1002256132126991 0.7591003779253105 0.0 8.053424103635777 0.49204975 19.996071389817118 1.4316041099527372 2.625890875981579 0.22640713658510708 2.393653682408596 26.059063008420473 2.220124447391909 1.489706243940724 2.8212063849894093 4.684389929291441 False
2873 7091.150997186966 3471.885147885309 214.95602430491095 52.97203456634728 7089 7093 3469 3476 30.0 1.8769257853754575 1.0755722958281246 -78.41326289704082 0.819520416499514 0.12274016003242987 0.45406153999267074 0.0 7.910444955566954 0.62078226 37.686543666504036 2.267186605404621 3.186597012472524 0.20422496433191042 3.0901936161855166 47.674032710486216 3.5600928878705154 3.0322995595667654 5.579870084824905 7.952892969014376 False
2874 720.9051910637118 3476.8336389045794 215.0131632063668 53.012470973227636 714 729 3471 3483 137.0 4.008020213668513 2.465425604140437 -26.68265738471483 0.7884311242606437 0.15084413150772197 0.6588148180722977 0.0 51.13261252939181 1.2264897 116.12487671477741 3.739251585754947 2.580562978736486 0.18592446108003471 6.6036697681803656 120.72901188022124 5.926440665363864 3.976519858064584 7.699677628258247 12.323935920499416 False
2875 2145.7292610886643 3474.0039304205084 215.00039192509232 53.00341970598836 2143 2148 3471 3477 36.0 1.6114118546319527 1.4415234273862223 -62.90852911386522 0.446924479084384 0.15195534472079109 0.6626133907277012 0.0 13.991209674603647 0.6109471 32.764274973633455 1.8136856316468895 2.6694812479616403 0.2077363786756157 3.385137501286538 42.301514775074224 2.9453901005337113 1.983635426585046 3.864538157986366 6.986549034936624 False
2876 7664.94740254782 3475.023524748541 214.95084501703852 52.968410281645234 7660 7670 3471 3479 79.0 2.605523923483331 1.8315316259897065 -19.688145309567197 0.7112473923915577 0.1452768372135469 1.3043714064039367 0.0 42.02324199543015 1.0572017 53.74852264939557 1.9494690674956991 1.7163454146525967 0.28500350598549123 5.014626706796775 55.986032076727554 3.1712288856128437 1.9817831011323013 3.4432331275284116 5.32661249252187 False
2877 7852.037034964704 3472.072781079681 214.94919834245155 52.96720705046528 7851 7853 3471 3473 9.0 0.8558689286625024 0.7473090191662801 44.11286050028461 0.48743683073431143 0.277491736907413 0.5048293151251521 0.0 3.618790069534869 0.41706505 18.963687902602196 1.5857436490635648 3.3692062516572427 0.11651201619216137 1.692568750643269 16.069387401684274 2.4425020763013 1.7555689081222667 3.210583122736964 4.861702162493289 False
2878 9613.205955125293 3478.6601835102447 214.93333977176442 52.95606485523391 9609 9617 3476 3482 38.0 2.454648016670414 1.1822634176360909 -33.80534259595163 0.8763676527033532 0.2559374990909356 0.6712608024094537 0.0 18.412456825738666 0.8035558 44.38591039024256 2.4225136547997685 2.5128594090003147 0.11599971965856351 3.477898169151024 47.42627779799871 3.855990182914843 2.4144711858393006 4.264946654387984 6.681137880989056 False
2879 9927.597471058392 3479.542708942228 214.93051275996064 52.954074021055725 9924 9931 3477 3482 37.0 1.7111431253773735 1.4570430017088984 -15.767641917714279 0.5243502089046691 0.18264527250274656 0.6840677874579028 0.0 16.130718904480343 0.73933274 33.96873404929433 2.1460359552500305 2.495138990714224 0.17714860554356276 3.431831258788849 34.81028540033559 3.3651300931858237 1.9336227722466783 3.6381187555124046 5.942914934167917 False
2880 4091.101294187419 3482.4479255224355 214.9828336693591 52.99112590955538 4086 4096 3478 3486 65.0 2.7316571107488894 1.5207157190328782 29.286551828520945 0.830713073849836 0.1416844704337905 0.7561637400741595 0.0 28.788275008823952 0.8961069 51.55094808465573 2.217405782112599 2.347621253205201 0.2174837445064121 4.54864184146723 58.07791909211858 3.5070477439292396 2.3214751494315182 4.36712574332345 8.195036700433997 False
2881 10300.739218270663 3484.854652842528 214.9271128711019 52.95173409650021 10295 10306 3479 3491 125.0 3.0886968482646138 2.144383380731587 -55.60705860914542 0.7197165729636302 0.13510879552744506 1.8236496141992888 0.0 82.76011658028973 1.45241 138.01551641672222 3.5675107286208587 2.4116588404416994 0.3455226172474063 6.3078313050504 151.28425735044192 6.401173900290523 2.4676423580784914 5.196529903792811 10.576454738827941 False
2882 9517.12525020693 3489.753102482845 214.9340840604307 52.956734610471216 9505 9532 3480 3500 457.0 4.358553702318164 3.2900011312386126 9.566031746092673 0.6559114884334961 0.06706942241512559 12.638504417444361 0.0 748.0492632089235 3.0672572 782.7161848337555 3.6135237435346816 1.54788870059227 0.6177484792662453 12.060995729457511 843.9028747071895 5.539020915928277 2.201406126889098 4.166814056134597 7.588808570446018 False
2883 2332.5623035118056 3484.606407504329 214.9986020045804 53.00229205151789 2331 2334 3483 3486 15.0 1.137895480777375 0.9510319714774708 -43.30619591311347 0.549062213290501 0.23611976533516468 0.4127258834073289 0.0 4.748861488120532 0.3861949 13.38500407919524 1.2911075044527873 2.8125817049954773 0.08868914567591028 2.1850968611841584 19.258780513387826 2.078549317522542 1.5844787640419373 2.912101583795442 4.713292807015056 False
2884 3821.2624243490213 3489.787327108944 214.98517885395748 52.99287730655258 3815 3828 3483 3496 152.0 3.382791900857857 2.6244102020807247 46.178888555159475 0.6309642623211745 0.16494196230822125 1.2567406785983781 0.0 82.16564575355751 1.3747394 113.43763030219625 2.763531399137084 1.8808454981644118 0.2799825421177865 6.955796338302048 118.34942970594676 4.353575489917348 2.6268410143349934 4.96177565165077 7.973622377278682 False
2885 nan nan nan nan 4511 4523 3484 3496 129.0 nan nan nan nan 0.0 0.0 0.0 0.0 11357817.0 nan nan nan nan 6.407961869245868 nan nan nan nan nan True
2886 429.31584162296025 3490.8952881211617 215.01563538901087 53.014396035409476 424 435 3485 3497 108.0 2.941611095158967 2.5732406754297217 75.32119489963976 0.4845337593944217 0.0943854898769923 0.5288018819790359 0.0 37.52543519680721 1.0908867 120.92899766102357 3.699899422716897 2.925164422604754 0.1636006575240904 5.863230142835039 220.93093204169006 5.897886590993418 4.352880924035362 9.294816590289159 16.4183044352078 False
2887 1987.5166612429905 3489.2925970235315 215.00165196080772 53.004505772075426 1984 1991 3485 3496 69.0 2.853593487041404 1.502676925868447 65.69991317084596 0.8501187070882185 0.1723711773744509 1.1663398469793231 0.0 37.31887099316004 0.92648476 64.22325730146427 2.2693455625248764 2.3198496632634757 0.28218321671423213 4.686510657907603 79.60126751882137 3.540405733637236 2.1640002665316547 4.268751279711835 7.415180982312032 False
