outputs/dr0.5_c0.1/nircam3_matched_f277w_f160w_dr0.5_c0.1.ecsv
# %ECSV 1.0
# ---
# datatype:
# - {name: label, datatype: int64}
# - {name: xcentroid, datatype: float64}
# - {name: ycentroid, datatype: float64}
# - {name: sky_centroid.ra, unit: deg, datatype: float64}
# - {name: sky_centroid.dec, unit: deg, datatype: float64}
# - {name: bbox_xmin, datatype: int64}
# - {name: bbox_xmax, datatype: int64}
# - {name: bbox_ymin, datatype: int64}
# - {name: bbox_ymax, datatype: int64}
# - {name: area, unit: pix2, datatype: float64}
# - {name: semimajor_sigma, unit: pix, datatype: float64}
# - {name: semiminor_sigma, unit: pix, datatype: float64}
# - {name: orientation, unit: deg, datatype: float64}
# - {name: eccentricity, datatype: float64}
# - {name: min_value, datatype: float64}
# - {name: max_value, datatype: float64}
# - {name: local_background, datatype: float64}
# - {name: segment_flux, datatype: float64}
# - {name: segment_fluxerr, datatype: float32}
# - {name: kron_flux, datatype: float64}
# - {name: kron_fluxerr, datatype: float64}
# - {name: kron_radius, unit: pix, datatype: float64}
# - {name: gini, datatype: float64}
# - {name: equivalent_radius, unit: pix, datatype: float64}
# - {name: kron4_2_flux, datatype: float64}
# - {name: kron4_2_fluxerr, datatype: float64}
# - {name: kron4_2_mag, datatype: float64}
# meta:
#   PHOTMJSR: 2.251199960708618
#   PIXAR_SR: 2.11539874851881e-14
#   __serialized_columns__:
#     area:
#       __class__: astropy.units.quantity.Quantity
#       unit: !astropy.units.Unit {unit: pix2}
#       value: !astropy.table.SerializedColumn {name: area}
#     eccentricity:
#       __class__: astropy.units.quantity.Quantity
#       unit: !astropy.units.Unit {unit: ''}
#       value: !astropy.table.SerializedColumn {name: eccentricity}
#     equivalent_radius:
#       __class__: astropy.units.quantity.Quantity
#       unit: !astropy.units.Unit {unit: pix}
#       value: !astropy.table.SerializedColumn {name: equivalent_radius}
#     kron_radius:
#       __class__: astropy.units.quantity.Quantity
#       unit: !astropy.units.Unit {unit: pix}
#       value: !astropy.table.SerializedColumn {name: kron_radius}
#     orientation:
#       __class__: astropy.units.quantity.Quantity
#       unit: &id001 !astropy.units.Unit {unit: deg}
#       value: !astropy.table.SerializedColumn {name: orientation}
#     semimajor_sigma:
#       __class__: astropy.units.quantity.Quantity
#       unit: !astropy.units.Unit {unit: pix}
#       value: !astropy.table.SerializedColumn {name: semimajor_sigma}
#     semiminor_sigma:
#       __class__: astropy.units.quantity.Quantity
#       unit: !astropy.units.Unit {unit: pix}
#       value: !astropy.table.SerializedColumn {name: semiminor_sigma}
#     sky_centroid:
#       __class__: astropy.coordinates.sky_coordinate.SkyCoord
#       dec: !astropy.table.SerializedColumn
#         __class__: astropy.coordinates.angles.Latitude
#         unit: *id001
#         value: !astropy.table.SerializedColumn {name: sky_centroid.dec}
#       frame: icrs
#       ra: !astropy.table.SerializedColumn
#         __class__: astropy.coordinates.angles.Longitude
#         unit: *id001
#         value: !astropy.table.SerializedColumn {name: sky_centroid.ra}
#         wrap_angle: !astropy.coordinates.Angle
#           unit: *id001
#           value: 360.0
#       representation_type: spherical
#   astropy version: '5.1'
#   kernelfile: kernel_f277w_f160w.fits
#   make_catalog parameters:
#     ab_zpt: 31.4
#     coadd_bands: !!python/tuple [f277w, f356w]
#     deblend_contrast: 0.001
#     deblend_nlevels: 32
#     deblend_npixels: 1
#     detect_kernel_fwhm: 4.0
#     detect_kernel_npix: 7
#     detect_npixels: 4
#     detect_threshold_nsigma: 3.0
#     flag_isolated_buffer: 4
#     hst_bands: !!python/tuple [f606w, f814w, f125w, f140w, f160w]
#     jwst_bands: !!python/tuple [f115w, f150w, f200w, f277w, f356w, f410m, f444w]
#     near_border_kernelsize: 21
#     reference_band: f200w
#   make_catalog version: 1.4.0
#   photutils version: 1.5.0
# schema: astropy-2.0
label xcentroid ycentroid sky_centroid.ra sky_centroid.dec bbox_xmin bbox_xmax bbox_ymin bbox_ymax area semimajor_sigma semiminor_sigma orientation eccentricity min_value max_value local_background segment_flux segment_fluxerr kron_flux kron_fluxerr kron_radius gini equivalent_radius kron4_2_flux kron4_2_fluxerr kron4_2_mag
[from data line 3862]
3863 8321.214453423105 680.5935494191915 214.79382081170817 52.82204195527807 8313 8333 671 688 200.0 5.465291663979516 2.8908733302599505 37.7556417596744 0.8486521569932197 0.23022949054954087 0.4912605717145434 0.0 71.67339561355102 7.182101 207.87273619883263 25.617340088526042 2.783914917311666 0.12373808679872955 7.978845608028654 284.95547116588057 40.901975075079484 25.263057500310737
3864 7522.865060447294 675.9123644303695 214.80098803503137 52.82709235123908 7501 7546 661 692 1096.0 8.296056142038369 5.385014091829103 13.097591501081967 0.7606985584624576 0.268418190773716 9.140339270833785 0.0 2081.9371235288954 17.591885 2316.988614149568 26.636019787597416 1.7291454477308137 0.49013930522136295 18.677998695187732 2594.822229037726 41.853159085527146 22.86473097564916
3865 7557.777815970392 711.6735246132263 214.800300458325 52.827063069685124 7536 7578 684 738 1718.0 10.421506726050238 5.943867240074236 79.23523551880098 0.8214043824703605 0.21478491046832507 11.091412577719113 0.0 3819.5759467778307 23.8215 3981.78813334929 30.472953725121762 1.520412913618318 0.5560219448527939 23.384960647043055 4215.422130192941 48.60200075034021 22.337897322091628
3866 2053.8393880959675 673.0053268444086 214.84982444381882 52.861835283940636 2039 2067 665 684 367.0 5.7733545602479355 4.16806699014305 -1.5188040879957527 0.6919463720345076 0.3139622302635055 1.6298279743477726 0.0 315.60437891054426 9.601329 531.2878458991859 24.434075499976952 2.25240602017218 0.2611879652378327 10.808317548511017 583.6575025816605 39.30082857491053 24.484604818746995
3867 2036.7297119006914 680.1545166339881 214.84990201625024 52.86198254294078 2019 2054 668 690 465.0 7.2470833903970036 4.2057560287791755 -10.96018406929627 0.8143758974465312 0.23186073582898817 1.5807828954797258 0.0 367.054865593037 10.79153 615.976827909961 27.131013851471284 2.211731034520255 0.26950757131215936 12.166104433032896 647.7446709224141 43.605840487442144 24.3714903783081
3868 7152.950772524152 675.813428232723 214.8042877439679 52.829443453990216 7147 7161 669 682 131.0 3.084145505671405 2.932550782032402 29.24572837923528 0.30966079780087485 0.2744054616143476 0.9109706033938079 0.0 72.13128381748204 7.378821 162.24221127254054 20.70050841594952 2.580464811802963 0.18253055741937146 6.457444935117649 224.55826857159758 31.48100488859486 25.52167737233478
3869 7168.128813157257 683.2239549833702 214.80407441692716 52.82938689368805 7155 7178 674 692 313.0 4.660042583106934 3.485739602509115 24.628068912249272 0.6636920154344618 0.3510433885953746 4.688566818767523 0.0 465.80722249860645 9.953406 567.3141905597432 17.95085676432117 1.8146721265407848 0.36130332318164754 9.981532666656284 623.3938690250636 29.303223131416274 24.41309368313029
3870 9500.04654010804 671.6853148027387 214.7834072738228 52.814498606984195 9498 9503 669 675 31.0 1.6823653786661936 1.457535804880936 57.78938904925066 0.49941822457401525 0.23042429411268595 0.3345304845719382 0.0 9.076581802093004 3.4466588 77.91840279300159 15.142308310452572 3.6400331896147358 0.05349095891136598 3.141274657157109 82.60755894638126 24.171793283184122 26.607450527628153
3871 9494.801470924805 671.5182583432247 214.7834557741282 52.81453105890975 9492 9497 669 674 31.0 1.6711334046984294 1.3952108777377974 -45.39948661179406 0.5504183654646282 0.24222325682615217 0.35057409129609596 0.0 9.476989328287205 3.4440353 64.05476554589352 14.017548925509088 3.4415516485724083 0.06001336904700087 3.141274657157109 83.3334695767937 22.268142026881154 26.59795134002702
3872 7867.0269028690645 675.0888114342764 214.79792799717953 52.824899911043936 7859 7874 671 679 113.0 3.529396111782361 2.211529669692134 -2.79760207427825 0.779338736231129 0.22982582088444678 0.633319202941939 0.0 44.49044430031488 5.3746905 123.2024558440403 17.500473292898953 2.8064150032052635 0.14647410435890917 5.997417539138688 145.9360427299452 28.080342892371974 25.98959358614043
3873 7856.312752173459 680.2672975563838 214.79796903966076 52.82499592650408 7851 7862 674 685 100.0 2.9314773919597386 2.4906850552641173 -53.53804144478435 0.5273715909539995 0.24491784172834152 0.4751487911032859 0.0 35.240824289600596 5.0583553 126.57118253534932 17.982010848927857 2.9932937014250207 0.09979501597577452 5.641895835477563 148.55716925222328 28.828838560942515 25.970265961610576
3874 6113.321785645383 690.984136484199 214.81340079879791 52.83613389403471 6107 6119 688 694 71.0 3.005351721076595 1.7415930695213813 4.188221372119162 0.8149741914091669 0.21015694946398858 0.35414642266366925 0.0 19.727615253301803 4.0116887 83.11203645289424 15.75531384658483 3.2142807367291497 0.07835045894682484 4.753945931439391 89.3214421355399 25.420211960211684 26.52261068415233
3875 6103.6828063270395 689.8911459407844 214.81349828484548 52.836189273570085 6100 6108 688 692 34.0 2.2776161972203424 1.1557180837091816 -19.067729868721287 0.8616962663143779 0.17686965443254968 0.2284727741244244 0.0 6.963756952367078 2.7809231 50.09547849349249 12.262705644829428 3.4758113302904405 0.04092885590630145 3.2897623212397704 70.26784087400696 19.531425545848716 26.7831084771542
3876 7040.801682368448 697.1293921883188 214.80506360863137 52.83027124905774 7033 7049 691 704 152.0 3.3572132158037458 3.0835937846731674 3.21632880846138 0.395425512881182 0.24456208735920262 0.917807282293488 0.0 83.92185053867502 6.150609 174.16221302479858 17.57280358856989 2.4592855759610925 0.20521678572328425 6.955796338302048 190.52721958393005 28.03611354330559 25.70010742568433
3877 7049.379934991411 699.8940922739029 214.8049580168594 52.830231613139894 7045 7055 695 704 84.0 2.600636480324894 2.281494566368239 -24.440792112126765 0.47997320005069766 0.24785052836225382 0.8439896445388257 0.0 44.685091621670416 4.527268 117.300722639648 14.752940028822717 2.7134795899292388 0.18638717177909528 5.170882945826411 149.3411621465566 23.466034561292815 25.96455118347908
3878 1335.3333286140996 710.2520677347783 214.85585023533682 52.86660114473909 1314 1357 694 731 1002.0 7.677227493600074 5.649558296907251 -22.102783182275616 0.6771062934826546 0.214070342715268 6.652839192099157 0.0 1398.0555688645559 19.233162 1622.9227584467822 29.507546796382588 1.665469284004169 0.4819853575052325 17.859073490978144 1718.8836463957382 47.32724228951381 23.311883800775856
3879 1319.3034784979159 720.7762910001059 214.8558826704609 52.866759739744126 1309 1329 710 729 213.0 5.134947190270606 2.7777104387133 38.51787326602735 0.8410596684353591 0.20709478766590883 1.2001987652607202 0.0 121.40328455140484 8.774019 258.0768720566424 25.854070516974897 2.545469831246343 0.263394935661153 8.234075889688375 338.47058970317426 41.49341574124008 25.076197654851292
3880 9401.590951251565 700.5649384491502 214.7839808613971 52.815280206166946 9397 9406 697 705 63.0 2.3294861513481946 2.097013909862969 38.02484588110203 0.4354674075340496 0.24079749893060234 0.4221441969414944 0.0 21.039537786204917 5.005354 125.22483654237813 19.447650226791065 3.3427463347019293 0.08702142320684732 4.478115991081385 178.97731979101255 31.273641028250264 25.768004999556968
3881 9387.362553888306 708.095753741359 214.78402843453097 52.81541124258235 9376 9400 699 718 302.0 4.824090249130605 3.881296121082112 -7.3968959090439865 0.5938640504359217 0.2958920611662252 2.520988692661815 0.0 280.5494722931986 10.462876 538.203338643573 27.86210652612877 2.4995096375430785 0.34185939071536026 9.804569629897316 624.2242181314411 45.48292076628413 24.411648464870346
3882 9375.40155401822 717.3650394120572 214.78403751056183 52.81553722533749 9361 9389 705 731 425.0 5.76094188091068 4.1947325452113935 -33.75996315094172 0.6854357517965793 0.2617333815388029 3.0899616129048386 0.0 503.31444362311345 12.517438 781.2035113868429 29.29120574693524 2.241292891629781 0.35338039609645233 11.631066229203196 906.6684809073827 46.80327465320858 24.00637870415683
3883 2548.7503252608085 707.365772291545 214.84504302064653 52.858875945116566 2541 2556 703 712 108.0 3.7467714180293807 2.0728976759794007 -13.226825520611525 0.8330159085613698 0.18933549278827008 0.48021188529525305 0.0 36.48495875205698 5.6563277 121.70592901172117 20.37252680161507 2.9712277011329915 0.12282249956217615 5.863230142835039 154.68466533932838 33.10112339158478 25.926381844849963
3884 2556.0585360351843 710.7983874142299 214.84494163510638 52.85884801581508 2553 2559 707 714 37.0 1.9347461003691728 1.4474911543174243 -44.76553636486446 0.663523307087822 0.19954214030444897 0.35538047889241764 0.0 10.310748908586703 3.3078887 51.77986176332645 13.55656951019541 3.231997840578912 0.09940055902813208 3.431831258788849 96.99706715801139 21.952097017683386 26.43310349259078
3885 6464.116962731914 729.9317618103717 214.80986185326913 52.83411391784699 6454 6474 722 737 230.0 4.413263234834308 3.7260096546641264 -1.4001106111473878 0.5359095273415031 0.2672828557574485 0.7108267632581247 0.0 111.14174851247961 7.3452363 484.52775244855184 28.212250634817806 3.206294272391973 0.14229291489737106 8.556358677747903 706.0658173279545 45.22814934070786 24.277887033595558
3886 6487.366657274906 745.6730178076655 214.8094888426772 52.83405094879938 6453 6521 717 774 2298.0 12.431329486229677 10.20603571141381 -3.635874003490198 0.5709381161512124 0.23750579108144926 3.052154579293305 0.0 1888.7006300928988 23.493284 2658.466521527394 48.68226630174283 2.012066522524518 0.3441663878404509 27.045815174447064 2802.954089194313 78.39223778006507 22.780960039199766
3887 6508.344603760249 760.9859825540408 214.80914060262683 52.83400011168498 6503 6516 753 770 157.0 4.205958058578699 2.8156370695927313 -55.943681606934774 0.7428660209299227 0.2787028788031898 0.7549068343309727 0.0 76.02053672953636 6.1323934 529.583678327458 25.76339729513609 3.5155937733002784 0.16070980621729405 7.069275219628611 838.6043306547103 41.001165107665436 24.091107247942897
3888 2254.788526473093 738.7277627181423 214.84733812413475 52.86091286893038 2251 2258 734 744 57.0 2.4548125799673572 1.8317427360166179 -77.72050538547089 0.6657393722509569 0.1674261426882832 0.279559552413175 0.0 13.275329450634583 3.7406394 66.17979061923326 15.542204710499798 3.216285032280058 0.08012029720237655 4.259537945889915 89.08246655053526 24.9490679562262 26.52551941638573
3889 2257.4396428542464 750.2698147596793 214.84719297913423 52.86095825738384 2251 2264 742 758 164.0 4.1649795674523356 2.735226509892022 60.906064095648944 0.7541342624291477 0.19970408982804264 0.5204638495178733 0.0 56.389531713114664 6.808506 132.91013253920647 20.830418360349753 2.613767368944735 0.14222483645804398 7.225151993843567 142.558227371372 33.69250624147231 26.01501928368217
3890 8346.644733050794 744.2611280641927 214.79292424010796 52.82222325591568 8341 8351 740 749 76.0 2.4757616782517755 2.194889300302678 -28.751973865694428 0.462630633791405 0.29470898819882685 0.6844794890726903 0.0 37.27922368216804 4.8374057 112.83625092473295 17.402987820868134 2.9310056663705164 0.1331136835750139 4.918490759365935 131.87622129840136 27.504315925420258 26.099583763405995
3891 8341.105062861927 750.756140520734 214.792905288137 52.822293466130965 8337 8346 745 756 85.0 2.5854479582879515 2.241207824817239 89.66645299713701 0.49856078359980477 0.31901659611789634 0.8932054631622371 0.0 48.102700291509265 5.162976 120.38747756079655 16.91915118975844 2.73397647919468 0.16192552760897372 5.201570947860099 145.79237734840254 26.78123744519426 25.99066295551266
3892 3758.8933314598503 759.8146089496357 214.83368656608732 52.85146886441744 3755 3763 754 765 79.0 2.8194290498283814 2.049925602041281 -89.42269592433527 0.686562088489135 0.23377807929173353 0.45571297393822746 0.0 26.956678358742483 5.2304006 84.54142903975156 18.085989584080217 2.873404755042486 0.09661637247208052 5.014626706796775 100.01378042003809 28.907848353856444 26.399850391298592
3893 3762.6687236741377 772.0912798132912 214.83352367160535 52.85151105162744 3757 3769 765 779 123.0 3.3834401426780842 2.638162109672742 57.15671962085466 0.6261187295965787 0.2370183064093332 0.49425017042329494 0.0 44.397190432862764 6.6643414 113.95324585425092 20.86918386155383 2.6841107623704934 0.10844212962406452 6.257165172872317 123.11173359311624 33.46446303995393 26.174251382864693
3894 1275.7793339253165 768.6716306589329 214.85576740581772 52.867294541845155 1265 1285 760 779 262.0 5.6546494526374556 3.0182529729790772 -41.76704285483302 0.8456329653419695 0.22904509044063343 0.8802574714147298 0.0 126.00960796575913 10.2456045 229.9740699153565 26.6159414791963 2.357123461531923 0.2037262991340286 9.13220620552083 291.5383360178633 42.55675182657693 25.238260823305943
3895 1261.9596014871597 797.0881117518983 214.8555917894019 52.867535581659965 1246 1280 778 814 913.0 6.932678356831209 6.097917832606824 -42.829045323498256 0.4757316474921272 0.22026230935150343 4.488877231532891 0.0 938.3759691566335 18.429106 1129.1499874524143 32.05139145311497 1.821136562835801 0.4363483741421877 17.04749031634278 1259.847333782989 51.4947747902324 23.64920519695341
3896 1256.4894201167351 813.0816989262114 214.8554723293297 52.86765658242429 1251 1262 810 817 65.0 2.482811190788574 1.9322311570487085 15.545381581404362 0.6279628785846793 0.24037364363490676 0.6423346921225175 0.0 27.8300441735587 4.863806 102.01725292557983 18.01803347600354 3.0338752142201346 0.1519967928575203 4.54864184146723 159.9920186846609 28.9857455716453 25.889754204729975
3897 9353.417088983897 771.2237430277864 214.78366679299393 52.8159671147802 9353 9354 769 773 7.0 1.4547977905301739 0.47426094942373237 -84.3703644286491 0.9453705109130933 0.19881042679334837 0.23458414727447116 0.0 1.5493639191871615 1.6712428 33.45005752140845 8.542342347537694 3.8877453161934836 0.036562281768876104 1.4927053303604616 73.66869273359256 13.64373929455172 26.731792591808574
3898 9353.833285836823 777.6766486877333 214.783595192594 52.815999225333 9352 9356 774 781 31.0 2.095256874455572 1.1613498119438594 78.84681114325349 0.832333185941783 0.22550216563482853 0.245387804720935 0.0 7.3119669448238 3.418075 98.62984640726089 15.871765806717987 3.8341767546363332 0.012853086985629267 3.141274657157109 178.17885830754366 25.714154799429867 25.772859570403803
3899 2676.473021065178 791.4779119435705 214.84301730948025 52.858517875875485 2657 2692 781 808 570.0 6.883924584164094 4.344938123950362 7.772784910452159 0.7756431734523322 0.20927125301278815 2.929978312503419 0.0 514.733742387903 12.060999 822.9239654127354 27.969597144687665 2.322635280745557 0.39014319877069953 13.469841688927183 1023.5769726002945 46.578815672276775 23.874698732482635
3900 2625.1431946416683 791.291652753568 214.84347762325217 52.858843031561925 2602 2656 780 803 813.0 10.311894840617741 5.080941490624228 7.8888560469879065 0.870184360911605 0.20964032900141288 1.5658579189436963 0.0 426.825314749768 16.701595 1271.312783612151 49.730647687131935 2.906859561429479 0.2952288264999572 16.086824965400158 1954.888771863836 82.45633948185498 23.172194869506576
3901 2611.499430760346 860.2266588556357 214.84287397948148 52.85930139127207 2535 2699 776 937 17436.0 18.92525554422497 16.555537221574163 35.82599909903258 0.48451058376024814 0.1564783674209389 173.62810270822737 0.0 57039.852043953324 78.60293 55411.63063887894 66.39055650271946 1.4 0.7785267397154445 74.49866559543584 59017.606275109334 103.15564899409395 19.472546023120024
