outputs/dr0.5_c0.1/nircam6_matched_f115w_f277w_dr0.5_c0.1.ecsv
# %ECSV 1.0
# ---
# datatype:
# - {name: label, datatype: int64}
# - {name: xcentroid, datatype: float64}
# - {name: ycentroid, datatype: float64}
# - {name: sky_centroid.ra, unit: deg, datatype: float64}
# - {name: sky_centroid.dec, unit: deg, datatype: float64}
# - {name: bbox_xmin, datatype: int64}
# - {name: bbox_xmax, datatype: int64}
# - {name: bbox_ymin, datatype: int64}
# - {name: bbox_ymax, datatype: int64}
# - {name: area, unit: pix2, datatype: float64}
# - {name: semimajor_sigma, unit: pix, datatype: float64}
# - {name: semiminor_sigma, unit: pix, datatype: float64}
# - {name: orientation, unit: deg, datatype: float64}
# - {name: eccentricity, datatype: float64}
# - {name: min_value, datatype: float64}
# - {name: max_value, datatype: float64}
# - {name: local_background, datatype: float64}
# - {name: segment_flux, datatype: float64}
# - {name: segment_fluxerr, datatype: float32}
# - {name: kron_flux, datatype: float64}
# - {name: kron_fluxerr, datatype: float64}
# - {name: kron_radius, unit: pix, datatype: float64}
# - {name: gini, datatype: float64}
# - {name: equivalent_radius, unit: pix, datatype: float64}
# - {name: kron4_2_flux, datatype: float64}
# - {name: kron4_2_fluxerr, datatype: float64}
# - {name: kron4_2_mag, datatype: float64}
# meta:
#   PHOTMJSR: 2.962800025939941
#   PIXAR_SR: 2.11539874851881e-14
#   __serialized_columns__:
#     area:
#       __class__: astropy.units.quantity.Quantity
#       unit: !astropy.units.Unit {unit: pix2}
#       value: !astropy.table.SerializedColumn {name: area}
#     eccentricity:
#       __class__: astropy.units.quantity.Quantity
#       unit: !astropy.units.Unit {unit: ''}
#       value: !astropy.table.SerializedColumn {name: eccentricity}
#     equivalent_radius:
#       __class__: astropy.units.quantity.Quantity
#       unit: !astropy.units.Unit {unit: pix}
#       value: !astropy.table.SerializedColumn {name: equivalent_radius}
#     kron_radius:
#       __class__: astropy.units.quantity.Quantity
#       unit: !astropy.units.Unit {unit: pix}
#       value: !astropy.table.SerializedColumn {name: kron_radius}
#     orientation:
#       __class__: astropy.units.quantity.Quantity
#       unit: &id001 !astropy.units.Unit {unit: deg}
#       value: !astropy.table.SerializedColumn {name: orientation}
#     semimajor_sigma:
#       __class__: astropy.units.quantity.Quantity
#       unit: !astropy.units.Unit {unit: pix}
#       value: !astropy.table.SerializedColumn {name: semimajor_sigma}
#     semiminor_sigma:
#       __class__: astropy.units.quantity.Quantity
#       unit: !astropy.units.Unit {unit: pix}
#       value: !astropy.table.SerializedColumn {name: semiminor_sigma}
#     sky_centroid:
#       __class__: astropy.coordinates.sky_coordinate.SkyCoord
#       dec: !astropy.table.SerializedColumn
#         __class__: astropy.coordinates.angles.Latitude
#         unit: *id001
#         value: !astropy.table.SerializedColumn {name: sky_centroid.dec}
#       frame: icrs
#       ra: !astropy.table.SerializedColumn
#         __class__: astropy.coordinates.angles.Longitude
#         unit: *id001
#         value: !astropy.table.SerializedColumn {name: sky_centroid.ra}
#         wrap_angle: !astropy.coordinates.Angle
#           unit: *id001
#           value: 360.0
#       representation_type: spherical
#   astropy version: '5.1'
#   kernelfile: kernel_f115w_f277w.fits
#   make_catalog parameters:
#     ab_zpt: 31.4
#     coadd_bands: !!python/tuple [f277w, f356w]
#     deblend_contrast: 0.001
#     deblend_nlevels: 32
#     deblend_npixels: 1
#     detect_kernel_fwhm: 4.0
#     detect_kernel_npix: 7
#     detect_npixels: 4
#     detect_threshold_nsigma: 3.0
#     flag_isolated_buffer: 4
#     hst_bands: !!python/tuple [f606w, f814w, f125w, f140w, f160w]
#     jwst_bands: !!python/tuple [f115w, f150w, f200w, f277w, f356w, f410m, f444w]
#     near_border_kernelsize: 21
#     reference_band: f200w
#   make_catalog version: 1.4.0
#   photutils version: 1.5.0
# schema: astropy-2.0
label xcentroid ycentroid sky_centroid.ra sky_centroid.dec bbox_xmin bbox_xmax bbox_ymin bbox_ymax area semimajor_sigma semiminor_sigma orientation eccentricity min_value max_value local_background segment_flux segment_fluxerr kron_flux kron_fluxerr kron_radius gini equivalent_radius kron4_2_flux kron4_2_fluxerr kron4_2_mag
[from data line 3781]
3782 174.1914597033649 4499.243284782991 214.87857949421135 52.875986954748335 172 176 4498 4500 12.0 1.3959956824279 0.7005597364511622 -7.598621213986493 0.8649632697125502 0.2793303328206014 0.3349353203360733 0.0 3.7584333008467956 0.9893555 108.05555436530162 5.276087808523351 4.032297085952938 0.02659140321980434 1.9544100476116797 281.31594744866914 8.444902200276019 25.277014118816965
3783 583.2387103423836 4504.4115065283 214.87486913502735 52.87341669638716 572 592 4498 4508 181.0 4.602138752091696 2.1146551750160136 -11.073035182555143 0.888180869936581 0.19109787115629567 2.762931340860818 0.0 186.93447633867385 4.1433 264.1532515317948 8.168640850856914 2.0300052743160943 0.36557131857095027 7.590394548326596 295.31421205063805 12.640912010489247 25.224289130075903
3784 nan nan nan nan 2274 2280 4500 4506 36.0 nan nan nan nan 0.0 0.0 0.0 0.0 6000000.0 nan nan nan nan 3.385137501286538 nan nan nan
3785 9469.797137381016 4503.28467725417 214.7955629058379 52.81693829843849 9466 9475 4500 4507 58.0 2.59381034096692 1.4841835562927335 27.416201218849757 0.8201126939600712 0.13537368756476445 0.49848140198446345 0.0 18.054792832061953 1.7959442 38.09107071201486 5.141975613635196 2.525802901606044 0.19034753992995962 4.296739856991561 62.27524745771456 8.245341126056067 26.914211345174888
3786 449.3148200933894 4503.609865445096 214.8760745038788 52.874263026686585 445 452 4501 4506 41.0 2.0523696065523014 1.3855200585423237 13.56570585966231 0.7377416847966015 -0.02674529865377143 0.10372506403892191 0.0 1.7660894727522838 1.8810415 20.844511482752026 7.919548318862988 3.608353433161573 0.3139200500455978 3.6125759969217834 51.0252728644765 12.604900755144504 27.13053666039452
3787 791.4679869256016 4504.130032978374 214.8730111599779 52.8720925281721 789 794 4501 4507 30.0 1.5286507190904968 1.3536638499462685 71.12069076078895 0.46458496820312495 0.3425249393855578 0.7903393775292422 0.0 15.96344548336098 1.612251 34.33227975588182 4.392975443739074 2.484050350393831 0.14182824694353957 3.0901936161855166 44.52505161190632 6.88453684442887 27.278488921113052
3788 1263.9330043141215 4514.2919904974415 214.86868224069727 52.869146184652514 1249 1280 4501 4518 447.0 6.152205903171534 3.6644389960803827 -4.663004383601974 0.8032588549701364 0.01674972473894826 6.788568130303822 0.0 312.92435384494854 6.353988 2618.2981287538537 17.730732814665828 2.7352850424676696 0.5564719466688784 11.92830747106036 2773.566167210686 inf 22.792403672433196
3789 nan nan nan nan 2375 2382 4501 4507 50.0 nan nan nan nan 0.0 0.0 0.0 0.0 7071068.0 nan nan nan nan 3.989422804014327 nan nan nan
3790 7643.299376518512 4511.881418438274 214.81175826090956 52.828595971816426 7629 7661 4505 4519 327.0 6.6640885079762855 2.4503605471970475 -16.216916328250118 0.9299459373651611 0.07738011549366283 1.7038345507331463 0.0 164.02992442990404 4.34975 214.30435599085047 8.2776949741853 1.9674088592471242 0.38786375667152206 10.202319970580199 233.29866548034494 13.226921015316748 25.480219363647635
3791 7859.724242989245 4506.5669992184085 214.809883985158 52.82719160097181 7858 7861 4505 4509 16.0 1.2052967845188507 0.9629042386214872 73.8426425286146 0.6014719861233186 0.18248934364742445 0.3432190413483923 0.0 4.26335311516889 0.9487273 9.877974953565097 2.6596835619236483 2.4184582741331897 0.1076718837420157 2.256758334191025 10.627803066611591 4.266339257692511 28.83389125418006
3792 3961.353476484405 4518.861776146776 214.84454099959828 52.852033588841515 3955 3967 4506 4529 237.0 5.407428914554379 2.3009659185561806 77.12721519318957 0.9049493015889968 0.1196698755920396 2.280668985403519 0.0 159.460418357918 3.7727506 210.1605338699828 7.30135930259148 1.9156702261933487 0.3749511527555812 8.685588237163813 237.35071437528612 12.037860188420858 25.461523642023543
3793 3444.6244517595624 4524.045813051355 214.84910036227225 52.85534480099933 3438 3452 4508 4539 315.0 7.46333418127686 2.7125788795373413 -78.42315559641614 0.9316121342328532 0.14497451072306336 1.3965219494540546 0.0 166.8515275679456 4.5258837 304.8867283629928 11.918193671069456 2.2299471025907347 0.23584881504163135 10.013371767186818 311.1168720515401 5366933.086944312 25.167691090516627
3794 6564.97006362354 4515.186242137695 214.82134239731988 52.83546786171102 6562 6568 4510 4520 55.0 2.5530766202109034 1.3995721313953464 82.01010473775352 0.8363535551097402 0.014268124416974542 0.27690001754302596 0.0 8.751479712071612 1.7404348 11.922287175077123 3.551350703105387 1.830039856978751 0.20763541940228675 4.1841419359420025 11.637974010099102 5.686050422934256 28.73530654251779
3795 2007.346007347386 4512.076796690635 214.86206354380408 52.86441167873373 2005 2010 4511 4513 16.0 1.474841044142826 0.7704299329349585 -1.0302896916797661 0.8527117843009376 0.34186352576999823 0.7395479248869806 0.0 9.166755955075995 0.9585624 35.53795597859216 3.39378728470742 3.0860737714177904 0.1061528759190509 2.256758334191025 45.016659015740544 5.45477889632458 27.26656685001965
3796 6450.2855477020275 4517.984633110694 214.8223361416469 52.836211856566415 6442 6458 4511 4526 198.0 3.3617722039050055 3.25638798946659 22.12278832239963 0.24842090341677203 0.15293691552957753 1.445588149751238 0.0 114.12323107711762 3.628981 163.28962350423674 7.5927367400932075 2.098993700288613 0.3130137840553849 7.938851142601841 200.58967897554626 12.01762987813518 25.644228541689827
3797 10053.261106134823 4516.039224705013 214.79022816569926 52.81329735922907 10049 10058 4511 4520 81.0 2.3925738619761057 1.9892650203369155 62.228604947371785 0.5556249253815075 0.03945256365760476 0.5795468699779397 0.0 21.242522082115382 2.250916 55.8175815547987 6.82273829421479 2.8618292179909974 0.2930710549848668 5.077706251929807 75.81532532735288 10.741711643174142 26.700607492768
3798 8622.934255310549 4523.300267643775 214.80290223022573 52.82243006594328 8617 8629 4517 4529 132.0 3.1300776183621686 2.125570541524396 38.36311533309048 0.7340650295964359 0.09901332730225709 1.291370724752093 0.0 61.513173594677966 2.72028 74.75440480198054 4.727746352761993 1.7905018403755097 0.3750931741839381 6.4820448144285745 82.17005468541115 7.514914919397271 26.613216059991874
3799 9311.40492854341 4520.795601719251 214.79679063783672 52.8180396509115 9308 9314 4517 4524 40.0 1.6487487655908764 1.443969533044376 36.6274049244469 0.48267927761981894 0.06205510204562333 0.5116773789107824 0.0 10.135433652959112 1.5689257 21.73166470132072 4.33274253528524 2.623225820174676 0.29302267689215195 3.5682482323055424 33.12886686618873 6.858862109531166 27.599483545986125
3800 6361.939580419058 4518.9603324878135 214.8231141000705 52.836778619277645 6360 6363 4518 4520 10.0 0.921711823934949 0.7692737825405835 -2.8187775458844007 0.5508349356519869 0.22285103566862252 0.437111159881659 0.0 3.5209571729306197 0.7847035 10.378999489716245 2.520255141055679 2.7441887604632074 0.1132217435451259 1.7841241161527712 8.329748213867969 3.96800686604965 29.098420314904523
3801 9007.80446878919 4536.161010974029 214.79933553825384 52.820052599075765 8988 9025 4518 4554 939.0 7.525580002332221 4.835871554520631 -37.97056526414707 0.76620919970122 0.10376461085864999 7.922438951572059 0.0 1026.5773958056343 7.631893 1134.5302346839003 10.651207679510128 1.6398810190245152 0.5308441020929386 17.288521716057144 1235.4437924566282 16.63551992097434 23.670442521003217
3802 6181.741267031476 4525.228071780026 214.8246559504701 52.83795767913705 6175 6190 4519 4532 182.0 3.39974583203518 2.6390898467034596 -12.587656103418409 0.6304117505560078 0.033124444286586674 1.1262638460120415 0.0 63.18028354823966 3.3442788 103.39467934968494 7.880441305976277 2.3884076824378218 0.39261385457378833 7.611333607551958 123.9882003647478 12.667989058362974 26.16654910887494
3803 6418.404951476676 4524.900602639621 214.82254781442833 52.83645175693558 6415 6422 4522 4528 39.0 1.5726732831207133 1.524152558756093 21.787618880188727 0.24648104132929066 0.10019885412172899 0.5739523247924669 0.0 11.914967568294733 1.5038259 19.471992011338514 3.4616584866273032 2.125274833631354 0.2412495886162769 3.523362819972964 20.74110469016822 5.614033866661971 28.107920291026097
3804 6600.4371856936505 4525.60796770432 214.82091632774913 52.835298606316705 6596 6605 4522 4529 66.0 2.4937663488201998 1.6864569600335053 -23.65844675788213 0.7366547315348083 0.11302491206959822 0.49227935056465394 0.0 19.526234057580215 1.9091885 56.58214209663389 6.250949707918463 2.901725991680337 0.21415968029336718 4.583497844237541 83.6076561491981 9.966631253085588 26.594384878438802
3805 7366.195877888938 4524.4801071491165 214.81409724063573 52.83042526546209 7364 7369 4522 4527 27.0 1.3521894875329639 1.278905069189959 -72.08629670656967 0.3247405302142215 0.4113846278956686 1.4729333415129315 0.0 23.37407776732814 1.2759182 40.78488113452499 3.100332482212497 2.2587849853444477 0.20849228827388389 2.9316150714175193 43.86569883703698 4.932498207576117 27.294687368450692
3806 8791.636626129904 4525.20782046307 214.8013780113121 52.82136785503981 8789 8794 4522 4528 38.0 1.6096150353531917 1.4001956412335186 76.96733282624783 0.49323742121930714 0.13055206964377317 0.7683031767285906 0.0 14.68886791821675 1.4176041 22.793475146741336 3.263707090058781 2.151763838767465 0.2653708011644101 3.477898169151024 24.96298003143778 5.239413656470217 27.906758926685164
3807 9479.490250591296 4541.135224684085 214.79507832001806 52.81708058354892 9456 9502 4523 4561 1056.0 3.7130600619238394 3.256609104032335 -13.313091432880285 0.4803647922940777 -0.010572130111056679 391.24358438047403 0.0 9196.99900559346 19.324612 8813.29512539501 18.39656263068653 1.4 0.8642870360270155 18.333991376950163 9276.251858801821 19.530671257135495 21.48156867094462
3808 9595.197312727796 4526.473511837543 214.79420116514837 52.81626595008772 9592 9598 4523 4529 36.0 1.5526456000524735 1.4048900548638912 3.186439565980326 0.4257597007314151 0.07002231674543072 0.42578390338692795 0.0 8.098931712244125 1.4287881 18.857911925357264 4.250911295564027 2.7348068734231696 0.25004473717254105 3.385137501286538 38.1590350805215 6.785540190229311 27.44600653935534
3809 7106.334460173384 4542.149470523999 214.81622926646176 52.83217224531108 7095 7120 4529 4553 506.0 4.5535891048735 3.3415391964994563 -41.18568659213574 0.6793381562983004 0.1663765865484331 24.005808339661115 0.0 1107.7333997242501 6.0535054 1139.1384285928657 6.711085585988857 1.4784261706134476 0.6423500334471861 12.69113085619237 1216.1622243971924 10.133101404971939 23.68752122618322
3810 nan nan nan nan 8118 8125 4529 4536 51.0 nan nan nan nan 0.0 0.0 0.0 0.0 7141429.0 nan nan nan nan 4.029119531035698 nan nan nan
3811 3199.416158516977 4531.834532444752 214.85120813139397 52.85694477403847 3197 3202 4530 4535 28.0 1.618435695727225 1.3400883314437597 67.34514536834872 0.5607065874551379 -0.1537229502119805 0.2650661443273641 0.0 1.0527632691513318 1.5316914 12.580961790336904 6.451380038795927 3.624932617898624 0.46092918453691833 2.985410660720923 44.93012535268833 10.290092815307132 27.26865592436626
3812 4004.441517452908 4538.018597183655 214.84395472265172 52.851863088275856 3999 4011 4530 4544 140.0 4.484022854968616 2.247865729454178 64.26439547720177 0.8652703068784796 0.08766501970260106 0.7863118492083122 0.0 56.94633889761563 3.4383633 207.80736107550675 11.663103737545008 2.9782606364274473 0.2262811235857188 6.6755811781245455 241.43875343095547 19.8575152966908 25.442982549656126
3813 9212.122824221899 4535.688412276267 214.79751902228128 52.81875108665394 9205 9218 4530 4540 123.0 3.0067305913471083 2.2688754134365303 -7.004573406353761 0.656186400476041 -0.043966725098913854 0.5173657687100287 0.0 25.61524802205033 2.601783 54.95541885985597 7.223590915915569 2.662010520699658 0.36201982319230114 6.257165172872317 101.57109344913647 11.549289489955552 26.383074680468667
3814 4275.524076555222 4531.941045415237 214.84159846702462 52.85010779899197 4275 4276 4531 4533 6.0 0.804505189074485 0.4994085805742864 -89.69343187647692 0.7839967748976788 0.517285657712829 0.678711497984238 0.0 3.6364169877241355 0.6266796 18.091907972410464 2.325444571710826 3.3500769677494455 0.06304835824259299 1.381976597885342 25.70151004503385 3.777890644619538 27.875103399360484
3815 6767.125700422211 4536.798237703287 214.8193115187833 52.83429945463681 6758 6775 4531 4543 127.0 4.92617480280081 1.8528842196043962 31.369956698975876 0.9265667292677602 0.12557352087092394 0.48760567133855587 0.0 36.26166076353892 2.679676 98.29442977021387 8.50471687782657 2.7022546986791176 0.13749503687373982 6.358093703724522 120.12308099437809 13.620393245351531 26.200933843161966
3816 8029.464558324682 4534.2210054135185 214.80807930788097 52.826261614431246 8027 8031 4533 4536 16.0 1.2657992372850078 0.9607795001439258 16.40685471786867 0.6510557372080988 0.0636991463947876 0.15457228197048595 0.0 2.0208279607462347 0.9104024 19.07314061088306 4.128998617268997 3.618312204016772 0.10763625975573768 2.256758334191025 27.539992395570977 6.688960451531681 27.80009045999458
3817 8852.232752662416 4536.090376637862 214.80072326827718 52.821041256424415 8851 8854 4535 4537 10.0 0.9264776879553558 0.7550598902736152 -9.021913323776792 0.5794904448621174 0.16494204627035808 0.3390085179272842 0.0 2.688486784035358 0.7342109 7.287186423287742 2.28277201281539 2.699480217172085 0.11811324046569123 1.7841241161527712 9.19650918280021 3.674647903719692 28.99094247792444
3818 9180.782722927459 4538.951796265967 214.7977640798238 52.818967916550356 9177 9184 4536 4542 48.0 2.09731046748667 1.6848698297861233 22.841726506990636 0.5955100763982997 0.24297594274634407 0.4752360079880786 0.0 17.793108700540365 1.6536674 54.270345792503576 5.517583431828861 2.830070886494414 0.09683182310812928 3.9088200952233594 73.81806428974441 8.785215012503821 26.72959336843153
3819 4363.53423477021 4542.2826995101395 214.84070394438837 52.84960430642209 4358 4369 4537 4546 95.0 2.7201051409266426 2.307261701649884 34.32520819924131 0.5296357484248506 0.14142562436412334 0.7143517786341143 0.0 37.20383271769112 2.756417 133.85991597171724 9.284067372812748 3.1348659348025056 0.21380709022312208 5.499039842323396 167.04073099164532 15.346286584071818 25.84294404536341
3820 6057.798736696871 4540.883974463071 214.82559713860667 52.83882978742561 6056 6059 4540 4542 9.0 0.9200975872799402 0.7006457103967767 -28.04816360944492 0.6481758935480485 0.22302532986339546 0.4499551967838766 0.0 3.4615217489079004 0.74321353 14.004556261338546 2.7543104354307406 3.151562864125168 0.1012473500842427 1.692568750643269 11.274782237918942 4.412935563631721 28.76972959342178
3821 7340.970253371652 4544.8317571873395 214.81410812611114 52.83069528332556 7339 7343 4542 4547 25.0 1.498754710982773 1.159680446619257 69.64196394230251 0.6334755960158783 0.14339007189553823 0.4209984956315188 0.0 7.326355651417458 1.193941 20.904454541142375 3.894136024622608 2.7910553933537416 0.16154349757234315 2.8209479177387813 26.94441414467721 6.138931683572505 27.823828137193452
3822 9368.245248105784 4545.976949571824 214.79601903756816 52.81781393821135 9368 9369 4545 4547 4.0 0.6955505522081593 0.4301098472819214 88.9157334193099 0.7858845578782792 0.48119762370890956 0.5645784345509394 0.0 2.086880719585742 0.4828435 15.725365510660655 1.9821127324725714 3.5156959193366704 0.042749609402711435 1.1283791670955126 22.55028096187487 3.176441108759803 28.017120106811866
