outputs/dr0.5_c0.1/nircam6_f125w_dr0.5_c0.1.ecsv
# %ECSV 1.0
# ---
# datatype:
# - {name: label, datatype: int64}
# - {name: xcentroid, datatype: float64}
# - {name: ycentroid, datatype: float64}
# - {name: sky_centroid.ra, unit: deg, datatype: float64}
# - {name: sky_centroid.dec, unit: deg, datatype: float64}
# - {name: bbox_xmin, datatype: int64}
# - {name: bbox_xmax, datatype: int64}
# - {name: bbox_ymin, datatype: int64}
# - {name: bbox_ymax, datatype: int64}
# - {name: area, unit: pix2, datatype: float64}
# - {name: semimajor_sigma, unit: pix, datatype: float64}
# - {name: semiminor_sigma, unit: pix, datatype: float64}
# - {name: orientation, unit: deg, datatype: float64}
# - {name: eccentricity, datatype: float64}
# - {name: min_value, datatype: float64}
# - {name: max_value, datatype: float64}
# - {name: local_background, datatype: float64}
# - {name: segment_flux, datatype: float64}
# - {name: segment_fluxerr, datatype: float32}
# - {name: kron_flux, datatype: float64}
# - {name: kron_fluxerr, datatype: float64}
# - {name: kron_radius, unit: pix, datatype: float64}
# - {name: gini, datatype: float64}
# - {name: equivalent_radius, unit: pix, datatype: float64}
# - {name: kron4_2_flux, datatype: float64}
# - {name: kron4_2_fluxerr, datatype: float64}
# - {name: radius_kron20, unit: pix, datatype: float64}
# - {name: radius_kron50, unit: pix, datatype: float64}
# - {name: radius_kron80, unit: pix, datatype: float64}
# - {name: near_border, datatype: bool}
# meta:
#   PHOTMJSR: 0.3925000131130219
#   PIXAR_SR: 2.11539874851881e-14
#   __serialized_columns__:
#     area:
#       __class__: astropy.units.quantity.Quantity
#       unit: !astropy.units.Unit {unit: pix2}
#       value: !astropy.table.SerializedColumn {name: area}
#     eccentricity:
#       __class__: astropy.units.quantity.Quantity
#       unit: !astropy.units.Unit {unit: ''}
#       value: !astropy.table.SerializedColumn {name: eccentricity}
#     equivalent_radius:
#       __class__: astropy.units.quantity.Quantity
#       unit: !astropy.units.Unit {unit: pix}
#       value: !astropy.table.SerializedColumn {name: equivalent_radius}
#     kron_radius:
#       __class__: astropy.units.quantity.Quantity
#       unit: &id001 !astropy.units.Unit {unit: pix}
#       value: !astropy.table.SerializedColumn {name: kron_radius}
#     orientation:
#       __class__: astropy.units.quantity.Quantity
#       unit: &id002 !astropy.units.Unit {unit: deg}
#       value: !astropy.table.SerializedColumn {name: orientation}
#     radius_kron20:
#       __class__: astropy.units.quantity.Quantity
#       unit: *id001
#       value: !astropy.table.SerializedColumn {name: radius_kron20}
#     radius_kron50:
#       __class__: astropy.units.quantity.Quantity
#       unit: *id001
#       value: !astropy.table.SerializedColumn {name: radius_kron50}
#     radius_kron80:
#       __class__: astropy.units.quantity.Quantity
#       unit: *id001
#       value: !astropy.table.SerializedColumn {name: radius_kron80}
#     semimajor_sigma:
#       __class__: astropy.units.quantity.Quantity
#       unit: !astropy.units.Unit {unit: pix}
#       value: !astropy.table.SerializedColumn {name: semimajor_sigma}
#     semiminor_sigma:
#       __class__: astropy.units.quantity.Quantity
#       unit: !astropy.units.Unit {unit: pix}
#       value: !astropy.table.SerializedColumn {name: semiminor_sigma}
#     sky_centroid:
#       __class__: astropy.coordinates.sky_coordinate.SkyCoord
#       dec: !astropy.table.SerializedColumn
#         __class__: astropy.coordinates.angles.Latitude
#         unit: *id002
#         value: !astropy.table.SerializedColumn {name: sky_centroid.dec}
#       frame: icrs
#       ra: !astropy.table.SerializedColumn
#         __class__: astropy.coordinates.angles.Longitude
#         unit: *id002
#         value: !astropy.table.SerializedColumn {name: sky_centroid.ra}
#         wrap_angle: !astropy.coordinates.Angle
#           unit: *id002
#           value: 360.0
#       representation_type: spherical
#   astropy version: '5.1'
#   make_catalog parameters:
#     ab_zpt: 31.4
#     coadd_bands: !!python/tuple [f277w, f356w]
#     deblend_contrast: 0.001
#     deblend_nlevels: 32
#     deblend_npixels: 1
#     detect_kernel_fwhm: 4.0
#     detect_kernel_npix: 7
#     detect_npixels: 4
#     detect_threshold_nsigma: 3.0
#     flag_isolated_buffer: 4
#     hst_bands: !!python/tuple [f606w, f814w, f125w, f140w, f160w]
#     jwst_bands: !!python/tuple [f115w, f150w, f200w, f277w, f356w, f410m, f444w]
#     near_border_kernelsize: 21
#     reference_band: f200w
#   make_catalog version: 1.4.0
#   photutils version: 1.5.0
# schema: astropy-2.0
label xcentroid ycentroid sky_centroid.ra sky_centroid.dec bbox_xmin bbox_xmax bbox_ymin bbox_ymax area semimajor_sigma semiminor_sigma orientation eccentricity min_value max_value local_background segment_flux segment_fluxerr kron_flux kron_fluxerr kron_radius gini equivalent_radius kron4_2_flux kron4_2_fluxerr radius_kron20 radius_kron50 radius_kron80 near_border
[from data line 2206]
2207 8395.396881498 2706.007096600473 214.82404523938882 52.81408318812834 8392 8400 2703 2710 44.0 2.7555086146949974 1.3352496819672832 43.13987057291867 0.8747499000715783 0.10687838547716692 0.3818105712209738 0.0 9.159358118895724 5.468296 28.950438766157358 18.15021997116412 2.60653904496564 0.1859060120553964 3.742410318509555 -14.12413071542974 28.996564662456738 3.0042149474838364 4.693894273833253 6.204297164627787 False
2208 786.90193969853 2707.431713754136 214.8919553559422 52.86242835401318 782 790 2704 2711 64.0 2.215981335948325 2.1084184740733884 24.205993870314494 0.3077712128243748 0.07016186013312167 0.4502834542223511 0.0 12.266563411484054 5.9446383 57.499083551225525 20.634485734118847 2.841892848971593 0.26558056573728406 4.51351666838205 145.68521576560545 32.894906472382566 4.002223168999771 7.4152045654596215 13.724407968117028 False
2209 6084.078179837898 2706.862005207818 214.8446546454133 52.82877592312677 6082 6086 2704 2708 17.0 1.0440849880834266 0.9479665471234872 -1.0804041392081796 0.4191001268472903 -0.03887508991797553 0.12600443547465645 0.0 1.1299075990661454 2.5806603 5.619326014938 10.091784282805062 3.562434998601148 0.3234164481257488 2.326213245840639 -13.29393682418521 16.148879585306688 2.0137267994944557 4.266657399582602 5.994151783611333 False
2210 254.5039293571559 2712.33421369655 214.89666244783248 52.86583572925033 249 259 2706 2719 120.0 3.2747966700565367 2.3518912939633805 69.2620345431496 0.6958580624875916 -0.13954993530910978 0.50931255538441 0.0 36.25123267057001 8.214592 68.49920312024419 22.91887067619161 2.463978731931924 0.2499176850179383 6.180387232371033 89.49452253094864 36.38669364020318 3.1861505608315106 5.934242610272237 11.526153793580807 False
2211 7215.508720731853 2709.3335012107195 214.83453385158182 52.82159960006385 7212 7219 2706 2713 54.0 2.00312054117832 1.809460767402299 -43.91536182028375 0.4289653200384527 0.10033933792949236 0.3284246241525083 0.0 11.566074878506338 6.136013 17.491732442784716 10.32436746575447 1.486918191513631 0.1680112181842387 4.145929793656026 17.12361994640233 16.450313237830578 1.936011101417445 3.3708485069504532 4.975426975386714 False
2212 1569.2271855067463 2709.9068640383343 214.8849381124983 52.85747331345266 1568 1573 2707 2714 30.0 1.797402331503628 0.82209961679552 86.44199764368489 0.8892702811793226 -0.04593881540173146 0.08803815345977199 0.0 0.5900055498104956 4.1576586 18.366116641829493 13.404607263785406 3.64717489037207 0.4674847124194603 3.0901936161855166 78.43041642630894 21.45795325446042 6.011811602964337 8.17431912775676 9.667013747145507 False
2213 4175.642690577079 2713.984118629157 214.8616146754204 52.84093949567258 4171 4179 2709 2719 84.0 2.518349610371313 2.0511116738807895 71.48475418007311 0.5802104261861583 0.03771760866898497 0.5876345254961683 0.0 25.561728226580527 6.560278 59.228747801374276 20.694851285013137 2.8227629687470404 0.26614898121439545 5.170882945826411 20.338219304229604 33.07045563381639 2.859546297975021 5.772668209482817 9.4061274482402 False
2214 6319.475003824658 2715.411269681916 214.8424642141847 52.8273262636665 6316 6322 2709 2719 58.0 2.616882100468627 1.4677618505993746 72.5720580544876 0.8278958113968561 -0.05141712287758665 0.22592066631973698 0.0 4.682693218844818 6.534251 22.61463092854274 25.787024394802042 3.5985548756333827 0.4525399367452421 4.296739856991561 36.35743835497712 41.20578604184522 3.8321246383592014 9.5081675625573 14.629399353019666 False
2215 4439.498011838047 2715.056929669409 214.8592476208391 52.83926903189794 4434 4445 2710 2720 98.0 2.6406206354442765 2.394483684353444 -7.768197389006912 0.4215864383501505 0.039507725189247306 0.6524630378764343 0.0 35.78475451558753 7.1979537 64.75630810980412 17.360052523709438 2.146600226140149 0.22781287344927675 5.585191925620057 87.45435650193681 27.65594243927375 2.7900123349382153 5.0654094587532805 7.886011788852707 False
2216 6255.303754108706 2715.3203645564417 214.84303777674307 52.82773353297936 6250 6261 2711 2720 88.0 2.642892929350903 2.2210939706854127 -39.68232162596295 0.541962678954338 0.000493778885065124 0.43623966798361463 0.0 21.480373164658776 7.7176833 44.13711772868053 20.69744297021644 2.3549870508558226 0.22617838003399332 5.292567428401227 61.50380701239308 33.119970401065316 2.916181331625647 5.271152048784555 7.898666605819476 False
2217 2027.9772577441643 2713.412943064771 214.88080238283973 52.8545786040001 2027 2029 2712 2714 7.0 0.76686024372152 0.6506452398501764 1.7111503639318724 0.5292699670764154 0.047501136270150596 0.09235890765025623 0.0 0.5246859325683613 1.8275454 2.010021792395585 6.715170404036649 3.0716570571668274 0.12251096338107673 1.4927053303604616 1.6337850973674823 10.793940187898203 1.288261216568327 2.1983489871613338 3.207198242878649 False
2218 2864.58958669268 2716.5975176079955 214.87329531975757 52.84928190395958 2861 2868 2714 2719 30.0 1.8441708045993412 1.2347874870282147 2.3626897615048024 0.7427557815664619 0.21919529199599472 0.5418749798754926 0.0 11.89628537970368 3.9557014 62.5183956224042 15.705907269436489 3.209757535227366 0.1423561544278433 3.0901936161855166 120.39925622606415 25.169054640969886 3.16903055656947 5.947803437394085 9.79243802830467 False
2219 9342.324476084865 2723.9480919531916 214.81541342908216 52.808161242493725 9338 9348 2718 2728 89.0 2.5329394482585883 2.4030995704030196 79.53306277256019 0.31605927050471855 -0.0519451662760363 0.4318952146859229 0.0 20.487767526589167 7.7059507 99.17247120576057 28.754411025343746 3.2215153038053774 0.24851703569907999 5.322553886092406 156.81948486721626 46.203448626605336 5.0152887024435095 11.243695631780463 16.499433343889475 False
2220 1570.3560872176154 2724.548109066699 214.8847740210117 52.85754513619883 1565 1575 2719 2732 112.0 2.858977243108709 2.3013403467342393 65.16978057429284 0.5933395087342165 -0.033138500824104654 0.5556721869111316 0.0 27.53818824013763 8.479334 156.96818793825435 29.43885083946715 3.3829818960457874 0.33525678967204936 5.970821321441846 260.63775084790984 47.84019230028931 6.21737339701365 13.492891169349543 19.83511965874118 False
2221 3443.1091120832334 2723.485385495215 214.8680559541659 52.84564421874904 3439 3447 2719 2727 62.0 2.254525926930575 1.996266778380482 38.96917153745445 0.46473736012811717 0.11291257922914497 0.36895957850846195 0.0 16.315865612941007 5.746317 30.037560363041955 13.175360770978317 1.9162712909768957 0.14059923918318945 4.442433223290478 41.10156861488338 20.99636393424648 2.486894421245619 4.198330497358651 6.043246006257758 False
2222 8677.302419253994 2740.823223789075 214.82116531211827 52.812479115981944 8653 8705 2720 2767 1659.0 7.4561124492023465 6.691823769328239 23.75025133153591 0.4410245962138554 -0.1462594891197148 6.854164534803721 0.0 1131.1469489429235 32.969627 1297.5325501410764 47.981033447604936 1.8852876776531131 0.646271886912546 22.979906465843346 1572.0366928080318 77.0574359432907 3.921030536832841 8.052469871397777 17.527850636324704 False
2223 1467.3999381032852 2726.0915448061955 214.88567775603127 52.85820734279875 1463 1472 2722 2731 71.0 2.2194901060951224 2.1724789395190824 -65.0846661628606 0.20472785491379814 0.011991839221236231 0.38640677032362336 0.0 16.552858839550797 6.320547 51.01992521753983 21.178863051576464 2.784415929926685 0.2077560312334755 4.753945931439391 100.59786192832297 33.62539965710903 3.3800700885963293 6.684923371653508 11.015676249960665 False
2224 2816.6151896546608 2722.593221869386 214.8736607690695 52.84961897604012 2814 2817 2722 2724 11.0 0.5850697414955663 0.4759845017626201 -72.75715986214604 0.5814925439981301 -0.06975823799988426 0.044778459385177986 0.0 -0.046739154796929416 2.496028 0.2616949758109106 2.4885539628774223 1.4 -0.7900892190194464 1.8712051592547776 0.17025097205964798 3.9610246439800125 0.6953580579299198 1.1284782225901802 1.546684578935042 False
2225 287.26274882282974 2732.7186131408553 214.89615519754082 52.86573770276308 276 301 2724 2743 362.0 5.287086334613433 3.290713566099272 26.23962432257043 0.7826946619691658 -0.07601128079563116 1.7260428569301987 0.0 176.97463000681145 14.348702 230.12397012330578 27.806745525422325 2.016770596415064 0.41857696400573685 10.734438914006276 287.6873478502457 44.58968618684175 3.337568309688425 6.5437707505091876 11.537520965568849 False
2226 2495.8685431694435 2725.172750331403 214.8764987319562 52.85167021286507 2494 2498 2724 2727 15.0 1.1913260494344105 0.9395270086172957 -11.606731822531716 0.6148556223280172 0.21498756396553498 0.5996184788467471 0.0 6.554384038946376 2.7908227 162.56278484137212 14.403431681487886 4.001905067488275 0.17496488040596375 2.1850968611841584 373.61106829080296 23.056613973769135 4.683326774529139 7.33249206094938 9.269670843771667 False
2227 6358.613545837274 2727.761838671889 214.84198509776087 52.82714415380524 6355 6361 2724 2732 46.0 1.9529942063099126 1.3593571607040043 52.47470478161333 0.7180054526798506 -0.05497598941828531 0.2320613956304366 0.0 4.616275910413815 5.4191375 12.74324794502892 15.62876520180435 2.6869149307580833 0.34987866026271663 3.826519928662906 18.619955114699426 25.196668657020616 2.21271088053877 3.9273517541183836 5.715314028908678 False
2228 10256.091470542364 2728.361518448751 214.80722176117087 52.80237657954893 10250 10262 2725 2735 112.0 3.0228262187551618 2.105945770546443 -38.47135876851505 0.7173810022278185 -0.007944728133995781 0.5378444698519335 0.0 22.567734802277883 8.041539 64.36831428810902 26.99402510824019 3.1655572957897524 0.4334448733059892 5.970821321441846 60.19288937624906 42.10115691217699 3.3553181354584063 7.840741297242162 11.36673456633204 False
2229 3414.1319060572628 2735.778552699271 214.86818544020875 52.84589459759427 3403 3425 2727 2745 283.0 5.382481402099026 3.03040638278496 -33.47750546991885 0.8264481177283356 -0.024622544694669197 0.6896195772503363 0.0 100.18363459143062 12.321894 130.17878574641057 22.77766143543514 1.7390254895713328 0.3032750015737141 9.491137855389772 128.04706113161475 36.499015448037845 3.7655398764388788 6.442533297553835 9.768453297854972 False
2230 1528.951251630214 2735.5982499418733 214.8850277609195 52.85786771908584 1522 1531 2730 2741 85.0 2.894355182902924 1.8413784191836844 -78.95189037876747 0.7715271279708911 -0.14334426058125876 0.22030516837001596 0.0 5.59139517777112 7.1864834 18.611364103726313 21.91791832597665 2.7792988950480804 0.4228766951419372 5.201570947860099 24.36726523126837 35.0935312739997 2.9867933903395145 5.216285234730698 7.294228274073234 False
2231 3890.69101822399 2742.2649874926583 214.8638615593315 52.842902244814134 3879 3900 2730 2754 386.0 4.711297636884977 4.470451371347869 37.984133364567064 0.3156400656274059 -0.07769449604443238 0.9744306402382978 0.0 125.54027636726516 14.488958 217.34623220637218 36.61370479028869 2.436465173701471 0.38368931492858416 11.084566571000565 203.5398672428525 58.798716946750034 4.641428206123705 8.943973397902804 19.313748953474082 False
2232 1452.1564551247016 2741.263892224891 214.88565437517096 52.85838601335536 1436 1469 2731 2751 530.0 6.252429556322662 4.2199571699856495 -0.3424633983095546 0.7378810469712015 -0.0023561410960865896 2.429211363918728 0.0 400.99887634870686 17.521046 471.83653780397566 31.79766247840757 1.824851044333645 0.3909142421367224 12.988619621707652 550.4005861611942 51.111295047214014 3.8519215282910215 7.203490715831946 12.166294334247352 False
2233 6216.505948327728 2752.593009906622 214.8429919981375 52.82818101844562 6198 6237 2732 2776 1336.0 7.157997345186223 5.481807720843423 -81.59431042835196 0.6430433171093813 -0.10840404370777285 8.282422018853985 0.0 1283.0371698369613 29.731365 1363.8931516370083 38.14550654880163 1.6804301564285582 0.6462047019032343 20.62188177498708 1539.1646926396884 61.70082264381005 3.6081369174108575 6.989155563527529 12.817603460525895 False
2234 6707.034393346204 2736.1243263633773 214.83878838537885 52.82497522731993 6706 6709 2735 2739 13.0 0.9631278957245473 0.7396958348403037 -54.355537691855695 0.6404328950386624 -0.021435955268109756 0.19550314312460407 0.0 1.1868912924375932 2.8887413 3.9585605134637336 8.010559554077398 2.673069844870655 0.4225324305599552 2.0342144725641096 6.752730737983574 13.060093470352923 1.3238731894258438 2.2376772113614214 3.0821552342843708 False
2235 10151.409201310174 2736.6091052812944 214.80806805941262 52.80308647211805 10151 10153 2735 2737 7.0 0.5374584919453441 0.4370240324688436 43.92856458466891 0.5820810646256349 -0.06560011561550294 0.04968747944594379 0.0 0.056596341694836357 1.6109029 3.573563480734701 5.374718564088808 3.956689134182843 0.17976624064526206 1.4927053303604616 8.45020343768139 8.582666468172455 2.4597516814276403 3.765328635275831 4.529742969146546 False
2236 1580.8176902072714 2741.1914741059522 214.8845054781644 52.85756848761093 1576 1587 2737 2745 72.0 3.1648192772057953 1.821685057276092 -31.584735131749234 0.8177280441337399 0.01108599836330183 0.22321953879094142 0.0 9.56922062847283 6.450129 109.37108441240726 32.444274497654064 3.900466232108427 0.17066264681403984 4.787307364817192 213.42472550316717 51.743397988654664 7.71809214539159 11.755631901524028 14.762930368409101 False
2237 1112.2161107573 2745.720452674212 214.888645259226 52.86056898637764 1101 1124 2739 2752 231.0 5.154769433224238 2.696294238105168 15.645984454308095 0.852291035618446 0.011405080209640574 0.8369688972076784 0.0 81.97563750562348 11.511021 165.8432253729423 31.064373239656888 2.5058730503661257 0.3272377564254377 8.574939283076915 238.24816639204596 50.00332924570061 4.027029513200354 9.105215780037001 16.174104294148 False
2238 3774.9527426629406 2741.955877172634 214.86489829508088 52.84363581834258 3773 3777 2740 2744 18.0 1.3981222605488333 0.9405005254718642 45.855488690337616 0.7399259514822697 0.21847213136092467 0.38636762928308604 0.0 5.772721552249412 3.2458541 19.8716705997339 10.64243091263869 2.8077723195600197 0.08185957058586109 2.393653682408596 46.90958412354087 16.743120097224928 1.9197085284078566 3.332244559170556 4.798761425486782 False
2239 3802.320721952738 2748.459870446792 214.86458550295038 52.84349703966575 3795 3809 2741 2757 188.0 3.4601069743511492 2.9309389456098334 -68.91340811749046 0.5314877286530024 0.04365091355537884 1.4176433545554818 0.0 106.13396234130042 9.929743 165.57675350535712 22.580844786646654 2.212490442553512 0.33622214787629723 7.735777827895049 168.6501413623329 36.423955200071596 2.9964491811687246 5.8302554465174055 11.120418618919082 False
2240 7220.17244833086 2746.671992351481 214.83409959166207 52.821771244705644 7218 7223 2743 2750 38.0 1.9980371017571201 1.2530844609632985 -79.56109551636933 0.7788922593740344 0.03413727861222368 0.2656489123369541 0.0 6.742313039423452 4.963037 9.84850308460067 10.951203294875711 1.930308916122497 0.19238273451247023 3.477898169151024 15.61101511760377 17.512430413244438 1.613271769012879 2.781509428198108 3.949508927793154 False
2241 10205.214758027918 2747.213613956554 214.80747698846946 52.80280157902014 10197 10212 2743 2753 140.0 3.456932773782575 2.6384292419873288 -15.898969307305475 0.6461287965513512 -0.04988419299865273 0.4776281346939488 0.0 36.47025024642151 6.9888496 54.077974795004984 11.222933767705804 1.4 0.28297760028154306 6.6755811781245455 42.751950277370625 18.371736089059308 3.0209820330946915 5.146267716030266 7.380048279176856 False
2242 4010.957855602265 2749.7228158442695 214.86270923586312 52.842178448323345 4008 4015 2746 2753 48.0 2.1213233872213877 1.7809655127219195 68.02847600546721 0.5432762637423616 0.042839609445561734 0.2523064878650731 0.0 7.708052629962907 5.059445 40.815625157603854 19.380588626622114 3.0417430873548295 0.19234741051087148 3.9088200952233594 62.85382571299701 30.88237984586816 4.011872196508671 7.40525207157513 12.392923946033198 False
