outputs/dr0.5_c0.1/nircam6_matched_f200w_f277w_dr0.5_c0.1.ecsv
# %ECSV 1.0
# ---
# datatype:
# - {name: label, datatype: int64}
# - {name: xcentroid, datatype: float64}
# - {name: ycentroid, datatype: float64}
# - {name: sky_centroid.ra, unit: deg, datatype: float64}
# - {name: sky_centroid.dec, unit: deg, datatype: float64}
# - {name: bbox_xmin, datatype: int64}
# - {name: bbox_xmax, datatype: int64}
# - {name: bbox_ymin, datatype: int64}
# - {name: bbox_ymax, datatype: int64}
# - {name: area, unit: pix2, datatype: float64}
# - {name: semimajor_sigma, unit: pix, datatype: float64}
# - {name: semiminor_sigma, unit: pix, datatype: float64}
# - {name: orientation, unit: deg, datatype: float64}
# - {name: eccentricity, datatype: float64}
# - {name: min_value, datatype: float64}
# - {name: max_value, datatype: float64}
# - {name: local_background, datatype: float64}
# - {name: segment_flux, datatype: float64}
# - {name: segment_fluxerr, datatype: float32}
# - {name: kron_flux, datatype: float64}
# - {name: kron_fluxerr, datatype: float64}
# - {name: kron_radius, unit: pix, datatype: float64}
# - {name: gini, datatype: float64}
# - {name: equivalent_radius, unit: pix, datatype: float64}
# - {name: kron4_2_flux, datatype: float64}
# - {name: kron4_2_fluxerr, datatype: float64}
# - {name: kron4_2_mag, datatype: float64}
# meta:
#   PHOTMJSR: 1.891700029373169
#   PIXAR_SR: 2.11539874851881e-14
#   __serialized_columns__:
#     area:
#       __class__: astropy.units.quantity.Quantity
#       unit: !astropy.units.Unit {unit: pix2}
#       value: !astropy.table.SerializedColumn {name: area}
#     eccentricity:
#       __class__: astropy.units.quantity.Quantity
#       unit: !astropy.units.Unit {unit: ''}
#       value: !astropy.table.SerializedColumn {name: eccentricity}
#     equivalent_radius:
#       __class__: astropy.units.quantity.Quantity
#       unit: !astropy.units.Unit {unit: pix}
#       value: !astropy.table.SerializedColumn {name: equivalent_radius}
#     kron_radius:
#       __class__: astropy.units.quantity.Quantity
#       unit: !astropy.units.Unit {unit: pix}
#       value: !astropy.table.SerializedColumn {name: kron_radius}
#     orientation:
#       __class__: astropy.units.quantity.Quantity
#       unit: &id001 !astropy.units.Unit {unit: deg}
#       value: !astropy.table.SerializedColumn {name: orientation}
#     semimajor_sigma:
#       __class__: astropy.units.quantity.Quantity
#       unit: !astropy.units.Unit {unit: pix}
#       value: !astropy.table.SerializedColumn {name: semimajor_sigma}
#     semiminor_sigma:
#       __class__: astropy.units.quantity.Quantity
#       unit: !astropy.units.Unit {unit: pix}
#       value: !astropy.table.SerializedColumn {name: semiminor_sigma}
#     sky_centroid:
#       __class__: astropy.coordinates.sky_coordinate.SkyCoord
#       dec: !astropy.table.SerializedColumn
#         __class__: astropy.coordinates.angles.Latitude
#         unit: *id001
#         value: !astropy.table.SerializedColumn {name: sky_centroid.dec}
#       frame: icrs
#       ra: !astropy.table.SerializedColumn
#         __class__: astropy.coordinates.angles.Longitude
#         unit: *id001
#         value: !astropy.table.SerializedColumn {name: sky_centroid.ra}
#         wrap_angle: !astropy.coordinates.Angle
#           unit: *id001
#           value: 360.0
#       representation_type: spherical
#   astropy version: '5.1'
#   kernelfile: kernel_f200w_f277w.fits
#   make_catalog parameters:
#     ab_zpt: 31.4
#     coadd_bands: !!python/tuple [f277w, f356w]
#     deblend_contrast: 0.001
#     deblend_nlevels: 32
#     deblend_npixels: 1
#     detect_kernel_fwhm: 4.0
#     detect_kernel_npix: 7
#     detect_npixels: 4
#     detect_threshold_nsigma: 3.0
#     flag_isolated_buffer: 4
#     hst_bands: !!python/tuple [f606w, f814w, f125w, f140w, f160w]
#     jwst_bands: !!python/tuple [f115w, f150w, f200w, f277w, f356w, f410m, f444w]
#     near_border_kernelsize: 21
#     reference_band: f200w
#   make_catalog version: 1.4.0
#   photutils version: 1.5.0
# schema: astropy-2.0
label xcentroid ycentroid sky_centroid.ra sky_centroid.dec bbox_xmin bbox_xmax bbox_ymin bbox_ymax area semimajor_sigma semiminor_sigma orientation eccentricity min_value max_value local_background segment_flux segment_fluxerr kron_flux kron_fluxerr kron_radius gini equivalent_radius kron4_2_flux kron4_2_fluxerr kron4_2_mag
[from data line 4264]
4265 1717.1041335880839 1293.1647620647493 214.89851609158228 52.84888974118586 1702 1731 1271 1303 639.0 6.893626807228444 4.512743598817757 -78.69800891519917 0.7559533789165364 0.05350726716329267 3.932830050530679 0.0 564.5526854414748 6.658491 730.3777448110327 11.963720256557101 1.9051922808259463 0.49726536649334385 14.261837794318172 815.9033291306491 18.959851341642008 24.120903237037524
4266 1714.9840995743034 1322.1971581988942 214.89822976634218 52.84905987385547 1697 1735 1294 1355 1608.0 12.259526721244203 5.756412101138051 -88.1750359257853 0.8829079939323363 0.07900407225837887 4.985337778946004 0.0 1870.341695019327 10.571715 2162.1231057742198 15.209563566193944 1.5898487850548133 0.5085334512639733 22.623931952327283 2259.1581356001825 23.802531557848653 23.015133421133278
4267 4191.548658171034 1288.164360594861 214.87646590818443 52.83314786141007 4184 4199 1277 1300 282.0 4.512660749241164 3.031220892644904 -89.99619701957864 0.7408098697945931 0.10479984317471153 2.087173928645848 0.0 147.50556106046628 4.5929146 211.0727018831347 9.177595233723398 2.0688962254665624 0.40958547835378273 9.474354220939228 223.48252247725253 14.359037683815984 25.526891088360124
4268 4189.492273611828 1305.5687986049688 214.87630128513553 52.83325481042855 4186 4192 1301 1310 49.0 2.307852268854352 1.4761910199993167 -89.08181298300681 0.7686759192576372 0.0858315332083143 0.4454270725006929 0.0 14.000326724020468 1.9366558 31.590970721747773 5.3821413144424 2.470165226684254 0.16928846617801938 3.949327084834294 39.788031434027175 8.486993775956442 27.400618869053385
4269 7177.056820302332 1300.2745428383819 214.84969208092383 52.814247096086326 7166 7187 1283 1311 392.0 6.509045870565908 4.452563898543558 74.23993150852274 0.7294277641794209 0.18264325700231085 1.1744507509135067 0.0 181.38066764829682 4.787689 614.4240609389562 14.559045914569175 3.0969236998035314 0.25069663852974877 11.170383851240114 1072.423498552901 25.405994407906476 23.82408419620618
4270 7163.0433558740915 1298.1100058286577 214.84983985527094 52.814324462204574 7155 7171 1281 1310 332.0 7.72248571159415 3.5890712149038304 84.30742855231195 0.8854388195296218 0.08622891534247415 0.8592179023282319 0.0 124.68762140175892 4.417831 504.1133828335151 15.080976969572571 3.1442436967067935 0.25858793978127326 10.280023453913834 940.1627427163921 25.427712610734872 23.96699240816532
4271 7246.396512596232 1321.034214734262 214.84885524651528 52.81391846643744 7229 7263 1303 1346 984.0 7.603475406318416 6.190220508831625 77.23044322229642 0.5806820854160104 0.10851317975822233 5.671029719407244 0.0 638.6550653714551 7.526087 994.5153740492642 16.823904183277307 2.248234990278582 0.4782638625216453 17.697935698969246 1234.6083421026829 27.014690042615094 23.671176982206244
4272 7155.492887409742 1364.4759007165137 214.84920954412456 52.814730286158934 7065 7259 1277 1433 15270.0 19.499891724010425 15.871001465331497 -5.8827706569704175 0.581002138575546 0.07636584067164534 542.3531278465904 0.0 63811.56838827514 37.86029 64262.319324450305 35.48360982296258 1.4 0.7896539069967744 69.71794576740255 68733.53269462039 46.174999534515656 19.307078335253106
4273 7096.919380291338 1399.43680034893 214.84936457496892 52.815290958774256 7035 7127 1333 1473 7581.0 17.136129142083515 12.901402241636987 -85.22026388578507 0.658160927305633 0.04281238775680789 60.994568884152876 0.0 16592.19660837885 23.055439 17565.785401214627 25.664040956737797 1.524742545777716 0.7057977500427083 49.123387985350895 19241.043430928297 37.72688481178789 20.689428450287224
4274 7165.266566623885 1418.448227039969 214.84855495628543 52.81495920648186 7095 7249 1387 1484 8613.0 15.115074888116268 12.93989950089456 -35.3557488616662 0.5168229316707698 0.048941922355313174 238.60103080105625 0.0 31449.572599482683 27.09528 32397.69327089468 26.050708372780893 1.4 0.7780329345596859 52.3603194193942 35214.022497527745 35.78029199218879 20.033210906601802
4275 7093.686984362061 1483.3201376615543 214.8485115621955 52.81576379813626 7082 7104 1466 1501 477.0 7.979916349998826 3.8247950588184545 -66.35706912748896 0.8776496846942957 0.14032217111823211 0.8751056991712509 0.0 169.64830345265756 5.1245017 471.81540029724744 16.1772045248306 2.859743439293165 0.23818138193215088 12.322086499845234 634.3274738796696 25.78397274049132 24.394216195272932
4276 1514.3999102883017 1303.1430215541557 214.90022251786098 52.85023075782596 1510 1519 1299 1308 64.0 2.2549548401838084 1.8294486690205323 8.922656941317742 0.5846277195459003 0.1116497096717966 0.556487536286592 0.0 19.24689160537836 2.0244129 41.2023139862177 6.000992741470038 2.606071805983686 0.21729597929425687 4.51351666838205 61.75751155848363 9.602770130625762 26.923275529178852
4277 1521.213324133941 1313.920069638306 214.90004831296852 52.85024565203422 1509 1533 1299 1328 407.0 7.311384834600517 2.8117292696566167 -56.146170538592216 0.9230964016139854 0.0744451513754665 2.0528524600078177 0.0 259.2416469882714 5.422499 335.24501657890283 10.6280132567056 1.9575851220831848 0.3796537018026098 11.382096629215674 381.3420576647723 16.62125029738814 24.94671323593422
4278 6788.558672094979 1310.353689176763 214.85305226264882 52.816769804062794 6780 6795 1302 1319 194.0 4.078487830199525 2.716318900821877 -59.857694599831916 0.7459416697891464 0.14559895027782974 1.5192596436743162 0.0 110.24317709230658 3.3482678 174.55423110170744 8.035796688047741 2.2545567448055355 0.3105657734367764 7.858251581595959 207.85147734318872 12.572410530871268 25.605617210794165
4279 6773.78497761373 1309.272283382178 214.85319544811475 52.81685783677803 6767 6780 1306 1313 76.0 3.190489510850333 1.6904146864578924 2.8907950871598844 0.8481043323830624 0.16877769697704545 0.5336163390691437 0.0 26.736961323949355 2.032796 136.31124284511614 7.867647061754101 3.352404359267164 0.1558077134867164 4.918490759365935 149.13140249974913 12.738426773962587 25.966077244546703
4280 2884.28459090011 1308.3260609867482 214.8879289539764 52.84155943061398 2881 2887 1306 1311 30.0 1.6647674720626073 1.3601954339439593 -13.291424144600528 0.5765692278344582 0.1945795974811754 0.37880025767196557 0.0 8.425273991682817 1.3443134 28.07095125984006 4.717852802128369 2.8895202551452956 0.11257192664168542 3.0901936161855166 31.174078385530763 7.583886409718784 27.66551594229755
4281 2889.2738278753327 1311.7234434423528 214.88784866618028 52.84154607519531 2886 2893 1308 1315 41.0 1.9790025890206284 1.4773843862972524 47.013009713926024 0.6653519920439585 0.17113361659554138 0.5020953373403246 0.0 13.586493382321123 1.6126477 43.45064540570249 5.625781092371729 2.9701106666419026 0.1343548993545455 3.6125759969217834 28.838262974016345 8.926587035767932 27.75007725547086
4282 3806.8234845613133 1308.3474533975154 214.87968918075939 52.835700356830586 3806 3807 1307 1310 5.0 1.0049956261898012 0.37550964245053553 85.94276150515473 0.9275725646422648 0.27770218965672644 0.3676523478202836 0.0 1.5732458969196563 0.5665857 11.660725272207484 2.51707446207059 3.593704442994249 0.07304379816205092 1.2615662610100802 14.574742602015881 4.03263982490743 28.490997765952603
4283 3803.748028751404 1316.9575595156225 214.8796261193702 52.835766339808664 3798 3808 1311 1324 95.0 3.112861442591352 1.6875306125642413 -53.04645733164708 0.8403039471776078 0.006385689058945892 0.7780602991406816 0.0 27.529321937670364 2.598183 69.45806753606969 7.790668881208216 2.8986247807883383 0.336869893824882 5.499039842323396 92.39786898028338 12.543317331080702 26.485845112555147
4284 3796.074826108478 1326.6813447321279 214.87959240740807 52.835867533232026 3795 3797 1324 1329 14.0 1.5128523703775476 0.6494671612884122 -77.44917534985748 0.9031620646702666 0.1014905730340948 0.2464560629177484 0.0 2.4361525431834754 1.0712612 23.81305395465443 4.464238797139284 3.628483302951863 0.15646955431555098 2.111004122822376 38.14692357312102 7.098486576258754 27.446351201880297
4285 1959.2862737388416 1313.4941372357353 214.8961383588143 52.847461554109266 1957 1961 1310 1317 26.0 2.059674024064014 0.9674543846624638 85.33259940607394 0.8828195067716086 0.12383125193976173 0.34226228579904 0.0 6.12332236176894 1.2529688 24.523404067003717 4.75139160744382 3.038248323132883 0.1617812710916431 2.876813695875796 40.504180500429925 7.626431192351584 27.38125037563177
4286 1964.9301246322418 1337.2108467707337 214.89583855660842 52.847553694072666 1949 1984 1318 1353 966.0 6.943312796428807 6.428221016974671 48.02183159894464 0.37797771235826727 0.06849916298014459 3.964327674561434 0.0 871.3747679842068 8.185058 986.9202224611763 12.296102457781965 1.6293456522964065 0.44020903225564856 17.535317221354788 1029.1405391310777 19.174015434294727 23.868813285150665
4287 1977.341821730444 1357.2625232908986 214.89551681989428 52.847583078541994 1973 1982 1352 1361 66.0 2.0863891566468555 1.871018716756048 41.27895544894199 0.44248967088467384 0.15969658844790593 1.1018211930560244 0.0 32.19544064314933 2.0581899 50.86597403055629 4.491790893958527 2.120637027618664 0.2963720817933233 4.583497844237541 70.5028911021798 7.148228196202318 26.779482683976145
4288 2137.6777232832446 1319.3890889401946 214.8944824894605 52.84636052621713 2132 2143 1313 1326 126.0 2.619190169475443 2.2476330961520627 -64.29329727529894 0.5134149639081034 0.0820747131095363 2.16833251279121 0.0 77.07477683770254 2.895307 96.3272978928542 5.435314158125816 2.0181409776738457 0.4260686093825141 6.333012368467128 116.36143150785944 8.626083220737739 26.235477361477965
4289 2131.265190689077 1331.1185486058814 214.8944164514059 52.84646454083913 2125 2139 1324 1336 143.0 3.217656981596034 2.2081846583602154 -31.65197867005486 0.7273459434191043 0.12507790171389302 2.3191248387769603 0.0 105.51195312644016 3.0457458 134.5218594892024 5.425280023827386 1.8408653061453082 0.3964288753424657 6.746726148605861 144.83337065294933 8.61941112969935 25.99782840507275
4290 2583.4661155580343 1341.5719456537117 214.89026659725818 52.84364923706852 2558 2611 1323 1359 1367.0 8.681299720196648 4.818039249011573 12.275982493737136 0.8318566563728038 0.06422767012337981 26.601295787699208 0.0 3348.978691433253 10.668395 3408.778740868548 11.363839713126287 1.4 0.6401572694412242 20.859760650909728 3530.8100515678743 16.85879815982074 22.53031411431574
4291 2610.4599140568657 1352.5437891021593 214.88991008951396 52.8435370083573 2592 2628 1338 1369 633.0 6.326923677480365 4.054702222638089 34.89306258555084 0.7676538283655896 0.11104529381102463 9.362807887594789 0.0 772.504188359598 6.799385 905.0848810044029 9.764841226436642 1.6828789460602336 0.5668437222030935 14.194722891072566 976.6183449183607 15.236231947766305 23.925687805336608
4292 8370.323124539382 1343.2354358125779 214.83859674180857 52.8068965503622 8363 8381 1332 1355 279.0 4.892128512615905 2.9579959704596925 71.57519988662106 0.7964958745866224 0.14048112777081745 2.699992506638099 0.0 204.34595067208144 4.7267175 297.7833091026238 9.72772322963024 2.2029125260307194 0.3752914670181959 9.423823971471327 390.2007107192232 15.273039024752174 24.921779859770744
4293 8383.821862151366 1377.8060465321676 214.83811294852833 52.806997145138475 8362 8408 1347 1408 2070.0 9.41207952312715 6.642280570945092 85.05427103113021 0.7084921380185155 0.1450575242414508 31.712699154764938 0.0 4555.9122934952375 13.505868 4661.940707723035 14.585455840895241 1.440147787206731 0.6294149487189755 25.669076033243712 4967.624268599655 21.645388384522597 22.159628149754194
4294 6931.519334035104 1383.9857678491962 214.85100266931562 52.8162585438135 6914 6952 1368 1399 638.0 7.378222526651889 4.130095262224535 55.514283316469744 0.8286491554218791 0.1112052923331276 5.004753941661394 0.0 438.68983269958886 6.1168294 634.8026920245629 12.592827812407895 2.189989203002092 0.4701251593136483 14.250673927406327 826.4039120539608 19.987742495095905 24.107019089020497
4295 6975.461164135647 1379.7689120127045 214.85065495375622 52.81595661544303 6955 6995 1360 1398 1138.0 7.040414807888618 6.801108425733672 33.10226407083095 0.2585061239493809 0.07119232994313499 6.362353128403662 0.0 1222.40172810324 8.367298 1519.1636222986926 13.966463030182855 1.9071797913397923 0.5282108476882015 19.0325156108475 1786.2295174663934 22.018210944019607 23.270156845470694
4296 6957.058731693582 1378.3919293360664 214.85083361432967 52.81606611290726 6942 6965 1364 1395 473.0 4.995672853878062 4.420174900837756 -24.221758523916986 0.46596963318423 0.14936128667180773 5.140737420388072 0.0 512.2649984916748 5.3504043 652.1801090127639 8.48059941639297 1.9557266189517157 0.5116201086626352 12.27031279816994 808.5072334823892 13.283386491794047 24.130790225579993
4297 1270.2784041700302 1403.9286497816768 214.90134433694527 52.85232480079908 1236 1306 1373 1438 3363.0 11.882214910150932 9.714012345269502 35.9088153523619 0.5758925605318725 0.12512740433905636 25.934967357091523 0.0 8101.688108639541 16.34026 8317.907372438322 18.228240849165413 1.4 0.5790186819565258 32.7181317809573 8611.435873749588 27.409495277262412 21.56231107024673
4298 1283.7701528746989 1381.346092929617 214.90146122429888 52.85211725996828 1274 1293 1374 1386 148.0 3.7724532263295782 2.3880572661231962 27.374348673037257 0.7741313379466427 0.17373339635773755 2.0775093529351616 0.0 110.98715529835613 3.2232728 219.50536623498803 8.306140050725807 2.5866653586829016 0.35795155743438223 6.863662517577698 316.50103240973203 13.444532083316938 25.149062172496357
4299 4089.923252309022 1380.451979779731 214.87640305704033 52.83429119839892 4084 4096 1373 1389 133.0 3.4501149955225547 2.4106912720479614 69.71068018174282 0.715387626994934 0.1111555486722792 0.826149751986692 0.0 51.05389646257579 2.7888706 183.8413040221465 9.610980374419556 3.0886069468429382 0.23588829885503998 6.506551687525748 412.68448772816174 15.351176925665035 24.860954638447815
4300 4104.4033042853225 1398.6568030256722 214.8760823540439 52.834297429952606 4080 4130 1379 1419 1138.0 11.142067994454354 5.867370218532074 -26.769566287694843 0.8501155712278249 0.10711543192044075 3.2506133380135704 0.0 1015.273188352885 8.674701 1444.118351503559 18.376534977874037 2.079680059569676 0.3844145570533611 19.0325156108475 1892.422045751648 29.18190929839215 23.207455003211976
4301 4080.0159916662415 1434.1004477583313 214.87592746173468 52.8346435298455 4039 4115 1380 1480 4324.0 18.78184801455293 9.369398088699974 56.74134408380721 0.8666860958363103 0.0816914702795942 14.887897082267076 0.0 7593.086699356553 17.598742 7943.764975369348 22.36409036228612 1.4765717862314953 0.5138245837792894 37.09948716436268 8292.857649184487 34.574325611202845 21.603239473558627
4302 4031.1153229268016 1430.4422517536018 214.87640258176003 52.834934399841465 4023 4039 1421 1440 261.0 4.437852611192638 3.232442631185606 59.04340843618567 0.6851734995959766 0.14951798026388294 1.53083590434804 0.0 117.19947755242944 3.9861367 202.35713468104464 9.851035170977065 2.3760356076114624 0.329976598666618 9.114761669619748 255.03639932640488 15.888111965579498 25.38349457932225
4303 9260.781093409676 1400.042955100348 214.8300592968804 52.801544040645695 9248 9278 1393 1410 333.0 6.185040464364447 2.902536696761858 -13.082824703450896 0.8830476255110451 0.19013137493896187 3.3804006648421883 0.0 314.24859773510804 4.7940154 464.4373382925769 10.135036634885362 2.167031188153874 0.3676222787685481 10.295493776366547 528.5593110553299 16.316249332751863 24.592265680689028
