outputs/dr0.5_c0.1/nircam1_f814w_dr0.5_c0.1.ecsv
# %ECSV 1.0
# ---
# datatype:
# - {name: label, datatype: int64}
# - {name: xcentroid, datatype: float64}
# - {name: ycentroid, datatype: float64}
# - {name: sky_centroid.ra, unit: deg, datatype: float64}
# - {name: sky_centroid.dec, unit: deg, datatype: float64}
# - {name: bbox_xmin, datatype: int64}
# - {name: bbox_xmax, datatype: int64}
# - {name: bbox_ymin, datatype: int64}
# - {name: bbox_ymax, datatype: int64}
# - {name: area, unit: pix2, datatype: float64}
# - {name: semimajor_sigma, unit: pix, datatype: float64}
# - {name: semiminor_sigma, unit: pix, datatype: float64}
# - {name: orientation, unit: deg, datatype: float64}
# - {name: eccentricity, datatype: float64}
# - {name: min_value, datatype: float64}
# - {name: max_value, datatype: float64}
# - {name: local_background, datatype: float64}
# - {name: segment_flux, datatype: float64}
# - {name: segment_fluxerr, datatype: float32}
# - {name: kron_flux, datatype: float64}
# - {name: kron_fluxerr, datatype: float64}
# - {name: kron_radius, unit: pix, datatype: float64}
# - {name: gini, datatype: float64}
# - {name: equivalent_radius, unit: pix, datatype: float64}
# - {name: kron4_2_flux, datatype: float64}
# - {name: kron4_2_fluxerr, datatype: float64}
# - {name: radius_kron20, unit: pix, datatype: float64}
# - {name: radius_kron50, unit: pix, datatype: float64}
# - {name: radius_kron80, unit: pix, datatype: float64}
# - {name: near_border, datatype: bool}
# meta:
#   PHOTMJSR: 0.3925000131130219
#   PIXAR_SR: 2.11539874851881e-14
#   __serialized_columns__:
#     area:
#       __class__: astropy.units.quantity.Quantity
#       unit: !astropy.units.Unit {unit: pix2}
#       value: !astropy.table.SerializedColumn {name: area}
#     eccentricity:
#       __class__: astropy.units.quantity.Quantity
#       unit: !astropy.units.Unit {unit: ''}
#       value: !astropy.table.SerializedColumn {name: eccentricity}
#     equivalent_radius:
#       __class__: astropy.units.quantity.Quantity
#       unit: !astropy.units.Unit {unit: pix}
#       value: !astropy.table.SerializedColumn {name: equivalent_radius}
#     kron_radius:
#       __class__: astropy.units.quantity.Quantity
#       unit: &id001 !astropy.units.Unit {unit: pix}
#       value: !astropy.table.SerializedColumn {name: kron_radius}
#     orientation:
#       __class__: astropy.units.quantity.Quantity
#       unit: &id002 !astropy.units.Unit {unit: deg}
#       value: !astropy.table.SerializedColumn {name: orientation}
#     radius_kron20:
#       __class__: astropy.units.quantity.Quantity
#       unit: *id001
#       value: !astropy.table.SerializedColumn {name: radius_kron20}
#     radius_kron50:
#       __class__: astropy.units.quantity.Quantity
#       unit: *id001
#       value: !astropy.table.SerializedColumn {name: radius_kron50}
#     radius_kron80:
#       __class__: astropy.units.quantity.Quantity
#       unit: *id001
#       value: !astropy.table.SerializedColumn {name: radius_kron80}
#     semimajor_sigma:
#       __class__: astropy.units.quantity.Quantity
#       unit: !astropy.units.Unit {unit: pix}
#       value: !astropy.table.SerializedColumn {name: semimajor_sigma}
#     semiminor_sigma:
#       __class__: astropy.units.quantity.Quantity
#       unit: !astropy.units.Unit {unit: pix}
#       value: !astropy.table.SerializedColumn {name: semiminor_sigma}
#     sky_centroid:
#       __class__: astropy.coordinates.sky_coordinate.SkyCoord
#       dec: !astropy.table.SerializedColumn
#         __class__: astropy.coordinates.angles.Latitude
#         unit: *id002
#         value: !astropy.table.SerializedColumn {name: sky_centroid.dec}
#       frame: icrs
#       ra: !astropy.table.SerializedColumn
#         __class__: astropy.coordinates.angles.Longitude
#         unit: *id002
#         value: !astropy.table.SerializedColumn {name: sky_centroid.ra}
#         wrap_angle: !astropy.coordinates.Angle
#           unit: *id002
#           value: 360.0
#       representation_type: spherical
#   astropy version: '5.1'
#   make_catalog parameters:
#     ab_zpt: 31.4
#     coadd_bands: !!python/tuple [f277w, f356w]
#     deblend_contrast: 0.001
#     deblend_nlevels: 32
#     deblend_npixels: 1
#     detect_kernel_fwhm: 4.0
#     detect_kernel_npix: 7
#     detect_npixels: 4
#     detect_threshold_nsigma: 3.0
#     flag_isolated_buffer: 4
#     hst_bands: !!python/tuple [f606w, f814w, f125w, f140w, f160w]
#     jwst_bands: !!python/tuple [f115w, f150w, f200w, f277w, f356w, f410m, f444w]
#     near_border_kernelsize: 21
#     reference_band: f200w
#   make_catalog version: 1.4.0
#   photutils version: 1.5.0
# schema: astropy-2.0
label xcentroid ycentroid sky_centroid.ra sky_centroid.dec bbox_xmin bbox_xmax bbox_ymin bbox_ymax area semimajor_sigma semiminor_sigma orientation eccentricity min_value max_value local_background segment_flux segment_fluxerr kron_flux kron_fluxerr kron_radius gini equivalent_radius kron4_2_flux kron4_2_fluxerr radius_kron20 radius_kron50 radius_kron80 near_border
[from data line 1578]
1579 2487.3336499874063 2008.6522069368689 215.01276472101614 52.9933317265773 2480 2493 2001 2016 177.0 3.146611937617282 2.537487490573861 66.1413905750565 0.5913446366057129 -0.2975119015733325 1.3019245461264792 0.0 43.92731178792105 4.631058 45.68871395844269 6.141778223400094 1.4 0.5299974161903327 7.506054213402069 33.3718829740844 9.747815263921863 1.7479377492293724 3.1990961782676686 5.111952566226745 False
1580 4467.672602952062 2009.8283376941663 214.99496971748914 52.98077867203283 4462 4472 2005 2016 92.0 2.862145165630882 2.1892315221990617 -33.76675356202904 0.6441587162041019 -0.051042321258082606 0.872253625161076 0.0 44.2762606383535 2.6352744 120.00589514480895 8.519772587503965 2.7982404640372884 0.22011565302366765 5.4115163798060095 158.36519391624154 13.62157522402591 3.4921832231398398 6.855566720117467 12.092956830020315 False
1581 2544.509947097148 2013.8188725267364 215.0121967238583 52.992997082293336 2540 2549 2008 2018 85.0 2.4072998940284234 1.5153730628484325 -78.91059121387153 0.7770079607323803 -0.504931539814624 0.6548050843586246 0.0 11.568086755929881 3.1397524 26.105494976516773 8.28166756147845 2.839832568631509 0.5404430800587428 5.201570947860099 -7.216641559835902 13.290373581896343 1.9875638712656236 8.042010707410867 11.131808061275617 False
1582 3638.707932785615 2012.7291429780755 215.0023816579217 52.98605201560981 3634 3645 2009 2016 67.0 3.2714130599124043 1.389457060444786 9.629207000717699 0.9053215328503398 -0.2681208802247444 0.5161841646088192 0.0 7.635821737068023 2.641789 49.3311879826621 10.355153764581265 3.420375139293464 0.4909887698432808 4.61809077155419 77.02607254873834 16.5649269940899 5.486660125112441 10.229838890979918 12.71595077058537 False
1583 6084.88462486307 2014.8711286263263 214.9804023545409 52.97054749368393 6078 6090 2009 2021 127.0 3.4109724747456664 2.808353158586593 42.40338451695285 0.5675641524769669 -0.1377775767520525 0.7324949127563322 0.0 30.951495087716264 3.6679235 93.49895215684899 14.208418741258713 3.2315770771234837 0.36555575352864633 6.358093703724522 108.50100261572064 22.67281009332371 4.757588721040548 12.963505236799024 18.29479895292987 False
1584 1774.4245173468807 2012.1963438671764 215.01913152891535 52.99787154045192 1774 1776 2011 2013 6.0 0.7804250614603514 0.4459670504134466 -70.5642371470241 0.8206429981214184 -0.08013078586935128 0.3027369838981764 0.0 0.8268604350856743 0.74204624 9.13536189668684 2.813013773458251 3.478955007198682 0.39610919553995144 1.381976597885342 18.031027475542565 4.553696381744593 1.7126123949441199 2.9181370838235443 4.250825622043825 False
1585 3685.2813389531775 2022.6421312856855 215.0018590370393 52.98581022347131 3676 3692 2011 2032 232.0 5.9699423391622295 2.9187631175577438 -58.221834277908634 0.8723343623929563 -0.18037526718385088 1.055178263857762 0.0 75.34496543925937 5.03178 247.62914925148422 18.267032577796726 3.002797616428216 0.3731077857679299 8.593479713983122 503.7909868283476 29.042951339844578 6.895746031948013 15.972239213950644 25.54485113753887 False
1586 4108.051065664008 2013.5139332150884 214.9981593748565 52.983079530892795 4107 4109 2013 2014 6.0 0.831460592465873 0.49946501803757654 -1.5908639076164108 0.7994685205889743 0.09539708589865947 0.16375234485270518 0.0 0.8010789616207465 0.7856944 0.8776925263982004 1.288287356137688 1.4 0.12497088550662558 1.381976597885342 0.2160824190404924 2.0683310921887648 0.6675801615596021 1.037758710200464 1.3452376627532632 False
1587 9518.688904693325 2026.8703453467306 214.94948085637785 52.948824803440026 9506 9527 2016 2036 344.0 4.324390315421133 4.1398373618018605 -15.57386123405745 0.28902092218299447 -0.29451645633063384 1.8136066593107518 0.0 122.40059966836985 5.9417453 140.92547505525414 10.201333632581266 1.719749073115755 0.4786992073678178 10.464157913908982 169.55729426594118 16.299010691302136 2.7773077912151143 5.500555572570076 9.164982191598927 False
1588 4047.1479871103015 2027.517304728366 214.9985586385013 52.98354149793841 4037 4057 2017 2036 286.0 4.954588826139169 3.091846151377125 29.272969276016536 0.7813948891212928 -0.29007648334788116 1.6207231821320702 0.0 139.09878891978164 5.710947 168.15748516446288 9.05986434672435 1.5513374278747074 0.3857654735012953 9.541311620975605 166.44134681609276 14.435226360488533 3.265666239407513 5.864611246150035 9.157319336639256 False
1589 8892.969611086728 2018.108243646915 214.95518242633648 52.95274826952481 8891 8895 2017 2020 16.0 1.2729022092362472 0.7344987098732656 -62.406520561297675 0.8167252002428995 -0.393054709245111 0.23054732864457805 0.0 -0.07162114465827032 1.2524222 22.225226710281866 6.874027183315752 5.05279801057265 -1.4033713538755597 2.256758334191025 18.907473057297214 11.020639328288029 6.0789641492173985 8.587979027519934 12.48929493111393 False
1590 6032.088017728766 2027.4654940977716 214.9807434177379 52.97095048130549 6026 6038 2018 2038 211.0 3.908585602020562 2.584748571475183 88.85473512727334 0.7501213242561043 -0.14246795478553032 3.636841600556564 0.0 187.26440236695444 4.771073 240.12478419907154 8.686946454128456 1.899529105346504 0.42866152434434873 8.19532708223289 269.47790671114984 13.911382350419634 2.3694371257263094 4.849968617888529 8.748277271416741 False
1591 2359.663933770799 2021.4297109559914 215.01377687647874 52.994210405007294 2357 2363 2019 2023 28.0 1.8283096465508493 0.8662928345204072 0.5978490273129939 0.8806207872102291 -0.27901543640655696 0.638664264563074 0.0 6.212548623261824 1.7892132 20.871564315984514 6.154244880973438 3.2416158333390963 0.44326057123017576 2.985410660720923 32.14723401786147 9.791389116622963 2.241629163232345 4.253404797201499 10.716545379107245 False
1592 3625.4743678089567 2022.1632283236477 215.00240109553437 52.98618694154766 3622 3629 2019 2025 40.0 2.0146297845369263 1.300532962799204 12.40896993009816 0.7637227479628095 -0.08438774083689293 0.7847504939634966 0.0 18.490331069032763 1.972547 55.16890448891232 6.830862183320463 3.075915890827359 0.23940624139368297 3.5682482323055424 79.34692548631503 11.0486071925593 2.521736976055952 5.185750500505602 8.389947286673888 False
1593 1978.3744311727803 2031.5991531144778 215.01709486245886 52.99668321043014 1971 1985 2021 2042 211.0 5.0874342274707445 2.6403703982647846 -63.745574911787685 0.8547751899038135 -0.27833003845388515 1.118973264627188 0.0 81.99042257053642 4.898668 178.58106500824212 14.658828463321717 2.668730996355937 0.33642133577313205 8.19532708223289 201.40619412681374 23.462441031174784 4.340291347902428 9.780141679140945 18.783760327076614 False
1594 3271.1905529157366 2033.4947756310578 215.00546305998276 52.98849508093787 3264 3279 2022 2043 278.0 4.2218707320942315 2.701659030100199 83.87544508902351 0.7684416319876106 -0.4254733139126544 1.461297425163148 0.0 34.867708938694854 4.729925 89.43852915377748 11.74419744910867 2.772896671474443 0.6120055725553306 9.40692023773423 133.42236791921215 18.77161246987795 3.047904674329453 13.727312858621973 23.682418007000813 False
1595 8798.699643060978 2030.9564043161345 214.9558922730452 52.95341587880876 8788 8807 2023 2039 268.0 3.867032583782626 2.9858684188719544 16.95843279122661 0.6354594039163273 -0.1374045133978485 4.858576598415297 0.0 204.20358776226814 5.152413 232.07420823877288 7.857774767155857 1.6520208161403274 0.5186898516522875 9.23618154310838 242.09355619200272 12.581360146162922 2.479290101751915 4.522832690305244 7.6178922552869786 False
1596 6966.423472074885 2025.6112504550435 214.97238043329182 52.965012920682334 6965 6968 2024 2027 13.0 1.029970773404687 0.764664983375467 40.23691360642763 0.6699410985025326 0.05760014231654129 0.40759619634992483 0.0 2.741131799421891 1.0822849 2.9299572581823177 1.6414741083629816 1.4 0.32233691768481015 2.0342144725641096 2.085825271664357 2.5760868654150157 0.7297890248530097 1.2268947977694082 1.9101871594349769 False
1597 8985.487024536673 2027.2814513607082 214.95425636614513 52.95221072196465 8981 8988 2024 2030 41.0 1.6061209381985337 1.351215367528725 40.88857514777488 0.540582244257579 -0.1238548751636656 1.1146683388327339 0.0 14.477350376264322 2.0322523 28.12660997973463 5.067856422481413 2.457786822707242 0.4204678068777191 3.6125759969217834 37.829221426894236 8.122762519994597 1.5481266862767769 3.397092674684571 6.1289323733759185 False
1598 9239.208275984402 2029.544910168745 214.9519579715737 52.95061285663728 9235 9243 2025 2034 70.0 2.1191554097358942 1.8400075456043472 65.7867757399253 0.4960849320431583 -0.14328630673511925 0.8038324895753115 0.0 20.943579365715106 2.6245348 22.456825022834803 3.8487974813121686 1.4 0.37907482479499716 4.720348719413148 10.009117323552182 6.124189805469749 1.6870533748743441 2.6540189585263136 3.8029088231097536 False
1599 1896.4062926126214 2030.5807915183282 215.01784196229383 52.99719746563003 1892 1900 2026 2035 77.0 2.452497102032715 1.9912383212280853 82.82821801563472 0.5837648174594737 -0.24532378713374453 0.665317766127758 0.0 12.524973200928034 2.7428372 41.907000441824025 9.300447674608307 2.986551261148764 0.40799644511701505 4.950743503369154 28.11524906297514 14.932738063624901 3.777079877276934 7.994976137999807 12.986161565899371 False
1600 9449.490820167215 2027.9583621757492 214.95008967449795 52.94926982156688 9449 9452 2026 2030 17.0 1.448944154151755 0.8345611670518333 -81.33468803441589 0.8174646051708088 -0.3371800385581819 0.3621399698746321 0.0 -1.389537275299429 1.3032862 -2.1217377684862715 2.1511661282217465 1.4 -0.34411434177291905 2.326213245840639 -7.214732842055129 3.424322386913229 0.7976743895623193 4.886832981021157 nan False
1601 7871.073297468277 2030.453547695752 214.96421542316244 52.959299302044144 7866 7875 2027 2034 56.0 2.415355970108688 1.8378680762341741 15.393139149161161 0.6488576469183261 -0.38178388033943655 0.6136570293804227 0.0 10.940299441397453 2.4302282 129.17171245298266 11.216293715915224 3.606432654247127 0.39129732978139475 4.222008245644752 236.1911794700637 17.88230806039745 5.910366485625362 9.754981588317452 15.604774491380445 False
1602 1622.348714874749 2033.4770648918231 215.0202736045757 52.99895089647614 1619 1626 2028 2036 47.0 2.547350437606127 1.3979234849374977 -22.529249762377553 0.8359697730357373 -0.4076854209387602 0.565270550532167 0.0 6.042347661183075 2.0960908 24.673921565850975 7.58908557922118 2.938539155994132 0.49171417161987985 3.8678889139475245 43.53415215733291 12.225942808271876 3.2966332585851297 6.959005469022249 10.919677232549663 False
1603 3431.9500841160097 2041.5076746235757 215.0039350376825 52.98751886168819 3413 3453 2028 2055 881.0 5.649097045314868 4.304216147447825 9.452216567878805 0.6476594578696212 -0.3120248760658915 14.01461635575882 0.0 550.0447718180169 8.98597 556.6964363112941 9.601759422655396 1.4549277063929775 0.7105645899973515 16.74607445725474 613.3336030896169 15.278205997483733 1.8569910506528085 4.069251551395991 8.807799414990898 False
1604 4230.675251325112 2032.7362924857857 214.99685597976503 52.98240568200519 4229 4233 2031 2034 17.0 1.0984823947636904 1.0641311033643415 89.01496037827646 0.24812349392495386 0.021446092365160867 0.5029504730086594 0.0 3.7133432702514755 1.2828666 12.040220512096958 4.816671175029019 3.256422077408461 0.30294202642383383 2.326213245840639 11.423902620891806 7.715578824305849 1.7292017310347119 3.017711928722453 4.703399365513185 False
1605 4243.987635523125 2037.7005849584723 214.996684168684 52.98234807931108 4236 4251 2031 2044 169.0 3.032187942015175 2.4982599594525223 -47.91459781169283 0.5667158739008732 -0.4013612419679658 1.3720439803681925 0.0 60.40603147637633 4.086454 73.20614036480637 7.125669241399065 1.8651057444507755 0.49747160370158755 7.334464586120832 78.58029900666506 11.358964419711496 2.0381903126067287 3.8671598546610895 6.146475683856929 False
1606 6563.581242432145 2056.4806759947946 214.97566913012182 52.96773546930315 6540 6600 2033 2081 1622.0 4.8125146999934545 4.438681234690445 18.2107259521027 0.38642566123390387 -0.4244094984205702 114.51157491930623 0.0 3756.8971709444295 13.937707 3665.0641059962436 10.075395938259383 1.4 0.8591154597760186 22.722205777391167 3843.102805314159 15.80217080650239 1.8855955593059153 3.443590692872482 6.09682955239133 False
1607 8237.270036285057 2035.3571024316009 214.96087988502128 52.95700220387954 8236 8239 2033 2037 16.0 1.1560827432696976 0.9687611434991964 81.44414407697961 0.5457183085391967 0.016851575630076943 0.4760924739136198 0.0 3.7829066889393688 1.2181588 15.787401902555867 4.344401580338572 3.0504112086872177 0.3259466842834302 2.256758334191025 26.13266217023536 6.999542598055718 1.909894413436049 3.87091225906933 6.815486027981679 False
1608 1790.5311310006223 2055.809710608056 215.01852732085717 52.9980052275206 1768 1810 2035 2079 1506.0 9.966802453071123 8.304078431290142 64.79800528572146 0.5530112652720234 -0.5160062363665034 1.426868728300238 0.0 206.6132667974418 12.31959 314.7119137209379 27.958097745806345 2.1968204475561683 0.5287479783767111 21.894626934314015 458.2997705728468 44.561609746659336 5.9432078007486355 14.093843640812471 41.46102632865239 False
1609 4206.783223164594 2040.6138579008943 214.99698748411015 52.9825997979384 4205 4210 2038 2043 30.0 1.5944229553943274 1.2109295677124507 12.697620060622041 0.6505326867615684 -0.314527125175147 0.5898407111928988 0.0 3.347719961509336 1.69231 6.725806246731084 5.611233485644457 2.9375266667170377 0.5131057785556165 3.0901936161855166 -3.1960490474115506 9.00165603963446 1.7665951747653312 2.7310464200753755 3.5277115651537514 False
1610 6770.745194540402 2043.371960002186 214.97394870986568 52.966350339542814 6762 6779 2038 2049 177.0 3.609732547316882 2.2721446845939446 -1.1039976736178596 0.7770413175811 -0.23966250159994312 1.50952879469925 0.0 68.3011148737938 3.8756669 79.9354395074352 6.294373019441026 1.7090979885235744 0.4801014513804398 7.506054213402069 88.00911432199828 10.112439945304606 2.076366147467678 4.007291139372931 6.9054678872584265 False
1611 8716.044617603797 2046.101639097284 214.95647380897492 52.95402218721264 8707 8725 2038 2054 243.0 3.7014552435981516 2.9494627475931225 -3.5296673379569503 0.604192106897268 -0.22443381219157219 1.870105991183017 0.0 110.0097941801956 4.8251495 131.0656067228893 7.27805156648175 1.607661457483507 0.48793534603918065 8.79484521425256 127.9100917590374 11.702553128009555 2.398805104912409 4.531327490025569 7.8543244054531085 False
1612 3030.419038753614 2044.8243745129612 215.0075059296992 52.990083265267245 3027 3033 2041 2048 47.0 1.7704382176815108 1.5237645001515692 84.10357074043594 0.5091618128609292 -0.05745209594106831 0.9239635761894384 0.0 20.51628039522827 1.9399798 24.54233276566764 2.954991701160088 1.4407509619626062 0.332455587311215 3.8678889139475245 23.96075315640663 4.698413869894976 1.3992429569986746 2.4598218582562015 3.544981120388853 False
1613 233.90466493339648 2043.7355863584687 215.03264245136398 53.007809568371584 229 238 2042 2048 45.0 1.4703592927206046 1.3055576733109882 -29.38862073714943 0.4600028288472363 -0.2693429802583651 0.4659162304992776 0.0 0.12041767749320367 2.0182793 1.0176476944181871 2.6047576863176647 1.4 2.924107827875872 3.7846987830302403 -1.796097912791995 4.1890036349264825 0.5604296117275243 0.8414662288964037 1.084653683437268 False
