outputs/dr0.5_c0.1/nircam2_f150w_dr0.5_c0.1.ecsv
# %ECSV 1.0
# ---
# datatype:
# - {name: label, datatype: int64}
# - {name: xcentroid, datatype: float64}
# - {name: ycentroid, datatype: float64}
# - {name: sky_centroid.ra, unit: deg, datatype: float64}
# - {name: sky_centroid.dec, unit: deg, datatype: float64}
# - {name: bbox_xmin, datatype: int64}
# - {name: bbox_xmax, datatype: int64}
# - {name: bbox_ymin, datatype: int64}
# - {name: bbox_ymax, datatype: int64}
# - {name: area, unit: pix2, datatype: float64}
# - {name: semimajor_sigma, unit: pix, datatype: float64}
# - {name: semiminor_sigma, unit: pix, datatype: float64}
# - {name: orientation, unit: deg, datatype: float64}
# - {name: eccentricity, datatype: float64}
# - {name: min_value, datatype: float64}
# - {name: max_value, datatype: float64}
# - {name: local_background, datatype: float64}
# - {name: segment_flux, datatype: float64}
# - {name: segment_fluxerr, datatype: float32}
# - {name: kron_flux, datatype: float64}
# - {name: kron_fluxerr, datatype: float64}
# - {name: kron_radius, unit: pix, datatype: float64}
# - {name: gini, datatype: float64}
# - {name: equivalent_radius, unit: pix, datatype: float64}
# - {name: kron4_2_flux, datatype: float64}
# - {name: kron4_2_fluxerr, datatype: float64}
# - {name: radius_kron20, unit: pix, datatype: float64}
# - {name: radius_kron50, unit: pix, datatype: float64}
# - {name: radius_kron80, unit: pix, datatype: float64}
# - {name: near_border, datatype: bool}
# meta:
#   PHOTMJSR: 2.251199960708618
#   PIXAR_SR: 2.11539874851881e-14
#   __serialized_columns__:
#     area:
#       __class__: astropy.units.quantity.Quantity
#       unit: !astropy.units.Unit {unit: pix2}
#       value: !astropy.table.SerializedColumn {name: area}
#     eccentricity:
#       __class__: astropy.units.quantity.Quantity
#       unit: !astropy.units.Unit {unit: ''}
#       value: !astropy.table.SerializedColumn {name: eccentricity}
#     equivalent_radius:
#       __class__: astropy.units.quantity.Quantity
#       unit: !astropy.units.Unit {unit: pix}
#       value: !astropy.table.SerializedColumn {name: equivalent_radius}
#     kron_radius:
#       __class__: astropy.units.quantity.Quantity
#       unit: &id001 !astropy.units.Unit {unit: pix}
#       value: !astropy.table.SerializedColumn {name: kron_radius}
#     orientation:
#       __class__: astropy.units.quantity.Quantity
#       unit: &id002 !astropy.units.Unit {unit: deg}
#       value: !astropy.table.SerializedColumn {name: orientation}
#     radius_kron20:
#       __class__: astropy.units.quantity.Quantity
#       unit: *id001
#       value: !astropy.table.SerializedColumn {name: radius_kron20}
#     radius_kron50:
#       __class__: astropy.units.quantity.Quantity
#       unit: *id001
#       value: !astropy.table.SerializedColumn {name: radius_kron50}
#     radius_kron80:
#       __class__: astropy.units.quantity.Quantity
#       unit: *id001
#       value: !astropy.table.SerializedColumn {name: radius_kron80}
#     semimajor_sigma:
#       __class__: astropy.units.quantity.Quantity
#       unit: !astropy.units.Unit {unit: pix}
#       value: !astropy.table.SerializedColumn {name: semimajor_sigma}
#     semiminor_sigma:
#       __class__: astropy.units.quantity.Quantity
#       unit: !astropy.units.Unit {unit: pix}
#       value: !astropy.table.SerializedColumn {name: semiminor_sigma}
#     sky_centroid:
#       __class__: astropy.coordinates.sky_coordinate.SkyCoord
#       dec: !astropy.table.SerializedColumn
#         __class__: astropy.coordinates.angles.Latitude
#         unit: *id002
#         value: !astropy.table.SerializedColumn {name: sky_centroid.dec}
#       frame: icrs
#       ra: !astropy.table.SerializedColumn
#         __class__: astropy.coordinates.angles.Longitude
#         unit: *id002
#         value: !astropy.table.SerializedColumn {name: sky_centroid.ra}
#         wrap_angle: !astropy.coordinates.Angle
#           unit: *id002
#           value: 360.0
#       representation_type: spherical
#   astropy version: '5.1'
#   make_catalog parameters:
#     ab_zpt: 31.4
#     coadd_bands: !!python/tuple [f277w, f356w]
#     deblend_contrast: 0.001
#     deblend_nlevels: 32
#     deblend_npixels: 1
#     detect_kernel_fwhm: 4.0
#     detect_kernel_npix: 7
#     detect_npixels: 4
#     detect_threshold_nsigma: 3.0
#     flag_isolated_buffer: 4
#     hst_bands: !!python/tuple [f606w, f814w, f125w, f140w, f160w]
#     jwst_bands: !!python/tuple [f115w, f150w, f200w, f277w, f356w, f410m, f444w]
#     near_border_kernelsize: 21
#     reference_band: f200w
#   make_catalog version: 1.4.0
#   photutils version: 1.5.0
# schema: astropy-2.0
label xcentroid ycentroid sky_centroid.ra sky_centroid.dec bbox_xmin bbox_xmax bbox_ymin bbox_ymax area semimajor_sigma semiminor_sigma orientation eccentricity min_value max_value local_background segment_flux segment_fluxerr kron_flux kron_fluxerr kron_radius gini equivalent_radius kron4_2_flux kron4_2_fluxerr radius_kron20 radius_kron50 radius_kron80 near_border
[from data line 3346]
3347 3602.1836445804915 5609.96952799399 214.89252359056076 52.933365943330145 3597 3609 5606 5613 77.0 3.07632835216838 1.387226479830736 -3.6800014870456415 0.8925564046961062 -0.1638903883452418 1.3173544533991381 0.0 38.88312501761911 2.578764 61.27682428272267 6.024701239696325 2.2513540354515285 0.3698084910672693 4.950743503369154 63.263919021264655 9.62127942930572 2.15335831065128 4.342801034941762 8.14692439312683 False
3348 2792.136474260215 5612.339042115075 214.89975117379785 52.93852269179587 2788 2797 5607 5617 82.0 2.3750083375725746 1.9061137221576259 -81.51516010983083 0.596556097838989 -0.08831743773558971 0.8054018632134958 0.0 22.182213864839024 2.6635473 44.37025105177152 6.982996171206619 2.5600532684516457 0.40099392989916005 5.108953969950291 62.9221489629046 11.288173677586524 2.2639804630542173 5.002441357168869 8.64200306366508 False
3349 3917.4783970702924 5608.501346617774 214.88971661373785 52.93135571692477 3916 3918 5607 5609 6.0 0.7141161709451416 0.5127541964375142 57.76679998311354 0.6960159650269775 0.21451693839294 1.801516852641141 0.0 5.128126719074136 0.7738061 22.97140845531805 2.4871244180651186 3.0395421617481175 0.41364042257626726 1.381976597885342 30.62588761116202 3.8974953475418337 1.1843581321555647 2.2541816201676643 3.8124236413815424 False
3350 1173.1914371169164 5610.383538455087 214.91427174296516 52.948791432931074 1171 1176 5608 5613 32.0 1.315867199061603 1.1464304213474312 -53.204017085849436 0.4908649845792337 -0.298749109472112 1.0119705951652127 0.0 7.548252928379784 1.7207409 9.13279650408498 2.3267200672784476 1.4 0.49452428872120874 3.1915382432114616 6.9220338302798385 3.729212234158894 0.8099983337160528 1.6021639947246549 2.9445269431362715 False
3351 10062.823540243182 5611.112320336448 214.83472942785744 52.892329894716674 10060 10066 5608 5613 31.0 1.6259658549673484 1.1873791515299976 3.1375466465413684 0.6831684573149315 0.060256472908146924 1.2412865229986814 0.0 18.431317911306554 1.760756 56.978880905427836 5.580905921596337 2.9195607147163707 0.2936205086452364 3.141274657157109 80.40503100872324 8.8656719097282 2.149119225461444 4.7191578956685225 8.284945825235754 False
3352 840.1204170471636 5615.182711714518 214.91720515291692 52.950931912672566 835 845 5610 5620 93.0 1.4989424442992731 1.3617233322375477 -2.686369562301364 0.4179803883946423 -0.15764836040549535 24.365958458813143 0.0 167.1211353405563 3.134849 165.97232586306043 3.024684933751121 1.4609011364490947 0.7431299471218908 5.440847306724618 181.6171920834939 4.598159916886417 0.7296418924887659 1.374815011054301 2.533378780611634 False
3353 1112.7971504924983 5614.712678396997 214.91476717676312 52.94919823270387 1108 1118 5611 5619 76.0 2.1854065036379904 1.8604275332884284 26.20042598728642 0.5246859439668877 -0.1539337400033966 1.1371376374743272 0.0 23.738592993809252 2.6532114 45.0310593900906 6.958254425077825 2.5508113845416256 0.42301124656401284 4.918490759365935 77.21708704260973 11.111974962583984 2.07974584118499 4.573160236185332 9.206417433187701 False
3354 6203.8841491500125 5613.637769619461 214.86920292478828 52.9168614115507 6199 6209 5611 5616 54.0 2.683596475811032 1.2944431587776575 -12.770309447186792 0.8759764490944698 -0.048533889173512416 0.817569788084416 0.0 23.206765487298473 2.3465724 43.05768452570212 5.214254701324545 1.9995791721140805 0.29547183015120887 4.145929793656026 38.96619358560511 8.305552082697595 2.142453212153197 4.272861098587928 7.001123391065435 False
3355 10203.024075063457 5631.941754900607 214.83325732617953 52.891551221601645 10194 10213 5613 5647 533.0 6.646128276550432 3.177614965930804 -87.67935377347851 0.8782971326727211 -0.36953997987508647 3.3480039944028137 0.0 254.06126951783878 7.2722287 272.9880846678332 10.15768378471387 1.6032511042570936 0.5670405151423977 13.02532799341193 285.20750110727573 16.099801006832212 3.1499894912517488 5.946564557937765 10.111012652755138 False
3356 1823.8646953501243 5622.961525617655 214.90831067695132 52.94472816255027 1817 1831 5614 5632 222.0 3.0976758117321284 2.3082295884628476 -79.07605012810234 0.6668981795421497 -0.1698349595842428 9.524172685021151 0.0 206.34810450025063 4.615088 213.7651627210521 5.559289670171345 1.5367996615195954 0.6316008017323236 8.406235467365967 230.0994426945643 8.76781541421891 1.5312800836568292 2.957503211148673 5.41578047378185 False
3357 4310.464619859733 5615.3568270266305 214.8861268299142 52.928896920140055 4309 4312 5614 5617 15.0 1.142048094399656 0.9081537164857149 28.048495080937 0.6063505897883337 0.4541781036659437 1.596354108712297 0.0 15.142780519655322 1.2008531 33.483086830117415 3.415245372962928 2.609153195055028 0.18811518752456205 2.1850968611841584 48.90746714465406 5.400207411500323 1.326958350174921 2.437353892650326 4.486598008662958 False
3358 7072.839659017893 5617.717925359901 214.8613878119293 52.91136335305428 7069 7077 5614 5621 53.0 1.806765566268948 1.3691736679473432 7.029160826501592 0.6524825832156942 -0.11444922480055834 2.1096061091943064 0.0 26.904657124388464 2.1952438 40.33971120002333 4.442411615752804 2.178909564881857 0.46605887578661276 4.1073621666150775 51.43181009535007 7.095428652582217 1.3340284869875312 2.8251168861451537 5.594325271537823 False
3359 10277.555049201457 5615.677131095334 214.83276272582464 52.89098990390403 10277 10279 5614 5617 7.0 0.7733602547998756 0.6259513399914522 -88.91074709154249 0.5872692241209098 0.06753559389388629 0.5549617263245193 0.0 1.8182916939929565 0.82207423 25.94967832839676 3.6202158738282764 3.772412879851186 0.377425212728761 1.4927053303604616 35.54327229142406 5.7724580452346235 2.3549676257062506 3.810758251380928 5.4726130394267765 False
3360 2982.3685026375138 5617.318475958839 214.89799536121046 52.93734159072301 2980 2985 5615 5619 26.0 1.2173349840775465 1.1289570007136198 -8.2562780066676 0.37407007710931484 -0.002274651785340816 1.2570730418945062 0.0 13.321063763936962 1.6060774 19.75723933037782 3.492397289821159 2.2335334478497546 0.39982222544145135 2.876813695875796 24.800546282592855 5.639322090380688 1.1093631949462193 2.0238425193439795 3.6012863967284345 False
3361 3018.3409101823927 5628.497609124247 214.89755548678912 52.93717348947902 3010 3027 5616 5641 343.0 4.868850360524803 2.4073505533927846 -67.40599466180824 0.8692122077052425 -0.3789208772595752 6.712935077188081 0.0 193.98266264933565 6.0569973 211.06129743189632 8.356169605111118 1.7331405138105596 0.619892279403414 10.448937312523231 252.73898287817386 13.04702385069109 1.9455294986771208 4.184757471648832 8.003387500356316 False
3362 3366.9494231259973 5630.086248639101 214.89441757056736 52.934968324091024 3356 3378 5619 5642 439.0 5.003428726956176 4.062569792253454 -68.01668951481768 0.5837170257527033 0.03213612621600527 5.190818416978312 0.0 457.8677451381668 6.66677 522.7015042331228 10.910339950317894 1.7772965893321206 0.444181418444522 11.821084554078958 577.6635576858937 17.229438352786246 3.1148477446506706 6.186315799313479 10.247562730616778 False
3363 3090.73825909947 5627.24158382801 214.89692050301085 52.93670697994101 3083 3099 5620 5635 219.0 2.918711896829872 2.759223776685394 24.907040471519533 0.32603796610017294 -0.25769380702276873 3.60328071072694 0.0 114.68342037456856 4.714725 122.65507570373326 6.5612698265530165 1.6597214025511624 0.5907352119636747 8.349243383340204 139.0927074843631 10.328624883357996 1.6469349461037333 3.1650227763471035 5.92002190745009 False
3364 9599.429426114044 5622.111371128922 214.8387543957249 52.89533391093269 9598 9601 5620 5623 12.0 1.0216779297510037 0.6999709406238455 21.395184829104764 0.7284311799398345 0.14300082664327737 1.3434168576216041 0.0 8.003242219972826 1.0899711 20.725466592505335 3.0949976684231557 2.7001837002163027 0.34762697420690314 1.9544100476116797 22.78600144803098 4.913885357015138 1.1780940159437228 2.236686839686836 3.5004820499183067 False
3365 3515.8934645752142 5632.521690179251 214.8930584750676 52.93403561413359 3511 3521 5626 5638 107.0 3.108289295633724 1.553638843517185 -52.88050360290355 0.8661193341965479 -0.34094270437394997 2.210937070649478 0.0 63.81701602652502 3.071864 76.80700593742449 4.859272451415649 1.6866442400030162 0.4778766199600285 5.836022431559495 77.61488264207972 7.698724134134464 1.803960223176098 3.421771881780459 5.786183645798312 False
3366 4390.7661411384615 5631.459772478643 214.8852384585316 52.928473805614416 4386 4396 5626 5638 100.0 3.5128124437077237 1.5881100331520022 58.0216142313538 0.891971943725479 -0.21363103981288473 0.7050232734429279 0.0 15.255333512627505 2.9447544 18.85123823540282 4.27590162798079 1.4 0.5033452316451934 5.641895835477563 15.977685987002578 6.787005744280814 2.336342237041516 3.8723407729718295 7.3816271291162305 False
3367 2391.9645567311686 5637.474347441551 214.9030698059189 52.94119935078995 2389 2396 5630 5645 94.0 3.55556584348286 1.6152833780078515 -84.4065632133952 0.890850218957835 -0.7333285191027663 1.660073892387097 0.0 42.972111643913834 7.2488217 85.35292728432952 20.899382664538695 2.6704342926278044 0.4658163520826758 5.4700209598571305 134.63310648890928 31.440259731956882 2.601239102473176 6.427199676387793 11.832627675813786 False
3368 3723.105517009497 5634.658164314336 214.89118097682135 52.93273124120148 3718 3728 5631 5637 53.0 2.392725599517294 1.454763807618861 0.6361901344630978 0.7939413001180925 -0.2844346349361482 0.5922759489020551 0.0 6.4907159378547705 2.1106677 31.719261706355873 7.880074722791466 3.294657870211609 0.4871481080158147 4.1073621666150775 44.21565649298166 12.630500963981886 3.856040462303168 7.032120703649519 10.669068147155315 False
3369 6623.25098307474 5648.88038407127 214.86508049632133 52.91438751577162 6606 6641 5632 5665 871.0 6.69129113988515 4.607744538869927 50.187124620570856 0.7251241554469291 -0.1429619589764936 18.662625959200412 0.0 1183.6301118807032 9.29505 1246.2181106640264 11.987114828562772 1.5896994895902823 0.6217385602158358 16.65076307158569 1374.030010813657 18.782914750490328 2.9282417227194277 6.616701890522712 11.806496454307137 False
3370 3948.7053934183455 5642.37891947612 214.8890801614109 52.931340192920594 3943 3955 5635 5652 173.0 3.8594076750175876 2.037589228745807 62.570682997300274 0.8492730469017474 -0.30026618343592354 2.808749891678649 0.0 91.3338866398328 4.094891 108.59538353785527 6.463827450210759 1.730759718782887 0.5042900366781815 7.420755373261929 115.2017630997862 10.185669766176776 2.3409931396488677 4.080592020003709 7.117137479119269 False
3371 9451.50277070496 5638.486812796346 214.83990387446366 52.89636219141953 9449 9455 5635 5641 41.0 1.6419815481444036 1.2221418024020732 45.334829711808624 0.6678352858442856 -0.2294665809021332 1.4891381289438865 0.0 18.9600919303849 2.0337138 23.28285051133321 3.2274135098821715 1.6558665785095157 0.44207989790040736 3.6125759969217834 23.531270605181657 5.095528733227182 1.173531554033576 2.0550300300263804 3.3794542505119276 False
3372 1080.2047005792504 5639.92500987572 214.91479349958263 52.94954124726464 1074 1084 5636 5644 76.0 2.569861627937706 1.8574975412283519 26.025428159216343 0.691056643413155 -0.20319226091562753 0.7839723423617512 0.0 19.166686427874925 2.6636872 37.72811980452845 6.876782129839599 2.331287868538063 0.4109379789521133 4.918490759365935 69.80053064059257 11.008245295100396 2.592484385501037 4.6606592217277685 8.323819874562004 False
3373 3271.42316044299 5641.0310360941 214.89515749271203 52.93563400357799 3267 3276 5636 5647 95.0 2.463543434552085 1.7417868367439975 -46.569289619158354 0.7071885367111638 -0.23420765251083056 2.3403593371661167 0.0 49.75398480879158 2.9655235 59.941859642643266 4.978498591315386 1.8058809197241092 0.47501892015368125 5.499039842323396 74.38121088313984 7.95160420177291 1.475279518842292 2.959942736998394 5.2367484710292755 False
3374 8858.773799836907 5639.801274949458 214.8451876138948 52.90013562178643 8855 8862 5637 5642 44.0 2.193453585655218 1.2195790370711563 17.49166213244359 0.831176543818592 0.028929198418907395 1.5744860904721172 0.0 25.56564354792131 2.024092 34.15257077957528 4.147519521868508 1.9306967707731513 0.3560143949542925 3.742410318509555 34.970946487354915 6.656277404208698 1.6214518082054663 2.847151848736138 4.23482667453756 False
3375 7759.884973049869 5642.808896635748 214.8549798136012 52.90713382140148 7756 7763 5639 5645 38.0 2.037651815146836 0.8871768179984085 -35.233495700572554 0.9002410854506417 -0.35402797241092815 1.0595075466901318 0.0 11.6566247651966 1.7765876 30.39361943958687 5.345491743903258 3.069963951926752 0.45300744188270825 3.477898169151024 42.29132905575133 8.571559296335286 1.8563769763492424 5.274331266758059 9.3358527398401 False
3376 9211.982237665878 5656.513157892592 214.84185462351448 52.89798137859104 9201 9224 5641 5669 498.0 5.89474049758245 3.654247478775721 70.32764129262493 0.784667707252216 -0.11557077191511515 4.35250367790724 0.0 463.0151432136661 6.972384 505.41164622871224 10.926998778154239 1.7483952473286808 0.5000275186485572 12.590406002966217 590.1415333605657 17.23968783834095 3.3066863788972243 6.465821793408987 10.05645550219843 False
3377 123.17892146585291 5643.443984281055 214.92333140672343 52.95563588994433 121 125 5642 5645 14.0 1.0913229858918536 0.5741602273986521 -5.334533693495471 0.8504140934591111 -0.19476638571917124 0.7163963805990444 0.0 3.3201528364274884 1.5686369 9.141556758298883 4.9143684524305 3.2591751331236707 0.5306582669119093 2.111004122822376 15.042448115760715 8.411548260760048 1.0803066717518812 3.0569209771502903 4.485608889621646 False
3378 2516.020321855986 5644.451346370429 214.9018853508538 52.94044928434022 2514 2518 5643 5647 23.0 1.3041975068606328 1.0556082641948796 79.68038255991125 0.5872674489052803 0.33847083448424253 2.9522162138180166 0.0 23.5042049412388 1.4542154 41.27048064005678 3.349523174515417 2.1924132576566357 0.3711716227922922 2.7057581899030048 44.796560927497325 5.292421451582557 1.3018505632556368 2.292837540738338 3.8697507168407688 False
3379 6331.73627297259 5644.852729499652 214.86773041782013 52.91621762343042 6330 6333 5644 5646 9.0 0.8766796903218306 0.68073711442427 -14.022851770202346 0.6301238084793941 0.2680174604536138 0.7846696271401165 0.0 4.371814030065782 0.94900316 9.764864655303107 2.7871658266911554 2.6108535398130415 0.2121126128201814 1.692568750643269 14.582274812255061 4.482080280972887 1.033193657038816 1.9081683968534418 3.014921466497146 False
3380 7881.461049717506 5646.810473757053 214.85385063478793 52.90638298475561 7880 7883 5644 5649 20.0 1.492404858416963 0.956251245509343 -80.1447318799244 0.7677536011591043 0.25090811640668864 0.9692067726573843 0.0 13.05400024942189 1.4233348 38.66664447043267 4.6670448827844835 2.957402233051962 0.1690864182297231 2.5231325220201604 61.695901414251736 7.369148547662682 1.899915852379891 3.694657637658989 6.736749460951814 False
3381 2191.001465619015 5646.79527250894 214.904771340861 52.94252569235203 2190 2192 5645 5648 10.0 1.0675921087369884 0.6728071522727184 51.498987216794845 0.776424780143915 0.08774453504806905 0.6598539697014736 0.0 3.321368822398081 1.0259596 13.639905472377404 3.621133765407858 2.9259744863496144 0.35845855536269533 1.7841241161527712 16.072494477197136 5.72856172043248 1.5604295975368494 2.6574252551016775 4.33402571631267 False
