outputs/dr0.5_c0.1/nircam3_matched_f200w_f277w_dr0.5_c0.1.ecsv
# %ECSV 1.0
# ---
# datatype:
# - {name: label, datatype: int64}
# - {name: xcentroid, datatype: float64}
# - {name: ycentroid, datatype: float64}
# - {name: sky_centroid.ra, unit: deg, datatype: float64}
# - {name: sky_centroid.dec, unit: deg, datatype: float64}
# - {name: bbox_xmin, datatype: int64}
# - {name: bbox_xmax, datatype: int64}
# - {name: bbox_ymin, datatype: int64}
# - {name: bbox_ymax, datatype: int64}
# - {name: area, unit: pix2, datatype: float64}
# - {name: semimajor_sigma, unit: pix, datatype: float64}
# - {name: semiminor_sigma, unit: pix, datatype: float64}
# - {name: orientation, unit: deg, datatype: float64}
# - {name: eccentricity, datatype: float64}
# - {name: min_value, datatype: float64}
# - {name: max_value, datatype: float64}
# - {name: local_background, datatype: float64}
# - {name: segment_flux, datatype: float64}
# - {name: segment_fluxerr, datatype: float32}
# - {name: kron_flux, datatype: float64}
# - {name: kron_fluxerr, datatype: float64}
# - {name: kron_radius, unit: pix, datatype: float64}
# - {name: gini, datatype: float64}
# - {name: equivalent_radius, unit: pix, datatype: float64}
# - {name: kron4_2_flux, datatype: float64}
# - {name: kron4_2_fluxerr, datatype: float64}
# - {name: kron4_2_mag, datatype: float64}
# meta:
#   PHOTMJSR: 1.891700029373169
#   PIXAR_SR: 2.11539874851881e-14
#   __serialized_columns__:
#     area:
#       __class__: astropy.units.quantity.Quantity
#       unit: !astropy.units.Unit {unit: pix2}
#       value: !astropy.table.SerializedColumn {name: area}
#     eccentricity:
#       __class__: astropy.units.quantity.Quantity
#       unit: !astropy.units.Unit {unit: ''}
#       value: !astropy.table.SerializedColumn {name: eccentricity}
#     equivalent_radius:
#       __class__: astropy.units.quantity.Quantity
#       unit: !astropy.units.Unit {unit: pix}
#       value: !astropy.table.SerializedColumn {name: equivalent_radius}
#     kron_radius:
#       __class__: astropy.units.quantity.Quantity
#       unit: !astropy.units.Unit {unit: pix}
#       value: !astropy.table.SerializedColumn {name: kron_radius}
#     orientation:
#       __class__: astropy.units.quantity.Quantity
#       unit: &id001 !astropy.units.Unit {unit: deg}
#       value: !astropy.table.SerializedColumn {name: orientation}
#     semimajor_sigma:
#       __class__: astropy.units.quantity.Quantity
#       unit: !astropy.units.Unit {unit: pix}
#       value: !astropy.table.SerializedColumn {name: semimajor_sigma}
#     semiminor_sigma:
#       __class__: astropy.units.quantity.Quantity
#       unit: !astropy.units.Unit {unit: pix}
#       value: !astropy.table.SerializedColumn {name: semiminor_sigma}
#     sky_centroid:
#       __class__: astropy.coordinates.sky_coordinate.SkyCoord
#       dec: !astropy.table.SerializedColumn
#         __class__: astropy.coordinates.angles.Latitude
#         unit: *id001
#         value: !astropy.table.SerializedColumn {name: sky_centroid.dec}
#       frame: icrs
#       ra: !astropy.table.SerializedColumn
#         __class__: astropy.coordinates.angles.Longitude
#         unit: *id001
#         value: !astropy.table.SerializedColumn {name: sky_centroid.ra}
#         wrap_angle: !astropy.coordinates.Angle
#           unit: *id001
#           value: 360.0
#       representation_type: spherical
#   astropy version: '5.1'
#   kernelfile: kernel_f200w_f277w.fits
#   make_catalog parameters:
#     ab_zpt: 31.4
#     coadd_bands: !!python/tuple [f277w, f356w]
#     deblend_contrast: 0.001
#     deblend_nlevels: 32
#     deblend_npixels: 1
#     detect_kernel_fwhm: 4.0
#     detect_kernel_npix: 7
#     detect_npixels: 4
#     detect_threshold_nsigma: 3.0
#     flag_isolated_buffer: 4
#     hst_bands: !!python/tuple [f606w, f814w, f125w, f140w, f160w]
#     jwst_bands: !!python/tuple [f115w, f150w, f200w, f277w, f356w, f410m, f444w]
#     near_border_kernelsize: 21
#     reference_band: f200w
#   make_catalog version: 1.4.0
#   photutils version: 1.5.0
# schema: astropy-2.0
label xcentroid ycentroid sky_centroid.ra sky_centroid.dec bbox_xmin bbox_xmax bbox_ymin bbox_ymax area semimajor_sigma semiminor_sigma orientation eccentricity min_value max_value local_background segment_flux segment_fluxerr kron_flux kron_fluxerr kron_radius gini equivalent_radius kron4_2_flux kron4_2_fluxerr kron4_2_mag
[from data line 2622]
2623 nan nan nan nan 8074 8076 3398 3399 4.0 nan nan nan nan -0.16853733506625734 -0.029647561760496113 0.0 -0.42295592680055527 2000000.0 nan nan nan -0.3500968238710417 1.1283791670955126 nan nan nan
2624 7660.139599710908 3400.153179873442 214.7710911863477 52.84089353288361 7659 7661 3399 3401 6.0 0.7703535068322324 0.577077321999831 43.679061301605586 0.6624488462673682 0.39964332866792024 0.4803460718005741 0.0 2.6386305747014815 0.557617 20.45971467632353 2.4088626378674936 3.511225481776881 0.03804467961804839 1.381976597885342 24.949204408660243 3.7814371534153843 27.907358246989023
2625 9798.436737799246 3410.8599322509954 214.75192075793777 52.82735091614676 9787 9809 3400 3422 386.0 4.393578609287742 3.723579765080214 46.87383772741131 0.5307874372992551 0.06892898515082731 4.526150380330092 0.0 372.44063893197267 4.788437 430.1227697732944 7.321121150435618 1.7458032108348518 0.47634275477129373 11.084566571000565 463.2567509632544 11.538905414902395 24.73544560765501
2626 1089.2711441716554 3404.522449896583 214.82968321945424 52.88269079078984 1086 1093 3401 3408 50.0 1.9694700992570844 1.6524935425714378 -38.51433688152596 0.544046753686239 0.20358190775685397 0.7837762825653517 0.0 22.48568525467907 1.7413108 45.19025935632784 4.548200988406171 2.4478986736602195 0.19309660004137055 3.989422804014327 60.935801943615054 7.262847765430471 26.937818672441384
2627 165.3154806494788 3406.145775362662 214.83792050208834 52.88857118927017 160 171 3402 3410 74.0 2.6927481526378028 1.8346123031943817 32.843025499534086 0.7319894516417337 0.058393305682278795 0.33369080881759755 0.0 16.05779826693914 2.0846555 37.13262005095854 6.121725657283104 2.6601394506212417 0.17567986008746028 4.853342309955121 37.57006052455287 9.755773057979727 27.462895263242643
2628 1193.227980775346 3408.741105353165 214.828710207393 52.882052859025976 1187 1199 3404 3413 106.0 2.8120532156901215 2.0996447653285806 10.109934426010641 0.6652070192210169 0.14995380547386566 1.2250791290454734 0.0 54.22126365340026 2.5869493 83.16862892549062 5.699445539838945 2.215670292979218 0.3064875958106976 5.808687281605183 107.61441557767512 9.092476802401885 26.320323871244316
2629 8050.284045419292 3405.9665508056487 214.76755190260573 52.838443620501266 8049 8051 3405 3407 7.0 0.7499018151903225 0.6751075114597134 -80.08217506371732 0.4353501619716933 0.31689580372016707 0.4408311636903604 0.0 2.6674296925950514 0.6219488 9.339656063157344 2.1800194374751585 2.9812350098752654 0.06227311775321357 1.4927053303604616 9.36720373097525 3.55869531381437 28.970975085066957
2630 9341.99836253273 3407.2717750861902 214.75602556589033 52.830234952502366 9339 9345 3405 3410 35.0 1.6203720880861137 1.3589769667668905 -23.5438520999564 0.5446213707402032 0.16193398822278612 0.6505312626682869 0.0 12.735743391831553 1.3459579 19.975095227783093 3.053496344977357 2.0704233426738607 0.2187317323821175 3.3377905890622728 20.515207796312183 4.8763117273088294 28.119810199382847
2631 7382.892400209275 3407.517051672944 214.77348551189354 52.84269634777285 7381 7384 3406 3409 11.0 1.1047386117502587 0.7379874424918824 -47.897661573833226 0.7441433557699151 0.3656891020017061 0.5240273251297545 0.0 4.875583515930401 0.8223757 22.029373837225464 2.982128683052784 3.183692364107063 0.07245555667037698 1.8712051592547776 26.042166750292985 4.935098519457995 27.86080721149731
2632 7087.728788015573 3412.4971845296823 214.77606489188906 52.84460021150341 7082 7093 3407 3418 108.0 2.9562594255706665 2.2351348176761494 54.131660808568284 0.6544924194030449 0.20273763429038183 1.1335164575672354 0.0 56.158704037382904 2.5581877 99.0893913155355 6.249792839125401 2.3127236568431364 0.24508535938628517 5.863230142835039 112.69857184002203 9.842646014756312 26.27020396866751
2633 7507.7899268147 3416.041666540691 214.77228218305234 52.84194797291072 7497 7518 3407 3426 285.0 4.438496699827684 3.4753811956574343 -24.578846082714847 0.6220108471737565 0.1262903103036135 2.756282862874839 0.0 244.94413799543418 4.134486 355.6490237244524 9.119354001460316 2.2237410878989166 0.35931286732974377 9.52461639974967 445.24706897569337 14.45099235055109 24.77849732694912
2634 9945.530342669601 3420.5776674654844 214.75050791121663 52.82646755410732 9926 9964 3407 3432 605.0 7.48403875765644 4.595524387257179 -15.313161942309533 0.7892722841719091 0.1129555539783596 2.0144098893432782 0.0 322.9381331551949 5.868697 465.4595162358059 12.120577180605624 2.002395587297965 0.33458197127543143 13.877228871110882 506.87086182920046 19.335279690639904 24.637756685191228
2635 413.7088230397652 3409.908678013086 214.83566157116468 52.88701301540872 412 416 3408 3412 23.0 1.3025611479349413 1.227812101702413 84.39168121376561 0.33388507148627994 0.18866836145613597 0.4741757797342324 0.0 7.894573871572133 1.1751926 27.628747798959935 4.046145742023358 3.094394654862634 0.13750152485518705 2.7057581899030048 32.82554528373667 6.479102487193864 27.60947012716696
2636 1388.9162650286053 3417.354173811485 214.82687161193812 52.8808556165148 1383 1395 3411 3424 130.0 3.2619103247796257 2.471207972909021 -66.93421437076304 0.652724552920569 0.12432347240603157 0.6765236008539065 0.0 44.5745838039181 2.769581 81.50522484670095 7.14614949233381 2.345831017013578 0.2325664358531897 6.432750982580687 90.39477162153624 11.32352583265217 26.509641720315503
2637 3152.433163608382 3418.3952488250843 214.81111343958298 52.86965228726182 3143 3162 3411 3426 242.0 3.8924237764950473 3.0032049690873786 -20.50503016785373 0.6361670024622282 0.07714902996776803 2.5484914599921202 0.0 167.22256606418378 4.0586424 229.46182054402146 8.065454972318177 2.0863942046099977 0.3984358494812676 8.77673016883152 262.45666634635614 12.774582239477823 25.352355979408884
2638 889.0585499364361 3413.9342275768245 214.83137255610214 52.88401390471199 887 891 3412 3416 17.0 1.2191280000688218 0.9979253520026392 66.43925243312148 0.5744257858246201 0.1369944313583701 0.302239507423009 0.0 3.777571722709879 0.9551336 12.482782905655293 3.421356874347391 2.9920320218249956 0.13558152715132693 2.326213245840639 14.844053069881753 5.444884809463724 28.471118754119303
2639 6245.849847541655 3414.7651695532054 214.78354884213917 52.84996589694556 6244 6248 3413 3417 22.0 1.4088304134261382 1.090081192953767 38.79590917836801 0.633492232606564 0.2470023850928953 0.6298233718067188 0.0 9.902311494970581 1.1239598 25.65956495930359 3.6553081007724146 2.768861814282542 0.14522664483275444 2.6462837142006137 19.495006196910865 5.857245530799015 28.175191556065112
2640 10128.349264541152 3413.9751040328247 214.74894866055178 52.82526906198004 10127 10130 3413 3415 6.0 0.989434502348601 0.4931822808135992 -32.630945943453334 0.866919231845 0.227507719898125 0.48526941169000104 0.0 2.2420347578766977 0.5675646 17.454123028435227 2.444891035040219 3.434767024213231 0.1529065001131894 1.381976597885342 28.074067791612112 3.9477930014210925 27.779236639285173
2641 284.9352600116722 3437.5574927615767 214.83652089983966 52.88798038829647 259 312 3414 3461 1757.0 11.047748429170928 5.7439768246188825 37.66362083153203 0.8542132241883383 0.05888418799657679 8.052436482381431 0.0 1954.5474773886683 10.558785 2106.8252306154805 14.233789829394603 1.6441869101422515 0.5615327494617857 23.648899974944293 2296.0628170502046 22.06968820890268 22.997540586062897
2642 2904.1669288344533 3419.213441034626 214.813321208521 52.87123480659233 2900 2908 3415 3423 67.0 2.1151694301315946 1.7634980359140076 -79.00453644076914 0.5521596086761803 0.0348440814029415 0.7798325384008108 0.0 23.08223415031861 1.9834145 27.708751407129498 2.8405127184466767 1.4 0.3182813417384663 4.61809077155419 25.093189639277682 4.529873431235947 27.901110328111088
2643 4148.027074839175 3419.5323284092046 214.80221496723055 52.86332948253994 4144 4152 3415 3424 78.0 2.2282394899950586 1.9356039137879013 72.24019414600207 0.49539188561838354 0.09616387341409775 1.0896390505947287 0.0 34.24554063944897 2.117119 56.63442232371177 4.976259007100673 2.301547381520957 0.3149635215246204 4.982787485166879 66.63609118074037 7.8942194889957795 26.84072621554367
2644 1020.389011273208 3434.729542162664 214.82998038970385 52.8832913769478 998 1043 3417 3454 1058.0 3.7388951902747944 3.4045929172562968 -8.341352848962948 0.4133153518962444 0.0008685909726620437 276.1470633118964 0.0 6997.503153409942 11.880848 6705.726193137101 10.426527489551848 1.4 0.8571600534812834 18.351344898465904 7057.059248070947 12.345690466737924 21.778440590996546
2645 3403.0743388967026 3423.332814803024 214.80882402062497 52.8680856447866 3399 3408 3419 3427 68.0 2.3330613419305313 1.8731060226916185 -36.61977172550929 0.5961766192341923 0.19711539676134163 1.0263564531340246 0.0 35.62771875922 2.2435129 88.15502819204946 7.017322042313434 2.76172928722995 0.21193132862540098 4.652426491681278 121.76593379453729 11.276254793737815 26.18618549096577
2646 3947.9540514024848 3419.865845972363 214.8039970641575 52.864603185337025 3947 3949 3419 3421 7.0 0.9145647323385484 0.5261316011317255 44.58913140710455 0.8179559357086352 0.20228672287141078 0.3444701490035861 0.0 1.920713014614111 0.6848503 18.32787260865114 2.798401488698936 3.7446030681738223 0.12120439517766471 1.4927053303604616 20.04630473071785 4.436753980336939 28.144914180173622
2647 2374.673441750444 3434.1122060656585 214.81789187622977 52.87468070049001 2357 2386 3423 3442 307.0 3.691571950152476 2.9293049868630043 51.85451364344264 0.6085551882204421 -1.1554474286554937 23.1127054293511 0.0 169.5235459702449 16792856.0 285.42678596783975 19367268.523256984 1.4 0.9130094609341111 9.885400096021595 216.92708938589107 28562157.82357182 25.559215527108357
2648 2680.686152872716 3429.0020534052846 214.81521337797568 52.87270808355352 2678 2684 3425 3434 56.0 2.570878231759605 1.3870092462369432 -65.51789776611078 0.8419805052164866 0.1048964828708981 0.6144646189492702 0.0 19.228053151682456 1.818856 30.091748613146905 3.3593719175428673 1.6729508998631626 0.22695309512545425 4.222008245644752 28.009172041818122 5.3586753690791635 27.781749322102467
2649 10038.137510302195 3428.5625562107084 214.74959878789807 52.82592144802272 10036 10041 3426 3431 27.0 1.362605063714763 1.2871556220504543 -48.57851513402373 0.3281416388091064 0.17290846380122568 0.6309365272040276 0.0 10.499233948337457 1.2539902 19.158081640079118 3.226204134035595 2.3662674040875475 0.1911716142706629 2.9316150714175193 26.01143659437527 5.137171444098347 27.86208915336454
2650 3432.1317185021853 3445.712930056389 214.80832896693673 52.86802152725112 3412 3452 3432 3459 804.0 6.236780439276655 4.049388854330302 12.189581116236214 0.7605532860358529 0.10262204946470543 12.958680430379275 0.0 1108.2271261607675 7.859428 1146.4836608512555 8.989657409471192 1.4819713555455492 0.6103688717845873 15.99753570059363 1218.4584501483855 13.88890267504877 23.685473189544354
2651 3351.5023283874457 3435.9320999580377 214.80915170244938 52.868481367203046 3349 3355 3433 3440 44.0 1.7289484661017178 1.5158660886606434 -67.09849411283429 0.4809353044390583 -0.016369928981013707 0.20468982051079226 0.0 4.230400896419383 1.7552173 19.23593376823656 6.201316951690827 3.4308425085184306 0.3007611952177722 3.742410318509555 18.278379808109715 10.096011742494335 28.24515575667805
2652 10025.002207126681 3449.911534021889 214.7494910570235 52.82611993126526 10009 10044 3435 3464 781.0 5.931610829093242 4.892322532337647 -1.1201069960360541 0.5654418176910424 0.13767807988784345 10.229120788186982 0.0 1038.102429742808 7.059106 1118.1801620446945 9.30635128445234 1.6083342040571347 0.5441173776364936 15.767054928221077 1207.5014647810824 14.43886587012581 23.695280834368752
2653 1155.7015086769818 3441.2566879451197 214.8287029670445 52.88246661715745 1151 1160 3436 3446 84.0 2.6962378997219134 1.862262635463572 56.12394764411287 0.7231516489134563 0.16623820621976446 1.1364027163966637 0.0 47.97301397515696 2.3323524 63.671928499576595 4.375970443324607 1.8223307208081858 0.2629208234400181 5.170882945826411 71.9199102562934 6.8958766385656025 26.757877157998692
2654 696.129234202413 3440.1793106557416 214.83281964634008 52.88538145141213 693 700 3437 3444 51.0 1.6844551954725617 1.6044380667137914 47.3747278121738 0.3045488105184933 0.037575103645834045 0.5596685045636368 0.0 10.480570522994862 1.6292994 22.75301411528805 4.644640289826538 2.734716268841257 0.3488851141895871 4.029119531035698 31.66344192482795 7.477251990362844 27.648604694016473
2655 2817.1384296467795 3438.6523380295466 214.81389348226622 52.8718927505891 2816 2818 3438 3440 7.0 0.7419614511416436 0.6765990189145863 -11.545380159296432 0.4103993715648052 0.14575413106126198 0.2727045746460111 0.0 1.4941134135203822 0.6083465 4.622250154329532 2.0715617838224873 2.8697869596483714 0.1369194630034422 1.4927053303604616 2.0128537168336145 3.3640380352539485 30.640469465262722
2656 141.3973739089081 3441.4270049807333 214.83776262977952 52.88891338188459 139 145 3439 3444 37.0 1.5491441104511143 1.4431657121947106 65.39659790239358 0.36351315716016674 0.028764731554609974 0.4271810973025664 0.0 8.571903929204984 1.5213226 42.93923797412285 4.939453290718137 3.210355874866834 0.27811430548213495 3.431831258788849 98.62616965692119 8.231765625993965 26.41501958309295
2657 6065.301910480002 3440.396758426129 214.784889314846 52.85125199305203 6064 6066 3439 3442 7.0 0.9783944943198899 0.5552574867685253 59.51814006754546 0.8233602853008622 0.19538838198701985 0.2426502796382139 0.0 1.5393505199669346 0.6552217 17.674461899485586 2.9697251382805065 3.635597066174844 0.044508158735185266 1.4927053303604616 29.169122096375553 4.779879610727176 27.737691604127207
2658 6349.958415004593 3459.716103435064 214.78214700607765 52.849546013048126 6332 6367 3439 3481 1202.0 8.433029611895504 6.8548028756468495 88.9078699340172 0.5824706283951232 0.13921726286299665 3.286621517625894 0.0 867.904376241444 8.724648 1076.1859921749847 15.350523577722589 1.8585934157501545 0.4072935596642058 19.5603804460168 1201.3668049505504 24.35319964130587 23.70081093060952
2659 8873.030604234678 3443.6632666992323 214.75982167142533 52.833413796763956 8868 8878 3439 3449 96.0 2.0847994425644125 1.8057190023236833 5.424290659332815 0.4998090973867275 0.015551448433724866 1.2202159610187162 0.0 26.06312793384853 2.1846485 29.99221685290783 3.207243276121366 1.6728524245695389 0.5225155717896738 5.527906391541368 31.901145964463222 5.152604326476488 27.640484289449233
2660 9206.074052895436 3443.5881976271776 214.7568544667431 52.831295049023964 9200 9211 3440 3447 63.0 3.1524863647810246 1.3693149892140069 -30.932565320585237 0.9007392028658835 0.168221405012846 0.6226980393290831 0.0 25.469164672326798 1.7858784 67.49319286093757 5.769833373356959 2.8087039822815734 0.17765424938817254 4.478115991081385 94.710287468755 9.219811107520037 26.459007112991877
2661 9400.532346488573 3443.7590907321683 214.7551198406622 52.830059070815004 9398 9403 3440 3447 27.0 1.849338222406894 1.1444281766083102 -79.40234886723111 0.7855240007734118 0.24327245601480565 0.3902374341797129 0.0 8.570648658359417 1.2184191 72.2599553902536 5.324612052477316 3.5329611846379056 0.07815581153257191 2.9316150714175193 85.53267010999954 8.40242535079334 26.569669925505977
2662 8322.915258843443 3443.4964137058632 214.76472654463694 52.83691177923084 8320 8326 3441 3446 34.0 1.7108290076094272 1.3492284545965008 -30.366572048836225 0.6148550277354499 0.15808373458514483 0.5594378571158389 0.0 12.323031545833787 1.2643577 51.0094092073352 4.4988349287308855 3.115238414568058 0.1690944350786374 3.2897623212397704 102.11221405651183 7.251368336148195 26.377305767699326
