outputs/dr0.5_c0.1/nircam3_f150w_dr0.5_c0.1.ecsv
# %ECSV 1.0
# ---
# datatype:
# - {name: label, datatype: int64}
# - {name: xcentroid, datatype: float64}
# - {name: ycentroid, datatype: float64}
# - {name: sky_centroid.ra, unit: deg, datatype: float64}
# - {name: sky_centroid.dec, unit: deg, datatype: float64}
# - {name: bbox_xmin, datatype: int64}
# - {name: bbox_xmax, datatype: int64}
# - {name: bbox_ymin, datatype: int64}
# - {name: bbox_ymax, datatype: int64}
# - {name: area, unit: pix2, datatype: float64}
# - {name: semimajor_sigma, unit: pix, datatype: float64}
# - {name: semiminor_sigma, unit: pix, datatype: float64}
# - {name: orientation, unit: deg, datatype: float64}
# - {name: eccentricity, datatype: float64}
# - {name: min_value, datatype: float64}
# - {name: max_value, datatype: float64}
# - {name: local_background, datatype: float64}
# - {name: segment_flux, datatype: float64}
# - {name: segment_fluxerr, datatype: float32}
# - {name: kron_flux, datatype: float64}
# - {name: kron_fluxerr, datatype: float64}
# - {name: kron_radius, unit: pix, datatype: float64}
# - {name: gini, datatype: float64}
# - {name: equivalent_radius, unit: pix, datatype: float64}
# - {name: kron4_2_flux, datatype: float64}
# - {name: kron4_2_fluxerr, datatype: float64}
# - {name: radius_kron20, unit: pix, datatype: float64}
# - {name: radius_kron50, unit: pix, datatype: float64}
# - {name: radius_kron80, unit: pix, datatype: float64}
# - {name: near_border, datatype: bool}
# meta:
#   PHOTMJSR: 2.251199960708618
#   PIXAR_SR: 2.11539874851881e-14
#   __serialized_columns__:
#     area:
#       __class__: astropy.units.quantity.Quantity
#       unit: !astropy.units.Unit {unit: pix2}
#       value: !astropy.table.SerializedColumn {name: area}
#     eccentricity:
#       __class__: astropy.units.quantity.Quantity
#       unit: !astropy.units.Unit {unit: ''}
#       value: !astropy.table.SerializedColumn {name: eccentricity}
#     equivalent_radius:
#       __class__: astropy.units.quantity.Quantity
#       unit: !astropy.units.Unit {unit: pix}
#       value: !astropy.table.SerializedColumn {name: equivalent_radius}
#     kron_radius:
#       __class__: astropy.units.quantity.Quantity
#       unit: &id001 !astropy.units.Unit {unit: pix}
#       value: !astropy.table.SerializedColumn {name: kron_radius}
#     orientation:
#       __class__: astropy.units.quantity.Quantity
#       unit: &id002 !astropy.units.Unit {unit: deg}
#       value: !astropy.table.SerializedColumn {name: orientation}
#     radius_kron20:
#       __class__: astropy.units.quantity.Quantity
#       unit: *id001
#       value: !astropy.table.SerializedColumn {name: radius_kron20}
#     radius_kron50:
#       __class__: astropy.units.quantity.Quantity
#       unit: *id001
#       value: !astropy.table.SerializedColumn {name: radius_kron50}
#     radius_kron80:
#       __class__: astropy.units.quantity.Quantity
#       unit: *id001
#       value: !astropy.table.SerializedColumn {name: radius_kron80}
#     semimajor_sigma:
#       __class__: astropy.units.quantity.Quantity
#       unit: !astropy.units.Unit {unit: pix}
#       value: !astropy.table.SerializedColumn {name: semimajor_sigma}
#     semiminor_sigma:
#       __class__: astropy.units.quantity.Quantity
#       unit: !astropy.units.Unit {unit: pix}
#       value: !astropy.table.SerializedColumn {name: semiminor_sigma}
#     sky_centroid:
#       __class__: astropy.coordinates.sky_coordinate.SkyCoord
#       dec: !astropy.table.SerializedColumn
#         __class__: astropy.coordinates.angles.Latitude
#         unit: *id002
#         value: !astropy.table.SerializedColumn {name: sky_centroid.dec}
#       frame: icrs
#       ra: !astropy.table.SerializedColumn
#         __class__: astropy.coordinates.angles.Longitude
#         unit: *id002
#         value: !astropy.table.SerializedColumn {name: sky_centroid.ra}
#         wrap_angle: !astropy.coordinates.Angle
#           unit: *id002
#           value: 360.0
#       representation_type: spherical
#   astropy version: '5.1'
#   make_catalog parameters:
#     ab_zpt: 31.4
#     coadd_bands: !!python/tuple [f277w, f356w]
#     deblend_contrast: 0.001
#     deblend_nlevels: 32
#     deblend_npixels: 1
#     detect_kernel_fwhm: 4.0
#     detect_kernel_npix: 7
#     detect_npixels: 4
#     detect_threshold_nsigma: 3.0
#     flag_isolated_buffer: 4
#     hst_bands: !!python/tuple [f606w, f814w, f125w, f140w, f160w]
#     jwst_bands: !!python/tuple [f115w, f150w, f200w, f277w, f356w, f410m, f444w]
#     near_border_kernelsize: 21
#     reference_band: f200w
#   make_catalog version: 1.4.0
#   photutils version: 1.5.0
# schema: astropy-2.0
label xcentroid ycentroid sky_centroid.ra sky_centroid.dec bbox_xmin bbox_xmax bbox_ymin bbox_ymax area semimajor_sigma semiminor_sigma orientation eccentricity min_value max_value local_background segment_flux segment_fluxerr kron_flux kron_fluxerr kron_radius gini equivalent_radius kron4_2_flux kron4_2_fluxerr radius_kron20 radius_kron50 radius_kron80 near_border
[from data line 677]
678 7723.591489647374 1039.4341902104093 214.7953732686616 52.827774706834035 7722 7724 1039 1040 6.0 0.7262772622137057 0.4223618380014078 26.040664951077773 0.813515292076436 -0.04180951583952896 0.33259412582972026 0.0 0.7608748598422275 0.69778305 2.2674652360239334 2.2008561322750104 3.277589348285785 0.5721142898491747 1.381976597885342 2.7484329354841073 3.53514557525467 0.8843343154681098 1.8819860018732335 3.2830537839080134 False
679 9588.525376824127 1049.9398042028913 214.77863910963327 52.8159732709431 9582 9594 1039 1060 183.0 4.79706622010073 1.9596335944487813 -74.70248830627864 0.9127553300543646 -0.13694404220209944 2.920625085059014 0.0 146.9888451123856 4.2414126 185.57790698376425 7.867543645467283 1.8587597584776385 0.3954015575526136 7.632215220473915 208.65920338904556 12.315210122214621 2.489344810297386 5.129473035606619 9.984328102901218 False
680 524.3116451991528 1042.802940687824 214.8595958550258 52.87354703672556 521 527 1040 1046 39.0 1.505231740095373 1.3516587196712608 74.88768684610235 0.4400488494706667 -0.16735771710187372 1.4158437635813368 0.0 12.660201164653826 1.8411206 20.92391369480952 4.624898540844328 2.4974555496487003 0.46172361001290296 3.523362819972964 22.63255708071719 7.415392282131524 1.2760209767991064 2.7880255200164723 6.155484208505533 False
681 1911.38370541834 1050.411601803625 214.8471247631989 52.86477538969012 1904 1919 1041 1059 217.0 4.032151926343476 2.83404348932143 58.74132073426931 0.7113269376913364 0.07295429065568164 2.71268380543133 0.0 172.05986592579916 4.4847283 294.162615702242 10.531506717145916 2.352928394189257 0.37193663792550147 8.311031542587394 330.6740448972648 16.676443747355417 3.1835204610437953 7.035937904426174 12.81200955897869 False
682 4349.078630386335 1051.6339579061116 214.8253476432882 52.849291099092135 4340 4358 1046 1057 184.0 4.287465863007883 2.642841993260683 6.043375714354681 0.7874244268528192 -0.08851971714583254 1.6733678882343874 0.0 103.37714258785553 4.1199245 160.39777836629906 9.881001977076233 2.2325508603137525 0.314739296874118 7.653039857325812 166.71228704544927 15.74687002190251 3.4743612904225576 6.220221076746883 10.953811759250058 False
683 8018.088021311451 1056.3650739107968 214.79256943371425 52.82599353858536 8011 8026 1047 1066 214.0 4.020079696571399 2.427491044009888 67.24116384804508 0.7971043945850765 -0.29252239697129023 1.2153668627008458 0.0 64.26126300853753 4.0963717 64.53535621668844 5.355088277418115 1.4 0.5015636905674637 8.253382073025046 51.22480883457834 8.498641095221512 2.126501540258082 3.8340015485096632 5.690436206770142 False
684 9886.386265354025 1047.5447586944133 214.7760100824675 52.81406623282851 9886 9887 1047 1048 4.0 0.5205564432637031 0.46269004631174354 -50.53887622799063 0.45822269665053816 0.48842317069378766 0.9694857269240365 0.0 2.6762471394569753 0.60528976 16.835152134952217 2.252992076371194 3.4633958903068045 0.19565820749470503 1.1283791670955126 27.30435190385741 3.564662191699531 1.2737959067544997 2.251947809112861 3.4202160489292357 False
685 3701.074644620556 1053.36636392868 214.83111341213805 52.85341871357299 3697 3705 1050 1056 48.0 2.0910532359148393 1.5816085495557561 -50.59921831357687 0.6541448051742863 -0.15248049816834208 1.0131865375607159 0.0 15.798782007280229 2.2902396 54.18541039641825 8.227487292111384 3.0211179578384524 0.3869017448734842 3.9088200952233594 95.62312439035219 13.055239509061577 2.9258407806068214 5.866014035897033 9.556141677395633 False
686 9223.93220998264 1053.4031690287138 214.7818518591762 52.81831034384961 9217 9229 1050 1057 69.0 3.2850018907815217 1.5998997840507347 13.071125580620292 0.8733843390205762 0.011840211755078376 0.8965555710683671 0.0 29.67308434442638 2.541949 91.09449138093018 8.47014880175177 2.811722632607959 0.21799486879369986 4.686510657907603 101.16332895408303 13.575388161663211 3.5673275465316 7.353041132997278 11.32885236908198 False
687 3721.70482667661 1055.0249055430033 214.830911798037 52.85329654663037 3717 3725 1051 1059 63.0 1.990427915892417 1.8846502579352713 -3.831203115003951 0.32165533090943066 -0.16559563826145454 0.8771810987983871 0.0 19.53952104283736 2.5624175 48.83141645274833 7.872478280623198 2.768317385091528 0.3686743849493753 4.478115991081385 103.82450893325276 12.357213841392953 2.5141274907203313 5.848724624884768 11.475866516162892 False
688 4298.4666653236645 1056.1107447621216 214.8257522462472 52.84963689451678 4293 4304 1052 1060 89.0 2.5135991983205814 1.8433675273352128 22.63384692022484 0.6798428986444521 -0.15327279607830582 1.6533264267514602 0.0 29.96630204386383 2.978803 41.42463462738945 5.401044437190733 1.8221890617597285 0.4611549560901367 5.322553886092406 51.38941443235717 8.50252399121316 1.849971729707375 3.5139836777768223 6.561462525465023 False
689 2528.3842225192143 1056.19234464559 214.84155374347455 52.86088606443493 2526 2530 1054 1058 22.0 1.1193853565122762 1.0831226552453428 51.66966818828537 0.2524696647022123 0.07466946687176365 1.326135634748174 0.0 12.481865596343642 1.4674737 19.061105425775803 2.867815039040574 1.9388859900120676 0.35117448210131746 2.6462837142006137 19.75482859337216 4.450061569376798 1.0826141063726034 1.9880086200905 3.093298935596373 False
690 3905.2057758234096 1057.28517110598 214.82925000341749 52.8521425474501 3902 3908 1054 1060 37.0 1.3987426376947958 1.1160929115594462 46.655501145886745 0.6027556171207746 -0.08577309320718285 1.6608852596440236 0.0 16.907247775990594 1.9964256 21.954756839817776 3.3950952515669734 1.9090300723713922 0.5142468089600655 3.431831258788849 25.31499165824635 5.476291946202541 0.9784992156391658 1.8962880189913727 3.7033384467899135 False
691 9968.770017145458 1059.799825375032 214.7751470632977 52.81360833246617 9964 9973 1054 1064 77.0 2.104053834973409 1.8515534093400703 88.33803170765991 0.4749859806049544 -0.12002827366097384 1.7818861873626726 0.0 36.171881395494914 2.6326702 62.04974251418035 6.518930323556134 2.4988880616063542 0.4615535149637287 4.950743503369154 71.40860063124511 10.3877128735311 2.0093104388075624 3.862889528487928 8.41427752277462 False
692 1165.4231429853553 1058.1474496399164 214.85370653837654 52.86955668182712 1161 1171 1056 1060 32.0 2.5328705388158763 0.8565945317146016 -10.634239856952792 0.9410774202873508 -0.21561023928087047 0.8946334855276173 0.0 9.151131451489139 1.7982124 37.363405385135195 5.79863486963084 2.876514582104805 0.38014379671773546 3.1915382432114616 33.18743779001825 9.154851404676299 2.769850650600421 5.294461043720761 8.895218477097812 False
693 9682.447733507603 1060.9991255016155 214.77768578424556 52.81543557440541 9680 9686 1058 1064 32.0 1.59790352013732 1.261014464040741 -32.286068298552856 0.6141772794685884 -0.1511265853110902 0.7192611829067707 0.0 11.590366116355831 1.7067392 45.34923418805241 6.498141026814237 3.3756707524825043 0.2769943616566222 3.1915382432114616 52.76392172685048 10.427949503711858 2.60653059209526 5.992197301334115 9.036882917565588 False
694 6024.01216511196 1064.983747023293 214.8102619987546 52.83871698618172 6020 6027 1062 1068 46.0 1.6655831627797009 1.5174050825338197 19.689429661211594 0.41232833220700166 -0.017403274513559178 1.5526402781637145 0.0 25.909272083378173 1.9749005 43.105852584255025 4.544525515726707 2.3068952055601266 0.3550031715101262 3.826519928662906 45.24435070233968 7.237138816234309 1.553805762933048 3.115399940435704 5.733355651276965 False
695 6270.650937687333 1067.849973002787 214.808031739368 52.83716460805112 6268 6273 1065 1070 25.0 1.2396947729319243 1.2330542090569554 -53.998052310544345 0.10336600346578968 0.2271018297961513 1.342547879630391 0.0 16.5855789593398 1.4043589 22.148442446620088 2.8681002889590452 1.8900817516347082 0.2636079069765677 2.8209479177387813 20.20698738927215 4.593219373996597 1.145195583760271 2.0101867971704945 3.106245227340664 False
696 9596.779540142577 1067.5960582082953 214.7783797807832 52.81601587542326 9594 9599 1065 1070 29.0 1.4213903524117921 1.1165348766701446 58.38038383091114 0.6188324062124417 0.09238036926423643 1.2976064262850577 0.0 12.253875949320701 1.6380494 19.237841876049934 3.3876947879658563 1.9779688469128645 0.36777424971838163 3.0382538898732494 24.08749259963636 5.477498758565481 1.1879642146961544 2.37086086116616 4.156046116753963 False
697 7733.882536184184 1080.5502866350387 214.79484886824255 52.8279307819316 7724 7743 1069 1089 253.0 5.473760999456914 2.73390562384867 -44.2190079513844 0.8663389544199641 -0.21557696005543722 1.4899396415211201 0.0 109.13654824204329 4.4469485 206.41689982342575 11.943782945661432 2.522216586161723 0.3684144030220789 8.97398468933946 231.1569755763507 19.0104834949883 4.153699179882749 9.18157759942766 16.586946914734835 False
698 9017.638913058783 1072.6435813384358 214.78348801593583 52.81972574151334 9016 9019 1071 1074 11.0 0.8837152282009851 0.8213916470309941 26.496464382513473 0.3688838688482536 0.15850382240226055 1.1048688916194143 0.0 7.389723140772909 1.0156287 20.575225636899916 3.400696388467302 2.964500048825592 0.27271349869026706 1.8712051592547776 25.47021450905249 5.430312624948608 1.203867570445471 2.5285495734693195 4.378013606789517 False
699 3682.279104981981 1091.1066523376453 214.83088400616003 52.85374159835078 3667 3698 1073 1109 827.0 7.22529935910997 5.807316587913929 60.27207054223485 0.5949704962768061 -0.3074653644306871 3.208572956803292 0.0 610.8055271496066 9.341025 821.3203839528819 19.149089929129158 2.0664373503054376 0.41127849108232156 16.224742705941285 949.8670929278537 30.549955267410784 5.222111962825498 10.329171662915936 18.367026946065966 False
700 3910.3449293772155 1078.3742297359258 214.82898218582997 52.85222356267545 3906 3914 1073 1084 89.0 2.5930469374353415 1.7812738896373481 -86.66756646292528 0.7267118668548351 -0.24097176328851774 1.6243033446209978 0.0 32.82752788972416 2.9551558 44.31119212328507 5.192167916449801 1.7584246483810306 0.4193527118610375 5.322553886092406 45.105437290273315 8.362580375953518 1.7500938536187278 3.4685559176673797 6.307321511766262 False
701 10251.433364544673 1073.8993002792984 214.77248019105522 52.811886693575666 10250 10252 1073 1075 7.0 0.7708945693973361 0.5378180968200214 -81.67879760501137 0.7164343247623509 0.07235922529102877 0.6146862690795765 0.0 2.889900525059697 0.78126585 6.832264080826042 2.350094686642032 2.8601233027475326 0.25220643021117056 1.4927053303604616 6.116533329004717 3.841036218536954 0.9168949316539085 1.858317447149084 3.5789540507427318 False
702 6155.337203713829 1082.1295395118714 214.8089100884895 52.837974580093395 6147 6167 1074 1092 277.0 3.9063772481292562 2.5260340347949315 39.07515022756575 0.7627922340339262 -0.17596773902991092 6.682268239991909 0.0 185.59633984650768 4.895737 226.76192575829572 7.634205804352667 1.8950876461477568 0.6135454928477506 9.389986074159536 245.36468225744596 12.048101301242635 1.8730229578293844 3.8999853942957454 9.246494960893605 False
703 8915.19186318913 1078.4622990243236 214.78433989804225 52.820408507412694 8912 8918 1075 1082 41.0 1.7717500104136528 1.5048575353063511 82.84801989041861 0.5278103888740443 -0.05135065810201583 0.8226298726402265 0.0 15.43893872351368 1.9961921 30.556618462308524 5.337418958157792 2.4617405301758026 0.2784986907775097 3.6125759969217834 20.125554045708412 8.40334444984976 1.976736824732941 3.565578400007018 6.034384054590603 False
704 3498.229450077225 1084.27804692367 214.8325988827947 52.85487443569374 3490 3507 1077 1091 196.0 3.719030953861082 1.9733450668965173 30.31473425781402 0.8476177596100465 -0.4140326061312341 3.1841132012812943 0.0 116.81318315679613 4.4292517 139.63532515965395 7.375739104174599 1.9559387036247606 0.5657794974026223 7.898654169668588 173.98185577161934 11.881356037326523 2.0433320197810954 3.9908267414081617 7.3939066955886625 False
705 6779.8184426924245 1077.8288932112073 214.80338529592308 52.83398159106799 6778 6782 1077 1079 12.0 1.256307222751169 0.673896320152373 15.06259401479302 0.8439572449486937 0.25272598979974376 0.7572073215070586 0.0 5.817273006906912 1.0860138 14.334119680245035 3.0516215421972324 2.597624422130969 0.16798570168369747 1.9544100476116797 21.603348271628796 4.879035176662506 1.3595837907624693 2.481183084293703 3.9652087476591618 False
706 9808.667939505642 1083.9205782729005 214.77631987365874 52.81475636679781 9806 9811 1080 1087 40.0 1.8402691455239404 1.313234788049802 -80.11736342560299 0.7005430160312982 -0.3832478504984014 0.2092116622735903 0.0 -2.5957474257966044 1.8484272 -3.320787876591262 2.7690622153688595 1.4 -0.6427748979120005 3.5682482323055424 -1.7559435182068182 4.472514672099156 2.416725723776301 3.71422622222074 4.419002344402663 False
707 4438.193563266707 1086.1108834612585 214.82418946769863 52.84891054845807 4434 4441 1082 1090 62.0 2.066991610256496 1.608315851427175 50.57705117854224 0.6281466071706194 0.12504193495698607 4.886262128624381 0.0 87.7680250281322 2.5085485 147.01603365714675 5.417432039592863 2.2219920842825833 0.3746609283112342 4.442433223290478 157.9901484678282 8.545091576283202 1.6658807734440455 3.6295148317055106 6.185457994374074 False
708 8627.921580836137 1095.3979383448668 214.78672227303292 52.822326345573444 8613 8644 1083 1106 579.0 5.7054813325167215 4.016082841385345 10.041776042282677 0.7103000347340103 -0.15198174034954587 10.07776593196346 0.0 652.5254799723432 7.437997 702.4950324943925 10.038853577861513 1.5619701594327018 0.5587702232067777 13.575766059431594 753.4856498805084 15.898558670135886 2.7859514226035205 5.881252604026679 10.331683227553064 False
709 9731.885642874115 1086.6809325972304 214.77697502641917 52.81525950634442 9728 9735 1083 1090 43.0 2.058216966734626 1.1661635495558118 -37.705590046284364 0.8240003966607542 0.06712110662589595 1.4019589491198527 0.0 25.328817165268774 2.006388 40.31664894893061 4.852913546398873 2.320528208759477 0.3304204800692987 3.6996385101659595 52.693273813455754 7.662810731795761 1.5733710923089432 2.976392211327319 5.899596478115928 False
710 6489.253172770436 1085.2688676087027 214.80589856954734 52.83586882952173 6487 6491 1084 1086 12.0 0.9477799715077565 0.7116098233556465 -12.1891059230971 0.6605096720544612 0.04377386064016852 1.0760978236707575 0.0 6.346748063990148 1.0948002 17.51415927682723 2.921935737478121 2.734926152105693 0.35224693559554193 1.9544100476116797 23.273365574534772 4.647780843901608 1.2095237164807457 2.4686300968874777 3.978238712667255 False
711 9042.718444407397 1086.4782472879492 214.78311891936448 52.819640785145545 9042 9044 1085 1087 8.0 0.8053221129253417 0.5504027618469872 20.229073248940026 0.7299910912837133 0.011974327559650872 0.5524620193956647 0.0 2.340069783637835 0.84713674 14.480966368784655 3.0427884938844207 3.380628926220407 0.3996987180548514 1.5957691216057308 21.22670045841618 4.845090450290056 1.9263771834194958 3.876958858831936 5.404268737863101 False
712 2066.664511809532 1093.8401095347933 214.8452808366429 52.864022896451495 2063 2070 1088 1101 81.0 3.3156042632104126 1.4390080256322242 88.38737528749093 0.9009076723815869 0.022219854481312386 1.324246157655894 0.0 38.15447072351134 2.654836 56.27609831101275 4.925861933095982 1.7164150374061673 0.3458309342658859 5.077706251929807 55.4490773250517 7.876850008352561 2.217259571699666 4.169111993755055 6.545148710612528 False
