outputs/dr0.5_c0.1/nircam6_matched_f277w_f140w_dr0.5_c0.1.ecsv
# %ECSV 1.0
# ---
# datatype:
# - {name: label, datatype: int64}
# - {name: xcentroid, datatype: float64}
# - {name: ycentroid, datatype: float64}
# - {name: sky_centroid.ra, unit: deg, datatype: float64}
# - {name: sky_centroid.dec, unit: deg, datatype: float64}
# - {name: bbox_xmin, datatype: int64}
# - {name: bbox_xmax, datatype: int64}
# - {name: bbox_ymin, datatype: int64}
# - {name: bbox_ymax, datatype: int64}
# - {name: area, unit: pix2, datatype: float64}
# - {name: semimajor_sigma, unit: pix, datatype: float64}
# - {name: semiminor_sigma, unit: pix, datatype: float64}
# - {name: orientation, unit: deg, datatype: float64}
# - {name: eccentricity, datatype: float64}
# - {name: min_value, datatype: float64}
# - {name: max_value, datatype: float64}
# - {name: local_background, datatype: float64}
# - {name: segment_flux, datatype: float64}
# - {name: segment_fluxerr, datatype: float32}
# - {name: kron_flux, datatype: float64}
# - {name: kron_fluxerr, datatype: float64}
# - {name: kron_radius, unit: pix, datatype: float64}
# - {name: gini, datatype: float64}
# - {name: equivalent_radius, unit: pix, datatype: float64}
# - {name: kron4_2_flux, datatype: float64}
# - {name: kron4_2_fluxerr, datatype: float64}
# - {name: kron4_2_mag, datatype: float64}
# meta:
#   PHOTMJSR: 2.962800025939941
#   PIXAR_SR: 2.11539874851881e-14
#   __serialized_columns__:
#     area:
#       __class__: astropy.units.quantity.Quantity
#       unit: !astropy.units.Unit {unit: pix2}
#       value: !astropy.table.SerializedColumn {name: area}
#     eccentricity:
#       __class__: astropy.units.quantity.Quantity
#       unit: !astropy.units.Unit {unit: ''}
#       value: !astropy.table.SerializedColumn {name: eccentricity}
#     equivalent_radius:
#       __class__: astropy.units.quantity.Quantity
#       unit: !astropy.units.Unit {unit: pix}
#       value: !astropy.table.SerializedColumn {name: equivalent_radius}
#     kron_radius:
#       __class__: astropy.units.quantity.Quantity
#       unit: !astropy.units.Unit {unit: pix}
#       value: !astropy.table.SerializedColumn {name: kron_radius}
#     orientation:
#       __class__: astropy.units.quantity.Quantity
#       unit: &id001 !astropy.units.Unit {unit: deg}
#       value: !astropy.table.SerializedColumn {name: orientation}
#     semimajor_sigma:
#       __class__: astropy.units.quantity.Quantity
#       unit: !astropy.units.Unit {unit: pix}
#       value: !astropy.table.SerializedColumn {name: semimajor_sigma}
#     semiminor_sigma:
#       __class__: astropy.units.quantity.Quantity
#       unit: !astropy.units.Unit {unit: pix}
#       value: !astropy.table.SerializedColumn {name: semiminor_sigma}
#     sky_centroid:
#       __class__: astropy.coordinates.sky_coordinate.SkyCoord
#       dec: !astropy.table.SerializedColumn
#         __class__: astropy.coordinates.angles.Latitude
#         unit: *id001
#         value: !astropy.table.SerializedColumn {name: sky_centroid.dec}
#       frame: icrs
#       ra: !astropy.table.SerializedColumn
#         __class__: astropy.coordinates.angles.Longitude
#         unit: *id001
#         value: !astropy.table.SerializedColumn {name: sky_centroid.ra}
#         wrap_angle: !astropy.coordinates.Angle
#           unit: *id001
#           value: 360.0
#       representation_type: spherical
#   astropy version: '5.1'
#   kernelfile: kernel_f277w_f140w.fits
#   make_catalog parameters:
#     ab_zpt: 31.4
#     coadd_bands: !!python/tuple [f277w, f356w]
#     deblend_contrast: 0.001
#     deblend_nlevels: 32
#     deblend_npixels: 1
#     detect_kernel_fwhm: 4.0
#     detect_kernel_npix: 7
#     detect_npixels: 4
#     detect_threshold_nsigma: 3.0
#     flag_isolated_buffer: 4
#     hst_bands: !!python/tuple [f606w, f814w, f125w, f140w, f160w]
#     jwst_bands: !!python/tuple [f115w, f150w, f200w, f277w, f356w, f410m, f444w]
#     near_border_kernelsize: 21
#     reference_band: f200w
#   make_catalog version: 1.4.0
#   photutils version: 1.5.0
# schema: astropy-2.0
label xcentroid ycentroid sky_centroid.ra sky_centroid.dec bbox_xmin bbox_xmax bbox_ymin bbox_ymax area semimajor_sigma semiminor_sigma orientation eccentricity min_value max_value local_background segment_flux segment_fluxerr kron_flux kron_fluxerr kron_radius gini equivalent_radius kron4_2_flux kron4_2_fluxerr kron4_2_mag
[from data line 2374]
2375 2490.5125284101377 2886.997131638175 214.87484444982223 52.852577177120004 2490 2491 2886 2888 6.0 0.8125867702784305 0.4998363052706957 -89.76839499626644 0.7884354874118612 0.138580286018112 0.15003729190302229 0.0 0.8617975983299412 2.5099556 10.092129314585332 11.228530109240229 3.8028327976729397 0.019532868962890408 1.381976597885342 15.997690181557564 18.37770604697129 28.389856795519453
2376 6412.375538066892 2887.208855148913 214.83982853446392 52.82766215982947 6411 6414 2886 2889 12.0 1.0855588467079398 0.8348806144116682 31.402760358097407 0.6391536177069155 0.15435600409081757 0.19623317734080778 0.0 2.1505139603303993 4.6499453 15.82763797329566 20.781643705731305 3.5306749494244367 0.041359886243273275 1.9544100476116797 21.220438082779925 33.466162651838 28.083114136504925
2377 4245.850989785081 2889.853024413274 214.85913810037007 52.8414419364632 4245 4247 2889 2891 6.0 0.7764050029481312 0.5785862815645718 47.21343747036589 0.6668276827982617 0.09347356966893434 0.10630844034917583 0.0 0.6010298026701424 2339244600000.0 6.390301005185468 10470261429512.998 3.691597414452028 0.030764933939629414 1.381976597885342 7.657803301008807 16752418287220.799 29.18973948292577
2378 2950.053445850058 2899.1506800513707 214.87061183771098 52.84972373695966 2943 2959 2891 2908 187.0 4.694372109502827 2.648281021435616 -50.62830545092576 0.8256794508864645 0.19254498030687678 0.6970415671141175 0.0 76.98072680483213 15.203312 149.01902223360736 42.87371393003974 2.44917275245129 0.18230703517852787 7.715176518808164 193.28086221827292 68.61416517657533 25.684527864210384
2379 2634.5309670103325 2895.1095186446487 214.87347263829508 52.85170614964547 2632 2637 2892 2898 27.0 1.7609812632628994 1.2079228183866553 -74.45732857094526 0.727660603582522 0.19140231834313412 0.26528138267461165 0.0 6.137614838132121 5.5127435 39.96629667068689 23.42698890449969 3.4114571386633354 0.058198787540386904 2.9316150714175193 47.25302989163411 37.71191724432778 27.213925847620683
2380 6518.587232234689 2901.865788468309 214.83872670901576 52.827066255843164 6506 6529 2892 2914 263.0 6.56874217078495 2.87258266112204 40.729945966525406 0.8993103813599687 0.2136967201768633 0.640516106602225 0.0 104.79017326094946 21.17007 254.4129303842015 66.05356552924722 2.6151219406618753 0.16234787536058107 9.149617481968136 358.64621490754973 105.33416327779875 25.01333437069006
2381 9371.206968969243 2893.9600921247584 214.8133681932786 52.80889384558619 9368 9374 2892 2896 28.0 1.670279777123687 1.2723787273215938 -7.073864030841865 0.6478407349605599 0.18879664299535034 0.2725340227598403 0.0 6.613934146161499 7.0003934 40.889768790313894 29.970655090533306 3.44134625773664 0.05247333195885211 2.985410660720923 43.20128562745222 47.5648092116412 27.311258322048346
2382 10262.04214489058 2895.9798950595314 214.8054062118 52.803241923140256 10259 10265 2893 2899 35.0 1.669375714674136 1.5371551550419438 1.4660814751782822 0.39004356465778295 0.21536051653375707 0.34324973118961233 0.0 9.489075189655171 5.4764557 29.991645693933606 19.24443804781631 2.8863768420661087 0.0822590832762802 3.3377905890622728 28.949746733718463 30.98612594971146 27.74588807834133
2383 8232.017565414164 2894.5046816163995 214.8235200087061 52.81613753720653 8231 8233 2894 2895 6.0 0.8114186138276613 0.4999780219577454 -0.02196553166188911 0.7876071943032955 0.23331752527898944 0.2532601953908722 0.0 1.4698276358664046 3.0352569 17.557612010918227 13.5114000912232 3.8157355618117608 0.0190710980841259 1.381976597885342 27.749237444957508 21.818204893238573 27.791872367208885
2384 1642.6056790670693 2901.0279594201725 214.8822721017067 52.85803839016427 1635 1651 2895 2907 176.0 3.5373029700057748 2.8606940710714457 -3.305799730290032 0.5881913202016634 0.23597543902197296 1.3964491715503526 0.0 109.48185184123693 13.577855 150.10652860468844 27.50936999104021 1.8927688100564772 0.2799096306001755 7.48482063701911 158.03717635404047 44.015868337254915 25.903101846122613
2385 4280.995581012959 2901.619526797504 214.85870056051294 52.841282117716645 4278 4284 2899 2904 30.0 1.5616242019030282 1.4128666653596391 -32.08319187312963 0.4259604505727245 0.16043984787606455 0.2512557450807388 0.0 6.022764274230132 5230710000000.0 19.5238590685641 18231317753156.21 2.900442377299426 0.08140813987561196 3.0901936161855166 21.33735676032638 29170108405049.938 28.077148453317353
2386 2540.8938265355023 2907.053134551001 214.8741834393098 52.8523653504115 2536 2546 2902 2912 91.0 3.045060154270545 2.087176533411699 -47.98914271193904 0.7281382331509337 0.1961194554422891 0.42782473729903314 0.0 27.052934761940914 10.886922 61.455413256727354 31.662370239347887 2.5106518167309018 0.12937347798186336 5.382025607773058 57.02032238783258 50.51008084628053 27.00992582889308
2387 9105.374203878237 2911.581586096136 214.81555287551654 52.8106785359252 9095 9117 2902 2922 316.0 5.277930277917549 4.065533581449238 -24.43826491989867 0.6376945103855738 0.2537367688860773 0.8040401458760662 0.0 142.943149819297 23.947285 317.10676855573774 68.61991486245884 2.5333997090516926 0.17391720800935095 10.02925341359355 313.9655826299967 109.51441399853498 25.15779489329718
2388 7519.0370854153125 2915.4857102192937 214.82965835008173 52.82078193805739 7507 7531 2903 2929 539.0 5.666402741201686 5.033849728790257 -67.32118856846652 0.45913250215328083 0.23590444275277 2.218545562198969 0.0 483.9527631227535 31.214975 632.2526515993857 60.59311522333064 1.916647031730209 0.33980316250958364 13.098436114783443 688.1639560149304 96.74457775168237 24.30577019543768
2389 4430.174926389075 2908.0983024381107 214.85730053537543 52.84036930628746 4428 4432 2905 2911 29.0 1.771285656539888 1.2357432441950882 71.2028360745877 0.7164355546613135 0.16895863109964712 0.2413081335900118 0.0 6.069866533682191 5142793000000.0 41.60719113723468 21150870814802.0 3.378351732415703 0.05421125871929094 3.0382538898732494 75.11878610405418 33841393303683.195 26.710628596868524
2390 7959.745053772122 2906.008446814716 214.82582724156748 52.81792999466201 7959 7960 2905 2907 4.0 0.6997684017109865 0.4358132356788103 89.58834764058165 0.7823839558460112 0.15509140225516904 0.1645522692362452 0.0 0.6444889896485573 2.6786022 9.366618967193366 13.035836840122467 3.9432557774175256 0.016631965759982555 1.1283791670955126 14.583495665309933 21.56328791370784 28.490345907776586
2391 8700.695009829891 2909.429294856343 214.81918370664891 52.81323913471606 8696 8705 2905 2913 73.0 2.4152989323939105 2.167279258862488 -0.6521833162380856 0.44139470428287814 0.25357103666773195 0.47956201049607206 0.0 25.8333666654673 11.603291 75.26454301739798 36.972785102945 2.7759193557525594 0.10798177873039833 4.820437914901168 125.27533093595451 58.99740676828628 26.155336103304283
2392 4329.525922187258 2909.686447595656 214.85818242560785 52.841017305369235 4327 4332 2908 2912 26.0 1.7200271945068646 1.2487371897697521 4.289327459387855 0.6876962669260447 0.17632501746274953 0.20337483267047668 0.0 5.031537971496974 4869526000000.0 41.76464857516142 21975108523572.867 3.5433404741661487 0.02097082845901704 2.876813695875796 57.82306972376615 35160173637716.58 26.994747140332358
2393 2694.084154884381 2916.249508268274 214.8727183186663 52.85144190278225 2687 2703 2909 2923 159.0 3.642564995859999 2.96779766015348 28.91857882403368 0.579805537514609 0.18900967626455462 0.7218729778428743 0.0 71.60794870900817 13.680183 116.9912381315384 32.12908080897109 2.085116274548058 0.18505772841603446 7.1141599576634995 123.77413221346117 51.779780524962156 26.16842527461453
2394 7621.409382043948 2910.880731657375 214.8287936511862 52.82010651408984 7620 7623 2909 2913 17.0 1.2805047932598523 1.0003633140957824 74.40656969785937 0.6242486136806361 0.22984043148922328 0.25874806712366805 0.0 4.11584247941165 5.203241 37.53165279039774 23.04269626538159 3.6007679896876934 0.024141229078382467 2.326213245840639 66.62263092304839 37.52280657335151 26.840945552618503
2395 8658.536237662202 2911.5063072306616 214.8195377851689 52.81351828940842 8657 8660 2910 2913 12.0 0.9382482878592578 0.9344276710785341 -83.06796966351808 0.09015301934670462 0.29275998408188497 0.38916359730142974 0.0 4.087408998483576 4.447913 18.292903426368007 16.7089234942446 3.1304798909937346 0.056779372657814936 1.9544100476116797 25.890903476684212 27.749504794665516 27.867131985916263
2396 6868.004498606595 2912.295822952827 214.83549953154704 52.824902055622516 6867 6869 2911 2913 7.0 0.7545186956666353 0.6947044298981175 0.509927930905209 0.3902114515413049 0.16155740425735624 0.17336237784574435 0.0 1.1779211177504871 3.5469136 14.709894277657456 16.534172789495706 3.798926745487648 0.014589101212277501 1.4927053303604616 24.34051675738707 26.49239383552677 27.93417551447407
2397 9286.371402309533 2915.3294255218157 214.8138997966001 52.80954825354095 9283 9289 2911 2919 48.0 2.165913426866708 1.6402081164895368 -89.94549389091017 0.653087565162048 0.2717806118036236 0.4143176596333999 0.0 16.305294662519064 8.8918085 62.22657664367387 33.44785891344767 3.0747437307600793 0.07237669227859533 3.9088200952233594 67.19543663169614 53.9882014947662 26.831650549246653
2398 1826.6739454005751 2916.343562033488 214.8804663647141 52.85695193658737 1825 1828 2914 2918 14.0 1.3071996689416712 0.8320253805266463 -61.97718041481548 0.7712812522841151 0.15949827795591487 0.19015452773999206 0.0 2.5101180785744024 3.8132899 24.702879496176884 17.81708714076046 3.6658821117844793 0.02777755094256023 2.111004122822376 30.276942532977564 28.55832265127633 27.69721995867125
2399 3582.1958067991413 2916.039385766879 214.8647885928959 52.84579923032008 3580 3585 2914 2918 18.0 1.4415587225174258 0.9863025124553095 -0.9232966579670024 0.7293022131988349 0.14319352653093878 0.18016246345777306 0.0 2.988094839031144 4051690600000.0 28.60454350398946 18157776575414.727 3.598541084223888 0.03765450868444764 2.393653682408596 40.84096497528132 29052442520663.566 27.37226001278451
2400 9257.895518012176 2916.7014798611285 214.81413923745575 52.809736651340266 9255 9260 2914 2919 30.0 1.469555521546741 1.4103223335373227 84.75023319682474 0.28104999963917815 0.7951469722942873 1.8162385207999465 0.0 37.14295235365286 7.483454 85.48043423293922 21.497527631574243 2.5880891917764863 0.1415662978124475 3.0901936161855166 89.84256677501142 34.38927927253099 26.516294622267772
2401 7492.917088092962 2916.371312992607 214.82988202271378 52.820952709870085 7492 7494 2915 2918 9.0 0.9582956192928591 0.7022579040910754 69.52517238690216 0.6804228785392773 0.18769776915616954 0.22543129389929378 0.0 1.8863684177270728 4.141418 22.250458078035454 19.003948124335505 3.7287677518491473 0.03505698539662642 1.692568750643269 43.088312389902434 29.902720492188916 27.31410128822452
2402 4335.498118607965 2921.586861023781 214.85800393826065 52.84104354050136 4333 4338 2917 2926 48.0 2.3539388850826657 1.4978972719863335 82.18632718407888 0.7714115871543791 0.17240934377558761 0.30167752439761875 0.0 11.572735751640778 6616383000000.0 42.923200949309994 23957247959320.035 3.014972516604493 0.0801382159256374 3.9088200952233594 56.77935055983393 38331596734912.06 27.014523948065975
2403 9380.801211106806 2921.8252950218143 214.81298963984224 52.80898302216897 9379 9383 2918 2925 28.0 1.9255099117469487 1.105731451184022 69.63180918940654 0.818677306982558 0.20809955076834394 0.2762882251893574 0.0 6.950237706322939 6.8292465 37.617680310742884 28.470971775461 3.2953712764827556 0.04384237960887229 2.985410660720923 47.01199674117878 45.1095160886369 27.219478256561395
2404 2491.5079786700603 2920.998798055249 214.87447790699616 52.85275426944983 2491 2492 2919 2923 8.0 1.232547276853873 0.4499545620670475 79.0537645454794 0.9309837222018444 0.15301513722614635 0.16578090437659881 0.0 1.2720939910758582 2.919177 15.868678588999927 13.393624868622105 3.9180832494112416 0.017767299292599344 1.5957691216057308 27.545038800080455 21.411222080852355 27.799891528852083
2405 4424.616021664106 2925.491857314782 214.85716722225064 52.840498422172274 4419 4432 2921 2930 96.0 3.294469723909031 2.155489962188869 3.044152116280801 0.7562565127923385 0.17306078852302834 0.36042479468944943 0.0 26.088320771977106 9356978000000.0 89.37088764668135 33183572203576.344 2.942675743554094 0.1050092095860221 5.527906391541368 114.65550745446569 53093715525722.15 26.251512697960123
2406 7059.961845719814 2923.4766514406638 214.83366944658664 52.82374246848288 7058 7062 2921 2926 25.0 1.5307368477900047 1.2343444020669379 80.0091174139765 0.5914077034700452 0.1421402139514302 0.20007372096683582 0.0 4.454132228277195 6.4089108 66.17015689984751 29.888831700298542 3.7399382826816163 0.05090505900534208 2.8209479177387813 149.1084254569049 47.86161647806156 25.966244539488592
2407 3440.949993394329 2925.1289183461613 214.86595434899215 52.84674552423453 3439 3443 2923 2927 20.0 1.283797220600174 1.1819168831292373 29.738960427686717 0.3904092653581141 0.15496316256392437 0.18797324401457632 0.0 3.427617987905934 4270856600000.0 21.51148749864798 17764201516292.6 3.407917272049763 0.03545582000751904 2.5231325220201604 32.709436097518804 28422722426068.16 27.613317357346283
2408 10304.472231980926 2930.6542518963197 214.80466343890618 52.80315902297575 10298 10311 2923 2937 149.0 3.5089005017535055 2.641504548404103 49.33765944987383 0.6582479290615627 0.3024896241113741 1.4119830663010162 0.0 107.38872073299672 11.55082 183.13337946053062 28.409382975546347 2.2440480870291766 0.23082092005990412 6.886811529393324 210.1308768522012 45.85842572626642 25.593775318041907
2409 1534.8184720050647 2925.00667853693 214.88298297850275 52.85885233819781 1533 1536 2924 2926 10.0 0.9684108067745989 0.7717742832909706 0.41962769432637337 0.6040462438537055 0.16475274711498059 0.1872676275333551 0.0 1.7674971237035593 3.296041 15.158332986550029 14.302447601700907 3.62268161071542 0.021962371301569146 1.7841241161527712 19.16125234637918 22.609848454407498 28.193940273980356
2410 7459.269381159596 2925.3167258946837 214.8300880826499 52.821214766587644 7457 7461 2924 2927 16.0 1.2698678659213343 0.9720586389207085 -4.920552205012618 0.6434595143947252 0.23170229108277526 0.2924666500811108 0.0 4.255298189629049 5.3163505 50.08771926343943 24.688260552019365 3.678492620766489 0.044834094854655955 2.256758334191025 100.98047558798639 38.27512572567272 26.3894064705949
2411 8307.363601906578 2926.1020456617866 214.82251580180213 52.81582896062281 8306 8309 2925 2927 11.0 1.0634943589503558 0.7619707322716213 14.72450166294021 0.6976092805528245 0.3173680180102029 0.37930340891372283 0.0 3.8257734437580075 4.210203 24.789627141953574 17.747194773987 3.4164717177229784 0.035960493973323425 1.8712051592547776 32.05657071655517 28.50164301508287 27.635207346449914
2412 9674.766719123814 2926.753356351839 214.81031724550866 52.80714096618958 9673 9677 2925 2928 11.0 1.179135810491308 0.8412038406238084 7.906769250496268 0.7007498355254248 0.23360864267097484 0.3487212916426963 0.0 3.073627214384064 4.291896 48.9701158500685 21.88856496104196 3.773292184213972 0.07073272820976832 1.8712051592547776 93.3962515295714 35.305328024000644 26.47417638471093
2413 1319.9191756986222 2934.117272605765 214.88480741880255 52.860266347988805 1313 1329 2927 2941 206.0 3.7970630696586594 3.320852008435776 -17.962450050225033 0.48487336664614067 0.25638994398070264 1.4621539175187266 0.0 142.81322888449333 14.843748 218.4332731906612 34.377078289322675 2.1310995958034207 0.255751726529499 8.097643889049511 242.2081361096183 55.014115563231584 25.439528180974122
