outputs/dr0.5_c0.1/nircam2_f277w_dr0.5_c0.1.ecsv
# %ECSV 1.0
# ---
# datatype:
# - {name: label, datatype: int64}
# - {name: xcentroid, datatype: float64}
# - {name: ycentroid, datatype: float64}
# - {name: sky_centroid.ra, unit: deg, datatype: float64}
# - {name: sky_centroid.dec, unit: deg, datatype: float64}
# - {name: bbox_xmin, datatype: int64}
# - {name: bbox_xmax, datatype: int64}
# - {name: bbox_ymin, datatype: int64}
# - {name: bbox_ymax, datatype: int64}
# - {name: area, unit: pix2, datatype: float64}
# - {name: semimajor_sigma, unit: pix, datatype: float64}
# - {name: semiminor_sigma, unit: pix, datatype: float64}
# - {name: orientation, unit: deg, datatype: float64}
# - {name: eccentricity, datatype: float64}
# - {name: min_value, datatype: float64}
# - {name: max_value, datatype: float64}
# - {name: local_background, datatype: float64}
# - {name: segment_flux, datatype: float64}
# - {name: segment_fluxerr, datatype: float32}
# - {name: kron_flux, datatype: float64}
# - {name: kron_fluxerr, datatype: float64}
# - {name: kron_radius, unit: pix, datatype: float64}
# - {name: gini, datatype: float64}
# - {name: equivalent_radius, unit: pix, datatype: float64}
# - {name: kron4_2_flux, datatype: float64}
# - {name: kron4_2_fluxerr, datatype: float64}
# - {name: radius_kron20, unit: pix, datatype: float64}
# - {name: radius_kron50, unit: pix, datatype: float64}
# - {name: radius_kron80, unit: pix, datatype: float64}
# - {name: near_border, datatype: bool}
# meta:
#   PHOTMJSR: 0.4907999932765961
#   PIXAR_SR: 2.11539874851881e-14
#   __serialized_columns__:
#     area:
#       __class__: astropy.units.quantity.Quantity
#       unit: !astropy.units.Unit {unit: pix2}
#       value: !astropy.table.SerializedColumn {name: area}
#     eccentricity:
#       __class__: astropy.units.quantity.Quantity
#       unit: !astropy.units.Unit {unit: ''}
#       value: !astropy.table.SerializedColumn {name: eccentricity}
#     equivalent_radius:
#       __class__: astropy.units.quantity.Quantity
#       unit: !astropy.units.Unit {unit: pix}
#       value: !astropy.table.SerializedColumn {name: equivalent_radius}
#     kron_radius:
#       __class__: astropy.units.quantity.Quantity
#       unit: &id001 !astropy.units.Unit {unit: pix}
#       value: !astropy.table.SerializedColumn {name: kron_radius}
#     orientation:
#       __class__: astropy.units.quantity.Quantity
#       unit: &id002 !astropy.units.Unit {unit: deg}
#       value: !astropy.table.SerializedColumn {name: orientation}
#     radius_kron20:
#       __class__: astropy.units.quantity.Quantity
#       unit: *id001
#       value: !astropy.table.SerializedColumn {name: radius_kron20}
#     radius_kron50:
#       __class__: astropy.units.quantity.Quantity
#       unit: *id001
#       value: !astropy.table.SerializedColumn {name: radius_kron50}
#     radius_kron80:
#       __class__: astropy.units.quantity.Quantity
#       unit: *id001
#       value: !astropy.table.SerializedColumn {name: radius_kron80}
#     semimajor_sigma:
#       __class__: astropy.units.quantity.Quantity
#       unit: !astropy.units.Unit {unit: pix}
#       value: !astropy.table.SerializedColumn {name: semimajor_sigma}
#     semiminor_sigma:
#       __class__: astropy.units.quantity.Quantity
#       unit: !astropy.units.Unit {unit: pix}
#       value: !astropy.table.SerializedColumn {name: semiminor_sigma}
#     sky_centroid:
#       __class__: astropy.coordinates.sky_coordinate.SkyCoord
#       dec: !astropy.table.SerializedColumn
#         __class__: astropy.coordinates.angles.Latitude
#         unit: *id002
#         value: !astropy.table.SerializedColumn {name: sky_centroid.dec}
#       frame: icrs
#       ra: !astropy.table.SerializedColumn
#         __class__: astropy.coordinates.angles.Longitude
#         unit: *id002
#         value: !astropy.table.SerializedColumn {name: sky_centroid.ra}
#         wrap_angle: !astropy.coordinates.Angle
#           unit: *id002
#           value: 360.0
#       representation_type: spherical
#   astropy version: '5.1'
#   make_catalog parameters:
#     ab_zpt: 31.4
#     coadd_bands: !!python/tuple [f277w, f356w]
#     deblend_contrast: 0.001
#     deblend_nlevels: 32
#     deblend_npixels: 1
#     detect_kernel_fwhm: 4.0
#     detect_kernel_npix: 7
#     detect_npixels: 4
#     detect_threshold_nsigma: 3.0
#     flag_isolated_buffer: 4
#     hst_bands: !!python/tuple [f606w, f814w, f125w, f140w, f160w]
#     jwst_bands: !!python/tuple [f115w, f150w, f200w, f277w, f356w, f410m, f444w]
#     near_border_kernelsize: 21
#     reference_band: f200w
#   make_catalog version: 1.4.0
#   photutils version: 1.5.0
# schema: astropy-2.0
label xcentroid ycentroid sky_centroid.ra sky_centroid.dec bbox_xmin bbox_xmax bbox_ymin bbox_ymax area semimajor_sigma semiminor_sigma orientation eccentricity min_value max_value local_background segment_flux segment_fluxerr kron_flux kron_fluxerr kron_radius gini equivalent_radius kron4_2_flux kron4_2_fluxerr radius_kron20 radius_kron50 radius_kron80 near_border
[from data line 2007]
2008 3097.930633436686 4156.1046309194035 214.91235351400417 52.92872167468995 3096 3100 4154 4158 21.0 1.18731030666119 1.1664180593924163 26.503866062229598 0.18676973882768086 0.22652594244067845 0.8141140399638711 0.0 10.791184164383937 0.47711468 20.194199008708463 1.3026112408419772 2.4265709932779127 0.18493458414605188 2.5854414729132054 30.22671789845549 2.1174321246844863 1.3686568191484954 2.479115930572177 4.487445331361602 False
2009 9176.94066373914 4157.635970380633 214.85795359295602 52.890121911781684 9174 9180 4155 4160 29.0 1.8982233015662526 1.1122777665410963 33.89223993921454 0.8103419423880375 0.23015915257950648 0.49246312575818535 0.0 9.916324958941692 0.6744732 48.045279624579564 2.555845184927815 3.230307721511312 0.1318538602376043 3.0382538898732494 85.92501954743803 4.0527386285686 2.943631526658213 6.030356975509384 8.89489762697572 False
2010 357.1666019914913 4156.968708889403 214.93689540045347 52.94612486540502 356 359 4156 4158 10.0 0.9227072287877605 0.75606622710642 5.309149187397835 0.573222273878228 0.2948947645455119 0.5259804676916041 0.0 3.8213084805002024 0.34670797 17.90258540244661 1.2549436154947913 3.315313538886153 0.10426249699611057 1.7841241161527712 21.23059945489414 1.9842092527430601 1.727872445137518 3.4586096367437116 5.293762814729945 False
2011 10085.70415449488 4159.986493395995 214.84980721399023 52.884360853859576 10083 10089 4156 4163 39.0 2.2267747163277325 1.2337323311401485 55.620421654171665 0.8324870381701434 0.23039578849464967 0.7483230617435231 0.0 18.65344284226656 0.7127523 42.460399910423035 2.1685102927143958 2.5791237057975 0.15069357853898085 3.523362819972964 63.223061267354794 3.48370701967653 2.2430218878754276 4.195803425609982 7.0174170435812675 False
2012 7505.174668846663 4161.113581897544 214.8728632087966 52.90076060609728 7503 7508 4158 4164 30.0 1.6426396332232196 1.286310435131149 70.17886767858423 0.6219269722872707 0.25455005899669075 0.6504271979424843 0.0 12.395476612575454 0.72032255 35.43735379098484 2.2127813276149553 2.717773902865386 0.15411136103255976 3.0901936161855166 40.63222660025542 3.4859008849531143 2.174191243191035 3.9911326901567916 5.893983157277961 False
2013 854.4974911045974 4164.094143940757 214.93236393360863 52.94300663157026 848 862 4159 4169 134.0 3.6216129637544427 2.409030983112281 -7.971568938471179 0.7466814516388791 0.11417777483346629 0.838704291007073 0.0 54.845150800712034 1.1707411 87.71702320352725 2.948633753917306 2.219893474182877 0.2455623701770695 6.530966601401967 114.33685947418276 4.708669748606309 2.9594487199895996 5.53896024924873 9.521687325515241 False
2014 1187.7052167719346 4160.971859220741 214.92941142463732 52.94087470987623 1185 1190 4159 4163 22.0 1.44945797736 1.1214667317342037 -39.52641392863916 0.6335343635041623 0.12086120912188904 0.4379567195778098 0.0 7.310750293033537 0.48674926 24.94937659839718 1.8144713536098525 3.035018637579819 0.12301009927614626 2.6462837142006137 27.79685961206621 2.8741845753825275 2.1334404748124403 3.852376510025623 6.311418472041517 False
2015 1492.4576415452982 4160.242653764344 214.92668891048547 52.938936266162735 1491 1494 4159 4161 10.0 1.0258605842045003 0.7413444039112043 -1.0194259247775086 0.6912077605152731 0.25045712667928177 0.3472955770955378 0.0 3.013808002903009 0.32566014 34.643690813090416 1.439573601527268 3.6259044404536587 0.05016549482102274 1.7841241161527712 82.82302798228486 2.315314005870376 2.934030348189977 5.275230932160971 6.911792194500301 False
2016 1462.7424308650754 4164.006682911712 214.9269154635034 52.939145216715666 1460 1466 4161 4166 31.0 1.689921574654644 1.386704808943195 8.721283079279159 0.571541058791963 0.19415226820816273 0.3612872324865073 0.0 8.901307957824482 0.5949552 54.49351660644355 2.3270634310093947 3.307808191698116 0.09938777967820546 3.141274657157109 128.59089296587862 3.7233567877187945 3.63775780061506 7.7237617681116815 11.045185693048925 False
2017 1495.5287008244813 4167.548275535659 214.92658444824983 52.938956213559 1495 1496 4167 4168 4.0 0.5049734437499721 0.49177998783826016 41.71031786232063 0.22709345378384746 0.2446614630075413 0.3304893013922369 0.0 1.1149895659913578 0.20451967 16.50756971797067 0.9213853725383941 4.113474647866359 0.0835012638665441 1.1283791670955126 41.42641719540174 1.4896308550771333 2.005552768308848 3.337803941614809 4.445517540607299 False
2018 494.4728191187405 4173.465452669877 214.93549121295882 52.945342435807746 489 500 4168 4178 96.0 3.0065453929517956 2.0757034610476044 13.645478583791293 0.723432753325962 0.12934902787958968 0.7565073437214637 0.0 38.79912131799415 1.0276496 60.4926421281648 2.3327606405942825 2.0437908695510822 0.21940789762626914 5.527906391541368 60.699109570402356 3.7267139377343774 2.5068788331381673 4.622540539274062 7.294480612101173 False
2019 2978.532830863177 4174.691446207172 214.9132268706497 52.929580050872865 2973 2984 4170 4180 98.0 2.778146980411495 2.021824487171476 -43.03411296036429 0.6858317988320892 0.14381128669738547 1.415827849050043 0.0 56.63540468719987 1.088353 86.00559001481574 2.4796747505839316 2.201369441512961 0.30762963034530333 5.585191925620057 98.88474283199936 3.882720742861754 2.212083460072332 4.296629507743052 7.85200589483464 False
2020 6635.591074510825 4194.195289033869 214.88029213441035 52.9064623851498 6616 6651 4170 4215 924.0 8.9566977059398 4.207491126984177 -62.78387977060043 0.8827945946385587 0.05194373370970917 5.83295131003447 0.0 970.5794220010777 3.6107502 1083.9640866634013 5.077007959813712 1.6410965769063683 0.5065871039646346 17.14987856615383 1166.7636233874214 7.929537720997726 3.9886729528194453 8.103975292907517 15.292429016406945 False
2021 10119.587051491964 4176.703907925869 214.8493284196447 52.884235713115174 10113 10126 4170 4183 144.0 3.1215892042603377 2.5295499637413177 -43.19074550905998 0.5859593622223153 0.17763641738579133 1.679319987783454 0.0 79.38304714899186 1.5171582 131.4693923876016 3.5353734857624373 2.3360316234592573 0.3301353940367138 6.770275002573076 158.53490206407028 5.524210512556598 2.6192808795130267 5.544608619914968 10.394496987769172 False
2022 1074.219852896001 4174.882734867558 214.93028164473367 52.941670183681396 1070 1079 4171 4179 77.0 1.79944886571873 1.6501622828334193 -10.533080078907798 0.3988007349927725 0.0778484157491562 3.9716466750426243 0.0 67.24089806978589 0.99023753 75.36346324492177 1.3320860605272933 1.5980409701085299 0.5356032969818748 4.950743503369154 79.28178023225723 2.0541954045386897 1.192672732240897 2.2655003666052673 3.8160321375889703 False
2023 1724.8872483463279 4172.995013975306 214.9244724794226 52.93752965393355 1723 1727 4171 4175 23.0 1.4039896085750119 1.2077673204413595 -58.53252716912778 0.5098901849746568 0.2554760269236323 0.44173804104289555 0.0 7.9548645837443495 0.5266202 43.295103667540616 2.0171387957893443 3.323240758644721 0.1109636824724776 2.7057581899030048 64.01795532505695 3.18145253164527 2.851730371034705 5.651394399658737 8.632137766747375 False
2024 1489.645714593703 4179.79642251373 214.92650813894218 52.93905968443226 1484 1496 4174 4185 107.0 3.294655926121507 2.255388883282726 -35.641136610156174 0.7289567404842302 0.16126677839048834 0.7433514504833915 0.0 40.75714443143795 1.1344037 235.06450956919684 4.351432457921117 3.4199276473942213 0.20319097887684595 5.836022431559495 461.4882260310045 6.9315989136590375 6.572474998418776 13.580791016942356 19.099897801866785 False
2025 1796.7373352563575 4179.898954977875 214.92375615439443 52.93711081476072 1791 1802 4174 4187 123.0 2.7928596040889397 2.5351445338659997 73.10961948737312 0.4195686977936228 0.08338686408467826 1.2743870957593784 0.0 53.16792091471018 1.2138679 86.38431138443806 2.830132794622527 2.282074824340034 0.3322365882964473 6.257165172872317 113.32183990083203 4.508271384052274 2.4874900481752404 5.10549501861555 9.704776155813484 False
2026 9694.968351910356 4181.319115162794 214.8530743352255 52.886958455078435 9691 9699 4176 4186 77.0 2.401834687984484 2.0269960973893326 84.85211111783306 0.5364429955998197 0.133685921824469 0.9079875781313586 0.0 38.39942163291523 1.1067209 60.8851961294195 2.6424754427683275 2.1112095940308238 0.22698232420942194 4.950743503369154 67.03989183581226 4.083184259130086 2.2420155811316733 4.084977007165234 6.541728953564653 False
2027 6244.935221127776 4182.428546141903 214.8839106044647 52.90888006424917 6239 6251 4178 4187 105.0 3.1484572039355543 1.9300568121150894 -27.72683673238143 0.7900699579298291 0.09947595450618973 1.1009749999754959 0.0 52.50093662584429 1.170299 88.91444894344329 2.721304833076474 2.362400423140941 0.2918079453780592 5.781222885281108 132.161708257307 4.343833371067623 2.5293735257180963 5.016090755836742 9.345873094950388 False
2028 9973.305971447564 4193.919870395596 214.85045429957594 52.885257968802144 9962 9985 4178 4212 592.0 6.163665904870373 4.519982068564857 -70.63872209455091 0.6798761975216372 0.10520321054338254 5.873088419088439 0.0 611.8719745837967 3.1174848 750.9308854171504 5.335540181919454 1.8821092716282752 0.4719906223337475 13.727325035155395 879.2799216788042 8.345913407299003 3.751207786110025 7.176996673256243 13.824697853992404 False
2029 10275.656016078157 4190.77709457903 214.84778568029407 52.88331996541145 10261 10288 4178 4202 399.0 6.526072752100707 2.799642742567017 42.392788127506584 0.9033075795921944 0.21270958089682138 5.626238083359835 0.0 563.5642393357315 3.3404691 658.3802026322855 7.503006435368465 1.719032306978496 0.4453192159080413 11.269678104867614 702.8917662922925 17120912.622656144 3.3035127615606203 6.423251017682916 11.21874699900196 False
2030 832.3922360130771 4185.87472909788 214.93233257404358 52.94326454583437 824 840 4179 4193 200.0 3.3013704384660105 2.4901617902591364 37.202729973949936 0.6565514526397722 0.054785857412046994 3.4628755496058825 0.0 172.9209947753867 1.5349933 187.97920428827837 2.107467256026748 1.579620407470876 0.49537720536329394 7.978845608028654 198.85292106960185 3.295066912501683 2.0593387508337435 3.7416242131938007 6.038211345344341 False
2031 7773.342425575107 4184.489564785798 214.87021903376075 52.89918327777448 7768 7778 4180 4189 75.0 2.6792240729018695 1.7095898434560874 -35.62723000852165 0.7699606245810968 0.07039135269508282 1.3592872032477408 0.0 44.74767878230562 1.302412 79.7930366578779 3.0030197257829756 2.2800558027360247 0.2531136969123957 4.886025119029199 88.80482976469752 4.658812236564764 2.299627672083066 4.492138719358138 7.928246037121856 False
2032 6680.429150001667 4193.669698118785 214.87989660269685 52.90617476427307 6673 6688 4182 4208 280.0 5.421065766166719 3.269624571370257 -86.45824004353175 0.7976405087748935 0.0925664005939872 1.1830675623360547 0.0 137.77362726274205 1.9121821 226.451120552392 4.860937394080123 2.33616521110717 0.2946640433677233 9.440697438826296 323.54991825316165 7.790496342300668 4.1201321176963726 8.061620786022099 14.519681520948687 False
2033 1101.5149876138114 4185.358659065933 214.9299267511539 52.94155348541218 1099 1104 4183 4188 30.0 1.4713777669266506 1.264086282279273 34.79250647014458 0.5117785120956423 0.1358593670983364 0.8612773040791621 0.0 14.071876055458297 0.5578983 19.655423964005426 1.192981861317722 1.9735762375590191 0.2499182792490155 3.0901936161855166 18.42644736674147 1.9239227139552624 1.2630175593997917 2.32407576292039 3.7042282979384566 False
2034 2032.905034125392 4197.19883533614 214.92145853128025 52.93570496666739 2013 2049 4183 4213 817.0 7.093484733325628 4.8238826694786425 39.462062205304285 0.7331711794063286 0.0896373611222568 5.9964543450520935 0.0 777.3763558394501 3.2318037 869.517892582506 4.679918952072338 1.6507404945299946 0.49889210963419395 16.126350393444792 932.234306959683 7.259163833053356 3.627023361474602 7.546126104823368 13.383424081160092 False
2035 9005.822731381495 4189.789646524949 214.859144542824 52.89138243212024 9000 9011 4183 4196 127.0 2.958538311589821 2.222051710790256 73.83365904989277 0.6602293700097018 0.19781933634613677 2.4591978230339318 0.0 97.65736788495529 1.5240327 134.272660034066 3.0622413980459053 2.1196795944686424 0.37304181131928604 6.358093703724522 154.5006970267521 4.901038887209452 2.2209659347494335 4.184498501117351 7.873919876621942 False
2036 3618.2639107025216 4192.110103689433 214.90731552351377 52.9256123236817 3611 3626 4184 4200 196.0 3.4936362391189997 2.645957775072224 -58.17604357763674 0.652991785570684 0.07857851338332854 2.514838640127786 0.0 136.61810065262887 1.5535796 199.15194286446825 3.255860256528073 2.2499306448739427 0.4179028611277599 7.898654169668588 234.69038712123148 5.294290696987782 2.5394195001767312 5.235445991915779 11.338942149914486 False
2037 nan nan nan nan 4474 4480 4184 4193 46.0 nan nan nan nan 0.0 0.0 0.0 0.0 6782330.5 nan nan nan nan 3.826519928662906 nan nan nan nan nan True
2038 2005.9866520814342 4187.53906288429 214.92180138320478 52.935823704473066 2005 2007 4187 4188 4.0 0.7946491442885486 0.31176155153041984 32.14866464537382 0.9198262220496364 0.24531671249447395 0.3501375245140703 0.0 1.1459121774956142 0.20681387 13.477014473067014 0.9048882713849775 3.9919070273532884 0.09592299333334739 1.1283791670955126 20.15813129042573 1.429327707837746 1.8048963667820452 3.0838697020578425 4.520835952054211 False
2039 4070.197841025621 4190.923593723888 214.90328223865134 52.92273635773933 4065 4075 4187 4195 71.0 2.3150168324656115 1.738313489640889 3.2417795457122787 0.6604319574708932 0.10412685427538297 1.0134626683966015 0.0 35.71396104325851 1.0177892 59.221471515987744 2.36858784855403 2.2960708474478446 0.3079263483131402 4.753945931439391 73.56866375174747 3.718451871646948 2.02653818080668 3.9484923618267507 6.950175963967863 False
2040 6705.129561431684 4192.360092885582 214.8796894565787 52.906010816042155 6700 6710 4187 4198 91.0 2.6885196177563264 2.0936696048911227 62.41068186176164 0.6273413382488513 0.1214788444527957 0.9208630836448194 0.0 39.18290170393628 1.0729357 123.80232691691145 3.421039279584616 2.948730690362066 0.24967078295901649 5.382025607773058 231.45840692336884 5.5745221140072525 3.713341154351027 9.435255778904615 14.979018986161522 False
2041 6531.555928661707 4195.485920877396 214.88120913443643 52.907130113609824 6522 6541 4189 4202 212.0 3.669894963720231 2.35750908332898 2.726608314761486 0.7663767006436756 0.05639396372400225 4.183511126060648 0.0 191.00481522314783 1.70737 203.25264619890282 2.1218907433232874 1.4196448525089163 0.4963991135658648 8.214724333230155 208.0608752283909 3.2881450455341352 1.9386737678342116 3.7028431674363844 6.257336778801921 False
2042 889.6723125865641 4196.771631728378 214.93170456438327 52.94295979696827 878 904 4191 4204 197.0 6.453733831758001 2.2491189295230813 -21.343360353227887 0.937309201686533 0.12226753523751177 0.9053124220358358 0.0 70.402797662334 1.5550971 140.24514157759188 4.183524307924409 2.3411584359266806 0.21983208137870985 7.918778161951929 170.5260008374525 6.506205374890924 4.285190167185821 9.279782616998657 16.172585323285723 False
2043 8390.879066816868 4194.285402703894 214.86459445294537 52.89531328828011 8388 8394 4192 4196 21.0 2.1615791062555223 0.7867530294869471 -32.31728786184392 0.9314101143602307 0.1945114726223011 0.49549829589815486 0.0 7.809482706109683 0.5869186 39.371805908252185 2.348631810325547 3.1700156942482014 0.13285475002880767 2.5854414729132054 48.3125550384085 3.701281825530651 2.767715815573952 4.63411095729251 7.432998775498102 False
