outputs/dr0.5_c0.1/nircam2_matched_f277w_f125w_dr0.5_c0.1.ecsv
# %ECSV 1.0
# ---
# datatype:
# - {name: label, datatype: int64}
# - {name: xcentroid, datatype: float64}
# - {name: ycentroid, datatype: float64}
# - {name: sky_centroid.ra, unit: deg, datatype: float64}
# - {name: sky_centroid.dec, unit: deg, datatype: float64}
# - {name: bbox_xmin, datatype: int64}
# - {name: bbox_xmax, datatype: int64}
# - {name: bbox_ymin, datatype: int64}
# - {name: bbox_ymax, datatype: int64}
# - {name: area, unit: pix2, datatype: float64}
# - {name: semimajor_sigma, unit: pix, datatype: float64}
# - {name: semiminor_sigma, unit: pix, datatype: float64}
# - {name: orientation, unit: deg, datatype: float64}
# - {name: eccentricity, datatype: float64}
# - {name: min_value, datatype: float64}
# - {name: max_value, datatype: float64}
# - {name: local_background, datatype: float64}
# - {name: segment_flux, datatype: float64}
# - {name: segment_fluxerr, datatype: float32}
# - {name: kron_flux, datatype: float64}
# - {name: kron_fluxerr, datatype: float64}
# - {name: kron_radius, unit: pix, datatype: float64}
# - {name: gini, datatype: float64}
# - {name: equivalent_radius, unit: pix, datatype: float64}
# - {name: kron4_2_flux, datatype: float64}
# - {name: kron4_2_fluxerr, datatype: float64}
# - {name: kron4_2_mag, datatype: float64}
# meta:
#   PHOTMJSR: 2.962800025939941
#   PIXAR_SR: 2.11539874851881e-14
#   __serialized_columns__:
#     area:
#       __class__: astropy.units.quantity.Quantity
#       unit: !astropy.units.Unit {unit: pix2}
#       value: !astropy.table.SerializedColumn {name: area}
#     eccentricity:
#       __class__: astropy.units.quantity.Quantity
#       unit: !astropy.units.Unit {unit: ''}
#       value: !astropy.table.SerializedColumn {name: eccentricity}
#     equivalent_radius:
#       __class__: astropy.units.quantity.Quantity
#       unit: !astropy.units.Unit {unit: pix}
#       value: !astropy.table.SerializedColumn {name: equivalent_radius}
#     kron_radius:
#       __class__: astropy.units.quantity.Quantity
#       unit: !astropy.units.Unit {unit: pix}
#       value: !astropy.table.SerializedColumn {name: kron_radius}
#     orientation:
#       __class__: astropy.units.quantity.Quantity
#       unit: &id001 !astropy.units.Unit {unit: deg}
#       value: !astropy.table.SerializedColumn {name: orientation}
#     semimajor_sigma:
#       __class__: astropy.units.quantity.Quantity
#       unit: !astropy.units.Unit {unit: pix}
#       value: !astropy.table.SerializedColumn {name: semimajor_sigma}
#     semiminor_sigma:
#       __class__: astropy.units.quantity.Quantity
#       unit: !astropy.units.Unit {unit: pix}
#       value: !astropy.table.SerializedColumn {name: semiminor_sigma}
#     sky_centroid:
#       __class__: astropy.coordinates.sky_coordinate.SkyCoord
#       dec: !astropy.table.SerializedColumn
#         __class__: astropy.coordinates.angles.Latitude
#         unit: *id001
#         value: !astropy.table.SerializedColumn {name: sky_centroid.dec}
#       frame: icrs
#       ra: !astropy.table.SerializedColumn
#         __class__: astropy.coordinates.angles.Longitude
#         unit: *id001
#         value: !astropy.table.SerializedColumn {name: sky_centroid.ra}
#         wrap_angle: !astropy.coordinates.Angle
#           unit: *id001
#           value: 360.0
#       representation_type: spherical
#   astropy version: '5.1'
#   kernelfile: kernel_f277w_f125w.fits
#   make_catalog parameters:
#     ab_zpt: 31.4
#     coadd_bands: !!python/tuple [f277w, f356w]
#     deblend_contrast: 0.001
#     deblend_nlevels: 32
#     deblend_npixels: 1
#     detect_kernel_fwhm: 4.0
#     detect_kernel_npix: 7
#     detect_npixels: 4
#     detect_threshold_nsigma: 3.0
#     flag_isolated_buffer: 4
#     hst_bands: !!python/tuple [f606w, f814w, f125w, f140w, f160w]
#     jwst_bands: !!python/tuple [f115w, f150w, f200w, f277w, f356w, f410m, f444w]
#     near_border_kernelsize: 21
#     reference_band: f200w
#   make_catalog version: 1.4.0
#   photutils version: 1.5.0
# schema: astropy-2.0
label xcentroid ycentroid sky_centroid.ra sky_centroid.dec bbox_xmin bbox_xmax bbox_ymin bbox_ymax area semimajor_sigma semiminor_sigma orientation eccentricity min_value max_value local_background segment_flux segment_fluxerr kron_flux kron_fluxerr kron_radius gini equivalent_radius kron4_2_flux kron4_2_fluxerr kron4_2_mag
[from data line 5228]
5229 1573.0307963477367 5960.775409540967 214.9069977849701 52.94814403927774 1570 1576 5956 5966 53.0 2.684952910402749 1.5296277836552483 -72.79038280514874 0.8218501197917517 0.2102212339799254 0.2908513012550008 0.0 13.340277560387912 6.310635 78.8266726380591 26.993539968031257 3.333070422279898 0.049662510605542505 4.1073621666150775 94.4228512335105 43.40048477928207 26.462307223903927
5230 1576.8639047790339 5966.730795762923 214.90690069398303 52.94815184346063 1574 1580 5964 5969 29.0 1.790911307439474 1.256262173531255 32.78662344273368 0.7127035882516553 0.2107611314792468 0.2744910774149504 0.0 7.268202452691128 4.7353244 52.77157159378042 20.711936218936334 3.4583943932399097 0.04085836408881707 3.0382538898732494 79.29549480439783 34.388768315876185 26.651878716358283
5231 3472.3051847279103 5966.335974694596 214.88993145297894 52.93611361113042 3463 3482 5960 5974 193.0 4.089545233522195 3.1716462725685592 -26.43890001735671 0.6312863057031319 0.22363499201172743 1.039211787954004 0.0 115.33046151422272 10.7685585 230.0087126435257 31.154159262852136 2.510106980737292 0.2316236357842669 7.837972188868215 308.7251488554313 50.74116272080588 25.176069978252386
5232 3493.6255470185265 5973.273144722704 214.88966748908504 52.93601564277123 3474 3518 5961 5987 785.0 8.942599255627705 4.330524538185496 20.309333438207194 0.8749252907522733 0.20881183474373669 4.075153600635343 0.0 987.5851110226017 22.501057 1202.1750996622761 39.03931349576699 1.7644290969865806 0.40798827605900656 15.807379942744328 1280.7423138306488 63.10514290933411 23.631345604480998
5233 8442.488663374055 5967.488663374056 214.84545676976995 52.904547504086594 8442 8443 5967 5968 2.0 0.763594326300119 0.2886751345948128 45.0 0.9257860882886112 0.19132024379409426 0.20019721782003633 0.0 0.3915174616141306 1.0841719 13.61624840491528 6.287505257102919 3.9276687910943666 0.022673251888547893 0.7978845608028654 34.20005601896658 10.156842180537991 27.564932956445325
5234 8445.023738787479 5968.677138319755 214.8454215874822 52.90453780407404 8444 8446 5968 5969 3.0 0.9185198382855086 0.20938467061416235 27.869603339591688 0.9736707812278225 0.20061066644109177 0.2153608033200089 0.0 0.6213517388895063 1.3262905 12.17644420887339 5.87302168811632 3.936756360270702 0.02373878747853656 0.9772050238058398 30.941874868594567 9.451668410132562 27.673633436318877
5235 9767.948705268449 5980.352176469798 214.8334748201732 52.89619425383484 9746 9782 5971 5990 531.0 7.216879709959444 4.138899129609596 5.711958275082117 0.8192037544504971 0.20219419826446178 1.8763561480976092 0.0 356.4627912838142 18.276436 510.50300420273925 40.09730402046176 2.090930693537132 0.3427564389482712 13.000867261978827 666.3409058688965 64.71011595380979 24.340758812740525
5236 9784.770325133832 5988.708083054097 214.83323648117025 52.89613239730516 9781 9789 5986 5992 45.0 2.139918623380239 1.5624368131282835 20.93693770526253 0.6832992612741189 0.23192156743573805 0.3743131373526918 0.0 13.455677769688586 5.2793336 46.18869356168162 18.936213213462683 2.942470075381793 0.0715495726417725 3.7846987830302403 62.36615839241597 30.11803217946099 26.912627516590092
5237 9404.333570496774 5973.133875489381 214.83680025044896 52.89846604234295 9403 9406 5972 5974 9.0 0.97507724282983 0.693692068260287 -19.951557868686653 0.7027643744978824 0.24514734896252563 0.2706372990425346 0.0 2.3592409003262462 2.39498 46.98474339354114 11.790782918776069 3.942139244869269 0.019822632820336687 1.692568750643269 101.86902546009057 18.02899292911681 26.379894621355117
5238 9399.38549376371 5974.795630473122 214.8368269649068 52.89850644418962 9397 9402 5973 5977 11.0 1.806874280966722 0.4771899446866213 -39.558504200296035 0.9644961447635523 0.24804602848548074 0.29859659939377675 0.0 3.0598238790304375 2.849188 59.21022634985229 13.510148458577197 3.9691507734260183 0.03670283467166848 1.8712051592547776 135.28077097273166 21.204517119340707 26.071909825836382
5239 9395.116606459718 5978.207805141278 214.83682916989702 52.898551966436344 9393 9397 5977 5979 10.0 1.1879832315533736 0.660258905860148 -20.2912949524656 0.8313285199977871 0.27336882693297676 0.29755495448526015 0.0 2.866082971453231 2.871452 57.08262556210924 12.792814941570944 3.934074972223275 0.01507144616265466 1.7841241161527712 115.57467942593001 19.361951918383628 26.242843256270078
5240 10161.305343915728 5982.958264977721 214.82993258730065 52.89370849811367 10157 10166 5977 5987 86.0 2.8110042288265955 2.2994083300909347 61.88892043072079 0.5752147434957278 0.20897251118972063 0.40152529922608293 0.0 26.94631823629148 7.850326 235.5748879597012 33.97401350810294 3.600282732520235 0.10217523142753893 5.232078956954491 393.111160402006 49.675703623386774 24.913711566027207
5241 10161.310556993229 5992.230044384816 214.82983487046243 52.893758443018555 10156 10166 5986 5999 107.0 3.2419357749846394 2.5585742479864595 62.56884616458405 0.6141209967472132 0.23652861907151365 0.3982224911083678 0.0 34.176189826589074 9.320712 275.38108713458735 38.468591711457236 3.506140664195963 0.08725375722580628 5.836022431559495 472.3419859135865 57.51817232127897 24.7143586219774
5242 7838.534130599118 5986.778268471042 214.85065298589197 52.9084889346043 7834 7845 5982 5992 91.0 2.7726277432443376 2.275580839489854 33.20579219469482 0.5713151849543269 0.26877802101670945 0.6928773351465469 0.0 41.2992121528886 7.6671157 100.81256864351671 23.522517168499885 2.6527376098860005 0.1443104700852234 5.382025607773058 126.87953176123213 37.52825395823598 26.141521081881443
5243 7850.143020228704 5993.842769446599 214.85047476637826 52.90845326888692 7842 7857 5988 6000 153.0 3.812386782514251 2.569496111428844 31.315562429590752 0.7387439280736601 0.24969556087456313 1.0174851173486914 0.0 84.55725541315894 9.810196 160.06772360333892 27.318988347306135 2.4514819592712898 0.20092438745007957 6.978639737521917 170.0498220065727 43.15446867394269 25.823559545782185
5244 9995.34046937079 5998.89617455496 214.83124759875818 52.89484913997337 9979 10010 5988 6010 519.0 6.277422497262782 4.63132482897561 -9.41280530558174 0.6750467980687375 0.1962476578688514 2.3513877776530885 0.0 403.137689499628 18.057196 562.5087608924678 37.82063490993628 1.9900618691684122 0.3388891416283596 12.85312533702941 633.2879045874195 60.9954062171654 24.395997016632727
5245 10010.009331048099 5994.158035248836 214.8311664415588 52.8947303772436 10005 10015 5989 6001 102.0 2.9681340101854974 2.436295490513511 65.20043920001645 0.571190949135877 0.2553989755977444 0.7564432934651428 0.0 50.14273230900691 8.028275 143.75011176829173 27.255239136610204 2.860409872040629 0.17901474350227806 5.698035485213008 210.87379858146699 43.66603483927893 25.58994344679158
5246 6947.429781576372 6001.507833024748 214.85846613157756 52.91422984932636 6937 6956 5994 6010 211.0 4.271310330439046 3.4703346716205785 9.556491583010372 0.5829954420479607 0.24517839966984376 0.7276647491329776 0.0 98.66508846002141 11.0964155 246.1438595372834 35.87200611725116 2.6720637274574965 0.17865055116230175 8.19532708223289 297.73147630937876 56.89826201132625 25.215438122781492
5247 6936.83239303321 6008.093244816597 214.85849152562147 52.914332689190836 6927 6948 5999 6015 228.0 4.506268830518355 3.588995588074466 6.167541026152896 0.6047108835006905 0.2337257574160122 0.7167304063666323 0.0 101.319689845304 11.733195 286.1086565462573 38.95788839651508 2.8439406084127032 0.18062091073538397 8.51907589177983 342.7491445466567 62.73426192998 25.062559051186604
5248 494.12466066054 6006.9019008099485 214.91617736178904 52.95524301664977 484 508 5999 6016 280.0 4.661562315614972 3.2686316120910535 -28.98283259888074 0.7129764176120441 0.18219935589343297 1.924492115472846 0.0 192.96973568488295 19533453000000.0 266.7956215493745 40046237179325.76 1.9833438564187968 0.3441358005635862 9.440697438826296 287.0205276997192 64073979486921.2 25.25521760356655
5249 510.6401435363938 6001.158228356667 214.91608990941904 52.95510716098728 507 514 5999 6004 30.0 1.8986865107066266 1.2211038216137287 -23.95799185693235 0.7657563203973066 0.1709258203595048 0.2455962066151387 0.0 6.554807546123403 6393824000000.0 43.256579133670094 27033838973277.863 3.43599019497927 0.04794579532906037 3.0901936161855166 68.56476405326582 43256685649993.29 26.809747535392884
5250 607.2846490516964 6013.272659854523 214.91509630939157 52.95455898393596 606 608 6009 6016 18.0 2.0867498429644726 0.7084038620413674 -81.33607276249838 0.9406143064755581 0.22373877555037042 0.2987023084710229 0.0 4.758989635996599 4952634700000.0 75.18596759180076 21982009225443.367 3.792503691193615 0.051249706335342114 2.393653682408596 160.07143852476378 36393348644672.875 25.88921538034623
5251 607.2422670191633 6025.837165651238 214.91496428020056 52.95462707434635 605 609 6017 6036 64.0 5.250990910822931 0.9998752496638312 -89.28846105441576 0.9817033976510336 0.202588873349847 0.32057700774008896 0.0 18.040102817457345 9338776000000.0 304.38416594659236 45783835359038.664 3.8880882954208023 0.057091573386561636 4.51351666838205 512.7027742383368 73569229642011.5 24.625335831456823
5252 607.039742600883 6037.7536220213515 214.91484051483812 52.95469268325616 606 608 6037 6038 4.0 0.7058263092265622 0.4305450930767333 1.7946014382053201 0.7924111806670378 0.22508590307797308 0.26400299388571274 0.0 0.9792285845204585 2334694300000.0 22.638002076523996 11584508352110.664 4.068509996702353 0.04233612844801131 1.1283791670955126 44.584261310311774 18265686680363.4 27.277046061313456
5253 7303.294960485319 6047.429178402756 214.85479990491183 52.91221661400992 7285 7320 6024 6077 922.0 10.692163230655614 4.085919164221221 -61.95128679087708 0.9241038271432181 0.21408174019877668 3.241389879225246 0.0 848.353126421066 23.73284 1084.2034485587726 44.00432340694363 1.907573124543937 0.4193956324039221 17.131308037083887 1183.8654493641743 70.36474321883478 23.71674413490944
5254 7285.810960972043 6080.524593046253 214.85460757275786 52.912506163551825 7284 7287 6078 6083 18.0 1.5757932274928057 0.8857498097636354 -72.68977800076004 0.8270708144998601 0.17136528725715175 0.21341606755313183 0.0 3.5040396899652504 3.2776802 39.294438465565335 15.088710493979754 3.7106725053607317 0.03820775408365069 2.393653682408596 70.29583711945406 24.511986399366773 26.782675982243497
5255 9311.856827424597 6025.6196136815515 214.83707379659475 52.89933664949899 9310 9314 6024 6028 18.0 1.5517701160381436 0.9337625664944966 -34.113263290424214 0.7986918361266564 0.25573195235601276 0.32736461120317256 0.0 5.404847295532329 5.0446196 103.66480540676744 24.16397505754286 3.931793073731507 0.043152705630144485 2.393653682408596 211.24392383208254 37.649475852330845 25.588039435343887
5256 9303.403114739775 6030.688233056853 214.83709595188196 52.89941769469917 9298 9309 6027 6034 50.0 3.0687722401761093 1.3308039362877924 -33.1309428613028 0.9010765546337027 0.2714164967843198 0.3835277634500156 0.0 16.707867856010402 8.430291 230.48977212681422 39.70793849592109 3.803387179583544 0.05582903820317575 3.989422804014327 494.0278335350413 63.38352448097081 24.66562145557471
5257 9296.4510946563 6035.14849030042 214.83711109538436 52.89948591749816 9295 9298 6034 6036 7.0 1.2608585506240229 0.45114503747726326 -22.668436122542474 0.933795250936944 0.28000211711954265 0.31402981006301184 0.0 2.0944172359987627 3.1659005 47.88132876107247 15.464888547037809 3.861733565450582 0.02206672097051295 1.4927053303604616 109.49887516253834 24.726022406294014 26.30147585532933
5258 607.0 6043.0 214.91478558256765 52.95472125464182 607 607 6043 6043 1.0 0.28867513459481287 0.28867513459481287 0.0 0.0 0.2819287191626877 0.2819287191626877 0.0 0.2819287191626877 1167347200000.0 5.962550262941739 5500367487682.401 3.68355674753169 nan 0.5641895835477563 14.752325910814363 8800587980291.844 28.477848754198053
5259 607.5158886651061 6044.990405339011 214.91475998460203 52.95472872324086 607 608 6044 6046 6.0 0.8157330897681431 0.49974648872604405 -89.91125063887633 0.7903661089481187 0.27378185858508775 0.30019573727848753 0.0 1.7208035371434924 2859404600000.0 30.577939487033056 12984592299983.428 3.9315557451300727 0.022904262522983446 1.381976597885342 69.80389918084192 20775347679973.484 26.79030079353425
5260 9257.748866299524 6057.226359775523 214.83722439868748 52.899850877838986 9254 9262 6054 6060 26.0 2.343906930763516 0.9987515546387503 -30.556396097577572 0.904673494678576 0.2734148547175399 0.3804542393285891 0.0 8.745570649490666 9.16479 122.46479009113992 40.684302582585 3.7505600167456907 0.056714915561091435 2.876813695875796 269.63863596151657 62.20620136792901 25.32304469630349
5261 9251.350221548797 6061.358016689144 214.83723805864162 52.89991381263869 9248 9254 6059 6063 23.0 2.0041453226144283 0.9079308505088075 -27.90235364357939 0.8914970730214301 0.2936196370761848 0.3729037276353976 0.0 7.865537486965723 8.6874275 103.77845994082875 38.80870770509982 3.7444485429825782 0.04076195787337153 2.7057581899030048 204.50735318015919 59.17596899619176 25.623227680166586
5262 615.74333678664 6061.919159669627 214.91450786570508 52.95476786713498 615 617 6060 6064 11.0 1.2370316321156467 0.7480427239961814 86.04915656552895 0.7964473808507102 0.38320508092091704 0.4109528319665187 0.0 4.379563810639296 3871652200000.0 77.48131911402868 17871457834789.934 3.8479572340804205 0.015343107483079849 1.8712051592547776 191.76346162327266 29734395816753.17 25.693085348062873
5263 615.507926167605 6065.5012519763895 214.9144722252629 52.95478869714335 615 616 6065 6066 4.0 0.500253070667968 0.49968237282246347 -48.08109815118866 0.0477528542090156 0.39010069884221005 0.4047064005944494 0.0 1.591356788591886 2334694300000.0 24.89364902053248 9802704906737.592 4.105125352939514 0.011402874399596717 1.1283791670955126 63.25303157635872 16245461975883.893 26.897296637224912
5264 615.8444426032493 6070.473354341899 214.91441681185768 52.95481339907588 615 617 6067 6074 19.0 2.0551754506920323 0.7123516572596504 83.87001623168197 0.9380080210150246 0.3756498173983606 0.4271182187589302 0.0 7.70925058933207 5088348000000.0 113.24019445520398 24184989982954.402 3.873189279366156 0.021559333348648912 2.4592453796829674 213.26675982726385 38750881247966.055 25.57769207315036
5265 9363.161429689928 6106.602738025821 214.83576215617168 52.89944719725092 9340 9385 6088 6124 917.0 9.692575170852136 4.945434674157389 -29.47709126400587 0.8600384785873625 0.2632061326715703 4.01341649359696 0.0 1060.3173313817097 32.48358 1731.6041141575288 39736943787138.33 2.328903800857071 0.43699195836438554 17.08479340321492 2296.6174035946315 71594594485023.94 22.997278371119137
5266 9378.954333825232 6119.290236650447 214.83548735693716 52.8994152334597 9351 9415 6090 6143 1887.0 13.185859145265018 7.786746286973508 -29.923402021390615 0.8070100883320653 0.27833733966368923 4.747237757401083 0.0 2676.7393747607503 48.69457 4140.295092251485 41231655766794.32 2.2030133458066654 0.423858106294467 24.508177313476683 4866.417732443386 90147769056138.72 22.181976535107548
5267 9373.31165786662 6174.871075845048 214.83495224585644 52.89975071722166 9339 9411 6122 6196 3520.0 15.588075036236253 10.276618646599417 51.91985929544487 0.7519136899467151 0.26557757573778673 20.215063122437805 0.0 10658.386290229537 7830803000000.0 11263.632607606432 36273757864877.266 1.546323473387795 0.5111215700162034 33.47313548753602 12016.679313978519 83751315624312.34 21.200538821444546
