outputs/dr0.5_c0.1/nircam3_f606w_dr0.5_c0.1.ecsv
# %ECSV 1.0
# ---
# datatype:
# - {name: label, datatype: int64}
# - {name: xcentroid, datatype: float64}
# - {name: ycentroid, datatype: float64}
# - {name: sky_centroid.ra, unit: deg, datatype: float64}
# - {name: sky_centroid.dec, unit: deg, datatype: float64}
# - {name: bbox_xmin, datatype: int64}
# - {name: bbox_xmax, datatype: int64}
# - {name: bbox_ymin, datatype: int64}
# - {name: bbox_ymax, datatype: int64}
# - {name: area, unit: pix2, datatype: float64}
# - {name: semimajor_sigma, unit: pix, datatype: float64}
# - {name: semiminor_sigma, unit: pix, datatype: float64}
# - {name: orientation, unit: deg, datatype: float64}
# - {name: eccentricity, datatype: float64}
# - {name: min_value, datatype: float64}
# - {name: max_value, datatype: float64}
# - {name: local_background, datatype: float64}
# - {name: segment_flux, datatype: float64}
# - {name: segment_fluxerr, datatype: float32}
# - {name: kron_flux, datatype: float64}
# - {name: kron_fluxerr, datatype: float64}
# - {name: kron_radius, unit: pix, datatype: float64}
# - {name: gini, datatype: float64}
# - {name: equivalent_radius, unit: pix, datatype: float64}
# - {name: kron4_2_flux, datatype: float64}
# - {name: kron4_2_fluxerr, datatype: float64}
# - {name: radius_kron20, unit: pix, datatype: float64}
# - {name: radius_kron50, unit: pix, datatype: float64}
# - {name: radius_kron80, unit: pix, datatype: float64}
# - {name: near_border, datatype: bool}
# meta:
#   PHOTMJSR: 0.3925000131130219
#   PIXAR_SR: 2.11539874851881e-14
#   __serialized_columns__:
#     area:
#       __class__: astropy.units.quantity.Quantity
#       unit: !astropy.units.Unit {unit: pix2}
#       value: !astropy.table.SerializedColumn {name: area}
#     eccentricity:
#       __class__: astropy.units.quantity.Quantity
#       unit: !astropy.units.Unit {unit: ''}
#       value: !astropy.table.SerializedColumn {name: eccentricity}
#     equivalent_radius:
#       __class__: astropy.units.quantity.Quantity
#       unit: !astropy.units.Unit {unit: pix}
#       value: !astropy.table.SerializedColumn {name: equivalent_radius}
#     kron_radius:
#       __class__: astropy.units.quantity.Quantity
#       unit: &id001 !astropy.units.Unit {unit: pix}
#       value: !astropy.table.SerializedColumn {name: kron_radius}
#     orientation:
#       __class__: astropy.units.quantity.Quantity
#       unit: &id002 !astropy.units.Unit {unit: deg}
#       value: !astropy.table.SerializedColumn {name: orientation}
#     radius_kron20:
#       __class__: astropy.units.quantity.Quantity
#       unit: *id001
#       value: !astropy.table.SerializedColumn {name: radius_kron20}
#     radius_kron50:
#       __class__: astropy.units.quantity.Quantity
#       unit: *id001
#       value: !astropy.table.SerializedColumn {name: radius_kron50}
#     radius_kron80:
#       __class__: astropy.units.quantity.Quantity
#       unit: *id001
#       value: !astropy.table.SerializedColumn {name: radius_kron80}
#     semimajor_sigma:
#       __class__: astropy.units.quantity.Quantity
#       unit: !astropy.units.Unit {unit: pix}
#       value: !astropy.table.SerializedColumn {name: semimajor_sigma}
#     semiminor_sigma:
#       __class__: astropy.units.quantity.Quantity
#       unit: !astropy.units.Unit {unit: pix}
#       value: !astropy.table.SerializedColumn {name: semiminor_sigma}
#     sky_centroid:
#       __class__: astropy.coordinates.sky_coordinate.SkyCoord
#       dec: !astropy.table.SerializedColumn
#         __class__: astropy.coordinates.angles.Latitude
#         unit: *id002
#         value: !astropy.table.SerializedColumn {name: sky_centroid.dec}
#       frame: icrs
#       ra: !astropy.table.SerializedColumn
#         __class__: astropy.coordinates.angles.Longitude
#         unit: *id002
#         value: !astropy.table.SerializedColumn {name: sky_centroid.ra}
#         wrap_angle: !astropy.coordinates.Angle
#           unit: *id002
#           value: 360.0
#       representation_type: spherical
#   astropy version: '5.1'
#   make_catalog parameters:
#     ab_zpt: 31.4
#     coadd_bands: !!python/tuple [f277w, f356w]
#     deblend_contrast: 0.001
#     deblend_nlevels: 32
#     deblend_npixels: 1
#     detect_kernel_fwhm: 4.0
#     detect_kernel_npix: 7
#     detect_npixels: 4
#     detect_threshold_nsigma: 3.0
#     flag_isolated_buffer: 4
#     hst_bands: !!python/tuple [f606w, f814w, f125w, f140w, f160w]
#     jwst_bands: !!python/tuple [f115w, f150w, f200w, f277w, f356w, f410m, f444w]
#     near_border_kernelsize: 21
#     reference_band: f200w
#   make_catalog version: 1.4.0
#   photutils version: 1.5.0
# schema: astropy-2.0
label xcentroid ycentroid sky_centroid.ra sky_centroid.dec bbox_xmin bbox_xmax bbox_ymin bbox_ymax area semimajor_sigma semiminor_sigma orientation eccentricity min_value max_value local_background segment_flux segment_fluxerr kron_flux kron_fluxerr kron_radius gini equivalent_radius kron4_2_flux kron4_2_fluxerr radius_kron20 radius_kron50 radius_kron80 near_border
[from data line 148]
149 7337.1401664701 455.8495187962737 214.8049595319428 52.82708735376537 7334 7340 453 460 48.0 1.7694047973721787 1.4115513415501058 -82.15846458226842 0.6029818609287045 -0.11213985330951486 1.0084897433689615 0.0 18.015560889834862 1.9584831 26.297851639955052 3.6214856064888754 1.8599521991122756 0.40409838492404554 3.9088200952233594 29.225801125775376 5.823512002571542 1.4785688878764491 2.71933351518329 5.549172424552975 False
150 3014.404309133562 464.61724039424354 214.84343958250997 52.85460831540864 3001 3035 454 474 494.0 6.741660024513987 3.3984557578351735 -9.471449694330138 0.8636465956987505 -0.3357106217916296 4.0266018858765324 0.0 260.321598233239 6.5824137 280.0243777583671 8.661662833529004 1.4 0.5441645970268988 12.539740179716349 282.49135898854024 13.680657809507005 2.8082431382245256 5.7535329054230315 10.652847202747331 False
151 6291.284327963596 456.5970234904954 214.81427949521083 52.83373959662195 6290 6292 455 457 8.0 0.6253602509053013 0.46199125483276093 -23.01351651694191 0.6739683884486108 -0.19840864000600736 0.2063505713957781 0.0 0.30871625122216095 0.84500873 0.390411497895383 0.9793915638921097 1.4 0.3119144250431009 1.5957691216057308 -0.2647531248982749 1.52948237794691 0.3798071167276048 0.621414519941193 0.796242781311606 False
152 9274.180648012903 461.658724239174 214.78762978930735 52.81480348895095 9268 9279 456 471 147.0 3.457614411240412 2.9573908652151255 -79.72297750627678 0.5180885742026294 -0.5592423880195757 0.4244204505458083 0.0 3.8465314133178357 3.3939044 50.101585472963706 17.392757969777882 4.362966224408639 0.4420643311257363 6.840435166640879 124.83139926504897 27.81102452822223 13.303577698515381 17.754729188721058 31.674927461135947 False
153 9847.828746464606 456.9056717875072 214.7825676246138 52.811130312494555 9846 9849 456 458 10.0 0.9904025450134226 0.6712852756779483 -11.553554958608789 0.7352552330991912 0.13174806652255372 0.8004144311308923 0.0 4.399415903433628 0.78948903 18.382091404058848 2.5800318583646957 3.0637626671817237 0.28156153160978403 1.7841241161527712 27.60416646816121 4.097554637648377 1.5753221925103273 2.9879175512275964 4.873309387962482 False
154 8033.395113113131 460.1204440400744 214.7987063900266 52.82268405961319 8030 8036 457 463 36.0 2.1604513523290527 1.2232397132074602 -63.22670818164163 0.8242703868399481 -0.24873182650410977 0.3568479538890062 0.0 2.990344005537994 1.8084733 1.5516233527429948 3.067243865306495 1.4 0.444956482472694 3.385137501286538 -8.356966003509228 4.940807294141501 1.3223747018423133 1.9784561118014674 2.3329885566990543 False
155 347.67773009579537 462.3938091894069 214.86728285453225 52.87153880948033 342 353 458 468 87.0 2.54860987327404 1.765667961531233 -19.9384893233716 0.721133157287758 -0.16453222323261107 0.6575475944370158 0.0 12.582070948313893 2.444314 29.2600372697311 7.132348671086114 2.8222823622286173 0.49322518429266343 5.262410103554244 8.457059120845635 11.452660270599546 2.300476337295829 6.009518330483818 10.82448806564914 False
156 3938.9564041884983 477.7787880354418 214.83504709575834 52.8488042054481 3920 3957 458 499 1186.0 7.525913700111532 5.220875812463349 60.06553124387675 0.7202449258768937 -0.43367562861293507 3.61857373632159 0.0 503.08550791397715 10.289554 518.2291546496247 12.529763194261404 1.5092167764737017 0.6543403615460449 19.429758748218564 561.132170611626 20.16659931621074 3.9957525091332826 7.102418033616009 11.192468605647722 False
157 6130.372282105955 463.0079755073624 214.8156474449778 52.834796954121046 6125 6134 459 467 76.0 2.0024139595766686 1.952955243650018 25.153976723306034 0.2208823773928532 0.04190526668837868 2.38561538011317 0.0 49.25663233014155 2.4476218 62.67672437000118 4.598781738303743 1.898038004753175 0.39883200161843346 4.918490759365935 71.84383288520601 7.29180217269502 1.565949825356167 3.0012937490914293 5.0738312058751704 False
158 1987.3200178140992 466.10637013894467 214.8525958860477 52.861142274737524 1984 1991 461 470 63.0 2.2124577016386167 1.5010430808069968 -72.13691708542706 0.7346460986659428 -0.0828266522458616 1.2374283737259788 0.0 24.953804822376835 2.202611 29.247599464369916 3.1340471475053655 1.4 0.40915831999975893 4.478115991081385 23.266176182193853 5.0077687480040645 1.5279724449354926 2.6596149791651635 4.084871177087544 False
159 616.4459875186211 468.7550515144198 214.8648143604866 52.86986577275983 612 620 465 474 71.0 2.372410766333616 1.6979379052157155 26.84340059100272 0.6984063189486028 -0.24919226046613194 0.37825683416315675 0.0 3.024757954986557 2.2318013 5.830636071592958 4.170443857517484 1.782509779983882 0.5410571646357732 4.753945931439391 6.09247587832845 6.699327844336671 1.528132802451037 2.8363232543737644 7.0023711957025325 False
160 8052.6007085757265 467.44032998647043 214.79845814892673 52.82260139556896 8050 8054 465 469 21.0 1.0502150178698788 0.9690642066270583 11.842303282731393 0.3854485329487486 -0.0919901538951226 0.3715014612870698 0.0 3.0995154130451934 1.5285397 7.034675508668341 3.4056856673335107 2.399996349078416 0.45904026786482993 2.5854414729132054 10.162828416747686 5.398892338370291 1.2217493555616743 2.139690298080764 4.3947695183372115 False
161 2374.3307186836873 466.9943284202399 214.84913017081925 52.85868814117511 2372 2377 466 469 15.0 1.0650206794032575 0.6267329100749489 -16.008512889200137 0.8085189225837299 -0.17814755434812274 0.44833258123626873 0.0 2.5428976619676344 1.0771357 10.093302061316148 3.352631759696355 3.2166765100123045 0.4739552495396956 2.1850968611841584 6.981419678517357 5.387120514434073 1.46515546586733 3.4817456384422534 4.746779834159274 False
162 4099.933084577935 469.7574387707595 214.8336946009892 52.84773797924168 4098 4104 466 473 38.0 2.301397491870768 1.0686441929993167 60.1274600919032 0.8856539983819034 -0.1586197718292286 0.9171036511659483 0.0 13.841385894656744 1.7452729 25.037992047787515 4.469537007569412 2.3079925405489323 0.38356952518303505 3.477898169151024 32.14632756939926 7.257675298342119 1.9754828084287266 3.308383209796557 4.957455210592999 False
163 6415.524556175897 466.47805616682933 214.81306730302927 52.83300312179829 6415 6416 466 467 4.0 0.504907171839317 0.49394757842947085 45.317898119585074 0.20722247256180248 0.3582893637762595 0.4333988400615199 0.0 1.6152572395565272 0.52257484 3.6930698142598457 1.2831599756621992 2.149768426197122 0.047370789975841224 1.1283791670955126 1.7365856490580034 2.098797763106457 0.761661844039336 1.2674074337684662 1.7825753561170221 False
164 8236.643184093165 484.56340108675397 214.79663719483102 52.821523572625324 8207 8262 468 501 1363.0 9.970089708685911 5.40243457464921 -12.902165780509801 0.8404660615613521 -0.530326026486196 3.151559164362513 0.0 722.8309359763056 10.781869 739.0905571674289 13.386201174028932 1.4 0.5453232026710582 20.829219257295907 728.2848680122956 21.495253833016534 4.875834023105156 8.82967217887831 14.739423540187289 False
165 8628.200941760124 470.1645468075315 214.7932980937248 52.818956548727435 8627 8631 468 472 19.0 1.096120602437742 0.9005415300341013 74.39003840170645 0.570105382103377 -0.09464622624831256 0.40385936262444316 0.0 2.9749502305307343 1.216507 3.1687246751770806 1.7063618800931581 1.4 0.4273956361454595 2.4592453796829674 1.8211719291680193 2.7240557866645845 0.7639420244465427 1.3600600116614434 1.9451908561276121 False
166 6479.891713614581 471.11692683021596 214.81244435312615 52.832618970893726 6478 6481 469 473 14.0 1.2760658248306802 0.8041293720419752 -80.75398220388121 0.7764629344492809 0.12483117659199786 0.6479537923155582 0.0 5.537594365044248 1.0700824 12.909066040779523 3.0354764174949285 2.3988484875348535 0.24851296620636465 2.111004122822376 13.14038205134652 4.829795596033304 1.4145671974661258 2.404340611831244 3.7415997710142173 False
167 1977.9196145621022 491.48301781526646 214.85241279546253 52.861338839851385 1957 1999 470 513 904.0 12.242206584524626 4.3753082754625545 45.821387868921164 0.9339531736710098 -0.29319869816082006 1.6130071951982021 0.0 202.27345795839034 8.419457 244.18059598595772 13.382444794805142 1.472335469375941 0.4875424016922975 16.96325844612841 242.95839463227452 21.38055991842302 6.679678153846959 12.381497639613205 19.18435119848698 False
168 2254.5689259349247 479.57250914661154 214.8500673506499 52.85951689695541 2249 2259 473 485 108.0 2.7358826359088977 2.2253464875261266 78.41226378132265 0.581715221535129 -0.1348164646476265 0.7237505377558496 0.0 23.811792865401117 2.871674 25.299401833931604 4.329025322648665 1.4 0.42908340644803655 5.863230142835039 24.998283086587925 6.920511157447088 1.9916911936708488 3.2478083306064183 4.798453687930558 False
169 4373.594443262078 475.7809573360586 214.83118863520983 52.84603132864944 4372 4376 473 478 26.0 1.4727006364822317 1.1756677911860463 -68.39554142560365 0.6022502155275484 -0.11155314774329272 0.48732147659600633 0.0 4.092369547702126 1.3966455 7.330965489525841 3.2152728017071652 2.0350794028729795 0.4530019988013208 2.876813695875796 10.166883020657203 5.120696674291308 1.553925096542152 2.4854887440797757 4.118327177954475 False
170 186.84495632966318 475.68991265932635 214.86858011710066 52.872632189764865 186 187 474 477 5.0 0.8592781775768821 0.2886751345948129 63.43494882292202 0.9418795592988659 -0.05150638564438892 0.12064680236699778 0.0 0.06715842876045347 0.66253936 4.568354851285942 2.804824044774729 4.6494202812296335 1.0893427006869016 1.2615662610100802 16.26872493412686 4.395532820359763 3.726297434817589 4.207394079762837 4.5654167534762164 False
171 8748.389043439443 480.991050350203 214.7921128425794 52.81825071714725 8740 8756 475 487 166.0 3.4421909374342787 2.4403643609023353 -30.65846766789019 0.7052520002655392 -0.2660921408037039 1.7739548970567238 0.0 98.13944995042468 3.7322054 105.99313225951744 5.829334711531661 1.5751290778147922 0.41404347280374676 7.269074295019226 112.16757461698234 9.246157870509215 2.1790341644170494 3.8580905159795145 5.989210279544073 False
172 9689.185880706158 479.35176980675703 214.78374517823346 52.81225997491868 9684 9693 475 484 83.0 1.9201186279139306 1.8353722735752358 61.022778458505705 0.2938094826367991 0.05268803906170694 5.223203583974166 0.0 99.1802072915659 2.068668 114.63323953131443 3.255456882069485 1.735850851139531 0.48269357285182235 5.140011726956917 124.83027341140715 5.244707400721723 1.3151922042163773 2.5322027099848947 4.36901925564732 False
173 8272.504507045076 477.7101666342384 214.7963895895021 52.82125865586721 8271 8275 476 481 22.0 1.3428099910905846 1.1185580249498346 38.31276877266889 0.5532760133015583 -0.04855718743820875 0.41632278465400324 0.0 3.110726568229568 1.3716016 6.7337518402042535 3.247294668553665 2.1115758073789848 0.45276260798462176 2.6462837142006137 6.639847098708996 5.258855760930725 1.4789778532719535 2.4973490838630203 3.696589672822859 False
174 6096.06075891667 485.0094307936672 214.81572203500423 52.83513361518764 6086 6104 478 492 228.0 3.064892180178102 2.3902037871490878 23.651790557713973 0.6259470773038702 -0.2384927035308578 3.9580275886891116 0.0 144.84164670087716 4.048153 148.21572233257723 4.496602239516052 1.4 0.6259174469328421 8.51907589177983 154.60509253318438 7.251711434916258 1.7180063467742817 3.1192911507141354 5.070994356299568 False
175 1050.179318357708 484.1846435351141 214.86077680633298 52.86719359782569 1045 1055 480 488 74.0 2.275087749663389 1.8271118635395132 -11.427864566978808 0.5958508473751692 -0.2140091801320236 0.9994196373203292 0.0 27.010169809787172 2.3533933 37.26573807533401 5.212963394168092 2.1395916650440046 0.39703241192999783 4.853342309955121 44.95170659632847 8.321300754609219 1.7541011166103204 3.30469890573315 5.322654433113813 False
176 9048.417661550277 494.0381362578529 214.78930130752371 52.81641337680987 9032 9073 480 505 737.0 8.560786826119283 4.318221147611153 -12.051067428165373 0.8634591786497768 -0.5132729101046948 1.1712620756008565 0.0 106.08855799438854 7.554049 108.47495878865692 10.564906980149477 1.4 0.5944265602324235 15.316474337048122 109.12228152643296 17.01239610972115 3.551348801941215 6.1295418399714645 9.029714861194641 False
177 8610.653960291791 485.3962121184695 214.79329426383165 52.81915016615042 8606 8615 481 490 81.0 2.5668699315813814 2.0644550996903224 39.27306518536378 0.5942647827332955 -0.31831759680874505 0.6401600807830581 0.0 21.419244078049267 2.5193949 31.53271280523612 5.7509606425790505 2.002749440819648 0.3402997227406578 5.077706251929807 24.310021964587662 9.171313959605339 2.1658473702122096 4.003785122374413 6.232287373894603 False
178 8868.428634366815 492.2249712953599 214.79092466745476 52.817548012737255 8858 8882 481 502 380.0 5.37097966029271 3.2245302686671407 -35.767948515031314 0.7997286266669414 -0.35456663010294426 1.830974438828099 0.0 97.70469544642064 5.4448705 114.72009563066533 9.562360046480585 1.8573651896879795 0.5221577651255569 10.998079684646791 143.52053745792406 15.344592192411236 2.9054607307660305 5.729820031729601 10.260197668302268 False
179 3962.8832578515617 484.3051990619256 214.83476484231483 52.848687336977584 3962 3964 483 486 8.0 0.6445599260590283 0.5195482820880671 -61.79197234116371 0.5918458519407174 -0.01258506970140451 0.32160222875261063 0.0 0.9612579392107995 0.8417494 9.933425999990666 3.1463911963849176 4.0934651868374825 0.5194515004252731 1.5957691216057308 18.83336499976448 5.058276358828967 2.4795199996155675 3.459575921632944 4.392143471577126 False
180 6234.30034421198 501.6593145622099 214.8143136805418 52.8343446472593 6222 6249 483 521 821.0 7.19826317667201 4.0857441403430235 71.42143015558457 0.8233035096851254 -0.2995573059296989 6.161997681382998 0.0 400.0735887557338 7.769792 415.3315647673924 9.32173180245205 1.4285743631381798 0.6289616588519135 16.165779181867237 441.251198401784 14.974483146959269 3.190596971834882 6.193485340121394 11.075900268271528 False
181 3049.472971951442 488.85013001284847 214.84287146187043 52.85451613397144 3045 3055 484 493 81.0 2.609204917529836 2.1512337420087753 62.66278168710014 0.5658930636320062 -0.24010629633624522 0.511473701938851 0.0 12.977033553721546 2.5425181 63.65147744737695 9.479669790307526 3.186341600401785 0.33728031960697624 5.077706251929807 98.3489201049618 15.18828567341786 4.7160616464062 10.391118420858898 16.077783990975604 False
182 7555.323927312484 506.6229631316285 214.80247975442964 52.82597389281784 7542 7568 484 536 991.0 10.307279290194927 4.347872554932969 -86.88535448575841 0.9066770668992366 -0.46304929159763064 1.509336210829923 0.0 248.20922320810334 10.547808 275.3634103735859 16.121179962479932 1.6407851155763717 0.5591282547578181 17.76077411624101 312.4826378495467 25.756193768872 4.312790206810473 9.522134206560063 15.035675558081152 False
183 2737.3644733490005 487.27068510604994 214.8456749219609 52.85649079369689 2735 2739 486 488 10.0 1.0021206807588585 0.4745901549795563 -34.48639243132302 0.8807476716035764 -0.20764959116603787 0.49392263034288236 0.0 1.5378749521442794 0.96012306 4.603207486398434 2.591720044217094 2.6998447338468434 0.45104424076586513 1.7841241161527712 7.39667502240944 3.965754703458791 0.9329640413976819 1.8884070741454022 3.679518545241162 False
184 7744.474375490758 491.33767873773365 214.80095398392444 52.824689049087404 7740 7749 486 495 75.0 2.4873165111730953 1.8495921125814987 64.26162057197314 0.6686142057530599 -0.4145016129847666 0.7109281080266295 0.0 13.750634501063956 3.4500263 30.635822918864946 9.961054198862117 2.6110564798101774 0.4289093963102925 4.886025119029199 51.36454850068351 15.950051784138234 2.561709503431756 5.605106889176902 8.813898826722848 False
