outputs/dr0.5_c0.1/nircam6_matched_f200w_f277w_dr0.5_c0.1.ecsv
# %ECSV 1.0
# ---
# datatype:
# - {name: label, datatype: int64}
# - {name: xcentroid, datatype: float64}
# - {name: ycentroid, datatype: float64}
# - {name: sky_centroid.ra, unit: deg, datatype: float64}
# - {name: sky_centroid.dec, unit: deg, datatype: float64}
# - {name: bbox_xmin, datatype: int64}
# - {name: bbox_xmax, datatype: int64}
# - {name: bbox_ymin, datatype: int64}
# - {name: bbox_ymax, datatype: int64}
# - {name: area, unit: pix2, datatype: float64}
# - {name: semimajor_sigma, unit: pix, datatype: float64}
# - {name: semiminor_sigma, unit: pix, datatype: float64}
# - {name: orientation, unit: deg, datatype: float64}
# - {name: eccentricity, datatype: float64}
# - {name: min_value, datatype: float64}
# - {name: max_value, datatype: float64}
# - {name: local_background, datatype: float64}
# - {name: segment_flux, datatype: float64}
# - {name: segment_fluxerr, datatype: float32}
# - {name: kron_flux, datatype: float64}
# - {name: kron_fluxerr, datatype: float64}
# - {name: kron_radius, unit: pix, datatype: float64}
# - {name: gini, datatype: float64}
# - {name: equivalent_radius, unit: pix, datatype: float64}
# - {name: kron4_2_flux, datatype: float64}
# - {name: kron4_2_fluxerr, datatype: float64}
# - {name: kron4_2_mag, datatype: float64}
# meta:
#   PHOTMJSR: 1.891700029373169
#   PIXAR_SR: 2.11539874851881e-14
#   __serialized_columns__:
#     area:
#       __class__: astropy.units.quantity.Quantity
#       unit: !astropy.units.Unit {unit: pix2}
#       value: !astropy.table.SerializedColumn {name: area}
#     eccentricity:
#       __class__: astropy.units.quantity.Quantity
#       unit: !astropy.units.Unit {unit: ''}
#       value: !astropy.table.SerializedColumn {name: eccentricity}
#     equivalent_radius:
#       __class__: astropy.units.quantity.Quantity
#       unit: !astropy.units.Unit {unit: pix}
#       value: !astropy.table.SerializedColumn {name: equivalent_radius}
#     kron_radius:
#       __class__: astropy.units.quantity.Quantity
#       unit: !astropy.units.Unit {unit: pix}
#       value: !astropy.table.SerializedColumn {name: kron_radius}
#     orientation:
#       __class__: astropy.units.quantity.Quantity
#       unit: &id001 !astropy.units.Unit {unit: deg}
#       value: !astropy.table.SerializedColumn {name: orientation}
#     semimajor_sigma:
#       __class__: astropy.units.quantity.Quantity
#       unit: !astropy.units.Unit {unit: pix}
#       value: !astropy.table.SerializedColumn {name: semimajor_sigma}
#     semiminor_sigma:
#       __class__: astropy.units.quantity.Quantity
#       unit: !astropy.units.Unit {unit: pix}
#       value: !astropy.table.SerializedColumn {name: semiminor_sigma}
#     sky_centroid:
#       __class__: astropy.coordinates.sky_coordinate.SkyCoord
#       dec: !astropy.table.SerializedColumn
#         __class__: astropy.coordinates.angles.Latitude
#         unit: *id001
#         value: !astropy.table.SerializedColumn {name: sky_centroid.dec}
#       frame: icrs
#       ra: !astropy.table.SerializedColumn
#         __class__: astropy.coordinates.angles.Longitude
#         unit: *id001
#         value: !astropy.table.SerializedColumn {name: sky_centroid.ra}
#         wrap_angle: !astropy.coordinates.Angle
#           unit: *id001
#           value: 360.0
#       representation_type: spherical
#   astropy version: '5.1'
#   kernelfile: kernel_f200w_f277w.fits
#   make_catalog parameters:
#     ab_zpt: 31.4
#     coadd_bands: !!python/tuple [f277w, f356w]
#     deblend_contrast: 0.001
#     deblend_nlevels: 32
#     deblend_npixels: 1
#     detect_kernel_fwhm: 4.0
#     detect_kernel_npix: 7
#     detect_npixels: 4
#     detect_threshold_nsigma: 3.0
#     flag_isolated_buffer: 4
#     hst_bands: !!python/tuple [f606w, f814w, f125w, f140w, f160w]
#     jwst_bands: !!python/tuple [f115w, f150w, f200w, f277w, f356w, f410m, f444w]
#     near_border_kernelsize: 21
#     reference_band: f200w
#   make_catalog version: 1.4.0
#   photutils version: 1.5.0
# schema: astropy-2.0
label xcentroid ycentroid sky_centroid.ra sky_centroid.dec bbox_xmin bbox_xmax bbox_ymin bbox_ymax area semimajor_sigma semiminor_sigma orientation eccentricity min_value max_value local_background segment_flux segment_fluxerr kron_flux kron_fluxerr kron_radius gini equivalent_radius kron4_2_flux kron4_2_fluxerr kron4_2_mag
[from data line 1921]
1922 nan nan nan nan 10030 10037 2384 2391 44.0 nan nan nan nan 0.0 0.0 0.0 0.0 2.8835568 nan nan nan nan 3.742410318509555 nan nan nan
1923 6975.941122153523 2386.241799321313 214.84006858826666 52.82138017967186 6975 6977 2385 2387 7.0 0.7525757295088652 0.7041445279092383 -8.110856740418447 0.3529396849437569 0.2760885629801095 0.3791308188077814 0.0 2.2627777909577036 1.0205603 41.17296718150236 4.9375684932538 3.8820833006648687 0.06752983110383699 1.4927053303604616 94.15519053306463 8.493781443983442 26.46538933362885
1924 nan nan nan nan 2126 2137 2391 2403 129.0 nan nan nan nan 0.0 0.0 0.0 0.0 2828427.0 nan nan nan nan 6.407961869245868 nan nan nan
1925 nan nan nan nan 7181 7189 2391 2399 64.0 nan nan nan nan -7.041927178822922 0.0 0.0 -10.580113750047582 3.3110907 nan nan nan -0.987644435888902 4.51351666838205 nan nan nan
1926 8628.060290360005 2391.817261133768 214.82527423206005 52.81091102689612 8625 8630 2391 2396 30.0 1.3610464351152307 0.772898278580162 87.6927103902919 0.8231178303218097 -0.12230904967672498 0.10287963557352911 0.0 -0.6479461551798205 2.1278374 0.5903739593928021 2.4662742659384587 1.4 -0.5373549523644577 3.0901936161855166 -0.1626644983292618 3.9960685614213705 nan
1927 nan nan nan nan 235 240 2392 2396 23.0 nan nan nan nan 0.0 0.0 0.0 0.0 1.5509454 nan nan nan nan 2.7057581899030048 nan nan nan
1928 6969.532473708251 2402.675146486376 214.8399529600948 52.821509499209725 6943 6996 2392 2442 1865.0 9.282377428333044 3.752083344373778 0.405766359745927 0.9146636599699677 -8.865574764333456 7.653849631099009 0.0 187.69747337867938 40865630.0 371.2434748765082 inf 2.4306697540304794 0.8698954240115429 24.364891498481366 412.91077739762363 inf 24.860359453607426
1929 8762.787067512136 2395.215738804773 214.82403714534314 52.81007307549113 8761 8765 2393 2397 19.0 1.2594443255581595 1.005086010578234 -46.50974445573814 0.6026054665960475 0.16413481252935266 0.6074810640412457 0.0 7.435428681111757 1.9940069 33.56237440628631 inf 3.2200246788053044 0.22187034646740192 2.4592453796829674 71.64446087685586 inf 26.762043452580667
1930 9899.782028631376 2406.746648303377 214.81377925757087 52.80290845125277 9871 9940 2396 2465 3631.0 12.528071434869428 3.0409488571736545 -3.732667378920786 0.9700936844384167 -10.138016288166325 17.36653333138713 0.0 110.47308938812097 58694120.0 78.97735022452656 32177144.10571647 1.4 0.9505361423856062 33.996811567165295 102.59537768782013 inf 26.37218051350627
1931 8344.778822329254 2397.981425935427 214.82773558084625 52.81274463502638 8343 8346 2397 2399 9.0 0.9833368886871894 0.676319532576342 -37.56241498813041 0.7259191067285398 0.1615222985759121 0.3274159036883538 0.0 2.3132104251701504 1.2221197 11.9732762428899 2559188.9406458046 3.3489099430120786 0.10126478970633028 1.692568750643269 13.484154664614369 8412687.394296011 28.575440686802438
1932 nan nan nan nan 2174 2188 2401 2420 205.0 nan nan nan nan 0.0 0.0 0.0 0.0 5.959995 nan nan nan nan 8.07796550300118 nan nan nan
1933 nan nan nan nan 2211 2219 2401 2409 63.0 nan nan nan nan 0.0 0.0 0.0 0.0 inf nan nan nan nan 4.478115991081385 nan nan nan
1934 7228.6199592467965 2401.7703875541088 214.83765112387982 52.819858241112925 7228 7230 2401 2403 6.0 0.7435810082909183 0.538351882233474 46.88541499794895 0.6898010547261489 0.13347302085901433 0.3769234165425274 0.0 1.507260437353785 2000000.0 21.868475634095045 7202640.142968467 3.853803664210661 0.2248892667685372 1.381976597885342 59.484326313527845 11463447.77001334 26.963993631572073
1935 4062.0 2411.0 214.86581586390813 52.84002733453412 4061 4071 2402 2413 100.0 0.28867513459481287 0.28867513459481287 0.0 0.0 -9.35102570836399 3.1713991044618774 0.0 -39.26650893197307 4.1889715 0.3004953020113611 0.6832111012743963 1.4 -0.9263756709543643 5.641895835477563 -3.156553889954055 1.1029756055030924 nan
1936 8938.328633100193 2408.418315831745 214.82233310075034 52.80902854373579 8924 8945 2402 2427 386.0 4.283324206988988 2.9647156884922374 -3.471141688307794 0.7217508075911256 -5.790512830679128 6.969632082154817 0.0 4.67857840816241 18814888.0 164.42793612044582 51912188.29566904 4.326303090160378 0.5439141870832401 11.084566571000565 472.17997687013235 81001492.93452384 24.714731083587893
1937 4432.4622776910965 2424.2775104954226 214.86236853707422 52.83774553273627 4417 4450 2404 2447 1044.0 8.882564640485304 5.44354613207728 -61.8127706707967 0.7902109299063956 0.10820249405575678 5.264887654820467 0.0 1022.4641621779716 10.98521 1118.4058654557934 14.669848496143128 1.4 0.47051317090732503 18.229523339239496 1131.2151066516396 inf 23.766137009461026
1938 9789.428018570374 2408.12673612513 214.81474843787188 52.80361733973636 9783 9797 2405 2417 159.0 4.7671487024455494 1.224408471016648 1.3403720750159613 0.9664531576950446 -8.699603286313593 3.1641473494936903 0.0 -31.967981135539254 12609520.0 -72.68045577191933 14987717.278947076 1.4 -0.9595747908816673 7.1141599576634995 -79.6257485886973 22661817.404658694 nan
1939 nan nan nan nan 2363 2368 2406 2410 20.0 nan nan nan nan 0.0 0.0 0.0 0.0 4472136.0 nan nan nan nan 2.5231325220201604 nan nan nan
1940 4284.108697257125 2408.241836454182 214.86386171703717 52.838601495119654 4283 4285 2407 2409 8.0 0.8379029335971749 0.6492058613872252 34.85504135770638 0.6322083695772962 0.12479135425772153 0.3315519981312049 0.0 1.8049269629807787 1.1252862 10.351914168578936 4.43444715793656 3.385853876912223 0.20689460653495215 1.5957691216057308 11.459625885464696 7.135107538780747 28.75207390062715
1941 1029.5130580316295 2418.9797332397393 214.89282114244685 52.85933120114017 1020 1041 2410 2433 354.0 5.8144724486654376 2.9137401529507 62.38699381632622 0.8653786297980248 0.017502069028585483 4.580594965545854 0.0 375.70110018805303 6.1688848 1485.78560855714 14.80474680833889 2.535596213587669 0.46414422713724984 10.61516366850092 1553.8683012507001 15100298.225053834 23.421464481958516
1942 nan nan nan nan 2346 2350 2414 2419 27.0 nan nan nan nan 0.0 0.0 0.0 0.0 5196152.5 nan nan nan nan 2.9316150714175193 nan nan nan
1943 nan nan nan nan 10014 10019 2414 2420 33.0 nan nan nan nan 0.0 0.0 0.0 0.0 5744562.5 nan nan nan nan 3.2410224072142872 nan nan nan
1944 nan nan nan nan 6466 6483 2417 2427 122.0 nan nan nan nan 0.0 0.0 0.0 0.0 11045360.0 nan nan nan nan 6.231677632421503 nan nan nan
1945 nan nan nan nan 6712 6715 2417 2420 11.0 nan nan nan nan 0.0 0.0 0.0 0.0 3316624.8 nan nan nan nan 1.8712051592547776 nan nan nan
1946 nan nan nan nan 9485 9516 2417 2446 691.0 nan nan nan nan 0.0 0.0 0.0 0.0 26286878.0 nan nan nan nan 14.830783234644061 nan nan nan
1947 nan nan nan nan 8666 8681 2418 2430 146.0 nan nan nan nan 0.0 0.0 0.0 0.0 12083046.0 nan nan nan nan 6.817128675830715 nan nan nan
1948 nan nan nan nan 2891 2896 2419 2424 28.0 nan nan nan nan 0.0 0.0 0.0 0.0 3.174629 nan nan nan nan 2.985410660720923 nan nan nan
1949 nan nan nan nan 7493 7497 2422 2425 17.0 nan nan nan nan 0.0 0.0 0.0 0.0 4123105.5 nan nan nan nan 2.326213245840639 nan nan nan
1950 2208.2234487466403 2426.5080577792087 214.8822096923549 52.851885976181435 2207 2209 2425 2427 7.0 0.7877630857646126 0.5053284403283194 1.6391188651086923 0.7671459407839216 0.0029698367607857057 0.2402660358073718 0.0 1.0382997640287748 0.76873773 15.107249578073887 2.9760670516365426 3.8283502211084217 0.319246226573056 1.4927053303604616 21.173724801879395 5.1059602559083945 28.085506839527795
1951 nan nan nan nan 10005 10013 2425 2437 81.0 nan nan nan nan 0.0 0.0 0.0 0.0 9000000.0 nan nan nan nan 5.077706251929807 nan nan nan
1952 nan nan nan nan 8769 8775 2426 2431 34.0 nan nan nan nan 0.0 0.0 0.0 0.0 5830952.0 nan nan nan nan 3.2897623212397704 nan nan nan
1953 759.4214059559788 2435.077640149858 214.89506571618918 52.86113325347732 751 767 2428 2444 170.0 4.456394115487033 2.393753187988209 -45.242094176181794 0.8434865825907002 0.10940538276803514 0.6777689032263279 0.0 53.25554692736765 3.0470123 124.23667663690757 9.314521924531805 2.610604702160391 0.2423068517990391 7.356132180109627 135.67247711607246 15.209142224577242 26.068770613882094
1954 3407.1185167977324 2438.022528381109 214.87137969225995 52.844333090324945 3399 3414 2430 2448 231.0 4.477666825448356 2.896013971152103 -80.96150784191562 0.7626863537511377 0.14009137186068127 2.3112506685795 0.0 199.99648548026255 4.83089 1133.890394833088 16.83755152797251 2.983202824793694 0.3451878129454757 8.574939283076915 1126.8739923540213 inf 23.770311610694115
1955 2450.6956416571634 2436.3834942103476 214.8799396887592 52.85039922456535 2442 2457 2431 2442 128.0 3.8215806673515234 2.373374136980404 -27.18796598984 0.7837747905172896 0.02647827256207928 0.4548425933942385 0.0 31.755022239978167 3.5958483 44.68850583616292 5.903756411820867 1.4351729584345185 0.21397310491176053 6.383076486422923 43.69210704977897 9.137242207942794 27.29899252738682
1956 nan nan nan nan 6850 6874 2432 2455 466.0 nan nan nan nan 0.0 0.0 0.0 0.0 21587032.0 nan nan nan nan 12.179179240065665 nan nan nan
1957 nan nan nan nan 7471 7474 2435 2442 23.0 nan nan nan nan 0.0 0.0 0.0 0.0 4795831.5 nan nan nan nan 2.7057581899030048 nan nan nan
1958 1673.9095654076252 2444.1947867295767 214.8867975347542 52.855374881401104 1666 1682 2437 2451 187.0 3.0815738669038004 2.631145667189297 7.123281257300897 0.520549046328081 -0.01794912527692096 0.9342151670401929 0.0 30.269668161112186 3.5185323 45.8057759898109 7.527906325163796 2.305133418501372 0.48599777570379604 7.715176518808164 83.255789333345 12.222053751852224 26.598963893409767
1959 4461.357436925797 2445.1167974615673 214.861891402868 52.83767435837847 4452 4470 2438 2452 223.0 4.146492566611671 2.819255323682627 3.4106378139230356 0.733292536487841 0.1408029475541785 1.979456552620562 0.0 135.89625758073095 4.2167425 187.63189766522157 8.101593397041597 1.997111214361301 0.36594817760419857 8.42514715711158 221.87784053287217 12.856614327359098 25.534715174060043
1960 nan nan nan nan 8260 8278 2440 2467 373.0 nan nan nan nan 0.0 0.0 0.0 0.0 19313206.0 nan nan nan nan 10.896310731002211 nan nan nan
1961 1437.5074016371889 2454.7030125133456 214.8887993993219 52.85693293392771 1429 1448 2441 2468 372.0 5.0307584215051415 3.217304838484536 -71.36202330963815 0.7687688021537228 0.08921784586595656 3.1103407988198843 0.0 265.3595727376187 4.854729 338.7627941275356 8.777230858021886 1.9952323763942779 0.46002692337852336 10.881694613449236 392.77709617311757 14.340010751443792 24.914634612393733
1962 3147.429652300122 2445.54138973299 214.87361991708826 52.846023192896425 3146 3149 2441 2449 30.0 2.3093220428747414 0.9802991319501512 83.6180775333495 0.9054295769278244 0.21767660835284722 0.3849971615467962 0.0 8.869751844504028 1.5212544 31.7872156138368 5.740116845134652 3.0453366105779947 0.0841361842508366 3.0901936161855166 35.17181663203786 9.262551201768398 27.534512999246417
1963 nan nan nan nan 9554 9566 2441 2453 128.0 nan nan nan nan 0.0 0.0 0.0 0.0 11313708.0 nan nan nan nan 6.383076486422923 nan nan nan
1964 1706.7980054817094 2444.034609685786 214.88650535396584 52.85516514464621 1705 1708 2443 2445 10.0 0.9438903490226812 0.7670623259630412 1.5234251439096564 0.5827375432916185 0.33157432951027976 0.4530761871574346 0.0 3.903749981621483 0.8103759 16.733560630083495 2.9424276450317723 3.14262048911919 0.06288226729193992 1.7841241161527712 22.448003609813533 4.858677667167163 28.02205569119445
1965 nan nan nan nan 6421 6432 2444 2454 102.0 nan nan nan nan 0.0 0.0 0.0 0.0 10099504.0 nan nan nan nan 5.698035485213008 nan nan nan
1966 nan nan nan nan 9590 9596 2444 2450 39.0 nan nan nan nan 0.0 0.0 0.0 0.0 6244998.5 nan nan nan nan 3.523362819972964 nan nan nan
1967 685.1277185324254 2450.8705262648423 214.89556362248834 52.86169026027457 680 692 2446 2456 112.0 2.649246865841017 2.5458063070794137 16.557020424016876 0.2767056316591245 0.04762586206047565 0.8872518871618864 0.0 48.08417504626186 2.5956671 74.07076115106133 5.1140919184214235 1.9093544096532908 0.26483025758692813 5.970821321441846 65.79802375472758 8.114859038995448 26.854467875589187
1968 4077.1732834108166 2458.7895475114105 214.86517779240472 52.84018869837231 4063 4091 2446 2470 555.0 4.170229567321405 3.8539204579967303 22.997965344409984 0.38202818615307266 0.15770340887998816 16.527621520709506 0.0 953.8096232792202 6.0958943 974.3255903332705 6.605214733024996 1.4516594490082189 0.6402382163740914 13.291425312283248 1039.967069511398 10.497119417757599 23.85745103097399
1969 532.7532036360121 2449.246020523215 214.89694263964566 52.86264910554513 531 534 2448 2450 8.0 0.9543330241273904 0.6562772155624501 6.032937126554398 0.7260124533740622 0.2894439112684125 0.3520888487772067 0.0 2.5425845332969503 0.8063413 19.976381175770122 3.198771136277408 3.6114879376171496 0.0365157919595609 1.5957691216057308 26.791984341372213 4.845855814184613 27.829987798230942
1970 2222.9601878471626 2452.027438604833 214.88180963591034 52.85193005469885 2220 2227 2449 2456 47.0 1.7574326603295207 1.6174381602769934 63.04581740308734 0.39111580925431905 0.12810387245104873 0.9772940382550132 0.0 23.304871035867695 1.6349257 37.5022395171118 3.8732598106323515 2.0947379225498155 0.26186061166652586 3.8678889139475245 34.85539001875879 6.265224276309288 27.544325133269258
1971 1915.5413782299183 2456.0132304839226 214.8845142643494 52.85390403766208 1908 1924 2451 2461 145.0 3.261200351665792 2.1104354408598907 -5.979802562821091 0.7623758041316084 0.1673781470909402 3.7313460112858072 0.0 149.13893051331826 2.9816623 179.72545031548063 4.90127412436353 1.7905815765337811 0.417997995506271 6.793742230659745 194.6274829950671 7.824545396504024 25.67698958449658
1972 nan nan nan nan 9075 9078 2452 2454 10.0 nan nan nan nan 0.0 0.0 0.0 0.0 3162277.8 nan nan nan nan 1.7841241161527712 nan nan nan
1973 9783.103111889552 2492.968364501115 214.8139127687128 52.80411475226689 9753 9807 2452 2507 2309.0 18.69767116823646 4.115881228568259 -8.101126603034407 0.9754709925297058 -24.34123996901986 48.63090565347042 0.0 57.98348345705426 inf 78.27937709735797 inf 1.4 0.9704925782794864 27.110468959395977 -17.106794090081806 inf nan
1974 nan nan nan nan 2252 2265 2453 2464 128.0 nan nan nan nan 0.0 0.0 0.0 0.0 2.6822116 nan nan nan nan 6.383076486422923 nan nan nan
1975 4189.7419219184 2458.1472626751533 214.8641794404598 52.8394701315442 4182 4198 2453 2464 166.0 2.9493963814428077 2.1922442284814285 -13.211710317259389 0.6689740881483255 0.0702061123792253 4.351392549911665 0.0 153.2863589442023 3.2115927 164.17108510063247 4.16213042083976 1.5236770679428566 0.5168185148017509 7.269074295019226 172.1018717288496 6.554178434713808 25.810536015972342
1976 nan nan nan nan 7089 7098 2453 2460 64.0 nan nan nan nan 0.0 0.0 0.0 0.0 8000000.0 nan nan nan nan 4.51351666838205 nan nan nan
1977 3315.815664860055 2457.0469156291606 214.87199502428774 52.84501567038529 3314 3318 2454 2460 26.0 1.6955461762138953 1.138622229443413 84.64017684033102 0.7409708968456753 0.15733271896766998 0.3639975936589 0.0 7.134309170430652 1.4583993 26.600594930561012 4.819698299761394 3.000226656073668 0.1284206543713933 2.876813695875796 46.54939203043898 7.890249332917315 27.23021496713354
1978 617.6165648221578 2459.5246856270137 214.896076006129 52.86216567236735 614 622 2455 2464 71.0 2.2965861571863164 1.8356447169792736 59.188992308058126 0.6009418139454354 0.12474473937961504 0.81964153640108 0.0 26.97044368812357 2.140792 38.57052332105144 3.6976917613548266 1.6304012585775902 0.2671548123697059 4.753945931439391 34.696676764196745 5.927377832014836 27.5492802994844
