outputs/dr0.5_c0.1/nircam1_f125w_dr0.5_c0.1.ecsv
# %ECSV 1.0
# ---
# datatype:
# - {name: label, datatype: int64}
# - {name: xcentroid, datatype: float64}
# - {name: ycentroid, datatype: float64}
# - {name: sky_centroid.ra, unit: deg, datatype: float64}
# - {name: sky_centroid.dec, unit: deg, datatype: float64}
# - {name: bbox_xmin, datatype: int64}
# - {name: bbox_xmax, datatype: int64}
# - {name: bbox_ymin, datatype: int64}
# - {name: bbox_ymax, datatype: int64}
# - {name: area, unit: pix2, datatype: float64}
# - {name: semimajor_sigma, unit: pix, datatype: float64}
# - {name: semiminor_sigma, unit: pix, datatype: float64}
# - {name: orientation, unit: deg, datatype: float64}
# - {name: eccentricity, datatype: float64}
# - {name: min_value, datatype: float64}
# - {name: max_value, datatype: float64}
# - {name: local_background, datatype: float64}
# - {name: segment_flux, datatype: float64}
# - {name: segment_fluxerr, datatype: float32}
# - {name: kron_flux, datatype: float64}
# - {name: kron_fluxerr, datatype: float64}
# - {name: kron_radius, unit: pix, datatype: float64}
# - {name: gini, datatype: float64}
# - {name: equivalent_radius, unit: pix, datatype: float64}
# - {name: kron4_2_flux, datatype: float64}
# - {name: kron4_2_fluxerr, datatype: float64}
# - {name: radius_kron20, unit: pix, datatype: float64}
# - {name: radius_kron50, unit: pix, datatype: float64}
# - {name: radius_kron80, unit: pix, datatype: float64}
# - {name: near_border, datatype: bool}
# meta:
#   PHOTMJSR: 0.3925000131130219
#   PIXAR_SR: 2.11539874851881e-14
#   __serialized_columns__:
#     area:
#       __class__: astropy.units.quantity.Quantity
#       unit: !astropy.units.Unit {unit: pix2}
#       value: !astropy.table.SerializedColumn {name: area}
#     eccentricity:
#       __class__: astropy.units.quantity.Quantity
#       unit: !astropy.units.Unit {unit: ''}
#       value: !astropy.table.SerializedColumn {name: eccentricity}
#     equivalent_radius:
#       __class__: astropy.units.quantity.Quantity
#       unit: !astropy.units.Unit {unit: pix}
#       value: !astropy.table.SerializedColumn {name: equivalent_radius}
#     kron_radius:
#       __class__: astropy.units.quantity.Quantity
#       unit: &id001 !astropy.units.Unit {unit: pix}
#       value: !astropy.table.SerializedColumn {name: kron_radius}
#     orientation:
#       __class__: astropy.units.quantity.Quantity
#       unit: &id002 !astropy.units.Unit {unit: deg}
#       value: !astropy.table.SerializedColumn {name: orientation}
#     radius_kron20:
#       __class__: astropy.units.quantity.Quantity
#       unit: *id001
#       value: !astropy.table.SerializedColumn {name: radius_kron20}
#     radius_kron50:
#       __class__: astropy.units.quantity.Quantity
#       unit: *id001
#       value: !astropy.table.SerializedColumn {name: radius_kron50}
#     radius_kron80:
#       __class__: astropy.units.quantity.Quantity
#       unit: *id001
#       value: !astropy.table.SerializedColumn {name: radius_kron80}
#     semimajor_sigma:
#       __class__: astropy.units.quantity.Quantity
#       unit: !astropy.units.Unit {unit: pix}
#       value: !astropy.table.SerializedColumn {name: semimajor_sigma}
#     semiminor_sigma:
#       __class__: astropy.units.quantity.Quantity
#       unit: !astropy.units.Unit {unit: pix}
#       value: !astropy.table.SerializedColumn {name: semiminor_sigma}
#     sky_centroid:
#       __class__: astropy.coordinates.sky_coordinate.SkyCoord
#       dec: !astropy.table.SerializedColumn
#         __class__: astropy.coordinates.angles.Latitude
#         unit: *id002
#         value: !astropy.table.SerializedColumn {name: sky_centroid.dec}
#       frame: icrs
#       ra: !astropy.table.SerializedColumn
#         __class__: astropy.coordinates.angles.Longitude
#         unit: *id002
#         value: !astropy.table.SerializedColumn {name: sky_centroid.ra}
#         wrap_angle: !astropy.coordinates.Angle
#           unit: *id002
#           value: 360.0
#       representation_type: spherical
#   astropy version: '5.1'
#   make_catalog parameters:
#     ab_zpt: 31.4
#     coadd_bands: !!python/tuple [f277w, f356w]
#     deblend_contrast: 0.001
#     deblend_nlevels: 32
#     deblend_npixels: 1
#     detect_kernel_fwhm: 4.0
#     detect_kernel_npix: 7
#     detect_npixels: 4
#     detect_threshold_nsigma: 3.0
#     flag_isolated_buffer: 4
#     hst_bands: !!python/tuple [f606w, f814w, f125w, f140w, f160w]
#     jwst_bands: !!python/tuple [f115w, f150w, f200w, f277w, f356w, f410m, f444w]
#     near_border_kernelsize: 21
#     reference_band: f200w
#   make_catalog version: 1.4.0
#   photutils version: 1.5.0
# schema: astropy-2.0
label xcentroid ycentroid sky_centroid.ra sky_centroid.dec bbox_xmin bbox_xmax bbox_ymin bbox_ymax area semimajor_sigma semiminor_sigma orientation eccentricity min_value max_value local_background segment_flux segment_fluxerr kron_flux kron_fluxerr kron_radius gini equivalent_radius kron4_2_flux kron4_2_fluxerr radius_kron20 radius_kron50 radius_kron80 near_border
[from data line 4069]
4070 355.89885692412685 851.1390398255928 215.0441099099799 53.00058576371215 345 368 838 862 442.0 5.410671484983274 4.704284514880046 51.867233840767 0.49402869237792696 0.010961759379122107 1.8295534779935634 0.0 274.465678780392 15.86689 355.607477129172 27.140390157443292 1.6057583836512284 0.30428103260681294 11.861406733319429 350.1118174559572 43.705220243340534 4.188769627669851 7.8661489622227645 12.563061765067918 False
4071 6191.701459406364 833.742811588171 214.99188409773552 52.96348694077753 6176 6207 827 843 395.0 6.781015151258912 3.345413783448011 3.882786607371892 0.8698308936384138 -0.0070558511446439055 1.086497308834381 0.0 199.25594044029742 15.172865 232.55082235508553 25.242978470926477 1.556854821288785 0.29908343662590087 11.213046198183495 239.45295629075133 40.63021250713954 4.111898532242894 7.153277157592931 10.88110190527274 False
4072 6174.606394270727 843.9996796629279 214.991929477027 52.96365080896697 6169 6179 838 847 74.0 2.526986190164371 1.6579907691022002 26.8657874956467 0.7546618764876707 -0.03570086331776737 0.37655503079859254 0.0 11.06456149789885 7.115269 56.604913742094574 23.452000732512413 3.3195610115530485 0.4178977079776743 4.853342309955121 77.37971856148125 37.316665493495805 3.981064990996235 9.998999184273881 13.563244863685266 False
4073 6184.380621453156 845.6997919982712 214.99182386942 52.96359799978719 6177 6191 841 851 115.0 3.510723065866669 2.430172925361599 -27.513267947785977 0.7216919548983064 0.06273040279389401 0.3184420275121842 0.0 24.165576581878305 8.396436 158.03348222653713 33.31246129336507 3.3230094777115453 0.1852597985972348 6.050259243299904 106.11355569449924 53.23087014878437 6.987249098722561 11.473278470689058 16.65307188375745 False
4074 2950.6208375524607 830.9384124950749 215.0210094597488 52.98402628450157 2948 2953 828 836 41.0 2.094242998213459 1.4178468367248827 -73.69888090619453 0.7359635457460165 0.08044714455110544 0.374015690959328 0.0 9.802376725766683 6.2356052 36.01382258350233 22.1865847629287 2.9113738100171176 0.19263587374240065 3.6125759969217834 41.054462847277804 35.054500233764784 2.9310870144342456 6.134268301955179 10.137173295681396 False
4075 2948.5406840422243 837.4516887250744 215.0209595431434 52.98407469284834 2947 2950 836 839 9.0 1.0114139880164905 0.8477561388988004 -89.42581021571682 0.5453797771582773 0.03409308332071645 0.09812670998377594 0.0 0.5160359761647265 2.592952 1.670547849861186 11.465654426814336 3.1574723870944723 0.19937074955992123 1.692568750643269 8.155013848490595 19.35894162001297 1.4092120765301281 2.1357274515555873 2.6127799082411225 False
4076 9928.781339317302 852.804624126304 214.9581691081878 52.939880956633026 9916 9944 842 862 443.0 6.654933384183229 3.6331463693208716 -23.79121829818284 0.8378289715581685 -0.0727021218826363 0.9829957674479294 0.0 149.51490248681378 16.337484 162.6104591062982 31.054942552938698 1.8651649774216266 0.38661769960150383 11.87481703351337 197.30949617289917 49.66249969278321 3.585326364594546 6.674914969080325 10.999362022840277 False
4077 9952.939055655583 855.2433890915783 214.9579269015698 52.93974083627226 9944 9960 849 862 148.0 3.907206880199978 2.844645030548797 13.615823953072583 0.6855231991693221 -0.12451958343952847 0.4149893204548781 0.0 29.776823401193788 9.263003 38.65740238433073 18.407540322721218 1.646326154191216 0.307265057937286 6.863662517577698 29.356327487768766 29.616693687740327 3.1762269211979395 5.066390432864154 12.087845682404259 False
4078 9948.24178721749 871.3303354879339 214.95779961784362 52.9398575389237 9939 9961 855 884 449.0 5.304212546304937 4.1105648272305615 -84.49967415823414 0.632007446433826 0.07252346377958056 2.6391736869108997 0.0 323.2132831480209 16.055273 471.49553647277503 34.9946948241122 2.2238031306350132 0.4170956214691535 11.954962939989485 430.1695207875862 56.39426131128796 3.8217833547480393 7.9035276774586105 15.876656293575474 False
4079 8214.406149329496 886.8504264821232 214.9731806232622 52.950942527034734 8186 8249 873 901 1300.0 11.164463459063215 4.926985920447079 4.788809796624083 0.8973548665599352 0.04721043584819807 5.746153292818879 0.0 1898.9240627575014 27.847176 2099.745244923271 38.45584569199 1.5276136552352628 0.4775189500841945 20.342144725641095 2152.4196081135024 61.525275663649275 5.469098296156853 10.545882505551543 17.7650139274188 False
4080 8184.711974281746 882.8283681607078 214.97348926329943 52.95110918698179 8179 8189 878 890 106.0 2.8276155160976484 2.6178899608346877 -50.20740043270835 0.3779413586064933 0.08276695085625255 0.5277546245636993 0.0 32.59247490903223 7.7949643 119.18143612493678 28.8975413530824 3.100380920565652 0.18562767959709764 5.808687281605183 115.79267791346135 46.17041016879895 4.6866848516970965 9.383243366052785 13.880090246549797 False
4081 1436.6064855193572 879.4171890836213 215.0340999025308 52.99388769502339 1429 1442 874 886 111.0 3.0415276377652725 2.380277408418552 49.781006789059305 0.6225340340718468 -0.016400572456978582 0.5217313645945869 0.0 36.10089689257773 9.228918 70.88305871839529 31.267689086735817 2.966143975701716 0.2170868882091429 5.944106103225343 15.070392324550113 50.2238705490218 3.151904000460802 6.132945246654111 12.213423832081155 False
4082 1424.1506324099903 885.223321184852 215.0341506677253 52.99399806379869 1410 1436 876 894 337.0 5.526211474677866 3.2294645526826824 -7.42073869203024 0.8114726989072684 -0.040396726406975364 1.0097315066821013 0.0 112.39645735226345 15.92589 159.27549359242266 26.621557327666796 1.7071773249436337 0.40011418730246523 10.357143990692485 153.83786417484126 41.94894798119447 3.6317332681350893 7.152814461100773 13.19355837901482 False
4083 1720.0089701233146 884.0594557363288 215.0315046225614 52.99211606871483 1717 1724 882 887 35.0 1.732904977085668 1.5188437812023734 -3.477960882053246 0.48145169070574906 0.07209654789476706 0.2716086847340959 0.0 6.803503312934485 4.430875 88.90940472454801 21.16214929500141 3.831903273147584 0.14758067755813628 3.3377905890622728 106.63266640764786 33.26097081766801 5.159361993218028 8.46562517193613 12.196636119757214 False
4084 1727.1865815494593 894.1015602651147 215.03133436170597 52.992124871780845 1722 1733 885 901 145.0 3.0284180754179086 2.5505062842875668 63.66911896400947 0.5391793859332955 -0.08410797476380079 0.8936640546905735 0.0 48.56017081384755 9.186077 128.36280963204229 26.67977669861063 2.8420276183096798 0.3683754602128877 6.793742230659745 151.32364179567008 42.37884288572922 3.6503330248151937 8.161389452900726 13.900565463964245 False
4085 2400.2932380418233 889.5052905224326 215.0253357431136 52.9878323833699 2397 2403 888 892 23.0 1.7053945714949055 1.0035948642571644 -19.66166550806547 0.8085099534887987 0.06693952821054398 0.3468058981947676 0.0 4.673310144201377 3.0631044 27.885455966402994 12.60890632634036 3.263933403307584 0.22371613259938924 2.7057581899030048 57.19040807583541 20.820948918868282 2.9182252815664875 5.34872730045248 8.114726267252394 False
4086 2395.9603933455264 894.1108580539841 215.0253261558313 52.98788476045944 2395 2397 892 896 14.0 1.4438055063435127 0.7648176541869143 -84.99036281364465 0.848170414285932 0.06779756244818382 0.19273007073097198 0.0 1.8481342929577562 2.4788718 9.237291205412799 10.314061919880679 3.1801667653594836 0.14545114624291158 2.111004122822376 19.93729407462753 16.45154256078566 2.212171733378722 3.609774146225807 4.935117366623111 False
4087 2399.8942428295304 908.0421004540992 215.02514408562652 52.98793515235421 2394 2406 903 914 108.0 2.9098814431882722 2.494859098655879 -21.24686670025013 0.5146925355943469 -0.011296075015055505 0.6764412726360793 0.0 42.99666973156118 7.0827994 85.99587972106565 20.32268107430049 2.422390425459595 0.23017618358212397 5.863230142835039 140.07902320886177 34.50020586510085 3.1928448577393214 5.707463631406818 10.096299543968522 False
4088 2410.512603077714 920.6514032403368 215.02491589265114 52.98793601264225 2400 2420 908 933 336.0 5.7613197205981175 3.4106895176872234 57.71105742238659 0.8059394618330679 0.011982704458540562 1.2227326208670402 0.0 162.45692721975513 11.457415 248.14910277077132 26.796354989097107 2.095248266898425 0.30317810983991644 10.341765891652821 288.8776423499003 45.124250354394775 4.107369943311791 8.089608633183316 13.57426732739091 False
4089 1025.9785346404076 916.6768498119015 215.0373973229652 52.99669244646479 1019 1033 911 922 116.0 3.487282678540983 2.1831989357761836 -17.455592518109228 0.7797862286713011 0.08036915930547157 0.4614422911470834 0.0 29.30791132827807 8.06619 55.82142259382244 21.397118753583147 2.3630569512453237 0.2354490309086317 6.076507779746499 92.0924948562148 34.14162334302457 3.152102001448093 5.922714154035178 9.231080584707088 False
4090 1026.8025570646662 930.1276848053002 215.0372482364991 52.996759973255934 1017 1038 918 942 362.0 6.30145836976244 3.5528391675963578 -52.60894644112829 0.8259030162358982 -0.1254852905746971 0.8006419546673997 0.0 126.5331027298159 14.629689 218.7575077247862 39.09189833203802 2.504751050603213 0.31715382211348253 10.734438914006276 236.95877199098084 62.52962663659975 5.23030989810656 9.853933737302834 19.255658237979674 False
4091 8508.776411226125 937.1637842102839 214.97001113271838 52.94934672689696 8502 8518 915 958 420.0 8.462251995976507 3.4340930380159334 78.79184018989298 0.9139560694762158 -0.09600132299150624 0.6616687192926228 0.0 127.51767759639361 17.185966 362.00500567916004 57.49052496193783 2.7681775109977695 0.29986750132730916 11.562445770562215 697.5378449029131 88.99619962661824 7.713764497452124 18.372830675471167 31.11179176750616 False
4092 8516.323071762532 930.2892144569225 214.97001585367735 52.949261704806986 8513 8520 926 935 60.0 2.2260109029410096 1.834145023591096 43.43906960862095 0.5666472614165995 -0.004148731057389591 0.3689602162686016 0.0 14.32394485597369 5.8598437 38.557997794707475 17.879801692774144 2.610664489210543 0.22768709702761275 4.370193722368317 93.38436633086016 29.91850467894413 2.8813380442173058 5.402549458160237 10.772856240582025 False
4093 1210.43707237815 925.7657305514274 215.0356439998485 52.99557221481314 1206 1216 920 930 93.0 2.920390296379129 1.940179321659104 9.01037334403018 0.7474161324742123 -0.06597332151893956 0.32576824333420396 0.0 14.045799745251056 7.198936 26.909599720545216 23.05944586890641 2.7809659573906402 0.33377209258523255 5.440847306724618 9.85455962016688 37.33226393901349 2.7565713345896454 4.923721286807996 10.519673291081329 False
4094 1217.975105658711 934.4194920138789 215.0354851112708 52.99557123003043 1215 1222 931 938 25.0 2.501434097539163 0.7373013274248923 44.18952354506897 0.9555739545949988 0.052140403904496334 0.2571124790435914 0.0 3.202885413726705 3.6412566 18.619984728158144 14.906325464420505 3.386987358746495 0.24073590564607547 2.8209479177387813 15.70790719913018 24.319393273847837 15.25140589272754 5.206837640960434 nan False
4095 315.2421148273734 935.6921274458913 215.04358470625994 53.00130085326148 303 326 921 950 527.0 5.585339234483159 4.581370207537576 83.63861872825746 0.5720062939710804 -0.12773246345431302 1.102548175017027 0.0 147.63680175227816 17.181849 221.76074045468894 33.61947040219587 1.9458912581554075 0.4639801842731056 12.951807210534664 271.3738322064177 54.94904128954703 4.157485282239966 8.804973347684124 15.82324977448682 False
4096 313.59799827521425 951.5550837064453 215.04343238964486 53.00139708101362 312 318 950 956 39.0 1.6079634858921776 1.3919265735344146 -27.03538775546012 0.5006572019024601 -0.025413917949996097 0.3085235138159295 0.0 3.778263981938302 4.579829 34.50588226661305 16.95896398531678 3.421277265898922 0.5155566348950454 3.523362819972964 47.718178738844514 27.27837894412236 7.424408743228044 10.230611129711725 11.861174812340343 False
4097 1904.3586847142615 939.1467875511652 215.0292681176613 52.99124519682138 1888 1922 923 955 837.0 5.80136423400388 5.487452847308767 74.02870955412486 0.3244872370770638 -0.1287260036403659 4.280019273993004 0.0 687.8776439520614 21.57295 768.7747755768972 30.816811333991666 1.654322084420503 0.5384019903679071 16.322541920173855 841.4704838489627 49.34679610333312 3.729359135542283 7.0813563226230185 12.421060630362604 False
4098 1929.371456866626 936.7340908572663 215.02906881250235 52.9910735647095 1923 1937 928 943 180.0 4.103943731469789 2.9327951411897892 -38.2426500390511 0.6995041894568039 -0.07871148987621526 0.5496126584445016 0.0 51.19323448550742 9.97135 112.21362875402582 27.946996457793805 2.4425219718098097 0.27681649270261866 7.569397566060481 208.2001779880594 44.97823957213414 4.4684983648172185 7.770225714181905 11.501783865469426 False
4099 3305.9943684699965 948.9100679146434 215.01657534753767 52.98241075990838 3297 3314 942 956 199.0 4.677555695436811 2.773783061753409 23.899194911062118 0.8052036344427504 0.06266361159630471 0.7951155204212658 0.0 83.44620592058712 10.5940275 103.75579305960494 17.07430359295133 1.4 0.2227341439078671 7.958873497585845 107.40062611174093 27.370226984685708 3.363411998970636 5.72148180740971 8.135456438155483 False
4100 3291.660713439128 946.9381098011859 215.01672484027702 52.98249098889786 3286 3296 942 952 100.0 2.7884537297372076 2.621327327552491 19.19570304706206 0.34099572472992795 0.001463815933732181 0.378876510451701 0.0 25.065173027820638 7.5044227 34.35278044836825 12.85837358286407 1.4 0.16360450134047202 5.641895835477563 21.1428749288193 20.51686317861115 2.7350618438813163 4.430992931527317 5.970621854659965 False
4101 8687.297592573448 975.0629193146228 214.96801132335474 52.94841881690724 8675 8701 953 995 778.0 8.397650940536991 5.322929407758512 -89.03176707846694 0.7734483488966191 3.28810993470666e-05 1.6405873428115918 0.0 476.665561893476 21.090193 727.5272046746761 47.571379329393075 2.102370977870362 0.3417768472331767 15.736743355948496 823.5493761847442 76.97579338593192 6.1487549551680045 11.668765531817009 20.634676833704834 False
4102 8698.69952353668 979.7572373486888 214.96785965782516 52.94837183524193 8694 8704 971 987 121.0 3.09759013933842 2.3498528951211983 -78.21578598461994 0.6515487292592448 0.18229044012637083 2.3900573908314815 0.0 138.6838932386274 8.150203 228.68505402976984 21.02012722341228 2.3051278410574882 0.2905008562360643 6.206085419025319 298.0233179403815 33.80403068191653 2.6918900403375834 5.0766186566314735 9.052356308859006 False
4103 631.0015403460465 962.4491355976588 215.0404648389296 52.99944393394002 623 640 955 972 245.0 3.8180302069468848 3.397271313392205 -27.997210668050165 0.45635680865992156 0.07168299968642701 1.7666959962108344 0.0 148.33318028871554 11.487543 210.34314505208158 26.286103433597784 2.1988171576601268 0.35579821300226305 8.83096382707056 228.28969879046588 41.95679245390034 3.0866839860184165 6.040031825939875 10.706668349516217 False
4104 625.0861647042266 973.3957458341081 215.04040269658893 52.9995406424115 621 630 971 977 40.0 2.1535677976131846 1.582522144990362 2.731837046898171 0.6782433240142749 0.12332439312313774 0.3781188682041413 0.0 8.9829889021266 5.028632 56.64231832760621 20.391724283087527 3.547154980345478 0.15159088931765638 3.5682482323055424 112.80017108167112 34.03449218286485 4.346786612189426 7.355844097800715 9.755372966944696 False
4105 619.6068226400386 977.1529871182139 215.04041236504676 52.99959570008498 616 624 973 982 60.0 2.540319412760055 1.8152366767796433 -74.39067021282143 0.6995636914680237 0.17626659780531376 0.5241718771590276 0.0 21.001513525602242 5.816668 54.07083461289469 16.1278905124321 2.303881674701629 0.14068401562529373 4.370193722368317 62.85266885771381 26.187453259021673 3.0026449349810655 5.049005502118025 7.352415669721441 False
