outputs/dr0.5_c0.1/nircam3_f410m_dr0.5_c0.1.ecsv
# %ECSV 1.0
# ---
# datatype:
# - {name: label, datatype: int64}
# - {name: xcentroid, datatype: float64}
# - {name: ycentroid, datatype: float64}
# - {name: sky_centroid.ra, unit: deg, datatype: float64}
# - {name: sky_centroid.dec, unit: deg, datatype: float64}
# - {name: bbox_xmin, datatype: int64}
# - {name: bbox_xmax, datatype: int64}
# - {name: bbox_ymin, datatype: int64}
# - {name: bbox_ymax, datatype: int64}
# - {name: area, unit: pix2, datatype: float64}
# - {name: semimajor_sigma, unit: pix, datatype: float64}
# - {name: semiminor_sigma, unit: pix, datatype: float64}
# - {name: orientation, unit: deg, datatype: float64}
# - {name: eccentricity, datatype: float64}
# - {name: min_value, datatype: float64}
# - {name: max_value, datatype: float64}
# - {name: local_background, datatype: float64}
# - {name: segment_flux, datatype: float64}
# - {name: segment_fluxerr, datatype: float32}
# - {name: kron_flux, datatype: float64}
# - {name: kron_fluxerr, datatype: float64}
# - {name: kron_radius, unit: pix, datatype: float64}
# - {name: gini, datatype: float64}
# - {name: equivalent_radius, unit: pix, datatype: float64}
# - {name: kron4_2_flux, datatype: float64}
# - {name: kron4_2_fluxerr, datatype: float64}
# - {name: radius_kron20, unit: pix, datatype: float64}
# - {name: radius_kron50, unit: pix, datatype: float64}
# - {name: radius_kron80, unit: pix, datatype: float64}
# - {name: near_border, datatype: bool}
# meta:
#   PHOTMJSR: 0.8704000115394592
#   PIXAR_SR: 2.11539874851881e-14
#   __serialized_columns__:
#     area:
#       __class__: astropy.units.quantity.Quantity
#       unit: !astropy.units.Unit {unit: pix2}
#       value: !astropy.table.SerializedColumn {name: area}
#     eccentricity:
#       __class__: astropy.units.quantity.Quantity
#       unit: !astropy.units.Unit {unit: ''}
#       value: !astropy.table.SerializedColumn {name: eccentricity}
#     equivalent_radius:
#       __class__: astropy.units.quantity.Quantity
#       unit: !astropy.units.Unit {unit: pix}
#       value: !astropy.table.SerializedColumn {name: equivalent_radius}
#     kron_radius:
#       __class__: astropy.units.quantity.Quantity
#       unit: &id001 !astropy.units.Unit {unit: pix}
#       value: !astropy.table.SerializedColumn {name: kron_radius}
#     orientation:
#       __class__: astropy.units.quantity.Quantity
#       unit: &id002 !astropy.units.Unit {unit: deg}
#       value: !astropy.table.SerializedColumn {name: orientation}
#     radius_kron20:
#       __class__: astropy.units.quantity.Quantity
#       unit: *id001
#       value: !astropy.table.SerializedColumn {name: radius_kron20}
#     radius_kron50:
#       __class__: astropy.units.quantity.Quantity
#       unit: *id001
#       value: !astropy.table.SerializedColumn {name: radius_kron50}
#     radius_kron80:
#       __class__: astropy.units.quantity.Quantity
#       unit: *id001
#       value: !astropy.table.SerializedColumn {name: radius_kron80}
#     semimajor_sigma:
#       __class__: astropy.units.quantity.Quantity
#       unit: !astropy.units.Unit {unit: pix}
#       value: !astropy.table.SerializedColumn {name: semimajor_sigma}
#     semiminor_sigma:
#       __class__: astropy.units.quantity.Quantity
#       unit: !astropy.units.Unit {unit: pix}
#       value: !astropy.table.SerializedColumn {name: semiminor_sigma}
#     sky_centroid:
#       __class__: astropy.coordinates.sky_coordinate.SkyCoord
#       dec: !astropy.table.SerializedColumn
#         __class__: astropy.coordinates.angles.Latitude
#         unit: *id002
#         value: !astropy.table.SerializedColumn {name: sky_centroid.dec}
#       frame: icrs
#       ra: !astropy.table.SerializedColumn
#         __class__: astropy.coordinates.angles.Longitude
#         unit: *id002
#         value: !astropy.table.SerializedColumn {name: sky_centroid.ra}
#         wrap_angle: !astropy.coordinates.Angle
#           unit: *id002
#           value: 360.0
#       representation_type: spherical
#   astropy version: '5.1'
#   make_catalog parameters:
#     ab_zpt: 31.4
#     coadd_bands: !!python/tuple [f277w, f356w]
#     deblend_contrast: 0.001
#     deblend_nlevels: 32
#     deblend_npixels: 1
#     detect_kernel_fwhm: 4.0
#     detect_kernel_npix: 7
#     detect_npixels: 4
#     detect_threshold_nsigma: 3.0
#     flag_isolated_buffer: 4
#     hst_bands: !!python/tuple [f606w, f814w, f125w, f140w, f160w]
#     jwst_bands: !!python/tuple [f115w, f150w, f200w, f277w, f356w, f410m, f444w]
#     near_border_kernelsize: 21
#     reference_band: f200w
#   make_catalog version: 1.4.0
#   photutils version: 1.5.0
# schema: astropy-2.0
label xcentroid ycentroid sky_centroid.ra sky_centroid.dec bbox_xmin bbox_xmax bbox_ymin bbox_ymax area semimajor_sigma semiminor_sigma orientation eccentricity min_value max_value local_background segment_flux segment_fluxerr kron_flux kron_fluxerr kron_radius gini equivalent_radius kron4_2_flux kron4_2_fluxerr radius_kron20 radius_kron50 radius_kron80 near_border
[from data line 1098]
1099 2605.8611808860455 1575.6107941127234 214.835394827542 52.86319397160217 2601 2611 1571 1580 91.0 2.463818474465578 2.183480615013089 -25.022325594365082 0.463268190199441 0.004905931312321951 0.9412283541450887 0.0 40.196673818912956 1.8141929 65.92535384249342 4.2071920100924896 2.1190557903067044 0.29558166017265625 5.382025607773058 78.11163734216669 6.8239014625966865 2.2994772366384115 4.474016501943039 7.250510549645505 False
1100 10177.025470966355 1572.4766575593019 214.7678970617991 52.81504477669316 10176 10178 1571 1574 10.0 0.9522837589523175 0.7786279304270235 80.99587081019948 0.5757258903200433 0.12044426207183385 0.3711507014454697 0.0 2.396975516558496 0.59977394 22.543577889165327 2.861745474598252 3.6583773585360446 0.228764390064269 1.7841241161527712 29.839777684979104 4.644284669673952 2.4078555116281395 4.158109110359741 5.815309394458102 False
1101 719.4372782402994 1572.7517745052417 214.85227412492804 52.87516518253105 718 721 1572 1574 9.0 1.0586044258608323 0.6897198743351121 14.433355939561043 0.7586169211137944 0.15753640687966244 0.33631426130808084 0.0 2.0433969747503795 0.5601715 15.348427525005157 2.363455832085833 3.2436572071558842 0.13669529192354377 1.692568750643269 10.390060012941207 3.8232192501446893 2.0249965871882445 3.523819519290384 6.493531403149962 False
1102 2466.6410721376665 1582.8354012163825 214.83656195159753 52.86411762663855 2461 2472 1578 1588 106.0 3.1102863828819536 2.3481955401667527 -47.196837500781 0.6557509535587708 -0.08213718858711522 0.6048674900582898 0.0 33.258535505058795 2.0489464 60.424689845273306 5.23496953701254 2.249231800304775 0.2299897435860351 5.808687281605183 66.52859160397293 8.328914194936349 3.033356997214858 5.4912498322848515 8.139262111054615 False
1103 6614.3155125250605 1582.9360201040743 214.79954581513965 52.83775518154555 6610 6615 1581 1586 31.0 0.9275604115536168 0.5529328908258706 -42.234102465839925 0.8028988909088225 -0.18977223144277525 0.4721696128421558 0.0 -0.19699818128776073 0.9817304 2.6979211067186424 0.8408329486178786 1.4 2.2635263802945023 3.141274657157109 1.0708371112115644 1.3587932006704968 0.8052386811407617 1.363855213231512 1.945894098488208 False
1104 7360.422104315526 1589.546723287056 214.79282253591197 52.833047252603265 7352 7369 1582 1596 203.0 4.127933406901492 3.2512814754854857 -9.832747728867872 0.6161493477310696 -0.04230676421842324 0.7812658638957692 0.0 73.16227114695221 2.7432544 150.53376151100605 8.01420958450118 2.500392605570676 0.2556216267171147 8.03846421247924 294.3526486842385 12.976723150079884 4.389914836830958 8.340893562300515 16.488994781948293 False
1105 7131.394046716 1587.0530570085202 214.79489107487842 52.83448995698675 7129 7134 1583 1591 39.0 2.0492739275932044 1.3942614518572307 -77.55549658214704 0.7328701716558744 0.15805592230803375 0.7703280940239442 0.0 16.311923019260835 1.2202375 39.68207528965521 3.940892507850454 2.6190032190514243 0.17648907144331552 3.523362819972964 30.60274186791917 6.279584755683569 2.2495465900082507 4.314482227250041 7.421843917998768 False
1106 1791.194648441377 1587.3739822650616 214.8425463176237 52.868434202038465 1789 1793 1585 1590 28.0 1.600894269524331 1.3685166903299686 83.68285225493463 0.5188832064616589 0.15258114184215776 0.5736800717982843 0.0 9.533541858502256 1.052744 22.905497247339106 3.573564981626533 2.6665287168916882 0.16440313841492685 2.985410660720923 12.775326659214953 5.605858108347699 2.034217960439771 3.336276480507141 5.4184041834727 False
1107 1968.72400893027 1590.3495757096289 214.84092943675293 52.867322167989705 1964 1974 1585 1596 96.0 2.572719476370888 2.0275602116433977 -78.39282706517041 0.6155472319066817 -0.0069662078775954775 1.554339576177176 0.0 62.501379057639824 1.9553949 122.16527293415149 5.420585119203103 2.638107472322026 0.33369033558589734 5.527906391541368 128.6129960906209 8.544449203152507 2.530372342061674 5.427950459166444 9.463241280916366 False
1108 8477.345295403598 1592.171209684501 214.7828370208435 52.8259595963335 8470 8484 1585 1598 155.0 4.432194301167107 2.4883510724764615 33.77996933514619 0.8275266468867538 0.02200643239040078 0.7279949831754752 0.0 45.86839126869887 2.4779317 151.42878731608369 9.197617491953888 3.010777906046314 0.2642534136400549 7.024103669400641 183.59579798269647 14.878749309369622 5.605697288669284 10.418231610839205 16.415890540343653 False
1109 4064.0293317434666 1590.7152727539103 214.82221812366194 52.85400831904765 4059 4070 1586 1596 106.0 2.398193488606783 2.301047168612716 11.73189560548788 0.2817362960561049 -0.08282314576704689 1.186425970467067 0.0 50.014741051422305 2.2200887 68.18952318273523 4.332881001917374 2.0520596019641943 0.3694752255198365 5.808687281605183 58.60224473097098 6.8937583632782795 2.0892126449228865 3.7704746091145513 7.031482465608889 False
1110 1494.3930980983264 1592.8769635741535 214.84513938235887 52.870349793968046 1492 1497 1589 1596 35.0 1.7936645920417322 1.312832084795565 87.74116389173537 0.6813827303355131 0.15898449614792615 0.6917816087397588 0.0 13.735824953729576 1.1423478 40.65432842209529 4.073834143908762 3.0016911285569354 0.19658201883447687 3.3377905890622728 67.05649196677177 6.659829271644682 2.3414772225802785 5.332488422726771 8.856840773858435 False
1111 2417.7074604894933 1596.3640478625562 214.8368565131869 52.86450151670672 2410 2427 1589 1603 190.0 3.7794873413771 2.4597180736963344 -27.62389603239231 0.7592429231574664 -0.10026903892712817 2.457316919292124 0.0 130.7624759425641 2.9342968 175.97402074450446 6.021858091463929 2.1157130729438305 0.418408184444118 7.776816725043752 199.4424483014928 9.638218437113967 2.443585236938417 4.875256076664367 8.936489955311275 False
1112 2456.689068647844 1589.9075481913558 214.83657637787033 52.86421899410864 2455 2458 1589 1591 10.0 1.0819393472239422 0.6591892225534755 -21.850281785095053 0.7929656556454002 0.14776069358219662 0.34313521634267374 0.0 2.544799439247438 0.5980655 16.436981283922574 2.4261758095440724 3.35291370923209 0.15136801115008405 1.7841241161527712 13.458498541460607 3.893293733006895 2.0397157098834824 3.51558170636608 6.355950981791019 False
1113 2666.171144495681 1594.78398120287 214.83465448532132 52.86291407175188 2664 2669 1591 1598 33.0 1.6934744739997687 1.2671138853617936 72.93279256724828 0.6634357730033864 0.04489303066476109 0.43957855115768774 0.0 7.92265592881315 1.1487796 16.697507347282894 3.691306657615439 2.7234267373653767 0.24781832972622592 3.2410224072142872 9.061775646170389 5.80164482325053 1.7699587435818585 3.3973361289682225 5.978987171911097 False
1114 3958.93584361894 1593.9769903154388 214.82312182274714 52.854693845895426 3957 3961 1591 1597 27.0 1.4959904982207837 1.1879314322083492 -88.01343088333317 0.6078173623236466 0.1364746384709024 0.7286850579753933 0.0 10.313383320054829 1.2797236 26.831326052950978 3.515891016951775 2.611835502650098 0.21462328720299184 2.9316150714175193 29.659242687131307 5.340930568953179 1.8563397584771444 3.542037120304184 5.346642799766389 False
1115 1209.8849324869623 1594.5715256140895 214.84766294911506 52.87216668413407 1208 1213 1593 1597 22.0 1.432086215214189 1.246838641940236 -31.81573051412804 0.4919119413370535 0.038619577404144664 0.38615203493023587 0.0 3.9868361192018993 1.0915931 22.84486635760561 4.7464108844169655 3.6443026348838345 0.32343782634618545 2.6462837142006137 31.274970221407255 7.16053314110209 2.729524249099452 5.731908085889467 7.830701187777081 False
1116 1991.9329240041707 1594.6823200133122 214.84067655028292 52.867198048876 1990 1993 1593 1596 13.0 1.0398533384288466 0.8728660893363765 68.27118374011053 0.5434945572269337 0.19328393839442665 0.46218154203756284 0.0 4.618044674997063 0.6869388 12.866862403349922 2.0634544582740357 2.587450319055737 0.16353324505990186 2.0342144725641096 12.668753189713573 3.320617444177992 1.4097288102711896 2.4666520125839813 3.695427616254576 False
1117 2360.636662533656 1604.6541238134128 214.83727888726233 52.86490887391996 2352 2370 1593 1616 349.0 4.352000251561683 3.450320464053703 71.33020268093689 0.6094655391683736 -0.0838483099633249 3.4533009178061183 0.0 251.28226864829824 4.297736 285.3519723058522 6.727173632271037 1.7116745207571775 0.48618991154681557 10.539931227391522 290.4015928405032 10.567402133503846 2.5564949596256663 4.967035756109387 9.052294690868411 False
1118 9007.005686235447 1594.879765616751 214.77808748478597 52.82260612400996 9006 9008 1594 1597 9.0 0.8487031742037585 0.4792323369251608 1.4298575634384827 0.8253207198653622 -0.2462543344651547 0.17835586966251255 0.0 0.05154840927529297 0.7689255 0.37565670759769454 0.9613865555234186 1.4 -1.189304606938064 1.692568750643269 -0.4850634169924815 1.4174433139226603 0.5372081154392329 0.8826408789969044 1.2246449160989348 False
1119 2929.58663302662 1603.1515551818939 214.8322144124331 52.8612851903982 2921 2938 1596 1611 220.0 3.5181559832500815 3.3077135853004154 -24.600289940427704 0.3406673583726135 -0.13510486883251188 1.7631966951969418 0.0 111.89353268108067 2.8699448 152.7995142039765 5.7344060071250595 1.9618010612569017 0.3754580276015018 8.368283871884005 170.3261975058574 9.333125619962813 2.8057636554140837 5.485471747708301 9.763825932615488 False
1120 8125.926676443037 1604.4427280383256 214.78584058986684 52.828260230593614 8123 8128 1600 1608 39.0 2.122510374017689 1.359719512857402 75.36422199257346 0.7678592817689212 0.025984379719167797 0.532824698829763 0.0 10.669004731879701 1.3397536 33.57492490102916 4.545476293507918 2.980953584072533 0.23969805571153838 3.523362819972964 34.402354942265724 7.271753644389799 2.6358651077532285 4.7385641042965965 6.983811892861962 False
1121 8278.246247371562 1604.9544389368182 214.78447731768338 52.827294454608136 8274 8283 1601 1608 61.0 2.5354132664274394 1.6989644467042873 -44.051224220253516 0.7422765242950119 -0.06709485866707508 0.6766996300384174 0.0 21.812805564877102 1.7382076 67.70156597668644 5.552089290030578 2.852110493145278 0.2287943506600538 4.406461512053774 119.06891775628362 8.699852550136278 3.24387494453192 6.498975668428281 11.784608712145891 False
1122 2782.0008508794785 1604.5362555645918 214.83351758470084 52.86223055900421 2781 2783 1603 1606 12.0 1.0495071764330917 0.7572842573036681 -82.14335463666981 0.692350063249909 0.18692229711549602 0.4912064995005432 0.0 3.8324486100542723 0.7030081 19.676176360548176 2.551575597641542 3.222922614118618 0.17518565289306906 1.9544100476116797 36.183554612297186 4.066237182107443 2.0087494390392404 4.337901121092116 6.382611548581368 False
1123 6999.80501673021 1607.5724361247044 214.7958485962139 52.835437116298536 6995 7004 1604 1611 57.0 2.443938256679049 1.4128324509945818 -37.10942958694269 0.8159683176618346 -0.05172343164101565 0.6666965783012478 0.0 13.388054495708518 1.4242373 23.94384707385582 3.274796028169249 2.1096692618638926 0.3714551707391775 4.259537945889915 19.92744340713023 5.2411918440504195 1.9032674737881767 4.122770190698561 6.887088762515859 False
1124 8841.206532969407 1609.7227792693404 214.779409027784 52.8237403883545 8836 8847 1605 1614 86.0 2.394366832622298 2.0456477211381165 28.542728192856142 0.5196840450551966 0.079455873955914 1.1540530761579932 0.0 41.16578564981907 2.1312315 81.40910812740837 5.484237088021489 2.63771994218579 0.31939975101093604 5.232078956954491 99.05838531029352 8.890600447552787 2.47469960386804 5.291092940442911 9.623262339239433 False
1125 9251.88776715093 1608.6315880907975 214.77576030634816 52.821122939776984 9251 9253 1607 1610 10.0 0.9592453233179781 0.740745458530153 -76.72105107610355 0.6353589894531255 0.1469030796639638 0.46531034793886855 0.0 3.536196222963409 0.75684947 11.577209227470824 2.4606221007891818 2.951163867589913 0.1368650402237957 1.7841241161527712 15.83392582069217 3.8671942602305904 1.3917791478158 2.4957812342872727 3.7187133872902547 False
1126 4416.837849223661 1614.7401311886197 214.81881641083126 52.851895384362805 4413 4420 1612 1617 31.0 1.965151662640275 1.1808983733639111 40.59007783573808 0.7993093883947147 -0.02829706875499141 0.4426642890169404 0.0 5.891463569060631 1.120075 15.420727546267798 2.5682240111279575 1.9623193293723837 0.33970358089292935 3.141274657157109 7.305597163944821 4.221171073737993 2.248367165294566 3.5124094742188112 4.702857406640882 False
1127 10087.589079488393 1615.4860906267418 214.7682413317684 52.81584517786576 10087 10088 1615 1616 4.0 0.5389880232249296 0.44873520577646037 47.491033044777105 0.5539478779145416 0.078357456258469 0.16683809405591804 0.0 0.5044235309738658 0.39378622 1.9392247321630112 1.6026379526528232 3.8950009094475075 0.17632593733622148 1.1283791670955126 -3.57320590897352 2.563861039200441 0.9864482002051496 2.1667586936888137 2.907606105600898 False
1128 9440.092326246135 1618.5829751352142 214.77397835635293 52.819979678968 9437 9443 1616 1622 36.0 1.6730841516538035 1.4166158354459542 -47.56112010020776 0.5320558595226176 0.023201992877486276 0.3247099560491728 0.0 6.880658990636445 1.3638831 23.089064454029607 4.355439879768809 3.0692595047468996 0.25918629352493006 3.385137501286538 37.81110446664446 6.969546561333138 2.474135673172338 5.013424505404085 7.1260865057544995 False
1129 1383.3946491586416 1620.2096640105046 214.8458431427831 52.871202451586335 1380 1387 1617 1624 54.0 1.9179420287445332 1.775329826717285 -0.7945451756246004 0.37839771479689277 -0.1583533627123983 0.7107631329518276 0.0 16.99172904331219 1.6601367 31.49855254646091 4.10844507203315 2.4731641119876895 0.31184304960682735 4.145929793656026 23.45261136737334 6.654999274619531 2.0603891900087823 3.863885264670387 7.93147037746152 False
1130 8860.004850000507 1620.7354842058658 214.77912558629464 52.823680162954965 8858 8862 1619 1623 19.0 1.3239595966357338 1.0319655682508486 -23.10507054819837 0.6264594985417631 0.07706600880224662 0.5535952015920375 0.0 5.0091743597120315 0.9838854 18.45348118539591 3.5902925656658513 2.9414306166719113 0.2766442275630703 2.4592453796829674 25.57407021617366 5.394100668102758 2.0386871163350553 4.633528028646951 7.088303861344014 False
1131 9343.113972610541 1621.441175223533 214.77481251255924 52.8206117918736 9342 9344 1621 1622 6.0 0.8188731702567262 0.4956248319838575 -2.631489316411153 0.7960337361619605 0.19282655789797265 0.32668207328743 0.0 1.413567550918649 0.49824974 17.128621183305185 2.152407721410968 3.6372033904479797 0.12389046079842253 1.381976597885342 30.03591649265374 3.4037010876295892 2.0541990568577093 3.6905349807196792 5.121320623908406 False
1132 1224.3306099418014 1629.6845099796458 214.84716428092264 52.872264223437156 1210 1235 1622 1637 258.0 5.674015478038693 2.504212215027888 -26.120371456463666 0.8973363002590127 0.016627904987600445 2.0239271387552256 0.0 158.38909395739782 3.5003135 203.057603921311 6.0930101548745315 1.771671559496959 0.3623036878150804 9.062226582657155 215.21418734942225 9.343074746165682 2.9751080592104073 6.0736121933185725 10.417275919986887 False
1133 9018.457535006097 1622.6423399240532 214.7776932635348 52.82268282284474 9018 9019 1622 1623 4.0 0.5297145793240707 0.4442280211387722 38.59595213149238 0.5447204388577838 0.08384690965560321 0.22792405778704897 0.0 0.68141445635464 0.43088803 6.031679465197573 1.6945448887332457 3.8456401348323235 0.23585218251979692 1.1283791670955126 7.011520444954999 2.6466859114518173 1.4961263427685292 2.3692160506388147 3.143307342360753 False
