outputs/dr0.5_c0.1/nircam6_matched_f277w_f444w_dr0.5_c0.1.ecsv
# %ECSV 1.0
# ---
# datatype:
# - {name: label, datatype: int64}
# - {name: xcentroid, datatype: float64}
# - {name: ycentroid, datatype: float64}
# - {name: sky_centroid.ra, unit: deg, datatype: float64}
# - {name: sky_centroid.dec, unit: deg, datatype: float64}
# - {name: bbox_xmin, datatype: int64}
# - {name: bbox_xmax, datatype: int64}
# - {name: bbox_ymin, datatype: int64}
# - {name: bbox_ymax, datatype: int64}
# - {name: area, unit: pix2, datatype: float64}
# - {name: semimajor_sigma, unit: pix, datatype: float64}
# - {name: semiminor_sigma, unit: pix, datatype: float64}
# - {name: orientation, unit: deg, datatype: float64}
# - {name: eccentricity, datatype: float64}
# - {name: min_value, datatype: float64}
# - {name: max_value, datatype: float64}
# - {name: local_background, datatype: float64}
# - {name: segment_flux, datatype: float64}
# - {name: segment_fluxerr, datatype: float32}
# - {name: kron_flux, datatype: float64}
# - {name: kron_fluxerr, datatype: float64}
# - {name: kron_radius, unit: pix, datatype: float64}
# - {name: gini, datatype: float64}
# - {name: equivalent_radius, unit: pix, datatype: float64}
# - {name: kron4_2_flux, datatype: float64}
# - {name: kron4_2_fluxerr, datatype: float64}
# - {name: kron4_2_mag, datatype: float64}
# meta:
#   PHOTMJSR: 0.3925000131130219
#   PIXAR_SR: 2.11539874851881e-14
#   __serialized_columns__:
#     area:
#       __class__: astropy.units.quantity.Quantity
#       unit: !astropy.units.Unit {unit: pix2}
#       value: !astropy.table.SerializedColumn {name: area}
#     eccentricity:
#       __class__: astropy.units.quantity.Quantity
#       unit: !astropy.units.Unit {unit: ''}
#       value: !astropy.table.SerializedColumn {name: eccentricity}
#     equivalent_radius:
#       __class__: astropy.units.quantity.Quantity
#       unit: !astropy.units.Unit {unit: pix}
#       value: !astropy.table.SerializedColumn {name: equivalent_radius}
#     kron_radius:
#       __class__: astropy.units.quantity.Quantity
#       unit: !astropy.units.Unit {unit: pix}
#       value: !astropy.table.SerializedColumn {name: kron_radius}
#     orientation:
#       __class__: astropy.units.quantity.Quantity
#       unit: &id001 !astropy.units.Unit {unit: deg}
#       value: !astropy.table.SerializedColumn {name: orientation}
#     semimajor_sigma:
#       __class__: astropy.units.quantity.Quantity
#       unit: !astropy.units.Unit {unit: pix}
#       value: !astropy.table.SerializedColumn {name: semimajor_sigma}
#     semiminor_sigma:
#       __class__: astropy.units.quantity.Quantity
#       unit: !astropy.units.Unit {unit: pix}
#       value: !astropy.table.SerializedColumn {name: semiminor_sigma}
#     sky_centroid:
#       __class__: astropy.coordinates.sky_coordinate.SkyCoord
#       dec: !astropy.table.SerializedColumn
#         __class__: astropy.coordinates.angles.Latitude
#         unit: *id001
#         value: !astropy.table.SerializedColumn {name: sky_centroid.dec}
#       frame: icrs
#       ra: !astropy.table.SerializedColumn
#         __class__: astropy.coordinates.angles.Longitude
#         unit: *id001
#         value: !astropy.table.SerializedColumn {name: sky_centroid.ra}
#         wrap_angle: !astropy.coordinates.Angle
#           unit: *id001
#           value: 360.0
#       representation_type: spherical
#   astropy version: '5.1'
#   kernelfile: kernel_f277w_f444w.fits
#   make_catalog parameters:
#     ab_zpt: 31.4
#     coadd_bands: !!python/tuple [f277w, f356w]
#     deblend_contrast: 0.001
#     deblend_nlevels: 32
#     deblend_npixels: 1
#     detect_kernel_fwhm: 4.0
#     detect_kernel_npix: 7
#     detect_npixels: 4
#     detect_threshold_nsigma: 3.0
#     flag_isolated_buffer: 4
#     hst_bands: !!python/tuple [f606w, f814w, f125w, f140w, f160w]
#     jwst_bands: !!python/tuple [f115w, f150w, f200w, f277w, f356w, f410m, f444w]
#     near_border_kernelsize: 21
#     reference_band: f200w
#   make_catalog version: 1.4.0
#   photutils version: 1.5.0
# schema: astropy-2.0
label xcentroid ycentroid sky_centroid.ra sky_centroid.dec bbox_xmin bbox_xmax bbox_ymin bbox_ymax area semimajor_sigma semiminor_sigma orientation eccentricity min_value max_value local_background segment_flux segment_fluxerr kron_flux kron_fluxerr kron_radius gini equivalent_radius kron4_2_flux kron4_2_fluxerr kron4_2_mag
[from data line 1456]
1457 6375.676973632459 1900.561448565294 214.8505311944656 52.82257563963682 6373 6379 1898 1903 30.0 1.73200087663125 1.2650040636728226 -30.362647337293897 0.6830501330764953 0.18699788828889666 0.36749822277931127 0.0 8.56819109864423 1.0032572 31.392838849999 3.325734027211234 2.9629024038711935 0.10006073748390922 3.0901936161855166 48.414380922476624 5.268776272786071 27.187564042810454
1458 7651.625253784804 1910.1501265838492 214.83904693594408 52.81451985374465 7644 7658 1898 1921 256.0 4.827950098318292 2.773640786738835 -73.39021435856174 0.8185069868113236 0.24095270304814065 2.3955847991268 0.0 210.20902477750172 3.1683235 279.6034453515589 6.08798348902951 1.9215874871777618 0.3560549852707505 9.0270333367641 302.28234710295374 9.641656197697623 25.19896803579041
1459 4052.081267465777 1900.9358843520504 214.8712682602637 52.83733917682202 4051 4053 1899 1902 9.0 0.9860032328769838 0.7234366245840084 -76.75483426919 0.6794669250713562 0.2278054187354843 0.2752693470818104 0.0 2.295420468369074 0.5228334 28.562319920976933 2.3141098924100083 3.699042816345743 0.04143595639516829 1.692568750643269 47.243246244071855 3.675800563568355 27.214150670456995
1460 8239.350063728283 1906.921698143781 214.83383888877688 52.81076762796576 8231 8247 1899 1914 194.0 3.8354821778654076 2.583048842696299 -35.60276494294794 0.7392224747636534 0.20788063238921511 2.2127259950524683 0.0 142.85298497592532 2.744685 199.64631180057947 5.937220066030838 2.071229592675423 0.3641411219181364 7.858251581595959 225.8710820023188 9.255377206808902 25.515348419276542
1461 1833.2316859851026 1901.3366844586892 214.89108321417044 52.85143403792289 1832 1835 1900 1903 16.0 1.2575599068066665 0.80594752714238 54.62446674615783 0.7676393963072727 -0.008411757793067687 0.034400932537257976 0.0 0.27286159317093517 0.72896 0.6537365178437422 1.0733155851017246 1.4 0.3144693588428544 2.256758334191025 0.3486392723204552 1.7223579684659114 32.54405923388972
1462 6117.408565473207 1906.3895580692852 214.8527745882454 52.82424799303821 6110 6126 1900 1913 180.0 3.6358881677303403 2.6988122194592425 -13.789633895231159 0.6701004632824983 0.18308263626232146 1.593599670389235 0.0 120.03301822253636 2.2513006 152.3356017545549 4.302057663662402 1.8433366824150146 0.3231273250152021 7.569397566060481 172.8339550462852 6.870207802060177 25.80592732940282
1463 9075.206584590134 1904.2345278644868 214.82641358329917 52.80544112057487 9071 9079 1900 1909 67.0 2.176450559777239 1.9808639076107588 41.242490287053656 0.41431173897415036 0.1614912312935107 0.6388703527849083 0.0 24.925014586939245 1.5213095 42.88529403293544 4.104266277759291 2.254952754703645 0.19900511967167944 4.61809077155419 51.16371908645398 6.527645505614767 27.127594735541138
1464 8318.980260263701 1904.6880751068989 214.8331522097184 52.81024954274629 8318 8320 1903 1906 8.0 1.0183819031141197 0.6139210675876527 -65.77861841926627 0.7978623092849413 0.23550956211362914 0.3162637866602669 0.0 2.2235423055624035 0.538949 15.961827218864254 2.380064351754197 3.523754593654095 0.06465966195115974 1.5957691216057308 20.31746892609967 3.747024530378786 28.130325989480927
1465 4363.749252678242 1926.122328728396 214.86822057350446 52.8354952478005 4336 4391 1904 1947 1641.0 7.990782623987612 6.020222467622992 -16.929967156735096 0.6575672536830725 0.17920711029103145 16.592391566865665 0.0 2462.4896070316454 7.049535 2595.0329323311107 8.38136326900888 1.6154863022095238 0.6381400697395351 22.85490151428355 2886.6371405202153 12.934956650644281 22.749019512218887
1466 6285.670824951681 1906.2843283013647 214.85127417728876 52.82317836408892 6282 6289 1904 1909 32.0 1.739381795783242 1.3029362513172345 14.021862864714658 0.6624794613357543 0.3181793839166388 0.6256279732220891 0.0 14.856102061756673 0.9293846 34.26512952243165 2.8979849131423463 2.5344710475102517 0.11896195424175 3.1915382432114616 37.95905363297818 4.617661745283945 27.45171155904566
1467 487.54772088537067 1910.1615558545461 214.90301656310527 52.86002696763005 484 491 1907 1914 46.0 2.048531251740726 1.5616700450922627 29.962839307645456 0.6471809135191726 0.15028394423885058 0.3676790356514658 0.0 11.853352209649648 1.0129151 35.90635515323207 3.610726064925248 2.9595029875943633 0.13580708135415617 3.826519928662906 45.59472324392966 5.887572128030521 27.252713540194602
1468 3001.0114496949573 1912.4523936005646 214.8805338995191 52.844077434654146 2995 3007 1907 1918 102.0 3.417674230329747 1.9640827381395216 -40.9139025841891 0.8183753945699197 0.19979048785326858 0.7254827546976892 0.0 42.36074431806947 1.5663486 89.73915028913761 4.760693918565419 2.603874103344678 0.18869918158405452 5.698035485213008 119.5415126749419 7.632317932202628 26.206203132293492
1469 3139.884673708747 1913.2447446368392 214.87928517345682 52.84319966299984 3133 3147 1907 1918 128.0 3.485010255197585 2.387740576601782 6.5366768952084575 0.7284058352314855 0.18082008260146132 0.7108044373571031 0.0 51.76081017364388 1.8335826 119.48949818074274 5.407104776761303 2.6201219877212716 0.19638414054161896 6.383076486422923 166.02230066258505 8.596588082267587 25.849583930438865
1470 3822.2656042516546 1924.5276307178938 214.87307234082482 52.83892622878121 3806 3840 1908 1940 774.0 6.158029952734681 4.231871563396332 32.408449136944846 0.7264570065260635 0.1932792374858938 12.87638265873745 0.0 1344.8498853189458 5.020512 1406.1231927392914 6.055017504720458 1.515520741331595 0.5883704771551749 15.696236870863475 1497.071208357374 9.507634483858705 23.461893854751626
1471 6995.4044930455475 1931.8033597238016 214.84467324898827 52.818806422194584 6974 7020 1912 1952 1230.0 8.440953811988786 4.734016622390077 39.717813164385326 0.8279248432023268 0.21312879186105707 19.652936837560016 0.0 2359.0024450223054 6.387021 2502.4862371636304 7.9539572150685585 1.5638900372319091 0.5962647912340245 19.786893642157743 2699.8429106031053 12.699997770912132 22.82165376093861
1472 10095.306955263519 1914.3094981116246 214.81721362652644 52.79901185971548 10094 10097 1913 1916 14.0 1.1535494986116293 0.9307546201053858 -52.589720717880375 0.5907407230676243 0.2990067236264672 0.40128077587430855 0.0 5.04158802873471 0.66995347 33.19132813566388 2.903399394847278 3.386958518216812 0.04968533689829121 2.111004122822376 42.113415297460094 4.600931263285444 27.338948842264134
1473 10127.303567559564 1915.0334659392252 214.8169208146682 52.79881238566689 10126 10128 1914 1916 7.0 0.7533025008442038 0.6858687982100521 87.76924402018994 0.41354744189137843 0.23591337611140722 0.2775467729320422 0.0 1.820679253191727 0.4969885 10.912360686188453 2.1224375491514547 3.430791616171679 0.040708983910424594 1.4927053303604616 13.11857432203185 3.3529230994028594 28.605283399770855
1474 6079.035893782794 1915.252860128613 214.85302383070595 52.824539587236345 6078 6080 1915 1916 4.0 0.7002171662471957 0.43433691712029915 -1.7249375935171027 0.7843734529253286 0.2526893039673337 0.2925200920534251 0.0 1.1096848809379594 0.32572052 11.473110449588521 1.5440217470494941 3.7655254631600803 0.03688065800084149 1.1283791670955126 14.957567370985691 2.4654783787284695 28.46284758089531
1475 8959.811464885744 1918.824585977809 214.827289095311 52.806253147725215 8956 8964 1915 1922 58.0 2.0138085124850535 1.77545248116329 -37.41156792345729 0.47192410427419124 0.15806036826186268 0.7316070110243557 0.0 22.528548075051585 1.4263219 44.611777718956844 4.08417051090196 2.5580452331519057 0.23352605373729238 4.296739856991561 66.59645540070517 6.813555717875823 26.8413722138941
1476 3651.127482690782 1921.0784822900202 214.87463689084237 52.83999467620634 3646 3657 1917 1925 84.0 2.6388171191825824 1.9776258774891202 -9.94370560913711 0.6620762236388636 0.17633366593104038 0.7196403354974644 0.0 33.06012679367825 1.4548621 65.02275546167282 4.197982237270821 2.5339229422452907 0.2231368799295538 5.170882945826411 80.3623253448923 6.819588008016696 26.63736876275359
1477 7565.157129944994 1922.796066377642 214.83968527407336 52.81513749136403 7560 7571 1917 1928 118.0 2.4811691471163275 2.3714499990841573 -4.659983187964182 0.29408504826981446 0.17394026773447646 1.9857963314079945 0.0 83.81664546121475 2.074753 106.82106644132222 3.8797277172670297 1.915941687404753 0.3792666912843561 6.128667601500942 126.05306417765844 6.153404931289168 26.148616481885256
1478 10059.14950304416 1922.6611120974505 214.81744811947044 52.79928669046129 10046 10068 1917 1928 200.0 5.507623757193204 2.2266608895615754 -10.976975000403286 0.9146321619837285 0.17974810972358443 1.8298640016402594 0.0 118.60390803089065 2.7044172 173.55742819939462 6.373640581746345 2.16715887691836 0.32912733124168897 7.978845608028654 228.70730155625546 10.231327675627332 25.501799925442327
1479 775.8326986747273 1931.0868684741188 214.90021974309101 52.85830933837206 763 790 1919 1943 506.0 4.922873930057549 3.897741529757716 31.3977149982633 0.6108304949434994 0.16394830629062232 6.775025239117806 0.0 564.6883154646703 3.7082286 633.5831324004739 5.361014778220767 1.7306732626737034 0.5276427284555395 12.69113085619237 692.6828752640588 8.517113884382276 24.298663872506914
1480 2165.7855233845394 1925.4900679090529 214.8878579625944 52.84945240051704 2163 2169 1921 1930 46.0 2.396297638292769 1.4182316007031333 82.13726338953381 0.8060533805284045 0.17868080777082118 0.35191972507741454 0.0 12.856851336105118 1.1182011 35.80169008376562 3.7266229795646315 2.686392443274288 0.09229540058096346 3.826519928662906 44.04430529149822 5.716496965121071 27.290275589319187
1481 6094.622173730022 1922.6661033506869 214.85280679269056 52.82448053521207 6093 6096 1922 1924 9.0 1.0511771429185681 0.6606744103791821 5.73024153288365 0.7778022234790755 0.21022247899278582 0.2571659032019552 0.0 2.155804965746168 0.47969097 19.533600515310223 2.2366537487849074 3.674426369242462 0.04302558275657244 1.692568750643269 29.076844629766477 3.573661580757845 27.74113181040532
1482 8976.034793581426 1924.339154459406 214.8270864646453 52.806179766021764 8974 8978 1923 1926 18.0 1.2903659358083417 1.0230591205022859 0.15509829032214892 0.6094244074695897 0.3309109962922557 0.4841673159047172 0.0 7.265106628637704 0.9398359 32.039798913371826 3.273356223576222 3.1074653471541627 0.0676392433921533 2.393653682408596 38.571336785466116 5.178687177694353 27.434338273298273
1483 7743.138062698469 1924.8268403529626 214.8380763549588 52.81401745460558 7742 7744 1924 1926 6.0 0.7778784364797534 0.5756306236181964 -44.94893404499619 0.6726060476233083 0.2542279282568205 0.29314594343636224 0.0 1.6723698671151848 0.45500147 17.039327719859582 1.9759600397615702 3.6242876010177567 0.03413961998332065 1.381976597885342 29.938911744720045 3.1787879130201695 27.70940997489997
1484 9528.991936214352 1939.2112136851827 214.82200010942205 52.802745548568176 9519 9540 1924 1955 493.0 6.6816629194000665 3.7674939671724927 -76.9837529004529 0.8258733003895377 0.21743453996372306 2.7180728010114508 0.0 477.0254768009851 4.5048103 538.1288461167089 6.7949385617701195 1.5350480811652893 0.3703895407034166 12.527041705391134 551.222450126713 10.997960682981123 24.54668275710703
1485 8042.329337903575 1930.1003469312943 214.83535234815577 52.81214461568457 8039 8046 1925 1935 68.0 2.4311361859638683 1.783086350752972 87.62010069958957 0.6797569354556162 0.2182173876260773 0.8980444416706832 0.0 35.18157837410812 1.5272251 53.61255009080458 3.8708556035688586 2.1640445398368513 0.20819876443346644 4.652426491681278 59.248647632410574 6.076143444521107 26.968303895256014
1486 9281.032864701476 1936.6575751454875 214.82423758679883 52.80430774092209 9263 9300 1925 1949 616.0 7.9511104742476855 3.382594505246026 -29.591664078491505 0.9049940789564778 0.20915769420132876 5.2981275889377395 0.0 820.9864883159804 5.1650543 926.4934812017364 7.929941420722755 1.6662876359776393 0.458881796976013 14.002817212590296 984.188199495738 12.489868308473666 23.9173046162507
1487 7021.582852055569 1929.4879192405979 214.84446404211744 52.81862759819272 7020 7024 1927 1932 22.0 1.4921996203145937 1.118737312780924 -75.41958285070584 0.661751072444423 0.2401008847632016 0.37920044495597655 0.0 6.868582813782002 0.9590147 51.0152146770795 3.8808623889040215 3.5316955024247845 0.07090696771616369 2.6462837142006137 97.41601412075991 6.07486869074994 26.428424110046855
1488 7814.102976512952 1929.5378536069627 214.83739384921964 52.813591897189646 7811 7817 1927 1932 35.0 1.6584845821030916 1.3858881645034746 26.805478281423916 0.5492847557941671 0.12141534020195344 0.3953201067725253 0.0 8.900504027996687 1.1239552 14.295274239568315 2.6195046926007586 2.058781145413802 0.17890191873263778 3.3377905890622728 13.663018799189775 4.291203772133041 28.56113333527758
1489 1682.893766833072 1937.631809483821 214.89204483133037 52.85258461085567 1676 1691 1928 1945 216.0 3.9671617665721164 2.8600109772911164 54.52393815919114 0.6930170556371463 0.15577969092588703 1.603154096430294 0.0 116.96846963226606 2.5199945 154.25379985323877 5.000255080443858 1.956389752094688 0.35234762873608605 8.291859587312052 165.66327225564976 7.7968950437513165 25.851934411279856
1490 10233.047461665985 1936.807210341132 214.81574938665378 52.79825759643589 10217 10245 1929 1944 318.0 5.147222760051575 3.0202919944884217 1.0434762747277349 0.8097457486659313 0.2202337445685114 3.181433964884414 0.0 268.10096646630916 3.3202505 351.36760523753435 6.617028421658215 1.9658097633872462 0.40718938066054516 10.060941497019325 388.27682581094916 10.453896454942477 24.927146323549685
1491 7121.647292800796 1932.905275606146 214.84353539750614 52.81801019922705 7118 7125 1930 1935 34.0 1.9395816005450628 1.2199384383470087 23.159927313124225 0.7774296556134327 0.22584542538511393 0.516831779503653 0.0 12.221761086954022 1.1551901 36.77558577864346 3.9060322163885686 2.898083473145444 0.13577500761398062 3.2897623212397704 48.84134260767512 6.112352059467721 27.178031015427106
1492 2374.077605344003 1942.3295117684033 214.88582001020183 52.848220407675925 2358 2388 1931 1953 523.0 5.820807588952805 4.0543555526259185 7.501238749887083 0.7175295987199155 0.18468882640259837 3.9037755227358972 0.0 470.0151805811693 3.8329492 554.0906524348079 6.125918107146826 1.7399351890216521 0.4451909958792676 12.902560616952067 587.8278003782245 9.669619919272204 24.476874696282223
1493 8419.540960202576 1932.496906641715 214.83196303932831 52.809760385035865 8419 8420 1932 1933 4.0 0.5010977497639507 0.4972059313011552 57.71357908879438 0.12438991491848117 0.24207975599728415 0.28936903577031703 0.0 1.0695143657837343 0.4141614 8.349470254760998 1.681580538365127 3.8553727751317166 0.05678390602108797 1.1283791670955126 9.877847367651489 2.6878153362692387 28.913344222086018
1494 9909.141541075134 1934.5027728355485 214.818660770702 52.80030397261728 9907 9912 1932 1938 33.0 1.5125247664053194 1.3402249749479553 -70.95736433313407 0.4635234588572422 0.7696818739961984 3.5606312672699154 0.0 65.39795004535719 1.0504711 76.62798455666929 1.8817725743531941 1.6469814670696454 0.24216926934099212 3.2410224072142872 83.26008128816312 3.0455557500773076 26.598907923600777
1495 6819.520310216316 1933.5179756622233 214.84622442821964 52.8199332414094 6819 6820 1933 1934 4.0 0.5011799368518939 0.49807935269188214 -45.826558761441376 0.11106243273263673 0.22308559718806753 0.26027326773320447 0.0 0.971315585901656 0.31651837 8.937251307238919 1.478841378195595 3.92508480703091 0.03906406323675921 1.1283791670955126 11.428373201809741 2.4107630884955107 28.755038964641646
