outputs/dr0.5_c0.1/nircam6_matched_f115w_f277w_dr0.5_c0.1.ecsv
# %ECSV 1.0
# ---
# datatype:
# - {name: label, datatype: int64}
# - {name: xcentroid, datatype: float64}
# - {name: ycentroid, datatype: float64}
# - {name: sky_centroid.ra, unit: deg, datatype: float64}
# - {name: sky_centroid.dec, unit: deg, datatype: float64}
# - {name: bbox_xmin, datatype: int64}
# - {name: bbox_xmax, datatype: int64}
# - {name: bbox_ymin, datatype: int64}
# - {name: bbox_ymax, datatype: int64}
# - {name: area, unit: pix2, datatype: float64}
# - {name: semimajor_sigma, unit: pix, datatype: float64}
# - {name: semiminor_sigma, unit: pix, datatype: float64}
# - {name: orientation, unit: deg, datatype: float64}
# - {name: eccentricity, datatype: float64}
# - {name: min_value, datatype: float64}
# - {name: max_value, datatype: float64}
# - {name: local_background, datatype: float64}
# - {name: segment_flux, datatype: float64}
# - {name: segment_fluxerr, datatype: float32}
# - {name: kron_flux, datatype: float64}
# - {name: kron_fluxerr, datatype: float64}
# - {name: kron_radius, unit: pix, datatype: float64}
# - {name: gini, datatype: float64}
# - {name: equivalent_radius, unit: pix, datatype: float64}
# - {name: kron4_2_flux, datatype: float64}
# - {name: kron4_2_fluxerr, datatype: float64}
# - {name: kron4_2_mag, datatype: float64}
# meta:
#   PHOTMJSR: 2.962800025939941
#   PIXAR_SR: 2.11539874851881e-14
#   __serialized_columns__:
#     area:
#       __class__: astropy.units.quantity.Quantity
#       unit: !astropy.units.Unit {unit: pix2}
#       value: !astropy.table.SerializedColumn {name: area}
#     eccentricity:
#       __class__: astropy.units.quantity.Quantity
#       unit: !astropy.units.Unit {unit: ''}
#       value: !astropy.table.SerializedColumn {name: eccentricity}
#     equivalent_radius:
#       __class__: astropy.units.quantity.Quantity
#       unit: !astropy.units.Unit {unit: pix}
#       value: !astropy.table.SerializedColumn {name: equivalent_radius}
#     kron_radius:
#       __class__: astropy.units.quantity.Quantity
#       unit: !astropy.units.Unit {unit: pix}
#       value: !astropy.table.SerializedColumn {name: kron_radius}
#     orientation:
#       __class__: astropy.units.quantity.Quantity
#       unit: &id001 !astropy.units.Unit {unit: deg}
#       value: !astropy.table.SerializedColumn {name: orientation}
#     semimajor_sigma:
#       __class__: astropy.units.quantity.Quantity
#       unit: !astropy.units.Unit {unit: pix}
#       value: !astropy.table.SerializedColumn {name: semimajor_sigma}
#     semiminor_sigma:
#       __class__: astropy.units.quantity.Quantity
#       unit: !astropy.units.Unit {unit: pix}
#       value: !astropy.table.SerializedColumn {name: semiminor_sigma}
#     sky_centroid:
#       __class__: astropy.coordinates.sky_coordinate.SkyCoord
#       dec: !astropy.table.SerializedColumn
#         __class__: astropy.coordinates.angles.Latitude
#         unit: *id001
#         value: !astropy.table.SerializedColumn {name: sky_centroid.dec}
#       frame: icrs
#       ra: !astropy.table.SerializedColumn
#         __class__: astropy.coordinates.angles.Longitude
#         unit: *id001
#         value: !astropy.table.SerializedColumn {name: sky_centroid.ra}
#         wrap_angle: !astropy.coordinates.Angle
#           unit: *id001
#           value: 360.0
#       representation_type: spherical
#   astropy version: '5.1'
#   kernelfile: kernel_f115w_f277w.fits
#   make_catalog parameters:
#     ab_zpt: 31.4
#     coadd_bands: !!python/tuple [f277w, f356w]
#     deblend_contrast: 0.001
#     deblend_nlevels: 32
#     deblend_npixels: 1
#     detect_kernel_fwhm: 4.0
#     detect_kernel_npix: 7
#     detect_npixels: 4
#     detect_threshold_nsigma: 3.0
#     flag_isolated_buffer: 4
#     hst_bands: !!python/tuple [f606w, f814w, f125w, f140w, f160w]
#     jwst_bands: !!python/tuple [f115w, f150w, f200w, f277w, f356w, f410m, f444w]
#     near_border_kernelsize: 21
#     reference_band: f200w
#   make_catalog version: 1.4.0
#   photutils version: 1.5.0
# schema: astropy-2.0
label xcentroid ycentroid sky_centroid.ra sky_centroid.dec bbox_xmin bbox_xmax bbox_ymin bbox_ymax area semimajor_sigma semiminor_sigma orientation eccentricity min_value max_value local_background segment_flux segment_fluxerr kron_flux kron_fluxerr kron_radius gini equivalent_radius kron4_2_flux kron4_2_fluxerr kron4_2_mag
[from data line 1275]
1276 6705.686243119621 1711.3562976489745 214.8495758828806 52.81945864423177 6693 6718 1702 1719 326.0 5.648793002264056 3.243998190624151 -3.857422574047746 0.8186577926311465 0.11835698861661649 1.52578890370446 0.0 211.85324038493357 4.281118 255.71314696272114 7.122432251234278 1.6222058316815058 0.31493458982715594 10.186708148166206 259.045706636222 11.229993196527532 25.3665590030344
1277 8814.94935626501 1712.4625304341794 214.83075027843287 52.80606143809607 8805 8827 1702 1723 315.0 6.215465023092746 3.1416400332539145 -47.44023869269207 0.8628527636057659 0.10637494763107982 1.035513487767468 0.0 148.8148383761485 4.4237967 190.38845944238673 8.424620743450816 1.7478786168981117 0.2718309554726474 10.013371767186818 198.4548264225656 13.509532820063278 25.65584583645996
1278 6972.601257807428 1713.109513708421 214.8471760096183 52.817772168435724 6956 6983 1703 1722 348.0 5.6100974053309285 3.3453042385685605 -35.29919295487043 0.8027612591194624 0.11982681805404477 1.9010601975911432 0.0 202.70921722765894 4.292547 273.5637381213894 8.227800212674078 1.8923284445796977 0.3484502155229589 10.524820207108489 295.5511865686623 13.122851970543904 25.223418231802892
1279 nan nan nan nan 3734 3736 1704 1707 11.0 nan nan nan nan -0.07452973032297044 -0.032065018045222674 0.0 -0.5818798159356949 0.85552764 nan nan nan -0.1855509302901423 1.8712051592547776 nan nan nan
1280 361.1419726240788 1712.0555962404123 214.90622988792268 52.859760424666135 356 368 1705 1719 131.0 3.6315923189492563 2.042158637002342 -54.37401706487947 0.8269119185209145 0.09917114553124867 1.1677260919817585 0.0 57.79452446231278 2.9305663 88.91400359670709 6.4664857356049374 2.162287955580469 0.324787928755713 6.457444935117649 88.74393703560268 10.267273850262761 26.529653270384323
1281 3611.166445605783 1711.723665593045 214.87719518576733 52.83911915226247 3607 3614 1705 1718 86.0 2.96847701246765 1.706120918907371 -85.66783989548685 0.8183317124284522 0.05297373639010101 0.7469265824575099 0.0 30.007946645684044 2.4575186 59.54393753024564 6.477565742527295 2.484237597031561 0.2833714775115545 5.232078956954491 82.6603596072713 10.375508590710306 26.606756774217136
1282 7690.518186445201 1711.8555088513845 214.84078479409447 52.81320365810175 7683 7699 1705 1718 155.0 4.4679360881263825 2.0093921230199943 -35.91970999322427 0.8931614893482108 0.03954494248189553 1.5360154571433362 0.0 86.26246662208575 2.8538163 116.9959392996973 6.158364700199887 2.068890763484917 0.3211317565594604 7.024103669400641 147.4313688764161 9.939654860155539 25.978525255227105
1283 9499.636310403233 1708.676720666818 214.82468537516033 52.80168959657366 9497 9503 1705 1714 58.0 2.3304895671044323 1.6392797499718068 80.6039666031903 0.7107885466275501 0.13994074221906455 0.7316265852210831 0.0 20.492213324275134 1.9490929 52.81011735856646 5.97272007475405 2.715542835419832 0.23854576296563984 4.296739856991561 75.8083574109547 9.47241451061772 26.700707283499554
1284 890.3212971613499 1712.593704071961 214.90149425760103 52.85640322658232 886 895 1706 1718 105.0 3.049364716140407 2.336325131097399 -78.10214446092452 0.6426405406503304 0.07619342094020536 0.47368700322914514 0.0 27.169699417442352 2.642128 45.97412675978691 6.375197359653122 2.118207220879397 0.20214291438932636 5.781222885281108 49.22487784535325 10.14088363400332 27.169538382294306
1285 201.5340356737797 1712.7795514932423 214.9076490441132 52.860777749121496 197 207 1707 1718 104.0 2.5685412764833058 2.062258549662533 55.237702179654065 0.5961259261783493 0.09288732872607754 1.5727658207515034 0.0 57.69328528166076 2.573832 74.9423124683889 4.8987023622404084 1.9680254269254784 0.3713389900534041 5.753627391751592 86.40259703787295 7.736648576898295 26.558683008899212
1286 1347.0023977256678 1713.3747619136427 214.89740467276687 52.85350752584299 1341 1355 1707 1719 121.0 3.8909720283460576 2.1341703714682105 -41.48246956605888 0.8361552390607832 0.1235516549702936 0.6776089734819355 0.0 45.55201365537062 2.8360791 136.7751002305166 9.409196953456613 2.9073566457820545 0.1847262481497353 6.206085419025319 146.20285132842105 15.054360147933323 25.98761039361427
1287 1671.9693052135626 1709.5145738973451 214.89454135986963 52.85142307727533 1670 1673 1708 1711 13.0 1.0608930449983882 0.8981500215284192 -79.55335584449361 0.5322327315099553 0.20279191438836258 0.38159800654475734 0.0 3.9829814723476202 0.9007654 14.49830087845536 3.1794662564042753 2.982250960294777 0.10044406865901134 2.0342144725641096 13.613415135786703 5.095322100240184 28.565082279098036
1288 3794.4069579619822 1710.8958679463356 214.87556750127146 52.83795079532889 3791 3797 1708 1714 39.0 1.860524769386415 1.2897903344418957 47.578921289698144 0.7207067334236901 0.09569184209542618 0.4877598372160352 0.0 10.541069191503263 1.632359 14.156991819996877 2.4662096582442645 1.4 0.24495443541748252 3.523362819972964 13.465739253673558 3.9335095344673596 28.576924498319954
1289 8408.34763551843 1712.4038302203348 214.83437675430739 52.80864507639952 8406 8410 1710 1714 19.0 1.1299119838731637 1.0945731978112125 -22.520178363392528 0.24813953104066747 0.07694743174997182 0.3549229766590459 0.0 4.304588132581304 1.0096208 10.057244233429754 2.9295022758125944 2.552880363558642 0.23655381514917656 2.4592453796829674 8.84199714960169 4.7944875330623775 29.033624073584537
1290 4236.965563578414 1715.4548111547817 214.87156775500648 52.83516428774198 4232 4241 1711 1721 76.0 2.53175332208507 1.853215653444662 -61.707872842165344 0.6813164190328607 0.10739181333832809 1.0004527909923389 0.0 39.897644736248765 2.1853359 61.70513359774725 5.115740853832483 2.1529940187445566 0.2451582104330887 4.918490759365935 64.65682247226557 8.12879616917945 26.87346410597176
1291 8058.315967210455 1714.620017778161 214.8374751975576 52.81088138736174 8054 8064 1711 1718 75.0 2.4487115131545796 1.8148051343488623 -18.23927710351423 0.671365344347055 0.18597695946732593 1.0749875252493857 0.0 36.35889375720396 2.031877 71.34320894561921 5.431818851166921 2.5731777175406605 0.2741548115134014 4.886025119029199 99.4302457880941 8.606882366899159 26.4062037175579
1292 2225.2040486047763 1717.733817565782 214.88951185442068 52.8479540885882 2221 2229 1713 1721 67.0 1.8080859464731371 1.7510750728646605 -89.72948584774548 0.24913434108837784 0.10808500082275037 2.935088097629897 0.0 61.013528229375105 2.1499474 87.16202020285476 4.195447843785812 2.1612869051654604 0.4296362054990769 4.61809077155419 111.15436218849851 6.671114045940292 26.285183722488505
1293 8791.370636400274 1716.3832302840867 214.83091931163653 52.80623241821756 8790 8793 1714 1718 16.0 1.1370124726849455 0.9753322515872669 -88.74256650905876 0.5139792846386441 0.21505636638673398 0.6019457210784369 0.0 6.9747914544278835 1.0158533 15.309572527153046 2.8043683860293096 2.412501459930218 0.15990523378755525 2.256758334191025 15.970015672364164 4.4229033101214865 28.391736644153177
1294 2900.6683632617987 1717.1318939307496 214.88348409092742 52.84366099819706 2899 2902 1716 1718 6.0 1.1990875208011427 0.3315248250250357 39.017174349918655 0.9610194061407098 0.11186312764145698 0.1875112731926437 0.0 0.8679282230673776 0.6406728 6.383957044072131 2.4992021795531 3.512712279840833 0.12480391055872561 1.381976597885342 9.50706384912679 3.9907666977298226 28.954883973432118
1295 9122.922903446046 1722.2393568649782 214.8279014398061 52.80415689090665 9119 9126 1716 1729 80.0 3.301749259762244 1.5564772353376668 79.23877545960902 0.881914236944467 0.16049519494949366 0.7814927552822163 0.0 35.612790521727874 2.2657695 62.50570136574758 5.469473158898714 2.1828345275673766 0.20856368191492322 5.046265044040321 63.05000696050837 8.655944234204068 26.90078715286562
1296 3536.0179912341578 1722.0412200824326 214.87775781792743 52.8396521261801 3532 3540 1717 1727 73.0 2.212497693514649 1.8241257063781817 -89.78931098467731 0.5659137403070502 0.08785366399322385 0.9537129086428457 0.0 27.74410553386573 2.2577155 42.04077497240232 5.113588728507623 2.204584028581869 0.3209737096252166 4.820437914901168 40.27943082731998 8.153843526018829 27.38729168729584
1297 3205.9299072150898 1728.03462867343 214.88064285876894 52.84178101417277 3195 3214 1718 1738 252.0 5.750721063727746 2.5808618992078824 45.16163884528692 0.893637618126468 0.0393022464773639 1.024186722502793 0.0 98.31905641104686 3.9942248 126.27529305189353 7.760282088826104 1.8406287664113767 0.3479519123567496 8.95623198216277 137.30662890007727 12.254363609328188 26.055771238386082
1298 4469.491151995365 1720.6831546117962 214.86943665771898 52.83371545023922 4469 4470 1719 1722 6.0 0.8179753106487322 0.49488751463634184 83.76199390995167 0.7962139037014965 0.031185103171026688 0.11298241478879929 0.0 0.37435572265191086 0.59256214 8.89879233141052 2.6881759752977223 3.919737102098578 0.3013982751536149 1.381976597885342 35.78828857589011 4.286071169245372 27.515647673542908
1299 6773.584038257001 1733.473704736787 214.8487375391134 52.81914649620426 6760 6787 1719 1748 613.0 4.44079420925428 4.126632125568568 -79.14577965945138 0.3694378820593745 -0.022566086432216092 6.89486930889164 0.0 435.8702908878097 5.785738 445.2144798249826 6.245896811652155 1.417251893721562 0.63479209454398 13.968677826861914 474.24320238771276 9.878160284135697 24.709997213495
1300 8889.310276614826 1722.8222635757193 214.82997830424608 52.80564470503508 8885 8894 1719 1727 57.0 2.885661380147887 1.646098546405124 -45.43077787422056 0.8213388262963114 0.060654881772146445 0.18684097282115408 0.0 7.301718477251629 1.8460499 92.21065963368974 7.908563603204875 3.6566771180625466 0.13144413504097396 4.259537945889915 181.61885621659545 11.776740322049383 25.752097659282775
1301 559.7433959471532 1722.7669876870782 214.90434199545595 52.85855720637737 557 563 1720 1725 33.0 1.5617792670697639 1.3792570106592579 3.6889745996412002 0.4691248646539786 0.07543580055312422 0.6372754738670117 0.0 13.236037163163475 1.4845988 28.884018026657593 4.06632921691425 2.4983545339039566 0.21385591988759542 3.2410224072142872 31.724250786761413 6.50084448298236 27.64652156398286
1302 1705.1765966169403 1732.526396398145 214.89400264570955 52.85133637129982 1688 1722 1722 1743 625.0 6.5393384004105215 3.7573124457534797 -12.72923752755115 0.8184549315278434 0.049229531462149846 4.090182749575097 0.0 639.1924786918819 6.745968 677.8335228675764 8.699053170193391 1.5008003581053742 0.513561559287177 14.104739588693908 703.8170320091792 13.534927122643415 24.281350569177967
1303 1294.6972887467668 1724.3754516214242 214.89775641370622 52.85389903289319 1293 1297 1723 1726 15.0 1.1735173846431395 1.0112212222748715 -1.6926829025872745 0.5074162124961376 0.14517234122512407 0.24237799907790109 0.0 2.7761593052818614 0.9680589 29.74737762080776 4.545224719816021 3.76104556477661 0.08226244872020215 2.1850968611841584 37.853257881935434 7.178225207181414 27.45474184131737
1304 3043.0204961539785 1733.9299823408048 214.88203593847228 52.84284751232879 3031 3054 1723 1744 385.0 4.542884947972951 3.5383601710968087 -33.80593356563119 0.6271735413815647 0.07686855709441526 4.248176965693929 0.0 267.0273719939816 4.985403 304.2234631667059 7.309907018150557 1.656533641978744 0.4858060605854124 11.070199012698888 322.96235105330527 11.545114032547279 25.12712025518459
1305 4307.334560814534 1730.4313144150437 214.87078197074942 52.834798079616455 4302 4312 1724 1736 107.0 3.108083971177426 2.100813729938427 -56.79404452688518 0.7369757066435836 0.03690613876093926 0.4471755958465988 0.0 22.86914385876518 2.5328982 55.50167483772216 7.587188879503246 2.7403328249427017 0.2541076369116802 5.836022431559495 91.8399505207999 12.131188316876507 26.49242089731052
1306 7361.847173603815 1727.0672896602373 214.84355671043502 52.81537413969534 7359 7364 1724 1730 30.0 1.6978828795065906 1.1811386649284281 68.52880277654535 0.7183771993222208 0.1094386242221778 0.4191561922589727 0.0 7.87169013653895 1.1996375 15.649830556530361 3.262499408514106 2.32095742217084 0.1886391313371887 3.0901936161855166 15.523278412798426 5.220008824151877 28.422541383237583
1307 2774.0306047999047 1726.178630109888 214.8845201571083 52.844514100838126 2773 2775 1725 1727 6.0 0.7262909114561158 0.5664723920323139 22.41519314420264 0.6258387499045064 0.018987757015369373 0.056721526055928645 0.0 0.24250886849355277 0.608989 5.043643995916295 2.920014043997666 4.0484988328835945 0.21796925870207656 1.381976597885342 14.29150828527064 4.5613134581038945 28.512304836454444
1308 9664.46520580891 1726.5707753020422 214.82302782496845 52.8007384467521 9663 9666 1725 1728 11.0 0.9761720556559191 0.854529979193169 24.924260039030003 0.4834197322347771 0.3051661626172758 0.45577709236217767 0.0 4.232459712895062 0.8698212 29.245213659950927 3.5083417594072435 3.423790251626395 0.07479007091062112 1.8712051592547776 39.08064142188127 5.653205883232655 27.420095792289917
1309 4469.649537898325 1728.1915694569996 214.86935629496375 52.83375494330374 4469 4470 1727 1729 5.0 0.7564069107280403 0.44602601790561275 -73.90060085704428 0.8076485755829903 0.09474285959362067 0.13420860371600063 0.0 0.5687785588590406 0.5771781 8.625627285828086 2.4577111559984255 3.868567130119785 0.08708591438525201 1.2615662610100802 26.75659732420535 3.8835412681317107 27.83142279315011
1310 8268.148795648387 1734.6487556939014 214.83539321111425 52.80965593359363 8262 8273 1729 1740 110.0 2.5793562024480723 2.4024646554222784 -11.065665899781076 0.3639454314669743 0.03217391042674792 0.5139422154476176 0.0 22.626420487392295 2.45641 45.95878364838593 7.032981793183319 2.6170845849496867 0.31448559645248486 5.917270272703197 61.06988920444522 12.1511656930024 26.935432169796716
1311 9832.50832690105 1730.6341669246278 214.82148708850136 52.79969230304531 9831 9834 1730 1731 6.0 0.9225714630745941 0.4816629902268986 0.0009812823951409657 0.8528919544230712 0.3498868584704052 0.4402472750822943 0.0 2.367529393760536 0.58685386 17.926983274099587 2.582917605373987 3.5772079593229638 0.055307189563088305 1.381976597885342 21.63469035414365 4.132638660188839 28.06212329061878
1312 1673.4505587690362 1746.8463523558783 214.8941355470484 52.851615114558264 1662 1688 1731 1759 550.0 4.626112540701458 3.8100705121166603 -85.47343259195584 0.5671697595269671 0.05295261218795421 6.780147567944071 0.0 306.48735741333456 6.0348897 337.20931244689336 7.72198744250451 1.6346013858491382 0.617427050062256 13.231418571003069 368.506498389075 12.170899890089593 24.98388712304263
1313 4432.239094754699 1746.0945567886295 214.86950206208152 52.83408914915133 4424 4440 1731 1758 347.0 5.336510792551255 2.7537169143371267 83.13431848694096 0.8565798517184544 -0.04423862285071565 1.4452635402404688 0.0 94.3522815214626 4.5848184 106.91419324204406 7.180389270754443 1.7318834766758588 0.49827802309019054 10.509687459947386 118.67429318514428 11.494381695076125 26.214108365565096
1314 8994.972155768806 1731.6880862921814 214.82894295490414 52.80502098854571 8994 8996 1731 1732 4.0 0.6555260677889133 0.46289616711674864 -2.3122483174059667 0.7080676941510219 0.3043401859432035 0.4719318936282707 0.0 1.5130206906541435 0.50489515 10.160607006610492 2.080832413500006 3.466689965474596 0.12041817401092599 1.1283791670955126 13.500377561610925 3.312357704415125 28.574135213830765
1315 7085.344603322973 1736.9897580066258 214.84591909230352 52.817184560361866 7082 7088 1734 1740 26.0 1.8590721511801753 0.998812939629383 -42.99274471854649 0.8434139929212977 0.2284785974056254 0.5428045083180584 0.0 10.322376452513197 1.1603539 27.135141209725912 3.606531289764066 2.681208526290605 0.120569883746841 2.876813695875796 34.574603192947315 5.845317460586373 27.553106988791548
