outputs/dr0.5_c0.1/nircam6_matched_f277w_f444w_dr0.5_c0.1.ecsv
# %ECSV 1.0
# ---
# datatype:
# - {name: label, datatype: int64}
# - {name: xcentroid, datatype: float64}
# - {name: ycentroid, datatype: float64}
# - {name: sky_centroid.ra, unit: deg, datatype: float64}
# - {name: sky_centroid.dec, unit: deg, datatype: float64}
# - {name: bbox_xmin, datatype: int64}
# - {name: bbox_xmax, datatype: int64}
# - {name: bbox_ymin, datatype: int64}
# - {name: bbox_ymax, datatype: int64}
# - {name: area, unit: pix2, datatype: float64}
# - {name: semimajor_sigma, unit: pix, datatype: float64}
# - {name: semiminor_sigma, unit: pix, datatype: float64}
# - {name: orientation, unit: deg, datatype: float64}
# - {name: eccentricity, datatype: float64}
# - {name: min_value, datatype: float64}
# - {name: max_value, datatype: float64}
# - {name: local_background, datatype: float64}
# - {name: segment_flux, datatype: float64}
# - {name: segment_fluxerr, datatype: float32}
# - {name: kron_flux, datatype: float64}
# - {name: kron_fluxerr, datatype: float64}
# - {name: kron_radius, unit: pix, datatype: float64}
# - {name: gini, datatype: float64}
# - {name: equivalent_radius, unit: pix, datatype: float64}
# - {name: kron4_2_flux, datatype: float64}
# - {name: kron4_2_fluxerr, datatype: float64}
# - {name: kron4_2_mag, datatype: float64}
# meta:
#   PHOTMJSR: 0.3925000131130219
#   PIXAR_SR: 2.11539874851881e-14
#   __serialized_columns__:
#     area:
#       __class__: astropy.units.quantity.Quantity
#       unit: !astropy.units.Unit {unit: pix2}
#       value: !astropy.table.SerializedColumn {name: area}
#     eccentricity:
#       __class__: astropy.units.quantity.Quantity
#       unit: !astropy.units.Unit {unit: ''}
#       value: !astropy.table.SerializedColumn {name: eccentricity}
#     equivalent_radius:
#       __class__: astropy.units.quantity.Quantity
#       unit: !astropy.units.Unit {unit: pix}
#       value: !astropy.table.SerializedColumn {name: equivalent_radius}
#     kron_radius:
#       __class__: astropy.units.quantity.Quantity
#       unit: !astropy.units.Unit {unit: pix}
#       value: !astropy.table.SerializedColumn {name: kron_radius}
#     orientation:
#       __class__: astropy.units.quantity.Quantity
#       unit: &id001 !astropy.units.Unit {unit: deg}
#       value: !astropy.table.SerializedColumn {name: orientation}
#     semimajor_sigma:
#       __class__: astropy.units.quantity.Quantity
#       unit: !astropy.units.Unit {unit: pix}
#       value: !astropy.table.SerializedColumn {name: semimajor_sigma}
#     semiminor_sigma:
#       __class__: astropy.units.quantity.Quantity
#       unit: !astropy.units.Unit {unit: pix}
#       value: !astropy.table.SerializedColumn {name: semiminor_sigma}
#     sky_centroid:
#       __class__: astropy.coordinates.sky_coordinate.SkyCoord
#       dec: !astropy.table.SerializedColumn
#         __class__: astropy.coordinates.angles.Latitude
#         unit: *id001
#         value: !astropy.table.SerializedColumn {name: sky_centroid.dec}
#       frame: icrs
#       ra: !astropy.table.SerializedColumn
#         __class__: astropy.coordinates.angles.Longitude
#         unit: *id001
#         value: !astropy.table.SerializedColumn {name: sky_centroid.ra}
#         wrap_angle: !astropy.coordinates.Angle
#           unit: *id001
#           value: 360.0
#       representation_type: spherical
#   astropy version: '5.1'
#   kernelfile: kernel_f277w_f444w.fits
#   make_catalog parameters:
#     ab_zpt: 31.4
#     coadd_bands: !!python/tuple [f277w, f356w]
#     deblend_contrast: 0.001
#     deblend_nlevels: 32
#     deblend_npixels: 1
#     detect_kernel_fwhm: 4.0
#     detect_kernel_npix: 7
#     detect_npixels: 4
#     detect_threshold_nsigma: 3.0
#     flag_isolated_buffer: 4
#     hst_bands: !!python/tuple [f606w, f814w, f125w, f140w, f160w]
#     jwst_bands: !!python/tuple [f115w, f150w, f200w, f277w, f356w, f410m, f444w]
#     near_border_kernelsize: 21
#     reference_band: f200w
#   make_catalog version: 1.4.0
#   photutils version: 1.5.0
# schema: astropy-2.0
label xcentroid ycentroid sky_centroid.ra sky_centroid.dec bbox_xmin bbox_xmax bbox_ymin bbox_ymax area semimajor_sigma semiminor_sigma orientation eccentricity min_value max_value local_background segment_flux segment_fluxerr kron_flux kron_fluxerr kron_radius gini equivalent_radius kron4_2_flux kron4_2_fluxerr kron4_2_mag
[from data line 3587]
3588 8687.66102888518 4287.278027061685 214.80480804005373 52.82074688928274 8684 8692 4283 4292 67.0 2.386571632402161 1.8326544293908724 -58.77646422908839 0.6405666881734007 0.25911744436373046 0.8409359888077632 0.0 34.33720697797638 1.5720292 57.96862436028571 3.9044560338264915 2.1485124882132145 0.18382888546682183 4.61809077155419 60.19544709916928 6.0053327702007175 26.951090888735934
3589 9159.125101671689 4289.101395122981 214.800585500833 52.81775950298993 9154 9165 4283 4295 109.0 3.135102337767518 2.2355613692162644 54.09917593114775 0.701088319313585 0.19900270250002364 0.7778234052439261 0.0 46.25320484370093 1.8805828 95.23336960193087 5.542868494879717 2.5168179507907547 0.20779250178627687 5.890312181373172 119.31338310169 8.615177505013817 26.20827709951585
3590 9813.971393053156 4293.1268777896685 214.79470580826154 52.8136179272793 9799 9828 4284 4305 397.0 6.177708753073659 3.1282062327559386 -30.22935469734839 0.8623163267911069 0.20729814700585153 2.94641881456307 0.0 348.7899782227059 3.6895263 424.08824325528394 6.433719871657492 1.7727026078710186 0.3975575993147941 11.24139781410501 451.3692570134659 10.463878236432826 24.763670060664957
3591 3952.540406611631 4288.14642857709 214.8470472524817 52.8508456272589 3951 3954 4286 4290 15.0 1.1236033496866213 0.9944674463340645 -73.78414598791488 0.4654582296060887 0.2705267875456984 0.35293236393257077 0.0 4.665607715413185 0.5865359 19.238087483893608 2.243705685234946 3.089462820389161 0.05242399942376255 2.1850968611841584 20.927368358659294 3.631536034195909 28.098213453182257
3592 7427.216371780409 4293.4701898697385 214.81598329524104 52.82879247954483 7423 7432 4290 4297 65.0 2.335806008204866 1.8792043190201804 -16.278800924107678 0.5939245909106802 0.2641294064159035 0.6980379645513637 0.0 29.36782252275265 1.6523148 75.01105466737982 4.585008390164591 2.76138028554836 0.15837577265898578 4.54864184146723 86.68453825877303 7.215816145981676 26.555145899554155
3593 8172.884847636611 4291.337064441727 214.8093555117032 52.824041147663905 8172 8174 4290 4293 9.0 0.9456134237948998 0.6984119238346191 69.32968306298595 0.6741649608049787 0.2873224652765926 0.3432113295531464 0.0 2.8398514311117506 0.5884537 14.071544272070431 2.1217790338779343 3.2732851966561887 0.03923370321791779 1.692568750643269 17.583319953094062 3.2794505142096235 28.287247803078568
3594 3541.4715485592183 4292.58798534819 214.85067097688793 52.85348141667045 3539 3544 4291 4294 17.0 1.4903862608263356 0.9916765986336318 -1.8591720301247705 0.7465027997947488 0.22884626938413824 0.3617774388842292 0.0 5.0782357690888 0.7256494 43.66990545873409 3.0341030696808864 3.4593221153606426 0.08551644435549094 2.326213245840639 70.90084255575869 4.769444757995845 26.77337150953378
3595 3249.115461710227 4293.8903376690805 214.85326800609076 52.855345936816214 3248 3250 4293 4295 8.0 0.865332057947092 0.6738925333168833 45.88345202780685 0.6273125944568089 0.21458335380837976 0.25197274178833784 0.0 1.8913684052406219 0.5222737 19.15314186795272 2.2628332604459245 3.6782525966280435 0.025685596196439398 1.5957691216057308 33.014059946731145 3.4641762029545555 27.6032526611493
3596 7579.601224894703 4294.70742369027 214.8146111214189 52.8278305437427 7578 7582 4293 4296 13.0 1.238765266009075 0.8127444080672637 -23.236203304888 0.7546806179160923 0.24415057034409396 0.3068351362647299 0.0 3.648155222633296 0.61368555 19.477040456949446 2.5301226066946954 3.2860890616083958 0.04091679131788781 2.0342144725641096 22.70439162509694 4.0910975852454685 28.00972532683246
3597 411.67622322055496 4298.826245871948 214.87856592883108 52.87339738082483 407 416 4294 4304 77.0 2.478864057962605 1.9323154801925422 51.47485032175685 0.6263816707502177 0.18194611003335234 0.771189818097151 0.0 31.992593575435755 1.4066006 74.73445043924576 4.080296655133616 2.7028779500901368 0.22682621956415122 4.950743503369154 122.8623877831171 6.6372138671824095 26.176452621471732
3598 2550.4853935755027 4294.8671378272575 214.85949738096622 52.859789750080466 2548 2552 4294 4296 12.0 1.2544279024796716 0.7351464398895506 17.15123012086887 0.810281251004477 0.19596469084748766 0.26819797853562194 0.0 2.884732853301009 0.51685965 16.244517229992752 2.168906824862936 3.3222058102756984 0.04607916817405571 1.9544100476116797 20.468176747280147 3.5293910999647693 28.122302103634567
3599 7702.102684310811 4298.231467217072 214.8134814717497 52.82707086752963 7700 7704 4296 4300 19.0 1.4304034073274075 0.997336461021028 45.46454199529766 0.7168364130410348 0.21736867538060478 0.3114056818837763 0.0 5.1530106139441765 0.7720599 21.249774627016336 2.8832635902460217 3.0690792721913485 0.05904015871845582 2.4592453796829674 21.080888514264082 4.741229370056373 28.090277721230564
3600 788.5685530306662 4298.946731907965 214.87519626935332 52.87100413459909 787 790 4298 4300 12.0 1.0777675029389089 0.8078119301512166 -0.9491692520898222 0.6619778839481417 0.2298435500148563 0.35648086189575634 0.0 3.5787010758091498 0.58315563 14.928161040413459 2.0560371419555947 3.096836403703492 0.07821969512810285 1.9544100476116797 16.13871081714158 3.2054409757150246 28.380327900702028
3601 3942.674661683047 4301.906268012256 214.84699056316333 52.850982504509396 3938 3947 4298 4306 64.0 2.2276444924334444 1.9047501200575505 -23.270237661196596 0.518543563492268 0.18512454334878806 0.575157858529388 0.0 22.843625599916496 1.284094 41.468635084073085 3.275322367880553 2.255572327111847 0.17338679476983773 4.51351666838205 42.30885418516413 5.15103411266392 27.333921840346942
3602 4246.929638784062 4300.613950554013 214.8442877283182 52.84904229438464 4244 4250 4298 4304 43.0 1.5356247553172613 1.469004997083742 4.571710823968488 0.2913479074581861 0.36176704814970984 5.535669719387073 0.0 101.87307499092563 1.0651017 100.76434521646956 1.9815137169240986 1.87878662084337 0.3505158472065941 3.6996385101659595 133.9942648809473 3.1429678654544935 26.082284473936113
3603 8126.5340358138255 4300.401206568308 214.80967349468037 52.82438462980159 8125 8128 4298 4302 11.0 1.274661504237448 0.7610175666012101 89.86163119862923 0.8022151678917424 0.23536499746786316 0.30373858565859685 0.0 3.0042922357348725 0.6219555 25.725506503504164 2.5914565210253957 3.5271651095988674 0.05272693059399657 1.8712051592547776 38.72685256272975 4.187586187560339 27.4299694947013
3604 6260.202119127294 4307.279452784329 214.82624891009414 52.836284285271205 6252 6269 4299 4316 229.0 4.304905921251879 2.6717404284331763 46.784672119379465 0.7841060180949948 0.1945270601900144 2.2647178802054713 0.0 157.59567632790126 2.5418544 220.6457389259184 5.22511011384875 2.0573538886139233 0.3816912631562181 8.537737635702333 242.6778441437632 8.28297774857398 25.437424679538225
3605 8019.375368297081 4305.410962345575 214.8105764075557 52.82509279917634 8015 8024 4299 4311 94.0 2.969734888771318 2.2203453266196798 -82.67059239131275 0.6640842401358369 0.21020245664563958 0.4958272882837774 0.0 31.957080927554042 1.6505142 133.55716201751076 6.457228394318416 3.188097281084244 0.1336708494158161 5.4700209598571305 187.85082172176837 10.292275605048728 25.715467252121012
3606 3407.0231651255453 4301.021404426872 214.85178283450642 52.854381122939856 3406 3408 4300 4302 9.0 0.808541438133038 0.8057217573724961 58.29320616315651 0.08344202986492899 0.2691731810403232 0.3268139584237083 0.0 2.6969040892200526 0.49197945 11.788746287930948 1.8664686661607643 3.153266190536627 0.03765596475787575 1.692568750643269 12.587693687635761 3.051834049165943 28.6501345846759
3607 7659.622856553438 4303.127114859591 214.81380883762495 52.82736726938393 7657 7663 4300 4306 37.0 1.6980983565053156 1.472479410196558 -82.65321500539233 0.49807431529011004 0.19734134984006715 0.5716310874393936 0.0 14.306317252039982 1.0661209 25.406995457310853 2.6250055377661825 2.185785594129359 0.16278390328821185 3.431831258788849 27.039514987929287 4.1687749290707 27.820002756673922
3608 183.72290427170182 4305.098932047274 214.8805373822091 52.87487905901431 174 193 4301 4310 137.0 4.7228078542594325 1.8919541748934625 -13.862371462305806 0.916253289116534 0.15737327737418663 0.8103605367488581 0.0 58.112210685029766 1.8360372 96.84423022656446 4.378703985700238 2.1242901831323437 0.22005799666585654 6.6036697681803656 106.08914154609718 7.222417244470579 26.335822662017105
3609 640.4192935530059 4307.783501493243 214.87642728623834 52.87199281101311 632 649 4301 4314 184.0 3.435048181826051 2.7921960317192296 -4.8149917744996795 0.5824661161656121 0.22337480865357306 1.9310023930812126 0.0 126.88429529334151 2.1321495 171.98535403115324 4.236321357234004 1.9351144142582126 0.3482339053126858 7.653039857325812 176.79828695241798 6.602452100705762 25.781304868255276
3610 1615.03081702009 4304.021657073044 214.86775784472266 52.865781756120334 1613 1617 4302 4305 14.0 1.232214899011918 0.9091238211522855 0.2471279781077221 0.6750232194861098 0.2604161870222698 0.31959360371057466 0.0 4.073986483700296 0.5616132 30.84588288636835 2.5608208894851585 3.4834479450866893 0.04008602676727087 2.111004122822376 39.317505888978374 4.1775597854481825 27.41353509873054
3611 7947.784681891373 4305.9851906423 214.81120881160243 52.8255509687674 7945 7950 4304 4308 18.0 1.5525221888901042 0.8930375614355349 -35.8087468290935 0.81800067385365 0.20632879996991413 0.2877616595563047 0.0 4.5661848708585815 0.7130293 25.235860423496582 2.8831820758371847 3.2427408940379596 0.05320342554341638 2.393653682408596 34.181256025791996 4.654147806431879 27.56552995679945
3612 8314.738502815118 4305.206784793814 214.80794465196036 52.823214149673305 8313 8316 4304 4306 10.0 1.1137936270564992 0.6913913327915788 -17.06037448312235 0.7840057697958078 0.286112934448715 0.34660476372779636 0.0 3.1911821186693734 0.603254 20.765762423046965 2.5385776516524214 3.427242981219465 0.03877388800833971 1.7841241161527712 21.321758712523327 4.169500849018369 28.077942439118058
3613 3466.9878326466733 4310.020778455818 214.85115266811445 52.85404865938585 3464 3470 4307 4313 40.0 1.8254642187502268 1.4723207031166723 -39.363407739184105 0.5911714572376796 0.18672646981283977 0.4772787862605827 0.0 12.553847972438469 0.9762444 21.967301255322504 2.383071748665481 2.13598324710925 0.1545403070926997 3.5682482323055424 24.43338386593993 3.8901250000035015 27.930040954697407
3614 4271.766172992107 4325.306125602601 214.84380619523483 52.84901760984508 4264 4282 4307 4340 486.0 7.00930783987326 3.5931232648059295 88.25864796071335 0.8586145805535632 0.1849173236396488 2.1565553824531314 0.0 306.21407308033724 3.580648 425.69466539744184 7.698443316630812 2.1079056043835154 0.3780689997831167 12.437789380968077 530.4469330888421 12.262908559905997 24.588395143070432
3615 3203.809135382939 4318.358988936955 214.85341515179192 52.85576573312546 3198 3209 4313 4324 106.0 2.7431154924299452 2.477307021895578 -55.90917929196529 0.4294307528006141 0.19152115155462718 0.7062746626675132 0.0 41.51398432118481 1.6629287 125.35904267617073 5.524939792857625 2.968267612426496 0.20358216266361626 5.808687281605183 198.3894058746257 8.751911565022445 25.65620380793741
3616 392.54140356300616 4316.886920542548 214.87854689606567 52.87361634742801 391 395 4315 4319 18.0 1.2320114097943284 1.0824574032644152 58.23048753142178 0.47754022837298266 0.23678912757895987 0.36584616476391035 0.0 5.4575813678555845 0.6323698 19.04549918099117 2.246722565527294 2.9003604820176916 0.07547598794306098 2.393653682408596 25.961775688765506 3.6098111105693813 27.86416401682678
3617 2523.534083038049 4316.772153050324 214.85950762543703 52.86007910410923 2521 2526 4315 4318 16.0 1.3198110984512919 0.9474487488951163 1.683141830574873 0.6961803377619248 0.18941952036232326 0.23275356928002744 0.0 3.446723249378599 0.6032769 30.030155713025504 2.6847074234175645 3.558387991676031 0.03444363258180109 2.256758334191025 49.32347535185818 4.376581524495208 27.16736582608697
3618 6597.467078470799 4319.624539056397 214.82310993991797 52.834207304986116 6593 6602 4315 4325 64.0 3.119568806294242 1.477484562858866 52.372561117783974 0.880730265526797 0.16986231924376194 0.37944609437242294 0.0 17.89824279743961 1.2645034 52.15185448317953 4.33635077724812 2.8289907457715917 0.11401314003029 4.51351666838205 89.24386780228278 7.015857547414848 26.523554039471513
3619 1575.4615058944432 4319.719422623942 214.86794620087372 52.86611778329881 1571 1580 4316 4323 57.0 2.298824692364271 1.6738980552756848 1.057872287800714 0.6854137199731747 0.18511704423970265 0.49398501307825776 0.0 18.4560808009449 1.1943623 35.459626587496615 3.212008548402934 2.3633371080792434 0.1585379760587399 4.259537945889915 34.66008034906456 5.0924180716641185 27.55042608709659
3620 9314.11049477583 4322.142773142684 214.79885627518448 52.8169522054166 9308 9320 4317 4328 122.0 2.819769857360853 2.291538416986684 22.292839463336403 0.5827261360525859 0.15837040800002514 1.7790009280808148 0.0 85.67139631071272 2.117495 114.84156137389274 4.36893092629241 1.9534473271685087 0.3406525055502057 6.231677632421503 124.20034921955711 6.810528193101757 26.164692957582304
3621 6849.6742640604425 4324.862375845233 214.8208048269754 52.83263255730787 6841 6859 4318 4331 174.0 5.076473168529633 2.3130336824985656 27.719847806851952 0.8901652007306442 0.19012983877509104 0.6095669401028583 0.0 67.29964399729212 2.2088192 94.52655317972327 4.522914885770284 1.7389561907313775 0.17825205785339512 7.442171739215616 93.88197673387509 7.361226800819592 26.46854443670214
3622 8886.867336126275 4321.698780710136 214.80266984699617 52.8196659626612 8883 8891 4319 4325 51.0 2.082209736912216 1.6561007112418198 -7.3331133325472955 0.6061408810972537 0.22551873139310527 0.6107374152861808 0.0 20.384612409907596 1.3582149 52.46480820680214 4.11961590913533 2.7639060376146145 0.16119756403639338 4.029119531035698 93.07884021310898 6.708660697202206 26.47787259193837
3623 8271.853584276909 4332.655928159541 214.80803830436034 52.82363466968491 8260 8280 4321 4347 334.0 5.189126255176361 3.8802891908782393 -77.85447675804022 0.6639543233032864 0.1988814641245236 1.7666146216388647 0.0 212.95662293367812 3.4071217 320.49710500963334 7.785706934194763 2.168496050215097 0.3110697094266969 10.31094088749354 371.49949364494364 12.771761589579551 24.975104434619595
3624 8191.959457212311 4323.970028264913 214.80884212116206 52.82409573795519 8191 8193 4323 4325 7.0 0.9161720429206586 0.5341662922599143 45.0898327548537 0.8124423963193415 0.23767730469834428 0.28165568164373633 0.0 1.8632881188589268 0.45296985 17.959388581740498 1.934752793721531 3.6487380041644273 0.03882305173847357 1.4927053303604616 29.224563559547956 3.092788716893495 27.735629914709172
3625 3890.1537319343693 4341.03529111085 214.8470477972858 52.851527196335134 3872 3909 4325 4357 813.0 6.573178045336855 4.805915248022238 39.97469739781293 0.6822271530883559 0.1718270291000463 5.557987043004926 0.0 945.139850568152 4.67065 1020.4027261681732 6.152965300485784 1.535236956864182 0.5255054955283086 16.086824965400158 1070.2063824304728 9.844218774047233 23.82633115833884
3626 4120.71226379222 4326.478909060461 214.8451424450075 52.84998374587322 4119 4122 4325 4328 14.0 1.047302476531697 1.0162775712198928 85.70984971918276 0.24159823761635713 0.21708538011175635 0.2451045543446736 0.0 3.223143943889412 0.62969816 46.955614379846914 2.739608009444829 3.76583844019108 0.02554181510198255 2.111004122822376 90.18074166777275 4.314515495531248 26.512215493185266
