outputs/dr0.5_c0.1/nircam2_f115w_dr0.5_c0.1.ecsv
# %ECSV 1.0
# ---
# datatype:
# - {name: label, datatype: int64}
# - {name: xcentroid, datatype: float64}
# - {name: ycentroid, datatype: float64}
# - {name: sky_centroid.ra, unit: deg, datatype: float64}
# - {name: sky_centroid.dec, unit: deg, datatype: float64}
# - {name: bbox_xmin, datatype: int64}
# - {name: bbox_xmax, datatype: int64}
# - {name: bbox_ymin, datatype: int64}
# - {name: bbox_ymax, datatype: int64}
# - {name: area, unit: pix2, datatype: float64}
# - {name: semimajor_sigma, unit: pix, datatype: float64}
# - {name: semiminor_sigma, unit: pix, datatype: float64}
# - {name: orientation, unit: deg, datatype: float64}
# - {name: eccentricity, datatype: float64}
# - {name: min_value, datatype: float64}
# - {name: max_value, datatype: float64}
# - {name: local_background, datatype: float64}
# - {name: segment_flux, datatype: float64}
# - {name: segment_fluxerr, datatype: float32}
# - {name: kron_flux, datatype: float64}
# - {name: kron_fluxerr, datatype: float64}
# - {name: kron_radius, unit: pix, datatype: float64}
# - {name: gini, datatype: float64}
# - {name: equivalent_radius, unit: pix, datatype: float64}
# - {name: kron4_2_flux, datatype: float64}
# - {name: kron4_2_fluxerr, datatype: float64}
# - {name: radius_kron20, unit: pix, datatype: float64}
# - {name: radius_kron50, unit: pix, datatype: float64}
# - {name: radius_kron80, unit: pix, datatype: float64}
# - {name: near_border, datatype: bool}
# meta:
#   PHOTMJSR: 2.962800025939941
#   PIXAR_SR: 2.11539874851881e-14
#   __serialized_columns__:
#     area:
#       __class__: astropy.units.quantity.Quantity
#       unit: !astropy.units.Unit {unit: pix2}
#       value: !astropy.table.SerializedColumn {name: area}
#     eccentricity:
#       __class__: astropy.units.quantity.Quantity
#       unit: !astropy.units.Unit {unit: ''}
#       value: !astropy.table.SerializedColumn {name: eccentricity}
#     equivalent_radius:
#       __class__: astropy.units.quantity.Quantity
#       unit: !astropy.units.Unit {unit: pix}
#       value: !astropy.table.SerializedColumn {name: equivalent_radius}
#     kron_radius:
#       __class__: astropy.units.quantity.Quantity
#       unit: &id001 !astropy.units.Unit {unit: pix}
#       value: !astropy.table.SerializedColumn {name: kron_radius}
#     orientation:
#       __class__: astropy.units.quantity.Quantity
#       unit: &id002 !astropy.units.Unit {unit: deg}
#       value: !astropy.table.SerializedColumn {name: orientation}
#     radius_kron20:
#       __class__: astropy.units.quantity.Quantity
#       unit: *id001
#       value: !astropy.table.SerializedColumn {name: radius_kron20}
#     radius_kron50:
#       __class__: astropy.units.quantity.Quantity
#       unit: *id001
#       value: !astropy.table.SerializedColumn {name: radius_kron50}
#     radius_kron80:
#       __class__: astropy.units.quantity.Quantity
#       unit: *id001
#       value: !astropy.table.SerializedColumn {name: radius_kron80}
#     semimajor_sigma:
#       __class__: astropy.units.quantity.Quantity
#       unit: !astropy.units.Unit {unit: pix}
#       value: !astropy.table.SerializedColumn {name: semimajor_sigma}
#     semiminor_sigma:
#       __class__: astropy.units.quantity.Quantity
#       unit: !astropy.units.Unit {unit: pix}
#       value: !astropy.table.SerializedColumn {name: semiminor_sigma}
#     sky_centroid:
#       __class__: astropy.coordinates.sky_coordinate.SkyCoord
#       dec: !astropy.table.SerializedColumn
#         __class__: astropy.coordinates.angles.Latitude
#         unit: *id002
#         value: !astropy.table.SerializedColumn {name: sky_centroid.dec}
#       frame: icrs
#       ra: !astropy.table.SerializedColumn
#         __class__: astropy.coordinates.angles.Longitude
#         unit: *id002
#         value: !astropy.table.SerializedColumn {name: sky_centroid.ra}
#         wrap_angle: !astropy.coordinates.Angle
#           unit: *id002
#           value: 360.0
#       representation_type: spherical
#   astropy version: '5.1'
#   make_catalog parameters:
#     ab_zpt: 31.4
#     coadd_bands: !!python/tuple [f277w, f356w]
#     deblend_contrast: 0.001
#     deblend_nlevels: 32
#     deblend_npixels: 1
#     detect_kernel_fwhm: 4.0
#     detect_kernel_npix: 7
#     detect_npixels: 4
#     detect_threshold_nsigma: 3.0
#     flag_isolated_buffer: 4
#     hst_bands: !!python/tuple [f606w, f814w, f125w, f140w, f160w]
#     jwst_bands: !!python/tuple [f115w, f150w, f200w, f277w, f356w, f410m, f444w]
#     near_border_kernelsize: 21
#     reference_band: f200w
#   make_catalog version: 1.4.0
#   photutils version: 1.5.0
# schema: astropy-2.0
label xcentroid ycentroid sky_centroid.ra sky_centroid.dec bbox_xmin bbox_xmax bbox_ymin bbox_ymax area semimajor_sigma semiminor_sigma orientation eccentricity min_value max_value local_background segment_flux segment_fluxerr kron_flux kron_fluxerr kron_radius gini equivalent_radius kron4_2_flux kron4_2_fluxerr radius_kron20 radius_kron50 radius_kron80 near_border
[from data line 4795]
4796 3847.380822583363 4926.143367496716 214.89753271113375 52.9281188831047 3840 3855 4911 4938 268.0 6.533102935810618 2.7722314108080424 -75.09367571882946 0.9055047628363124 -0.11380400749125083 1.1371620852325113 0.0 92.95446149196077 4.1384306 186.34393545122262 11.169748853635626 2.3703162076881616 0.3147326957250407 9.23618154310838 239.15472483002745 17.904057549580536 4.876360141455831 10.088169293413928 16.76700097546907 False
4797 1467.405763723669 4897.130570638216 214.91915092173627 52.943073428356904 1465 1469 4897 4898 6.0 1.392958241850621 0.24394324438532966 -9.756659760178003 0.9845460244378822 0.09465774583691455 0.7613232543932662 0.0 1.8693057126486377 0.7346394 3.3949835352610367 1.6746550772105908 2.310461069898418 0.44559932247170525 1.381976597885342 3.5848939182106534 2.623961237738988 0.6595441215197401 1.028742458841613 1.3345104519741544 False
4798 1455.881144832234 4914.673141611667 214.91906934866034 52.94324129061815 1444 1471 4896 4930 623.0 6.180755317320471 4.179518037093084 68.22067399116658 0.736704543523151 -0.2870569750315021 8.78537281047865 0.0 468.0859575070332 6.9712214 540.7363863957348 10.414172484999863 1.6825009861835187 0.5710516545098323 14.082153922340915 581.8143506955932 16.533894232672267 2.757722425348345 6.597459195953225 12.350056037506343 False
4799 1471.9408519190972 4913.160667360701 214.9189414184336 52.94313117129577 1465 1479 4907 4919 135.0 3.480820459571541 1.9669405994072442 37.20102707813716 0.8250363971122254 -0.2128791537527358 1.2722948121079023 0.0 46.5273850332264 3.187522 73.5269548770977 6.7396851351126115 2.3970297588263567 0.4558240347260732 6.555290583552474 136.5160534907297 11.265981319029436 2.3261052859337017 5.180539471754353 13.224517179463781 False
4800 1483.8948130481156 4925.499454633818 214.918704344306 52.9431218888086 1473 1494 4918 4931 215.0 4.261933606404464 2.2077274949188186 1.9041344050720916 0.8553740968848605 -0.10095469293419723 3.1483782982084954 0.0 148.71073605363358 4.1059346 187.30324868545244 7.594164100157494 2.0509491984050916 0.4780912998901586 8.272643200907131 213.77700203565777 12.069566515003899 2.2578303664698187 4.786124102229889 9.110383957618758 False
4801 620.1110456012417 4900.908813769956 214.92670219533903 52.948472604813624 619 621 4900 4902 8.0 0.9334300328432058 0.662121110421243 -62.18621235671694 0.7048644914139428 0.02008272693346943 0.2434615561972088 0.0 1.056567519621686 0.7481763 37.35615274051109 3.90086336227074 4.222216963809655 0.35633977521930715 1.5957691216057308 82.33618488949406 6.275819223505179 3.7127619158791636 5.90527151307154 7.5764094241236375 False
4802 620.4466530462496 4906.067153751248 214.92664484305692 52.94849832368292 619 621 4903 4910 15.0 1.9032116669985606 0.4780865789769437 85.75580880622374 0.9679352305930714 -0.027181771226664157 0.46039286863832257 0.0 3.905218029007598 1.016058 66.68338065185796 4.537111402708912 4.019700749243538 0.3368970821766242 2.1850968611841584 142.35523735849335 7.301929153493087 4.302583790607507 7.365929967140612 9.97941591462146 False
4803 620.9616069729292 4915.366795249707 214.92654225336517 52.948545262410065 620 622 4911 4919 20.0 2.3606161761466473 0.7328573863101044 -82.3208204035253 0.9505891439326519 -0.018990849982442295 0.48345431316300264 0.0 5.282243305888421 1.2132914 115.8324481489974 6.138229252354934 3.887975208601223 0.3254766103614014 2.5231325220201604 221.1356623771493 9.786665188002127 5.244085361706988 9.522350731986355 13.41478090121531 False
4804 4425.865124984907 4927.5714247547885 214.89233961343604 52.924453042648814 4414 4440 4913 4938 548.0 5.230246958839181 3.8181915003128717 50.599152977592446 0.6834244309963279 -0.17140772775168234 9.149395803272137 0.0 639.033156676415 5.9309072 689.6783195515413 7.895312987885977 1.6106994528701655 0.5881727307766015 13.207339536360731 739.675194202234 12.43625904809147 2.909368618590414 5.213769688016044 9.760403248754885 False
4805 4401.471804839551 4928.5302496646245 214.8925478419643 52.92461312572396 4383 4415 4915 4942 697.0 7.151397078916006 4.236575573994568 -20.120916703743166 0.8056349481916223 -0.0790172256531516 14.03413101985548 0.0 736.1635661823971 6.653656 785.9851709827565 9.036854989748974 1.49992455459957 0.527643519773244 14.895032415879534 822.2246330595488 14.277729908485345 3.347921064969506 7.581955752451953 11.905390504319257 False
4806 8885.870500317851 4926.182417919679 214.85246185434102 52.8961156131433 8881 8891 4921 4931 89.0 2.753882848087136 2.102549194958337 53.911103288035825 0.64582515338766 -0.002943078585510781 1.313896366498877 0.0 33.06295023511901 2.4732776 124.51146933029209 8.54981242082212 3.1249997275393993 0.33427656014576707 5.322553886092406 160.351009366404 13.70803830553789 4.233936038475825 8.561154059591194 14.334685820905987 False
4807 8872.081931766319 4948.343636116741 214.85235170466365 52.896322719462916 8851 8894 4918 4976 1726.0 9.865272072885729 8.471905499784661 -65.57085257354215 0.5123772895891949 -0.18383092944349033 6.998853134082927 0.0 1055.4592264502116 10.938572 1248.0468585592669 17.05013379459529 1.6245789102413761 0.45726248710025685 23.43934434990072 1309.8065786979892 27.13942653125504 5.129579843315229 12.805068329056533 21.751327333793515 False
4808 8864.64465452118 4977.894000644422 214.85210695893707 52.89652931718939 8861 8867 4975 4982 32.0 1.8878761330984517 1.3686253238695603 -85.7608750006601 0.6887961854948954 -0.06511557201168623 0.6120511169432354 0.0 8.109970711095524 1.473875 49.41901392742937 5.79910020044962 3.164207220549509 0.35915478844693377 3.1915382432114616 60.22350470380036 9.239577725376508 3.67219152519586 6.9171179060582535 10.719390677834726 False
4809 3273.4745192773776 4926.77563970737 214.90266399423444 52.93176654613937 3270 3277 4924 4930 44.0 2.052872223185412 1.2986472885099631 -45.170982746767486 0.7744785618117098 -0.08328099467129473 0.6555793462628771 0.0 13.356989424195643 1.7868966 57.29127046871963 6.3091629914875655 3.3191545759296175 0.32787945605699786 3.742410318509555 87.70529898255866 10.072143458441394 3.211293966807272 7.527610639834609 10.23683670197876 False
4810 3267.6197941488126 4930.720703243676 214.90267485498583 52.9318250125382 3267 3270 4928 4932 12.0 1.0508724776476734 0.6787097042989478 -59.98080293701429 0.7634613360238698 0.17453420407300094 2.2798161689751026 0.0 9.364374357207746 0.9646696 24.018629085797812 2.713193590456995 2.7004108933027027 0.4592590025550627 1.9544100476116797 34.79491543845866 4.298096590458451 1.052244705012557 2.189233562080118 4.03799960198975 False
4811 3560.1669005245417 4954.083687535645 214.89980957965312 52.930093472895 3553 3569 4944 4967 312.0 4.130637060601118 2.3396668935857465 -89.88036480145426 0.8241181520488765 -0.33590530611508346 6.885052649326115 0.0 202.00169173217103 4.5406103 210.48319309837723 5.260610146152723 1.4989308048656955 0.6529005036128819 9.965574970333758 223.61293410689203 8.303733609705258 2.061965707642692 3.644529648652927 6.331712761411476 False
4812 3574.4406246088474 4963.693163180478 214.89958056448015 52.930054693225856 3566 3581 4959 4968 125.0 2.120273320997939 1.6936820223739038 -0.781700117650276 0.6015918574772767 -0.34298914586803514 4.5035374855127515 0.0 50.58528638552041 2.8136208 52.337942008705426 2.9587966502043197 1.4 0.6702135213159761 6.3078313050504 53.68817456769547 4.7321942805243316 0.973716636664406 1.9502765759641012 3.535907646567131 False
4813 10320.629326840186 4950.414499557717 214.83938457251452 52.88712982242707 10314 10330 4945 4955 149.0 4.409601979012652 1.8168411429043194 -8.305666015297508 0.9111751161400116 -0.18540751788181364 1.7916808726176146 0.0 70.5764696419379 3.5764062 144.53396862263173 9.35018816537365 2.5989627253390273 0.4504904233193062 6.886811529393324 155.24724949915216 15.887983864781285 3.571387551711862 7.570557878407794 14.446812385043046 False
4814 10309.452395943876 4950.829672834301 214.83948006470962 52.88720308427628 10305 10313 4946 4955 76.0 2.1475319977648564 1.845765674673306 47.0761397659156 0.5111655591752916 -0.00040226449880895524 2.7699183511972225 0.0 58.87564026280471 2.4679565 98.87039912724431 5.887930410604675 2.4708016876158085 0.4196812965040528 4.918490759365935 118.78668876976222 9.39803356015733 1.85268836543296 3.9580243512981097 8.647728153897818 False
4815 620.7616684823344 4954.00347003609 214.92613698917106 52.94875512532329 619 622 4950 4957 28.0 2.1157913420412005 0.9769802054003492 -85.1093794376063 0.8870067766125059 0.010418527039148934 0.5703042992934452 0.0 7.785129226264298 1.4676958 128.62798467422175 6.834276597042007 3.9308139688561434 0.2619385286178951 2.985410660720923 226.46974502177056 10.872671070454267 5.9451426902414095 10.48482092617482 15.069809896630456 False
4816 620.3631897427321 4963.487556505104 214.92604063970012 52.94880885781863 619 622 4958 4970 45.0 3.3126356537421535 1.0032679238912021 -87.56912021566494 0.9530347608692699 0.0009070866203570901 0.5485495452917362 0.0 14.612311885009646 1.8740976 193.1290730418506 8.37356764393091 3.866171072192805 0.2212066835407026 3.7846987830302403 330.9388703660652 13.369998433265742 6.885218613711291 14.789150829393382 24.093906175275414 False
4817 620.9066076557995 4976.362687853771 214.92590012371522 52.94887491874733 619 623 4971 4981 40.0 2.4524773025193887 1.3117505453373672 -89.74237056778927 0.8449359121390637 0.052645450148617365 0.6165449655557047 0.0 11.508925203039002 1.7072371 128.23856036597002 7.503393858760449 3.6687024522424494 0.22712753890768694 3.5682482323055424 216.000080922912 12.294809367544293 5.431762109548268 10.713712048794045 16.79343711241407 False
4818 1985.3391883613026 4998.733876300237 214.91344119890238 52.940333685437 1959 2008 4970 5028 1680.0 9.369934070365387 4.454938553721027 64.34349784772733 0.8797425489637035 -0.2316259901215421 34.99065938683108 0.0 2017.3354354480089 11.030202 2009.1144071953183 10.812392687291874 1.4 0.7244727295134439 23.12489154112443 2157.337359771448 16.771417805046386 3.2032605334396114 5.903808772662424 12.525016842738193 False
4819 1876.3552211086114 5014.059078633589 214.91425589624623 52.94110833166713 1866 1893 5005 5033 501.0 6.844996676357424 4.189319577106132 27.274168578128876 0.790837229888354 -0.2327113368329112 4.947210617637121 0.0 138.54104899193587 5.834262 214.42757199184967 12.993283190222154 2.130364494656904 0.5949309405770568 12.628271971179554 255.52536661094314 20.73855613715495 4.329803332072681 8.677841474098274 17.118834965723362 False
4820 1953.9504341815202 5038.4456949559735 214.91330397020445 52.94074732240626 1884 2012 4988 5084 8213.0 14.974037880343987 9.968194817896109 20.529012466733853 0.7462208009709034 -0.38481495872999455 181.83971149648548 0.0 10027.36430201657 24.503845 9749.737894357422 20.91928789310034 1.4 0.7896994168027736 51.13002146711336 10396.662161734066 32.07024474056465 2.6239160067851186 7.8031737457034325 19.749714698384196 False
4821 6432.343635110873 4975.839544293112 214.87387786709496 52.91196992809733 6428 6438 4971 4980 74.0 2.319130419904729 1.8242947794153186 -45.65752911134876 0.6174262149443849 -0.09508388224605206 1.9855067193435307 0.0 31.283636714615565 2.285371 109.28040291470373 7.381216416972657 3.108791150119746 0.44786300067099616 4.853342309955121 152.6690819549942 11.638741105899326 3.3496331868702125 8.366438474881857 12.720285728813485 False
4822 6444.708113222278 4983.909721598152 214.87368226257186 52.91193492255488 6435 6453 4971 4997 335.0 6.274484310175674 3.3832447405792965 67.03470141518713 0.84217338107782 -0.2922413142891097 1.3353612521113987 0.0 97.77194868232698 4.839534 270.7561700508741 15.255451246297893 2.862063354600864 0.4074962728117104 10.32636489145962 287.0602622216561 24.407963515675974 6.648896873562761 15.95077082152223 25.359764336142348 False
4823 1578.0839166785504 4980.818564506126 214.91727781402633 52.942822543298355 1574 1581 4975 4988 78.0 3.274059452426092 1.6262107286853915 -77.95492931787481 0.8679248471207881 -0.048565254161116025 0.757119019904011 0.0 26.613050724956345 2.3809264 48.13455089603805 5.836639818373091 2.139768159497773 0.27616914433217465 4.982787485166879 65.63213974266131 9.395672207664274 2.622370168707228 4.785576682284579 7.111238129105467 False
4824 1574.910223501158 4990.35331802292 214.91720579265623 52.94289416091784 1572 1578 4987 4993 34.0 1.6972019940629486 1.3723210394195737 86.26268217801582 0.5883883176327186 0.08548764594634124 0.8467078204836671 0.0 14.46205714727103 1.6147552 24.59112232146102 3.9309680652702026 2.15366007912907 0.27502766186984456 3.2897623212397704 33.16313296592621 6.247940460321907 1.585091130942548 2.985627374400813 5.0106145022321105 False
4825 6462.015652325262 4982.117541742727 214.87354632426246 52.91181531934038 6459 6465 4979 4986 40.0 1.5333899239651054 1.2685882084153481 54.805379950085985 0.5617462253309624 -0.24830061634811293 1.1443889355009946 0.0 9.425203880625325 1.6389267 15.927114246869827 3.9101793270201255 2.4507214290233326 0.5351968922910633 3.5682482323055424 31.180571785265922 6.29137818158432 1.2117872030974297 2.57782621401937 6.566976350915653 False
4826 6459.133187018408 4988.225125632536 214.8735077759192 52.91186657399878 6456 6462 4985 4990 26.0 1.588456266246327 1.1790675736019585 -31.858365840619758 0.670098035462906 -0.21400895762817776 0.43793541091876353 0.0 4.432763587517603 1.3099242 43.595791813168724 6.052133624093862 3.8377596278165034 0.3539602523586392 2.876813695875796 60.37724088291838 9.684095507472593 4.874508661575201 7.7198615761466085 12.138515468318039 False
4827 753.5962930970159 5480.686259282067 214.9193975621679 52.950755182336636 667 1176 5239 5542 13765.0 100.87117817958048 8.039369587718307 -29.825178290122448 0.9968189454706543 -0.25217855403823025 26.92652316294748 0.0 19914.46663687301 33.19416 1033989.6150721916 inf 1.6874907437605837 0.6231396079784355 66.19316870584063 1038376.4690285979 inf 150.58521836132832 155.94414584470402 160.89358440096638 False
4828 542.995361211741 5511.163795462783 214.92096340201368 52.95225668491997 139 602 5276 5549 19621.0 85.31076327770481 11.91223571830546 31.204173181477415 0.9902032625745842 -0.33029293534462145 358.58570550842603 0.0 55882.719940596915 42.128216 1071282.91224997 inf 1.4 0.7834466381467594 79.02884458735403 1078195.0576129032 inf 83.03056785800054 88.49903520483576 93.62033128091137 False
4829 612.6717035034762 5504.344082998402 214.92041095027852 52.951777540250816 544 671 4983 5549 18240.0 67.52075753053121 10.096931203223056 -87.97334144040578 0.9887559520318945 -0.4137675776476631 674.195178285494 0.0 84188.75492155955 43.417324 1102751.6025871548 inf 1.4 0.8364484919867511 76.19693119799736 1108610.5087441234 inf 48.18642749892763 54.25335277497136 58.88547011621601 False
4830 630.1625238414525 5538.630994446328 214.91989295011666 52.95185159298953 620 702 5439 5549 2430.0 13.87147173898244 5.280213842074951 -59.159995319214424 0.9247180570964586 -0.17798880872211317 635.832494838749 0.0 38537.765501093876 21.384071 1365129.144098841 inf 1.9740570325518203 0.8844303537715673 27.81174254566965 1366027.044132081 inf 18.469580441583982 23.495171350766153 27.588019262191168 False
4831 646.4133620207847 5553.91027085947 214.91958634401036 52.951830907539815 631 921 5454 5588 8110.0 20.011588263574236 12.25840355499412 -13.835533416130355 0.7904200245834839 -0.3989925398208261 909.8935295905062 0.0 106188.2709705155 36.845905 1126911.903423828 inf 1.4694244210561973 0.8772982580092011 50.8083967169851 1131087.132813979 inf 22.21516937543321 28.396670265408915 33.627285155071334 False
