outputs/dr0.5_c0.1/nircam2_matched_f200w_f277w_dr0.5_c0.1.ecsv
# %ECSV 1.0
# ---
# datatype:
# - {name: label, datatype: int64}
# - {name: xcentroid, datatype: float64}
# - {name: ycentroid, datatype: float64}
# - {name: sky_centroid.ra, unit: deg, datatype: float64}
# - {name: sky_centroid.dec, unit: deg, datatype: float64}
# - {name: bbox_xmin, datatype: int64}
# - {name: bbox_xmax, datatype: int64}
# - {name: bbox_ymin, datatype: int64}
# - {name: bbox_ymax, datatype: int64}
# - {name: area, unit: pix2, datatype: float64}
# - {name: semimajor_sigma, unit: pix, datatype: float64}
# - {name: semiminor_sigma, unit: pix, datatype: float64}
# - {name: orientation, unit: deg, datatype: float64}
# - {name: eccentricity, datatype: float64}
# - {name: min_value, datatype: float64}
# - {name: max_value, datatype: float64}
# - {name: local_background, datatype: float64}
# - {name: segment_flux, datatype: float64}
# - {name: segment_fluxerr, datatype: float32}
# - {name: kron_flux, datatype: float64}
# - {name: kron_fluxerr, datatype: float64}
# - {name: kron_radius, unit: pix, datatype: float64}
# - {name: gini, datatype: float64}
# - {name: equivalent_radius, unit: pix, datatype: float64}
# - {name: kron4_2_flux, datatype: float64}
# - {name: kron4_2_fluxerr, datatype: float64}
# - {name: kron4_2_mag, datatype: float64}
# meta:
#   PHOTMJSR: 1.891700029373169
#   PIXAR_SR: 2.11539874851881e-14
#   __serialized_columns__:
#     area:
#       __class__: astropy.units.quantity.Quantity
#       unit: !astropy.units.Unit {unit: pix2}
#       value: !astropy.table.SerializedColumn {name: area}
#     eccentricity:
#       __class__: astropy.units.quantity.Quantity
#       unit: !astropy.units.Unit {unit: ''}
#       value: !astropy.table.SerializedColumn {name: eccentricity}
#     equivalent_radius:
#       __class__: astropy.units.quantity.Quantity
#       unit: !astropy.units.Unit {unit: pix}
#       value: !astropy.table.SerializedColumn {name: equivalent_radius}
#     kron_radius:
#       __class__: astropy.units.quantity.Quantity
#       unit: !astropy.units.Unit {unit: pix}
#       value: !astropy.table.SerializedColumn {name: kron_radius}
#     orientation:
#       __class__: astropy.units.quantity.Quantity
#       unit: &id001 !astropy.units.Unit {unit: deg}
#       value: !astropy.table.SerializedColumn {name: orientation}
#     semimajor_sigma:
#       __class__: astropy.units.quantity.Quantity
#       unit: !astropy.units.Unit {unit: pix}
#       value: !astropy.table.SerializedColumn {name: semimajor_sigma}
#     semiminor_sigma:
#       __class__: astropy.units.quantity.Quantity
#       unit: !astropy.units.Unit {unit: pix}
#       value: !astropy.table.SerializedColumn {name: semiminor_sigma}
#     sky_centroid:
#       __class__: astropy.coordinates.sky_coordinate.SkyCoord
#       dec: !astropy.table.SerializedColumn
#         __class__: astropy.coordinates.angles.Latitude
#         unit: *id001
#         value: !astropy.table.SerializedColumn {name: sky_centroid.dec}
#       frame: icrs
#       ra: !astropy.table.SerializedColumn
#         __class__: astropy.coordinates.angles.Longitude
#         unit: *id001
#         value: !astropy.table.SerializedColumn {name: sky_centroid.ra}
#         wrap_angle: !astropy.coordinates.Angle
#           unit: *id001
#           value: 360.0
#       representation_type: spherical
#   astropy version: '5.1'
#   kernelfile: kernel_f200w_f277w.fits
#   make_catalog parameters:
#     ab_zpt: 31.4
#     coadd_bands: !!python/tuple [f277w, f356w]
#     deblend_contrast: 0.001
#     deblend_nlevels: 32
#     deblend_npixels: 1
#     detect_kernel_fwhm: 4.0
#     detect_kernel_npix: 7
#     detect_npixels: 4
#     detect_threshold_nsigma: 3.0
#     flag_isolated_buffer: 4
#     hst_bands: !!python/tuple [f606w, f814w, f125w, f140w, f160w]
#     jwst_bands: !!python/tuple [f115w, f150w, f200w, f277w, f356w, f410m, f444w]
#     near_border_kernelsize: 21
#     reference_band: f200w
#   make_catalog version: 1.4.0
#   photutils version: 1.5.0
# schema: astropy-2.0
label xcentroid ycentroid sky_centroid.ra sky_centroid.dec bbox_xmin bbox_xmax bbox_ymin bbox_ymax area semimajor_sigma semiminor_sigma orientation eccentricity min_value max_value local_background segment_flux segment_fluxerr kron_flux kron_fluxerr kron_radius gini equivalent_radius kron4_2_flux kron4_2_fluxerr kron4_2_mag
[from data line 166]
167 8779.921155597849 2009.9629502007467 214.88411128557195 52.88105931924115 8774 8785 2003 2018 153.0 3.2448921487040483 2.2427692722042143 81.5255986091543 0.7226930458285824 0.06342391251186452 2.30573313052339 0.0 105.08038095030449 3.132052 125.99719176511474 5.027430782779782 1.6936667825072083 0.4129070870645783 6.978639737521917 129.75506099504463 8.131549204853952 26.117189234578234
168 815.3296302151086 2010.5467510001395 214.9553928916757 52.931625186202645 808 822 2005 2017 163.0 3.434976375829288 3.098444501139106 -24.015769230238288 0.4316777514757625 0.12956125234043545 0.7720010543061209 0.0 67.71789623294144 3.1454208 97.31704492072829 6.82944400786167 1.930860968118743 0.20453220504060077 7.203090409536582 102.41794024386486 10.857262849376353 26.374059906582083
169 4081.6285293671 2010.626963641275 214.92613666792664 52.910894909437935 4078 4086 2006 2017 67.0 2.81803710708826 1.596150321601096 67.59035193950211 0.8241270353307026 0.23371767609119967 0.7916246704744737 0.0 30.001364583675162 2.178607 72.10977227135481 6.189775007547552 2.6613129827981066 0.2034290605352471 4.61809077155419 81.89666560102273 9.89130945353687 26.616834450133616
170 8008.209609597117 2019.95867916279 214.89090608759744 52.88601429024348 8002 8013 2008 2031 163.0 5.681442443942076 1.8692141708693906 -72.45507991558632 0.9443287188326893 0.15005968896263133 0.8294869653847897 0.0 70.33579612407267 3.073738 131.6304969746132 8.046418277096906 2.389630169886061 0.20660914851396509 7.203090409536582 151.88546804332472 12.880276163785462 25.946209440433584
171 3641.9785983410243 2014.7026492542648 214.9300299657733 52.91370772781847 3636 3649 2009 2021 141.0 3.2755511369639976 2.6979963311725537 27.687001158749485 0.5670591683662527 0.07566044633526221 0.7202953209735515 0.0 56.223930327036726 3.2265947 105.35354780067124 8.210751819238945 2.357943159997877 0.23227379274790447 6.699380116989518 138.6198941528736 13.068141771317277 26.04543609276647
172 7065.939222169845 2016.7270989224326 214.89936720831972 52.891980547339834 7057 7074 2009 2025 234.0 2.36939592089577 2.2460782057299604 -11.753235057277472 0.318407477864128 -0.05032173360206571 43.0997927215788 0.0 917.3447518697242 4.6040616 910.954344997554 4.401081475489486 1.404820046952451 0.7189044111512705 8.63044108762739 965.735770298034 6.119357434187807 23.937854205696844
173 3976.1455350832584 2013.2041237074782 214.92705388640567 52.911578420961995 3972 3980 2010 2017 53.0 1.7746964309024944 1.700445899204785 19.331067798985384 0.2862279277388147 0.05272485401157072 0.6968338368673215 0.0 17.199720602637896 1.9332933 28.940479641514244 4.734076884062621 2.3409698204507587 0.297416650408417 4.1073621666150775 41.6761679531336 7.542273204063796 27.350280551125806
174 1748.8236112006593 2014.5280422927344 214.94698706615367 52.925722679069914 1746 1752 2011 2018 38.0 1.6427855002869718 1.390956449586754 87.23625798303614 0.5320609329767185 0.3246696590557766 1.6111151376548591 0.0 29.737265537890384 1.6314573 69.0653043760397 4.4952176195766445 2.7325365786068576 0.2631556908483229 3.477898169151024 93.31289080087753 7.112496145080158 26.475145890178975
175 6102.659730974425 2018.4211375642828 214.90796678209065 52.89810617930597 6096 6110 2011 2028 218.0 3.681719367888777 2.766959557328994 -74.4931368348485 0.6596874664946789 0.14407824093312338 3.4276070034577852 0.0 166.45586524859516 3.6935768 211.66279597255902 6.305898691226797 1.8526770012587879 0.430330166766215 8.33015937350939 222.16543364608407 10.34923753294415 25.53330877825553
176 9796.89117323428 2044.5139359701209 214.8746571510915 52.87478644543742 9759 9835 2012 2078 3371.0 6.822471697855506 6.07362901630574 33.98584192929736 0.45549410450916583 -0.08896779529459778 251.4557783511664 0.0 12473.48034359532 18.902685 11942.3019389686 15.47820379750009 1.4 0.8495670143657933 32.75702407615134 12556.083952403538 20.09609757103199 21.152864472963657
177 8728.823629587461 2017.0860765403058 214.8844931427356 52.88142227567798 8726 8732 2014 2020 38.0 1.5634905701603057 1.4332016473143048 -43.72030885810799 0.39964975452102613 0.25281667653906875 1.244544715850578 0.0 22.58209123914304 1.6520473 33.62953729289109 3.303633474765994 1.9692684289965299 0.2685359413594902 3.477898169151024 30.34099878333236 5.144354001241058 27.69492531736446
178 622.6913956372397 2018.5594537322656 214.95703481865658 52.93289088762887 620 626 2016 2021 32.0 1.58039711549003 1.365283546255383 19.440283858628664 0.5036867270045452 0.19722424927047008 0.5659504330997197 0.0 11.577956375756017 1.3668671 27.00082535096699 4.12461388591306 2.653512492753849 0.16248448570620366 3.1915382432114616 23.947754789862206 6.521062072706073 27.951837993523473
179 9557.896147203146 2031.4957907629857 214.87693024413662 52.87623425751462 9545 9572 2016 2046 555.0 7.169020012153816 3.2318835965037627 -52.01760028868119 0.8926186866415652 0.03046352138244189 5.334713739578014 0.0 535.9608539375115 6.4102993 626.3276888073271 10.44759634647662 1.8650248662481503 0.5061536037852807 13.291425312283248 758.8705107101534 16.46823851004329 24.199580808224763
180 9909.499150442212 2029.722846215291 214.87380639564873 52.87399138720711 9890 9929 2016 2044 835.0 8.773475435163988 5.184562779296067 -6.424159114647007 0.8067184165201599 0.09631058207307716 2.916383301976096 0.0 544.7678898130536 7.5661626 678.0142079112072 13.45216328137505 1.7615101910109117 0.36233108466015546 16.303029011918774 736.0163966102002 21.327219370685953 24.232781276391265
181 3611.014556994874 2028.6035130192702 214.93016087869478 52.9139793303627 3605 3617 2017 2039 238.0 5.025977960026721 2.5091134939223614 -77.88159098694372 0.8664701358748669 0.09519754780824236 1.8085079552252494 0.0 148.18691094604452 4.093915 223.335026384405 9.279261652256237 2.217358060992479 0.34896976259143575 8.703892974511014 276.0023510626094 14.70467303772817 25.297718046203176
182 8560.041782704882 2025.5189108772568 214.885913387847 52.882539713647304 8549 8570 2018 2034 277.0 4.5054169746351285 2.73940042037643 -22.791020304854396 0.7939188544600672 0.07516706772134765 3.3914746956073154 0.0 220.33689988720823 4.3944607 261.54616423281186 7.130244163742919 1.8222948500272373 0.45028988029194034 9.389986074159536 285.6578450053552 11.266363035835418 25.260384611086714
183 7802.249065705263 2026.4745485242645 214.8926793001951 52.88735741080248 7795 7809 2019 2034 192.0 2.811936897299206 2.548400598784953 -50.13822921067696 0.4226790451686238 0.17609849690320561 8.797816002918603 0.0 289.4424039374147 3.5717936 325.4302994617161 5.061691734469096 1.754951098060646 0.5376676780373139 7.817640190446719 360.8399779913108 7.8895805703380875 25.006713380851878
184 2902.151559537221 2046.8083677394752 214.93631683078448 52.91857707741364 2871 2933 2020 2075 2568.0 9.83970453068862 8.52738293452405 -25.247899331285815 0.4989513792364146 0.06803959704379213 14.832920769139731 0.0 6003.319021201417 14.487889 6103.419553878744 15.956274543522774 1.4109112511300117 0.5947401269256157 28.590554169515052 6305.4685975020775 24.008443445850062 21.90070658210584
185 6581.220982902144 2027.174790070651 214.90359318179534 52.89511480209638 6573 6590 2021 2034 192.0 3.829178712597015 2.607290318947839 8.117612637903969 0.7323757839915518 0.056419303434234076 1.2626627508117199 0.0 77.67271803547 3.492376 120.85939296735117 7.69748451334255 2.2670820886638836 0.35922402268582065 7.817640190446719 144.6447452606701 12.27013506983693 25.999243347586606
186 1763.0967276830972 2028.9042277822282 214.9467078567706 52.92570973733501 1754 1773 2022 2036 197.0 3.891574293111159 2.4639401907504372 25.632077346416136 0.7740312365650116 0.20050549803975923 3.0382334475307746 0.0 153.8759806531919 3.5490785 238.62332645721904 7.745159306735023 2.297014393372641 0.3945179367665439 7.918778161951929 288.5915138508984 12.232196258115184 25.249291109145062
187 10239.3398605759 2024.9533598856387 214.8709088792757 52.87187050837358 10237 10242 2023 2027 25.0 1.5331890654943996 1.219788914417374 -10.196198965166623 0.6058362509348271 0.3465794197950595 0.4929177125226092 0.0 10.422246134742661 1.2821336 56.50785547813029 5.064098288561955 3.2908923057650235 0.06540449900639027 2.8209479177387813 85.25982970941524 8.078918807874787 26.573138847775322
188 187.92680947483257 2029.9227574434517 214.96081158437397 52.93571105748397 183 194 2024 2037 122.0 2.6158149382192124 2.23422523845891 86.31522114512185 0.5200726006872679 0.10542196184367267 2.997378454890468 0.0 124.61077121534512 4.8575325 164.7074571231073 8.95075268283872 1.975886858519139 0.41919963269743543 6.231677632421503 168.84939727928423 3568724.4951010756 25.831251213182142
189 nan nan nan nan 8209 8217 2026 2035 72.0 nan nan nan nan 0.0 0.0 0.0 0.0 8485281.0 nan nan nan nan 4.787307364817192 nan nan nan
190 7219.822466404422 2032.9759358446665 214.8978197893148 52.891091068871674 7214 7225 2028 2038 99.0 2.458757626985745 1.9787324756843157 -26.322684257459244 0.5935878121453074 0.11604327319479271 1.6598512373420118 0.0 52.34705277338251 2.3767695 63.69520813351849 4.00197479462424 1.7504960306481878 0.3900097372966246 5.613615477764332 68.1830611533756 6.342549298630962 26.815808761354813
191 6972.920019036678 2031.7989933583997 214.90004060939978 52.892652550350164 6971 6975 2030 2034 20.0 1.242015991512358 1.082236016117558 -7.029115651639493 0.49065428358484237 0.1482096416048847 0.4434108268600436 0.0 5.9771734328177635 1.0411721 15.079994561235948 3.2870231034856623 2.7117193463898115 0.16507698166391657 2.5231325220201604 19.890333186521694 5.296762518083326 28.153394854675604
192 7965.874896041225 2040.4774984387104 214.89106869941367 52.886393855663144 7956 7975 2031 2049 210.0 5.728567129704044 2.2071567406524117 41.94467083077342 0.9227957544771352 0.16226049351211191 1.1769164256604965 0.0 114.88190417176634 3.609145 203.69716207868674 8.5532233181298 2.2694192013425005 0.2595499473826761 8.175883811466258 216.14155632197256 13.507160716696028 25.563154314325367
193 8688.025745860688 2032.429627444567 214.88469640815015 52.881764167873655 8686 8690 2031 2034 14.0 1.4111489849499312 0.7205246732143822 37.48619524894881 0.8598217421117399 0.28803700414115957 0.42979718622084984 0.0 4.947945262111254 0.9258857 34.5233385070022 3.836071841704055 3.4997175322270566 0.08179441482465216 2.111004122822376 46.002595480808225 6.107272004782365 27.243044161492058
194 8743.184487760493 2032.9312263180843 214.88419799239014 52.88141655536623 8741 8746 2031 2035 23.0 1.6151210571404084 1.010213847334521 38.692836277895125 0.7802461914511841 0.22220165627597593 0.5290038775068667 0.0 9.329930722099691 1.2156858 25.84248930109505 3.8412550456938197 2.753033064225064 0.12174220954633809 2.7057581899030048 17.56847585485537 6.0850505322238195 28.288164784727574
195 3733.354627260223 2034.2790428234023 214.9290057604642 52.913233395890856 3729 3737 2032 2037 46.0 2.068166575363449 1.4354335936727014 0.2231786601516948 0.7199162735329129 0.15777424130915235 0.6396540828585549 0.0 16.877459676822397 1.7843156 51.133602601466 5.979653019516923 2.9467964195664633 0.20180749854288477 3.826519928662906 61.598681150200896 9.47537597573303 26.92607146534063
196 288.0321683188256 2039.236871735749 214.95981632891264 52.93512616537984 282 294 2033 2045 116.0 2.961982605189742 2.3645444972273486 -35.95686101546281 0.6022627839062545 0.07913199705198601 0.872657800702842 0.0 49.995599126784505 2.6028094 90.63857055767994 6.585029369346898 2.3751186905445327 0.26552586531898625 6.076507779746499 76.9807305160162 10.685493852517395 26.684044929856963
197 6775.021208198716 2036.668656704968 214.90175958714343 52.89393545990477 6774 6776 2035 2039 13.0 1.1979356144221263 0.77117619131935 -86.60848512055314 0.7652322612684435 0.2567986329998584 0.43047092632413775 0.0 4.497364314824678 0.88401043 23.936012074669772 3.2422186526764225 3.223246138352237 0.08720791435676788 2.0342144725641096 39.247812818575945 5.300762902723036 27.415461350945872
198 7130.673819576686 2057.755572922841 214.89835635722375 52.891790889302676 7092 7167 2035 2080 1817.0 14.013190535913411 4.894459543754818 -25.754918659615758 0.9370201992342475 0.029239305040671307 9.489801890564419 0.0 2036.0154928388365 11.013921 2178.293378261641 13.840352015738652 1.4943916854732022 0.5336461448885393 24.049304838101822 2276.1808602129554 21.65633031388086 23.00698308210736
199 7564.984722294409 2054.031846348116 214.89451112183824 52.88901283536791 7552 7576 2035 2072 693.0 7.477416892828627 3.9228044948236755 -79.73381402866858 0.8513363428822657 0.14077348784942975 6.039434437425534 0.0 600.6337190577283 6.442784 745.6738657828778 10.84670092059425 1.9038300736978693 0.49355164676539576 14.85223051010746 847.2971565478284 17.118837911011966 24.0799106276086
200 7023.621828090653 2041.60472927048 214.89948388443966 52.892383513400056 7020 7027 2038 2046 58.0 2.318559959421604 1.6465231948659267 63.31889138906935 0.7040513481722019 0.16363626447777088 0.6611220823044873 0.0 22.184470666923872 1.8243071 44.60432799872592 5.215485441853181 2.481577627696595 0.19010767585076097 4.296739856991561 48.61889774673756 8.31058008472468 27.182987228495996
201 488.76121720027487 2051.53664649188 214.9578878790038 52.93391888297731 473 505 2039 2063 635.0 5.23547948922577 3.796011446261601 12.607591013750357 0.688690792252781 0.115242385136521 13.157004563735203 0.0 877.6410807313031 6.5715165 922.3972033016353 7.819191966874456 1.5638696492970479 0.6099846026857235 14.21712972884144 997.6808202664422 12.084744422312923 23.90252094179186
202 8656.341622071353 2040.7854176071078 214.88489173784419 52.882010477222394 8655 8658 2040 2042 9.0 0.9307615880117931 0.6837337663487343 19.42826244525042 0.6785047342612538 0.5199534532905864 0.8638699947486135 0.0 6.155700009594536 0.8104456 27.163454502194526 2.7993133855559686 3.1529285857037923 0.11720571752309268 1.692568750643269 38.47731720547041 4.471638514795237 27.436988040875963
203 9980.374523121194 2045.127079126368 214.8730108626969 52.873624285046006 9977 9984 2040 2050 74.0 2.532424390931394 1.7361430548338743 77.57767718053319 0.7280108542239432 0.18716986777014746 1.134705759353496 0.0 41.844530969487394 2.1757426 62.47048146760062 4.986716525032789 2.1410771290541013 0.2598572399663707 4.853342309955121 68.10202454315412 7.882457577680868 26.817099942874023
204 9525.163105272452 2041.771493445015 214.87711467499452 52.8764975990311 9524 9527 2041 2043 8.0 0.9880214147927973 0.6149938204191966 7.388484529560771 0.7826596547124598 0.07684477104776849 0.13719417412158996 0.0 0.8346945374795592 0.7141945 23.99580114697796 3.7778486159143125 4.134649996649799 0.11221882489745288 1.5957691216057308 52.511221465462555 5.87388353027399 27.099369698638647
205 8396.731948907958 2045.687618183654 214.88716126496516 52.88368570232905 8393 8401 2042 2050 63.0 2.1390434471289685 1.817047057599338 56.194834217560285 0.527641570690045 0.13926867418619004 0.7991538971171956 0.0 25.582812642159652 1.9448131 72.0536002810879 6.234318744855973 2.876217874098018 0.24101661057589022 4.478115991081385 135.70729429957393 9.946768927778223 26.06849202070114
206 1872.2810920307372 2045.9924159565487 214.9455498485074 52.92510909141943 1868 1877 2044 2048 36.0 2.440902130642916 1.1166671923235902 -9.680495303658923 0.8892192181956595 0.16363536495171074 0.2894962439036983 0.0 8.127477458840737 1.4588008 43.50991238357813 5.816797456537781 3.3122865643416164 0.0898026083599285 3.385137501286538 57.71035539757739 9.286938110941454 26.996865627920446
