outputs/dr0.5_c0.1/nircam2_f125w_dr0.5_c0.1.ecsv
# %ECSV 1.0
# ---
# datatype:
# - {name: label, datatype: int64}
# - {name: xcentroid, datatype: float64}
# - {name: ycentroid, datatype: float64}
# - {name: sky_centroid.ra, unit: deg, datatype: float64}
# - {name: sky_centroid.dec, unit: deg, datatype: float64}
# - {name: bbox_xmin, datatype: int64}
# - {name: bbox_xmax, datatype: int64}
# - {name: bbox_ymin, datatype: int64}
# - {name: bbox_ymax, datatype: int64}
# - {name: area, unit: pix2, datatype: float64}
# - {name: semimajor_sigma, unit: pix, datatype: float64}
# - {name: semiminor_sigma, unit: pix, datatype: float64}
# - {name: orientation, unit: deg, datatype: float64}
# - {name: eccentricity, datatype: float64}
# - {name: min_value, datatype: float64}
# - {name: max_value, datatype: float64}
# - {name: local_background, datatype: float64}
# - {name: segment_flux, datatype: float64}
# - {name: segment_fluxerr, datatype: float32}
# - {name: kron_flux, datatype: float64}
# - {name: kron_fluxerr, datatype: float64}
# - {name: kron_radius, unit: pix, datatype: float64}
# - {name: gini, datatype: float64}
# - {name: equivalent_radius, unit: pix, datatype: float64}
# - {name: kron4_2_flux, datatype: float64}
# - {name: kron4_2_fluxerr, datatype: float64}
# - {name: radius_kron20, unit: pix, datatype: float64}
# - {name: radius_kron50, unit: pix, datatype: float64}
# - {name: radius_kron80, unit: pix, datatype: float64}
# - {name: near_border, datatype: bool}
# meta:
#   PHOTMJSR: 0.3925000131130219
#   PIXAR_SR: 2.11539874851881e-14
#   __serialized_columns__:
#     area:
#       __class__: astropy.units.quantity.Quantity
#       unit: !astropy.units.Unit {unit: pix2}
#       value: !astropy.table.SerializedColumn {name: area}
#     eccentricity:
#       __class__: astropy.units.quantity.Quantity
#       unit: !astropy.units.Unit {unit: ''}
#       value: !astropy.table.SerializedColumn {name: eccentricity}
#     equivalent_radius:
#       __class__: astropy.units.quantity.Quantity
#       unit: !astropy.units.Unit {unit: pix}
#       value: !astropy.table.SerializedColumn {name: equivalent_radius}
#     kron_radius:
#       __class__: astropy.units.quantity.Quantity
#       unit: &id001 !astropy.units.Unit {unit: pix}
#       value: !astropy.table.SerializedColumn {name: kron_radius}
#     orientation:
#       __class__: astropy.units.quantity.Quantity
#       unit: &id002 !astropy.units.Unit {unit: deg}
#       value: !astropy.table.SerializedColumn {name: orientation}
#     radius_kron20:
#       __class__: astropy.units.quantity.Quantity
#       unit: *id001
#       value: !astropy.table.SerializedColumn {name: radius_kron20}
#     radius_kron50:
#       __class__: astropy.units.quantity.Quantity
#       unit: *id001
#       value: !astropy.table.SerializedColumn {name: radius_kron50}
#     radius_kron80:
#       __class__: astropy.units.quantity.Quantity
#       unit: *id001
#       value: !astropy.table.SerializedColumn {name: radius_kron80}
#     semimajor_sigma:
#       __class__: astropy.units.quantity.Quantity
#       unit: !astropy.units.Unit {unit: pix}
#       value: !astropy.table.SerializedColumn {name: semimajor_sigma}
#     semiminor_sigma:
#       __class__: astropy.units.quantity.Quantity
#       unit: !astropy.units.Unit {unit: pix}
#       value: !astropy.table.SerializedColumn {name: semiminor_sigma}
#     sky_centroid:
#       __class__: astropy.coordinates.sky_coordinate.SkyCoord
#       dec: !astropy.table.SerializedColumn
#         __class__: astropy.coordinates.angles.Latitude
#         unit: *id002
#         value: !astropy.table.SerializedColumn {name: sky_centroid.dec}
#       frame: icrs
#       ra: !astropy.table.SerializedColumn
#         __class__: astropy.coordinates.angles.Longitude
#         unit: *id002
#         value: !astropy.table.SerializedColumn {name: sky_centroid.ra}
#         wrap_angle: !astropy.coordinates.Angle
#           unit: *id002
#           value: 360.0
#       representation_type: spherical
#   astropy version: '5.1'
#   make_catalog parameters:
#     ab_zpt: 31.4
#     coadd_bands: !!python/tuple [f277w, f356w]
#     deblend_contrast: 0.001
#     deblend_nlevels: 32
#     deblend_npixels: 1
#     detect_kernel_fwhm: 4.0
#     detect_kernel_npix: 7
#     detect_npixels: 4
#     detect_threshold_nsigma: 3.0
#     flag_isolated_buffer: 4
#     hst_bands: !!python/tuple [f606w, f814w, f125w, f140w, f160w]
#     jwst_bands: !!python/tuple [f115w, f150w, f200w, f277w, f356w, f410m, f444w]
#     near_border_kernelsize: 21
#     reference_band: f200w
#   make_catalog version: 1.4.0
#   photutils version: 1.5.0
# schema: astropy-2.0
label xcentroid ycentroid sky_centroid.ra sky_centroid.dec bbox_xmin bbox_xmax bbox_ymin bbox_ymax area semimajor_sigma semiminor_sigma orientation eccentricity min_value max_value local_background segment_flux segment_fluxerr kron_flux kron_fluxerr kron_radius gini equivalent_radius kron4_2_flux kron4_2_fluxerr radius_kron20 radius_kron50 radius_kron80 near_border
[from data line 1319]
1320 10112.972638899539 3329.6209980721696 214.8583058807985 52.87970987833799 10112 10115 3328 3331 12.0 0.8827036732562689 0.8341233635587771 46.683225654663985 0.3271737694899406 0.04779730208182633 0.4172119049798062 0.0 2.3465311107309352 2.8909824 11.322666454259238 9.298057919490802 3.0447577565199433 0.36410181182676193 1.9544100476116797 22.928904976404674 14.386854056097727 1.674133546058809 3.0573694049089104 5.303905310676311 False
1321 3046.8425390454427 3335.6891125912302 214.92145102534928 52.9246173916402 3042 3052 3331 3340 86.0 2.8893471060089424 2.065367925526273 -30.43196227893023 0.6993067846869244 0.09105396973657649 0.4237201697742448 0.0 24.729864771418146 6.7927036 56.74222275340499 19.42235125582384 2.414683232428302 0.14875404432721007 5.232078956954491 48.71330104399623 31.092453085492185 3.201733287276937 5.853850395939608 9.728577886166859 False
1322 7463.384211352919 3334.717551448693 214.88193841294424 52.89656801727823 7462 7467 3332 3338 33.0 1.7102889822983496 0.8410169464714383 -64.94725316436025 0.8707422655923974 -0.18247385667747656 0.11734204889027605 0.0 0.26328574690972784 4.3665586 5.022535631375252 13.083299651278743 3.3251943771734944 -0.025308861637037036 3.2410224072142872 13.00327206888306 21.130172393730597 2.381549994371374 5.387812136180006 14.055606011070676 False
1323 7618.298266053723 3338.2309255744512 214.88051605216305 52.89560305997265 7613 7623 3332 3344 108.0 2.709884772890487 2.4773500659180945 83.39330392861062 0.40528545854731673 0.045155667870713956 0.49599345909815795 0.0 29.602542981046 7.711624 43.462225377470745 18.215407290834605 2.1483640787976053 0.2365638658657614 5.863230142835039 60.737551176231406 29.311232731982198 2.517442411116952 4.458337756938347 6.745053522475247 False
1324 9923.372903848734 3341.5452184302426 214.85987468146715 52.88097871286118 9918 9930 3332 3354 210.0 4.9942754118970125 2.475681920042462 -82.97100935876554 0.8684915771419768 -0.1276960156579392 0.3415677974513858 0.0 27.010255941052407 11.02066 49.603061510118636 29.561524863264662 2.466872908963922 0.34806643017090166 8.175883811466258 33.507715230327825 47.42006261836167 3.8498926662847124 7.804780874290834 15.137634500216194 False
1325 6715.865202007027 3355.641183094675 214.88840393689264 52.90142842867422 6694 6737 3335 3377 1237.0 7.735667833369397 6.243691668946799 -44.58664329251228 0.5903733791752741 -0.13940972094501114 2.4492620000464154 0.0 597.284788304082 26.550772 678.7093373756909 42.68153037687092 1.8329645389945428 0.5367311088401329 19.843117930641572 804.3811070645007 68.29394221784038 4.721046570191389 8.938413068437407 15.494784756431443 False
1326 3091.0167717473473 3341.416308478357 214.92099515633154 52.92436787723759 3087 3093 3337 3344 44.0 1.6870913326967127 1.3292289375047577 -44.33149597761336 0.6158262034618001 -0.06308991425699494 0.32632549100204267 0.0 5.575897816533908 4.9439874 26.660892072560692 15.784743335309132 3.2220303839182005 0.4555509093444396 3.742410318509555 24.053376386772925 25.69471980769917 2.759610029027543 4.889199013024433 6.957495999935576 False
1327 7379.1970802841915 3342.4259211649314 214.88261015414471 52.89714429799131 7377 7383 3340 3346 39.0 1.585686902336839 1.4347888749554323 26.392043232504903 0.4257572194447662 0.0017656126553476557 0.17326494514754415 0.0 3.4847140488027373 4.7163453 13.255555945882248 15.264525094272045 3.042057457213624 0.33156309952483626 3.523362819972964 23.80516731995525 24.327358967420505 2.640119012070722 8.558387858501089 10.391697546210906 False
1328 9058.492330573812 3341.1936861978274 214.86760845079186 52.88647110493717 9057 9060 3340 3342 9.0 0.9478895543610805 0.6843013347349203 -17.896912678376324 0.691975527783842 0.12750670728870112 0.2535481751672872 0.0 1.6573552161624252 2.5868797 14.278468502370231 10.587008913427972 3.6438014807520855 0.14942734556766638 1.692568750643269 14.746834763883474 16.893941272709405 2.217880253006409 3.8329037777904427 5.384858341614828 False
1329 3565.69887351041 3354.728408972183 214.9166047391166 52.921426218058635 3555 3578 3343 3367 412.0 4.878106057904926 4.550774260243508 10.450830875122882 0.3601412943224953 0.03787369696506258 1.6897113783002395 0.0 249.22893271558544 14.986751 501.22895592674774 41.080775947652235 2.674298606903656 0.3420243739173138 11.451797811161432 581.7238203163272 65.80190586218673 5.101704690564382 11.511810014639837 23.757090385748647 False
1330 7356.587300147339 3345.9133461555707 214.8827756427527 52.89730671253407 7354 7363 3343 3351 54.0 2.6415526022222284 0.5913092691620278 -42.818243636944935 0.9746238064326569 -0.15307473411769335 0.07551171254826469 0.0 -1.3638297662587475 5.4561954 13.237331483616991 15.518432075154477 3.686176111414121 -0.5825178551068589 4.145929793656026 29.757788580526174 24.679601618807943 8.54161929280725 10.544552069889564 12.918966030185722 False
1331 9438.814899010227 3344.321244629088 214.86417606399402 52.88407197696696 9437 9440 3343 3347 16.0 1.1543644109604907 0.9567950874841908 -71.16157844315443 0.5594707039835904 0.05340335034825942 0.33983574837736635 0.0 3.413595217575245 3.0155008 24.430160508754426 12.419652450941584 3.4551469194077775 0.2732896097058549 2.256758334191025 37.588475020888964 20.00778422259892 2.5555924681081748 4.571352497368534 6.560951212476588 False
1332 2901.65838955339 3355.079357302911 214.92254693420713 52.925643736219506 2892 2912 3344 3368 371.0 5.001257279307478 4.22367613329352 47.531489344573345 0.5355194936419074 -0.03715965149620419 1.1917907261733334 0.0 170.64704749486862 14.154527 358.9101005619794 41.0279513117103 2.6084503716914123 0.3195265567477025 10.86705883733894 399.41117223381866 66.52354380156503 5.334702813642616 11.2707882843659 22.706785477100595 False
1333 9076.779832508193 3346.1882374561833 214.8673924007078 52.886381874863964 9075 9079 3345 3349 22.0 1.393965950532858 1.0719949453564015 26.142639665919877 0.6392184604342397 -0.02535731836839014 0.21237077893375897 0.0 2.39770120461697 3.5979512 26.991694448095927 15.634426895031664 3.646919884136714 0.3464420947674996 2.6462837142006137 27.669719899204125 25.012777207376008 3.50386219119329 6.059903329198809 8.955710311743125 False
1334 6421.726098298847 3350.88768745121 214.8910851693377 52.90327076855274 6417 6426 3346 3354 61.0 2.937969091565777 1.5431498382400304 31.388747241580464 0.8509518354494894 -0.057000158015024574 0.3034800157238242 0.0 10.160851074013813 5.818 41.549892888200844 20.388313080834713 2.8330551646339646 0.3024558431127703 4.406461512053774 36.063262944598975 32.47999952586582 3.669860276771125 5.855213229899503 8.424638899729924 False
1335 2653.6144325382415 3347.691121514311 214.9248460446723 52.92717846576196 2653 2655 3347 3349 6.0 0.7206656892223459 0.5447338396482888 48.302764865720356 0.6547148968001885 0.131197033598744 0.3895535577088187 0.0 1.6571847852468233 1.8728994 9.836115444785978 6.992314496501484 3.330511783344961 0.23416651084867332 1.381976597885342 12.84440359975677 11.063834864240073 1.4480389912889684 2.5373427426087325 3.736954552693948 False
1336 919.034919861978 3348.554184707438 214.94037515542865 52.938193296842776 917 920 3348 3352 15.0 0.8528655362188813 0.408060163858334 36.70631692947676 0.8781105502384884 -0.09925104731105881 0.10327235162590911 0.0 -0.15366319377788745 2.8742375 3.7230545813905596 7.1337270448321295 3.7257659084830683 -0.3158071002986293 2.1850968611841584 9.12853489662264 11.414267872773786 1.9395729606728531 3.5829896461663453 4.746114881501875 False
1337 4038.607383077809 3358.5767778098666 214.91233044656232 52.91844457523463 4032 4045 3349 3368 206.0 4.365136760324792 2.859491047220692 71.94458048947541 0.7555640405137565 0.15369659137220273 1.3592705090059831 0.0 142.29145395581344 10.604824 249.55786138626146 28.86179543917952 2.489603789837751 0.251701415018586 8.097643889049511 284.5711284180586 46.26859274382537 3.777744470598708 7.237820393995911 16.44263726307593 False
1338 719.1746699739004 3356.922132226946 214.9420778663509 52.93950695948228 711 726 3352 3363 135.0 3.6417214249482615 2.262338193838388 22.831526611890414 0.783630113852758 -0.07854358463804846 0.3942717371583245 0.0 30.22962120013731 7.1882944 87.7006835639859 23.134638725724212 2.90824078213183 0.2718078473672018 6.555290583552474 128.05041189261354 38.59773407375987 4.317322912082345 10.45969477451505 19.361038305334002 False
1339 4153.029493626436 3354.710779490389 214.9113468655352 52.91769723898628 4151 4155 3352 3357 27.0 1.5770670319581392 1.300842303428913 -79.09989273161094 0.5653529708099322 0.20437819688589315 0.4239820545464197 0.0 8.471797039578295 3.7989616 35.282074664524814 15.187138653458264 3.1788666701041155 0.11138399385226892 2.9316150714175193 29.07683572203441 24.765110804403232 2.618829699848076 4.4378231440071705 6.148496570374178 False
1340 9938.115119530112 3360.8061696361674 214.85954016993338 52.88098893007048 9930 9946 3355 3366 156.0 3.8245927853675976 2.5450225938417073 -16.949708781313515 0.7464547055719796 0.044312827836258874 0.6889409928597436 0.0 55.84608585671373 9.45076 77.70459970964791 19.714633637042148 1.8727664524036818 0.24174805872007993 7.046725639945928 72.93748632123562 31.566662790677643 2.9100373443070433 5.1857823284666935 8.388020718454234 False
1341 829.4146155070905 3370.1272857007352 214.94095098833023 52.938878600726284 816 841 3358 3381 483.0 4.963765219456495 4.486080704904819 34.00899528899381 0.42802754031536894 -0.12354770772449668 2.482073591179233 0.0 322.79220881460617 16.734076 402.52798674180286 29.487518705426737 1.8584116781761206 0.4333915372521568 12.399341717477219 419.74583947923736 47.119928307562546 3.5505272445533316 6.871461432510361 11.910226695009344 False
1342 4276.01120522524 3368.6080261483116 214.91009965493524 52.916991424383326 4265 4289 3359 3376 313.0 5.0897624129648005 3.5961487728290886 -21.39424236417144 0.7076676085898401 0.0035892604034176347 0.9670944338896821 0.0 117.30544182093715 13.248836 178.1958023828153 33.34488553736063 2.336965919548224 0.320631116124851 9.981532666656284 252.8000118916504 53.16424294922941 3.96974288599351 7.625644588233591 21.92463454495316 False
1343 nan nan nan nan 6043 6046 3359 3362 11.0 nan nan nan nan -0.12475168216085583 -0.020702262923630154 0.0 -0.7534360473090607 2.432453 nan nan nan -0.2859755683519171 1.8712051592547776 nan nan nan nan nan False
1344 7815.480883275829 3359.532342060725 214.87852850507193 52.894465576527296 7815 7816 3359 3360 4.0 0.5044509123263747 0.4940828058312884 43.11543990520468 0.20170291755066921 0.2865282403256895 0.3536325173416368 0.0 1.3040392840940216 1.4702373 10.816421810114392 6.381628678928168 3.858858138736781 0.055867230414040445 1.1283791670955126 12.485232581149495 10.224407296868877 1.5069510630171805 2.619418939037394 3.7864774113901225 False
1345 6214.854535741815 3361.628224329534 214.89282276190974 52.90464246650368 6212 6217 3360 3363 20.0 1.327438658162335 0.9939746767474659 -1.9558317704584676 0.6628057109976916 0.05050013020646595 0.21432043993357341 0.0 2.7541817495733465 3.395925 4.007116479799625 5.483920089790955 1.4 0.2108739436342665 2.5231325220201604 1.1242205078232237 8.862829776016554 1.162128415791041 1.997479990092334 2.9274711682468686 False
1346 9454.8252363261 3362.3384002838134 214.86384328955512 52.884067442117214 9453 9456 3360 3364 15.0 1.198861231986972 0.8647311947725776 -71.74288155632979 0.6926292144546151 0.013499555987767345 0.12677948172179 0.0 1.2899810951358859 2.9467247 18.10812298772797 13.076876102904963 3.7703598955676854 0.21657651437641914 2.1850968611841584 14.064543765788622 21.081746532428422 3.7399540235389668 6.4855991100441805 8.090014456052142 False
1347 1359.3739628631188 3367.3280967490473 214.9362321844005 52.93549983032752 1353 1366 3361 3374 138.0 3.46842222824221 2.6930813116483723 -26.804876880997554 0.6301700257791492 0.013769397858042244 0.46134844331047203 0.0 36.36939086320088 8.513631 67.00341937704451 16.72603438086584 1.6747857329873312 0.19943732419126858 6.627726932618989 54.4004545928224 27.223894477254056 3.5072677195674795 6.164444134258965 9.329051142537514 False
1348 9239.944003664395 3366.24198083661 214.8657228230197 52.88545354529225 9234 9246 3361 3373 126.0 3.254400259917082 2.5138612222238494 36.96537581843951 0.6350756807153989 0.062403868586765325 0.6369925058420923 0.0 45.919571436039824 9.308745 76.26653528215111 17.724172050105835 1.758273987226596 0.21920406518224705 6.333012368467128 68.4439226447279 28.20629750923329 3.0032864047458965 5.477496913892827 8.17625172515602 False
1349 8050.003139904939 3370.1344640914463 214.87631983303137 52.89303317280509 8040 8058 3362 3377 219.0 4.962292447532261 3.0667446540103023 -41.51390404887671 0.7861705054954505 -0.11359826616861445 0.42303151302965364 0.0 39.204146103487844 11.618365 61.329563214129664 18.630001977365296 1.4 0.3050905233686142 8.349243383340204 36.350987706621765 29.85546621683642 3.8125850542733395 7.146598719845398 10.578152847761132 False
1350 7854.849658207905 3368.525988413105 214.87808177982814 52.894264040770686 7851 7861 3363 3374 102.0 3.2032074722538892 2.4627302833769456 53.995079304225555 0.6394501193913792 -0.053123738013189835 0.32983391263153006 0.0 12.499648108921916 7.8099294 16.58114574564423 13.398225744979143 1.4 0.30535137278546487 5.698035485213008 -1.3291534624865413 21.05357020932991 2.8464047466340268 4.495384672649156 5.79247993590037 False
1351 3546.0162969187986 3369.7539605071943 214.9166227418505 52.921632284123895 3542 3550 3364 3379 115.0 3.547508357030192 2.118730608514039 85.14082786618576 0.8020590710679061 0.1602605958757551 1.2243066356702663 0.0 68.13304045325792 7.8374977 174.23841273662555 24.42601168148929 2.7616404441080413 0.2590162530746956 6.050259243299904 199.22353605356213 39.25882538360092 3.6598476573954146 7.368047220821645 14.437845046455992 False
1352 3371.73447267413 3372.5590239109256 214.91815363840826 52.922753873197834 3367 3377 3366 3379 114.0 3.3312910051470848 2.312875889503394 -58.685730876721415 0.7196971281410901 0.1922572059209921 0.8272691992397213 0.0 60.3210290802361 8.111487 175.61718049373107 26.11955243791006 2.8419378688872854 0.17816754713926483 6.023896332520351 187.70515125268582 41.5178711493816 4.1166982279660935 8.43982102535031 15.317781846306668 False
1353 9881.642539239263 3371.44190378577 214.85993287755488 52.88140505622966 9881 9882 3368 3374 14.0 2.1452863340286505 0.47902907749253393 -89.59944910390949 0.9747511946117319 0.015015388639729984 0.20738343683772173 0.0 1.679367980964378 2.8966022 19.48002048370744 13.036473678624118 3.770574751847254 0.28400588491575596 2.111004122822376 32.750880035720314 20.923637472719534 2.9687143836184493 4.69783128554817 11.508994382410982 False
1354 3750.3736511864963 3373.2412452806793 214.91475640593794 52.920353697047325 3748 3754 3371 3376 35.0 1.724227685848262 1.5361680505404471 10.67166058679381 0.45413851843468034 0.12217761943839735 0.3617230840907223 0.0 8.095582710655961 4.291558 57.930856910901305 17.90523644582977 3.227602097745132 0.19522325614202746 3.3377905890622728 113.1361171025487 30.14037958769195 3.870632613190686 6.677730326052696 11.278636685132524 False
