outputs/dr0.5_c0.1/nircam2_f140w_dr0.5_c0.1.ecsv
# %ECSV 1.0
# ---
# datatype:
# - {name: label, datatype: int64}
# - {name: xcentroid, datatype: float64}
# - {name: ycentroid, datatype: float64}
# - {name: sky_centroid.ra, unit: deg, datatype: float64}
# - {name: sky_centroid.dec, unit: deg, datatype: float64}
# - {name: bbox_xmin, datatype: int64}
# - {name: bbox_xmax, datatype: int64}
# - {name: bbox_ymin, datatype: int64}
# - {name: bbox_ymax, datatype: int64}
# - {name: area, unit: pix2, datatype: float64}
# - {name: semimajor_sigma, unit: pix, datatype: float64}
# - {name: semiminor_sigma, unit: pix, datatype: float64}
# - {name: orientation, unit: deg, datatype: float64}
# - {name: eccentricity, datatype: float64}
# - {name: min_value, datatype: float64}
# - {name: max_value, datatype: float64}
# - {name: local_background, datatype: float64}
# - {name: segment_flux, datatype: float64}
# - {name: segment_fluxerr, datatype: float32}
# - {name: kron_flux, datatype: float64}
# - {name: kron_fluxerr, datatype: float64}
# - {name: kron_radius, unit: pix, datatype: float64}
# - {name: gini, datatype: float64}
# - {name: equivalent_radius, unit: pix, datatype: float64}
# - {name: kron4_2_flux, datatype: float64}
# - {name: kron4_2_fluxerr, datatype: float64}
# - {name: radius_kron20, unit: pix, datatype: float64}
# - {name: radius_kron50, unit: pix, datatype: float64}
# - {name: radius_kron80, unit: pix, datatype: float64}
# - {name: near_border, datatype: bool}
# meta:
#   PHOTMJSR: 0.3925000131130219
#   PIXAR_SR: 2.11539874851881e-14
#   __serialized_columns__:
#     area:
#       __class__: astropy.units.quantity.Quantity
#       unit: !astropy.units.Unit {unit: pix2}
#       value: !astropy.table.SerializedColumn {name: area}
#     eccentricity:
#       __class__: astropy.units.quantity.Quantity
#       unit: !astropy.units.Unit {unit: ''}
#       value: !astropy.table.SerializedColumn {name: eccentricity}
#     equivalent_radius:
#       __class__: astropy.units.quantity.Quantity
#       unit: !astropy.units.Unit {unit: pix}
#       value: !astropy.table.SerializedColumn {name: equivalent_radius}
#     kron_radius:
#       __class__: astropy.units.quantity.Quantity
#       unit: &id001 !astropy.units.Unit {unit: pix}
#       value: !astropy.table.SerializedColumn {name: kron_radius}
#     orientation:
#       __class__: astropy.units.quantity.Quantity
#       unit: &id002 !astropy.units.Unit {unit: deg}
#       value: !astropy.table.SerializedColumn {name: orientation}
#     radius_kron20:
#       __class__: astropy.units.quantity.Quantity
#       unit: *id001
#       value: !astropy.table.SerializedColumn {name: radius_kron20}
#     radius_kron50:
#       __class__: astropy.units.quantity.Quantity
#       unit: *id001
#       value: !astropy.table.SerializedColumn {name: radius_kron50}
#     radius_kron80:
#       __class__: astropy.units.quantity.Quantity
#       unit: *id001
#       value: !astropy.table.SerializedColumn {name: radius_kron80}
#     semimajor_sigma:
#       __class__: astropy.units.quantity.Quantity
#       unit: !astropy.units.Unit {unit: pix}
#       value: !astropy.table.SerializedColumn {name: semimajor_sigma}
#     semiminor_sigma:
#       __class__: astropy.units.quantity.Quantity
#       unit: !astropy.units.Unit {unit: pix}
#       value: !astropy.table.SerializedColumn {name: semiminor_sigma}
#     sky_centroid:
#       __class__: astropy.coordinates.sky_coordinate.SkyCoord
#       dec: !astropy.table.SerializedColumn
#         __class__: astropy.coordinates.angles.Latitude
#         unit: *id002
#         value: !astropy.table.SerializedColumn {name: sky_centroid.dec}
#       frame: icrs
#       ra: !astropy.table.SerializedColumn
#         __class__: astropy.coordinates.angles.Longitude
#         unit: *id002
#         value: !astropy.table.SerializedColumn {name: sky_centroid.ra}
#         wrap_angle: !astropy.coordinates.Angle
#           unit: *id002
#           value: 360.0
#       representation_type: spherical
#   astropy version: '5.1'
#   make_catalog parameters:
#     ab_zpt: 31.4
#     coadd_bands: !!python/tuple [f277w, f356w]
#     deblend_contrast: 0.001
#     deblend_nlevels: 32
#     deblend_npixels: 1
#     detect_kernel_fwhm: 4.0
#     detect_kernel_npix: 7
#     detect_npixels: 4
#     detect_threshold_nsigma: 3.0
#     flag_isolated_buffer: 4
#     hst_bands: !!python/tuple [f606w, f814w, f125w, f140w, f160w]
#     jwst_bands: !!python/tuple [f115w, f150w, f200w, f277w, f356w, f410m, f444w]
#     near_border_kernelsize: 21
#     reference_band: f200w
#   make_catalog version: 1.4.0
#   photutils version: 1.5.0
# schema: astropy-2.0
label xcentroid ycentroid sky_centroid.ra sky_centroid.dec bbox_xmin bbox_xmax bbox_ymin bbox_ymax area semimajor_sigma semiminor_sigma orientation eccentricity min_value max_value local_background segment_flux segment_fluxerr kron_flux kron_fluxerr kron_radius gini equivalent_radius kron4_2_flux kron4_2_fluxerr radius_kron20 radius_kron50 radius_kron80 near_border
[from data line 1894]
1895 1846.2763780266282 4034.6641800635466 214.92484213631064 52.9360122614082 1842 1850 4030 4039 74.0 2.3401579797526937 1.8940490670032188 30.270791268725905 0.5873017818741016 0.01050484538910839 0.8871413532089203 0.0 33.311897075970535 11.151269 58.21663461942712 28.631398328044792 2.3442409298836466 0.3074259842722315 4.853342309955121 122.91259344857274 46.13724421088089 2.2570269556866633 4.146276087407204 6.504363959166874 False
1896 6873.99634570358 4033.1631588111054 214.87985548555028 52.90407944073119 6870 6877 4031 4038 49.0 1.6061092393576162 1.573258814272223 -11.638944761043073 0.2012175327151008 -0.041244839438452925 0.6020374022860934 0.0 12.759797796255675 6.8458595 17.3780778594774 9.64517009033753 1.4 0.4178910249518132 3.949327084834294 8.480261707932529 15.43498287691188 1.4680258675668847 2.5080703498740298 3.56674356615362 False
1897 7995.534369898649 4032.2201389109 214.86983570937093 52.89695055059188 7994 7997 4031 4035 13.0 1.0054268776019595 0.6074783733918482 -33.53515961053316 0.7968331169644383 -0.1809195444191779 0.26377429059913526 0.0 0.9384408791427327 3.3108726 15.038849326154446 11.499109813955226 3.5940213116541284 0.41446609282799224 2.0342144725641096 29.318307686025086 18.281874067179107 2.3851575261222373 4.5754701927468355 6.091695136785594 False
1898 682.3974704904069 4034.9135008877183 214.9352666816327 52.943401499883514 680 685 4032 4039 38.0 1.969709398617646 1.4405337247545813 75.1598021884744 0.6820095397803403 0.4131855183747983 1.0879515486031945 0.0 26.981241918624214 8.110615 103.7198961117439 29.837755840964792 3.0048546738943642 0.14937252454908484 3.477898169151024 72.69705999837964 47.83133944352021 3.0259334921203394 5.315445314589676 7.847140761599765 False
1899 6602.265256756846 4037.567260509727 214.88223964418813 52.905829059083004 6596 6610 4032 4041 115.0 2.7491299818039643 2.0681313079020343 -14.726853459542301 0.6588369689152638 -0.21146673351825424 0.9853708869876987 0.0 40.63069287331511 16.89797 79.79197938066518 47.47517118838115 2.9277181713280194 0.44475552826226433 6.050259243299904 138.3307906265205 75.59251599337863 2.4930551003162242 5.098368200264708 14.234913688902436 False
1900 7623.785777252561 4037.7702362031932 214.8731013799989 52.8993418611757 7618 7633 4032 4044 130.0 3.561760511593604 1.874763031938633 52.33169779228612 0.850262722024487 -0.06525189274228467 0.49650113580566535 0.0 27.395399943738816 9.112652 39.899943203573116 12.880556637490196 1.4 0.40769266850023345 6.432750982580687 32.76566243695041 20.894312525321197 2.5115083224097567 4.157867740409063 5.9553777069287985 False
1901 2469.2540758233145 4034.6125375267616 214.91926289316717 52.932057163096744 2468 2470 4033 4036 8.0 1.0017692663710822 0.5956489599457525 73.2004681751679 0.8040239148835875 0.4115543046432219 0.5492811617266715 0.0 3.9355215678409996 3.6991222 22.99756952514062 15.462128372964173 3.3896190905323063 0.058866397387068704 1.5957691216057308 31.248398320802245 24.532633540461426 1.7248870296010448 3.007004186585385 4.718011619166093 False
1902 8024.06254060202 4057.18931811264 214.86931770528983 52.89690401354065 7966 8084 4033 4079 3882.0 19.83338851023539 6.201341934754359 -2.021937665816617 0.9498612135553567 -0.06878758455276929 20.615702221206543 0.0 11961.397721192621 57.571476 12107.524917499959 64.57243803653022 1.4 0.6128437913646511 35.152225792479705 12505.689581440325 105.94262870289995 7.356737476988806 15.528828354892697 27.0618018305519 False
1903 7340.859369193227 4036.90432787744 214.8756406207249 52.9011342968384 7338 7343 4034 4041 41.0 1.849468642487575 1.4408131901067847 -86.52387527804325 0.6269721158632235 0.06281380767080219 0.4328671847181983 0.0 9.74041170233742 6.1702685 68.99625814363863 25.276196015189537 3.530415273370429 0.25643613535516757 3.6125759969217834 122.75395388400594 40.64649095974706 5.068743163288305 9.949551709332226 12.208072913563432 False
1904 3383.6635333461554 4056.3149226024493 214.91084613079877 52.92636892402299 3353 3416 4035 4080 2111.0 11.439855179433463 7.64313730833721 23.862044849722764 0.7440581469583969 -0.28074556098021125 5.811258467594996 0.0 2134.423089595204 60.27355 2400.199242270279 87.23909564175193 1.605230917057626 0.5083397627940611 25.922040230930552 2490.3237032394177 140.8220968686912 5.891562512576523 12.000719232141828 21.72317204374017 False
1905 6087.795541535799 4038.529809647526 214.88683178198457 52.90910169330054 6086 6089 4038 4040 9.0 0.876055999979453 0.47538819136387306 11.92452556370786 0.8399615667692318 -0.042778024747412 0.2800261842830964 0.0 0.9808888990608069 4.480965 14.005997392295242 15.881901603495564 3.7233382285036885 0.5328463090529975 1.692568750643269 42.77074265315661 25.487083069041887 2.1785003728128567 3.626939859520721 4.724098927815985 False
1906 9045.004414667776 4043.1629642858074 214.86033825297773 52.890342757942854 9044 9046 4042 4044 5.0 0.6321147097163623 0.6027554522754796 -1.137262732985746 0.3012224144475025 0.06767550495329236 0.16487820128788924 0.0 0.5964662493556471 2.062327 2.750508477046218 8.782114963107981 3.4658248972646755 0.1694444047272959 1.2615662610100802 -6.78466982128091 14.082683031454902 1.1793171086845071 1.9393611836641245 2.5762991535802833 False
1907 1343.2552228756579 4050.746665722686 214.92917886441722 52.93929220586932 1337 1350 4043 4058 144.0 4.549961983865685 2.241367785603879 49.796366027746494 0.870248816871834 -0.12998361035458178 0.964958874426755 0.0 62.68983288577075 15.591949 75.87134963389849 33.77885215069137 1.831077231283573 0.2829622434365537 6.770275002573076 128.58744596985863 54.423203129293015 3.278848118485181 5.326300940956032 7.441102538872586 False
1908 1932.891777187883 4046.2888937056587 214.92394385435847 52.93552517850524 1929 1936 4043 4049 37.0 1.913654706067946 1.2920261651860339 -20.736041158253858 0.7376698580921764 0.14347890810831998 0.8882526411530669 0.0 19.88779610048914 7.918887 59.009296446711346 25.034905945732444 2.728238806843054 0.22353621779898378 3.431831258788849 122.19306220586033 40.01091066062733 2.353327902681312 4.385750698937149 8.016267737671123 False
1909 7131.937266734507 4044.0917551284388 214.87743339431773 52.90250007726253 7131 7133 4043 4046 10.0 0.9487936637191619 0.7712765098011817 74.08073509542362 0.5824001391172785 0.10578619446239486 0.20848260297278687 0.0 1.5127579122535986 3.0714188 10.141756632470557 13.44614651160663 3.637387898846667 0.11773763354053039 1.7841241161527712 -7.1994656396909775 21.824970117873136 2.074408901321389 3.523068318646187 5.1297733517212345 False
1910 7057.189565726057 4056.5956701261 214.87797024403798 52.90304229799676 7046 7067 4045 4068 409.0 4.94980561706608 4.060950535855251 81.64414122670564 0.5717523444435482 0.026937732052698997 2.9297694609341014 0.0 353.95203012446615 19.800804 450.4414651705855 40.27283275773152 2.061781596159863 0.4027474908570242 11.410028196686037 555.9363738174413 64.81076495286453 3.480146506039172 6.729683759996724 11.896086783768435 False
1911 2082.850432703587 4052.5340226300896 214.92253489345546 52.934606931462966 2078 2090 4047 4055 94.0 2.4371249586396124 1.7519966435037204 -25.697118738276654 0.6951357823957276 -0.4323219704794939 0.5314424312428531 0.0 8.771303264609758 12.750637 19.251345439278424 17.161410174850598 1.4 0.5044827442165885 5.4700209598571305 15.940556176609238 27.4992354455208 1.7186645923623722 3.080007517909894 4.850534029772992 False
1912 4277.827778902013 4053.975570425529 214.90286599028795 52.92067889124622 4271 4285 4047 4060 160.0 3.3378588139027094 2.906237656724345 14.677435292823246 0.4918336080906727 -0.07406956904742325 1.3747645297020765 0.0 91.55398972369491 19.686935 124.52650538250697 43.43415814900092 2.0086255195172225 0.2775680382636 7.136496464611085 120.69448354640883 70.76490910032051 2.7388569674858902 5.127137392816458 7.894273964166639 False
1913 10099.190498980764 4052.015699708277 214.8508235536526 52.883692971690934 10096 10106 4049 4056 59.0 2.9414962591797633 1.29900513512568 28.877815588240928 0.897205279396484 -0.030351202552178085 0.539064196766201 0.0 12.452352314172083 7.5396447 42.413387310283824 26.214084016086357 3.0210272951251587 0.45748336296336534 4.3336224206596095 55.68544714816764 42.33762361516082 3.0590678220563956 6.4716232813631 8.99820482097292 False
1914 8546.185263237652 4058.0822102826337 214.86464022460564 52.893592092551955 8539 8554 4052 4063 158.0 3.770477401089026 3.0884826041587927 -12.374161038494108 0.573618730221377 0.20550263076140626 0.813651783583254 0.0 71.00745571010535 12.352133 157.04864359175895 29.924326238996706 2.0116455738674586 0.18210982944078058 7.091753098990329 130.03047085633597 48.84343351573982 4.3763133981089295 7.3933549355803665 10.660854357452424 False
1915 6782.536447763423 4059.802684652192 214.88039301175883 52.9048040551375 6780 6785 4053 4065 58.0 3.0309152330126636 1.4447566914876104 -86.57924446538804 0.8790804643103616 0.12827772201170676 0.4306754700400571 0.0 16.727677753647686 7.5468855 87.64366909382639 31.630669126841568 3.4263910361944125 0.15399890045177092 4.296739856991561 131.4560028171053 51.39814858641124 4.5178969941286375 8.560198397990346 12.795504763142713 False
1916 2580.953867849321 4061.515708956535 214.91797919330958 52.9314932637131 2572 2588 4056 4068 177.0 3.966074741750867 2.7014178808252702 11.582763234888162 0.7321612329754004 -0.591442690913412 1.0800947518392874 0.0 77.59365614217607 17.744585 244.09851263159078 56.843408608965795 2.948576239329764 0.3195175618307645 7.506054213402069 266.88852917160796 90.56375380073784 4.798594093239586 11.580803690871816 18.432576524020526 False
1917 2366.0837258935935 4061.714831826898 214.91990143025583 52.932858438987594 2360 2371 4057 4068 96.0 2.969405301609285 1.9914771338421227 -53.706038480121634 0.741760095263861 0.028630170549156515 0.7559060228273992 0.0 39.52405139236777 13.176569 128.055806010129 41.406549869588765 2.9350102376372647 0.2749112324375416 5.527906391541368 129.48220444975883 66.5468671863838 3.8227022876570653 8.91672610665575 13.399919461862696 False
1918 6270.681296868209 4063.627380717568 214.88493137164252 52.908075597430155 6263 6278 4058 4071 185.0 3.95636397533539 2.898330770084145 -42.755099747361754 0.6806870211780032 -0.1546012076429752 0.8918133888824484 0.0 78.61304840538672 20.943798 236.9153237142579 69.70972609329085 3.0274847051064775 0.3143021323027114 7.673807981960539 341.4987075068959 111.0606252459105 5.068592811289217 12.309152384150048 18.055160414989633 False
1919 7306.978067831344 4063.5402598319683 214.87566314034697 52.90149318702907 7301 7315 4058 4070 141.0 4.233334226254891 2.306127336541898 -26.64143786095915 0.8385956546274795 -0.19095543458804473 0.4120338258081754 0.0 22.82203346970487 11.483446 118.9109038003444 43.164701154571105 3.0874045136396098 0.3484399503670089 6.699380116989518 156.4046157579093 69.78674276399454 6.801185685470937 19.72497112545409 25.1353187565264 False
1920 8331.06642310797 4066.08004395649 214.8664792084514 52.895001774596146 8326 8336 4060 4073 119.0 2.8721661160878056 2.7157026572663834 -45.719282064067016 0.3255517304800045 -0.12809104571823113 0.4587671687305322 0.0 29.89207060550665 10.062256 80.14762513552469 30.994789741434374 2.685779418444 0.27942077619941 6.154581744998688 69.79294851019625 49.80656675700683 3.759539892239302 7.935523492564438 11.147401193484649 False
1921 3592.3348058074057 4063.723849651876 214.9088998367574 52.92508402306343 3590 3594 4062 4065 16.0 1.1366081276275553 1.0195313889689468 38.332219143254946 0.4420414352520737 0.022892559545054425 0.20874389829473874 0.0 1.5478418349001772 5.619137 24.45772723056083 25.326354691357025 3.9038587041666926 0.32359720504978695 2.256758334191025 -2.4987931297396067 40.811565104805474 3.4690445433733132 5.522938458146114 7.494858041902902 False
1922 6561.932398845418 4067.553289500512 214.88228465179932 52.90624699708436 6557 6563 4066 4071 33.0 1.0690421080019445 0.8151248874979344 76.27930341941172 0.6470099537423799 -0.3898045164590326 1.020528489299688 0.0 2.9017006017615263 10.643426 22.149987717773627 20.231073041900682 2.5423648614901837 0.9581632978828291 3.2410224072142872 46.545615443060655 31.5683555728012 1.3799532530996945 2.4138066263124203 3.6373874077430526 False
1923 157.554404960215 4079.1830156256137 214.9395035971712 52.946971774918985 145 171 4068 4091 426.0 7.149362032868009 4.251387292016838 24.154124327430086 0.8039827052585522 -0.16876975270442318 1.128330230353471 0.0 231.209830646042 27.267784 624.2900769862022 85.25637136131456 2.590907261864126 0.2501724391528936 11.64474179680661 868.1179486790815 136.09546515374083 8.030071455012077 14.507024647635742 19.707866667896997 False
1924 6892.13039748903 4070.6007685098743 214.87929905384092 52.904166228871865 6891 6893 4070 4071 5.0 0.7768665020932294 0.43972405987795515 -19.673613266786774 0.8243896682999413 0.3401640204951012 0.4435077662681463 0.0 1.9994078369840973 2.1728125 12.384466076205895 9.197570783987986 3.5830808387649427 0.06921825603287213 1.2615662610100802 14.121762754753323 14.6909244040421 1.4143772704341 2.382444144451559 3.3046643703207903 False
1925 2989.195808582238 4075.001304450483 214.9141813603835 52.92897425127237 2986 2993 4072 4077 36.0 2.1547565702277156 1.2173726542468328 -18.142615105556725 0.8251114989793689 -0.11665650297335729 0.32227952801624155 0.0 4.091101908252842 7.813122 15.323347985569669 21.272239187976435 2.2656123420828993 0.34220268610827304 3.385137501286538 41.996373194281695 34.04154558669257 2.8470333357012754 4.317319126868204 5.451851227369428 False
1926 9999.267029733415 4074.9478177013025 214.8514750097477 52.8844515005484 9996 10002 4072 4077 33.0 1.6147988042887165 1.5228483904129808 -66.41842263638358 0.3326292828194654 0.043802047424429995 0.28203251919961314 0.0 5.808422840610129 5.28893 18.450455392566933 19.438237787318396 2.954477564078585 0.17136947085294088 3.2410224072142872 53.30023978286985 31.518840478592058 2.477754120899137 4.136720893722495 5.750534481869752 False
1927 8405.306983209326 4078.2234414429445 214.86568760280397 52.89459565911407 8402 8409 4073 4082 54.0 2.515224657332174 1.660105583431453 81.20224908330208 0.7512455811362344 0.09966424679705835 0.5331079833106754 0.0 17.578419013882808 6.7016807 115.49298774104876 28.072272589774535 3.2962161159321286 0.16632899196279086 4.145929793656026 130.52037115068825 44.56469026286743 4.916128462799554 8.98407578983234 15.68283857794543 False
1928 2210.685598319575 4091.6450672702645 214.92097797881266 52.93400653784937 2202 2220 4074 4108 485.0 7.967161501848502 3.6233058252752945 -75.5742870618043 0.890603805398232 -0.20874791808151083 1.4161088693905086 0.0 199.0798628659711 33.165188 237.31934065218474 49.705984080096925 1.4 0.3820420834002849 12.424986712231869 159.88545145698185 79.86460010372777 4.19272897505858 8.37310850210077 12.56030004578565 False
1929 3537.0052183420876 4078.247729029169 214.90924223421325 52.92551371372677 3536 3541 4077 4083 33.0 1.631352714166861 0.6312338556687571 -35.07232250479327 0.9221053480980087 -0.3052571667169381 0.2547082834651701 0.0 -2.837982245897783 7.8483105 5.2564363653068815 8.518980667615416 1.4 -0.3846114339498516 3.2410224072142872 3.9711318785481144 13.633832162848064 1.956910581838068 nan nan False
