outputs/dr0.5_c0.1/nircam3_f444w_dr0.5_c0.1.ecsv
# %ECSV 1.0
# ---
# datatype:
# - {name: label, datatype: int64}
# - {name: xcentroid, datatype: float64}
# - {name: ycentroid, datatype: float64}
# - {name: sky_centroid.ra, unit: deg, datatype: float64}
# - {name: sky_centroid.dec, unit: deg, datatype: float64}
# - {name: bbox_xmin, datatype: int64}
# - {name: bbox_xmax, datatype: int64}
# - {name: bbox_ymin, datatype: int64}
# - {name: bbox_ymax, datatype: int64}
# - {name: area, unit: pix2, datatype: float64}
# - {name: semimajor_sigma, unit: pix, datatype: float64}
# - {name: semiminor_sigma, unit: pix, datatype: float64}
# - {name: orientation, unit: deg, datatype: float64}
# - {name: eccentricity, datatype: float64}
# - {name: min_value, datatype: float64}
# - {name: max_value, datatype: float64}
# - {name: local_background, datatype: float64}
# - {name: segment_flux, datatype: float64}
# - {name: segment_fluxerr, datatype: float32}
# - {name: kron_flux, datatype: float64}
# - {name: kron_fluxerr, datatype: float64}
# - {name: kron_radius, unit: pix, datatype: float64}
# - {name: gini, datatype: float64}
# - {name: equivalent_radius, unit: pix, datatype: float64}
# - {name: kron4_2_flux, datatype: float64}
# - {name: kron4_2_fluxerr, datatype: float64}
# - {name: radius_kron20, unit: pix, datatype: float64}
# - {name: radius_kron50, unit: pix, datatype: float64}
# - {name: radius_kron80, unit: pix, datatype: float64}
# - {name: near_border, datatype: bool}
# meta:
#   PHOTMJSR: 0.3925000131130219
#   PIXAR_SR: 2.11539874851881e-14
#   __serialized_columns__:
#     area:
#       __class__: astropy.units.quantity.Quantity
#       unit: !astropy.units.Unit {unit: pix2}
#       value: !astropy.table.SerializedColumn {name: area}
#     eccentricity:
#       __class__: astropy.units.quantity.Quantity
#       unit: !astropy.units.Unit {unit: ''}
#       value: !astropy.table.SerializedColumn {name: eccentricity}
#     equivalent_radius:
#       __class__: astropy.units.quantity.Quantity
#       unit: !astropy.units.Unit {unit: pix}
#       value: !astropy.table.SerializedColumn {name: equivalent_radius}
#     kron_radius:
#       __class__: astropy.units.quantity.Quantity
#       unit: &id001 !astropy.units.Unit {unit: pix}
#       value: !astropy.table.SerializedColumn {name: kron_radius}
#     orientation:
#       __class__: astropy.units.quantity.Quantity
#       unit: &id002 !astropy.units.Unit {unit: deg}
#       value: !astropy.table.SerializedColumn {name: orientation}
#     radius_kron20:
#       __class__: astropy.units.quantity.Quantity
#       unit: *id001
#       value: !astropy.table.SerializedColumn {name: radius_kron20}
#     radius_kron50:
#       __class__: astropy.units.quantity.Quantity
#       unit: *id001
#       value: !astropy.table.SerializedColumn {name: radius_kron50}
#     radius_kron80:
#       __class__: astropy.units.quantity.Quantity
#       unit: *id001
#       value: !astropy.table.SerializedColumn {name: radius_kron80}
#     semimajor_sigma:
#       __class__: astropy.units.quantity.Quantity
#       unit: !astropy.units.Unit {unit: pix}
#       value: !astropy.table.SerializedColumn {name: semimajor_sigma}
#     semiminor_sigma:
#       __class__: astropy.units.quantity.Quantity
#       unit: !astropy.units.Unit {unit: pix}
#       value: !astropy.table.SerializedColumn {name: semiminor_sigma}
#     sky_centroid:
#       __class__: astropy.coordinates.sky_coordinate.SkyCoord
#       dec: !astropy.table.SerializedColumn
#         __class__: astropy.coordinates.angles.Latitude
#         unit: *id002
#         value: !astropy.table.SerializedColumn {name: sky_centroid.dec}
#       frame: icrs
#       ra: !astropy.table.SerializedColumn
#         __class__: astropy.coordinates.angles.Longitude
#         unit: *id002
#         value: !astropy.table.SerializedColumn {name: sky_centroid.ra}
#         wrap_angle: !astropy.coordinates.Angle
#           unit: *id002
#           value: 360.0
#       representation_type: spherical
#   astropy version: '5.1'
#   make_catalog parameters:
#     ab_zpt: 31.4
#     coadd_bands: !!python/tuple [f277w, f356w]
#     deblend_contrast: 0.001
#     deblend_nlevels: 32
#     deblend_npixels: 1
#     detect_kernel_fwhm: 4.0
#     detect_kernel_npix: 7
#     detect_npixels: 4
#     detect_threshold_nsigma: 3.0
#     flag_isolated_buffer: 4
#     hst_bands: !!python/tuple [f606w, f814w, f125w, f140w, f160w]
#     jwst_bands: !!python/tuple [f115w, f150w, f200w, f277w, f356w, f410m, f444w]
#     near_border_kernelsize: 21
#     reference_band: f200w
#   make_catalog version: 1.4.0
#   photutils version: 1.5.0
# schema: astropy-2.0
label xcentroid ycentroid sky_centroid.ra sky_centroid.dec bbox_xmin bbox_xmax bbox_ymin bbox_ymax area semimajor_sigma semiminor_sigma orientation eccentricity min_value max_value local_background segment_flux segment_fluxerr kron_flux kron_fluxerr kron_radius gini equivalent_radius kron4_2_flux kron4_2_fluxerr radius_kron20 radius_kron50 radius_kron80 near_border
[from data line 294]
295 2363.4235854713806 602.3085375587121 214.84780360655824 52.85948705552003 2357 2370 592 613 208.0 5.034025949094963 2.3410465398120746 -70.87829372751742 0.8852872574221606 0.03216877702245891 1.2457853870139135 0.0 114.31620244548566 2.3410017 148.91571247546483 4.347793086836508 1.8208718606473646 0.3221124465781308 8.136857890256438 148.80817382897538 6.942550971559259 3.168626456986256 5.804157393894646 9.329153730241034 False
296 4416.130497717846 592.7050715800729 214.82957865495013 52.84639127159063 4416 4417 592 594 5.0 0.8173575069857019 0.303664707131651 78.92327813133521 0.928424928391401 0.027464324688277888 0.23384667983708932 0.0 0.45463237267314427 0.40861332 8.276566480524409 1.9220173095610258 4.063737621526309 0.5218053883120876 1.2615662610100802 13.174622440203592 3.419375961672241 1.8919017228123018 3.2608001287056982 6.31277058227246 False
297 3457.424381462791 595.5963592596105 214.8381059295072 52.852499344111386 3455 3460 593 598 26.0 1.4797425387121652 1.2811559265657515 33.95928304830975 0.5003962452665833 0.09237957129589122 0.458639400141051 0.0 7.922821439643701 0.8541712 22.48452884271711 2.9183315511311054 2.838602811665209 0.1912912286259882 2.876813695875796 29.085535310724108 4.604225893664243 2.052513424800695 3.653875247744367 5.612839728623541 False
298 9190.762112207876 595.4932565270352 214.7869652589205 52.81605480745861 9189 9193 593 597 17.0 1.2956632661938379 1.061321745808624 -44.844861327690836 0.5736023024855765 0.22886503675512695 0.3522405394657653 0.0 4.96236946130626 0.78237146 56.52341324259536 3.560435667342903 3.746078141630726 0.0689663599439569 2.326213245840639 109.45883062971663 5.778206873618332 3.6156594586734108 6.348032118962454 8.836673620282793 False
299 9973.623787492852 595.2927153123377 214.77999084689276 52.811075760942245 9970 9977 593 598 33.0 2.0503451313126217 1.1912985550959385 -18.592304882038224 0.8138868330847095 0.15751435016633417 0.4706899704216842 0.0 10.872394849414928 1.2229981 45.04491324697289 4.30434031494669 3.1559907204813777 0.1524735108566492 3.2410224072142872 43.699341204267526 6.850844767013636 2.972029845442899 5.583133335072939 9.501648612298814 False
300 389.54761615481254 595.6676137576903 214.86550610955277 52.871991654444564 389 392 594 597 10.0 0.9087384789595069 0.6403295668592767 -69.78759249955105 0.7095692649271895 0.002113824761997072 0.29780399567055493 0.0 1.387574092577046 0.47695622 15.095616614169348 1.9873384559217566 3.838019090578838 0.4285663124022562 1.7841241161527712 28.497190547135013 3.229612672317222 2.964519170861107 4.933547409231412 6.269521444777051 False
301 307.30774377806534 600.9214358363686 214.86618568489254 52.8725424198337 302 312 595 607 102.0 2.9983835761916926 2.1365901064085535 49.8552677493642 0.7015902098798166 0.011282431129859903 0.5366093881949779 0.0 26.02273794066462 1.6379056 124.74501950374216 5.701188357466199 3.2988794392860283 0.279137287779514 5.698035485213008 202.69162756340123 8.481793042153933 5.536295999736303 13.042625423141091 18.999429321335327 False
302 6856.915030973657 622.5844534468697 214.80748792988535 52.83103854399458 6839 6872 595 650 1204.0 12.181961773146416 4.922010655861824 -75.18171869071577 0.914740925396261 0.041847985637998415 4.582986209824538 0.0 1150.3844464310553 6.21071 1287.459382704362 9.725917489533098 1.5894423749158357 0.4229288639247236 19.576646877473273 1359.9854672225067 15.524054831415393 5.281290761781112 11.507002471298408 19.552785213187157 False
303 7061.647302643602 608.7408718780042 214.80580770323328 52.8296624789942 7049 7073 595 620 422.0 4.330200294784089 3.997264661772117 33.67055329899846 0.3845285240842778 0.11120521788786207 6.651346755334566 0.0 466.0844286842811 3.6287897 526.2671989886171 5.529346083859928 1.6820599948279744 0.5089250140954356 11.589942707777277 584.7827024201877 8.950391149617634 2.500311800610221 4.984150841746454 9.730373676066334 False
304 9279.22226732297 597.6124425229285 214.78615456538245 52.815503753123856 9278 9281 596 600 16.0 1.2230787246961898 0.9978081155447598 65.9951234741563 0.5783104903570643 0.15741320131178055 0.409979208305262 0.0 4.853205890986522 0.73944104 23.141211049340313 3.0093735586612818 3.21226861620417 0.15022192192121717 2.256758334191025 43.796639060656375 4.855272619461977 2.178788170182218 3.8114431889913223 5.886446935749848 False
305 9369.44415223944 598.8727155137609 214.78533722791454 52.81493686478583 9367 9372 596 601 30.0 1.6283326260447784 1.3532507784444276 -27.31086384785401 0.5561748199139143 0.14709372397925324 0.4939700929032395 0.0 9.862382739129046 1.0674204 25.014607528838162 3.433426906088525 2.456439053820558 0.15278700421401523 3.0901936161855166 22.834906944583878 5.255283568998668 2.100872985887141 3.5756648098973747 5.15461728290385 False
306 2468.06696561971 599.3391556262989 214.84690036120773 52.85880615236268 2466 2471 597 601 27.0 1.3796015243988697 1.1578503808618936 -33.72170708794474 0.5437235930825925 -0.024277980571533204 0.3655422429852119 0.0 4.515424026008458 0.8133063 8.794464090257541 1.9715875334024178 2.281248585556313 0.38805460300060823 2.9316150714175193 11.498943795994089 3.1195913949149063 1.4904166058674098 2.6011314465100757 3.9962855841993505 False
307 9241.035585858348 633.596963812271 214.786116319354 52.81594039225749 9208 9271 597 672 3239.0 10.446305654799508 6.6762027020512305 72.76301099684676 0.769126135769655 -0.04212180540695221 94.3815925681214 0.0 9942.144959631138 12.124675 9780.717673385308 11.218298752146806 1.4 0.7380547699233406 32.109277807968496 10490.800865453679 16.923475013491377 2.980390387462902 7.0093059245830664 15.44087376338777 False
308 7103.852257997286 606.243646129553 214.80545759082298 52.82938072565716 7089 7125 598 615 512.0 7.930497351501508 3.6637491361746224 3.374121767396149 0.8868891621799591 -0.053171140993626555 1.8263301770172922 0.0 245.11626543554712 4.3510175 408.5687018135496 10.577396904760052 2.370833688555659 0.3683958085610621 12.766152972845846 523.9007346072549 16.55365739686175 5.534167245160107 11.020433897300224 22.33425301700573 False
309 8652.94141133221 599.8079542762785 214.7917136144421 52.81949764322773 8649 8656 598 601 24.0 1.883809083019408 0.9702799356679143 -16.0902376763163 0.8571524583329637 0.16772535361693536 0.5467433546214312 0.0 7.921839443587189 0.8686318 47.44102068172904 3.4323535787735375 3.239713844624099 0.15818226546093989 2.763953195770684 108.02084575682795 5.594613520415995 3.1241952793632044 6.527823467844087 9.228467107472202 False
310 3427.9962260678926 610.457626139345 214.8382122646722 52.852766465943134 3420 3436 599 622 319.0 5.205636725013863 3.1805411472413487 -74.766895188236 0.79164585073555 0.04715059497603581 2.144677080139483 0.0 233.31175685542837 3.036266 298.0151809398268 5.747064679509983 1.8757430334173895 0.37028786266211006 10.076748170547344 314.61738368311126 9.012116363618409 3.3764480124623524 6.400781709404884 10.574548446656676 False
311 3557.3545823050413 611.750626076516 214.83704381749206 52.851951413227425 3547 3568 600 622 392.0 4.216972087708834 4.035598780287689 10.79418606009395 0.2901219522078561 0.0649754521931248 4.97344618023064 0.0 405.75733760265075 3.3086407 447.58041600875345 4.445346532835007 1.466953027882282 0.468749155681927 11.170383851240114 459.94233400914254 7.071230236141178 2.669887443132928 5.186527332277556 9.013540703177455 False
312 214.59514271449575 601.9166454728385 214.86700368181582 52.87313673915172 213 216 601 603 9.0 0.9577701052506649 0.6134823043207385 2.3580636505149712 0.7679315635944765 0.0017922572051363847 0.14363913100645595 0.0 0.7174450478799544 0.48150814 25.500241274758345 2.3276046609850147 4.288736172057439 0.3172922832344074 1.692568750643269 56.160647505438966 3.701882533296242 4.45525591140908 6.147399709044623 7.518824542747998 False
313 7309.283273207245 609.0828315571275 214.80359573438125 52.82809007722886 7300 7319 603 616 211.0 4.128563150940825 2.602461127739318 -0.2795849378642714 0.7763068719185149 -0.05323104673088653 1.515763440435807 0.0 99.18255077638597 2.5475662 139.37135800424926 5.599311067282228 2.101483370160855 0.40780161585333363 8.19532708223289 159.11603017294422 8.999134896496132 2.7593575559358388 5.485484585776801 10.049619729756737 False
314 9557.687355585937 606.2629948263242 214.7835818792394 52.81377970692727 9554 9559 603 609 38.0 1.578222181698357 1.2613137637352814 -76.82235626116561 0.6010663705665585 -0.09074778973087026 0.36768789622639575 0.0 3.3968681643634593 1.1668856 6.0815181139700165 2.3560502589569543 1.9950770192781857 0.5374334815553112 3.477898169151024 4.598258656657931 3.8565330850724227 1.3029641889214216 2.5971686565878396 4.872944024511594 False
315 8807.520790870656 606.5371453465169 214.79026493055994 52.81855105893015 8806 8809 605 608 16.0 1.1856874113491644 1.0567100868897075 50.099056461966796 0.4535683824968567 0.15841591706600083 0.3295328654881795 0.0 4.1290443163202095 0.7692626 19.093293486972037 3.127456556155871 3.226132056633386 0.13241641819915004 2.256758334191025 33.72811109496516 4.831030863235918 2.2018900459318917 3.8774550285936074 5.5295092761167846 False
316 302.51319163633974 612.6827325871548 214.86610474616091 52.87263631224359 301 304 611 614 11.0 0.8759452284593545 0.6769837072882475 -4.525936553641938 0.6345756250773743 0.0013803230159721435 0.15953932902955756 0.0 0.5539316971307635 0.49717146 4.485445126837846 1.7293931968888687 3.3249531645576913 0.6118880639767837 1.8712051592547776 17.61245435753611 2.771430440901486 2.001198945515276 4.550095150553814 5.9865020603833665 False
317 4410.069459852132 622.6038204714077 214.82931813329014 52.84659095435597 4390 4424 611 636 540.0 6.256030414075382 4.504262528262426 -23.928253903787073 0.6939872254085011 -0.022791265711653505 3.073308499466448 0.0 319.31829122819744 4.153991 445.43908442028436 inf 1.8569713598463453 0.4224527474118577 13.110581167104948 457.6050922451266 inf 3.820376091289366 8.799404704739231 15.190494555408115 False
318 395.0366674066507 612.0 214.86528517225136 52.87204487349947 393 397 612 612 5.0 1.5323726026656246 0.28867513459481287 0.0 0.9820953658839069 0.12013706699249677 0.21517222530673327 0.0 0.8527085447881484 0.3543067 13.496216068293776 1.67002557014897 3.6310295540199586 0.13093160342515225 1.2615662610100802 27.10404881898164 2.7100744135000805 2.5491594105860877 3.943470479386907 5.043078293838011 False
319 6494.10029838228 618.7782588175305 214.81076397237592 52.83332436010094 6481 6506 612 625 281.0 4.883085218596727 2.7272792729891058 2.9595016334944853 0.8294940168781102 0.02648159053793095 3.0227843611490304 0.0 254.50344582979614 3.2358935 312.1139257817791 5.630543359639994 1.8939951178842165 0.41458132499751493 9.45754080179648 368.5176664645628 8.868178468631784 2.8108350739189865 5.461906549934988 9.690127126387953 False
320 7897.039984078155 616.0358237232898 214.79828171748508 52.824390950175946 7894 7900 612 620 51.0 2.1336262296719473 1.6275927849907543 -71.98109379601453 0.6465998214517872 0.09609517297598777 0.522500627939583 0.0 15.579509711463013 1.2386564 40.78815974068089 4.1694454918128905 2.8261834164727695 0.19517724484895127 4.029119531035698 44.89474736754479 6.659178485986593 2.6296487326061153 5.2248266585662115 8.765070659543616 False
321 450.3092356178432 617.0621098510878 214.86473800945518 52.871721053275884 447 454 614 620 47.0 1.8223442818858997 1.619210876560123 -28.923974930637222 0.45881500587548163 0.09539347932354995 0.6167613388076446 0.0 15.346134348584265 1.0391574 24.740503458929734 2.169985968223575 1.8036388213079628 0.24611054710198135 3.8678889139475245 22.429427851664286 3.509942301544952 1.7688316077767976 3.229975987603319 5.650201195956444 False
322 4333.30979214424 619.7875127674404 214.8300328605015 52.84706359795067 4329 4337 615 625 76.0 2.6266054555325455 1.8964546151056685 67.80157149169135 0.691874987800298 0.06445637239931609 0.4757758744778178 0.0 19.97559209381771 1.3410677 25.949381514560304 2.1999119722194385 1.4377339461224148 0.23471713313695886 4.918490759365935 25.32931871857742 3.6040650634781075 2.00231403208383 3.613246446305646 5.411464950569229 False
323 1660.1857331408796 619.0390008926014 214.85390838383535 52.864045380610364 1658 1664 616 622 35.0 1.7096295916047726 1.2894188077140583 -82.78243854466224 0.6566339112626297 0.033625386817897236 0.4838196680788391 0.0 8.610312237382512 0.917196 39.20601129090476 3.446371157736646 3.357786912034941 0.28003323101123956 3.3377905890622728 51.5360718307869 5.608614090515141 3.083012938721467 6.813327568015567 9.716626658492224 False
324 8282.228332322062 622.8023862588169 214.79477639886508 52.821978491364305 8274 8290 616 631 193.0 3.9700732617942 2.5993598603083945 38.83232933087157 0.7558554628951838 -0.04460816132406126 2.0013493966907143 0.0 136.2701167649754 2.7254434 182.89459742350476 5.235655229036454 1.8974740336698652 0.3450173420512646 7.837972188868215 195.2155860792942 8.225194983531976 2.711045682340565 5.1839085920639985 9.168934719044522 False
325 1784.558021460027 621.3996428744058 214.85277263783098 52.863267918260505 1782 1787 618 625 38.0 1.7795856981498657 1.4341060929076037 68.80387711159665 0.5920991153797208 0.07560108666098199 0.5057894984542797 0.0 11.406678910828509 0.9324849 31.74352655204464 3.163265096992971 2.8247968987883385 0.1972032509747882 3.477898169151024 37.714692289274 5.317832689458958 2.323472718591393 4.6467652298928375 6.717629758664944 False
326 2209.9788430866047 624.1048770011332 214.84894458333892 52.86057954023212 2205 2215 618 630 114.0 2.465540796213916 2.226522531219831 57.3844144689258 0.42952187253432644 0.09031263700682936 2.0310919793856397 0.0 80.97483232824389 1.7712668 103.57430502926798 3.020161161596815 1.8196196061452814 0.4083743537139557 6.023896332520351 106.06242480767153 4.823781426305375 1.9316251461532963 3.493287272466469 6.334562974229957 False
327 1675.0149858603522 640.2181689970457 214.8535530366165 52.86406537192686 1661 1693 622 656 727.0 6.572001989419369 5.662994287444965 57.4637470701769 0.5074438764279617 -0.12066019192594304 1.6538192935283562 0.0 278.2090169996982 4.4968767 377.4265820520124 8.829202067421104 1.990453032360887 0.4172419521648204 15.212208493693998 439.66180507146174 13.93394243711309 4.688566219524802 9.605073485381938 17.33765875117011 False
328 2699.8057351385864 625.1079421490919 214.84455979502042 52.857472620102705 2699 2701 623 626 9.0 0.9454560510251214 0.7222445312264286 65.31039879481702 0.6453212950896375 0.06542951096506 0.22974056193384587 0.0 1.4460974183033275 0.61601925 11.706873786037947 2.2980623952576273 3.340829032045275 0.21317958990184893 1.692568750643269 9.604923429287231 3.336645593023171 2.1667678692004464 3.6078259319956385 5.974317880136255 False
329 2897.5092113906558 642.7074998348048 214.84260924076497 52.85631126691544 2884 2912 623 662 813.0 5.664647099261311 4.302132143770307 79.45201322222135 0.6505417887402817 0.006469659855145032 16.826033606144065 0.0 1214.9616792516927 5.014002 1305.4986468540837 6.243182756135328 1.6919849413810346 0.6433676355217536 16.086824965400158 1478.598411865742 9.800506897393783 2.449978637443853 5.001435755938706 10.57847548967536 False
330 2327.0313317591226 630.0153228447647 214.8478370291668 52.85986767968925 2322 2332 624 635 103.0 2.660035591439465 2.267759759631059 -74.16656365176262 0.5226785290105976 0.0674634093361016 1.0893404351280804 0.0 51.57226882078006 1.5652305 81.2815988286828 3.829629325616142 2.221976613543629 0.29306405293803467 5.725898905580716 82.54720826698669 6.103877936050697 2.4049545976690534 4.511624435256815 8.272748485022708 False
