outputs/dr0.5_c0.1/nircam3_f140w_dr0.5_c0.1.ecsv
# %ECSV 1.0
# ---
# datatype:
# - {name: label, datatype: int64}
# - {name: xcentroid, datatype: float64}
# - {name: ycentroid, datatype: float64}
# - {name: sky_centroid.ra, unit: deg, datatype: float64}
# - {name: sky_centroid.dec, unit: deg, datatype: float64}
# - {name: bbox_xmin, datatype: int64}
# - {name: bbox_xmax, datatype: int64}
# - {name: bbox_ymin, datatype: int64}
# - {name: bbox_ymax, datatype: int64}
# - {name: area, unit: pix2, datatype: float64}
# - {name: semimajor_sigma, unit: pix, datatype: float64}
# - {name: semiminor_sigma, unit: pix, datatype: float64}
# - {name: orientation, unit: deg, datatype: float64}
# - {name: eccentricity, datatype: float64}
# - {name: min_value, datatype: float64}
# - {name: max_value, datatype: float64}
# - {name: local_background, datatype: float64}
# - {name: segment_flux, datatype: float64}
# - {name: segment_fluxerr, datatype: float32}
# - {name: kron_flux, datatype: float64}
# - {name: kron_fluxerr, datatype: float64}
# - {name: kron_radius, unit: pix, datatype: float64}
# - {name: gini, datatype: float64}
# - {name: equivalent_radius, unit: pix, datatype: float64}
# - {name: kron4_2_flux, datatype: float64}
# - {name: kron4_2_fluxerr, datatype: float64}
# - {name: radius_kron20, unit: pix, datatype: float64}
# - {name: radius_kron50, unit: pix, datatype: float64}
# - {name: radius_kron80, unit: pix, datatype: float64}
# - {name: near_border, datatype: bool}
# meta:
#   PHOTMJSR: 0.3925000131130219
#   PIXAR_SR: 2.11539874851881e-14
#   __serialized_columns__:
#     area:
#       __class__: astropy.units.quantity.Quantity
#       unit: !astropy.units.Unit {unit: pix2}
#       value: !astropy.table.SerializedColumn {name: area}
#     eccentricity:
#       __class__: astropy.units.quantity.Quantity
#       unit: !astropy.units.Unit {unit: ''}
#       value: !astropy.table.SerializedColumn {name: eccentricity}
#     equivalent_radius:
#       __class__: astropy.units.quantity.Quantity
#       unit: !astropy.units.Unit {unit: pix}
#       value: !astropy.table.SerializedColumn {name: equivalent_radius}
#     kron_radius:
#       __class__: astropy.units.quantity.Quantity
#       unit: &id001 !astropy.units.Unit {unit: pix}
#       value: !astropy.table.SerializedColumn {name: kron_radius}
#     orientation:
#       __class__: astropy.units.quantity.Quantity
#       unit: &id002 !astropy.units.Unit {unit: deg}
#       value: !astropy.table.SerializedColumn {name: orientation}
#     radius_kron20:
#       __class__: astropy.units.quantity.Quantity
#       unit: *id001
#       value: !astropy.table.SerializedColumn {name: radius_kron20}
#     radius_kron50:
#       __class__: astropy.units.quantity.Quantity
#       unit: *id001
#       value: !astropy.table.SerializedColumn {name: radius_kron50}
#     radius_kron80:
#       __class__: astropy.units.quantity.Quantity
#       unit: *id001
#       value: !astropy.table.SerializedColumn {name: radius_kron80}
#     semimajor_sigma:
#       __class__: astropy.units.quantity.Quantity
#       unit: !astropy.units.Unit {unit: pix}
#       value: !astropy.table.SerializedColumn {name: semimajor_sigma}
#     semiminor_sigma:
#       __class__: astropy.units.quantity.Quantity
#       unit: !astropy.units.Unit {unit: pix}
#       value: !astropy.table.SerializedColumn {name: semiminor_sigma}
#     sky_centroid:
#       __class__: astropy.coordinates.sky_coordinate.SkyCoord
#       dec: !astropy.table.SerializedColumn
#         __class__: astropy.coordinates.angles.Latitude
#         unit: *id002
#         value: !astropy.table.SerializedColumn {name: sky_centroid.dec}
#       frame: icrs
#       ra: !astropy.table.SerializedColumn
#         __class__: astropy.coordinates.angles.Longitude
#         unit: *id002
#         value: !astropy.table.SerializedColumn {name: sky_centroid.ra}
#         wrap_angle: !astropy.coordinates.Angle
#           unit: *id002
#           value: 360.0
#       representation_type: spherical
#   astropy version: '5.1'
#   make_catalog parameters:
#     ab_zpt: 31.4
#     coadd_bands: !!python/tuple [f277w, f356w]
#     deblend_contrast: 0.001
#     deblend_nlevels: 32
#     deblend_npixels: 1
#     detect_kernel_fwhm: 4.0
#     detect_kernel_npix: 7
#     detect_npixels: 4
#     detect_threshold_nsigma: 3.0
#     flag_isolated_buffer: 4
#     hst_bands: !!python/tuple [f606w, f814w, f125w, f140w, f160w]
#     jwst_bands: !!python/tuple [f115w, f150w, f200w, f277w, f356w, f410m, f444w]
#     near_border_kernelsize: 21
#     reference_band: f200w
#   make_catalog version: 1.4.0
#   photutils version: 1.5.0
# schema: astropy-2.0
label xcentroid ycentroid sky_centroid.ra sky_centroid.dec bbox_xmin bbox_xmax bbox_ymin bbox_ymax area semimajor_sigma semiminor_sigma orientation eccentricity min_value max_value local_background segment_flux segment_fluxerr kron_flux kron_fluxerr kron_radius gini equivalent_radius kron4_2_flux kron4_2_fluxerr radius_kron20 radius_kron50 radius_kron80 near_border
[from data line 3744]
3745 273.1158966406206 678.5327744657861 214.8656743886793 52.87317822236981 254 408 594 703 7454.0 21.656768977588797 11.130333691209183 -37.26059514936252 0.857824644602653 -0.32656326501100597 310.98168356891824 0.0 41575.88940221339 76.50945 1268582.512788479 89.57620732619378 1.660795163807188 0.8284713824909112 48.710182627598265 1274891.5412899044 140.50746777194811 27.81233207147999 30.997241548519327 33.702468761876155 False
3746 245.18236125838777 702.5491823380413 214.86567123261554 52.8734852031665 196 294 693 768 2439.0 11.176756429863993 9.371655192626518 26.907766793882832 0.5449091790796924 0.5013377232319964 2029.2404573690578 0.0 116383.23736864977 45.45861 2297235.248038329 47.473266437226776 1.6629851929984787 0.7782013889182802 27.86319817254052 2301189.5479865773 60.560578964458564 13.506761062889527 16.384868200454605 19.24171090028551 False
3747 288.5750837527379 716.6700448866166 214.86513486292085 52.87328571009958 268 388 696 771 4546.0 20.58264019897759 10.979962840912599 32.6276503463208 0.845826899889406 -0.18740261116656243 29.119530111227096 0.0 9070.9851856155 60.809887 1232143.9676481595 147.11230867353265 2.616712825019363 0.6792527331549876 38.03993615388323 1242721.2376751055 268.5954054970117 51.003945512460625 53.90309682839356 56.548847428244656 False
3748 207.22639377956716 711.6637752328912 214.8659144759879 52.873775478301596 172 225 695 754 2222.0 13.537124298784486 8.640954330892574 -38.09286530330775 0.7697749702930408 0.7263446782157887 47.95726227132857 0.0 15730.466071085813 47.03458 1245568.5839458727 146.34500304625564 3.2554266126525797 0.570364037472969 26.594822185913987 1253358.975742271 255.48032586589997 41.01307023553008 43.77003968011745 46.775539294235124 False
3749 339.6012549791823 713.7723648397732 214.8647094049328 52.87294593435654 324 359 697 733 754.0 7.071743941148714 6.4655674910496925 32.72625140298289 0.4050785186115129 -0.0013825373461353319 2.4609533167168545 0.0 567.1939813633912 22.886068 1238.4610003467806 52.102858454172264 2.5695364634409077 0.3690414146511577 15.492115871712882 2016.8042432978996 91.14410263860671 7.271992052319661 16.55238593858989 30.33248640711117 False
3750 245.44023185138028 735.3819989447132 214.86532336867364 52.873660648546114 204 274 715 773 1867.0 12.629987108627276 12.197211205048257 71.20074912874732 0.2595329392827194 0.8262233221695401 25.281887781746118 0.0 9189.747746104043 43.855995 2460222.6563719665 204.26837092153679 3.7947547372323873 0.3934887909823627 24.37795228285463 2469253.410559139 352.57511114486675 44.97351408244036 47.86380208166149 50.799880407309985 False
3751 297.7918773784611 766.729849366476 214.86452563124507 52.873497153885836 273 322 754 779 895.0 11.026882946461718 5.8847879323582815 9.53739081786119 0.845688730338704 0.13300158066584677 1.8154091419333636 0.0 817.6069816903023 29.93931 2867.3817489449943 106.5627109722019 2.9229430559144456 0.2044633416592848 16.878606226063 7688.928471169349 181.5619375637534 13.083949313761083 25.367895645377345 38.27381692484374 False
3752 245.51253311590173 773.1037044742901 214.8649257047829 52.87386363969383 213 271 756 817 2140.0 13.408339701090421 11.267671427547805 -20.168669682185417 0.5420472690201483 -0.3117180133906101 4.637837956624193 0.0 2182.6055204288577 52.494846 2438781.8219239144 213.88910810467118 3.3232263453630084 0.4073239711800676 26.099485750361293 2444680.3071059585 345.8538036947316 82.93162231868503 85.80269776510275 88.68760531286578 False
3753 408.244969491174 783.6858005940516 214.8633602075868 52.87288693431443 366 472 759 820 1043.0 33.53788581349144 3.5755727134923796 28.073364120711773 0.994300598588581 -0.442188728661125 0.7052911267654461 0.0 129.83752025349244 36.73793 1225889.3038966747 352.0892628123224 5.816820324596943 0.45298076970565126 18.220790632947125 1230438.419229253 527.5273608156052 187.9782802468588 190.89103265511895 193.52749796582393 False
3754 243.42255253732526 835.3973527179015 214.86428873691068 52.874212891832386 226 263 806 921 2173.0 17.953546299517892 7.30967694929177 88.41940125982028 0.9133640241477614 -0.4843209651909928 2.9889780410450912 0.0 946.9519270946579 62.439476 1221926.2075574799 234.87567231838494 3.564831716285169 0.5410511386451785 26.299950240967704 1228000.2461952302 371.84703793460795 145.23209299243678 148.1194828516975 150.98448567850872 False
3755 4343.997107999333 289.084024391889 214.83341725764535 52.845213019367314 4330 4358 278 300 440.0 6.207444293091775 4.7931060260474485 -24.620675592406858 0.6354348374916824 -0.006469650291679581 1.2968563682027554 0.0 289.4968794308885 27.600424 755.2549213682134 95.36222614693884 3.0279795194022783 0.2267701096280359 11.834540545406394 849.5235459088335 152.7477025528809 7.494775618767339 16.576313268018637 26.728775550605793 False
3756 4326.471567174547 285.62746626555696 214.8336100496596 52.84530575980346 4321 4332 281 290 96.0 2.960315338306027 2.31798172743042 -9.538052560605477 0.6219983933309742 0.10197608996328444 0.7808033025604393 0.0 48.67586950010202 12.77669 273.17797266288187 50.571110343165195 3.3400100562602497 0.16812607383861025 5.527906391541368 429.36445978157144 80.57317203272815 6.049922043142019 11.399584910516843 18.833395816836543 False
3757 6641.605433144532 315.9720753192459 214.81263425974618 52.830754990485445 6627 6661 303 336 746.0 4.408185253294065 4.2554390705267044 77.54523198501916 0.2609607257205209 0.08440634029034433 100.17912472828375 0.0 8488.701954172084 45.806805 8652.892075561085 49.67518018159549 1.4705348985314919 0.7115632017724307 15.40971041561482 9296.836374428647 77.90885305536408 2.628637808934404 4.713165206821386 7.774950416089481 False
3758 6650.321586283325 338.61556303332515 214.8123182843356 52.83082160758822 6647 6655 336 343 50.0 2.0961175962992162 1.7905837857128224 -30.29539241633506 0.5198817616517302 0.22140923417271274 1.0481468743116376 0.0 27.070296578359514 10.590395 183.56271962192244 42.94198109982921 3.127128871781297 0.2126944537023943 3.989422804014327 418.91502037165446 68.4502463984848 4.642074267351381 10.654981473285227 14.085273240843327 False
3759 9612.20288762809 335.4503550537991 214.78594504455987 52.81197437168819 9577 9640 321 362 1753.0 11.981717362088107 7.861235089698538 6.009208154013505 0.7546717621052563 -0.07682246730792354 6.705018842712604 0.0 3278.0034688198375 53.78568 5216.094144113362 125.07627008891873 2.2406213078489166 0.4037766868370106 23.62196500040132 5494.077991723393 200.52527194968462 8.734819534584423 17.612239009951704 33.82203984565119 False
3760 9581.605158584602 328.6234019581039 214.78628953849866 52.812132153558 9566 9594 321 340 393.0 6.852246185977132 4.161678000519381 -18.39804602680156 0.7944381380108996 0.4131261290831471 2.0155313146867617 0.0 499.9810805604361 25.919146 1922.666515258511 94.22259146886448 3.071898060593849 0.16947975076884533 11.18462271470208 2383.2926371516783 151.83214593120925 9.32272169405472 18.82245527349948 30.520438953120262 False
3761 825.9899704352794 361.1106348453923 214.86407496171844 52.86795405316852 803 848 337 384 1630.0 8.271162876717455 7.173836364557426 72.71615450449656 0.49773170833952507 -0.11483604960605473 7.1301078618764056 0.0 1678.894841156575 34.059933 1881.9663838761637 51.245000553039006 1.772463836930637 0.5603124789279458 22.778171886250636 2123.35250875246 81.86805491465869 4.675093866311912 9.276942938099749 17.778940736232112 False
3762 848.7207639128102 355.44037312102773 214.86393154510677 52.86777907087691 844 855 351 362 97.0 3.247473955417969 2.2649258429335033 12.924931505123654 0.716640899458607 -0.03959795198464825 0.44256061330392765 0.0 22.52647632309851 8.333396 174.87648936896582 37.049956792580566 3.626591416299275 0.2974792272046497 5.556622981616415 420.8233046839198 56.6096922818735 6.759103843601052 11.59554099221931 15.771623450574243 False
3763 6331.046214681378 373.76158173963665 214.81479635820523 52.8330404566627 6298 6369 347 394 1833.0 14.901918433886298 6.383860281689139 -27.495925048818314 0.9035930666102998 -0.16447216351465654 2.1381510483408848 0.0 1157.226474335353 54.906757 1552.5772661475673 113.3540927517129 2.087777000167703 0.42138753681666546 24.154958525629645 1702.405123776463 177.21465228413913 8.388588075013507 16.664923553683735 28.485109821025894 False
3764 6320.345545287446 415.04119025959926 214.81445749235934 52.83333092954396 6291 6354 388 456 2811.0 12.65652918030473 10.517055780652925 -69.61454186528081 0.556333783134851 -0.0938129972768307 9.74151913488842 0.0 4598.446521789045 62.578533 5892.781636470303 108.16036669918738 1.8488613955134936 0.4788928072918085 29.912691120369555 6459.062329693012 173.12078286266134 8.17979040361482 16.827221340715738 29.07893907335455 False
3765 6302.260539578752 430.4500783411265 214.81445669014292 52.833528922573024 6287 6314 411 448 539.0 7.597820643270585 4.275284954425112 41.422120319124566 0.8266619634687884 -0.06373550616171475 2.6498933631194457 0.0 615.999573605781 23.190268 1326.257563285364 67.60270653355207 2.6985186803387236 0.4138663963733266 13.098436114783443 1594.8686653921018 112.93216947295315 6.765122271264862 13.67111602484286 30.73610758233672 False
3766 9611.736072194863 362.78775697823414 214.78566162036566 52.812124591471346 9610 9613 362 364 9.0 1.244106394891124 0.6345697341493658 12.080083048543353 0.8601384300253979 0.1012066122939335 0.22157551952728047 0.0 1.5129817690658625 3.8131452 105.3950946846914 21.58349138258499 4.281193770466563 0.16057056793763913 1.692568750643269 236.76358121799407 34.62178058722966 5.041126710552153 7.248548190747014 8.672265319187165 False
3767 9611.136868828195 367.71594876066627 214.78561511637142 52.81215494690068 9608 9614 364 370 41.0 1.8300218983630392 1.7508004775410204 46.769112719826694 0.291042502720436 0.189204812422693 0.8614575919581552 0.0 17.386539146051227 8.187261 287.39319688080116 38.886073548338075 3.7220380349622646 0.2287324152211389 3.6125759969217834 577.9580456585434 61.37734694106527 6.347781095867157 11.353786519849892 14.704967634736333 False
3768 9629.643668339939 379.4397871183844 214.78532685865 52.81210042037935 9627 9630 377 380 14.0 0.7299583552565184 0.5192680623162576 -67.77827892190578 0.7028210482956194 -0.10069526355610771 0.5270574485415116 0.0 1.114775251746436 4.846447 32.19437263692295 13.409083647755999 3.783879392619695 0.785790244705969 2.111004122822376 83.02050474016785 21.39692609150768 2.5804232179204503 4.172486008303727 5.2490034784830435 False
3769 9625.821763733007 384.46309612357 214.78530807304853 52.812151779702816 9624 9628 381 386 24.0 1.5209791023581707 1.1383247584337757 -31.7670538753134 0.6632298417769772 0.016190522036812698 0.43507074535027457 0.0 5.280401524088412 6.271832 111.16719558127188 30.46789471032084 4.007647230955794 0.2653421095671401 2.763953195770684 314.4753575806575 48.58214897731267 5.217898856588965 8.564713534344907 11.675037286292687 False
3770 7938.437317484196 395.29284328303567 214.8002350480003 52.822938483178135 7929 7942 385 402 189.0 3.9279138096396817 2.2320121975060485 -48.696029201135055 0.8228603285234078 -0.3121223942926568 0.31360650380072663 0.0 -5.973690740293849 12.98016 -6.210441275757967 17.202893484800896 1.4 -0.5246468596338967 7.756324418739616 -45.772385993536574 27.58542485021029 10.179988251696283 10.500649755771954 10.814093934445506 False
3771 7922.4026721207765 418.59784205156143 214.80013282747322 52.82316598312699 7908 7939 400 437 671.0 7.557404164931549 5.039448715417645 -41.49772288922999 0.7452163949248689 -0.3215525299675853 0.5494967620003334 0.0 110.37096094576437 24.819784 105.067352255464 35.36743680697549 1.4 0.3928640300297792 14.614579488624488 102.84276750150907 55.09567540475596 4.578253993035686 7.590480219410554 10.417063326290002 False
3772 7894.044662893302 421.3461395517645 214.8003567535809 52.823361074099445 7876 7909 408 430 499.0 5.947599682280333 4.452586640050575 34.62987899858293 0.6629813643429852 -0.1843327106764903 1.19312755430527 0.0 168.31288943311273 21.208128 185.2055081267899 28.835368621998278 1.4 0.4709844671845854 12.603040633343667 149.31671145225727 44.77540390015759 3.945540827708242 6.768336651725676 9.723351488663752 False
3773 7891.184335837793 433.34110668196325 214.80025606020027 52.82344388406527 7872 7910 414 444 475.0 7.674194229853543 4.925164483500015 28.781619099302507 0.7668866069705411 -0.1541871356142185 0.9055311560818481 0.0 181.28125125054726 20.34835 255.40330476402733 36.77523420192305 1.9917180961081642 0.362712622063947 12.296226898414837 375.52763096702574 73.68131530046625 4.891759430848999 8.897497205193948 13.16932305295858 False
3774 7903.381137814949 444.8813418845591 214.8000259007879 52.823428519248594 7880 7924 424 458 758.0 9.196197595924096 5.169509957562753 -29.917895212189244 0.8270450888055033 -0.19348615059632135 1.5946600818223318 0.0 305.4828859132027 25.85415 542.7119707328487 68.55267710715789 2.3659294366494947 0.43062139991308723 15.533154661153457 744.1502357382117 109.72373372455266 6.687661318574401 13.72097370970424 34.005526674164834 False
3775 7873.7956006275035 438.57381256459865 214.800356047148 52.82358262396957 7862 7884 419 452 459.0 7.10029192367706 4.058902531557021 79.51348510342606 0.8204955526090184 -0.21943659848027733 1.2557549438786493 0.0 170.55428194250456 20.062983 351.53094256924004 58.24049496176468 2.5871565111575743 0.40911912362487796 12.087358593107094 379.14650068723887 93.46840401206954 5.580970237137469 13.572742616554969 22.95716217786313 False
3776 7881.985558728387 448.8664081004802 214.8001747384124 52.823586010650565 7874 7888 442 457 126.0 4.569123182342611 2.1025070164031394 -45.73484957760315 0.8878383553626519 0.2805997716118309 0.8205803245712472 0.0 75.24174026838999 10.516281 166.04579140577366 29.181693419911113 2.521127641327915 0.11309129796874205 6.333012368467128 220.34474431380994 49.44854944334131 4.129063429288521 9.36502732427372 17.589425804794455 False
3777 1907.6128164196284 411.0673655977305 214.85388699143758 52.861351897473234 1877 1937 390 436 2016.0 13.710482222172356 10.410348372180284 24.114381353188833 0.6507425078580656 -0.5636581873963704 0.6787530782458578 0.0 227.8401272178167 47.74237 938.8106307950713 170.25397353364497 3.0566811695538876 0.4252690073840291 25.332049473868512 1599.7888780174005 270.9825951038212 21.777538913486836 46.24513201620135 73.13406255800236 False
3778 1904.2165492100305 461.8788902149841 214.85338261720534 52.861647473685416 1870 1939 433 502 2751.0 9.053784588808375 6.695402393572561 -38.81105730900782 0.6731409416670353 -0.19228281170922315 31.79354151149481 0.0 5091.787048213715 52.160313 5004.260961215252 47.791651620218396 1.4 0.7451405281087276 29.59173021118583 5407.303390844818 72.10202985754388 3.5748323852517356 7.0550296415563825 12.865613161735137 False
3779 1873.99189893459 451.6065989343017 214.85376067480453 52.86178411098597 1865 1882 439 463 241.0 5.731563309394904 2.789184342819002 -60.26173743418514 0.8736049005920397 -0.17101216927688032 0.5092555703744741 0.0 37.982254287437115 16.562788 94.38315079399061 46.68506946922898 2.49171727795812 0.4506835838539391 8.758577656805558 259.31925345319297 76.16960291482565 4.606824754716107 24.899723167790647 27.71351888077489 False
3780 1871.2167834557831 477.8698699179018 214.8535090809486 52.86194336567552 1861 1885 458 495 509.0 8.420681784440596 4.3869780713940525 50.83527659790531 0.8535709659580368 -0.2278747425625893 0.7116207975270286 0.0 139.32820167332085 23.082516 446.5034516422996 89.63078122308019 3.0706468068409953 0.31240114837195726 12.728697186576065 616.6944236849045 144.49472646830972 9.246948211980174 18.284520415910684 26.361298227758844 False
