outputs/dr0.5_c0.1/nircam6_matched_f277w_f125w_dr0.5_c0.1.ecsv
# %ECSV 1.0
# ---
# datatype:
# - {name: label, datatype: int64}
# - {name: xcentroid, datatype: float64}
# - {name: ycentroid, datatype: float64}
# - {name: sky_centroid.ra, unit: deg, datatype: float64}
# - {name: sky_centroid.dec, unit: deg, datatype: float64}
# - {name: bbox_xmin, datatype: int64}
# - {name: bbox_xmax, datatype: int64}
# - {name: bbox_ymin, datatype: int64}
# - {name: bbox_ymax, datatype: int64}
# - {name: area, unit: pix2, datatype: float64}
# - {name: semimajor_sigma, unit: pix, datatype: float64}
# - {name: semiminor_sigma, unit: pix, datatype: float64}
# - {name: orientation, unit: deg, datatype: float64}
# - {name: eccentricity, datatype: float64}
# - {name: min_value, datatype: float64}
# - {name: max_value, datatype: float64}
# - {name: local_background, datatype: float64}
# - {name: segment_flux, datatype: float64}
# - {name: segment_fluxerr, datatype: float32}
# - {name: kron_flux, datatype: float64}
# - {name: kron_fluxerr, datatype: float64}
# - {name: kron_radius, unit: pix, datatype: float64}
# - {name: gini, datatype: float64}
# - {name: equivalent_radius, unit: pix, datatype: float64}
# - {name: kron4_2_flux, datatype: float64}
# - {name: kron4_2_fluxerr, datatype: float64}
# - {name: kron4_2_mag, datatype: float64}
# meta:
#   PHOTMJSR: 2.962800025939941
#   PIXAR_SR: 2.11539874851881e-14
#   __serialized_columns__:
#     area:
#       __class__: astropy.units.quantity.Quantity
#       unit: !astropy.units.Unit {unit: pix2}
#       value: !astropy.table.SerializedColumn {name: area}
#     eccentricity:
#       __class__: astropy.units.quantity.Quantity
#       unit: !astropy.units.Unit {unit: ''}
#       value: !astropy.table.SerializedColumn {name: eccentricity}
#     equivalent_radius:
#       __class__: astropy.units.quantity.Quantity
#       unit: !astropy.units.Unit {unit: pix}
#       value: !astropy.table.SerializedColumn {name: equivalent_radius}
#     kron_radius:
#       __class__: astropy.units.quantity.Quantity
#       unit: !astropy.units.Unit {unit: pix}
#       value: !astropy.table.SerializedColumn {name: kron_radius}
#     orientation:
#       __class__: astropy.units.quantity.Quantity
#       unit: &id001 !astropy.units.Unit {unit: deg}
#       value: !astropy.table.SerializedColumn {name: orientation}
#     semimajor_sigma:
#       __class__: astropy.units.quantity.Quantity
#       unit: !astropy.units.Unit {unit: pix}
#       value: !astropy.table.SerializedColumn {name: semimajor_sigma}
#     semiminor_sigma:
#       __class__: astropy.units.quantity.Quantity
#       unit: !astropy.units.Unit {unit: pix}
#       value: !astropy.table.SerializedColumn {name: semiminor_sigma}
#     sky_centroid:
#       __class__: astropy.coordinates.sky_coordinate.SkyCoord
#       dec: !astropy.table.SerializedColumn
#         __class__: astropy.coordinates.angles.Latitude
#         unit: *id001
#         value: !astropy.table.SerializedColumn {name: sky_centroid.dec}
#       frame: icrs
#       ra: !astropy.table.SerializedColumn
#         __class__: astropy.coordinates.angles.Longitude
#         unit: *id001
#         value: !astropy.table.SerializedColumn {name: sky_centroid.ra}
#         wrap_angle: !astropy.coordinates.Angle
#           unit: *id001
#           value: 360.0
#       representation_type: spherical
#   astropy version: '5.1'
#   kernelfile: kernel_f277w_f125w.fits
#   make_catalog parameters:
#     ab_zpt: 31.4
#     coadd_bands: !!python/tuple [f277w, f356w]
#     deblend_contrast: 0.001
#     deblend_nlevels: 32
#     deblend_npixels: 1
#     detect_kernel_fwhm: 4.0
#     detect_kernel_npix: 7
#     detect_npixels: 4
#     detect_threshold_nsigma: 3.0
#     flag_isolated_buffer: 4
#     hst_bands: !!python/tuple [f606w, f814w, f125w, f140w, f160w]
#     jwst_bands: !!python/tuple [f115w, f150w, f200w, f277w, f356w, f410m, f444w]
#     near_border_kernelsize: 21
#     reference_band: f200w
#   make_catalog version: 1.4.0
#   photutils version: 1.5.0
# schema: astropy-2.0
label xcentroid ycentroid sky_centroid.ra sky_centroid.dec bbox_xmin bbox_xmax bbox_ymin bbox_ymax area semimajor_sigma semiminor_sigma orientation eccentricity min_value max_value local_background segment_flux segment_fluxerr kron_flux kron_fluxerr kron_radius gini equivalent_radius kron4_2_flux kron4_2_fluxerr kron4_2_mag
[from data line 4791]
4792 8987.785728866293 2902.3841855976034 214.81669799131686 52.81137638980351 8979 8998 2894 2910 227.0 4.836099604820696 3.1861287112461305 34.84790547323275 0.7522988769569499 0.2617481700260932 0.7895275573609499 0.0 107.03420947792979 12.516198 212.68619720388597 33.9511911370854 2.402298687041752 0.16754224591728803 8.500373177909337 269.32224874355086 54.66964800886597 25.324319419967026
4793 8999.101998566817 2918.9517617759766 214.8164228739933 52.81139374677595 8988 9013 2910 2928 312.0 5.751906877986162 3.576169379595637 -23.06445297680081 0.7832266313858172 0.23597876508428786 0.9815369623513603 0.0 165.77326852148727 14.513842 269.8651400344459 35.26368606273131 2.163965563508775 0.21232630966207372 9.965574970333758 293.4749463565957 56.45981984925805 25.23107242022749
4794 2193.2693754806223 2906.097307196489 214.87729891144036 52.854568221582426 2190 2197 2902 2910 47.0 2.069030139658721 1.731177600575067 -70.67412186202714 0.5476466628276234 0.18247367239018752 0.33960225224912044 0.0 12.879762548874357 5.1576653 68.85797415075035 20.144992205995138 3.3043191563340097 0.09155240062451414 3.8678889139475245 124.21867825390524 32.63071873077471 26.164532740416746
4795 2192.8061009657013 2913.9276837934794 214.8772206843396 52.854613405354904 2189 2197 2909 2918 68.0 2.8504949725896864 1.8666920564517506 57.637519426107 0.7557450672751129 0.21280946841657608 0.32266144238350614 0.0 18.75141395173615 5.9457717 95.4079297454631 24.10110006715472 3.359767422814273 0.06213210578084211 4.652426491681278 141.85225744826334 39.95917541286581 26.02040937103932
4796 2192.494676320517 2924.3494083657906 214.87711384263483 52.85467160365704 2187 2198 2918 2930 126.0 3.1668408918447053 2.8128452120348943 -66.35659671049683 0.45942215036595996 0.21609079415245008 0.48119668303427854 0.0 41.34808613826551 8.097977 114.80362543306973 26.87936637601843 2.772296281664635 0.1259617988360158 6.333012368467128 163.39470924329993 43.224389853516186 25.866905025317458
4797 9706.073053537903 2934.109078000233 214.80996082699406 52.806981598818645 9676 9740 2902 2973 3176.0 13.024655111122014 11.038299739502277 -46.885236041004326 0.5308070966316318 0.248767667788052 7.604505255654881 0.0 4415.061353359248 47.468914 5095.626482070456 77.06217134734067 1.7275541173032871 0.4506978494017295 31.79547449747714 5580.981201576735 123.05419655469018 22.033223600788283
4798 9711.514459874565 2960.681339840672 214.80963289796873 52.80709019589989 9698 9726 2954 2971 297.0 5.75042489308316 3.7806558513988313 2.656864686686582 0.7534922550475054 0.2760946168877225 1.3152973780419088 0.0 207.4535168469903 14.817808 628.4235741225068 49.47309704112976 2.9190854324889157 0.25722860855917806 9.72306722164286 971.7094570659129 80.31392960316205 23.931158926304054
4799 9679.778257839953 2958.489462524584 214.80993884684997 52.80728012260747 9676 9684 2953 2963 58.0 2.632280230286737 1.790047273412683 59.21052939970049 0.7331780334372795 0.24834352740564997 0.49716371060589376 0.0 21.724510484335575 6.212605 183.07397479189666 28.24213244680975 3.5352782578982227 0.10182819145808912 4.296739856991561 375.67401245865085 45.527634695435296 24.962972116388414
4800 6779.626530731058 2930.6620137549885 214.83609485193037 52.82556268612591 6771 6794 2921 2937 235.0 4.559823895487029 3.675885534687243 10.941535031629543 0.5917161576453226 0.2506668015342956 1.309157260001696 0.0 177.8814382143409 12.390232 434.1465635226982 36.81916469845326 2.759503361552738 0.24945886273735815 8.6488625410045 687.23138842821 62.55999622406558 24.307242532175685
4801 6763.480357037126 2934.6002513553804 214.8361974860895 52.82568652140654 6752 6774 2919 2948 416.0 6.395714405365787 4.192627417354758 -61.07177100601061 0.7551630585998999 0.22231441253276027 1.4900580677907245 0.0 326.23879944892275 16.697166 677.0055080813654 48.2185654666574 2.583309245240579 0.2847255083685187 11.507254783503184 953.2271659095397 77.41990396896205 23.95200897310389
4802 6776.644197770598 2957.746273909855 214.8358366175129 52.82572764620155 6738 6823 2924 2998 3001.0 15.514725279786628 7.707470270958439 -39.810734810390706 0.8678741072409892 0.2243195156957295 14.832760971341012 0.0 6301.058499787772 44.586163 6955.049363038943 62.5786245833199 1.6930807733757716 0.5347188971015764 30.90708605542677 7737.58161412163 104.1714658480201 21.678486892788776
4803 6813.447259329062 3013.3731017417927 214.83492324673674 52.82579364532084 6758 6873 2940 3086 9599.0 15.664356815604426 10.11935072096149 -88.91028000703534 0.763327888500619 0.21968964966620189 192.50260358666006 0.0 56707.16986043558 79.16009 55091.10521170425 63.00714745822768 1.4 0.8012120463660158 55.27618472252048 58053.392521252375 99.47040193267746 19.490430989761453
4804 6841.378286116356 2980.2672197134048 214.83502223259754 52.82543768156022 6834 6855 2968 2989 293.0 5.28000723799669 3.8866242216123945 -43.902222348698324 0.6768705581936106 0.2649768923837088 1.549981872114808 0.0 228.50857915467782 13.933934 523.8061304278822 35.535148124459994 2.6792499774143064 0.29409545357878375 9.657370069115643 931.6309602267338 62.734178988834124 23.97689021824751
4805 6740.325959126914 2989.441839588726 214.8358272989257 52.82612930653775 6727 6756 2974 3003 421.0 6.3054169951384775 4.729242608588645 -48.3124002175849 0.6614054820117351 0.22621485400308428 1.1584638277794552 0.0 243.86661925516339 16.708405 688.0643680443352 57.13426690088781 2.8629831210719714 0.25466575326094787 11.576202403352141 1194.1605001788303 91.36891771656768 23.707343245710252
4806 6842.650878549072 3052.2894332583724 214.83425341846075 52.82581784937315 6834 6858 3041 3071 409.0 6.458733812689306 4.509230879524646 -69.15832811028912 0.7159415740757937 0.2551154975822733 1.3256394143015402 0.0 287.8203696590382 16.23799 951.4838903838786 52.100828235114804 2.9968697958816435 0.24471714848550288 11.410028196686037 1881.580769726444 81.60871684079915 23.213692835476152
4807 6942.313353365076 3090.9976624824544 214.83295719194248 52.82539316538544 6899 6998 3021 3144 7029.0 14.914804216032211 11.383147207349031 65.66183378967506 0.6461489782529334 0.24222930595716952 96.62935044091884 0.0 39520.1278709726 68.77911 40031.17781214087 66.02725074719608 1.4 0.7180430252124679 47.30116478466323 42442.837631630115 107.01329457944436 19.830488969645813
4808 6885.586100965283 3079.31837134927 214.83358610650322 52.82569070527787 6864 6903 3039 3104 1401.0 12.707969598648289 6.937585889632574 -85.89720651574501 0.8378346859163017 0.22960668458648295 4.260208214748183 0.0 1202.1725059248326 30.670086 2776.1812216641247 82.79629039040327 2.6816638079467383 0.4415327724305602 21.11757918283937 4158.004403900107 126.95787446326788 22.352787637566387
4809 6905.336426837805 3131.2102474380354 214.83286414708874 52.825844923402826 6864 6945 3081 3177 4463.0 15.728732532046637 11.267113947769632 -83.93304197708801 0.6977518036834335 0.26044508019194396 33.78138654233047 0.0 22254.83646125577 60.18013 23452.053202551862 74.61053167272908 1.4780716553206694 0.5335736194659566 37.69107350604726 24511.655676641643 117.69276098259428 20.426568381708236
4810 6870.260785498053 3122.7695918988106 214.83326584241217 52.82602232743896 6860 6878 3103 3140 435.0 7.848673472270692 4.022792565814527 74.74834745315482 0.8586608048321757 0.25027971120833964 1.8678608947648716 0.0 302.73266758627636 17.294725 1169.1724027151045 61.48374373030922 3.1262791639970056 0.30666979013588513 11.767106717028996 1961.4573975982667 100.01404292430355 23.168552800519667
4811 6936.038850162396 3135.5970806663245 214.83254410482573 52.82567345739629 6924 6967 3122 3162 896.0 9.358946605090543 5.93988321557394 47.16855361996287 0.7727797151373678 0.2777617500258743 5.375963672433899 0.0 1885.0576411178754 28.468271 2467.607846461015 52.95598336419774 2.0478600913119926 0.4440669032670065 16.88803298257901 3110.6594504254276 84.86603319711118 22.667868830229374
4812 9886.6480602897 2951.212055904039 214.8081713608699 52.805925885879226 9882 9891 2947 2956 61.0 2.377249023496469 1.887456959307374 -45.14440959147678 0.6079610300647837 0.22467552573800337 0.42176368318094065 0.0 20.089108571937434 7.010565 64.30739899389536 24.058515847552933 2.928957845510506 0.09857457460787321 4.406461512053774 95.47571836575358 37.742909289385786 26.45026766320334
4813 9872.38385594611 2970.4894184126515 214.8080957938937 52.80612043563091 9861 9885 2953 2984 447.0 6.910211207014746 3.3147630334936284 -54.601674293568784 0.8774377320385593 0.29475126489744546 3.373450780577147 0.0 499.43605273326835 18.024248 613.8129410370425 32.9143112952582 1.7972540742591343 0.369646628667406 11.92830747106036 652.5895837502653 53.20592405654321 24.363399656112485
4814 9585.583764396171 2980.113314608337 214.8105511312896 52.80799540883965 9558 9609 2948 2995 1145.0 9.861310936152806 8.496152560053861 79.75719700933067 0.5076486118698736 0.21697395408779213 3.3717331272114364 0.0 1066.3593969602032 28.03193 2205.9603185984474 81.48920619345726 2.523426983330273 0.39822214411929974 19.090961727488754 2843.728335566212 134.3727707372965 22.765279736451873
4815 9583.878804721624 3036.882045260694 214.80996935921618 52.80831215135765 9496 9666 2969 3114 16633.0 21.268479135938655 18.693072419262162 -14.097529134085187 0.476988213244536 0.22792081253663174 118.1221878721176 0.0 102581.23917126383 106.476074 104925.44798720241 102.14127356969519 1.4 0.7179555372403854 72.76295992395437 109009.53638559513 163.39058897841355 18.8063387684861
4816 9678.42189913178 3045.4255489075153 214.80903673692603 52.8077572034898 9656 9706 3025 3065 1472.0 9.820633261466003 6.636661780526484 -4.120594298036243 0.7370964488948222 0.22588333954897588 5.81584351636463 0.0 1726.9872722438379 31.973864 2058.653130823189 53.24626557096703 1.7691962287072558 0.4612854697138007 21.646065519224038 2257.311447327131 84.92481829499361 23.016021290028164
4817 9551.015444792607 3062.3297467234893 214.8099947095668 52.80865818084049 9501 9565 3049 3102 1405.0 12.998656034757973 5.486744021427406 -42.0785380562225 0.9065488710070271 0.26110628968480115 23.288709322307888 0.0 4699.54029714307 31.11286 5404.021201270007 39.00407414154502 1.5873619115871973 0.6342011130429854 21.147704132794793 5810.171074883059 60.14178743427048 21.98952770009823
4818 9651.095584149494 3062.9769886258687 214.809095758089 52.808025486429464 9640 9665 3055 3074 311.0 5.966242255487605 4.169387973391608 -2.0808715837843015 0.7152879764531967 0.25380596996624233 0.8232862820490573 0.0 154.59560795189793 14.771874 551.6456830713115 43.94871819264298 3.1048994475912326 0.1591322119418593 9.949591680222808 1071.6358729820522 79.87361841541734 23.824881892060954
4819 9557.724708683692 3106.6438507874327 214.80946889111658 52.80885432140733 9547 9572 3097 3119 328.0 6.3749079784652025 3.866266780489699 46.678181920910966 0.7950972356508317 0.2663864651662441 0.9004842210228097 0.0 186.43087190304394 14.969834 724.7066291481713 56.19636504687864 3.1243398096870623 0.19164818100357037 10.217907939900583 1015.8934450040941 90.74125847053914 23.88287960481914
4820 7547.93268738253 2956.7409974896177 214.82896674573237 52.820820677601795 7540 7554 2952 2963 117.0 3.3275421336217597 2.505384316993308 11.63659606039008 0.658108169480049 0.26747327846953456 0.7154339249668192 0.0 55.576567140010845 8.683127 144.33637108186 27.9876027010291 2.7050124495178984 0.14977984203657474 6.102643417692329 207.87430076983077 45.15363070286855 25.60549799653346
4821 7570.768051225403 2959.9550234302033 214.8287292610839 52.82069287686792 7562 7580 2953 2966 205.0 4.348218766088177 3.054211119652433 16.263891724192174 0.7117773871518217 0.26074244410729525 1.2137472181903868 0.0 135.9215250694836 11.45438 208.54742007007394 27.833808835043868 2.111746932266243 0.2181527360735774 8.07796550300118 269.8241970071756 45.16042963016043 25.322297766798442
4822 7558.517055384679 2959.4464898266724 214.8288438838758 52.82076799432184 7551 7563 2954 2965 115.0 2.9382713023644373 2.8163496285043927 -13.320189545376927 0.285073550835824 0.31863410583390495 0.8762169976369116 0.0 67.66894406381982 8.564104 185.7170781891639 26.53474813112379 2.8227510568122396 0.15899988347626154 6.050259243299904 261.76166499156284 45.62606189187253 25.35523488894051
4823 4458.686294069574 2967.3027833117044 214.85642328616086 52.84050744225521 4439 4478 2954 2983 697.0 7.218259567685793 4.959680780218002 -25.00997389931253 0.7265609434323098 0.21384357392741327 3.2324117604615 0.0 671.5425111950829 19.071022 880.5084689110366 37.31988628019107 1.9445577036705104 0.3807192958256029 14.895032415879534 987.5520995880356 60.02767661126011 23.913599958325307
4824 4446.737279612462 2981.320278950531 214.856382528854 52.840658948902075 4440 4453 2977 2986 74.0 2.963593353357903 2.013751061825078 16.599876905247065 0.7336788267108262 0.22822907002181408 0.3887764872715895 0.0 25.652848033085732 6.58894 113.37014537016131 17.713099217577223 3.107969385023693 0.058957776429689863 4.853342309955121 250.98036813527696 31.547216926060322 25.40090062004208
4825 4431.888655821431 2995.0232850433554 214.8563709662638 52.8408271814393 4422 4445 2980 3014 506.0 7.139277201418101 4.620097824199029 -77.91748311146821 0.7623728502476108 0.20202235330516957 1.2949865968514154 0.0 311.62564584513444 16.518888 628.8824540311323 47.33974244344001 2.53682906803088 0.27793068173071966 12.69113085619237 857.1969691028024 75.70587646777977 24.067298433040335
4826 4454.54930429384 3011.991834760851 214.85599018081692 52.840774718910446 4425 4480 2982 3046 2510.0 10.804698693239638 9.425000074684375 -67.37678522071953 0.4889609341948958 0.19068397719357574 11.248940576469927 0.0 3300.9629738388553 36.776863 3666.5214560871646 52.63604829527624 1.602011189659276 0.5082053809697656 28.265841829340843 3911.2379081587587 84.13989326668761 22.419214416231853
4827 8257.67658868576 2972.946473009669 214.8224662728448 52.8163972363001 8245 8271 2956 2987 596.0 6.825911237356857 4.980737024651241 72.8376104079481 0.6837878257636166 0.23319700373941138 2.5728102693477966 0.0 531.7743173694225 19.486902 884.0323897260193 48.82392698347287 2.3364708358225106 0.32908320147259523 13.773623058786647 1111.09532035294 78.56365910036895 23.78562170384602
4828 8193.776852552994 3008.185456083935 214.82266553944328 52.81699329468984 8164 8210 2991 3022 528.0 11.497090864699711 3.6062741888636154 29.550101985054027 0.9495325848987204 0.2357216550650431 1.2891452676207291 0.0 304.86911677574193 18.719316 903.2826503110923 66.21376184251633 2.8510782590304897 0.23505702040844653 12.964089628857149 1246.283174109166 104.31645566266523 23.660958170716164
4829 8251.499619412618 3042.269760919379 214.82179232595976 52.81681012480699 8154 8358 2986 3085 6535.0 12.953275068734813 9.956548761629794 7.407246552450691 0.6396682970174502 0.19881413785671875 201.05021155098234 0.0 51193.55172653145 67.80391 50834.47638292296 57.29964815827347 1.4 0.7986100314234759 45.608717436593984 53567.27704904205 86.41366410025466 19.577751073195685
4830 8289.807716400048 3021.376313618497 214.8216704276223 52.81645403779506 8271 8336 2995 3035 1159.0 15.614361937532518 5.165278810334124 -31.24994245282815 0.9436998098950736 0.2558192717388935 3.8553131462366768 0.0 1132.2536423615084 29.005556 2222.569212693754 78.79325625314326 2.424176155892711 0.3969575923171154 19.207320429643833 3006.2812326122184 124.64897827121007 22.704925985804458
4831 8289.945007921357 3064.887039965059 214.8212116232831 52.816687670611145 8270 8337 3052 3092 1232.0 15.915862806743899 5.114301139495801 27.865767763440953 0.9469660668561499 0.2392379142655031 5.279549665786696 0.0 1383.934052053621 31.11498 2481.883094881166 76.422422653634 2.325166834093007 0.41398151489565305 19.802974013476614 3233.338091292967 119.97373896337074 22.625872203437076
