outputs/dr0.5_c0.1/nircam6_f356w_dr0.5_c0.1.ecsv
# %ECSV 1.0
# ---
# datatype:
# - {name: label, datatype: int64}
# - {name: xcentroid, datatype: float64}
# - {name: ycentroid, datatype: float64}
# - {name: sky_centroid.ra, unit: deg, datatype: float64}
# - {name: sky_centroid.dec, unit: deg, datatype: float64}
# - {name: bbox_xmin, datatype: int64}
# - {name: bbox_xmax, datatype: int64}
# - {name: bbox_ymin, datatype: int64}
# - {name: bbox_ymax, datatype: int64}
# - {name: area, unit: pix2, datatype: float64}
# - {name: semimajor_sigma, unit: pix, datatype: float64}
# - {name: semiminor_sigma, unit: pix, datatype: float64}
# - {name: orientation, unit: deg, datatype: float64}
# - {name: eccentricity, datatype: float64}
# - {name: min_value, datatype: float64}
# - {name: max_value, datatype: float64}
# - {name: local_background, datatype: float64}
# - {name: segment_flux, datatype: float64}
# - {name: segment_fluxerr, datatype: float32}
# - {name: kron_flux, datatype: float64}
# - {name: kron_fluxerr, datatype: float64}
# - {name: kron_radius, unit: pix, datatype: float64}
# - {name: gini, datatype: float64}
# - {name: equivalent_radius, unit: pix, datatype: float64}
# - {name: kron4_2_flux, datatype: float64}
# - {name: kron4_2_fluxerr, datatype: float64}
# - {name: radius_kron20, unit: pix, datatype: float64}
# - {name: radius_kron50, unit: pix, datatype: float64}
# - {name: radius_kron80, unit: pix, datatype: float64}
# - {name: near_border, datatype: bool}
# meta:
#   PHOTMJSR: 0.4047000110149384
#   PIXAR_SR: 2.11539874851881e-14
#   __serialized_columns__:
#     area:
#       __class__: astropy.units.quantity.Quantity
#       unit: !astropy.units.Unit {unit: pix2}
#       value: !astropy.table.SerializedColumn {name: area}
#     eccentricity:
#       __class__: astropy.units.quantity.Quantity
#       unit: !astropy.units.Unit {unit: ''}
#       value: !astropy.table.SerializedColumn {name: eccentricity}
#     equivalent_radius:
#       __class__: astropy.units.quantity.Quantity
#       unit: !astropy.units.Unit {unit: pix}
#       value: !astropy.table.SerializedColumn {name: equivalent_radius}
#     kron_radius:
#       __class__: astropy.units.quantity.Quantity
#       unit: &id001 !astropy.units.Unit {unit: pix}
#       value: !astropy.table.SerializedColumn {name: kron_radius}
#     orientation:
#       __class__: astropy.units.quantity.Quantity
#       unit: &id002 !astropy.units.Unit {unit: deg}
#       value: !astropy.table.SerializedColumn {name: orientation}
#     radius_kron20:
#       __class__: astropy.units.quantity.Quantity
#       unit: *id001
#       value: !astropy.table.SerializedColumn {name: radius_kron20}
#     radius_kron50:
#       __class__: astropy.units.quantity.Quantity
#       unit: *id001
#       value: !astropy.table.SerializedColumn {name: radius_kron50}
#     radius_kron80:
#       __class__: astropy.units.quantity.Quantity
#       unit: *id001
#       value: !astropy.table.SerializedColumn {name: radius_kron80}
#     semimajor_sigma:
#       __class__: astropy.units.quantity.Quantity
#       unit: !astropy.units.Unit {unit: pix}
#       value: !astropy.table.SerializedColumn {name: semimajor_sigma}
#     semiminor_sigma:
#       __class__: astropy.units.quantity.Quantity
#       unit: !astropy.units.Unit {unit: pix}
#       value: !astropy.table.SerializedColumn {name: semiminor_sigma}
#     sky_centroid:
#       __class__: astropy.coordinates.sky_coordinate.SkyCoord
#       dec: !astropy.table.SerializedColumn
#         __class__: astropy.coordinates.angles.Latitude
#         unit: *id002
#         value: !astropy.table.SerializedColumn {name: sky_centroid.dec}
#       frame: icrs
#       ra: !astropy.table.SerializedColumn
#         __class__: astropy.coordinates.angles.Longitude
#         unit: *id002
#         value: !astropy.table.SerializedColumn {name: sky_centroid.ra}
#         wrap_angle: !astropy.coordinates.Angle
#           unit: *id002
#           value: 360.0
#       representation_type: spherical
#   astropy version: '5.1'
#   make_catalog parameters:
#     ab_zpt: 31.4
#     coadd_bands: !!python/tuple [f277w, f356w]
#     deblend_contrast: 0.001
#     deblend_nlevels: 32
#     deblend_npixels: 1
#     detect_kernel_fwhm: 4.0
#     detect_kernel_npix: 7
#     detect_npixels: 4
#     detect_threshold_nsigma: 3.0
#     flag_isolated_buffer: 4
#     hst_bands: !!python/tuple [f606w, f814w, f125w, f140w, f160w]
#     jwst_bands: !!python/tuple [f115w, f150w, f200w, f277w, f356w, f410m, f444w]
#     near_border_kernelsize: 21
#     reference_band: f200w
#   make_catalog version: 1.4.0
#   photutils version: 1.5.0
# schema: astropy-2.0
label xcentroid ycentroid sky_centroid.ra sky_centroid.dec bbox_xmin bbox_xmax bbox_ymin bbox_ymax area semimajor_sigma semiminor_sigma orientation eccentricity min_value max_value local_background segment_flux segment_fluxerr kron_flux kron_fluxerr kron_radius gini equivalent_radius kron4_2_flux kron4_2_fluxerr radius_kron20 radius_kron50 radius_kron80 near_border
[from data line 2622]
2623 804.3066501329122 3146.005118156301 214.88718627405328 52.86468419654254 803 806 3144 3148 19.0 1.3136308414067601 1.0278387095351211 -81.69059080189042 0.6227246468513561 0.1571063894722276 0.3613075059919593 0.0 5.250762103993635 0.4163693 18.416899194688007 1.463292630331355 2.9201808427524165 0.12151361594382803 2.4592453796829674 24.745809089941112 2.326350003793396 1.9706778255058086 3.5051056041897657 5.134200367664216 False
2624 1650.4456170188907 3149.096760130266 214.8795925421264 52.85932689131801 1645 1655 3144 3155 106.0 2.729632940550542 2.4059617237503503 79.72626497721745 0.4723274209437166 0.043376359830338315 0.9561462658999009 0.0 45.9513532751546 1.020237 62.924692823993574 2.0874227149403057 1.8870086970882722 0.2759310636951788 5.808687281605183 62.49443237101774 3.3527009455181114 2.3699295192173615 4.1850029336342365 6.871410138754277 False
2625 3716.463498408226 3161.7663529909746 214.86100492983343 52.84627153473953 3707 3727 3145 3175 419.0 6.987620128965803 3.6908028335714747 65.63615063347832 0.8491251653256644 0.041996057092061244 1.0845750070517268 0.0 166.68369945209065 2.2251787 265.33939174615574 5.063589193516775 2.1636501889202364 0.26566082331707136 11.54867275105708 256.9802950998564 8.101214067470776 4.926020092632483 9.879647628419535 17.046857557009176 False
2626 6444.8429339443 3150.9228619526266 214.83676530052676 52.82887754934381 6433 6455 3145 3157 183.0 5.8064577997806905 1.9809821916381205 -16.227437506760513 0.9400020508309799 0.04548539542686736 1.1291870664955277 0.0 81.34297255052223 1.3319592 121.23532852503222 3.257652397543203 2.190180353315983 0.2837550123204106 7.632215220473915 169.5985610144836 5.162094218936174 3.6313263543639174 7.069708045214565 11.63278838156587 False
2627 7745.349428176433 3147.048824606822 214.82520447788698 52.82059179072188 7742 7749 3145 3149 30.0 2.052011654939308 1.1632311706768457 -16.729437152724085 0.8238048049460379 0.16689666355413485 0.4992156505828989 0.0 8.018631277040761 0.5875849 32.780519589731156 2.2555692627568407 3.0517836806205776 0.14299917734327014 3.0901936161855166 48.74353043724982 3.73892544379284 2.8463405984608836 4.904967312369256 7.780408919568796 False
2628 1974.2844108567313 3150.825496829873 214.8766809861953 52.85727932921201 1971 1978 3148 3154 45.0 1.8188446857769738 1.551329418223979 -25.646916881167147 0.522041272477102 0.17283915966154065 0.8225796183687275 0.0 19.61744113959462 0.65255034 35.22900596617271 1.6922710232403435 2.342932483706866 0.2410421287518242 3.7846987830302403 42.513941465847665 2.7084746294351896 1.8189828285579617 3.4650001799694015 5.843343131742373 False
2629 1757.1738331389909 3151.5704539359135 214.87861291557925 52.858662351106375 1755 1760 3149 3154 31.0 0.7180558519256789 0.6794001304597268 -7.090242345214333 0.323681392903473 -0.02676633584242249 11.132943150090204 0.0 44.17614742331499 0.79237014 43.26747335189452 0.6367732702619522 1.4 0.840776771263967 3.141274657157109 45.08626518295682 1.0261660459946222 0.5119597697932942 0.8565707429937763 1.245551300029541 False
2630 3441.393613292341 3152.88161309597 214.86355475603696 52.847971073736325 3437 3445 3149 3157 64.0 2.0612064723558787 1.9862268110307166 76.62639693697197 0.26726376927581214 0.1004832568895029 0.5625959648495558 0.0 19.385181973922045 0.82145315 34.302869036818926 2.092409767273656 2.3272676338111546 0.23125722046261277 4.51351666838205 34.3581129155975 3.359049168767677 2.206138167908814 4.051162375952748 7.300468181005863 False
2631 8579.147715313902 3157.076580554608 214.81766318704234 52.815346350652824 8574 8584 3150 3165 112.0 3.8275110616764056 1.9582866011468076 62.47613217764565 0.8592032163887475 0.14690873775078103 0.8651914050661188 0.0 46.20283584454906 1.2335421 85.13031773407799 3.277217585992343 2.282890490808198 0.1944016188481124 5.970821321441846 91.84945941201454 5.360170964542861 2.9737133988131412 5.920680164213447 9.326397269462117 False
2632 1811.2073396531687 3173.3867357015333 214.87790064559752 52.85843684400959 1799 1824 3151 3190 752.0 7.039962540593932 4.0260501596395155 87.32435107024256 0.8203336849839689 0.06022812571279168 7.617232128379632 0.0 1020.8319833383396 2.9563503 1087.4069289546674 3.916071271552125 1.5784891245811807 0.5408423775538777 15.471555655790098 1167.5792055479526 6.06358153533353 3.4698516323196262 6.860019351065893 11.448362523089177 False
2633 3600.3264222934527 3158.3158971514667 214.86207830226712 52.846990724738056 3593 3609 3153 3163 149.0 3.9150892794117587 2.419428143052616 1.851413572627545 0.7861975784915016 0.08774726852364009 0.8295067408450694 0.0 55.7518235851401 1.2199532 80.33922072000007 2.82302940859089 1.9974831297108862 0.23649015832189801 6.886811529393324 93.8545460956349 4.518610071712302 2.8538174441087136 5.387275176408913 8.661285146124255 False
2634 6616.342567373856 3155.010012796548 214.83519214637235 52.827809746039925 6615 6618 3154 3156 11.0 1.0450535616398657 0.741793127258223 14.153570539368257 0.7043896605446414 0.23526746145601252 0.40840521662897883 0.0 3.583716837814131 0.34601083 16.435227686383683 1.247048550860533 3.2207743943425267 0.10543769478124279 1.8712051592547776 26.47114645429419 1.9896107019578273 1.803257990945442 3.754302044977351 5.634527447022635 False
2635 2987.9847465851976 3160.545914548156 214.86752350026364 52.850892703208544 2985 2991 3158 3163 27.0 1.607509710188468 1.1885749625359223 0.11651122772714786 0.6732784999397746 0.184117267462561 0.4823704896663895 0.0 9.350793865784235 0.49619052 36.20906961109597 1.796825540862747 3.0389572278156938 0.13280141980521865 2.9316150714175193 72.51232799772826 2.917283745348519 2.4850710278745343 5.336188113898885 8.867278051677282 False
2636 6405.220256907982 3161.5205556193387 214.8370073737581 52.829186470506706 6401 6409 3158 3165 49.0 2.109163707857653 1.5360683251376366 23.37646328945602 0.6852763658156478 0.07432243214560638 0.5715699542702304 0.0 15.47297163027261 0.67316586 34.18922800739863 2.054045946460679 2.631851577847686 0.20940884055977 3.949327084834294 47.222087529752315 3.308225277888001 2.3023370726328243 4.424714851379645 7.828388025172364 False
2637 2968.379391201539 3162.368088655707 214.86767943887648 52.85102707194169 2965 2972 3159 3165 48.0 1.882189780972934 1.568941593741947 -5.085775473113362 0.5524101096827048 0.09495301492453144 0.6767887126432883 0.0 16.895660607592795 0.6775539 44.673630784116035 2.129693024726726 2.8061570754666536 0.2470587086656412 3.9088200952233594 73.27049855858095 3.503889659876326 2.3709176179499267 5.252361889617158 9.350235088203503 False
2638 6625.075084621341 3168.1044749861317 214.83497651328338 52.82782484222858 6617 6633 3159 3180 212.0 4.8937733375813846 2.4778432105834214 53.011807466469925 0.8623423250442472 0.08463662781728086 1.5013053571248944 0.0 98.48922861422398 1.4587065 158.81645807304568 3.4571851816558565 2.2347421273213617 0.34351782274506926 8.214724333230155 169.36279922631098 5.567262991314975 3.084770313000846 6.877578377642778 14.130778164138965 False
2639 932.6768301847384 3165.874360201428 214.88582999754334 52.86397612543445 921 945 3160 3173 269.0 6.282996472148463 2.9167641153473007 -8.924587118992 0.8857139645081251 0.13069525212434885 0.5812456269763823 0.0 84.76462063358693 1.6018872 153.3258951147243 4.310972778461209 2.328972227800394 0.18971089896009918 9.25339718068125 185.3685617659491 6.936822131483695 4.9307079585708715 9.353659528081879 14.708252440526671 False
2640 6134.823648228007 3162.237903827552 214.8394125654939 52.830908594391936 6133 6136 3161 3164 13.0 1.185352212815247 0.8235007415682497 50.37690517267015 0.7192698077649086 0.2512654740206533 0.4084881097455926 0.0 4.389811860983228 0.34009296 16.823595556050428 1.2464441333706018 3.035019081959047 0.09308654767063222 2.0342144725641096 14.986832213013649 1.9963079807433821 1.7638989086788706 3.277795784293936 5.687611630782695 False
2641 6609.213720848697 3162.8117732212772 214.83517369525512 52.82789710632199 6609 6610 3162 3164 4.0 0.8574889637002949 0.3390884492464449 -72.99360338930089 0.9184902977322044 0.2517320843896372 0.33256327412715875 0.0 1.1778545982922561 0.22137849 13.686649757073898 0.9627293387257343 3.7203271203806905 0.07712380264854103 1.1283791670955126 23.150801754190343 1.5136392230456353 1.7445105778034113 3.1458308593878552 4.627546443657987 False
2642 286.5935022467385 3167.6164283490652 214.89158619383053 52.86808866072271 283 290 3165 3170 41.0 1.8410963926697232 1.4415019373905866 -3.640666534695133 0.622074030990492 0.15245206138286338 0.6845777851991297 0.0 16.055001587296786 0.68425035 40.28344317151753 2.2552401631201247 2.863427765307104 0.21844311331181332 3.6125759969217834 64.45956571400833 3.6516098230663903 2.2446303274899915 4.748457278003798 7.768600495128832 False
2643 3001.550448030552 3168.168357975798 214.86732215701355 52.850847641535665 2998 3005 3165 3171 42.0 1.821482327684238 1.601538072911604 67.71625819311768 0.4763608842951809 0.09521845340645047 0.4930178518470279 0.0 14.086127156878065 0.6658966 42.3728019107472 2.177250961703418 2.853020378028282 0.16378707178068896 3.656366395715726 61.243772235816735 3.372597278932597 2.6175759208256713 5.363280087000615 9.725574003981604 False
2644 3024.902583900947 3168.027561128622 214.86711506950215 52.850698540000984 3021 3030 3165 3171 49.0 2.2703011499292582 1.5962624753919976 12.87857798773066 0.7110850029992025 0.15421412444044422 0.4560175742110269 0.0 14.571468805620205 0.6846716 35.98293363255153 2.2056008244462686 2.6037860092760705 0.15621651921019314 3.949327084834294 44.68405938158482 3.5216110472791478 2.5810733089703746 4.675873554562097 8.955315630533764 False
2645 4325.817712419017 3175.4951627696723 214.8554197054611 52.84247429758209 4319 4333 3165 3185 217.0 4.733194910605241 2.573369694258517 62.176573410297024 0.8392889961382961 0.10855651323920855 1.2581859342190322 0.0 111.77100464170861 1.5129517 196.69426051816077 3.7667148440578395 2.4524990801585393 0.31615886146524314 8.311031542587394 238.91122537502198 6.018631569862335 3.7138887049767293 7.512706191606692 15.632836014121695 False
2646 8231.92694020983 3168.008078906097 214.82064452346057 52.8176122026621 8230 8234 3166 3170 17.0 1.3668539622265268 0.9775338491920939 26.760989293965128 0.6989498753295454 0.2095662115205155 0.3728802168725347 0.0 4.621161188074733 0.45329535 46.45427319650854 2.4820127545736965 3.560989231184847 0.09093105563682552 2.326213245840639 101.41668027409455 3.5811933538707112 3.6152489714071794 6.80414980052916 9.243386888574236 False
2647 1906.985823798614 3169.395831760871 214.877086898299 52.8578069655492 1904 1910 3167 3172 35.0 1.6240676919065404 1.4869945372770015 29.674414284593773 0.4020929199652751 0.17378918141220115 0.597038107189405 0.0 12.344867536282779 0.56265795 26.723452741165126 1.7053060369073676 2.589086425821485 0.16242184318697042 3.3377905890622728 28.787950938629177 2.745028410813319 1.9543761345353157 3.6063931480027764 6.950392088332634 False
2648 7180.823924630466 3168.74253167942 214.83001180066123 52.82429649360995 7179 7183 3167 3171 19.0 1.2719824637572483 1.0821140043824757 -46.357867783235946 0.5256024938564096 0.18687595037545482 0.367745820112789 0.0 5.491314557788528 0.4974442 17.498635577901574 1.753726063355448 2.919797011668967 0.10696668941129142 2.4592453796829674 18.515870934469284 2.7883970023086038 1.8900192442226178 3.5852370658402757 5.650840360837367 False
2649 2324.4168922171566 3171.6882956278064 214.87333353730685 52.855167893267506 2320 2329 3169 3175 50.0 2.3895341471694507 1.4736017230942893 17.705826730603214 0.7872061295608305 0.11822748895062848 0.46824987006604785 0.0 14.455736830840861 0.6976476 39.815830311119555 2.325201314409819 2.8812972046204095 0.15922242053271563 3.989422804014327 31.963658294953323 3.708428937082173 2.7894517646384416 5.2855135591763105 9.065276860708622 False
2650 509.7523397572919 3173.494995954778 214.88952969201688 52.86670317717248 508 512 3172 3175 17.0 1.2718961863407356 1.0064717292588277 13.944328205788462 0.611407457749042 0.2148514999926127 0.4174285001916898 0.0 5.2917270112015675 0.4333908 18.270150134566297 1.4398079239359491 2.80835278685883 0.10641017689961788 2.326213245840639 19.94246921623746 2.2558057172318304 1.9045118630470825 3.200447456882023 5.568012810300185 False
2651 9500.266471893006 3174.1849270292964 214.80927082453962 52.809583515801556 9499 9502 3172 3177 18.0 1.4345129907133696 0.9674842602373049 -76.47570091303132 0.7383351876749414 0.21466066480314341 0.42573424701833623 0.0 5.731357470444875 0.5086946 26.740453222325854 1.8826173769713488 3.1605851258324886 0.12061879691379394 2.393653682408596 29.58778861354145 2.9832938005964604 2.3218658594595993 4.1757245372095735 7.097011705889497 False
2652 9871.621477855499 3177.928861167852 214.80592118032936 52.80724303297887 9867 9876 3174 3182 61.0 2.5228274107683872 1.5400424201102552 -37.34241204353104 0.7920601628975504 0.11885443538779246 0.8134657187671546 0.0 26.719101750098844 1.020564 62.13412232492574 3.2756741285388418 2.740294385928284 0.23047567419506676 4.406461512053774 80.07708468411184 5.338623442960858 2.5476670438520723 5.439362639443867 9.074792344116739 False
2653 3863.5771475124957 3181.5974885914375 214.8594826905541 52.84544388266184 3861 3866 3177 3185 40.0 2.2708355484092118 1.2531534493946246 63.03495197259864 0.8339454728268227 0.19242016684549457 0.5298423980088729 0.0 13.907876505285113 0.67063504 43.39943844350382 2.2267428667158025 2.878553934962057 0.13765713075690983 3.5682482323055424 58.4187493721078 3.5137850047741197 2.712731798664501 5.511315541040025 10.047603152729975 False
2654 3995.469056243309 3177.487655487007 214.85834825032856 52.84458380614227 3995 3996 3177 3178 4.0 0.5054162863027283 0.49340092669223506 46.92336483320759 0.21675152586193566 0.29920969879494635 0.3549855495120195 0.0 1.2768659207172939 0.21105592 11.459108526938731 0.9228558565460485 3.998898518551139 0.0497503966804896 1.1283791670955126 15.023179265649208 1.453549301209886 1.6495678403993388 2.831939429161711 3.9818360836245494 False
2655 7057.2796608065355 3188.207582706052 214.83090918516947 52.82518656154586 7050 7065 3183 3193 129.0 3.493852297518321 2.1170569047622028 -6.9465412208596 0.7955120842298972 0.14821367188415582 1.1019120174340762 0.0 69.2819356037113 1.1775227 99.90744872443287 2.689252832339276 2.175989908397296 0.3010854744288749 6.407961869245868 114.08469550968032 4.385870881171 2.569363233080386 4.787870904534386 8.30095189528438 False
2656 7117.371961839923 3186.166504524232 214.83039457994641 52.824793663957706 7112 7122 3183 3189 60.0 2.781952785364752 1.531336432826803 -13.824228190266318 0.8348656380366111 0.1900591657273341 0.7160600494277858 0.0 21.074763357712502 0.81525344 78.38963811981469 3.053175904255638 3.111132704300441 0.16387039177727453 4.370193722368317 101.3206631887333 5.050032833081116 3.730134664706927 7.283049521918646 12.944060790925631 False
2657 9353.630587964408 3188.781286667133 214.8104245403551 52.810594290337214 9346 9360 3184 3194 122.0 3.1462535052248777 2.237359433205277 19.45300281692107 0.7030720562256814 0.0319805607584482 1.249469888895288 0.0 54.898085926542535 1.289267 79.10343705257209 2.6221951218192006 1.9060314994201275 0.3342589156336316 6.231677632421503 77.7898320978541 4.212621841479606 2.3845715663778067 4.467288379266695 8.262373269282639 False
