outputs/dr0.5_c0.1/nircam6_matched_f277w_f125w_dr0.5_c0.1.ecsv
# %ECSV 1.0
# ---
# datatype:
# - {name: label, datatype: int64}
# - {name: xcentroid, datatype: float64}
# - {name: ycentroid, datatype: float64}
# - {name: sky_centroid.ra, unit: deg, datatype: float64}
# - {name: sky_centroid.dec, unit: deg, datatype: float64}
# - {name: bbox_xmin, datatype: int64}
# - {name: bbox_xmax, datatype: int64}
# - {name: bbox_ymin, datatype: int64}
# - {name: bbox_ymax, datatype: int64}
# - {name: area, unit: pix2, datatype: float64}
# - {name: semimajor_sigma, unit: pix, datatype: float64}
# - {name: semiminor_sigma, unit: pix, datatype: float64}
# - {name: orientation, unit: deg, datatype: float64}
# - {name: eccentricity, datatype: float64}
# - {name: min_value, datatype: float64}
# - {name: max_value, datatype: float64}
# - {name: local_background, datatype: float64}
# - {name: segment_flux, datatype: float64}
# - {name: segment_fluxerr, datatype: float32}
# - {name: kron_flux, datatype: float64}
# - {name: kron_fluxerr, datatype: float64}
# - {name: kron_radius, unit: pix, datatype: float64}
# - {name: gini, datatype: float64}
# - {name: equivalent_radius, unit: pix, datatype: float64}
# - {name: kron4_2_flux, datatype: float64}
# - {name: kron4_2_fluxerr, datatype: float64}
# - {name: kron4_2_mag, datatype: float64}
# meta:
#   PHOTMJSR: 2.962800025939941
#   PIXAR_SR: 2.11539874851881e-14
#   __serialized_columns__:
#     area:
#       __class__: astropy.units.quantity.Quantity
#       unit: !astropy.units.Unit {unit: pix2}
#       value: !astropy.table.SerializedColumn {name: area}
#     eccentricity:
#       __class__: astropy.units.quantity.Quantity
#       unit: !astropy.units.Unit {unit: ''}
#       value: !astropy.table.SerializedColumn {name: eccentricity}
#     equivalent_radius:
#       __class__: astropy.units.quantity.Quantity
#       unit: !astropy.units.Unit {unit: pix}
#       value: !astropy.table.SerializedColumn {name: equivalent_radius}
#     kron_radius:
#       __class__: astropy.units.quantity.Quantity
#       unit: !astropy.units.Unit {unit: pix}
#       value: !astropy.table.SerializedColumn {name: kron_radius}
#     orientation:
#       __class__: astropy.units.quantity.Quantity
#       unit: &id001 !astropy.units.Unit {unit: deg}
#       value: !astropy.table.SerializedColumn {name: orientation}
#     semimajor_sigma:
#       __class__: astropy.units.quantity.Quantity
#       unit: !astropy.units.Unit {unit: pix}
#       value: !astropy.table.SerializedColumn {name: semimajor_sigma}
#     semiminor_sigma:
#       __class__: astropy.units.quantity.Quantity
#       unit: !astropy.units.Unit {unit: pix}
#       value: !astropy.table.SerializedColumn {name: semiminor_sigma}
#     sky_centroid:
#       __class__: astropy.coordinates.sky_coordinate.SkyCoord
#       dec: !astropy.table.SerializedColumn
#         __class__: astropy.coordinates.angles.Latitude
#         unit: *id001
#         value: !astropy.table.SerializedColumn {name: sky_centroid.dec}
#       frame: icrs
#       ra: !astropy.table.SerializedColumn
#         __class__: astropy.coordinates.angles.Longitude
#         unit: *id001
#         value: !astropy.table.SerializedColumn {name: sky_centroid.ra}
#         wrap_angle: !astropy.coordinates.Angle
#           unit: *id001
#           value: 360.0
#       representation_type: spherical
#   astropy version: '5.1'
#   kernelfile: kernel_f277w_f125w.fits
#   make_catalog parameters:
#     ab_zpt: 31.4
#     coadd_bands: !!python/tuple [f277w, f356w]
#     deblend_contrast: 0.001
#     deblend_nlevels: 32
#     deblend_npixels: 1
#     detect_kernel_fwhm: 4.0
#     detect_kernel_npix: 7
#     detect_npixels: 4
#     detect_threshold_nsigma: 3.0
#     flag_isolated_buffer: 4
#     hst_bands: !!python/tuple [f606w, f814w, f125w, f140w, f160w]
#     jwst_bands: !!python/tuple [f115w, f150w, f200w, f277w, f356w, f410m, f444w]
#     near_border_kernelsize: 21
#     reference_band: f200w
#   make_catalog version: 1.4.0
#   photutils version: 1.5.0
# schema: astropy-2.0
label xcentroid ycentroid sky_centroid.ra sky_centroid.dec bbox_xmin bbox_xmax bbox_ymin bbox_ymax area semimajor_sigma semiminor_sigma orientation eccentricity min_value max_value local_background segment_flux segment_fluxerr kron_flux kron_fluxerr kron_radius gini equivalent_radius kron4_2_flux kron4_2_fluxerr kron4_2_mag
[from data line 770]
771 7396.428304248718 1125.3724727946467 214.84957363311707 52.811910182695634 7394 7399 1122 1129 38.0 1.9699467155066954 1.4989506606758956 -66.39539414569857 0.6488583254617651 0.2195997004364848 0.2739736985596052 0.0 9.550825069555133 5.002538 93.59744167477027 22.399594361094234 3.6287680312141375 0.03577271538857859 3.477898169151024 162.21230924284342 36.218502600875716 25.87479048268873
772 10174.678143139332 1126.6098211109938 214.82478622387643 52.79426203222145 10171 10178 1122 1131 62.0 2.2572351338616046 1.9394808276120283 -67.90441495012263 0.5115919584544047 0.2336585271260681 0.47627721565186915 0.0 21.229807580420317 6.188833 46.49117508613907 17.740739348133094 2.4100126049460036 0.11812747208984029 4.442433223290478 60.3713683486902 28.533304305929935 26.947922451307566
773 10198.478701040087 1126.744213043573 214.8245726622523 52.79411148995278 10194 10203 1123 1130 68.0 2.5148072609591137 1.9731781603948706 -12.922638515595665 0.6199719034818636 0.25683884896998643 0.42373934985563855 0.0 22.474944258968403 6.557388 86.91008839313767 23.96802503030476 3.025131761158892 0.08485645030085476 4.652426491681278 127.25780768883591 38.31725419875876 26.13828890691502
774 2904.8205414576246 1126.0015447112742 214.88966248104808 52.840445270070994 2903 2906 1125 1127 10.0 0.9627392938293639 0.7728929056841316 -0.5611523524324586 0.5962402922207422 0.15742255862882368 0.1866799758990042 0.0 1.7432192246741653 2.3561354 15.121618260603007 10.634430954007714 3.6338547904926766 0.025579459143134094 1.7841241161527712 20.511946378114338 16.76016901457532 28.119982818707534
775 1668.8779690744318 1139.081505070262 214.9005671432597 52.84836446581263 1661 1677 1126 1151 288.0 5.4708958236032625 3.2811116820524866 68.88808038787357 0.8001953969372756 0.18254100742685372 0.9400820282906388 0.0 133.6715301949595 12.955719 197.15877462762631 27.158280532798763 1.8437463954974893 0.23141147334754736 9.574614729634384 199.96100923740426 44.08567406869808 25.647636699888515
776 6288.690408237394 1131.0073665665889 214.85939800693026 52.81897842499444 6283 6294 1126 1136 110.0 2.874118435057936 2.5548274788742824 24.292258827310715 0.4580853532151921 0.22212932407666242 0.6496459631729737 0.0 44.78575737055211 8.641554 82.01631677746809 22.263670439481356 2.304536195850105 0.16571383424094183 5.917270272703197 103.01598048274681 35.558056968152805 26.367738498986075
777 9300.80278464787 1130.9948084558457 214.83253054606138 52.79983940296486 9291 9310 1127 1135 129.0 4.328317531624756 2.1126187373683623 -4.092286036085254 0.8727919820500584 0.21963948837308941 0.46212294267572673 0.0 42.96974842173104 8.7197 105.80100947553225 27.20918231467208 2.606892367269791 0.11499521545214486 6.407961869245868 114.56064733878017 44.289339188810125 26.2524113524896
778 2345.1777065988936 1133.2964814440106 214.89458526273287 52.84403866215329 2343 2348 1128 1138 44.0 2.821486558825769 1.1960308127799284 -76.00437952812507 0.9057085571938875 0.1867415222885508 0.24483057611760856 0.0 9.618064361117268 4.7909174 44.55119719718837 19.246778515061738 3.167675982304668 0.04316129730385346 3.742410318509555 44.41249830544961 31.161900014893174 27.281236990182595
779 6807.208655310762 1129.49126906537 214.85478715311325 52.81567601810544 6806 6808 1128 1131 10.0 1.009523631049425 0.7421981238484 -89.4384483544127 0.6778541700675423 0.16721226439410894 0.18962165129450964 0.0 1.7829835945674628 2.5934665 13.530070745755186 11.427373600586124 3.5617587498736447 0.028333567097966455 1.7841241161527712 14.816773377293256 18.029448840187477 28.4731159040168
780 1049.025927917214 1133.150914596961 214.90616889754122 52.85226832528637 1046 1052 1130 1136 40.0 1.8784844513353751 1.5431885954542066 39.947751129836064 0.5701980695215815 0.18047398082687988 0.3159762126963487 0.0 9.962426172297604 4.693512 38.72337662795381 17.664931131688927 3.078865650572206 0.08708852523741725 3.5682482323055424 54.36649557758052 28.394497305199547 27.061671650959482
781 9086.815719715258 1132.8868482901219 214.8344186106709 52.801209475810495 9084 9089 1130 1135 30.0 1.6419502924415394 1.3867778439983112 -43.33616708534721 0.5354106814031342 0.18221483394558036 0.28897277454468917 0.0 7.21238063389839 3.878913 27.60470403805987 13.733356985195211 3.0189946137369454 0.07112279675080613 3.0901936161855166 22.554138837501263 21.834496477983325 28.01693437622183
782 2738.5084840995005 1134.2309886801845 214.89106159481926 52.841545865668664 2737 2741 1131 1138 29.0 2.0575162630919834 1.0780571047622314 -77.74037300282144 0.8517426068918464 0.16884045157834074 0.21977055659842917 0.0 5.681734513997988 4.3403573 27.766533768853265 15.96309066323709 3.2306775288730365 0.04580683965069634 3.0382538898732494 31.68009283801669 25.286816413857046 27.648033885968726
783 7026.199945563705 1135.5215424684995 214.8527698914457 52.81431719429572 7022 7031 1131 1140 81.0 2.6004083250822156 2.213590890833209 -42.00338735885387 0.5247645389383299 0.21106366680059366 0.43867424079875234 0.0 25.68570747771199 7.4619284 88.69937884912906 25.88383502430742 2.958763446561031 0.11474391536026594 5.077706251929807 126.236464893406 41.412901828630176 26.147037939701008
784 4087.7717152324694 1134.935836504252 214.87900353549477 52.832980409837354 4084 4091 1132 1138 48.0 1.8022850474996193 1.6773699098348576 15.820627032496187 0.3658071135139084 0.7109679573853649 2.8978577847268485 0.0 76.22219636531023 4.9945173 126.38910236380245 12.104226886101488 2.181517358431672 0.21339678972556148 3.9088200952233594 139.47522419135612 19.522860970832923 26.038757329588915
785 2474.28114377018 1137.7040183842955 214.89338552453117 52.84324258782716 2471 2477 1136 1140 27.0 1.728472191934174 1.1667778720890316 6.809565555492753 0.7377864232604673 0.16417265504552075 0.2592471181108176 0.0 5.937906464417976 3.7686107 23.18296136536261 14.215461360904394 3.056694274102467 0.0711122895868097 2.9316150714175193 25.369892960916317 22.913571944565366 27.88920341280707
786 7081.102950537477 1136.841033017867 214.85226618832235 52.81397548286736 7080 7082 1136 1138 8.0 0.861772243530421 0.6827575973129401 43.763597896135366 0.6101687088322042 0.17468231119633607 0.20349175023625243 0.0 1.529794917216758 2.3600767 18.64890515699698 10.669045427325802 3.8048385324625893 0.031821803009404036 1.5957691216057308 27.436802876661012 17.1611164997613 27.804166242427726
787 9037.373806456664 1140.2445362640258 214.83478212366705 52.80156333524244 9036 9039 1139 1142 12.0 1.0321489347723205 0.8924488617713818 18.108016185962743 0.5023725948193991 0.1718772021414536 0.2078130967380095 0.0 2.2761657920251306 2.6577394 16.319396276006877 10.413308013787425 3.4802990621840273 0.03747335284283577 1.9544100476116797 19.944017012496214 16.4063268000078 28.150468410113735
788 682.7407676059623 1141.1305050249862 214.90935882643666 52.854637067544594 681 684 1140 1142 8.0 1.1294195103544753 0.524100857353867 -35.238428612546954 0.8858119139536382 0.23126865525409576 0.23941106569816864 0.0 1.8791920110097542 2.110568 36.32593015709779 10.071165538277373 3.968050538920391 0.007529868178220713 1.5957691216057308 79.77671334525132 16.26509360955326 26.64530964949085
789 3351.3576062649513 1145.491973036936 214.88546908408313 52.83771452860168 3347 3355 1141 1150 75.0 2.424198229966001 2.090396683299633 77.38506448543833 0.5063903680810017 0.18910627626352364 0.5099858466956773 0.0 24.973449973713684 6.3758383 47.89623029126531 16.897813312380325 2.2776104278481717 0.1551753289126527 4.886025119029199 52.47327994282744 26.68965716304029 27.1001544713628
790 6962.778774380847 1142.5960447052928 214.85326136322476 52.81475828720195 6962 6964 1142 1143 5.0 0.7689945176577735 0.4498293804828037 18.31885041977105 0.8110636920421248 0.2341817421757747 0.25361091664608304 0.0 1.2304670681660055 1.7926587 24.483012974573782 8.569327939255551 4.062365782640033 0.019247971799523835 1.2615662610100802 56.68772700262551 13.765985937605054 27.01627739121492
791 3812.979187124679 1154.1414078531393 214.88125548241337 52.83482934625737 3800 3826 1145 1162 343.0 4.922264420659648 3.6827233625487983 -0.4814610922728375 0.6634995725678888 0.2315618517281148 2.726804682498977 0.0 321.65239242371865 13.863063 430.3681985340464 28.381650654617157 2.0120465287852762 0.3620463346941086 10.448937312523231 481.28385408039424 45.04641670849585 24.69399676904267
792 8903.779534808404 1156.0528202878568 214.83580718921948 52.802497519372054 8886 8919 1146 1166 510.0 7.404647996181878 3.6818014901837093 -19.512315082689685 0.8676196686501216 0.2864752503159122 2.7254349769534056 0.0 528.0524053402207 15.263009 650.1516050294438 29.19280043826277 1.8579806412390485 0.3355361743139645 12.741194683142286 734.3716397517322 47.073279849332586 24.235210258088486
793 2075.4345956341485 1154.6364516881313 214.89677088893527 52.84586675616767 2072 2080 1148 1161 69.0 3.5082741829500463 1.5170120970830487 -62.3077831576184 0.9016772010535166 0.17144131941352117 0.2957000668443214 0.0 16.10763621881897 6.5791388 58.5908079416544 22.746636363235037 2.953515285328317 0.08753838309214473 4.686510657907603 69.25210641093082 36.37311499727957 26.798917530794842
794 8782.51625947788 1149.5081169684893 214.83695730038522 52.803232831008636 8782 8783 1149 1150 4.0 0.5002665682905348 0.49940274814268387 -51.64418990952867 0.0587405981883456 0.20078335531944166 0.2213892478395836 0.0 0.8453197898084515 1.6202378 11.205611940413274 7.423521922872769 4.070569004944666 0.02709061616456817 1.1283791670955126 17.53877237551808 11.834767946959628 28.290002020754024
795 7861.063797399171 1155.0894108113057 214.84511657593555 52.80911816846744 7858 7864 1152 1158 44.0 1.797924464261025 1.7229453764308829 -54.90289476538725 0.2857745961175294 0.303491494113168 0.6171777039793026 0.0 19.584817292362466 5.3482823 49.038302362993534 16.799948878575076 2.6422827902547783 0.11415419448226707 3.742410318509555 52.07034912150147 27.12423395880204 27.108523776137574
796 9688.839011211285 1155.226686999537 214.8288163410968 52.79750399716233 9686 9691 1153 1157 20.0 1.5334439030376195 1.0127838658020738 -31.799412272249025 0.7508580730209066 0.14825935638254006 0.18522864323658506 0.0 3.377011176075951 3.6312222 31.68647767519529 16.340209271140818 3.5977460934756706 0.03534653757263676 2.5231325220201604 57.511583435828456 26.091117909128297 27.00061168759689
797 3930.939882189369 1157.7132965568098 214.88016453177912 52.83409940164302 3928 3934 1154 1161 44.0 1.889959778990066 1.7324257995279126 70.31845140902055 0.39969792911359586 0.20827518626039754 0.31924280371813585 0.0 11.512421853600122 4.8278275 53.0787387168705 18.510530225589896 3.149593468983873 0.0698006207700699 3.742410318509555 85.11656857980826 29.77595410369937 26.574964732503123
798 417.8938608433976 1166.7754888568745 214.9114565728874 52.85645703966641 408 427 1157 1176 302.0 4.475279545396924 3.4912926255342556 45.10782973429989 0.6256194494021804 0.2602688529680635 2.7178285712941492 0.0 276.17612638366177 12.964697 390.8415860111653 28.15293036375214 2.126861593061977 0.353494064210786 9.804569629897316 454.4780717788309 44.81834001747082 24.75621766578707
799 511.8748929682547 1159.0788471041692 214.91069740902648 52.85581880139166 509 515 1157 1161 28.0 1.8136787386134137 1.1781434478433481 -22.667105694394753 0.7602866472533086 0.1674846899163426 0.19842409285110432 0.0 5.156005738094719 3.9295955 31.971256994540028 16.73685276934479 3.372709830818668 0.026745525766746395 2.985410660720923 37.995155000469225 26.68605898934035 27.45067944863642
800 9708.297545503676 1175.6188850472358 214.82842852867927 52.79749025111885 9697 9719 1158 1190 445.0 8.069586171997312 3.9407424120709087 -63.916471886054076 0.8726506278353636 0.22627461710459001 0.7505715821124656 0.0 185.7230684904365 17.486216 423.85759135922456 53.425378228438866 2.578294997365154 0.17339811368706418 11.901592303208293 471.88586805779556 85.21446680234627 24.715407571563254
801 7067.201107173859 1165.1094085634502 214.8520930574085 52.814216240679215 7062 7073 1160 1170 101.0 2.8899726682061138 2.3978452674564785 22.250961201761225 0.5581915844115289 0.2027393979410472 0.5142533735562214 0.0 34.54309069525932 8.088506 69.206583794393 22.456882819748284 2.357845173133841 0.14291547974215207 5.670035141386943 70.24063244182908 36.1031341338899 26.783528966816675
802 6593.22446746545 1172.9804588964053 214.85623930038577 52.81727004014844 6574 6612 1161 1184 678.0 7.099229299558726 4.700115759650768 11.611817971640551 0.7494508353536335 0.20653706197889352 2.823968732445643 0.0 622.1130080084404 21.483063 730.9397647245478 35.494915651434816 1.6828164492436144 0.39095528443389677 14.690612745308144 766.7831638663095 56.71523512926634 24.18831857855715
803 3379.022951245272 1176.4564891760842 214.88489644269836 52.837705885247395 3367 3392 1165 1189 462.0 5.785816576086059 4.347995472862664 -29.022814639015504 0.6597420840244982 0.20403266008352955 1.930019329812653 0.0 330.3443997186995 15.9727545 458.64843349132616 33.52025225328203 2.0244971356189216 0.3272528316970138 12.126795430653198 517.1399905132691 53.33933289057758 24.61597969217927
804 8207.763162476525 1176.975778171996 214.84179422834364 52.80703317772083 8202 8213 1173 1181 84.0 2.886073340911762 2.0053098915527707 -26.8401462355668 0.7191808651730284 0.24104022224320054 0.5594141798998757 0.0 31.353570144699887 7.5209775 67.90809821501833 21.32173888167328 2.4606332994413394 0.1380174848862459 5.170882945826411 56.2224589406465 34.355553783593585 27.025225410117386
805 7454.027371816466 1179.1523702081092 214.84849447268525 52.81183419486883 7451 7457 1175 1183 46.0 2.4040108527314645 1.4348586086689312 -56.33204367849014 0.8023451858321367 0.18798031036734966 0.31722025235998225 0.0 12.025702849258115 5.4693713 96.5518025957205 23.118198286539574 3.4792747236097226 0.06883332219590868 3.826519928662906 191.2936496343753 37.21054484537587 25.695748617463458
806 8498.328290113623 1181.836860730009 214.83915176210323 52.80521301552446 8493 8504 1175 1189 103.0 3.8554518611195285 1.8494895531993916 -56.49942845650485 0.8774284130336503 0.22820460150658228 0.5491319803790725 0.0 38.547513724028626 8.69575 79.40478852235697 22.99356816913896 2.3374260177480535 0.1356619195988056 5.725898905580716 85.62782430849278 36.578326920265226 26.56846272673814
807 540.1513924460987 1180.0310868047682 214.91022433977707 52.8557523585502 534 547 1176 1185 110.0 3.1593785162583035 2.2561417603206726 -5.738375172593155 0.7000341609134739 0.20308402461861613 0.7327839402066362 0.0 46.25990279570544 7.9342217 74.8852392630022 17.57568386888782 1.975129046347119 0.19298133734124095 5.917270272703197 78.43521169482221 28.07834869845584 26.6637223174058
808 4125.0526161457865 1179.250067291121 214.87820474559015 52.83298267819452 4121 4130 1176 1182 39.0 2.466688851243371 1.2480239431934361 22.045754932021435 0.8625621613149936 0.16914403647904033 0.2380046509513774 0.0 8.090481460280907 4.63202 36.353999411671836 18.722158028236226 3.2102187173515406 0.05026583317046067 3.523362819972964 29.196814576289896 29.62929656880349 27.736661320642945
809 260.8668809922674 1182.5589939516728 214.91269431909322 52.857539201901965 251 273 1177 1188 149.0 5.144241097554098 2.101110885811504 -26.44686916057157 0.9127854263402415 0.17970463173326304 0.4600010053740702 0.0 43.57912070319681 9.199155 223.2348146016329 36.99664318097262 3.3091570372442223 0.14299004416263433 6.886811529393324 371.36563340234875 58.81936126617894 24.97549572210381
