outputs/dr0.5_c0.1/nircam1_matched_f277w_f356w_dr0.5_c0.1.ecsv
# %ECSV 1.0
# ---
# datatype:
# - {name: label, datatype: int64}
# - {name: xcentroid, datatype: float64}
# - {name: ycentroid, datatype: float64}
# - {name: sky_centroid.ra, unit: deg, datatype: float64}
# - {name: sky_centroid.dec, unit: deg, datatype: float64}
# - {name: bbox_xmin, datatype: int64}
# - {name: bbox_xmax, datatype: int64}
# - {name: bbox_ymin, datatype: int64}
# - {name: bbox_ymax, datatype: int64}
# - {name: area, unit: pix2, datatype: float64}
# - {name: semimajor_sigma, unit: pix, datatype: float64}
# - {name: semiminor_sigma, unit: pix, datatype: float64}
# - {name: orientation, unit: deg, datatype: float64}
# - {name: eccentricity, datatype: float64}
# - {name: min_value, datatype: float64}
# - {name: max_value, datatype: float64}
# - {name: local_background, datatype: float64}
# - {name: segment_flux, datatype: float64}
# - {name: segment_fluxerr, datatype: float32}
# - {name: kron_flux, datatype: float64}
# - {name: kron_fluxerr, datatype: float64}
# - {name: kron_radius, unit: pix, datatype: float64}
# - {name: gini, datatype: float64}
# - {name: equivalent_radius, unit: pix, datatype: float64}
# - {name: kron4_2_flux, datatype: float64}
# - {name: kron4_2_fluxerr, datatype: float64}
# - {name: kron4_2_mag, datatype: float64}
# meta:
#   PHOTMJSR: 0.4047000110149384
#   PIXAR_SR: 2.11539874851881e-14
#   __serialized_columns__:
#     area:
#       __class__: astropy.units.quantity.Quantity
#       unit: !astropy.units.Unit {unit: pix2}
#       value: !astropy.table.SerializedColumn {name: area}
#     eccentricity:
#       __class__: astropy.units.quantity.Quantity
#       unit: !astropy.units.Unit {unit: ''}
#       value: !astropy.table.SerializedColumn {name: eccentricity}
#     equivalent_radius:
#       __class__: astropy.units.quantity.Quantity
#       unit: !astropy.units.Unit {unit: pix}
#       value: !astropy.table.SerializedColumn {name: equivalent_radius}
#     kron_radius:
#       __class__: astropy.units.quantity.Quantity
#       unit: !astropy.units.Unit {unit: pix}
#       value: !astropy.table.SerializedColumn {name: kron_radius}
#     orientation:
#       __class__: astropy.units.quantity.Quantity
#       unit: &id001 !astropy.units.Unit {unit: deg}
#       value: !astropy.table.SerializedColumn {name: orientation}
#     semimajor_sigma:
#       __class__: astropy.units.quantity.Quantity
#       unit: !astropy.units.Unit {unit: pix}
#       value: !astropy.table.SerializedColumn {name: semimajor_sigma}
#     semiminor_sigma:
#       __class__: astropy.units.quantity.Quantity
#       unit: !astropy.units.Unit {unit: pix}
#       value: !astropy.table.SerializedColumn {name: semiminor_sigma}
#     sky_centroid:
#       __class__: astropy.coordinates.sky_coordinate.SkyCoord
#       dec: !astropy.table.SerializedColumn
#         __class__: astropy.coordinates.angles.Latitude
#         unit: *id001
#         value: !astropy.table.SerializedColumn {name: sky_centroid.dec}
#       frame: icrs
#       ra: !astropy.table.SerializedColumn
#         __class__: astropy.coordinates.angles.Longitude
#         unit: *id001
#         value: !astropy.table.SerializedColumn {name: sky_centroid.ra}
#         wrap_angle: !astropy.coordinates.Angle
#           unit: *id001
#           value: 360.0
#       representation_type: spherical
#   astropy version: '5.1'
#   kernelfile: kernel_f277w_f356w.fits
#   make_catalog parameters:
#     ab_zpt: 31.4
#     coadd_bands: !!python/tuple [f277w, f356w]
#     deblend_contrast: 0.001
#     deblend_nlevels: 32
#     deblend_npixels: 1
#     detect_kernel_fwhm: 4.0
#     detect_kernel_npix: 7
#     detect_npixels: 4
#     detect_threshold_nsigma: 3.0
#     flag_isolated_buffer: 4
#     hst_bands: !!python/tuple [f606w, f814w, f125w, f140w, f160w]
#     jwst_bands: !!python/tuple [f115w, f150w, f200w, f277w, f356w, f410m, f444w]
#     near_border_kernelsize: 21
#     reference_band: f200w
#   make_catalog version: 1.4.0
#   photutils version: 1.5.0
# schema: astropy-2.0
label xcentroid ycentroid sky_centroid.ra sky_centroid.dec bbox_xmin bbox_xmax bbox_ymin bbox_ymax area semimajor_sigma semiminor_sigma orientation eccentricity min_value max_value local_background segment_flux segment_fluxerr kron_flux kron_fluxerr kron_radius gini equivalent_radius kron4_2_flux kron4_2_fluxerr kron4_2_mag
[from data line 3744]
3745 10160.317710193645 4432.181031056489 214.91838883176138 52.957739692134446 10135 10186 4409 4455 1831.0 8.511863458093222 7.360981631391783 -18.323949562373517 0.5021322400435537 0.24326803083366572 13.507979270899877 0.0 4035.322570736431 4.764585 4255.864801190202 5.850976737260701 1.5409188263462994 0.5768583076559047 24.141777101168852 4493.99391738202 9.058657252843112 22.26841879933451
3746 9072.539424613726 4412.483719665469 214.92834556415977 52.96453872088586 9072 9073 4412 4413 4.0 0.5015732701650472 0.49659329958830417 52.5161272999126 0.14056607382566824 0.2544923897846488 0.31881722097895626 0.0 1.154741781582558 0.19595973 19.8646854339476 0.9212503770389872 4.200243917785305 0.06341970798965067 1.1283791670955126 41.25318623717667 1.4781450088643087 27.361356256464887
3747 6855.361485901217 4426.759375173543 214.9480760468776 52.97868826552109 6836 6874 4414 4438 672.0 6.614541007584112 4.2799369672958845 9.47670030484506 0.7624478001994734 0.17053872991253607 6.420138096469472 0.0 804.0443050479862 2.6088839 880.4753185677475 3.7360333927006772 1.6443699045631137 0.48388748048377583 14.625465582862905 957.6486327884608 5.789959709005305 23.946984517575125
3748 944.9834623300296 4422.376196259916 215.0011824107912 53.01616149321611 938 953 4416 4429 154.0 3.4797192304238176 2.8990901369406306 -22.44099538530248 0.5530635092766291 0.2084794890753224 0.7674822522543376 0.0 65.81673783474817 1.3612158 209.7556225327565 4.455965105640928 2.9575710815966976 0.19668614439336604 7.001408606295148 243.4644295213951 7.486802347068575 25.433911202047526
3749 1389.96331974745 4418.678523461524 214.99722340731952 53.01331927486553 1389 1391 4417 4421 11.0 1.275604137581311 0.638909550792185 -65.63114819582452 0.8655235665618346 0.23814486195236612 0.2965074715884613 0.0 2.986823369269005 0.3315579 24.197440038369194 1.4744377783887588 3.555218061867397 0.04869320153392251 1.8712051592547776 28.68948190878224 2.35517938497887 27.75569323605881
3750 888.2303760093511 4421.107494766991 215.00170572990976 53.01651457526522 884 893 4418 4424 60.0 2.3422914693781043 1.6169945778907517 -11.064909879753378 0.7234781361739251 0.18171379191267334 0.8102159295369724 0.0 27.260408850970016 0.9235512 65.6963347840433 2.534812750858623 2.7638442329942396 0.22108972919310343 4.370193722368317 96.65208916153625 4.198609755087187 26.436971885347724
3751 2462.027431294174 4421.510044572296 214.98756358107863 53.00653458452487 2461 2463 4420 4423 8.0 0.8390693374202651 0.7048696325652035 89.46829436620877 0.5424915704294837 0.26859019365694176 0.33515443921408505 0.0 2.4241526117341023 0.27076635 11.763906069292474 1.0515619323988488 3.2822078552538447 0.05078813373416921 1.5957691216057308 12.868363735008428 1.6851219911236899 28.62619167975419
3752 3162.780939470269 4437.06719152826 214.981106594695 53.00217341690276 3148 3176 4420 4456 801.0 7.392413598350218 4.839379558646564 -68.59744903628578 0.7559396228164087 0.1746616734731631 5.5784481038167355 0.0 770.238773166088 3.1403885 861.4599839471716 4.441349314579027 1.538341712714997 0.4522975058835692 15.967661658277217 889.9846754317045 7.4381856698422615 24.026543678423522
3753 3376.395553427621 4423.338961097187 214.97933324275533 53.00074410156111 3372 3381 4420 4426 47.0 2.4654915206404437 1.3508681481066118 20.134684371945347 0.8365371035706661 0.19442492943404185 0.45401802617991244 0.0 15.648901051052002 0.6880992 37.42732105804955 2.1007519581847367 2.634882870881318 0.12762237360956197 3.8678889139475245 44.561907172718854 3.3730486123036116 27.2775905759557
3754 8324.46990019182 4421.8087925783875 214.93495361563134 52.96933744901741 8322 8327 4420 4424 23.0 1.3692937269992809 1.2091425330540584 -18.045850978519297 0.46929580463127984 0.283538400349555 0.49295990748464014 0.0 8.732374662092985 0.48903805 20.936293547802407 1.4234191813359935 2.517547903648607 0.10206937063399546 2.7057581899030048 22.30844406534248 2.2701867902259445 28.028826797889735
3755 10300.572762409693 4422.554796796439 214.91723347839329 52.95679731141247 10298 10303 4420 4425 32.0 1.509019954536306 1.4207280626239838 14.45321857866003 0.3370393148510595 0.18607922604926166 0.48780245493847074 0.0 10.094954148085915 0.7345542 25.047579339064598 2.216894815367332 2.7268575624643385 0.15998416156190398 3.1915382432114616 32.42810247179254 3.6701838061437155 27.62269615823893
3756 2712.661706140697 4423.658928029584 214.98529000436153 53.00495633589665 2711 2714 4422 4425 13.0 1.0424208808848199 0.9086829590627736 45.82368671755182 0.4900319250721793 0.22734936851558074 0.3419226882589341 0.0 3.7952457824338746 0.3467601 10.883895677816692 1.1753642795235635 2.6806513917624772 0.06610005236027774 2.0342144725641096 14.06274839551713 1.8783802549469557 28.529824483432574
3757 9846.175543602605 4423.4436758861875 214.92129607215722 52.95968682704893 9845 9847 4422 4425 7.0 0.8942204646010039 0.6170766684712516 79.39942226744147 0.7237405485821169 0.3091371542335524 0.3804625855369758 0.0 2.470823388399295 0.34874642 11.911663574235096 1.2655917711046627 3.133929910981939 0.047091398269455985 1.4927053303604616 14.722244959921138 1.9137334310011145 28.480064901055
3758 2226.380212059836 4427.856723432084 214.9896131512381 53.008063638660516 2224 2228 4426 4430 16.0 1.1390907926437877 1.0554042784698683 -19.51278523610948 0.37621551577561696 0.23847796719176606 0.3691791988146944 0.0 4.947145016622143 0.38011414 18.693015217066062 1.4365515430647828 3.04814122806319 0.0733873123803646 2.256758334191025 22.469552821453814 2.373387998023733 28.021013926552037
3759 2852.066144887711 4427.474142071793 214.9839978783749 53.0040926428936 2851 2853 4426 4429 8.0 0.8366766544679247 0.7054418017784478 89.63182841916189 0.5376823868809488 0.27949235439255754 0.37963679837336084 0.0 2.6259287534563303 0.27456558 14.549967536676053 1.1491635909993871 3.387629173556847 0.07547776514820415 1.5957691216057308 13.587474167391942 1.8690840884474336 28.567153171471997
3760 6648.229619513859 4434.490080252907 214.9498525283145 52.98004451760381 6643 6654 4427 4441 127.0 2.9651565132120203 2.09658272748983 75.95884232030383 0.7071403529575455 0.08062814189201593 1.3011615992659882 0.0 49.25288738779887 1.157862 70.08612088401975 2.237809321446389 2.026855247674009 0.41156182236593214 6.358093703724522 75.31742256960287 3.4459311009166425 26.707761375878725
3761 6699.276783328646 4431.866652966282 214.94942227836663 52.979706395948156 6696 6703 4428 4436 54.0 1.9114319545771976 1.7834757983557472 -34.96213491192183 0.35972742651793116 0.16871996522929078 0.736266483724976 0.0 21.569780837217014 0.70078754 40.20013760929436 1.7880668144889345 2.363797436784386 0.21663512849323596 4.145929793656026 40.93899913836843 2.8534989269819824 27.36965694753973
3762 10312.646970763208 4432.5367992911015 214.9170200895954 52.9567745401808 10308 10317 4429 4436 63.0 2.1843289401562176 1.7810975053090474 -23.15063316255299 0.5789007338610922 0.231697740105888 1.1251821281208247 0.0 37.449829569518236 1.0262889 60.842479622962784 2.329869709028283 2.068958857417107 0.23174422461810823 4.478115991081385 68.88623842796689 3.68002234485955 26.804668823740876
3763 1722.8411582817391 4433.643836875692 214.9940751907817 53.011288833857385 1721 1725 4430 4437 31.0 1.8658271374591704 1.190125590564202 -74.01740877599637 0.7701571774817818 0.27210104004479446 0.5260887544982663 0.0 11.644924266840714 0.6153945 43.29579482156778 2.1746876850858934 3.043118613989439 0.11479031037249793 3.141274657157109 69.88689396604224 3.4640259648408236 26.78901065190543
3764 2804.604395132953 4433.692781427429 214.98435854225585 53.00442732277891 2801 2808 4431 4436 37.0 1.849651961775176 1.312949300018918 17.274280340428973 0.7043671236834063 0.192288139431213 0.5948456013878758 0.0 13.494976439473875 0.6134965 27.491764747091818 1.8104486043220656 2.54197928721617 0.1839908241638396 3.431831258788849 26.400510558727937 2.8956923798125254 27.845969185600595
3765 9402.767042858295 4434.702446241217 214.92515142738694 52.962562431378444 9400 9405 4432 4437 29.0 1.4710462598249474 1.3571341636045442 48.78752569352883 0.3858443522182961 0.20581599622919797 0.5075081322270425 0.0 10.111106306531482 0.58844715 30.418424034753652 1.9353324442399176 2.9516400685599637 0.14385567535778976 3.0382538898732494 30.612992447666805 3.1185607911932807 27.685235539124246
3766 143.0 4434.0 215.00826671406622 53.02131047544974 140 143 4434 4435 5.0 0.28867513459481287 0.28867513459481287 0.0 0.0 -0.0006588435404619655 0.0014787863091381443 0.0 0.00011802544738288449 0.39575326 0.010856539984133242 0.9155369157687451 3.3247096632233055 5.152926381645677 1.2615662610100802 0.013035941446303928 1.4115674801446203 36.11214399732074
3767 423.07912096375014 4436.583269359149 215.00572241742336 53.01954823841085 421 425 4434 4439 26.0 1.4045205791247652 1.2018531400689136 -89.12963741463277 0.5174664850144057 0.31755318605196864 0.9176234390768906 0.0 14.711714217217633 0.5999033 26.859895814014124 1.7092971212176207 2.424305678209727 0.1823065363764056 2.876813695875796 35.07708112116568 2.892794383369232 27.53744138217266
3768 335.58560015282075 4442.913100222704 215.0064419620799 53.020137327992366 331 341 4435 4450 142.0 3.4904142070468698 2.373312693443994 87.96149422417872 0.7332570039572475 0.12469136062738397 1.7239556993784937 0.0 112.44398390082237 1.9562253 162.5912162810863 inf 2.116216077243271 0.3075393853850043 6.723094811029982 200.7796514310152 inf 25.64320076017995
3769 3332.173141354571 4443.875085992716 214.97951382792348 53.00113561090128 3322 3342 4435 4453 209.0 5.906745073886753 2.2616738705107338 43.978691693191834 0.9237911180292085 0.1382028808559479 0.8343418327742217 0.0 86.61935152516237 1.5272017 153.97479309074976 3.974760580545917 2.2902595858791255 0.21667126417542268 8.156394191823509 143.07740614310984 6.84182147583403 26.01107235449095
3770 8433.727506682315 4439.660153739432 214.9337859034025 52.96874034717517 8427 8440 4436 4443 90.0 3.187282952584795 1.7789134895382122 5.829417257910986 0.8297545208264622 0.1717095543131169 0.8559371625521844 0.0 42.69341387600491 0.94209296 57.69790550993649 1.4474946293889674 1.4 0.21358383561390704 5.352372348458314 56.12633164988689 2.3045562848802095 27.02708335455565
3771 8279.24696670767 4438.0189359187625 214.9351882331011 52.96971201890795 8279 8280 4437 4439 4.0 0.6999690348343778 0.4311637831581492 -89.11861716189601 0.787765302093593 0.3905280255553974 0.4354986869935705 0.0 1.6572116750550798 0.19886607 15.877108227717287 0.8970703944134987 3.766311198336734 0.029677304040672797 1.1283791670955126 20.82777624582051 1.4193415412448744 28.103392741564157
3772 2928.966937944505 4446.731480069572 214.9831042947939 53.00370888176882 2924 2934 4438 4454 129.0 3.7186636092858727 2.181054460173297 -87.19143807966938 0.8099378831515226 0.20278907314086664 0.8628018024725 0.0 56.70667460427311 1.2943037 119.33304044137117 3.6402676008832238 2.5735025043747184 0.2236856617691757 6.407961869245868 127.5956637130574 6.349447103475015 26.135410211715257
3773 9888.404267489024 4440.2096429015155 214.92074093464646 52.95950925483347 9886 9891 4438 4442 25.0 1.443054904876036 1.1666649354390561 4.341033420972074 0.5885389732666335 0.2790587418553811 0.7411386803994947 0.0 12.731126130471763 0.5800082 19.80636744715318 1.1639132539111343 1.813980423032657 0.15725186031327576 2.8209479177387813 20.120204295993183 1.838319854008479 28.140919034665018
3774 7082.97030879237 4447.0666212934575 214.94582049673835 52.97735345276739 7074 7091 4439 4456 233.0 4.547287479387676 3.265773145410919 47.89181493995198 0.6958568712530178 0.2026272943467231 0.8181251229215631 0.0 104.23863637943106 1.4587064 210.46820331619637 3.912891856719641 2.4521487679846525 0.21221031939440926 8.611980229936854 199.94438866014255 6.26189782837002 25.647726949045353
3775 9870.7934464061 4443.547841035546 214.92086357753402 52.95963907496429 9868 9873 4441 4446 29.0 1.4699319484854019 1.346913164075045 61.69591422231578 0.4004699837266323 0.25916980890258656 0.6440837082762536 0.0 12.58171315198297 0.579354 30.37855144572564 1.8300636874088074 2.689328004744002 0.1489792119242158 3.0382538898732494 34.47707849189713 2.9084475345225016 27.556173856001994
3776 4035.5420352962424 4447.232352380854 214.9731635809144 52.99669149509962 4032 4039 4444 4450 44.0 1.8201416966731878 1.6668910579317693 -2.5394491926890828 0.40162798029732655 0.19250043590656993 0.49247459202262833 0.0 14.826672276464912 0.7119089 46.04156931991818 2.2766818776539153 2.824954099044918 0.14825465406197214 3.742410318509555 62.3812106559496 3.714112393618903 26.91236550244605
3777 7380.9802463162105 4447.971790402765 214.94313819794664 52.97546700978941 7375 7387 4444 4452 103.0 3.1042633009689067 2.1459254883094396 -1.3690412480246876 0.7225838016116415 0.20446841452293527 0.7978299041988377 0.0 44.0124635993262 1.0202677 83.92833826638392 2.6032327542743228 2.341442862257234 0.19730380600445968 5.725898905580716 78.31340176520237 4.171848163645559 26.665409777018873
3778 8617.536192725362 4459.938741709993 214.93192428072595 52.96768312912324 8600 8633 4445 4475 742.0 6.819937594768345 4.0848433718955794 40.01606247100169 0.8007818456334834 0.14311891749142813 8.636865736188852 0.0 1015.9655126130168 3.0624425 1063.3096297183365 3.6564290493839997 1.4378732393169422 0.5329409018133296 15.368341990871127 1106.3055587552103 5.507175187550556 23.790312263605525
3779 9464.481597824308 4447.551256905693 214.9244628716787 52.96224003266406 9463 9466 4445 4450 22.0 1.559741539269187 1.030771144115337 77.4092413686212 0.7505090028836988 0.2985462419855751 0.45896648794513345 0.0 8.355135108520543 0.46953756 44.67780153616084 1.9524878919340978 3.364165907195029 0.07438026585223978 2.6462837142006137 47.73497768831369 3.127696525386856 27.202908190228815
3780 517.2564556932426 4452.139856626637 215.0047120856046 53.01903506882443 508 524 4446 4458 146.0 3.6391243040225527 2.4157406875704273 -17.99056511377534 0.7478881838188578 0.30747333903728796 2.8041946650062153 0.0 147.16601226407545 2.4206045 200.24428278466092 4.122766224503071 1.7655563024888228 0.3148307843275041 6.817128675830715 208.84086215993528 6.520382996191667 25.60046130638782
3781 8010.725817171095 4449.420440687882 214.93747570524326 52.971477929401885 8007 8014 4446 4452 41.0 1.8379572897247176 1.4948568729401441 37.809948159332855 0.5818094310198207 0.20960528132587244 0.6391555485552929 0.0 16.958697561082154 0.6449417 44.70423672401947 1.991657783574883 2.830525242220551 0.16875326099401555 3.6125759969217834 48.17087180484823 3.211735268538649 27.193038734192704
3782 279.55709430140627 4452.107743531129 215.00684854645115 53.02054235582854 273 286 4448 4456 91.0 3.6194189578771163 1.6770901725552396 -25.331551837686007 0.8861706846150857 0.3368146564514685 1.0597218725299427 0.0 60.328698408761 1.6366117 195.85968277521056 7.481217480464035 2.9122181246908094 0.1733290265900498 5.382025607773058 330.1930528988647 inf 25.103080170804102
3783 8153.23257005581 4454.8083379734735 214.93614113864928 52.97060251546453 8145 8162 4448 4461 179.0 3.5710904957463803 2.3845293486070007 14.790710320270284 0.7444022722401429 0.14766035469860794 2.767669705107405 0.0 152.08447008385528 1.541772 177.62292770846284 2.3295956000023286 1.6468392747664369 0.40801479223404524 7.54834217738561 185.1568748186416 3.555668857888519 25.731150395231722
3784 580.4150354760134 4457.918793753503 215.0040836001187 53.01866575743741 569 593 4449 4466 257.0 5.967246245675185 2.3612021232268723 30.950094291412366 0.918382516014024 0.22552504930371592 2.6027281872631067 0.0 255.84373426431125 3.0904598 335.73966669781765 inf 1.9699692151873383 0.32288706438652887 9.044647077096718 360.16613588421205 inf 25.008742808816212
