outputs/dr0.5_c0.1/nircam3_matched_f150w_f277w_dr0.5_c0.1.ecsv
# %ECSV 1.0
# ---
# datatype:
# - {name: label, datatype: int64}
# - {name: xcentroid, datatype: float64}
# - {name: ycentroid, datatype: float64}
# - {name: sky_centroid.ra, unit: deg, datatype: float64}
# - {name: sky_centroid.dec, unit: deg, datatype: float64}
# - {name: bbox_xmin, datatype: int64}
# - {name: bbox_xmax, datatype: int64}
# - {name: bbox_ymin, datatype: int64}
# - {name: bbox_ymax, datatype: int64}
# - {name: area, unit: pix2, datatype: float64}
# - {name: semimajor_sigma, unit: pix, datatype: float64}
# - {name: semiminor_sigma, unit: pix, datatype: float64}
# - {name: orientation, unit: deg, datatype: float64}
# - {name: eccentricity, datatype: float64}
# - {name: min_value, datatype: float64}
# - {name: max_value, datatype: float64}
# - {name: local_background, datatype: float64}
# - {name: segment_flux, datatype: float64}
# - {name: segment_fluxerr, datatype: float32}
# - {name: kron_flux, datatype: float64}
# - {name: kron_fluxerr, datatype: float64}
# - {name: kron_radius, unit: pix, datatype: float64}
# - {name: gini, datatype: float64}
# - {name: equivalent_radius, unit: pix, datatype: float64}
# - {name: kron4_2_flux, datatype: float64}
# - {name: kron4_2_fluxerr, datatype: float64}
# - {name: kron4_2_mag, datatype: float64}
# meta:
#   PHOTMJSR: 2.251199960708618
#   PIXAR_SR: 2.11539874851881e-14
#   __serialized_columns__:
#     area:
#       __class__: astropy.units.quantity.Quantity
#       unit: !astropy.units.Unit {unit: pix2}
#       value: !astropy.table.SerializedColumn {name: area}
#     eccentricity:
#       __class__: astropy.units.quantity.Quantity
#       unit: !astropy.units.Unit {unit: ''}
#       value: !astropy.table.SerializedColumn {name: eccentricity}
#     equivalent_radius:
#       __class__: astropy.units.quantity.Quantity
#       unit: !astropy.units.Unit {unit: pix}
#       value: !astropy.table.SerializedColumn {name: equivalent_radius}
#     kron_radius:
#       __class__: astropy.units.quantity.Quantity
#       unit: !astropy.units.Unit {unit: pix}
#       value: !astropy.table.SerializedColumn {name: kron_radius}
#     orientation:
#       __class__: astropy.units.quantity.Quantity
#       unit: &id001 !astropy.units.Unit {unit: deg}
#       value: !astropy.table.SerializedColumn {name: orientation}
#     semimajor_sigma:
#       __class__: astropy.units.quantity.Quantity
#       unit: !astropy.units.Unit {unit: pix}
#       value: !astropy.table.SerializedColumn {name: semimajor_sigma}
#     semiminor_sigma:
#       __class__: astropy.units.quantity.Quantity
#       unit: !astropy.units.Unit {unit: pix}
#       value: !astropy.table.SerializedColumn {name: semiminor_sigma}
#     sky_centroid:
#       __class__: astropy.coordinates.sky_coordinate.SkyCoord
#       dec: !astropy.table.SerializedColumn
#         __class__: astropy.coordinates.angles.Latitude
#         unit: *id001
#         value: !astropy.table.SerializedColumn {name: sky_centroid.dec}
#       frame: icrs
#       ra: !astropy.table.SerializedColumn
#         __class__: astropy.coordinates.angles.Longitude
#         unit: *id001
#         value: !astropy.table.SerializedColumn {name: sky_centroid.ra}
#         wrap_angle: !astropy.coordinates.Angle
#           unit: *id001
#           value: 360.0
#       representation_type: spherical
#   astropy version: '5.1'
#   kernelfile: kernel_f150w_f277w.fits
#   make_catalog parameters:
#     ab_zpt: 31.4
#     coadd_bands: !!python/tuple [f277w, f356w]
#     deblend_contrast: 0.001
#     deblend_nlevels: 32
#     deblend_npixels: 1
#     detect_kernel_fwhm: 4.0
#     detect_kernel_npix: 7
#     detect_npixels: 4
#     detect_threshold_nsigma: 3.0
#     flag_isolated_buffer: 4
#     hst_bands: !!python/tuple [f606w, f814w, f125w, f140w, f160w]
#     jwst_bands: !!python/tuple [f115w, f150w, f200w, f277w, f356w, f410m, f444w]
#     near_border_kernelsize: 21
#     reference_band: f200w
#   make_catalog version: 1.4.0
#   photutils version: 1.5.0
# schema: astropy-2.0
label xcentroid ycentroid sky_centroid.ra sky_centroid.dec bbox_xmin bbox_xmax bbox_ymin bbox_ymax area semimajor_sigma semiminor_sigma orientation eccentricity min_value max_value local_background segment_flux segment_fluxerr kron_flux kron_fluxerr kron_radius gini equivalent_radius kron4_2_flux kron4_2_fluxerr kron4_2_mag
[from data line 2376]
2377 nan nan nan nan 8104 8125 3106 3126 320.0 nan nan nan nan 0.0 0.0 0.0 0.0 17888544.0 nan nan nan nan 10.092530088080641 nan nan nan
2378 nan nan nan nan 8174 8178 3106 3109 18.0 nan nan nan nan 0.0 0.0 0.0 0.0 4242640.5 nan nan nan nan 2.393653682408596 nan nan nan
2379 2920.3825198755862 3109.8696303791176 214.8164339316996 52.86946467623782 2917 2923 3107 3113 33.0 1.5111905780339068 1.329297994874338 -2.6956755293960355 0.47564702133008396 0.006655802496938988 0.26381229504295634 0.0 4.580597450737148 1.7011437 6.678135164247955 2.601587600911555 1.4 0.33439026516115294 3.2410224072142872 4.424351411400464 4.077684152775499 29.785375964446544
2380 3050.4635460408244 3117.3658103628277 214.81519367361355 52.86867824578309 3042 3058 3107 3127 221.0 5.0236114617956495 2.864554794319157 -58.85013798598626 0.8214932620704479 0.11781221890032241 0.9219524603150672 0.0 99.0708184549514 4.587806 161.28188024317993 10.483262020134063 2.0509878469444884 0.21115338421471533 8.387281135541944 175.34762766373998 16.719405648384235 25.790250263642342
2381 7663.156144033541 3111.3814932205846 214.77410455047487 52.83931923287656 7658 7669 3107 3116 92.0 2.8756139284214814 1.7030470603482615 -35.69910865144548 0.805763286092304 0.09729095789505306 1.302067458533922 0.0 45.42025815069674 2.6924613 58.81668189940658 5.087613967376324 1.879145044490385 0.3412911723384464 5.4115163798060095 62.537210026853195 8.215144409071574 26.909653744611912
2382 941.2699118703656 3117.9749531165853 214.83402295618993 52.88208670712415 931 952 3108 3128 360.0 4.952238646251792 3.6761511515050356 -41.59162962795458 0.670044334973039 0.011582295963669486 1.602959180960503 0.0 159.4551809398772 5.3568954 276.4610465408291 13.06665742175349 2.461645692530487 0.37890773446489817 10.704744696916627 422.27305893396954 20.83403954169542 24.836016564313336
2383 2714.8320250381844 3116.2459199642167 214.81820197234723 52.87080554758708 2709 2721 3108 3125 138.0 4.402223309254803 1.8911463867003735 -66.12607735765833 0.9030245589245368 -0.01275572964501951 0.5651249175187233 0.0 30.00653130132761 3.3663888 78.37317329540545 10.154190935531942 2.8183075524468704 0.30576355584783377 6.627726932618989 100.99801589318487 16.299354006746476 26.389217894630153
2384 nan nan nan nan 8184 8201 3108 3140 459.0 nan nan nan nan 0.0 0.0 0.0 0.0 21424284.0 nan nan nan nan 12.087358593107094 nan nan nan
2385 9065.040542850998 3113.540570131176 214.76158592249882 52.830415083729484 9062 9068 3109 3118 48.0 2.4830985253451012 1.5288192944723422 78.30067255990276 0.7879883525071588 0.15675915101252694 0.3349450679834473 0.0 12.918355983935601 2.0016425 60.78786964087864 7.482969116286287 3.143135970887025 0.09342582578240069 3.9088200952233594 79.57259885899437 11.991817861102007 26.648091143879316
2386 811.3889753632238 3111.7991999137794 214.83524824604635 52.882878787698814 809 813 3110 3114 16.0 1.106304333222531 1.0614255504980419 -45.93914948786121 0.2819346817963719 0.17114794428924557 0.31884621461265095 0.0 4.103158217914089 1.6196704 17.385094844182536 4.467985976055732 3.121283533697175 0.10280756027597912 2.256758334191025 22.60089136601601 6.794245975974546 28.01468608048236
2387 9207.704997207942 3119.11103683549 214.76025590866502 52.829537677955656 9200 9215 3111 3128 211.0 3.5296637948555403 3.1100243247088004 -48.84567262617891 0.4729101821265556 0.14524639776467835 2.1786932981074014 0.0 159.75702865070875 4.364785 209.4050430923291 8.120065676800195 1.9660334175666019 0.35316064296255417 8.19532708223289 231.37685360814496 12.767730304492302 25.489200222503978
2388 3398.377726329627 3120.4783206687603 214.81205504520898 52.86648353052667 3393 3403 3113 3128 131.0 3.616914885259508 1.9448718222030683 74.88140251642712 0.8431262389843283 0.07048927913948029 1.478272796777232 0.0 78.22890657270248 3.5893762 99.6435254906728 6.2674032984731305 1.796356944299566 0.34960783147930735 6.457444935117649 110.24231886318191 9.998412392767062 26.294129150717104
2389 7506.949826044367 3115.0168447977326 214.7754589630348 52.840332178712224 7506 7508 3114 3116 7.0 0.9154537298935467 0.5332469574420029 42.70865625214916 0.8128344909041127 0.24452189711201588 0.36093588198464055 0.0 2.051491193637725 0.7286749 14.410725266217561 3.0346669001724456 3.485208757720481 0.07141042873614735 1.4927053303604616 22.867067024845156 4.834916121288787 28.001973838221897
2390 10079.920911019439 3119.623668316012 214.7524788067315 52.82399252594113 10074 10085 3114 3125 111.0 2.236721352673401 1.995956977899336 -64.20303703783281 0.45132756775489946 0.24211056140065448 7.083972706950134 0.0 176.69896242606498 3.304848 201.26422565045823 4.9363611589391745 1.7615295976877927 0.49987178891279094 5.944106103225343 223.6615385895563 7.606474880194611 25.526021729682817
2391 6131.722782418074 3122.5327390266357 214.78764366196464 52.84911748715006 6126 6138 3116 3129 142.0 2.8945565569238663 2.4398970799557222 52.73100625757872 0.5380294606090809 0.06500733778236141 1.396168358631445 0.0 63.17750414181519 3.4905002 98.42046786417887 7.973583178255073 2.315632299763408 0.38243209785291393 6.723094811029982 103.22456547234317 12.791748311599978 26.36554234157056
2392 7284.91184610509 3127.8588767086258 214.7773034899753 52.84181332745463 7274 7296 3116 3140 427.0 4.372943966965513 3.43194328603746 65.45256564427078 0.6197326444099495 0.09255441748570378 7.382243495456685 0.0 474.8903357356687 6.116396 506.969587350898 7.884567012300426 1.596564590156475 0.5643097250958393 11.65840132267193 548.7265196635451 12.41026926267407 24.551610125183114
2393 4142.736196000429 3122.095779621552 214.80539413746234 52.861760518094925 4137 4150 3118 3127 101.0 3.551855013360845 1.792067530241129 26.36616455864614 0.8633859160421636 0.03828415920533166 0.7601764710104421 0.0 40.337735274635975 2.941348 100.93831278486797 8.888987225155725 2.706539492020937 0.2562273985987856 5.670035141386943 155.82241104064303 14.27366937898372 25.91842520023804
2394 6930.424761852397 3120.476252324275 214.78054214814242 52.84402775674931 6927 6934 3118 3123 41.0 1.8966994218873334 1.4303766114347447 23.828192702238653 0.6567138581443399 0.10627774612305937 0.39054255093126655 0.0 9.879781054249749 1.8170723 31.374680873838848 5.969756094965036 2.946540492499524 0.1835599161934297 3.6125759969217834 27.313063432123915 9.474863578328776 27.809073966690786
2395 8324.12778118981 3123.8279746083235 214.76808121364175 52.83518273875033 8323 8325 3123 3125 8.0 0.8238945536532615 0.6924944165054243 42.27856568725098 0.5417907495652623 0.3503698455254163 0.5233440087315506 0.0 3.5802637207147847 0.8166708 16.32262871347593 2.898489529023351 3.189553922374118 0.07186140288384475 1.5957691216057308 18.69836259977442 4.560349993598998 28.22049105652206
2396 6020.106672184896 3125.7452901238335 214.78860541105573 52.84984448431622 6018 6023 3124 3128 20.0 1.475405009612712 1.006975623947176 29.537010571447496 0.7308781847413498 0.20269149123827765 0.46093951934720223 0.0 6.486249039640956 1.3887694 25.612386242966487 4.7661743265984455 2.9739655616576943 0.15033196624921946 2.5231325220201604 38.17116997512911 7.622302933528611 27.445661320984247
2397 10268.527560401626 3124.535568173157 214.75074681967683 52.822819229650115 10268 10269 3124 3125 4.0 0.4997031473179087 0.4982690978588386 -34.657560612470306 0.07570581023340767 0.39112979492426003 0.5040068544429062 0.0 1.7880501802351676 0.598453 15.054044565464185 2.479614146367423 3.8753815135738 0.0657978319601939 1.1283791670955126 19.486149114764387 3.906459498433737 28.1756849460041
2398 1158.1989262444554 3128.2415245129696 214.83197706735078 52.880763474399686 1155 1162 3125 3132 50.0 1.8596138093502417 1.6809187672958 48.564155303297085 0.4277281036824886 0.2544234781561643 1.126278356547763 0.0 29.281017529605606 2.0644033 50.39319810000246 5.01508959348839 2.282778681790531 0.22667121308794186 3.989422804014327 49.487750819003224 7.966667612798766 27.16375571024342
2399 1103.0357978191075 3132.4218809622903 214.83242579196917 52.881136571762255 1097 1109 3127 3138 112.0 2.5431490630998894 2.301267858826627 12.133022492847932 0.42564741562489 0.12683118593935516 1.3846844408965384 0.0 53.13351156726064 3.0257933 94.23959476883061 7.535225490761229 2.497563407379383 0.3542786662346181 5.970821321441846 137.1418210768354 11.987107346731351 26.057075219822632
2400 2496.2157861204137 3138.8600403641703 214.81991579868532 52.87231695097746 2486 2507 3127 3150 409.0 5.959341135663669 4.077743603059751 48.88690150267133 0.7292373697815578 0.0964058434545687 0.9647060998598208 0.0 166.78589014622014 5.868977 289.0982317466841 14.959855875051318 2.3868760261753494 0.2778686292704959 11.410028196686037 358.6927811545993 23.734266762946728 25.01319340899499
2401 2601.5720077427363 3136.86471263132 214.81899610219656 52.87163655518121 2596 2608 3131 3143 116.0 2.6782818193541167 2.2385256373803957 -61.729023201850346 0.5490239679150734 0.05078844820853807 1.55981421744807 0.0 64.62038758071678 3.1027367 106.90897865868936 7.244306017426331 2.344096606306959 0.36084412890781514 6.076507779746499 114.26475577735036 11.471499219922801 26.255219260664212
2402 9103.280008736301 3132.501382326225 214.76104553595772 52.83027395811901 9102 9104 3131 3134 9.0 1.032144044603809 0.6666048465406338 -81.24982364762353 0.7634687395275005 0.10495455698993754 0.16757839248692938 0.0 1.303459273108388 0.83554673 10.37349153393382 3.6736383606601697 3.5473547907672507 0.08207293769666689 1.692568750643269 15.770097227454531 5.856132078606313 28.405414072762582
2403 9451.42266690417 3134.029673644772 214.75792706089663 52.828067833558286 9450 9453 3132 3136 16.0 1.1388118965965506 0.9590846683385194 -87.75839389966802 0.5391963937870722 0.22206870041128432 0.411533520569851 0.0 4.9290924848725375 1.1068406 11.771206599588117 3.31628017406433 2.6197982474675987 0.13314404527108853 2.256758334191025 15.59163410003244 5.305574617898231 28.4177709141709
2404 6999.847339283491 3141.1684139065 214.77970523533986 52.843697750193805 6991 7010 3133 3149 239.0 4.325367125812927 2.5048347112021845 35.81903318379717 0.8152541188145073 0.012029623829107737 2.0300566008849272 0.0 100.30632269873969 4.379751 132.85929271143326 8.23752473526461 2.0366734169908214 0.4585689168305138 8.722159296752494 136.018422133687 13.262989963575878 26.066005668611517
2405 4093.264793030313 3138.928912212466 214.80565841254997 52.86216570924955 4088 4099 3134 3143 96.0 2.940289365138863 2.0965413280400216 18.636655853739484 0.7011242542234688 0.15033428596013698 0.7561222540157511 0.0 42.2915221042511 2.7236905 104.80796419609462 8.314676083485429 2.717360620576627 0.2077796029129939 5.527906391541368 145.89144158583773 13.459635267239522 25.98992546082606
2406 1704.2871275669986 3143.277769268074 214.82694120149011 52.87737400862162 1695 1713 3136 3151 232.0 3.6445016332739497 2.630057395728978 -21.503504882580156 0.6922573017149959 0.03669797511047377 3.683794101740619 0.0 219.2037038215255 4.5737453 239.25547716746448 6.192011587002438 1.5463473344256933 0.49536166641679713 8.593479713983122 249.45843233819846 9.742661273592024 25.40750452800859
2407 3722.7846940849226 3150.28486137901 214.8088454746139 52.86458200291841 3710 3736 3138 3162 517.0 3.910561734935793 3.6081014597171217 -39.40046221995727 0.38562514125552255 0.07866415404618195 14.885034895830305 0.0 838.9677795533361 7.5502625 849.5829661817936 8.047319900536866 1.467753133426411 0.660620572912417 12.828336258339185 906.7519455144026 12.303766490661353 24.006278759825772
2408 7845.409911426069 3146.7359205760968 214.77210750962755 52.83835059297319 7839 7852 3141 3153 149.0 2.19410777028428 2.0992942571096176 -13.111041735761734 0.29078897898236106 0.2389837162929913 18.96078393663409 0.0 400.97777221725073 3.9216683 418.64193771298784 4.749729593190648 1.6128712434496308 0.6177919131611876 6.886811529393324 463.20553034365156 7.235412746658778 24.73556566020828
2409 8424.063482516802 3144.915012740236 214.7669684298038 52.834660710357305 8423 8428 3142 3148 35.0 1.65280875291998 0.8915668437586396 19.585400165348975 0.8420334640709473 -0.10291198026294923 0.05845950084958609 0.0 -0.5936936710933236 1.58215 -0.6721518002125727 2.010483038390499 1.4 -0.540389641324594 3.3377905890622728 -3.4538359381148047 3.2362855749296107 nan
2410 791.3176599934714 3154.6629113585286 214.83497615758213 52.88323740683146 778 806 3145 3164 440.0 5.274479157649544 3.2382985712382357 -12.318039582167806 0.7893401841695405 0.042320679676710396 4.684293010266636 0.0 344.5190143067009 6.160887 404.5437799100271 9.91147346698919 1.9001630911000944 0.519619871110523 11.834540545406394 457.1549521016048 15.657476801418268 24.74984142850893
2411 1457.967337911967 3148.1433770954864 214.82908993347047 52.87896568056358 1456 1460 3146 3150 21.0 1.4968388167663826 1.001534331996432 44.510465989417824 0.7431726953803526 0.5116920876742473 1.0564946041686936 0.0 17.426673474134844 1.4392031 39.710044607246736 3.890717246195806 2.4653172493838524 0.10387354941055178 2.5854414729132054 34.37199781762435 6.225824580073927 27.55948806113537
2412 2718.4140476048474 3153.7736726409807 214.81777482047102 52.870985027913655 2711 2727 3147 3161 184.0 3.2413752666694187 2.434429590446407 -37.11050470675438 0.6602471925387726 -0.013287765773781518 1.5366336189683438 0.0 67.0134800083554 3.8957522 89.28497933579219 7.573497461377332 2.135842613935676 0.47877460456192245 7.653039857325812 112.47318447635217 12.080902884714218 26.27237752103981
2413 2424.4732826761697 3150.6751679022586 214.82043197574103 52.87283661853487 2421 2427 3148 3154 42.0 1.568901640981933 1.4864276052536962 -17.053729274148914 0.3199572199605474 0.01893023321348796 0.4152714977175999 0.0 7.597333851607224 1.8975958 12.94981565946019 4.64710869464001 2.4093491605111934 0.32529528375899486 3.656366395715726 15.866517813680364 7.389719032481199 28.398795940869846
2414 1124.2757328179514 3150.298174116064 214.83204781305926 52.8810979545885 1122 1126 3149 3152 15.0 1.2492607881998 0.8926488922772247 32.53242822604321 0.6995928809493989 0.16791574007366813 0.3104755578635138 0.0 3.5143226604518367 1.0537175 35.771435032685815 4.731424160630781 3.633341697546255 0.11201311655831694 2.1850968611841584 61.67799156478649 7.5846174555145565 26.924674441905232
2415 931.547075109216 3173.529004441276 214.83352477781025 52.88244796924241 899 965 3150 3198 2400.0 8.675820244573824 6.721083372099772 -9.212056806687613 0.6323394875386924 0.08402630959536914 60.71225165138268 0.0 5920.928567772691 15.562307 5883.977202715712 15.166541088180537 1.4 0.6989055803851832 27.63953195770684 6215.573682160025 22.33843162635708 21.916296952150255
2416 768.7885746132291 3152.398072961603 214.83520127093797 52.88336836550285 768 770 3152 3153 5.0 0.7464924786025039 0.4548755376744392 -17.788774072034975 0.7929010107797845 0.36815907523541536 0.450135678507667 0.0 2.0577478245373926 0.6183884 16.59001079252385 2.603736763407417 3.6660234041159794 0.05279732651549096 1.2615662610100802 27.609417208278636 4.190880698036464 27.79735690135729
2417 3774.758911563778 3160.1103892633537 214.8082781095098 52.86430455771713 3770 3778 3155 3165 76.0 2.6409350502306457 1.783153446103935 -86.35337816830156 0.7376367512330416 0.09009676014992675 0.7248216938110098 0.0 30.293006529220246 2.4571915 73.19363729318391 7.473199360447714 2.771117252556751 0.24448784830802753 4.918490759365935 88.84515376894026 12.127146947583329 26.528415641616547
2418 338.91417755908793 3162.0345720387418 214.8389403027508 52.88615201993346 337 341 3160 3164 23.0 1.3060934143324077 1.138893525645923 44.139236459214395 0.4895330572055297 0.1317840843657579 0.5326757792273138 0.0 7.521634410632948 1.3605154 14.535257564499153 3.7109568769341297 2.4849822340476577 0.18809931351339856 2.7057581899030048 18.488392470617395 5.987955426212418 28.23275212062701
