outputs/dr0.5_c0.1/nircam2_matched_f277w_f140w_dr0.5_c0.1.ecsv
# %ECSV 1.0
# ---
# datatype:
# - {name: label, datatype: int64}
# - {name: xcentroid, datatype: float64}
# - {name: ycentroid, datatype: float64}
# - {name: sky_centroid.ra, unit: deg, datatype: float64}
# - {name: sky_centroid.dec, unit: deg, datatype: float64}
# - {name: bbox_xmin, datatype: int64}
# - {name: bbox_xmax, datatype: int64}
# - {name: bbox_ymin, datatype: int64}
# - {name: bbox_ymax, datatype: int64}
# - {name: area, unit: pix2, datatype: float64}
# - {name: semimajor_sigma, unit: pix, datatype: float64}
# - {name: semiminor_sigma, unit: pix, datatype: float64}
# - {name: orientation, unit: deg, datatype: float64}
# - {name: eccentricity, datatype: float64}
# - {name: min_value, datatype: float64}
# - {name: max_value, datatype: float64}
# - {name: local_background, datatype: float64}
# - {name: segment_flux, datatype: float64}
# - {name: segment_fluxerr, datatype: float32}
# - {name: kron_flux, datatype: float64}
# - {name: kron_fluxerr, datatype: float64}
# - {name: kron_radius, unit: pix, datatype: float64}
# - {name: gini, datatype: float64}
# - {name: equivalent_radius, unit: pix, datatype: float64}
# - {name: kron4_2_flux, datatype: float64}
# - {name: kron4_2_fluxerr, datatype: float64}
# - {name: kron4_2_mag, datatype: float64}
# meta:
#   PHOTMJSR: 2.962800025939941
#   PIXAR_SR: 2.11539874851881e-14
#   __serialized_columns__:
#     area:
#       __class__: astropy.units.quantity.Quantity
#       unit: !astropy.units.Unit {unit: pix2}
#       value: !astropy.table.SerializedColumn {name: area}
#     eccentricity:
#       __class__: astropy.units.quantity.Quantity
#       unit: !astropy.units.Unit {unit: ''}
#       value: !astropy.table.SerializedColumn {name: eccentricity}
#     equivalent_radius:
#       __class__: astropy.units.quantity.Quantity
#       unit: !astropy.units.Unit {unit: pix}
#       value: !astropy.table.SerializedColumn {name: equivalent_radius}
#     kron_radius:
#       __class__: astropy.units.quantity.Quantity
#       unit: !astropy.units.Unit {unit: pix}
#       value: !astropy.table.SerializedColumn {name: kron_radius}
#     orientation:
#       __class__: astropy.units.quantity.Quantity
#       unit: &id001 !astropy.units.Unit {unit: deg}
#       value: !astropy.table.SerializedColumn {name: orientation}
#     semimajor_sigma:
#       __class__: astropy.units.quantity.Quantity
#       unit: !astropy.units.Unit {unit: pix}
#       value: !astropy.table.SerializedColumn {name: semimajor_sigma}
#     semiminor_sigma:
#       __class__: astropy.units.quantity.Quantity
#       unit: !astropy.units.Unit {unit: pix}
#       value: !astropy.table.SerializedColumn {name: semiminor_sigma}
#     sky_centroid:
#       __class__: astropy.coordinates.sky_coordinate.SkyCoord
#       dec: !astropy.table.SerializedColumn
#         __class__: astropy.coordinates.angles.Latitude
#         unit: *id001
#         value: !astropy.table.SerializedColumn {name: sky_centroid.dec}
#       frame: icrs
#       ra: !astropy.table.SerializedColumn
#         __class__: astropy.coordinates.angles.Longitude
#         unit: *id001
#         value: !astropy.table.SerializedColumn {name: sky_centroid.ra}
#         wrap_angle: !astropy.coordinates.Angle
#           unit: *id001
#           value: 360.0
#       representation_type: spherical
#   astropy version: '5.1'
#   kernelfile: kernel_f277w_f140w.fits
#   make_catalog parameters:
#     ab_zpt: 31.4
#     coadd_bands: !!python/tuple [f277w, f356w]
#     deblend_contrast: 0.001
#     deblend_nlevels: 32
#     deblend_npixels: 1
#     detect_kernel_fwhm: 4.0
#     detect_kernel_npix: 7
#     detect_npixels: 4
#     detect_threshold_nsigma: 3.0
#     flag_isolated_buffer: 4
#     hst_bands: !!python/tuple [f606w, f814w, f125w, f140w, f160w]
#     jwst_bands: !!python/tuple [f115w, f150w, f200w, f277w, f356w, f410m, f444w]
#     near_border_kernelsize: 21
#     reference_band: f200w
#   make_catalog version: 1.4.0
#   photutils version: 1.5.0
# schema: astropy-2.0
label xcentroid ycentroid sky_centroid.ra sky_centroid.dec bbox_xmin bbox_xmax bbox_ymin bbox_ymax area semimajor_sigma semiminor_sigma orientation eccentricity min_value max_value local_background segment_flux segment_fluxerr kron_flux kron_fluxerr kron_radius gini equivalent_radius kron4_2_flux kron4_2_fluxerr kron4_2_mag
[from data line 4184]
4185 7883.322072496466 2760.434836349547 214.88422884177567 52.890802628447396 7877 7890 2755 2765 105.0 3.11187192978893 2.5664872216425514 17.16789051578282 0.5655111759802994 0.32565915917938915 0.6139450473206872 0.0 50.00562132354764 8.745884 349.2098691794473 33.86028337539741 3.5048226827459 0.09895803970438122 5.781222885281108 598.0653280885347 56.49612744675859 24.458128436020786
4186 7868.077000207883 2764.00386083221 214.88432759634298 52.89091870700386 7858 7877 2755 2773 224.0 4.433314695890928 3.9907808756677157 -10.942440738528576 0.4355182070010821 0.23025785554362616 0.8118089543039315 0.0 115.96112282248245 12.07082 516.8882161595274 47.68406974593012 3.154359489759271 0.17544862022083377 8.444016491289505 798.4198960018659 77.33874890679847 24.144421623264133
4187 7921.724683560794 2772.714979192797 214.88375617140363 52.89062498128136 7902 7937 2752 2792 722.0 8.90356405758383 5.616109476240996 61.924077426719315 0.7759690846679933 0.29806242170256 2.3021982485613637 0.0 582.5552891557804 21.923918 1218.9285776350018 66.27965726681632 2.550638645380676 0.2852114904254599 15.159806655254442 1491.929819165469 107.21840194539561 23.46562901431996
4188 7872.858971393714 2781.5230947788377 214.88410041502271 52.89098285492568 7850 7897 2755 2804 872.0 10.266214242308685 4.764046837183409 -42.45682680498305 0.8858084910376895 0.29910743753319996 6.020943578629875 0.0 1197.949082755036 24.134533 1924.3086412642183 53.79202417380939 2.266698901318122 0.4524207797713423 16.66031874701878 2367.630255206941 90.22085495585603 22.964215297378235
4189 7890.415725012669 2795.6083568589047 214.88379514741712 52.89094734127962 7858 7920 2753 2825 2398.0 9.553922932128373 9.069273017553353 -38.00712011732929 0.3144556794480337 0.28276979093641214 34.95866550888006 0.0 9581.886313785282 39.6742 10479.04170095301 48.37155631491131 1.5758605677576025 0.6008078379720433 27.628013085792652 11354.495287928314 81.32932225360541 21.262080413967116
4190 7917.325619904997 2794.1419762622336 214.8835699522294 52.89076852109496 7909 7930 2783 2805 306.0 4.765159902471558 3.8830121728585207 42.683991676295776 0.5796359894390172 0.36517773474161525 4.148045393468507 0.0 538.843515361285 14.268648 734.0062271624479 24.907248360118633 2.075704394590293 0.3348497586965363 9.869286963719311 948.6440437478637 43.0561440875835 23.957241789362655
4191 7916.654884230955 2816.5940141813317 214.88333960241386 52.890893911501934 7903 7927 2805 2828 347.0 6.227610640977381 3.7085016654065868 -46.04882717518403 0.8033601246605303 0.2598487227596887 1.5695438621111497 0.0 271.4585562114688 15.049456 537.7103449382705 43.870053827431 2.508540783656148 0.26732728846217213 10.509687459947386 734.9608752557883 70.49094723984035 24.234339448591463
4192 10160.147009936076 2765.096103001452 214.86382677064577 52.87636564758443 10153 10169 2756 2781 295.0 4.965794894094919 3.486048712398117 -67.991107770872 0.7121648957972857 0.2170394910828315 1.9090378694493908 0.0 203.3266888289553 22.783436 316.70728371845905 53.608434737452484 2.2261577223439533 0.3322915550792279 9.690274321412074 395.01427328673867 85.81082610091384 24.90846802867008
4193 10119.503486348363 2767.8463330722766 214.86416102435027 52.87663867415225 10111 10129 2762 2773 168.0 4.114127854456631 2.850534992580956 -3.784371017143567 0.7210673756661069 0.26492921541972486 0.7490913631625333 0.0 87.4654413534343 16.814684 199.91632662255967 52.41705945196407 2.606651210452569 0.14708610882312212 7.312732791431452 305.5389718620034 82.85521757271334 25.18733346776672
4194 10128.341928295955 2788.272877285393 214.86386703635986 52.87669269444619 10107 10152 2769 2805 1227.0 8.90436415660191 7.115490807135971 35.93761420395191 0.6011961270469098 0.19984572322205985 3.9291470583907846 0.0 1166.8214118367807 45.38293 1500.0497530146304 86.10361481679418 1.9273642846446288 0.4021171769694381 19.762748552453708 1694.7471801942374 140.5378576060683 23.327237700047405
4195 10131.504531092072 2809.359581185457 214.86361681976362 52.87678633118968 10117 10143 2803 2817 282.0 5.8234637698365 3.205686689351345 2.157962711572637 0.8348498964348173 0.2619744029113298 1.3688800234353593 0.0 198.6712014066752 21.531675 383.41915357458583 61.39275949947676 2.461184039593435 0.24778194652195215 9.474354220939228 531.3205262578219 98.20042521129311 24.58660851467554
4196 9443.64668812819 2771.277798019118 214.87016518239622 52.8809504946016 9439 9448 2768 2775 49.0 2.2903051488975312 1.6307597667047184 -29.725857611512048 0.7021517922613314 0.19419300164188227 0.3187234308239051 0.0 13.246007724852182 8.959883 76.2826704860978 37.07870586119092 3.3335974807244013 0.062240764552632374 3.949327084834294 147.03636852052986 60.46605340764537 25.98143807989373
4197 9436.880187473575 2775.7576290521138 214.87017850721085 52.88101764036033 9433 9441 2773 2779 41.0 2.1089544993700904 1.4623511293167588 -30.20148140094512 0.7205519222083735 0.200871163517915 0.32084428273827587 0.0 10.99175066223124 8.095675 67.40269359276473 34.46496548341854 3.3807747133452772 0.07413682335511955 3.6125759969217834 141.8992272346919 55.87156223890913 26.020049924122752
4198 3508.9154735123084 2776.8582076416037 214.92319772990032 52.91866719150064 3506 3512 2773 2780 35.0 1.7484517748795738 1.5431471228972686 -61.559632795646486 0.47016380334905344 0.18674572824006366 0.3166788120893824 0.0 9.055093276211968 7.7624784 56.36399842153647 32.65553026423751 3.377512266243115 0.07664537258032102 3.3377905890622728 77.65256664852485 52.78784695840246 26.6746104624313
4199 3516.7168888607935 2793.204362183196 214.92295577686684 52.91870591257932 3509 3524 2778 2809 295.0 7.1616555111326825 2.5969617725655705 68.33565352921369 0.9319369654840781 0.2070585812605105 0.9885141979734716 0.0 149.4796623951814 23.425554 247.1489027154629 55.1330448433721 2.144427799960958 0.21853845630345584 9.690274321412074 270.1188288677113 88.49753330826967 25.3211128547078
4200 524.6498157307317 2788.562638625383 214.94980617396655 52.937672027070526 504 542 2775 2804 850.0 6.757567570945849 4.957618443559914 11.514687130055174 0.6795388840855633 0.2145327630612041 7.388621467880951 0.0 1266.6429905507555 39.251213 1411.763590778949 60.62763529814956 1.7443461783920622 0.5148170258546824 16.448811606198852 1591.9024694059945 98.67795493478829 23.395208858920974
4201 503.1972411284309 2800.307106510618 214.94987475268422 52.93787159957171 500 506 2796 2804 40.0 2.0385260944972314 1.553184489866162 -73.69833493690045 0.6476765199770378 0.207935143437212 0.27475437243661527 0.0 9.701951446587074 8.347378 122.51186188215846 37.8663388030858 3.7957792203717453 0.04951861395141702 3.5682482323055424 215.13570003069975 56.787720661596175 25.56821878993259
4202 462.2421491546573 2812.4228174313116 214.95011419620215 52.938196942876175 429 493 2785 2840 2653.0 7.986270827839252 7.284299437639308 -50.911467816169136 0.40996171400047393 0.149347243349519 41.49857893588326 0.0 8412.268593695368 70.368286 8315.87879019809 64.69767644844495 1.4 0.7277756904516411 29.059871438903453 8771.921043086077 103.25938731087211 21.542263215259414
4203 490.5008642798745 2799.635263817006 214.94999560594997 52.93794854411517 486 494 2795 2806 75.0 2.7731343543660305 2.1425551675676893 77.40341567811717 0.6348792416906013 0.20535428264133365 0.3033251792834301 0.0 18.69452534468409 11.795141 187.22882148245378 50.55306603590558 3.6011505371650503 0.061002800336357764 4.886025119029199 358.46103311268257 77.78543223209257 25.013895119683113
4204 1693.846337910802 2801.1013186591736 214.93919824459263 52.93031936311697 1684 1702 2791 2814 301.0 5.1700844254156255 3.9895567650502914 81.45858616374524 0.636033044135093 0.2378842215704695 0.6940029973867962 0.0 122.0146721103432 23.291924 365.36695318141403 79.39825099790446 2.9162605204742613 0.160928408376248 9.788323438736636 534.3985055742386 126.32294997975748 24.580336912548383
4205 1650.6131613841553 2835.2881191422584 214.93922557712057 52.9307783709993 1615 1694 2786 2893 5446.0 17.206566482782016 10.905066376762154 -76.70505642506447 0.773518657069216 0.20725973339563403 32.28306761784242 0.0 20943.94760521106 98.265656 22268.388964647165 114.94750029047546 1.4285570845341302 0.6090332489010529 41.63550936588772 23153.25672950185 182.856701951138 20.488469781574686
4206 1625.4290257466964 2833.0191925540903 214.93947508022165 52.93092596127766 1597 1637 2803 2854 1248.0 9.306501308532496 6.779730931806904 68.57130510919063 0.6850521170764011 0.2411398444532939 11.300579176096068 0.0 3606.1799436368665 47.03702 4293.197686084365 68.47702610263926 1.691747474320029 0.5372393500019973 19.931149940667517 4743.143179229219 114.60711208353204 22.2098344132224
4207 1617.229919867216 2862.775567583252 214.93923521056107 52.9311386852387 1595 1632 2840 2888 1086.0 10.244888969580465 6.438156545778321 49.05100866887427 0.7778692199040096 0.2216384372615288 3.492814671732618 0.0 1166.3419521619853 44.531097 1912.6432609857347 107.88037307976086 2.2639266225356836 0.42275028986404184 18.592593589803354 2315.956262163902 173.79400287653579 22.988174116765897
4208 8291.53920890677 2802.5717508921034 214.88013515014813 52.888437258976005 8279 8304 2793 2813 364.0 5.276910011890684 4.316944041393964 -20.403295246919843 0.5751018765192184 0.2545300174700614 1.3059020971994395 0.0 228.77491413885602 17.942362 360.2662126052565 42.223271148071895 2.107873113109988 0.2504559088786931 10.764051215546116 381.9848863199569 67.83566853515683 24.94488455029726
4209 8280.300505421088 2799.337158241655 214.88026968596486 52.88849119072913 8275 8286 2794 2806 95.0 3.4718973049243953 1.9329508580792043 -50.47646392012858 0.8306855041321751 0.2687960553349105 0.8423820977813826 0.0 48.165250808440355 9.016319 122.33598809079703 29.88191381470323 2.734901729936321 0.18509652216303402 5.499039842323396 149.76763359388235 47.69736903833459 25.96145508058258
4210 388.2595222270467 2813.58543721273 214.95076496401074 52.938672724262 376 402 2796 2830 575.0 7.069203283618217 4.703604660555558 79.6614811042992 0.7465176640987029 0.2243579199485885 2.414912246883026 0.0 530.3296427985127 33.172947 803.2263943489301 76.479991148683 2.169084512325351 0.3610025121864643 13.528790949515026 974.8497633024165 121.72927698827674 23.92765577356436
4211 394.51168919754303 2827.519371074611 214.9505622088805 52.93870830464484 385 404 2815 2838 274.0 4.821407806136863 3.362734114530229 -55.312137799042254 0.7166247186977719 0.2545106617031144 2.1861090047101306 0.0 246.99297361122763 22.302362 421.94207116863095 58.85289056303306 2.4035498868135585 0.35259466088782754 9.338999347593866 580.3268073795472 93.88646759471732 24.49081841837539
4212 7312.064654311898 2821.0651657526987 214.88869930307695 52.89475777459677 7301 7322 2807 2831 375.0 5.538770093503467 4.006375595983654 78.02327120839041 0.6904992864309626 0.2191504136280331 2.057144848555397 0.0 351.9224051714325 20.910334 566.5012178823872 49.532545287915944 2.290132344179433 0.3133384265064064 10.925484305920792 752.9370542324684 78.43354463295297 24.208103323582435
4213 7313.017998585589 2851.499312842389 214.8883703929055 52.894915928285336 7293 7334 2822 2880 1485.0 9.943163055917518 6.596190810790639 83.57124278933657 0.7482741869408721 0.2119285604400749 8.768336466194853 0.0 2895.8254085575054 41.73392 3300.9753950912836 61.241104432971945 1.7332002230754016 0.4977218079332911 21.741439257393452 3624.816398207623 100.7068152077662 22.501784965328785
4214 7319.776444338797 2877.6419128987663 214.88803473982716 52.89501405891469 7304 7335 2857 2898 789.0 7.2858962259545486 4.935257958637933 -76.64028106011254 0.7356411784011854 0.20524645952117881 5.997179938186179 0.0 1298.1444869440193 28.44546 1534.0432230572983 47.79111291175064 1.77629700503526 0.4880369663598648 15.847602348589229 1724.1298161211337 76.87448277672478 23.308575094099396
4215 2090.9669762194376 2816.784213813386 214.93547576444328 52.92788348194257 2084 2098 2808 2826 204.0 4.480170656214547 3.3007095012108407 86.96827988409012 0.6761789193371323 0.20945042685530968 0.5202085021891603 0.0 73.26863835707394 19.425653 178.57166436590083 61.001959681927744 2.6312891762934534 0.12091638397278674 8.058239062071396 262.99593291152223 100.6662724362451 25.350127418963254
4216 2080.682884691493 2814.4727498504553 214.93559222067523 52.92793627640356 2077 2084 2812 2817 39.0 2.0606180811480583 1.5014109293915592 24.51204824991159 0.6849164205309362 0.19597981753827126 0.2817739103702423 0.0 9.585754868675878 8.23608 73.51735415431152 36.850441023101666 3.4781760617910504 0.05917903906045386 3.523362819972964 122.47247515951685 58.70369453458755 26.179903762524397
4217 2080.489207812518 2839.193522154825 214.93533366264197 52.928070989580284 2062 2100 2822 2859 1070.0 7.405237382102472 6.336233777449995 -19.28687862776941 0.5175677595840676 0.2140597558069272 5.0845076800479685 0.0 1095.195774660547 43.97657 1380.8151933325528 79.7830736059289 1.9512458408877253 0.4553204536715171 18.455123359562137 1555.6840706436167 128.43141476770876 23.420196488011047
4218 3008.3884281700803 2846.418414096693 214.92694720221863 52.92222009101717 2993 3026 2824 2868 921.0 8.215282577347558 5.601150832598859 -79.73838735727963 0.7315418956293271 0.208652085665624 4.1913250991838495 0.0 1058.41816945701 39.91371 1270.0464646862952 69.56985331529815 1.7544112257903663 0.4308930588698149 17.12201521945566 1378.743453806493 111.81505095720841 23.55129134137932
4219 3021.418592195619 2850.370917680068 214.9267889026164 52.92215871609017 3014 3034 2837 2861 326.0 5.2383032824438915 3.692287410067815 -42.220403460014516 0.7093432290387728 0.21989950913655065 2.6401346265973102 0.0 282.80676979783556 23.764515 513.7427415797632 60.755008805047865 2.383707899272241 0.4139974493152068 10.186708148166206 631.0915609191306 98.21616295536732 24.399769068144735
4220 8764.308932951848 2854.449578950962 214.8753622711584 52.88571427244843 8749 8777 2835 2877 792.0 8.122765691907235 4.581896223362715 71.2498079237273 0.8257195913981363 0.24400129992821862 4.831083241033786 0.0 995.0879315126268 26.47503 1191.1196071237068 46.701343666755854 1.814067081412106 0.4234612940191996 15.877702285203682 1315.2158580710989 75.35621047565253 23.602507408285813
4221 8724.48818925144 2856.186216440036 214.87569998346734 52.885976572695355 8711 8741 2844 2870 404.0 7.443782827850736 3.134969810208302 -43.14182820808303 0.9069897123596741 0.303110150286794 3.4647416155576183 0.0 524.66876966025 18.82498 811.9730201188866 45.94997734664548 2.2685211937032346 0.37757989740612835 11.340070282773887 1071.070950778538 72.89214847558965 23.82545439829152
4222 8736.27550577837 2867.4152428358884 214.87547640253982 52.88596227608481 8711 8759 2845 2888 1338.0 8.577430611992245 7.427879292200156 -31.143868469507552 0.5000794549365496 0.2610444669122303 7.924183931828214 0.0 2320.4856356915716 34.202576 2980.4198402983293 63.86070808111827 1.924266364396275 0.46433834751658537 20.637311542783667 3373.607738000434 102.8705344480488 22.579763539641036
4223 8771.141802979017 2878.638991497252 214.8750465548885 52.88580135756646 8765 8777 2875 2884 93.0 2.857124713351484 2.3985575652068016 -3.869149315897871 0.5433589475520084 0.2216615464658545 0.4843657816843556 0.0 33.63399145389672 9.259903 105.28043079297348 32.26635409221872 2.8909889497860024 0.11816835702305183 5.440847306724618 142.6681487882913 51.67431745987342 26.014182434933872
