outputs/dr0.5_c0.1/nircam6_matched_f277w_f140w_dr0.5_c0.1.ecsv
# %ECSV 1.0
# ---
# datatype:
# - {name: label, datatype: int64}
# - {name: xcentroid, datatype: float64}
# - {name: ycentroid, datatype: float64}
# - {name: sky_centroid.ra, unit: deg, datatype: float64}
# - {name: sky_centroid.dec, unit: deg, datatype: float64}
# - {name: bbox_xmin, datatype: int64}
# - {name: bbox_xmax, datatype: int64}
# - {name: bbox_ymin, datatype: int64}
# - {name: bbox_ymax, datatype: int64}
# - {name: area, unit: pix2, datatype: float64}
# - {name: semimajor_sigma, unit: pix, datatype: float64}
# - {name: semiminor_sigma, unit: pix, datatype: float64}
# - {name: orientation, unit: deg, datatype: float64}
# - {name: eccentricity, datatype: float64}
# - {name: min_value, datatype: float64}
# - {name: max_value, datatype: float64}
# - {name: local_background, datatype: float64}
# - {name: segment_flux, datatype: float64}
# - {name: segment_fluxerr, datatype: float32}
# - {name: kron_flux, datatype: float64}
# - {name: kron_fluxerr, datatype: float64}
# - {name: kron_radius, unit: pix, datatype: float64}
# - {name: gini, datatype: float64}
# - {name: equivalent_radius, unit: pix, datatype: float64}
# - {name: kron4_2_flux, datatype: float64}
# - {name: kron4_2_fluxerr, datatype: float64}
# - {name: kron4_2_mag, datatype: float64}
# meta:
#   PHOTMJSR: 2.962800025939941
#   PIXAR_SR: 2.11539874851881e-14
#   __serialized_columns__:
#     area:
#       __class__: astropy.units.quantity.Quantity
#       unit: !astropy.units.Unit {unit: pix2}
#       value: !astropy.table.SerializedColumn {name: area}
#     eccentricity:
#       __class__: astropy.units.quantity.Quantity
#       unit: !astropy.units.Unit {unit: ''}
#       value: !astropy.table.SerializedColumn {name: eccentricity}
#     equivalent_radius:
#       __class__: astropy.units.quantity.Quantity
#       unit: !astropy.units.Unit {unit: pix}
#       value: !astropy.table.SerializedColumn {name: equivalent_radius}
#     kron_radius:
#       __class__: astropy.units.quantity.Quantity
#       unit: !astropy.units.Unit {unit: pix}
#       value: !astropy.table.SerializedColumn {name: kron_radius}
#     orientation:
#       __class__: astropy.units.quantity.Quantity
#       unit: &id001 !astropy.units.Unit {unit: deg}
#       value: !astropy.table.SerializedColumn {name: orientation}
#     semimajor_sigma:
#       __class__: astropy.units.quantity.Quantity
#       unit: !astropy.units.Unit {unit: pix}
#       value: !astropy.table.SerializedColumn {name: semimajor_sigma}
#     semiminor_sigma:
#       __class__: astropy.units.quantity.Quantity
#       unit: !astropy.units.Unit {unit: pix}
#       value: !astropy.table.SerializedColumn {name: semiminor_sigma}
#     sky_centroid:
#       __class__: astropy.coordinates.sky_coordinate.SkyCoord
#       dec: !astropy.table.SerializedColumn
#         __class__: astropy.coordinates.angles.Latitude
#         unit: *id001
#         value: !astropy.table.SerializedColumn {name: sky_centroid.dec}
#       frame: icrs
#       ra: !astropy.table.SerializedColumn
#         __class__: astropy.coordinates.angles.Longitude
#         unit: *id001
#         value: !astropy.table.SerializedColumn {name: sky_centroid.ra}
#         wrap_angle: !astropy.coordinates.Angle
#           unit: *id001
#           value: 360.0
#       representation_type: spherical
#   astropy version: '5.1'
#   kernelfile: kernel_f277w_f140w.fits
#   make_catalog parameters:
#     ab_zpt: 31.4
#     coadd_bands: !!python/tuple [f277w, f356w]
#     deblend_contrast: 0.001
#     deblend_nlevels: 32
#     deblend_npixels: 1
#     detect_kernel_fwhm: 4.0
#     detect_kernel_npix: 7
#     detect_npixels: 4
#     detect_threshold_nsigma: 3.0
#     flag_isolated_buffer: 4
#     hst_bands: !!python/tuple [f606w, f814w, f125w, f140w, f160w]
#     jwst_bands: !!python/tuple [f115w, f150w, f200w, f277w, f356w, f410m, f444w]
#     near_border_kernelsize: 21
#     reference_band: f200w
#   make_catalog version: 1.4.0
#   photutils version: 1.5.0
# schema: astropy-2.0
label xcentroid ycentroid sky_centroid.ra sky_centroid.dec bbox_xmin bbox_xmax bbox_ymin bbox_ymax area semimajor_sigma semiminor_sigma orientation eccentricity min_value max_value local_background segment_flux segment_fluxerr kron_flux kron_fluxerr kron_radius gini equivalent_radius kron4_2_flux kron4_2_fluxerr kron4_2_mag
[from data line 1331]
1332 9810.683561517018 1771.8772873688085 214.82124807444413 52.800053301396545 9786 9829 1754 1791 1096.0 7.6758986921490475 6.8178730253211075 34.043590559781286 0.4594218157098572 0.20150097388480184 4.170280212476036 0.0 1131.3715693634076 42.337467 1330.0827071287954 70.57759704768944 1.7385343305152074 0.4108307057149482 18.677998695187732 1435.8079875922604 112.7236216540319 23.50725908739448
1333 6597.176220309858 1766.7615260629457 214.84996155228254 52.820446836418185 6589 6607 1755 1777 341.0 4.733431701930697 3.8366668015767917 -76.3380592678691 0.5856741992851313 0.2958299486510834 2.7086899406869174 0.0 349.57842707926443 24.12836 448.49605478829363 48.14223217380264 1.914572021782084 0.3363975148163761 10.418429401242426 494.52732297377634 76.902725335642 24.664524270839774
1334 4312.304108067773 1758.6521187660342 214.8704408628778 52.83491873377928 4309 4317 1756 1762 45.0 2.4420463228358504 1.4118275039364503 -35.10390578713821 0.8159425617387988 0.16730868702580232 0.2688674891494498 0.0 9.946031259154166 6406285600000.0 39.92403212820647 23909024003134.863 3.042839997187207 0.06851589081075304 3.7846987830302403 47.39703269024356 38254438405015.79 27.210622116626592
1335 624.3008958272552 1765.5217801071537 214.90331532912575 52.85837803125941 614 635 1757 1773 276.0 4.713968818077326 3.358706975248083 -24.884725216156344 0.7016712069591523 0.25460402816692346 1.6058555037123778 0.0 195.58473092168583 17.190619 307.9098480542982 42.12509591017611 2.2903671537406716 0.28271970405001107 9.373021315815206 468.16007852844234 67.7699567234124 24.724014056767242
1336 3878.8780022218366 1760.5466590579958 214.87429110423037 52.83768208272583 3876 3882 1757 1764 39.0 1.9069508482415916 1.6243692233335996 82.52213998422636 0.523842826751459 0.16050996456570957 0.2303376467908534 0.0 7.961230068133472 5963927500000.0 145.64684676800655 27816937544483.52 3.883399206748401 0.051853601652636375 3.523362819972964 268.3497386923 40301645130477.48 25.328247058186143
1337 8845.75331866787 1758.6302790529655 214.82999024853703 52.80611453590621 8845 8847 1757 1760 8.0 1.0210892246041086 0.5991084377637756 -70.71699423157385 0.8097792539990706 0.19720000890947648 0.21420245880435757 0.0 1.6400160414245057 3.788056 18.52045527453351 17.559367256925647 3.8063239033981144 0.01687473932610008 1.5957691216057308 29.464250834240097 27.596691633070964 27.726761492284275
1338 2101.6479503015844 1762.9677168746143 214.89014007310385 52.848982822679574 2099 2104 1759 1767 42.0 2.146191744382639 1.4364122052411872 69.77494988826851 0.7430065085568388 0.1780660281697038 0.3062002301827199 0.0 10.23352347220457 7.0049753 34.409217584233915 23.80169344021127 2.9127372081656686 0.08344812256249581 3.656366395715726 36.97433207629915 37.792980602185736 27.480249156458008
1339 1377.8603575407337 1765.634960549744 214.8965793432692 52.853593583104356 1375 1381 1761 1770 51.0 2.4083489177233144 1.5856915608424054 76.4060346365826 0.7526556340504071 0.17290044453973133 0.26261538112370875 0.0 11.157014413474156 7.3611517 42.7123869096928 26.705405988419315 3.001847096731279 0.06635355437522357 4.029119531035698 46.31790988378356 43.02561025472185 27.235627616423688
1340 2192.157401996104 1766.5709402309171 214.8892935421093 52.8484274648999 2189 2195 1764 1769 39.0 1.835043589555615 1.5622196110878273 9.995140577899384 0.5246376830636884 0.169325813008069 0.2677392509819674 0.0 8.48372519471902 6.633251 36.13469377767697 25.04414852521628 3.1564568455834325 0.07841595668376217 3.523362819972964 37.818987540170866 40.4151081476902 27.45572525480377
1341 8539.7444753758 1765.5111073091446 214.8326466640935 52.8080963421727 8538 8542 1764 1767 13.0 1.1157900240038492 0.8696879014595429 -40.29721434714939 0.6264807587896436 0.08154877372395863 0.17091900955243608 0.0 1.70809229426398 4.680536 6.583454970122062 17.048664623613696 2.976977787372736 0.12682798521413458 2.0342144725641096 7.576574804725965 27.322033267277437 29.201317711381073
1342 9020.23945406178 1767.7476084002644 214.82833857429884 52.80505477672028 9016 9024 1764 1772 59.0 2.54268662435335 1.679533694881883 45.220440002020034 0.750795190058905 0.20284588464054226 0.36911080208402314 0.0 16.724319687517394 10.65316 56.32278519906694 37.50217495021442 2.940585794502701 0.09428603245466745 4.3336224206596095 69.46918136493217 58.99287851690417 26.79551954721412
1343 2946.970908525798 1767.4320814772432 214.88254157636243 52.8436382922646 2944 2950 1765 1770 35.0 1.724805791596957 1.4664102103797056 -25.835039306745625 0.526478257030975 0.14006471480603155 0.23297325100274316 0.0 6.393093687970071 6.3473535 24.141919091388772 22.92170436706667 3.0566941967593593 0.08879157952324879 3.3377905890622728 37.70695767562562 36.67313097111911 27.458946266306857
1344 2393.673096704833 1770.015417546892 214.88745699266175 52.84716626118209 2391 2396 1767 1773 36.0 1.8079648804250579 1.4958946237974748 86.18303724560394 0.5616257148098804 0.15402760263519494 0.22666241360121636 0.0 7.034995968740357 6.2888875 48.862469006059754 26.354033480778703 3.4147431304772615 0.05405224851029312 3.385137501286538 79.37733794072778 42.28818305162153 26.65075867504349
1345 8857.807323684669 1773.2906743692113 214.82972864165146 52.806116954807024 8852 8863 1768 1779 113.0 2.7232204279642254 2.64902224442216 38.025201298739375 0.23184175279836847 0.2716454555067307 0.9652975026583327 0.0 60.66855499936356 14.443318 128.4066314646987 39.84055422325786 2.5382920178555826 0.20076295849941608 5.997417539138688 206.75480014477415 63.76396368063252 25.611360997036023
1346 1994.467476831693 1775.9377244208254 214.89096129451718 52.84973347060529 1991 1998 1770 1782 70.0 3.301054559653714 1.6402451691295723 -70.61801284522409 0.8678162788244563 0.17222686818425637 0.27484047103390363 0.0 15.559042605961245 9.044532 53.80876650340082 31.024516001643082 2.861386070393831 0.07411217167017312 4.720348719413148 75.16452527500073 49.64552488376391 26.709967702788536
1347 3618.6683905367563 1774.9700326674206 214.87646314760175 52.839412684454764 3616 3622 1771 1779 49.0 2.233838998557197 1.6010799729026457 78.3634894484462 0.6973413236394755 0.16365953393942315 0.27326112303740974 0.0 10.56036914572156 6684949000000.0 35.648779272568895 23628737798371.15 2.95252179649318 0.08388698981658234 3.949327084834294 37.63267255174133 37805980477393.836 27.461087345958298
1348 2335.0569827642616 1776.9634931847513 214.88790759018997 52.8475760122126 2328 2342 1772 1784 128.0 3.6371220879802593 2.466634862403575 32.93653923394966 0.734892940847025 0.20643760744462447 0.5345728123279927 0.0 45.55083176756355 11.796301 128.68430970477164 38.748632171581036 2.7723990223336403 0.13580873864772294 6.383076486422923 170.18274541594195 61.77462899663305 25.822711186282397
1349 9615.443132858047 1808.203354180867 214.82260667642248 52.801489994730055 9578 9650 1772 1851 4166.0 15.843116210155095 10.39124262433571 -51.37470267056635 0.7548619038208392 0.25796401609108505 12.396888264665982 0.0 6913.191116280482 63.21153 7426.703236890842 85.43376145889181 1.505979459865137 0.5195231101470019 36.41536744070657 7763.834358079713 143.0116389834856 21.674809347215927
1350 3120.679008249196 1777.2336852323417 214.88088694774584 52.8425878965731 3117 3124 1773 1781 54.0 2.21713763780512 1.7846230503454281 62.10890578762152 0.593380516144835 0.24680552459551433 0.4076721586853626 0.0 17.300879328089426 7.7662706 60.50036312293019 27.715244922557588 2.963882244560507 0.08633980603888787 4.145929793656026 82.49954014155458 44.64601441892291 26.608871180581
1351 241.04970715524675 1778.6682717837996 214.90660287697514 52.86088246082979 236 246 1775 1783 65.0 2.3535231132599717 2.024802101280659 12.006691466554424 0.5097406558882377 0.1780307132828595 0.30154890444647275 0.0 15.465690377858238 8.349811 56.66838199490415 30.48149467500911 3.0276613077554675 0.0829696969647222 4.54864184146723 58.18376746280819 48.94680271168502 26.987995402835207
1352 3154.100717884174 1786.368754237092 214.880492375267 52.842424904431354 3148 3161 1777 1796 155.0 4.362122066849793 2.804724302469258 -63.53886181451128 0.76588930760546 0.17751041851734323 0.5031352916070779 0.0 46.19244834514168 13.277808 142.92205424519867 46.432565302625974 2.7918862504686746 0.15208137272463598 7.024103669400641 228.4795046364805 74.67466601143143 25.502881878728157
1353 6092.834368061391 1778.1672530227922 214.85434205435723 52.8237126925714 6092 6094 1777 1779 6.0 0.7768632361716393 0.5765995700943403 -45.204379538989336 0.6701618083204344 0.14691608168540365 0.15466490128376872 0.0 0.9000903479927364 3.4450321 10.860924318924607 15.227778787535602 3.7239744267976156 0.011678623009689871 1.381976597885342 17.148396274484558 23.980026492754345 28.31444122282982
1354 6130.2009509435675 1780.5366557882257 214.8539836841713 52.82348806535467 6127 6134 1777 1785 44.0 2.26486415744182 1.5675573918158443 -59.908613765090024 0.7217826149519325 0.18686076296055465 0.2505047133710989 0.0 9.748361815221381 8.917386 65.81704809765867 38.79739817556831 3.371271309806588 0.04726205064014903 3.742410318509555 125.56504689777256 61.40423516878741 26.152828092022933
1355 852.1648847057819 1784.835826318702 214.90107556763166 52.857035379464364 849 855 1779 1791 71.0 3.1630116962810666 1.6610166129525723 79.1088650775074 0.8510172857890789 0.16478810653664316 0.2864416363086009 0.0 16.29860201951186 9.015665 62.19000849632996 32.26015835485955 3.0435227152750413 0.0801434446660858 4.753945931439391 77.05732939157934 52.23309028663365 26.68296511647386
1356 1319.3799349642304 1781.7184414683763 214.89693281142607 52.8540517349903 1317 1322 1780 1783 17.0 1.3751514843675137 0.9403384282421046 4.96270407129877 0.7296627788027332 0.18259394552583877 0.24421050953134427 0.0 3.677419415888524 4.456817 28.0176614509062 18.915991605537933 3.5464246126353625 0.04557758462941036 2.326213245840639 34.34157372148108 30.223567706506458 27.560449517339684
1357 8738.300489591762 1786.7783352216318 214.83065248330055 52.80694914574183 8732 8745 1780 1793 149.0 3.445489431691778 2.8367686962897465 40.23529216512892 0.5675655334497557 0.2638089509451687 0.8297249677712318 0.0 70.29067383515496 16.092253 185.0739195703808 52.51008835900758 2.7742502280600725 0.18361431093735958 6.886811529393324 303.8773510348528 87.18919017799571 25.193254170227434
1358 6115.509514077898 1789.5404897014519 214.85402012197878 52.82362995882394 6109 6122 1783 1797 149.0 3.466738551479855 2.908643941798377 -68.00668993486781 0.5441090465707602 0.20171355038998864 0.5537241213504013 0.0 52.301636410137974 16.663109 171.28516553589785 56.86296194633824 2.974793382496174 0.1574562431605645 6.886811529393324 224.45115169915434 90.18226817477779 25.52219540453414
1359 624.4462409657876 1788.6710657366177 214.9030705812947 52.858502040937914 622 627 1785 1792 40.0 2.026303618214092 1.4591741868696462 -66.49893909744364 0.693853420728046 0.19191982420378495 0.2930664218828849 0.0 9.638210686345714 6.552741 57.66093364470898 26.190543108857593 3.2767283011747836 0.06900204504172781 3.5682482323055424 99.71581784128216 41.49884450215573 26.403089861084048
1360 2329.132639451437 1794.369494609059 214.88777747987658 52.84770755034643 2319 2339 1785 1803 301.0 4.925736550204787 3.5847756284059034 -37.09696972020384 0.6858272382539661 0.21306218573666932 1.2477924554848634 0.0 158.01488457481452 18.179998 280.7491624892267 46.693158976962046 2.3802992428753456 0.2713330563774079 9.788323438736636 318.9592182485434 74.50095365869309 25.140662104440462
1361 2531.644578624556 1788.0614419722242 214.88603465974825 52.8463873782084 2529 2534 1786 1790 20.0 1.4805191163124192 1.014870727947885 -34.59946040217644 0.7280886054033257 0.14999900335000355 0.20645524847820332 0.0 3.564442746202503 4.6543245 16.56912272901082 18.514678203667618 3.224422493815034 0.05959835462567954 2.5231325220201604 16.03870922008506 29.61881569792036 28.387076465620787
1362 9162.879285707657 1797.667472895539 214.82675222744987 52.80430951892153 9159 9167 1793 1803 76.0 2.697404942716275 1.964212925017974 56.95969625160303 0.6853794046816276 0.20294443831234113 0.4482621564734062 0.0 24.012882446905184 11.240248 62.6587439669628 36.45241519264028 2.7343153258820125 0.1262275754321801 4.918490759365935 59.45964282177066 58.922412608518094 26.964444259901363
1363 503.09295875478006 1804.1783504518073 214.90399220741836 52.85935628501991 495 513 1794 1815 295.0 5.038524814365946 3.569631101989868 -61.794305265500164 0.7057434342284347 0.2332473949003364 1.2452880130161157 0.0 175.8061381561753 17.696468 289.3488348867129 42.24040742130296 2.187054136807531 0.24491175466667306 9.690274321412074 318.65654568189063 68.43130378136213 25.141692890086226
1364 3321.279046354312 1799.991492034912 214.8788559806318 52.84143656801258 3315 3327 1795 1805 110.0 2.9322154172560517 2.4200825841200047 -16.911467990007957 0.5646321196697036 0.21919016692358076 0.7606458489291336 0.0 48.231657184477356 1654095700000.0 85.35530905882777 13676271469294.682 2.2687129744961063 0.19229734922593705 5.917270272703197 97.2025902089882 24715218285741.074 26.430805405110178
1365 2190.1779447981294 1798.1475162736465 214.88897917358938 52.84861040992185 2188 2192 1796 1800 19.0 1.2863615747369022 1.1123144780064331 -47.251029976485086 0.50229185129169 0.1560433749643946 0.20131174016637662 0.0 3.4222957331924246 4.602798 20.4114521811879 18.770566218061507 3.384000312801731 0.041220648870839795 2.4592453796829674 26.140211866699296 29.734742962244894 27.856727241949365
1366 7668.888386677311 1799.4415806671784 214.84005690262637 52.81381330357754 7666 7672 1796 1803 39.0 2.082824396183514 1.5032998657506331 -79.73748232513755 0.6921431465981693 0.22886629870192027 0.29088884504449836 0.0 10.19381644056543 8.203851 80.44852014981862 36.39283235452259 3.5362406149793446 0.03990886106210424 3.523362819972964 103.14278527049981 58.209739804715234 26.36640286267821
1367 4024.0150535857733 1799.33633434523 214.8725872128738 52.83696942060075 4022 4026 1798 1801 18.0 1.3055562303829222 1.037593991928859 -0.821748852173588 0.6069337431049481 0.17933171878612827 0.22999661836200783 0.0 3.7027517538033243 4051690600000.0 24.205371206409602 16887420481941.39 3.428758034594684 0.03960253896545218 2.393653682408596 31.01406329553575 27019872771106.227 27.6711033277777
1368 1997.3302136139982 1801.2351629428294 214.89066969115706 52.84985178855483 1995 1999 1799 1803 17.0 1.572450708366026 0.8383504623508586 -42.644924466647936 0.8460213855053629 0.1506772628779369 0.19162597055533187 0.0 2.943546590767981 4.2708235 19.98399641904016 18.28259230300301 3.4692770087164804 0.04186828142455509 2.326213245840639 20.59872541063369 29.370857664536693 28.115399129205038
1369 7927.421519428895 1806.8802777686208 214.83767269628925 52.81221055011874 7919 7936 1799 1814 189.0 4.534096641240376 2.823716494681221 -38.84734474720505 0.782401956506889 0.22539432676247914 0.6628278635076738 0.0 81.76499557416369 18.032513 185.70025659120395 53.80459099585919 2.6113983183414664 0.1560027493858006 7.756324418739616 225.38620576101005 86.50912267828754 25.517681668652873
1370 2820.2149682008235 1804.0592071207775 214.8832886557738 52.84464095204437 2816 2825 1801 1807 48.0 2.5433014208833526 1.4169371544560776 19.36449214641575 0.8304285525462872 0.18209463452642485 0.3088615701717974 0.0 11.911666156580857 7.2807827 41.6062097725534 26.627108436994607 2.983572636027167 0.08354580360639087 3.9088200952233594 47.74231884144388 42.701616834977415 27.202741227902827
