outputs/dr0.5_c0.1/nircam6_matched_f150w_f277w_dr0.5_c0.1.ecsv
# %ECSV 1.0
# ---
# datatype:
# - {name: label, datatype: int64}
# - {name: xcentroid, datatype: float64}
# - {name: ycentroid, datatype: float64}
# - {name: sky_centroid.ra, unit: deg, datatype: float64}
# - {name: sky_centroid.dec, unit: deg, datatype: float64}
# - {name: bbox_xmin, datatype: int64}
# - {name: bbox_xmax, datatype: int64}
# - {name: bbox_ymin, datatype: int64}
# - {name: bbox_ymax, datatype: int64}
# - {name: area, unit: pix2, datatype: float64}
# - {name: semimajor_sigma, unit: pix, datatype: float64}
# - {name: semiminor_sigma, unit: pix, datatype: float64}
# - {name: orientation, unit: deg, datatype: float64}
# - {name: eccentricity, datatype: float64}
# - {name: min_value, datatype: float64}
# - {name: max_value, datatype: float64}
# - {name: local_background, datatype: float64}
# - {name: segment_flux, datatype: float64}
# - {name: segment_fluxerr, datatype: float32}
# - {name: kron_flux, datatype: float64}
# - {name: kron_fluxerr, datatype: float64}
# - {name: kron_radius, unit: pix, datatype: float64}
# - {name: gini, datatype: float64}
# - {name: equivalent_radius, unit: pix, datatype: float64}
# - {name: kron4_2_flux, datatype: float64}
# - {name: kron4_2_fluxerr, datatype: float64}
# - {name: kron4_2_mag, datatype: float64}
# meta:
#   PHOTMJSR: 2.251199960708618
#   PIXAR_SR: 2.11539874851881e-14
#   __serialized_columns__:
#     area:
#       __class__: astropy.units.quantity.Quantity
#       unit: !astropy.units.Unit {unit: pix2}
#       value: !astropy.table.SerializedColumn {name: area}
#     eccentricity:
#       __class__: astropy.units.quantity.Quantity
#       unit: !astropy.units.Unit {unit: ''}
#       value: !astropy.table.SerializedColumn {name: eccentricity}
#     equivalent_radius:
#       __class__: astropy.units.quantity.Quantity
#       unit: !astropy.units.Unit {unit: pix}
#       value: !astropy.table.SerializedColumn {name: equivalent_radius}
#     kron_radius:
#       __class__: astropy.units.quantity.Quantity
#       unit: !astropy.units.Unit {unit: pix}
#       value: !astropy.table.SerializedColumn {name: kron_radius}
#     orientation:
#       __class__: astropy.units.quantity.Quantity
#       unit: &id001 !astropy.units.Unit {unit: deg}
#       value: !astropy.table.SerializedColumn {name: orientation}
#     semimajor_sigma:
#       __class__: astropy.units.quantity.Quantity
#       unit: !astropy.units.Unit {unit: pix}
#       value: !astropy.table.SerializedColumn {name: semimajor_sigma}
#     semiminor_sigma:
#       __class__: astropy.units.quantity.Quantity
#       unit: !astropy.units.Unit {unit: pix}
#       value: !astropy.table.SerializedColumn {name: semiminor_sigma}
#     sky_centroid:
#       __class__: astropy.coordinates.sky_coordinate.SkyCoord
#       dec: !astropy.table.SerializedColumn
#         __class__: astropy.coordinates.angles.Latitude
#         unit: *id001
#         value: !astropy.table.SerializedColumn {name: sky_centroid.dec}
#       frame: icrs
#       ra: !astropy.table.SerializedColumn
#         __class__: astropy.coordinates.angles.Longitude
#         unit: *id001
#         value: !astropy.table.SerializedColumn {name: sky_centroid.ra}
#         wrap_angle: !astropy.coordinates.Angle
#           unit: *id001
#           value: 360.0
#       representation_type: spherical
#   astropy version: '5.1'
#   kernelfile: kernel_f150w_f277w.fits
#   make_catalog parameters:
#     ab_zpt: 31.4
#     coadd_bands: !!python/tuple [f277w, f356w]
#     deblend_contrast: 0.001
#     deblend_nlevels: 32
#     deblend_npixels: 1
#     detect_kernel_fwhm: 4.0
#     detect_kernel_npix: 7
#     detect_npixels: 4
#     detect_threshold_nsigma: 3.0
#     flag_isolated_buffer: 4
#     hst_bands: !!python/tuple [f606w, f814w, f125w, f140w, f160w]
#     jwst_bands: !!python/tuple [f115w, f150w, f200w, f277w, f356w, f410m, f444w]
#     near_border_kernelsize: 21
#     reference_band: f200w
#   make_catalog version: 1.4.0
#   photutils version: 1.5.0
# schema: astropy-2.0
label xcentroid ycentroid sky_centroid.ra sky_centroid.dec bbox_xmin bbox_xmax bbox_ymin bbox_ymax area semimajor_sigma semiminor_sigma orientation eccentricity min_value max_value local_background segment_flux segment_fluxerr kron_flux kron_fluxerr kron_radius gini equivalent_radius kron4_2_flux kron4_2_fluxerr kron4_2_mag
[from data line 3612]
3613 3467.033211022358 4310.216430628258 214.85115020426784 52.854049426070084 3464 3470 4307 4313 40.0 1.632294511399315 1.4704325466284145 -42.475076898692485 0.4341558628527001 0.1012648951360563 0.8178923734224312 0.0 16.81815278608705 1.9178648 25.031030699356165 4.211353846730353 1.9892330597468433 0.25530540852616374 3.5682482323055424 26.088397659063542 6.710530664455424 27.858881485767746
3614 4271.833381829388 4325.198381697287 214.84380672885135 52.84901660188006 4264 4282 4307 4340 486.0 6.818492504599609 3.3065969925923935 89.50620694375323 0.8745443954565437 0.04671913810144051 2.7077121477273236 0.0 311.4639264975117 6.3457737 352.3395333353442 9.176218287640555 1.51780618060184 0.4556271917676687 12.437789380968077 359.6986869593245 14.469233779649034 25.01015286880763
3615 3203.614632236742 4318.436756231101 214.85341607052706 52.85576738824306 3198 3209 4313 4324 106.0 2.698351375126206 2.3780736860390355 -43.922569895542985 0.4725457164258939 0.18069455579220192 1.0060221876350137 0.0 47.05091287684554 3.1503253 118.86512162230309 9.287457161457946 2.7906838158795195 0.2559111991384735 5.808687281605183 166.5741195857725 14.713698845424801 25.845981183706538
3616 392.70193612671346 4317.041157141256 214.8785438381912 52.87361615984965 391 395 4315 4319 18.0 1.2118407354010203 1.0706682170095196 56.26403227878709 0.46842037659618524 0.12940285802328252 0.2871359700062407 0.0 3.7134299327307927 1.1941385 8.88340205448784 3.559045621065059 2.5390418240658295 0.14572115900530394 2.393653682408596 1.9579693611097184 5.754948444258127 30.670485271124196
3617 2523.4465752932674 4316.743301851638 214.85950871065833 52.86007950445055 2521 2526 4315 4318 16.0 1.3509259485441711 0.9392571037650195 -4.02547030587646 0.7187494989177101 0.2582521683662696 0.3659202375896089 0.0 5.098932681922479 1.1479872 38.92362881464351 4.8396189876535205 3.410772283905309 0.05636030352074619 2.256758334191025 65.59518477542036 7.735512258751505 26.85782010057833
3618 6597.082261598618 4319.123953831477 214.8231186395319 52.83420705274261 6593 6602 4315 4325 64.0 3.181964956696448 1.4575418182189661 53.24687820737328 0.8889195035139762 0.16590686346595768 0.5886941766221067 0.0 22.38685519114091 2.4958606 56.41662927085977 7.218354910492995 2.5945231885544215 0.17128016448019948 4.51351666838205 68.61346448347183 11.46745444955373 26.80897662847788
3619 1575.6603263714474 4319.842008821354 214.86794313452927 52.86611718151699 1571 1580 4316 4323 57.0 2.2294058643871852 1.5653234920268788 11.450438323319275 0.7120528687730527 0.12702565670762941 0.8772872736362374 0.0 25.664774683197294 2.269001 38.077694753476734 4.769927403111068 1.9306261503111 0.25368254593417533 4.259537945889915 42.280279111214526 7.503639664929862 27.334655385952907
3620 9314.272937749784 4322.480049419117 214.79885127914787 52.81695298979163 9308 9320 4317 4328 122.0 2.8246932674576244 2.138760351376767 25.430227636970198 0.6532230651264853 0.1601584965951789 2.149216095900846 0.0 85.31138516969773 3.1429877 109.49080761834753 5.780711515326417 1.9388083170393287 0.38703909582089385 6.231677632421503 120.47904435586658 9.244251989552048 26.19772121492309
3621 6850.232423591302 4325.241292232351 214.82079586129584 52.83263105189692 6841 6859 4318 4331 174.0 5.2135649555154195 2.223126924738449 26.356987821012638 0.9045290282350045 0.1453983063913989 0.9305939804712792 0.0 74.41804810225457 3.7967489 119.23699975439365 9.629279913824686 2.232230629756629 0.23008908724929555 7.442171739215616 136.5286175639302 15.317792916738364 26.061940768124824
3622 8886.881341677501 4321.749490549112 214.8026691886826 52.819666146846124 8883 8891 4319 4325 51.0 2.1234493374935113 1.5694816563086713 -11.566550161579942 0.6735749176401862 0.22564768490519305 0.9193852008563115 0.0 29.094308760133384 2.0206501 64.56211100121934 5.659107018366668 2.5778535832621525 0.19574559257675728 4.029119531035698 90.56282501975636 9.03521823439453 26.507625096370198
3623 8271.801414714015 4333.251508703327 214.80803250414417 52.82363821055376 8260 8280 4321 4347 334.0 5.093772622390857 3.9036703823362133 -78.9267848651123 0.6424097645934432 0.12454997258731383 1.9746907224923953 0.0 219.60907212482562 4.9874763 315.2207108901897 11.67708438308303 2.111662029182425 0.33773526569781037 10.31094088749354 338.7829481334734 12479931.793077225 25.075196142532086
3624 8193.0 4324.166782083598 214.8088307723647 52.82409018365807 8191 8193 4323 4325 7.0 0.47148611169596766 0.28867513459481287 90.0 0.7906514887364706 0.0 1.1328193023865019e-09 0.0 1.3595714639436998e-09 2645751.2 1.511440165024882e-09 2288664.4331545406 1.4 0.9444059721339301 1.4927053303604616 1.5740386348334434e-09 3661863.093047266 53.40746153018213
3625 3890.2333513337476 4341.061600616328 214.84704680956852 52.851526832297516 3872 3909 4325 4357 813.0 6.587080348434072 4.70181240785472 41.37710275221755 0.7003566454066331 0.13882667811273042 6.312542246398667 0.0 970.5464495792364 8.705491 1075.6538083561982 12.355477556674545 1.6952203716046341 0.5385878055418646 16.086824965400158 1159.0660937069601 19.44237459117747 23.739729496126806
3626 4120.976936330337 4325.808531628529 214.84514713546105 52.84997844965839 4119 4122 4325 4328 14.0 1.3894312320820936 0.5658063894543913 -63.88422786176738 0.9133293930427134 -0.0537053383561975 0.027372729612070035 0.0 -0.1667820238797306 0.9977822 11.397957978021259 4.8427712075201175 4.456402648587275 -0.4067154342634485 2.111004122822376 16.96386656369792 7.723431487823421 28.326187880803985
3627 3737.0093217421922 4327.543262379773 214.8485571631595 52.85242750606195 3736 3739 4326 4329 8.0 1.208867772099333 0.5756260469470285 38.81230128427445 0.8793534788848499 0.1924977553194591 0.2988094253259798 0.0 2.0035586895575768 0.7935098 22.075867629623474 3.8786334553929964 3.6945088813675584 0.08252693590689349 1.5957691216057308 29.322644133755382 6.202736249726629 27.731992175721622
3628 nan nan nan nan 8199 8220 4326 4343 240.0 nan nan nan nan 0.0 0.0 0.0 0.0 15491932.0 nan nan nan nan 8.740387444736633 nan nan nan
3629 8863.488888076216 4328.232860227872 214.8028095453759 52.819849790277644 8862 8865 4326 4331 17.0 1.355462610703893 0.957495607240744 83.1288999698291 0.7078151987014032 0.17950558282373963 0.25110052143245376 0.0 3.7818170606752437 1.151316 37.464483223624164 4.827040892139924 3.660785340989155 0.05531778218982829 2.326213245840639 68.75653475326416 7.797219343901847 26.806715048383737
3630 6321.224556909971 4328.944185190683 214.82547651572804 52.83601322960364 6319 6324 4327 4331 22.0 1.3590984395703907 1.105391327645948 16.730194499447016 0.5818069657231243 0.22735921807160867 0.6921104561103335 0.0 10.202607862460976 1.3961595 20.079704977227802 3.4903523615003285 2.158842997209904 0.15081146179844696 2.6462837142006137 14.25688238411623 5.590561253578001 28.514938583020133
3631 7240.984993294991 4328.859974087292 214.81727211172407 52.830166924584915 7239 7244 4327 4330 18.0 1.2953132766190243 0.9204014221437788 12.073145546812126 0.7036337928652187 0.060430460290519364 0.2112537013102903 0.0 2.436866798072469 1.2247471 25.17780186156787 5.143884979225606 3.7435894624537993 0.2398354374057591 2.393653682408596 43.629906469003444 8.171808450679233 27.300539295062126
3632 922.4939924346693 4329.326130667048 214.87367974815143 52.87031733464425 921 924 4328 4331 13.0 1.0551714877583602 0.8943721229382897 -40.67574976476986 0.5306224180212239 0.21606066876655605 0.35515381054856693 0.0 3.7930030794705925 0.99600935 20.387866850064963 4.0026901422771255 3.2858697895081095 0.10008784983462762 2.0342144725641096 26.427791624308266 6.337878967998878 27.84484781534965
3633 1450.1381879747876 4329.69166473612 214.86896101435485 52.86696766309536 1448 1452 4328 4331 14.0 1.434118179162681 0.7088115046338427 36.90359481404752 0.8693203702987098 0.16902949809414974 0.3368262426563393 0.0 3.346798385889982 1.273735 19.621032628834158 4.665510907503494 3.3785607510773863 0.1199532106673654 2.111004122822376 29.072845442542306 7.253531867831004 27.741281151265447
3634 4051.1064653085314 4334.638116855165 214.8456780478691 52.85047001586774 4044 4058 4328 4342 172.0 2.7732618267565554 2.4666425064483497 -48.73549155954507 0.4570572092574943 0.2537455552988327 8.336861083989739 0.0 281.2010363990974 3.966493 307.9673372049572 5.5826381973256805 1.66470624778533 0.5140954746501673 7.399277020331919 337.32404445960094 8.6560113817217 25.079881752986452
3635 548.4419337736491 4333.528417506926 214.87697839676414 52.87271590267047 544 553 4329 4337 70.0 2.2823360689443706 1.8274463206416058 33.52694425120746 0.5990773422737417 0.07768384075178708 0.8108405958877081 0.0 27.82931463025888 2.4082496 52.07468419685979 6.425801662584416 2.4710523506520157 0.2759147769730645 4.720348719413148 51.13585006664071 10.216792874307037 27.12818630019388
3636 967.924772614628 4333.960142301861 214.87322499849273 52.87005375830384 964 972 4330 4338 65.0 1.9116300057505469 1.756612497296844 51.68532330205211 0.394471432043722 0.1120772903991365 1.2815617913623847 0.0 29.593176271936983 2.3940265 38.78273372607953 4.239480150928309 1.8340604185050304 0.3580582955142167 4.54864184146723 38.93044252427985 6.7623648440554724 27.424276649016914
3637 2259.487363842701 4333.745686717301 214.86168764295576 52.861848104775476 2256 2262 4330 4336 38.0 1.6533692701657552 1.059901557822591 -2.470446929303211 0.7674944776981089 -0.09448276936332664 0.21090140846135452 0.0 2.6562955610485655 2.7589788 10.746540223097629 10722368.902204296 3.264974972398127 0.3834888333076896 3.477898169151024 -39.22249804002465 18947157.380194694 nan
3638 4220.590803007899 4331.993609239526 214.8441927124875 52.849378841674756 4218 4223 4330 4335 28.0 1.5896565893497032 1.212065892464407 30.47280344377516 0.6470232483736847 0.1011123738271963 0.31853457426352694 0.0 5.85565747353198 1.495319 22.51994237259641 5.1517662267211115 3.0330221255291683 0.16700066614932282 2.985410660720923 36.81769629768041 8.138814360047471 27.4848584725312
3639 6699.666524326662 4333.360193540356 214.8220536647153 52.83363178187342 6697 6702 4331 4335 23.0 1.349562750921267 1.0961191923345182 1.119870562801874 0.5833746248852768 0.09433549285671416 0.33586662398508327 0.0 4.848998238426801 1.3635287 9.41316252119189 3.8771384477171282 2.5489578296279563 0.20878958660304206 2.7057581899030048 19.91063943431572 6.28095614038673 28.152286980728114
3640 2997.2367989428863 4337.765952646151 214.8550557918674 52.85718281652153 2994 3001 4335 4341 45.0 2.08426526366916 1.499108799458297 -23.401533616862526 0.6947508484469063 0.1998757451862476 0.7315366237181014 0.0 21.634815494063552 2.0928051 41.13723541210446 5.3637900154011575 2.29954271533711 0.17763747747128614 3.7846987830302403 51.392295112474656 8.582944580822733 27.122754967149888
3641 1758.3509529548364 4338.601400626142 214.86611349012549 52.865057836454476 1756 1761 4336 4341 31.0 1.6216253034937498 1.3387652586120877 -59.10464725919167 0.5642996697317162 0.195423004499491 0.4588588768796734 0.0 10.052183744822877 1.5711585 32.928058333050124 5.294580577813544 2.927529455546269 0.14050557407749717 3.141274657157109 46.39950855405978 8.525839782962349 27.23371654825667
3642 6283.2986088798625 4337.959629041676 214.82572005595821 52.83630286183822 6281 6285 4337 4339 13.0 1.1686867494905009 0.7790070930063694 1.85006905241559 0.7454458347640215 0.16966377806859903 0.3072597516685633 0.0 3.1731435785667363 1.0420576 11.153076205619541 3.706092482868423 2.966937215707685 0.11263292037031712 2.0342144725641096 12.622091588772403 5.919190709660257 28.647171682025245
3643 8862.624814772644 4340.330812088177 214.8026899834804 52.81992046653072 8859 8866 4337 4343 40.0 1.811448206901156 1.5313414107884082 -28.822629994361304 0.5341834445176277 0.20043073885249924 0.5237440825308799 0.0 14.116198111098038 1.7325095 44.8554252122227 5.866104169396184 2.93013764456713 0.14804027899031438 3.5682482323055424 63.32024474122183 9.394011702925578 26.896143538000327
3644 9956.33409367453 4348.940682493508 214.79284981405357 52.81301347590631 9937 9977 4337 4361 772.0 7.525648982705992 3.936122588197118 -6.600019012461355 0.8523157075726028 0.2007251922664458 9.19191792417339 0.0 1307.7071896317238 8.648278 1410.0015950771633 11.461605109021095 1.583750813504176 0.5264992712997838 15.67594437773643 1502.2460697462777 17.715323739940445 23.458147308842204
3645 1173.0520059630635 4340.534184241816 214.8713227965186 52.86878624742332 1171 1175 4338 4343 23.0 1.4784732718043463 1.0895694396079052 60.070212016021316 0.675940945644616 0.14777604442578204 0.42011314240691355 0.0 6.815314404346615 1.3272796 16.180135752441828 4.051391205960784 2.5762655746123664 0.1293660723504328 2.7057581899030048 19.368752651985396 6.463449283676604 28.182245867381706
3646 3172.639609242275 4344.032802504676 214.85342337006543 52.85610221083203 3167 3179 4338 4349 113.0 2.7151126645880805 2.135229125942257 -33.36308892460995 0.6176873487186391 0.14404435329013124 2.546635977925858 0.0 89.07975326600852 3.3014717 107.20493883482823 5.161042360776768 1.620206631093805 0.37541304257207947 5.997417539138688 107.1708945054689 8.118362721255918 26.3248078610472
3647 8089.722093816003 4346.866016751206 214.80951296542705 52.82486901124537 8085 8095 4343 4350 66.0 2.817378167020964 1.3834352915745318 -23.91914284816224 0.8711390436137751 0.01721692712175899 0.603856986853923 0.0 21.390675046849374 4.378234 31.867461534420993 4401354.487022727 1.4 0.2841054794847043 4.583497844237541 31.48411931105879 9940295.3232817 27.654771126215802
3648 9216.150055544756 4344.604833858184 214.79949326839534 52.81769600663512 9214 9218 4343 4346 17.0 1.207398885563819 1.0319938530747008 -17.80813551812015 0.5190813038817994 0.20423034921486666 0.4259917412975124 0.0 5.418486613811202 1.1459638 35.60113630323161 4.67795650199353 3.462934136832216 0.12859171498438507 2.326213245840639 56.2254341431661 7.465681782323288 27.025167956215775
3649 1223.8050214686132 4346.481650642746 214.8708066982564 52.86849593928078 1221 1226 4344 4349 26.0 1.7195136884202364 1.1007825722574154 50.77574175740461 0.7682325549084802 0.2246085197240811 0.4970947627877171 0.0 9.18708315348513 1.5284549 25.912598150524857 5.003415132715122 2.8081270237213056 0.1246613816953899 2.876813695875796 21.459648837961392 7.959152586086497 28.070943472582137
3650 7911.428194203927 4348.968082855457 214.81108086333649 52.82601369418377 7908 7915 4344 4353 62.0 2.330005289678222 1.5627234886441819 60.748573390965504 0.7417330225908952 0.17291838748474236 1.469386006544716 0.0 40.85705398823496 2.337638 55.25338949974338 4.289225671324335 1.766745728453722 0.2901954283489444 4.442433223290478 53.475989397969315 6.728264871154397 27.079602928714205
3651 457.7675074506501 4354.404017467622 214.87756912173538 52.873404448218345 445 471 4346 4362 329.0 5.196135369768183 2.7631706085805763 7.689081308499892 0.8468861936137353 0.012733689446831184 2.612467332458807 0.0 239.4068143555259 5.3807898 270.6369435648979 8.39914271255904 1.7178812128476018 0.465901500315054 10.233472165128859 290.68512021222364 13.226518403996064 25.24144299655532
3652 8822.914421559102 4349.941410311476 214.8029429305117 52.82022469615545 8818 8828 4347 4352 50.0 2.560942592852404 1.3339432294214142 -0.19862282263309414 0.8536300420318953 0.1260240071065448 0.48505811224878154 0.0 15.350256004080176 1.9040205 23.559413068470455 3.3140972762198455 1.5195386707874663 0.17324189980614593 3.989422804014327 21.549747592867124 5.275392702655439 28.066394530656844
3653 2227.9467690912506 4348.934992973623 214.86180956471802 52.86213039454365 2227 2229 4348 4350 9.0 0.8244424500659863 0.782344159214667 53.90321138585203 0.3154648593034063 0.21921033016944658 0.3125991096130048 0.0 2.3528878106591375 0.8087872 13.578315888522503 3.3109495091164876 3.3590701950740023 0.0835569670154415 1.692568750643269 15.331611516640685 5.254733492908746 28.43603048435767
