outputs/dr0.5_c0.1/nircam1_matched_f200w_f277w_dr0.5_c0.1.ecsv
# %ECSV 1.0
# ---
# datatype:
# - {name: label, datatype: int64}
# - {name: xcentroid, datatype: float64}
# - {name: ycentroid, datatype: float64}
# - {name: sky_centroid.ra, unit: deg, datatype: float64}
# - {name: sky_centroid.dec, unit: deg, datatype: float64}
# - {name: bbox_xmin, datatype: int64}
# - {name: bbox_xmax, datatype: int64}
# - {name: bbox_ymin, datatype: int64}
# - {name: bbox_ymax, datatype: int64}
# - {name: area, unit: pix2, datatype: float64}
# - {name: semimajor_sigma, unit: pix, datatype: float64}
# - {name: semiminor_sigma, unit: pix, datatype: float64}
# - {name: orientation, unit: deg, datatype: float64}
# - {name: eccentricity, datatype: float64}
# - {name: min_value, datatype: float64}
# - {name: max_value, datatype: float64}
# - {name: local_background, datatype: float64}
# - {name: segment_flux, datatype: float64}
# - {name: segment_fluxerr, datatype: float32}
# - {name: kron_flux, datatype: float64}
# - {name: kron_fluxerr, datatype: float64}
# - {name: kron_radius, unit: pix, datatype: float64}
# - {name: gini, datatype: float64}
# - {name: equivalent_radius, unit: pix, datatype: float64}
# - {name: kron4_2_flux, datatype: float64}
# - {name: kron4_2_fluxerr, datatype: float64}
# - {name: kron4_2_mag, datatype: float64}
# meta:
#   PHOTMJSR: 1.891700029373169
#   PIXAR_SR: 2.11539874851881e-14
#   __serialized_columns__:
#     area:
#       __class__: astropy.units.quantity.Quantity
#       unit: !astropy.units.Unit {unit: pix2}
#       value: !astropy.table.SerializedColumn {name: area}
#     eccentricity:
#       __class__: astropy.units.quantity.Quantity
#       unit: !astropy.units.Unit {unit: ''}
#       value: !astropy.table.SerializedColumn {name: eccentricity}
#     equivalent_radius:
#       __class__: astropy.units.quantity.Quantity
#       unit: !astropy.units.Unit {unit: pix}
#       value: !astropy.table.SerializedColumn {name: equivalent_radius}
#     kron_radius:
#       __class__: astropy.units.quantity.Quantity
#       unit: !astropy.units.Unit {unit: pix}
#       value: !astropy.table.SerializedColumn {name: kron_radius}
#     orientation:
#       __class__: astropy.units.quantity.Quantity
#       unit: &id001 !astropy.units.Unit {unit: deg}
#       value: !astropy.table.SerializedColumn {name: orientation}
#     semimajor_sigma:
#       __class__: astropy.units.quantity.Quantity
#       unit: !astropy.units.Unit {unit: pix}
#       value: !astropy.table.SerializedColumn {name: semimajor_sigma}
#     semiminor_sigma:
#       __class__: astropy.units.quantity.Quantity
#       unit: !astropy.units.Unit {unit: pix}
#       value: !astropy.table.SerializedColumn {name: semiminor_sigma}
#     sky_centroid:
#       __class__: astropy.coordinates.sky_coordinate.SkyCoord
#       dec: !astropy.table.SerializedColumn
#         __class__: astropy.coordinates.angles.Latitude
#         unit: *id001
#         value: !astropy.table.SerializedColumn {name: sky_centroid.dec}
#       frame: icrs
#       ra: !astropy.table.SerializedColumn
#         __class__: astropy.coordinates.angles.Longitude
#         unit: *id001
#         value: !astropy.table.SerializedColumn {name: sky_centroid.ra}
#         wrap_angle: !astropy.coordinates.Angle
#           unit: *id001
#           value: 360.0
#       representation_type: spherical
#   astropy version: '5.1'
#   kernelfile: kernel_f200w_f277w.fits
#   make_catalog parameters:
#     ab_zpt: 31.4
#     coadd_bands: !!python/tuple [f277w, f356w]
#     deblend_contrast: 0.001
#     deblend_nlevels: 32
#     deblend_npixels: 1
#     detect_kernel_fwhm: 4.0
#     detect_kernel_npix: 7
#     detect_npixels: 4
#     detect_threshold_nsigma: 3.0
#     flag_isolated_buffer: 4
#     hst_bands: !!python/tuple [f606w, f814w, f125w, f140w, f160w]
#     jwst_bands: !!python/tuple [f115w, f150w, f200w, f277w, f356w, f410m, f444w]
#     near_border_kernelsize: 21
#     reference_band: f200w
#   make_catalog version: 1.4.0
#   photutils version: 1.5.0
# schema: astropy-2.0
label xcentroid ycentroid sky_centroid.ra sky_centroid.dec bbox_xmin bbox_xmax bbox_ymin bbox_ymax area semimajor_sigma semiminor_sigma orientation eccentricity min_value max_value local_background segment_flux segment_fluxerr kron_flux kron_fluxerr kron_radius gini equivalent_radius kron4_2_flux kron4_2_fluxerr kron4_2_mag
[from data line 4462]
4463 3790.773312145454 2118.549913635717 214.99990143317999 52.985659586347566 3772 3808 2102 2139 769.0 8.59754144099002 7.560979333859578 -33.86985292126877 0.47601888959581057 0.38845760122925466 1.539565179791792 0.0 697.0257702412378 7.494231 2253.5789604003894 25.041749352347402 2.9803001938240645 0.15548371401479677 15.64545628849907 3108.2668758974637 41.84899346766622 22.66870424932889
4464 3764.8719472005546 2108.0209698029503 215.0002449202579 52.98576694892371 3751 3776 2093 2124 377.0 8.625041250681692 5.181312776322097 74.34512177202957 0.7994526983513413 0.26110564107445194 0.8530969838753736 0.0 197.6321463643772 5.2094364 1749.742003872892 25.32747971394518 3.490488355832408 0.10993746003839025 10.954580187815921 2710.0038936567753 41.263266841017405 22.81757521285786
4465 3874.7408218164674 2114.409513280055 214.99919114251742 52.98510465242046 3863 3884 2106 2128 275.0 5.933121261885793 3.6599756946643156 46.194817309970254 0.7870635793446966 0.5405582352420055 1.475454086800059 0.0 245.8380682156548 4.4613986 287.9876917343473 4.89559038567403 2.0645319758279665 0.1035064243965339 9.356025796273888 524.6379680541397 9.34610551205936 24.60035070678257
4466 3809.0849963650717 2121.7305648463703 214.99970350926102 52.98556063952819 3798 3818 2107 2140 366.0 8.155777892777108 3.6611801810869866 -66.67678320431895 0.8935788283154766 0.47097414477307 1.2234098489780523 0.0 338.11904399683954 5.249175 860.0641514081562 13.748978157830727 2.7700974550912503 0.12275979394254079 10.793582275744573 1243.3725927283604 23.626690288340054 23.663496774698128
4467 3863.089004868625 2118.7056855916353 214.99925049722833 52.98520177495955 3857 3869 2113 2124 100.0 3.3552013664113294 2.499959573112085 -53.15488666602699 0.6669530857575073 0.7180764171713688 0.9305356917308235 0.0 79.83437522327353 2.623686 93.73365714199423 2.8442296269493887 1.42407994631235 0.03244942645295798 5.641895835477563 93.73365714199423 2.8442296269493887 26.470261095180977
4468 3771.94249184195 2126.1669833964083 214.9999902620606 52.985820190849715 3761 3783 2115 2140 286.0 5.624859040998966 4.549097161999565 71.12990733718084 0.5881544179501499 0.30298611030599165 1.1349932104622142 0.0 180.7852490801383 4.654581 1003.328849524449 18.91476562479588 3.319308100331337 0.16113993598206033 9.541311620975605 1511.5605843637486 29.89986101649507 23.45143610330676
4469 3870.1443867402145 2133.112866139599 214.99903536694504 52.98523490156383 3851 3895 2119 2151 674.0 9.631834726844547 6.039335414893049 8.678718443908647 0.7790046280283629 0.3711860174239742 1.1568298184121917 0.0 427.5658193267328 6.9383993 1501.2507475624523 22.91487719443776 3.1205718006056036 0.11605138153011371 14.647213499088313 2370.063681188251 40.610636285720865 22.963099961960914
4470 3891.226158365975 2138.1536718175826 214.9987929786096 52.98512843878754 3884 3897 2131 2144 88.0 4.34357377987647 1.5938642891166745 -39.49981016365125 0.9302415845376274 0.3167289583180348 0.7363335485476598 0.0 45.32360898839187 2.4511244 302.8866985261334 8.296128642986766 3.4589797581183075 0.11344425728006124 5.292567428401227 551.8283827159851 12.950477040208485 24.545489914499235
4471 3834.4410620126655 2143.852754131322 214.9992427827266 52.985519398696596 3822 3848 2135 2154 318.0 5.506343354438645 4.151524104062825 -4.347874641259584 0.6569283600542994 0.2952411982436599 1.002059635476166 0.0 215.42993884610846 4.739591 998.5503598442797 16.906269857610294 3.345108761476167 0.16124688422417655 10.060941497019325 1534.980624663834 26.63917843752893 23.434742755116314
4472 3876.8543022591193 2163.5908547126983 214.99865402667248 52.98535708538971 3855 3897 2143 2183 1062.0 10.330775871847406 5.131175847797899 -38.49131038590308 0.8679289715902873 0.1627677657633171 4.037609201770342 0.0 1059.7391290912115 8.870144 1456.4732145553571 17.946301547148668 2.134550547542375 0.4146863014173114 18.386002804502823 1772.4781195503003 28.33105557295319 23.278547793207398
4473 3855.809554793879 2146.942296629891 214.99901837515407 52.98540057075609 3844 3867 2141 2152 168.0 5.726529368532935 2.5095248095893603 -6.905635939220004 0.8988639093536948 0.2561779768901291 0.5822481156117455 0.0 78.66728261637166 3.3778188 521.1596404922652 11.751434797047946 3.378963656891344 0.07746577225584488 7.312732791431452 1034.0059962345051 20.084058990241974 23.86369235686726
4474 9860.056512129344 1976.4634265448638 214.94695199572456 52.94638615379212 9857 9863 1974 1980 41.0 1.6441389208902022 1.4314330424829107 32.33161007617139 0.4919423172600045 0.0444208201027524 0.6299662466888493 0.0 12.120382263048656 1.6065799 24.487563332001876 4.33752649133879 2.5956925366777757 0.32293871346762243 3.6125759969217834 33.61278149181755 7.031562696173232 27.58373886933468
4475 9854.166608076534 1976.8923553440495 214.94700026838177 52.94642584980245 9851 9857 1974 1980 41.0 1.5633544653056564 1.5334591485766573 -26.84117495722304 0.19462635752834115 0.04434475021319846 0.9800755951356291 0.0 19.357482073921627 1.6349413 33.65755373093141 3.985253285015322 2.333755746152636 0.27724463572827834 3.6125759969217834 41.63277445809016 6.33685807367033 27.351411615607407
4476 2446.6954689416802 1982.8358869500305 215.01340173102804 52.99344985162316 2444 2450 1979 1988 50.0 2.3225082341771808 1.6061074673690303 68.36070668810945 0.7223381168738728 0.05296405400743192 0.4391983331889068 0.0 14.986191212235582 2.8210866 42.38743691347236 4882123.725999655 2.628266877409521 0.16765052401110014 3.989422804014327 81.25270313867202 15770353.869034661 26.625405454682532
4477 2449.6906041691886 1991.4920072189138 215.0132836313447 52.99347765798828 2445 2454 1986 1996 80.0 2.404175308462154 2.0297244185107814 -52.29193251113538 0.5359499499201809 0.09973789625833163 1.0954176164069778 0.0 33.4249648141816 3.800408 42.92073288494356 6.686492932150835 1.6545062614909243 0.288012663320087 5.046265044040321 44.13146428137562 4877131.329462108 27.288129156072067
4478 2575.678699119608 2014.4295344446143 215.01191033281663 52.992802729346025 2566 2586 1998 2030 377.0 6.1353622188258345 3.6645069073586063 -60.34806754127074 0.8020354926561023 0.03121381133709024 1.710098909649157 0.0 146.795002519647 4.7959785 273.23794052029154 12.438493784639135 2.4838175126156923 0.40289602767018257 10.954580187815921 349.49783510745095 20.027290647515507 25.041388775144817
4479 2634.050023846504 2045.2530050834564 215.0110613075313 52.99259921195768 2562 2699 1979 2117 11457.0 18.90756672782476 15.54002853512626 59.34147226391154 0.5696394758077233 -0.015234502725385785 103.11849684069801 0.0 35716.27324941765 31.088259 37248.031955564926 31.154477323145265 1.4 0.7161130658394304 60.38937295590748 38385.616855977554 44.44354337790781 19.939578689746867
4480 2668.0680713479323 2020.6583574083784 215.01101488381525 52.99225051977061 2649 2694 1987 2039 1270.0 11.060529639036268 7.145390169064732 -87.77618780695393 0.7633153705609077 0.09949271935722646 5.811866567922423 0.0 2011.3825129408758 9.387976 2649.194622175819 14.937668141307643 1.749078751848503 0.4672418010670205 20.106057680545288 2979.6186367447813 24.996938570463207 22.71459829497383
4481 2676.195990492095 2046.2906030133204 215.01067183231135 52.9923375520716 2663 2709 2012 2087 1791.0 10.86426234522296 8.194502674819557 89.33225503371771 0.6565732997733688 0.017828435572536744 10.442134872000768 0.0 2437.500088053469 10.968715 3065.8657632018535 16.26472055021054 1.7775712874234553 0.5992360567221805 23.876620492757535 3444.730589654285 27.19568262593631 22.557111845858067
4482 3900.0 1980.0 215.00038036418985 52.98421792196461 3900 3900 1980 1980 1.0 0.28867513459481287 0.28867513459481287 0.0 0.0 0.46896386097666287 0.46896386097666287 0.0 0.46896386097666287 0.2823353 9.448965380136775 1.2733263504286525 3.6750765560935634 nan 0.5641895835477563 21.805151401201023 2.0520209303890806 28.053602233783668
4483 3901.697557474719 1982.2975827712316 215.0003409179693 52.98421957482126 3900 3904 1981 1984 11.0 1.4118908035770614 0.8490345162623376 -8.470563842266623 0.7989889262265483 0.34735471579671995 0.40277176984552404 0.0 4.130271026358293 1.0164071 120.28632205368763 5.03315876133564 3.9512495677317103 0.027610997259139607 1.8712051592547776 253.19799348288356 7.9977668534700435 25.39134935073193
4484 1556.1079308079095 1999.3012423590073 215.02122882163755 52.99918611923541 1539 1572 1988 2011 556.0 6.882636776429209 3.388017641093655 -23.585747208458866 0.8704506077119034 0.10943252650236181 5.00931241926711 0.0 569.4508061625731 6.1044426 672.486173330824 10.09177955345357 1.883521064128193 0.4871293199644604 13.303394180365686 755.8671606299266 15.837193459595873 24.203886306467133
4485 1531.648705789476 2006.050487649055 215.0213774701512 52.99937770314399 1525 1539 2000 2012 138.0 3.841117874524496 2.0958714810840733 -36.85935280676301 0.8380190186169061 0.16542936494462726 1.2718582114260737 0.0 70.07258817181174 2.9494576 154.21232538940205 8.33358443331738 2.6974129595588554 0.2838377565740764 6.627726932618989 204.31094540579866 13.238564487173182 25.624270916482885
4486 6898.566994576303 2014.0136136296312 214.97311130587107 52.96538076894083 6887 6910 2004 2024 360.0 4.1290402881413915 3.5804745353333622 3.7513679863970153 0.4980566566762673 0.07762225207082951 4.711540547151731 0.0 368.6278514708507 4.7679963 402.73454331350865 6.546317566303687 1.5662306021218917 0.4992987712051081 10.704744696916627 420.27056213727485 10.315471967650199 24.84117757274445
4487 6888.190128351301 2022.5948486484942 214.9731140003724 52.96549296803926 6884 6893 2018 2026 59.0 2.1995920402573397 1.6976220728224878 23.27815173951705 0.6358780899873432 0.136353626823112 0.8730095619368008 0.0 23.736191035264163 1.9544197 51.90227000790341 5.550290716363286 2.5982186782531373 0.2826639633305995 4.3336224206596095 62.174000053861285 8.911566637838234 26.915977976929643
4488 4460.527836480437 2038.113673060707 214.9947358770826 52.9809768686594 4444 4475 2019 2055 828.0 8.447837396603282 5.006723577153354 -52.10047393554194 0.805450283020457 0.08307092035539283 6.022900998956118 0.0 861.6157881927222 7.4101033 1012.6336886463126 11.84610166484497 1.673849878741325 0.40795274317813374 16.23454913941803 1060.5004074632247 18.52694705521378 23.836222900709195
4489 4440.394480210329 2037.0956269994508 214.99492733935978 52.98109906684052 4436 4444 2034 2041 61.0 2.3984940042621443 1.6609529823306808 23.46006915107166 0.7214195218765127 0.04833290435863025 0.3963925549767245 0.0 14.182081412775412 1.9443704 42.87432200323767 6.3604106768678035 3.0167281585041277 0.21587355246410547 4.406461512053774 44.78766412919805 10.027976070952512 27.272103968260538
4490 7849.016719640453 2035.5403861172426 214.9643596464601 52.95946673241122 7840 7861 2026 2044 242.0 5.138082596050686 2.970832787423066 -38.76608135196984 0.8158959728943033 0.2263284298141462 1.4324086112465908 0.0 167.5315582708953 3.7118351 395.7679365405773 10.960489575613273 2.727564125680465 0.2413825545918431 8.77673016883152 531.7631246922377 17.529762646422604 24.585704455673692
4491 7858.523275827179 2039.8871855769814 214.9642286045617 52.95942989506863 7853 7863 2032 2047 91.0 3.205264947161269 2.3305409224600027 -70.87447820557266 0.6865339510366437 0.3344736815433009 0.6974264860612401 0.0 47.9129269518702 2.2094445 266.4623947599317 8.13883466314241 3.3125047554908496 0.09554674837601321 5.382025607773058 403.78563367024606 14.11288160634794 24.88462284231161
4492 7868.99927247777 2044.9981395140796 214.96408081978993 52.95939103451582 7859 7878 2038 2054 226.0 4.315123161032309 3.8104175057447733 -1.7148970802997483 0.46930158815907097 0.1897655230114698 0.7645441943897405 0.0 112.54466492381974 3.561977 396.6796089563206 12.381045437059326 2.9746135900301054 0.1426515722597041 8.481629223064205 547.4446079101382 19.800367612069344 24.55414954371267
4493 7231.807157480879 2033.6554534150562 214.96991519115033 52.96337264547173 7227 7237 2027 2040 100.0 2.7406407122315484 2.227942509539317 -79.93004847981278 0.5823647462295225 0.07327066695051813 0.9363068237355332 0.0 42.42471813106361 2.3715832 92.20608029053147 6.583229284057361 2.5742557498442378 0.3318188507658847 5.641895835477563 127.53692856120145 10.48155627650597 26.135910115560705
4494 7236.655906421725 2041.3974576735993 214.96979014800266 52.963383709597714 7231 7243 2033 2052 128.0 3.7702531516413313 2.1724625808551408 67.00787386262121 0.8173007425777236 0.152962440065096 1.2573290400177293 0.0 71.74485175374166 2.7096295 145.2132041484473 7.21594326311782 2.4610016883071095 0.3079492440406388 6.383076486422923 168.2925561513751 11.499006869043258 25.83483773284531
4495 7677.831798419498 2050.0170793600787 214.96574239686367 52.960631107525 7660 7691 2031 2068 797.0 6.61663359368063 4.564104970913477 68.1538774023581 0.7240070110707534 0.10292083718993832 8.553342934740979 0.0 775.1675546926639 7.045341 894.6062188971521 10.197860681255777 1.7629592529670473 0.5412056115909593 15.927742441679586 990.2845475095654 15.918542030992619 23.910599994169687
4496 7691.634505901184 2034.9726066802023 214.96577707713837 52.96046225487345 7687 7696 2031 2039 71.0 2.298572741539982 1.695999195906877 -29.85991542033386 0.674966007915382 0.04778423249594472 0.812838268829128 0.0 20.32643837987052 1.9562902 54.404245310777796 5.723287478471213 2.9026020210247334 0.352960612440679 4.753945931439391 89.45708548281664 9.326044465516812 26.520963138182523
4497 7573.332586632035 2058.7682127214944 214.96658743538194 52.96134142289803 7544 7604 2037 2088 1658.0 10.442891910951998 6.420089607049688 -29.493266702654182 0.7886980085397678 0.03580284731170813 6.276978752533046 0.0 2096.6264033362163 10.141193 2441.9914760401334 14.40084372518462 1.640024088287803 0.5885905099177238 22.9729795910919 2625.830379178049 22.417109230430096 22.851833328676342
4498 7590.904900176289 2078.9191321188887 214.96621757245953 52.96133879148337 7551 7635 2043 2115 3647.0 10.243414814974182 9.579480456491657 34.89012374458717 0.35416150543797575 0.043172141690076674 90.65741814901173 0.0 11567.756513872977 16.76782 12133.584852158252 17.13472557421193 1.4 0.6949813451139918 34.071632701006344 12622.716956058946 24.682103131248418 21.14711789006218
4499 3278.1597590127403 2071.296270511772 215.00500222501597 52.98865523023527 3264 3294 2061 2085 480.0 5.958930042188309 4.34368593913666 -18.665589568653516 0.6845805427487808 0.18321139255203162 2.259290948569715 0.0 299.4787097409136 5.540459 520.9939296523465 13.20663366810635 2.411322124553937 0.36374382778626735 12.360774464742066 588.3569759238223 20.979609201496814 24.47589773229005
4500 3275.8186795616766 2084.433875429732 215.0048848383567 52.988741096328035 3270 3282 2081 2088 62.0 2.566602129627497 1.628179151597509 4.5303755758269055 0.7730283598347168 0.23717506973200453 0.8337894043924804 0.0 27.333342154270998 1.9440441 103.15480202509607 6.583131285521299 3.0612997911503927 0.19728621151655001 4.442433223290478 146.1058353407455 10.601434399282837 25.988331095932956
4501 6592.979389800801 2070.3317880592986 214.97525948012492 52.9676238014632 6591 6596 2069 2072 17.0 1.58035268972455 0.8353374162113906 19.521533214904828 0.8488856233686276 0.4898212283526733 0.9455249478474678 0.0 11.950462586094822 1.0097016 153.91020112475036 4.64825959045358 3.892112885728703 0.11363019410283112 2.326213245840639 243.17798139847224 7.46607049155633 25.43518937726112
