outputs/dr0.5_c0.1/nircam6_matched_f277w_f410m_dr0.5_c0.1.ecsv
# %ECSV 1.0
# ---
# datatype:
# - {name: label, datatype: int64}
# - {name: xcentroid, datatype: float64}
# - {name: ycentroid, datatype: float64}
# - {name: sky_centroid.ra, unit: deg, datatype: float64}
# - {name: sky_centroid.dec, unit: deg, datatype: float64}
# - {name: bbox_xmin, datatype: int64}
# - {name: bbox_xmax, datatype: int64}
# - {name: bbox_ymin, datatype: int64}
# - {name: bbox_ymax, datatype: int64}
# - {name: area, unit: pix2, datatype: float64}
# - {name: semimajor_sigma, unit: pix, datatype: float64}
# - {name: semiminor_sigma, unit: pix, datatype: float64}
# - {name: orientation, unit: deg, datatype: float64}
# - {name: eccentricity, datatype: float64}
# - {name: min_value, datatype: float64}
# - {name: max_value, datatype: float64}
# - {name: local_background, datatype: float64}
# - {name: segment_flux, datatype: float64}
# - {name: segment_fluxerr, datatype: float32}
# - {name: kron_flux, datatype: float64}
# - {name: kron_fluxerr, datatype: float64}
# - {name: kron_radius, unit: pix, datatype: float64}
# - {name: gini, datatype: float64}
# - {name: equivalent_radius, unit: pix, datatype: float64}
# - {name: kron4_2_flux, datatype: float64}
# - {name: kron4_2_fluxerr, datatype: float64}
# - {name: kron4_2_mag, datatype: float64}
# meta:
#   PHOTMJSR: 0.8704000115394592
#   PIXAR_SR: 2.11539874851881e-14
#   __serialized_columns__:
#     area:
#       __class__: astropy.units.quantity.Quantity
#       unit: !astropy.units.Unit {unit: pix2}
#       value: !astropy.table.SerializedColumn {name: area}
#     eccentricity:
#       __class__: astropy.units.quantity.Quantity
#       unit: !astropy.units.Unit {unit: ''}
#       value: !astropy.table.SerializedColumn {name: eccentricity}
#     equivalent_radius:
#       __class__: astropy.units.quantity.Quantity
#       unit: !astropy.units.Unit {unit: pix}
#       value: !astropy.table.SerializedColumn {name: equivalent_radius}
#     kron_radius:
#       __class__: astropy.units.quantity.Quantity
#       unit: !astropy.units.Unit {unit: pix}
#       value: !astropy.table.SerializedColumn {name: kron_radius}
#     orientation:
#       __class__: astropy.units.quantity.Quantity
#       unit: &id001 !astropy.units.Unit {unit: deg}
#       value: !astropy.table.SerializedColumn {name: orientation}
#     semimajor_sigma:
#       __class__: astropy.units.quantity.Quantity
#       unit: !astropy.units.Unit {unit: pix}
#       value: !astropy.table.SerializedColumn {name: semimajor_sigma}
#     semiminor_sigma:
#       __class__: astropy.units.quantity.Quantity
#       unit: !astropy.units.Unit {unit: pix}
#       value: !astropy.table.SerializedColumn {name: semiminor_sigma}
#     sky_centroid:
#       __class__: astropy.coordinates.sky_coordinate.SkyCoord
#       dec: !astropy.table.SerializedColumn
#         __class__: astropy.coordinates.angles.Latitude
#         unit: *id001
#         value: !astropy.table.SerializedColumn {name: sky_centroid.dec}
#       frame: icrs
#       ra: !astropy.table.SerializedColumn
#         __class__: astropy.coordinates.angles.Longitude
#         unit: *id001
#         value: !astropy.table.SerializedColumn {name: sky_centroid.ra}
#         wrap_angle: !astropy.coordinates.Angle
#           unit: *id001
#           value: 360.0
#       representation_type: spherical
#   astropy version: '5.1'
#   kernelfile: kernel_f277w_f410m.fits
#   make_catalog parameters:
#     ab_zpt: 31.4
#     coadd_bands: !!python/tuple [f277w, f356w]
#     deblend_contrast: 0.001
#     deblend_nlevels: 32
#     deblend_npixels: 1
#     detect_kernel_fwhm: 4.0
#     detect_kernel_npix: 7
#     detect_npixels: 4
#     detect_threshold_nsigma: 3.0
#     flag_isolated_buffer: 4
#     hst_bands: !!python/tuple [f606w, f814w, f125w, f140w, f160w]
#     jwst_bands: !!python/tuple [f115w, f150w, f200w, f277w, f356w, f410m, f444w]
#     near_border_kernelsize: 21
#     reference_band: f200w
#   make_catalog version: 1.4.0
#   photutils version: 1.5.0
# schema: astropy-2.0
label xcentroid ycentroid sky_centroid.ra sky_centroid.dec bbox_xmin bbox_xmax bbox_ymin bbox_ymax area semimajor_sigma semiminor_sigma orientation eccentricity min_value max_value local_background segment_flux segment_fluxerr kron_flux kron_fluxerr kron_radius gini equivalent_radius kron4_2_flux kron4_2_fluxerr kron4_2_mag
[from data line 732]
733 348.0 1064.4762151703742 214.91315702864236 52.85634862342009 348 348 1063 1066 4.0 1.1521042649978246 0.28867513459481287 90.0 0.9681001985385916 0.2148781036424127 0.2278060461182062 0.0 0.8901961696536546 0.3663158 20.324358002305637 1.8886983639013677 3.9315777739014246 0.015856553083892028 1.1283791670955126 47.08665456638549 3.025145393912425 27.217755411022647
734 2496.939462696137 1068.283933756827 214.8939129781819 52.84272410869751 2495 2499 1065 1071 30.0 1.7403887729005003 1.2329005989932849 75.70586322364734 0.7058058917374943 0.20868759345032256 0.37311657410783383 0.0 8.566920225411238 1.0700821 26.380646072991688 3.576419563738412 2.867076164023614 0.09663470879858274 3.0901936161855166 33.98958055428709 5.835907485135121 27.571635486900878
735 2025.3007146328912 1072.7903694364843 214.89807936747948 52.84574344593053 2019 2032 1067 1079 146.0 2.4326302122703054 2.3175275006014133 -9.870429319941847 0.3039629816401297 0.16983083219765066 4.666439134217712 0.0 164.59905155993061 2.417975 187.65289736909187 3.466789463894182 1.635631593266466 0.5196780482899904 6.817128675830715 194.94621792301567 5.641435737405566 25.675212964938353
736 7102.939553718408 1070.0646955805594 214.85277331788436 52.81347666276481 7100 7106 1067 1073 38.0 1.6134303943009112 1.533801791382488 -26.848646413462053 0.3102763729320018 0.32888556936330576 0.9726949129053103 0.0 22.412459405215312 1.2187897 46.29748290518998 3.58571384575217 2.5950547611823405 0.18183101538758842 3.477898169151024 55.099227253312776 5.6791105517411 27.047136229820424
737 1056.5405134990374 1071.608830125065 214.90674882169822 52.85188846234509 1053 1061 1068 1075 57.0 2.1195339975459144 1.8096190590027754 -24.762746038303145 0.5206313809494026 0.21340400528109985 0.5920058710269708 0.0 21.652313320096994 1.4843749 66.38303299801909 5.418823239431561 2.9087369116655735 0.1626862000581777 4.259537945889915 134.32003238838809 8.393962373096544 26.079648030373043
738 2476.899486276556 1077.731989002439 214.8939926745543 52.8429023522198 2471 2483 1069 1087 179.0 3.856517423496197 2.5119697990346785 -77.76226566650207 0.7587713739175319 0.20582666408546588 1.7425730258889738 0.0 117.97096662870092 2.8281593 154.60160644056512 5.6248560503557465 1.960760746632676 0.3278676895578227 7.54834217738561 176.0298732809165 8.742028571360123 25.786034059155934
739 7189.387605223199 1073.8830066517257 214.85196192832052 52.81294800317007 7186 7193 1069 1078 61.0 2.6046742790306117 1.7064711523388858 65.63207837220058 0.7554925683039087 0.2626558045502308 0.5389203273979544 0.0 23.663997159703463 1.495025 100.66990814352397 5.86085009303608 3.1418693204206436 0.11054713397629633 4.406461512053774 147.63297995065963 9.419624521652723 25.977041534963902
740 3482.974697123394 1073.50588241677 214.88505040289905 52.836490240001865 3480 3485 1070 1077 32.0 1.932150239838568 1.2480012250364039 -60.82951683645862 0.7634109101928094 0.22481149466771172 0.39410301724351327 0.0 10.108634864849845 1.2088503 25.693463592905232 3.686745205665157 2.5564670047653277 0.09008738097514835 3.1915382432114616 26.71858443418742 5.900167204124736 27.832966386889655
741 207.76110256760202 1083.3290827089793 214.91421245991415 52.85734075053888 194 221 1071 1100 557.0 6.277441382140521 4.941952922728946 29.257383137610468 0.6166263928442253 0.20398700552509522 3.063228737824439 0.0 458.1805981106953 6.305101 577.3050343916966 17408112.51497761 1.7475927599358692 0.36091955643527057 13.315352289908494 620.6980184291767 36580495.655978695 24.417799102730513
742 6326.567360362909 1077.6786227655316 214.85962060964061 52.818450193433826 6320 6333 1071 1084 148.0 3.03167765367897 2.709048323748079 -29.835308182455076 0.44890279458533017 0.19123524139997838 1.3421331570502448 0.0 81.5175571278273 2.144973 128.69061442279335 5.152983584613867 2.295840294657615 0.30929191715070725 6.863662517577698 139.61902193950385 8.339683652804398 26.03763852160698
743 3667.7357515303743 1075.890233040761 214.88337525599633 52.83532966303618 3665 3670 1073 1078 25.0 1.4017523695705891 1.299603964257766 -55.99474726833755 0.3747446438774695 0.2161983861254659 0.3804119576055944 0.0 7.270560463732497 0.9759344 21.453701285765653 3.3284119622141546 2.769196288248947 0.10125098214172797 2.8209479177387813 32.159160924731005 5.3449157397338425 27.63173822774064
744 10154.700753418478 1080.5400851134368 214.8254485175862 52.794140687336956 10150 10159 1077 1084 61.0 2.340530071597872 1.7213757805516274 -24.98749250040425 0.6775637214501272 0.24765479983243052 0.7556057682283898 0.0 28.326625670526564 1.5512439 56.52866599371781 4.430741869469975 2.447407784413458 0.17779749832334543 4.406461512053774 69.19211428191622 6.996775490876336 26.799858496480844
745 2859.5996208378615 1079.8909839864534 214.8905512196438 52.84048365662333 2858 2861 1078 1082 13.0 1.3001123564038082 0.7390378048021267 -54.32411971072737 0.8227236915611341 0.22657894048983018 0.31637699545425146 0.0 3.600737438315049 0.719029 16.438546495363525 2.7534258406266545 3.139802380519429 0.060229845995970685 2.0342144725641096 23.293662034759635 4.269941997128445 27.98190557487763
746 3934.8861571749767 1104.8976179740241 214.88068456252492 52.833789406599884 3921 3952 1079 1129 1087.0 7.645354074311581 4.774822457645847 -81.03158012016969 0.7809935518999943 0.17811818164388665 13.547425006508108 0.0 1578.7515019246143 7.274193 1708.9979948046255 9.665171893320904 1.667147933300593 0.5893929256631552 18.601151746109178 1899.1202902893779 14.953512388958721 23.203618815442365
747 9307.577810109144 1089.1747435069656 214.8329097115409 52.79957091267993 9293 9323 1079 1101 440.0 5.932894373166443 3.066575126335197 -27.341605431918484 0.8560598293756473 0.2189092921749564 6.659790934194983 0.0 563.5974420691878 4.597765 640.9078713656455 6.9434315036881165 1.7170310876790078 0.49075169555074066 11.834540545406394 688.0649356118834 11.324111310756408 24.30592643403642
748 6264.62884882466 1089.359715678558 214.86005054096316 52.81890668219579 6257 6274 1083 1096 185.0 3.6881919681401647 2.69855065985514 -3.843019465807663 0.681655741900993 0.19719265725239216 1.6912078447399606 0.0 118.61350586869906 2.5003042 173.51608859797068 5.322743067499276 2.0903654755273906 0.33233136384008033 7.673807981960539 182.4855023846418 8.476563006044701 25.74692908123037
749 1513.9032140748195 1087.9879925083358 214.9024892184514 52.849072793239635 1512 1515 1086 1090 14.0 1.326541146223893 0.7994868630238836 -66.65332464968492 0.7979789571943957 0.18861423902022953 0.24902184644841246 0.0 3.1224911013142522 0.86776185 33.62869236668182 3.650257570368406 3.637668654391183 0.05251937740483877 2.111004122822376 76.85414838463011 5.553794093991046 26.685831713646458
750 2335.3988627399044 1089.4001826689923 214.89513415330464 52.843863892785436 2334 2337 1088 1091 15.0 1.1015919823174922 0.9866923693116989 -45.107553274089426 0.4446653958598566 0.34926257819114864 0.5179004912973848 0.0 6.517058635544364 0.7796666 17.315100105611705 2.4485774547165344 2.6255356329350534 0.07208571325185824 2.1850968611841584 18.52124899532009 3.972238350842928 28.230824324172282
751 1045.5336227651867 1090.8746314900882 214.90664462588038 52.85206232995328 1044 1047 1089 1092 13.0 1.0738052171463293 0.9143934906040673 -14.871704584479067 0.5242814799332292 0.2398737884761823 0.3141597634722051 0.0 3.625528068862886 0.67267346 19.70576845809725 2.863249333329675 3.326842153566032 0.04732775499363354 2.0342144725641096 26.316867042764095 4.7826778408272865 27.84941453413323
752 3900.489431346652 1090.683241407994 214.88114116440354 52.83393118860168 3899 3902 1090 1091 6.0 0.9468345616808782 0.46517925742355093 -0.3858599147908219 0.8709907542484661 0.2409507616200658 0.27940251706433245 0.0 1.5332829123391871 0.53855604 17.7096266882276 2.4165519301731893 3.8529584544256195 0.03768228606774962 1.381976597885342 30.985497745504624 3.753491544682797 27.672103807573087
753 6055.227751293038 1095.7243985446325 214.86185235617742 52.820271306199835 6049 6062 1090 1101 134.0 2.6823147901079714 2.3657939722509207 -24.134405341435507 0.4712547568180337 0.14643843088649028 2.323794048191722 0.0 102.21570667805375 2.4382052 121.40294232796498 4.028014162782252 1.749180808337579 0.41005857674796486 6.530966601401967 128.73260199819185 6.975682529149174 26.12577863128468
754 6916.558621703193 1092.682261833566 214.85419843937197 52.814782785299656 6912 6921 1090 1096 57.0 2.4321935852623486 1.6398051168781718 -6.508335929179347 0.7385412379679066 0.22667607328725917 0.4813779201126679 0.0 19.321898147375716 1.4300201 107.66754230447546 5.787186452415664 3.4053718888831948 0.12439696903784891 4.259537945889915 211.40298046285292 9.030043972243494 25.587222235222306
755 10242.39112837521 1107.8237080641245 214.82438011384485 52.793730420827 10227 10259 1090 1120 595.0 5.147456105651559 4.320103919927305 -12.366979424736716 0.5437153462189296 0.19325116558228012 8.460894600826093 0.0 751.5427281317898 5.097743 853.6765467908575 7.4351816749512665 1.7282010258310057 0.554894359857295 13.762063154896342 949.8274758833513 11.62815838852345 23.95588817908353
756 1500.929903028521 1094.4317501038327 214.90253739995248 52.84918994595551 1498 1505 1091 1097 41.0 1.8875268769098195 1.525699708525996 -22.549662191477072 0.5887623122059826 0.1807463790816323 0.4243445037603817 0.0 12.346238030966001 1.2743121 44.468024623467954 4.938845859382478 2.9862730719888853 0.13201075572878831 3.6125759969217834 94.27386829612838 7.794009039313051 26.464021680869806
757 3250.996309976881 1129.1832494751397 214.88653693249026 52.83826393188477 3220 3279 1100 1159 2560.0 11.44828658608434 8.031483884835387 -45.91742325905389 0.7126255281944414 0.15527676621397282 17.080583602134308 0.0 5835.535236173922 11.453678 5986.807388675154 13.32117315345454 1.4346175795363154 0.5607415562878011 28.54598585844434 6231.380845237816 20.527400033846078 21.9135392625585
758 8425.074596525912 1107.981241285556 214.8405813768779 52.805280330322944 8418 8433 1100 1116 203.0 3.9166614215831492 2.8872688209632322 47.94736087578064 0.6757007748825129 0.2538281072289001 1.935152849585521 0.0 146.25479574412202 2.8881705 208.15591049145706 6.085633891886827 1.963293464305787 0.3077915667247546 8.03846421247924 219.01060571960986 9.552726684805194 25.548837134201335
759 1928.0049477585467 1103.7322772679254 214.8986233841529 52.84652825499309 1926 1930 1102 1106 20.0 1.3795226279781898 1.0636762445673478 39.117401981890886 0.6367787107755508 0.22853267372336838 0.3442663587285028 0.0 5.716536369745574 0.8949079 18.181778322013415 3.2427841837109828 2.8588464175651587 0.07297416770629436 2.5231325220201604 21.794753635454796 5.058713063690917 28.054120089541556
760 6656.454079075476 1115.6650115469633 214.8562776234839 52.81655924450178 6643 6671 1103 1127 483.0 5.370557111201342 3.650984608039443 -24.66131519366775 0.7333837580263816 0.19305732002838338 5.3646805100040025 0.0 547.5544506438664 4.364083 607.908710984105 6.1267335348783645 1.6167904804433728 0.49492765650491055 12.399341717477219 642.9691842205727 9.673699727637423 24.379524602851436
761 876.5174931722598 1105.9970442386918 214.90799623596618 52.85321709754455 875 878 1104 1108 10.0 1.2802448140576126 0.6299298836713664 64.46233585263661 0.8705733757132156 0.2895764344886456 0.3450626153004599 0.0 3.2601635714960304 0.5908357 62.090979078691774 2.933226918409329 3.881048045286611 0.029847106346443646 1.7841241161527712 124.36044186038608 4.688385778921535 26.163294358876982
762 6092.37434779531 1122.2337102234164 214.86124217067228 52.82017828875857 6088 6097 1116 1128 102.0 2.667451411933666 2.0870240629835273 -88.93781279687707 0.6227714892213442 0.2577264334001702 1.8097538658632302 0.0 78.45147613121874 1.9261712 114.88490686062835 4.375304698504247 2.1706612659538727 0.3193211068871952 5.698035485213008 131.96418359884873 7.0601640292401475 26.098859811683553
763 7789.198655379058 1118.31851039739 214.84614412162 52.80937654216738 7787 7792 1116 1121 28.0 1.4907697953120225 1.363637342160956 -53.794225631848875 0.40408765988706863 0.206194978556973 0.511413930779014 0.0 10.45347766349766 1.2891868 30.08509278242096 3.8317672383825805 2.768807117230701 0.13635619025522533 2.985410660720923 31.08361149312755 5.801688489294138 27.668671319560623
764 10068.496441799403 1116.9521526475376 214.82583421391251 52.79488482047601 10068 10069 1116 1118 6.0 0.7967737949006981 0.4998574945661308 -88.94779629318926 0.7787359548126702 0.8078530989117222 1.0332131592536564 0.0 5.6757792633824815 0.5372543 18.93243921426416 1.8081039709845454 3.0642428311612266 0.057705832565895836 1.381976597885342 19.405598466050918 2.7981963189328125 28.18018239783482
765 1972.2081576013172 1121.623912215726 214.89804030799763 52.846344112024276 1966 1979 1117 1127 128.0 3.2034999819508805 2.463445020988062 -10.582090683119741 0.6392662259924431 0.21375690762342361 0.9071643894279005 0.0 58.794465231561375 2.1978319 95.1197230925967 5.293706363501094 2.137692421158965 0.23248701152596996 6.383076486422923 107.91362227054972 8.499198951625079 26.317309323799844
766 737.7778889196421 1120.4125372667797 214.90908472990156 52.85417580113449 737 738 1119 1122 4.0 1.156846895335276 0.2571206604929844 -73.1683453247945 0.9749874576275571 0.22542858072881214 0.27659833260785976 0.0 1.0149362218469862 0.41866374 15.2234633159111 1.852098445540385 3.9002972575969155 0.05830848881355181 1.1283791670955126 27.168198440201184 2.917448517967411 27.814847898197094
767 4292.191841311427 1126.7399262281792 214.87726438186434 52.83163780460599 4285 4300 1119 1134 198.0 3.7228933120304766 2.8405937047417207 44.06165955087279 0.6463902060813842 0.1289738812067875 1.3891843898156153 0.0 104.07711707629821 2.723616 136.52719893205017 5.369712915114768 1.9115052628635458 0.3389902037945189 7.938851142601841 147.8911591523914 8.642730682535865 25.975144467747658
768 10262.51413084508 1120.4763118314247 214.82406776184052 52.7936707221249 10262 10263 1120 1121 4.0 0.5004700839143926 0.49876736560601936 -38.867328419328196 0.08241905520667 0.2422540618521814 0.28170100490455874 0.0 1.0430452631815403 0.40054256 12.846483755815278 1.8795670364474824 4.020389857303577 0.041004788154306866 1.1283791670955126 26.410118070109597 2.951423602903762 27.84557414303698
769 977.5123866604868 1123.488191842659 214.9069096531409 52.852670245908485 975 979 1122 1126 17.0 1.474633945398875 0.9547894306957824 45.008908461574194 0.7620862201975812 0.22200044299503358 0.274668622591023 0.0 4.411425475179131 0.819023 58.231261630609225 3.867715655016956 3.6720963173644616 0.02926935650621932 2.326213245840639 116.50937678479671 6.217381438721875 26.234097802002196
770 1769.2931970784205 1124.4433961360346 214.8998237720148 52.84764784126286 1767 1772 1122 1127 30.0 1.6779962785708489 1.2801534847051503 42.65967392947761 0.646509384633721 0.19857165393844792 0.3551939973406732 0.0 8.108772516443205 1.0707253 18.237250049036614 3.146500413658424 2.4544397803671996 0.10085199859301253 3.0901936161855166 21.778822957315736 5.066158945429538 28.054913988787156
771 7396.353889941891 1125.2923671582823 214.84957513901907 52.81191022356736 7394 7399 1122 1129 38.0 1.9933003371438196 1.472289068236542 -67.30592993066111 0.674123352284163 0.21739016206834982 0.3379971304080216 0.0 11.170674720310362 1.1904392 86.94438868843645 5.279972880412005 3.4689723118636744 0.0626632102905922 3.477898169151024 148.6016022635329 8.35237557481232 25.969941269667757
772 10174.730248224976 1126.633978946331 214.8247855055148 52.79426183127139 10171 10178 1122 1131 62.0 2.1662780798310908 1.8481256219346065 -70.34543446506368 0.5216917374222808 0.23224517483859494 0.7969966579664541 0.0 28.78049213122588 1.5865855 46.41282581132257 3.46111399577836 1.9631097092972458 0.19656931899276922 4.442433223290478 48.85527957059355 5.575867087663803 27.177721242888605
