outputs/dr0.5_c0.1/nircam2_detect_f277w_f356w__dr0.5_c0.1.ecsv
# %ECSV 1.0
# ---
# datatype:
# - {name: label, datatype: int64}
# - {name: xcentroid, datatype: float64}
# - {name: ycentroid, datatype: float64}
# - {name: sky_centroid.ra, unit: deg, datatype: float64}
# - {name: sky_centroid.dec, unit: deg, datatype: float64}
# - {name: bbox_xmin, datatype: int64}
# - {name: bbox_xmax, datatype: int64}
# - {name: bbox_ymin, datatype: int64}
# - {name: bbox_ymax, datatype: int64}
# - {name: area, unit: pix2, datatype: float64}
# - {name: semimajor_sigma, unit: pix, datatype: float64}
# - {name: semiminor_sigma, unit: pix, datatype: float64}
# - {name: orientation, unit: deg, datatype: float64}
# - {name: eccentricity, datatype: float64}
# - {name: min_value, datatype: float64}
# - {name: max_value, datatype: float64}
# - {name: local_background, datatype: float64}
# - {name: segment_flux, datatype: float64}
# - {name: segment_fluxerr, datatype: float32}
# - {name: kron_flux, datatype: float64}
# - {name: kron_fluxerr, datatype: float64}
# - {name: near_border, datatype: bool}
# - {name: detmap, datatype: int32}
# meta:
#   __serialized_columns__:
#     area:
#       __class__: astropy.units.quantity.Quantity
#       unit: !astropy.units.Unit {unit: pix2}
#       value: !astropy.table.SerializedColumn {name: area}
#     eccentricity:
#       __class__: astropy.units.quantity.Quantity
#       unit: !astropy.units.Unit {unit: ''}
#       value: !astropy.table.SerializedColumn {name: eccentricity}
#     orientation:
#       __class__: astropy.units.quantity.Quantity
#       unit: &id001 !astropy.units.Unit {unit: deg}
#       value: !astropy.table.SerializedColumn {name: orientation}
#     semimajor_sigma:
#       __class__: astropy.units.quantity.Quantity
#       unit: !astropy.units.Unit {unit: pix}
#       value: !astropy.table.SerializedColumn {name: semimajor_sigma}
#     semiminor_sigma:
#       __class__: astropy.units.quantity.Quantity
#       unit: !astropy.units.Unit {unit: pix}
#       value: !astropy.table.SerializedColumn {name: semiminor_sigma}
#     sky_centroid:
#       __class__: astropy.coordinates.sky_coordinate.SkyCoord
#       dec: !astropy.table.SerializedColumn
#         __class__: astropy.coordinates.angles.Latitude
#         unit: *id001
#         value: !astropy.table.SerializedColumn {name: sky_centroid.dec}
#       frame: icrs
#       ra: !astropy.table.SerializedColumn
#         __class__: astropy.coordinates.angles.Longitude
#         unit: *id001
#         value: !astropy.table.SerializedColumn {name: sky_centroid.ra}
#         wrap_angle: !astropy.coordinates.Angle
#           unit: *id001
#           value: 360.0
#       representation_type: spherical
#   astropy version: '5.1'
#   make_catalog parameters:
#     ab_zpt: 31.4
#     coadd_bands: !!python/tuple [f277w, f356w]
#     deblend_contrast: 0.001
#     deblend_nlevels: 32
#     deblend_npixels: 1
#     detect_kernel_fwhm: 4.0
#     detect_kernel_npix: 7
#     detect_npixels: 4
#     detect_threshold_nsigma: 3.0
#     flag_isolated_buffer: 4
#     hst_bands: !!python/tuple [f606w, f814w, f125w, f140w, f160w]
#     jwst_bands: !!python/tuple [f115w, f150w, f200w, f277w, f356w, f410m, f444w]
#     near_border_kernelsize: 21
#     reference_band: f200w
#   make_catalog version: 1.4.0
#   photutils version: 1.5.0
# schema: astropy-2.0
label xcentroid ycentroid sky_centroid.ra sky_centroid.dec bbox_xmin bbox_xmax bbox_ymin bbox_ymax area semimajor_sigma semiminor_sigma orientation eccentricity min_value max_value local_background segment_flux segment_fluxerr kron_flux kron_fluxerr near_border detmap
[from data line 2427]
2428 4481.298674858907 4638.4866786861585 214.89488852396914 52.92254112578023 4479 4484 4636 4641 34.0 1.4359138279551444 1.4108083600165506 -76.03238302052033 0.18617798500481764 0.5573409682722243 2.617883391037152 0.0 46.98831676136702 1.4615233 58.55205347476343 2.330801065412201 False 128
2429 836.1726005616207 4645.447411374006 214.9274575544026 52.945721859544264 834 838 4643 4648 26.0 1.5489411815485155 1.2117668803317398 -70.51731350476994 0.6228773638296009 0.22658422780575707 0.3741354553698916 0.0 7.733706127027763 0.38826025 31.464447068623908 1.3740613834434718 False 544
2430 9204.413722272317 4658.276270217126 214.8524360809708 52.89264710918649 9188 9221 4645 4671 627.0 6.394233132083908 4.859280985267569 5.470462331314672 0.6499845502686542 0.23766974072937413 2.686920201412822 0.0 478.7013099690094 2.146945 697.0835797154775 4.480586312622922 False 257
2431 1460.1183111807045 4652.725902322241 214.92179093275706 52.94180031326905 1453 1466 4647 4658 111.0 3.310799984914095 2.2687916970756725 -27.617159063728632 0.7282891688378348 0.20717016320283194 0.5608881911343135 0.0 39.450073195052674 0.75951886 78.36970150728021 2.0767162746530987 False 544
2432 7397.996236709485 4648.501467954095 214.86868890078193 52.90407036398023 7397 7399 4648 4649 6.0 0.811573824163121 0.4999974515902516 -0.05622437108652406 0.7876806478317003 0.2330734571226319 0.2439563729750239 0.0 1.4268339115202817 0.18695807 16.089704856598757 0.8127513040052372 False 260
2433 9253.901783190855 4651.519080869044 214.8520649244818 52.892296249115596 9251 9257 4649 4654 32.0 1.7276072071991193 1.349504123351018 29.732563330915475 0.6243551628699011 0.2509153393924473 0.4224387497847629 0.0 10.706262677281693 0.50796926 32.37406072718005 1.7021357535200194 False 257
2434 3208.661745144815 4656.859127861135 214.90608759002583 52.93072136336 3205 3212 4650 4663 93.0 3.3582311398926787 1.9592861182073837 -85.67835255764119 0.8121648568281232 0.22156446008683703 0.44162190760011055 0.0 28.879734121229408 0.7212588 86.56848185465589 2.3792569289564574 False 640
2435 9174.268649455844 4652.108999472184 214.85277046422252 52.892805379499045 9172 9177 4650 4654 21.0 1.6059607714932838 1.027422569931468 -27.912843002725104 0.7685783203059289 0.2317429391301274 0.2656554097069403 0.0 5.209532350927785 0.35521027 60.094004416811536 1.694952979459839 False 257
2436 3366.6193167569663 4656.756558083696 214.90467441110644 52.92971785687222 3365 3368 4653 4661 23.0 2.097147972458358 0.8636320732514415 -72.73716009437872 0.9112685321346444 0.22500233182039953 0.27965629782214263 0.0 5.772805675885769 0.36552233 45.75851101653717 1.578511621172303 False 640
2437 1080.2069557044777 4667.3186240023415 214.92504071874185 52.94429082575037 1065 1094 4656 4682 601.0 5.087023990888002 4.8489173113351125 70.54486120230186 0.30236151459891003 0.20851783122808784 5.0822351654578135 0.0 604.9422953079967 1.8571091 676.5308646778284 2.6848142579316976 False 544
2438 8305.717012778094 4657.992071073686 214.86047260386633 52.898355175581564 8305 8307 4657 4659 7.0 0.7500623342345758 0.6947003159855665 88.51363568477827 0.37705686548223283 0.24918541351634502 0.2771089834953748 0.0 1.8281743928556118 0.21986157 15.251957298877981 0.9299049328992005 False 257
2439 1344.5037014643137 4661.001430994757 214.9227394718558 52.94257893700859 1342 1347 4658 4664 32.0 1.848703838624788 1.2617037396040336 62.48799112876946 0.7309040947666039 0.22506803117834293 0.3474221784697712 0.0 9.057519965303197 0.4137635 24.801190799137093 1.297404006878098 False 544
2440 6962.201183312766 4661.984387735786 214.8724443079507 52.90691131929992 6960 6965 4659 4666 35.0 1.8355003541557549 1.3722910543073539 -80.9469176735387 0.6641057222836485 0.21980122349927902 0.41451828423276094 0.0 10.952778580781843 0.4485069 30.184535788000424 1.4196681655045658 False 260
2441 9234.158878475331 4661.030672449892 214.85214121572207 52.89247297558249 9232 9236 4659 4663 18.0 1.3180718320848956 1.042018925329754 -38.194835263577524 0.6123806159779498 0.24229334918867143 0.3072913368868001 0.0 4.961618615064553 0.35929775 37.360335603476415 1.4965271887096516 False 257
2442 1121.972000380681 4666.004621066673 214.92468038219232 52.94401860583059 1115 1129 4661 4670 83.0 3.8417411116500024 1.605039034522592 -24.971938130224075 0.9085438610942955 0.20795403127592357 0.3692260004988017 0.0 22.3312685059099 0.6430617 87.92333678079994 2.4540331965318978 False 544
2443 3881.5012618942887 4664.254874738894 214.8999859320642 52.92648895744037 3878 3885 4661 4668 48.0 1.8306596867007574 1.8230836888775075 86.95399101128716 0.09088272140290697 0.22573688928227414 0.46598554760959876 0.0 15.812667148648668 0.51138455 29.61726426751622 1.262810453045902 False 640
2444 8347.831106449812 4664.705110957723 214.86002539694317 52.89812383198373 8345 8351 4661 4668 47.0 1.9573108391018395 1.6696114618764455 -66.87499054458397 0.5218897720768675 0.24859153377274892 0.5633540914594298 0.0 18.33391868970881 0.6246358 68.72010547366969 2.0707370218513654 False 257
2445 2201.8690173566993 4662.881982360971 214.91503991303787 52.93714611594901 2201 2203 4662 4664 8.0 0.8633902775195476 0.6832046788315984 -45.30466293707698 0.6114221663589133 0.21035977994720323 0.22114334953085682 0.0 1.7308949581465534 0.19915475 27.60135229690026 0.9400007011573592 False 544
2446 3340.334029360383 4669.09563722977 214.90477977464093 52.92995135018973 3334 3346 4662 4676 144.0 3.1322574212663112 2.736509089361836 55.91341311400109 0.48654780239477596 0.21747004445017093 1.0675508478270643 0.0 75.13220246404444 0.933957 109.14937999521777 1.9696785124171645 False 640
2447 3814.556554875574 4675.03980285297 214.90047161494834 52.92697225088468 3804 3825 4663 4687 396.0 4.9129120858068145 3.9619248331372825 81.76967965056501 0.591328138820066 0.2182434439162419 2.586809764043906 0.0 318.0241941302975 1.5525931 373.89904444541463 2.510824266798717 False 640
2448 9506.573619352559 4664.864459101395 214.8496661417397 52.890762829237936 9505 9508 4663 4667 14.0 1.4909858913726641 0.7519102756662908 -61.0683228823291 0.8635261373420128 0.24732852963200277 0.2572343013445081 0.0 3.530678201796727 0.30532852 70.79502114344064 1.5617493554375783 False 257
2449 373.6968988087818 4677.398101180738 214.93126495032496 52.94883001977898 366 381 4669 4685 201.0 3.469389591332267 2.9612054490908895 53.03750971588949 0.5210543954827933 0.21290920590784349 1.9647202901812868 0.0 138.1969686176812 1.0585666 172.9294191225111 1.9260066643779299 False 544
2450 202.5918488195562 4672.621839302595 214.93284858683322 52.94989031874494 201 204 4671 4674 10.0 0.969720515623055 0.824257673403275 47.168103393603154 0.5267906160865308 0.22367839904446757 0.2676621535976386 0.0 2.4518076835210434 0.23807895 15.377353558803703 0.9686140677019979 False 544
2451 861.7230496086762 4677.0708175125865 214.9268954855208 52.94573040134532 858 866 4671 4683 86.0 2.9573603641958806 1.9633769199420785 80.07521478831832 0.7478257529064266 0.21323473112611596 0.5446137222815616 0.0 29.902653661693588 0.67976 57.4961788988664 1.7545626407447397 False 544
2452 1846.102460748659 4675.19755252704 214.91809668043885 52.93947123713581 1841 1851 4671 4680 90.0 2.500862012856259 2.266265889771617 -13.143592144795539 0.42286241685608006 0.22286692687942652 0.7846238184045561 0.0 38.905470783773445 0.74174523 59.90273183140595 1.610681087521084 False 544
2453 1105.630187613459 4674.462923937949 214.924737685673 52.94416800834741 1104 1107 4673 4676 13.0 1.2060579578570636 0.8111914065349467 50.33452002483545 0.7400086366498441 0.2233200419265903 0.2642302506022975 0.0 3.1589547967939167 0.2684465 25.10774324393335 1.1161465661919907 False 544
2454 3891.99918395556 4684.081308117783 214.89968311666365 52.92652929007217 3884 3901 4673 4693 201.0 5.7035446317529495 2.384150956863575 -46.14110983645101 0.9084414356760472 0.21950068706520873 0.6177113513636878 0.0 76.17976929067369 1.0738856 127.87525641530009 2.474811993036618 False 640
2455 6232.489957937315 4674.010056121966 214.87884472441894 52.91161113571566 6232 6233 4673 4675 6.0 0.8082601172967326 0.49983991379728415 89.30582879416924 0.7858519553953041 0.21258346314322898 0.24231304924930444 0.0 1.3700028761732312 0.18050659 11.189627610703718 0.7262790311018729 False 260
2456 7364.845655792629 4676.932737095948 214.86868592143713 52.90443429734281 7361 7369 4673 4681 65.0 2.113012384635111 1.9762663979480821 -11.257452020246564 0.35389841019852636 0.2348032197253751 0.7437448035362042 0.0 27.942354611412107 0.63021785 51.094190279998635 1.6537522715114352 False 260
2457 7970.825888140004 4676.563211008686 214.8632711818416 52.90058282611826 7968 7974 4673 4680 47.0 2.2369786511770227 1.5340681470330353 55.51980036282679 0.727811876707827 0.24519341797134325 0.4148365549747449 0.0 15.239477183606896 0.5865728 53.73618878686507 2.1385502914908794 False 260
2458 7876.022092266811 4679.618929033651 214.86408666517278 52.901201562381736 7872 7880 4676 4683 47.0 2.1979266962538424 1.5339922692410468 -32.69744547128264 0.7161689579984087 0.24881135302536078 0.4731281352003714 0.0 16.415096227245975 0.58234316 43.58093710446552 1.7930414686571385 False 260
2459 8196.883662830844 4680.4450207809605 214.8612091542935 52.89916767000421 8193 8201 4677 4684 57.0 2.1549946013869814 1.8675122750526303 19.317064952875587 0.4990083195951512 0.24981490308419427 0.4851150337360144 0.0 20.078936315463192 0.63003165 45.35365996724198 1.8472471576767011 False 257
2460 6964.598933105042 4687.895919996518 214.87214996058506 52.9070358578358 6959 6971 4679 4695 144.0 4.050942758167718 2.248174853513366 64.95331259927349 0.8318665492700398 0.22243193231099243 1.0346837523953958 0.0 68.45808839049927 0.93693876 108.10466309075423 2.2065468384282836 False 260
2461 9151.067095332419 4684.16484973932 214.85264025610067 52.893125646742796 9146 9156 4679 4689 96.0 2.768371814212079 2.2687668982788094 -37.0431663645356 0.5730346558684309 0.23296718918118714 0.7227928828131406 0.0 41.614000945198796 0.8213914 71.80508603310912 2.0101774472352645 False 257
2462 1219.0492770882342 4690.605135373781 214.92355151539428 52.943535160137394 1211 1229 4682 4697 166.0 4.998613007643781 2.266863962656419 -35.105054406553236 0.8912569925329198 0.2123363934912239 0.7433586968123926 0.0 63.84526366860972 0.9327238 103.39490687061581 2.311204222434238 False 544
2463 7137.654956406223 4697.096770179086 214.87050532362937 52.905986221838184 7125 7150 4682 4712 445.0 7.236705149719813 3.1521134083023927 -52.04061794827744 0.9001534076603264 0.22988602957042692 2.5565417013407115 0.0 343.8219882408873 1.7108642 424.2414468761734 3.1304426092214106 False 260
2464 630.2767355024204 4687.069776689757 214.92886392358199 52.94725356210884 627 633 4683 4691 45.0 2.0256176575589895 1.581711597369085 84.60589263554806 0.6247135916168834 0.20933118342124865 0.40490972217064053 0.0 13.22236640814176 0.47198936 49.58554185458443 1.7139887817735096 False 544
2465 7488.840588221977 4688.3440394279305 214.86745690703816 52.90370819069578 7483 7495 4683 4694 120.0 2.730750678693699 2.4440760350667374 -45.28266090767936 0.44602632916267293 0.23570370972644558 1.5514267534736859 0.0 79.94800132487836 0.9058344 104.41197635781089 1.7423933073016413 False 260
2466 1255.0815961627152 4690.301222689497 214.92323191150805 52.9433047810016 1249 1261 4684 4697 106.0 3.789293270271448 1.805394048564059 42.936862383242904 0.8792036747405161 0.20934124212341532 0.7089537634213435 0.0 41.18832585082106 0.75469875 69.82688144796207 1.8185934074969587 False 544
2467 3064.9703753340714 4709.007636857012 214.90682485445205 52.931915171952234 3048 3084 4686 4735 1321.0 8.50646695700579 4.935119003514599 -74.83372048676318 0.8145019345131277 0.21208527601946991 18.03832987045512 0.0 2319.3731900938074 2.969603 2394.922244958453 3.3754613865307457 False 640
2468 2905.063497221918 4689.837898714522 214.90845862186427 52.932827011641855 2903 2907 4687 4692 19.0 1.6620999128577483 0.8667755743961935 53.16316943395319 0.853254786290239 0.22882591582846956 0.2837850829801949 0.0 4.839955384866698 0.3285314 26.78340275958076 1.3067739428934837 False 640
2469 1052.8191535287963 4690.450450440593 214.9250424074782 52.94458956681005 1051 1054 4689 4692 11.0 1.1187213534073082 0.7454218473857679 48.846999340948074 0.7456695617167867 0.2145455372898941 0.24269184045187164 0.0 2.500559690861533 0.23398454 20.20314175391912 1.0217669881258786 False 544
2470 1405.9047034789282 4691.563020520224 214.92186746561524 52.94235413607692 1403 1409 4689 4694 35.0 1.711642923975553 1.4443050043539192 26.495248190350527 0.5366387477517534 0.213326915117429 0.38745911943768746 0.0 10.065889064844969 0.42539415 26.280468095473168 1.3588359606966414 False 544
2471 3431.9299550286514 4695.803599151122 214.90367837124762 52.92951389344463 3426 3439 4689 4703 165.0 3.408524113352902 2.5797613387218585 -50.37278986713289 0.653581866502579 0.2307961762430023 1.776709274238426 0.0 111.2281374695132 1.0189046 142.20073510991472 1.839685050774189 False 640
2472 7245.1838160602965 4713.856375889891 214.86936716224764 52.90539357811547 7224 7264 4689 4738 1321.0 8.948654608928395 4.922722184970482 59.23753257852501 0.8350938375900376 0.22124545631899675 13.6493301755112 0.0 1845.6448505212722 3.1504002 1971.7889528097153 3.881372833894874 False 260
2473 8645.341535188667 4694.3984901159165 214.85705301220003 52.89639386838482 8639 8651 4689 4700 114.0 3.043224189878522 2.351935781853277 -41.77740782390405 0.6345967638371085 0.23766752164927096 0.8661243463066143 0.0 53.689892092054876 0.90166277 89.24482472050735 2.224559884451553 False 257
2474 7099.431519630829 4701.182678407312 214.87080413633333 52.90625106118702 7091 7108 4690 4712 283.0 5.31622082191925 2.995723317201337 -60.41549953235777 0.8261118439916365 0.23477126722604885 1.5706879363174613 0.0 176.1060211952405 1.4063082 230.69830845198413 2.63996748144046 False 260
2475 4315.676739342615 4694.6111393592955 214.89577975462197 52.923895723613235 4312 4319 4691 4698 53.0 2.139715589275377 1.7150815991430097 -44.42605907242385 0.5979324085633708 0.22457765543341998 0.47176795419273826 0.0 17.48354596304258 0.5564209 36.83623452201559 1.4757713249685203 False 640
2476 8165.552803343718 4698.165096463139 214.86130264956319 52.89946227621176 8159 8172 4692 4705 149.0 3.4679426722511946 2.43019744463839 -47.1946069487318 0.7133965512485004 0.23504160017654624 1.4928234910435167 0.0 95.23258678255829 1.0409435 145.91981858209556 2.3340770289055 False 256
2477 9533.495957979643 4693.010951540398 214.84912912413847 52.89074353969443 9533 9534 4692 4694 6.0 0.8146310174621069 0.49997947769728185 89.81777696140922 0.7895007305337534 0.2477347183929473 0.26061863473182645 0.0 1.5354705285401868 0.20167086 22.455363949615613 0.9051199434881998 False 257
2478 10233.416549469646 4703.737201477948 214.84276159401577 52.886354084714235 10225 10242 4692 4717 367.0 4.627451849747115 3.2078480908140516 88.52705040635605 0.7207248143609096 0.22452250818363045 5.529351632557713 0.0 464.49564105239966 1.5780743 514.03515229973 2.2437277364475947 False 257
2479 408.29453983313095 4702.192035711871 214.93069371867708 52.948744277722646 400 416 4693 4711 222.0 4.5702397457992925 2.6255077568435006 -54.07499112000873 0.8185191675720316 0.20605341285072143 1.6439053663210181 0.0 140.33726036180184 1.1082432 173.9328691102745 1.980330017392454 False 544
2480 2093.123955112119 4697.84723646146 214.91564554701003 52.93802525011825 2089 2097 4693 4702 58.0 2.282345869702814 1.9350574814503978 -67.24946776704708 0.5302567945304407 0.22139977535499084 0.3379308760179603 0.0 16.298340411946246 0.5799906 90.16184476182357 2.3058271279642675 False 544
