outputs/dr0.5_c0.1/nircam1_matched_f277w_f444w_dr0.5_c0.1.ecsv
# %ECSV 1.0
# ---
# datatype:
# - {name: label, datatype: int64}
# - {name: xcentroid, datatype: float64}
# - {name: ycentroid, datatype: float64}
# - {name: sky_centroid.ra, unit: deg, datatype: float64}
# - {name: sky_centroid.dec, unit: deg, datatype: float64}
# - {name: bbox_xmin, datatype: int64}
# - {name: bbox_xmax, datatype: int64}
# - {name: bbox_ymin, datatype: int64}
# - {name: bbox_ymax, datatype: int64}
# - {name: area, unit: pix2, datatype: float64}
# - {name: semimajor_sigma, unit: pix, datatype: float64}
# - {name: semiminor_sigma, unit: pix, datatype: float64}
# - {name: orientation, unit: deg, datatype: float64}
# - {name: eccentricity, datatype: float64}
# - {name: min_value, datatype: float64}
# - {name: max_value, datatype: float64}
# - {name: local_background, datatype: float64}
# - {name: segment_flux, datatype: float64}
# - {name: segment_fluxerr, datatype: float32}
# - {name: kron_flux, datatype: float64}
# - {name: kron_fluxerr, datatype: float64}
# - {name: kron_radius, unit: pix, datatype: float64}
# - {name: gini, datatype: float64}
# - {name: equivalent_radius, unit: pix, datatype: float64}
# - {name: kron4_2_flux, datatype: float64}
# - {name: kron4_2_fluxerr, datatype: float64}
# - {name: kron4_2_mag, datatype: float64}
# meta:
#   PHOTMJSR: 0.3925000131130219
#   PIXAR_SR: 2.11539874851881e-14
#   __serialized_columns__:
#     area:
#       __class__: astropy.units.quantity.Quantity
#       unit: !astropy.units.Unit {unit: pix2}
#       value: !astropy.table.SerializedColumn {name: area}
#     eccentricity:
#       __class__: astropy.units.quantity.Quantity
#       unit: !astropy.units.Unit {unit: ''}
#       value: !astropy.table.SerializedColumn {name: eccentricity}
#     equivalent_radius:
#       __class__: astropy.units.quantity.Quantity
#       unit: !astropy.units.Unit {unit: pix}
#       value: !astropy.table.SerializedColumn {name: equivalent_radius}
#     kron_radius:
#       __class__: astropy.units.quantity.Quantity
#       unit: !astropy.units.Unit {unit: pix}
#       value: !astropy.table.SerializedColumn {name: kron_radius}
#     orientation:
#       __class__: astropy.units.quantity.Quantity
#       unit: &id001 !astropy.units.Unit {unit: deg}
#       value: !astropy.table.SerializedColumn {name: orientation}
#     semimajor_sigma:
#       __class__: astropy.units.quantity.Quantity
#       unit: !astropy.units.Unit {unit: pix}
#       value: !astropy.table.SerializedColumn {name: semimajor_sigma}
#     semiminor_sigma:
#       __class__: astropy.units.quantity.Quantity
#       unit: !astropy.units.Unit {unit: pix}
#       value: !astropy.table.SerializedColumn {name: semiminor_sigma}
#     sky_centroid:
#       __class__: astropy.coordinates.sky_coordinate.SkyCoord
#       dec: !astropy.table.SerializedColumn
#         __class__: astropy.coordinates.angles.Latitude
#         unit: *id001
#         value: !astropy.table.SerializedColumn {name: sky_centroid.dec}
#       frame: icrs
#       ra: !astropy.table.SerializedColumn
#         __class__: astropy.coordinates.angles.Longitude
#         unit: *id001
#         value: !astropy.table.SerializedColumn {name: sky_centroid.ra}
#         wrap_angle: !astropy.coordinates.Angle
#           unit: *id001
#           value: 360.0
#       representation_type: spherical
#   astropy version: '5.1'
#   kernelfile: kernel_f277w_f444w.fits
#   make_catalog parameters:
#     ab_zpt: 31.4
#     coadd_bands: !!python/tuple [f277w, f356w]
#     deblend_contrast: 0.001
#     deblend_nlevels: 32
#     deblend_npixels: 1
#     detect_kernel_fwhm: 4.0
#     detect_kernel_npix: 7
#     detect_npixels: 4
#     detect_threshold_nsigma: 3.0
#     flag_isolated_buffer: 4
#     hst_bands: !!python/tuple [f606w, f814w, f125w, f140w, f160w]
#     jwst_bands: !!python/tuple [f115w, f150w, f200w, f277w, f356w, f410m, f444w]
#     near_border_kernelsize: 21
#     reference_band: f200w
#   make_catalog version: 1.4.0
#   photutils version: 1.5.0
# schema: astropy-2.0
label xcentroid ycentroid sky_centroid.ra sky_centroid.dec bbox_xmin bbox_xmax bbox_ymin bbox_ymax area semimajor_sigma semiminor_sigma orientation eccentricity min_value max_value local_background segment_flux segment_fluxerr kron_flux kron_fluxerr kron_radius gini equivalent_radius kron4_2_flux kron4_2_fluxerr kron4_2_mag
[from data line 651]
652 1975.1691859889258 944.9021810035196 215.02857133010997 52.99082737167737 1969 1980 940 951 86.0 3.3970608403111715 1.7970565599042232 45.204703658050185 0.848619736499035 0.1972282066488782 0.47409349852514016 0.0 28.239782132679586 1.6214639 126.68161753968585 5.671396273835364 3.18814543020844 0.13154650604708273 5.232078956954491 237.6921313916922 9.062803751785376 25.459962987515173
653 8318.937703384458 941.6804699901783 214.97166586740613 52.95057557437922 8317 8321 940 943 16.0 1.3056914569765157 0.9206576837647698 -18.272387957124224 0.7090967358766721 0.28385758295230246 0.3502284659409499 0.0 4.976948171736103 0.72250664 25.313032675782004 2.9211205631877624 3.2944872970097183 0.03983894380385456 2.256758334191025 17.83325702449402 4.720439225874483 28.271923327621607
654 1226.7032576547267 941.428029436712 215.035332857911 52.99555380194428 1225 1228 941 942 7.0 1.0315629485468123 0.4754059346211286 8.615840452532687 0.887472934002209 0.27857858034926003 0.3015511371383861 0.0 2.0332801853986533 0.4083951 20.93264802432099 1.7370092612021593 3.7240561893066353 0.01614188813855731 1.4927053303604616 36.98489906387557 2.841371010878826 27.479938905502497
655 2574.9077573517757 948.6404758657162 215.0231443934788 52.987045010311654 2560 2589 943 956 281.0 6.225459288206292 2.519879596794756 -0.9051631192343964 0.9144184981679438 0.14718244122038432 1.5425030048698316 0.0 142.17631887685457 2.6519663 181.29966998798642 4.838590628611179 1.7236805229274823 0.3389989737131916 9.45754080179648 183.1630434022552 7.751224924359468 25.742905372324913
656 4056.301211930916 947.6552820512774 215.00985119151633 52.97764601598984 4048 4065 943 953 132.0 3.882327261531802 2.181950603348886 -10.08639235974551 0.8271227608945322 0.16117813099773026 0.7217184905426738 0.0 53.130431793619564 1.8901402 103.64605035365025 5.1196484110288845 2.4727601413496116 0.20481180510022567 6.4820448144285745 126.73646722203289 8.232824735299623 26.142746007492793
657 4458.310185358141 995.6837911753375 215.0057361297122 52.97535621396142 4399 4501 945 1052 8000.0 12.456956389064652 10.253555774621093 -69.50433112031486 0.567869120490037 -0.11493177403628026 217.8281174477293 0.0 39074.90055810072 20.462158 37967.52607720335 18.057011133761755 1.4 0.821513898954035 50.4626504404032 40037.1073149683 24.63812293955829 19.893843269698152
658 792.3947443900747 947.7392350165543 215.03916929808736 52.998341245795864 791 794 947 949 8.0 0.9958101863962455 0.5992924178128726 19.635174061002683 0.7986363519537993 0.2466551711929788 0.3019157789829636 0.0 2.193586592885099 0.4407547 9.600719393168466 1.7072756897449437 3.2234099562099017 0.051376571869801706 1.5957691216057308 7.69287586528157 2.7759443978943046 29.184778188552773
659 6778.511643102662 948.4999166797927 214.98541065175417 52.96038486322175 6778 6779 948 949 4.0 0.5003260823610839 0.499538029110259 -49.953101064357305 0.05610416834988713 0.25864467625260235 0.27182055388799237 0.0 1.0607536958454842 0.33285156 7.869530065818024 1.422479079778619 3.8497367438553125 0.016042895986674466 1.1283791670955126 6.556252302709362 2.303349907083734 29.358360854819864
660 6978.879655076508 952.2772997392942 214.98357335278035 52.959134234938006 6977 6980 948 957 29.0 2.6057755969184635 0.8480281941972418 89.77160467112137 0.9455620875462708 0.2258316941175903 0.3379090490915536 0.0 8.410742320604829 0.95881975 32.271563488667304 3.490231249463388 2.9530624138722064 0.06055555811114683 3.0382538898732494 43.239839606002874 5.750766058523422 27.310289814222642
661 7191.076303629909 953.5352630353639 214.98165658501998 52.95779492596901 7184 7199 948 959 138.0 3.5255246802768685 2.3162023159031007 -20.384587083849503 0.7539072356481971 0.151256033007967 1.1478808980725226 0.0 69.17121434503667 2.1008613 146.12598819186533 5.901193985301041 2.6070960429369645 0.273830133438644 6.627726932618989 200.69191978309289 9.486007884314919 25.643675281589676
662 225.56662165267747 955.5348265520124 215.04418173421482 53.00197664125156 218 233 950 960 125.0 3.1377202863557105 2.1893777795463025 7.804352019628206 0.7163309714269464 0.1797810933103509 1.3751752829036137 0.0 72.75449565658516 2.9108384 107.38942006583221 6.4678754465111545 2.174874927617774 0.31484407972581824 6.3078313050504 141.39871919584618 10036497.66737333 26.023886311013563
663 2135.351626611272 959.6632218781365 215.02697681266292 52.98989160055443 2128 2142 950 969 220.0 4.749957286046847 3.0201244484681506 -66.67541506552607 0.7718362253982228 0.22209027460757227 0.7891667471808083 0.0 91.40116898680327 2.4821835 214.9460349775456 7.13390866589284 2.659349886897615 0.19041072782502705 8.368283871884005 226.53955275038135 11.512413553435076 25.51213990309489
664 8286.855652901335 954.7868619915992 214.97181554424748 52.95084993100235 8283 8291 951 959 56.0 2.5463387536278352 1.5095112236963422 -37.88784810524486 0.805337684117421 0.22978155961402338 0.56419123608624 0.0 21.548899692990908 1.3434272 39.46170238539098 3.564574861289975 2.2013515473998813 0.14590766496571628 4.222008245644752 35.95783261745308 5.718797075806379 27.5105162338548
665 1864.482314982308 953.4562325965785 215.02947565421792 52.99157540250078 1863 1866 952 955 12.0 0.9446629029552109 0.9419508099180434 63.44329255861268 0.07572110175120318 0.21945527387089073 0.2750372329430988 0.0 2.93744758008461 0.59819543 19.001002942055344 2.2871039323081446 3.419835531379557 0.04562331789650382 1.9544100476116797 25.15040075041138 3.637922401690181 27.898637726092137
666 2447.2509496866724 956.8957148092999 215.0242041282597 52.98789906518978 2442 2452 952 962 88.0 2.5496897449615146 2.076852976338661 -22.90761973581497 0.5800915930711051 0.12430305020383906 0.7805053261328697 0.0 34.77052790783338 1.4291353 71.14657061443185 4.178306167977913 2.6006845127958433 0.2574832548835765 5.292567428401227 87.8294799625579 6.650758821299205 26.54089922173348
667 1030.3912967981953 963.8466543190058 215.03686081302516 52.99691959520123 1017 1044 954 978 470.0 5.15140896519754 4.0009784877352 -17.129300895069992 0.6298996374525123 0.16783249170896442 4.612635154680168 0.0 400.1369759012439 3.4263303 472.781959476235 5.891115386156 1.8600452119507513 0.47513088992966646 12.231338704589191 533.2096515567619 9.464518252038937 24.58275499520139
668 6319.424883284376 962.1553543920072 214.9893857511087 52.9633707915115 6315 6324 957 967 82.0 2.7084041933283305 2.09337481718291 69.68941988038495 0.6345057130877488 0.19744443376738938 0.4954009651104984 0.0 27.185002034910564 1.5412999 118.44208535375212 5.610096800399341 3.169325725925399 0.14207253890425045 5.108953969950291 217.39581296927554 9.093782261116443 25.556872061639147
669 8587.817908844587 960.0319455297465 214.9690615841542 52.948968783939 8586 8590 958 962 20.0 1.475389540062598 0.9922555646474792 -42.78292048006719 0.7400625699356005 0.20237493550560332 0.35574431428085546 0.0 5.890163286008957 0.8654192 19.60591573559686 3.056135306768701 2.938226576257425 0.08370419150979427 2.5231325220201604 24.050645113865826 4.871888238259933 27.947183174978534
670 9551.487365915555 968.1465171908217 214.9603365167245 52.94289810509251 9543 9562 960 979 308.0 4.756585345666323 3.7244252480209465 -41.69530294510285 0.622016696091307 0.21076186910199737 1.9506046013566503 0.0 232.09332848348913 3.5474246 316.7454911329571 7.567625010391226 2.0118385097118816 0.3186785502490879 9.901487006738307 358.5164492463815 12.200912026474523 25.01372728372094
671 3330.4418839550513 979.8229432874032 215.01603021039242 52.98242287469605 3309 3350 961 998 1131.0 7.137255236551851 6.070475525487827 -7.086012179033314 0.5259206813672469 0.1629344350471157 8.705160203495996 0.0 1219.5003128414608 5.846021 1365.814745957135 8.508422438058174 1.6980578889980553 0.5521171741887015 18.97388946088459 1513.092013126416 13.321299979156597 23.450336652879894
672 8816.79042546962 965.8262256552242 214.96694753298777 52.94754730662112 8812 8821 961 970 77.0 2.2795232392048668 2.2145519033818712 -1.7747931105391028 0.23704840571041358 0.25926695112831794 0.7882241374474827 0.0 34.52067507998992 1.715428 91.60520307413006 5.181319610002626 2.7951097583220217 0.1877515758114872 4.950743503369154 124.70800264691536 8.423732413473882 26.160264191205805
673 8618.395908434519 965.8332052522163 214.96872631614858 52.94880611715683 8612 8624 962 970 89.0 3.0483819501851723 1.9832883426302568 15.247751540860953 0.7594174906313452 0.24273661540354613 0.6861323882084416 0.0 38.93801646481988 1.6459538 81.20415656365446 4.981448659854987 2.4385386966995317 0.15320144859865317 5.322553886092406 86.64007060450237 8.055123729829258 26.555703006171136
674 1754.7298789629926 970.3356074508589 215.03028392269434 52.99236252554652 1744 1768 963 978 243.0 5.781718293068864 2.4290823101396746 -24.020294378387476 0.9074632083943363 0.15733406466530514 1.3480377495188773 0.0 119.33221783341709 2.5668435 180.30704114452357 5.808438876498531 2.1499503702436282 0.3080534526090844 8.79484521425256 195.27402819397977 9.242014268655984 25.673388787096513
675 6073.823636580315 966.494458171351 214.99154380448775 52.96495211064054 6068 6081 963 970 83.0 3.3362851772772553 1.8427368785609008 2.392448275932026 0.8336242698922778 0.24370049953876027 0.5435031339765451 0.0 30.25371482742174 2.6438103 76.25480645892841 inf 2.692916032883106 0.11661121444971408 5.140011726956917 97.99485004347176 inf 26.421991868331812
676 7161.128150387384 972.6066142488899 214.98172439220974 52.958087966050286 7147 7176 963 982 431.0 5.1542429041514985 3.337052672336192 7.552516096382919 0.7621181322286259 0.17097701906634222 6.388979736625568 0.0 533.012951569309 3.9075668 601.126635058884 5.829332666984156 1.7487137982004526 0.5075200030639747 11.71288013023329 665.7837274616668 9.244609089822507 24.341667059295506
677 3092.3671075367592 975.7397605153407 215.01821129718593 52.983910442683516 3080 3105 964 987 426.0 5.624041111634691 3.879205882382154 -36.181749812914816 0.724043622282682 0.24635904175035314 2.6268992687799253 0.0 329.88196358200446 3.3907204 460.1655704708704 6.959056899294683 2.068685635914314 0.3639552504952804 11.64474179680661 517.6724550395772 11.356328254963454 24.614862357212015
678 7075.322541924072 967.9830549896618 214.98254279753468 52.958607307458344 7072 7079 964 972 61.0 2.166952439900113 1.9183252970510822 -72.89324948747544 0.4650885884863799 0.22122939014731674 0.5275617289681621 0.0 21.02710075721419 1.289867 49.17443090480861 3.9951200788197374 2.623140524781003 0.14715794384017494 4.406461512053774 59.23075125238022 6.5618877431106135 26.968631897390797
679 9365.982758346465 967.7751714008633 214.9620033485143 52.94407318179506 9363 9370 964 971 52.0 1.5421785519833855 1.5299679752126352 -87.25390959652398 0.1255898070622046 -0.7708826402477581 19.545860492231373 0.0 356.3525941942986 1.5894544 325.04417793153624 2.202456831004028 1.492592239075708 0.4390766800158384 4.068428945128219 355.1174643049999 3.360022144310458 25.024069922563434
680 701.7949630406956 972.4114962738332 215.03972365087702 52.9990490379767 696 708 967 978 109.0 2.6702813351852535 2.289663437514825 -19.510799773372042 0.5145481289727288 0.11824815854309213 1.1183509474444937 0.0 52.51532431796391 1.6799577 77.77992287118767 3.6517213975942773 2.1064616392508126 0.3033681639369064 5.890312181373172 86.47477027787883 5.849188416365578 26.557776457562177
681 8406.918645924941 973.4128866773551 214.97054277335727 52.95018881908977 8403 8410 969 978 57.0 2.118754007630382 1.828053615349603 82.30977176936366 0.5055513227820999 0.24874981507914426 0.616340764667207 0.0 23.22476120590804 1.3878742 64.21734365493127 4.662443315359426 2.868454164922013 0.15295945773162392 4.259537945889915 87.5076720768074 7.441885277047863 26.544884673314016
682 3519.2460447326785 975.1430936694052 215.01438401092014 52.9812003272071 3515 3523 971 980 56.0 2.8160760162754155 1.5323801454691486 -58.32117050300669 0.8389850967927744 0.18054689216872008 0.3180947138892132 0.0 14.570500305457657 1.1931336 53.31957594996109 4.354559859599468 2.9689545661423797 0.07923725632908162 4.222008245644752 67.8695234005692 7.0455487734600295 26.82081300134834
683 6571.731161008214 974.4965587551701 214.98699203663375 52.96183704470727 6566 6576 972 977 42.0 2.792843865320882 1.1149379713964855 -22.055946739014296 0.9168584623227188 0.18848523264709607 0.3879180128972564 0.0 11.8263281370051 1.2190353 25.68268260202101 3.197117990764363 2.1862693135513633 0.11439878071937858 3.656366395715726 23.833155765264706 5.014799852082157 27.957046121504806
684 3409.2160026782685 987.4227911980596 215.0152427507107 52.98196444512827 3393 3428 974 1000 640.0 6.3307493857342125 3.759889076218679 -21.393444862835207 0.8045322195833872 0.15871216471752525 8.745194338930524 0.0 860.1459275660169 4.310206 937.0968473936697 5.893832615188336 1.6419293263146522 0.5424831683948919 14.27299292922217 1012.5535151922771 9.341546536312483 23.886455035743676
685 6985.933888025816 980.6329029848226 214.98321146038856 52.959242716116755 6980 6992 975 986 138.0 2.6115060108813912 2.3450304254557044 4.664710913583753 0.4400751384313752 0.13807780879806597 2.7623326466047144 0.0 114.16669316799201 2.0901222 136.39222509522034 3.615503328769985 1.8020439877622219 0.447149066841199 6.627726932618989 147.2109317496757 5.773254646266708 25.980149846221142
686 631.0951843882473 979.2743456248578 215.04028676778998 52.999534346290076 629 634 977 981 23.0 1.4074597646618878 1.2139692009202272 0.845442693189054 0.5060144902319552 0.27629566732911237 0.43471381689014943 0.0 8.160602528967612 0.7242024 33.65286395987762 2.683580589863413 3.0966097853159313 0.08274526127481242 2.7057581899030048 54.789201213658025 4.375769478251541 27.05326257803484
687 3893.4941235812403 995.3343325091695 215.01081082442175 52.97893623411873 3881 3907 979 1012 665.0 5.458124726211121 3.8929166588066533 65.9360264518351 0.7009266500044407 0.17668807037810344 12.87868791374368 0.0 1158.3257900653139 4.3976035 1200.5169840601832 5.23862134794852 1.5177815123965819 0.6019302111906903 14.549091872423544 1287.08262313765 8.330552719791362 23.625983932620535
688 10138.814380373457 986.8610334922924 214.95487507169696 52.93927226815774 10129 10149 979 993 206.0 4.851791514160333 2.554842406477659 26.642850168979646 0.8501273644579515 0.18452531376492573 1.059066929108722 0.0 110.4724118645056 2.7462227 157.86989191652714 6.026733272165916 1.9834324350734462 0.2626194914875369 8.097643889049511 170.87358551266124 9.569740956589131 25.818312668720704
689 10204.08408887448 984.7202398776955 214.95431263775666 52.9388465164929 10203 10206 983 986 10.0 0.9540429953180647 0.8551069325476762 -27.84211872224457 0.44345202662395194 0.22586143181401386 0.2841161859275045 0.0 2.606789253467224 0.6217213 17.113880193957286 2.715417506101307 3.3433659822945874 0.037635338694792804 1.7841241161527712 29.522259054341802 4.245473399307608 27.724626033001798
690 1112.3874574769088 989.7877080623302 215.03585072049964 52.99654007663636 1107 1117 985 994 92.0 2.6219903469346906 2.3689752833270115 -18.478644043395693 0.4285824569878903 0.19830316044256674 0.572007847879651 0.0 33.8654487517415 1.5591621 72.15645208531241 4.634459958811109 2.5773871344532338 0.16045381829571115 5.4115163798060095 92.66427663351908 7.288937616936864 26.48271915037429
