outputs/dr0.5_c0.1/nircam1_f200w_dr0.5_c0.1.ecsv
# %ECSV 1.0
# ---
# datatype:
# - {name: label, datatype: int64}
# - {name: xcentroid, datatype: float64}
# - {name: ycentroid, datatype: float64}
# - {name: sky_centroid.ra, unit: deg, datatype: float64}
# - {name: sky_centroid.dec, unit: deg, datatype: float64}
# - {name: bbox_xmin, datatype: int64}
# - {name: bbox_xmax, datatype: int64}
# - {name: bbox_ymin, datatype: int64}
# - {name: bbox_ymax, datatype: int64}
# - {name: area, unit: pix2, datatype: float64}
# - {name: semimajor_sigma, unit: pix, datatype: float64}
# - {name: semiminor_sigma, unit: pix, datatype: float64}
# - {name: orientation, unit: deg, datatype: float64}
# - {name: eccentricity, datatype: float64}
# - {name: min_value, datatype: float64}
# - {name: max_value, datatype: float64}
# - {name: local_background, datatype: float64}
# - {name: segment_flux, datatype: float64}
# - {name: segment_fluxerr, datatype: float32}
# - {name: kron_flux, datatype: float64}
# - {name: kron_fluxerr, datatype: float64}
# - {name: kron_radius, unit: pix, datatype: float64}
# - {name: gini, datatype: float64}
# - {name: equivalent_radius, unit: pix, datatype: float64}
# - {name: kron4_2_flux, datatype: float64}
# - {name: kron4_2_fluxerr, datatype: float64}
# - {name: radius_kron20, unit: pix, datatype: float64}
# - {name: radius_kron50, unit: pix, datatype: float64}
# - {name: radius_kron80, unit: pix, datatype: float64}
# - {name: near_border, datatype: bool}
# meta:
#   PHOTMJSR: 1.891700029373169
#   PIXAR_SR: 2.11539874851881e-14
#   __serialized_columns__:
#     area:
#       __class__: astropy.units.quantity.Quantity
#       unit: !astropy.units.Unit {unit: pix2}
#       value: !astropy.table.SerializedColumn {name: area}
#     eccentricity:
#       __class__: astropy.units.quantity.Quantity
#       unit: !astropy.units.Unit {unit: ''}
#       value: !astropy.table.SerializedColumn {name: eccentricity}
#     equivalent_radius:
#       __class__: astropy.units.quantity.Quantity
#       unit: !astropy.units.Unit {unit: pix}
#       value: !astropy.table.SerializedColumn {name: equivalent_radius}
#     kron_radius:
#       __class__: astropy.units.quantity.Quantity
#       unit: &id001 !astropy.units.Unit {unit: pix}
#       value: !astropy.table.SerializedColumn {name: kron_radius}
#     orientation:
#       __class__: astropy.units.quantity.Quantity
#       unit: &id002 !astropy.units.Unit {unit: deg}
#       value: !astropy.table.SerializedColumn {name: orientation}
#     radius_kron20:
#       __class__: astropy.units.quantity.Quantity
#       unit: *id001
#       value: !astropy.table.SerializedColumn {name: radius_kron20}
#     radius_kron50:
#       __class__: astropy.units.quantity.Quantity
#       unit: *id001
#       value: !astropy.table.SerializedColumn {name: radius_kron50}
#     radius_kron80:
#       __class__: astropy.units.quantity.Quantity
#       unit: *id001
#       value: !astropy.table.SerializedColumn {name: radius_kron80}
#     semimajor_sigma:
#       __class__: astropy.units.quantity.Quantity
#       unit: !astropy.units.Unit {unit: pix}
#       value: !astropy.table.SerializedColumn {name: semimajor_sigma}
#     semiminor_sigma:
#       __class__: astropy.units.quantity.Quantity
#       unit: !astropy.units.Unit {unit: pix}
#       value: !astropy.table.SerializedColumn {name: semiminor_sigma}
#     sky_centroid:
#       __class__: astropy.coordinates.sky_coordinate.SkyCoord
#       dec: !astropy.table.SerializedColumn
#         __class__: astropy.coordinates.angles.Latitude
#         unit: *id002
#         value: !astropy.table.SerializedColumn {name: sky_centroid.dec}
#       frame: icrs
#       ra: !astropy.table.SerializedColumn
#         __class__: astropy.coordinates.angles.Longitude
#         unit: *id002
#         value: !astropy.table.SerializedColumn {name: sky_centroid.ra}
#         wrap_angle: !astropy.coordinates.Angle
#           unit: *id002
#           value: 360.0
#       representation_type: spherical
#   astropy version: '5.1'
#   make_catalog parameters:
#     ab_zpt: 31.4
#     coadd_bands: !!python/tuple [f277w, f356w]
#     deblend_contrast: 0.001
#     deblend_nlevels: 32
#     deblend_npixels: 1
#     detect_kernel_fwhm: 4.0
#     detect_kernel_npix: 7
#     detect_npixels: 4
#     detect_threshold_nsigma: 3.0
#     flag_isolated_buffer: 4
#     hst_bands: !!python/tuple [f606w, f814w, f125w, f140w, f160w]
#     jwst_bands: !!python/tuple [f115w, f150w, f200w, f277w, f356w, f410m, f444w]
#     near_border_kernelsize: 21
#     reference_band: f200w
#   make_catalog version: 1.4.0
#   photutils version: 1.5.0
# schema: astropy-2.0
label xcentroid ycentroid sky_centroid.ra sky_centroid.dec bbox_xmin bbox_xmax bbox_ymin bbox_ymax area semimajor_sigma semiminor_sigma orientation eccentricity min_value max_value local_background segment_flux segment_fluxerr kron_flux kron_fluxerr kron_radius gini equivalent_radius kron4_2_flux kron4_2_fluxerr radius_kron20 radius_kron50 radius_kron80 near_border
[from data line 1553]
1554 7494.028266650208 1983.734901129824 214.96808906921893 52.96143922969706 7488 7501 1976 1991 174.0 2.9724315680045086 2.759434423397042 -59.99619353898246 0.37172608678766533 -0.17169091078512108 2.43513581120983 0.0 122.66968366974942 3.0926208 143.44230676640183 5.307207926026647 1.798370388248675 0.4377613616954692 7.442171739215616 159.9370324235369 8.424662867420063 2.122559584400752 3.904697970557259 6.646234660854579 False
1555 8416.944883641107 1990.8052726755056 214.95973803757195 52.95562144018177 8407 8428 1977 2005 453.0 6.309373053369826 4.000968159712292 85.51575233988349 0.7732257448719224 -0.0786480170174142 2.6415657511854858 0.0 361.63556020605154 5.2773814 419.9834949154465 8.800716365401378 1.6491806735230037 0.363393221483028 12.008096370418468 434.1039133188269 13.946974651242279 4.202495865901173 7.156085855062437 11.495171723257837 False
1556 9027.252968210043 1983.8164064725288 214.95433973989162 52.951710914355175 9024 9030 1980 1988 42.0 2.1606373460168724 1.244574379358455 67.18042294060969 0.8174342770704109 0.04104798521468039 0.9223376707048795 0.0 18.220946869859414 1.578542 50.98026853958156 5.057306866694359 2.8641973570731687 0.2848549474848532 3.656366395715726 70.17213964128858 8.186201221718488 2.4392099040965673 5.516302211413818 9.930921596062683 False
1557 9347.729111630722 1981.6578129158042 214.95148953599386 52.94966553966033 9346 9350 1980 1984 20.0 1.212813976285994 1.122162190436246 -38.830866278400244 0.37934574321762243 0.32945515422205973 0.9066223138726328 0.0 12.295006132824671 1.1011086 21.315196782847995 2.7320060035960854 2.1946499180683188 0.17521982726206428 2.5231325220201604 18.445606932441027 4.377761483848559 1.2830347840482885 2.3009334012169766 3.834000860225397 False
1558 4145.4065552614065 2013.5959288371162 214.997823138222 52.98284304695736 4117 4173 1982 2044 2451.0 10.781344440617545 7.841387777818921 84.37081932882857 0.6863082863659576 -0.22708334316213638 7.40209067178184 0.0 2058.8541725970344 12.481811 2282.0579000228036 17.214220305483572 1.7219098795659962 0.595906959919684 27.931658222104733 2572.2542759842254 27.209288629841815 5.684582624829869 11.237904522748135 20.95008613311871 False
1559 6968.1754273227825 1987.7235949784679 214.97276381282143 52.964797101101226 6964 6972 1984 1991 53.0 1.8327933632417175 1.3882898306260314 -5.141828649251611 0.6528675390811924 0.020295425877969075 1.572062218190333 0.0 23.881443392078317 1.6902825 30.728201026388934 3.107942031204623 1.8889638148430776 0.4446220431529535 4.1073621666150775 33.458077078110314 4.938342925687115 1.2096621314576812 2.4178278902405492 4.51520022634879 False
1560 1955.3341442500473 1990.829581330204 215.01773138435414 52.99660887316629 1949 1962 1987 1995 84.0 3.303306741839649 1.7575296539429115 11.844084284686456 0.8467119283273904 -0.1435151598696398 1.1276945983962599 0.0 41.94335143080888 2.3988376 110.3902143706746 7.566483308370088 2.814066624601417 0.26926658406193915 5.170882945826411 150.89686712516578 11.961238798976478 3.5277665899346515 7.003747365780517 12.618966718125291 False
1561 7066.857560553526 1990.8566730339437 214.9718456029215 52.96418794506347 7062 7072 1987 1996 89.0 2.1942153158512236 1.9252808530934074 12.646488243193666 0.4796959356983158 -0.11773214404704539 2.202666449506605 0.0 48.11200593440322 2.3201692 57.50061154721425 3.7461879440605013 1.7198906273716372 0.44849189424285085 5.322553886092406 57.15744664832144 5.852398513391236 1.4672560599249693 2.8912384204890995 4.944673338541756 False
1562 8938.708757682794 1994.1494642316625 214.95502471482493 52.95232860941504 8932 8946 1987 2001 180.0 2.842976956105194 2.0843810088242756 39.63664139884639 0.6800470745843745 -0.15580094228761932 5.825305882660363 0.0 167.97494017584654 3.7038958 176.6781791357962 4.8895737297126605 1.7109035302155424 0.6018525270272507 7.569397566060481 205.14916583700818 7.724098573037535 1.5151389457252116 2.8612279914488186 4.944142181838716 False
1563 1615.8426250502903 2008.6612793966437 215.02059351562497 52.998857967642245 1607 1626 1989 2027 575.0 7.554622124720977 3.403863468919643 85.91440225608675 0.8927426132402967 -0.17489095510964522 2.5963444882134215 0.0 256.7335262034165 5.9621263 393.18546518614085 12.645083030780636 2.3154319850622533 0.48905296155876915 13.528790949515026 541.8281028640879 20.155099611632796 4.247552459491315 10.15380533109354 19.399660712006185 False
1564 7304.338543623552 2003.5301086883464 214.96958193914355 52.96274970204514 7293 7315 1991 2016 419.0 5.960048023722444 4.247667017763427 65.76627090566313 0.7014790589988417 -0.007087821236628254 1.316744682364428 0.0 222.0564467356923 4.8679094 377.07537478163204 11.601804716854138 2.238446021871586 0.28806851665954125 11.54867275105708 410.1988321954565 18.400473288551183 5.18534466249081 9.91833493937501 16.86583284830305 False
1565 7671.110519197432 1992.801251537949 214.96640535367712 52.960364653048096 7668 7674 1991 1995 26.0 1.5595750412213598 1.0039800562282852 -0.7098933592252223 0.7652339159882428 0.12351243603756677 1.3425201876171913 0.0 15.821221602592228 1.2359834 27.977704864426023 3.0370141493130767 2.3524862105862576 0.31523507284017227 2.876813695875796 25.316954230454257 4.758197713524875 1.351643374474627 2.662239633375262 5.278870230609569 False
1566 8197.766850058299 1998.246988818742 214.96162500154853 52.95705239652841 8193 8209 1991 2005 197.0 2.4156875478124187 1.8653573413986295 -78.36083902035561 0.6353979446522443 -0.18911575620109547 2.200811342506356 0.0 45.01002841219869 10295630.0 51.91590273682213 9938635.994472481 1.8998688188149784 0.768299386700676 7.918778161951929 63.783532685159756 17617750.721187122 1.6941911905367046 2.825888606216477 4.771537292119069 False
1567 nan nan nan nan 2389 2396 1993 1999 40.0 nan nan nan nan 0.0 0.0 0.0 0.0 6324555.5 nan nan nan nan 3.5682482323055424 nan nan nan nan nan True
1568 10259.952119289945 1998.9974205427297 214.94313067417175 52.943969905109974 10252 10267 1994 2004 133.0 3.203870120767046 1.765254832137321 -0.6737080336998321 0.8345212352887372 -0.2046419764245951 3.0927622599497 0.0 93.1715776165584 3.1202826 107.55231244758596 4.640087080765055 1.7152385547615145 0.5038204914080806 6.506551687525748 116.999741658929 7.168208103684193 1.687000994630471 3.2756887009470095 6.038094039905706 False
1569 947.9610682612023 2003.6496917179725 215.02664746959562 53.003065603621906 939 960 1996 2011 252.0 4.383012628289468 3.12343723040332 20.043636764704573 0.7015468141001316 -0.06671821770532206 4.961567011890001 0.0 213.63901480594234 4.07105 263.43910648351755 7.509921724501115 1.8754888418977174 0.462263273906906 8.95623198216277 280.26358071227753 12.05219106736617 2.736605323072162 5.4426117831119765 9.250866746242822 False
1570 1675.893351066594 2023.6604455286956 215.01989596657708 52.99855830008608 1636 1712 1997 2052 3225.0 9.333637227497807 7.578596585547253 -11.187720853439227 0.5837046579959159 -0.18628704324238962 100.19005374431896 0.0 4285.718633251736 14.959106 4195.958916105507 13.890911988549856 1.4 0.7418367829592043 32.03980934622934 4612.8686785354785 21.09904530058998 2.1806002117960843 5.743697230204096 14.380680517307342 False
1571 6845.816984605026 2002.2332228500466 214.97370859949933 52.9656517847427 6841 6851 1997 2006 97.0 2.5202604107966806 1.7944376305204255 -6.175610167239311 0.7021745484788283 0.014146818079440153 2.572349936076294 0.0 64.91887705991918 2.421715 106.04604185171094 5.414850589876328 2.4439266027923923 0.46222625647508725 5.556622981616415 135.89150299412753 8.550488120678498 1.9097873125523568 4.241281300002718 9.917394288450645 False
1572 10220.78068771319 1998.063365688726 214.94349155952042 52.94421346810798 10220 10222 1997 1999 7.0 0.7652724560727378 0.6608872808817463 80.98308410559139 0.504182091547251 0.5302132697302323 1.008056225637231 0.0 4.878305687522261 0.66507584 29.081845497413546 2.5833062249552943 3.350210300925475 0.13553335406925637 1.4927053303604616 35.37118737090288 4.079085486545197 1.6387572826218573 2.878487829425941 4.498169593606344 False
1573 4248.100899340486 2008.2218199366007 214.99695779557047 52.98216265585241 4240 4257 1998 2018 305.0 3.7606709885114324 2.7678027868718456 78.81365124416541 0.67699629685778 -0.18457643541021665 8.602880625102497 0.0 319.94315098539164 4.4641013 350.37239850512265 5.773519180403885 1.60857320891133 0.593595058123992 9.853147481188747 377.5489546363063 8.982790542023626 1.90098985287963 3.81995478084918 7.2336784174851765 False
1574 6721.765883092699 2003.9991712885826 214.97480284726657 52.96644834382657 6712 6730 1998 2010 182.0 3.1668627048056677 2.0659780647247064 -2.2818786037153425 0.7578974232794806 -0.13378212475758497 4.898256906152071 0.0 101.57643618025108 3.2628684 111.27736198798554 4.706921793281807 1.757707010811022 0.5924663739904913 7.611333607551958 127.50703390303512 7.427566618040873 1.5387900201750755 3.166147687818208 5.812434813616814 False
1575 1987.6583208975212 2003.8803418496725 215.0173034995522 52.996474469147664 1981 1994 1999 2010 122.0 3.4986227719582614 1.9557651883239993 29.24762998619227 0.8291608991679559 -0.03953802585844517 3.424775820745347 0.0 104.30139192543368 2.9963264 143.5112618384134 6.239754270320057 2.06716328138497 0.3903133603263236 6.231677632421503 179.53656608813645 9.864388991279586 2.4983890238730218 4.448426060528896 7.680111809024717 False
1576 6351.143123020193 2001.4961140949854 214.97815427372586 52.96878609893921 6349 6354 1999 2004 26.0 1.6669618966617776 1.0810213061334188 -40.99690678524661 0.7612164348257989 0.08534989215960159 0.7144283093862729 0.0 9.416573334467044 1.2000182 23.927017935060952 3.6198698951329287 2.5884906270858328 0.26593298566390605 2.876813695875796 21.463753055882687 5.732456916637156 1.8511170954817175 3.564240977957809 6.143810765807377 False
1577 8174.435408342597 2002.573617216143 214.96178864677393 52.957223812759125 8167 8180 1999 2006 71.0 2.6892870268829387 1.5050824568717995 -12.296767223389613 0.8287233049729978 -0.21502236587642662 1.1152181681532696 0.0 30.61266941736438 3.4747021 72.11490593374643 9.92410598308561 2.745543773720456 0.406112929784963 4.753945931439391 103.44921232170921 988453.9795017412 2.5824652840791593 5.540577732661336 10.829160082419845 False
1578 2863.994539637124 2002.495695289526 215.00944653154954 52.99090984689764 2861 2867 2000 2005 27.0 1.495626759760689 1.0176182743059377 -37.301991861686304 0.7328447697401903 -0.04451457940480733 0.9264582494711378 0.0 11.445909310910967 1.3143749 23.275691195612737 3.3036968459180978 2.5298177271875657 0.33563843651894804 2.9316150714175193 25.283995627291645 5.23484233633562 1.449059735405549 2.932370152277016 5.166337125860388 False
1579 2486.66886517101 2008.2239170577013 215.01277520449784 52.99333362668967 2480 2493 2001 2016 177.0 2.717051048131634 1.9160188593969358 -77.37301412857236 0.7090251046653081 -0.4455738553923028 4.764701625981451 0.0 73.10667074108984 5.1675463 74.15750683538269 5.459938476702654 1.4 0.6834216816503057 7.506054213402069 69.32409773102383 8.585880701223296 1.2117202773791476 2.306509064465905 3.908760376269122 False
1580 4467.913064383387 2009.9179557900584 214.9949666147717 52.98077763122858 4462 4472 2005 2016 92.0 2.7985661749817115 2.2874446669498525 -29.27350600773081 0.5761229003265157 0.07430685799919212 0.9603387430747057 0.0 52.2131142310309 2.3392715 134.6236857438802 7.289644960822484 2.6823539965872962 0.21797531823704636 5.4115163798060095 161.13237082828104 11.527015540954714 3.428436917688144 6.505995980564994 10.545624713757205 False
1581 2544.311182056201 2013.2960319598844 215.01220401757058 52.992995516048815 2540 2549 2008 2018 85.0 2.1270357316452597 1.6778455829914065 79.36948529205877 0.6146259366388404 -0.14266677713389447 1.4878580792349345 0.0 28.84352881216235 2.218438 35.161093387411356 4.253775131087217 2.1326026494349017 0.5247160827856825 5.201570947860099 48.14846593841943 7.153404541422425 1.3648348062338758 2.6518376267050643 5.068262210380617 False
1582 3640.049810430739 2012.4557614490368 215.00237248908778 52.98604202742076 3634 3645 2009 2016 67.0 3.111317170833898 1.6912018412716923 5.455628408525148 0.8393673432210241 0.165853986436493 0.6874051654325724 0.0 25.141494679854514 2.0943034 82.14147362488035 7.453394048201964 2.811185274933031 0.17448430613504282 4.61809077155419 116.45005935919482 11.868957180930053 3.7389332707418537 6.526720441520616 9.540024555579105 False
1583 6084.662108291121 2014.9360177148653 214.98040366757726 52.97054925592829 6078 6090 2009 2021 127.0 3.1766727676982955 2.2382550518663744 47.43656472552629 0.7096136402093867 -0.14852733455841077 1.3755087875885368 0.0 54.64367739935807 3.4279246 95.70644634150551 8.48393340726971 2.4862480821130544 0.3681266236620431 6.358093703724522 122.47972671269696 13.207015836339579 2.6798310545689175 5.540911118473148 11.48570658001641 False
1584 1774.6815144210586 2012.1813672272863 215.0191293778309 52.99786982988238 1774 1776 2011 2013 6.0 0.7457492295443737 0.5474900600767454 -52.649562990024904 0.6789898357513474 0.5142182116342088 1.310340426832299 0.0 5.808244221978579 0.6216082 25.559069837791586 2.2377760055302995 3.180078989773248 0.16278511062516404 1.381976597885342 33.87390808988835 3.5359087576782082 1.2819083488756673 2.4288068353454104 3.9254089159243404 False
1585 3684.9568778161665 2022.7793924030889 215.00186050432987 52.985813023236695 3676 3692 2011 2032 232.0 5.7994007572676045 2.7060718855612405 -61.308865228098135 0.8844619470659887 -0.03520047980265002 1.7486980066349018 0.0 121.16762007877136 4.0298147 288.05614403770784 12.543705659593986 2.7425496351363874 0.3379468185322556 8.593479713983122 453.87454772590485 19.916452750018745 5.02657349119246 12.257034708096986 20.484481460967938 False
1586 4108.198439653847 2013.3221104743607 214.9981600725717 52.98307755933783 4107 4109 2013 2014 6.0 0.8247721279664324 0.4308286187632347 14.908866244209587 0.8527245786658777 -0.07728728976956846 0.32090205315524206 0.0 1.1773829867497236 0.6109132 16.644231022611237 2.605874491946391 3.9547401446623125 0.2785280589721554 1.381976597885342 30.429705888247288 4.10526909552021 2.2596565098773946 3.7560234790299964 4.857863077802281 False
1587 9517.86827951775 2026.8624478000465 214.94948829540658 52.94882996862018 9506 9527 2016 2036 344.0 4.098837142954401 3.762865277554001 -27.605861339089458 0.39650538761256937 -0.04815163042226397 5.114394043172063 0.0 305.35699553432147 4.83151 371.376131231156 8.23398278269164 1.8846860138804262 0.46820562363191887 10.464157913908982 423.54563477488364 13.114519997747607 2.708478250415556 5.4599837108888 9.999964704592477 False
1588 4047.307198014334 2027.1023151436168 214.99856158098007 52.98353824504001 4037 4057 2017 2036 286.0 5.151996120172741 2.9758405173019016 32.66468109263473 0.8163134056326756 0.026271619108715175 1.9398697773191498 0.0 189.6583285667375 4.4117317 247.58355637397784 8.987456136856695 2.053549593525651 0.3700841943357859 9.541311620975605 307.55800945431054 14.41084411904983 3.362393234831441 6.386316392245889 10.681484451787489 False
1589 8892.750656455597 2018.6452513763013 214.9551787331106 52.95275255954881 8891 8895 2017 2020 16.0 1.3346848791703783 0.9014218487418452 -20.821083350641597 0.7374682718217034 0.26927742637227703 0.6105131191642472 0.0 6.831060757565927 0.96731293 28.466445299311573 3.6496912393947176 3.0617841755452027 0.15827810301356 2.256758334191025 26.73972169921757 5.825249850284679 2.0513953621061 3.616978451179763 5.767339712871197 False
