outputs/dr0.5_c0.1/nircam3_f410m_dr0.5_c0.1.ecsv
# %ECSV 1.0
# ---
# datatype:
# - {name: label, datatype: int64}
# - {name: xcentroid, datatype: float64}
# - {name: ycentroid, datatype: float64}
# - {name: sky_centroid.ra, unit: deg, datatype: float64}
# - {name: sky_centroid.dec, unit: deg, datatype: float64}
# - {name: bbox_xmin, datatype: int64}
# - {name: bbox_xmax, datatype: int64}
# - {name: bbox_ymin, datatype: int64}
# - {name: bbox_ymax, datatype: int64}
# - {name: area, unit: pix2, datatype: float64}
# - {name: semimajor_sigma, unit: pix, datatype: float64}
# - {name: semiminor_sigma, unit: pix, datatype: float64}
# - {name: orientation, unit: deg, datatype: float64}
# - {name: eccentricity, datatype: float64}
# - {name: min_value, datatype: float64}
# - {name: max_value, datatype: float64}
# - {name: local_background, datatype: float64}
# - {name: segment_flux, datatype: float64}
# - {name: segment_fluxerr, datatype: float32}
# - {name: kron_flux, datatype: float64}
# - {name: kron_fluxerr, datatype: float64}
# - {name: kron_radius, unit: pix, datatype: float64}
# - {name: gini, datatype: float64}
# - {name: equivalent_radius, unit: pix, datatype: float64}
# - {name: kron4_2_flux, datatype: float64}
# - {name: kron4_2_fluxerr, datatype: float64}
# - {name: radius_kron20, unit: pix, datatype: float64}
# - {name: radius_kron50, unit: pix, datatype: float64}
# - {name: radius_kron80, unit: pix, datatype: float64}
# - {name: near_border, datatype: bool}
# meta:
#   PHOTMJSR: 0.8704000115394592
#   PIXAR_SR: 2.11539874851881e-14
#   __serialized_columns__:
#     area:
#       __class__: astropy.units.quantity.Quantity
#       unit: !astropy.units.Unit {unit: pix2}
#       value: !astropy.table.SerializedColumn {name: area}
#     eccentricity:
#       __class__: astropy.units.quantity.Quantity
#       unit: !astropy.units.Unit {unit: ''}
#       value: !astropy.table.SerializedColumn {name: eccentricity}
#     equivalent_radius:
#       __class__: astropy.units.quantity.Quantity
#       unit: !astropy.units.Unit {unit: pix}
#       value: !astropy.table.SerializedColumn {name: equivalent_radius}
#     kron_radius:
#       __class__: astropy.units.quantity.Quantity
#       unit: &id001 !astropy.units.Unit {unit: pix}
#       value: !astropy.table.SerializedColumn {name: kron_radius}
#     orientation:
#       __class__: astropy.units.quantity.Quantity
#       unit: &id002 !astropy.units.Unit {unit: deg}
#       value: !astropy.table.SerializedColumn {name: orientation}
#     radius_kron20:
#       __class__: astropy.units.quantity.Quantity
#       unit: *id001
#       value: !astropy.table.SerializedColumn {name: radius_kron20}
#     radius_kron50:
#       __class__: astropy.units.quantity.Quantity
#       unit: *id001
#       value: !astropy.table.SerializedColumn {name: radius_kron50}
#     radius_kron80:
#       __class__: astropy.units.quantity.Quantity
#       unit: *id001
#       value: !astropy.table.SerializedColumn {name: radius_kron80}
#     semimajor_sigma:
#       __class__: astropy.units.quantity.Quantity
#       unit: !astropy.units.Unit {unit: pix}
#       value: !astropy.table.SerializedColumn {name: semimajor_sigma}
#     semiminor_sigma:
#       __class__: astropy.units.quantity.Quantity
#       unit: !astropy.units.Unit {unit: pix}
#       value: !astropy.table.SerializedColumn {name: semiminor_sigma}
#     sky_centroid:
#       __class__: astropy.coordinates.sky_coordinate.SkyCoord
#       dec: !astropy.table.SerializedColumn
#         __class__: astropy.coordinates.angles.Latitude
#         unit: *id002
#         value: !astropy.table.SerializedColumn {name: sky_centroid.dec}
#       frame: icrs
#       ra: !astropy.table.SerializedColumn
#         __class__: astropy.coordinates.angles.Longitude
#         unit: *id002
#         value: !astropy.table.SerializedColumn {name: sky_centroid.ra}
#         wrap_angle: !astropy.coordinates.Angle
#           unit: *id002
#           value: 360.0
#       representation_type: spherical
#   astropy version: '5.1'
#   make_catalog parameters:
#     ab_zpt: 31.4
#     coadd_bands: !!python/tuple [f277w, f356w]
#     deblend_contrast: 0.001
#     deblend_nlevels: 32
#     deblend_npixels: 1
#     detect_kernel_fwhm: 4.0
#     detect_kernel_npix: 7
#     detect_npixels: 4
#     detect_threshold_nsigma: 3.0
#     flag_isolated_buffer: 4
#     hst_bands: !!python/tuple [f606w, f814w, f125w, f140w, f160w]
#     jwst_bands: !!python/tuple [f115w, f150w, f200w, f277w, f356w, f410m, f444w]
#     near_border_kernelsize: 21
#     reference_band: f200w
#   make_catalog version: 1.4.0
#   photutils version: 1.5.0
# schema: astropy-2.0
label xcentroid ycentroid sky_centroid.ra sky_centroid.dec bbox_xmin bbox_xmax bbox_ymin bbox_ymax area semimajor_sigma semiminor_sigma orientation eccentricity min_value max_value local_background segment_flux segment_fluxerr kron_flux kron_fluxerr kron_radius gini equivalent_radius kron4_2_flux kron4_2_fluxerr radius_kron20 radius_kron50 radius_kron80 near_border
[from data line 916]
917 301.18556010611576 1359.371864059843 214.85825733351774 52.876671788750684 298 304 1356 1363 43.0 2.1067447384173703 1.5573979321308549 -55.339876682832305 0.6734379273598506 0.052665109172888525 0.41163741005384286 0.0 9.075949777126764 1.3166308 46.14598655721031 4.93488830759544 3.201686973490084 0.2435440588473828 3.6996385101659595 98.94405283613074 7.9746460737429565 3.6747216110503627 7.000625707664782 11.64578317360953 False
918 2742.305013437794 1360.4195101265418 214.83644153725658 52.86116683550704 2739 2746 1356 1364 53.0 2.4827623258086775 1.827078515839416 61.995892728167846 0.6770842314565966 0.012532006590913119 0.3896133261082471 0.0 12.41527120916751 1.4405595 43.56691509438069 5.807825228750113 2.917825277175806 0.21748389633819648 4.1073621666150775 68.05282537517004 9.273011673582568 3.5039379394326775 6.4839636148655995 9.681903755204221 False
919 8566.270018902678 1358.3491657473542 214.78450491152626 52.82413472729748 8563 8568 1356 1362 33.0 1.7943263601669734 0.7351727321542706 -2.056165787291897 0.9122110016496296 -0.17316284147420133 0.2726592542847654 0.0 -0.09225483972468361 1.2886041 1.794099550958774 1.6032400581980966 1.4 2.5543175947249437 3.2410224072142872 -0.33813813801030546 2.4513702938604522 0.8642468944372358 5.507998214837484 nan False
920 9182.844257920025 1359.3638395678252 214.77899866053025 52.820219514498206 9179 9186 1356 1363 49.0 1.8369743916809183 1.7000962998755347 -4.241014277809676 0.37877886541502576 0.05220089714883282 0.6571963647846925 0.0 15.295741926448057 1.5321594 23.94463937846987 3.5434238249838583 2.1788857464140374 0.25212530795032945 3.949327084834294 22.922719345345975 5.563541889032846 1.7258630465404174 3.2627983026995473 5.464846190395015 False
921 786.7368741244549 1361.9746168366355 214.85389161316022 52.87360100394459 781 792 1357 1367 94.0 3.2554149039798936 1.8142396967504582 39.50557488332258 0.8303118372995532 -0.07184300406752174 0.6639206097484115 0.0 26.29413549351499 1.8602298 39.24806205453386 2.885837381890271 1.4 0.30421795015449943 5.4700209598571305 29.037153205209044 4.696352542132849 2.4800018322986648 4.481581551676862 7.441865422258378 False
922 2183.576118681416 1359.8515556277969 214.84143686472535 52.86471422812781 2180 2187 1357 1363 35.0 1.8786006856669775 1.42143096599989 -13.927219336907891 0.6538276834219754 0.05903057009140888 0.46834492924182153 0.0 9.962304166729133 1.3961121 32.887447509590025 4.431514140665558 2.7147551478606524 0.2083865521637912 3.3377905890622728 30.70211332617923 6.831029236776516 2.616472803154529 4.51101604329232 6.7058773986950175 False
923 4203.018489081249 1373.9424535338303 214.82325915476574 52.85195659704342 4186 4218 1359 1385 634.0 5.796934543162041 4.354323364773231 -0.605576680560355 0.6601402008035535 0.03000370826749444 6.579193981628302 0.0 775.1377007513552 5.469713 889.458754519895 8.713526693446699 1.8206183464894554 0.5176119492621267 14.20593072771099 998.8303444281305 13.36564459736847 3.2373140961369247 6.490278814943133 11.96794585391668 False
924 3929.525817601356 1360.2497359503784 214.82584436288903 52.85362100546308 3928 3930 1360 1361 5.0 0.6136335118594498 0.4271204901289008 9.175700205514168 0.7179919161020575 0.06747781574195237 0.46915975157965983 0.0 1.1036910086117535 0.47810993 9.448061424781242 1.5978764606100628 3.3493265113022206 0.4520345287807134 1.2615662610100802 18.956439706167878 2.5186334295597517 1.4850663324271165 2.7726586564784745 3.688998085804181 False
925 6532.733622343743 1373.582931217325 214.80247669447033 52.83714587634366 6520 6543 1361 1383 379.0 3.0528754317539137 2.9255568332248743 -3.3311217740899517 0.28577912184493537 -0.08168535391082041 28.992082834304973 0.0 1011.0850405077726 4.2562633 1007.601229925531 4.116560745960019 1.4 0.7163661613472085 10.983598994121039 1042.1700818512963 6.049361251654314 1.5878262032523534 2.822094796773713 5.026967346789784 False
926 1499.4279451078069 1367.129020774011 214.84747069509825 52.86910061601187 1495 1503 1362 1372 69.0 3.044886894099961 1.602741945780946 50.84540141343923 0.8502546399232076 0.11852833356787038 0.6328642882161375 0.0 26.205404907085555 1.6181729 67.38837909566121 5.6247323092875305 2.7863856800322746 0.19019584030313588 4.686510657907603 82.51494435918028 8.687674544348468 3.1107611396006756 6.6028793952831935 11.293401549605441 False
927 6312.710143806917 1363.2449730506903 214.80454798312408 52.83848890403088 6311 6314 1362 1365 14.0 1.077639102281363 0.9696184545793318 62.317305470362555 0.4363814575204481 0.12738090370235391 0.45428518275054874 0.0 4.01405498493749 0.66715705 21.10863904839087 2.606241581950111 3.1379408458971008 0.19826442151081566 2.111004122822376 29.378377108836318 4.102808107603785 2.162906437976858 4.093949237064632 6.971393390258498 False
928 7696.940169995958 1367.723482674801 214.79215635269497 52.8297126982176 7691 7703 1363 1374 113.0 3.4638975728877672 2.1931848146082817 -30.949151833464995 0.7740248529262308 0.013933106043522601 0.6967245318399843 0.0 35.10069097669493 2.130176 58.837219541701444 5.0794313426327635 2.1056907766049933 0.3069353637325786 5.997417539138688 79.56547029815502 8.201156483322073 2.936498699010472 5.3616776458633355 8.10028175387074 False
929 9896.714636864692 1368.5291345895077 214.77254067762453 52.81572918975375 9893 9901 1365 1372 63.0 2.173178832912045 1.9137761194182241 21.77884962764618 0.47379635629451994 0.10858675272092932 0.830173232612181 0.0 29.353416062655906 1.6651143 67.27778527783606 5.084471900958434 2.6398047371978275 0.21238371755660357 4.478115991081385 81.91736765591969 8.084789021289058 2.6190815516872537 5.164508845411785 8.637723872725815 False
930 3878.3904572305673 1369.8876070604251 214.82619936186063 52.853997943957104 3875 3882 1367 1373 43.0 1.7652590188687916 1.693653439525653 -50.148861259816165 0.2819257715881387 0.019419300030813887 0.5596555895539396 0.0 12.848213263596191 1.24929 33.01190624633274 4.728817771960721 3.161353697818689 0.23384277950188315 3.6996385101659595 44.628419664421926 7.908764989867336 2.423918859840427 6.515450990141328 9.592574702834987 False
931 2096.996416901011 1372.3908390834517 214.84207809406567 52.86533198654841 2094 2101 1369 1376 51.0 2.1014103008964815 1.6354871838655747 34.46375019277593 0.6279164554691533 0.188250689656412 0.8017804777174488 0.0 23.796618453996135 1.4738896 46.61377834180925 4.182421703290036 2.4918434209221507 0.1981884883966508 4.029119531035698 48.95767813812283 6.628585657742835 2.175357074398131 4.009013521023544 7.71883407410533 False
932 9092.647489727971 1373.9873793652469 214.7796486503753 52.82087183549806 9090 9095 1369 1378 33.0 2.459454275443285 1.0477320629831774 -70.08136424616198 0.904722292578127 -0.02730067830912762 0.3596744074916301 0.0 5.8328951051347095 1.1127921 18.579910072149737 3.293747876132842 2.1871195837815027 0.2832368921395354 3.2410224072142872 7.186247848292682 5.347528622004806 2.7277031996946253 4.777614455149601 8.423583336323585 False
933 7365.761366076771 1373.374632464004 214.79504986505705 52.83184875073349 7365 7367 1372 1374 9.0 0.7463502669756612 0.6941238879977598 4.267767967927793 0.36749801759843304 0.06482926535273828 0.4695379646437198 0.0 2.26273687231583 0.59005535 19.560041437038926 2.3133591489672582 3.604095967983214 0.37438883814951557 1.692568750643269 42.971749122878066 3.687470941558496 2.0999069046430705 3.7122523541237835 5.2673242085864 False
934 2685.639155081283 1380.7029757932662 214.8367340228971 52.861636276798485 2680 2691 1373 1388 149.0 3.2337194912143477 2.283013520455862 -79.45682944920948 0.7082095022506332 -0.07093949503856388 1.4457455447510246 0.0 72.18499222681865 2.3846273 121.73499144117642 5.752074921904989 2.398142686015465 0.4063994889130003 6.886811529393324 156.94719513202864 9.479980370764865 2.6672333836255704 5.499546797837284 10.946509773571231 False
935 3673.143649733195 1375.0339748509045 214.8279773083694 52.855330111225065 3671 3675 1373 1377 23.0 1.589087691139926 1.1634414634674182 20.188316857933092 0.6811495821630283 0.052482689006619794 0.4333969930951463 0.0 5.202126323701653 0.98287237 21.366556936968692 4.3455780373775 3.493197185113239 0.2826620245391553 2.7057581899030048 7.579813012079375 6.948444235707993 2.453656357082479 3.863326607583736 5.631269850037334 False
936 3860.1902140740813 1376.5905343963234 214.82629127165305 52.854149744072686 3858 3863 1374 1379 30.0 1.668286639514221 1.1967864016055603 32.343739223365546 0.6966876876353989 -0.016771887079813953 0.6444154585609192 0.0 10.669963681736474 1.1981107 38.149882795538375 4.179087468008435 3.1453303254308698 0.23595881724889808 3.0901936161855166 44.8470688664397 6.459300882747001 2.436405255214845 5.370660149916161 7.7817591795252685 False
937 4325.896733849692 1379.436812640563 214.8221046262297 52.85120522763485 4321 4331 1374 1385 99.0 2.5709938340530245 2.433619038039645 -73.37692054004242 0.32250595596255704 0.04479245600182318 0.8000179560376286 0.0 39.58454695462536 1.9912815 118.9588264993149 6.3219616015367475 2.9032126260399718 0.24735461033377515 5.613615477764332 143.9542464240035 10.068155170573885 3.7590938925657524 8.216157502781396 14.20334155511085 False
938 3970.643190764339 1379.2730410840124 214.8252771330933 52.85346221784972 3968 3974 1377 1381 29.0 1.6501599567173222 1.1668795726623824 0.7316110800428846 0.7070823722707653 0.10554620856713204 0.6082833947125074 0.0 11.13850332204143 1.0263855 30.490498817978697 3.3137763064685175 2.7982792048669594 0.2121062711457952 3.0382538898732494 39.3428412932839 5.377698470998731 1.996331654989129 3.8356569260069437 6.0221345042226115 False
939 6329.628366815354 1388.5080953537129 214.80413121001487 52.83851747281937 6323 6336 1380 1396 181.0 3.8270657229405955 2.5332175390056775 78.81230547840484 0.7495730587600639 0.03415575610835155 1.7797070286507177 0.0 107.62360310445766 2.7233298 139.04726686824378 4.627598769312939 1.77605282659724 0.36466123884966445 7.590394548326596 156.52147737413867 7.21874869234842 2.4617579693958622 4.914230190367267 8.116193173859621 False
940 8956.420329059969 1383.8474285335683 214.78075904424335 52.82179119956917 8953 8960 1381 1387 42.0 2.3238562320546423 1.3111463815044222 -30.477651389233955 0.8256303030617502 0.04499603693830812 0.3720423605313196 0.0 9.507797135012353 1.334524 44.27455493438867 5.137599571504568 3.193442949585057 0.20795752156698696 3.656366395715726 50.11825469883213 8.16072243044523 3.5611782659996156 6.267178691176476 10.35052898009602 False
941 7661.149035275109 1387.955058727175 214.79226256959524 52.83004924700888 7654 7669 1382 1394 152.0 3.609724988772892 2.316453132600901 26.561274841303806 0.7669342760511553 -0.05986146801358744 1.441555922631709 0.0 64.88293976472195 2.444137 84.4428389154381 5.3177097839920195 2.0051406251493358 0.3403464625341981 6.955796338302048 99.47230671366184 8.228850908818576 2.4251840898509998 4.59336041127898 7.873535027756102 False
942 7710.02891028952 1382.5402421223523 214.79188373039227 52.82970929734181 7709 7711 1382 1383 6.0 0.8160077429898333 0.4968544197580191 3.448753007480729 0.7932589334789815 0.27770879472849125 0.3768179255938989 0.0 1.8859765436927165 0.61166555 18.009837945716445 2.438143205379849 3.8381710642206297 0.06938757811594992 1.381976597885342 14.660077966476056 3.636654872940038 1.879455975337692 3.291632977531148 4.768018729207995 False
943 8055.979594246823 1390.5503548237496 214.78871506162054 52.82755283355243 8046 8067 1382 1400 291.0 4.88369678773297 3.2020509781613224 37.02874942820091 0.7550551380030516 -0.03788335785331265 1.3205079243246605 0.0 133.02273979521385 3.481727 161.28331929211922 6.088937627760025 1.6980040473718052 0.35891740520509724 9.624353322664494 159.2272608774907 10.036841385689938 3.1431858985334125 5.949417252213212 9.386247133855527 False
944 9330.129210865136 1405.5406956409884 214.77720014338541 52.81953161516846 9300 9360 1384 1427 1892.0 8.66857757411893 5.799348259229264 24.387500566328857 0.7432551491059163 -0.07580164364629129 23.954620142610676 0.0 4752.254907069695 10.543731 4753.6222662871 10.647421141808634 1.4 0.6754403608851893 24.54062559633988 4972.894910485443 16.07810221001946 4.084339108819069 7.745055860852393 13.073024525359553 False
945 9588.232347828269 1390.3551985983886 214.77505983936533 52.81780849508809 9582 9595 1387 1394 62.0 3.751095551242341 1.2789293322375628 -23.832504530711926 0.940082078722011 0.022367067343037034 0.45609905081051544 0.0 17.713020519241816 1.8074961 75.76850476848996 6.904466201440282 2.953114846073034 0.20406307502329354 4.442433223290478 92.03192199946409 10.578374085374028 4.482803563416604 8.987631239850067 13.75511678363911 False
946 1901.5026704376005 1390.08278625548 214.84363783161817 52.86666958408057 1900 1903 1389 1391 11.0 1.0827206188237304 0.7336769329715921 -21.243245485509135 0.7354089985164864 0.16244597549156078 0.3065483795015749 0.0 2.8190622030458585 0.6348062 13.612239706480759 2.428937680845142 3.145164243730888 0.09568536380934864 1.8712051592547776 19.90096726688444 4.056274687640165 1.841963731985258 3.348983175119655 6.694191416262175 False
947 7566.39224260272 1401.1880229881863 214.79296819867662 52.830722996969754 7555 7579 1391 1413 361.0 4.8311963641572175 3.0114387738813932 -38.41510753901628 0.7819573847019414 -0.052746580363390624 5.450031581405603 0.0 359.0461531658457 3.9157534 407.31431103023533 5.951897654034226 1.7797671587636712 0.5178878050398983 10.71960208740737 452.37783813601607 9.58591958599725 2.4154246106386656 4.750323024364836 9.189239629765975 False
948 9772.380415959877 1395.7711549750416 214.77336191388446 52.8166665959937 9769 9776 1392 1399 52.0 2.4601737334236735 1.5082315045019479 49.54027325820503 0.7900371728309139 0.07548037393799081 0.598383275062989 0.0 17.38409007623733 1.5231328 63.721949402234756 5.005494985331445 2.894543701534847 0.24699364018642353 4.068428945128219 105.53884201037961 8.188628633552195 3.444506013693624 6.863598222400232 11.743949052454495 False
949 6926.341085824297 1393.6334358763363 214.7987552345101 52.834751584875335 6925 6929 1393 1395 11.0 1.2567652193639078 0.6098073887260471 11.350145534267838 0.8743922060394198 0.11435245375438238 0.5133234647858695 0.0 2.7805569610549576 0.59500664 10.437274946297553 2.2207854346028144 3.015916603102839 0.30627372092120686 1.8712051592547776 16.355231110068793 3.6214083286537857 1.5542339063955406 2.622336879829128 6.2988039754534775 False
950 571.5593197744037 1400.4746293318253 214.85540884655916 52.87517571265989 567 576 1397 1405 72.0 1.9104211307219252 1.8242060961671263 -36.676911073101074 0.2970202229371285 -0.028149251873969904 1.2600787328244214 0.0 30.67138902761111 1.6811609 33.99566345741401 3.159954440291634 1.9790586934774905 0.4332178810916844 4.787307364817192 45.769623338563875 5.039938826930701 1.4234717472794285 2.525468013410378 3.9313101972277273 False
951 4162.154293944836 1406.326913477936 214.82328303792085 52.852390862002295 4139 4187 1397 1415 443.0 10.167990040278266 2.515715760623071 -17.383513891838664 0.9689095395738978 -0.07807949664679317 1.7456768750128044 0.0 228.7115527726055 4.27258 416.91506254293864 11.032312542096003 2.355411353624783 0.3611017615386052 11.87481703351337 495.5805566087269 17.15404079877275 4.95487083148552 11.7986360189674 21.749190292347894 False
952 9254.588627279081 1399.5686667001464 214.7779362004906 52.819979823290915 9253 9257 1398 1401 16.0 1.2179757927556634 0.9538094952307433 -27.323570532941986 0.6218827226512343 0.007322313145642824 0.2754397187315212 0.0 2.281812681575346 0.8491855 14.15505711105315 3.3922519992970566 3.2882067278072826 0.30412472728028367 2.256758334191025 22.52112452678783 5.388362034429179 2.5378665039024075 4.829176124980074 7.104309446685999 False
