outputs/dr0.5_c0.1/nircam6_f410m_dr0.5_c0.1.ecsv
# %ECSV 1.0
# ---
# datatype:
# - {name: label, datatype: int64}
# - {name: xcentroid, datatype: float64}
# - {name: ycentroid, datatype: float64}
# - {name: sky_centroid.ra, unit: deg, datatype: float64}
# - {name: sky_centroid.dec, unit: deg, datatype: float64}
# - {name: bbox_xmin, datatype: int64}
# - {name: bbox_xmax, datatype: int64}
# - {name: bbox_ymin, datatype: int64}
# - {name: bbox_ymax, datatype: int64}
# - {name: area, unit: pix2, datatype: float64}
# - {name: semimajor_sigma, unit: pix, datatype: float64}
# - {name: semiminor_sigma, unit: pix, datatype: float64}
# - {name: orientation, unit: deg, datatype: float64}
# - {name: eccentricity, datatype: float64}
# - {name: min_value, datatype: float64}
# - {name: max_value, datatype: float64}
# - {name: local_background, datatype: float64}
# - {name: segment_flux, datatype: float64}
# - {name: segment_fluxerr, datatype: float32}
# - {name: kron_flux, datatype: float64}
# - {name: kron_fluxerr, datatype: float64}
# - {name: kron_radius, unit: pix, datatype: float64}
# - {name: gini, datatype: float64}
# - {name: equivalent_radius, unit: pix, datatype: float64}
# - {name: kron4_2_flux, datatype: float64}
# - {name: kron4_2_fluxerr, datatype: float64}
# - {name: radius_kron20, unit: pix, datatype: float64}
# - {name: radius_kron50, unit: pix, datatype: float64}
# - {name: radius_kron80, unit: pix, datatype: float64}
# - {name: near_border, datatype: bool}
# meta:
#   PHOTMJSR: 0.8704000115394592
#   PIXAR_SR: 2.11539874851881e-14
#   __serialized_columns__:
#     area:
#       __class__: astropy.units.quantity.Quantity
#       unit: !astropy.units.Unit {unit: pix2}
#       value: !astropy.table.SerializedColumn {name: area}
#     eccentricity:
#       __class__: astropy.units.quantity.Quantity
#       unit: !astropy.units.Unit {unit: ''}
#       value: !astropy.table.SerializedColumn {name: eccentricity}
#     equivalent_radius:
#       __class__: astropy.units.quantity.Quantity
#       unit: !astropy.units.Unit {unit: pix}
#       value: !astropy.table.SerializedColumn {name: equivalent_radius}
#     kron_radius:
#       __class__: astropy.units.quantity.Quantity
#       unit: &id001 !astropy.units.Unit {unit: pix}
#       value: !astropy.table.SerializedColumn {name: kron_radius}
#     orientation:
#       __class__: astropy.units.quantity.Quantity
#       unit: &id002 !astropy.units.Unit {unit: deg}
#       value: !astropy.table.SerializedColumn {name: orientation}
#     radius_kron20:
#       __class__: astropy.units.quantity.Quantity
#       unit: *id001
#       value: !astropy.table.SerializedColumn {name: radius_kron20}
#     radius_kron50:
#       __class__: astropy.units.quantity.Quantity
#       unit: *id001
#       value: !astropy.table.SerializedColumn {name: radius_kron50}
#     radius_kron80:
#       __class__: astropy.units.quantity.Quantity
#       unit: *id001
#       value: !astropy.table.SerializedColumn {name: radius_kron80}
#     semimajor_sigma:
#       __class__: astropy.units.quantity.Quantity
#       unit: !astropy.units.Unit {unit: pix}
#       value: !astropy.table.SerializedColumn {name: semimajor_sigma}
#     semiminor_sigma:
#       __class__: astropy.units.quantity.Quantity
#       unit: !astropy.units.Unit {unit: pix}
#       value: !astropy.table.SerializedColumn {name: semiminor_sigma}
#     sky_centroid:
#       __class__: astropy.coordinates.sky_coordinate.SkyCoord
#       dec: !astropy.table.SerializedColumn
#         __class__: astropy.coordinates.angles.Latitude
#         unit: *id002
#         value: !astropy.table.SerializedColumn {name: sky_centroid.dec}
#       frame: icrs
#       ra: !astropy.table.SerializedColumn
#         __class__: astropy.coordinates.angles.Longitude
#         unit: *id002
#         value: !astropy.table.SerializedColumn {name: sky_centroid.ra}
#         wrap_angle: !astropy.coordinates.Angle
#           unit: *id002
#           value: 360.0
#       representation_type: spherical
#   astropy version: '5.1'
#   make_catalog parameters:
#     ab_zpt: 31.4
#     coadd_bands: !!python/tuple [f277w, f356w]
#     deblend_contrast: 0.001
#     deblend_nlevels: 32
#     deblend_npixels: 1
#     detect_kernel_fwhm: 4.0
#     detect_kernel_npix: 7
#     detect_npixels: 4
#     detect_threshold_nsigma: 3.0
#     flag_isolated_buffer: 4
#     hst_bands: !!python/tuple [f606w, f814w, f125w, f140w, f160w]
#     jwst_bands: !!python/tuple [f115w, f150w, f200w, f277w, f356w, f410m, f444w]
#     near_border_kernelsize: 21
#     reference_band: f200w
#   make_catalog version: 1.4.0
#   photutils version: 1.5.0
# schema: astropy-2.0
label xcentroid ycentroid sky_centroid.ra sky_centroid.dec bbox_xmin bbox_xmax bbox_ymin bbox_ymax area semimajor_sigma semiminor_sigma orientation eccentricity min_value max_value local_background segment_flux segment_fluxerr kron_flux kron_fluxerr kron_radius gini equivalent_radius kron4_2_flux kron4_2_fluxerr radius_kron20 radius_kron50 radius_kron80 near_border
[from data line 38]
39 3782.4602045690854 266.2404609062389 214.8908619350265 52.8302326721052 3780 3785 263 269 38.0 1.8655979462178558 1.503783416682991 -65.80807885153592 0.5918341636158322 0.09080956782139565 0.4409365455070945 0.0 9.771523257411404 1.1981379 23.65436638832657 3.8906294006237854 2.6381362060041957 0.18846706964628518 3.477898169151024 25.42516005338764 6.25369538933241 2.2806218899718895 4.074497968582817 6.894718619659428 False
40 2004.787396624286 271.88392082301965 214.9066825748845 52.84155140846321 1997 2012 264 279 164.0 4.1799624075518 2.216896332641174 43.818856761759235 0.8477708179022588 -0.05772713264117506 1.2212624144091553 0.0 81.5698550352786 2.8852901 144.09207539240072 6.649482026580028 2.38752664852008 0.32265693946467805 7.225151993843567 140.75197721749814 10.533023130886805 3.165044522917779 6.60277646946658 12.913910137011948 False
41 2245.309403795458 269.31100532459516 214.9045605541927 52.84001032345159 2240 2251 264 276 112.0 2.9565729392574007 2.3921785663423942 70.3509912185428 0.5876638159268469 0.07412115474890806 1.1975334040988188 0.0 55.647230853245155 2.0636518 130.17387364585562 6.7617808277793 2.7438149398882254 0.2565343857626853 5.970821321441846 205.2244408521957 10.800434004408359 3.4321774008920434 7.162238514063861 13.577482756709983 False
42 6919.714609450089 269.45352881201524 214.86282316850563 52.81032316546699 6908 6932 265 278 241.0 5.524387069903684 3.146682929763506 7.399311069760291 0.8219230367935304 -0.05984092247531465 1.4449125763386548 0.0 136.83963457731846 4.685697 278.1951722981926 26871721.668774873 2.4830556856979027 0.2775615774505884 8.758577656805558 278.0703431396782 46417458.094982676 4.953200719876702 9.863923816144975 16.483348474345835 False
43 4426.484618719841 276.65235263129796 214.88500145730097 52.82619874786191 4416 4437 266 288 365.0 4.164877122905088 3.133531039074016 -50.705103386804716 0.6587400870045201 -0.04623108948332144 8.634913399029585 0.0 468.67406678315626 4.304017 514.2015407732795 5.66107201917815 1.6098414532952556 0.5658015501214952 10.778826859036359 555.4626269445564 9.779730709795778 2.11968071793213 4.145907342387767 8.201182209099374 False
44 3015.501412375831 274.9550017091984 214.89762056852862 52.83515017128976 3008 3026 269 281 178.0 4.587664166208769 2.6365449292911425 0.43641141310908543 0.8183619730822127 -0.03277615583381387 0.9535396995008116 0.0 74.15576468468655 2.8242943 139.5787421001622 7.011278459977877 2.304759394724367 0.28475187074569713 7.527227892173502 177.15827675315154 11.432696591087733 4.1295890010459875 7.0749026123884144 11.942589279227454 False
45 6990.871511291107 273.53210721957265 214.86214541242083 52.80989311954683 6985 6996 270 277 76.0 2.9456769149435362 1.782969190115977 10.805313366072665 0.796010092030869 0.15424714136028192 1.003913502742068 0.0 45.123355569248716 2.9053361 142.65117769665375 10876763.262264352 2.8730145693315574 0.19102561160773585 4.918490759365935 194.05550002666195 23965425.180700995 3.715255092104395 7.778239728690671 14.146313472016866 False
46 3856.189924876686 277.2282918134624 214.89008799026917 52.829823726953045 3855 3857 276 279 6.0 1.1401057367025083 0.3411154952004415 -48.835649209356774 0.9541915602031581 0.16423005240445607 0.44942938072651933 0.0 2.0089778055610723 0.5185854 21.192810489780953 2.0832227230302505 3.7101363641092506 0.19395459236239593 1.381976597885342 39.962077665499024 3.3130373392885657 2.1392495171881185 3.7970253027009613 4.935451632604857 False
47 6796.945119430997 280.745842829206 214.86379991795303 52.811163985596686 6792 6802 276 285 83.0 2.1279622800772193 2.0266939259308363 67.30072915343644 0.30481792086083953 -0.02561251485836873 1.8207147960299737 0.0 68.82944090109125 3.9131718 92.49488665172626 5.86907335605305 1.5551565149855533 0.3815547350363233 5.140011726956917 87.70876593232197 inf 1.9403040225119603 3.2972054412704717 5.569438452401329 False
48 1629.3653395025956 280.02430234053105 214.90995170433894 52.84397901742858 1628 1631 278 281 15.0 1.1891505228428245 0.923355866253543 21.638751178982783 0.6301374734701095 0.06350462711072524 0.4388963347482281 0.0 3.7338022387012186 0.802006 19.42534424666275 3.221071197563459 3.3830031381809755 0.2879216818469759 2.1850968611841584 21.735870788679794 5.163237504049456 2.08532543627083 3.5715604500447107 5.496936471900443 False
49 3049.3241003001312 279.1636159037596 214.8972742037018 52.83495810372635 3048 3051 278 281 10.0 0.9466637723367787 0.7726835858613378 -53.966593724977734 0.5777446749792021 0.27342359563809415 0.4916504399170569 0.0 3.830510051660781 0.619803 15.744754810725167 2.566661610652341 3.170305063363526 0.13190994491280905 1.7841241161527712 20.346693546234878 3.9491834487399307 1.570982640206249 2.660555539398396 3.906451770223814 False
50 8727.40315387687 283.5726757521474 214.8465499447099 52.798914437807014 8722 8733 280 288 87.0 2.884400555579747 2.122274376206899 14.891972568446457 0.6772243529928623 0.19494529450250977 1.2120659585356335 0.0 63.018020227489004 2.9219358 95.07685713964102 11827406.33372432 2.0598446226184777 0.18293370326898284 5.262410103554244 103.02784841392284 21587566.177736394 2.6004290593679626 4.345299917218301 7.145010560285412 False
51 9622.548408537597 288.4331681950344 214.83851719986222 52.7932526628709 9615 9632 280 294 159.0 4.805050905609489 2.3613837871595003 -35.9674413674922 0.8709126591368327 0.13409323829902967 1.4742566725115605 0.0 126.26133429785664 4.4111505 204.09732099545323 13037274.915666265 2.0257992423655358 0.23430592535057 7.1141599576634995 222.79495405177596 26436402.066629227 3.363771615693727 6.249373914059536 9.732661555005587 False
52 755.3355489695243 283.42256112918983 214.9177275715728 52.849546488070274 754 757 281 285 17.0 1.2187835209264566 1.005185225193408 -65.80663252347743 0.5655052718499382 0.11197395214783129 0.4251342071220714 0.0 4.837743888989593 0.8018183 16.150080382665134 2.980247895000989 2.9122431984620887 0.16758818089434036 2.326213245840639 14.597539211856324 4.8340499009099895 1.8136461483961197 3.5011792252611698 6.620705524731357 False
53 9078.5105115183 281.5006417986162 214.84344078093693 52.79667230555778 9078 9079 281 282 4.0 0.5000369840504941 0.49985208878154563 -63.27167173773366 0.027191720240138353 0.6721140670424883 0.7027918757410103 0.0 2.7505547391957914 0.58195347 12.507822146659215 4395988.401385406 3.3560842199196004 0.014443223475977944 1.1283791670955126 19.069543510902115 7574538.70983343 1.0911262001225586 2.298770749121232 3.477580410815514 True
54 1387.9766577579032 290.429476242867 214.9119995208285 52.84556778405795 1382 1396 282 297 152.0 4.270132863242678 2.8458756793162294 57.65847762730979 0.745540175578743 -0.03311503826911256 0.48126121466150296 0.0 34.44124294856468 2.5296874 99.75749598463462 9.484241264436386 2.936372898444721 0.2748310995872082 6.955796338302048 81.58461849929256 14.928225054274105 5.066830089898532 11.387535232061811 20.0729593584402 False
55 2580.2134681778552 309.69142233039895 214.90114396527505 52.8381016989053 2557 2604 283 334 1413.0 10.450314387343267 4.45378352170168 46.213562378245086 0.9046352953208008 -0.07008722296172018 21.675424357799105 0.0 3846.522135741022 8.726599 3930.502056625781 9.813543925028165 1.4337699912132542 0.6025345584985035 21.20782565888583 4149.692230378076 15.077011315132964 3.9543324769647996 8.356750817636042 14.949697845952882 False
56 7165.8685472957195 287.73296876911905 214.86043482605314 52.8088579769164 7163 7169 285 291 40.0 1.7780841181829874 1.4784119103103293 -73.58703307993488 0.5555794933085666 0.28539141386921985 1.3985084074475014 0.0 26.789164737180016 1.940546 61.00895882458232 5.53698548059948 2.580086357699905 0.26145012156820674 3.5682482323055424 84.08785487092399 8.961021524827903 2.0843978024235628 4.01456983781674 6.554581607711853 False
57 942.0417942422993 288.80890213157267 214.91600210430494 52.84839022695458 940 944 287 291 17.0 1.2998871890331491 0.8755183764046118 29.387297464536083 0.739156131454898 0.1029574388945484 0.46915970645828886 0.0 4.961338659715332 0.7943261 20.18298000342659 2.934052174715847 3.175276549669746 0.2184261110735753 2.326213245840639 20.077265979031157 4.878520947653762 2.037325311264204 3.822966860867147 5.906073512015875 False
58 4000.1288176732346 296.24138231758377 214.88860272335032 52.82901219518635 3995 4005 290 304 118.0 3.184293434118449 2.3864693135733543 72.38338706241811 0.6620607338945341 0.0700686402909994 0.9851227912495831 0.0 58.169908095389346 2.4163907 118.759062607061 6.477577797320648 2.588149313225225 0.2377660565960098 6.128667601500942 132.36908973388827 10.209699405155485 3.24396281306165 6.2434948992631565 11.86456467112176 False
59 3452.084482114557 319.0543077423849 214.8932574130778 52.83261571069476 3410 3494 291 343 2792.0 12.612378548052867 6.878683030490344 -20.75386987035097 0.8381814841208897 -0.15724599631415384 23.527836015120492 0.0 5461.843688271204 12.321403 5548.794462927938 13.361287806856728 1.4 0.6224239592913307 29.811427376513585 5857.660194490552 20.45501540516631 4.593458300149888 10.129489261504508 18.761443236397756 False
60 3562.5654248529054 295.7752080596807 214.8925153608346 52.831788492165956 3560 3565 292 300 40.0 2.1558450433377785 1.3597098370473568 -63.391266226803786 0.7760198209819826 0.056505477509744044 0.5358261803742553 0.0 12.266602964491277 1.5491965 18.88973285047303 2.514416022319013 1.4 0.21243237398344297 3.5682482323055424 17.04776536751648 3.926098691232714 1.8473128301647925 3.0706438348610305 4.537534829080942 False
61 1312.5248246755402 303.7642432420276 214.91253365672443 52.84611880516991 1304 1322 293 315 322.0 5.566134454573041 3.429622204241408 58.98538593051859 0.7876220214892922 -0.23401289110446757 1.38622922638895 0.0 153.27462344528166 3.7264893 195.90630541168395 7.957983201031401 2.0157579876943688 0.3408761028205995 10.124020118074668 232.2356185521801 12.80258086583418 3.808179811671893 6.852905677777165 11.043568739970357 False
62 1065.320332668421 297.2709313349063 214.91481129290003 52.84765323558908 1063 1068 295 300 26.0 1.4969543876132387 1.2149415484205952 87.31016284633185 0.5842011170345098 0.086444944516626 0.48732862078599937 0.0 7.5285637444213735 0.97525287 30.045673425958707 3.5415923330548114 3.082392826330545 0.23385602336449354 2.876813695875796 63.50591850060265 5.664948783831167 2.498649231647057 4.898329468303045 7.876645715676766 False
63 2275.572617972995 313.56664318067965 214.90382495277726 52.84005700706729 2252 2302 295 333 1420.0 8.661392232100294 5.316348396863296 -20.027853846267284 0.7894628339877237 -0.025519768954889548 23.330701947999405 0.0 4092.001091576258 8.553872 4169.950227987189 9.516324560568005 1.419785258168353 0.6067279957945899 21.260292528114064 4337.782974445736 14.474523397029214 4.426511456323016 7.893378626512178 13.463284022077442 False
64 1054.4320290946662 310.0680103351313 214.91477408178523 52.84779144021926 1051 1058 308 313 31.0 2.2010113282986805 1.0495728424911677 22.217404499382543 0.8789796103961885 0.039304856294213805 0.514492882198779 0.0 9.209205565065645 1.1102865 32.37919326261582 3.9076262879080583 2.95932232892629 0.22666910307711896 3.141274657157109 36.62699862124149 6.25468176526235 2.6931497595265568 4.703520688349529 10.524610056889786 False
65 8701.890563589459 322.28025686142064 214.84637067698196 52.7992852476784 8684 8721 309 336 729.0 6.796090178794081 4.295561411059495 23.475429715470685 0.7749164928058111 -0.2924661603560286 5.841011076445741 0.0 639.8036543689836 6.773618 729.4143767498641 999999.9979958851 1.6029102514711675 0.5231100364482155 15.23311875578942 755.1576643347183 inf 3.345898170784 6.902172067553021 13.279895787568847 False
66 4157.901114837209 324.7047491395805 214.88689465037498 52.82816377799934 4150 4167 310 338 344.0 5.3934405428205245 2.768432974106461 67.71915314560891 0.8582114702049858 -0.03790543126357808 4.303521102515955 0.0 326.90006198109 3.769565 391.66394952313067 6.532077927664775 1.8591734936781055 0.47570632659092194 10.464157913908982 456.8800322329994 10.689549640770325 2.754236026568774 5.601689692370144 10.313868703875839 False
67 2758.8002056298906 313.4784073206451 214.89950873979177 52.836988124752516 2756 2762 311 316 32.0 1.69378312481638 1.3561415541375514 66.6964006996153 0.5991212329734423 0.01833932259108013 0.5104982270825631 0.0 8.675950734358665 1.0928203 36.28732600364192 4.143705399238587 3.129301476007289 0.2363953202628883 3.1915382432114616 45.75434402902836 6.62163796576198 2.787858407205702 5.038619193986886 7.957687350558044 False
68 6509.946955132235 314.6933881881789 214.86600406567615 52.81317025761326 6508 6512 313 317 20.0 1.2332079363064805 0.8823013036471691 7.60561443423819 0.6986617073770183 -0.05184149375207474 0.4491695878315029 0.0 3.7607201491556186 0.7955761 11.720598580204074 2.717202190212942 2.9285786682114057 0.42167664520096654 2.5231325220201604 16.902417407652308 4.354988585283759 1.5845073110583647 3.9008253993911617 5.437812113871524 False
69 6920.064471990147 313.97139015943276 214.86235216862687 52.81056103815919 6919 6921 313 315 6.0 0.684619611523867 0.6010114221532405 51.326745608725645 0.47888721985477456 0.06493150333197802 0.30275503442076124 0.0 1.2833633121456633 0.53251916 9.63027613277209 2.1835596463605813 3.41287348633011 0.2466258035473476 1.381976597885342 10.390622821199777 3.4560651411527092 1.6522194729115214 2.9493101108995563 4.1301467214988685 False
70 8514.832286146171 319.12693687030617 214.84807201623798 52.80045679545028 8493 8537 314 325 364.0 8.717149820856234 2.3126401772058873 4.26415962768262 0.9641665350420261 -0.13766323108549677 1.3869154581408851 0.0 172.00673815047315 4.377915 246.01448972274733 9.287463142018169 2.038288740494161 0.37133760717250197 10.764051215546116 258.28445193145205 15.66334367168864 3.839829529748418 8.84739339287219 20.286786861368483 False
71 599.5042126487166 316.43489135198814 214.9187734687569 52.85071399942676 599 600 316 317 4.0 0.5219217904424233 0.4725894224442943 42.53200791850197 0.424390246355024 0.22592855564662662 0.3599912471477757 0.0 1.1817965933937695 0.44202816 13.26866618402648 1.9644213082035342 3.8031696910541974 0.11903225484632762 1.1283791670955126 24.421571394606907 3.0340221833996965 1.8230732008876152 3.068295367081985 4.123155596639314 False
72 3642.9657648718135 323.2994317723796 214.89150797725938 52.83142642261246 3635 3652 316 330 203.0 3.9678420193982133 2.7485726882507784 -34.178426163918715 0.7212140932185036 -0.08346369081011555 1.504509999170206 0.0 95.71359376404958 3.3505998 124.15523228238987 6.929687451123867 2.0515646246155868 0.39150784996226656 8.03846421247924 131.60524496402746 10.636014670277367 2.544253760103708 4.946093016790889 8.568013068969146 False
73 3000.918526500935 318.29082923415046 214.8972953049138 52.83547662833692 2999 3003 317 321 19.0 1.128457637675011 0.9970214735552523 -2.3887913926476934 0.4683824331014202 -0.0254634262000711 0.7040001608527491 0.0 6.811716603391461 1.0585788 19.889921241787917 2.910246553090372 2.8540705688045738 0.31437466927186186 2.4592453796829674 18.411787877737826 4.4776555610038615 1.5878234951336274 3.0238944983881786 4.700118098250002 False
74 8293.15547081341 322.1639610503852 214.85001714824 52.801881653821695 8289 8297 320 325 50.0 2.179390413507227 1.4428283509488355 3.141423297755529 0.7494746964961054 0.10147199091879158 0.8325340222041439 0.0 19.703357361479704 1.7406869 46.480793614967965 4.711446717415446 2.5819964156581667 0.25953706719044634 3.989422804014327 74.1047514110782 7.493508037112526 2.2838052624569363 4.559968862284807 7.093680878262333 False
