outputs/dr0.5_c0.1/nircam6_matched_f277w_f160w_dr0.5_c0.1.ecsv
# %ECSV 1.0
# ---
# datatype:
# - {name: label, datatype: int64}
# - {name: xcentroid, datatype: float64}
# - {name: ycentroid, datatype: float64}
# - {name: sky_centroid.ra, unit: deg, datatype: float64}
# - {name: sky_centroid.dec, unit: deg, datatype: float64}
# - {name: bbox_xmin, datatype: int64}
# - {name: bbox_xmax, datatype: int64}
# - {name: bbox_ymin, datatype: int64}
# - {name: bbox_ymax, datatype: int64}
# - {name: area, unit: pix2, datatype: float64}
# - {name: semimajor_sigma, unit: pix, datatype: float64}
# - {name: semiminor_sigma, unit: pix, datatype: float64}
# - {name: orientation, unit: deg, datatype: float64}
# - {name: eccentricity, datatype: float64}
# - {name: min_value, datatype: float64}
# - {name: max_value, datatype: float64}
# - {name: local_background, datatype: float64}
# - {name: segment_flux, datatype: float64}
# - {name: segment_fluxerr, datatype: float32}
# - {name: kron_flux, datatype: float64}
# - {name: kron_fluxerr, datatype: float64}
# - {name: kron_radius, unit: pix, datatype: float64}
# - {name: gini, datatype: float64}
# - {name: equivalent_radius, unit: pix, datatype: float64}
# - {name: kron4_2_flux, datatype: float64}
# - {name: kron4_2_fluxerr, datatype: float64}
# - {name: kron4_2_mag, datatype: float64}
# meta:
#   PHOTMJSR: 2.251199960708618
#   PIXAR_SR: 2.11539874851881e-14
#   __serialized_columns__:
#     area:
#       __class__: astropy.units.quantity.Quantity
#       unit: !astropy.units.Unit {unit: pix2}
#       value: !astropy.table.SerializedColumn {name: area}
#     eccentricity:
#       __class__: astropy.units.quantity.Quantity
#       unit: !astropy.units.Unit {unit: ''}
#       value: !astropy.table.SerializedColumn {name: eccentricity}
#     equivalent_radius:
#       __class__: astropy.units.quantity.Quantity
#       unit: !astropy.units.Unit {unit: pix}
#       value: !astropy.table.SerializedColumn {name: equivalent_radius}
#     kron_radius:
#       __class__: astropy.units.quantity.Quantity
#       unit: !astropy.units.Unit {unit: pix}
#       value: !astropy.table.SerializedColumn {name: kron_radius}
#     orientation:
#       __class__: astropy.units.quantity.Quantity
#       unit: &id001 !astropy.units.Unit {unit: deg}
#       value: !astropy.table.SerializedColumn {name: orientation}
#     semimajor_sigma:
#       __class__: astropy.units.quantity.Quantity
#       unit: !astropy.units.Unit {unit: pix}
#       value: !astropy.table.SerializedColumn {name: semimajor_sigma}
#     semiminor_sigma:
#       __class__: astropy.units.quantity.Quantity
#       unit: !astropy.units.Unit {unit: pix}
#       value: !astropy.table.SerializedColumn {name: semiminor_sigma}
#     sky_centroid:
#       __class__: astropy.coordinates.sky_coordinate.SkyCoord
#       dec: !astropy.table.SerializedColumn
#         __class__: astropy.coordinates.angles.Latitude
#         unit: *id001
#         value: !astropy.table.SerializedColumn {name: sky_centroid.dec}
#       frame: icrs
#       ra: !astropy.table.SerializedColumn
#         __class__: astropy.coordinates.angles.Longitude
#         unit: *id001
#         value: !astropy.table.SerializedColumn {name: sky_centroid.ra}
#         wrap_angle: !astropy.coordinates.Angle
#           unit: *id001
#           value: 360.0
#       representation_type: spherical
#   astropy version: '5.1'
#   kernelfile: kernel_f277w_f160w.fits
#   make_catalog parameters:
#     ab_zpt: 31.4
#     coadd_bands: !!python/tuple [f277w, f356w]
#     deblend_contrast: 0.001
#     deblend_nlevels: 32
#     deblend_npixels: 1
#     detect_kernel_fwhm: 4.0
#     detect_kernel_npix: 7
#     detect_npixels: 4
#     detect_threshold_nsigma: 3.0
#     flag_isolated_buffer: 4
#     hst_bands: !!python/tuple [f606w, f814w, f125w, f140w, f160w]
#     jwst_bands: !!python/tuple [f115w, f150w, f200w, f277w, f356w, f410m, f444w]
#     near_border_kernelsize: 21
#     reference_band: f200w
#   make_catalog version: 1.4.0
#   photutils version: 1.5.0
# schema: astropy-2.0
label xcentroid ycentroid sky_centroid.ra sky_centroid.dec bbox_xmin bbox_xmax bbox_ymin bbox_ymax area semimajor_sigma semiminor_sigma orientation eccentricity min_value max_value local_background segment_flux segment_fluxerr kron_flux kron_fluxerr kron_radius gini equivalent_radius kron4_2_flux kron4_2_fluxerr kron4_2_mag
[from data line 2376]
2377 4245.853678104657 2889.8468082815302 214.85913814174802 52.84144188586112 4245 4247 2889 2891 6.0 0.7768053761588585 0.5786123540683556 47.06034855742477 0.6672192052359659 0.09136362884699434 0.10195750653605189 0.0 0.5842215370317578 1.4323336 6.243069801748701 6.446636759661869 3.6368132315833095 0.028591141345340923 1.381976597885342 7.693093044685193 10.390205343057326 29.184747537309054
2378 2950.063087874263 2899.1111464175187 214.8706121674219 52.84972346246989 2943 2959 2891 2908 187.0 4.701046761431099 2.659479418291691 -50.56389417491721 0.8245969322882689 0.19654398349592475 0.6884406720313043 0.0 76.84784963064656 8.224898 153.85674005110732 23.728960509562935 2.477308383036189 0.17715642854127284 7.715176518808164 197.50555934951822 37.68742824031474 25.6610516885642
2379 2634.5299687961274 2895.0980230429864 214.87347276812855 52.85170609397653 2632 2637 2892 2898 27.0 1.7635444594167426 1.2077118926314432 -74.58400191892073 0.7287115334572507 0.19193978992074398 0.2603720864284917 0.0 6.067850669205301 3.1908917 40.85883815927707 13.758066690023774 3.4321717107009455 0.05689086454852158 2.9316150714175193 48.48413939101209 21.781834285386616 27.18600077212857
2380 6518.577625633912 2901.839394874388 214.83872707230822 52.82706617459746 6506 6529 2892 2914 263.0 6.575270700924608 2.88275660211199 40.68223282634605 0.898768257215043 0.21676235021969484 0.6345725002814514 0.0 105.28928320283052 9.703487 253.60862537063548 29.603897056967373 2.5937055621103386 0.15846366623612118 9.149617481968136 343.89094337287656 47.40498132800753 25.058948153749533
2381 9371.208131482084 2893.948485434816 214.8133683049665 52.80889377564963 9368 9374 2892 2896 28.0 1.6736232704898113 1.2726102697944948 -7.003627584566214 0.6494640330915273 0.19001749815679178 0.2689277159207364 0.0 6.569642934734102 3.1046283 41.75797523834642 13.382372556173145 3.460733221041456 0.049406911260051714 2.985410660720923 44.31735443238655 21.379874939584266 27.28356543284422
2382 10262.043823157557 2895.959765005425 214.80540640851476 52.803241804007044 10259 10265 2893 2899 35.0 1.671167840809673 1.536168094235145 1.199288578298262 0.3937482458266939 0.20588693129876956 0.3356250090362433 0.0 9.272347021740803 5.520841 30.29610736077628 15.805135688988601 2.9227503141842957 0.08309622611856377 3.3377905890622728 28.979169478980577 23.712220805882975 27.744785163092438
2383 8232.015995454583 2894.501215779069 214.8235200591541 52.81613752850458 8231 8233 2894 2895 6.0 0.8112679353645136 0.49999851686065866 -0.006353184071556413 0.7874978759625735 0.2323040790313153 0.2483141140088736 0.0 1.4499622001909642 1.4087658 17.43727455479391 6.237760047917905 3.818666954705283 0.01679067846160832 1.381976597885342 27.966107402009065 10.027492328944728 27.783419947002432
2384 1642.6133484486425 2900.9973866352425 214.8822723547739 52.85803817651457 1635 1651 2895 2907 176.0 3.565741852919195 2.869017731425838 -3.045076220746938 0.5938088793862613 0.24678549972352765 1.3679700307186458 0.0 109.02541715270013 8.463431 154.87529657641454 17.41443261599055 1.928907864193506 0.2718408399147873 7.48482063701911 163.07244029570518 28.056672912206512 25.869048574389513
2385 4280.998039291422 2901.5953969792063 214.8587007923585 52.84128197196959 4278 4284 2899 2904 30.0 1.561711358881758 1.4151826757798225 -31.751051485237603 0.42290443737575545 0.1596828619297599 0.24359855728374938 0.0 5.901482023725285 3.2373893 19.899816829915437 11.613794979099872 2.938033193674233 0.07953953160618384 3.0901936161855166 21.99977141429379 18.682494328446353 28.04395457908387
2386 2540.898344430057 2907.023459132078 214.87418371109635 52.852365161637465 2536 2546 2902 2912 91.0 3.048064171085716 2.090134329741298 -47.9655597787068 0.7278605551170118 0.1934604649674952 0.42149695215791133 0.0 26.780861069083787 5.7504387 62.93645103013907 17.44269478198283 2.557584696475367 0.12719628623018317 5.382025607773058 58.152561224187984 27.838052990248666 26.988577882001934
2387 9105.370519668153 2911.5673264501725 214.81555305831517 52.81067848249669 9095 9117 2902 2922 316.0 5.288562251643824 4.085229175808125 -24.248605928853642 0.6350573536651685 0.2594770248360003 0.8054090668197262 0.0 144.9922944055068 10.512563 324.3799060022486 30.873094455694364 2.5342545697570382 0.16855396487994584 10.02925341359355 317.75791889101663 49.56481617728268 25.14475904380886
2388 7519.038897841245 2915.4523412277313 214.82965868483984 52.82078174666924 7507 7531 2903 2929 539.0 5.69107038214498 5.087846717082432 -66.9487734429171 0.44805651311751404 0.25205538500586994 2.1964302910208615 0.0 492.3367417161745 13.607531 644.0852877735394 26.770894984167736 1.8975991371048815 0.32975950542944277 13.098436114783443 692.9903353531918 42.7720646021027 24.298182055360982
2389 4430.1717941270645 2908.0840597341153 214.8573007131417 52.840369249379556 4428 4432 2905 2911 29.0 1.770880711665496 1.2365688758399465 71.16063636985706 0.7158256688446799 0.1675017436868985 0.23636476304823564 0.0 5.957981450735959 3.1939902 43.18861323805406 13.51238200976171 3.4118814714037287 0.05264942523582934 3.0382538898732494 77.16208626321998 21.674902503586214 26.681490096674985
2390 7959.7438930324015 2906.0058407567794 214.82582727932575 52.8179299879925 7959 7960 2905 2907 4.0 0.6990335677400517 0.43647300416379525 89.71252420157595 0.7811088220053779 0.1529377243975322 0.1622438957655622 0.0 0.633500514596987 1.1596884 9.196472001295843 5.605368195898881 3.9384553396453748 0.017343692773994956 1.1283791670955126 14.490564497602382 9.019829522503088 28.497286739320945
2391 8700.691142564321 2909.4191736300754 214.81918384756665 52.813239104749066 8696 8705 2905 2913 73.0 2.4193835276521134 2.166558949722952 -0.5593557224775522 0.4450606803601684 0.25052784466611283 0.4678456711064421 0.0 25.22811170242212 4.937148 71.75573557575173 16.718169142600402 2.755870312911499 0.10654733863002717 4.820437914901168 101.31562062515596 26.560085714185778 26.385808977213447
2392 4329.533128479754 2909.6878407559516 214.8581823466161 52.84101726710018 4327 4332 2908 2912 26.0 1.7215066024650882 1.249625894352521 4.193701496909683 0.6878099090677583 0.1776841945542704 0.20107303770179405 0.0 5.00520989401448 3.0113971 43.1178052202056 13.952939247981087 3.561441018761496 0.01909535314000967 2.876813695875796 59.5784283178007 22.142938788998887 26.962277394205152
2393 2694.0985578061614 2916.215270032412 214.87271855015075 52.851441626609535 2687 2703 2909 2923 159.0 3.6577479295580293 2.9730222818371117 28.562650556658888 0.5825410221116656 0.19454850451140826 0.7129501817879067 0.0 71.44586014501861 7.752304 120.57339722286399 18.805081241572115 2.118812013406874 0.18002088831342292 7.1141599576634995 126.49710601440306 29.977092623487046 26.144798525278752
2394 7621.405646216927 2910.8715850589265 214.82879378069762 52.820106488529646 7620 7623 2909 2913 17.0 1.2791886811893305 1.001449690555689 74.65115656344486 0.6221742486692876 0.2233644827461782 0.2559864781812582 0.0 4.064734611724349 2.391942 37.975261322768446 10.781609704574732 3.611952889272625 0.024963526228437338 2.326213245840639 68.0449976926738 17.319092878866563 26.81800949078501
2395 8658.537449392421 2911.4868442468364 214.81953797903654 52.81351817681225 8657 8660 2910 2913 12.0 0.9375979562438778 0.9316197549335157 64.89837154621618 0.11274532929587122 0.2866246725419836 0.3860188725831813 0.0 3.970252334042195 2.1129508 17.507382501998936 7.8800536455331365 3.138656176773149 0.06115318659604072 1.9544100476116797 24.940420465010607 12.427513303851503 27.907740572803807
2396 6867.999694427102 2912.2922457254317 214.83549961202834 52.82490206686774 6867 6869 2911 2913 7.0 0.7533795279204996 0.695908168626068 -0.08476287092117415 0.38307977401378046 0.1601570372377631 0.16963892799441407 0.0 1.1544921373683927 1.5428761 14.44580710276342 7.394370763500934 3.799147337847251 0.01178754093603784 1.4927053303604616 24.131884552672716 11.682308405246737 27.943521902556277
2397 9286.372026101153 2915.3156476263107 214.81389993592342 52.80954817532771 9283 9289 2911 2919 48.0 2.166780182227269 1.6425178593157712 89.96179698265017 0.6522017287732799 0.27177838749344074 0.40745586470351186 0.0 16.100699104313833 4.0414333 63.55646880640076 15.317022207364042 3.109158775605565 0.07073355071551585 3.9088200952233594 69.3162980332499 24.544699132681007 26.797911599122912
2398 1826.6755716455607 2916.33925869109 214.88046639545075 52.85695190304271 1825 1828 2914 2918 14.0 1.3054748154405211 0.8324673109442888 -62.166832592228076 0.7703063711265912 0.15633762794432382 0.18878067423853404 0.0 2.4836895786428066 2.3222306 24.831234661295525 10.76259420179484 3.6772355534192966 0.028752820288994268 2.111004122822376 30.911879837420294 17.398134220689943 27.674686458694524
2399 3582.1958652070825 2916.0347093055307 214.86478864156217 52.84579920472688 3580 3585 2914 2918 18.0 1.442191357294558 0.9871207876541254 -0.7577688461106062 0.7290513977115831 0.14431986301501845 0.1777157651504253 0.0 2.9669790601734527 3.1432288 29.038076319141823 13.143081104503418 3.6066222006150643 0.035383114786935524 2.393653682408596 41.53281984669387 20.405272788864302 27.3540214542934
2400 9257.889474146126 2916.652470120808 214.81413980671206 52.809736425646115 9255 9260 2914 2919 30.0 1.464694320421969 1.405440018660985 78.22615742233937 0.28155552714111126 0.701533351379917 1.7792150064218215 0.0 36.19000285425945 3.1787682 86.18753890130299 9.733035442789264 2.6285994150125895 0.1464041725099558 3.0901936161855166 92.33044156752632 15.787949332490559 26.486637718585676
2401 7492.920372744594 2916.3624673141335 214.8298820864407 52.820952641314186 7492 7494 2915 2918 9.0 0.9574647750716639 0.702572384080618 69.28049741970385 0.6793827803971801 0.18625094603479872 0.22300325056566364 0.0 1.8583645846486836 1.7508818 22.060070056800058 7.974821750540977 3.731865280563871 0.034678842237316945 1.692568750643269 43.16434798486527 12.799057084336713 27.312187037247735
2402 4335.495779856374 2921.5620147357986 214.8580042204714 52.841043421367836 4333 4338 2917 2926 48.0 2.3551032260514626 1.4979087934977837 82.12869032305099 0.7716669593800173 0.1672962624588034 0.29721022721900603 0.0 11.40609701687297 4.3319106 44.454416975964946 15.615966969462699 3.0552211079913536 0.0802439847721694 3.9088200952233594 58.839077643318305 24.660548194990024 26.975835359641895
2403 9380.798651615394 2921.81242751326 214.8129897979708 52.80898296909717 9379 9383 2918 2925 28.0 1.9252989985227809 1.1053823830895677 69.60574215993933 0.8187603429911398 0.20698431893227726 0.2730318901257289 0.0 6.851277588935369 3.0781264 38.24456322581371 12.595359722182376 3.31713500039095 0.04349784995047565 2.985410660720923 48.39295149586793 20.330620713859624 27.188044723438978
2404 2491.5084280008195 2920.9988422191095 214.87447790251775 52.852754266833976 2491 2492 2919 2923 8.0 1.2338884173732585 0.44991341228644055 79.06435654855501 0.9311522764802147 0.15111736173728302 0.16279747878783463 0.0 1.2526941997853576 1.7436345 15.895235378670176 7.875419195155466 3.9222968330021124 0.01712181374844401 1.5957691216057308 27.707178149692584 12.578931951800154 27.793519257217252
2405 4424.623115438949 2925.4726566243985 214.8571673608682 52.840498273559746 4419 4432 2921 2930 96.0 3.303532668987455 2.154313694344766 3.078087419949841 0.7581121223850067 0.1735739059774919 0.3550259245527717 0.0 25.742758131630872 5.844836 89.32536955357148 21.201790502712818 2.9554561830359805 0.10316453913412951 5.527906391541368 112.51984037600073 33.68204236572531 26.27192723152374
2406 7059.967901866351 2923.4620451102664 214.83366954617028 52.82374235125848 7058 7062 2921 2926 25.0 1.5317241062252156 1.2331493376402618 80.06428339241609 0.593176085195744 0.13600301426945388 0.19587589203896086 0.0 4.3318129876490845 3.0243113 65.64590530546144 13.423886244989172 3.7438645466259097 0.05567445751557749 2.8209479177387813 146.55749486139817 21.553333340872932 25.984979917753087
2407 3440.9471685552817 2925.118410955133 214.86595448473878 52.846745485507356 3439 3443 2923 2927 20.0 1.2819827466786193 1.1820105714462452 28.91859850723413 0.3871481188853514 0.15171033302146011 0.18349045432303931 0.0 3.3292683674579275 2.7208602 21.224440071799176 11.882216115293362 3.423404578622155 0.035056942623533094 2.5231325220201604 32.19742346064821 18.48761130131887 27.63044720131894
2408 10304.468429802295 2930.6198538021113 214.80466383450025 52.803158861805585 10298 10311 2923 2937 149.0 3.5277414109914726 2.651274832344421 49.102038315780625 0.6596758805085281 0.31120564307799375 1.3736163981009635 0.0 105.6197491065705 7.6801147 187.07092039685347 19.257916365949075 2.282934223693199 0.2240002568158106 6.886811529393324 213.95495922124826 30.756440339058777 25.574194106585765
2409 1534.8211589527828 2925.001855551198 214.88298300522712 52.85885229511225 1533 1536 2924 2926 10.0 0.9680049291587685 0.772510881382275 0.6173364567927379 0.6025986952988824 0.16023424318677193 0.182770100311626 0.0 1.729676481053 1.9426006 15.12236448581925 8.943523054149331 3.62908043355323 0.02163119629535882 1.7841241161527712 19.621295439286676 14.395738072303399 28.16818080743078
2410 7459.275184981616 2925.3101595572302 214.8300880999352 52.821214694308296 7457 7461 2924 2927 16.0 1.2696526991548276 0.9721715208060682 -5.020795108405066 0.6431993319890548 0.22801345217571783 0.29302401127330613 0.0 4.236486328182371 2.31714 50.519182414787366 10.763467732969925 3.6818637847942943 0.04711488916340127 2.256758334191025 101.9231986806186 17.11379317582347 26.379317388062837
2411 8307.366293281419 2926.093978377014 214.8225158626381 52.81582890003689 8306 8309 2925 2927 11.0 1.0640315734004913 0.7611430872069785 14.939232955551798 0.6987777733802862 0.3142344660150587 0.3714977224437249 0.0 3.741972875513393 1.9102266 24.505442259153554 7.947860302370946 3.4206619782154193 0.035068071443768827 1.8712051592547776 32.33094854409906 12.769499222421558 27.625953884046037
2412 9674.778897661692 2926.749944674513 214.81031717282283 52.807140870390434 9673 9677 2925 2928 11.0 1.181708714110231 0.840412366646477 8.01368163958344 0.7030058848955348 0.2264536933667214 0.34752807632507837 0.0 3.006041671450783 1.9638534 46.933508170542055 9.812344009251753 3.759724397268573 0.07660048118319983 1.8712051592547776 87.60960676958094 15.81074578899937 26.543620672414797
2413 1319.9481357562504 2934.064975725953 214.88480771013724 52.860265881909164 1313 1329 2927 2941 206.0 3.817286840439859 3.3374396645909146 -17.301633282277265 0.4853926491012653 0.27026667919006897 1.443371250302822 0.0 142.98277893414888 8.813268 224.86998833607936 21.323635357745886 2.1538150124820667 0.24677196387251166 8.097643889049511 247.47320463175356 34.2025151347093 25.416179544457894
2414 2471.8917524712133 2928.6225834988577 214.8745729456015 52.85291999372761 2471 2473 2927 2930 11.0 1.0795455728185077 0.760747987063726 74.77496787225297 0.7095125542534567 0.14424088824402764 0.16098471713350712 0.0 1.6912901210981055 1.9667419 16.423892073102138 8.982858168771555 3.6381994890456197 0.022750323872408797 1.8712051592547776 23.575045872909108 14.447403760116599 27.968868633822087
2415 2118.6905874838135 2932.739274772168 214.87768494197434 52.85518563985773 2114 2124 2929 2936 74.0 2.6089908641033763 1.9688649092523118 -9.358368010059106 0.6561319907534565 0.17864057716040949 0.42552031766043985 0.0 21.794551440135507 4.271169 44.725007487289886 11.93870344443404 2.36932925067329 0.13483764357462855 4.853342309955121 56.31970476780933 19.258507281324874 27.02334907616199
