outputs/dr0.5_c0.1/nircam6_matched_f606w_f277w_dr0.5_c0.1.ecsv
# %ECSV 1.0
# ---
# datatype:
# - {name: label, datatype: int64}
# - {name: xcentroid, datatype: float64}
# - {name: ycentroid, datatype: float64}
# - {name: sky_centroid.ra, unit: deg, datatype: float64}
# - {name: sky_centroid.dec, unit: deg, datatype: float64}
# - {name: bbox_xmin, datatype: int64}
# - {name: bbox_xmax, datatype: int64}
# - {name: bbox_ymin, datatype: int64}
# - {name: bbox_ymax, datatype: int64}
# - {name: area, unit: pix2, datatype: float64}
# - {name: semimajor_sigma, unit: pix, datatype: float64}
# - {name: semiminor_sigma, unit: pix, datatype: float64}
# - {name: orientation, unit: deg, datatype: float64}
# - {name: eccentricity, datatype: float64}
# - {name: min_value, datatype: float64}
# - {name: max_value, datatype: float64}
# - {name: local_background, datatype: float64}
# - {name: segment_flux, datatype: float64}
# - {name: segment_fluxerr, datatype: float32}
# - {name: kron_flux, datatype: float64}
# - {name: kron_fluxerr, datatype: float64}
# - {name: kron_radius, unit: pix, datatype: float64}
# - {name: gini, datatype: float64}
# - {name: equivalent_radius, unit: pix, datatype: float64}
# - {name: kron4_2_flux, datatype: float64}
# - {name: kron4_2_fluxerr, datatype: float64}
# - {name: kron4_2_mag, datatype: float64}
# meta:
#   PHOTMJSR: 0.3925000131130219
#   PIXAR_SR: 2.11539874851881e-14
#   __serialized_columns__:
#     area:
#       __class__: astropy.units.quantity.Quantity
#       unit: !astropy.units.Unit {unit: pix2}
#       value: !astropy.table.SerializedColumn {name: area}
#     eccentricity:
#       __class__: astropy.units.quantity.Quantity
#       unit: !astropy.units.Unit {unit: ''}
#       value: !astropy.table.SerializedColumn {name: eccentricity}
#     equivalent_radius:
#       __class__: astropy.units.quantity.Quantity
#       unit: !astropy.units.Unit {unit: pix}
#       value: !astropy.table.SerializedColumn {name: equivalent_radius}
#     kron_radius:
#       __class__: astropy.units.quantity.Quantity
#       unit: !astropy.units.Unit {unit: pix}
#       value: !astropy.table.SerializedColumn {name: kron_radius}
#     orientation:
#       __class__: astropy.units.quantity.Quantity
#       unit: &id001 !astropy.units.Unit {unit: deg}
#       value: !astropy.table.SerializedColumn {name: orientation}
#     semimajor_sigma:
#       __class__: astropy.units.quantity.Quantity
#       unit: !astropy.units.Unit {unit: pix}
#       value: !astropy.table.SerializedColumn {name: semimajor_sigma}
#     semiminor_sigma:
#       __class__: astropy.units.quantity.Quantity
#       unit: !astropy.units.Unit {unit: pix}
#       value: !astropy.table.SerializedColumn {name: semiminor_sigma}
#     sky_centroid:
#       __class__: astropy.coordinates.sky_coordinate.SkyCoord
#       dec: !astropy.table.SerializedColumn
#         __class__: astropy.coordinates.angles.Latitude
#         unit: *id001
#         value: !astropy.table.SerializedColumn {name: sky_centroid.dec}
#       frame: icrs
#       ra: !astropy.table.SerializedColumn
#         __class__: astropy.coordinates.angles.Longitude
#         unit: *id001
#         value: !astropy.table.SerializedColumn {name: sky_centroid.ra}
#         wrap_angle: !astropy.coordinates.Angle
#           unit: *id001
#           value: 360.0
#       representation_type: spherical
#   astropy version: '5.1'
#   kernelfile: kernel_f606w_f277w.fits
#   make_catalog parameters:
#     ab_zpt: 31.4
#     coadd_bands: !!python/tuple [f277w, f356w]
#     deblend_contrast: 0.001
#     deblend_nlevels: 32
#     deblend_npixels: 1
#     detect_kernel_fwhm: 4.0
#     detect_kernel_npix: 7
#     detect_npixels: 4
#     detect_threshold_nsigma: 3.0
#     flag_isolated_buffer: 4
#     hst_bands: !!python/tuple [f606w, f814w, f125w, f140w, f160w]
#     jwst_bands: !!python/tuple [f115w, f150w, f200w, f277w, f356w, f410m, f444w]
#     near_border_kernelsize: 21
#     reference_band: f200w
#   make_catalog version: 1.4.0
#   photutils version: 1.5.0
# schema: astropy-2.0
label xcentroid ycentroid sky_centroid.ra sky_centroid.dec bbox_xmin bbox_xmax bbox_ymin bbox_ymax area semimajor_sigma semiminor_sigma orientation eccentricity min_value max_value local_background segment_flux segment_fluxerr kron_flux kron_fluxerr kron_radius gini equivalent_radius kron4_2_flux kron4_2_fluxerr kron4_2_mag
[from data line 2491]
2492 9307.478166064466 3017.057137515725 214.81264187330845 52.809962287713745 9303 9312 3013 3022 80.0 1.9888016943710876 1.8975069440098782 -15.543377403232066 0.2995022334595943 0.02212918645211899 3.334005466231893 0.0 83.99497137461816 2.6640491 100.91280774367738 4.499100465807255 1.7434544209176595 0.42084285301364643 5.046265044040321 105.46278237521196 7.171356586033685 26.34225193766355
2493 1176.3910822883088 3017.6071886940917 214.8852117487748 52.86162835013292 1171 1182 3014 3023 87.0 3.180732956262295 1.5532362322781437 42.03391410561295 0.8726609977648022 -0.08361391558188862 0.6140042485883938 0.0 16.926388232769135 2.835338 41.50252168978417 8.845260965640222 2.988703433749975 0.40536327054669063 5.262410103554244 59.59450293596961 14.155959601648737 26.961984495560372
2494 3015.6922139957833 3021.6188398879194 214.86873738888107 52.84996736164672 3012 3019 3019 3026 44.0 1.6134486938742976 1.557336641590875 77.77109563780715 0.261430550417151 -0.08984896481381555 0.2619933742236939 0.0 4.823565818288765 1.8149431 5.845062921553571 2.712086241850042 1.4 0.38186127248182905 3.742410318509555 4.092280233542911 4.334260358305652 29.870086585179397
2495 9189.525386322997 3020.1767387958616 214.81366064554817 52.810728860582536 9188 9191 3019 3021 8.0 0.7952367291719922 0.7317638476081023 5.393784075977723 0.3914869391893184 0.08087388516202343 0.18111815237270143 0.0 0.952280771906888 0.74638784 4.446911357252779 3.191792429502145 3.528553317354408 0.1806655874406127 1.5957691216057308 1.8472866298059132 5.1208232970471945 30.733664282670237
2496 3741.935368905353 3030.139621162289 214.8621620033115 52.84539983406204 3733 3750 3020 3042 304.0 3.8734309014233723 2.786771729748235 -77.77112554723246 0.6945357148695505 -0.15841557384967553 4.457755745851616 0.0 181.33830280762442 5.598329 206.0652137117562 8.750075687974366 1.9020615250489836 0.5901832315900087 9.83698151873187 235.10803124233558 13.816975296097336 25.47183133802713
2497 8809.595114383495 3028.7239351785834 214.81695817946698 52.81318987089733 8803 8816 3021 3038 200.0 2.9476540168384906 2.497860113452298 -84.13376447738686 0.5309452262921327 -0.05753925644777386 4.430741968099248 0.0 155.57900308136212 3.7723675 174.19890513930682 5.815248199565524 1.7977845656388047 0.5555494958672392 7.978845608028654 200.64848478787235 9.315736712630768 25.643910288813025
2498 6347.36030338957 3026.6782496620162 214.83894183782039 52.828827204011276 6344 6351 3022 3031 61.0 2.6440604372991086 1.5518799813194848 59.351469979204886 0.8096372457524315 0.07441116981424924 0.493566329184101 0.0 16.657269495234583 2.163907 49.7838510943963 7.796690704025665 3.2019664748897454 0.18505642893950217 4.406461512053774 75.25554352407653 12.487922145491337 26.708653758164456
2499 7171.8346539606855 3024.021745972936 214.83161403453028 52.8235735145693 7170 7173 3023 3025 9.0 1.0014935467333228 0.5398112637990703 46.12166288425772 0.842301775494898 0.007811672945982455 0.16891619257780713 0.0 0.8056021947831393 0.8308379 4.288284549795326 2.8376912850483316 3.1830576504905808 0.3176967657692533 1.692568750643269 12.562884167598302 4.543360639748745 28.652276611234445
2500 6373.267069595189 3027.733317575688 214.83869958108986 52.82866826661998 6370 6376 3026 3032 39.0 1.4917701626334205 1.1820453025842728 2.5308144268858137 0.6100308968197184 -0.04567195745497389 0.5644098194695275 0.0 8.13929834745976 1.706857 14.70562886012543 3.7872813605721984 2.421960456864044 0.47914669499793855 3.523362819972964 15.351450410838746 6.105348790070582 28.434626464853636
2501 1522.3369620740875 3028.733608226898 214.88200337960328 52.85949121758488 1521 1523 3028 3030 9.0 0.8345320217256038 0.6605429900391743 52.98254041838533 0.6111522590253629 0.017000669195706766 0.48994743185669265 0.0 2.5545305257927837 1.0167531 8.212395690344978 2.998466602183806 2.9403031489319056 0.33963234609948895 1.692568750643269 8.21874856194989 4.61927316022747 29.112985764548686
2502 1407.3702060584808 3034.885105572006 214.8829659618984 52.86025458783318 1403 1411 3032 3038 48.0 2.6694845148375625 1.1056192319516822 -26.02092366028937 0.9101997440196196 -0.20121971080114806 0.2586177332768006 0.0 3.6601066053622464 2.0006979 6.973400570672566 3.102011761451021 1.4 0.3548261325552138 3.9088200952233594 6.936459617800767 5.014856331608613 29.297155344315005
2503 1632.4857378296904 3066.7036688191038 214.88061975013818 52.858996469404275 1602 1661 3032 3100 2866.0 12.621985452582651 9.190819481051795 -65.11860240782492 0.6854076471479603 -0.2626742898137925 2.124740364488238 0.0 1114.900262402788 15.013489 1131.9827059816475 18.792883766595324 1.4 0.5307459090170613 30.203909247028673 1136.271778882642 30.152333117202428 23.761294448956495
2504 7470.325158267527 3038.829414336329 214.82879568893665 52.821756372791135 7462 7479 3032 3046 174.0 3.9306930429570683 2.7116417856055968 12.193021517819664 0.7239394362047922 -0.08811767806907747 0.5532291806570223 0.0 32.00334387210275 3.5903645 148.41321585361578 13.414676849849922 3.3467873562724755 0.3586310298625652 7.442171739215616 195.31177599728218 21.604465030725088 25.673178927155966
2505 3399.489667417409 3035.6091553756482 214.8651625318277 52.84760477701839 3397 3402 3033 3038 22.0 1.4287054560765644 1.3266332835565806 52.96440473450008 0.3711918867542327 0.08320175091258461 0.1673723027198763 0.0 2.6406109903155284 1.3009726 20.26965089905865 5.806796285683661 3.4182440905607097 0.1323278901940075 2.6462837142006137 22.528853327742937 9.156649596541909 28.01815228102187
2506 3568.545660526108 3038.9695331633447 214.86361746787472 52.84654895346322 3561 3577 3033 3046 149.0 3.501172384483737 2.3007618320599605 -37.30525719020069 0.7537681942178389 -0.1654073427730769 0.5841916504731139 0.0 32.54366961875546 3.3099158 71.6316795630351 9.514199749250427 2.7881572402090784 0.40250522785265885 6.886811529393324 79.75381338083058 15.30415778286174 26.6456213556093
2507 6145.901587073626 3039.0870638245988 214.840608960476 52.83017426434201 6138 6152 3034 3046 128.0 3.388069291787609 1.7945444167353575 40.132057284403864 0.8482064283231571 -0.2629094518597426 0.47521484444098827 0.0 19.54350354013681 3.1969135 19.864012148097476 4.324913358948975 1.4 0.4334737976592554 6.383076486422923 18.68919209677149 6.852793242539812 28.221023680140085
2508 6422.733379621713 3044.151862411158 214.83808553079106 52.82844244371285 6413 6433 3036 3053 213.0 5.057763686647655 2.4258073708934034 42.785991100773494 0.8774760018131377 -0.14543169125401925 0.6081317749888235 0.0 39.884426729250286 4.032166 90.03643631366087 11.607777812859705 2.7527216653951956 0.41158655606147554 8.234075889688375 99.47228069634335 18.522521362179354 26.40574481114544
2509 611.9438959426461 3044.5907454015814 214.88997238519863 52.86535866839174 606 618 3039 3049 104.0 3.3539821436291204 2.32426368742341 26.080250183430856 0.7209507495546192 -0.1288084873747093 0.26345866144975066 0.0 9.761907322935667 2.7588685 6.473019684277329 4.720325496344108 1.4 0.3730530226840749 5.753627391751592 -4.218621848291299 7.452310319434845 nan
2510 4032.000889433814 3039.8685524634266 214.85946960899358 52.84360955089712 4031 4033 3039 3041 7.0 0.7586264269434169 0.6544482261031065 -66.46443028792608 0.5057582924427041 0.0799910649996403 0.2353644508041118 0.0 1.0750393171784973 0.6598241 4.061021598035504 2.2764882519288343 2.9726412479038933 0.20794453372254307 1.4927053303604616 2.566467148882703 3.677095571186678 30.376660725985424
2511 2150.6084586165107 3050.4697182562427 214.8761613867861 52.85561800515694 2144 2157 3040 3058 185.0 4.827035815232542 2.7694224037288366 71.9399694999383 0.8190434594782582 -0.06526539769622203 0.5351238842869515 0.0 38.48923290212079 3.7674122 71.26070279215975 9.784327412772358 2.1332387198927028 0.3030602117853711 7.673807981960539 79.48566889096335 15.774281280291854 26.64927791680602
2512 3930.079866931422 3045.206361528667 214.86032351502908 52.84428583697333 3927 3934 3041 3049 55.0 2.4401995340413865 1.6188487906468894 -60.366619168783956 0.748257533990066 -0.010487700606984415 0.5482908724615929 0.0 15.311131120191742 2.3364904 48.336857051715015 8.005510229792145 2.8606008461679617 0.3015891270618031 4.1841419359420025 85.57709535428111 12.650428585636488 26.569106145910176
2513 3998.5651018004814 3052.3496845491013 214.8596368727421 52.84388927803203 3983 4009 3041 3061 412.0 5.579257109941991 3.4778335530907034 0.15458506002775518 0.7819424311034788 -0.2284103377889828 2.3746104385488 0.0 170.39465872821296 6.4329433 231.34086099395537 12.232537095711299 2.0364363463920196 0.5089594453098233 11.451797811161432 264.549005008291 19.02806832354884 25.343734668869985
2514 8140.735548777537 3043.320641519635 214.8227690661003 52.81751978001126 8139 8143 3042 3044 12.0 1.1703455316308902 0.674640713761539 -19.467607183840332 0.8171354180154698 0.016154770477117848 0.17650524445239307 0.0 0.9270225941735846 0.9360213 23.757105470204873 4.4880103469642165 4.208032474698841 0.35814584877857947 1.9544100476116797 42.030382802979204 7.1852358541982255 27.341091636307816
2515 8410.00515144671 3046.412216042542 214.8203352685669 52.81582501119962 8404 8416 3042 3052 84.0 3.093656675879759 1.8439836957733398 -23.117806596701417 0.8029450075256965 0.046177832658578485 0.6807398043672518 0.0 30.31366549234209 2.5161724 50.69300907078804 6.707097840018637 2.342471365919868 0.25239234493178114 5.170882945826411 69.42489137643986 10.76389332187262 26.7962119777073
2516 10250.650679342005 3042.8348220187286 214.80396349503545 52.804105611495174 10250 10251 3042 3044 5.0 0.742887759458775 0.31891806198837014 -58.117396772530945 0.90316428856412 -0.015148401829436928 0.11176380617550034 0.0 0.31231577807774763 0.62609243 0.7615218939324683 1.76075429128418 2.954421836980417 0.3959465038720113 1.2615662610100802 1.56868270349572 2.7993845359308267 30.91116223003261
2517 9437.161283692316 3045.970337739194 214.81118170817214 52.809293756772 9434 9439 3043 3047 24.0 1.6331753010994252 0.7626750758066584 -84.02717206105322 0.8842630681707387 -0.0935271749493505 0.09106320456827864 0.0 -0.5597204529028381 1.3964869 0.9298345532479626 2.8727675171020164 2.0254923755996126 -0.35729796979338113 2.763953195770684 2.8430750752631027 4.6215513621119415 30.265529180054582
2518 525.4433975228975 3047.5900896730454 214.89071396510232 52.865924187308885 522 531 3044 3051 61.0 2.4360089798517617 1.824001401303948 10.129441082534361 0.6628341014163278 -0.01748163025615299 0.27014460158089176 0.0 8.136493747564357 2.1298206 44.35884787524314 7.869565196900041 3.175966370718542 0.32142943044965044 4.406461512053774 58.95176955771046 12.52825343548341 26.97375788534442
2519 8362.361762364564 3044.2082735791478 214.82078330533432 52.816115949717265 8361 8364 3044 3046 8.0 1.0226509509277808 0.3212063268560678 14.82612160182116 0.9493926011563332 -0.08782569147563042 0.12895005067683332 0.0 0.29041887986126347 0.7515768 7.001663595503846 2.7180507524645807 3.886693018429878 0.44697304060521 1.5957691216057308 12.956652232684956 4.315952994157659 28.618767994753167
2520 9300.868328341796 3050.2373495523375 214.81235187672377 52.81018310502649 9293 9308 3044 3058 198.0 4.155853277464181 3.0606953479780934 38.77719187360411 0.6764612764530225 0.08745041477069856 1.0111946226656472 0.0 87.90762195758859 4.1312203 200.14111360975488 12.505310793637221 2.6588011733395223 0.2578420120190192 7.938851142601841 250.27726089407963 19.999400394411126 25.403946516778802
2521 1002.0008974307641 3050.357736010445 214.88642567246353 52.86291260120014 998 1006 3047 3053 53.0 2.620911165329941 1.5288437983655507 23.7277303945559 0.8122386296235076 0.07161900560318628 0.397193356281997 0.0 11.601383120264511 2.1955297 18.770731893678946 6.044530740979413 2.263190723836284 0.2616515888565711 4.1073621666150775 25.70656402486193 9.764208782418821 27.87488991970794
2522 9035.275141053204 3054.8654690148305 214.814671087096 52.81189626996741 9029 9040 3047 3061 131.0 3.490165214437166 2.698946846390948 -60.115416735562945 0.6340395773128564 -0.06252922130924614 0.38644049491915844 0.0 24.921135102606478 3.1126513 42.841478150670895 5.416258453083608 1.4869502667055912 0.29227522275833967 6.457444935117649 38.73333970820453 8.68649959905513 27.429787637969024
2523 344.36636269063547 3058.323088518316 214.89221956563836 52.86713204392854 334 355 3048 3071 434.0 4.812279306743571 4.398299485573496 -67.83204100851438 0.4057721361815998 -0.19991327284848429 0.5781741969102249 0.0 50.59294107508249 5.471886 46.80522767884862 7.4892036127032116 1.4 0.515067260185063 11.753573524837677 28.310880946560403 12.033408069044942 27.77011654132784
2524 7487.533382763777 3049.8114808905098 214.82852669750523 52.8217062054053 7486 7489 3048 3051 11.0 0.9286395670416178 0.7969845254303103 73.06293488589591 0.5132685583414389 0.14084383754869348 0.4677467619165019 0.0 3.486866541243003 0.8777669 10.096573925863229 2.8519870220009422 2.7474067762871397 0.2276252387472353 1.8712051592547776 14.751023280566077 4.562937828293584 28.477944628928324
2525 8144.60093957883 3052.5073197471656 214.82263798180674 52.81754472613473 8141 8149 3048 3056 58.0 2.1948240457090136 1.5314837702101618 73.36267130008092 0.7163212544537069 -0.13923339122292064 0.42519066539702355 0.0 7.620341539836175 2.0242734 44.33203866050266 7.230630749622792 3.309154500130923 0.43182532848040844 4.296739856991561 88.57669879154398 11.609267486123512 26.531701274209553
2526 8803.456188246439 3050.6151479368946 214.8167827029432 52.8133468670458 8799 8808 3048 3055 53.0 2.5600582541698524 1.40429062853688 25.668804592375118 0.8361252688534456 -0.08795690317886273 0.4345990970058858 0.0 11.15431143356121 1.9506426 39.830570895987016 7.355065634499974 3.2709494160987163 0.3052003850196289 4.1073621666150775 59.4570015199165 11.761916363161209 26.964492491283387
2527 10309.194249702632 3055.898234137973 214.80330435278532 52.8038038261158 10301 10314 3049 3063 135.0 3.1585169724839286 2.7515557414309186 51.34771952460663 0.4910092981347854 -0.05986765252183375 0.8123272573370895 0.0 38.07962462666292 3.198328 208.98869957575957 13.300171000957295 3.6969317387234666 0.37338227039705296 6.555290583552474 214.42623360732964 21.15504157310517 25.571805206800548
2528 7329.879846473234 3052.45852287425 214.82990513321425 52.82272240189273 7326 7332 3050 3057 49.0 1.8735015079686546 1.4363533312829309 34.94088150246716 0.6420439564309162 -0.07982725672294831 0.1965039741669805 0.0 1.6756857236457958 1.8976754 2.1811659674580017 2.781618951006762 1.4 0.5847383318134469 3.949327084834294 -4.470286254339832 4.518199633384251 nan
2529 9408.046788684986 3054.2558483768353 214.81135412686874 52.809523474046266 9404 9411 3051 3058 54.0 1.7148468793165785 1.6181260883868251 60.90958543729122 0.33109335747097635 0.05767734379767882 1.8468160866929084 0.0 39.96636543895729 2.1876116 57.34356797334292 4.57600928799193 2.067016000504238 0.36882568993475034 4.145929793656026 65.54500733519096 7.235516778643796 26.858650958994822
2530 8758.487845055432 3072.749942491752 214.8169508840954 52.81375198261026 8748 8768 3054 3092 523.0 7.2467095669955945 3.4822663524209267 -77.39739138307121 0.8769779104644303 -0.2030830297063278 0.9944769879698161 0.0 93.84233197820285 6.1350493 140.43368167607377 12.036219507690111 2.016359124729021 0.5169100592714027 12.902560616952067 156.37285779337157 19.2342168785713 25.91459656702553
2531 3953.0361261526778 3060.3865812145928 214.8599588653483 52.8442218646288 3949 3958 3055 3063 61.0 2.6843911411768113 1.3216003226190238 37.50717416543296 0.8704098805638423 -0.14805932305669364 0.32744915965557375 0.0 2.9970848168116073 2.4335697 11.079293765508812 7.296696044241121 2.8307790050870216 0.5644119268965401 4.406461512053774 29.90553375103587 11.716143830311244 27.710621104843366
