outputs/dr0.5_c0.1/nircam6_matched_f277w_f140w_dr0.5_c0.1.ecsv
# %ECSV 1.0
# ---
# datatype:
# - {name: label, datatype: int64}
# - {name: xcentroid, datatype: float64}
# - {name: ycentroid, datatype: float64}
# - {name: sky_centroid.ra, unit: deg, datatype: float64}
# - {name: sky_centroid.dec, unit: deg, datatype: float64}
# - {name: bbox_xmin, datatype: int64}
# - {name: bbox_xmax, datatype: int64}
# - {name: bbox_ymin, datatype: int64}
# - {name: bbox_ymax, datatype: int64}
# - {name: area, unit: pix2, datatype: float64}
# - {name: semimajor_sigma, unit: pix, datatype: float64}
# - {name: semiminor_sigma, unit: pix, datatype: float64}
# - {name: orientation, unit: deg, datatype: float64}
# - {name: eccentricity, datatype: float64}
# - {name: min_value, datatype: float64}
# - {name: max_value, datatype: float64}
# - {name: local_background, datatype: float64}
# - {name: segment_flux, datatype: float64}
# - {name: segment_fluxerr, datatype: float32}
# - {name: kron_flux, datatype: float64}
# - {name: kron_fluxerr, datatype: float64}
# - {name: kron_radius, unit: pix, datatype: float64}
# - {name: gini, datatype: float64}
# - {name: equivalent_radius, unit: pix, datatype: float64}
# - {name: kron4_2_flux, datatype: float64}
# - {name: kron4_2_fluxerr, datatype: float64}
# - {name: kron4_2_mag, datatype: float64}
# meta:
#   PHOTMJSR: 2.962800025939941
#   PIXAR_SR: 2.11539874851881e-14
#   __serialized_columns__:
#     area:
#       __class__: astropy.units.quantity.Quantity
#       unit: !astropy.units.Unit {unit: pix2}
#       value: !astropy.table.SerializedColumn {name: area}
#     eccentricity:
#       __class__: astropy.units.quantity.Quantity
#       unit: !astropy.units.Unit {unit: ''}
#       value: !astropy.table.SerializedColumn {name: eccentricity}
#     equivalent_radius:
#       __class__: astropy.units.quantity.Quantity
#       unit: !astropy.units.Unit {unit: pix}
#       value: !astropy.table.SerializedColumn {name: equivalent_radius}
#     kron_radius:
#       __class__: astropy.units.quantity.Quantity
#       unit: !astropy.units.Unit {unit: pix}
#       value: !astropy.table.SerializedColumn {name: kron_radius}
#     orientation:
#       __class__: astropy.units.quantity.Quantity
#       unit: &id001 !astropy.units.Unit {unit: deg}
#       value: !astropy.table.SerializedColumn {name: orientation}
#     semimajor_sigma:
#       __class__: astropy.units.quantity.Quantity
#       unit: !astropy.units.Unit {unit: pix}
#       value: !astropy.table.SerializedColumn {name: semimajor_sigma}
#     semiminor_sigma:
#       __class__: astropy.units.quantity.Quantity
#       unit: !astropy.units.Unit {unit: pix}
#       value: !astropy.table.SerializedColumn {name: semiminor_sigma}
#     sky_centroid:
#       __class__: astropy.coordinates.sky_coordinate.SkyCoord
#       dec: !astropy.table.SerializedColumn
#         __class__: astropy.coordinates.angles.Latitude
#         unit: *id001
#         value: !astropy.table.SerializedColumn {name: sky_centroid.dec}
#       frame: icrs
#       ra: !astropy.table.SerializedColumn
#         __class__: astropy.coordinates.angles.Longitude
#         unit: *id001
#         value: !astropy.table.SerializedColumn {name: sky_centroid.ra}
#         wrap_angle: !astropy.coordinates.Angle
#           unit: *id001
#           value: 360.0
#       representation_type: spherical
#   astropy version: '5.1'
#   kernelfile: kernel_f277w_f140w.fits
#   make_catalog parameters:
#     ab_zpt: 31.4
#     coadd_bands: !!python/tuple [f277w, f356w]
#     deblend_contrast: 0.001
#     deblend_nlevels: 32
#     deblend_npixels: 1
#     detect_kernel_fwhm: 4.0
#     detect_kernel_npix: 7
#     detect_npixels: 4
#     detect_threshold_nsigma: 3.0
#     flag_isolated_buffer: 4
#     hst_bands: !!python/tuple [f606w, f814w, f125w, f140w, f160w]
#     jwst_bands: !!python/tuple [f115w, f150w, f200w, f277w, f356w, f410m, f444w]
#     near_border_kernelsize: 21
#     reference_band: f200w
#   make_catalog version: 1.4.0
#   photutils version: 1.5.0
# schema: astropy-2.0
label xcentroid ycentroid sky_centroid.ra sky_centroid.dec bbox_xmin bbox_xmax bbox_ymin bbox_ymax area semimajor_sigma semiminor_sigma orientation eccentricity min_value max_value local_background segment_flux segment_fluxerr kron_flux kron_fluxerr kron_radius gini equivalent_radius kron4_2_flux kron4_2_fluxerr kron4_2_mag
[from data line 366]
367 9317.97686886801 658.5629258478965 214.83734289160853 52.7971834828948 9315 9321 655 662 48.0 2.145467031934703 1.667112328812782 -56.82959165761468 0.6294520104289023 0.23917440464691414 0.36898394342771634 0.0 14.734257686291766 8.979503 55.40805512262084 33.02415402394985 3.011193822435969 0.0685565931535778 3.9088200952233594 58.5707862873318 52.952021554175914 26.98079736429593
368 3248.0059577471357 658.5033346263779 214.8915119182874 52.83574333605288 3247 3249 658 659 6.0 0.8081945212498359 0.499988669460063 0.04141694220777387 0.7856675576353065 0.16895400718305298 0.183223516866767 0.0 1.050763782992217 3.286135 8.510608888181082 13.577406792449917 3.669454653070498 0.01986054750451884 1.381976597885342 10.499217093437945 21.7763379098887 28.84710771058145
369 3667.7584395461013 659.995950104939 214.88774726408602 52.83308565906481 3665 3671 658 662 30.0 1.8082033648592735 1.2598314157839459 -16.087928172452674 0.7173324572050458 0.16649004763230632 0.216570029587721 0.0 5.833593309663823 5.558224 31.541952853004112 22.90286215410266 3.2799521216669074 0.03967116723665707 3.0901936161855166 36.63207917176717 36.9592821098304 27.490346077130653
370 3909.6081430876993 664.899676224558 214.88553587588262 52.83157614231866 3906 3914 659 670 85.0 2.838849298781424 2.1135636432349485 -76.93607911941996 0.6676066139428823 0.19562546021911592 0.42462866151164014 0.0 25.86045559166183 12.311183 56.08453972566796 35.53592204152899 2.4169019222364034 0.11846474978840188 5.201570947860099 68.92136634993498 56.775633258405925 26.80411530338086
371 3542.4547772389833 667.7250248473971 214.88878509838798 52.83392314266032 3537 3548 660 675 163.0 3.741666917289782 2.837311109510777 89.18757809316831 0.6519041712172864 0.17938794276808212 0.617174715909169 0.0 56.99114655217463 13.053464 108.26874994747325 35.61804945532501 2.3632302606348525 0.18961216690166846 7.203090409536582 104.25411029494177 57.24457698556962 26.354767034093598
372 418.6875745976607 667.5106898129891 214.91669889980318 52.85375707738991 417 420 662 672 35.0 2.926836130704328 0.954892655152228 -84.3132241811588 0.9452820638872091 0.23500158123239212 0.2925679582488957 0.0 9.422660646014252 4.9931993 144.47581513391827 23.66154899371874 3.7973913569756568 0.03231532547841586 3.3377905890622728 317.21498427084975 38.13184493931573 25.14661576529936
373 8042.839908844238 665.7895208303306 214.84863828313823 52.80532494579289 8038 8048 663 669 47.0 2.9545659833657414 1.2585615348409072 10.430223057503417 0.9047364805420088 0.1845661090336892 0.26268613969177346 0.0 10.856662981535628 9.459942 63.86045769387892 37.739366020360926 3.3120488462295743 0.05266074589241869 3.8678889139475245 100.14837707099663 60.358157143034894 26.398390210404834
374 7387.078961697289 670.8072585738689 214.85443510034244 52.809518432055256 7379 7395 664 679 196.0 4.345103632263284 2.832459109050618 37.34318408839985 0.7583274892886923 0.3043893820050542 1.3020009065672542 0.0 137.20438579956993 14.380622 231.02489232179101 35.86183204002924 2.275212936939308 0.21817476833844907 7.898654169668588 272.2124797772885 57.03443259645515 25.312729920331982
375 908.3770621401326 668.2333545596189 214.91231413434636 52.850652013696035 907 909 667 670 8.0 0.9886976356053987 0.6585298185098881 73.18440295732313 0.7459000901217087 0.20466262064594362 0.21804007587253657 0.0 1.6962942474741434 2.5072396 33.552379611475985 12.137636331594658 3.9824959560745423 0.013387668970376142 1.5957691216057308 69.13402024041932 19.394651730569976 26.80077046887218
376 8065.701698786235 674.159020477227 214.84834640354717 52.805224814630655 8059 8072 667 682 145.0 4.123775100871424 2.298259731035927 -48.65283965860222 0.8302982130420035 0.2391977678079151 0.7975744094764697 0.0 67.51130613272699 15.997798 116.16737719823833 37.04287871161091 2.0611472047365322 0.1847417090098342 6.793742230659745 114.39341311010325 59.845771864042725 26.253997454860393
377 2872.2652167800848 671.3838972902378 214.89473277862632 52.83819896437431 2869 2875 668 675 44.0 1.9661087125810837 1.6294997737718646 -79.65780526856024 0.5595533407769335 0.2035293783863692 0.33105541071194716 0.0 11.558025842186659 6.487283 43.39862917888165 24.060154085609774 3.0504474312548844 0.08351533297041151 3.742410318509555 49.885639993326464 38.85203623077062 27.15506112938757
378 7495.508978562227 671.985820896547 214.85345541200067 52.808835888262735 7495 7496 671 673 6.0 0.8127942316285052 0.4999147311832354 -89.80727616262416 0.7884826968547968 0.174917791651444 0.1894466138548663 0.0 1.096514989743286 2.3042748 13.068286231109909 10.378325780318926 3.819203777260751 0.018668076496456017 1.381976597885342 21.201216254567594 16.628006055393307 28.084098060237558
379 1778.210846515931 679.2955910857795 214.90442423239682 52.84518887465324 1774 1783 673 685 99.0 3.160099669147796 2.169465538641123 69.61703155633667 0.7271127381740462 0.17335330521407646 0.4311094541369056 0.0 29.00118585237695 8.493999 73.7493402971833 26.45843533757838 2.678121537500312 0.13614671541961013 5.613615477764332 121.24092282810105 42.36253113910362 26.190876916623235
380 2073.5113178560136 680.6007411375095 214.90177189597588 52.84332084671581 2056 2092 673 688 445.0 7.103469612743875 3.453647880224258 0.04827190344306613 0.8738521858521191 0.2119831996434763 1.8348646594719318 0.0 344.28788018618974 17.575003 468.54402147487485 37.68492989289506 2.0256449016228886 0.31254175467923684 11.901592303208293 531.9961374267949 60.39911812020224 24.585228802252598
381 937.5018475588172 675.9886183205591 214.9119722830164 52.85050895956239 937 938 675 677 6.0 0.8140792786060422 0.4999887199597962 89.74986368265387 0.7891683513754436 0.21473844814767756 0.22520902374878152 0.0 1.33049681887197 2.1149251 23.15017889938116 9.446465199253357 3.9237494259106276 0.010661577286511993 1.381976597885342 54.95225170332086 15.265608077401593 27.050036268461017
382 6993.948459096841 686.3093582157647 214.85777952205575 52.81209968084528 6980 7008 675 698 474.0 5.493425958964897 4.0930464727770985 -30.246324537142716 0.6669741597048764 0.27727611824862536 4.7655654920344555 0.0 623.0313604850742 23.133383 775.6117259692622 42.9204188040901 1.9234059692238545 0.40895585662429845 12.283276682185287 878.6179320559582 68.42377557262884 24.040499843237072
383 2755.675593904549 677.4532448114585 214.89571047358498 52.83897209435193 2753 2758 676 679 19.0 1.3878424275173764 1.0255641881815987 4.7327497248206765 0.6737460213065918 0.16539475364786566 0.2241560388480945 0.0 3.7595744214247393 4.0106173 20.995528468548724 15.826545026914566 3.280605064214364 0.04804381256775074 2.4592453796829674 36.54934017287946 25.23072981946869 27.492801147439998
384 945.306300333892 679.7893426055534 214.91186256861732 52.85047992351102 942 948 678 682 16.0 1.7617564617531887 0.8306950580331691 26.752564497457794 0.8818579015709841 0.20991649520691194 0.24497514559689867 0.0 3.6259241927594106 3.590534 78.24812702129312 17.731231138041547 3.8588689531127978 0.028498851484334835 2.256758334191025 180.6957800920246 28.321653149292022 25.757629974216755
385 7814.387387945786 681.3633611181966 214.8505123223502 52.80686044611257 7810 7819 678 684 47.0 2.2596310998191464 1.5688789757032735 15.981761639632449 0.7196784001617627 0.1931396063591009 0.28793522104204017 0.0 11.375619771713625 9.4058485 53.91218827319878 37.29768434550409 3.2015869993014636 0.06359976121662439 3.8678889139475245 63.42461261040978 59.29604018637659 26.894355441786082
386 2530.133713608709 685.711529387505 214.89763853129253 52.84044889200997 2522 2538 679 692 179.0 3.5832236976016025 2.938361366212849 2.5643995560290906 0.5723163651409997 0.2505700092907922 1.2676387409549952 0.0 104.77194092110716 14.017964 146.2540448775302 28.29533268352546 1.870974658253368 0.26384481030869766 7.54834217738561 148.68484723359765 44.527666987015564 25.969333222577966
387 9952.744046708625 681.364653721933 214.83144414316828 52.79327254220007 9951 9954 679 683 15.0 1.1649786047718482 0.9839760288950481 -84.60877816327412 0.5353503018324828 0.16381172596694846 0.2138750726662374 0.0 2.9059356777928484 5.0413904 16.079198325944283 21.08402493603988 3.3786886628997497 0.04058870716678482 2.1850968611841584 16.95488165098279 34.1366826629109 28.326763093379512
388 4344.868064294714 683.4467996108734 214.88145420405664 52.828911790947046 4342 4348 681 686 32.0 2.039427599133061 1.1942051578943143 -35.793473139511015 0.8106298004534304 0.16626865846385083 0.21045504378842336 0.0 6.015563404084176 8.657458 46.433522645420844 38.62926105232144 3.5023416458340684 0.03912563678302941 3.1915382432114616 61.47971611173362 62.475774658715196 26.92817036640634
389 8011.317230573948 683.1610904070759 214.8487368652608 52.805618901989355 8009 8014 681 685 24.0 1.4805321733587857 1.206563162352287 19.974172708676978 0.579527980320677 0.19845854950024203 0.2662388613552967 0.0 5.518623001293763 6.7439823 25.773248489895337 26.093142184525266 3.2379137033363468 0.05384489466115086 2.763953195770684 28.785330330301484 41.222375848693616 27.75207195592476
390 2794.0206723028605 686.2900599053304 214.89527503295108 52.838776277099186 2789 2799 682 690 75.0 2.796196272692713 1.9266512455051086 31.177684414889736 0.7247368557876382 0.1879243532296236 0.3598944759432871 0.0 20.50483604284216 7.5923395 64.9675884045248 26.52013016368338 2.8647275961117686 0.10214144447885048 4.886025119029199 95.99530234930137 42.581781505911074 26.444375047966037
391 2377.642466017249 684.6540755237737 214.89901200137325 52.841411515123376 2376 2379 683 686 9.0 1.1953508199429224 0.5781156167053237 44.77832351589898 0.8752687981033961 0.18102831377210113 0.19879086803695661 0.0 1.7223495176933135 2.6385229 29.08581987837778 12.260927377013568 3.8566940109832726 0.01832986234690114 1.692568750643269 53.94259725216864 19.519748442604563 27.07017036693949
392 4290.572045002478 685.8930787783751 214.88191330389932 52.829269839678275 4288 4294 683 689 37.0 1.8103269135483933 1.5487458913129601 -46.370248493399004 0.5177925729654005 0.16509969959800377 0.2387391807297716 0.0 7.667638250967988 8.050024 37.98651032825414 32.93091587445903 3.256102964518227 0.05555616171293573 3.431831258788849 41.288273710385056 54.07894744759958 27.360433187202126
393 1206.2677631066829 687.2110644178425 214.9094521780192 52.84886310163661 1202 1211 684 691 64.0 2.385212728755571 1.8803256544867242 0.4595939911552987 0.6152575262886628 0.18576531773808988 0.38178454923161836 0.0 17.115705497369547 6.85922 44.48764206584622 21.617537176263795 2.6859545908348346 0.12342952488203875 4.51351666838205 57.55086252919364 34.521944153269196 26.999870407763048
394 1944.1547887734164 689.5219470381086 214.9028339256841 52.84419037602256 1938 1950 684 695 116.0 2.868639407221294 2.5486201684311083 19.924192716567728 0.45898860818750997 0.25368599059936986 0.8852038084180235 0.0 56.31268844088905 9.51663 97.13922589461436 23.15266961691769 2.2397604977512575 0.2104336664874887 6.076507779746499 104.69519132099154 36.566895721725686 26.35018316282099
395 2038.3328947681787 685.9372565897024 214.9020301129979 52.843573022192494 2036 2041 684 688 24.0 1.397228620441649 1.2854568677125775 -27.193904713591678 0.3919073762699224 0.18307212587428429 0.26219247116521643 0.0 5.332836728980537 4.092036 25.159508310290562 15.826152214724312 3.179389999106555 0.06522753967453676 2.763953195770684 41.73117560317985 25.374250111627596 27.348848451665347
396 958.9599216757885 688.6760754364594 214.9116471035439 52.850441202739084 957 961 687 690 10.0 1.6032443708428339 0.49008629164738166 29.760010334406175 0.952132994381513 0.21148598431715931 0.23143514352258088 0.0 2.2061476565463938 2.7605283 44.97532360969614 12.970581201885915 3.905433464669756 0.018658826337308455 1.7841241161527712 108.02258451441321 20.792121123470103 26.316213590343033
397 6235.495361767508 687.5041781715908 214.86453472991946 52.8169244695619 6235 6236 687 688 4.0 0.5005926619359744 0.49936761658858836 45.094856113960766 0.0699170310105193 0.15877084863685642 0.164484299602862 0.0 0.648047765578289 3.0528152 8.339953377324877 12.753688576703086 4.063382168359161 0.008969757715941357 1.1283791670955126 13.215950614869268 19.648416038095593 28.597253982211516
398 1301.2661787592851 694.2762278307117 214.90852888830327 52.84829806466471 1293 1310 688 701 201.0 4.249279351111516 3.20251616073273 -8.122965987234094 0.6572633295850586 0.2316175488425917 0.630472838354034 0.0 77.52258390598664 12.350621 170.4546319724442 35.3957839237108 2.52226050713755 0.1555489335256791 7.998767850296815 177.1265977599278 56.85789423747037 25.77929054799825
399 3027.103894439888 691.4346154871616 214.8931388682519 52.837323871146076 3025 3029 689 694 23.0 1.4540372946180589 1.1884964669667708 59.04957842665257 0.576103320934704 0.1804052376896299 0.2389788190256078 0.0 4.815026345448416 4.418319 26.59165380539694 17.97113026958365 3.2920067512328877 0.052733519163359874 2.7057581899030048 38.429744342749856 29.291025240202888 27.438331261770582
400 965.4946591869493 692.4906794677835 214.91154859214407 52.85042030281797 965 966 691 694 6.0 0.9972398591247598 0.4083481989860439 71.51327777305842 0.9123198046338437 0.20066044210238282 0.209734605887245 0.0 1.2356351653671183 2.0432148 21.694274869884282 9.438493706289846 3.924400506139978 0.009157687478700797 1.381976597885342 51.55877791926761 15.199350112793745 27.11924346283928
401 3912.014861642406 694.7506273213968 214.8852005843446 52.831721910432 3908 3916 691 698 56.0 2.4191461777078667 1.7276286372079395 30.261369870186225 0.69999464048848 0.17586295202133007 0.2967196015628605 0.0 13.687777100207292 9.944338 57.28504007004595 38.886013230037236 3.135240398190165 0.07152573454694167 4.222008245644752 73.7308246746755 62.485603827771094 26.7308772712826
402 7783.951395669605 695.4493696344261 214.85063576048972 52.80712978000921 7780 7787 692 699 50.0 2.0681747045141967 1.721181427116003 -53.246942760227164 0.5544418704267864 0.18391249379469743 0.37869267563845016 0.0 14.018560525971807 12.304708 33.28659569658282 34.20397603319227 2.5168271401281173 0.10884372519783894 3.989422804014327 34.115953894366356 53.62562308013666 27.567606202960185
403 245.08258042670954 697.1960675060081 214.91793874115865 52.85501947619751 243 247 694 700 27.0 1.718284028986653 1.2146958840062592 89.45011874044805 0.7072897099415096 0.22515084470585872 0.2734774152758343 0.0 6.695196532687537 4.5178223 65.84613140912474 20.453987588579203 3.6325860185245578 0.032221580489281414 2.9316150714175193 117.77173125373193 32.61550993876351 26.222397351839525
404 417.6526014579027 696.7455372059343 214.91640078562253 52.85392145786223 417 419 694 700 14.0 1.8220088672055625 0.6054132454269919 89.31794479197897 0.943181535997198 0.22397000317615923 0.2519673325568791 0.0 3.3839969477441385 3.1535344 58.986378045085345 15.16693366874265 3.8827776007069197 0.01926805874495567 2.111004122822376 138.08362819371672 24.47851962957257 26.049644525613857
405 1838.1455376016709 698.8254155291139 214.90368335696851 52.8449137116836 1835 1841 695 702 45.0 1.950000824580075 1.6482245103641457 50.86612541379183 0.5343821691314636 0.1257185915153654 0.23779464770187356 0.0 7.87918619233183 5.62136 22.43770096818273 18.89782756956867 2.802324805692431 0.10637881184916383 3.7846987830302403 25.915027656011304 30.173471588544714 27.866120808384036
