outputs/dr0.5_c0.1/nircam1_f160w_dr0.5_c0.1.ecsv
# %ECSV 1.0
# ---
# datatype:
# - {name: label, datatype: int64}
# - {name: xcentroid, datatype: float64}
# - {name: ycentroid, datatype: float64}
# - {name: sky_centroid.ra, unit: deg, datatype: float64}
# - {name: sky_centroid.dec, unit: deg, datatype: float64}
# - {name: bbox_xmin, datatype: int64}
# - {name: bbox_xmax, datatype: int64}
# - {name: bbox_ymin, datatype: int64}
# - {name: bbox_ymax, datatype: int64}
# - {name: area, unit: pix2, datatype: float64}
# - {name: semimajor_sigma, unit: pix, datatype: float64}
# - {name: semiminor_sigma, unit: pix, datatype: float64}
# - {name: orientation, unit: deg, datatype: float64}
# - {name: eccentricity, datatype: float64}
# - {name: min_value, datatype: float64}
# - {name: max_value, datatype: float64}
# - {name: local_background, datatype: float64}
# - {name: segment_flux, datatype: float64}
# - {name: segment_fluxerr, datatype: float32}
# - {name: kron_flux, datatype: float64}
# - {name: kron_fluxerr, datatype: float64}
# - {name: kron_radius, unit: pix, datatype: float64}
# - {name: gini, datatype: float64}
# - {name: equivalent_radius, unit: pix, datatype: float64}
# - {name: kron4_2_flux, datatype: float64}
# - {name: kron4_2_fluxerr, datatype: float64}
# - {name: radius_kron20, unit: pix, datatype: float64}
# - {name: radius_kron50, unit: pix, datatype: float64}
# - {name: radius_kron80, unit: pix, datatype: float64}
# - {name: near_border, datatype: bool}
# meta:
#   PHOTMJSR: 0.3925000131130219
#   PIXAR_SR: 2.11539874851881e-14
#   __serialized_columns__:
#     area:
#       __class__: astropy.units.quantity.Quantity
#       unit: !astropy.units.Unit {unit: pix2}
#       value: !astropy.table.SerializedColumn {name: area}
#     eccentricity:
#       __class__: astropy.units.quantity.Quantity
#       unit: !astropy.units.Unit {unit: ''}
#       value: !astropy.table.SerializedColumn {name: eccentricity}
#     equivalent_radius:
#       __class__: astropy.units.quantity.Quantity
#       unit: !astropy.units.Unit {unit: pix}
#       value: !astropy.table.SerializedColumn {name: equivalent_radius}
#     kron_radius:
#       __class__: astropy.units.quantity.Quantity
#       unit: &id001 !astropy.units.Unit {unit: pix}
#       value: !astropy.table.SerializedColumn {name: kron_radius}
#     orientation:
#       __class__: astropy.units.quantity.Quantity
#       unit: &id002 !astropy.units.Unit {unit: deg}
#       value: !astropy.table.SerializedColumn {name: orientation}
#     radius_kron20:
#       __class__: astropy.units.quantity.Quantity
#       unit: *id001
#       value: !astropy.table.SerializedColumn {name: radius_kron20}
#     radius_kron50:
#       __class__: astropy.units.quantity.Quantity
#       unit: *id001
#       value: !astropy.table.SerializedColumn {name: radius_kron50}
#     radius_kron80:
#       __class__: astropy.units.quantity.Quantity
#       unit: *id001
#       value: !astropy.table.SerializedColumn {name: radius_kron80}
#     semimajor_sigma:
#       __class__: astropy.units.quantity.Quantity
#       unit: !astropy.units.Unit {unit: pix}
#       value: !astropy.table.SerializedColumn {name: semimajor_sigma}
#     semiminor_sigma:
#       __class__: astropy.units.quantity.Quantity
#       unit: !astropy.units.Unit {unit: pix}
#       value: !astropy.table.SerializedColumn {name: semiminor_sigma}
#     sky_centroid:
#       __class__: astropy.coordinates.sky_coordinate.SkyCoord
#       dec: !astropy.table.SerializedColumn
#         __class__: astropy.coordinates.angles.Latitude
#         unit: *id002
#         value: !astropy.table.SerializedColumn {name: sky_centroid.dec}
#       frame: icrs
#       ra: !astropy.table.SerializedColumn
#         __class__: astropy.coordinates.angles.Longitude
#         unit: *id002
#         value: !astropy.table.SerializedColumn {name: sky_centroid.ra}
#         wrap_angle: !astropy.coordinates.Angle
#           unit: *id002
#           value: 360.0
#       representation_type: spherical
#   astropy version: '5.1'
#   make_catalog parameters:
#     ab_zpt: 31.4
#     coadd_bands: !!python/tuple [f277w, f356w]
#     deblend_contrast: 0.001
#     deblend_nlevels: 32
#     deblend_npixels: 1
#     detect_kernel_fwhm: 4.0
#     detect_kernel_npix: 7
#     detect_npixels: 4
#     detect_threshold_nsigma: 3.0
#     flag_isolated_buffer: 4
#     hst_bands: !!python/tuple [f606w, f814w, f125w, f140w, f160w]
#     jwst_bands: !!python/tuple [f115w, f150w, f200w, f277w, f356w, f410m, f444w]
#     near_border_kernelsize: 21
#     reference_band: f200w
#   make_catalog version: 1.4.0
#   photutils version: 1.5.0
# schema: astropy-2.0
label xcentroid ycentroid sky_centroid.ra sky_centroid.dec bbox_xmin bbox_xmax bbox_ymin bbox_ymax area semimajor_sigma semiminor_sigma orientation eccentricity min_value max_value local_background segment_flux segment_fluxerr kron_flux kron_fluxerr kron_radius gini equivalent_radius kron4_2_flux kron4_2_fluxerr radius_kron20 radius_kron50 radius_kron80 near_border
[from data line 2376]
2377 3754.507516135676 2893.953944262185 214.9920571539404 52.990080659786834 3753 3756 2893 2895 8.0 0.9092774043388514 0.7022903586708864 -38.346466785871755 0.6351838827316276 0.1691667372629143 0.23151645868104304 0.0 1.5433225171378115 1.723775 15.88300073862655 7.801542897079271 3.652584744710832 0.07175188861958076 1.5957691216057308 21.445325849892527 12.514945943306573 2.3322172569798467 4.074617203474116 6.023120756254844 False
2378 7401.297262999858 2898.170054838472 214.95928757116718 52.96696753078984 7395 7407 2894 2903 102.0 3.1023636810802024 2.1824940288633705 22.11945229506004 0.7107012633019484 0.12650508888863055 0.6351084554156801 0.0 39.331376235481386 7.1965714 95.30931311482652 23.464810086378904 2.768456104982454 0.19794415772821633 5.698035485213008 73.10667951485141 37.163806670186034 3.4711446133540873 6.5846029912664354 10.895145984155116 False
2379 8851.476049815978 2901.510515769394 214.94624863195037 52.95778285064383 8845 8858 2895 2909 162.0 3.407612137289493 3.014859723706082 85.59978314755196 0.4660799062425497 0.2170987665214232 0.9325057618518957 0.0 86.65084544340283 7.8717756 153.57222707045557 20.094696486954184 2.2621229912327703 0.21819865106749115 7.1809610472257885 188.0150250640153 32.08627943585365 3.477840082049487 6.443819554412979 10.686634137712069 False
2380 1720.4398414152752 2896.9395841856053 215.0102939683055 53.00299735852027 1720 1721 2896 2898 4.0 0.7966443203577873 0.311458482208845 58.19017834589857 0.9204063800159579 0.13630913672570186 0.18163349196675593 0.0 0.6362125628800551 1.1598516 7.572121998735388 5.143908240220705 3.9312545052287207 0.08759965613759034 1.1283791670955126 17.472654015707455 8.219051453979045 1.8142029329190938 3.212980763375181 4.488039718817043 False
2381 3655.684322837892 2911.246267820433 214.9927622328499 52.99080094616619 3640 3679 2897 2931 771.0 4.526215360814476 4.395611968974063 -66.16063722422253 0.23848931198442533 0.10362090471765603 66.08844808558365 0.0 5538.742191422719 16.555153 5664.994120791742 17.350526700362657 1.4716279124159501 0.6919665067252998 15.665788274060857 6049.5879729525595 27.798579599454687 2.596438473595962 4.910705112675553 8.33445379806781 False
2382 8321.159477563146 2901.7477270728027 214.95100083811636 52.96114964632548 8316 8326 2897 2906 76.0 2.816566270298715 1.9104426672625132 -46.16647364741325 0.7347962973583264 0.015545457813836499 0.3226473270186723 0.0 15.649097513615237 5.337156 46.20027126689992 18.96656709222998 2.9596091005605794 0.20743381052348941 4.918490759365935 64.24739682047155 30.347918600641126 3.579571702794345 7.03781243980683 11.132555997672148 False
2383 3029.0442303305526 2898.8046159361843 214.9985202897385 52.99470826956193 3027 3031 2898 2900 14.0 1.328625620407313 0.7659847779473938 7.5214636270190125 0.8170800975612439 0.12301674328021256 0.23316088588395703 0.0 2.4968062556590365 2.1810899 8.44370361070018 7.523859119802313 2.8659882365420977 0.11454198243407218 2.111004122822376 13.740512172869098 12.064152966989253 1.6677057367350636 2.7693707052815784 3.7705022366171677 False
2384 9605.567271415393 2907.9289633974336 214.93942126429198 52.95303153999469 9598 9616 2899 2916 217.0 3.9559720704304278 3.3937976601599624 -37.89374710223874 0.5138296795215779 0.07885012602020564 1.1054038294438207 0.0 105.84146583987946 9.301458 186.4192237135273 22.810532633748586 2.2570412229902823 0.26161423573683507 8.311031542587394 196.50770926692257 36.683306455288275 3.7467323589600237 7.349322377957797 11.759951705105971 False
2385 3733.1815255730367 2903.737954644223 214.99214553192618 52.990268808340446 3730 3737 2900 2907 46.0 1.921290151674518 1.761125032158856 65.30064775205634 0.3997213916616078 0.12869594853149544 0.3468423336950526 0.0 11.51249898636369 4.0564265 76.05770005862249 17.608510740295714 3.605841586079196 0.11090928041259958 3.826519928662906 117.26294489537835 28.330408525608387 4.540125517559301 8.582263833387316 11.77712296494373 False
2386 1030.6817862093708 2902.1452656973684 215.01643640177429 53.007399479461 1029 1032 2901 2903 7.0 0.9540809403699907 0.5732146534065349 -34.598100232842505 0.7993971496140599 0.126375767623434 0.24506092205325525 0.0 1.2504413206631586 1.5354452 16.474273064923302 7.312524041300363 3.8111213571731066 0.13285708796177978 1.4927053303604616 26.072721100156073 11.852708983762046 2.411910262210052 4.028879438249715 5.490960931768394 False
2387 7697.108038379328 2905.6334567137565 214.9565559568498 52.96513076863659 7694 7701 2901 2909 56.0 1.9884244043396537 1.855854332272697 -14.464048512734143 0.3590220283771325 0.03137104158918083 0.490685858320914 0.0 17.812704520855014 4.713404 40.817722385953346 14.217046397190472 2.674615034491309 0.23091010263784023 4.222008245644752 45.9009604786636 22.610911980011466 2.4758089872643847 4.454202529361974 6.995394331493702 False
2388 2432.7952408678184 2911.4610721400963 215.0037419307631 52.998558243759966 2424 2441 2902 2921 282.0 4.523962263086647 3.5270551318098606 70.62257838017081 0.626229843244067 0.07991677231982548 1.0355349475865956 0.0 124.64177844818754 8.457957 155.31034655011683 14.315270652574029 1.5999371185738607 0.300398195260331 9.474354220939228 153.4775491822934 23.027653929398113 3.3460978339367085 6.09262619775578 9.549493465835639 False
2389 7372.777779078084 2907.818921283738 214.9594417017231 52.96720061987537 7369 7377 2903 2913 76.0 2.479718714366265 2.056494622330212 89.85722881379299 0.5587654013976705 0.07818543566594696 0.41302788626378 0.0 20.601297402812264 5.3118267 46.05427383514511 15.357110492870095 2.4792543985834565 0.21150082230900405 4.918490759365935 70.89856822759567 24.680214186015224 2.861172171634592 5.152590874252554 8.918694484073503 False
2390 4150.653296211764 2910.998966260364 214.98832096589427 52.98765999393562 4146 4154 2907 2914 56.0 2.1762166532473666 1.8771819348592447 14.098400838295156 0.5059042563894988 0.11117652573005007 0.3602791261861385 0.0 12.923546535334093 4.5172205 44.9602437943028 17.028039275002442 3.1797366732382106 0.17086777353725524 4.222008245644752 27.991795426454992 27.251982982206716 3.321963078039045 6.043728354849525 8.815911855042481 False
2391 1802.2010882049237 2912.9660185197004 215.00939055859666 53.00256550467569 1797 1807 2908 2918 89.0 3.0262615041722576 2.068410307221686 50.12201548308867 0.7299627122324026 0.03148736300383989 0.3662692918262004 0.0 23.020944587708676 5.711067 54.357450944723944 17.492000117836117 2.6588720166673796 0.16070901990912245 5.322553886092406 89.89109078223724 27.98523050437887 3.375642746108375 6.330689343536393 10.984990228605621 False
2392 3037.971736769281 2915.3953423339603 214.99826528975427 52.99474132345488 3029 3047 2909 2923 199.0 3.7144843146554494 2.953365232791494 15.162725567351012 0.606485849346728 -0.02133579544444157 0.7505875044460144 0.0 54.151152810572604 8.368171 69.27329256182436 18.424523139499094 2.1032282799693487 0.3755927568723909 7.958873497585845 103.16217960750717 29.237731106718464 2.6969986209668453 5.0550699848468446 8.078994488680427 False
2393 6585.774361000008 2910.8950442843966 214.96646871448914 52.9722108922314 6585 6587 2909 2912 9.0 0.9273880806053612 0.6673000459084419 -64.40859359503479 0.6944429240376141 0.06360652279969552 0.18480455831347717 0.0 1.1797430696824658 1.7788128 3.515217406184945 5.843344427555133 2.7929891969695153 0.17703779239770084 1.692568750643269 6.3864911160979 9.342059958859075 1.2483370853547746 2.1731301922470463 3.294606293620989 False
2394 6700.322477581112 2917.7638492866645 214.96536874572303 52.97152120062213 6689 6712 2910 2926 321.0 4.633504804248929 3.6658391981852576 6.3101514997438715 0.611610479312753 -0.022125213852348485 1.7944770717584633 0.0 197.93354778406137 10.656403 271.05810857246524 23.156477853759963 2.1060042745003775 0.35403300058126536 10.108287365572707 343.76756705007665 36.9863768576526 3.543114151754348 6.696536081579021 11.500082548887907 False
2395 1826.6418043413191 2912.9958275032086 215.00917067947367 53.00241067183968 1825 1828 2911 2915 15.0 1.239250775950298 0.9165576719741505 -70.19971103031965 0.6730397699839522 0.04272764035135452 0.18562055185607781 0.0 1.7101309252760097 2.316112 18.321562153689076 11.076860730220758 3.8511174235506584 0.19340856546688204 2.1850968611841584 13.302462745180748 17.47324804641251 3.0532345572830484 4.819753296442673 6.3268113984813 False
2396 709.9794776611811 2914.0957220211003 215.01919231093237 53.00949766171991 708 712 2912 2917 26.0 1.500335192767733 1.2714319453250882 -82.67883940896323 0.5309040658153804 0.13919150543444211 0.3847725640405693 0.0 7.170892155025328 3.009902 40.1033015652275 12.088887563999009 3.2771204062725965 0.1637105077976059 2.876813695875796 84.30502024610595 19.24606131100465 3.0018755049775327 5.45893851483597 8.444682122718916 False
2397 4372.737177727445 2918.0733728175574 214.9862527435293 52.986289480299575 4369 4377 2914 2922 62.0 2.379153801608216 1.765249191452757 -46.59384733364124 0.6704384580700453 0.08230930671189148 0.4029446689422246 0.0 14.915231948656164 4.6630363 45.341971045453306 16.479102124966897 3.0307412065383246 0.1790583115789932 4.442433223290478 54.49555520772533 26.36917453880483 3.1445772664850886 6.381059249279658 11.474242021324255 False
2398 2660.771933993378 2918.9830350444117 215.00161505875784 52.99715304589525 2655 2665 2915 2924 77.0 3.055426465054426 1.8853758934656593 -38.94174245772407 0.7869175322546023 0.13763142930004402 0.4682569947115356 0.0 26.217957746819575 5.26411 113.31909848865979 19.951709888022947 3.074859769572834 0.1417577352680438 4.950743503369154 112.88364770381202 31.880128105232266 4.535701123233631 8.100751746346644 13.026514893220938 False
2399 8402.613494734918 2922.757345251076 214.95004914549372 52.960746204234376 8397 8408 2916 2929 128.0 2.783234261880571 2.758234550531767 70.79309788928633 0.13373041176366718 0.09943639800508582 0.7393398497034311 0.0 44.56464052007347 8.256668 131.54954126118963 22.528858118222875 2.893029235161532 0.26831609236544235 6.383076486422923 199.3009702153473 35.5160878404887 4.0435972536917175 9.233046994922715 16.051684947706594 False
2400 237.64012166178745 2919.3838469854495 215.0233815411375 53.01252122560979 233 241 2917 2921 34.0 2.226194199690423 1.0650234864094827 -1.6795582284127353 0.8781390576423003 -0.011911755312772946 0.24424822854332362 0.0 3.550302893163327 3.4033437 10.924096493763447 8.09790586236375 2.0014759511132403 0.2841357127534018 3.2897623212397704 5.146074142670855 13.085481117494622 2.4317949681565425 3.9871517862891968 5.3618015062670095 False
2401 911.3102677615102 2923.111605479417 215.01728809466047 53.00826978201743 908 914 2920 2926 41.0 1.892523968128656 1.5973133115179494 35.76487282880381 0.5363239803862418 0.08047055092846855 0.22901302443315735 0.0 6.783053499420969 3.9233065 29.3227551784589 14.606613704991998 3.169121784093506 0.12430470034894897 3.6125759969217834 48.07204472906538 23.30051340718669 3.286947525121034 5.60083704527999 7.885982238147218 False
2402 1672.6843175202712 2921.13109983831 215.01046806252532 53.003430987974205 1671 1674 2920 2922 11.0 1.0191615455851641 0.7889453812006532 -9.348844577626558 0.6330484258083291 0.12685854628730475 0.20488317658773675 0.0 1.8212327404325872 2.1443522 17.8657376427535 9.108291091256321 3.661563103048955 0.09382835860924907 1.8712051592547776 11.2976388483643 14.220113643008107 2.6174510490168044 4.38616213530341 6.035342179044268 False
2403 2991.935244143666 2931.316047840109 214.99851094848017 52.995119362644516 2963 3021 2921 2943 1011.0 11.046075720403042 4.349335480079202 -9.156382762667663 0.9192197720667783 0.0022380695183355287 3.9382151588982106 0.0 1187.2859304624958 19.000952 1332.372323569326 29.659720001166836 1.6135060951392826 0.4104427060196556 17.939099613186062 1399.5364263094934 49.421959355824136 5.151911691334349 9.995185305450976 17.36226259845739 False
2404 8104.57251537385 2922.7221065774856 214.95272194625286 52.96263739012396 8103 8106 2921 2924 12.0 1.096837728514379 0.8139878201796823 53.94027946630999 0.6702644107979266 0.25188174193689417 0.40561271119116615 0.0 4.024949013412396 2.453021 13.103894116642042 8.574145636049023 2.87838633238575 0.08348277638331701 1.9544100476116797 16.383951996909587 14.085734424662007 1.5418924935708462 2.7302981811331155 4.157291582144647 False
2405 6759.129785267989 2925.9317751789354 214.96475514721567 52.97119219414261 6755 6763 2922 2929 58.0 2.1615588954477163 1.9268703546662962 -13.331770967797754 0.4531657853155702 0.13781967180730506 0.39962983458855783 0.0 16.88260336008127 4.6818824 63.01963006468245 17.042494228045687 3.1274765839370366 0.13350612374953605 4.296739856991561 104.40143672217849 27.37139891478497 3.5368363367520383 6.822559290922546 10.694238803609435 False
2406 4462.515328765639 2932.9994692599034 214.98528955131744 52.98580064195137 4449 4473 2923 2944 400.0 5.67212618988046 3.8997439751260283 -38.38595196859953 0.7261581350375631 0.04739707475123612 2.012691220640257 0.0 324.47056123367275 12.289793 406.72761476662134 20.39528901185196 1.6051561079616157 0.32576248516259887 11.283791670955125 409.6558939146034 32.48997436676559 3.892254136836744 7.140547960309559 11.52455237160753 False
2407 6509.124310942746 2924.8302260849987 214.9670095280934 52.97277250992982 6508 6510 2924 2926 8.0 0.8507309107649904 0.6913355257501279 42.20353620480169 0.582770018875313 0.2534890725686199 0.30978395136789993 0.0 2.2813661277509714 1.7091664 29.078738996001718 7.97073673575873 3.7901187787664896 0.04000559195156008 1.5957691216057308 46.204151123584055 12.816084039369734 2.5799615840290495 4.2771955329222315 5.863232063934626 False
2408 3775.2713461653484 2945.2657768534023 214.99133003376087 52.990226276049405 3752 3804 2925 2970 1581.0 7.997092992507979 6.6296874770343495 -35.26026980521707 0.5592305510391821 0.0340980445064988 8.617142732660877 0.0 2178.058123895703 23.837393 2360.4673954706514 32.96764977940144 1.6987232627092081 0.5870350748507035 22.433188138482972 2624.853685896927 52.609145906543596 4.611941179134564 8.672823372489272 15.226615313344015 False
2409 2934.0860116326435 2932.4590894641465 214.99901842108312 52.995492445770374 2930 2940 2927 2935 68.0 2.3181093741148358 1.6358329398994373 27.157869099676955 0.708535193337048 -0.26370347560499796 0.3685475784321399 0.0 8.65323105188819 7.3231745 34.0686115488371 20.529584525408467 2.9029627743986244 0.34442422429211694 4.652426491681278 51.71496392911741 30.58684763782058 3.1079543038157547 5.386339772007464 9.291187610521142 False
2410 4256.5461375489585 2928.9923071947733 214.9871807353785 52.98708552810095 4255 4258 2927 2930 10.0 0.9335921533053697 0.7730219761140972 -38.79134750141115 0.560715961336927 0.09158120420328493 0.30947045483393815 0.0 1.9507137762989617 1.8828077 15.811035058047562 8.321785875388802 3.517417039930433 0.21915611532484108 1.7841241161527712 26.234261826314746 13.543322293445573 2.2089284293181985 3.9008508209109682 6.283203007781269 False
2411 6977.07629602562 2929.5221817389684 214.96276227552676 52.96982870004023 6974 6980 2927 2933 40.0 1.7543134766723811 1.5810070317919107 -24.729338743939785 0.43338007861851807 0.21856002244773345 0.7660110574597937 0.0 20.63924985248002 4.1463914 48.676715328085564 12.000438566842686 2.5684196000536073 0.17086065489221128 3.5682482323055424 35.64447012161668 19.037479841934342 2.204132456767929 3.9908661316791836 6.463255980169148 False
