outputs/dr0.5_c0.1/nircam6_matched_f606w_f277w_dr0.5_c0.1.ecsv
# %ECSV 1.0
# ---
# datatype:
# - {name: label, datatype: int64}
# - {name: xcentroid, datatype: float64}
# - {name: ycentroid, datatype: float64}
# - {name: sky_centroid.ra, unit: deg, datatype: float64}
# - {name: sky_centroid.dec, unit: deg, datatype: float64}
# - {name: bbox_xmin, datatype: int64}
# - {name: bbox_xmax, datatype: int64}
# - {name: bbox_ymin, datatype: int64}
# - {name: bbox_ymax, datatype: int64}
# - {name: area, unit: pix2, datatype: float64}
# - {name: semimajor_sigma, unit: pix, datatype: float64}
# - {name: semiminor_sigma, unit: pix, datatype: float64}
# - {name: orientation, unit: deg, datatype: float64}
# - {name: eccentricity, datatype: float64}
# - {name: min_value, datatype: float64}
# - {name: max_value, datatype: float64}
# - {name: local_background, datatype: float64}
# - {name: segment_flux, datatype: float64}
# - {name: segment_fluxerr, datatype: float32}
# - {name: kron_flux, datatype: float64}
# - {name: kron_fluxerr, datatype: float64}
# - {name: kron_radius, unit: pix, datatype: float64}
# - {name: gini, datatype: float64}
# - {name: equivalent_radius, unit: pix, datatype: float64}
# - {name: kron4_2_flux, datatype: float64}
# - {name: kron4_2_fluxerr, datatype: float64}
# - {name: kron4_2_mag, datatype: float64}
# meta:
#   PHOTMJSR: 0.3925000131130219
#   PIXAR_SR: 2.11539874851881e-14
#   __serialized_columns__:
#     area:
#       __class__: astropy.units.quantity.Quantity
#       unit: !astropy.units.Unit {unit: pix2}
#       value: !astropy.table.SerializedColumn {name: area}
#     eccentricity:
#       __class__: astropy.units.quantity.Quantity
#       unit: !astropy.units.Unit {unit: ''}
#       value: !astropy.table.SerializedColumn {name: eccentricity}
#     equivalent_radius:
#       __class__: astropy.units.quantity.Quantity
#       unit: !astropy.units.Unit {unit: pix}
#       value: !astropy.table.SerializedColumn {name: equivalent_radius}
#     kron_radius:
#       __class__: astropy.units.quantity.Quantity
#       unit: !astropy.units.Unit {unit: pix}
#       value: !astropy.table.SerializedColumn {name: kron_radius}
#     orientation:
#       __class__: astropy.units.quantity.Quantity
#       unit: &id001 !astropy.units.Unit {unit: deg}
#       value: !astropy.table.SerializedColumn {name: orientation}
#     semimajor_sigma:
#       __class__: astropy.units.quantity.Quantity
#       unit: !astropy.units.Unit {unit: pix}
#       value: !astropy.table.SerializedColumn {name: semimajor_sigma}
#     semiminor_sigma:
#       __class__: astropy.units.quantity.Quantity
#       unit: !astropy.units.Unit {unit: pix}
#       value: !astropy.table.SerializedColumn {name: semiminor_sigma}
#     sky_centroid:
#       __class__: astropy.coordinates.sky_coordinate.SkyCoord
#       dec: !astropy.table.SerializedColumn
#         __class__: astropy.coordinates.angles.Latitude
#         unit: *id001
#         value: !astropy.table.SerializedColumn {name: sky_centroid.dec}
#       frame: icrs
#       ra: !astropy.table.SerializedColumn
#         __class__: astropy.coordinates.angles.Longitude
#         unit: *id001
#         value: !astropy.table.SerializedColumn {name: sky_centroid.ra}
#         wrap_angle: !astropy.coordinates.Angle
#           unit: *id001
#           value: 360.0
#       representation_type: spherical
#   astropy version: '5.1'
#   kernelfile: kernel_f606w_f277w.fits
#   make_catalog parameters:
#     ab_zpt: 31.4
#     coadd_bands: !!python/tuple [f277w, f356w]
#     deblend_contrast: 0.001
#     deblend_nlevels: 32
#     deblend_npixels: 1
#     detect_kernel_fwhm: 4.0
#     detect_kernel_npix: 7
#     detect_npixels: 4
#     detect_threshold_nsigma: 3.0
#     flag_isolated_buffer: 4
#     hst_bands: !!python/tuple [f606w, f814w, f125w, f140w, f160w]
#     jwst_bands: !!python/tuple [f115w, f150w, f200w, f277w, f356w, f410m, f444w]
#     near_border_kernelsize: 21
#     reference_band: f200w
#   make_catalog version: 1.4.0
#   photutils version: 1.5.0
# schema: astropy-2.0
label xcentroid ycentroid sky_centroid.ra sky_centroid.dec bbox_xmin bbox_xmax bbox_ymin bbox_ymax area semimajor_sigma semiminor_sigma orientation eccentricity min_value max_value local_background segment_flux segment_fluxerr kron_flux kron_fluxerr kron_radius gini equivalent_radius kron4_2_flux kron4_2_fluxerr kron4_2_mag
[from data line 3672]
3673 6289.178808017764 4374.455187966678 214.82528362874277 52.83646219961262 6286 6293 4371 4378 48.0 1.7135877445004948 1.329809262100982 39.23057393519271 0.6306861119472386 -0.18427084415314396 0.45563289959375797 0.0 5.7890703213466015 1.903166 4.170345053009846 2.5494095354713866 1.4 0.4507247872369365 3.9088200952233594 2.51744195733445 4.0506033777252 30.397601334607117
3674 8115.47124148039 4381.644987958466 214.80891746819523 52.82489273745517 8106 8123 4373 4391 272.0 3.0252283474844925 2.552774237699157 -62.344401027077865 0.5366127779191229 -0.051032118003707945 14.683195131390471 0.0 503.03753820774534 4.5355105 512.4021138272637 5.0683358329235855 1.4884333610716918 0.6509607979690798 9.304852983362556 552.1175195309925 8.187893218239273 24.544921179537276
3675 469.5474134096965 4380.67209520838 214.87718741035047 52.873471330797095 468 472 4378 4383 23.0 1.4487132843630626 0.8400328248389911 15.307581051426057 0.8147250074546516 -0.2950500203349009 0.2630781412068014 0.0 1.5449155187953372 1.6657394 2.9756581546410303 2.3144733746710573 1.4 0.2083197567248862 2.7057581899030048 -0.40417639310885534 3.676036883986159 nan
3676 9638.556717029465 4383.199883213786 214.7953218544596 52.815218428506974 9638 9640 4381 4385 9.0 1.4351870708286383 0.6166433930218376 72.16406063118106 0.9029904406149215 0.0962144333386726 0.2548021349126076 0.0 1.500665645685189 0.8603414 19.62550289489875 4.280398590892187 3.6388619787944543 0.2202948571736569 1.692568750643269 33.96549141875009 6.903416935627806 27.572405243945642
3677 3426.0800962402695 4390.680345162944 214.85066926758984 52.85474350459721 3414 3435 4382 4402 340.0 3.3387408862314847 3.0435836762015995 -56.715644362043854 0.4110866994671036 -0.18653642104622947 3.93248245241205 0.0 117.73196691944062 5.2110863 121.88908695524304 6.03805854248656 1.515761620145793 0.6800884202466521 10.403141895720198 135.02812163014875 9.630796972622022 26.07393943437489
3678 9429.83652662895 4384.353768785442 214.79717022888312 52.81655163017162 9427 9431 4383 4386 16.0 1.2850749679870632 0.7534267933097315 -48.57934803934706 0.8101011432115585 -0.08966828279538984 0.18538582503493967 0.0 1.3401411041704026 1.1299858 2.1769308474973625 1.7201784948325674 1.4 0.37310349063797893 2.256758334191025 -0.7435357365704248 2.73199902922009 nan
3679 459.6523434662961 4387.274522208276 214.8772063687953 52.87356979774906 455 464 4384 4392 75.0 2.8728111385817234 1.6307507142693407 20.07878592185785 0.8232701175040547 -0.24034779420792896 0.27643882477208415 0.0 2.9756407224637873 2.7506516 3.122637249917895 4.409157020185532 1.4 0.462722691501828 4.886025119029199 2.2558640410047586 7.060590052463361 30.516717696141836
3680 9557.94057138982 4390.330752884112 214.79596543317857 52.81576938357713 9555 9560 4388 4394 33.0 1.5397703920793782 1.2727831591001582 72.60911399558589 0.56278133179902 0.030649403582171487 0.5542003939557161 0.0 8.847946899573095 1.6224976 18.671129307844172 4.304759956512317 2.466062777721144 0.3604144383612985 3.2410224072142872 19.229692221932833 6.867243906722066 28.190069166859065
3681 nan nan nan nan 10122 10124 4390 4392 6.0 nan nan nan nan -0.10980615318194067 -0.002819322834330311 0.0 -0.3087277929936409 0.69169444 nan nan nan -0.5023137086923621 1.381976597885342 nan nan nan
3682 10061.664491612824 4397.354840717727 214.79140175977966 52.81260458937331 10060 10064 4393 4398 23.0 1.637582303240262 0.12379109059765782 63.17110913377175 0.9971386941735703 -0.230241900947532 0.09212374894598543 0.0 -2.347744159753034 1.3208677 1.0006652605617152 2.2768733362908757 4.164066494972652 -0.3542463152483367 2.7057581899030048 2.355960335134503 3.647358864290361 30.469580063975094
3683 172.3354146006218 4397.125761114238 214.87967073317293 52.8754478505029 168 176 4394 4401 58.0 1.9777022715339099 1.9292044429883528 -17.000446760772885 0.22009833407537854 -0.21673034706902106 0.379780755083688 0.0 5.286013967174831 2.3290553 20.033904516848267 7.112748537292625 2.836379867139576 0.4985327713516928 4.296739856991561 33.351775869435286 11.277322977082557 27.592202591043037
3684 3708.4099250730287 4395.741066589683 214.84809495927064 52.85297694232567 3704 3710 4394 4397 21.0 1.1343886207546265 0.9950459770949299 -62.37497465110856 0.48018911871197656 -0.12836989592543926 0.25418049220079364 0.0 1.0970198997450002 1.274032 4.832709617657054 3.5660571083666217 2.683418784087642 0.5279195159063416 2.5854414729132054 1.1798304085059161 5.717989165746624 31.220451036699313
3685 7904.33037319747 4395.078426100503 214.81065907649497 52.8263072856221 7904 7906 4394 4396 8.0 0.6283496287944341 0.42843486063037833 -65.02239816668423 0.7314999338570737 -0.038424804038435824 0.12131819484567563 0.0 0.1437558417429219 0.8691801 1.3200154614128476 2.4791058072429926 3.4649029220664382 0.6235295227029606 1.5957691216057308 -1.9082884426200937 3.9620169935740415 nan
3686 8451.604743448914 4396.147822131693 214.80576753907755 52.822834119280394 8450 8453 4394 4400 19.0 2.2362955821815502 0.7649048938509143 -78.27350653300975 0.939685010332271 -0.0686282638621278 0.4282502656898142 0.0 1.686954165876442 1.3804849 11.239943607635002 5.207280228782082 2.922927190135895 0.6157484951473533 2.4592453796829674 3.129644247824398 8.392707817313926 30.16126256666716
3687 3650.9068947108226 4401.586302063122 214.84854691087216 52.85337382351692 3645 3659 4396 4408 142.0 3.447151172741178 3.0299967750707313 52.98224220235056 0.47684802932193526 -0.07664068296106234 0.4633914013888485 0.0 25.499960417844733 3.422103 45.199135212532056 6.758968863353635 1.633751452423196 0.28837017202726467 6.723094811029982 43.25168414801989 10.698498323968547 27.309992442928465
3688 6925.413031865228 4397.0 214.81937024849609 52.832539950748384 6925 6927 4397 4398 6.0 0.5707625398250781 0.28867513459481287 0.0 0.8626677843048784 -0.17340671966809018 0.08611143554012181 0.0 -0.14069525453894893 0.6504368 0.11111783929128723 0.6861041795525786 1.4 -0.6799309227586167 1.381976597885342 -0.5033192529387415 1.0980575789322233 nan
3689 8595.243482361477 4403.514002383321 214.80440928707415 52.82196068910846 8592 8598 4398 4406 51.0 1.9762308135778484 1.437025698264467 62.41486032337655 0.6864735350359243 -0.11704890632680971 0.3598222074173672 0.0 4.320640892289232 2.4575238 5.4621943890115 6.431179409968385 2.5504516174506975 0.557129706446988 4.029119531035698 -1.8010719114360105 10.366047985596248 nan
3690 229.139715276529 4399.6449225469205 214.87913649001493 52.87510064923209 229 230 4399 4400 4.0 0.49821790329314747 0.317759805931754 68.81880337583092 0.7702079637671608 -0.00277480380666206 0.18480738111142303 0.0 0.3630302665921761 0.63493615 1.8710144087553011 1.8085134923634267 3.478999020461493 0.5737614422938516 1.1283791670955126 0.45346127911792494 2.839177887016415 32.25864947814349
3691 4010.043729578475 4408.643456703271 214.84526599861206 52.851129946157805 4002 4016 4399 4418 237.0 4.9153870669002035 3.1749568480006816 84.72311428579117 0.7634033773641686 -0.05092240092798992 0.6111496829116904 0.0 52.486918362413036 4.3418703 60.135477840498964 7.472823520830243 1.5168640930299255 0.3114976337658198 8.685588237163813 64.66552826171937 11.959601504640426 26.87331792565936
3692 860.241818486263 4411.580547260769 214.8733704892123 52.87115645255125 850 868 4400 4419 186.0 5.588851736425965 2.137904587239053 42.49195380236146 0.9239429874570507 -0.2917354223235861 0.4118928656978017 0.0 22.836500584099177 4.288121 77.93633027602624 15.031312421929867 3.148109055115574 0.39327652438819266 7.694520051971082 91.34380807324453 23.8595008705256 26.4983022171323
3693 3465.7068181436857 4404.928105726368 214.85016549244614 52.8545685560415 3457 3472 4401 4409 99.0 3.246513944921996 1.7127219772953512 -3.054237548867464 0.8495194790198206 -0.11267985963742841 0.6587532512572553 0.0 20.026108685498205 2.7981865 33.16056268747647 7.085503836070353 2.3993632355681913 0.4251716540125188 5.613615477764332 48.738180662869446 11.378571775484826 27.180326716336566
3694 9874.500184450779 4402.444781725999 214.79301636952943 52.813822004421276 9874 9875 4402 4403 4.0 0.5006013010445557 0.4963358193669797 22.095932544993673 0.13026446192698798 0.20278686520945227 0.25619757325251813 0.0 0.9183076420439308 0.5655966 4.552270745553522 2.303590269591829 3.5986995249966296 0.07558692118143255 1.1283791670955126 6.134570045285182 3.7756106768385265 29.43053967586467
3695 3813.6177918319204 4427.7389386098685 214.84681887954284 52.85248099307789 3782 3844 4403 4453 2221.0 12.088550896889632 10.660131585078432 48.76250674548205 0.4715543306797639 -0.37405906623885476 0.5303095795523093 0.0 58.13146581059574 13.41461 60.301768918332016 20.17398293477424 1.4 0.5732880162128122 26.588837079011167 65.43407689546545 32.7208112504841 26.8604900499325
3696 4487.837620492914 4407.047335242933 214.84101719461538 52.8480853390381 4487 4489 4403 4409 14.0 1.1622986960216888 0.7007723131335201 -67.04325510352582 0.7978021815368969 -0.09878637134610674 0.30813087886038243 0.0 2.0666921422103326 1.2401212 32.602499596870146 5.0975839695008025 3.8081010290236215 0.34372620172331814 2.111004122822376 57.83420399812932 8.157018428586293 26.994538093647478
3697 9452.30349367138 4409.307594569467 214.79670745282252 52.816543229666294 9446 9457 4404 4415 109.0 2.2708728871749986 1.9903669315903545 88.68318361244344 0.4814444741495233 -0.11237759970125084 1.4647326049810765 0.0 42.36577578948884 3.0054758 42.92389552294877 3.775261489035521 1.4 0.5009421112493884 5.890312181373172 40.00444320898558 5.951572133533969 27.394729424556424
3698 7113.435837619052 4413.92583511108 214.8175149285597 52.831436085352806 7099 7127 4406 4422 319.0 6.597631644308889 2.5158517130871103 22.38911191932059 0.9244404299380321 -0.10693042757734142 0.6793668280769619 0.0 66.22801569743443 4.9255896 68.45751607175151 7.009119024195479 1.4 0.43525939068157715 10.076748170547344 63.14699542601557 11.183193948837369 26.899118271558034
3699 3060.078286839719 4414.998689682885 214.8536818998796 52.857200039909124 3053 3067 4408 4422 179.0 3.3310040404140357 2.0516028662113013 32.82346853362863 0.7878155435582688 -0.17588092586455994 2.2345892147481132 0.0 89.44331024345848 3.708527 100.80870169980642 5.739319800317761 1.7762781044222875 0.537792204554506 7.54834217738561 117.76897240955594 9.26412960537466 26.222422785889425
3700 6386.929530882584 4409.503334993221 214.824042736434 52.83602984114047 6385 6389 4408 4411 15.0 1.3061839196753835 1.0891491688589057 10.172425203642122 0.5520053190140635 0.01751163449123451 0.23124709542107094 0.0 2.019727526644618 1.1263415 10.832556172840542 4.197379473942006 2.851677416102424 0.2685770720370523 2.1850968611841584 13.513674812782622 6.730439241927954 28.573066339899018
3701 385.86605388396765 4422.123115766947 214.87749912157733 52.87422645345326 368 404 4409 4437 742.0 7.5632357338523555 4.330370767016379 -27.908803237048232 0.8198660982054958 -0.23260046015278407 2.127478522793015 0.0 373.48460613381167 8.836196 410.71954388665586 13.5657554813539 1.640396820443392 0.47519647389544034 15.368341990871127 428.7703511102528 21.538477565767145 24.81943813288239
3702 2404.7703339975847 4416.919686421181 214.85951467004392 52.8613736995532 2397 2411 4410 4425 180.0 3.024798850715332 2.6048413783132314 -44.1364114175703 0.5083308624701633 -0.1274389938758764 1.2933802995999917 0.0 55.67891353720569 3.8627684 70.32464907713242 7.342580896483301 2.0723256189334465 0.502670387440747 7.569397566060481 88.84969922229594 11.669033114829922 26.52836009511992
3703 464.1813463313896 4427.703646312773 214.8767404377842 52.873759126170384 448 480 4411 4443 806.0 5.36746633573894 4.171935875168655 19.717185019858302 0.6291751681517284 -0.18756849663404412 6.706159224234832 0.0 356.38948124893943 9.28644 362.99178060783436 10.515034480467556 1.5340514072154625 0.6883414533542183 16.017420774398584 405.3983115048966 16.889365762458294 24.880295161219223
3704 2719.9368744812255 4425.979877305897 214.85660423590858 52.85942027928971 2706 2735 4412 4440 596.0 6.805621294065013 6.090959362056307 -19.30556148554195 0.44608727537639364 -0.15148151450811087 0.4443545077434732 0.0 87.4005443004199 6.8465714 193.14243088773776 21.427652535734385 2.6854807029355197 0.3546414020636909 13.773623058786647 272.34709911028517 34.38163052445398 25.31219311557328
3705 4429.2542063121755 4425.128791742305 214.84134992905868 52.84855508219212 4418 4441 4414 4442 466.0 5.6411772845198715 5.112288546447815 -88.16952653276644 0.42275294434044497 -0.05900270207748921 0.9409672970946856 0.0 133.9516154293604 5.483166 223.78574019107077 14.414646681475064 2.2771898865747056 0.36451226323218144 12.179179240065665 255.64759431027522 23.731356577952 25.380895724268
3706 9419.449141048375 4415.460537154311 214.7969355952707 52.81678525564983 9416 9422 4414 4418 27.0 1.6000852187006116 0.8064905069249196 16.45640978008934 0.86368630879008 -0.14013835783779824 0.3063420748869655 0.0 2.6085368444100956 1.4678416 7.205609122907585 3.5000963021970404 2.4805817141600777 0.4572545782276836 2.9316150714175193 16.84195265761345 5.572951160682338 28.3340188944329
3707 671.8519881343291 4419.986134230467 214.87496563576104 52.872398423130974 664 680 4415 4425 134.0 3.841023424914695 1.976366567604678 26.979084338573195 0.8574653815400767 -0.24111386827711717 0.4381703107222784 0.0 23.028022409488443 3.489074 31.255824066172096 7.472371695543229 2.0176373702674444 0.357135921818547 6.530966601401967 27.809234727117648 11.99753712906759 27.78952740543425
3708 2288.1496907196306 4421.502705628222 214.86050817726522 52.862139299763356 2282 2296 4415 4427 131.0 3.5624982807880845 2.153561108203993 -47.96255055090075 0.7965985590590323 -0.09598179041028992 0.8323182577405531 0.0 34.764919227642345 3.2113886 50.32644998796374 6.527062871465266 1.873059235653414 0.3897905979847927 6.457444935117649 64.99385591670239 10.487298305600026 26.867819241761786
3709 1089.9987816930286 4419.859072344996 214.87123020735055 52.869741687849306 1085 1095 4416 4424 78.0 2.3010882698979898 1.845785940315701 21.276456572874427 0.5971412715351995 -0.0976451083712581 0.42164300648982334 0.0 10.357381262537412 2.311661 33.257455140171444 7.6930765075613925 3.1427853070482152 0.45897272008406803 4.982787485166879 46.4968415999916 12.394310945416624 27.23144136628486
3710 3503.668202498529 4424.365512240324 214.84962198597745 52.85443216948718 3495 3513 4417 4432 239.0 3.9675987916381006 3.0724786820562473 13.346902770135449 0.632705525022564 -0.06804992003020223 0.7059109427579233 0.0 51.99559174224609 4.3707886 71.84187351710261 8.087815307024067 1.838628046564125 0.44476535677417495 8.722159296752494 90.43805864964918 12.978509210083162 26.509121922063763
3711 7219.742381504864 4427.915993831367 214.81641948229202 52.83083577856437 7213 7225 4420 4435 169.0 3.259843948865385 2.2255966144631247 -64.54199773008877 0.730669789764265 -0.24587280398154793 0.5584923736611628 0.0 21.034980183294103 3.631903 25.469103842029966 6.991771435331867 2.073451277284869 0.5010363988310664 7.334464586120832 45.06342030175395 11.122179390230798 27.265439621310467
3712 10226.810786577105 4424.82822003603 214.78964092621587 52.8117025595802 10221 10232 4420 4431 115.0 2.8157613730211946 2.352364154590098 -21.466617415828676 0.5496008442372078 -0.16025735298864646 0.45839045530908973 0.0 13.984194041338196 3.0208583 24.1527543688754 6.828949388600706 2.1146198601059174 0.4569322960994706 6.050259243299904 28.984410123083656 10.930003364105822 27.744588834394534
3713 687.2412283673489 4422.151396288515 214.87480531600562 52.87231235354841 685 688 4421 4424 15.0 0.9618457746306786 0.6897783033597369 -83.57367125512415 0.696928895634246 -0.13638184892829017 0.23788073724195968 0.0 1.271758486287141 1.221293 3.2059177641940892 3.09783416809749 2.689864733912379 0.4221713376307276 2.1850968611841584 3.7043815126212603 4.906109144301074 29.97821072972297
