outputs/dr0.5_c0.1/nircam2_f160w_dr0.5_c0.1.ecsv
# %ECSV 1.0
# ---
# datatype:
# - {name: label, datatype: int64}
# - {name: xcentroid, datatype: float64}
# - {name: ycentroid, datatype: float64}
# - {name: sky_centroid.ra, unit: deg, datatype: float64}
# - {name: sky_centroid.dec, unit: deg, datatype: float64}
# - {name: bbox_xmin, datatype: int64}
# - {name: bbox_xmax, datatype: int64}
# - {name: bbox_ymin, datatype: int64}
# - {name: bbox_ymax, datatype: int64}
# - {name: area, unit: pix2, datatype: float64}
# - {name: semimajor_sigma, unit: pix, datatype: float64}
# - {name: semiminor_sigma, unit: pix, datatype: float64}
# - {name: orientation, unit: deg, datatype: float64}
# - {name: eccentricity, datatype: float64}
# - {name: min_value, datatype: float64}
# - {name: max_value, datatype: float64}
# - {name: local_background, datatype: float64}
# - {name: segment_flux, datatype: float64}
# - {name: segment_fluxerr, datatype: float32}
# - {name: kron_flux, datatype: float64}
# - {name: kron_fluxerr, datatype: float64}
# - {name: kron_radius, unit: pix, datatype: float64}
# - {name: gini, datatype: float64}
# - {name: equivalent_radius, unit: pix, datatype: float64}
# - {name: kron4_2_flux, datatype: float64}
# - {name: kron4_2_fluxerr, datatype: float64}
# - {name: radius_kron20, unit: pix, datatype: float64}
# - {name: radius_kron50, unit: pix, datatype: float64}
# - {name: radius_kron80, unit: pix, datatype: float64}
# - {name: near_border, datatype: bool}
# meta:
#   PHOTMJSR: 0.3925000131130219
#   PIXAR_SR: 2.11539874851881e-14
#   __serialized_columns__:
#     area:
#       __class__: astropy.units.quantity.Quantity
#       unit: !astropy.units.Unit {unit: pix2}
#       value: !astropy.table.SerializedColumn {name: area}
#     eccentricity:
#       __class__: astropy.units.quantity.Quantity
#       unit: !astropy.units.Unit {unit: ''}
#       value: !astropy.table.SerializedColumn {name: eccentricity}
#     equivalent_radius:
#       __class__: astropy.units.quantity.Quantity
#       unit: !astropy.units.Unit {unit: pix}
#       value: !astropy.table.SerializedColumn {name: equivalent_radius}
#     kron_radius:
#       __class__: astropy.units.quantity.Quantity
#       unit: &id001 !astropy.units.Unit {unit: pix}
#       value: !astropy.table.SerializedColumn {name: kron_radius}
#     orientation:
#       __class__: astropy.units.quantity.Quantity
#       unit: &id002 !astropy.units.Unit {unit: deg}
#       value: !astropy.table.SerializedColumn {name: orientation}
#     radius_kron20:
#       __class__: astropy.units.quantity.Quantity
#       unit: *id001
#       value: !astropy.table.SerializedColumn {name: radius_kron20}
#     radius_kron50:
#       __class__: astropy.units.quantity.Quantity
#       unit: *id001
#       value: !astropy.table.SerializedColumn {name: radius_kron50}
#     radius_kron80:
#       __class__: astropy.units.quantity.Quantity
#       unit: *id001
#       value: !astropy.table.SerializedColumn {name: radius_kron80}
#     semimajor_sigma:
#       __class__: astropy.units.quantity.Quantity
#       unit: !astropy.units.Unit {unit: pix}
#       value: !astropy.table.SerializedColumn {name: semimajor_sigma}
#     semiminor_sigma:
#       __class__: astropy.units.quantity.Quantity
#       unit: !astropy.units.Unit {unit: pix}
#       value: !astropy.table.SerializedColumn {name: semiminor_sigma}
#     sky_centroid:
#       __class__: astropy.coordinates.sky_coordinate.SkyCoord
#       dec: !astropy.table.SerializedColumn
#         __class__: astropy.coordinates.angles.Latitude
#         unit: *id002
#         value: !astropy.table.SerializedColumn {name: sky_centroid.dec}
#       frame: icrs
#       ra: !astropy.table.SerializedColumn
#         __class__: astropy.coordinates.angles.Longitude
#         unit: *id002
#         value: !astropy.table.SerializedColumn {name: sky_centroid.ra}
#         wrap_angle: !astropy.coordinates.Angle
#           unit: *id002
#           value: 360.0
#       representation_type: spherical
#   astropy version: '5.1'
#   make_catalog parameters:
#     ab_zpt: 31.4
#     coadd_bands: !!python/tuple [f277w, f356w]
#     deblend_contrast: 0.001
#     deblend_nlevels: 32
#     deblend_npixels: 1
#     detect_kernel_fwhm: 4.0
#     detect_kernel_npix: 7
#     detect_npixels: 4
#     detect_threshold_nsigma: 3.0
#     flag_isolated_buffer: 4
#     hst_bands: !!python/tuple [f606w, f814w, f125w, f140w, f160w]
#     jwst_bands: !!python/tuple [f115w, f150w, f200w, f277w, f356w, f410m, f444w]
#     near_border_kernelsize: 21
#     reference_band: f200w
#   make_catalog version: 1.4.0
#   photutils version: 1.5.0
# schema: astropy-2.0
label xcentroid ycentroid sky_centroid.ra sky_centroid.dec bbox_xmin bbox_xmax bbox_ymin bbox_ymax area semimajor_sigma semiminor_sigma orientation eccentricity min_value max_value local_background segment_flux segment_fluxerr kron_flux kron_fluxerr kron_radius gini equivalent_radius kron4_2_flux kron4_2_fluxerr radius_kron20 radius_kron50 radius_kron80 near_border
[from data line 1862]
1863 2088.3837204617657 3994.9648683819887 214.92309167746123 52.9342610154048 2086 2090 3993 3997 23.0 1.4459511465559458 1.2381224402141495 -60.48678832057906 0.5165309585870564 0.08424210749128502 0.2545900149297835 0.0 3.9690799512503534 3.9200125 68.40781041722906 18.648486527353516 3.8360681287564424 0.13129463920366372 2.7057581899030048 141.15929523292533 29.226004981676418 4.913398224609918 8.1983861423785 11.054396270062854 False
1864 4300.393545132611 3995.605269056963 214.9032787310082 52.92022059263006 4295 4307 3993 3998 51.0 3.1051447264563157 1.1453480790739172 -10.776497147997157 0.9294869594267047 0.030144645636774575 0.3542826314589427 0.0 12.763522364956684 4.3569846 54.96880247658846 16.166209802530517 3.0567531239511445 0.18790904128143573 4.029119531035698 70.8913478700251 26.74162994159258 3.858573880850672 8.453496384877837 12.474017071709785 False
1865 6847.951813540611 3994.7167496037955 214.88049329219845 52.90403745028485 6846 6849 3993 3996 12.0 0.9780842198623061 0.846035946647513 -59.635156878674664 0.5017840279147907 0.03039222812681407 0.21477543486669118 0.0 1.3501458079639568 2.0278788 45.16499079849136 9.746784590272231 4.160503334866042 0.3315058412075362 1.9544100476116797 77.08101770079594 15.550799056918754 4.036908193267319 6.110692570255811 8.13207561730757 False
1866 3680.9797133042075 3998.129237031145 214.9087970502477 52.92416715968245 3676 3690 3994 4004 118.0 2.9425293069279217 2.336373056995431 23.934765281173675 0.6079156326576646 -0.025221587123405508 0.4052135147181262 0.0 22.553460762784063 6.758963 90.55641019676105 22.828829359181846 3.2185539586801957 0.3407478212546287 6.128667601500942 119.95852083557816 36.536254797308665 4.705200463239281 14.185126096933129 19.095732265617546 False
1867 9477.96578881065 4009.061130598498 214.85682750059016 52.88740822952629 9452 9503 3995 4023 1075.0 8.421264845453345 4.750503784849181 -7.91124759413126 0.8257009396242709 0.01124384482469434 9.105622322876707 0.0 1464.646838483608 20.018858 1642.839560227376 30.055881578395255 1.731141080664604 0.5471167671895024 18.498192550829796 1834.4746980010168 50.43228623835416 3.837123817517554 7.797672644911391 15.275921978506435 False
1868 1692.9243848856208 4004.8949514858978 214.92652935884556 52.93682501834894 1686 1700 3997 4013 199.0 3.4402642936728025 3.266428406095512 -45.58680353060406 0.31385721408334266 0.11904847400097582 1.2404006598566149 0.0 109.47387431897334 8.361729 148.67026756392582 18.685914430750493 2.094408861651673 0.29637548097690153 7.958873497585845 159.3224722829439 29.802136800518717 2.9578857537604386 5.413017287887516 8.93467095816447 False
1869 2797.689943775984 4000.001979350483 214.91668614413527 52.92978523619463 2796 2800 3998 4002 18.0 1.412564871590642 0.9860895729370968 -61.23390782225999 0.716015432251122 0.14273025562433214 0.22977631861537273 0.0 3.627609440234339 2.525152 29.810603844926558 11.942347266701516 3.7527722440354254 0.05212345228762487 2.393653682408596 24.206421913946308 19.11293764245726 3.132071193756257 5.163860639216037 6.801779956252 False
1870 8755.812908029113 4012.700760693276 214.86324408348563 52.892015646029364 8739 8768 3999 4024 553.0 6.243321014737345 5.4461960344575635 -27.12706593850346 0.48892903462149906 0.12765871696487177 1.0878676796847488 0.0 271.45357214693644 14.044179 438.4153293482903 35.23249201248402 2.2919285297362606 0.27178743256509574 13.267455184007076 510.5453758587415 56.984104833481354 5.692681351739353 10.85609489372247 22.132355946134485 False
1871 6660.39721979421 4004.115937138938 214.88207191779813 52.90527937907849 6657 6664 4000 4007 57.0 2.1323295762277534 2.062873506375608 86.48261163337389 0.2531496121912238 0.08627822045258893 0.31266234505884993 0.0 10.365853704806154 4.6284223 75.20823664381447 19.364767667687218 3.566483954027166 0.16256649607333365 4.259537945889915 106.25232986947007 31.060152617481123 5.23559686749751 10.059683227931838 13.872158297778604 False
1872 2048.9693939205586 4024.61370326192 214.9231324327657 52.93467128568908 2030 2067 4001 4045 1258.0 7.1847390864349725 5.686152226582077 -79.27576395082365 0.6112716725183952 -0.15118002257376428 6.130838573937322 0.0 952.2307724162649 23.601011 1035.7181605954343 30.456296320538563 1.6226409645254798 0.6084425415669138 20.010842981224172 1111.550773616551 49.62358278948804 3.863469125783993 7.398808595757836 13.847992497574571 False
1873 6028.319431770088 4004.528839102253 214.88772193653375 52.909295969669294 6026 6030 4002 4007 22.0 1.5163254099450028 1.0598172185610228 75.57833490831723 0.7151824137524077 0.03508561330817372 0.1556482850173846 0.0 2.1827550562511155 2.7262058 5.369222729592002 6.766165096810884 2.050262799505292 0.17346121012730983 2.6462837142006137 5.851545578342776 10.790335402795584 1.7784816017541596 3.070704392770439 4.384413947893545 False
1874 7170.581951280098 4006.0803662832946 214.87748804460367 52.90204956683382 7169 7172 4004 4007 11.0 1.0644118693153042 0.7293685587501386 31.424155073957316 0.7283253185362403 0.04798778341027466 0.17590503495941087 0.0 1.3810003186625632 1.8855771 6.670603601036763 7.319382742635598 3.281358532376392 0.18024203029119656 1.8712051592547776 6.235205243591661 11.789855437926532 1.748568405103585 2.9012848585036393 3.963465073859757 False
1875 359.914143646752 4008.1050438478114 214.93843881132682 52.94530358444819 359 361 4007 4010 9.0 0.9301948737655572 0.6852441749766818 56.90652519339984 0.676255309348188 0.05675296686106369 0.16882247207358966 0.0 1.203303672632335 1.8766587 14.396141076725495 8.545818220842966 3.8285502844792587 0.16155663500289172 1.692568750643269 18.014941091184962 13.657686679495926 2.5733337548079054 4.265734783557903 5.869584106365152 False
1876 2109.2650757295755 4016.226311546195 214.9226807130502 52.934243237604015 2097 2118 4007 4026 298.0 5.464808718958505 3.466485502518297 33.17224617155787 0.7730633778167502 0.1667905483107842 1.7756403767845503 0.0 232.36324785981168 10.880619 497.9476280245293 32.77672309610469 2.5680522547130993 0.25087316122627457 9.739422266375435 627.7087296879628 53.65987019756926 5.2886649084204835 10.144141180676451 19.788401357414727 False
1877 8652.195846320632 4015.196874373688 214.86414408509128 52.892687351967425 8645 8658 4007 4024 182.0 4.133265046045943 2.792851801060062 -56.30573990038096 0.7371756933783055 0.14468882944793995 0.9475166132703537 0.0 100.54508390808887 7.899815 143.0240696853255 16.356876462359228 1.8100429220870895 0.2315384515650969 7.611333607551958 133.39826367982923 26.157491417639275 3.31889869712489 5.799606737547008 8.659946402916237 False
1878 2888.0 4010.0 214.91577213050243 52.929265854366975 2887 2889 4010 4012 7.0 0.28867513459481287 0.28867513459481287 0.0 0.0 -0.04116761527248236 0.02495760996497602 0.0 -0.11082695279581599 1.5983995 0.7951797072829092 2.9510334201002006 3.8199980701484697 -0.3460832353164692 1.4927053303604616 1.964516388619044 4.760742192342733 1.3218753205450096 2.0051873361069172 2.4845295149351014 False
1879 4164.377862579024 4016.1537040907424 214.90427983071444 52.92119513948885 4163 4168 4014 4017 21.0 1.0275026072383378 0.7793453111373229 22.953068741425444 0.6516905021198882 -0.05705064688190852 0.14789322226902177 0.0 0.6297671957917307 2.7633653 5.463396726030265 8.681738133942773 3.549130892434996 0.5785670151085686 2.5854414729132054 0.15396977009069346 13.743747719623691 1.9847808678508718 3.277472120466326 4.42488033692764 False
1880 9716.952239901537 4017.140235641285 214.85460657332652 52.88593345480424 9713 9720 4014 4021 54.0 2.116896971371143 1.8337971941404618 -38.241970586082104 0.49958196024473017 0.11739652939781482 0.4284273091561741 0.0 15.184290203924839 4.6832495 55.73354850222621 16.655364827671512 2.9432098437263376 0.17180313587400586 4.145929793656026 95.33165223290476 26.805570334351557 3.3693956062241632 6.549030838539038 11.720089385715637 False
1881 7936.474192359312 4017.173104105207 214.87052223615427 52.89724454852096 7935 7938 4015 4019 10.0 1.3833427483624265 0.5769585237619417 -62.681042743088774 0.9088717916427627 0.05085906387337486 0.13997565195060943 0.0 1.0485721776751544 1.9111284 19.459119218556438 9.588142898457583 4.1276029483446655 0.16224251094013895 1.7841241161527712 38.90843481371044 15.2227711871376 3.5788734796865738 5.536366490653508 6.78749598377466 False
1882 1105.7626708109221 4018.8350744521485 214.93164270107437 52.94062742079183 1104 1108 4017 4021 13.0 1.4384654691574101 0.770173714396328 -47.668511648434034 0.8445901202184553 0.20939999691133265 0.3210845116822639 0.0 3.790152190359422 2.147889 27.95949382001502 10.083548312353825 3.5853966836665854 0.05467325272346234 2.0342144725641096 24.756353828096692 16.22940771838214 2.5064240934976176 4.258767607147207 5.841918596068028 False
1883 8697.191082547846 4020.5592405069983 214.8636853830945 52.89243043455693 8695 8699 4017 4023 28.0 1.3397216281021058 1.2825429799635244 -5.217570874651198 0.2890284738998035 -0.05238941407665852 0.3054410022015046 0.0 5.026320468757945 3.4535918 44.417058896181636 12.493658543850833 3.5723601998295345 0.2645501407410595 2.985410660720923 50.60368909785876 20.058365651113693 4.156329877812436 7.941121498247022 10.44832076080805 False
1884 9861.662937628387 4028.5196903668348 214.85319352753208 52.88507541409483 9836 9895 4017 4040 1114.0 12.044277862234713 4.923061928580853 1.945177350841422 0.9126477551228611 0.023685934156464205 2.2605376578492162 0.0 849.055507736779 21.482021 1081.5215248974962 46.56762318499148 2.055171731163741 0.35202232732119515 18.83075179616424 1343.470605857559 73.15912143205331 6.475039766456744 12.848086134551163 21.769705291960324 False
1885 8782.840404716659 4023.9146937997934 214.86288439776163 52.8919044281608 8781 8784 4022 4025 12.0 1.0317495069275104 0.8953473309743263 -44.40298121804186 0.4969219131876182 0.11055074443330667 0.26059333164776904 0.0 2.255654961574354 2.0328715 19.544155345612563 8.6341018322102 3.408668957244932 0.15145750744963724 1.9544100476116797 37.562731608095305 13.896159133214576 2.5229012494366 4.330120242287781 6.772510046260005 False
1886 1453.1008882254373 4032.5613844491677 214.92838633973912 52.93849675017736 1447 1459 4023 4044 200.0 4.681782186478358 2.719413995501888 -69.39081354021712 0.8140104888121568 0.14445892457001247 0.907817010182036 0.0 88.28349051002938 8.515277 191.82283720618597 24.88262953085707 2.5890985123988917 0.22379666244535515 7.978845608028654 276.5125180731076 39.70203341594903 4.357119104392134 8.614171355300279 18.517051381584498 False
1887 3781.8974631722567 4040.616307380556 214.90744611887374 52.92375571540321 3761 3802 4023 4057 1122.0 6.885955248004424 6.364831199745272 -8.452382201003998 0.3816165394951648 -0.004702835638766395 5.488368175944842 0.0 1140.753906457503 20.392733 1290.215762755105 31.04024545114344 1.7241453963456441 0.5187088691287561 18.898245746582223 1401.6881107531904 49.541302668413145 4.301055086866852 8.423448585101207 15.110091784549033 False
1888 6917.382039133765 4025.5305572698257 214.8795478085525 52.90376270275355 6916 6919 4024 4028 14.0 1.2269307850613758 0.8533062094471286 74.55738696811761 0.7185451487567954 0.015512167311098573 0.11965668436410425 0.0 0.9698566222849608 2.1892896 25.47215548886009 10.729359552497906 3.954910952105823 0.29099368448139407 2.111004122822376 15.537610625005382 17.077538620255368 4.495734783588551 7.41879707270869 9.41074520934155 False
1889 6999.622191019412 4034.0452500840065 214.87872258440078 52.903286289175526 6984 7014 4024 4046 431.0 6.334896749478514 4.541280697905409 -11.307986972097602 0.6972095743771665 0.06034912437353243 0.7035310936807173 0.0 164.0037932390312 12.406911 218.16118253081126 22.439494191446602 1.5706300998086598 0.2431422420220016 11.71288013023329 223.04604343547578 36.10626929361543 4.843568037233246 8.530977242437427 13.046226686240518 False
1890 1380.3401037938988 4035.2837546234387 214.92900949921912 52.938973315663716 1375 1386 4025 4044 170.0 3.902794027180247 2.7264404165535505 86.50621655343552 0.7155253129982608 0.061154678999514205 0.6808024660277273 0.0 59.33414578102878 7.7860556 111.17633386532003 20.635004981925118 2.3485250213255435 0.24192196126752535 7.356132180109627 123.68646431298461 33.811058793862244 3.6187946963120385 6.87191611219905 10.916309249527412 False
1891 1789.7005034455328 4035.42489188129 214.92534090418212 52.93637551321346 1780 1802 4028 4041 203.0 4.938240478948098 2.7601066098904337 -23.573854894495184 0.8292181376632212 0.03982891455446032 0.5214144434690257 0.0 60.33697476659283 8.529664 183.96744415988366 29.723726799572 2.9807995200157698 0.21634055208854724 8.03846421247924 265.8018035296874 47.50266995123656 5.673642055489195 11.762374387851361 18.3243266466359 False
1892 7330.046483221732 4030.489931264075 214.87580486632427 52.90116837582366 7327 7333 4028 4033 30.0 1.8503150255078378 1.0857860797730072 45.358576375444216 0.8097235941183945 0.015171198754530088 0.13294164502678535 0.0 2.7577133626942496 3.1483796 5.040290166909847 5.052656670798337 1.4 0.20464832891654317 3.0901936161855166 2.8259268436702447 8.138120337151964 1.6778996489722373 3.0433736341008633 5.671455335762658 False
1893 5969.966041134303 4038.480885145199 214.88788645806665 52.90984974945956 5962 5978 4029 4048 240.0 4.147770005937804 3.545490677155095 -84.60003463689218 0.5189667533005103 0.2688948746478563 1.513316075967443 0.0 190.23083790184862 8.907347 308.75089010269085 21.735569063573553 2.215985587771949 0.24332297907288364 8.740387444736633 352.48498511669436 34.97206002037185 3.885647790919791 7.138739597377328 12.347593276389613 False
1894 7311.636138652129 4032.29078037725 214.87595054873884 52.90129502802183 7309 7314 4029 4035 34.0 1.8178305286067697 1.4002613440466838 -84.66906640885918 0.6376906470994448 0.15246117420715127 0.2913351840103137 0.0 7.913677970850718 3.356368 38.30696849296078 13.901033347959377 3.2756995380943086 0.09761905021433208 3.2897623212397704 21.265381235489244 21.94906969105276 3.2299599468847138 5.7597000928895685 8.38850033342178 False
1895 1846.2556092273635 4034.068037129746 214.92484860127442 52.93600917483811 1842 1850 4030 4039 74.0 2.486167864915536 2.195668844175522 85.6430626341897 0.46908335099308907 0.09217549580729488 0.3404193713386154 0.0 20.143213464360755 5.3667984 48.634357095608706 15.759238642411772 2.502975447458161 0.12400311076581529 4.853342309955121 69.106169995214 25.256973571339923 3.187372819153211 5.451137232027413 8.49337186987896 False
1896 6873.564081702214 4034.305283272264 214.87984732476653 52.90408834771133 6870 6877 4031 4038 49.0 2.032469470184584 1.7412611338322754 -80.14648983691274 0.5157785985825047 0.08452193744187109 0.3703247823482341 0.0 13.495100893828667 4.1906924 36.26107693116546 12.701186107829304 2.6035989433726447 0.15475447693662617 3.949327084834294 62.49631454702944 20.37396376808917 2.7099450393069455 4.8219880784005875 8.757838225232806 False
1897 7996.047487456441 4033.350935903666 214.8698192141645 52.89695339054205 7994 7997 4031 4035 13.0 1.2061581627556268 0.8475562760035555 72.92408156839224 0.7114953286359248 0.3034504165341914 0.5775910815261309 0.0 5.3454511291086435 2.148264 80.58130317927973 10.04265855366048 3.8229692390005905 0.12488877999094174 2.0342144725641096 170.57849129055003 16.072920310902386 3.541422009007078 6.051995984651417 8.347319551625445 False
1898 682.7565922876285 4035.393424870288 214.9352584086389 52.94340181186466 680 685 4032 4039 38.0 1.8749387375453976 1.4580515793734685 82.95752830884784 0.6286938363894528 0.23939373094304162 0.7389453923814819 0.0 20.270046810543505 4.205472 87.15631105451702 14.728970616729997 3.0735690136606624 0.1508366543872481 3.477898169151024 125.90228322346947 23.495996913305085 3.1459210256019854 6.059940583622339 9.966576240532882 False
