outputs/dr0.5_c0.1/nircam2_f277w_dr0.5_c0.1.ecsv
# %ECSV 1.0
# ---
# datatype:
# - {name: label, datatype: int64}
# - {name: xcentroid, datatype: float64}
# - {name: ycentroid, datatype: float64}
# - {name: sky_centroid.ra, unit: deg, datatype: float64}
# - {name: sky_centroid.dec, unit: deg, datatype: float64}
# - {name: bbox_xmin, datatype: int64}
# - {name: bbox_xmax, datatype: int64}
# - {name: bbox_ymin, datatype: int64}
# - {name: bbox_ymax, datatype: int64}
# - {name: area, unit: pix2, datatype: float64}
# - {name: semimajor_sigma, unit: pix, datatype: float64}
# - {name: semiminor_sigma, unit: pix, datatype: float64}
# - {name: orientation, unit: deg, datatype: float64}
# - {name: eccentricity, datatype: float64}
# - {name: min_value, datatype: float64}
# - {name: max_value, datatype: float64}
# - {name: local_background, datatype: float64}
# - {name: segment_flux, datatype: float64}
# - {name: segment_fluxerr, datatype: float32}
# - {name: kron_flux, datatype: float64}
# - {name: kron_fluxerr, datatype: float64}
# - {name: kron_radius, unit: pix, datatype: float64}
# - {name: gini, datatype: float64}
# - {name: equivalent_radius, unit: pix, datatype: float64}
# - {name: kron4_2_flux, datatype: float64}
# - {name: kron4_2_fluxerr, datatype: float64}
# - {name: radius_kron20, unit: pix, datatype: float64}
# - {name: radius_kron50, unit: pix, datatype: float64}
# - {name: radius_kron80, unit: pix, datatype: float64}
# - {name: near_border, datatype: bool}
# meta:
#   PHOTMJSR: 0.4907999932765961
#   PIXAR_SR: 2.11539874851881e-14
#   __serialized_columns__:
#     area:
#       __class__: astropy.units.quantity.Quantity
#       unit: !astropy.units.Unit {unit: pix2}
#       value: !astropy.table.SerializedColumn {name: area}
#     eccentricity:
#       __class__: astropy.units.quantity.Quantity
#       unit: !astropy.units.Unit {unit: ''}
#       value: !astropy.table.SerializedColumn {name: eccentricity}
#     equivalent_radius:
#       __class__: astropy.units.quantity.Quantity
#       unit: !astropy.units.Unit {unit: pix}
#       value: !astropy.table.SerializedColumn {name: equivalent_radius}
#     kron_radius:
#       __class__: astropy.units.quantity.Quantity
#       unit: &id001 !astropy.units.Unit {unit: pix}
#       value: !astropy.table.SerializedColumn {name: kron_radius}
#     orientation:
#       __class__: astropy.units.quantity.Quantity
#       unit: &id002 !astropy.units.Unit {unit: deg}
#       value: !astropy.table.SerializedColumn {name: orientation}
#     radius_kron20:
#       __class__: astropy.units.quantity.Quantity
#       unit: *id001
#       value: !astropy.table.SerializedColumn {name: radius_kron20}
#     radius_kron50:
#       __class__: astropy.units.quantity.Quantity
#       unit: *id001
#       value: !astropy.table.SerializedColumn {name: radius_kron50}
#     radius_kron80:
#       __class__: astropy.units.quantity.Quantity
#       unit: *id001
#       value: !astropy.table.SerializedColumn {name: radius_kron80}
#     semimajor_sigma:
#       __class__: astropy.units.quantity.Quantity
#       unit: !astropy.units.Unit {unit: pix}
#       value: !astropy.table.SerializedColumn {name: semimajor_sigma}
#     semiminor_sigma:
#       __class__: astropy.units.quantity.Quantity
#       unit: !astropy.units.Unit {unit: pix}
#       value: !astropy.table.SerializedColumn {name: semiminor_sigma}
#     sky_centroid:
#       __class__: astropy.coordinates.sky_coordinate.SkyCoord
#       dec: !astropy.table.SerializedColumn
#         __class__: astropy.coordinates.angles.Latitude
#         unit: *id002
#         value: !astropy.table.SerializedColumn {name: sky_centroid.dec}
#       frame: icrs
#       ra: !astropy.table.SerializedColumn
#         __class__: astropy.coordinates.angles.Longitude
#         unit: *id002
#         value: !astropy.table.SerializedColumn {name: sky_centroid.ra}
#         wrap_angle: !astropy.coordinates.Angle
#           unit: *id002
#           value: 360.0
#       representation_type: spherical
#   astropy version: '5.1'
#   make_catalog parameters:
#     ab_zpt: 31.4
#     coadd_bands: !!python/tuple [f277w, f356w]
#     deblend_contrast: 0.001
#     deblend_nlevels: 32
#     deblend_npixels: 1
#     detect_kernel_fwhm: 4.0
#     detect_kernel_npix: 7
#     detect_npixels: 4
#     detect_threshold_nsigma: 3.0
#     flag_isolated_buffer: 4
#     hst_bands: !!python/tuple [f606w, f814w, f125w, f140w, f160w]
#     jwst_bands: !!python/tuple [f115w, f150w, f200w, f277w, f356w, f410m, f444w]
#     near_border_kernelsize: 21
#     reference_band: f200w
#   make_catalog version: 1.4.0
#   photutils version: 1.5.0
# schema: astropy-2.0
label xcentroid ycentroid sky_centroid.ra sky_centroid.dec bbox_xmin bbox_xmax bbox_ymin bbox_ymax area semimajor_sigma semiminor_sigma orientation eccentricity min_value max_value local_background segment_flux segment_fluxerr kron_flux kron_fluxerr kron_radius gini equivalent_radius kron4_2_flux kron4_2_fluxerr radius_kron20 radius_kron50 radius_kron80 near_border
[from data line 4715]
4716 3029.5890794806887 4507.00470151856 214.9092694756421 52.93104956014823 3025 3033 4503 4510 55.0 2.2208489146622186 1.7485494152278815 -10.051197523379505 0.6165269559092038 0.17772219195911443 0.5570279811051297 0.0 18.68521397749475 0.75545704 57.23322498134843 2.5196039374867434 2.861641243240401 0.16477385399077837 4.1841419359420025 72.1406316671664 4.0396029100791 3.024411482264785 6.0471921180488355 10.685406377382112 False
4717 3020.3217932091675 4510.470742758682 214.90931594748446 52.93112710757063 3016 3024 4507 4514 55.0 2.2230774389191996 1.7666492853223021 -29.304435205253533 0.6070202735861453 0.13433565911715303 0.4673300503078804 0.0 15.941039328072373 0.7695873 64.26345384757323 2.8102949488260287 3.1128319324490907 0.1599454647465595 4.1841419359420025 107.3987812183945 4.446829019229785 3.6674725060744477 7.373150975995972 12.446185767803838 False
4718 8706.992733546489 4522.771499027658 214.8583093263225 52.895076642224545 8696 8722 4510 4537 553.0 5.525399766648689 4.645464438871618 -71.8869183322081 0.5414278609335557 0.06672836427054955 4.169862317406966 0.0 496.99956863329146 3.2484744 674.29742567634 6.454943204061289 2.2011255246444983 0.4644082441139227 13.267455184007076 862.4221303870902 9.833196665977372 3.9907545981592514 7.877719632475262 16.49929669601462 False
4719 8718.992195051504 4511.639097412208 214.85831929443708 52.89494037352605 8716 8721 4509 4515 23.0 1.6838303516391957 1.0992256489443064 46.352271981389194 0.7575194555007986 0.2460985690106863 0.4573404219374862 0.0 8.292060217824515 0.6157216 39.62000056663179 2.371436331146653 3.079483438667989 0.08783162413047489 2.7057581899030048 92.12295563526362 3.802358884292515 2.6193559499522086 5.198537758353204 9.265102398757168 False
4720 2738.103152426185 4520.218502254905 214.9117404095431 52.93297156080321 2735 2742 4516 4525 56.0 2.5587727851564033 1.705131618603329 48.31195696382644 0.7456064941192169 0.19092005954644142 0.4907508706179478 0.0 18.23904690472708 0.8036931 133.51235011582077 3.4011301728863104 3.553982516252344 0.11136245346865951 4.222008245644752 231.9473711814128 5.389125758050221 5.613473088288432 11.345751782412421 15.732036683270477 False
4721 2738.143049497123 4535.146080834936 214.91158281255272 52.9330518799963 2731 2748 4524 4548 258.0 5.231128238693165 3.4902401355147163 -83.98426626502857 0.7448732487164181 0.11486956188436805 0.7427405333993441 0.0 91.11675928509631 1.6989356 412.6435655693002 6.443569024540159 3.3258264383911706 0.21441623252297318 9.062226582657155 657.7546698285681 10.327517680320682 8.620955636848446 19.889938067402202 27.854816266169124 False
4722 2756.7238769408923 4570.01362618134 214.91104914400552 52.933122107801545 2728 2789 4536 4600 2515.0 7.086249865270324 5.0767148396676225 39.0863840741124 0.6976716112847094 0.0266325149241816 185.190979212564 0.0 9016.853314053411 6.9244337 8652.21616945152 5.966990576337288 1.4 0.8287039348748048 28.293981051669515 9160.964945216003 7.717369272317589 1.9986326821995781 4.037383067124773 8.414813586561941 False
4723 2559.8284816721757 4531.710431548512 214.91321583406364 52.93416545104451 2557 2562 4529 4535 31.0 1.7151855204377229 1.2225780891711233 -69.81163067535965 0.7013709941787449 0.17087380856940815 0.5817940204400867 0.0 10.313086314347625 0.56241477 35.67309108602532 1.9252528565114564 3.027805939533107 0.1782508880968582 3.141274657157109 48.4255486855766 3.1133637791229445 2.4417600429358566 4.993089467445845 7.720586925397605 False
4724 2560.0922938454546 4545.937961995189 214.9130636042762 52.93424057192467 2555 2565 4536 4553 142.0 3.8349597516076783 2.13698207244547 89.81777523490616 0.8303533885726155 0.07556354915434468 1.4749275876170542 0.0 69.43146090451165 1.2469938 102.98185533602013 2.7620143020447765 2.1309985885330613 0.3295114921850603 6.723094811029982 109.09820726165151 4.396406980076677 2.568156961299609 5.1040161657272805 9.63683146787519 False
4725 1882.1238696082712 4532.757447130445 214.91927450565407 52.938473637911514 1881 1884 4531 4535 15.0 1.3295653393634321 0.8531687626322587 80.67297345005993 0.7669641211879985 0.2391554586897472 0.4795761867028268 0.0 5.899292120583808 0.42795146 26.619908920503626 1.5879501928569442 3.071853177036588 0.0990210723260735 2.1850968611841584 45.17106786811709 2.534341931545604 2.1096000139580533 4.035153681377649 6.409611049398605 False
4726 1882.7718303037095 4545.8883740618085 214.91913038191237 52.93854040805323 1875 1891 4536 4554 235.0 3.5894727830862 3.1060286997025743 60.24558698111994 0.5012264897747213 0.19458390857292665 3.501813494377197 0.0 185.59444400960598 1.8333846 233.14342850044468 3.1824045547988407 1.8980678410618084 0.41434424417590815 8.6488625410045 270.94907962910486 4.9618292975032 2.392691464208671 4.893246143411304 8.789071332038564 False
4727 7976.302194532412 4546.517851956222 214.864591787957 52.89984665717333 7969 7985 4541 4553 151.0 3.871670736633145 2.617671506165145 26.63483763104506 0.7368015971369394 0.08638035419014438 0.8828502421423373 0.0 72.04258783049708 1.5102963 134.85114122445157 4.314977783584094 2.374270486265427 0.22361677561648946 6.93287767191607 147.78808732606137 6.885624768475717 3.6724442252201355 6.712032590744504 12.242187897979479 False
4728 7984.89635337319 4549.255689363706 214.86448611314717 52.89980682826086 7982 7988 4545 4553 44.0 2.2236419590438468 1.3784507218328637 -69.02569894465562 0.7846754659257862 0.1780558855775214 0.6865197045639109 0.0 19.370135902662835 0.81854266 58.20383125459293 2.8791757692399345 2.852880779658029 0.172030630236927 3.742410318509555 75.05630065554692 4.506690413657928 2.6259867922641478 6.022461962833845 9.906310355107447 False
4729 7495.091736723607 4595.424533803863 214.86837961365296 52.90316730132274 7450 7542 4557 4639 5554.0 15.290039579875467 12.426872985233919 -15.375631453986491 0.5826223296998445 0.0967961604516573 27.497692426592 0.0 10063.617322391354 10.218293 10485.600625315434 11.718577023718538 1.4406948747716561 0.5813614891634707 42.0463209789486 11039.820927453165 17.77105523313328 6.456816379177089 14.763841485675496 28.28789309316974 False
4730 7505.877836725141 4632.663091098086 214.86789097502577 52.903299638912806 7501 7513 4628 4637 94.0 3.18989017567528 2.081854182769734 -31.399831638778817 0.7576670032697996 0.1880149089078087 0.7573230646220647 0.0 42.95405531525066 1.1671783 189.18418805605353 4.316051862367485 3.183312488717224 0.17630616870749624 5.4700209598571305 311.96826543626656 6.9037037688638305 5.04513212026924 11.454352116542019 18.36247761747713 False
4731 7869.484419202144 4580.586186177532 214.8651880920508 52.90070896921321 7866 7872 4577 4586 45.0 2.452495831566151 1.2780149679760615 -68.64425281013922 0.8534908025283531 0.19867933564217352 0.7880531754557465 0.0 17.977508178506856 0.8444319 75.09967547555493 3.2278562502262074 3.1806316995727255 0.23459551876154414 3.7846987830302403 97.55212271272357 5.015475314847355 3.4818608674943423 7.8176269620760985 12.052232117200274 False
4732 7856.019309754298 4588.397290641621 214.86522622740566 52.90083663574893 7847 7866 4584 4593 159.0 4.472194223624737 2.2609347135679236 -0.8101086873507243 0.8627950922728252 0.12503020473849868 1.0264739007190875 0.0 75.15696108547368 1.571914 174.22867933316067 4.759669001899256 2.7137885001652418 0.2392231118669979 7.1141599576634995 203.9509794645864 7.623954495417777 4.124041072498399 9.096937766305139 16.575006134634656 False
4733 1837.9954603313345 4606.258644984301 214.91889551160466 52.93915056115439 1828 1849 4592 4621 449.0 5.227554966956192 3.869950203024123 -85.70706527523679 0.6722785026663833 0.1180991037968192 3.8404065189296124 0.0 437.6510244103009 2.6298864 525.5139063828226 4.289584733353096 1.8139919216556386 0.4583051661934616 11.954962939989485 573.2950385652525 6.601486118931457 3.2950465366551764 6.33395712078278 11.228301318467741 False
4734 1842.6805901910143 4619.235577083509 214.91871684540303 52.93919086957839 1835 1849 4610 4627 135.0 3.6907653362054114 2.0931181279350963 -46.14821784456144 0.823633071108068 0.11226932121422822 2.0937985743553127 0.0 85.34080039371487 1.4094484 155.5641133009662 3.5724260189508303 2.43792360391821 0.38544066690907325 6.555290583552474 193.71520879605282 5.439509434710492 2.6049046946439494 6.078672394321539 11.483582414760516 False
4735 4328.433293432907 4606.07259275102 214.8965981643316 52.92333694565382 4315 4341 4593 4620 553.0 5.046159410758091 3.598344771274949 -56.82599179392005 0.7010767427197936 0.0681035324726361 10.422730671501894 0.0 757.853303959233 2.7281916 822.2096482137446 3.540893880355888 1.7022393529609516 0.5977382858633106 13.267455184007076 915.9075741236488 5.426728527558483 2.5094265324732334 4.94884220881839 9.418667419236215 False
4736 4354.0191909732885 4622.278049666945 214.89619846057627 52.92326191852234 4336 4372 4605 4638 794.0 7.575170061737646 4.174328061038572 41.81228089567455 0.8344695595117385 0.03930784048429576 4.867015551381892 0.0 809.0406846166427 3.1160467 903.7638329113952 4.543151422636627 1.7099024054931133 0.5152723979742144 15.89773724873857 1008.3926861864632 7.059746817796854 3.9732315682954744 7.531755468238196 13.302485307319083 False
4737 4247.9541872412565 4604.7540435902765 214.8973324060222 52.923840884356466 4243 4252 4601 4610 69.0 2.523667852129123 1.7028468022377625 -40.15759624439019 0.7380456702201728 0.1334338665906263 0.9173507172276396 0.0 30.089537264662926 0.8835161 85.89890755365587 2.882372692110563 2.947266979095118 0.2522954092745498 4.686510657907603 102.66699825440185 4.5260060100446005 3.0584400368579066 6.72884935763474 11.429748185837118 False
4738 4239.8398763614 4609.3991051000985 214.89735610986932 52.92391747730087 4236 4244 4606 4613 53.0 2.021137571030034 1.9324971755644247 -3.6032326493596543 0.29289923653379835 0.149891972682785 0.5216517746274519 0.0 18.819805735100523 0.764975 66.75039164791437 2.771362178132959 2.9662259406347746 0.11373631461855951 4.1073621666150775 77.19598700915584 4.389744314938946 3.3188168920910686 6.347717631566727 11.189452242335992 False
4739 7019.225036420688 4616.155223951961 214.87241697450338 52.9063018970189 7008 7030 4603 4632 420.0 6.706287324128193 3.528283452966373 -55.7329554488404 0.850412962611084 0.03743096391037771 2.113162986400009 0.0 234.7827535341338 2.3539379 408.7766411475026 5.7611780281325675 2.389860647743408 0.35962216928864493 11.562445770562215 487.81176081121066 9.129946583347422 4.678162829077323 10.636577332847414 20.033492318216418 False
4740 7005.299530528993 4629.558292171412 214.87240035946832 52.90646264923881 6999 7012 4625 4634 72.0 3.34695095975882 1.6884422187759571 -20.127335199933324 0.8634281962927669 0.11937666177293486 0.555783415174503 0.0 25.909799372828438 0.9439726 132.67230758755443 3.8445511415269933 3.280472340806829 0.1496576093262413 4.787307364817192 208.74124374644555 6.13412776061672 5.123161157241559 10.655813367832227 16.0829517701385 False
4741 2524.283317881222 4612.385704487225 214.9126843458753 52.934826583824886 2513 2532 4606 4622 159.0 4.837296226121748 3.4255598045896063 22.673724227834924 0.7060561155269319 0.07267876139235245 0.4093651339882428 0.0 42.760086957505294 1.3075286 359.86925733067363 6.3723975245837545 3.358790575459028 0.12748208754246948 7.1141599576634995 615.0140000457071 10.03502391617484 10.009540455279309 20.039555061397596 30.518438726502858 False
4742 2504.5586910107972 4668.686947123716 214.912267917288 52.93525570829075 2452 2557 4618 4721 8380.0 13.21579393203774 12.145107391452276 -22.715189870734175 0.39429407904270547 0.09741110941522003 179.05328076693465 0.0 23867.652507882794 11.708364 23191.859123203285 10.61298558691636 1.4 0.7637025749758005 51.64723464252627 24947.74984022299 14.691323116793896 3.61680332584856 8.696026986491841 20.476599893392436 False
4743 2460.402821561788 4701.5938440946375 214.91231671356564 52.93571367204282 2455 2466 4697 4709 94.0 3.285239158217371 2.301568632033657 53.75354614462632 0.7135751273267734 0.13033070061414456 0.4230628498621123 0.0 28.355123899334714 0.98239696 298.2322742363281 4.584513104953243 3.7049316138134905 0.11104762182811961 5.4700209598571305 582.0006930764978 7.376545717174639 9.346623475499383 16.652498839666432 22.537666766739083 False
4744 6820.0665448685595 4629.333050773899 214.87405944173543 52.90763802215206 6813 6826 4624 4636 128.0 3.2307339136097646 2.8481999590015254 54.316169304653414 0.4720059943289683 0.15703570421737012 0.7233110000195774 0.0 50.33415688281991 1.2706244 127.51682697258558 3.992562502663768 2.6846857911774396 0.18473589559079043 6.383076486422923 187.48699821999134 6.390902773439553 4.062908595860431 7.904002434758637 13.667565826165543 False
4745 6806.652390705649 4637.0903912809745 214.87409771978594 52.90776507211898 6795 6819 4627 4648 315.0 5.638387602899946 3.4385744143035875 -44.46613839029094 0.7925163528987954 0.09499621224558237 1.2209808054766806 0.0 148.4960767997657 2.0247705 326.1533795352274 5.6921670318262505 2.6584815385262957 0.2766407117776129 10.013371767186818 363.115327845375 9.182769194015584 5.298561136194801 11.558164464076278 21.765770174326896 False
4746 6794.111117430132 4645.400588332549 214.8741223680842 52.90788955989483 6791 6798 4642 4648 34.0 1.8445350651407955 1.3908664987845394 39.30259604578308 0.656820235774999 0.11874177515411638 0.3230152242638366 0.0 8.12958773410071 0.62177885 91.76794450995155 2.929452876501132 3.7036597201365713 0.11548780680120156 3.2897623212397704 144.9415260135388 4.675437088547898 5.07539824069561 8.485204159371985 12.748954906138986 False
4747 9383.50274055249 4654.387225911664 214.85087639643106 52.89148828556895 9355 9403 4632 4668 1033.0 12.170495133736232 7.09434581302073 -11.83067747138426 0.812534221617651 0.1365262481380615 1.273658632712185 0.0 548.9951662911876 4.2662697 2751.7530634963723 17.244662746059024 3.2586691975313857 0.22851919409445062 18.133232266417803 3963.1969191403973 27.567113439517772 18.73723426988392 39.806118098184406 61.27944048238858 False
4748 9431.59493122367 4691.911120836176 214.85005141330956 52.891385059458635 9359 9509 4624 4764 12347.0 17.026577103162104 15.050194599657315 6.107555355962288 0.4676311980628331 0.13183421970003822 530.8733478708643 0.0 42307.005079555005 18.076403 41270.32297631305 16.84231092189481 1.4 0.7525983315930503 62.69108520923261 45351.701357338505 22.61386175335465 2.7357382656066185 7.591726332084681 26.596167273549323 False
4749 9493.662269711454 4664.134366283994 214.849789220811 52.890840927419596 9478 9510 4643 4686 694.0 11.979234339596365 4.76546387926324 67.2242014987237 0.9174676528130361 0.1258824603291679 1.128302119950018 0.0 337.50918549708484 3.45747 2191.0655995103607 14.704300214052001 3.42767555332914 0.17133313376825463 14.86294254216004 2920.3427481666936 23.317563446878385 18.561172096150578 37.4473672920488 56.58450432334166 False
4750 9506.159728609135 4692.5747979940215 214.84937802314374 52.890914875250886 9497 9517 4683 4704 261.0 5.331602745581936 3.929743935077623 36.496699572673 0.6758205999511079 0.1824278641624964 0.7867784764461102 0.0 109.13561561734107 2.070503 974.1228407856642 9.083985001959098 3.621626556028044 0.16061119032307092 9.114761669619748 1753.7253357738266 14.730741913215539 13.864506586387765 25.232406776862973 34.01838487466647 False
4751 9359.355501519058 4691.335213641645 214.8507031107906 52.89184093859101 9341 9370 4677 4707 409.0 6.637395283093887 5.90415822833349 3.228681762570709 0.45687793847301067 0.16483218173879338 0.9399077921873036 0.0 184.81410249728847 2.6092415 1516.8730309909463 12.313924152745908 3.4533478174325207 0.1592659272497901 11.410028196686037 2376.9420164760536 19.82038991767693 16.035627318683474 30.90897536185141 44.99855076528439 False
