outputs/dr0.5_c0.1/nircam1_matched_f277w_f125w_dr0.5_c0.1.ecsv
# %ECSV 1.0
# ---
# datatype:
# - {name: label, datatype: int64}
# - {name: xcentroid, datatype: float64}
# - {name: ycentroid, datatype: float64}
# - {name: sky_centroid.ra, unit: deg, datatype: float64}
# - {name: sky_centroid.dec, unit: deg, datatype: float64}
# - {name: bbox_xmin, datatype: int64}
# - {name: bbox_xmax, datatype: int64}
# - {name: bbox_ymin, datatype: int64}
# - {name: bbox_ymax, datatype: int64}
# - {name: area, unit: pix2, datatype: float64}
# - {name: semimajor_sigma, unit: pix, datatype: float64}
# - {name: semiminor_sigma, unit: pix, datatype: float64}
# - {name: orientation, unit: deg, datatype: float64}
# - {name: eccentricity, datatype: float64}
# - {name: min_value, datatype: float64}
# - {name: max_value, datatype: float64}
# - {name: local_background, datatype: float64}
# - {name: segment_flux, datatype: float64}
# - {name: segment_fluxerr, datatype: float32}
# - {name: kron_flux, datatype: float64}
# - {name: kron_fluxerr, datatype: float64}
# - {name: kron_radius, unit: pix, datatype: float64}
# - {name: gini, datatype: float64}
# - {name: equivalent_radius, unit: pix, datatype: float64}
# - {name: kron4_2_flux, datatype: float64}
# - {name: kron4_2_fluxerr, datatype: float64}
# - {name: kron4_2_mag, datatype: float64}
# meta:
#   PHOTMJSR: 2.962800025939941
#   PIXAR_SR: 2.11539874851881e-14
#   __serialized_columns__:
#     area:
#       __class__: astropy.units.quantity.Quantity
#       unit: !astropy.units.Unit {unit: pix2}
#       value: !astropy.table.SerializedColumn {name: area}
#     eccentricity:
#       __class__: astropy.units.quantity.Quantity
#       unit: !astropy.units.Unit {unit: ''}
#       value: !astropy.table.SerializedColumn {name: eccentricity}
#     equivalent_radius:
#       __class__: astropy.units.quantity.Quantity
#       unit: !astropy.units.Unit {unit: pix}
#       value: !astropy.table.SerializedColumn {name: equivalent_radius}
#     kron_radius:
#       __class__: astropy.units.quantity.Quantity
#       unit: !astropy.units.Unit {unit: pix}
#       value: !astropy.table.SerializedColumn {name: kron_radius}
#     orientation:
#       __class__: astropy.units.quantity.Quantity
#       unit: &id001 !astropy.units.Unit {unit: deg}
#       value: !astropy.table.SerializedColumn {name: orientation}
#     semimajor_sigma:
#       __class__: astropy.units.quantity.Quantity
#       unit: !astropy.units.Unit {unit: pix}
#       value: !astropy.table.SerializedColumn {name: semimajor_sigma}
#     semiminor_sigma:
#       __class__: astropy.units.quantity.Quantity
#       unit: !astropy.units.Unit {unit: pix}
#       value: !astropy.table.SerializedColumn {name: semiminor_sigma}
#     sky_centroid:
#       __class__: astropy.coordinates.sky_coordinate.SkyCoord
#       dec: !astropy.table.SerializedColumn
#         __class__: astropy.coordinates.angles.Latitude
#         unit: *id001
#         value: !astropy.table.SerializedColumn {name: sky_centroid.dec}
#       frame: icrs
#       ra: !astropy.table.SerializedColumn
#         __class__: astropy.coordinates.angles.Longitude
#         unit: *id001
#         value: !astropy.table.SerializedColumn {name: sky_centroid.ra}
#         wrap_angle: !astropy.coordinates.Angle
#           unit: *id001
#           value: 360.0
#       representation_type: spherical
#   astropy version: '5.1'
#   kernelfile: kernel_f277w_f125w.fits
#   make_catalog parameters:
#     ab_zpt: 31.4
#     coadd_bands: !!python/tuple [f277w, f356w]
#     deblend_contrast: 0.001
#     deblend_nlevels: 32
#     deblend_npixels: 1
#     detect_kernel_fwhm: 4.0
#     detect_kernel_npix: 7
#     detect_npixels: 4
#     detect_threshold_nsigma: 3.0
#     flag_isolated_buffer: 4
#     hst_bands: !!python/tuple [f606w, f814w, f125w, f140w, f160w]
#     jwst_bands: !!python/tuple [f115w, f150w, f200w, f277w, f356w, f410m, f444w]
#     near_border_kernelsize: 21
#     reference_band: f200w
#   make_catalog version: 1.4.0
#   photutils version: 1.5.0
# schema: astropy-2.0
label xcentroid ycentroid sky_centroid.ra sky_centroid.dec bbox_xmin bbox_xmax bbox_ymin bbox_ymax area semimajor_sigma semiminor_sigma orientation eccentricity min_value max_value local_background segment_flux segment_fluxerr kron_flux kron_fluxerr kron_radius gini equivalent_radius kron4_2_flux kron4_2_fluxerr kron4_2_mag
[from data line 1051]
1052 1255.918787885921 1418.3580605446957 215.03004641532823 52.99794792620684 1251 1261 1410 1428 151.0 4.477350193269904 2.289406417167689 72.90788758063914 0.8593840578765686 0.22118884161910343 0.6008026320381502 0.0 57.86477204279022 8.925164 131.00665367205823 27.275320443273326 2.593531387648082 0.15197795275070577 6.93287767191607 140.90891270594767 43.569154696178614 26.027653840565957
1053 1915.9076351146282 1426.3424182160704 215.0240324392796 52.99380657927916 1903 1926 1411 1440 515.0 5.759235860016975 4.269953001821169 73.87165790675887 0.6710527114553534 0.21254957697704827 3.525263478075462 0.0 553.8042065664208 17.09705 657.5535166396576 29.124917027637032 1.7473856660514737 0.4057854632510814 12.80349918517013 693.4627382805872 46.61037990425416 24.297442174594572
1054 2409.688582240707 1419.3921944330539 215.01966988104846 52.99063808552049 2395 2421 1412 1427 317.0 6.182890608681309 3.3449167869371133 -1.4467913437951179 0.8410254042644534 0.18006330861261938 0.9717207891668498 0.0 147.10476053293777 13.357484 244.19056192644103 34.19750842834708 2.2408147154495466 0.23182425093440534 10.045109950630787 270.3487350198818 55.30645493609428 25.32018914544255
1055 3472.9917338329733 1412.498981944389 215.01019271477432 52.98385818055359 3472 3474 1412 1413 6.0 0.8104731804478551 0.4999677284496209 0.5019947254710183 0.7870542857371995 0.17828828609546513 0.1908385285800912 0.0 1.109673844546001 2.1022704 11.928205125148509 8.665199137506754 3.778302256667083 0.01662275435191811 1.381976597885342 17.56323908453426 13.619337122993315 28.28848846668762
1056 4253.654572561169 1416.1110280553057 215.00314524022403 52.9789268643783 4249 4259 1412 1420 79.0 2.9146516749551035 1.9358745374314645 33.40152088087685 0.7475662319018755 0.18794822705538153 0.40309299491404493 0.0 23.110349756153195 6.633137 65.5206183181351 22.210202539854606 2.7671181566917658 0.11241697305111215 5.014626706796775 77.2982912943232 35.538979697673014 26.679575265516235
1057 3840.7904158439806 1414.601756009813 215.0068679692218 52.98153707819532 3840 3842 1414 1415 5.0 0.7728786775995091 0.44799766961623433 18.260862437210328 0.8148668978698278 0.19132294810328346 0.19920793308042883 0.0 0.9743007092040661 1.7873213 20.31880217922487 8.189987173067102 4.0601468207855245 0.01046216092582667 1.2615662610100802 47.48796311254307 12.948475523168176 27.208541145214998
1058 6122.273779842465 1417.5096107065874 214.9863590261836 52.967082238332324 6121 6124 1416 1419 14.0 1.0437911805669378 1.013441456976168 81.42584361208904 0.23938969416610695 0.16321500119980298 0.190911196772828 0.0 2.4791014279751717 2.7975287 15.907456197097416 11.827217460037058 3.410465877188119 0.029719754003501467 2.111004122822376 17.98957674970839 18.891669343953044 28.262447636025843
1059 10108.042768541256 1416.9733072614033 214.950621691962 52.941790660027664 10107 10109 1416 1418 7.0 0.919118065971289 0.5336345291156392 -45.02226544410105 0.8141931512215028 0.21828181411522016 0.2579191790978712 0.0 1.691853936467174 1.9839536 15.79863224757899 8.626254749261415 3.666777502755795 0.03918074782257419 1.4927053303604616 23.720329015643053 13.891384816743264 27.96219822833191
1060 7646.395097051431 1424.6310822429068 214.9726113142463 52.95745183206355 7633 7660 1418 1432 292.0 5.820703572793641 3.0502102922909016 -10.160831493202664 0.8517011799994261 0.26522710931200066 1.334566445839522 0.0 186.28864412573384 12.767849 361.3263396711478 35.55036066666353 2.517318012069784 0.2445045758292753 9.640875829802336 481.5644991466013 57.089430431561034 24.693363841714756
1061 7067.542544488195 1422.826173091463 214.97782242071162 52.96111445537036 7064 7071 1419 1427 62.0 2.237084873473379 1.907709883028617 -67.86557853692487 0.522293190488032 0.23005025903839535 0.5217053946182676 0.0 22.079507612982162 5.89405 54.811852221406724 18.42788438464446 2.6728599413077507 0.13632043634077612 4.442433223290478 58.33398164539456 29.656004638313885 26.985195948364012
1062 6299.466841643649 1424.2456636415598 214.9846981884332 52.96599462501874 6296 6303 1420 1429 62.0 2.450940377860686 1.8082682344651169 -64.32339776776104 0.6750352425449677 0.18906201726570776 0.35949313054623927 0.0 16.684362688119922 6.0140076 49.65545764521131 21.044923387311776 2.8168390586213206 0.10240003821063268 4.442433223290478 63.54700939292964 33.12041803292516 26.892262207767434
1063 1067.1213822169593 1422.2846738089108 215.03170156748854 52.99916613779078 1066 1068 1421 1423 7.0 0.8963320536336518 0.6109353916206199 -30.430649299926344 0.7317296897247895 0.15718506935681018 0.17412964624148342 0.0 1.1773423311730127 2.0004282 16.378145299535756 9.334292774552509 3.753003065194235 0.020719755841952656 1.4927053303604616 25.019873510712806 14.694054535464785 27.90428722558914
1064 6467.036581359598 1427.0888400784477 214.98316477513472 52.964946998669554 6453 6480 1421 1434 258.0 5.3079667520771325 2.694927336432436 -20.32789235150775 0.8615258664062511 0.1995067794063548 1.8489734817157413 0.0 182.9648033162223 12.209337 270.76419568220695 27.069314124965683 2.1038352237693174 0.3256828419833177 9.062226582657155 305.4509203810352 43.41612265427892 25.18764640479774
1065 6921.626110891825 1424.1519870261486 214.97911741335062 52.96204731120621 6917 6927 1421 1428 62.0 2.5579760710614234 1.8216082636567204 10.973179584470046 0.7020489048356308 0.1967777247742939 0.2990753401369353 0.0 15.287978323968794 5.9295297 85.85836262764172 24.1536959333043 3.2823312206490503 0.06514841789716003 4.442433223290478 119.6073579390082 38.05503895482219 26.205605257097748
1066 670.7012360177131 1428.309408434386 215.03520060031235 53.00171194858603 660 681 1422 1435 165.0 5.698106440290582 2.0455335701341206 -27.95000836507843 0.9333434079901965 0.17691771936219827 0.38658180273855414 0.0 43.32377658569212 9.629129 102.15602334636884 28.90377878253664 2.56015124047039 0.11838765227120676 7.247146419131151 107.57951241402515 46.16211873333051 26.320676071040296
1067 2345.2827703389844 1427.27765797433 215.02016535440936 52.9910891098139 2342 2349 1423 1431 53.0 2.1386578412647466 1.7607575472874435 -52.63120119857487 0.5676061038963374 0.1614124906885042 0.31441631578619383 0.0 12.257478531335902 5.3958755 45.75854046565757 19.739010572100522 3.0367206343395994 0.10936948239477665 4.1073621666150775 86.29151445339116 31.79945310515049 26.56007977222
1068 4436.562375347705 1425.7436001731742 215.0014017149741 52.977818899715814 4436 4437 1424 1427 7.0 1.0262273091890584 0.47870560225208175 -81.75383630931492 0.8845363262310934 0.1571884904893983 0.1764147416718368 0.0 1.192753766812363 2.0289671 15.643752531575064 9.060230498659184 3.843583101458274 0.021072324747811358 1.4927053303604616 27.33966553280465 14.45400440859176 27.808017006986862
1069 1835.1076582181272 1430.2506092457027 215.02471717907665 52.99434002490316 1831 1839 1426 1434 64.0 2.1020219863957808 2.041902940772155 -41.76676515469026 0.23745139427340847 0.3888735751505486 1.0195808650554075 0.0 41.476488471034024 6.352094 80.27524012483397 16.070366547211187 2.325415601923952 0.15858287457518058 4.51351666838205 90.57405989701135 25.653416176142958 26.507490412448558
1070 3639.0072078469566 1427.017811028968 215.008549024235 52.98288386160514 3638 3640 1426 1428 9.0 0.8116302232440568 0.8072981374513781 51.963697984004014 0.10318204456168617 0.13467701357327513 0.15372946403074966 0.0 1.2950339500372234 2.2397609 10.395656947229568 9.425892424700061 3.486902227441035 0.02649460375303602 1.692568750643269 14.388632457337133 15.250556714336021 28.504951202172943
1071 6336.56664071253 1430.4180483335401 214.98430030556298 52.965792636849024 6333 6340 1428 1433 36.0 1.8246761081228384 1.460495000022749 1.7675332266784147 0.5994485559358069 0.156905887080606 0.255478600351983 0.0 7.609203476949162 4.705474 31.026427347242056 17.629417489384718 3.1104976759140075 0.07316210210001758 3.385137501286538 33.85068284321816 28.062533093680415 27.57608141552312
1072 934.211661665031 1430.4075994248847 215.03281036673852 53.000052702197976 933 935 1430 1431 5.0 0.764182939028691 0.4502174626306257 18.59424631147342 0.80802456010289 0.16327151651700106 0.17787642946275833 0.0 0.8630754473339077 2.0272515 9.60496351455258 8.406729427159267 3.8584256370445287 0.01920281034323956 1.2615662610100802 12.709440389479042 13.45265397120765 28.639683928711705
1073 3028.855948938529 1437.8555123718625 215.01391414310007 52.9868117268002 3023 3033 1431 1444 107.0 3.441031377845814 2.3139731039121267 -65.24791607809712 0.7401289400151013 0.22464049732914268 0.3884586360018738 0.0 33.119407311457735 7.8078823 111.74271046284565 27.74717423790045 2.9041853916286935 0.07919555314818948 5.836022431559495 144.38414443447567 44.161101488964576 26.001201240646793
1074 6641.851760941301 1437.015763883994 214.98149182532237 52.96389166779881 6635 6651 1431 1443 152.0 3.5426039765351685 2.8056508685063783 6.082402748305435 0.6105545864831456 0.20440022663314153 0.8183620575681074 0.0 70.7281772992998 7.8221016 131.83110843952903 20.98567249344677 2.3361281599043977 0.19971717148264412 6.955796338302048 158.9754406022806 34.68964973851231 25.896674906726197
1075 9722.99934674291 1431.4975333269124 214.95391985386044 52.94431258233814 9722 9724 1431 1432 6.0 0.8139731246772515 0.49999274371129615 0.09656035662307484 0.7891021601805595 0.24239681720309947 0.24949264620783954 0.0 1.4732594421706162 1.8214644 24.758980216619648 8.333667990356837 3.925269568025654 0.006941035389245582 1.381976597885342 53.622738584542006 13.371764748428701 27.076627524475562
1076 8603.137597714536 1439.9352328478144 214.96387043473106 52.95146421002422 8599 8606 1432 1449 100.0 4.551275882596958 1.6598062615555575 81.5964044519576 0.9311288685964518 0.20987810106717655 0.3625764195376935 0.0 29.221356807079328 7.4554796 92.12590491489942 25.99633106559074 2.8221796485014297 0.07331133732178381 5.641895835477563 106.13394001874661 41.80198603671853 26.335364282805596
1077 9417.737892053792 1439.1640177821082 214.9565754277168 52.946291104004494 9412 9423 1433 1445 126.0 3.1211652961206053 2.6472996354833502 -60.32637023563064 0.5297134228290292 0.2610834240704063 0.8082431309175416 0.0 60.55682482779042 8.6613245 114.6056238383382 23.81501269387815 2.371870045608855 0.17872170737192228 6.333012368467128 130.78011082277723 39.397800810766356 26.108645747382283
1078 8654.763007651665 1436.3783971730834 214.96344500484363 52.951117426594486 8654 8656 1435 1438 8.0 1.021885243256754 0.6002034784558148 70.47300010284945 0.8093336266156668 0.21485705763882795 0.23521706294573566 0.0 1.7979551543772834 2.115686 22.666988704039035 10.02873548598578 3.8493740877190636 0.019733621150839507 1.5957691216057308 35.21788368864797 16.09963488639294 27.533091862968767
1079 10295.061682273104 1441.533521226197 214.94868695856607 52.94073645376002 10285 10303 1435 1448 188.0 4.391308155999778 2.7167535480951757 -21.60826400466478 0.7856540209013917 0.2747455393181405 1.3056409516146905 0.0 131.49358760929695 10.58714 235.40289052643084 27.25532799390999 2.32351531072398 0.22530290798109265 7.735777827895049 278.27156851414156 43.79206486065487 25.28882791003795
1080 958.2554933935944 1441.8693930694074 215.03247355132342 52.99996225540976 955 962 1439 1445 45.0 1.8135368466520345 1.7706387738324307 -5.805503357676472 0.21621566112410315 0.18771725743139603 0.37250059611709235 0.0 12.247255057035195 5.3802595 29.033226754073453 16.218088272665334 2.501888970680706 0.1109893471704741 3.7846987830302403 25.373641878173867 26.102584333055493 27.889042985071182
1081 4420.0967516468945 1445.6586330158748 215.00133976291872 52.97803097890309 4403 4436 1439 1452 294.0 6.210856301895866 2.980731182014141 -3.0335536406935972 0.8773107558988846 0.18597490013477974 0.997793438253622 0.0 134.5442154999276 13.252121 249.04898701264597 34.38400869211418 2.3503390393510477 0.2630544360380106 9.673836185197393 254.52027255524848 54.68357626995599 25.385694050918847
1082 6239.196107710684 1448.5286494378445 214.98498320765844 52.96650817820333 6233 6245 1442 1455 133.0 3.757224953228445 2.5269712035914793 46.81729929810799 0.7400396977215397 0.1963574510116405 0.4054752570746883 0.0 39.497436902566996 8.795663 105.8977505673781 29.270651337537526 2.7050884697607307 0.10863441194651921 6.506551687525748 125.81465727437413 46.28851680890635 26.150671902740093
1083 7902.295715529684 1446.9779313246272 214.97008090750796 52.955948999925766 7899 7906 1444 1450 51.0 2.054492769375584 1.7727465467807138 -23.26573695215108 0.5054372476385816 0.22609757418699503 0.4480208544829368 0.0 16.945336872551255 6.1214576 43.36989964053339 17.36583210610321 2.629828372631562 0.1070864877609349 4.029119531035698 47.51040177873769 27.37179150834642 27.208028242224405
1084 4076.5174508485625 1445.97730994961 215.004420989252 52.980211727021256 4075 4078 1445 1447 12.0 1.1003050744455685 0.8099221853926142 0.1075826001933905 0.6768850375776672 0.1794975695777192 0.21720800717575794 0.0 2.4105592547348516 2.8215864 19.497123230497643 12.222535894204388 3.526515964232927 0.03388565550503569 1.9544100476116797 26.41791352239859 19.420630669566215 27.845253714484606
1085 2365.5744501805707 1454.2416856804805 215.01969903745803 52.991106240930506 2352 2377 1448 1460 232.0 6.263143572836266 2.4973972709093673 -14.368654757352198 0.9170618375564894 0.19666543858382574 0.6448432869762641 0.0 95.65337812871883 11.846018 195.6498046612513 33.448701360958296 2.514351977495893 0.17225373105569444 8.593479713983122 279.59559867226784 53.646482313396625 25.2836741735837
1086 3066.7461593187036 1457.2460366074724 215.01336959693776 52.98667628892573 3059 3075 1450 1465 195.0 3.5320936373213776 3.144319024178342 -32.31156244854637 0.45554267141432253 0.26777320999022153 1.79528789516203 0.0 151.36171590718072 10.621577 224.74398571252988 24.5422517449809 2.1909355134311235 0.28990527698676105 7.878478774854901 270.9619924272149 39.51504187324875 25.317729057285856
1087 8776.94230140021 1453.6470877675763 214.9621676736334 52.95043546446395 8775 8779 1452 1456 19.0 1.392237592889108 1.024726847962882 -35.5455350733637 0.6769503151013189 0.17159128379354868 0.22319512437979458 0.0 3.7284072037287705 3.242753 20.265406725171424 13.49973788410399 3.329981577877549 0.047779008961023606 2.4592453796829674 23.52205019707688 21.64406257673802 27.97131206889698
1088 2289.603248177147 1459.8039212540543 215.02032288068725 52.99161803702373 2283 2296 1453 1466 157.0 3.2065752506089447 2.845699636549725 -39.215499203946486 0.460889330268799 0.2936081809629886 1.7854423194223072 0.0 125.05323696915923 9.434467 206.52642945046262 23.577399579599774 2.33550576327942 0.27387129568135127 7.069275219628611 290.3930983150253 37.80979680201841 25.242534273987353
1089 9948.888151485115 1456.947765675767 214.9516271691543 52.94301656841218 9944 9953 1453 1461 64.0 2.3291985085535365 1.9655202239804375 -27.28449803576914 0.5365615462151436 0.16043991184027204 0.30616748481741574 0.0 14.40205448699539 6.8613443 33.50597973060982 20.353325077965092 2.4929874017584503 0.10909357807325895 4.51351666838205 34.60822742320684 32.771618423732306 27.552051609972867
1090 2647.475666189333 1476.6929237009458 215.01693039601756 52.98944010994239 2634 2661 1456 1494 782.0 6.624127959152536 4.574633197994078 66.78449164064624 0.7232354148946131 0.21650090764011728 6.894713247557529 0.0 1071.7750961000615 22.603838 1165.5491677531163 31.400843475365804 1.6045817737649068 0.518659553111189 15.777145844408118 1242.6730029463802 50.53367554585285 23.664107841507317
