outputs/dr0.5_c0.1/nircam3_matched_f606w_f277w_dr0.5_c0.1.ecsv
# %ECSV 1.0
# ---
# datatype:
# - {name: label, datatype: int64}
# - {name: xcentroid, datatype: float64}
# - {name: ycentroid, datatype: float64}
# - {name: sky_centroid.ra, unit: deg, datatype: float64}
# - {name: sky_centroid.dec, unit: deg, datatype: float64}
# - {name: bbox_xmin, datatype: int64}
# - {name: bbox_xmax, datatype: int64}
# - {name: bbox_ymin, datatype: int64}
# - {name: bbox_ymax, datatype: int64}
# - {name: area, unit: pix2, datatype: float64}
# - {name: semimajor_sigma, unit: pix, datatype: float64}
# - {name: semiminor_sigma, unit: pix, datatype: float64}
# - {name: orientation, unit: deg, datatype: float64}
# - {name: eccentricity, datatype: float64}
# - {name: min_value, datatype: float64}
# - {name: max_value, datatype: float64}
# - {name: local_background, datatype: float64}
# - {name: segment_flux, datatype: float64}
# - {name: segment_fluxerr, datatype: float32}
# - {name: kron_flux, datatype: float64}
# - {name: kron_fluxerr, datatype: float64}
# - {name: kron_radius, unit: pix, datatype: float64}
# - {name: gini, datatype: float64}
# - {name: equivalent_radius, unit: pix, datatype: float64}
# - {name: kron4_2_flux, datatype: float64}
# - {name: kron4_2_fluxerr, datatype: float64}
# - {name: kron4_2_mag, datatype: float64}
# meta:
#   PHOTMJSR: 0.3925000131130219
#   PIXAR_SR: 2.11539874851881e-14
#   __serialized_columns__:
#     area:
#       __class__: astropy.units.quantity.Quantity
#       unit: !astropy.units.Unit {unit: pix2}
#       value: !astropy.table.SerializedColumn {name: area}
#     eccentricity:
#       __class__: astropy.units.quantity.Quantity
#       unit: !astropy.units.Unit {unit: ''}
#       value: !astropy.table.SerializedColumn {name: eccentricity}
#     equivalent_radius:
#       __class__: astropy.units.quantity.Quantity
#       unit: !astropy.units.Unit {unit: pix}
#       value: !astropy.table.SerializedColumn {name: equivalent_radius}
#     kron_radius:
#       __class__: astropy.units.quantity.Quantity
#       unit: !astropy.units.Unit {unit: pix}
#       value: !astropy.table.SerializedColumn {name: kron_radius}
#     orientation:
#       __class__: astropy.units.quantity.Quantity
#       unit: &id001 !astropy.units.Unit {unit: deg}
#       value: !astropy.table.SerializedColumn {name: orientation}
#     semimajor_sigma:
#       __class__: astropy.units.quantity.Quantity
#       unit: !astropy.units.Unit {unit: pix}
#       value: !astropy.table.SerializedColumn {name: semimajor_sigma}
#     semiminor_sigma:
#       __class__: astropy.units.quantity.Quantity
#       unit: !astropy.units.Unit {unit: pix}
#       value: !astropy.table.SerializedColumn {name: semiminor_sigma}
#     sky_centroid:
#       __class__: astropy.coordinates.sky_coordinate.SkyCoord
#       dec: !astropy.table.SerializedColumn
#         __class__: astropy.coordinates.angles.Latitude
#         unit: *id001
#         value: !astropy.table.SerializedColumn {name: sky_centroid.dec}
#       frame: icrs
#       ra: !astropy.table.SerializedColumn
#         __class__: astropy.coordinates.angles.Longitude
#         unit: *id001
#         value: !astropy.table.SerializedColumn {name: sky_centroid.ra}
#         wrap_angle: !astropy.coordinates.Angle
#           unit: *id001
#           value: 360.0
#       representation_type: spherical
#   astropy version: '5.1'
#   kernelfile: kernel_f606w_f277w.fits
#   make_catalog parameters:
#     ab_zpt: 31.4
#     coadd_bands: !!python/tuple [f277w, f356w]
#     deblend_contrast: 0.001
#     deblend_nlevels: 32
#     deblend_npixels: 1
#     detect_kernel_fwhm: 4.0
#     detect_kernel_npix: 7
#     detect_npixels: 4
#     detect_threshold_nsigma: 3.0
#     flag_isolated_buffer: 4
#     hst_bands: !!python/tuple [f606w, f814w, f125w, f140w, f160w]
#     jwst_bands: !!python/tuple [f115w, f150w, f200w, f277w, f356w, f410m, f444w]
#     near_border_kernelsize: 21
#     reference_band: f200w
#   make_catalog version: 1.4.0
#   photutils version: 1.5.0
# schema: astropy-2.0
label xcentroid ycentroid sky_centroid.ra sky_centroid.dec bbox_xmin bbox_xmax bbox_ymin bbox_ymax area semimajor_sigma semiminor_sigma orientation eccentricity min_value max_value local_background segment_flux segment_fluxerr kron_flux kron_fluxerr kron_radius gini equivalent_radius kron4_2_flux kron4_2_fluxerr kron4_2_mag
[from data line 4513]
4514 8300.341445209431 2854.6164944266725 214.77112730057667 52.83388430519652 8297 8303 2850 2860 60.0 2.525438461550459 1.5255687842537202 -68.99179062075258 0.7969231053521565 -0.11316764187639641 0.3548171429177567 0.0 8.555274942621892 2.144858 80.82752320181973 9.156499833814697 3.764360611910928 0.3493171637614573 4.370193722368317 153.8853269188733 14.391186879322918 25.932006971245936
4515 8276.37387966576 2878.7263750885713 214.77108714268348 52.8341665647684 8253 8306 2856 2905 1628.0 11.31745299986717 8.920459320667915 33.831150906870235 0.6154143231895722 -0.1631435183356336 1.1817005756862893 0.0 626.4076190826536 11.382078 1711.5752819400093 37.435213714129006 2.972854499298233 0.3409427313529817 22.764193258431348 1921.4525658143161 59.578852197584034 23.190925830834587
4516 8278.036822607894 2908.9093647328964 214.77075458210686 52.83431852846373 8273 8285 2905 2914 83.0 3.4477776539694567 1.8174141591604793 22.539364013535366 0.8497869734082766 -0.017738980611088504 0.5445721794252821 0.0 20.08259418828995 2.5454292 192.80395875717272 11.257689182407143 3.599358506832601 0.3205414885456974 5.140011726956917 420.65520146455924 18.032453287132125 24.84018434149716
4517 6001.036320488481 2856.001616171891 214.7916154498629 52.84851267428123 5996 6005 2850 2862 70.0 3.3113333572906183 1.572852326554397 51.8675594180623 0.8799908515548313 -0.06270917890739694 0.32156073166459176 0.0 10.620484684235995 2.3622966 24.787753237784493 7.276504472206226 2.537502415714906 0.36898090904192593 4.720348719413148 35.06511239762469 11.673452497847535 27.537811911691268
4518 5994.378227992252 2864.8512724870566 214.79158167100255 52.84860267965424 5987 6004 2853 2878 315.0 6.367251231982772 3.670107000398875 -82.16768337838921 0.8171651027435766 -0.10003367452113018 0.5491357213737951 0.0 57.43753279587777 5.000545 96.42816865356998 10.940606421229388 1.8056021769170534 0.3627588922365555 10.013371767186818 88.73610307010028 17.557245444215503 26.529749119134113
4519 8569.16824081835 2860.5067562211684 214.7686690879283 52.83220636753897 8565 8572 2856 2867 53.0 3.348632193503054 1.5534792885330315 -58.32296315205759 0.8858799382434221 -0.047442764308392046 0.3598713617578691 0.0 5.660444137303616 2.3026388 19.98642866537787 7.7994473581622525 2.440653638528987 0.4139928956472163 4.1073621666150775 25.77807023076372 12.342890679623421 27.87187399359113
4520 8556.869647419408 2869.0772706951084 214.76868848783283 52.832330735641115 8550 8564 2862 2873 113.0 4.053953437676657 2.805825540465196 -30.453026173555315 0.7217816727912363 -0.21844045860804906 0.4285202196398336 0.0 6.758270961907553 3.306029 44.28283504258947 15.019336528294637 3.2344695122739067 0.5082918811425143 5.997417539138688 92.4848742972064 23.658191156949552 26.484823223460594
4521 8566.704846792987 2867.457892265388 214.76861787132682 52.83225946559504 8565 8568 2866 2868 9.0 1.035619495920527 0.5666559334494871 8.730111979750433 0.8370240159252752 0.04639432514578013 0.16748158410751618 0.0 1.0288996658499556 0.9501915 7.1424606764487315 3.4434525136898237 3.2431769372934354 0.22083246925169583 1.692568750643269 13.083252044340067 5.496870063679668 28.608210729982133
4522 8321.225212818283 2861.703661537556 214.7708665388434 52.83378965785774 8319 8323 2860 2864 17.0 1.3190320305572643 0.9645522075731471 -46.072849266319444 0.6821013932738507 -0.04270731419917357 0.1896070074152812 0.0 1.8606029297829216 1.1886829 35.34718445895041 5.670725673223561 4.035865136290314 0.30479060138561426 2.326213245840639 95.60508604525081 9.096931904608324 26.44879750825764
4523 8326.122204294194 2866.534210482475 214.77077203690845 52.83378452791355 8323 8327 2863 2867 18.0 0.6786500466444533 0.4408715427871592 26.892508255291443 0.7602503842759774 -0.16849771624848955 0.16724940023590998 0.0 -0.47196212310997865 1.2659446 0.8151981024202017 1.338231628457564 1.9176102435273972 -0.28993405210871936 2.393653682408596 1.5493739708629155 2.119320776088075 30.924609360896063
4524 9841.935043620797 2896.3718402658023 214.7569492268371 52.824304393717284 9835 9847 2892 2903 98.0 2.9648238437626078 2.1283032161373665 -36.42536241906426 0.6961962634118813 -0.00040258657276636973 0.649199087752422 0.0 25.210939493972308 2.800363 45.90874474088205 7.139529214414567 2.2515452737292954 0.3155617528783171 5.585191925620057 55.41121224442736 11.499356668201562 27.04100587142813
4525 9834.953237940079 2903.6397517310834 214.75693492929196 52.82438793233079 9832 9839 2900 2907 37.0 1.8643467542599756 1.2631180135688207 -56.89307975635598 0.735511366261011 -0.09293667509090034 0.31419827655676236 0.0 3.900571321730233 1.7487222 4.4017288564766535 3.031014008592936 1.5716808398390136 0.3717854627468918 3.431831258788849 5.41043485910193 4.8871334477080985 29.566919568602078
4526 8459.430025260091 2913.8570104969276 214.76908560993215 52.83319156624119 8459 8460 2913 2914 3.0 0.5345951071707844 0.2861033244256551 -26.530278323805497 0.8447395696107164 0.01642336253664243 0.0654656571922942 0.0 0.11485712016440422 0.5127583 1.0169029735166701 1.8164615073827506 3.715295117330181 0.4269852368355884 0.9772050238058398 2.0154125800855156 2.8869681697477194 30.63909008731473
4527 8459.0 2915.0 214.76907741070227 52.833200456061185 8459 8459 2915 2916 2.0 0.28867513459481287 0.28867513459481287 0.0 0.0 -0.057001878892560046 0.050253994794700586 0.0 -0.006747884097859459 0.4114284 -0.004395098208371597 0.5135739143707382 1.4 -1.0 0.7978845608028654 -0.1835062002645981 0.8088849681035761 nan
4528 2307.048867056002 2933.8101085170724 214.82376408573342 52.87241411486913 2291 2324 2917 2951 669.0 8.394958533058222 4.376579535467268 49.318831699543715 0.8533525556707616 -0.21535784286510012 1.0972189957643417 0.0 148.0989470825611 7.7609844 163.8123514482043 12.806441629444159 1.5833194750815773 0.46983612002259206 14.592782937361742 169.37975526900055 20.368812935341857 25.827846247415465
4529 2325.8934370396687 2949.667847003843 214.82342883478424 52.87237981482765 2321 2330 2945 2953 65.0 2.2854802431727754 1.9648973948723456 12.546166459081926 0.5107477113138337 0.01238876861377571 0.37057954357242456 0.0 11.634333441222324 2.3443043 45.358656732564924 8.16229727017729 2.9527692424590084 0.30518308545025447 4.54864184146723 61.5558588352037 13.16077249048931 26.926826512448812
4530 9296.049503770586 2924.015224229097 214.76152239919273 52.827925330506694 9292 9298 2918 2927 42.0 1.7144850699569794 1.2651830780153996 88.85137191443037 0.6748688979499031 -0.062443431624756685 0.33311096981113136 0.0 4.22624355305073 1.9172046 28.695049410837246 6.704782526720048 3.630436251849783 0.5340408882923231 3.656366395715726 40.483429126020376 10.731615212025792 27.381806769852858
4531 9289.45767620371 2933.729412774092 214.76147888284405 52.828019560769256 9285 9295 2924 2940 118.0 3.2904913407043144 1.7931543631093492 -67.8907494489916 0.8384683242877623 -0.059680702382679175 1.1616957168781894 0.0 30.475573948681987 3.1455047 37.39507318714034 6.159501896076669 2.0087059955184285 0.48606590226281565 6.128667601500942 55.400423100620614 9.78460986042462 27.041217296231128
4532 8910.523370066136 2935.2744479808234 214.76483960553358 52.830437978377475 8902 8919 2927 2945 235.0 4.4876971127980845 3.5692806840443128 54.93821322176918 0.6061531520095722 -0.11756727510613516 0.5018689324395029 0.0 48.640179081733336 4.768821 90.4447071345495 12.940824000591645 2.3388004098640014 0.370701651043246 8.6488625410045 117.53469826330667 20.643392598064775 26.224584758167552
4533 8916.383466402289 2958.2660349369867 214.76454534886045 52.83052450772305 8906 8926 2946 2969 320.0 5.131955035408742 3.153256276278472 60.11227946131596 0.7889669172352061 -0.24418621845839247 1.12499984365306 0.0 82.8689428202801 5.5862007 167.71647417527385 15.342122045312223 2.7471060153169518 0.46085317091497446 10.092530088080641 179.1983704910205 24.467967217510697 25.766664859591756
4534 8929.670444654132 2958.4517439740307 214.76442497701956 52.83044100114707 8926 8933 2954 2963 66.0 2.4400786342331333 1.9105740705222014 -85.98285135392365 0.6220255729573076 -0.12272887940123296 0.45132761850641845 0.0 15.488111059368041 2.6922526 32.79519967681947 7.229759033606209 2.4085725621223353 0.2293848650891001 4.583497844237541 45.62506049629105 11.536192840291559 27.251991366711934
4535 7134.9447292677905 2945.7979815492026 214.78055741324894 52.84178642063574 7124 7151 2933 2956 364.0 6.88665780584733 3.6557558101880026 -47.44743155164919 0.8474682063518736 -0.07913408139603904 1.1241302874010812 0.0 97.54814453174933 5.8721247 274.71745507072757 18.017503885501643 2.720855105836873 0.34202612552826595 10.764051215546116 405.4530546921346 28.769576879519153 24.880148558122983
4536 7099.375328151353 2964.50402312162 214.78067765299966 52.84211335323847 7078 7116 2952 2975 596.0 6.948524237893026 3.6641922041346664 20.65297524470195 0.849658158000064 -0.1579522043631926 2.182258670076002 0.0 193.75141805583593 7.5381484 288.58758215896574 15.779537059378761 2.2627358433671128 0.5502956356632943 13.773623058786647 319.9734664886128 25.215736942576157 25.137215084163905
4537 7143.9472418387395 2971.0199153547856 214.78021160988698 52.8418650189932 7111 7174 2945 2997 2124.0 12.546335315264523 10.429442686032601 -6.32088755722571 0.5558628351036355 -0.1715007222966357 2.786942728081893 0.0 727.8348946267979 14.373013 1127.7394078905259 33.94098626082738 2.1872789044649092 0.4242387081293162 26.001734523957655 1351.041973854956 53.156178984795524 23.57332789552334
4538 7125.449608410993 2981.4698144634904 214.7802665378499 52.84203892670846 7116 7132 2974 2991 191.0 4.335517919740883 2.4748401193110667 34.63391752533463 0.8210688475672515 -0.06520697798136582 1.273577922949484 0.0 73.14876265171854 4.219265 95.94385840880858 7.554278302782611 2.011985352457305 0.4376198938558039 7.797255174810172 120.7337255889768 12.90970775739067 26.195428494365416
4539 6787.801146960296 2955.8189925113525 214.78354752490827 52.844047807038784 6772 6802 2940 2975 684.0 5.72165494908369 3.719907588372816 -82.20777127335627 0.7598098261072732 -0.21946043224571776 7.168589192509175 0.0 417.8112939981938 7.532697 433.39016870721116 8.231899868338699 1.4 0.6669150010982734 14.755472278097805 457.70319363882714 13.250233977625582 24.74854014314586
4540 6768.868118610516 2963.1310995715335 214.78363938605813 52.84420758079903 6751 6788 2945 2983 957.0 7.339917889252789 6.34895188252508 -65.41723572571017 0.501789966223401 -0.2883362644379026 2.651659923934018 0.0 149.0705698601269 8.948917 208.45318153981495 14.419005346458151 1.6420319353747486 0.6183254058712332 17.453439806464733 197.01544029083007 23.070875842227856 25.66374934106383
4541 6340.349717290452 2997.737996370418 214.78709675455354 52.84711873846155 6309 6371 2955 3048 3627.0 18.399976020747197 11.602273586257233 -83.76499623813271 0.7761411821286077 -0.28493591520427797 1.0472799935326695 0.0 896.506102710287 19.102226 997.8156693093401 34.69060328245616 1.6890517975230004 0.4024600778613542 33.97808054008656 1069.3437679662416 55.086705041035664 23.827206643127205
4542 6351.332628289963 3026.984751811238 214.78669088331944 52.847206443385005 6340 6363 3019 3044 371.0 5.838469241802799 3.3796313519733934 -56.031128899163555 0.8154299776322308 -0.26189460653776325 1.051263531309794 0.0 67.27123815690182 6.1204743 91.91986697177933 12.126530126959965 2.127592103216413 0.5353696942036301 10.86705883733894 125.61203050543452 20.58935961441781 26.152421910017864
4543 2480.2477305921766 2985.569545184659 214.82167252469924 52.87159227689378 2471 2489 2964 3002 483.0 8.24032528903587 4.0851839915642625 86.4739897656101 0.8684623170477396 -0.11700429545857392 0.7053181983557654 0.0 97.97100497220836 6.289798 298.1272484674398 21.49182423473733 2.9339372300095428 0.34568531707372246 12.399341717477219 363.61140172211844 34.56732053458417 24.99840626778246
4544 2481.7304147317336 3005.482792876281 214.82144960288193 52.871690177797 2474 2490 2994 3014 215.0 4.585965893731438 2.8632925084487306 -71.66535181869465 0.7811369312936225 -0.16614362328078353 0.869721333381916 0.0 67.1472605120635 4.1063924 134.92608090711428 11.107718000087976 2.464435683335279 0.3738911983051147 8.272643200907131 235.36907057272794 17.736146273082547 25.470626519004643
4545 8346.84136496032 2980.1670043557097 214.7693911291392 52.83426467976401 8337 8360 2971 2990 308.0 5.72002378846326 3.4368315755720813 -47.1273390469473 0.7993676701188126 -0.190662767522078 0.6052346677354009 0.0 69.24325451422324 4.9555283 86.8533050454877 8.17124455256005 1.4751690863407172 0.34442539360950175 9.901487006738307 84.87054691970826 13.099695195116542 26.578107497873848
4546 8362.913004242924 2975.826359490598 214.76929356583335 52.83413909399999 8359 8366 2973 2978 34.0 2.156858457781062 0.744372157104942 -22.315247101992732 0.938559051145963 -0.07690300454644994 0.10209940263868536 0.0 1.0488764473452554 1.635194 7.515339675440853 5.728968603838871 3.6338706502401106 0.3862841861013076 3.2897623212397704 -2.857934858659947 9.19338666000471 nan
4547 1543.9177711039401 3028.3757530835614 214.8295834702747 52.87777386238372 1493 1601 2986 3068 6028.0 17.933506013344854 11.816193545772826 33.47466411931972 0.7522399973680711 -0.2734656160116856 2.84775641809195 0.0 947.180648901978 20.803064 960.2767204662741 25.292764133829092 1.4601571313468524 0.682691524821198 43.803789720934994 1079.1247534316583 40.30831431321338 23.81732086328092
4548 1613.788593084221 3021.013163468214 214.8290369551623 52.877290129984125 1587 1642 3006 3039 841.0 11.500169281731809 3.541582866728433 -24.726900265984682 0.9513995662307146 -0.14396810291225018 1.6116433601097577 0.0 158.5696500906372 7.863924 193.8106819142747 10.691983643245324 1.4 0.5722392186194311 16.361497922884933 180.04259984915382 17.07255470011417 25.76156181098479
4549 3681.1788308550654 3006.202006986745 214.8107339626283 52.864070079075134 3677 3686 3002 3011 73.0 2.1220508173715396 1.7613433434978836 50.739932738843905 0.5577345226366801 0.10051533790773584 1.9676710241246076 0.0 44.694660908268695 2.0391052 77.01771694312947 5.006371951157793 2.4489280964241193 0.39094715036078703 4.820437914901168 89.25003149679718 7.952623599179272 26.523479054877438
4550 3678.5343103825644 3016.3985404262176 214.81065020468415 52.864141834856085 3673 3684 3011 3022 106.0 2.666906051921571 2.2847258241969115 89.53952165869961 0.5158228367884586 0.0897247143445597 1.0463211326154385 0.0 40.78846398187004 2.4354017 95.33249807539735 6.97124960634516 2.6903360948944126 0.32409504487591756 5.808687281605183 83.12478154457706 11.141426459473177 26.60067370757877
4551 6939.569674452465 3022.250472617584 214.7814947279328 52.843440559044424 6935 6947 3015 3031 171.0 5.005734691188955 1.907811652315332 65.01092220936151 0.9245234336337572 -0.29012382643630136 0.3692262966402211 0.0 9.632261824607825 3.827505 14.67392563437851 9.244255396917573 2.3088075932672862 0.468942089550548 7.377736139048903 -6.374461785740543 14.783759890910275 nan
4552 6946.083948053029 3018.6716429711405 214.78147431528507 52.843379860078045 6944 6950 3017 3022 26.0 2.045960117300947 0.5738009574098326 7.529930302641383 0.9598670014661681 -0.15440787059363076 0.19249311924676055 0.0 -0.6102884195333868 1.4601688 1.3719873563818328 1.8979974412682308 1.4 -0.17470098420772612 2.876813695875796 0.279826606724911 3.0377514605288507 32.782777484756615
