outputs/dr0.5_c0.1/nircam1_f277w_dr0.5_c0.1.ecsv
# %ECSV 1.0
# ---
# datatype:
# - {name: label, datatype: int64}
# - {name: xcentroid, datatype: float64}
# - {name: ycentroid, datatype: float64}
# - {name: sky_centroid.ra, unit: deg, datatype: float64}
# - {name: sky_centroid.dec, unit: deg, datatype: float64}
# - {name: bbox_xmin, datatype: int64}
# - {name: bbox_xmax, datatype: int64}
# - {name: bbox_ymin, datatype: int64}
# - {name: bbox_ymax, datatype: int64}
# - {name: area, unit: pix2, datatype: float64}
# - {name: semimajor_sigma, unit: pix, datatype: float64}
# - {name: semiminor_sigma, unit: pix, datatype: float64}
# - {name: orientation, unit: deg, datatype: float64}
# - {name: eccentricity, datatype: float64}
# - {name: min_value, datatype: float64}
# - {name: max_value, datatype: float64}
# - {name: local_background, datatype: float64}
# - {name: segment_flux, datatype: float64}
# - {name: segment_fluxerr, datatype: float32}
# - {name: kron_flux, datatype: float64}
# - {name: kron_fluxerr, datatype: float64}
# - {name: kron_radius, unit: pix, datatype: float64}
# - {name: gini, datatype: float64}
# - {name: equivalent_radius, unit: pix, datatype: float64}
# - {name: kron4_2_flux, datatype: float64}
# - {name: kron4_2_fluxerr, datatype: float64}
# - {name: radius_kron20, unit: pix, datatype: float64}
# - {name: radius_kron50, unit: pix, datatype: float64}
# - {name: radius_kron80, unit: pix, datatype: float64}
# - {name: near_border, datatype: bool}
# meta:
#   PHOTMJSR: 0.4907999932765961
#   PIXAR_SR: 2.11539874851881e-14
#   __serialized_columns__:
#     area:
#       __class__: astropy.units.quantity.Quantity
#       unit: !astropy.units.Unit {unit: pix2}
#       value: !astropy.table.SerializedColumn {name: area}
#     eccentricity:
#       __class__: astropy.units.quantity.Quantity
#       unit: !astropy.units.Unit {unit: ''}
#       value: !astropy.table.SerializedColumn {name: eccentricity}
#     equivalent_radius:
#       __class__: astropy.units.quantity.Quantity
#       unit: !astropy.units.Unit {unit: pix}
#       value: !astropy.table.SerializedColumn {name: equivalent_radius}
#     kron_radius:
#       __class__: astropy.units.quantity.Quantity
#       unit: &id001 !astropy.units.Unit {unit: pix}
#       value: !astropy.table.SerializedColumn {name: kron_radius}
#     orientation:
#       __class__: astropy.units.quantity.Quantity
#       unit: &id002 !astropy.units.Unit {unit: deg}
#       value: !astropy.table.SerializedColumn {name: orientation}
#     radius_kron20:
#       __class__: astropy.units.quantity.Quantity
#       unit: *id001
#       value: !astropy.table.SerializedColumn {name: radius_kron20}
#     radius_kron50:
#       __class__: astropy.units.quantity.Quantity
#       unit: *id001
#       value: !astropy.table.SerializedColumn {name: radius_kron50}
#     radius_kron80:
#       __class__: astropy.units.quantity.Quantity
#       unit: *id001
#       value: !astropy.table.SerializedColumn {name: radius_kron80}
#     semimajor_sigma:
#       __class__: astropy.units.quantity.Quantity
#       unit: !astropy.units.Unit {unit: pix}
#       value: !astropy.table.SerializedColumn {name: semimajor_sigma}
#     semiminor_sigma:
#       __class__: astropy.units.quantity.Quantity
#       unit: !astropy.units.Unit {unit: pix}
#       value: !astropy.table.SerializedColumn {name: semiminor_sigma}
#     sky_centroid:
#       __class__: astropy.coordinates.sky_coordinate.SkyCoord
#       dec: !astropy.table.SerializedColumn
#         __class__: astropy.coordinates.angles.Latitude
#         unit: *id002
#         value: !astropy.table.SerializedColumn {name: sky_centroid.dec}
#       frame: icrs
#       ra: !astropy.table.SerializedColumn
#         __class__: astropy.coordinates.angles.Longitude
#         unit: *id002
#         value: !astropy.table.SerializedColumn {name: sky_centroid.ra}
#         wrap_angle: !astropy.coordinates.Angle
#           unit: *id002
#           value: 360.0
#       representation_type: spherical
#   astropy version: '5.1'
#   make_catalog parameters:
#     ab_zpt: 31.4
#     coadd_bands: !!python/tuple [f277w, f356w]
#     deblend_contrast: 0.001
#     deblend_nlevels: 32
#     deblend_npixels: 1
#     detect_kernel_fwhm: 4.0
#     detect_kernel_npix: 7
#     detect_npixels: 4
#     detect_threshold_nsigma: 3.0
#     flag_isolated_buffer: 4
#     hst_bands: !!python/tuple [f606w, f814w, f125w, f140w, f160w]
#     jwst_bands: !!python/tuple [f115w, f150w, f200w, f277w, f356w, f410m, f444w]
#     near_border_kernelsize: 21
#     reference_band: f200w
#   make_catalog version: 1.4.0
#   photutils version: 1.5.0
# schema: astropy-2.0
label xcentroid ycentroid sky_centroid.ra sky_centroid.dec bbox_xmin bbox_xmax bbox_ymin bbox_ymax area semimajor_sigma semiminor_sigma orientation eccentricity min_value max_value local_background segment_flux segment_fluxerr kron_flux kron_fluxerr kron_radius gini equivalent_radius kron4_2_flux kron4_2_fluxerr radius_kron20 radius_kron50 radius_kron80 near_border
[from data line 5340]
5341 227.45065758428618 4406.839198976349 215.00779408908605 53.0206280815718 215 244 4394 4417 449.0 4.91971712877388 4.116139963572099 -42.520707704550155 0.5477196699106645 0.07701281676620267 3.245351695902185 0.0 283.30794957110925 2.2682722 666.6911855248572 6.4968600932328435 2.8253994271924956 0.46931237376684076 11.954962939989485 1027.7137672081747 9.583407028121131 4.815481679322818 15.684932369578814 26.43774211919296 False
5342 8971.329057534202 4397.203417292835 214.92941385494478 52.96509867654022 8886 9042 4315 4481 18118.0 26.825322920222224 22.38345217923394 -65.50382698747167 0.551136630705338 0.11619534586280743 161.45035595688393 0.0 99022.35897595977 21.303057 103420.77660143944 22.950103232479616 1.4 0.6110387109457266 75.94167839781998 105783.45938478818 31.517381949823427 13.683743031567605 29.041560376582098 47.646732556670244 False
5343 9025.988413615738 4385.061447250475 214.92905184951178 52.96468615993615 9007 9067 4344 4427 2221.0 12.142334595500428 10.164503960064861 -87.96246736539543 0.5470302787244001 0.12740998459280845 11.293666625386669 0.0 6765.844389100826 6.4937177 7667.921232850302 8.000902601794841 1.735753898366193 0.5536653867499188 26.588837079011167 8835.981769431335 13.64511669058141 8.12625645858285 14.022966215736746 20.697337383558676 False
5344 9033.402054416927 4424.057774812964 214.92857440808484 52.964849643938756 9004 9071 4382 4467 3363.0 18.493617446523054 9.73484111327363 -54.8744105067809 0.8502437149434585 0.07978836500656987 7.834027184438119 0.0 5650.769303266093 7.342465 7544.203461496004 13.117734558555107 1.9262247326431814 0.4775309625192542 32.7181317809573 8306.912213919417 20.935565690294535 11.473685159239007 20.890353117923866 36.91087611434199 False
5345 6977.379794645412 4328.909697310612 214.94801292492778 52.977385441904275 6971 6985 4324 4334 102.0 3.338985794784179 1.8417862816550807 28.55164061349256 0.8341084297740305 0.15780767508008042 1.6176601717482937 0.0 59.82531195794183 1.1809665 77.80821050394775 2.4655276206240058 2.03364153602994 0.33550793132664275 5.698035485213008 94.67262821947192 3.9174265280358243 2.25939132914503 4.066907570734712 6.801535967431664 False
5346 6987.280614511855 4332.834776169566 214.94788275118162 52.97734380695278 6983 6992 4328 4337 69.0 2.1593493054138255 1.8520536947341022 59.18011160109267 0.5141660826069957 0.12863450879678967 1.2418170787584561 0.0 34.5715802169017 0.9170601 60.4446366486223 2.2814894793592653 2.406172454678511 0.3066519799617674 4.686510657907603 80.07064496587276 3.7141487888546028 2.0515516992461302 4.0893803502467225 7.713241404510051 False
5347 3062.3899944416125 4337.521977750687 214.9830574195446 53.00227234688682 3046 3075 4326 4352 415.0 7.011992244759976 3.773321672406722 31.50156913574964 0.8428656510522301 0.1135064151463263 1.5464332318409735 0.0 269.1140225677214 2.2847102 421.5429603540657 5.27949245611557 2.1490469175246663 0.30085686993411825 11.493415626621754 513.7696394481434 8.34144659048486 5.104145499140681 9.371019588719166 17.070326598879443 False
5348 3049.0596595295524 4350.450829996078 214.9830408331968 53.00242677483881 3030 3073 4331 4367 1098.0 8.07753841312596 6.187622863637172 24.892101758330863 0.6428068707061644 0.0669930210360154 6.609819426657812 0.0 1068.2300165032798 3.6915643 1260.644626329598 5.797355706167248 1.712431276372144 0.4771083834660998 18.695032897264507 1368.8738171150453 9.104615946549599 4.3954670263481965 9.439248740565581 16.754724664087927 False
5349 6123.762837709425 4335.762875753248 214.9555980873133 52.98283949528305 6119 6128 4332 4340 61.0 2.073855165961727 1.9656289745104185 -73.72325563294352 0.31882378893078 0.15136285381280576 0.74491209256656 0.0 25.2222214686389 0.8192341 46.46819508505686 2.058423748063447 2.212979179550191 0.20662283473959484 4.406461512053774 45.33668685113979 3.281788393400139 2.269426825154156 4.142275781118649 7.004677475890494 False
5350 6118.101954982133 4339.865307006343 214.95560563458085 52.982897576501365 6114 6123 4336 4343 54.0 2.135027835504758 1.7991616406545736 9.291492590257096 0.5384027155081157 0.23216732048179003 0.7624021549472577 0.0 21.693395010749757 0.7793368 42.973882394974765 2.196444573284845 2.449653576761898 0.1860488803842235 4.145929793656026 45.180232574877905 3.5318113390238897 2.289215301187691 4.203229433859731 7.557356798430573 False
5351 7130.169028223522 4357.592284040098 214.94634021991237 52.976570695997644 7128 7133 4355 4360 28.0 1.67102267631453 1.2619222136760984 -41.11501924996102 0.6555179571786042 0.16196888378017538 0.5907605275194406 0.0 10.673330591009522 0.60117096 60.86549883927722 2.387805266529828 3.3338774847231307 0.14943201427996253 2.985410660720923 91.16046281580158 3.750429108283326 3.262663238119724 7.053611611908589 10.422278657633042 False
5352 7134.349711181383 4368.884792209831 214.94618370284263 52.9766051500643 7128 7141 4359 4378 218.0 4.312825977457243 2.9626570058727695 75.0422295052228 0.7267131878483263 0.09304774776521653 1.5989872519977761 0.0 123.88433090201652 1.6758288 246.54259119151598 4.421994797810314 2.549678607511257 0.28902536882908186 8.33015937350939 307.9148091806148 7.09535092575494 3.930637180933987 8.511187678043155 15.589911704685923 False
5353 3373.9234307627785 4365.408769604801 214.97996610785515 53.00044675599222 3367 3382 4356 4378 214.0 4.352043078609136 2.6132196328539465 70.20722820804141 0.799656200175284 0.05729265919471548 1.8371224133325101 0.0 126.73975842111005 1.5782193 192.515186942196 3.6012059717311034 2.3017747511529643 0.3735519396756629 8.253382073025046 231.25283309883997 5.708316274102045 3.0626256449762446 6.1596494531518005 12.443624361177005 False
5354 3403.712357683048 4366.12641109162 214.97969107338352 53.000261657191 3393 3411 4358 4375 206.0 3.523447642444625 3.1023892443424934 -23.572532972086144 0.4740495238853766 0.03312843888513708 2.2359101414152778 0.0 161.4305006173208 1.6429297 214.15135673709273 3.204993995159102 2.0871074157399323 0.397458727307404 8.097643889049511 270.1916350367734 5.014206931727495 2.766623738883458 5.12333647452868 9.107351932598204 False
5355 3391.081800329877 4374.456050013119 214.97971667475727 53.00038679334764 3375 3405 4363 4385 413.0 5.955993184376497 3.74696868147699 -21.380199006721657 0.7773171268607959 0.1112287182420981 2.888058275772923 0.0 300.4547250643251 2.18954 412.50637273556094 4.3735087057938085 2.0263937597907242 0.3882865606755012 11.465687201119065 471.44561251924915 6.931978424619332 3.9415555272701255 7.849433218810699 13.482116431231244 False
5356 6528.932380960884 4408.035237481174 214.95120150951044 52.98065870526013 6462 6599 4360 4454 9554.0 20.682818831539734 13.21282148414456 14.1717191582949 0.7693472703082819 0.008964768623433012 66.82368407799612 0.0 26969.041993795658 12.780562 27114.787285471735 13.182866100467882 1.4 0.6490042682646119 55.14646545881192 27960.39312200558 18.858286626993838 7.66740784967361 18.360676660140673 32.14033729872254 False
5357 6597.287702301216 4407.12062716897 214.95059797076053 52.98021997907951 6591 6606 4400 4414 153.0 4.090119786163289 2.8728181900189336 35.434522996613126 0.7118022095591356 0.0840044165751263 0.5978227076118339 0.0 48.56222493455123 1.3120351 228.6017694718082 5.204878183541891 3.261361481873164 0.17596646604693011 6.978639737521917 359.55444686244766 8.424614652104715 6.84188847672704 14.989649981395807 23.35768521980633 False
5358 6460.431860576693 4419.30186070738 214.95169725072654 52.981154261918014 6455 6467 4412 4425 134.0 2.944843320382318 2.5332681093853706 -55.35528353447266 0.5098915824992369 -0.042471522058148393 1.2313645637843524 0.0 57.59606996263709 1.2329482 108.71578265049465 3.236617122208152 2.566045739623147 0.3503260479822548 6.530966601401967 142.895904193551 5.128110526159888 2.798448883759018 6.141919679161133 11.881011127448122 False
5359 nan nan nan nan 103 122 4369 4387 244.0 nan nan nan nan 0.0 0.0 0.0 0.0 15620498.0 nan nan nan nan 8.812923024107548 nan nan nan nan nan True
5360 143.50000101327532 4411.0000148771605 215.00850470651793 53.021182964973065 103 146 4383 4417 593.0 1.1180339905932313 0.816499748528943 3.443568504605382e-07 0.683127023532518 0.0 2.189843503228237 0.0 26.277299593475924 inf 26.277299593475924 inf 1.4 0.981419128502079 13.73891416768399 26.277299593475924 inf 0.8740423380061821 1.3819784826077675 1.8327953430585957 True
5361 nan nan nan nan 115 130 4377 4395 170.0 nan nan nan nan 0.0 0.0 0.0 0.0 13038404.0 nan nan nan nan 7.356132180109627 nan nan nan nan nan True
5362 159.3967847912793 4392.480452032392 215.00855708541815 53.02098203444092 153 164 4389 4397 74.0 2.6343799955830645 1.8715635204042285 -22.999530394983392 0.7037598460514197 0.04593182721226444 0.6240479801801395 0.0 24.853437332951064 1.0234038 201.96778349119177 inf 3.6044647431623273 0.2238779191210577 4.853342309955121 429.38127668368224 inf 6.942826302968416 13.401913310850176 17.449171923964997 False
5363 143.33922290633555 4393.06195550454 215.00869526936046 53.021087009750886 128 144 4391 4401 89.0 0.7914020054272601 0.41082916257010277 -69.6425238761395 0.8547040113550727 0.0 0.47699976990419896 0.0 1.4982536744012027 9165151.0 5.697405848080463 5705458.4982375745 3.359775252001743 0.9651436025456253 5.322553886092406 15.403869775446735 inf 1.2075929661172484 2.8404369515942296 4.7343408938138705 False
5364 149.04948711469777 4399.788866417684 215.00857302870213 53.021087163511794 137 156 4391 4408 182.0 3.5713214292206366 2.509763247193289 89.42750304242952 0.7114321490489065 -0.0798825576916106 1.2692032693470365 0.0 45.52883252346425 inf 224.39906607035485 inf 3.2164872754888045 0.6113029798376324 7.611333607551958 485.5974694941058 inf 6.478241777756088 17.13589086336186 22.530074299577546 False
5365 nan nan nan nan 103 123 4402 4416 171.0 nan nan nan nan 0.0 0.0 0.0 0.0 13076697.0 nan nan nan nan 7.377736139048903 nan nan nan nan nan True
5366 153.2631216821207 4408.1631857935845 215.0084468703684 53.021105714310174 146 162 4400 4413 126.0 3.859141182647414 2.3754413137840222 -47.96320233926217 0.7881085698804217 0.0 2.1174208139011217 0.0 104.28368263525 inf 160.78333000236807 inf 2.272484439882953 0.39501875004160564 6.333012368467128 285.379385599166 inf 3.0291013873768966 5.129908511356833 11.372379069088664 False
5367 nan nan nan nan 118 128 4411 4418 55.0 nan nan nan nan 0.0 0.0 0.0 0.0 7416199.5 nan nan nan nan 4.1841419359420025 nan nan nan nan nan True
5368 nan nan nan nan 124 153 4414 4431 221.0 nan nan nan nan 0.0 0.0 0.0 0.0 14866067.0 nan nan nan nan 8.387281135541944 nan nan nan nan nan False
5369 172.97156450276898 4425.1277334691495 215.00809089006157 53.021072440908554 144 199 4403 4442 1137.0 11.054088805532885 6.182030023734353 31.861480738457875 0.8289971743150057 0.0 3.0655661150163747 0.0 1137.967610840493 11313708.0 1778.2573038019268 inf 2.3676498184169352 0.4143503976537603 19.02415150778005 2321.4537688272117 inf 8.585641448600358 15.33197975268984 31.95300767824589 False
5370 167.6752104194646 4437.581023468084 215.0080071960792 53.0211733518739 152 179 4428 4447 200.0 7.311872186305143 1.7647555556590675 33.53279476390476 0.9704369394688185 0.0 1.6805448686726459 0.0 165.80446132965574 inf 355.6910964263057 inf 2.6777729658742575 0.3779666805922762 7.978845608028654 419.80830243771743 inf 5.920966074294513 11.824760188213885 28.972767094598936 False
5371 206.97555494204545 4437.325655593652 215.00765668766374 53.0209227394505 195 222 4427 4446 261.0 6.952211804854374 3.274204515140303 23.875565016903515 0.8821552691916458 0.1277488623778607 1.4394645723417896 0.0 161.83380410450712 2.3172529 858.8879882136205 inf 3.2534293166396577 0.26565183549883964 9.114761669619748 1475.4598630069709 inf 10.428605179859437 24.96061496886781 31.749699485906923 False
5372 198.17595032890011 4446.508870378515 215.00763895345938 53.02102818877286 175 225 4424 4459 724.0 10.736552041049306 5.478581915165598 12.530322258837696 0.8600119661370806 0.07482230708919659 2.9089412740931646 0.0 817.9368590823683 5.2970657 1397.5152101998096 inf 2.2165080302215485 0.25247539835122657 15.180789096653193 1819.5117246078676 inf 8.01986262252244 13.992815125298538 21.76552619936316 False
5373 209.65271815464038 4461.923338139583 215.00737329602052 53.02103873657099 199 221 4455 4467 157.0 6.088274990223174 1.9546392830708499 23.089001898937816 0.9470623239359053 0.0992789786259387 1.4389291257643477 0.0 140.56468640891865 2.5177624 350.4455696623944 inf 2.769578261053921 0.17110861927517182 7.069275219628611 402.5343366766387 inf 5.034698004549476 10.085680920527153 19.51480087727295 False
5374 239.07063029420394 4459.306123372929 215.00713650716716 53.02083802644013 231 247 4452 4466 119.0 4.9138269541606485 1.6345735157188699 33.67713594967699 0.943051148989128 0.10414601673394104 1.3631197851039691 0.0 84.62641353114786 2.1250913 316.0507009052702 26357817.1949503 3.2432501158570455 0.2627841526194292 6.154581744998688 470.03529457006346 47605204.893520705 5.762020904582786 10.523244280142645 17.673238192555285 False
5375 226.31958814661732 4459.280574001804 215.00725137127935 53.020918752514326 213 244 4446 4470 348.0 7.0373225614335455 3.75207575546355 34.254921414259094 0.846009337369939 0.0 1.9804289827961703 0.0 300.14972702791624 4242640.5 657.262770471182 inf 2.6914960854435805 0.3035317909541541 10.524820207108489 1003.9339164242099 inf 6.40232387741908 12.329247370895908 26.33000696406114 False
5376 249.23437389638082 4466.014406385225 215.0069744399584 53.02080983488567 245 254 4463 4468 44.0 2.2700152003976646 1.4155291339856866 11.608411988226745 0.7817619836233077 0.24433422941219854 1.3161789654101688 0.0 40.18465146744903 1.5587516 116.10127856305408 15983160.593878089 2.902766282561296 0.1902685674079247 3.742410318509555 188.6165899656365 27465229.636920687 2.6646507227859755 6.300426994002093 10.353219775762742 False
5377 3850.5356403372725 4389.503682055098 214.97543298095357 52.99755331417583 3844 3858 4378 4403 275.0 5.451480800810262 3.20237765652636 -86.84568282531373 0.8092730784405809 0.09901276254056852 1.2144519941875533 0.0 127.25505301812362 1.7526603 218.8845004597125 4.331102881169803 2.2623223462213975 0.3060455437324671 9.356025796273888 249.6749932582172 6.935588576340424 4.278155900472246 8.524818511005288 15.477244679073651 False
5378 3846.86947625444 4401.807644065524 214.975336195115 52.99764305341435 3842 3854 4397 4406 76.0 2.640038313235016 1.7978443779622784 16.541117724970572 0.7322910636385243 0.06291582693595836 0.955482417735346 0.0 31.044420265013905 0.8927056 55.11537017493634 2.4236797563854524 2.4802737783722506 0.2809383853770349 4.918490759365935 74.02600938224815 3.8818825347162402 2.3197905825620335 4.4324271959767865 10.484859702970184 False
5379 847.7870845179372 4411.5160968857845 215.00217024837127 53.016719227210814 806 880 4383 4440 2806.0 14.368638918460558 8.427550442918099 -33.32874905035144 0.8099319043501048 0.05836645425881254 8.998958628253085 0.0 3094.2354760261137 6.2800508 3461.8604517421018 9.639606333098186 1.685774108380557 0.5065732690897443 29.886076032689814 3791.146511151882 17650328.09790668 6.576824100152357 14.704816854460644 25.745145946061328 False
5380 803.578817190892 4403.83237770325 215.00264849000123 53.016958067350124 799 808 4399 4410 81.0 2.985011309306706 2.0935465794472217 61.346475571500754 0.7128141387133264 0.185254301156341 0.5371691517464621 0.0 25.725512097247417 0.96178013 199.51200483885634 4.011802451560656 3.536183879518894 0.13028509980216466 5.077706251929807 329.04890293040853 6.536050587958031 6.783753523435169 12.505243951041793 17.741217230884867 False
