outputs/dr0.5_c0.1/nircam3_f200w_dr0.5_c0.1.ecsv
# %ECSV 1.0
# ---
# datatype:
# - {name: label, datatype: int64}
# - {name: xcentroid, datatype: float64}
# - {name: ycentroid, datatype: float64}
# - {name: sky_centroid.ra, unit: deg, datatype: float64}
# - {name: sky_centroid.dec, unit: deg, datatype: float64}
# - {name: bbox_xmin, datatype: int64}
# - {name: bbox_xmax, datatype: int64}
# - {name: bbox_ymin, datatype: int64}
# - {name: bbox_ymax, datatype: int64}
# - {name: area, unit: pix2, datatype: float64}
# - {name: semimajor_sigma, unit: pix, datatype: float64}
# - {name: semiminor_sigma, unit: pix, datatype: float64}
# - {name: orientation, unit: deg, datatype: float64}
# - {name: eccentricity, datatype: float64}
# - {name: min_value, datatype: float64}
# - {name: max_value, datatype: float64}
# - {name: local_background, datatype: float64}
# - {name: segment_flux, datatype: float64}
# - {name: segment_fluxerr, datatype: float32}
# - {name: kron_flux, datatype: float64}
# - {name: kron_fluxerr, datatype: float64}
# - {name: kron_radius, unit: pix, datatype: float64}
# - {name: gini, datatype: float64}
# - {name: equivalent_radius, unit: pix, datatype: float64}
# - {name: kron4_2_flux, datatype: float64}
# - {name: kron4_2_fluxerr, datatype: float64}
# - {name: radius_kron20, unit: pix, datatype: float64}
# - {name: radius_kron50, unit: pix, datatype: float64}
# - {name: radius_kron80, unit: pix, datatype: float64}
# - {name: near_border, datatype: bool}
# meta:
#   PHOTMJSR: 1.891700029373169
#   PIXAR_SR: 2.11539874851881e-14
#   __serialized_columns__:
#     area:
#       __class__: astropy.units.quantity.Quantity
#       unit: !astropy.units.Unit {unit: pix2}
#       value: !astropy.table.SerializedColumn {name: area}
#     eccentricity:
#       __class__: astropy.units.quantity.Quantity
#       unit: !astropy.units.Unit {unit: ''}
#       value: !astropy.table.SerializedColumn {name: eccentricity}
#     equivalent_radius:
#       __class__: astropy.units.quantity.Quantity
#       unit: !astropy.units.Unit {unit: pix}
#       value: !astropy.table.SerializedColumn {name: equivalent_radius}
#     kron_radius:
#       __class__: astropy.units.quantity.Quantity
#       unit: &id001 !astropy.units.Unit {unit: pix}
#       value: !astropy.table.SerializedColumn {name: kron_radius}
#     orientation:
#       __class__: astropy.units.quantity.Quantity
#       unit: &id002 !astropy.units.Unit {unit: deg}
#       value: !astropy.table.SerializedColumn {name: orientation}
#     radius_kron20:
#       __class__: astropy.units.quantity.Quantity
#       unit: *id001
#       value: !astropy.table.SerializedColumn {name: radius_kron20}
#     radius_kron50:
#       __class__: astropy.units.quantity.Quantity
#       unit: *id001
#       value: !astropy.table.SerializedColumn {name: radius_kron50}
#     radius_kron80:
#       __class__: astropy.units.quantity.Quantity
#       unit: *id001
#       value: !astropy.table.SerializedColumn {name: radius_kron80}
#     semimajor_sigma:
#       __class__: astropy.units.quantity.Quantity
#       unit: !astropy.units.Unit {unit: pix}
#       value: !astropy.table.SerializedColumn {name: semimajor_sigma}
#     semiminor_sigma:
#       __class__: astropy.units.quantity.Quantity
#       unit: !astropy.units.Unit {unit: pix}
#       value: !astropy.table.SerializedColumn {name: semiminor_sigma}
#     sky_centroid:
#       __class__: astropy.coordinates.sky_coordinate.SkyCoord
#       dec: !astropy.table.SerializedColumn
#         __class__: astropy.coordinates.angles.Latitude
#         unit: *id002
#         value: !astropy.table.SerializedColumn {name: sky_centroid.dec}
#       frame: icrs
#       ra: !astropy.table.SerializedColumn
#         __class__: astropy.coordinates.angles.Longitude
#         unit: *id002
#         value: !astropy.table.SerializedColumn {name: sky_centroid.ra}
#         wrap_angle: !astropy.coordinates.Angle
#           unit: *id002
#           value: 360.0
#       representation_type: spherical
#   astropy version: '5.1'
#   make_catalog parameters:
#     ab_zpt: 31.4
#     coadd_bands: !!python/tuple [f277w, f356w]
#     deblend_contrast: 0.001
#     deblend_nlevels: 32
#     deblend_npixels: 1
#     detect_kernel_fwhm: 4.0
#     detect_kernel_npix: 7
#     detect_npixels: 4
#     detect_threshold_nsigma: 3.0
#     flag_isolated_buffer: 4
#     hst_bands: !!python/tuple [f606w, f814w, f125w, f140w, f160w]
#     jwst_bands: !!python/tuple [f115w, f150w, f200w, f277w, f356w, f410m, f444w]
#     near_border_kernelsize: 21
#     reference_band: f200w
#   make_catalog version: 1.4.0
#   photutils version: 1.5.0
# schema: astropy-2.0
label xcentroid ycentroid sky_centroid.ra sky_centroid.dec bbox_xmin bbox_xmax bbox_ymin bbox_ymax area semimajor_sigma semiminor_sigma orientation eccentricity min_value max_value local_background segment_flux segment_fluxerr kron_flux kron_fluxerr kron_radius gini equivalent_radius kron4_2_flux kron4_2_fluxerr radius_kron20 radius_kron50 radius_kron80 near_border
[from data line 1158]
1159 1885.8366838923903 1652.013135175362 214.84102061346346 52.86818131276736 1883 1889 1650 1655 29.0 1.6998693514770506 1.116065565192817 33.28280227628173 0.7542741367123331 0.17055273859635617 0.854036950762617 0.0 15.264908434979372 1.2908561 32.12859402048121 3.6205541377786123 2.513517480845841 0.20215616239328613 3.0382538898732494 38.347236981878225 5.792440549697545 1.7094721426124215 3.264176046785474 5.573848877449683 False
1160 9002.914855079045 1653.7934403879049 214.7775039727277 52.82294943182855 8998 9009 1650 1657 72.0 2.545839003604492 1.5881746384091016 -13.715857412163196 0.7815588418834474 0.027027398200053433 1.5552140897339164 0.0 40.101594949349135 2.1833866 118.42625510354101 6.786316355301387 3.0090795958773597 0.3317231371319241 4.787307364817192 202.12135452142917 10.73987183077581 3.0071796704675418 8.345600212407199 12.041273717533 False
1161 nan nan nan nan 2384 2386 1653 1654 6.0 nan nan nan nan 0.0 0.0 0.0 0.0 2449489.8 nan nan nan nan 1.381976597885342 nan nan nan nan nan True
1162 2817.475427409971 1653.8175725873107 214.83268209806738 52.86227077680102 2816 2819 1653 1655 9.0 0.9614853218330031 0.6781456120621674 36.21266687212559 0.7088985946241368 0.1375103526490698 0.5213408063489926 0.0 3.087544716762688 0.6951269 30.024510469768536 3.1549205984466777 3.667443731802819 0.2113076449170562 1.692568750643269 33.51738171178882 5.03375442603923 2.298655383256346 3.9946004797818486 5.946597656390807 False
1163 3093.349155528406 1691.7300336878102 214.82981991488364 52.86072193802569 3079 3108 1653 1722 1413.0 12.435447010037691 4.339820775966297 -80.65695477100333 0.9371272230995462 -0.09615059680844576 10.306261952134188 0.0 1875.1772248222428 9.834953 1980.8096198005344 12.582230794040017 1.527463188510459 0.5401806318544037 21.20782565888583 2100.6570921095326 19.438629145521087 4.4023478448169575 9.619797585265447 18.338009573015906 False
1164 421.0910394836615 1659.3207639756235 214.85402843267065 52.87752752563245 419 423 1657 1662 25.0 1.2519110541293297 1.1868182068756101 -42.228274954274454 0.3182547942800823 0.12116614833775083 0.8955482428949473 0.0 10.337372645045319 1.2371081 17.184614123939348 3.1307742955394993 2.395817902306352 0.2953002034579621 2.8209479177387813 16.880030877829057 4.859984704138922 1.245205274237598 2.389367351273794 4.617057710136726 False
1165 8011.459905529095 1659.3877288144986 214.78628283648658 52.82928402573485 8009 8014 1657 1662 29.0 1.1986336094704857 1.01739073635417 58.39783740587772 0.5287267479853038 -0.1544476509534618 1.193894678709037 0.0 10.10257678781188 1.292556 16.950963522627298 2.821791221991388 2.5443735759921005 0.49435915926639945 3.0382538898732494 19.223171921781297 4.452854893712075 1.0103039032674235 2.1518192127601607 4.812913987730091 False
1166 nan nan nan nan 8125 8131 1659 1667 58.0 nan nan nan nan 0.0 0.0 0.0 0.0 7615773.5 nan nan nan nan 4.296739856991561 nan nan nan nan nan True
1167 3063.7247071607885 1662.3137483178991 214.83039404326183 52.86075164234951 3062 3065 1661 1663 10.0 0.96838791331028 0.6537847492860425 -5.258471001808157 0.7377015940613469 0.08180312802213095 1.0997751745884368 0.0 6.284249331921092 0.80255586 26.335394040678203 2.8096287678109073 3.210740995039078 0.24858707558369772 1.7841241161527712 35.619254671675755 4.389131600704127 1.5547027188262559 3.0821336868016243 4.65919615366729 False
1168 2135.2745822152124 1668.041233296492 214.8386241945703 52.866682682143036 2130 2140 1663 1674 97.0 2.450943423176815 1.802995060504702 -69.70276775618515 0.6773802262281723 -0.05263108185960164 2.7883041824976704 0.0 62.15420480692992 2.4798906 67.83663591243808 3.543473731639774 1.5532371955882571 0.464921192660852 5.556622981616415 70.34565798732247 5.6059008045704255 1.4292512382518086 2.8370971373485108 4.4777585401860165 False
1169 3858.9030075523397 1663.73693661259 214.82328044145194 52.855705613813775 3858 3860 1663 1664 4.0 0.6530880452083723 0.4371074258731425 -6.258376760412796 0.7429983405833231 0.31791529377389205 0.5746618676440344 0.0 1.8915594852330422 0.66712976 10.610783119089527 2.149657951467902 3.3546590051826963 0.1363992621119051 1.1283791670955126 17.806272181730485 3.331122629455422 1.321311237419781 2.6567499623016984 3.8709334824149777 False
1170 1385.5141940013384 1667.728975827055 214.84532398576437 52.87144519531692 1383 1388 1665 1670 23.0 1.226535065559793 1.0912023951827483 10.087222243584922 0.4566184725647403 0.033539783748441715 1.171671570278677 0.0 12.226345964303611 1.1891302 27.269535694226995 3.2604694565917396 2.6171731489197554 0.33384348815157355 2.7057581899030048 28.279292376611323 5.277962821650113 1.393145419823096 2.8688401843925186 5.4746217889579345 False
1171 8872.1928479382 1667.548258409881 214.7785243202354 52.82385478486616 8870 8875 1665 1670 22.0 1.543538870556175 1.1018163159384253 40.795972322752796 0.7003243275873025 0.1937094824072591 0.6286918001599549 0.0 8.752517695931092 1.1661525 24.000619897502588 3.8310866299368 2.64585254436942 0.21112842208301755 2.6462837142006137 24.051002046910952 6.106120455416009 1.9078130771063417 3.2807069042278103 5.0632416066800765 False
1172 9812.059449808099 1668.8522079873874 214.77013476818414 52.81788485268277 9810 9814 1666 1671 24.0 1.3618801250826886 1.1632013487673916 -78.95508822911502 0.5200852703836478 0.22594088659004075 0.9985066141515114 0.0 13.337000290172785 1.2172793 36.15172293757591 3.876263137176855 2.7535897439649393 0.22718174363491173 2.763953195770684 67.68318369500574 6.211008688070091 1.7746642563599981 3.635743349444389 6.80445869690094 False
1173 4267.191688995111 1669.545497154132 214.81957511888922 52.85314190388563 4265 4270 1668 1671 15.0 1.6414944363727648 0.6555523222295738 0.9007065811930882 0.9167928374625615 0.014407810061981774 0.8087879044371048 0.0 6.254607630503027 0.9585788 17.948618617803405 3.0726810950681775 2.7399381431587018 0.2578965436875062 2.1850968611841584 24.309980834255214 4.909885192543921 1.6180453423395724 3.230301051282751 6.77920797094556 False
1174 nan nan nan nan 2259 2263 1670 1673 15.0 nan nan nan nan 0.0 0.0 0.0 0.0 3872983.0 nan nan nan nan 2.1850968611841584 nan nan nan nan nan True
1175 4189.946337362111 1671.6960330256113 214.82024190363288 52.85364446168224 4186 4194 1670 1674 40.0 2.3138882758031296 1.104605543206342 8.498982756717123 0.8786965873910065 0.038364032308282885 0.7039855323061744 0.0 15.652619272193405 1.5490458 40.091506471661916 4.676001577957229 2.7603356861145163 0.23132247702463654 3.5682482323055424 53.91524914880982 7.494362139719302 2.292504166550224 4.576292842504487 8.630854330056923 False
1176 9788.569887500764 1680.8975851161076 214.77021731678005 52.81809910383872 9778 9801 1670 1693 344.0 6.296110364701745 3.3823202891199244 -40.59337810723688 0.8434498571991946 0.11621356664093856 2.1531423362001703 0.0 274.0619653690793 4.906287 460.2141129768053 11.426876145816866 2.185670958899964 0.2784647573972336 10.464157913908982 474.9385025210911 18.21541355845852 4.559105636829299 9.326312078184053 16.269815334087934 False
1177 10129.085976702765 1674.987105060753 214.7672454780209 52.81590166767885 10123 10134 1670 1679 78.0 3.23427574995049 1.5918627033352584 27.14586653947864 0.8704905023900262 -0.013320810623499631 0.939130842621581 0.0 34.82813146621418 2.2262301 83.33586950057807 6.985224009351723 2.7967203081975107 0.28346201835106866 4.982787485166879 68.55340770119264 11.136154938972913 3.2514197953475894 6.067342622823867 10.60545727076711 False
1178 1019.4902324882377 1692.4359290248992 214.84833358190545 52.873904100938 1006 1033 1671 1712 830.0 8.491857208309275 3.496699668307098 -64.02766169779787 0.9112874011884246 -0.1087854242846491 10.522326564549108 0.0 1131.9675544399802 7.7186337 1242.114827988983 10.731612854263094 1.7075943598166308 0.5752371717958324 16.25414425715935 1393.4338485494172 16.61829204002788 3.6139456371673395 7.6644343217228545 13.860698239628134 False
1179 nan nan nan nan 8118 8129 1672 1685 103.0 nan nan nan nan 0.0 0.0 0.0 0.0 10148890.0 nan nan nan nan 5.725898905580716 nan nan nan nan nan True
1180 8709.001138802229 1673.4094022584154 214.77991719371332 52.82492408808561 8707 8711 1672 1675 13.0 1.2259967279527089 0.740968527707576 -4.239739208585837 0.7966958008694928 0.2951426409679578 0.7528567499391904 0.0 6.989553744728604 0.8678498 13.9435912275724 2.206619661674182 2.0986647766678748 0.1605833499979829 2.0342144725641096 15.424164295828744 3.4953552778818207 1.1574707707885403 2.105366682476588 3.2266746757650937 False
1181 2879.561540778171 1683.146963515642 214.8318190243257 52.86203431978155 2871 2888 1673 1695 242.0 5.560454171526 2.1926725999865435 -59.511983457811056 0.918967462901594 -0.1524582555919496 2.260654033093498 0.0 152.4999609542665 4.0176086 195.66988294212348 7.667769359948165 2.01414124622484 0.41047222006748846 8.77673016883152 221.76874730757316 12.232872797457693 2.9100566663594916 5.9271524403227005 10.575722727859603 False
1182 1070.672117211703 1675.6811634809856 214.84805273172495 52.87348855915877 1069 1072 1674 1678 14.0 1.1623411267843209 0.8295408372455951 75.61272164090961 0.7004708110422901 0.05190928481272672 0.4190943985089356 0.0 4.144477810530267 0.93037623 22.417189494185166 3.6342619292796976 3.393426322377018 0.19012927944176694 2.111004122822376 41.03017699018609 5.831430054301703 2.2096286932914233 4.197865952877161 6.37864694486788 False
1183 3305.3752476401783 1675.5597243631566 214.82809720731416 52.859287292709254 3303 3307 1674 1677 14.0 1.03399029704435 0.9039678702601349 -19.98669139764393 0.4854727633109419 0.35481883681754006 1.1543532732612094 0.0 9.91501903677786 0.90130097 20.310240912898045 2.629210058854023 2.5293260336062353 0.19693235791420505 2.111004122822376 15.561610743415535 4.208741982651395 1.1638834810816396 2.172184331605214 3.795335763058776 False
1184 4387.0820352854 1678.4176540073604 214.81841173539277 52.85242769409974 4385 4389 1676 1681 24.0 1.4255110071536545 0.9931753988062669 -80.06002089067734 0.7173476998728741 0.08142757021036587 0.7940457334663864 0.0 9.568903398870235 1.1787775 22.658893455614425 3.386354315929602 2.6931499950543754 0.311846697663087 2.763953195770684 30.549944852848856 5.484468357407612 1.515323550628531 3.291791757235801 5.358113407860502 False
1185 8270.922445669326 1677.4427297713491 214.78377975639907 52.827731467710855 8270 8272 1676 1678 7.0 0.7564533224112814 0.622126137439217 10.224996350807741 0.568873526775103 0.3211468193762581 0.8362946456586731 0.0 4.394573334794994 0.6550058 23.69862660736652 2.651699014289306 3.575167737000314 0.17043243797377886 1.4927053303604616 43.25674939815633 4.227548149283633 1.6654593145647716 3.3691807818618833 4.893229829261224 False
1186 3368.2013137332005 1678.7745058460923 214.82750249505716 52.85890533880615 3367 3370 1677 1680 10.0 1.1109042688758697 0.7405314510326204 -51.98317617792051 0.7454134699874014 0.19420967415361226 0.5815833844223974 0.0 3.8785759149793657 0.73529094 24.21470443752596 3.1064074113865825 3.3445630767933756 0.183563373566178 1.7841241161527712 32.712309220878154 5.000838861379668 2.0257744903419828 3.740933961670755 6.115145207659094 False
1187 8997.388929999333 1677.3327271299177 214.7773055072958 52.82311134761692 8996 8998 1677 1678 5.0 0.8046999332440735 0.40493650707939083 20.271182946812534 0.8641616610638307 0.05640733650248175 0.35020692976432294 0.0 1.2220652592036243 0.5506952 16.397059013228926 2.4240700093475946 3.8416017890943333 0.29159248732376986 1.2615662610100802 35.77764274032617 3.8387847439004594 2.0969556293544427 3.356992324544678 4.560227110632162 False
1188 963.2126155781525 1683.9717809354747 214.84892544199295 52.87421603851555 957 969 1678 1689 116.0 2.990005887840413 2.4183752866172235 -33.200159941320464 0.5880568830578722 0.020418745849497176 1.0135954877906677 0.0 49.42113151761622 2.6995153 90.85900048549375 7.269651968090741 2.4585020723030344 0.280221230626427 6.076507779746499 129.32292838105784 11.669772683189 2.916215575527046 5.724126103485662 10.684645276526066 False
1189 1837.9109961866636 1685.44863721454 214.84109668762517 52.86866611177593 1830 1846 1678 1692 188.0 3.061215774484432 2.4546655633517274 21.433337862576977 0.5975123606277066 -0.06818647167549488 6.262773903248584 0.0 198.2119241444072 3.3904896 231.23028963555578 5.309518782518376 1.8169790718787888 0.5134431249857775 7.735777827895049 264.661789710418 8.456296674864426 1.8105034400301405 3.6151934205643066 6.749403654774408 False
1190 589.8300049945964 1727.640909451077 214.85180156022173 52.87682385584827 545 636 1679 1771 5494.0 8.966121720998451 7.0513572382627325 -53.6883108819471 0.6176609317315527 -0.3129826093113859 582.7598049776161 0.0 24476.223924698017 23.601124 23499.92186656743 19.442313554937556 1.4 0.8658880965269339 41.81859053930137 24570.329267400833 24.49586769881826 1.9289794847747064 4.782205524777513 11.195623648082323 False
1191 3356.8513667079396 1681.805809380842 214.82757191231588 52.858993811139655 3355 3359 1679 1684 26.0 1.438883164380417 1.1434825383676455 59.06725853052999 0.6070004975144457 0.12465299224222852 1.0961879570754451 0.0 13.839270205703436 1.2818751 41.658226317029445 3.8974205657488477 2.857898349151619 0.27196882881942 2.876813695875796 58.97900528717619 6.159118661645582 1.964506467295738 4.0796424413499555 7.07758491947382 False
1192 6954.078452577072 1682.957421617203 214.7954630044206 52.836133958231876 6948 6961 1679 1687 102.0 2.9877048103440136 1.935730284432679 4.012643484424218 0.7617264458647213 -0.13600292480946122 0.9608884138940421 0.0 35.63291817174282 2.3537507 55.809974410357945 5.588802832965904 2.3154991537349954 0.34510478751523027 5.698035485213008 50.05441340069669 8.937987280982636 2.3336051438554195 4.5497527970433564 9.746212119334642 False
1193 9544.171335599945 1684.8292394118566 214.77235374663056 52.819674551627735 9541 9547 1679 1690 63.0 2.7864748758078917 1.3321439388584193 79.53180826416701 0.8783190235934611 0.10505633068579975 1.4520809350834791 0.0 41.32493994393334 2.142613 61.949239417425645 4.309547155686378 1.9725780286096628 0.3149198168081634 4.478115991081385 60.69082595298201 6.875484812063815 1.916390206829002 3.6547136812324634 6.611720362518173 False
1194 3700.995756310544 1716.5195210799932 214.82413437791195 52.85699370683166 3665 3737 1683 1747 3396.0 11.550729394951995 9.121022520716409 -40.979076066600776 0.6135587780458391 -0.33105896405623947 47.17310902946579 0.0 6851.677287580629 18.178736 6926.06963297196 19.59602619087097 1.4 0.6218000770316299 32.878265974350796 7145.871558743319 29.537127024576375 5.426347860503712 12.042681874885545 19.30850835305637 False
1195 1814.525026123823 1688.4469311482253 214.84127399372895 52.86883087928203 1810 1819 1684 1693 75.0 2.3063359521168008 1.8565905357259553 -26.544095005045882 0.5932806375924738 0.058142342233447 1.2757945227512812 0.0 39.752161650728176 2.1668985 83.21496765414622 5.868043566051176 2.6525217724956454 0.3166861533059307 4.886025119029199 106.07308861614911 9.264596062818251 2.378319468479517 5.195928738506471 10.704861572281864 False
1196 998.5493372988022 1688.1900373778349 214.84856535365287 52.874014261530206 996 1001 1686 1691 32.0 1.5068126886647832 1.2884715158562536 -72.59731114060972 0.5184674975805342 0.1006816206626328 1.0972835680186566 0.0 18.69476899792707 1.5871197 53.17175810539617 4.995908184348152 2.932202859214629 0.27482845773515774 3.1915382432114616 80.77242134766084 7.564193394853134 2.03280307813154 4.800017516989393 8.171167895738732 False
