outputs/dr0.5_c0.1/nircam3_matched_f277w_f160w_dr0.5_c0.1.ecsv
# %ECSV 1.0
# ---
# datatype:
# - {name: label, datatype: int64}
# - {name: xcentroid, datatype: float64}
# - {name: ycentroid, datatype: float64}
# - {name: sky_centroid.ra, unit: deg, datatype: float64}
# - {name: sky_centroid.dec, unit: deg, datatype: float64}
# - {name: bbox_xmin, datatype: int64}
# - {name: bbox_xmax, datatype: int64}
# - {name: bbox_ymin, datatype: int64}
# - {name: bbox_ymax, datatype: int64}
# - {name: area, unit: pix2, datatype: float64}
# - {name: semimajor_sigma, unit: pix, datatype: float64}
# - {name: semiminor_sigma, unit: pix, datatype: float64}
# - {name: orientation, unit: deg, datatype: float64}
# - {name: eccentricity, datatype: float64}
# - {name: min_value, datatype: float64}
# - {name: max_value, datatype: float64}
# - {name: local_background, datatype: float64}
# - {name: segment_flux, datatype: float64}
# - {name: segment_fluxerr, datatype: float32}
# - {name: kron_flux, datatype: float64}
# - {name: kron_fluxerr, datatype: float64}
# - {name: kron_radius, unit: pix, datatype: float64}
# - {name: gini, datatype: float64}
# - {name: equivalent_radius, unit: pix, datatype: float64}
# - {name: kron4_2_flux, datatype: float64}
# - {name: kron4_2_fluxerr, datatype: float64}
# - {name: kron4_2_mag, datatype: float64}
# meta:
#   PHOTMJSR: 2.251199960708618
#   PIXAR_SR: 2.11539874851881e-14
#   __serialized_columns__:
#     area:
#       __class__: astropy.units.quantity.Quantity
#       unit: !astropy.units.Unit {unit: pix2}
#       value: !astropy.table.SerializedColumn {name: area}
#     eccentricity:
#       __class__: astropy.units.quantity.Quantity
#       unit: !astropy.units.Unit {unit: ''}
#       value: !astropy.table.SerializedColumn {name: eccentricity}
#     equivalent_radius:
#       __class__: astropy.units.quantity.Quantity
#       unit: !astropy.units.Unit {unit: pix}
#       value: !astropy.table.SerializedColumn {name: equivalent_radius}
#     kron_radius:
#       __class__: astropy.units.quantity.Quantity
#       unit: !astropy.units.Unit {unit: pix}
#       value: !astropy.table.SerializedColumn {name: kron_radius}
#     orientation:
#       __class__: astropy.units.quantity.Quantity
#       unit: &id001 !astropy.units.Unit {unit: deg}
#       value: !astropy.table.SerializedColumn {name: orientation}
#     semimajor_sigma:
#       __class__: astropy.units.quantity.Quantity
#       unit: !astropy.units.Unit {unit: pix}
#       value: !astropy.table.SerializedColumn {name: semimajor_sigma}
#     semiminor_sigma:
#       __class__: astropy.units.quantity.Quantity
#       unit: !astropy.units.Unit {unit: pix}
#       value: !astropy.table.SerializedColumn {name: semiminor_sigma}
#     sky_centroid:
#       __class__: astropy.coordinates.sky_coordinate.SkyCoord
#       dec: !astropy.table.SerializedColumn
#         __class__: astropy.coordinates.angles.Latitude
#         unit: *id001
#         value: !astropy.table.SerializedColumn {name: sky_centroid.dec}
#       frame: icrs
#       ra: !astropy.table.SerializedColumn
#         __class__: astropy.coordinates.angles.Longitude
#         unit: *id001
#         value: !astropy.table.SerializedColumn {name: sky_centroid.ra}
#         wrap_angle: !astropy.coordinates.Angle
#           unit: *id001
#           value: 360.0
#       representation_type: spherical
#   astropy version: '5.1'
#   kernelfile: kernel_f277w_f160w.fits
#   make_catalog parameters:
#     ab_zpt: 31.4
#     coadd_bands: !!python/tuple [f277w, f356w]
#     deblend_contrast: 0.001
#     deblend_nlevels: 32
#     deblend_npixels: 1
#     detect_kernel_fwhm: 4.0
#     detect_kernel_npix: 7
#     detect_npixels: 4
#     detect_threshold_nsigma: 3.0
#     flag_isolated_buffer: 4
#     hst_bands: !!python/tuple [f606w, f814w, f125w, f140w, f160w]
#     jwst_bands: !!python/tuple [f115w, f150w, f200w, f277w, f356w, f410m, f444w]
#     near_border_kernelsize: 21
#     reference_band: f200w
#   make_catalog version: 1.4.0
#   photutils version: 1.5.0
# schema: astropy-2.0
label xcentroid ycentroid sky_centroid.ra sky_centroid.dec bbox_xmin bbox_xmax bbox_ymin bbox_ymax area semimajor_sigma semiminor_sigma orientation eccentricity min_value max_value local_background segment_flux segment_fluxerr kron_flux kron_fluxerr kron_radius gini equivalent_radius kron4_2_flux kron4_2_fluxerr kron4_2_mag
[from data line 3660]
3661 9963.589477172609 4555.315715023646 214.73839919862786 52.83246072568789 9958 9969 4549 4561 119.0 3.254955226705178 2.5475241880056494 -67.76907869094123 0.6224490959334734 0.24609075308503586 0.5620341192093798 0.0 45.65065010341631 6.6275215 101.48523370124522 20.07937384123183 2.5121637185650423 0.13432797794076623 6.154581744998688 109.52601047404399 31.996551916923703 26.301206828454198
3662 2640.3278596983264 4553.381672598589 214.80373135325866 52.87902339152177 2637 2643 4551 4555 24.0 1.7377001067757112 1.0625576505142171 16.1498273884793 0.7912648731544736 0.28764859254672054 0.3526850535598254 0.0 7.728435369721262 7511136500000.0 64.33539364636907 33117169968640.41 3.5873567182116815 0.03384264722105193 2.763953195770684 82.50681950013895 52987471949824.66 26.608775384719742
3663 7154.536080567488 4556.324085253832 214.76342427346276 52.85033487455418 7151 7158 4551 4561 68.0 2.504743128361538 1.946951919801994 -86.64959673242747 0.6291226800644569 0.23196635606630897 0.42650835205446264 0.0 21.7216600862336 12643129000000.0 66.45143840990603 42524143150781.914 2.8344015278401065 0.1022107389607029 4.652426491681278 100.07486519465226 68038629041251.06 26.399187465591694
3664 3970.5395840526626 4556.144960140562 214.79182846495368 52.87058131731387 3965 3975 4553 4559 57.0 2.59113669772624 1.637816938801493 22.322794392547493 0.7748995951448113 0.21770794025685902 0.40859104403785124 0.0 17.98025714787988 6.079914 55.310905423324996 20.894076519503464 2.8144094162392377 0.10174892273603907 4.259537945889915 61.95191925596368 33.2321085809638 26.919863086845172
3665 7398.224269068005 4557.293974773491 214.7612413709072 52.848790175771846 7397 7400 4555 4560 17.0 1.60051856196018 0.8251845392995423 79.53970242849638 0.8568455141265541 0.1665714969451873 0.20251223422454248 0.0 3.162205458764073 3.4528577 24.385474006102722 15.320901550411524 3.5287903905170435 0.030085522720721368 2.326213245840639 28.9013973313711 37.88441274389358 27.747702898417153
3666 9648.384345245633 4593.888804377627 214.74080123277514 52.8346736636805 9595 9699 4557 4628 5356.0 14.067576058846596 9.268426322809912 6.386324090451081 0.7522740977485443 0.16214978637668556 60.99780228050466 0.0 23944.393726090962 45.619537 23862.16142275426 44.03057294525324 1.4 0.6953336707882438 41.29004420438882 24565.274100506656 71.52920552921867 20.42419596405866
3667 7851.043812399827 4567.0725655441975 214.7571015270089 52.845962665911806 7846 7856 4559 4576 137.0 4.119927898564031 2.4072863938867473 -84.14432632197861 0.8115355555762312 0.23153059283426733 0.5803852782682899 0.0 56.585270897005216 7.344683 134.76797276415542 22.136117238644047 2.5521315703242715 0.12365685157290487 6.6036697681803656 133.22585386340063 35.90005458562877 26.088528719057937
3668 7891.687866324921 4561.93685139438 214.75679330105052 52.84567649250265 7889 7894 4559 4565 32.0 1.6017806969749104 1.50335332067323 -67.83648295919079 0.34513982389059344 0.1844931015045827 0.29734072303243475 0.0 8.030877371850906 3.4808886 38.48922935183434 14.024887837926336 3.2340601745668094 0.07099981154252986 3.1915382432114616 43.49448596843966 22.213745637048895 27.303914493548387
3669 8888.050683216508 4567.125202282657 214.74785813881357 52.83936654775632 8880 8896 4563 4571 128.0 3.935589946306804 2.203560727622733 -1.4732911287800319 0.8285560843470199 0.2242529420811468 0.6593261081024209 0.0 53.54190282811649 6.874143 121.6588015154978 20.531783132919838 2.577633448943734 0.15582409327501268 6.383076486422923 139.3857780792651 32.688746362137145 26.039453840645045
3670 7641.6271728581905 4577.179326323016 214.75886195552698 52.847349093737165 7632 7652 4568 4587 306.0 4.149052440882407 3.770477904282346 38.76375110793013 0.41732700569905384 0.3477308143905824 3.611018403234788 0.0 367.3749246542769 12.574222 445.2853414735547 23.30908129052177 1.7664721550052853 0.36080414098826374 9.869286963719311 481.66174079632924 37.179887399860604 24.693144622645136
3671 3168.987193591392 4571.390237666407 214.79882216655685 52.87575954957273 3167 3171 4569 4574 30.0 1.5624317297649415 1.3201983915386684 87.9472155992254 0.5348233590227471 0.30282328983957735 0.8717703561076487 0.0 17.077642453578473 8397705400000.0 44.944396504584795 26369849950070.81 2.7025425857753023 0.15052427807051716 3.0901936161855166 49.54714669046645 42191759920113.3 27.16245337626995
3672 7669.789369751251 4570.40452335959 214.7586822437388 52.847133491330844 7669 7671 4570 4571 5.0 0.772354534623081 0.4481000751915653 -18.559282804555103 0.8144925085364142 0.1736540208677655 0.18213179917258956 0.0 0.8901320904174954 1.5599864 15.098248253511052 7.357287903944304 4.004348822794959 0.0104358901292165 1.2615662610100802 26.105819598665825 11.772377858370902 27.858156668641268
3673 7803.179179921972 4578.0107676194875 214.75741301497965 52.846326006180846 7801 7805 4576 4580 18.0 1.3147409001961328 1.0526299230273775 -37.95020097853005 0.5991500178423016 0.15548280433953773 0.20153115866712126 0.0 3.331465606778593 2.7882645 25.671588749351812 11.423513049755847 3.521673644251809 0.04447793243779425 2.393653682408596 27.875637800536257 18.584785431633957 27.7869379676994
3674 10231.405190517182 4584.345881069975 214.73570766309675 52.83091308499674 10220 10243 4577 4592 264.0 5.821351709740461 2.971251231259738 25.19370198058344 0.8599337168646247 0.2291190932182746 0.8156611228036417 0.0 129.51663646426277 10.041388 207.0681768333509 23.011425150188394 2.0000458144522444 0.18132695760734058 9.166995688475081 206.92250341389126 36.93140723006099 25.610480689997928
3675 6867.825456988953 4584.009901359247 214.76568915419924 52.85230745796061 6863 6873 4580 4588 81.0 2.8676540515688593 2.005134350556625 -25.696812590663303 0.7149020304924442 0.18536157733386158 0.3871966092816491 0.0 22.98458168250949 13798840000000.0 80.54855176765275 48580018804748.2 2.9819995488823006 0.11036800809442208 5.077706251929807 138.07233835251895 77728030087597.14 26.049733300008228
3676 9878.243242104492 4583.417636474863 214.73886361084928 52.833154953801404 9877 9880 4582 4585 12.0 1.091426581253734 0.8329513449292277 58.32972453779795 0.6461898427642491 0.15932246345975992 0.18379937767201088 0.0 2.059412118305689 2.2779033 15.363451835290611 9.523486495290733 3.518240172721733 0.026845851975621077 1.9544100476116797 22.69726809009469 14.979070211373 28.01006603155426
3677 7004.296656111073 4588.469569675424 214.76442530820242 52.8514635066346 7000 7008 4585 4593 61.0 2.148906611927219 1.965780391984662 -54.15251275853464 0.40394861714090524 0.197457803577331 0.4848557080057662 0.0 20.230843997300127 11974709000000.0 49.0960432096789 36778252087080.086 2.6339033033715586 0.13603291340544701 4.406461512053774 57.98767401008591 58845203339328.15 26.991660778088253
3678 6062.6562016790285 4593.384059949914 214.77277088872825 52.85747861005252 6060 6066 4589 4597 46.0 2.2088532965467644 1.5241156040906656 62.69754741421615 0.7238064197135098 0.18931779720969513 0.35896242917912974 0.0 12.90665474671444 6.3261766 38.767286320363795 21.67351183933925 2.8064403150282335 0.09267030869689137 3.826519928662906 41.91375155536781 34.95671191702925 27.344108663062308
3679 8666.58076754007 4591.69092592775 214.7495731546294 52.840907621807226 8663 8670 4589 4595 41.0 1.906343825512127 1.5861694876409886 -26.831666366392277 0.5547037004188031 0.16929060749956043 0.3015828251556115 0.0 9.857660716032363 3.8831296 39.00499890512704 14.287914004300033 3.0428408818101316 0.08436978792159659 3.6125759969217834 58.14758601635229 22.92474478225745 26.988670775491837
3680 9348.335476741431 4595.714568649201 214.74345545071026 52.836592334437285 9342 9354 4591 4600 98.0 2.918293884916261 2.3413635832906485 -31.391621777799863 0.5969134718535983 0.22215610642135794 0.5568767287001857 0.0 34.085148702016326 5.933958 166.86961665625577 23.453784447962718 3.3336779452879255 0.14651418083453413 5.585191925620057 253.99438054940302 37.61849048265764 25.387939729349586
3681 7616.9934275427195 4594.748484568258 214.7588965297644 52.8476003706945 7616 7618 4594 4595 4.0 0.7026772480864983 0.4338738001692828 -0.31002715568499084 0.7866037258634867 0.11651833429501206 0.12182099787967796 0.0 0.4783014877623057 1.9250412 6.601693041753752 8.513650832669867 3.936700358756393 0.011531252417318328 1.1283791670955126 10.267074857114585 13.093317613216968 28.871383178826843
3682 7439.249021981635 4602.246473856022 214.7604021851066 52.84877127778262 7431 7446 4595 4610 114.0 4.765910619597561 1.7651123079444995 -46.98349726323705 0.9288874907399889 0.17690661026684115 0.3440881341895259 0.0 29.935239060348188 9.663655 112.85761984873227 34.90651512124252 3.0684403344874633 0.09910651977165176 6.023896332520351 107.80446227606551 10731812997928.64 26.31840815581004
3683 8582.504965978715 4597.496348154659 214.7502613258422 52.84147369633676 8582 8583 4597 4598 4.0 0.5006365709377035 0.4993245707160324 -45.247296554998805 0.07234956843676632 0.13343776600938648 0.13810540297757976 0.0 0.5416259299548342 1.2096059 7.791907005283534 5.480806627930807 4.09824620341309 0.0090558685135026 1.1283791670955126 13.858409391217414 8.826318679625025 28.545716533303807
3684 10137.481206343164 4604.615347553079 214.7363309103766 52.83161974230112 10128 10146 4597 4612 237.0 3.940447165996639 3.5113633562716253 16.665802987460715 0.45379160460446044 0.2757215855294469 1.689127010671719 0.0 180.26533568126072 9.495864 252.77623480345702 19.856411362792407 1.9150370780477313 0.2713455540559158 8.685588237163813 265.82075618339763 31.6053345953429 25.33852777721937
3685 6866.188923675552 4619.734863650816 214.76532748806162 52.85251023279457 6848 6882 4603 4637 833.0 7.4383057975527445 5.269799677200947 50.79061743878263 0.7057432006808556 0.2534089469269207 4.849699060903547 0.0 1097.642239655212 44250943000000.0 1296.4783445299454 72482585725004.92 1.7040589806506017 0.41719526801471274 16.283492720884475 1385.5455379609155 115972137160007.88 23.545947989825013
3686 6169.2584849941995 4607.309656157891 214.77167344697318 52.85687566317876 6166 6172 4605 4610 33.0 1.7573582172339766 1.4046564187704933 -26.73734189969242 0.6009322040624563 0.15611682778283403 0.2220340099341057 0.0 6.183920613355356 5.4944935 22.469691177306007 19.820687310040732 2.9682587691671336 0.05964178489690155 3.2410224072142872 25.43504714313532 31.64953832926006 27.88641863269857
3687 8232.036296090671 4607.472333574581 214.75327994890432 52.843756751502504 8230 8234 4606 4609 12.0 1.1941619192724153 0.7737804506192509 -36.562709615979806 0.7616663196953768 0.16473466623667152 0.19997874329711987 0.0 2.2212373040854656 2.085364 17.326181464479554 9.34552280507729 3.6115673521489127 0.03492180344055237 1.9544100476116797 18.966002019915912 15.04783497948832 28.205060518808928
3688 6259.776268488897 4612.307434618894 214.7708135160805 52.856326920494055 6254 6265 4607 4618 104.0 2.6751072649666536 2.4640902677691416 46.104339855395104 0.3892827628527381 0.2776355471507654 1.0038890783555148 0.0 57.18072473473245 9.181675 103.34198174527833 23.991857599061085 2.3178476705752633 0.20986344729562556 5.753627391751592 113.03010941077665 38.29964115552106 26.26701463002743
3689 8560.370053511062 4612.291224804467 214.75030279189465 52.84169414549748 8555 8565 4608 4617 82.0 2.656064963652566 2.256511093380821 42.78688442072366 0.5274771141209128 0.22039408011860634 0.43242794505320703 0.0 26.832872257711667 5.6574674 88.87334300878854 19.575236304257604 2.9213323937900713 0.10741168216020133 5.108953969950291 109.08278443907363 31.086494774293374 26.305609462050374
3690 9853.158601296527 4610.970429966517 214.7387969394981 52.83346284000251 9851 9855 4608 4614 27.0 1.768854651111754 1.1523502329023314 -83.61943410022918 0.7586770691798725 0.21134068440876635 0.29794296105615103 0.0 6.914701587287523 3.3738213 34.59415107996753 14.132563954755405 3.2233143797658697 0.05757182200489162 2.9316150714175193 50.19045220197353 22.43620329509613 27.148447228570454
3691 8364.834028068348 4610.162856882045 214.75206796633717 52.8429265114282 8363 8366 4609 4612 11.0 0.9334148657487247 0.9086213592387079 44.279427109447184 0.22895142263462093 0.1401641238869605 0.1704949420030522 0.0 1.7284414674581445 2.037127 12.724897810162101 8.99096795187189 3.497159643624202 0.03387223272919245 1.8712051592547776 14.688083536505763 14.798397295358045 28.482587165360428
3692 9767.845108194024 4613.399974120168 214.73953143010735 52.83401868075655 9764 9772 4609 4617 69.0 2.3005438930079483 2.100952598635604 45.30838764992978 0.40741822613727097 0.24598327024049962 0.540574852970409 0.0 26.17487944662458 5.358952 54.36078378564062 14.251816181314295 2.299544600440023 0.12731767819283685 4.686510657907603 46.87233827308579 22.69405578929125 27.222708451820964
3693 7353.745715387884 4612.526866482616 214.7610562193141 52.84937046356446 7351 7357 4610 4615 31.0 1.6743565661185233 1.3990327786942391 4.701652536106381 0.54939247755019 0.16367675535212187 0.255400072255922 0.0 6.570067904811948 8536520000000.0 23.026176982420235 30763398744779.31 2.9585669887629282 0.0731720162080851 3.141274657157109 17.409785774251112 49221437991646.89 28.298016432004637
3694 7701.602347594258 4624.936602541417 214.75782432127428 52.84722474391891 7687 7716 4611 4637 611.0 6.688225760710485 5.303304471592664 11.104057837706241 0.6093108683417778 0.2345316865391088 1.7976843075169753 0.0 475.5707664765689 20.92049 634.2680115527944 40.89699363784634 1.7830898447642702 0.2840226063096936 13.945871807036522 643.1093083508531 63.32873708151755 24.379288011005933
3695 7204.260662063708 4617.630690272676 214.76233524786366 52.85034871556872 7200 7209 4613 4622 78.0 2.6747143231310724 2.0050808052043463 43.36687407913645 0.6618424347975923 0.21640233004982942 0.561117722576596 0.0 29.625559090336164 13540896000000.0 76.96365672798399 42972539475129.76 2.7313124856361752 0.14157911185953265 4.982787485166879 95.31900521135782 68756063160207.61 26.452051246947825
3696 6136.461852783324 4619.021376906664 214.77184259933466 52.857147305230505 6131 6142 4614 4624 104.0 2.824899754500586 2.513385938731623 9.73152384557384 0.4564955220017604 0.2782973018792895 0.7007317921149658 0.0 48.068357039937055 9.524767 98.90025321647494 26.83111385981089 2.3858667953890014 0.14424903520257448 5.753627391751592 112.91504787530098 43.23708946949673 26.268120442492194
3697 9540.407778988258 4617.73094300246 214.741512200274 52.835488924409354 9538 9543 4616 4620 18.0 1.2709795977229519 1.114779892159199 13.987352392337963 0.4803025101086607 0.19289702262398256 0.2478385111896906 0.0 4.034446689461639 2.8864691 33.68118965122652 11.739159349779706 3.5599128128305346 0.04396247141468341 2.393653682408596 42.44850332046917 18.589748908727145 27.33034404453478
3698 7817.036699791465 4631.751055935904 214.75672350660028 52.846527195822446 7797 7834 4619 4644 709.0 8.198819856101935 5.047394047472582 -4.7235585891327085 0.788039671660739 0.30439901674557995 2.1275915773164353 0.0 643.302374341126 23.214808 863.8552755744679 43.91234034696819 1.8553818153541948 0.290245234986552 15.022706457370044 879.6468481907392 68.55218006132152 24.039229122650205
3699 10006.291521216666 4624.918103065132 214.73728581422756 52.83256366547841 9998 10014 4620 4631 150.0 3.9177594184072078 2.564204493244748 12.84356174318419 0.7560551617676264 0.2975851424208709 0.8559892115345584 0.0 80.4514895232578 7.929109 186.08611690694363 24.097214744681853 2.6312169267707715 0.16597104310425823 6.90988298942671 262.2426773263602 38.514409166874835 25.353241574720233
