outputs/dr0.5_c0.1/nircam2_matched_f150w_f277w_dr0.5_c0.1.ecsv
# %ECSV 1.0
# ---
# datatype:
# - {name: label, datatype: int64}
# - {name: xcentroid, datatype: float64}
# - {name: ycentroid, datatype: float64}
# - {name: sky_centroid.ra, unit: deg, datatype: float64}
# - {name: sky_centroid.dec, unit: deg, datatype: float64}
# - {name: bbox_xmin, datatype: int64}
# - {name: bbox_xmax, datatype: int64}
# - {name: bbox_ymin, datatype: int64}
# - {name: bbox_ymax, datatype: int64}
# - {name: area, unit: pix2, datatype: float64}
# - {name: semimajor_sigma, unit: pix, datatype: float64}
# - {name: semiminor_sigma, unit: pix, datatype: float64}
# - {name: orientation, unit: deg, datatype: float64}
# - {name: eccentricity, datatype: float64}
# - {name: min_value, datatype: float64}
# - {name: max_value, datatype: float64}
# - {name: local_background, datatype: float64}
# - {name: segment_flux, datatype: float64}
# - {name: segment_fluxerr, datatype: float32}
# - {name: kron_flux, datatype: float64}
# - {name: kron_fluxerr, datatype: float64}
# - {name: kron_radius, unit: pix, datatype: float64}
# - {name: gini, datatype: float64}
# - {name: equivalent_radius, unit: pix, datatype: float64}
# - {name: kron4_2_flux, datatype: float64}
# - {name: kron4_2_fluxerr, datatype: float64}
# - {name: kron4_2_mag, datatype: float64}
# meta:
#   PHOTMJSR: 2.251199960708618
#   PIXAR_SR: 2.11539874851881e-14
#   __serialized_columns__:
#     area:
#       __class__: astropy.units.quantity.Quantity
#       unit: !astropy.units.Unit {unit: pix2}
#       value: !astropy.table.SerializedColumn {name: area}
#     eccentricity:
#       __class__: astropy.units.quantity.Quantity
#       unit: !astropy.units.Unit {unit: ''}
#       value: !astropy.table.SerializedColumn {name: eccentricity}
#     equivalent_radius:
#       __class__: astropy.units.quantity.Quantity
#       unit: !astropy.units.Unit {unit: pix}
#       value: !astropy.table.SerializedColumn {name: equivalent_radius}
#     kron_radius:
#       __class__: astropy.units.quantity.Quantity
#       unit: !astropy.units.Unit {unit: pix}
#       value: !astropy.table.SerializedColumn {name: kron_radius}
#     orientation:
#       __class__: astropy.units.quantity.Quantity
#       unit: &id001 !astropy.units.Unit {unit: deg}
#       value: !astropy.table.SerializedColumn {name: orientation}
#     semimajor_sigma:
#       __class__: astropy.units.quantity.Quantity
#       unit: !astropy.units.Unit {unit: pix}
#       value: !astropy.table.SerializedColumn {name: semimajor_sigma}
#     semiminor_sigma:
#       __class__: astropy.units.quantity.Quantity
#       unit: !astropy.units.Unit {unit: pix}
#       value: !astropy.table.SerializedColumn {name: semiminor_sigma}
#     sky_centroid:
#       __class__: astropy.coordinates.sky_coordinate.SkyCoord
#       dec: !astropy.table.SerializedColumn
#         __class__: astropy.coordinates.angles.Latitude
#         unit: *id001
#         value: !astropy.table.SerializedColumn {name: sky_centroid.dec}
#       frame: icrs
#       ra: !astropy.table.SerializedColumn
#         __class__: astropy.coordinates.angles.Longitude
#         unit: *id001
#         value: !astropy.table.SerializedColumn {name: sky_centroid.ra}
#         wrap_angle: !astropy.coordinates.Angle
#           unit: *id001
#           value: 360.0
#       representation_type: spherical
#   astropy version: '5.1'
#   kernelfile: kernel_f150w_f277w.fits
#   make_catalog parameters:
#     ab_zpt: 31.4
#     coadd_bands: !!python/tuple [f277w, f356w]
#     deblend_contrast: 0.001
#     deblend_nlevels: 32
#     deblend_npixels: 1
#     detect_kernel_fwhm: 4.0
#     detect_kernel_npix: 7
#     detect_npixels: 4
#     detect_threshold_nsigma: 3.0
#     flag_isolated_buffer: 4
#     hst_bands: !!python/tuple [f606w, f814w, f125w, f140w, f160w]
#     jwst_bands: !!python/tuple [f115w, f150w, f200w, f277w, f356w, f410m, f444w]
#     near_border_kernelsize: 21
#     reference_band: f200w
#   make_catalog version: 1.4.0
#   photutils version: 1.5.0
# schema: astropy-2.0
label xcentroid ycentroid sky_centroid.ra sky_centroid.dec bbox_xmin bbox_xmax bbox_ymin bbox_ymax area semimajor_sigma semiminor_sigma orientation eccentricity min_value max_value local_background segment_flux segment_fluxerr kron_flux kron_fluxerr kron_radius gini equivalent_radius kron4_2_flux kron4_2_fluxerr kron4_2_mag
[from data line 648]
649 910.3703523745096 2562.6654494585614 214.94872831893588 52.9340041225091 907 914 2558 2567 61.0 2.168484680765823 1.761331630456344 -78.19144337301594 0.5833223455387262 0.2054029987197125 0.9361842935956506 0.0 31.3774619124526 2.6344898 60.0515374559478 7.098852000487238 2.4442305657975476 0.2211044119047149 4.406461512053774 78.86071986326813 11.278132081409618 26.657848157200288
650 6322.849910729247 2560.7664451956152 214.90028798420857 52.89963504027738 6321 6325 2558 2563 23.0 1.3839136581707083 1.1730604172182 66.68875429140445 0.5305719757870433 0.3967562414395973 0.7839061792021886 0.0 13.403822423681955 1.5407369 32.653229970487445 4.417019471140236 2.5880040854385897 0.11455746149618486 2.7057581899030048 42.22631283625201 7.081822115477862 27.336042097809994
651 7339.5589595743595 2560.8979691887885 214.8911921127138 52.89317939608818 7336 7343 2558 2564 45.0 1.9100964480100475 1.492192616072078 -36.51739085287168 0.6242642781858367 0.06759123120357577 0.44811477286376644 0.0 11.285905617267215 1.9873788 28.78791392782702 6.303398356622966 2.8075868687121273 0.22090255308034729 3.7846987830302403 36.25991500414714 9.992506671828073 27.50143304564217
652 7397.862890741627 2559.6586212588722 214.89068371049132 52.892802443400214 7396 7400 2558 2562 19.0 1.148845418165226 1.0948304195956882 2.134414500569131 0.3030230348547599 0.4788735685604314 1.4827751314464057 0.0 17.993857815242905 1.337227 35.01911069773331 3.571767454280801 2.4158472294508697 0.17946537654629832 2.4592453796829674 41.754620151878775 5.66044875974133 27.348238657010686
653 9728.209449922366 2563.7139284802324 214.8698065809917 52.87802332252843 9725 9732 2560 2568 49.0 2.1444851192246377 1.6227658596839705 -65.93826736898718 0.6537439380673716 0.14913370843802656 0.4030901189014709 0.0 13.546190278565378 2.393204 34.34600563115498 7.359099907191595 2.58074022704732 0.14047548540967766 3.949327084834294 34.33063518715565 11.720117070750668 27.560795402903384
654 10115.628523495194 2563.268950123512 214.86634892507723 52.87555990813774 10113 10118 2561 2566 27.0 1.4825888766879143 1.234498251633729 -63.4429704606211 0.5537786672086121 0.14198854922079443 0.5031247585413953 0.0 9.054782955124352 1.7369456 78.67478808671409 7.253238235105392 3.5863264045324157 0.1827865827291855 2.9316150714175193 158.35656124084295 11.597141658100444 25.900909844123614
655 8345.205078964054 2567.3907331316336 214.88213090283986 52.886827637067725 8342 8348 2565 2570 34.0 1.7550586376137882 1.3121848983314395 -17.272464438285777 0.6640831538018291 0.25479871691156136 0.7894131948388109 0.0 17.28420211537835 1.9996929 31.18109464657003 4.765654955705156 2.165238932048277 0.17118665514237558 3.2897623212397704 30.163060167893015 7.615447438788586 27.701311498964348
656 10222.539788457272 2567.5034741096188 214.86534896600955 52.87490359343107 10221 10224 2566 2569 16.0 1.0808997141906718 1.0607005420283058 67.77613888268654 0.19242016754412017 0.3228908925554289 0.5380205234753596 0.0 6.818185550803007 1.4135317 26.166279461785923 4.798163215172362 3.0052335009678375 0.09275800506761808 2.256758334191025 28.109142496889664 7.608474663607707 27.777881007161525
657 8701.983288344136 2567.668658841227 214.8789381689598 52.88456309768934 8701 8703 2567 2569 7.0 0.7558947434044826 0.6620425070936617 2.419613513057811 0.48260241795779674 0.3547354971714106 0.5381596936894893 0.0 3.2697036321101693 0.86908615 9.80809756478829 2.8755060050494143 2.822334605924942 0.07103014588165844 1.4927053303604616 13.928690068550566 4.618440092385657 28.540224312807712
658 9089.484581668565 2573.9075466911454 214.87540838682878 52.88213548227919 9085 9095 2569 2581 99.0 2.7731369441829745 2.2535383570332885 87.96453646814902 0.5827779085559728 0.2427146929146446 1.4773519883321626 0.0 66.74337196690985 3.5885577 110.99338081260147 8.415151771648311 2.1960078526176474 0.25670498698364347 5.613615477764332 121.15774904392347 13.230541877965289 26.191622009751143
659 7348.659355557371 2582.6409953970633 214.89088184571546 52.89323892293301 7343 7354 2571 2594 225.0 5.818290241697862 2.203454843198579 -80.27031613605398 0.9255146758047698 0.03261662344415004 0.9024654932367192 0.0 84.3802291417145 4.509145 128.56725930965854 10.798742568747121 2.288172079405046 0.32633195472740656 8.462843753216344 157.60811372166967 17.21017387821471 25.906053571591958
660 1691.094695996396 2574.7720258948934 214.94160594266162 52.92911462667671 1686 1695 2572 2578 54.0 2.0654313487103226 1.6258041097221323 6.637425080283599 0.6167617140890536 0.06911613468779287 0.5702422738564723 0.0 13.865491460316957 2.4529924 31.445703629763553 6.856744417486138 2.577976503641765 0.29209803542733676 4.145929793656026 45.57994088866229 10.983305436184361 27.253065605948805
661 6867.462022020677 2584.4283864580316 214.8951669990439 52.89630438811697 6857 6878 2573 2597 337.0 5.203964771338758 2.8804172991063073 -51.157819410560705 0.8328462645042961 0.05818294830188387 2.661084720943978 0.0 207.51537324075093 6.113783 233.0760463173227 8.60496272464809 1.5464933018225393 0.45195173018781204 10.357143990692485 239.6093174949296 13.5993367975179 25.451240744734832
662 9460.86551897658 2574.3169640344536 214.872084443259 52.87977871451022 9459 9463 2573 2577 20.0 1.2026044087699341 0.9862048276243092 29.66232964657462 0.5722810596300906 0.025150819851481602 0.42459599140988924 0.0 4.518605917660958 1.5425781 6.3376984728938295 2.546204947206697 1.5580379272036262 0.2910799806054129 2.5231325220201604 5.956165913537641 4.0507240075855675 29.462583032869546
663 7231.128569224905 2577.4263393631836 214.89198791119833 52.89395717349515 7228 7234 2575 2580 31.0 1.5140673592146734 1.3617538765980735 -52.79376803995329 0.4371242703860099 0.26585679160718323 0.8269249618723825 0.0 16.017037245549407 1.7738893 38.497335268279876 5.096259430000375 2.6728007680865074 0.17384857257733302 3.141274657157109 43.71747264240017 8.06062295656756 27.29836238265591
664 7388.823928031734 2581.404557614292 214.8905356447913 52.892977181263944 7383 7394 2575 2587 130.0 2.5465859425889334 2.205420470947698 45.81394354515048 0.49999159891296835 0.04225754327148895 1.591139863893985 0.0 47.16037534763497 3.3985593 65.2950435579011 6.767565839249273 2.1741646191285704 0.47757727865848804 6.432750982580687 84.27180470775686 10.818724680491286 26.58579426355848
665 7511.971085604337 2581.69378075802 214.88943124669623 52.89219667346704 7506 7519 2575 2589 160.0 3.221002700689323 2.4790792799455277 -81.35584578117101 0.6384531035827117 0.03499460698390081 0.8506668886704716 0.0 44.26775360059267 3.7428014 54.72491224290363 6.345758667460378 1.712951363796279 0.3889638365125081 7.136496464611085 54.82514177183771 10.125241449022727 27.052550591527044
666 1837.8617257742242 2578.119762480563 214.94025591346747 52.928201198966725 1836 1840 2576 2580 16.0 1.1228007332549979 1.01141731488894 -71.60107305243687 0.43423715206130004 0.2083998771425512 0.4936557603696209 0.0 5.502558710073952 1.3559363 11.256018286825013 3.330282783001394 2.1609694421474486 0.15497299685642235 2.256758334191025 10.019871384921359 5.282663683090327 28.897844632593447
667 3352.925182727056 2580.1856914960026 214.92666508631473 52.91859564167852 3351 3355 2578 2583 23.0 1.3097207856705515 1.194158592077901 -70.86018535417102 0.41071056076024826 0.23242837455744111 0.5957009539564269 0.0 9.30676900599975 1.523161 26.828801636234875 5.096849182367629 2.8759545623474283 0.143701377123127 2.7057581899030048 36.911317123759886 8.09612229229682 27.48210114348776
668 1517.4727344788387 2584.9833562478602 214.94305385736214 52.93027170201206 1510 1524 2579 2591 141.0 3.5103426572419036 2.5838535906532036 -28.221967829482082 0.6769067665394818 0.26083239068211084 1.1532037973734537 0.0 82.71937463205018 4.088831 191.853939419146 11.785228736275066 2.644084729011778 0.2068238769723944 6.699380116989518 224.17032304424586 18.832749560198273 25.523554705838066
669 1329.5845860076217 2582.2639675176015 214.94476581350526 52.931449468740055 1329 1330 2581 2583 5.0 0.7483903850940631 0.45355299332612653 -71.11248569000554 0.7954357127551817 0.5584984015752704 0.7415560869188604 0.0 3.398591644567018 0.75309384 18.221662773737293 2.935785868675195 3.431640500975959 0.06032786253875592 1.2615662610100802 25.5078545019486 4.7080985687560055 27.883315172286782
670 4026.6805320538306 2586.4773830301597 214.9205665532338 52.91435251278968 4021 4032 2582 2592 93.0 2.3951540227890558 2.2895355593692233 51.17954047380164 0.2936817000297913 0.016208009954165593 0.4588595648079549 0.0 20.372343262823037 3.1645632 62.34214436459006 10.09894944857872 2.9594004137766494 0.29892586449950503 5.440847306724618 133.7325839329522 16.252104411546267 26.0844069100763
671 2032.6837222804497 2584.8737796078294 214.93843961797077 52.927001144505745 2032 2034 2584 2586 7.0 0.7694931598778619 0.6637814486436191 80.14197081265704 0.505849693786037 0.14195392282380725 0.2291225630044258 0.0 1.2408512969633705 0.9006652 26.21217182668127 4.168590385344295 3.950114262247881 0.12138697040819373 1.4927053303604616 53.39814990349164 6.656579934562221 27.081184474499004
672 1638.7194460737824 2595.5401415464944 214.94185648423655 52.92955919285727 1630 1646 2586 2605 235.0 4.347924525830926 2.974758560412572 -59.375553818160945 0.7293141473070862 0.02904051464321432 0.802314556354563 0.0 73.36671972098422 5.138767 95.31749813461711 10.41712947048151 1.9613628762333204 0.3321146861988155 8.6488625410045 116.3718929818684 16.75845240820602 26.235379752756746
673 8552.660321441681 2606.0971267256964 214.8798686687227 52.88571883007154 8535 8568 2587 2624 955.0 6.2258698051919055 5.034195909148735 61.09471620105552 0.5883681309707027 -0.0002750792415188841 10.778366778480848 0.0 1307.1404366728239 11.152282 1340.4660700696027 12.385957229693513 1.4 0.5975851362411152 17.435192608787553 1365.796160329911 19.14619755449706 23.56153528137577
674 1997.786443084415 2622.2997569301283 214.938358165466 52.92742473583212 1966 2028 2588 2655 2686.0 12.176054201691828 7.277619906595952 -49.10662113239665 0.8017203159153143 0.0017795959676281568 18.642686963696885 0.0 3406.165358347394 17.740993 3546.323741159903 20.91204633540854 1.4816976942371634 0.5961789758334834 29.2400470979385 3779.530453993262 32.74527161703578 22.456405377329006
675 4144.583504799965 2590.0094765864555 214.9194738766688 52.91362308313849 4143 4147 2588 2592 19.0 1.1991031922169215 1.0302879094399564 62.247033536069594 0.5116140384616771 0.3915659640964062 1.257570363282836 0.0 14.948222355620118 1.4373665 29.960950177022028 3.94537285923592 2.4886574651058027 0.1903605302131627 2.4592453796829674 42.11209503517801 6.317538603833243 27.33898288080077
676 8612.58606332296 2590.967414957339 214.87949216174394 52.88525659335709 8609 8616 2588 2595 48.0 1.8752137902505497 1.673227532936543 76.51771786996716 0.45147004163397053 0.10032918693332571 0.5437479439948562 0.0 15.38879309213327 2.421854 40.00491082068601 7.393384896387792 2.7987151578918006 0.21378768379143778 3.9088200952233594 55.61054849199883 11.954677550939467 27.037107053538023
677 3690.1877664842004 2595.273398690366 214.92348650043587 52.91653614250236 3685 3695 2590 2602 106.0 3.008104778555641 2.403248017639179 61.081910860704404 0.6014315887184534 0.2842013937221082 0.9576351696568247 0.0 58.7246174024148 3.6944244 119.88059255879526 10.224381346198165 2.438935985793182 0.16925429758335517 5.808687281605183 125.34951710540867 16.51066402046952 26.15469333693015
678 7453.828565071551 2591.4747365010753 214.88984827498248 52.89261869392896 7453 7455 2590 2593 10.0 1.0177469637652827 0.7331746549638024 88.33454268537425 0.6935692910769058 0.3272540146431432 0.42701047827472205 0.0 3.834857781521848 0.93744 17.408336838931532 3.626028045370598 3.2073682177188103 0.05024885267666061 1.7841241161527712 16.406068480900544 5.7791147108372725 28.362488699959822
679 1427.2314711758809 2595.4813129835684 214.9437518008147 52.93090112424215 1424 1431 2592 2599 58.0 1.6427897324465377 1.5741707929512918 31.693918107763952 0.2859979281328187 0.373766567981691 5.529385004591019 0.0 97.8181454737013 2.7408206 117.32676233481084 4.418767689644921 1.7948274301627225 0.4510110537756434 4.296739856991561 125.6592655466977 6.912975622001222 26.152013707442855
680 771.4642225536332 2594.523483648448 214.9496375771777 52.93505771115687 771 772 2594 2595 4.0 0.5030678752560467 0.4950668696978388 -47.61709126168422 0.17763980496285542 0.3281549942633917 0.41451392337246584 0.0 1.4572617900359401 0.6682404 6.9502510860768965 2.5539548436372743 3.4991082370979245 0.06335902745425849 1.1283791670955126 7.573435111215328 4.105063752490072 29.20176772811163
681 7269.4241715344815 2598.602962697984 214.8914224830058 52.89382824022214 7265 7273 2594 2603 72.0 2.468921659042503 1.6990099406539878 56.92093220824797 0.7255601916477981 0.11283995343408519 0.7845861596663303 0.0 26.69131391066054 2.5520418 45.01254139505471 6.282492001698725 2.3481430274472292 0.2845042073940738 4.787307364817192 51.64778354354453 10.124895207828763 27.117370778558502
682 8830.767445227779 2596.494440537609 214.87748342971744 52.883900620270325 8829 8833 2594 2599 21.0 1.5724883170145612 0.9805159108697887 -65.81573905630077 0.7817881281119611 0.22150684186282976 0.46976487166005865 0.0 8.200001046608747 1.6032743 21.13065356508576 4.713153277397536 2.532522819235869 0.10976831274267393 2.5854414729132054 17.19618718386281 7.427331690933471 28.311419590372182
683 6260.327149813097 2614.95612709144 214.9002768900062 52.900324491788076 6249 6273 2596 2633 728.0 6.664341951298759 3.905209646565895 -81.04222068960046 0.8103213315430796 0.06690180152032939 8.880187313573138 0.0 893.5215466446343 8.707927 940.7334175652668 10.545395838073995 1.4665920356131807 0.5593188843063475 15.222667215103916 984.2549088810063 16.378276824408974 23.917231026321176
684 2316.0057286796878 2620.2718774773307 214.9355291493151 52.92539400483017 2301 2327 2597 2643 614.0 10.842199299101384 3.0337132991571183 71.64333085149264 0.9600565383541058 -0.09933261499681084 1.6207527318534303 0.0 297.47626304898426 19.518354 358.8885010739243 30.144047510037957 1.5730331888916325 0.39763683050658594 13.980066885278035 357.2397299254844 46.25931691810052 25.017600619084273
685 2700.8210433934155 2600.449235746936 214.9322913221619 52.92284440875272 2694 2708 2598 2604 79.0 3.7844826056813954 1.4237927098970553 6.381385818185379 0.9265309344630239 0.08898925334995014 0.48579813159135127 0.0 24.235735404307146 3.013863 54.46506128058428 8.36072469498097 2.4572357997448164 0.17536894965677552 5.014626706796775 41.14401916727404 13.248906815288308 27.364233215918304
686 9187.703230735704 2602.7827961109424 214.87422648106903 52.881667376882454 9185 9190 2599 2606 38.0 1.86272801365892 1.4437059598504922 -73.1586685393189 0.6319008243605512 0.15621913924230685 0.5182000782591014 0.0 14.084459718803332 2.0413303 36.88589735922792 6.571061354366492 2.7260210168230445 0.1367271006949169 3.477898169151024 53.131566669197134 10.54772482041052 27.086618445085627
687 6414.798268899233 2609.0416576828047 214.89895720716288 52.89931168973262 6402 6428 2601 2618 344.0 5.447407893042203 2.789680340603017 17.87440457600463 0.8589189660550117 0.0900990723541048 3.4437578363928436 0.0 318.13486709021856 5.851461 372.7259863945609 9.520883099035135 1.7723053825770305 0.46307852246037623 10.464157913908982 409.12280426305773 14.988975612924675 24.870365781273684
