outputs/dr0.5_c0.1/nircam3_f115w_dr0.5_c0.1.ecsv
# %ECSV 1.0
# ---
# datatype:
# - {name: label, datatype: int64}
# - {name: xcentroid, datatype: float64}
# - {name: ycentroid, datatype: float64}
# - {name: sky_centroid.ra, unit: deg, datatype: float64}
# - {name: sky_centroid.dec, unit: deg, datatype: float64}
# - {name: bbox_xmin, datatype: int64}
# - {name: bbox_xmax, datatype: int64}
# - {name: bbox_ymin, datatype: int64}
# - {name: bbox_ymax, datatype: int64}
# - {name: area, unit: pix2, datatype: float64}
# - {name: semimajor_sigma, unit: pix, datatype: float64}
# - {name: semiminor_sigma, unit: pix, datatype: float64}
# - {name: orientation, unit: deg, datatype: float64}
# - {name: eccentricity, datatype: float64}
# - {name: min_value, datatype: float64}
# - {name: max_value, datatype: float64}
# - {name: local_background, datatype: float64}
# - {name: segment_flux, datatype: float64}
# - {name: segment_fluxerr, datatype: float32}
# - {name: kron_flux, datatype: float64}
# - {name: kron_fluxerr, datatype: float64}
# - {name: kron_radius, unit: pix, datatype: float64}
# - {name: gini, datatype: float64}
# - {name: equivalent_radius, unit: pix, datatype: float64}
# - {name: kron4_2_flux, datatype: float64}
# - {name: kron4_2_fluxerr, datatype: float64}
# - {name: radius_kron20, unit: pix, datatype: float64}
# - {name: radius_kron50, unit: pix, datatype: float64}
# - {name: radius_kron80, unit: pix, datatype: float64}
# - {name: near_border, datatype: bool}
# meta:
#   PHOTMJSR: 2.962800025939941
#   PIXAR_SR: 2.11539874851881e-14
#   __serialized_columns__:
#     area:
#       __class__: astropy.units.quantity.Quantity
#       unit: !astropy.units.Unit {unit: pix2}
#       value: !astropy.table.SerializedColumn {name: area}
#     eccentricity:
#       __class__: astropy.units.quantity.Quantity
#       unit: !astropy.units.Unit {unit: ''}
#       value: !astropy.table.SerializedColumn {name: eccentricity}
#     equivalent_radius:
#       __class__: astropy.units.quantity.Quantity
#       unit: !astropy.units.Unit {unit: pix}
#       value: !astropy.table.SerializedColumn {name: equivalent_radius}
#     kron_radius:
#       __class__: astropy.units.quantity.Quantity
#       unit: &id001 !astropy.units.Unit {unit: pix}
#       value: !astropy.table.SerializedColumn {name: kron_radius}
#     orientation:
#       __class__: astropy.units.quantity.Quantity
#       unit: &id002 !astropy.units.Unit {unit: deg}
#       value: !astropy.table.SerializedColumn {name: orientation}
#     radius_kron20:
#       __class__: astropy.units.quantity.Quantity
#       unit: *id001
#       value: !astropy.table.SerializedColumn {name: radius_kron20}
#     radius_kron50:
#       __class__: astropy.units.quantity.Quantity
#       unit: *id001
#       value: !astropy.table.SerializedColumn {name: radius_kron50}
#     radius_kron80:
#       __class__: astropy.units.quantity.Quantity
#       unit: *id001
#       value: !astropy.table.SerializedColumn {name: radius_kron80}
#     semimajor_sigma:
#       __class__: astropy.units.quantity.Quantity
#       unit: !astropy.units.Unit {unit: pix}
#       value: !astropy.table.SerializedColumn {name: semimajor_sigma}
#     semiminor_sigma:
#       __class__: astropy.units.quantity.Quantity
#       unit: !astropy.units.Unit {unit: pix}
#       value: !astropy.table.SerializedColumn {name: semiminor_sigma}
#     sky_centroid:
#       __class__: astropy.coordinates.sky_coordinate.SkyCoord
#       dec: !astropy.table.SerializedColumn
#         __class__: astropy.coordinates.angles.Latitude
#         unit: *id002
#         value: !astropy.table.SerializedColumn {name: sky_centroid.dec}
#       frame: icrs
#       ra: !astropy.table.SerializedColumn
#         __class__: astropy.coordinates.angles.Longitude
#         unit: *id002
#         value: !astropy.table.SerializedColumn {name: sky_centroid.ra}
#         wrap_angle: !astropy.coordinates.Angle
#           unit: *id002
#           value: 360.0
#       representation_type: spherical
#   astropy version: '5.1'
#   make_catalog parameters:
#     ab_zpt: 31.4
#     coadd_bands: !!python/tuple [f277w, f356w]
#     deblend_contrast: 0.001
#     deblend_nlevels: 32
#     deblend_npixels: 1
#     detect_kernel_fwhm: 4.0
#     detect_kernel_npix: 7
#     detect_npixels: 4
#     detect_threshold_nsigma: 3.0
#     flag_isolated_buffer: 4
#     hst_bands: !!python/tuple [f606w, f814w, f125w, f140w, f160w]
#     jwst_bands: !!python/tuple [f115w, f150w, f200w, f277w, f356w, f410m, f444w]
#     near_border_kernelsize: 21
#     reference_band: f200w
#   make_catalog version: 1.4.0
#   photutils version: 1.5.0
# schema: astropy-2.0
label xcentroid ycentroid sky_centroid.ra sky_centroid.dec bbox_xmin bbox_xmax bbox_ymin bbox_ymax area semimajor_sigma semiminor_sigma orientation eccentricity min_value max_value local_background segment_flux segment_fluxerr kron_flux kron_fluxerr kron_radius gini equivalent_radius kron4_2_flux kron4_2_fluxerr radius_kron20 radius_kron50 radius_kron80 near_border
[from data line 2125]
2126 717.3309928397482 2805.8588260371844 214.83931021357765 52.8818271693304 715 720 2804 2808 25.0 1.2807598329449728 1.0618047857753603 -8.937397809811038 0.5591850749681788 -0.09142601065874992 0.7772138438244587 0.0 7.823039756517376 1.2211365 15.609979996150033 3.014770502977117 2.5044156475031913 0.3453681713195341 2.8209479177387813 19.111861701075505 4.826543813786016 1.318206646183793 2.6952109832308713 4.898597492342717 False
2127 619.6816428089504 2807.3216262348838 214.84016719869962 52.88245556422262 616 623 2805 2810 40.0 2.0823235176710635 1.2623359396740264 -1.7182785614044411 0.7953007381324845 -0.06893473434022757 0.6011760762896806 0.0 8.599087807703677 1.5447146 12.910898260911281 2.924732572517246 1.6870772261518547 0.36024159417656676 3.5682482323055424 12.936667877364075 4.638033460895341 1.7218867037008523 2.993785080809271 7.333372351395673 False
2128 10126.35854542963 2810.8543382464727 214.7553153198215 52.82203484235035 10122 10130 2807 2814 57.0 1.7969080172019736 1.5249913453502038 -28.308795293647893 0.5289142979360972 -0.18160156417214005 0.932350219165384 0.0 19.39080829241176 1.7268535 28.530846566478154 3.814323077409092 2.2877112827487647 0.4371365849021361 4.259537945889915 41.6210762222599 6.107717720263248 1.5312242979190747 2.7987682918058563 6.185566732280331 False
2129 9620.889044907826 2811.3857839770344 214.75981337577448 52.825252802843806 9619 9623 2808 2814 27.0 1.7006433764087696 1.135777360359833 -55.53552646532087 0.7442944790087914 0.05084985616485354 0.47718400919046083 0.0 7.434972640697505 1.2276311 28.9485911357644 4.354353287665524 3.075851160168 0.21854806677460162 2.9316150714175193 54.161874408216036 6.977653913509684 2.5286164778560583 5.104096673478709 7.590896143480027 False
2130 7972.279593342811 2812.5910754440997 214.7744941608906 52.83574428819849 7971 7974 2811 2814 15.0 0.9784633429851961 0.8798311215733035 49.317241262553054 0.4375443839828658 0.1127595793904519 0.746739516228676 0.0 5.5636810725870465 0.9007581 8.687137701143497 2.2407006030425443 2.3913545190655596 0.3176239662833627 2.1850968611841584 10.875839011211685 3.532733400685617 0.9188025352371957 1.7594375708902819 3.083654771194617 False
2131 10154.805390762533 2816.3009676020356 214.75500455172946 52.8218832209011 10151 10159 2812 2819 53.0 1.732676993481217 1.0682204841483944 8.82790659557316 0.787343556311796 -0.2579042838771958 1.5240122757889871 0.0 15.238792165972054 1.7928019 17.9156933424415 2.7152306874576 1.8914809570110758 0.5977630791259826 4.1073621666150775 19.584454899425282 4.255553701808103 0.9561948502516125 1.742961617445766 3.438931842052723 False
2132 7136.558481974389 2816.1901414362874 214.78190746906645 52.84107808555113 7135 7138 2815 2817 12.0 1.0885909381685284 0.6752994348253758 -27.079409115291863 0.7843308883895049 -0.010536024553025635 0.774475600695842 0.0 5.162665633527743 0.8574337 11.021416717024426 2.0620298834733273 2.315656662829865 0.3104087678115253 1.9544100476116797 13.332904727197768 3.236742903582477 1.1310067611265944 2.0484783847241874 3.03473654827605 False
2133 nan nan nan nan 2264 2322 2817 2850 1020.0 nan nan nan nan 0.0 0.0 0.0 0.0 31937438.0 nan nan nan nan 18.01877032173579 nan nan nan nan nan True
2134 9913.243389013232 2823.035285558674 214.75708584149623 52.82345598867794 9910 9918 2817 2830 97.0 3.33649016236263 1.6006420812361515 82.21622484804286 0.8774116332812012 -0.2531030802353119 0.7266100061689912 0.0 24.451629976002227 2.252796 33.0322570839738 4.986734474396619 2.12669201179431 0.40905101716447484 5.556622981616415 45.863843443730474 8.004108903594766 2.1952601577743773 4.041457932269475 6.6087971660278075 False
2135 8571.19012993482 2827.7595849968748 214.7689957883091 52.83201716698331 8561 8581 2818 2837 311.0 4.30347407804713 4.023895850309277 -20.10385020247809 0.3545572835351472 -0.15630247315984047 1.6024936951708368 0.0 81.07207972562597 3.8820488 304.7376495182481 12.668249611210944 3.1408669170148427 0.40831807472782333 9.949591680222808 584.5752347447391 19.576918496144813 7.201074761644895 19.500908807944523 27.82629797658874 False
2136 8612.138523928206 2830.6548865472328 214.76860033013568 52.83177233527212 8599 8626 2821 2838 315.0 5.245168985042002 3.6747243829356004 -16.647147070505763 0.7135619068135507 -0.00871631024141105 1.461150081483778 0.0 169.11405953283077 4.0029993 353.9295095546587 10.756455489965711 2.52062355092511 0.3005501469714935 10.013371767186818 429.7522455097708 17.140942800592317 4.971492566433416 10.543710237860699 17.935184146781985 False
2137 10135.054593017217 2822.662783948773 214.75511354944942 52.82204310220946 10134 10136 2821 2824 8.0 0.9797538041472721 0.5749386834590454 49.9510450550831 0.8097177405325907 0.17010616404821016 0.8098993007694162 0.0 4.332546229913843 0.6581582 15.343622006559254 2.3065969279685157 3.007401842099367 0.2518116628021465 1.5957691216057308 20.389603772189794 3.6828901421013107 1.3699220746690473 2.64580957726874 4.179183735563383 False
2138 7666.857289355459 2826.69746545675 214.77706856140168 52.83776251783423 7663 7670 2823 2829 40.0 1.725652651540408 1.312665345105546 -23.07124333514734 0.6491298517548169 -0.06449306775095241 0.8626118473397574 0.0 10.780012673316635 1.4733636 21.644413354978973 3.884284583741841 2.5450649048883793 0.42263345569497174 3.5682482323055424 41.38423105731011 6.207457236797506 1.677925167301521 3.5919937149138135 7.353756312510101 False
2139 7590.24719373112 2825.2017425593353 214.7777673389088 52.838241636178026 7586 7592 2824 2829 35.0 1.7870178172352986 1.0717487220317077 -12.57644019676405 0.800193819911014 -0.26947207480457985 0.5750393374934258 0.0 3.2000356059551067 1.3675461 11.592522070499495 3.3617787841878592 2.3679426410064806 0.5813649236248999 3.3377905890622728 20.523287872061083 5.366200799397991 1.8827112858344754 3.2099247680055036 4.305662318914996 False
2140 3540.556564816838 2828.5661323687746 214.8138595273865 52.86400670495965 3537 3544 2826 2831 34.0 1.5319176107515484 1.3193929323093925 26.77859543706248 0.508149537980007 0.011908200725128323 1.2557560788958244 0.0 20.63409873050998 1.471916 42.54660639373843 3.851305448172306 2.559678050920668 0.2951267986786551 3.2897623212397704 43.15338167987782 6.0566503910506455 1.6850392070854452 3.3076690838900493 5.923585831971126 False
2141 1792.7157592014808 2834.21828533913 214.82940587859048 52.87514612610781 1789 1797 2829 2839 86.0 2.3660105038547115 1.8340583508305326 77.39964775273837 0.6317537408728718 -0.1843910127125064 1.3369438355635694 0.0 35.41421669858186 2.1663117 45.86431515612577 4.580451918274336 2.18179138584129 0.40165467831196805 5.232078956954491 49.710605737828025 7.294384113764107 1.7453574813055894 3.232477334759271 5.8331173752212315 False
2142 2172.4049711321763 2833.6019504676324 214.8260215762564 52.87272974187325 2170 2175 2831 2836 27.0 1.1229459832391757 0.9852009614215208 14.046357901627074 0.47987655202147295 -0.0490899672688965 1.8537379965636225 0.0 11.904593148601448 1.2376411 15.775647554820555 2.1014766277913806 1.937821000127122 0.5285271017249259 2.9316150714175193 15.743784444800001 3.3125317367343388 0.8121812821903702 1.6102836055017344 3.2909108235031055 False
2143 1411.075792857615 2841.590230197833 214.83273684611015 52.87761122772619 1404 1421 2832 2853 246.0 5.17263435475402 2.847812018464954 60.03457323798715 0.8347998734347871 -0.015862521311260182 1.9055939966032542 0.0 146.34153426649988 3.852011 188.08255635736813 7.988976533091305 1.9508019286229303 0.371696533817764 8.848967849484623 205.2556316297214 12.702971311987156 3.054294110416099 5.799790909663149 10.846358595863235 False
2144 3861.6192656733774 2832.7942806037336 214.81094922056724 52.86198865099134 3861 3862 2832 2834 6.0 0.8216683266101056 0.4646371946496355 -77.98902250322179 0.8247618498808127 0.1231219077552239 0.4468000615756417 0.0 1.4328894275069608 0.56827974 9.887721427850307 2.33179395311711 3.5993088574283107 0.30425732373045766 1.381976597885342 13.393498105835526 3.7146975214904856 1.6010787172747576 2.7331830720504704 4.633072670768768 False
2145 7243.603024004936 2837.1767224014534 214.78073203801702 52.84051044104021 7238 7250 2832 2841 87.0 2.756934536793667 1.9317951117279022 10.403680148158845 0.7134520845193163 -0.054774832576910244 1.4366510234679828 0.0 40.05537482043319 2.1973264 80.63270180518282 6.288585690412452 2.613061407443603 0.3442406714563695 5.262410103554244 104.54427051838752 10.078749056732216 2.459290202842036 5.667605549469425 10.656778621389051 False
2146 1037.443328729185 2840.798685561331 214.83608262360835 52.87998134193305 1034 1042 2834 2846 98.0 3.09101336777808 1.6395381092224557 -87.13675942294186 0.8477344295747732 -0.19385009769673017 0.9322044224542508 0.0 28.11292677525721 2.3713474 36.239680817246345 3.3392983319243754 1.4 0.4538973376715151 5.585191925620057 33.69820125520839 5.308367415534133 1.9250159898380204 3.662964532178659 6.856555876882014 False
2147 8230.225796606097 2838.8241711129226 214.77191855708958 52.834245166363175 8227 8233 2834 2845 65.0 2.850020671515132 1.3453817183413053 88.62990055716439 0.8815662416032627 -0.22191677503147308 1.1563819889349203 0.0 21.073753466066997 2.5149546 66.12783226140911 8.46105009308071 3.0757072818961815 0.4144741888239668 4.54864184146723 107.0741578350364 14718522.349570526 3.321666531085082 8.012494213436893 12.697422198536067 False
2148 3773.2285206620654 2859.26547986437 214.81145945320267 52.86269316085054 3758 3788 2836 2876 881.0 6.184535726926138 3.785483144903177 79.1004172318831 0.7907892755592133 -0.23019597196124336 9.410344291418445 0.0 432.48021831894886 7.105073 434.3335167635871 7.211267946345897 1.4 0.7250809086824096 16.74607445725474 440.32092905969216 11.29894231937442 2.2747033842595252 4.644030404569907 9.054195175381818 False
2149 9678.90935171762 2840.4105465708817 214.75899086900282 52.82504003832945 9675 9683 2836 2844 62.0 1.9001248485440265 1.5403508484813986 11.564875907842955 0.5855203546508616 0.008436612407069282 1.6436951380359734 0.0 27.80559633617069 1.8594387 39.07184267433688 3.7727968264694973 2.129391455976927 0.44958397226613916 4.442433223290478 37.24040742386333 6.002358486165596 1.3615513424033658 2.848701723120349 5.595778233965299 False
2150 9426.426095175864 2839.1981382496474 214.76125342376307 52.82663941217374 9425 9428 2837 2841 16.0 0.9915962772024957 0.8449485889218926 63.66486359526218 0.5233635760588293 0.1068522749163357 1.39378823564878 0.0 8.899112681008305 0.9613004 11.433243614569157 1.882999694821336 1.9772447221468161 0.36428270859699224 2.256758334191025 14.00955560844908 3.0295112948141325 0.7956611647346002 1.4673273445392387 2.377034070415612 False
2151 6151.707552642191 2840.235401698174 214.7904374871831 52.847469758158006 6150 6153 2839 2842 12.0 0.9641521551563861 0.7843536175639644 73.3846434808871 0.5815419339547105 0.11703988624758097 0.6533101381014885 0.0 3.7845457308858883 0.9034525 8.04827506523822 2.62743546113425 2.7235005293483407 0.32026702103524296 1.9544100476116797 8.770336402131283 4.13861161090557 1.0496678813541602 2.0673443342796327 3.704471846598189 False
2152 8260.684907220833 2846.4354970876607 214.77156691867293 52.83409244840242 8252 8268 2842 2851 138.0 3.6598940031424525 1.8318053899061337 -1.4564470288967912 0.8657320434680519 0.015772881091892725 4.76234919003334 0.0 78.59162698090996 2.598025 268.0056688535035 8.042544483345251 3.15359802676652 0.4962015246290798 6.627726932618989 418.2003409911845 8734770.69468568 4.267077800997373 11.779990182091206 17.787457585436602 False
2153 9564.483688039323 2875.403000710272 214.75964211305384 52.82595624453801 9549 9580 2842 2913 1655.0 15.459163811196337 5.194448639777084 80.69818594119235 0.9418580718504421 -0.10627278416271813 8.083359868573009 0.0 1572.1289329097563 9.8236265 1709.5639092929 14.714300646066768 1.5837708521990068 0.4555305379537185 22.95218642382842 1812.0675853597888 23.168195237363047 6.531696748596785 14.10600160613418 23.266059227580246 False
2154 8308.276876308233 2843.697835328151 214.77117150444062 52.833775040361445 8308 8309 2843 2844 4.0 0.45951394049680033 0.44712854929754625 -80.72208323441541 0.2306079139117817 0.06548432263751315 0.38808881759833236 0.0 0.7663560577082886 0.43615952 8.41131213498095 1.6098684094444513 3.679182195988669 0.4293884744560562 1.1283791670955126 17.402959575424646 2.568957826447293 1.7126358286043215 2.9451061663016826 3.613312785511341 False
2155 9454.21231070405 2848.900309510984 214.76090369331197 52.826514920956754 9450 9459 2843 2855 90.0 2.5921067044738733 1.9974154367409704 -72.69657845238582 0.6373480186881251 -0.07446446612706248 0.9850377127227167 0.0 26.83223775115777 2.2456577 43.78343066972731 5.633777133776583 2.4091788311289304 0.4472176747671284 5.352372348458314 49.1461676066136 8.865243105019147 2.1139694313429245 4.304336244947884 10.203842607431882 False
2156 4113.745875478483 2860.2053308995532 214.8084103372318 52.86053365988258 4102 4126 2848 2874 480.0 4.826690488385716 2.556217476879192 43.635500864905154 0.848247227218472 -0.1245018761091251 16.611524898701244 0.0 591.1643495440608 5.2013335 599.7741312189048 5.535514278273027 1.5062895637118272 0.6984432653165376 12.360774464742066 655.7632302559016 8.621572853752486 1.8621760887604806 3.779560174734453 7.094997557307861 False
2157 9781.24897918852 2851.109538047301 214.75796638255957 52.82444670559136 9780 9782 2850 2852 7.0 0.8899510314654798 0.5589475696721088 -55.41359116384697 0.7781604495203037 0.3348333023751317 0.7397546970687217 0.0 3.8031057079682524 0.6110966 16.44889069997589 2.355390622864859 3.2908651116320615 0.13093840712423116 1.4927053303604616 16.163424162768216 3.7493456711340305 1.3637783830773549 2.7331725680195627 4.238053728564956 False
2158 6841.2958089797 2863.414432345931 214.78404327951134 52.84320993694451 6834 6849 2851 2877 321.0 5.382386678377602 2.20162076404881 -79.34553152329397 0.912515677820394 -0.19129397368253576 3.7666576366750264 0.0 185.974558301842 4.3486714 223.59451340463977 6.945473048670723 1.922560504394299 0.5747160344211361 10.108287365572707 256.3644178917857 10.956711843700898 2.331799023361237 5.195917974716653 10.685045945493854 False
2159 9058.754391869947 2854.9121402777073 214.76436450466608 52.8290624985208 9053 9064 2851 2861 103.0 2.6018000908678314 2.1028338000443907 -3.3120879162576724 0.5888770039360476 -0.07043274356815588 1.662599689776397 0.0 47.305679021821724 2.3308456 87.47654122250454 5.833067794976708 2.492370877468664 0.38556020379545436 5.725898905580716 106.24754076269686 9.361624494459994 2.3571165254514974 5.19296859598141 9.649232130991836 False
2160 3426.937354520095 2865.238349798065 214.81448762890153 52.86492653655399 3421 3433 2853 2876 219.0 5.165494883530637 2.1006318983503025 81.42850056824751 0.9135768415416124 -0.27285009833749424 2.0651371641595015 0.0 71.17819774998308 3.7580087 116.35098700389952 8.33347535128369 2.273750117368538 0.4643404080537574 8.349243383340204 138.33582842488704 13.220264664985297 3.163822065421236 7.036270633531461 12.249209742474736 False
2161 1630.3285681737498 2859.113348183331 214.83059404300738 52.876312320631435 1621 1638 2854 2864 151.0 3.926297422856862 2.0418163865126577 -14.57938609297245 0.8541442841017103 -0.1381690261122671 1.590356820121541 0.0 67.38827637242682 2.9882734 99.60669106907727 6.245567955507812 2.090286616576639 0.3886982714986125 6.93287767191607 107.71734338801892 10.052604071013883 2.543973048831886 5.241555021533096 8.943083647538103 False
