outputs/dr0.5_c0.1/nircam3_matched_f200w_f277w_dr0.5_c0.1.ecsv
# %ECSV 1.0
# ---
# datatype:
# - {name: label, datatype: int64}
# - {name: xcentroid, datatype: float64}
# - {name: ycentroid, datatype: float64}
# - {name: sky_centroid.ra, unit: deg, datatype: float64}
# - {name: sky_centroid.dec, unit: deg, datatype: float64}
# - {name: bbox_xmin, datatype: int64}
# - {name: bbox_xmax, datatype: int64}
# - {name: bbox_ymin, datatype: int64}
# - {name: bbox_ymax, datatype: int64}
# - {name: area, unit: pix2, datatype: float64}
# - {name: semimajor_sigma, unit: pix, datatype: float64}
# - {name: semiminor_sigma, unit: pix, datatype: float64}
# - {name: orientation, unit: deg, datatype: float64}
# - {name: eccentricity, datatype: float64}
# - {name: min_value, datatype: float64}
# - {name: max_value, datatype: float64}
# - {name: local_background, datatype: float64}
# - {name: segment_flux, datatype: float64}
# - {name: segment_fluxerr, datatype: float32}
# - {name: kron_flux, datatype: float64}
# - {name: kron_fluxerr, datatype: float64}
# - {name: kron_radius, unit: pix, datatype: float64}
# - {name: gini, datatype: float64}
# - {name: equivalent_radius, unit: pix, datatype: float64}
# - {name: kron4_2_flux, datatype: float64}
# - {name: kron4_2_fluxerr, datatype: float64}
# - {name: kron4_2_mag, datatype: float64}
# meta:
#   PHOTMJSR: 1.891700029373169
#   PIXAR_SR: 2.11539874851881e-14
#   __serialized_columns__:
#     area:
#       __class__: astropy.units.quantity.Quantity
#       unit: !astropy.units.Unit {unit: pix2}
#       value: !astropy.table.SerializedColumn {name: area}
#     eccentricity:
#       __class__: astropy.units.quantity.Quantity
#       unit: !astropy.units.Unit {unit: ''}
#       value: !astropy.table.SerializedColumn {name: eccentricity}
#     equivalent_radius:
#       __class__: astropy.units.quantity.Quantity
#       unit: !astropy.units.Unit {unit: pix}
#       value: !astropy.table.SerializedColumn {name: equivalent_radius}
#     kron_radius:
#       __class__: astropy.units.quantity.Quantity
#       unit: !astropy.units.Unit {unit: pix}
#       value: !astropy.table.SerializedColumn {name: kron_radius}
#     orientation:
#       __class__: astropy.units.quantity.Quantity
#       unit: &id001 !astropy.units.Unit {unit: deg}
#       value: !astropy.table.SerializedColumn {name: orientation}
#     semimajor_sigma:
#       __class__: astropy.units.quantity.Quantity
#       unit: !astropy.units.Unit {unit: pix}
#       value: !astropy.table.SerializedColumn {name: semimajor_sigma}
#     semiminor_sigma:
#       __class__: astropy.units.quantity.Quantity
#       unit: !astropy.units.Unit {unit: pix}
#       value: !astropy.table.SerializedColumn {name: semiminor_sigma}
#     sky_centroid:
#       __class__: astropy.coordinates.sky_coordinate.SkyCoord
#       dec: !astropy.table.SerializedColumn
#         __class__: astropy.coordinates.angles.Latitude
#         unit: *id001
#         value: !astropy.table.SerializedColumn {name: sky_centroid.dec}
#       frame: icrs
#       ra: !astropy.table.SerializedColumn
#         __class__: astropy.coordinates.angles.Longitude
#         unit: *id001
#         value: !astropy.table.SerializedColumn {name: sky_centroid.ra}
#         wrap_angle: !astropy.coordinates.Angle
#           unit: *id001
#           value: 360.0
#       representation_type: spherical
#   astropy version: '5.1'
#   kernelfile: kernel_f200w_f277w.fits
#   make_catalog parameters:
#     ab_zpt: 31.4
#     coadd_bands: !!python/tuple [f277w, f356w]
#     deblend_contrast: 0.001
#     deblend_nlevels: 32
#     deblend_npixels: 1
#     detect_kernel_fwhm: 4.0
#     detect_kernel_npix: 7
#     detect_npixels: 4
#     detect_threshold_nsigma: 3.0
#     flag_isolated_buffer: 4
#     hst_bands: !!python/tuple [f606w, f814w, f125w, f140w, f160w]
#     jwst_bands: !!python/tuple [f115w, f150w, f200w, f277w, f356w, f410m, f444w]
#     near_border_kernelsize: 21
#     reference_band: f200w
#   make_catalog version: 1.4.0
#   photutils version: 1.5.0
# schema: astropy-2.0
label xcentroid ycentroid sky_centroid.ra sky_centroid.dec bbox_xmin bbox_xmax bbox_ymin bbox_ymax area semimajor_sigma semiminor_sigma orientation eccentricity min_value max_value local_background segment_flux segment_fluxerr kron_flux kron_fluxerr kron_radius gini equivalent_radius kron4_2_flux kron4_2_fluxerr kron4_2_mag
[from data line 4714]
4715 1493.0687323526433 3576.0812279804204 214.82426972058806 52.88104920586776 1480 1507 3544 3609 1267.0 11.849728325142978 4.85947106780718 -83.17128806198815 0.9120444539131768 0.1067796407640343 5.759176848577294 0.0 1068.1915578679536 9.02123 1383.0289632442682 15.935876912441941 1.994858000540301 0.45382862458700574 20.082296327732614 1675.0411729491166 24.72579211501513 23.33993628356061
4716 nan nan nan nan 8085 8100 3511 3522 143.0 nan nan nan nan 0.0 0.0 0.0 0.0 11958261.0 nan nan nan nan 6.746726148605861 nan nan nan
4717 nan nan nan nan 8097 8103 3518 3523 29.0 nan nan nan nan 0.0 0.0 0.0 0.0 5385164.5 nan nan nan nan 3.0382538898732494 nan nan nan
4718 7347.861868254627 3528.241953012149 214.77252674419242 52.84356926487386 7330 7365 3517 3541 572.0 8.231164308274062 3.6249934275488047 23.34193122525061 0.897802346180047 0.10313842094768748 2.8178982191530966 0.0 450.71230999924967 5.8928356 569.2820376697324 10.868341388249178 1.9022287102260877 0.38189832447381306 13.493452297211721 638.2623081228961 17.21050387688499 24.387502003987237
4719 7355.264888020436 3549.7029600852898 214.7722347726954 52.84363775839226 7349 7362 3541 3558 206.0 3.566681282733061 2.5561111380227994 -72.6282903796921 0.6974188752581276 0.10384211537527008 3.1303691589249714 0.0 136.33231801503132 3.3958762 159.59799769685029 5.730997076153628 1.8525587084896094 0.4610888441818582 8.097643889049511 188.73352592520425 9.06636444799586 25.710377366293592
4720 1011.7019666492613 3534.949959740279 214.82900249397196 52.88388680384238 1009 1015 3532 3538 35.0 2.021706469477255 1.2531510310461347 41.549394387316 0.7847217730320888 0.046582647815082354 0.2204241213239962 0.0 5.509160979624216 1.3710301 17.403125959123432 4.69121846493456 2.8824359231130465 0.13366809360099913 3.3377905890622728 36.990914785740785 7.495000794711631 27.479762321110886
4721 1019.8602299242849 3543.548057230885 214.8288390648737 52.883881301834194 1014 1025 3537 3550 94.0 3.175812831787795 1.9170972047176635 53.90702948606633 0.797245203792577 0.0032602908200156694 0.47840358125034405 0.0 19.62639270692855 2.361743 60.65471381873787 7.649912212733928 3.038133413173124 0.291460108469174 5.4700209598571305 113.76872601839199 12.419459798993694 26.25994276278445
4722 1025.858825508378 3550.9263154267046 214.8287077745552 52.88388294968571 1021 1031 3545 3556 81.0 2.3751208471686387 2.0104813432927195 40.80756538494875 0.5324278501631772 0.07970805209183981 0.8558868062729191 0.0 28.7578907685462 2.206145 65.46306609255547 6.326929022012768 2.7029319593814285 0.288857739746555 5.077706251929807 95.95857880358344 9.977831590077574 26.44479048195883
4723 607.3088202906637 3560.612720910548 214.8323447393729 52.886595110409914 599 616 3547 3573 363.0 6.689966641697897 3.689773039895892 79.36564172801783 0.8341495482206019 0.1671665593278278 0.7702516911108881 0.0 150.23531753108927 4.5583253 334.76294957570235 13.579048558323553 2.628695839301719 0.21438288533607008 10.749255261864239 555.8291637466226 21.674028556959584 24.53764667501416
4724 606.0706253220859 3576.5951136438875 214.83218747248267 52.88668913306756 598 616 3568 3583 197.0 4.494032258126832 2.7691490518680686 23.82783911646482 0.7876025330724798 0.17534858261953204 1.0106257015894051 0.0 93.0618202087848 3.3135664 234.91180934493389 10.210865900212497 2.802678716045838 0.25675500731821593 7.918778161951929 431.0522716332018 16.23777793052446 24.813675154613446
4725 1396.720119951491 3566.8222668958706 214.82522777418598 52.88161165262815 1393 1400 3564 3570 37.0 1.6549012837087007 1.4782040263991387 12.643216302851242 0.4496041463192874 0.2778598732419752 1.04669695055187 0.0 22.65820196197128 1.504786 47.06941609068596 4.1887232076635295 2.525029879696429 0.2069535868144735 3.431831258788849 66.06754850733986 6.721822836048137 26.850029519398426
4726 1391.1839922575848 3572.58526510298 214.82521652632965 52.88167789989775 1386 1397 3567 3579 103.0 2.784010074819834 2.434087122766956 -58.522221729890205 0.48536839589983183 0.14685881876485385 0.7669963029915322 0.0 42.2256698245788 2.5123231 116.61983371992011 8.044501053203195 2.892057219888973 0.21016181351255145 5.725898905580716 161.94717355181507 12.76369054841214 25.876566568216973
4727 10044.132556658988 3584.4353727001676 214.747904371502 52.82672240184379 10028 10057 3567 3601 704.0 7.249304068428185 4.956892396575945 -66.18447976249486 0.7296929781367965 0.14924863813738246 3.2011359707098523 0.0 557.9743025220557 6.4778724 687.9831722837039 11.355047108219928 1.7955003779950534 0.3925297752373154 14.96964127403822 727.3505259254505 17.837003179196405 24.245640607008266
4728 10033.983233226041 3602.698833484785 214.7478025132586 52.82688527908041 10030 10038 3596 3608 72.0 2.8230419822429047 1.7855879840292435 69.26920758657813 0.7745563296824185 0.28535435087605626 0.7967232911517654 0.0 35.70041944641787 2.0723135 89.31754782724408 6.325648349045649 2.67522883014442 0.15115367915219677 4.787307364817192 115.50305246887984 9.933809620791637 26.24351634564445
4729 1938.9800306305858 3577.2878664439454 214.82027466068246 52.87822160038164 1934 1944 3571 3585 112.0 3.075193876637093 2.233002297036979 -74.96110140392348 0.6875533913337136 0.15199988439753975 1.0940595957656905 0.0 52.02307191711777 2.587622 86.81782647300335 6.330325523979151 2.3663866905927375 0.2680159537175059 5.970821321441846 130.83893665661924 10.121343604838637 26.108157485237236
4730 1933.9364627573905 3587.028208679485 214.82021711968898 52.87830615237192 1929 1940 3580 3593 102.0 3.023318624084866 2.17029132329315 -50.8028774884198 0.6961971017481566 0.09773039963962495 0.8019053827548626 0.0 43.62731193344337 2.3538928 98.9798108822242 7.02416502144715 2.677687759490831 0.23726776251312745 5.698035485213008 140.0587174695356 11.182547460358768 26.03422463711011
4731 3694.926288003773 3590.122694363534 214.80446252234617 52.86712907072854 3688 3702 3575 3603 258.0 6.8338100289607695 2.4914207523274157 77.90404370415729 0.9311749176922869 0.03565504541974786 0.7620595218626384 0.0 74.74450884557649 3.9212806 171.03273901269526 11.970065206639386 2.743982624960712 0.27722729660850165 9.062226582657155 174.0357100742326 19.084286260410487 25.798404076175988
4732 3698.58188469343 3606.0094067522136 214.80426259305543 52.867191430666814 3693 3703 3599 3612 102.0 2.688234768775792 2.1696209123466947 -66.97262066270488 0.5904418991932154 0.05342231886004103 0.7850317272093701 0.0 29.80517762730028 2.356545 58.691870971758505 6.261412078440827 2.6399397911896356 0.3251940377472484 5.698035485213008 77.00505129908532 10.435515126685276 26.683701963712757
4733 3703.8036284646555 3613.1390796811293 214.80414090399285 52.86719665058006 3699 3708 3609 3617 65.0 2.397882011918961 1.660558170958904 29.044355787757222 0.721407915608557 0.05891610289070715 0.5159407004144642 0.0 15.107379517553376 1.9353939 28.091645541901617 4.193645430994572 1.952553776057005 0.2699184513071498 4.54864184146723 32.1331843460777 6.570716112221249 27.63261558610533
4734 8056.147704925086 3584.016453559195 214.76562499935724 52.83936508182031 8047 8072 3576 3592 305.0 5.751650800838571 3.052675836035984 13.619202386991796 0.8475298252572145 0.1629703985916787 3.468623148676897 0.0 267.0308662278782 5.7155213 372.267290350653 14204267.47022588 2.08784662982214 0.3788301743667361 9.853147481188747 354.49932218383856 31961657.326322105 25.02596147716914
4735 8066.830241038278 3578.310339713367 214.76558985197377 52.83926641520571 8063 8072 3575 3582 47.0 1.8739326613494995 1.7818407725876502 32.26872178029319 0.3096323619437991 0.07655534216683717 0.8517177042838068 0.0 23.432447289137578 3.0202808 79.96092936098016 13752820.412116677 3.042618721293045 0.2158786346134047 3.8678889139475245 128.28529114706157 25669624.71863655 26.129557839574492
4736 8071.562952320256 3582.5452123523983 214.765503075005 52.839259118385506 8068 8077 3577 3587 57.0 1.899898527696749 1.58013028276455 -85.31220363106108 0.5552373594151288 0.005845590401104337 0.6237593828736072 0.0 16.173582013846875 4472136.0 27.057077656597233 15817570.986288296 2.4651420258167014 0.40747531791634695 4.259537945889915 64.03877549771937 24299363.86397507 26.883892452331086
4737 1522.2499083203807 3589.629182912589 214.82386640903533 52.880936762152245 1515 1530 3583 3597 164.0 3.102728215252412 2.6267294085341915 -34.117275662461225 0.532250346413432 0.25009509664124074 4.18493913358805 0.0 185.71171284511007 3.2941794 270.77301262076793 6.929808395770559 2.2425246465516273 0.41768876959685947 7.225151993843567 362.1222974717483 10.983590145575608 25.002861832318132
4738 1524.3620763196252 3598.976899092444 214.82374909635374 52.880973720306024 1516 1532 3592 3607 159.0 3.2084420385418166 2.6698063974036343 -23.902642777179036 0.5545967419612295 0.14158485309581484 2.9383644574762386 0.0 179.3972669991435 3.2776434 263.789501996288 6.926543307607102 2.2497242708992307 0.3737017398892071 7.1141599576634995 373.28589928474946 11.198009273229394 24.969896037630566
4739 1513.899556761635 3608.942286729789 214.82373758675382 52.881093927929484 1505 1524 3600 3617 230.0 4.31228438034969 2.5976834536848403 -45.72463680336168 0.7982007776617973 0.1107318926800241 2.9594834070153038 0.0 219.73010586450394 3.847876 328.4461668932138 8.362559019043577 2.2893911837835286 0.41962374745473763 8.556358677747903 469.5713447310553 13.206467582332104 24.720746033686083
4740 6521.51199994335 3593.4807510981864 214.77920853292468 52.849175578265935 6519 6524 3590 3596 36.0 1.615950693247231 1.5156193503880981 -35.197949695751895 0.3468736196771067 0.10688247307555471 0.5350993481608317 0.0 12.442666637865372 1.396155 38.363450425745015 4.680867522024818 2.9258764960313894 0.1932828179057794 3.385137501286538 29.759737546275787 7.404336683841393 27.715927257975576
4741 6527.433238287626 3593.6109708279314 214.77915435474657 52.84913862644655 6524 6531 3590 3597 47.0 2.021793375560724 1.7642639086777359 -45.53554778335086 0.48839396129505785 0.1566747544511743 0.44110664760982893 0.0 14.743980288906867 1.5840427 36.58811441773669 4.974591079117659 2.570226397472621 0.12986617128279532 3.8678889139475245 31.754938376315756 7.846405251597717 27.64547181429164
4742 9593.416093552438 3620.922623954515 214.75153594388163 52.82978592270106 9583 9609 3609 3629 359.0 5.497755850119079 4.682006715375332 5.947685121596932 0.5241573569559667 0.1612569408116635 1.451829876393223 0.0 217.25369898687862 4.535105 812.7617087890139 14.67856632520272 3.0674157616716937 0.309159497789465 10.689866656791414 1415.5782170713474 24.592170261302808 23.522665322274953
4743 9576.498845317245 3626.261061924583 214.75163047551027 52.82992227351843 9558 9588 3608 3635 555.0 6.594062391026191 5.279444915077159 41.970081003170414 0.5991508235027907 0.16675031069641796 3.167216613204171 0.0 444.9386060200003 5.657097 1070.0680254731851 15.11985131848551 2.789522514004823 0.4280040147130422 13.291425312283248 1820.3868515980928 25.70331570946071 23.249590775007903
4744 9587.663209910701 3661.7255689517415 214.7511576134952 52.83004217586185 9542 9644 3616 3715 5441.0 16.296488150684056 12.2685897821711 -42.44075588152846 0.6582076618954704 0.15082099341621746 81.94838316812805 0.0 15260.11956819282 20.095411 16156.230255748162 22.54699151481378 1.6032511661201214 0.5965757323123801 41.616392091650674 17898.39004262222 35.449982678781716 20.767965079959566
4745 9548.454451394548 3650.649775536137 214.75162358475302 52.830231960517565 9525 9561 3625 3669 1110.0 8.571273599096871 7.309938114862916 30.6960939609453 0.522169818947547 0.13699090207133977 5.483815922564609 0.0 865.0528383153244 7.9911838 1729.2195035662166 17.946346635219435 2.6039108690293387 0.48293259924492066 18.79691393990002 3089.602347774 30.685072212873727 22.675243533865654
4746 9428.484786002115 3663.889879295274 214.75255317252527 52.831066368773186 9401 9456 3641 3696 1836.0 7.548128178180505 6.736182383459983 -30.304448727555233 0.4511842115454624 0.15728871843940254 41.369349204874744 0.0 4479.31953069743 11.404549 4641.429742720072 12.291733609655566 1.5267182156624388 0.6826436539602243 24.17471718621419 5106.277556203905 17.67743862510937 22.129738956079883
4747 9397.063682388045 3653.872219893852 214.75293862667826 52.83121230749547 9384 9406 3636 3668 401.0 8.447100269100904 4.2287466473907696 76.44683389270521 0.8656699362388315 0.13047172321557915 1.2398111814062154 0.0 176.76302968028068 4.7228827 614.505283799308 17.81755133601254 2.9215564617671723 0.27507091431213526 11.297887606083718 972.5537873749397 28.41542623656728 23.9302159263831
4748 9507.621176627606 3665.582907311654 214.7518302010986 52.830572094822 9497 9517 3654 3677 270.0 5.931892650697791 4.237695493904668 -73.47755621170192 0.6997459180921769 0.1587194914539228 0.3492564291281138 0.0 69.11990436216652 4.003457 891.2989506605657 16.87267244560785 3.700777213189745 0.0848236829134458 9.27058084855655 1932.5956062185412 26.673653299220096 23.184647530424357
4749 9625.520920592442 3675.222963688292 214.7506781885273 52.82987401988722 9602 9659 3641 3706 2136.0 11.54590739626014 8.241139181296523 -61.71324132795755 0.7003786851674281 0.016486257743439363 50.3294560270568 0.0 4622.866234602704 12.110609 5207.1311594247745 15.84126139610338 1.7282556336540986 0.5338030989144298 26.075082298788182 6032.394850937314 25.420331510551677 21.94877559856066
4750 9449.431659101348 3681.9319005887 214.75217656715702 52.83103025456568 9418 9488 3659 3707 1844.0 13.315263991717993 7.609179528987738 -12.685314657473107 0.8206278941783514 0.1165703735732741 4.532159583536036 0.0 1262.3099131855922 10.22879 2255.852082380166 22.97462847214095 2.4505885515734116 0.42511689132787894 24.22732816723524 3628.0513213849426 38.452324198909764 22.500816445404826
4751 9544.249822767717 3687.7926381169914 214.75126999091782 52.83045866170405 9531 9554 3670 3708 493.0 9.740783185716886 4.406802349300711 -74.69675004710649 0.891811386264779 0.28771066114905514 1.151952957285125 0.0 255.66867023467566 5.2661176 698.527370423222 14.480424923480138 2.801444248857125 0.14660486642914447 12.527041705391134 1679.1454549733353 23.654820891349733 23.337279204330038
4752 9526.188823327773 3676.9031034858194 214.75154557132166 52.83051492639864 9506 9541 3647 3703 991.0 11.465857988993555 7.232635255122733 80.66514885937887 0.775947444701101 0.17174580493356018 0.6249379483649473 0.0 377.9659699758339 7.389527 2180.069125272513 27.197094154905734 3.4466420877288106 0.14135229843382227 17.76077411624101 3899.6296737361095 45.488743521565844 22.422441583901232
4753 9661.166775526275 3692.1680812450586 214.75018217556874 52.829738492095245 9655 9669 3676 3713 232.0 10.662296259212386 2.5101519087329685 81.76556621279832 0.9718929553831032 0.07608148220365542 0.4534477906335522 0.0 59.18196407499627 3.570319 835.55892182553 19.232068019189903 3.668745784880445 0.19728218935136024 8.593479713983122 1465.8980840010418 29.596114820610584 23.484740557004216
4754 9488.987193781895 3700.3398967115113 214.75163029722526 52.83087773859744 9465 9509 3672 3723 1186.0 9.498418767371264 7.931350754601293 -60.45230643147327 0.5502226094315282 0.15353728839331704 2.8697485599003176 0.0 709.6000905015526 8.032774 2162.253974572808 24.148695522468415 2.9283350091396514 0.34778826952307 19.429758748218564 3726.4494674510556 39.568390401808294 22.47176190911932
