outputs/dr0.5_c0.1/nircam1_matched_f115w_f277w_dr0.5_c0.1.ecsv
# %ECSV 1.0
# ---
# datatype:
# - {name: label, datatype: int64}
# - {name: xcentroid, datatype: float64}
# - {name: ycentroid, datatype: float64}
# - {name: sky_centroid.ra, unit: deg, datatype: float64}
# - {name: sky_centroid.dec, unit: deg, datatype: float64}
# - {name: bbox_xmin, datatype: int64}
# - {name: bbox_xmax, datatype: int64}
# - {name: bbox_ymin, datatype: int64}
# - {name: bbox_ymax, datatype: int64}
# - {name: area, unit: pix2, datatype: float64}
# - {name: semimajor_sigma, unit: pix, datatype: float64}
# - {name: semiminor_sigma, unit: pix, datatype: float64}
# - {name: orientation, unit: deg, datatype: float64}
# - {name: eccentricity, datatype: float64}
# - {name: min_value, datatype: float64}
# - {name: max_value, datatype: float64}
# - {name: local_background, datatype: float64}
# - {name: segment_flux, datatype: float64}
# - {name: segment_fluxerr, datatype: float32}
# - {name: kron_flux, datatype: float64}
# - {name: kron_fluxerr, datatype: float64}
# - {name: kron_radius, unit: pix, datatype: float64}
# - {name: gini, datatype: float64}
# - {name: equivalent_radius, unit: pix, datatype: float64}
# - {name: kron4_2_flux, datatype: float64}
# - {name: kron4_2_fluxerr, datatype: float64}
# - {name: kron4_2_mag, datatype: float64}
# meta:
#   PHOTMJSR: 2.962800025939941
#   PIXAR_SR: 2.11539874851881e-14
#   __serialized_columns__:
#     area:
#       __class__: astropy.units.quantity.Quantity
#       unit: !astropy.units.Unit {unit: pix2}
#       value: !astropy.table.SerializedColumn {name: area}
#     eccentricity:
#       __class__: astropy.units.quantity.Quantity
#       unit: !astropy.units.Unit {unit: ''}
#       value: !astropy.table.SerializedColumn {name: eccentricity}
#     equivalent_radius:
#       __class__: astropy.units.quantity.Quantity
#       unit: !astropy.units.Unit {unit: pix}
#       value: !astropy.table.SerializedColumn {name: equivalent_radius}
#     kron_radius:
#       __class__: astropy.units.quantity.Quantity
#       unit: !astropy.units.Unit {unit: pix}
#       value: !astropy.table.SerializedColumn {name: kron_radius}
#     orientation:
#       __class__: astropy.units.quantity.Quantity
#       unit: &id001 !astropy.units.Unit {unit: deg}
#       value: !astropy.table.SerializedColumn {name: orientation}
#     semimajor_sigma:
#       __class__: astropy.units.quantity.Quantity
#       unit: !astropy.units.Unit {unit: pix}
#       value: !astropy.table.SerializedColumn {name: semimajor_sigma}
#     semiminor_sigma:
#       __class__: astropy.units.quantity.Quantity
#       unit: !astropy.units.Unit {unit: pix}
#       value: !astropy.table.SerializedColumn {name: semiminor_sigma}
#     sky_centroid:
#       __class__: astropy.coordinates.sky_coordinate.SkyCoord
#       dec: !astropy.table.SerializedColumn
#         __class__: astropy.coordinates.angles.Latitude
#         unit: *id001
#         value: !astropy.table.SerializedColumn {name: sky_centroid.dec}
#       frame: icrs
#       ra: !astropy.table.SerializedColumn
#         __class__: astropy.coordinates.angles.Longitude
#         unit: *id001
#         value: !astropy.table.SerializedColumn {name: sky_centroid.ra}
#         wrap_angle: !astropy.coordinates.Angle
#           unit: *id001
#           value: 360.0
#       representation_type: spherical
#   astropy version: '5.1'
#   kernelfile: kernel_f115w_f277w.fits
#   make_catalog parameters:
#     ab_zpt: 31.4
#     coadd_bands: !!python/tuple [f277w, f356w]
#     deblend_contrast: 0.001
#     deblend_nlevels: 32
#     deblend_npixels: 1
#     detect_kernel_fwhm: 4.0
#     detect_kernel_npix: 7
#     detect_npixels: 4
#     detect_threshold_nsigma: 3.0
#     flag_isolated_buffer: 4
#     hst_bands: !!python/tuple [f606w, f814w, f125w, f140w, f160w]
#     jwst_bands: !!python/tuple [f115w, f150w, f200w, f277w, f356w, f410m, f444w]
#     near_border_kernelsize: 21
#     reference_band: f200w
#   make_catalog version: 1.4.0
#   photutils version: 1.5.0
# schema: astropy-2.0
label xcentroid ycentroid sky_centroid.ra sky_centroid.dec bbox_xmin bbox_xmax bbox_ymin bbox_ymax area semimajor_sigma semiminor_sigma orientation eccentricity min_value max_value local_background segment_flux segment_fluxerr kron_flux kron_fluxerr kron_radius gini equivalent_radius kron4_2_flux kron4_2_fluxerr kron4_2_mag
[from data line 2967]
2968 3251.329939777018 3596.0692297281203 214.9891760341935 52.997066931871004 3247 3256 3591 3601 78.0 2.2314761189007 1.761019026899634 -78.76414749689104 0.6141719317272945 0.04410376670884108 0.979961215260043 0.0 25.834421582088694 2.3446941 32.1179470208632 3.7779755802772303 1.6410011175240233 0.38474201001333275 4.982787485166879 32.38278650130267 6.092306975242603 27.624214458592842
2969 3307.19338058551 3592.885744769683 214.9887079639195 52.9966953758485 3306 3309 3592 3594 9.0 0.9403488963025086 0.6969582469040903 23.097048424414417 0.671317554510284 0.20011534323343885 0.34984001815655447 0.0 2.574534147885631 0.80792284 29.367798366305784 3.5710161209081965 3.7528091957742853 0.09998306604347758 1.692568750643269 45.38065457927017 5.702193688228415 27.25782311014739
2970 2590.3248198814613 3597.0983889876356 214.99510126347457 53.001265201278365 2585 2596 3593 3601 83.0 2.8181020750753953 1.7443575331287535 11.438275275082109 0.7854043118548658 0.04805621926065484 0.5294723312400407 0.0 22.444371659223485 2.3867862 44.102386898348286 6.431726617294917 2.550470694653928 0.2816376195910918 5.140011726956917 25.040476039794783 10.262162709075824 27.90339354773041
2971 9381.283517934344 3594.194753002288 214.93420117985238 52.95816077943836 9380 9383 3593 3595 9.0 0.9592544466919747 0.6789037755335379 -21.224637857041326 0.7064719155511252 0.328826673284161 0.5151587485618244 0.0 3.8065121372949005 0.7909176 21.239888619019837 3.090734212452741 3.3350740277585267 0.0849116807903595 1.692568750643269 29.12988415650276 4.921979389021383 27.739153106169557
2972 9663.963739431094 3596.593178354586 214.9316422355314 52.95637943925383 9660 9668 3593 3601 57.0 2.158487666969455 1.5903033999658105 -49.96769580525411 0.6761462576087882 0.17531638750961168 1.017274552335551 0.0 29.44578912427148 1.9665971 48.49794353064701 4.543272679282815 2.178491021361332 0.2512205544411707 4.259537945889915 53.2367166145812 7.276724956289574 27.08447184393168
2973 8349.087447409665 3600.455526132514 214.94338859992135 52.96474591088106 8345 8354 3596 3605 77.0 2.3362677061423227 1.8309175726535596 -52.31448251187043 0.6211478576189068 0.0829110532189466 1.4324428499943282 0.0 44.699262657476666 2.2297928 71.11595861526035 5.307342386833501 2.3325831910193386 0.3201765870572789 4.950743503369154 85.0539602869283 8.328589312257892 26.575763649845833
2974 319.96662754098116 3601.389191064052 215.01545346312503 53.01568684315361 316 324 3597 3606 71.0 2.3099053212817084 1.9431080631500437 -81.48726732901183 0.5407135285665188 0.13187003720941506 0.6835002121136252 0.0 23.412020817785134 2.3817525 52.324214561366546 6.903597707263839 2.665777968698657 0.2327401565383402 4.753945931439391 69.73728799139475 11.000463739607815 26.79133736469985
2975 3328.061249181469 3605.7871713589666 214.98838461132843 52.996632730378714 3322 3334 3600 3612 131.0 2.994669907009423 2.0717806400646746 -45.90967929713592 0.722067408769048 0.12747646451467745 3.1479325544177863 0.0 120.5410607328173 3.1428888 138.54982497610496 4.79687131913865 1.605332970193702 0.4168602517532914 6.457444935117649 142.63089791492587 7.552480807832805 26.014465959344967
2976 6975.39173601472 3611.1403468834587 214.95559519432595 52.97352131819235 6962 6989 3600 3622 478.0 5.098902193129758 3.144003743333791 -34.320798520639514 0.7872734248046304 0.0010160827428886603 3.9174212386910625 0.0 289.3157220678711 5.576561 304.7524391427105 6.998965840506364 1.5572937470308477 0.5919437263220131 12.334995970645954 326.2578874182012 11.076608952777788 25.116097450698945
2977 7745.770210908636 3608.644654394544 214.94871219554878 52.96861904518772 7732 7760 3600 3617 370.0 5.803187654106033 3.5653983786479078 3.183081198665703 0.7890054524747235 0.0756583710887112 1.4373932232607622 0.0 134.24493394157759 4.883605 240.83566644514025 12.342977923047817 2.4524925696533155 0.32821870087460275 10.852403323135505 305.8721605766756 19.662001408823002 25.186150122985595
2978 2899.6582798881636 3615.5741288075583 214.99212846255816 52.999403013789035 2888 2914 3604 3628 468.0 5.280537799064185 3.441521257556295 45.343866382157934 0.7584451413366298 0.07971277604926759 4.35608158135865 0.0 436.8001086468688 5.5706983 465.5048446431708 7.0156847916509 1.4573340535835093 0.5246268446187715 12.205286835384658 478.90331918439335 11.094052455283473 24.69938038234404
2979 1403.0230741381633 3606.0148777021554 215.00567258641127 53.00884362145037 1402 1404 3605 3607 7.0 0.9095412303476728 0.5355195398818442 44.46351482532397 0.8082934493504773 0.19084190343968488 0.22728016502769796 0.0 1.4593774597087519 0.77000844 9.198237290276724 3.005607494147624 3.4737567253197246 0.036683798334112436 1.4927053303604616 8.520001514030932 4.7399273260811245 29.07390082014451
2980 9081.375876701793 3607.1073337003545 214.93675343278395 52.96013408488367 9079 9084 3605 3609 22.0 1.4851065236839092 1.0253546339556285 -30.342528798187626 0.7234040049585928 0.2085781786383066 0.5058992800610042 0.0 7.713234026296025 1.1845664 15.597672965059584 3.251382887692771 2.348891404158279 0.1408079381873211 2.6462837142006137 15.11027980662855 5.189840378103271 28.451818733700804
2981 2857.2823729095285 3611.175901770194 214.99255537421857 52.999648029457674 2856 2859 3609 3613 14.0 1.269681364507534 0.8630796150807295 78.6734514051009 0.7334338825956268 0.1504036082081488 0.2290137076434121 0.0 2.7532022896254227 0.935067 23.58382699552711 4.13296813016822 3.5891842345018654 0.058502290277040646 2.111004122822376 27.334269263989924 6.6358322562431376 27.80823132938614
2982 3286.9018483579157 3619.2747158743423 214.98861204532824 52.996966703948196 3279 3294 3609 3626 189.0 4.379944948002336 2.1119375345602625 50.11075890838531 0.8760701999988327 0.021682613442959325 1.991522302294679 0.0 93.21256371774518 3.719688 116.20314801800318 6.853666198668088 1.9054295062372792 0.42637552204038215 7.756324418739616 128.3729692072539 10.916652397938355 26.128816034125602
2983 9595.127130517349 3612.4380523809464 214.93209224775958 52.956901931513045 9592 9598 3609 3615 34.0 1.7402498779939422 1.4247579236082795 -61.757547808893044 0.5742089066998165 0.075259371869221 0.29765375915066766 0.0 6.725900130601786 1.491904 38.81425890091404 6.009767339832659 3.4106390100443336 0.1908999591392236 3.2897623212397704 64.83834427938595 9.62298477451063 26.870420209709458
2984 6564.794856953824 3615.566669620987 214.95923170859376 52.97615069624007 6559 6571 3610 3621 100.0 3.2527669855411685 1.9849566611740561 -33.69605222560955 0.7922194102286577 0.0720766042985383 0.5015279228797445 0.0 28.45937825683066 2.5166671 42.31323888498113 5.757274547723651 2.0447393797554247 0.21787481066552936 5.641895835477563 54.036572509562355 9.228198361540926 27.06828051419678
2985 7529.168490964507 3617.2899265491837 214.95056357441683 52.97004032534027 7524 7535 3610 3624 127.0 3.418382092094181 2.2495629109068775 59.22568545178469 0.7529495431975327 0.13204180866042114 0.9346211538628068 0.0 53.05479183822051 2.8346496 95.39569440451703 7.106962513729958 2.3120637321652233 0.2555384495899102 6.358093703724522 102.85779373927738 11.37792544671116 26.36940698841797
2986 6761.172081413759 3614.96996479536 214.95747638781336 52.97490136276209 6757 6766 3611 3619 69.0 2.3234720554386876 1.9575252834626107 22.59098833554166 0.5386962913704729 0.056001555821614174 0.3782781119136531 0.0 15.321852347362723 2.07687 24.952054936093408 4.16501665395016 1.770587578247595 0.18320473121157743 4.686510657907603 19.67873107712147 6.662189156421399 28.165007272888126
2987 7039.913594754805 3613.2160137832375 214.95499458394872 52.973123091738074 7038 7042 3611 3616 22.0 1.2932742101830044 1.1846548009058284 -49.08735684050929 0.40115067866213233 0.1474114770869986 0.374896551567397 0.0 5.7857511886192885 1.1934638 15.600810423470515 3.7397075059809035 2.7295523617520265 0.1415280161913241 2.6462837142006137 21.678011049902747 5.962312001550072 28.05995141668987
2988 9393.938923405729 3623.7449509706626 214.93377637883287 52.95824000833543 9382 9407 3611 3636 515.0 4.491966190821303 3.768677080776268 -41.764366159669535 0.54415975405606 0.14564678748977916 12.228172180270066 0.0 731.0290495489326 6.097603 771.6724421451612 7.395184945419268 1.541461456072924 0.5929857226025723 12.80349918517013 828.1696216969387 11.540693304273207 24.104701760022873
2989 3761.914983656013 3621.231969633493 214.9843263779901 52.99396410300961 3755 3769 3617 3626 117.0 3.234223587343118 2.0996752731616413 -3.1903359773471935 0.7606131780618881 0.14951195577362472 0.932169159484765 0.0 47.534671241098756 2.818927 88.20287861445142 7.251505915732624 2.421127654664698 0.27698810235248195 6.102643417692329 105.274567411092 11.580593277335389 26.34419133621217
2990 1608.9224463084743 3619.8145044927955 215.0036773168808 53.007612410549136 1607 1610 3618 3621 12.0 0.954784047009171 0.8597508866590058 71.65138827753597 0.43492572781272437 0.0917882759207762 0.24817286818550777 0.0 2.1899116966552743 0.9918874 5.250647871611711 2.672063797372255 2.396293013025443 0.1743420677010767 1.9544100476116797 4.015447543817421 4.278174202912619 29.89066510791945
2991 7311.661047574913 3628.055301958075 214.95240085683508 52.97147877514142 7302 7321 3619 3638 330.0 3.5715805284796587 3.3459449513483857 60.79374811934197 0.3497991309839313 0.06781739098983054 4.61408807287991 0.0 231.37073892474604 4.6741395 245.69885071483355 6.022755554213831 1.5431734034423146 0.5504113850478971 10.249012754438885 261.7121785673348 9.54722547446581 25.355440168357045
2992 2963.7346879068173 3631.0044642719745 214.99139040507887 52.99907997500895 2944 2982 3621 3642 616.0 6.483627598555901 3.6362876799557022 -3.01906254031979 0.8279231656723296 0.07401213108697126 5.17923734721864 0.0 488.6715113839013 6.6354012 594.2352074672701 10.69880978075033 1.8975795099792787 0.5370756159623039 14.002817212590296 666.4901236645361 16.967178715402742 24.34051570440915
2993 4222.527506332385 3626.8463233473885 214.98013203542436 52.99107246330812 4219 4226 3622 3633 79.0 2.6576957044269895 1.6426830772759635 89.36606957548742 0.7861109092790912 0.05056591501759257 0.5609860944844819 0.0 19.297986576839477 2.1775696 22.86925157500407 3.1710604311480313 1.4 0.3235564118602977 5.014626706796775 22.11311081956903 5.069366248927134 28.038375394034894
2994 595.9099677444677 3626.3041548038555 215.01271098276297 53.01407172031937 594 598 3624 3628 22.0 1.3730993271693328 1.1437845676550369 -55.96447684646623 0.5532808524684212 0.13275803346243312 0.3724304667496382 0.0 5.65521432277728 1.3721153 36.62650350700485 5.238173930664288 3.4215119501452023 0.1471716276939437 2.6462837142006137 69.02533135918912 8.365129082486012 26.802478749584044
2995 4279.225357576654 3631.320569024925 214.97957591192807 52.99073695694201 4273 4286 3625 3637 132.0 2.8577550696733947 2.4244949670945144 -14.366251554738767 0.5293693868102968 -0.009466609589666615 0.6684983729869698 0.0 30.112687711237612 2.8282244 44.299673730113796 6.033260941363247 2.1010899951213595 0.3551483801201544 6.4820448144285745 51.83760821004401 9.611644581473403 27.11338761261329
2996 4155.556783997891 3626.579494207882 214.98073604584755 52.99149587142557 4155 4156 3626 3627 4.0 0.5048447909835653 0.4853740676154015 -40.38140492721774 0.2750418371966628 0.1318423023000723 0.2334325769698501 0.0 0.74546237304585 0.50487006 10.833115150134642 2.191578072373953 4.074893249321259 0.14384827576979262 1.1283791670955126 19.896958845394614 3.507267110900887 28.153033245859433
2997 1170.3272287598634 3632.819934793658 215.00748074815377 53.010464244500795 1167 1174 3627 3637 59.0 2.6658317029318432 1.5312670540486755 -64.76146532356468 0.8185712542275859 0.05550879596715207 0.29368226752195337 0.0 10.566323558470904 2.0883214 68.4177292600721 8.387794845833275 3.4778452854761572 0.2260257472038905 4.3336224206596095 135.47371846126597 13.444145096857573 26.07036237146309
2998 1331.3523927071067 3633.8860251093097 215.00602273950554 53.009448815962955 1325 1337 3627 3640 124.0 4.207614613195864 2.0508599356673805 -50.03093563347291 0.8731697160488688 0.062002482334193386 0.30400621426999336 0.0 21.736099787252748 3.1243901 39.02683402039429 7.23381978279538 2.0004650921494513 0.1834059074050068 6.282549314314218 37.74126600074155 11.513194832521927 27.45795883965967
2999 6889.554957311534 3636.8972651552685 214.95609371073678 52.974205135943755 6883 6896 3627 3646 196.0 4.965231742198715 2.331599569708368 66.8223321935497 0.8828871369690723 0.10768868508357496 1.1323196200904342 0.0 90.32163859897638 3.577312 118.36784006056592 6.686679068458539 1.7693392495675715 0.29380181676316025 7.898654169668588 116.88094199128363 10.64749532810959 26.230640742257293
3000 8696.064305118609 3628.0786149261385 214.939986655429 52.962692903552934 8695 8697 3627 3630 9.0 0.9677536713734504 0.707479663387306 69.92580801022498 0.6823201949519806 0.26077793490462253 0.38898517087226886 0.0 3.067508968550074 0.75973064 17.911893136357182 3.0721928108507313 3.3988096667234404 0.07703451753334348 1.692568750643269 22.034454177473403 4.951937645252801 28.04224425767156
3001 8035.670298973396 3631.1576486335475 214.94587534109047 52.96690082898685 8034 8038 3629 3633 19.0 1.190007399912192 1.0529559770061794 43.493499503950595 0.46591125699385405 0.14714000248553358 0.4243393740191484 0.0 5.20619249155141 1.0698642 14.628017611252513 3.6472939796224892 2.9383870702077823 0.18571524856842123 2.4592453796829674 12.977055007120812 5.805691616662821 28.617059636187385
3002 7003.214817956426 3634.6113795531446 214.9550982950577 52.97347153730055 6997 7010 3630 3640 110.0 3.453753322625316 1.895984358067439 -32.88643582759184 0.8358463522931169 0.12378201750323518 0.7929390979153964 0.0 39.27138662559562 2.6801472 83.67466759532994 7.699253792122613 2.7053506071624263 0.2662119182129355 5.917270272703197 89.28372870325441 12.249915268729396 26.523069202114094
3003 676.5927391125001 3637.155996561472 215.01187155248988 53.01361874879988 671 682 3631 3644 129.0 3.411920399756068 2.1633629640351044 -61.42981502886214 0.7732836804934777 0.09845205875745465 0.9036997153380616 0.0 49.020580943429174 3.2474058 113.17996391440661 9.315862865808903 2.7844448567621902 0.29528205242229066 6.407961869245868 193.0087072086696 14.802759502844314 25.68605774551969
3004 8852.338354554613 3634.601237509369 214.9385169310887 52.96173626347493 8847 8858 3631 3638 76.0 3.0693928103119017 1.5892652684224864 13.481631130637876 0.8555147798675429 0.12479016865381176 0.590227165189469 0.0 26.653161992633763 2.2069306 32.54685462919383 4.192968715349611 1.6991745268424105 0.2359833875997899 4.918490759365935 34.05402724621978 6.728054108592645 27.56957880208085
3005 616.5342249971843 3636.1525596242927 215.012421835768 53.01399417910561 613 619 3632 3639 32.0 1.9912787394920726 1.0700356979499557 -41.82881467704701 0.8433522796483118 0.043966109620734196 0.31932050165201536 0.0 5.50619899904149 1.547271 31.554261559935412 6.022935298356206 3.4434408907715066 0.242032241506785 3.1915382432114616 75.06167348410048 8.735869551363711 26.71145439327894
3006 3270.5274845227177 3638.4219665096584 214.98855727573994 52.99717404792491 3265 3276 3633 3643 98.0 2.4507758235716883 2.1815315164421496 4.210301790638623 0.45568880589775107 0.014998412712068747 0.6085067391866191 0.0 22.939785431552643 2.7300203 37.11282912050717 5.623230145932096 2.034870814914926 0.33468075683775456 5.585191925620057 33.459498510539305 8.886981193647431 27.588701431277578
