outputs/dr0.5_c0.1/nircam2_matched_f606w_f277w_dr0.5_c0.1.ecsv
# %ECSV 1.0
# ---
# datatype:
# - {name: label, datatype: int64}
# - {name: xcentroid, datatype: float64}
# - {name: ycentroid, datatype: float64}
# - {name: sky_centroid.ra, unit: deg, datatype: float64}
# - {name: sky_centroid.dec, unit: deg, datatype: float64}
# - {name: bbox_xmin, datatype: int64}
# - {name: bbox_xmax, datatype: int64}
# - {name: bbox_ymin, datatype: int64}
# - {name: bbox_ymax, datatype: int64}
# - {name: area, unit: pix2, datatype: float64}
# - {name: semimajor_sigma, unit: pix, datatype: float64}
# - {name: semiminor_sigma, unit: pix, datatype: float64}
# - {name: orientation, unit: deg, datatype: float64}
# - {name: eccentricity, datatype: float64}
# - {name: min_value, datatype: float64}
# - {name: max_value, datatype: float64}
# - {name: local_background, datatype: float64}
# - {name: segment_flux, datatype: float64}
# - {name: segment_fluxerr, datatype: float32}
# - {name: kron_flux, datatype: float64}
# - {name: kron_fluxerr, datatype: float64}
# - {name: kron_radius, unit: pix, datatype: float64}
# - {name: gini, datatype: float64}
# - {name: equivalent_radius, unit: pix, datatype: float64}
# - {name: kron4_2_flux, datatype: float64}
# - {name: kron4_2_fluxerr, datatype: float64}
# - {name: kron4_2_mag, datatype: float64}
# meta:
#   PHOTMJSR: 0.3925000131130219
#   PIXAR_SR: 2.11539874851881e-14
#   __serialized_columns__:
#     area:
#       __class__: astropy.units.quantity.Quantity
#       unit: !astropy.units.Unit {unit: pix2}
#       value: !astropy.table.SerializedColumn {name: area}
#     eccentricity:
#       __class__: astropy.units.quantity.Quantity
#       unit: !astropy.units.Unit {unit: ''}
#       value: !astropy.table.SerializedColumn {name: eccentricity}
#     equivalent_radius:
#       __class__: astropy.units.quantity.Quantity
#       unit: !astropy.units.Unit {unit: pix}
#       value: !astropy.table.SerializedColumn {name: equivalent_radius}
#     kron_radius:
#       __class__: astropy.units.quantity.Quantity
#       unit: !astropy.units.Unit {unit: pix}
#       value: !astropy.table.SerializedColumn {name: kron_radius}
#     orientation:
#       __class__: astropy.units.quantity.Quantity
#       unit: &id001 !astropy.units.Unit {unit: deg}
#       value: !astropy.table.SerializedColumn {name: orientation}
#     semimajor_sigma:
#       __class__: astropy.units.quantity.Quantity
#       unit: !astropy.units.Unit {unit: pix}
#       value: !astropy.table.SerializedColumn {name: semimajor_sigma}
#     semiminor_sigma:
#       __class__: astropy.units.quantity.Quantity
#       unit: !astropy.units.Unit {unit: pix}
#       value: !astropy.table.SerializedColumn {name: semiminor_sigma}
#     sky_centroid:
#       __class__: astropy.coordinates.sky_coordinate.SkyCoord
#       dec: !astropy.table.SerializedColumn
#         __class__: astropy.coordinates.angles.Latitude
#         unit: *id001
#         value: !astropy.table.SerializedColumn {name: sky_centroid.dec}
#       frame: icrs
#       ra: !astropy.table.SerializedColumn
#         __class__: astropy.coordinates.angles.Longitude
#         unit: *id001
#         value: !astropy.table.SerializedColumn {name: sky_centroid.ra}
#         wrap_angle: !astropy.coordinates.Angle
#           unit: *id001
#           value: 360.0
#       representation_type: spherical
#   astropy version: '5.1'
#   kernelfile: kernel_f606w_f277w.fits
#   make_catalog parameters:
#     ab_zpt: 31.4
#     coadd_bands: !!python/tuple [f277w, f356w]
#     deblend_contrast: 0.001
#     deblend_nlevels: 32
#     deblend_npixels: 1
#     detect_kernel_fwhm: 4.0
#     detect_kernel_npix: 7
#     detect_npixels: 4
#     detect_threshold_nsigma: 3.0
#     flag_isolated_buffer: 4
#     hst_bands: !!python/tuple [f606w, f814w, f125w, f140w, f160w]
#     jwst_bands: !!python/tuple [f115w, f150w, f200w, f277w, f356w, f410m, f444w]
#     near_border_kernelsize: 21
#     reference_band: f200w
#   make_catalog version: 1.4.0
#   photutils version: 1.5.0
# schema: astropy-2.0
label xcentroid ycentroid sky_centroid.ra sky_centroid.dec bbox_xmin bbox_xmax bbox_ymin bbox_ymax area semimajor_sigma semiminor_sigma orientation eccentricity min_value max_value local_background segment_flux segment_fluxerr kron_flux kron_fluxerr kron_radius gini equivalent_radius kron4_2_flux kron4_2_fluxerr kron4_2_mag
[from data line 4190]
4191 7916.143849499567 2816.5365055053694 214.88334477750715 52.89089684691279 7903 7927 2805 2828 347.0 6.582918114591489 3.5555380996177686 -46.274960220219185 0.8415907081201911 -0.016453097228199914 1.1534700580642347 0.0 137.43550277683988 4.520358 272.5834570606007 12.951937686116429 2.4805790308685873 0.30496928145391267 10.509687459947386 385.90124864941595 20.80169835075284 24.93380954048085
4192 10160.187461908032 2766.3312360059977 214.86381340850443 52.876372052102724 10153 10169 2756 2781 295.0 5.772436383371625 2.7855992551938407 -64.90593133842358 0.8758579182765353 -0.1813741568092396 0.9235968516887121 0.0 36.373358716623045 4.5595407 46.671704848153794 7.586688301283483 1.6019074577810526 0.5719029175837111 9.690274321412074 46.27800023410125 12.127308563184174 27.236563540142292
4193 10119.223152392356 2768.1017167563987 214.8641608414066 52.87664183238829 10111 10129 2762 2773 168.0 4.034167042341027 2.48360663179821 5.582143276527857 0.7880252010588831 -0.049330455604233214 0.4260886790147404 0.0 26.897704529942196 3.505369 50.31753282591748 9.038375904548824 2.3683622065158505 0.3809364586942758 7.312732791431452 94.28683714105848 14.285000631188904 26.463872331147506
4194 10126.694283960302 2787.286652962607 214.86389214099034 52.876697842297375 10107 10152 2769 2805 1227.0 10.178251212260644 7.065380535163144 26.9281319650548 0.7198164102486659 -0.19094746115672168 2.076139596832485 0.0 381.6741907805159 9.38965 626.184675771208 23.113642722164364 2.348700857387448 0.43099026566457627 19.762748552453708 738.021589736496 37.1800257598789 24.229827333361502
4195 10132.3574053885 2809.877535184891 214.8636037463392 52.87678370665728 10117 10143 2803 2817 282.0 5.149474082214211 2.6317065938285715 1.7278555175327779 0.8595431503015915 -0.0059453072442324974 2.6198321496901436 0.0 175.74220239433157 4.5115643 267.14532927626414 10.085255712074268 2.311097195524068 0.4850608661892463 9.474354220939228 357.5734062317414 16.007060115376724 25.016586971028964
4196 9444.984106748838 2771.08582002602 214.87015524918672 52.88094096357543 9439 9448 2768 2775 49.0 2.5959569751266107 1.235369276255715 -31.373912962758244 0.8795091205355343 -0.17619081182227908 0.5773917631203157 0.0 5.1802976833804895 1.9938537 12.9976230960078 3.214027683898716 1.4 0.5759359700778092 3.949327084834294 13.318691428798974 5.166488560835498 28.588846107052632
4197 9437.855095945808 2775.6421889273824 214.87017100849764 52.88101082490037 9433 9441 2773 2779 41.0 1.9226226654716334 1.1589290373281684 -57.78462645076507 0.7979032887287714 -0.13895822865763138 0.35907128524200216 0.0 6.099462131289963 1.8254299 7.360033361238699 2.6382673412810416 1.4 0.37164141090302955 3.6125759969217834 3.448178750675075 4.285833297834728 30.056025572011265
4198 3508.8830264928865 2776.8007364812756 214.92319862550877 52.918667087217145 3506 3512 2773 2780 35.0 1.8577662119394276 1.506812629250949 -62.480184062619486 0.5849235874570597 0.11656902631108156 0.3040879883942081 0.0 7.6157709217678615 1.4544802 17.368415562288263 3.6026449069188575 1.9995681663780154 0.10478537079458568 3.3377905890622728 14.305543354208396 5.7806183369691055 28.51123910535058
4199 3516.32093595308 2792.3587505772407 214.92296822519592 52.91870386107777 3509 3524 2778 2809 295.0 7.944782460826633 2.1333207232504137 67.13340822743393 0.9632745395488902 -0.06148691694720717 0.7923814789673724 0.0 54.81017180152793 4.1747756 68.55339300151488 6.183110582833536 1.4 0.4133116731870625 9.690274321412074 57.35564865752751 9.965692515314398 27.00355951066703
4200 524.7788191970577 2788.4454123010546 214.94980625228698 52.937670575262764 504 542 2775 2804 850.0 6.045962742208488 4.281912797741558 7.458171451665777 0.7059849934869673 -0.22620987610133947 7.342280344571725 0.0 653.8001960841281 8.542748 680.6693933836764 10.198015143310704 1.5459925146927032 0.6457406067632301 16.448811606198852 740.1150269792495 16.470868183424386 24.226751944928754
4201 502.5916663910388 2801.9189363168107 214.94986320710845 52.93788414802998 500 506 2796 2804 40.0 2.200435320452257 1.3978028838089216 -32.099714250219996 0.7723154113334431 -0.19862060336935883 0.20853752052070057 0.0 -1.6388495003409707 1.8050531 -4.739107449467534 3.2040524003356974 1.4 -0.36378527658715093 3.5682482323055424 -4.137876482942936 5.086020570289152 nan
4202 461.09225507658226 2815.4285851595578 214.9500928504584 52.938220474278275 429 493 2785 2840 2653.0 15.139749370921528 12.451364964242996 -36.72831180548985 0.5688681494009258 -0.2918565060439868 0.5547502493056513 0.0 70.91579484154987 13.604146 434.20379789011537 64.73549711165555 3.8905373808699575 0.5936604282422714 29.059871438903453 870.2239630421344 102.58222179847469 24.050922404671915
4203 491.1432618478218 2798.098293544951 214.9500060332509 52.93793616627336 486 494 2795 2806 75.0 2.756791042161167 1.5396728146149121 -78.8185256090196 0.8295032953354237 -0.34488052927402935 0.19704254567948667 0.0 -1.3039029770124353 2.5013468 18.508448709160106 10.11099645855886 3.8646633995570365 -0.6895236887110191 4.886025119029199 47.594644831799506 15.292140271062259 27.206104774230006
4204 1694.3347887580062 2801.468894055267 214.93918999851118 52.93031824784163 1684 1702 2791 2814 301.0 4.9048857474511935 3.609412010080014 86.93242263217167 0.6771109358474725 -0.1915127296193709 0.40305351264685557 0.0 33.78840607380566 4.2698135 77.92375892993559 12.81810620072382 2.762935270636112 0.38234975989786024 9.788323438736636 103.99109214652603 20.380031579158747 26.357509651688087
4205 1650.7431833456437 2837.504611462439 214.9392010737106 52.93078951480129 1615 1694 2786 2893 5446.0 17.97790553079435 10.796068344161206 -77.21108190199851 0.7996107168869726 -0.29248255884026186 6.845548211564551 0.0 3356.047406455762 18.255695 3515.754717857034 21.303837522241675 1.4 0.6065388263946209 41.63550936588772 3585.694294523663 33.79474292727596 22.513566849581636
4206 1625.817663771268 2833.1220741094785 214.93947051529628 52.93092405017658 1597 1637 2803 2854 1248.0 8.481997506037155 6.145288741493548 68.29276725925318 0.6892646942965936 -0.1917740533744366 4.770323915177879 0.0 850.5657719311286 8.695334 981.7091083017601 10.300788313089317 1.4 0.6065384960712424 19.931149940667517 986.5455842421698 15.131225661701205 23.914707107434793
4207 1618.4617951394239 2863.3476736529756 214.93921815068833 52.93113395594465 1595 1632 2840 2888 1086.0 9.193050465015792 6.020201576177357 47.6231127392254 0.7557463883305529 -0.19354076326766295 1.221684647820296 0.0 244.8009256193002 8.155398 288.45628025027736 10.807198875844039 1.4 0.567657108584533 18.592593589803354 292.51966302145104 17.690335110759346 25.234612338871635
4208 8292.99270938592 2801.3185989536405 214.88013534569714 52.88842126669765 8279 8304 2793 2813 364.0 5.833158217057907 3.9892000365019338 -14.463358754169645 0.7295913267360746 -0.15019326727883534 0.7959606541266341 0.0 67.90348929628925 4.6739607 118.642839115133 11.314920989842264 2.1688692385300268 0.4127110690352312 10.764051215546116 100.11173328537699 18.229015813299196 26.398787548497776
4209 8280.578191182562 2799.307571382705 214.88026751458978 52.888489267417285 8275 8286 2794 2806 95.0 2.8364541344706824 1.6494764745911872 -47.70128288663415 0.8135266471582023 -0.03451250464345131 1.3957602402920988 0.0 41.752928098376245 2.336445 55.24619469249323 4.787989358950947 2.0441986510125547 0.4260409475193581 5.499039842323396 69.60814232757542 7.638023833010802 26.79334989087631
4210 387.86142505556376 2813.4027526972586 214.95077045534498 52.93867426394017 376 402 2796 2830 575.0 7.588779944251572 4.146650049349153 75.60933304426325 0.8375122568182602 -0.1554164793364606 1.0168690625455648 0.0 180.58397406034615 6.200428 285.55157181945873 14.508107244350882 2.2518850757072895 0.4473667124475386 13.528790949515026 330.3550410950231 23.17344749777072 25.102547654082194
4211 393.9146151294796 2828.092256645854 214.95056152722017 52.93871518789075 385 404 2815 2838 274.0 3.4794845022091767 2.822151315875711 -54.047451329754786 0.5849308448643981 -0.09288649644320826 5.009863165232457 0.0 173.57817101775163 4.257613 200.94321001887664 6.515751173371885 1.810333320517685 0.6167368252134104 9.338999347593866 240.06839794347925 10.407963677756392 25.449162514289558
4212 7310.856302360543 2820.383606730991 214.88871728498452 52.8947617711911 7301 7322 2807 2831 375.0 5.811089522352622 3.713561906326268 82.76890009094691 0.769167318774347 -0.10509241399070136 0.44584325411005743 0.0 63.820236704520404 4.1064954 89.86556990574523 8.703664458116279 2.0005191116845595 0.38296054876960234 10.925484305920792 69.58706475034552 13.96056428180009 26.793678705199195
4213 7310.870975946992 2849.622457583518 214.88840935305106 52.89491943700328 7293 7334 2822 2880 1485.0 10.134868908057765 7.295306533245023 82.59061360534247 0.6941581869925889 -0.14051810230382294 1.3351866472090312 0.0 283.5403554783964 8.18117 401.9881525485134 16.66015405538133 2.139437578763022 0.5206139113971324 21.741439257393452 462.51560903743433 27.247160962151824 24.73718401512623
4214 7320.731322063586 2879.5424834709006 214.88800619204352 52.895018249138616 7304 7335 2857 2898 789.0 8.480481209569058 5.095882687643919 -71.77401663072578 0.799327618609461 -0.10561315857304557 0.8713279602350668 0.0 125.37082113152219 6.066313 191.17883621642846 14.032817247456961 2.2639004894287647 0.4804373658514085 15.847602348589229 268.9182362832338 22.44828165943 25.325949364387505
4215 2091.3812742751165 2815.547283439276 214.93548507743085 52.92787417328121 2084 2098 2808 2826 204.0 4.177607056198011 3.0100095357109917 82.63928111154557 0.6934440805968896 -0.13875630791444 0.9561471750253515 0.0 68.4766983934854 3.4765522 126.61730736787933 9.747575322620841 2.5342885542219356 0.3369767279797985 8.058239062071396 135.81547391212845 15.603549061673041 26.067626866526737
4216 2079.8150477085064 2814.1413451656877 214.93560348365895 52.927939995291695 2077 2084 2812 2817 39.0 1.720093336989496 1.3428773573115145 -13.542007519169273 0.6249056456793807 -0.1392700638011617 0.3701824636378426 0.0 6.161080038026381 1.4868946 38.87242487409874 5.872098139146963 3.6216556493724448 0.3270652165240379 3.523362819972964 34.16101492801664 9.450143990760882 27.566173087120248
4217 2080.320827410721 2840.0893013625055 214.9353257389101 52.92807689522989 2062 2100 2822 2859 1070.0 8.117106649880071 6.66024590083956 -6.6887702469114885 0.5716182505977273 -0.1460572814375505 2.5194340765453824 0.0 332.3185109328976 7.9895153 362.4712233554015 12.749246040071395 1.6008727357374621 0.44285428942749494 18.455123359562137 368.96730646762495 20.39375654041325 24.982530285481367
4218 3008.30284196939 2845.6861815931393 214.92695567829335 52.92221668104909 2993 3026 2824 2868 921.0 8.190897018774471 5.1025593068543404 -76.60625796381842 0.7822577655674249 -0.14693910257829382 2.5905544726688454 0.0 398.1112666620095 7.557179 513.5218594642042 14.891587759176582 2.0952639965872986 0.5303779894583128 17.12201521945566 647.5505962009336 23.810944033861283 24.3718157310805
4219 3022.058164284478 2849.913831230118 214.92678798798008 52.92215218838587 3014 3034 2837 2861 326.0 5.616699715177018 3.2729426935502066 -35.55743676327284 0.812675623249212 -0.10416522355111661 2.665143938828713 0.0 142.10260511324032 4.444942 257.2062012423981 11.264568225145796 2.4148270108761123 0.45543436525391423 10.186708148166206 329.99581388015645 18.167335120023715 25.103728923186186
4220 8764.682878770192 2855.1367219040317 214.87535169490312 52.885715603923245 8749 8777 2835 2877 792.0 7.429771131757504 3.8889595056253454 71.52713418213207 0.8520691426423899 -0.24283792235268856 2.1318751919536356 0.0 257.47403873558073 7.3821583 264.19188219224594 8.731171122501635 1.4 0.584480607862402 15.877702285203682 258.12241777465204 14.05739843706136 25.370435689017732
4221 8725.05957843004 2856.5688475664606 214.87569084749003 52.88597500743216 8711 8741 2844 2870 404.0 6.817932368161312 2.685397525172461 -40.37277905446257 0.9191649934745618 -0.06710237312670285 3.322808589671822 0.0 310.3665450752411 5.700838 397.16412367052084 9.965661345524156 1.8942155503480553 0.5430820086798704 11.340070282773887 438.81645448528553 15.289400372880836 24.79429273967255
4222 8736.354414452588 2867.6358898970393 214.87547337444278 52.88596296512703 8711 8759 2845 2888 1338.0 8.93560452931479 7.767523684472139 -33.094575518315835 0.49432368399101356 -0.07578370192871534 4.2537156823281155 0.0 915.6584350174668 10.261634 1133.5541084755996 17.924967857674293 1.7312118083583408 0.4590136245855055 20.637311542783667 1201.1088588723924 28.153041770925608 23.70104407461279
4223 8770.679618783526 2878.9853091078903 214.87504704118012 52.88580616142332 8765 8777 2875 2884 93.0 2.396402993170169 2.1187293813516694 -5.588877092724058 0.4672428830912516 -0.169690485218992 0.5668631047615941 0.0 16.64741823165383 2.6679316 24.17630793109413 4.629461514994708 1.6877606359661101 0.41869463669081064 5.440847306724618 21.194009315879768 7.439590952205284 28.084467197763253
4224 9354.91625364629 2847.018497876176 214.87016101447526 52.881922663677834 9349 9360 2842 2855 114.0 2.8410639108788955 1.832847221665271 25.740900814964785 0.7640753040728259 -0.11748116976602677 0.7959942139290168 0.0 22.176741628001636 3.1946247 41.206310513603995 7.913271503259032 2.6057512866329784 0.4788668042015828 6.023896332520351 63.830118485406274 12.234545756324453 26.88743587351305
4225 9363.80415731163 2868.086021020993 214.8698598089215 52.88197984195373 9353 9375 2856 2877 331.0 4.679126864887636 2.860811058755389 12.93498686439309 0.791322877925684 -0.1775610841849676 0.9875840874788363 0.0 65.91062708795411 5.422963 79.74778528515917 8.837682717558257 1.8293968768180149 0.5368796364149224 10.264529815185629 89.10007499549907 14.051211488081346 26.52530482604368
4226 1787.7289850607806 2882.212179863304 214.9375031644958 52.9301614794174 1754 1823 2856 2912 2552.0 13.374560087991703 7.146898738060936 -23.00856995995441 0.8452537441635379 -0.2620652559197435 2.7554208643524283 0.0 1093.319264410662 12.407906 1130.409430049998 14.94188233078738 1.4 0.5766616063196506 28.501347854812654 1114.222485897124 23.841618114138786 23.782570203449062
4227 1806.2332038891961 2907.464863947274 214.93707150133687 52.93018039121493 1790 1821 2890 2924 455.0 6.474884722185848 3.1340301757248232 -41.2065464715756 0.8750521107317851 -0.24790144744953804 1.6516834268985343 0.0 145.553867588332 5.33078 162.40606718769217 6.812297472686579 1.6099928470677187 0.5489368299453053 12.034575115625177 180.53765265850222 10.151789208562493 25.758580521286554
4228 1819.2125751923677 2923.0249346353166 214.93679138956605 52.930182030564985 1796 1836 2899 2943 1035.0 8.734035392037914 4.998144668463781 75.43905749380205 0.8200718028574164 -0.1758957050562971 4.121465306131312 0.0 689.0732817632893 7.9325233 707.8321049120127 10.094450545727556 1.4 0.5624671643432554 18.150777729899712 744.1133337764513 16.137520142767166 24.220902283160708
4229 1802.2193742408656 2932.063035474742 214.9368484465377 52.93033869262168 1797 1808 2926 2938 120.0 3.480312101609075 2.3721756148702102 56.23867779420589 0.7317263442937437 -0.06765598295629806 0.433914237021291 0.0 14.573162586658885 2.6687496 43.333917235880506 8.571728545745946 2.73103896410516 0.3841887528949256 6.180387232371033 82.73179981351106 13.72707763423853 26.605818818953896
4230 10199.626460437263 2868.689159254268 214.86238357265907 52.87667355259855 10187 10215 2856 2882 573.0 6.63790271468863 5.0701464666236635 41.015552482713446 0.6454322415249659 -0.11926346005260988 0.8887724186376141 0.0 113.53182574494541 6.3779025 274.556834273397 18.930514088136007 2.7829198592986883 0.3933925131191761 13.505242122350568 453.4856005070177 30.385036919032306 24.7585912462596
