outputs/dr0.5_c0.1/nircam1_f277w_dr0.5_c0.1.ecsv
# %ECSV 1.0
# ---
# datatype:
# - {name: label, datatype: int64}
# - {name: xcentroid, datatype: float64}
# - {name: ycentroid, datatype: float64}
# - {name: sky_centroid.ra, unit: deg, datatype: float64}
# - {name: sky_centroid.dec, unit: deg, datatype: float64}
# - {name: bbox_xmin, datatype: int64}
# - {name: bbox_xmax, datatype: int64}
# - {name: bbox_ymin, datatype: int64}
# - {name: bbox_ymax, datatype: int64}
# - {name: area, unit: pix2, datatype: float64}
# - {name: semimajor_sigma, unit: pix, datatype: float64}
# - {name: semiminor_sigma, unit: pix, datatype: float64}
# - {name: orientation, unit: deg, datatype: float64}
# - {name: eccentricity, datatype: float64}
# - {name: min_value, datatype: float64}
# - {name: max_value, datatype: float64}
# - {name: local_background, datatype: float64}
# - {name: segment_flux, datatype: float64}
# - {name: segment_fluxerr, datatype: float32}
# - {name: kron_flux, datatype: float64}
# - {name: kron_fluxerr, datatype: float64}
# - {name: kron_radius, unit: pix, datatype: float64}
# - {name: gini, datatype: float64}
# - {name: equivalent_radius, unit: pix, datatype: float64}
# - {name: kron4_2_flux, datatype: float64}
# - {name: kron4_2_fluxerr, datatype: float64}
# - {name: radius_kron20, unit: pix, datatype: float64}
# - {name: radius_kron50, unit: pix, datatype: float64}
# - {name: radius_kron80, unit: pix, datatype: float64}
# - {name: near_border, datatype: bool}
# meta:
#   PHOTMJSR: 0.4907999932765961
#   PIXAR_SR: 2.11539874851881e-14
#   __serialized_columns__:
#     area:
#       __class__: astropy.units.quantity.Quantity
#       unit: !astropy.units.Unit {unit: pix2}
#       value: !astropy.table.SerializedColumn {name: area}
#     eccentricity:
#       __class__: astropy.units.quantity.Quantity
#       unit: !astropy.units.Unit {unit: ''}
#       value: !astropy.table.SerializedColumn {name: eccentricity}
#     equivalent_radius:
#       __class__: astropy.units.quantity.Quantity
#       unit: !astropy.units.Unit {unit: pix}
#       value: !astropy.table.SerializedColumn {name: equivalent_radius}
#     kron_radius:
#       __class__: astropy.units.quantity.Quantity
#       unit: &id001 !astropy.units.Unit {unit: pix}
#       value: !astropy.table.SerializedColumn {name: kron_radius}
#     orientation:
#       __class__: astropy.units.quantity.Quantity
#       unit: &id002 !astropy.units.Unit {unit: deg}
#       value: !astropy.table.SerializedColumn {name: orientation}
#     radius_kron20:
#       __class__: astropy.units.quantity.Quantity
#       unit: *id001
#       value: !astropy.table.SerializedColumn {name: radius_kron20}
#     radius_kron50:
#       __class__: astropy.units.quantity.Quantity
#       unit: *id001
#       value: !astropy.table.SerializedColumn {name: radius_kron50}
#     radius_kron80:
#       __class__: astropy.units.quantity.Quantity
#       unit: *id001
#       value: !astropy.table.SerializedColumn {name: radius_kron80}
#     semimajor_sigma:
#       __class__: astropy.units.quantity.Quantity
#       unit: !astropy.units.Unit {unit: pix}
#       value: !astropy.table.SerializedColumn {name: semimajor_sigma}
#     semiminor_sigma:
#       __class__: astropy.units.quantity.Quantity
#       unit: !astropy.units.Unit {unit: pix}
#       value: !astropy.table.SerializedColumn {name: semiminor_sigma}
#     sky_centroid:
#       __class__: astropy.coordinates.sky_coordinate.SkyCoord
#       dec: !astropy.table.SerializedColumn
#         __class__: astropy.coordinates.angles.Latitude
#         unit: *id002
#         value: !astropy.table.SerializedColumn {name: sky_centroid.dec}
#       frame: icrs
#       ra: !astropy.table.SerializedColumn
#         __class__: astropy.coordinates.angles.Longitude
#         unit: *id002
#         value: !astropy.table.SerializedColumn {name: sky_centroid.ra}
#         wrap_angle: !astropy.coordinates.Angle
#           unit: *id002
#           value: 360.0
#       representation_type: spherical
#   astropy version: '5.1'
#   make_catalog parameters:
#     ab_zpt: 31.4
#     coadd_bands: !!python/tuple [f277w, f356w]
#     deblend_contrast: 0.001
#     deblend_nlevels: 32
#     deblend_npixels: 1
#     detect_kernel_fwhm: 4.0
#     detect_kernel_npix: 7
#     detect_npixels: 4
#     detect_threshold_nsigma: 3.0
#     flag_isolated_buffer: 4
#     hst_bands: !!python/tuple [f606w, f814w, f125w, f140w, f160w]
#     jwst_bands: !!python/tuple [f115w, f150w, f200w, f277w, f356w, f410m, f444w]
#     near_border_kernelsize: 21
#     reference_band: f200w
#   make_catalog version: 1.4.0
#   photutils version: 1.5.0
# schema: astropy-2.0
label xcentroid ycentroid sky_centroid.ra sky_centroid.dec bbox_xmin bbox_xmax bbox_ymin bbox_ymax area semimajor_sigma semiminor_sigma orientation eccentricity min_value max_value local_background segment_flux segment_fluxerr kron_flux kron_fluxerr kron_radius gini equivalent_radius kron4_2_flux kron4_2_fluxerr radius_kron20 radius_kron50 radius_kron80 near_border
[from data line 4022]
4023 3249.1084220061707 681.2864581348086 215.01990484493012 52.981324442300064 3246 3252 677 685 42.0 2.190082810687709 1.4390715946358363 84.49567069097031 0.7538160811053843 0.17405900370483954 0.4838998001755442 0.0 13.281446729303335 0.687975 61.07431741904507 2.6103665137055714 3.117424935001375 0.13918820900376844 3.656366395715726 82.71676126752008 4.152923841864801 3.5011978759150453 6.8850890978795585 10.82394664200009 False
4024 nan nan nan nan 4489 4494 685 695 36.0 nan nan nan nan 0.0 0.0 0.0 0.0 6000000.0 nan nan nan nan 3.385137501286538 nan nan nan nan nan True
4025 nan nan nan nan 4487 4500 693 714 158.0 nan nan nan nan 0.0 0.0 0.0 0.0 12569805.0 nan nan nan nan 7.091753098990329 nan nan nan nan nan True
4026 7334.330546824655 727.8334077901486 214.98274831970159 52.955666518668295 7307 7363 690 765 3006.0 11.172199450804797 6.793082793350813 -74.98639172003688 0.7939105978681927 -0.17801637900984882 37.469658941724816 0.0 8589.24866816039 7.517387 8559.176953241862 7.448797998533091 1.4 0.6892731532540423 30.93282266248062 8928.859606163991 10.652703420001442 4.668975582982834 9.31980343736206 16.595199386008886 False
4027 7290.113359050222 738.5249978405564 214.98303236575754 52.956004793038666 7281 7306 729 747 296.0 3.7103420241803406 2.649214065493421 3.0080559943461056 0.700137491942601 -0.03191031443873386 6.90123207426768 0.0 162.6700888865211 2.0802526 207.1276561946763 3.3960778307513158 2.1044363449641326 0.6590248389093872 9.706684619910241 278.0302109494474 5.2992710778544545 1.682300295081979 3.6393324330724433 10.685704663542802 False
4028 7383.063853267702 751.9709640860073 214.982057013719 52.955487804075865 7357 7408 739 765 861.0 8.678042893335475 4.303523470316777 18.5860547147362 0.8683742386288841 0.06510558354266435 5.3071111815669285 0.0 754.1534294310779 3.486274 931.1528151846942 5.970839688705332 1.9062847120256863 0.49476657753037484 16.554902959674628 1053.327947995589 9.383769338060434 4.04229386163985 8.404323558217941 18.406488129270908 False
4029 7381.0906821356775 771.11795940584 214.98187309109449 52.9556037871751 7376 7387 765 777 125.0 2.7923091778061297 2.1737699224590155 61.36187062530949 0.6276636040264475 0.02456364980306093 2.1264200888526243 0.0 73.9160158700468 1.2866796 101.97953891680899 2.641576853799019 2.083258082795508 0.41230896600872585 6.3078313050504 128.27185550261845 4.152830951299148 1.967128331948421 3.997807770231995 7.635770919502496 False
4030 9655.501701138037 698.0742017902395 214.96224784682147 52.940779188668145 9651 9659 695 701 48.0 2.2022695180449063 1.500684385498102 -13.237664939292369 0.731886731423962 0.2619130671762037 0.8164027339190358 0.0 22.860739077864004 0.90329117 42.71946966767737 2.2123542776489793 2.2795300276394515 0.179067357540206 3.9088200952233594 48.70538255409754 3.5165251299615754 2.102210240684934 3.7959909942142867 6.101310565101455 False
4031 9646.453078770475 701.8924304684901 214.96228875552808 52.94085723035114 9642 9651 698 706 61.0 2.535753993179965 1.5064155116916138 -31.69260646351494 0.8044133085207007 0.09046903690505305 1.1024622804693998 0.0 29.71635321656852 0.9768882 49.311684617617395 2.438298951552398 2.2927096728510543 0.25215511399565294 4.406461512053774 46.57765871505241 3.8448369903431163 2.031330466967832 3.9096549800713962 7.1277587272139415 False
4032 1467.090771706599 710.1317672729379 215.03560903205573 52.99277886671126 1458 1475 700 721 242.0 3.7458660302767752 2.6867511078220487 -54.6823801432086 0.6968080420999956 0.09268436190869561 6.334273621344846 0.0 254.6480793891838 1.7592324 315.27505818950135 2.8454327398184707 1.897889385648868 0.5051917729320179 8.77673016883152 363.2972339207473 4.496198751863512 2.0744989735972417 4.509202492973066 8.649057291579542 False
4033 1458.3158198725532 722.6829401468951 215.03555568274882 52.99290237969585 1451 1470 712 736 258.0 4.438872429669195 2.9240331457062414 -81.7204287859146 0.7523765155289408 0.1457855776979879 3.4614970891143586 0.0 214.64509827628547 1.7982599 304.2441103979113 3.554896416183944 2.1181774775849376 0.42106209531526184 9.062226582657155 363.8688895290186 5.646459107734186 2.9016141775641806 6.098262220285195 11.994036490973304 False
4034 1471.4751441067926 733.1602702059158 215.0353270875646 52.9928756203683 1458 1485 718 745 537.0 6.653372173462114 4.379452955329623 -46.39380704012358 0.7528163901493677 0.10963647469707333 2.2860082415469845 0.0 303.7119751459734 2.5022013 457.2456633647734 5.4724297911639 2.1745966317881327 0.35217657556191734 13.074112164146964 539.903336532277 8.748596197382929 4.620795197640822 9.700452340662531 17.376306555565215 False
4035 238.20255334023267 714.4524682493577 215.0466075660734 53.000592444765914 232 244 705 726 207.0 4.440337569243708 2.635496241168349 -78.3012720705763 0.8048080981925004 0.13958058709780508 1.5688349485728303 0.0 128.44802524149372 1.5660815 218.87282172415433 3.979345614873076 2.4508267450431847 0.32847172979750194 8.117274569709014 257.80312267673764 6.388195502280115 3.5054942820595003 7.065337996261843 15.224678278107104 False
4036 235.2301236437061 728.8352229266936 215.04648278952348 53.000689089253335 229 241 723 736 117.0 3.2154802819583104 2.4733179689810507 46.19188025353086 0.6390191362495682 0.10245975351431962 0.7821353062879643 0.0 44.606381974840545 1.1825273 133.9929357295024 3.6571040184296315 3.010105168627648 0.20328535648733106 6.102643417692329 196.6202739074524 6.443409469734699 4.213593108006282 9.937936167590475 15.68902495568865 False
4037 223.36163879002098 744.4185616347144 215.04642533002257 53.00084861866695 212 238 729 760 549.0 5.318701780565586 3.3875324295986657 -55.4039812283532 0.77093846193233 0.08462889168665735 13.997493306877342 0.0 731.559807006336 2.897523 785.0512803408774 3.6823937898423433 1.5959457567670596 0.6018048009722717 13.219384536161321 859.0763708828224 6.134517677591529 2.1281346320223204 4.550919519470484 9.62421176198653 False
4038 2224.8023998260705 723.2821230234282 215.02866293747036 52.988046158854985 2209 2237 717 729 275.0 6.380996598269764 2.4064396321748047 -5.865041449785637 0.9261619679483027 0.10928574010197492 2.0655781016483172 0.0 174.8053145292923 1.9176179 244.26542542370024 3.821625097480165 2.032098587015305 0.3565957690536963 9.356025796273888 272.7269045310681 6.0926876952364015 3.4712992529239144 7.319508639205214 13.518669462133143 False
4039 2243.3095525916924 723.3081578272162 215.02849640639536 52.987928960863144 2236 2253 718 729 176.0 3.990551799981959 2.343107352868647 -0.9745821997925952 0.8094681788814767 0.07118054647111136 1.9716902674941734 0.0 120.13989667298512 1.4522173 164.57099639582665 3.095752839660483 2.102505885695747 0.35907382965793166 7.48482063701911 192.1644733929013 4.93301492162893 2.683726099024028 5.200687538314589 9.784775451689615 False
4040 3692.0134711914106 735.934386657595 215.01535195941656 52.97881144919215 3684 3700 723 749 331.0 5.357357192791821 2.896468326985553 -75.27229072549505 0.8412460527152102 0.11647559049492609 2.7203844626944256 0.0 223.8551848566208 2.0570195 369.35048959846233 4.64767979194527 2.4183851344339766 0.4239052612728023 10.264529815185629 416.8310267358238 7.300613289081782 3.641293540576235 8.150775311655314 17.815984121151043 False
4041 3693.3142713562715 751.246488534805 215.01517901642552 52.97888598845411 3692 3695 749 753 17.0 1.3382861503049983 0.958284708950471 -81.65656915211021 0.6980452293363008 0.1415567477645355 0.4253876512760842 0.0 5.299200034680613 0.44769868 41.24428926817658 1.8795048363193472 3.4960742535488394 0.15224564321149683 2.326213245840639 75.67676559486054 2.9893280823342288 3.0646305233295705 5.770089564561209 8.229409243427076 False
4042 2872.7783401383936 756.6514900272442 215.0224910092262 52.98411817150356 2853 2896 734 775 1115.0 8.023573630012887 6.6587230957285515 37.50729967971796 0.557919708457449 0.11319996491632753 6.933847660228386 0.0 1481.1359346818872 3.9189107 1837.937297866637 6.221995961632952 1.7363608027601019 0.5150986449765719 18.83920176374059 1997.1745270466101 9.626609834872227 5.677149860191664 10.10611289445668 16.816881660414317 False
4043 2896.2748797956633 767.3285706425778 215.02216751943524 52.98402692229381 2874 2925 746 784 1209.0 9.611684496215142 5.013662489200795 17.53604407625205 0.8531769335691308 0.0008883064854170082 13.172447031577398 0.0 2189.5828482375528 4.303774 2538.78536539754 5.942311005096452 1.6382303897516561 0.5760284304305202 19.61725394636576 2731.099707261302 8.872741427622454 4.776609468231379 9.711582647067315 16.88061364900224 False
4044 9809.514910539685 753.7000504165869 214.96028162786806 52.94010241670963 9803 9815 750 758 85.0 2.6426234465316107 1.83737367366344 -8.380081233477641 0.718735157086955 0.15769585081706788 1.6725449795867893 0.0 56.76116265429265 1.220034 85.4265602020246 2.7318196994564348 2.2272739502747148 0.3268016967464593 5.201570947860099 107.66853865160746 4.286215554117506 2.0873092951638443 3.9390622999444256 7.436998392207088 False
4045 9799.856356697333 753.1043855406375 214.96037447413818 52.94016048608196 9794 9804 750 757 72.0 2.7743761915171428 1.7365295169559538 2.743184183649294 0.7798895923933885 0.18129925509681344 0.951505657404335 0.0 36.45674787556353 1.037646 88.06607894767248 3.2548436918995005 2.737897105493536 0.21666322819563105 4.787307364817192 104.25107529912839 5.2328867699305945 2.9631694678565634 5.981998303840394 11.912391641314443 False
4046 7287.1182662550045 757.5161667825379 214.98285925118137 52.956126418300215 7281 7293 751 765 128.0 2.9846414627275086 2.5794902708304828 -89.67527642616797 0.5030545649040705 0.12311259554576848 1.1202146536048465 0.0 51.59319962583294 1.3111657 153.48879000577193 3.9229709294670054 2.92641094902797 0.290919060737894 6.383076486422923 242.97617655524272 6.406696557700829 4.077776476687791 10.118115960184928 16.99886480551772 False
4047 7296.415943296468 760.1502444910732 214.98274811276164 52.95608167109604 7293 7299 757 763 35.0 1.7122492854600795 1.3394690098265263 23.822761645418456 0.6229191604126274 0.10799725489605258 0.6306322629080747 0.0 12.059382113047697 0.8357032 52.01385830732995 2.5509064300459694 3.2233994854497756 0.25410568769533554 3.3377905890622728 112.80293439321204 3.932321854238866 2.9690033062518064 7.177510226372547 10.430146941446225 False
4048 7281.060047380719 768.2719189549771 214.98280033335402 52.95622297195253 7275 7286 762 774 117.0 2.9126352403345988 2.2901794585740207 48.23468820932226 0.6178560905635729 0.11113293209462227 1.1195928691609431 0.0 51.45100784418807 1.2257569 104.24275216125974 3.3528421563338555 2.631293239588398 0.3232409288001244 6.102643417692329 157.87973092707918 5.427768989231416 2.801164317331992 6.323911869027768 12.40990153102637 False
4049 9761.83061248381 763.2885013258777 214.96060808969128 52.94045678619812 9754 9769 755 772 225.0 3.799804035985709 2.6837100801614207 56.98801965890461 0.7079366701775311 0.1312708469297083 3.095422541291085 0.0 190.36433134428188 1.9210147 230.36085729584033 3.20152230271647 1.8296570857640326 0.44976527962382834 8.462843753216344 258.6176439639604 5.07879360387195 2.37403289376878 4.551349631380489 8.156380439683621 False
4050 9752.36480953662 768.4430576737414 214.96063866410836 52.9405446942902 9750 9755 765 771 32.0 1.5049619547784454 1.4148101302325535 56.902214552068024 0.3409072326053625 0.15669556147206148 0.5720403643903335 0.0 11.866131053955392 0.7262 45.24010383409884 2.5183804586936445 3.099164838453239 0.18404672905203123 3.1915382432114616 77.03207304329273 3.910475161606601 2.5994416091962838 5.696526511236137 9.325228835872947 False
4051 1024.3336038429256 785.1988353776306 215.03879697480002 52.995991748464895 1010 1041 766 806 874.0 5.766499673190379 4.50036994047881 69.86516304477381 0.625238705610248 0.03640223199216307 16.011073445675088 0.0 1243.8184208141665 3.4613256 1267.8014046229218 3.7669055529482813 1.4523294147643595 0.6428438495693849 16.679413674486074 1352.4340258095606 5.666533922000452 2.6185326433811715 5.230055213849605 9.669598669466618 False
4052 1020.2626665485355 816.4646978372939 215.03850423640813 52.996186665237076 1008 1034 802 830 550.0 5.752882565614115 3.8131145921167344 -46.208172501051806 0.7487804679950831 0.06727579658319988 5.319158761270861 0.0 514.3940271802262 2.5261304 580.5413470325814 3.699579424035505 1.6941334968774562 0.5307983546696504 13.231418571003069 626.2752288968541 5.95908662436923 2.9917840880720474 6.169516403884834 11.08551550828585 False
4053 3491.671274770305 788.6388063012473 215.0165959206979 52.980366808037324 3481 3499 781 799 216.0 3.8969242172315917 3.05360820370471 44.47976960360871 0.6212726711293435 0.11736990559017521 2.455468297575075 0.0 128.65096910734496 1.6821926 255.60202919961995 4.359561169101437 2.6345365614172693 0.37314659746681544 8.291859587312052 353.62312013472734 6.713518330456841 3.4057452093837886 8.515967703902165 17.66981384607954 False
4054 3475.802718720907 803.2017038108295 215.0165850461699 52.98054617095763 3458 3494 785 821 833.0 5.777952158902149 4.01590939192348 -41.7675385012017 0.7189708143554805 0.08621208837871873 19.98102374542265 0.0 1447.1678809331243 3.554706 1490.1338798101224 3.8792184835357872 1.5096591187561723 0.6605446199854749 16.283492720884475 1615.8927406859534 5.871703329297392 2.526848224440966 4.878759849685183 9.575277604553301 False
4055 231.1450787836183 811.0262013417567 215.0456537741071 53.00115958830576 211 251 798 819 574.0 5.575818034654497 3.623720992153588 -16.242265536327533 0.7600202128722267 0.042459166833513765 13.70242663732449 0.0 1035.2233300428509 2.840264 1152.0062564888165 3.7915832498403867 1.7251675371316821 0.5983444911570287 13.517021664164627 1306.8421871069784 6.685911333221137 2.526554813643541 5.245482392802416 10.152787911323374 False
4056 230.49171161284966 832.7241096704807 215.04543109547677 53.00128110176458 196 266 803 859 2605.0 14.281977889201697 7.304994549899813 -25.863089945515387 0.8592931605645053 0.10254600109705739 16.594128334155915 0.0 6842.877586451246 6.870685 7177.808049819442 8585891.110501954 1.4624496637126276 0.5898130564159024 28.795785342802766 7484.919976383409 42398105.732488796 7.281061928562663 13.723903393814028 21.4684228509714 False
4057 3154.878956011954 828.5476354671059 215.01920015910972 52.982718191416595 3125 3194 803 839 1773.0 7.43377483877797 5.370819790004474 -15.090169207298757 0.6913825225652022 0.0991227258792677 117.87849901596317 0.0 7287.32334436295 5.879722 7646.336217874082 5.724802258062678 1.4064069887051907 0.7866689800518801 23.756334485855785 8304.252260217749 7.74368505380959 2.69895370180362 5.516638361201332 10.998758215836512 False
4058 3150.3549596237835 848.56015381487 215.01903001350166 52.98285508604227 3102 3197 818 881 3855.0 10.431545543033012 7.031556006465096 2.983271881679478 0.7386706129236771 0.018185660369168938 173.66608701683646 0.0 14152.478591500196 8.485216 14226.013674961261 7.80128013059156 1.4 0.7906869331292584 35.02976750191918 15135.442693031855 10.503640938568395 2.7718048343336967 6.616849113230106 14.205208323168781 False
4059 6923.221953216977 816.7667266675535 214.9854996757419 52.95875500350413 6918 6928 809 825 139.0 3.9683478941482657 2.1169940539503997 80.2724465778575 0.8458190662089209 0.049354931094824965 0.9317403448570156 0.0 57.846705889796624 1.3137865 119.44166745834615 3.732028505189017 2.6637923557894685 0.2844272523624665 6.651697090182843 165.06943880515018 5.876784990164894 3.57765532275079 7.232173709109815 14.188219072578248 False
