outputs/dr0.5_c0.1/nircam6_matched_f277w_f160w_dr0.5_c0.1.ecsv
# %ECSV 1.0
# ---
# datatype:
# - {name: label, datatype: int64}
# - {name: xcentroid, datatype: float64}
# - {name: ycentroid, datatype: float64}
# - {name: sky_centroid.ra, unit: deg, datatype: float64}
# - {name: sky_centroid.dec, unit: deg, datatype: float64}
# - {name: bbox_xmin, datatype: int64}
# - {name: bbox_xmax, datatype: int64}
# - {name: bbox_ymin, datatype: int64}
# - {name: bbox_ymax, datatype: int64}
# - {name: area, unit: pix2, datatype: float64}
# - {name: semimajor_sigma, unit: pix, datatype: float64}
# - {name: semiminor_sigma, unit: pix, datatype: float64}
# - {name: orientation, unit: deg, datatype: float64}
# - {name: eccentricity, datatype: float64}
# - {name: min_value, datatype: float64}
# - {name: max_value, datatype: float64}
# - {name: local_background, datatype: float64}
# - {name: segment_flux, datatype: float64}
# - {name: segment_fluxerr, datatype: float32}
# - {name: kron_flux, datatype: float64}
# - {name: kron_fluxerr, datatype: float64}
# - {name: kron_radius, unit: pix, datatype: float64}
# - {name: gini, datatype: float64}
# - {name: equivalent_radius, unit: pix, datatype: float64}
# - {name: kron4_2_flux, datatype: float64}
# - {name: kron4_2_fluxerr, datatype: float64}
# - {name: kron4_2_mag, datatype: float64}
# meta:
#   PHOTMJSR: 2.251199960708618
#   PIXAR_SR: 2.11539874851881e-14
#   __serialized_columns__:
#     area:
#       __class__: astropy.units.quantity.Quantity
#       unit: !astropy.units.Unit {unit: pix2}
#       value: !astropy.table.SerializedColumn {name: area}
#     eccentricity:
#       __class__: astropy.units.quantity.Quantity
#       unit: !astropy.units.Unit {unit: ''}
#       value: !astropy.table.SerializedColumn {name: eccentricity}
#     equivalent_radius:
#       __class__: astropy.units.quantity.Quantity
#       unit: !astropy.units.Unit {unit: pix}
#       value: !astropy.table.SerializedColumn {name: equivalent_radius}
#     kron_radius:
#       __class__: astropy.units.quantity.Quantity
#       unit: !astropy.units.Unit {unit: pix}
#       value: !astropy.table.SerializedColumn {name: kron_radius}
#     orientation:
#       __class__: astropy.units.quantity.Quantity
#       unit: &id001 !astropy.units.Unit {unit: deg}
#       value: !astropy.table.SerializedColumn {name: orientation}
#     semimajor_sigma:
#       __class__: astropy.units.quantity.Quantity
#       unit: !astropy.units.Unit {unit: pix}
#       value: !astropy.table.SerializedColumn {name: semimajor_sigma}
#     semiminor_sigma:
#       __class__: astropy.units.quantity.Quantity
#       unit: !astropy.units.Unit {unit: pix}
#       value: !astropy.table.SerializedColumn {name: semiminor_sigma}
#     sky_centroid:
#       __class__: astropy.coordinates.sky_coordinate.SkyCoord
#       dec: !astropy.table.SerializedColumn
#         __class__: astropy.coordinates.angles.Latitude
#         unit: *id001
#         value: !astropy.table.SerializedColumn {name: sky_centroid.dec}
#       frame: icrs
#       ra: !astropy.table.SerializedColumn
#         __class__: astropy.coordinates.angles.Longitude
#         unit: *id001
#         value: !astropy.table.SerializedColumn {name: sky_centroid.ra}
#         wrap_angle: !astropy.coordinates.Angle
#           unit: *id001
#           value: 360.0
#       representation_type: spherical
#   astropy version: '5.1'
#   kernelfile: kernel_f277w_f160w.fits
#   make_catalog parameters:
#     ab_zpt: 31.4
#     coadd_bands: !!python/tuple [f277w, f356w]
#     deblend_contrast: 0.001
#     deblend_nlevels: 32
#     deblend_npixels: 1
#     detect_kernel_fwhm: 4.0
#     detect_kernel_npix: 7
#     detect_npixels: 4
#     detect_threshold_nsigma: 3.0
#     flag_isolated_buffer: 4
#     hst_bands: !!python/tuple [f606w, f814w, f125w, f140w, f160w]
#     jwst_bands: !!python/tuple [f115w, f150w, f200w, f277w, f356w, f410m, f444w]
#     near_border_kernelsize: 21
#     reference_band: f200w
#   make_catalog version: 1.4.0
#   photutils version: 1.5.0
# schema: astropy-2.0
label xcentroid ycentroid sky_centroid.ra sky_centroid.dec bbox_xmin bbox_xmax bbox_ymin bbox_ymax area semimajor_sigma semiminor_sigma orientation eccentricity min_value max_value local_background segment_flux segment_fluxerr kron_flux kron_fluxerr kron_radius gini equivalent_radius kron4_2_flux kron4_2_fluxerr kron4_2_mag
[from data line 3058]
3059 295.8645608761971 3661.7827647228282 214.88630425317533 52.870696088169225 291 300 3657 3666 71.0 2.2133697659360463 2.1784579900853487 -34.496368650417594 0.17691092225379426 0.19625022973863035 0.49425533814922834 0.0 22.96813128871217 5.301848 45.09196865379279 13.78454933265097 2.2528471207990735 0.15200553148555196 4.753945931439391 37.7861524335676 22.38545584394218 27.45666831942292
3060 8591.06785127337 3689.5587511426475 214.8119565954453 52.81814013621516 8565 8613 3661 3717 1770.0 7.922466358132629 5.6345166157138475 -73.14568781040218 0.7029822539338827 0.2074219056100845 38.25005821962466 0.0 6397.9535542074755 24.931227 6381.243700403695 24.559603666321053 1.4 0.6857392694339222 23.7362275550541 6775.450934362009 39.36115564431673 21.822654488481472
3061 1053.724042932412 3664.5461398530974 214.8795019195099 52.86589766444807 1050 1058 3662 3667 43.0 2.0806052383606204 1.5087281035639866 -8.35565594581953 0.6886024686581447 0.17446021281917617 0.279597008780505 0.0 9.535075040291133 4.2534294 35.645055719869944 15.796375272523152 3.054898105184517 0.07973315176570843 3.6996385101659595 43.639201064382746 25.416181810344934 27.300308022415134
3062 3606.6302573704597 3666.2406509131874 214.8566789111279 52.849689890584976 3603 3610 3663 3670 53.0 2.0755366158032595 1.8648961401847106 -36.28603848355964 0.4389473932299465 0.21449195072495483 0.3638494073858511 0.0 15.155476367787408 4.4804406 57.48130503960759 16.025748302121514 3.0249917760537195 0.0819718375628413 4.1073621666150775 83.67157037123272 25.733246471622145 26.59355519994635
3063 9592.741181102496 3665.9636235113267 214.803274477306 52.81164548778952 9588 9598 3663 3669 57.0 2.667687651618697 1.527422788347792 22.74476889145872 0.8198597989687085 0.22090080654379737 0.4540095711226348 0.0 19.332092414566787 4.467173 57.711045576544024 15.173905997765884 2.8381678301306272 0.10624137425761104 4.259537945889915 65.65658583532951 24.52001742373479 26.85680426119869
3064 9383.021650015791 3690.856790940964 214.8048821705346 52.81311282951368 9338 9431 3665 3714 2891.0 15.43504492491109 5.782792116889267 -21.473427420752017 0.9271649406226731 0.2803725129425764 29.24590270898385 0.0 11109.015203426097 32.270023 11257.340236007176 35.35920104262673 1.407985510196486 0.6153262883378396 30.335356944617264 11748.956020444228 56.584344595410236 21.225001804694095
3065 10027.205823795899 3676.7931228681095 214.79928797847768 52.80894179311902 10017 10040 3665 3688 434.0 5.287051956228085 4.146714313516513 49.730053996190165 0.62036274369021 0.2448930467990152 3.440638521848389 0.0 445.0882672149178 13.061249 551.5953820241375 23.086396177434782 1.7751481947661534 0.37570863731353504 11.753573524837677 579.7200683469047 36.16146098560145 24.491954163160248
3066 7447.559039291215 3669.001721773171 214.8223708210926 52.82529767099331 7444 7451 3666 3672 47.0 2.19442675338292 1.5885710667869501 -30.847345828472502 0.6898927014596382 0.20352351439709163 0.321352316621108 0.0 12.41364723423543 4.0774226 65.58299427559524 16.276337517097634 3.285106654284115 0.07001758290568695 3.8678889139475245 101.07193945753794 26.052263588292618 26.388423501484038
3067 159.20259440343617 3679.3903925010804 214.8873405487858 52.871659017809826 148 175 3667 3694 611.0 5.421782663215822 5.165127821783454 -18.80117728734621 0.3040305649421804 0.20606201061435878 5.077477333084454 0.0 835.9800744701311 15.583239 945.5471835117442 24.640026828174832 1.659935013636157 0.438938817623894 13.945871807036522 1004.3277394719496 39.26489976897521 23.89531135488567
3068 6227.018032043582 3670.810178617184 214.83324055545387 52.83306439521428 6224 6230 3668 3673 29.0 1.6698798280683909 1.298971230090191 18.316125190191887 0.6284090589239066 0.17841922141714783 0.2602914941647032 0.0 6.311768810480005 3.3576458 31.114466467970594 12.91013287887096 3.2351708050647767 0.06584792401277482 3.0382538898732494 40.93396901713984 20.461046224591275 27.369790358722007
3069 1624.7054416001201 3674.0599697586135 214.8742997532704 52.86232230048599 1619 1631 3669 3679 114.0 2.9958260048417 2.5417824892754077 11.274637671538558 0.529289497592739 0.18639600073563062 0.5569263865206308 0.0 38.83692469213595 6.844965 79.62580432205313 19.192721082642166 2.46457188880361 0.1679976145068829 6.023896332520351 93.32381689524502 30.648396430724667 26.475018767745333
3070 4199.666735487697 3671.7426167850717 214.8513258574658 52.84595176597991 4198 4202 3670 3673 17.0 1.3382381307189277 0.973245022257698 25.160772260942256 0.6863636866892673 0.1379850126606349 0.18529896085388756 0.0 2.7465963534194735 2.4900703 15.598609159773126 10.295001706186214 3.3209384427118884 0.05631743188871075 2.326213245840639 20.131476341433146 16.480604018221364 28.140310937414817
3071 4395.460416841351 3673.6019089483793 214.84955827466183 52.84471778501774 4394 4398 3672 3676 18.0 1.389043556146761 1.036910783038054 -51.14676666105772 0.6653936784409831 0.16236706547092508 0.21628316165817835 0.0 3.5020934856198807 2.7544458 29.587582883084654 11.492447857125676 3.5286982981511335 0.045222504820651994 2.393653682408596 42.563544475619125 18.557523944817333 27.327405533425704
3072 7186.2924435326195 3678.1762400114094 214.82460481678686 52.82700764723675 7183 7190 3674 3682 54.0 2.02545295504285 1.8967930539168996 86.09812574699184 0.3507251108921876 0.20929840343363543 0.40594797230157803 0.0 16.165478318797014 4.399472 48.036631106885665 15.51188599306618 2.8350189823045118 0.10855112819349384 4.145929793656026 59.72952795198053 24.741366340510172 26.95952729377271
3073 6915.596277889158 3680.7109062755194 214.8269929527752 52.82874172110715 6910 6921 3675 3686 107.0 3.206666641879806 2.3628724376700028 -49.11678769434518 0.6760426303473555 0.22738738900272323 0.4758752199332115 0.0 36.78494926864268 6.0723486 116.04540761804836 21.16122624268195 2.8925295515387974 0.1146306824936539 5.836022431559495 201.92726220404012 33.67895371586892 25.63701260747627
3074 6123.763313480334 3678.5334326662496 214.83408065397737 52.83376220427997 6121 6127 3676 3681 31.0 1.732395085794909 1.3361191861417197 34.98972218426911 0.636525726091361 0.16959084634824964 0.2352756764918373 0.0 6.217245315179173 3.614616 27.720387177893713 13.362875949673995 3.20786446248454 0.05792859057845763 3.141274657157109 25.3459574058957 21.111441615367905 27.890228248254306
3075 6284.020805567895 3678.0673248206394 214.83265559473534 52.83274126460133 6282 6286 3676 3680 23.0 1.467980407990555 1.2011067079435687 43.90897940427828 0.5749287193828398 0.18759860783363577 0.2273999469491778 0.0 4.878323926489749 2.452447 58.042656102380974 11.199061426222665 3.7514447315875037 0.03404278993456295 2.7057581899030048 103.20519030070956 17.903926984195454 26.365746152550226
3076 7442.843011543075 3682.262480099646 214.82227340316075 52.82539911620084 7435 7451 3677 3688 156.0 3.5705306838498485 2.6539261597964194 -10.193415457823692 0.6689735682066734 0.275698886868151 1.3259462000087494 0.0 99.46603064623929 7.483015 174.44601983604193 18.396398541462663 2.282126334369558 0.2450072362750145 7.046725639945928 203.70168205846392 29.62943080662559 25.62751346203944
3077 1603.9343943276367 3679.904360961765 214.87442385143044 52.86248576158002 1603 1605 3678 3682 14.0 1.3397498946906143 0.7811925451205677 -82.60789705712676 0.8124087549600866 0.17005728298380646 0.20792938940179215 0.0 2.7061795658830574 2.5183148 20.04080129507949 10.410345854236105 3.5152125162741936 0.03308301344183905 2.111004122822376 24.64401426073062 16.460398292635393 27.92072137141435
3078 6301.4594912435405 3688.3688737424295 214.83239163289392 52.832685972983114 6289 6316 3678 3702 413.0 5.818433601931856 3.9282918988739692 34.05591116225704 0.73768417511173 0.19082143933129078 1.8903593074069232 0.0 297.58463097372197 10.043276 474.17663340049955 24.055751103745454 2.275274612097452 0.316607801614165 11.465687201119065 553.7578854884239 39.18518275343589 24.541700190975337
3079 6596.6833481210515 3681.816654014752 214.82982649102678 52.8307744730587 6593 6601 3678 3686 60.0 2.0851214103078557 2.0086432877902936 -59.4075617603243 0.26834820802351855 0.2336092460023112 0.48576919247545824 0.0 20.13790851310371 4.526404 61.12842350718803 15.47413479891911 2.8874450436275434 0.1255911464668263 4.370193722368317 81.3840504353561 24.744100610791804 26.623651748422688
3080 7638.897416282859 3683.902498541993 214.8205074625098 52.82416186481764 7635 7643 3679 3688 73.0 2.4854851726996117 2.052954667567413 51.64744316198953 0.5637031815979295 0.23294808911138065 0.502782038520656 0.0 25.634300170619714 5.1308036 62.02683101332023 15.66997582704825 2.625452937495678 0.12532875471185606 4.820437914901168 77.85752740201744 25.132298962250697 26.67174848178838
3081 1213.9768804736145 3687.429158216176 214.87782911900806 52.86500325833944 1207 1221 3680 3694 176.0 3.4049023912631085 3.1991129747083233 -49.60988442118147 0.34238197203291215 0.24849216216283362 1.0464677834188176 0.0 92.8847638977825 8.199195 144.37503180613783 18.70726082131822 2.034639169689374 0.22750401879910742 7.48482063701911 169.65864129702803 30.05207716597026 25.826060038366624
3082 3523.82573433165 3682.5950404706023 214.85724628767932 52.850304156802636 3522 3526 3681 3685 18.0 1.2583448106996333 1.0390550342380136 -2.410711438323247 0.5640632737574687 0.006632855485915402 0.017104534536798596 0.0 0.2059128078500891 2.5481603 0.3861716892157285 4.264074238215697 1.4 0.1438030874664155 2.393653682408596 0.21769043177436515 6.839036211668234 33.055401648101395
3083 932.6268049108335 3687.7468896911596 214.88034000549166 52.86679196943444 921 942 3682 3694 233.0 4.56856315850587 2.9754189153868125 1.5849057694055337 0.7588365483335947 0.22956876453358227 1.546757514081914 0.0 157.23563595811027 9.413889 237.76751067168863 21.80146649028945 2.132639889101933 0.27697869983305273 8.611980229936854 275.81957834208623 34.78367925774316 25.298437274478083
3084 3382.41905181341 3695.0774047717814 214.85837774341763 52.85126984362631 3373 3392 3683 3707 334.0 5.864311748847946 3.7827745514313316 58.00734516856477 0.7641403279359115 0.24689476117060033 0.8306871855653353 0.0 169.28195673663254 11.209698 327.27611836406595 31.84606728507319 2.479780181474803 0.18298675193389682 10.31094088749354 391.4850176080414 50.95113087608136 24.918212135066568
3085 6272.388541709858 3684.2570265982313 214.83269427643717 52.83284855373089 6271 6274 3683 3685 8.0 1.023646190119039 0.5988349126168455 -19.103268213829907 0.8110319587911229 0.18619050041820134 0.19917122215673755 0.0 1.5456187146388087 1.3847888 24.964905452745967 6.793706301969719 3.945816672410912 0.016315540368094752 1.5957691216057308 49.88050566983814 11.014864487018116 27.155172881141954
3086 3235.2897387037206 3688.339554833448 214.85976256005728 52.852168221235296 3230 3241 3684 3692 85.0 2.7587173044539903 2.107911397907014 11.499111107769611 0.6451083309681486 0.22345866852585164 0.5515293478042791 0.0 30.88860863078925 5.784308 63.52617790641871 15.396212383587908 2.360663826275187 0.14606363448766366 5.201570947860099 63.120249125454066 24.51090561953736 26.899578239262254
3087 3699.988040526617 3686.952386969905 214.8556273763544 52.84920845848449 3698 3702 3685 3689 23.0 1.4398934426308103 1.187495528667927 -43.923608225407804 0.5655548264165036 0.1688595497390768 0.23409743423332013 0.0 4.644672872743459 2.8917253 29.76020500278726 11.755556387003894 3.376417467600367 0.054455335737629514 2.7057581899030048 50.373487863270185 18.91553335002373 27.144494943814145
3088 1439.4948813753597 3688.5463162483497 214.8758022175342 52.86357686713154 1439 1440 3687 3690 8.0 1.1089887872787147 0.4999583471094736 89.77248533417212 0.8926130502973911 0.14492978123444536 0.1666253757987797 0.0 1.2780095822838575 1.7657467 14.28534249439705 8.027372161733794 3.8778163494128117 0.028277120266337646 1.5957691216057308 19.802480603740683 12.951075611111689 28.158201008558606
3089 4326.591162526352 3694.131106427159 214.84995715548672 52.8452660559492 4321 4332 3688 3700 122.0 3.0055331531817755 2.6981634904548155 -80.9620232990558 0.440541865926312 0.21351144302058414 0.6042043611598188 0.0 45.58096502057314 6.5910654 88.98402753018894 18.282890961329006 2.385166098894388 0.16639232026300277 6.231677632421503 108.21400023496162 29.546937187079333 26.314291371376388
3090 2463.856537846511 3689.880261291109 214.86663652993795 52.857077215875414 2463 2465 3689 3691 8.0 0.8565976478390602 0.6846010148204739 -45.10452421736688 0.6010524986108666 0.1711900029963325 0.1925998466264621 0.0 1.4633543714773234 1.8709008 16.022693377776775 7.778850521889177 3.76512799104694 0.02181605271605807 1.5957691216057308 22.586005614040353 12.424074058245875 28.015401420615
3091 4207.010651564597 3698.785615878558 214.85097579973112 52.84605092757179 4199 4214 3689 3710 236.0 4.910280423692009 3.0547483507357964 68.03262039532135 0.7829276160814094 0.21862422447460045 0.9605500774446538 0.0 116.06355670266935 9.484277 180.0685391000086 21.508521541954867 2.036705295119542 0.22046158835906762 8.667244841319219 200.5615250597776 34.44333435510371 25.644380941709564
3092 9535.961119840562 3695.4533468461877 214.80347046137072 52.81216534011263 9529 9543 3689 3702 143.0 3.661728858547508 2.6251897823422268 -37.50513298891088 0.697148948792819 0.2562009676888984 0.7246190704080202 0.0 64.6861634076388 7.071257 164.0427999247686 22.396426983356008 2.7228032820258696 0.16093788563117728 6.746726148605861 192.17209636790912 35.945312835250235 25.69077418049806
3093 6712.31490119002 3692.973538011863 214.82867750034697 52.83009974440812 6707 6717 3690 3697 64.0 2.796943501348021 1.7365712765032464 23.136836897407967 0.7839042083018725 0.17803790443189083 0.3015532012788508 0.0 15.362924163845683 5.3915796 76.47786771384517 23.37523609384753 3.253619320211524 0.07279960030720986 4.51351666838205 113.53712928819229 37.9510656672555 26.262155227056912
3094 7695.031559163436 3694.0947393377 214.81989959104578 52.82386001118495 7693 7697 3691 3697 31.0 1.7685732554871223 1.2924108593648536 -89.82023342168809 0.6826294679485113 0.18569087899047929 0.2819391679951587 0.0 7.360218153236015 3.342185 36.27482715805236 13.089710797542205 3.2172422858850847 0.06625277272461305 3.141274657157109 50.98438998991764 20.698635677362248 27.131406931272743
3095 4178.379573228176 3699.8791180030007 214.8512199185924 52.84623873471548 4174 4183 3696 3704 67.0 2.6801937937193294 1.7757152746898424 -41.140131550189494 0.7490332403731625 0.1866318111634012 0.36746631076585434 0.0 18.142866432161465 4.9909673 51.01180079242398 16.515254450344557 2.764077511751154 0.10896447519686495 4.61809077155419 84.71499992981333 26.16960914194953 26.580099212957677
3096 9620.998460788082 3726.0492691942395 214.80239063344692 52.811789588534715 9590 9654 3697 3755 2707.0 10.771218024792121 8.97662659472553 39.67706618393164 0.5526851919735206 0.25346765199770005 13.003996517816311 0.0 6227.169989270233 31.488464 6539.974117930092 39.0753313576538 1.4834711270740157 0.5584104620016734 29.354128532448744 6859.487230670436 62.599868390188796 21.809270870067532
3097 2556.341299256311 3716.390455771989 214.86553150025168 52.85663269172654 2548 2565 3700 3730 431.0 6.371191540909437 3.7018925275422196 -86.61485909337719 0.8138777588249778 0.24410925622634383 2.402619178225334 0.0 406.65868526438385 12.7747555 522.3058083493598 24.73683118401998 1.8447406418387569 0.3188280006530032 11.71288013023329 567.3783363083492 39.95302479313372 24.515318126238306
