outputs/dr0.5_c0.1/nircam2_f606w_dr0.5_c0.1.ecsv
# %ECSV 1.0
# ---
# datatype:
# - {name: label, datatype: int64}
# - {name: xcentroid, datatype: float64}
# - {name: ycentroid, datatype: float64}
# - {name: sky_centroid.ra, unit: deg, datatype: float64}
# - {name: sky_centroid.dec, unit: deg, datatype: float64}
# - {name: bbox_xmin, datatype: int64}
# - {name: bbox_xmax, datatype: int64}
# - {name: bbox_ymin, datatype: int64}
# - {name: bbox_ymax, datatype: int64}
# - {name: area, unit: pix2, datatype: float64}
# - {name: semimajor_sigma, unit: pix, datatype: float64}
# - {name: semiminor_sigma, unit: pix, datatype: float64}
# - {name: orientation, unit: deg, datatype: float64}
# - {name: eccentricity, datatype: float64}
# - {name: min_value, datatype: float64}
# - {name: max_value, datatype: float64}
# - {name: local_background, datatype: float64}
# - {name: segment_flux, datatype: float64}
# - {name: segment_fluxerr, datatype: float32}
# - {name: kron_flux, datatype: float64}
# - {name: kron_fluxerr, datatype: float64}
# - {name: kron_radius, unit: pix, datatype: float64}
# - {name: gini, datatype: float64}
# - {name: equivalent_radius, unit: pix, datatype: float64}
# - {name: kron4_2_flux, datatype: float64}
# - {name: kron4_2_fluxerr, datatype: float64}
# - {name: radius_kron20, unit: pix, datatype: float64}
# - {name: radius_kron50, unit: pix, datatype: float64}
# - {name: radius_kron80, unit: pix, datatype: float64}
# - {name: near_border, datatype: bool}
# meta:
#   PHOTMJSR: 0.3925000131130219
#   PIXAR_SR: 2.11539874851881e-14
#   __serialized_columns__:
#     area:
#       __class__: astropy.units.quantity.Quantity
#       unit: !astropy.units.Unit {unit: pix2}
#       value: !astropy.table.SerializedColumn {name: area}
#     eccentricity:
#       __class__: astropy.units.quantity.Quantity
#       unit: !astropy.units.Unit {unit: ''}
#       value: !astropy.table.SerializedColumn {name: eccentricity}
#     equivalent_radius:
#       __class__: astropy.units.quantity.Quantity
#       unit: !astropy.units.Unit {unit: pix}
#       value: !astropy.table.SerializedColumn {name: equivalent_radius}
#     kron_radius:
#       __class__: astropy.units.quantity.Quantity
#       unit: &id001 !astropy.units.Unit {unit: pix}
#       value: !astropy.table.SerializedColumn {name: kron_radius}
#     orientation:
#       __class__: astropy.units.quantity.Quantity
#       unit: &id002 !astropy.units.Unit {unit: deg}
#       value: !astropy.table.SerializedColumn {name: orientation}
#     radius_kron20:
#       __class__: astropy.units.quantity.Quantity
#       unit: *id001
#       value: !astropy.table.SerializedColumn {name: radius_kron20}
#     radius_kron50:
#       __class__: astropy.units.quantity.Quantity
#       unit: *id001
#       value: !astropy.table.SerializedColumn {name: radius_kron50}
#     radius_kron80:
#       __class__: astropy.units.quantity.Quantity
#       unit: *id001
#       value: !astropy.table.SerializedColumn {name: radius_kron80}
#     semimajor_sigma:
#       __class__: astropy.units.quantity.Quantity
#       unit: !astropy.units.Unit {unit: pix}
#       value: !astropy.table.SerializedColumn {name: semimajor_sigma}
#     semiminor_sigma:
#       __class__: astropy.units.quantity.Quantity
#       unit: !astropy.units.Unit {unit: pix}
#       value: !astropy.table.SerializedColumn {name: semiminor_sigma}
#     sky_centroid:
#       __class__: astropy.coordinates.sky_coordinate.SkyCoord
#       dec: !astropy.table.SerializedColumn
#         __class__: astropy.coordinates.angles.Latitude
#         unit: *id002
#         value: !astropy.table.SerializedColumn {name: sky_centroid.dec}
#       frame: icrs
#       ra: !astropy.table.SerializedColumn
#         __class__: astropy.coordinates.angles.Longitude
#         unit: *id002
#         value: !astropy.table.SerializedColumn {name: sky_centroid.ra}
#         wrap_angle: !astropy.coordinates.Angle
#           unit: *id002
#           value: 360.0
#       representation_type: spherical
#   astropy version: '5.1'
#   make_catalog parameters:
#     ab_zpt: 31.4
#     coadd_bands: !!python/tuple [f277w, f356w]
#     deblend_contrast: 0.001
#     deblend_nlevels: 32
#     deblend_npixels: 1
#     detect_kernel_fwhm: 4.0
#     detect_kernel_npix: 7
#     detect_npixels: 4
#     detect_threshold_nsigma: 3.0
#     flag_isolated_buffer: 4
#     hst_bands: !!python/tuple [f606w, f814w, f125w, f140w, f160w]
#     jwst_bands: !!python/tuple [f115w, f150w, f200w, f277w, f356w, f410m, f444w]
#     near_border_kernelsize: 21
#     reference_band: f200w
#   make_catalog version: 1.4.0
#   photutils version: 1.5.0
# schema: astropy-2.0
label xcentroid ycentroid sky_centroid.ra sky_centroid.dec bbox_xmin bbox_xmax bbox_ymin bbox_ymax area semimajor_sigma semiminor_sigma orientation eccentricity min_value max_value local_background segment_flux segment_fluxerr kron_flux kron_fluxerr kron_radius gini equivalent_radius kron4_2_flux kron4_2_fluxerr radius_kron20 radius_kron50 radius_kron80 near_border
[from data line 3598]
3599 3510.348120074541 5857.47504178524 214.89073792732663 52.935284636119334 3504 3517 5852 5862 114.0 3.0198427626214777 1.8792344249800352 -25.20713761940112 0.7827824519649325 -0.28884962025525907 1.043886635404538 0.0 29.031793930948464 3.4516964 32.2947776311867 4.751235334777334 1.4 0.49476667162208027 6.023896332520351 32.82740109823232 7.6635997008974535 1.6591853400213497 3.082019402453774 5.226384748514289 False
3600 2228.917155066855 5874.302469223855 214.90203454082695 52.94351275803022 2202 2255 5853 5899 1862.0 11.628160374510793 8.571354878571597 -2.7198386657577487 0.6757613729978327 -0.4115599079462094 1.2634875729803934 0.0 454.32231345775847 11.081081 491.025855235596 19.151434125515358 1.6844644485271636 0.45290726390802405 24.34528718405717 552.1118436710881 30.619829018169046 8.068796242765046 13.258776468782358 19.55692494255849 False
3601 1503.763115504389 5859.166838541462 214.90868896308228 52.94803543787771 1495 1510 5854 5866 109.0 4.580221717252076 1.7108968992197495 -34.572122935076166 0.9276139957079201 -0.1705801768362804 0.4581602759290599 0.0 14.947071801907502 2.6760268 28.26707682572068 8.20617287348999 2.5936151481636265 0.4154513021021438 5.890312181373172 36.24533157961345 13.142516464540051 3.5955485329743353 7.068934642568673 18.861818133046388 False
3602 4431.799564270699 5856.889417493351 214.88249608645256 52.929429413607316 4429 4433 5854 5859 23.0 1.4812606173087168 0.940913606168821 -71.7784441236431 0.7723383314102643 -0.1177209326320908 0.5580342698045938 0.0 4.84410333373923 1.3165017 20.086024800535426 4.3047435264685925 2.9401619626558104 0.4239792224321751 2.7057581899030048 33.017708690397576 6.877764622449734 2.21085138377745 3.8562418661435776 5.572607199237541 False
3603 9950.21491157147 5861.12956192123 214.8331020553395 52.89439327722127 9943 9959 5855 5868 175.0 3.7607212672284054 2.494445833012026 30.4912955187237 0.7483631643711651 -0.21701901393575182 1.1812627929528812 0.0 39.73068809132216 3.350197 47.558678861886406 7.200744221071487 2.1053201387189713 0.4711680383368947 7.463526651802308 74.30603482744289 11.620804773908109 2.4949652263528126 4.270060506398886 7.313004683821904 False
3604 654.1293086766542 5858.210477438406 214.91631064986072 52.953424568466865 651 656 5856 5861 32.0 1.8840061373001857 1.1272208055864692 -52.70159597544271 0.8012642818178765 -0.12921061328417685 0.5362969979965468 0.0 3.4131122675917016 1.651907 10.127217338685893 6.495449018947349 3.435401026622867 0.5519186338779356 3.1915382432114616 12.587160365663943 10.394096290053422 2.1809703758372048 4.1944414823520475 5.702634543058938 False
3605 1118.3047768481918 5859.304404292978 214.91214048176474 52.950483501488556 1112 1123 5856 5862 33.0 4.422050189223178 0.6847441096941232 26.981774356561964 0.9879383600249043 -0.32980059520038874 0.24323630724923717 0.0 0.414697413662637 1.2994764 0.9549192046007825 2.4288056691334425 1.4 0.13412579696436974 3.2410224072142872 -1.0660544066975568 3.8753583343911315 11.902486998937633 2.760655170665226 2.995536486643124 False
3606 8952.567576575027 5860.639228400115 214.84202294268147 52.900730300072595 8951 8954 5857 5863 21.0 1.5433367508397295 1.1860110254207452 -40.09738383578927 0.6398834574843915 -0.3199885928428966 0.21747925336988072 0.0 -1.530855453522148 1.2829581 1.032224747946803 10.748406915857812 6.631590887447686 -0.5052145948534973 2.5854414729132054 28.45955689744388 17.190394716345587 6.315677491220339 6.591182473590543 6.823217110223285 False
3607 767.9609756867935 5863.15902120692 214.9152386099253 52.952728595589576 762 780 5858 5872 191.0 4.988066159504685 3.1340700978858886 -30.10185576423802 0.777960118804154 -0.4898818839799808 0.42483170502501943 0.0 -3.9303604112410193 4.0356116 -3.440347084303936 7.161022296242569 1.4 -0.5113238531782635 7.797255174810172 -8.372865420305322 11.542831866831824 5.187007703018091 5.486605230246461 5.787291928151648 False
3608 3820.8486369770067 5861.542156265571 214.88791550172624 52.93333468070907 3818 3824 5858 5864 34.0 1.5876626233438877 1.1233940008916221 -54.695065706760374 0.7066359689069114 -0.08912246343395516 0.952589889890611 0.0 13.563045593370827 1.5972874 20.825298178836846 4.032354410577833 2.4817329350112325 0.3806330571147189 3.2897623212397704 29.490695469881185 6.49796157113635 1.3211934141699737 2.41807611479212 5.923355032315177 False
3609 782.5706762638112 5861.549798235913 214.91512467222003 52.952627155752964 782 784 5861 5862 5.0 0.5214121364028522 0.4697386352488425 46.40748690110406 0.4340329196602073 -0.05417953565022878 0.18463137122734716 0.0 0.48991967463405534 0.64857703 0.5262609235798023 0.899921722946728 1.4 0.2778653356278453 1.2615662610100802 0.29769593866407007 1.4350673878070452 0.48636107184559924 0.7749149917992019 0.9876208264056746 False
3610 2917.3727895611332 5863.6197699321065 214.895982144294 52.93908342856274 2911 2921 5861 5866 50.0 2.885137832901747 1.1449165867931168 -6.095434857887134 0.9178910239293668 -0.2103571243793502 0.37377514659560357 0.0 5.659730404226797 2.019224 11.285390868376899 5.5785383502331625 2.453702285576192 0.38216091272588537 3.989422804014327 7.5379159479819 8.938367590449513 1.9899310492727331 6.049587996274413 7.690014433438757 False
3611 3358.8337108201354 5868.421545598947 214.89197902175505 52.93630590224964 3349 3368 5861 5877 227.0 4.621272654176111 2.994961620900143 25.620060173033906 0.7615709311513044 -0.5370923206258156 0.705275867046683 0.0 4.59997518029376 4.797637 45.23438844442977 20.453995466947813 3.9143912191101364 0.4825633516088663 8.500373177909337 36.98496705488118 32.712209566447285 11.803267622498234 15.223826023700502 21.758780409421576 False
3612 8258.31536479902 5870.242486530897 214.84812767020267 52.90519339169701 8250 8270 5861 5878 254.0 3.6173939713928926 3.3015952200487018 12.1243483537649 0.4086304443019745 -0.4410977831019151 2.1400306513238294 0.0 77.9967517736903 4.70922 95.28007504913091 8.328778647178256 1.8585383342845345 0.531737848171154 8.991702346646203 114.06064520635823 13.237760303524402 2.1933781087113395 4.4450619825918976 8.084566956361751 False
3613 9622.152966759171 5870.2053843462145 214.8359379692039 52.8965269856642 9611 9633 5862 5880 315.0 4.144963682040615 2.810249812858144 -3.954289648087584 0.7350698159586146 -0.28901459949008806 3.6042042538871346 0.0 125.26418063859785 4.6211076 127.08514845473542 5.493285472403896 1.4 0.6208953216581388 10.013371767186818 132.5216089737799 8.747126263441816 1.871416042791121 3.5484919838346567 6.541977263098046 False
3614 4022.1454626740638 5866.096723869782 214.88606565730095 52.93208084031673 4020 4025 5863 5869 34.0 1.8219339011896825 1.3560828998567651 -72.31329640358295 0.6678347205154904 -0.12339967189549768 0.3799339629387404 0.0 5.351777945623938 1.7223605 7.22839334827159 2.7821139565544017 1.4 0.34190679268849755 3.2897623212397704 2.128424861569061 4.414489169517672 1.5797080305057385 2.545708498791898 3.5510999069089717 False
3615 413.70997786662195 5867.335636231054 214.9183686759565 52.95500015170043 410 417 5865 5870 39.0 1.584270655398132 1.4801468937485873 9.158629048718725 0.35654924157393364 -0.1560667991029174 0.7586169069238192 0.0 12.793968199042544 1.7980509 22.234547927912452 4.109736083180885 2.0632728626580463 0.3164025570309017 3.523362819972964 24.00066164772657 6.569187028065234 1.6033412174813226 3.0377972681829695 4.591366687478552 False
3616 7686.305778989147 5868.99554452214 214.8532549249354 52.90882100406199 7683 7689 5865 5872 45.0 1.7067312533555683 1.4879821443269465 85.38003878905229 0.4898058374033512 -0.09444070670728953 1.1993193866573926 0.0 20.590791215026265 1.9978864 38.45524568310637 5.300564792015288 2.5769194940649633 0.3396986482390054 3.7846987830302403 38.012621069335836 8.24943445256772 1.777593507901787 3.3335388967462642 6.848793221350624 False
3617 937.7334756899415 5868.959813629069 214.91365644219917 52.95168205300442 935 940 5866 5873 40.0 1.7242641936607197 1.5015937752578121 46.94690545523701 0.49153005005444994 -0.12575746228251852 0.6169928762120004 0.0 8.800943564416672 1.8913045 22.08139802042101 6.54170000652504 3.1079162673931955 0.3794483350416017 3.5682482323055424 5.8348234754412465 10.505437859968824 2.145858314021438 5.052133446920096 8.17875271559856 False
3618 1795.0 5867.69419932626 214.90599044072238 52.9462322959776 1794 1795 5866 5868 5.0 0.5437094398788911 0.28867513459481287 90.0 0.8474116681797407 -0.15383093462820138 0.13875474960544493 0.0 0.010844928001564585 0.5640178 0.7566450420584998 1.1592225568931287 2.6273621513228855 0.39656517560698096 1.2615662610100802 1.9254118214386522 1.8498772453750065 0.7091302431449484 1.3626856806596448 1.933202873706231 False
3619 8933.640381366738 5869.039427949892 214.84210362476125 52.90089585768782 8933 8936 5867 5873 17.0 1.7067586996467463 0.28867513459481275 -56.309932474020215 0.9855926419694641 -0.37463298753387086 0.21446565570087864 0.0 -2.710926833160179 1.2199118 -0.04177331735413391 2.181248028401218 2.4147273440873813 -0.2727166086565645 2.326213245840639 -1.306836501190221 3.4529447863439846 0.10769947521344848 3.78874151368899 0.270317201925949 False
3620 8951.275287195094 5872.306773524562 214.84191158322938 52.90080141612406 8950 8952 5870 5874 11.0 1.2690248185348192 0.5615478050231307 -72.86866695777977 0.8967668232677346 -0.10312893676669108 0.27181786357654963 0.0 0.6140734828005844 0.93769956 7.199349330456213 3.817352273146655 3.6644332323701243 0.605746679128453 1.8712051592547776 6.447233183532104 6.054348488208548 2.3692908402008626 3.134635725985026 4.309255996701193 False
3621 3947.8091938915218 5872.755362171817 214.88666088745725 52.93258887081915 3947 3949 5871 5874 12.0 1.0981434271140673 0.49723300561037115 63.977363926123665 0.8916150440885214 -0.020333051881609523 0.289619249487512 0.0 1.1513710032501439 0.9411189 10.232551412302657 3.838080071994261 4.086794934932955 0.5746088280137072 1.9544100476116797 18.100942050849927 6.095897709028458 3.110617509478581 5.534192591753564 6.762683297853232 False
3622 739.1064725545285 5874.0600957911665 214.91538225896088 52.95297062825032 736 742 5872 5877 35.0 2.0288436154868785 1.4801825174281966 30.91352822352326 0.6839066282255079 -0.24217793465723444 0.5510756033136803 0.0 4.389260859983867 1.9137659 17.37577426488496 5.795614810623397 2.4982414238714252 0.5016829121496945 3.3377905890622728 21.52745679920973 9.198364369480696 2.8852484640011857 4.402204739712576 6.511947029392438 False
3623 6914.394491029737 5881.722960182175 214.86002356028865 52.91379373039706 6901 6926 5873 5891 339.0 5.162945210568569 3.2359638657929386 -11.638267484097147 0.7792067009426433 -0.4212795916931533 1.1259345651498138 0.0 82.61689706225303 5.230056 98.76523203936134 7.135205451231755 1.4 0.5033777799894293 10.387831891992912 97.0845562100063 11.398416140799219 2.725659246241473 5.177103198326645 9.820861004105195 False
3624 8203.159056530245 5874.496985099867 214.84857594444986 52.90556678420656 8202 8204 5873 5875 9.0 1.1308107919544526 0.3332344728176765 43.480370282751984 0.9555940413187967 -0.4569183550598609 0.15998260369959122 0.0 -0.6309966255874007 0.87228686 0.07612146025287714 1.0899349188473753 1.4 -0.7531838705063442 1.692568750643269 -0.854863075095852 1.71996537265994 nan nan nan False
3625 6091.1699632253985 5879.416127511635 214.86741116413833 52.91901094306042 6088 6095 5876 5883 49.0 2.285395384603996 1.6439614159037355 57.797866995177266 0.694664914975174 -0.35412783119943253 0.1760775145807778 0.0 -4.9984502835364735 1.7319835 -8.912683073546049 3.0406282946751926 1.4 -0.4857498711791008 3.949327084834294 -11.01029671092883 4.840415446305664 2.6164089641683774 3.957909598119666 5.4975586460989 False
3626 6149.7497458782145 5879.989705464033 214.866881097811 52.91864191523956 6148 6153 5877 5882 28.0 1.674730049433132 1.3183537463810326 80.72689905914277 0.6166930217157455 -0.39107375964789126 0.36160954598714135 0.0 -0.5470810529794758 1.4004318 -2.210546435320209 5.537824837046008 3.302636567370644 -0.5318731899958664 2.985410660720923 -11.077451585024631 8.782533133627956 9.810861313320517 10.137276608165271 10.428798702648033 False
3627 7891.342857574663 5880.04056575609 214.85130531100012 52.90757785754509 7890 7892 5879 5881 8.0 0.8796863988733813 0.6129483563315474 -65.15138329257097 0.7172843866173181 0.0683674325885123 0.4962391004513874 0.0 2.83503012746866 0.81114364 10.94228370757416 2.7881477995273958 2.9579912805628714 0.22817502099860723 1.5957691216057308 11.932724769840894 4.501099753587089 1.3645189380453422 2.3177329140490666 3.299929233439643 False
3628 6772.696236731489 5884.915445879394 214.86125721442198 52.91471113939146 6768 6776 5880 5889 76.0 2.5022882929941113 2.1286098898690726 -38.99648001671166 0.5257076191711553 -0.29624369092056996 0.2827186631382446 0.0 0.5897611698393074 2.3064914 2.174144218857988 3.722028414567625 1.4 0.19224330974123335 4.918490759365935 0.16508486188463234 5.818841740937909 2.212055337286468 2.9942136912638304 7.702824152064208 False
3629 7571.258585631682 5886.315825194373 214.85410115262698 52.909645343809245 7566 7575 5882 5889 65.0 2.137661639384517 1.756601736191203 20.986825500919185 0.5698628197247227 -0.21644707582728623 0.9446032364322696 0.0 14.277850314335062 2.14186 30.24324391477966 5.606379766890149 2.531462558583994 0.44120235343559133 4.54864184146723 28.062128885875595 9.018414029475537 2.1305945791365706 4.133109958742196 8.866629215086935 False
3630 10180.394281269302 5882.38874751896 214.83082142975152 52.893045076723546 10179 10181 5882 5883 5.0 0.8530214216759868 0.22247485677968193 -31.78277009261232 0.9653906769324635 -0.1933581147415273 0.24304036886187416 0.0 0.2528918214400632 0.55661255 2.7251040843342276 1.5692976765324995 3.251459503497523 0.34801377397948713 1.2615662610100802 5.168089324938234 2.50411162654072 1.43628211841765 2.8851425284311887 3.52169714951276 False
3631 242.25716745050462 5887.1395404549485 214.9196963106371 52.95619551981403 240 244 5884 5888 23.0 1.6519878109218704 0.5203545599878769 -29.883310071017462 0.9490960106072075 -0.3456840985444549 0.284497661329632 0.0 -1.9467686701772333 1.4385748 -1.3676337456465577 1.686269115039595 1.4 -0.4259649641970832 2.7057581899030048 -4.136420232699464 2.6777978276947376 1.0556061896927995 2.313639079093729 2.6564734593079034 False
3632 3211.4362086342153 5887.829827347901 214.89309415499946 52.93734667035913 3208 3215 5884 5891 48.0 1.7600079290988768 1.5306433896048006 50.23590746929885 0.4936162478909424 -0.16663489327178876 1.100687179460231 0.0 18.137798040590692 2.083273 38.729895574369436 6.519166584711472 2.8577751398541142 0.4071788447356903 3.9088200952233594 55.90711009922233 10.518400999699727 1.8821342600763509 4.425167715142931 9.168552653640162 False
3633 8934.32039843882 5886.651823992335 214.84191201090107 52.90098649231343 8934 8935 5885 5887 5.0 0.6156072912784312 0.4152264904399291 62.06568312083355 0.7382757785000248 0.028340648025457015 0.4467059856781942 0.0 1.087307510900458 0.61077625 2.1991450463037543 1.2536136147711106 1.9909939712889853 0.5052654383710772 1.2615662610100802 3.311932141698311 2.0404076229060726 0.6607008747662401 1.141705719864228 1.6194664232107867 False
3634 7245.932555656962 5891.483480472977 214.85695580401276 52.91174009288978 7238 7255 5887 5896 137.0 4.8939046135815465 2.0753521077431487 -16.57485704672548 0.9056299899507222 -0.17159672322610758 0.6000287762144862 0.0 25.950210431258228 3.1961389 31.302137663823814 5.347615005660601 1.4 0.3679369886139697 6.6036697681803656 16.501609648964916 8.573882425870927 3.166110852756609 5.426814752849967 7.358591920647994 False
