outputs/dr0.5_c0.1/nircam1_matched_f814w_f277w_dr0.5_c0.1.ecsv
# %ECSV 1.0
# ---
# datatype:
# - {name: label, datatype: int64}
# - {name: xcentroid, datatype: float64}
# - {name: ycentroid, datatype: float64}
# - {name: sky_centroid.ra, unit: deg, datatype: float64}
# - {name: sky_centroid.dec, unit: deg, datatype: float64}
# - {name: bbox_xmin, datatype: int64}
# - {name: bbox_xmax, datatype: int64}
# - {name: bbox_ymin, datatype: int64}
# - {name: bbox_ymax, datatype: int64}
# - {name: area, unit: pix2, datatype: float64}
# - {name: semimajor_sigma, unit: pix, datatype: float64}
# - {name: semiminor_sigma, unit: pix, datatype: float64}
# - {name: orientation, unit: deg, datatype: float64}
# - {name: eccentricity, datatype: float64}
# - {name: min_value, datatype: float64}
# - {name: max_value, datatype: float64}
# - {name: local_background, datatype: float64}
# - {name: segment_flux, datatype: float64}
# - {name: segment_fluxerr, datatype: float32}
# - {name: kron_flux, datatype: float64}
# - {name: kron_fluxerr, datatype: float64}
# - {name: kron_radius, unit: pix, datatype: float64}
# - {name: gini, datatype: float64}
# - {name: equivalent_radius, unit: pix, datatype: float64}
# - {name: kron4_2_flux, datatype: float64}
# - {name: kron4_2_fluxerr, datatype: float64}
# - {name: kron4_2_mag, datatype: float64}
# meta:
#   PHOTMJSR: 0.3925000131130219
#   PIXAR_SR: 2.11539874851881e-14
#   __serialized_columns__:
#     area:
#       __class__: astropy.units.quantity.Quantity
#       unit: !astropy.units.Unit {unit: pix2}
#       value: !astropy.table.SerializedColumn {name: area}
#     eccentricity:
#       __class__: astropy.units.quantity.Quantity
#       unit: !astropy.units.Unit {unit: ''}
#       value: !astropy.table.SerializedColumn {name: eccentricity}
#     equivalent_radius:
#       __class__: astropy.units.quantity.Quantity
#       unit: !astropy.units.Unit {unit: pix}
#       value: !astropy.table.SerializedColumn {name: equivalent_radius}
#     kron_radius:
#       __class__: astropy.units.quantity.Quantity
#       unit: !astropy.units.Unit {unit: pix}
#       value: !astropy.table.SerializedColumn {name: kron_radius}
#     orientation:
#       __class__: astropy.units.quantity.Quantity
#       unit: &id001 !astropy.units.Unit {unit: deg}
#       value: !astropy.table.SerializedColumn {name: orientation}
#     semimajor_sigma:
#       __class__: astropy.units.quantity.Quantity
#       unit: !astropy.units.Unit {unit: pix}
#       value: !astropy.table.SerializedColumn {name: semimajor_sigma}
#     semiminor_sigma:
#       __class__: astropy.units.quantity.Quantity
#       unit: !astropy.units.Unit {unit: pix}
#       value: !astropy.table.SerializedColumn {name: semiminor_sigma}
#     sky_centroid:
#       __class__: astropy.coordinates.sky_coordinate.SkyCoord
#       dec: !astropy.table.SerializedColumn
#         __class__: astropy.coordinates.angles.Latitude
#         unit: *id001
#         value: !astropy.table.SerializedColumn {name: sky_centroid.dec}
#       frame: icrs
#       ra: !astropy.table.SerializedColumn
#         __class__: astropy.coordinates.angles.Longitude
#         unit: *id001
#         value: !astropy.table.SerializedColumn {name: sky_centroid.ra}
#         wrap_angle: !astropy.coordinates.Angle
#           unit: *id001
#           value: 360.0
#       representation_type: spherical
#   astropy version: '5.1'
#   kernelfile: kernel_f814w_f277w.fits
#   make_catalog parameters:
#     ab_zpt: 31.4
#     coadd_bands: !!python/tuple [f277w, f356w]
#     deblend_contrast: 0.001
#     deblend_nlevels: 32
#     deblend_npixels: 1
#     detect_kernel_fwhm: 4.0
#     detect_kernel_npix: 7
#     detect_npixels: 4
#     detect_threshold_nsigma: 3.0
#     flag_isolated_buffer: 4
#     hst_bands: !!python/tuple [f606w, f814w, f125w, f140w, f160w]
#     jwst_bands: !!python/tuple [f115w, f150w, f200w, f277w, f356w, f410m, f444w]
#     near_border_kernelsize: 21
#     reference_band: f200w
#   make_catalog version: 1.4.0
#   photutils version: 1.5.0
# schema: astropy-2.0
label xcentroid ycentroid sky_centroid.ra sky_centroid.dec bbox_xmin bbox_xmax bbox_ymin bbox_ymax area semimajor_sigma semiminor_sigma orientation eccentricity min_value max_value local_background segment_flux segment_fluxerr kron_flux kron_fluxerr kron_radius gini equivalent_radius kron4_2_flux kron4_2_fluxerr kron4_2_mag
[from data line 3087]
3088 3159.9271702267147 3717.488046850866 214.9887170918163 52.998302906948716 3156 3165 3715 3719 38.0 2.20997723180541 1.0700695586691429 -6.298372393558524 0.8749577023539985 0.013671523580812688 0.8769623966493948 0.0 13.435936340988553 2.586776 65.30720654176508 9.481065348467444 3.3944669493115547 0.37545658223299655 3.477898169151024 80.95889606647386 15.161096044982353 26.62933855596386
3089 4403.692652207426 3718.4295168969165 214.97754056338576 52.990418030653316 4402 4405 3717 3720 13.0 1.028086718035631 0.835828530980567 85.71568052369038 0.5822717949791312 0.02715748092486991 0.3650137650270548 0.0 3.1474933783689005 1.289143 17.681938348213684 4.72375501317704 3.0973721644292525 0.24636289550267412 2.0342144725641096 28.510699958683617 7.662934655110975 27.762480300775607
3090 2505.0895311318322 3723.975200463698 214.99452952563468 53.002491579502646 2497 2512 3718 3731 169.0 3.0265735674287777 2.2709605507219455 -12.46520211264248 0.6610516015510796 -0.15671257242522707 3.81767763654612 0.0 124.87544571756871 5.400532 130.356811650277 7.002325019035123 1.4473815438034119 0.5459753486243657 7.334464586120832 132.32188261916423 11.253071157164559 26.095920821978474
3091 1107.327278899892 3723.7218540300782 215.007088652888 53.01135519000739 1103 1111 3720 3726 55.0 2.30056786248493 1.3628754397260991 -11.91999930594151 0.8056379058262896 -0.20935235474637945 0.8994696608624245 0.0 21.452827249835252 2.961163 51.19170168820076 8.874114314564643 2.7086346014149894 0.3572621030097645 4.1841419359420025 52.85065752354031 14.60170569277858 27.092374012988408
3092 3985.0301473117115 3721.3696380238575 214.98126790073718 52.993089868059364 3984 3986 3720 3722 7.0 0.775929318938942 0.4450390462371083 -24.145526254338762 0.8191662364839742 -0.005733955948547364 0.30105691513844796 0.0 1.0589715708643808 0.8816387 4.487478892128964 2.7400528114809 3.137179185032612 0.4628664872299922 1.4927053303604616 3.237638423277164 4.394776543938745 30.12442913628808
3093 7699.830479214288 3724.3377945177263 214.94790503119756 52.96953542447905 7695 7704 3720 3729 82.0 2.198786572494304 1.9811370015922594 -78.01787677334771 0.4337904653674118 -0.10077241702698343 1.1271693164330057 0.0 35.377166821579564 3.7464101 54.84839162993062 8.521935181457396 2.219545216681046 0.3767053628081513 5.108953969950291 61.9150006875919 13.740537718640224 26.92051029479245
3094 3637.2056930272806 3723.492492289468 214.984368289584 52.99530781068139 3635 3640 3721 3726 29.0 1.4490134288419712 1.3350064472107137 12.498832120328318 0.3888028854173709 0.05763474165395144 0.5111945988853572 0.0 8.554214867456446 2.2158453 17.492103156687367 6.374094298001623 2.5168858911378797 0.2571007834186495 3.0382538898732494 18.291087737467276 10.09373030954344 28.244401167646686
3095 6878.176894458148 3724.358403378421 214.95527409771057 52.97474975351691 6872 6882 3721 3728 67.0 2.358849212032957 2.0167023676874742 15.358408057005235 0.5187074593884448 -0.19393053401198312 0.5058595806800223 0.0 9.504829419300753 3.4034836 15.828333297927013 8.063638254823811 2.0012506588082584 0.442789677631379 4.61809077155419 12.857363196665009 12.900855039545325 28.62712021977259
3096 449.48245369013773 3749.190146710691 215.01273156065704 53.01566464802002 408 493 3722 3772 3162.0 13.94243037747969 6.657980071244791 7.78873974958391 0.8786134448647285 -0.4071634554141688 5.2324873818582125 0.0 1546.5012429625167 20.104319 1555.2740336542865 21.402211166733444 1.4 0.6822461455992171 31.725318912709863 1518.945153069104 34.19047372821393 23.446144769012356
3097 6387.655960872377 3728.6585012055166 214.95962903305278 52.97788561105539 6379 6398 3722 3738 223.0 4.60439192316902 2.4487163548264057 -31.589571739125915 0.8468562399780147 -0.17455780940860313 1.4721892562664156 0.0 89.09584430913776 6.956912 93.09826595923852 9.680419043844411 1.4 0.4330916960537955 8.42514715711158 74.732871086837 15.628600363742883 26.71622083175358
3098 6539.406499212929 3726.0449858994953 214.95829521938404 52.976908568764074 6536 6541 3723 3729 33.0 1.556494342975208 1.2076437722072766 60.41833584237894 0.630887673546661 -0.2677282234934153 0.5384803439806487 0.0 6.807715956358649 2.408965 16.36533301081528 7.81897134801527 3.0794537257673076 0.4005262841813021 3.2410224072142872 -6.663220274806758 12.392311061936603 nan
3099 8106.155367331632 3724.181599358378 214.9442630673744 52.96695587155722 8104 8107 3723 3726 13.0 0.9733818015802878 0.826978568947359 49.83925841848208 0.5274385065981982 -0.027493718799241243 0.5775791785045816 0.0 4.004527147136321 1.1859301 8.688852219821575 3.253093318131465 2.4372013572912006 0.3158543479343207 2.0342144725641096 17.126038592136705 5.227986484292655 28.315857704164497
3100 9085.568475022545 3726.228481926271 214.93546065551328 52.96075069363979 9083 9088 3724 3729 24.0 1.2465952791634682 1.1872464636870672 18.35970800778097 0.30487844278086934 0.17392185405629706 0.9849528009414051 0.0 13.086843421998708 1.6309705 27.633530014701474 4.807178531811304 2.6548606948296674 0.253708924650391 2.763953195770684 28.57484704310481 7.745066326431304 27.760040214100147
3101 8220.53145770278 3727.2467278656673 214.9432052093305 52.96624652507347 8219 8222 3726 3729 12.0 1.0226855617227248 0.7938636948176508 26.28414688736851 0.6304203545603596 0.21160316449096814 0.5585620671399217 0.0 4.757992489875964 1.2668864 10.85028082225433 3.832135737395557 2.5865300120399546 0.16198121155789494 1.9544100476116797 12.964208818402767 6.031660524816347 28.61813495567978
3102 2374.716902499409 3736.1320950515337 214.99557234396698 53.00338420134248 2363 2387 3727 3746 329.0 6.055207208060057 2.746356974616318 30.161974017730525 0.8912293414955481 -0.3760756122325669 1.7963401109569743 0.0 135.26454689423807 8.471013 174.24375304116467 14.460161410265078 1.7007234057825142 0.48841118992482846 10.233472165128859 174.75329538173844 23.02096672804286 25.793936564669423
3103 4476.047488817975 3729.4732752075065 214.97677468962493 52.99001867997763 4473 4478 3727 3731 26.0 1.221085027384569 1.1281855628706827 81.68576245247962 0.38258436711260263 -0.06636825720878169 0.556930305878955 0.0 6.06600000221382 1.5887638 13.555515824013252 5.0325605313637185 3.096593981364432 0.3780740002075033 2.876813695875796 4.63287413458529 8.157350768410689 29.73537374625317
3104 1576.723897545934 3737.9469971845824 215.00272142997673 53.008455196048246 1570 1585 3729 3747 238.0 3.816609742480805 3.1320624140083932 75.8575332930015 0.5714456042211323 -0.34747307599395716 0.8738177135255347 0.0 51.335702958514034 7.110726 69.84962186324623 13.409070679721395 1.9048291703836016 0.5083493517439227 8.703892974511014 87.67906856289176 21.39704265727055 26.542760181140622
3105 9599.650819225182 3735.4955263232864 214.93075505559216 52.95753764139991 9596 9603 3730 3739 56.0 1.9911518040638374 1.679701687745779 -39.71254957498196 0.5369989084468478 -0.3097013322083564 0.8868551407273649 0.0 15.0123504816248 3.9082696 21.866474897300705 5.950524526579085 1.4 0.4119280696235463 4.222008245644752 15.402864510567126 9.555872365914286 28.4309962619597
3106 914.9057428593709 3735.713704242914 215.00869122452366 53.012640303202275 912 918 3732 3739 39.0 1.722076027973861 1.184111947172779 85.39790231294614 0.7260828337711454 -0.19821221657686158 0.5281955201504391 0.0 8.453292877927717 2.119387 24.72405801906954 7.465374789805362 3.4394905337904644 0.3885342944335377 3.523362819972964 36.10114373673507 12.020639130460463 27.50619759698902
3107 9330.653672877967 3740.3587974857983 214.9331148657195 52.95927135775445 9319 9344 3733 3746 292.0 5.2924256110551084 2.745884866839071 -5.787562475654011 0.8548756373923696 -0.3371379550973391 1.5512776843525382 0.0 105.77624962340441 6.39323 132.05708043645058 9.320417889073726 1.4759924930246744 0.44949513530751756 9.640875829802336 131.47771372534328 14.759612584458516 26.10286964125053
3108 2572.672691115604 3736.6058629215636 214.993789411358 53.00213118147298 2570 2574 3734 3738 19.0 1.0947736934689631 0.8325641533765994 -77.8862521622666 0.6493499569936598 -0.3717023929854932 0.41342547453779144 0.0 2.63240159377774 1.7707927 6.80954589626441 4.2299928759410035 2.5133602940978523 0.3474768745886799 2.4592453796829674 2.6183885005814647 6.806744804794429 30.354914787567594
3109 3828.204117838322 3742.7190315728835 214.98245083089583 52.99420009305541 3820 3837 3734 3751 234.0 3.9475943422089363 3.400362137805207 -25.66560842230122 0.5079682799292239 -0.14573969269300377 0.940265710760217 0.0 62.252737279362556 5.353199 65.06954564378661 7.891288648531989 1.4 0.40430563615739556 8.63044108762739 52.77464651372296 12.648520235075887 27.093936667322374
3110 10280.54800305077 3738.3840026871617 214.92462250161728 52.95323102619916 10278 10283 3736 3740 23.0 1.7589278683825627 1.0735405346042646 13.601851682499872 0.7921410946099516 -0.07069913720331569 0.6208064548785739 0.0 6.30378466282961 2.3005335 20.940397378987356 7.335929281085621 2.5630139572441397 0.36063062190480133 2.7057581899030048 -0.2471606547562466 11.795327567869156 nan
3111 760.3499579360722 3740.4999997660884 215.01002958036895 53.0136463119672 759 762 3737 3743 22.0 0.5967656357568081 0.4504498144365842 -66.38793894524851 0.6559335704930634 -0.21789747480534088 0.06699096111979964 0.0 -1.3765857857593813 1.615413 -0.14255587148029095 1.1287852030035281 1.4 -0.5097818777091825 2.6462837142006137 -1.8872597753179008 1.7588351651010627 nan
3112 7104.279856427464 3737.047640678285 214.95311231761391 52.97338348611043 7104 7106 3737 3738 5.0 0.45018539235909655 0.2103353608777888 -4.844866111002188 0.8841413956012425 -0.15604847462969176 0.16727416637266865 0.0 0.00286456887423972 0.89871037 1.9289920669129907 2.27905639945591 4.081717454112931 0.39105641747725245 1.2615662610100802 7.214509678816038 3.6870034606411695 29.254482949028628
3113 8723.950940413704 3762.5390552009103 214.93831979064603 52.963241992305235 8716 8731 3744 3777 303.0 8.347737792472588 2.390711922962314 -69.38717283350213 0.958113010925792 -0.34235685635826035 0.5941765738290534 0.0 36.4516691331143 5.8734727 56.157843241210394 17.033356647005775 2.5282543485746296 0.4608674225448814 9.82078894558317 53.92828767436556 27.29285252947577 27.07045842292044
3114 2442.908358492066 3752.240582450819 214.99479008553246 53.00303874882581 2437 2449 3747 3760 147.0 3.1344852384441326 2.818204834173764 -58.99738724796181 0.4377503978728028 -0.34069784916208373 0.7593678979032077 0.0 33.28215542172396 5.5777307 50.96932955467151 9.556680200597059 1.5907809187039446 0.3910793527932518 6.840435166640879 41.098571850513814 15.23280621277761 27.36543317330359
3115 6177.762139939225 3763.2306620284476 214.96114775182238 52.97940421182198 6165 6189 3750 3777 518.0 5.581121288594796 3.8228920177461845 -68.63236333392042 0.7285727264549511 -0.3333307142413466 3.7333862479760063 0.0 338.44200051976725 10.933801 381.21576028028187 15.117143452809078 1.5584140736672303 0.5308124212736134 12.84073677960901 392.8264314179414 23.94566712537802 24.914498245741434
3116 4283.320721550673 3754.6636097955698 214.97823920924156 52.99137745825102 4279 4287 3751 3758 52.0 2.0674814003853945 1.4764243627404527 -4.684404374597724 0.7000259951621738 0.011832957202696464 1.0328903255445305 0.0 22.859080605129712 2.5416265 41.1889462855829 6.15806537243078 2.2242835402877104 0.3074612471781506 4.068428945128219 54.867122886699505 9.824062913415846 27.051719531676312
3117 4209.940416619881 3754.4061099557243 214.97890064539325 52.99184158833493 4209 4211 3752 3756 13.0 1.0557022326486882 0.7722465156717174 -77.43292627330466 0.6818411026286795 0.027303358374772945 0.3978567671227249 0.0 2.507492217549748 1.2397159 20.034645650897254 4.999119066805928 3.576182662328502 0.30563987191615594 2.0342144725641096 38.45271132335701 7.986438989765127 27.437682581057018
3118 8300.643280829521 3760.7819918191717 214.94213352016249 52.96591918104288 8284 8315 3752 3768 406.0 5.594409728155712 2.870106240006206 3.5703997242321472 0.85837001276804 -0.17846644991464475 1.8918978454660458 0.0 163.85696226804265 7.272072 200.12963188492563 12.09997761882313 1.8796406719406822 0.5518834603949301 11.368105109938904 240.3231395502475 19.491522731955254 25.448011027680558
3119 9420.946756564515 3755.575802334337 214.9321451918879 52.95878039045184 9418 9424 3753 3758 33.0 1.6742016664600048 1.2998823279436693 -4.557475836690833 0.6302168016825411 0.22504089062342256 0.8254353816732483 0.0 17.498380775320967 2.3118236 44.3920216108989 7.2428778100869335 2.7541021374143737 0.19032499686950013 3.2410224072142872 82.44786525262643 11.512846304995813 26.60955146166196
3120 3495.800770116913 3755.699056043262 214.98529846501447 52.99637885451096 3493 3498 3754 3759 25.0 1.3443801410999765 1.1623398207474906 39.66262461081322 0.5024751826704467 -0.04011825298677245 0.42730759721559725 0.0 4.068688095064515 2.0919878 6.15983450686878 3.206843321737709 1.4 0.37243825090719956 2.8209479177387813 4.757735899090074 5.12665723286814 29.70649917306046
3121 10116.992862065847 3768.1611592510326 214.9257743926196 52.9544300343816 10105 10128 3754 3780 404.0 6.182550640829561 4.645683679874138 -84.56193785168047 0.65982577644856 -0.5327982244642866 0.5784731356014821 0.0 21.713899958716024 9.6200485 62.44588003857474 40.75523672799987 3.6547215418464543 0.47155432838330147 11.340070282773887 163.34277105373874 65.53355414488608 25.867250202572542
3122 6132.9713931889355 3755.9010564238574 214.96162684963667 52.97964882673031 6131 6135 3755 3760 21.0 1.5312181615749805 0.5528145336627336 -65.54816241811164 0.9325544947808037 -0.19096271890923092 0.4209842563101966 0.0 0.1097115252953437 2.2688768 9.00071917168134 5.463734022061614 2.7005509489369346 2.754307625327692 2.5854414729132054 8.120990691651773 8.527803678209567 29.125977468253886
3123 10162.679936373806 3761.1588572766373 214.92543875784884 52.9541022101185 10158 10167 3756 3766 86.0 2.3608127392328404 2.022564090915847 39.383994441765175 0.5157757256286666 -0.22730320575732726 1.0994616265169803 0.0 22.37488915735994 4.3533454 40.439737232014615 11.421432301579568 2.4930551841357427 0.48045434704368917 5.232078956954491 61.71124885396317 18.112107909045186 26.924089161637955
3124 6507.431151452927 3758.9876967344544 214.9582349017133 52.97728941375409 6506 6509 3758 3762 18.0 1.2255528295173201 0.740646670750709 27.72620128959144 0.7967289605473868 -0.11448975620161275 0.5451054359033796 0.0 4.030278753274178 1.8234955 12.542507232121224 4.576044764629331 2.5693397519021164 0.45717906957973076 2.393653682408596 12.491618498158108 7.290386285826465 28.65845321966103
3125 9626.172668467609 3762.632783550457 214.93023139895442 52.95751581116168 9623 9630 3759 3766 49.0 1.7097025318121069 1.320792816558392 -11.82191630587787 0.6349808855585566 -0.23666800009334554 2.063374471346444 0.0 31.941885518468517 3.8831532 49.76360648657513 8.37786633544902 2.3049958523077487 0.4587810276152295 3.949327084834294 60.469311949289896 13.214761657213357 26.94616243247583
3126 10052.512642219186 3764.282897419587 214.92639309635982 52.95481841269969 10049 10056 3761 3767 45.0 1.9461870965333483 1.4742269435066568 -20.600282176663818 0.6528409950493449 0.027912725518704173 0.9096043502117509 0.0 23.267559876347807 3.351381 29.764099118004648 7.427099031240871 2.0104033962140373 0.23407845480093512 3.7846987830302403 37.578288411038024 11.66542720374507 27.46265751179746
3127 1541.8676645374685 3768.3856440654813 215.00271373542185 53.00884079698558 1536 1547 3762 3775 128.0 3.054849896688782 1.9030238785865299 61.22066118676322 0.7822603166726204 -0.4001866786279167 1.0621137683562087 0.0 32.36418714235434 5.1194963 37.598906575819605 6.8129026289068415 1.4 0.48953436181449866 6.383076486422923 41.89939616724243 10.931694196911675 27.344480589548713
