outputs/dr0.5_c0.1/nircam1_matched_f277w_f160w_dr0.5_c0.1.ecsv
# %ECSV 1.0
# ---
# datatype:
# - {name: label, datatype: int64}
# - {name: xcentroid, datatype: float64}
# - {name: ycentroid, datatype: float64}
# - {name: sky_centroid.ra, unit: deg, datatype: float64}
# - {name: sky_centroid.dec, unit: deg, datatype: float64}
# - {name: bbox_xmin, datatype: int64}
# - {name: bbox_xmax, datatype: int64}
# - {name: bbox_ymin, datatype: int64}
# - {name: bbox_ymax, datatype: int64}
# - {name: area, unit: pix2, datatype: float64}
# - {name: semimajor_sigma, unit: pix, datatype: float64}
# - {name: semiminor_sigma, unit: pix, datatype: float64}
# - {name: orientation, unit: deg, datatype: float64}
# - {name: eccentricity, datatype: float64}
# - {name: min_value, datatype: float64}
# - {name: max_value, datatype: float64}
# - {name: local_background, datatype: float64}
# - {name: segment_flux, datatype: float64}
# - {name: segment_fluxerr, datatype: float32}
# - {name: kron_flux, datatype: float64}
# - {name: kron_fluxerr, datatype: float64}
# - {name: kron_radius, unit: pix, datatype: float64}
# - {name: gini, datatype: float64}
# - {name: equivalent_radius, unit: pix, datatype: float64}
# - {name: kron4_2_flux, datatype: float64}
# - {name: kron4_2_fluxerr, datatype: float64}
# - {name: kron4_2_mag, datatype: float64}
# meta:
#   PHOTMJSR: 2.251199960708618
#   PIXAR_SR: 2.11539874851881e-14
#   __serialized_columns__:
#     area:
#       __class__: astropy.units.quantity.Quantity
#       unit: !astropy.units.Unit {unit: pix2}
#       value: !astropy.table.SerializedColumn {name: area}
#     eccentricity:
#       __class__: astropy.units.quantity.Quantity
#       unit: !astropy.units.Unit {unit: ''}
#       value: !astropy.table.SerializedColumn {name: eccentricity}
#     equivalent_radius:
#       __class__: astropy.units.quantity.Quantity
#       unit: !astropy.units.Unit {unit: pix}
#       value: !astropy.table.SerializedColumn {name: equivalent_radius}
#     kron_radius:
#       __class__: astropy.units.quantity.Quantity
#       unit: !astropy.units.Unit {unit: pix}
#       value: !astropy.table.SerializedColumn {name: kron_radius}
#     orientation:
#       __class__: astropy.units.quantity.Quantity
#       unit: &id001 !astropy.units.Unit {unit: deg}
#       value: !astropy.table.SerializedColumn {name: orientation}
#     semimajor_sigma:
#       __class__: astropy.units.quantity.Quantity
#       unit: !astropy.units.Unit {unit: pix}
#       value: !astropy.table.SerializedColumn {name: semimajor_sigma}
#     semiminor_sigma:
#       __class__: astropy.units.quantity.Quantity
#       unit: !astropy.units.Unit {unit: pix}
#       value: !astropy.table.SerializedColumn {name: semiminor_sigma}
#     sky_centroid:
#       __class__: astropy.coordinates.sky_coordinate.SkyCoord
#       dec: !astropy.table.SerializedColumn
#         __class__: astropy.coordinates.angles.Latitude
#         unit: *id001
#         value: !astropy.table.SerializedColumn {name: sky_centroid.dec}
#       frame: icrs
#       ra: !astropy.table.SerializedColumn
#         __class__: astropy.coordinates.angles.Longitude
#         unit: *id001
#         value: !astropy.table.SerializedColumn {name: sky_centroid.ra}
#         wrap_angle: !astropy.coordinates.Angle
#           unit: *id001
#           value: 360.0
#       representation_type: spherical
#   astropy version: '5.1'
#   kernelfile: kernel_f277w_f160w.fits
#   make_catalog parameters:
#     ab_zpt: 31.4
#     coadd_bands: !!python/tuple [f277w, f356w]
#     deblend_contrast: 0.001
#     deblend_nlevels: 32
#     deblend_npixels: 1
#     detect_kernel_fwhm: 4.0
#     detect_kernel_npix: 7
#     detect_npixels: 4
#     detect_threshold_nsigma: 3.0
#     flag_isolated_buffer: 4
#     hst_bands: !!python/tuple [f606w, f814w, f125w, f140w, f160w]
#     jwst_bands: !!python/tuple [f115w, f150w, f200w, f277w, f356w, f410m, f444w]
#     near_border_kernelsize: 21
#     reference_band: f200w
#   make_catalog version: 1.4.0
#   photutils version: 1.5.0
# schema: astropy-2.0
label xcentroid ycentroid sky_centroid.ra sky_centroid.dec bbox_xmin bbox_xmax bbox_ymin bbox_ymax area semimajor_sigma semiminor_sigma orientation eccentricity min_value max_value local_background segment_flux segment_fluxerr kron_flux kron_fluxerr kron_radius gini equivalent_radius kron4_2_flux kron4_2_fluxerr kron4_2_mag
[from data line 447]
448 3805.475962118455 675.7668954980732 215.01496679127135 52.9777666532611 3797 3814 670 682 169.0 4.192198500616998 2.83262272503442 7.227289681884795 0.7371867297984569 0.22415274305302174 0.5115434509380201 0.0 59.64644930319756 8.238976 148.2101567871199 24.699971672440522 2.6379934572749493 0.12966929663606397 7.334464586120832 213.76175289942796 39.455004563280234 25.575174994668515
449 6121.347939968765 674.9787213157483 214.99418728079914 52.96307510670447 6117 6125 671 679 65.0 2.2662808166403208 2.1529256552390525 -75.79521489891447 0.31230509802399176 0.193943925326453 0.2866682381328169 0.0 15.635770388227092 5.0538692 76.74572507091645 19.04430238459807 3.2222599588919976 0.06146601951259204 4.54864184146723 121.84314926421555 30.365984214641784 26.18549721093325
450 6087.39689912817 684.3813209284349 214.9943929172852 52.9633412707447 6076 6099 673 698 381.0 6.066720578536208 3.4615516284331425 -48.68909932843283 0.8212417729503363 0.2406629002234865 2.1851460241008667 0.0 343.6318249766431 11.714576 448.73044869665216 23.95127395915931 1.9522349707853097 0.3127091193606005 11.012541334134653 522.3619669719038 38.538680922275354 24.605071128602823
451 8830.907618723837 676.0521251830766 214.9698722062439 52.94589221186657 8829 8833 674 678 22.0 1.351381869468809 1.2225764058987603 -52.623552606257924 0.42607868208942384 0.18344737118719673 0.23469443259245062 0.0 4.624256228184044 2.8882742 34.40856173364378 12.450927077722264 3.5104259224648806 0.04462495788808981 2.6462837142006137 53.75058691860552 20.032999423697007 27.074041972990422
452 9705.073065683702 677.1893318760317 214.9620233940768 52.94035182651493 9700 9710 674 680 59.0 2.4565664118193804 1.73733691288195 -1.8082190612650118 0.7069919092729015 0.22116777917274988 0.4046756563281188 0.0 18.42185317725745 4.687065 64.46226328663246 16.827081925963498 2.9639706504908987 0.09494276724542024 4.3336224206596095 99.28898470655292 27.208264014119088 26.407747325552002
453 2775.6239906479436 678.2119818314139 215.02418975771013 52.98431003243274 2773 2779 675 682 42.0 1.9458396151999788 1.5981315844597457 81.58043846601456 0.5704865525317911 0.2024763246207213 0.31706147810424795 0.0 10.948711637818949 3.8016574 44.975611836573584 14.71445634255256 3.1209123979624396 0.07273495740097329 3.656366395715726 49.377164093635685 23.48946181334128 27.166184641916082
454 1011.6158751834328 681.1061414685372 215.04000764923865 52.995509351925044 1007 1016 677 685 69.0 2.577738329742988 1.9265511159995472 -41.52300346649081 0.66439636567733 0.17996657094509136 0.3470654287651756 0.0 17.998482015860624 5.065585 58.843391369262115 17.05307335337659 2.911438167844025 0.09842088418922895 4.686510657907603 92.21475391388466 27.463982188747252 26.48799897093503
455 1538.2199076772215 678.9962380977773 215.03529784838466 52.992159536265795 1536 1540 677 681 19.0 1.2743184391963391 1.1333435268717607 -88.86076889839157 0.45718366558362444 0.20627598135560674 0.2516922573831307 0.0 4.32708976473209 2.5192127 29.107061306789646 10.727299675445396 3.459013165323311 0.03603678401726531 2.4592453796829674 31.951041092808914 17.433030252378217 27.63878746555615
456 4352.499816219975 678.4988789338872 215.0100265350921 52.97431252143891 4351 4354 677 680 12.0 0.9507599105639469 0.9486403026186964 -16.1280095130734 0.06673676479236144 0.17990671312288206 0.19371909660359796 0.0 2.2224050429994326 2.0461283 20.95555976611598 9.210379366981075 3.6433906312731708 0.017210026799319576 1.9544100476116797 31.604839181828332 14.83396986033826 27.650616037990304
457 4235.991078216097 679.2856253637902 215.01106426399997 52.97505562168495 4235 4237 678 680 7.0 0.7525089812472537 0.6956079151452793 -1.2795535277792913 0.3814611594781635 0.146443302483386 0.15761540676711852 0.0 1.0616689194583668 1.5560113 12.32543213709381 7.149990653234611 3.787394734828844 0.015610290722401693 1.4927053303604616 16.35713015909812 11.49057182981306 28.365732226202866
458 8283.531645819401 682.042482191184 214.97471734204532 52.94939738266871 8279 8287 678 686 67.0 2.2205925558632047 2.0164899900733815 -55.60587815446297 0.4187827794944725 0.1272252031663829 0.3709008773914351 0.0 15.634263656509903 5.159347 36.31168075829048 15.308417721104545 2.623429541368944 0.1663132790405 4.61809077155419 47.59044451034312 24.736193590605488 27.206200596823887
459 2351.002566339182 685.8994061403156 215.02792297116008 52.98704386368982 2346 2355 681 691 82.0 2.5511794039599596 2.320621444480977 75.80164136011568 0.41542614270061323 0.1906233139573377 0.3413063429339529 0.0 21.031027734721967 4.4376097 72.03776530999777 15.51679405587038 2.9252868146797244 0.09712346362366873 5.108953969950291 101.29856692105214 25.872425611303548 26.385991746487786
460 762.3789273897294 683.3697548219575 215.04222368531669 52.99710156652484 761 764 682 685 13.0 1.0695885056229195 0.9125844401268908 44.680478175284804 0.5215662659080934 0.17919963373329795 0.20236035211825842 0.0 2.4666276781898024 2.4558587 23.133209520823506 11.258348640325433 3.6960492832088416 0.022266623776050584 2.0342144725641096 31.965945973727365 18.669918230463306 27.638281097221945
461 9997.149808405558 685.934609296029 214.959313313138 52.938545740763495 9994 10000 683 689 41.0 1.9967637283039303 1.5269619950418036 -49.64878053607101 0.6443646052752254 0.20437507022830767 0.29140542874653597 0.0 9.977873493969044 3.9318252 65.0330602441778 16.572131818750222 3.43258892531661 0.06108630611604915 3.6125759969217834 109.50686680040121 26.657951119385412 26.30139661712773
462 1344.9814643685388 699.6919715043708 215.03681621121464 52.993496527406734 1332 1359 684 714 626.0 5.653224204402077 4.593381839119303 -54.475420114545926 0.5829273706804114 0.17469229829927155 5.365912785119076 0.0 731.0561401852418 14.860965 861.4627331940333 24.888858021767373 1.8538279278308958 0.4832710293140181 14.1160188704554 977.9913146960373 40.35542980838799 23.924162505148413
463 2966.7712532939777 688.1026714837375 215.02236875762696 52.98315152907578 2964 2969 685 691 29.0 1.9628293027229329 1.1309004855530076 -54.46900769043781 0.8173380938988358 0.15466984454457966 0.20708898302600326 0.0 5.33348943276647 3.1766965 29.83999623197768 13.276630476651423 3.3206856622346264 0.047453442005756845 3.0382538898732494 35.56422288504885 21.533541992650417 27.522466691612035
464 6965.536708382803 686.759586465688 214.98648909158533 52.95778400915026 6963 6968 685 689 20.0 1.531242288741295 0.9966542192940633 -23.74505655579127 0.7591810542043541 0.15911189364035896 0.21394997299754176 0.0 3.8474819968921437 2.8648398 25.02471584965405 12.02613404326391 3.4194731648862042 0.0475181206677708 2.5231325220201604 29.102352937384907 19.137555125206024 27.740179741760986
465 740.4533388433279 690.5628869887397 215.04234497347693 52.99727946415466 738 743 688 693 31.0 1.5650592300644786 1.4510194978077628 60.84776549116395 0.3747301639849549 0.15632492035057133 0.24046764687756414 0.0 6.112831899847085 3.7675169 23.966884728573145 14.211655775113254 3.074117313147917 0.07331443339732294 3.141274657157109 36.077475930510744 23.50914463363495 27.506909635959683
466 1179.9118791492622 692.6211702473729 215.03837399196092 52.99450474241436 1177 1183 690 695 34.0 1.8943881523005035 1.3307834023539309 -29.352353547131862 0.7116963913543348 0.17051354805398652 0.2501975582685277 0.0 7.223681550101219 3.4412737 32.31232478215807 13.323503250848441 3.195431173325529 0.06230779575030319 3.2897623212397704 37.68640955318667 21.276845168985457 27.45953809133986
467 2090.0125607825357 693.004910888187 215.03019272134904 52.98873700531893 2089 2091 692 694 9.0 0.8135329448983866 0.8123571730532585 -39.96846404033055 0.05374424658332081 0.17271966842957429 0.18693544992240743 0.0 1.6266152218019918 1.8769397 19.5401284421893 7.99411449439489 3.624686915309252 0.015069528049060504 1.692568750643269 40.19189954504479 12.478987847161823 27.38965366936464
468 4223.113473221506 699.2608798699322 215.01096951517846 52.975245277973464 4220 4227 695 704 62.0 2.4008227058165375 1.8136406800266995 -82.19917108397341 0.6552355154404985 0.18819905050142566 0.4110039187985361 0.0 17.863409715172182 4.786429 44.48390611171173 14.704621680409963 2.6388486903707076 0.12285031986940885 4.442433223290478 46.397509932949475 23.517992344152255 27.233763316468295
469 6287.143616006204 702.1573171300818 214.99241339672125 52.962170380579096 6278 6297 695 709 185.0 4.910880330737573 2.4864815781259173 -33.17373555245766 0.862345115917008 0.20142415142792094 0.6672762698795953 0.0 72.75934788322981 8.4104 155.7576618413201 24.24379285021841 2.5334872376258626 0.1775304087897136 7.673807981960539 173.3211794214084 38.45581566599332 25.802870910817173
470 3825.013611595831 698.4964791021807 215.01455198140818 52.977765651351966 3824 3826 697 700 10.0 1.0870598834972587 0.6692880083066531 -63.45933556389947 0.7879912638321187 0.16166242548382595 0.1759410628304631 0.0 1.693495157429378 1.9046979 18.876547182449038 8.822306549804724 3.774312669135138 0.017545598537049126 1.7841241161527712 28.680630577049165 14.013096771519907 27.756028261073848
471 2843.1486327265225 699.1090983649734 215.02336317225235 52.98399488900195 2842 2844 698 700 8.0 0.8622320918229529 0.6788543752707555 -46.024913325126526 0.6165419058904092 0.1438871428760491 0.16184898739972647 0.0 1.228164858067002 1.6630762 11.903805398391858 7.602602637897927 3.698940635699781 0.0272172851912522 1.5957691216057308 16.2527395826207 12.380272145900825 28.37268355819994
472 4327.899130733876 703.9204236440675 215.0099796751214 52.97460596392562 4322 4334 698 710 124.0 3.199216642469223 2.768058156157063 29.65099322180483 0.5013751880908041 0.24193399357202655 0.4660852029564236 0.0 42.38032873442323 6.8128157 102.17672241713805 20.47974405685306 2.554445335396303 0.10822202352539095 6.282549314314218 119.58635270163131 32.76382779524681 26.205795948957558
473 986.7583123991493 702.4829229133139 215.04000588048729 52.99578255621336 984 990 699 706 43.0 1.9875802138290488 1.5900518705063467 61.439276034848106 0.600008251524239 0.17543847835362875 0.27353293827239444 0.0 9.439221495980807 3.7859385 32.406982903649876 13.792519526157367 2.9626926225857546 0.07780695921070442 3.6996385101659595 34.91789435831613 22.21168912103659 27.542379883216288
474 3658.3119475554718 701.3593452030609 215.01601871742025 52.97883821811436 3654 3663 699 704 40.0 2.62771150870728 1.192697364548151 -19.844970542162155 0.8910566797814973 0.18958930270214203 0.26459602137000593 0.0 9.41561455617518 3.8873103 63.47271641043373 16.391007058273868 3.362075643716088 0.04574039160179588 3.5682482323055424 109.23819041520453 25.949443799480715 26.304063756940437
475 3753.9095616826844 700.8295745164043 215.01516587546882 52.97822915270855 3751 3757 699 703 29.0 1.7519418413003007 1.2336568471833655 -9.54162058959365 0.7100359664021274 0.16291510124004194 0.2397673354393841 0.0 6.039293378785449 3.2160394 30.664414452009357 13.023754339031116 3.2584348308103372 0.06222969179487232 3.0382538898732494 37.47228550701149 21.00326500369985 27.465724544099434
476 423.9878317706864 701.495431691664 215.045074131441 52.99934468610787 423 425 701 702 4.0 0.8093874966450871 0.3088267573804626 31.705851294425404 0.9243456728781609 0.19261423806934927 0.20221037638807735 0.0 0.7886224093444327 1.1637859 15.325877936517667 5.4456634322056265 4.200707591692806 0.01317876686070473 1.1283791670955126 33.72027509467401 8.727245146229247 27.580272227495787
477 2068.0319212415297 702.8421690497055 215.03028658263528 52.988929563927115 2066 2070 701 704 12.0 1.0573648396221986 0.8885318931294784 1.1641806050290295 0.5420803061555637 0.14252362737928612 0.1771308478713166 0.0 1.9566714946055672 2.0686998 15.899790087686302 9.27946357399087 3.5701757817865944 0.03678281737976222 1.9544100476116797 23.341790610823917 14.696466060948438 27.979664577820515
478 9432.106184178721 706.2619821306411 214.96416419934792 52.94224089789453 9428 9436 701 711 71.0 2.679893718811771 1.9164854801839357 67.13750685428822 0.6989864802565271 0.20804046635630297 0.3855623132179874 0.0 20.762029226294086 5.160954 91.78158550183547 19.74739009103192 3.1875572643052292 0.09866347393595763 4.753945931439391 146.62212487027722 31.74736317549973 25.98450122730554
479 3060.973700007626 708.244933673469 215.02131055739952 52.98266313451283 3057 3065 704 713 74.0 2.413535644158696 2.169112310420988 -59.72453143073393 0.4385063252764642 0.21587150750965925 0.4369839787089481 0.0 23.46350360822062 5.1862073 58.835537452505974 16.052645720304806 2.629494657819577 0.1126720926517495 4.853342309955121 56.893849848882276 25.818256513832072 27.012336694339766
480 3200.6415026945742 708.1389475334158 215.02005731227104 52.98177695770975 3197 3204 704 712 53.0 2.3589519301359982 1.6681802098892167 -50.6753037287208 0.7070434831768484 0.18025703108200355 0.2763771885727896 0.0 11.893377383921836 4.5700417 45.48515693285614 15.951145192878137 2.987773744501545 0.07158384060998345 4.1073621666150775 54.66724699508302 25.555325288921846 27.055681990822084
481 6650.024562060848 707.2812006637045 214.98910357393615 52.959896297130285 6649 6651 706 708 7.0 0.7500865497964507 0.6956390253645245 4.894441733547698 0.37404221762547696 0.12215319208848316 0.13970397567231133 0.0 0.9287908882176718 1.769398 8.536374932206492 7.371385597017444 3.6389882085279996 0.027727170651432716 1.4927053303604616 13.470884735540558 11.705022940458374 28.576509699789586
482 6486.006040725807 713.744970315845 214.99050708317966 52.96097162148728 6481 6491 709 718 83.0 2.641053240955816 2.2726703178861376 25.151598405364176 0.5094222955396314 0.2436738658227484 0.47092172192307874 0.0 29.545599978157934 5.2628098 103.81536970344334 18.433989743332976 2.9816089683932137 0.09762558856644613 5.140011726956917 128.23688047998897 30.0511062428776 26.12996763818354
483 6820.001525239673 711.6116999815606 214.98753301221672 52.95884149497411 6818 6822 710 714 17.0 1.1694051721553627 1.1115093927847166 0.8103444333676891 0.3107512978739599 0.19266034944275387 0.2513607133439034 0.0 3.864129320143948 2.5957131 26.86544788977916 11.143129467898216 3.464997294114088 0.03983953056467612 2.326213245840639 33.28401042862224 17.809252754543806 27.59441087646963
484 1959.244891757546 714.78333029157 215.03113815409029 52.98968385473215 1957 1962 711 718 31.0 1.88149764605421 1.2825039252037893 -59.464811163403816 0.7316877782068991 0.15175465607648678 0.23005800743534555 0.0 6.142810381516264 3.3715272 29.096910057344328 13.042246914305855 3.1626265461303644 0.06197980846362618 3.141274657157109 37.76619250626986 20.97022223010487 27.45724199364132
485 3630.9125492277053 715.9469086977293 215.0161111246424 52.979090833035904 3625 3638 711 722 116.0 3.0512278297398976 2.463522619752932 -28.317150406394067 0.5900218105198688 0.2645075326347104 0.9417278315850588 0.0 60.25145794283179 6.4815397 132.24118050433373 19.579162402108068 2.5770385996614507 0.2011962796093824 6.076507779746499 158.5045444527709 31.029204840656973 25.899895704239096
486 4147.99304694003 712.6874972822584 215.01150256529465 52.97579424340939 4147 4149 712 714 7.0 0.7543697869294018 0.6905366596187628 1.5161762520376212 0.40258597301860327 0.13473573623523785 0.1572215565350275 0.0 1.0282789168142887 1.6872582 11.01257141393733 7.208595169791341 3.750426840485827 0.030467085174626235 1.4927053303604616 16.25298604539332 11.523924903431853 28.37266709380481
