outputs/dr0.5_c0.1/nircam6_f150w_dr0.5_c0.1.ecsv
# %ECSV 1.0
# ---
# datatype:
# - {name: label, datatype: int64}
# - {name: xcentroid, datatype: float64}
# - {name: ycentroid, datatype: float64}
# - {name: sky_centroid.ra, unit: deg, datatype: float64}
# - {name: sky_centroid.dec, unit: deg, datatype: float64}
# - {name: bbox_xmin, datatype: int64}
# - {name: bbox_xmax, datatype: int64}
# - {name: bbox_ymin, datatype: int64}
# - {name: bbox_ymax, datatype: int64}
# - {name: area, unit: pix2, datatype: float64}
# - {name: semimajor_sigma, unit: pix, datatype: float64}
# - {name: semiminor_sigma, unit: pix, datatype: float64}
# - {name: orientation, unit: deg, datatype: float64}
# - {name: eccentricity, datatype: float64}
# - {name: min_value, datatype: float64}
# - {name: max_value, datatype: float64}
# - {name: local_background, datatype: float64}
# - {name: segment_flux, datatype: float64}
# - {name: segment_fluxerr, datatype: float32}
# - {name: kron_flux, datatype: float64}
# - {name: kron_fluxerr, datatype: float64}
# - {name: kron_radius, unit: pix, datatype: float64}
# - {name: gini, datatype: float64}
# - {name: equivalent_radius, unit: pix, datatype: float64}
# - {name: kron4_2_flux, datatype: float64}
# - {name: kron4_2_fluxerr, datatype: float64}
# - {name: radius_kron20, unit: pix, datatype: float64}
# - {name: radius_kron50, unit: pix, datatype: float64}
# - {name: radius_kron80, unit: pix, datatype: float64}
# - {name: near_border, datatype: bool}
# meta:
#   PHOTMJSR: 2.251199960708618
#   PIXAR_SR: 2.11539874851881e-14
#   __serialized_columns__:
#     area:
#       __class__: astropy.units.quantity.Quantity
#       unit: !astropy.units.Unit {unit: pix2}
#       value: !astropy.table.SerializedColumn {name: area}
#     eccentricity:
#       __class__: astropy.units.quantity.Quantity
#       unit: !astropy.units.Unit {unit: ''}
#       value: !astropy.table.SerializedColumn {name: eccentricity}
#     equivalent_radius:
#       __class__: astropy.units.quantity.Quantity
#       unit: !astropy.units.Unit {unit: pix}
#       value: !astropy.table.SerializedColumn {name: equivalent_radius}
#     kron_radius:
#       __class__: astropy.units.quantity.Quantity
#       unit: &id001 !astropy.units.Unit {unit: pix}
#       value: !astropy.table.SerializedColumn {name: kron_radius}
#     orientation:
#       __class__: astropy.units.quantity.Quantity
#       unit: &id002 !astropy.units.Unit {unit: deg}
#       value: !astropy.table.SerializedColumn {name: orientation}
#     radius_kron20:
#       __class__: astropy.units.quantity.Quantity
#       unit: *id001
#       value: !astropy.table.SerializedColumn {name: radius_kron20}
#     radius_kron50:
#       __class__: astropy.units.quantity.Quantity
#       unit: *id001
#       value: !astropy.table.SerializedColumn {name: radius_kron50}
#     radius_kron80:
#       __class__: astropy.units.quantity.Quantity
#       unit: *id001
#       value: !astropy.table.SerializedColumn {name: radius_kron80}
#     semimajor_sigma:
#       __class__: astropy.units.quantity.Quantity
#       unit: !astropy.units.Unit {unit: pix}
#       value: !astropy.table.SerializedColumn {name: semimajor_sigma}
#     semiminor_sigma:
#       __class__: astropy.units.quantity.Quantity
#       unit: !astropy.units.Unit {unit: pix}
#       value: !astropy.table.SerializedColumn {name: semiminor_sigma}
#     sky_centroid:
#       __class__: astropy.coordinates.sky_coordinate.SkyCoord
#       dec: !astropy.table.SerializedColumn
#         __class__: astropy.coordinates.angles.Latitude
#         unit: *id002
#         value: !astropy.table.SerializedColumn {name: sky_centroid.dec}
#       frame: icrs
#       ra: !astropy.table.SerializedColumn
#         __class__: astropy.coordinates.angles.Longitude
#         unit: *id002
#         value: !astropy.table.SerializedColumn {name: sky_centroid.ra}
#         wrap_angle: !astropy.coordinates.Angle
#           unit: *id002
#           value: 360.0
#       representation_type: spherical
#   astropy version: '5.1'
#   make_catalog parameters:
#     ab_zpt: 31.4
#     coadd_bands: !!python/tuple [f277w, f356w]
#     deblend_contrast: 0.001
#     deblend_nlevels: 32
#     deblend_npixels: 1
#     detect_kernel_fwhm: 4.0
#     detect_kernel_npix: 7
#     detect_npixels: 4
#     detect_threshold_nsigma: 3.0
#     flag_isolated_buffer: 4
#     hst_bands: !!python/tuple [f606w, f814w, f125w, f140w, f160w]
#     jwst_bands: !!python/tuple [f115w, f150w, f200w, f277w, f356w, f410m, f444w]
#     near_border_kernelsize: 21
#     reference_band: f200w
#   make_catalog version: 1.4.0
#   photutils version: 1.5.0
# schema: astropy-2.0
label xcentroid ycentroid sky_centroid.ra sky_centroid.dec bbox_xmin bbox_xmax bbox_ymin bbox_ymax area semimajor_sigma semiminor_sigma orientation eccentricity min_value max_value local_background segment_flux segment_fluxerr kron_flux kron_fluxerr kron_radius gini equivalent_radius kron4_2_flux kron4_2_fluxerr radius_kron20 radius_kron50 radius_kron80 near_border
[from data line 3724]
3725 3318.232420699378 4435.464754823608 214.8511611156876 52.85567021482961 3314 3322 4432 4440 67.0 1.5991196391827642 1.31981272296868 72.80643359891197 0.5646403415662489 -0.2131251540918448 1.7856346476974116 0.0 14.624236993810237 2.3753386 13.049850438124883 2.614598224363193 1.4 0.6491631056217879 4.61809077155419 9.335676532440878 4.238437559522183 0.7677629950928012 1.366843855107733 2.0937558815102686 False
3726 8081.010550516105 4440.270750901782 214.80860802518757 52.82542770042201 8074 8088 4432 4447 149.0 4.858986851395586 1.9220436940937904 35.974328308278736 0.9184381117944824 -0.26143160499960155 2.7025104018655677 0.0 55.25018424312938 4.501377 101.5905902370202 13322488.72231779 2.4806085896698624 0.4574001308095466 6.886811529393324 91.56959090392901 28070122.215562917 4.004844232339167 7.850515511187858 14.946172294717394 False
3727 1097.6454969236709 4436.716558566941 214.87098448207306 52.869784044176235 1093 1102 4433 4440 63.0 2.1220991463102044 1.3588180917373804 13.814097841602184 0.7681100007110078 -0.07727718998181668 2.4881648191691204 0.0 33.90022119474889 2.3467972 49.854731301207124 4.731843457961487 2.1553129008295566 0.48596318933576227 4.478115991081385 63.00634491586603 7.482158634962993 1.4024903627110519 3.0331773232186334 5.857231901541161 False
3728 8030.304785454997 4440.813076628437 214.8090545006948 52.82575294818586 8024 8037 4434 4447 158.0 3.019540175757326 2.008318210076682 46.018137115880656 0.7467478028171197 -0.3210012466315146 4.067922833484441 0.0 109.91749389885032 3.6944776 122.45183293842939 5.438202473156678 1.7562776422399908 0.5436409780473648 7.091753098990329 139.0091012692044 8.647825426727564 1.6285167262971938 3.1515956067593693 5.66805099304212 False
3729 9022.506105049184 4436.4781139744955 214.80025312779233 52.81942207383151 9019 9025 4434 4439 32.0 1.5745884288936074 1.0404076468391814 15.032937986978482 0.7506069734739346 -0.009819690964226652 1.2286261314093243 0.0 15.550892383482736 1.5846602 24.224541746148297 3.516698136883125 2.258129713666592 0.42235271610429603 3.1915382432114616 31.130791021155662 5.599441393507907 1.2428016340252819 2.4660238117999542 5.311198957674741 False
3730 7920.12315470946 4441.7810202923665 214.8100269120511 52.826458558649904 7914 7926 4435 4449 145.0 3.167690570639548 1.7473578498266307 46.691557216127556 0.8340962997916761 -0.2302808598796249 2.5557685667900842 0.0 68.1861496478362 3.499908 81.19629827118862 5.818913627589394 1.9675088416942161 0.5532511513447572 6.793742230659745 89.85026639955376 9.29064795870403 1.706469423383846 3.3189845338957658 6.373716287316627 False
3731 851.4590612474097 4444.8972243121025 214.87309837524535 52.871391956138496 846 857 4439 4451 125.0 2.127669535220165 1.9059368168426618 70.91066433873196 0.4444853706156011 -0.3657540727796143 4.549466045940185 0.0 63.76192382802289 3.184699 68.41358776635869 3.8473930607711315 1.5163469949138726 0.6514801637508744 6.3078313050504 72.6467588961421 6.0026935183074706 1.125116977540901 2.1917905528998616 4.283604613314942 False
3732 2030.352314686569 4441.12274706215 214.86260466181238 52.863882854786475 2028 2033 4439 4443 22.0 1.033574380008937 0.9196642228619814 32.26001657650473 0.45637005411790693 -0.24690002220294605 1.0625224372333595 0.0 8.119309457836996 1.4397775 9.599014166231683 1.8312350344840045 1.407560698892694 0.5009332193028921 2.6462837142006137 9.952431719529821 2.8499801092349197 0.7983587991538765 1.3616447423714808 2.240431565338191 False
3733 6352.0518499071295 4442.5415484858695 214.8240063276909 52.83642958150601 6347 6357 4439 4446 62.0 2.134966156290867 1.5657514234954952 -3.6935346117323804 0.6798139039568515 0.018210340998216872 1.598586653301967 0.0 39.22736869654849 2.3438165 54.7630912981915 5.185491476685454 2.1321021938777402 0.35521162662963723 4.442433223290478 59.610786914299844 8.264633326905141 1.6539979564773462 3.0085156393507106 5.522767795326917 False
3734 1370.7510360659599 4446.314492095171 214.86844313061079 52.86810099032648 1366 1375 4440 4452 104.0 2.653296599834433 1.9423512961444434 78.95806071279091 0.6812486707560526 -0.02662933700501695 1.0151709441123178 0.0 34.70037807724997 3.098651 34.45425521036418 4.188307855540365 1.4 0.44658968895701073 5.753627391751592 31.117822399490468 6.625406271728014 1.6485329463837088 2.873159130480169 4.307765546513314 False
3735 nan nan nan nan 2322 2337 4441 4454 181.0 nan nan nan nan 0.0 0.0 0.0 0.0 13453624.0 nan nan nan nan 7.590394548326596 nan nan nan nan nan True
3736 6638.610992570419 4445.971821763286 214.82141361110027 52.83462677403728 6633 6645 4441 4451 108.0 2.825448148033699 1.7885376453599917 20.84914416266842 0.7741434107082588 -0.13114712975591697 1.9498709307603275 0.0 48.77118692189964 3.0442767 73.88101408037605 6.576849501154304 2.305814126996454 0.48776308119769357 5.863230142835039 108.37183015474687 10.453871883773553 1.8296484824541044 4.152176875488018 8.64027800224277 False
3737 2416.3525488323457 4448.672471598116 214.85907708860773 52.86147135881864 2406 2424 4443 4456 178.0 3.7190860893480493 2.0183185970320308 -22.26017104644657 0.8399317216958164 -0.6572232350680927 1.7444298721045888 0.0 51.79513937641639 5.7944145 57.65124328027451 2669384.502239227 1.4 0.5247269821296766 7.527227892173502 54.46339136157219 11166253.555789243 1.8488908729412112 3.369334876147099 5.496453685112508 False
3738 4254.32210627103 4445.164635555698 214.84270081133081 52.84977467336587 4253 4257 4443 4448 21.0 1.069420091354403 0.9903065967755091 63.41658451010174 0.3774693935310849 0.15164823147084536 1.8960200830954146 0.0 12.75065619203792 1.2616084 20.45607510417213 3.1363136856453204 2.461350627156531 0.4201659882479834 2.5854414729132054 27.94291659682012 5.052543336305454 0.9809829179604884 1.931736772460567 4.329424105947339 False
3739 3694.531646052426 4454.70255189141 214.84759848287985 52.853383039274995 3685 3705 4448 4461 231.0 5.791831857084794 3.641009790646779 -10.211210509874928 0.777691886941435 -0.4434900567768695 0.4266730618008975 0.0 -0.17325812974652655 4.3071632 39.68126881435161 27.00070043563307 4.6588049542834495 0.8628422416164971 8.574939283076915 372.55049711473345 43.0950085539039 16.58659646515637 23.951019511353934 48.925790262413635 False
3740 6982.356011160702 4451.410563571151 214.81828984606113 52.83247125798394 6979 6986 4448 4455 52.0 1.8319948491578824 1.469236545773321 48.65526102141977 0.5973411257156626 -0.22128308541086814 1.3312530842057542 0.0 22.565104236623164 2.048029 37.34407282156614 4.599562439382475 2.2354955599897193 0.3935484843643009 4.068428945128219 53.06908886990326 7.361919438456203 1.6001716412552216 3.1854209073920674 6.109366161754062 False
3741 580.5627292537202 4453.720872983694 214.87542649662075 52.87316025096854 576 586 4449 4457 65.0 2.940881125567768 1.2645027243074465 -32.86110835865649 0.9028412211779915 -0.10643236624353004 1.8642234443746204 0.0 43.144471694114706 2.4405863 68.68334220132397 5.456598283641924 2.208523271292897 0.3533379174406761 4.54864184146723 77.49479574805335 8.616317204198383 2.0324986488657486 4.001716775535941 7.091652508463927 False
3742 nan nan nan nan 8129 8132 4449 4452 13.0 nan nan nan nan 0.0 0.0 0.0 0.0 3605551.0 nan nan nan nan 2.0342144725641096 nan nan nan nan nan True
3743 3840.4379626331884 4452.632124204892 214.84631748045683 52.8524447986277 3838 3843 4450 4456 29.0 1.4960648200872693 1.2018603951061213 -37.55079461306133 0.5955101158041669 -0.007081249520414197 0.40762034631152744 0.0 5.5522752325163305 1.5374188 42.229462162061665 6.5230785587964055 3.745859672907284 0.3746271801127383 3.0382538898732494 57.08497642251012 10.33970075297911 4.520788029223508 7.745386416156043 10.4897197330594 False
3744 10043.110671662422 4461.605820215128 214.79089124359058 52.813068671525485 10036 10050 4453 4469 185.0 3.826339596498163 2.4241491888744693 55.885457777232475 0.7737077979602144 -0.1766991677520039 1.7987182795993812 0.0 92.64328821720693 3.85807 104.18306179539591 6.514643633122615 1.7368071953162012 0.43697187418795913 7.673807981960539 118.85882419378969 10.492801016696317 2.4351805339452355 4.388192847576766 6.617633259922133 False
3745 684.2538639178264 4463.472678724635 214.87439717301754 52.87255422803952 674 694 4454 4472 308.0 5.119641589211221 3.641206863157364 32.71052552004927 0.7029664576751427 -0.09357507623397386 1.5703782250010923 0.0 154.9401710718163 4.9394927 275.88833617032515 12.47981066828853 2.340190141243627 0.307443714988795 9.901487006738307 296.45139071384915 20.184297854586006 4.607283934165516 9.030592430893575 15.665822264172307 False
3746 3429.0462086639463 4456.959634844498 214.84994537746493 52.85508204680468 3428 3430 4455 4458 8.0 1.3217062517426805 0.4345233262600223 58.13096123078107 0.9444137180602996 0.04452008922905668 0.5836712532605305 0.0 2.159221273450629 0.86267966 7.230724999785151 2.970803200564264 3.0320575160287735 0.3913820122266503 1.5957691216057308 14.257515183476151 4.741296689384801 1.4221156607757164 3.7979020044551235 5.301752944428574 False
3747 10303.170645344951 4466.171151654787 214.78852551084125 52.81143974738666 10290 10316 4455 4476 370.0 5.332457040046355 2.541895213774221 -33.98576032272633 0.8790748971825126 -0.09379613231983831 9.120911857379808 0.0 472.68476326205905 5.8865833 541.8250261239959 8.70544318391482 1.7947449653725365 0.5556480076126468 10.852403323135505 595.7328098146418 13.522142203511875 2.38511186188618 5.149315750222713 9.762254853411116 False
3748 7909.819228669116 4459.607959405393 214.80993125840232 52.82662011957848 7907 7913 4456 4464 53.0 1.9146203106515993 1.451728224018295 -81.52508026324836 0.6519837263927879 0.032127172469229796 1.5084424316754803 0.0 28.85827869472464 2.0701363 43.41111474654406 4.656995633219204 2.2373714351466045 0.3845885761621892 4.1073621666150775 58.32425599850748 7.470414585215253 1.4850285054184127 2.989018450318206 5.536274405429864 False
3749 2556.106823765855 4459.363524684965 214.85771626571105 52.86064114674145 2554 2559 4457 4462 28.0 1.3368042873111408 1.250626167159637 78.53735718350674 0.35323605124681257 0.003328943159243477 1.123653864787963 0.0 15.15664554123525 1.660628 28.803559555106087 4.294730678710721 2.5284518377649245 0.3201205961561551 2.985410660720923 45.122702131605394 6.711056821319629 1.4906918814740455 2.8370594462717302 5.181323385776547 False
3750 6342.484783429759 4461.031620121682 214.82389715282955 52.83659004460434 6339 6346 4458 4464 50.0 1.9194571182103972 1.3726892229950605 -4.997811340564252 0.6989766289263326 -0.16086279301339915 1.3624169993822541 0.0 18.598832874412324 2.062572 21.43175247133018 2.90900561225767 1.4 0.4008147356758371 3.989422804014327 17.248999267288195 4.629518586228736 1.2206967833963842 2.356772763922352 3.671292802117042 False
3751 10123.664146025374 4459.601949800799 214.7901943949084 52.812545705839675 10121 10126 4458 4462 24.0 1.7015356799289236 0.9433117741045025 26.387630511096035 0.83225802285337 -0.035306339037618276 0.8516331867080049 0.0 10.060292836834108 1.3826152 23.07943479488037 3.956193415387651 2.511510329369295 0.30185114357186177 2.763953195770684 27.949925128146504 6.311118725172854 1.7005460036060602 3.147406405969555 5.496089702860595 False
3752 7516.509618070795 4462.370838801377 214.81340997317685 52.82913510744117 7514 7519 4459 4465 30.0 1.2000663020113098 1.0188452843681188 -13.775013750472999 0.5284075818923695 -0.17935577185733093 1.814872516095271 0.0 15.66229871718619 1.6329854 17.31947184598324 2.0664939831984768 1.436911401508291 0.5247205676187288 3.0901936161855166 17.886134853211892 3.2450147813928214 0.813811455442509 1.4606351792878354 2.3277445279194353 False
3753 7401.159637679048 4466.79966070386 214.81439221927752 52.82989218482608 7396 7407 4460 4473 97.0 3.8804687709925254 1.428296510981859 48.15528274287819 0.9297968210145774 -0.28442431676472985 0.722132047882501 0.0 26.509357192877566 2.939279 52.04411959664443 7.266866368533769 2.4165952658999217 0.3662735677293884 5.556622981616415 65.56354377471995 11.598173583793955 2.963646147254315 5.912704957620857 10.496661340849457 False
3754 6186.286110168377 4465.797753164204 214.8252406761883 52.83760846998667 6182 6190 4462 4469 55.0 2.112423317851701 1.4998700174734478 -8.673709283753807 0.7041780673597695 0.03153109635274682 1.0863494091416106 0.0 22.510774465345147 2.2054057 36.42485081839586 5.558370320759079 2.333207853590581 0.35282290243548114 4.1841419359420025 36.42710839263187 8.7840855218309 1.773909148635955 3.4746892386156825 7.683385224431517 False
3755 4131.182525658673 4464.929101233008 214.84359221894871 52.85066368824954 4129 4134 4463 4467 24.0 1.2684558018948164 1.1137297621759563 6.173140907391216 0.47862365602960116 0.006818323130933441 0.7251168542360454 0.0 7.867591626560669 1.3433859 11.734573968772729 2.9912680209996076 2.041770872922324 0.3143394034711091 2.763953195770684 12.326591842346179 4.750425328464681 1.1258627793202656 2.1547073930243745 3.7371966223369975 False
3756 8975.092654057455 4465.242906133856 214.80037323043828 52.81987847801389 8972 8978 4463 4468 30.0 1.4269428734185798 1.1608514503894543 -3.038272541268278 0.5815321493337002 0.16632232238866573 1.6204897017804871 0.0 19.280256304119188 1.5193007 34.11696931561127 3.6985857520288365 2.3434164718688555 0.35307620593557115 3.0901936161855166 36.780203995760445 5.778215768982065 1.3057210497154856 2.7362395463103044 4.9746095100437335 False
3757 9022.499630972703 4467.860250445216 214.79992305029617 52.81959119292199 9016 9030 4463 4472 96.0 3.981687377423798 1.4873016488228183 20.39346331354956 0.9276158786557321 0.013426007609080502 1.3312943643299058 0.0 51.35804600529066 2.7147024 64.99889127565996 5.692720104198947 1.9394440176134333 0.31748536543507677 5.527906391541368 74.17003071776085 9.067199817098958 2.4631224752405787 4.427284791524997 7.44477499821888 False
3758 nan nan nan nan 8104 8112 4470 4481 81.0 nan nan nan nan 0.0 0.0 0.0 0.0 9000000.0 nan nan nan nan 5.077706251929807 nan nan nan nan nan True
3759 8880.600083443233 4473.639035281464 214.80112734781272 52.820524440213916 8879 8882 4471 4476 16.0 1.3229605632636445 0.7700948334818798 62.20482248807178 0.8131174817604337 0.020441829046947173 1.1201451179619897 0.0 11.830278238649981 1.2110963 28.126751866352688 3.3078016879648855 2.6181907167245617 0.22760730298777224 2.256758334191025 36.947554874289146 5.160068749619662 1.395038113720546 2.965411726077303 5.902043155371428 False
3760 6526.74173893522 4475.797697888918 214.82209786548916 52.835498544401844 6522 6531 4472 4480 77.0 2.2366802650722146 1.7306698592122538 1.2073898921905422 0.6334700444575859 -0.09419268191269718 1.294630726375485 0.0 30.58036393054245 2.6070166 31.469793648263412 3.607258360543205 1.4 0.44189296234465136 4.950743503369154 27.628062841335502 5.719889460309326 1.5418870491464334 2.593728077392618 3.758397872726484 False
3761 9204.526737991338 4475.9171392590415 214.79821552722146 52.81847736084445 9201 9208 4472 4480 59.0 2.173825986045081 1.8980868914930578 88.30014779225625 0.4874427723484489 0.1254044177895369 0.9235820483316883 0.0 28.045169342849018 2.1595998 87.84611232254184 7.092157489027872 2.8600238301019596 0.20600893981870413 4.3336224206596095 94.79479657052244 11.405779133993494 3.2108958198564097 5.928323982276508 9.586345464332394 False
3762 2185.2015802235446 4480.2219610592165 214.86080991666572 52.863109994661336 2182 2188 4476 4483 46.0 1.968206077933434 1.4114753636904642 -69.88276928080408 0.6969311973106995 -0.07685129672601504 0.8642243075333487 0.0 15.222958261785536 1.9489461 26.44214434543546 4.817125397718633 2.3573951546877683 0.3943682174661938 3.826519928662906 25.50728176183185 7.693570255164596 1.6581828234037779 3.3516080173438585 6.976700025857288 False
