outputs/dr0.5_c0.1/nircam3_f115w_dr0.5_c0.1.ecsv
# %ECSV 1.0
# ---
# datatype:
# - {name: label, datatype: int64}
# - {name: xcentroid, datatype: float64}
# - {name: ycentroid, datatype: float64}
# - {name: sky_centroid.ra, unit: deg, datatype: float64}
# - {name: sky_centroid.dec, unit: deg, datatype: float64}
# - {name: bbox_xmin, datatype: int64}
# - {name: bbox_xmax, datatype: int64}
# - {name: bbox_ymin, datatype: int64}
# - {name: bbox_ymax, datatype: int64}
# - {name: area, unit: pix2, datatype: float64}
# - {name: semimajor_sigma, unit: pix, datatype: float64}
# - {name: semiminor_sigma, unit: pix, datatype: float64}
# - {name: orientation, unit: deg, datatype: float64}
# - {name: eccentricity, datatype: float64}
# - {name: min_value, datatype: float64}
# - {name: max_value, datatype: float64}
# - {name: local_background, datatype: float64}
# - {name: segment_flux, datatype: float64}
# - {name: segment_fluxerr, datatype: float32}
# - {name: kron_flux, datatype: float64}
# - {name: kron_fluxerr, datatype: float64}
# - {name: kron_radius, unit: pix, datatype: float64}
# - {name: gini, datatype: float64}
# - {name: equivalent_radius, unit: pix, datatype: float64}
# - {name: kron4_2_flux, datatype: float64}
# - {name: kron4_2_fluxerr, datatype: float64}
# - {name: radius_kron20, unit: pix, datatype: float64}
# - {name: radius_kron50, unit: pix, datatype: float64}
# - {name: radius_kron80, unit: pix, datatype: float64}
# - {name: near_border, datatype: bool}
# meta:
#   PHOTMJSR: 2.962800025939941
#   PIXAR_SR: 2.11539874851881e-14
#   __serialized_columns__:
#     area:
#       __class__: astropy.units.quantity.Quantity
#       unit: !astropy.units.Unit {unit: pix2}
#       value: !astropy.table.SerializedColumn {name: area}
#     eccentricity:
#       __class__: astropy.units.quantity.Quantity
#       unit: !astropy.units.Unit {unit: ''}
#       value: !astropy.table.SerializedColumn {name: eccentricity}
#     equivalent_radius:
#       __class__: astropy.units.quantity.Quantity
#       unit: !astropy.units.Unit {unit: pix}
#       value: !astropy.table.SerializedColumn {name: equivalent_radius}
#     kron_radius:
#       __class__: astropy.units.quantity.Quantity
#       unit: &id001 !astropy.units.Unit {unit: pix}
#       value: !astropy.table.SerializedColumn {name: kron_radius}
#     orientation:
#       __class__: astropy.units.quantity.Quantity
#       unit: &id002 !astropy.units.Unit {unit: deg}
#       value: !astropy.table.SerializedColumn {name: orientation}
#     radius_kron20:
#       __class__: astropy.units.quantity.Quantity
#       unit: *id001
#       value: !astropy.table.SerializedColumn {name: radius_kron20}
#     radius_kron50:
#       __class__: astropy.units.quantity.Quantity
#       unit: *id001
#       value: !astropy.table.SerializedColumn {name: radius_kron50}
#     radius_kron80:
#       __class__: astropy.units.quantity.Quantity
#       unit: *id001
#       value: !astropy.table.SerializedColumn {name: radius_kron80}
#     semimajor_sigma:
#       __class__: astropy.units.quantity.Quantity
#       unit: !astropy.units.Unit {unit: pix}
#       value: !astropy.table.SerializedColumn {name: semimajor_sigma}
#     semiminor_sigma:
#       __class__: astropy.units.quantity.Quantity
#       unit: !astropy.units.Unit {unit: pix}
#       value: !astropy.table.SerializedColumn {name: semiminor_sigma}
#     sky_centroid:
#       __class__: astropy.coordinates.sky_coordinate.SkyCoord
#       dec: !astropy.table.SerializedColumn
#         __class__: astropy.coordinates.angles.Latitude
#         unit: *id002
#         value: !astropy.table.SerializedColumn {name: sky_centroid.dec}
#       frame: icrs
#       ra: !astropy.table.SerializedColumn
#         __class__: astropy.coordinates.angles.Longitude
#         unit: *id002
#         value: !astropy.table.SerializedColumn {name: sky_centroid.ra}
#         wrap_angle: !astropy.coordinates.Angle
#           unit: *id002
#           value: 360.0
#       representation_type: spherical
#   astropy version: '5.1'
#   make_catalog parameters:
#     ab_zpt: 31.4
#     coadd_bands: !!python/tuple [f277w, f356w]
#     deblend_contrast: 0.001
#     deblend_nlevels: 32
#     deblend_npixels: 1
#     detect_kernel_fwhm: 4.0
#     detect_kernel_npix: 7
#     detect_npixels: 4
#     detect_threshold_nsigma: 3.0
#     flag_isolated_buffer: 4
#     hst_bands: !!python/tuple [f606w, f814w, f125w, f140w, f160w]
#     jwst_bands: !!python/tuple [f115w, f150w, f200w, f277w, f356w, f410m, f444w]
#     near_border_kernelsize: 21
#     reference_band: f200w
#   make_catalog version: 1.4.0
#   photutils version: 1.5.0
# schema: astropy-2.0
label xcentroid ycentroid sky_centroid.ra sky_centroid.dec bbox_xmin bbox_xmax bbox_ymin bbox_ymax area semimajor_sigma semiminor_sigma orientation eccentricity min_value max_value local_background segment_flux segment_fluxerr kron_flux kron_fluxerr kron_radius gini equivalent_radius kron4_2_flux kron4_2_fluxerr radius_kron20 radius_kron50 radius_kron80 near_border
[from data line 1421]
1422 728.9946680081346 1951.4021847363429 214.84820255261417 52.877146194881604 727 731 1950 1953 17.0 1.3185152885603602 0.9040100575567669 -17.249986507784293 0.7279527635995263 0.05129111123622161 0.43720318998438856 0.0 4.96474486304172 1.0507057 11.660340739280857 3.195450316091305 2.602911983436998 0.15926327425018502 2.326213245840639 10.340795653312034 5.061523245683051 1.5040788909818512 2.803217638104632 5.049033448291071 False
1423 4010.0198708920157 1952.221117749906 214.81889499708683 52.856299940962096 4008 4012 1950 1954 19.0 1.0826637885081245 0.987814208753624 -37.689587081689716 0.40931664338410995 0.031467772421348114 0.8359131406982183 0.0 7.695357904028603 1.0501128 13.631296746921585 2.520198166359644 2.284487619912228 0.34298100435320833 2.4592453796829674 18.714415145938712 4.050987052830982 1.1422245060297511 2.1286936101660148 3.9704089870383257 False
1424 620.969784352746 1957.8218961942755 214.849100087009 52.87786717734844 614 628 1951 1966 167.0 2.7976884007891316 1.9536801136270747 -83.07475102692707 0.715786282004165 -0.2501309484901817 4.1383706698893405 0.0 111.46227129067267 3.2382817 126.50516929924541 4.501739241085321 1.7514256450218035 0.6168464097722461 7.2909362219603215 145.29740000459088 7.07392674236413 1.5948479495100811 3.082333542788622 5.269331602848901 False
1425 3252.669743443798 1954.0510684356668 214.82563622859877 52.86112334872221 3250 3255 1952 1956 25.0 1.439663631966848 1.0499466759007232 3.4215197977026306 0.6841940667938989 0.1096673698109115 0.8555386439930014 0.0 10.463703168329227 1.26016 18.190242909682546 2.931666858015479 2.2197457577314945 0.27877624816341373 2.8209479177387813 24.70086425169021 4.682124620901286 1.3333030100186056 2.5233899353221054 4.114002828162856 False
1426 4281.798361136089 1955.403265634305 214.81643583234128 52.854589634365645 4276 4288 1952 1960 91.0 3.0428404730625815 1.8206613079603562 38.53678278402656 0.8012403156281914 -0.15041946365319975 0.8345438843874474 0.0 19.57702141638751 2.319277 31.76013503635693 5.513707526110352 2.186842780355801 0.43694067332638903 5.382025607773058 58.01956760803075 8.860115420958014 2.2649043881145228 4.44332735463881 7.629068104492973 False
1427 7841.815172954312 1958.9375520735002 214.78464271201779 52.831976217910466 7834 7850 1954 1964 104.0 3.936869355979354 1.4683844936882116 -27.14763245959226 0.92783826319058 -0.06109287360700993 1.1685839745592477 0.0 40.51209918364256 2.347224 97.20055377330468 6.618142635049675 2.77506705779143 0.36965047185805094 5.753627391751592 169.53813108587903 10.531256713096898 3.204286387149269 7.777346056113611 12.937432463613591 False
1428 1992.1394154949367 1958.198877590503 214.83684802576713 52.86915650125993 1989 1995 1955 1961 40.0 1.5999750300425855 1.3107634644316537 25.773706414672105 0.5734508727746315 -0.09292306837457456 1.3692138337785453 0.0 19.28492954293059 1.5840684 27.52653438970664 3.555894032176821 2.2502183298862497 0.3995730555970839 3.5682482323055424 42.657887723500195 5.719735013302 1.2754561295557139 2.4394832455714317 5.05489973625574 False
1429 6705.396529771537 1958.2929992379964 214.79478293495814 52.8391983380117 6704 6707 1956 1960 14.0 1.0349115722323525 0.8444542593605504 -81.02821599760183 0.5780977066652767 0.11527490936166061 1.1301771265291258 0.0 7.669250502130675 0.8338975 22.19083101035355 2.686888892930678 2.9259852463425564 0.27337335591828094 2.111004122822376 24.433708264220726 4.3217956739618035 1.3983570770861518 2.98451370033076 4.945630004462369 False
1430 648.8576128859336 1959.9100661697578 214.84882894351875 52.87770124408742 648 650 1959 1961 8.0 0.7757991279452496 0.693557862141038 -44.644960569131015 0.4480838256867256 0.34689000627467437 0.7535404288793014 0.0 4.389737331032928 0.733423 22.047824103267097 2.5965456658881316 3.239388766656401 0.14927497446660398 1.5957691216057308 33.51993461339636 4.069215485352707 1.5923457281264728 3.3490750493454033 5.151866461286187 False
1431 7486.507216039245 1971.8244252354061 214.78767499512512 52.83430485115952 7477 7496 1960 1984 367.0 5.035073222029204 3.0400171165529795 -69.87499960026126 0.7971599311126243 -0.20512926860404807 4.855920133082707 0.0 320.4853034741734 4.4191856 347.1744623774016 6.081126846150491 1.558552615074713 0.5200054419451298 10.808317548511017 364.7114269096842 9.647121929502351 2.8213485223477432 5.503302084770314 8.337075416097441 False
1432 3579.997200162481 1964.0043387272683 214.82260937807047 52.8590966220862 3577 3583 1962 1967 23.0 1.9791429013339614 0.8710665636599925 36.4068114933768 0.8979374324363997 0.15797487618364475 0.5159233771495868 0.0 7.513579295709659 1.2537421 30.634939927844446 4.5550464329942635 2.9886246468377515 0.18197124008454396 2.7057581899030048 32.24837860491533 7.243655893024014 2.3840220736357076 4.746165138491283 7.915274099320646 False
1433 9204.085939478875 1969.5861782905067 214.77238772568305 52.82337081905053 9195 9211 1962 1978 223.0 2.953167421917036 2.4510418580885225 6.428977285135895 0.5578072784997429 -0.20472249175830923 9.336841901752368 0.0 132.39545487148584 3.7901323 145.82893538208833 5.147377276265972 1.7457296638018265 0.6663783756311786 8.42514715711158 164.0174460047092 8.141941374285684 1.5279609205787426 2.927018922458854 6.042060543808437 False
1434 6849.409337672085 1969.6283506979566 214.7933792797967 52.838343786567144 6848 6852 1968 1973 24.0 1.618254517413591 1.0237735127017982 58.880172088890546 0.774445523080484 0.05958674588652584 0.9994670762961558 0.0 8.749792760734525 1.0712756 21.575696053610955 3.1099259383083586 2.454135581797926 0.3948773368120777 2.763953195770684 31.29141855244074 4.934296429501292 1.7733263588643216 3.0830033645474195 4.822026969055733 False
1435 317.0274410862218 1972.5641271894485 214.85166053736177 52.87987781586483 313 321 1970 1975 42.0 1.8251286405531635 1.462713292996936 -3.9551011538947503 0.5980882567726737 0.021671037808093898 0.6649778107900245 0.0 14.587043018949391 1.5467207 41.18604024644405 4.97259738800279 2.8854817877551118 0.2919793803607069 3.656366395715726 50.48772549014353 7.897677620137752 2.386819865547374 4.8633873775479985 7.694057505642758 False
1436 4309.4160768983165 1976.56708184109 214.81596657308714 52.85452814455328 4305 4315 1971 1984 73.0 3.75338394571036 1.1223622494472711 49.99200233084729 0.954244725083599 -0.19224580830376736 0.8023044445089461 0.0 19.389851964369416 2.1563582 49.62101192216275 6.115639493011297 2.756074812828528 0.36801495678317775 4.820437914901168 53.49685993031626 9.725845695186969 3.070769738321326 8.382881771437967 14.18273019208529 False
1437 3807.189550027843 1974.6153597502876 214.8204696834344 52.857709816107175 3806 3808 1973 1976 10.0 1.0924940058918495 0.6001017825836322 82.92477468684375 0.8356283346995779 -0.14232640685495668 0.5395563617793327 0.0 2.501939787696779 0.8321658 10.52994806207134 2.957087673990247 3.21496375337958 0.3086020973982902 1.7841241161527712 18.627469037232174 4.794847757136194 1.7357368694421729 3.1657416631542934 4.613240546756937 False
1438 7865.378474345334 1975.5184818896932 214.78425812306395 52.83191569847192 7863 7868 1974 1977 23.0 1.5387355919460632 1.0070736832781466 -6.086874219436056 0.7560781818981949 -0.14851522585983146 0.37157804307131925 0.0 4.151264935054999 1.0632627 64.61884529434573 4.610590367913971 3.8349354498980004 0.3214997761892987 2.7057581899030048 162.32407999344616 7.432501203514783 4.895708045593751 8.416820969060442 10.855417916143859 False
1439 1677.7736670460488 1976.1891110588679 214.8394662991423 52.8712511497812 1676 1679 1975 1977 9.0 0.7403233881201547 0.5611889303296729 -71.49657309741292 0.6522171862621776 -0.09450948175843735 0.17314800954788326 0.0 0.5683560422991851 0.79228866 0.6010831643115976 1.0307269383885864 1.4 0.37712876721823635 1.692568750643269 0.05092409016049715 1.6248271917230972 0.5201613687706788 0.8433114937032955 1.1388075786583896 False
1440 3289.550895180484 1980.4307010422178 214.82502928134193 52.86103113370834 3286 3295 1975 1986 85.0 2.9066587555062435 1.5370790646315915 -70.26825273418147 0.8487383368269208 -0.22844129927921716 1.0337633978660268 0.0 24.78914464490908 2.2171845 45.212059115178434 5.677260791954459 2.5231637294505993 0.44454256712479173 5.201570947860099 61.19499602905093 9.107271323381672 2.3356684646482524 4.834096932724786 9.188232705223287 False
1441 178.87469013692828 1983.3454648379686 214.85278147301622 52.88081370864462 170 188 1977 1990 178.0 4.517697457910874 2.0534795671722477 21.440229422963125 0.8907257203475636 -0.06720908236467692 1.7005120324748095 0.0 89.96238211606976 3.2695525 141.6255844891737 7.4188368390446335 2.2622656802475243 0.40189334908542423 7.527227892173502 175.58293249540867 12.02765612587697 2.9873654039989366 6.280118558240165 11.347589753384156 False
1442 10061.549036862383 1981.8411297355942 214.76461804670058 52.81798351645363 10060 10063 1978 1984 22.0 1.8009808001961332 0.7990260397923505 83.3087393924521 0.8961943854998057 -0.0344943649213492 1.1623356691809843 0.0 8.452705265373348 1.1989589 12.267601882555725 2.5962842150593026 1.9916777327592083 0.381117005712994 2.6462837142006137 15.459054170737693 4.155607065612789 1.2123855643553407 2.3891982529063727 3.795551167153545 False
1443 6841.706313244514 1981.8647959363454 214.79331918445226 52.8384586810885 6840 6844 1980 1983 13.0 1.0982214316459147 0.7575491665625027 -10.460907582853352 0.7240034225950349 0.11167055723334518 0.9537930946738048 0.0 5.576604785747282 0.791509 17.89045407824279 2.594354359414598 2.949446585522578 0.3117954799438274 2.0342144725641096 23.67732239785102 4.178362853940103 1.4621347912626614 2.9912760631099853 5.001387901353011 False
1444 3627.8955740009847 1987.3015996159586 214.82193656729982 52.85891775554863 3625 3631 1984 1991 38.0 1.372326162522408 1.1735337516580462 -73.5513119824589 0.5183938120766476 -0.00866489180954248 2.4359462204824602 0.0 20.731491922652104 1.6441841 30.129101992858196 3.3399381263111736 2.2509784038788982 0.5030266272995526 3.477898169151024 33.80095954256662 5.259218634129745 1.0866621346541572 2.183681219773204 5.137031945416276 False
1445 3703.8286594361753 1985.3188413555742 214.82127962950867 52.85842445210705 3702 3705 1984 1987 14.0 1.0587828817305576 1.0069187931341201 -75.86266140931728 0.3091436035449621 0.18853445475569042 0.5336032696692855 0.0 4.636635604582722 0.9823363 16.47164688471069 3.581792129400719 2.979717599717066 0.17880157701376123 2.111004122822376 17.047042383110693 5.65014442726372 1.7303356580561056 2.898643056395435 4.602008721441297 False
1446 7230.6107193610305 1989.7849884412444 214.78976772782593 52.83602866296653 7227 7235 1984 1994 74.0 2.3956904142204642 1.9149518478424796 -85.61052402060639 0.6008897254113643 -0.01272070477200426 0.8384567977511699 0.0 22.589465547961545 1.9415649 47.70553875381341 5.220139368102528 2.4886961507706804 0.3341246459932381 4.853342309955121 33.968163316723775 8.307314143730114 2.544334237113997 5.034444355656578 7.978146006695076 False
1447 966.238409405637 1991.1675567470525 214.845664425201 52.87585317636843 962 971 1986 1996 83.0 2.1666882207022384 1.7583300409964855 62.291474586485826 0.584312326541718 -0.1572100190390137 1.9217890177689372 0.0 41.45008204226026 2.3938599 52.44182053874773 4.121315764919954 1.8877120386998876 0.4602194993828728 5.140011726956917 61.99319241897493 6.545436064542111 1.637047758176055 2.904509062321896 5.261027901758074 False
1448 6692.266795988568 1996.2044430645378 214.79450100208516 52.83948605248062 6684 6701 1987 2005 236.0 4.179735441789794 2.7892355000892226 66.53739504202036 0.7447680209981326 -0.11604283588439948 6.519397477487175 0.0 128.1807715535973 3.4918644 146.8357063528578 5.418563005774438 1.585257181548404 0.5176760342402187 8.667244841319219 149.53437704454512 8.566512753822145 2.1129279234706337 4.723263996583191 8.054320132601195 False
1449 7087.954976842241 1991.108418638459 214.79102589961158 52.83694282042857 7086 7090 1989 1993 22.0 1.4410822155968674 0.9276967951075694 -28.264334381198147 0.765235801139587 0.032446426997353214 0.6279100119376904 0.0 7.176908002393108 1.1080751 14.255941653139537 2.6890127420531607 2.323186254470333 0.2841692330241312 2.6462837142006137 13.202791703202898 4.267921961228974 1.3868580714286298 2.7024838759203074 4.984271741299065 False
1450 7446.66570661046 2007.416598751614 214.78765563262192 52.834749899361306 7431 7462 1989 2023 767.0 5.457298476635971 4.37805062448413 -83.87223936839779 0.597004739566151 -0.29655100969623893 11.284369687436431 0.0 327.25741922485406 6.3076134 337.74478269704105 6.876157601362907 1.4 0.6541064343699439 15.625097846188595 360.24007922319765 10.829239355946806 1.7200462174958981 4.391690906200386 10.005217652209195 False
1451 1624.191984746906 2000.259496913831 214.83969147127968 52.87172140133372 1614 1635 1990 2010 364.0 4.401412136674778 4.19947554602826 -14.488229239108124 0.299424347167899 -0.23967463876220765 1.8140967221178892 0.0 35.260380387191375 4.757526 39.41208583574087 6.6070568848472035 1.4 0.600963347444752 10.764051215546116 35.911687748718315 10.52875939395431 1.5550581474619458 4.162243319116073 9.104738124391401 False
1452 7885.616900577355 1990.4276913126955 214.78392077229773 52.83186731515001 7885 7886 1990 1991 4.0 0.5185781432168015 0.460632628167011 49.27571229519456 0.45933950324107337 0.118639374474284 0.2839470565743821 0.0 0.8736764682062288 0.47489214 12.458127919482148 2.008778182959421 3.9573216101158053 0.20407322801043992 1.1283791670955126 27.623137277514694 3.12573649322886 1.8626239102032571 3.195487554855534 4.191290978863208 False
1453 7208.383168796019 1993.9639989061466 214.78992194894133 52.836192501773716 7205 7211 1992 1996 29.0 1.6330199409659163 0.9730912823323785 9.964386152986844 0.8030701428882586 -0.12322213132397879 0.5272184763393843 0.0 6.13433685249303 1.1711822 12.77719928802447 3.008083366028314 2.4650036001954376 0.3794042566410269 3.0382538898732494 13.855427680240814 4.826562031795257 1.5614895505719044 2.9919344269906283 5.1570946275362575 False
1454 8630.473130914595 1995.3821467837292 214.77722867458192 52.82715753528965 8628 8632 1994 1997 16.0 0.9346744067617135 0.8594676861964219 -10.571795570150513 0.39300347674403147 0.09193727661516322 2.2378024380142763 0.0 14.340652603482258 0.98588085 18.384423535855763 1.7760309462590969 1.8663891419448928 0.4099864580119017 2.256758334191025 19.137408201493177 2.802618548952532 0.7560929723772833 1.3693111509203335 2.4268692854873692 False
1455 9343.167373176195 2002.1578397387623 214.77080547355592 52.82266172568487 9340 9347 1997 2008 71.0 2.938379798606482 1.3324890217518244 66.81744704734136 0.8912677425442799 0.036455942797387265 1.714453410618382 0.0 43.02658020537602 2.1253674 65.25711926733499 4.653056571915246 2.114456876690208 0.365811320975708 4.753945931439391 74.76998375531508 7.364212639682192 1.9497697307787012 4.022594551658662 7.340250771382199 False
1456 7888.201188348629 2001.2901522162617 214.78378340656798 52.83190939077719 7885 7891 1998 2004 26.0 2.087601545856975 0.9991979582728006 -65.31328999137358 0.8780142883420932 -0.12474459800190775 0.3818141519332182 0.0 3.4626619943911794 1.1206692 76.82233030131674 5.402995502117325 3.90309361347323 0.4269756422712017 2.876813695875796 165.70213678030433 7.948951818967583 6.2473327296197425 9.767509025138388 12.403434356376772 False
