outputs/dr0.5_c0.1/nircam1_matched_f115w_f277w_dr0.5_c0.1.ecsv
# %ECSV 1.0
# ---
# datatype:
# - {name: label, datatype: int64}
# - {name: xcentroid, datatype: float64}
# - {name: ycentroid, datatype: float64}
# - {name: sky_centroid.ra, unit: deg, datatype: float64}
# - {name: sky_centroid.dec, unit: deg, datatype: float64}
# - {name: bbox_xmin, datatype: int64}
# - {name: bbox_xmax, datatype: int64}
# - {name: bbox_ymin, datatype: int64}
# - {name: bbox_ymax, datatype: int64}
# - {name: area, unit: pix2, datatype: float64}
# - {name: semimajor_sigma, unit: pix, datatype: float64}
# - {name: semiminor_sigma, unit: pix, datatype: float64}
# - {name: orientation, unit: deg, datatype: float64}
# - {name: eccentricity, datatype: float64}
# - {name: min_value, datatype: float64}
# - {name: max_value, datatype: float64}
# - {name: local_background, datatype: float64}
# - {name: segment_flux, datatype: float64}
# - {name: segment_fluxerr, datatype: float32}
# - {name: kron_flux, datatype: float64}
# - {name: kron_fluxerr, datatype: float64}
# - {name: kron_radius, unit: pix, datatype: float64}
# - {name: gini, datatype: float64}
# - {name: equivalent_radius, unit: pix, datatype: float64}
# - {name: kron4_2_flux, datatype: float64}
# - {name: kron4_2_fluxerr, datatype: float64}
# - {name: kron4_2_mag, datatype: float64}
# meta:
#   PHOTMJSR: 2.962800025939941
#   PIXAR_SR: 2.11539874851881e-14
#   __serialized_columns__:
#     area:
#       __class__: astropy.units.quantity.Quantity
#       unit: !astropy.units.Unit {unit: pix2}
#       value: !astropy.table.SerializedColumn {name: area}
#     eccentricity:
#       __class__: astropy.units.quantity.Quantity
#       unit: !astropy.units.Unit {unit: ''}
#       value: !astropy.table.SerializedColumn {name: eccentricity}
#     equivalent_radius:
#       __class__: astropy.units.quantity.Quantity
#       unit: !astropy.units.Unit {unit: pix}
#       value: !astropy.table.SerializedColumn {name: equivalent_radius}
#     kron_radius:
#       __class__: astropy.units.quantity.Quantity
#       unit: !astropy.units.Unit {unit: pix}
#       value: !astropy.table.SerializedColumn {name: kron_radius}
#     orientation:
#       __class__: astropy.units.quantity.Quantity
#       unit: &id001 !astropy.units.Unit {unit: deg}
#       value: !astropy.table.SerializedColumn {name: orientation}
#     semimajor_sigma:
#       __class__: astropy.units.quantity.Quantity
#       unit: !astropy.units.Unit {unit: pix}
#       value: !astropy.table.SerializedColumn {name: semimajor_sigma}
#     semiminor_sigma:
#       __class__: astropy.units.quantity.Quantity
#       unit: !astropy.units.Unit {unit: pix}
#       value: !astropy.table.SerializedColumn {name: semiminor_sigma}
#     sky_centroid:
#       __class__: astropy.coordinates.sky_coordinate.SkyCoord
#       dec: !astropy.table.SerializedColumn
#         __class__: astropy.coordinates.angles.Latitude
#         unit: *id001
#         value: !astropy.table.SerializedColumn {name: sky_centroid.dec}
#       frame: icrs
#       ra: !astropy.table.SerializedColumn
#         __class__: astropy.coordinates.angles.Longitude
#         unit: *id001
#         value: !astropy.table.SerializedColumn {name: sky_centroid.ra}
#         wrap_angle: !astropy.coordinates.Angle
#           unit: *id001
#           value: 360.0
#       representation_type: spherical
#   astropy version: '5.1'
#   kernelfile: kernel_f115w_f277w.fits
#   make_catalog parameters:
#     ab_zpt: 31.4
#     coadd_bands: !!python/tuple [f277w, f356w]
#     deblend_contrast: 0.001
#     deblend_nlevels: 32
#     deblend_npixels: 1
#     detect_kernel_fwhm: 4.0
#     detect_kernel_npix: 7
#     detect_npixels: 4
#     detect_threshold_nsigma: 3.0
#     flag_isolated_buffer: 4
#     hst_bands: !!python/tuple [f606w, f814w, f125w, f140w, f160w]
#     jwst_bands: !!python/tuple [f115w, f150w, f200w, f277w, f356w, f410m, f444w]
#     near_border_kernelsize: 21
#     reference_band: f200w
#   make_catalog version: 1.4.0
#   photutils version: 1.5.0
# schema: astropy-2.0
label xcentroid ycentroid sky_centroid.ra sky_centroid.dec bbox_xmin bbox_xmax bbox_ymin bbox_ymax area semimajor_sigma semiminor_sigma orientation eccentricity min_value max_value local_background segment_flux segment_fluxerr kron_flux kron_fluxerr kron_radius gini equivalent_radius kron4_2_flux kron4_2_fluxerr kron4_2_mag
[from data line 2436]
2437 8959.77586418473 2957.6132457026724 214.9446866741447 52.95739851353987 8958 8961 2956 2959 15.0 1.4906678799026398 0.9507669346791685 35.90928314929681 0.7701914921394838 -0.006562530001642689 0.041800024139958966 0.0 0.19309312701371123 0.95211744 23.96310056257996 5.791821164658092 4.391151117960046 0.5570015622019124 2.1850968611841584 53.55735562667972 9.323035753474736 27.077952185623765
2438 1564.2524210375364 2961.42246125711 215.0110176184082 53.004336437645996 1560 1568 2957 2965 65.0 2.0982449147417546 1.806808835165203 67.72949444322278 0.5084274461606241 0.0597486239121131 0.7630710702330178 0.0 23.2403246280271 2.2358627 44.14093562124767 5.774139729637707 2.4456600319967383 0.2879531866781847 4.54864184146723 57.74670718061495 9.236826851389417 26.996181937423316
2439 6918.918788059628 2964.1314866021344 214.96291930417613 52.970384680570184 6914 6924 2957 2971 127.0 3.373413895728334 2.064850805713888 -70.23970627307578 0.7907840022457296 0.09231021279659986 1.0112926591452902 0.0 50.94096519587989 2.8596888 66.35861562771194 5.643530883635432 1.9199476193206817 0.32121387855977934 6.358093703724522 70.47536936026373 8.960615316578979 26.779906598300208
2440 7403.886584414694 2961.1090140968995 214.9586012295663 52.96729107949283 7402 7406 2957 2964 29.0 2.0596861292792794 1.0636609289188923 63.911577735392775 0.8563360775743883 0.08756021484301701 0.19645338886125518 0.0 4.391598685050915 1.3609413 33.295058745400915 5.581020626026363 3.4059994483612988 0.1087309480693788 3.0382538898732494 54.21910143009357 8.932529576657489 27.06461921058054
2441 6628.256910061058 2960.0578959401455 214.9655696129273 52.972206938945675 6625 6631 2958 2963 31.0 1.4886884009104486 1.220744381486048 -16.050496691319573 0.5723443763735389 0.05991480751063581 0.580976391867482 0.0 9.102866977213594 1.3954774 16.146391011437178 3.476944287769175 2.339978487846852 0.27766419975570616 3.141274657157109 20.501999964102062 5.548328329140101 28.12050942894505
2442 2838.3998827079427 2962.989746928328 214.99955602621137 52.99626435132334 2837 2840 2961 2965 16.0 1.1414434061939234 0.9543344874900953 62.645130415677784 0.5486122343864951 0.38492871648915655 1.1190700802905553 0.0 11.97108784238456 1.0594547 35.5544738478683 3.3567402016771073 2.8399247188006926 0.18499095850559147 2.256758334191025 46.561311251988556 5.3837413248310515 27.229936994140463
2443 7429.902662321779 2970.980951028099 214.95826388521544 52.96717931972893 7421 7439 2964 2979 219.0 3.6681226446598996 2.6936650455967603 34.324783342593214 0.6787771453918706 -0.029938012819419515 2.0454354435563227 0.0 105.85733498177206 3.752245 127.60956273741206 6.690045623431831 1.907783194159181 0.4618916744329745 8.349243383340204 148.60694539188583 10.675629966322724 25.969902231571808
2444 3986.307418650546 2967.9457714568453 214.98919633658076 52.98901023187551 3983 3990 2965 2972 45.0 1.8633178825636378 1.3153400071074475 -14.561153928611182 0.7082987158015733 -0.042046913466670506 0.31979509158320846 0.0 6.570337811880721 1.7309072 9.440465231861777 3.2843496598187985 1.842724650857452 0.33430525599154454 3.7846987830302403 9.73733046549172 5.2466114788808715 28.92890022664694
2445 943.6891562470327 2974.946774012678 215.0164508679764 53.0083447296684 937 949 2970 2979 94.0 3.0465917896607353 1.8784580770154042 -18.071541136644232 0.787294699769229 0.11576566859066403 0.7347896738716593 0.0 36.65085146587631 2.6530435 69.14970088506914 7.2953616142773035 2.5229320206684367 0.25665534943845797 5.4700209598571305 93.97522129613175 11.591434514352999 26.467466607302846
2446 4380.430750438471 2974.178016118471 214.9855924930958 52.986543872178224 4376 4384 2971 2977 47.0 1.677945402980902 1.5448237137308558 7.374925825751996 0.3903562892789478 0.09488316593046582 0.9620621014772087 0.0 20.115372513623605 1.7682536 27.089676455847137 2.8181103199220683 1.5731196781998564 0.32608707082427 3.8678889139475245 25.717117003115206 4.466082637393376 27.874444298138677
2447 3182.5342664207596 2976.503170902388 214.99632315742386 52.99415472382248 3178 3187 2973 2980 65.0 2.02427759558922 1.6414882096881038 -8.274025795633317 0.5851837166982908 0.05349697987928927 1.2060741867757323 0.0 29.265473708463215 2.1978507 38.51994917195459 3.9928005346084636 1.8443314656454368 0.36654457153888775 4.54864184146723 39.603106181980834 6.4013183525619795 27.405676874530293
2448 1942.8792741010084 2983.403139836127 215.00738450396335 53.00205415497215 1929 1958 2974 2992 397.0 5.234869053895784 3.153572670172375 9.91214319844647 0.7981817397615016 0.022250709482751867 1.7946317205973483 0.0 135.36566408553915 5.220814 209.50214036877978 11.17616269665886 2.3724785359909917 0.49131384566461483 11.24139781410501 309.8056715409219 17.764259211274204 25.172276589937994
2449 9410.616608142023 2980.0305362614567 214.9404090820814 52.95465822379047 9404 9417 2974 2986 135.0 2.745858470984154 2.440538620992417 30.189695541100395 0.4582814240652181 0.03251217472455018 1.3361106877735562 0.0 57.69943659728962 2.9938643 78.79793466423692 6.076165251230634 2.062017023972209 0.3876917349186425 6.555290583552474 86.95752140576366 9.704532188414424 26.551732119151826
2450 658.9523940364319 2996.309943770127 215.0187844294422 53.01026575243239 647 672 2975 3020 730.0 10.16568153595162 3.9689868398513717 -66.04026425633262 0.9206326252278806 0.08467632820779661 1.6772305335127522 0.0 375.4893772221873 7.4628687 512.5776091408572 15.394276101663646 2.012613068137961 0.3186044800811935 15.243563130520608 589.8298479325141 24.530091962044114 24.47318313513877
2451 684.263890575926 2977.5207662994308 215.0187549831678 53.01000366157965 682 687 2975 2980 25.0 1.6913803948459272 1.0584338756260976 -48.126840765739544 0.7799987314624119 0.15292566144384373 0.35073055019671207 0.0 6.2139458506938166 1.3439409 36.77464970320011 5.455522264704444 3.41570992712483 0.12861481727301 2.8209479177387813 63.21521453755841 8.783076567695408 26.897945959575267
2452 1903.2655945945764 2981.0332528590975 215.00776533859843 53.00229256376355 1898 1908 2977 2985 73.0 2.43591127189128 1.8143718452244315 -9.506864698858259 0.6672395892435932 0.15188965049939543 1.0610617456017901 0.0 37.606646525488564 2.2413554 78.57519154689678 6.371036373532288 2.60556205516199 0.2537706648213747 4.820437914901168 93.57217440878975 10.137032547031403 26.472133195925206
2453 6825.608722862942 2978.125473411573 214.96360887567235 52.9710523417409 6825 6826 2977 2979 5.0 0.7480364184770831 0.4443579262647619 -70.40536720174974 0.8044410585797221 0.14544391023562847 0.21140220231743573 0.0 0.8895710679674325 0.5704957 5.80229354664966 2.2912305603383736 3.570255306880183 0.1047722186522846 1.2615662610100802 8.032289442141773 3.6735960923719935 29.13790162547892
2454 7135.266795956968 2982.552655167005 214.96078460641195 52.96911141283742 7130 7141 2978 2987 97.0 2.2556036165606494 1.9686652137938867 3.5656328110841495 0.4880983396585414 0.18373448182074412 3.290357886656074 0.0 91.88928295034069 2.555477 114.07675673251208 4.530862774503758 1.9306083197284527 0.43259105220890354 5.556622981616415 129.21860130700563 7.195564553578914 26.121687410443943
2455 642.7018135439316 2980.894121754181 215.0190929325404 53.01028544213207 640 645 2979 2984 29.0 1.5698225112499173 1.2187831317326467 -51.4443393013944 0.6302617013684894 0.060371838587920404 0.3232267013944858 0.0 5.338217977523051 1.4521693 16.729586614275384 4.79656379926141 2.8982062554615737 0.2265219214196218 3.0382538898732494 28.24169327588798 7.680528932117217 27.772773170048406
2456 545.9065424770274 2985.048646851208 215.019919023762 53.01092167030658 543 549 2982 2989 50.0 1.8578613917458422 1.563717951496129 -82.89111421586097 0.5399823712657695 0.01736025139761512 0.6020555254083423 0.0 13.622587271384466 1.9518242 20.158900523355218 4.250315761814349 2.056654444074613 0.3101655731537941 3.989422804014327 20.78150120242819 6.759989942661067 28.10580770831114
2457 1124.7565874806207 2984.328117540836 215.01472500156314 53.0072472762693 1122 1128 2982 2987 26.0 1.5779071214998088 1.1552900252873657 23.01685361351402 0.6811261809813073 0.08450905043903433 0.3264455553627768 0.0 5.768813751127892 1.3706987 11.292161396090542 2.954152599313935 1.8567756268217055 0.18594308392828 2.876813695875796 11.307690501938234 4.694545370726939 28.766565217280633
2458 7271.443203576462 2985.904781731214 214.9595278696749 52.96826543188998 7267 7275 2984 2988 34.0 2.1462263258900847 1.140518005838772 -13.14105926544929 0.847117132346596 0.3632827037850031 0.6855517965897183 0.0 17.59396031504696 1.5220084 49.773336626513654 4.827985935563133 2.7945845067188673 0.10128961298915139 3.2897623212397704 46.15829649076903 7.725097545336085 27.239375568863405
2459 7092.209453795848 2990.338115109466 214.96108878538243 52.96942668100333 7087 7097 2985 2996 99.0 2.3826841367266423 2.153476664992837 -68.76478065359052 0.427949115051441 0.10373130975029944 1.5031118459899147 0.0 53.20121226691355 2.5573804 92.16194200720942 6.2964642954829335 2.469643331387629 0.35803902771746937 5.613615477764332 131.64267535404161 10.010869180949909 26.101508250468413
2460 7811.216680907452 2989.490905821495 214.9546491312307 52.9648596189823 7805 7816 2985 2993 76.0 3.130152262509266 1.678556239984113 -27.829507820499458 0.8440567488601285 0.23798424217748382 0.7726084364213044 0.0 38.18037977866578 2.2010076 202.94022535033932 8.558879507062212 3.35855157463314 0.16515826023739744 4.918490759365935 304.3818678920865 13.589553892739582 25.191453055418542
2461 554.6940099918327 2990.664455716493 215.0197808673615 53.01089631570234 552 557 2988 2993 31.0 1.654944567651205 1.2618401210073589 -56.68991681995019 0.6470274595355407 0.05996890438923917 0.353099863965911 0.0 6.658671267542604 1.556332 18.617361700246814 4.981121329223024 2.839397770492315 0.22590188646074427 3.141274657157109 21.042669331058505 7.956011148701681 28.09224792338973
2462 1203.9495851640527 2989.1826856253606 215.01396227175525 53.006771340871296 1203 1205 2988 2990 7.0 0.8513643525526331 0.5275459441441078 -49.5042028921991 0.7848800897065593 0.05324782265532174 0.1486156698173939 0.0 0.650639229813456 0.7297908 2.516545345429902 2.596140151414812 3.247110957592995 0.21117054949193786 1.4927053303604616 3.9084984710385804 4.139748132488136 29.91997513399508
2463 9711.608851030907 2992.5900156107177 214.93757891495844 52.95281565714219 9706 9717 2989 2996 58.0 3.276762513249936 1.25184228480926 29.709921404721445 0.924147310711501 0.10496969576439762 0.5024862996465069 0.0 19.871983208288086 2.0137713 41.60906657031782 5.412352398864087 2.3262811476455574 0.1694697981717104 4.296739856991561 37.37898183784626 8.6673220135903 27.468431331244442
2464 nan nan nan nan 2350 2366 2992 3008 210.0 nan nan nan nan 0.0 0.0 0.0 0.0 14491376.0 nan nan nan nan 8.175883811466258 nan nan nan
2465 6979.796499443775 2993.4086883590144 214.96206475701854 52.97015655686582 6978 6982 2992 2995 16.0 1.1839658953967507 0.9869077513748409 30.284027647601715 0.5524274809770897 0.3390278888849589 0.5311998625285081 0.0 6.94057196967514 1.01836 27.31534805113461 3.808983369689515 3.0796217618798623 0.0819135907548527 2.256758334191025 32.577515369898066 6.032837533550165 27.617705104111963
2466 9439.638852009648 2993.4128424440587 214.94000795463919 52.95454628874918 9439 9441 2992 2994 7.0 0.8126922606761466 0.47894089076517204 -15.575737648919878 0.807895141037439 -0.006441072871013594 0.03469797848722226 0.0 0.11667874022696023 0.6596886 0.8455096452397686 2.5382867465757672 3.6268096015187625 0.4646807504686459 1.4927053303604616 0.04243878412364682 4.087137314735656 34.83059266795614
2467 2141.754874354243 3004.995635499801 215.0053704675769 53.00090964264628 2128 2156 2994 3017 440.0 5.815871209073012 5.130868507540802 -2.5576796754947586 0.470840440626704 0.10987043253151696 0.9826743016565 0.0 131.86965468636475 5.6422787 338.62905010296083 17.146413804670185 2.6914818304620476 0.25127513363615706 11.834540545406394 333.61017577632856 27.274710718152704 25.09190177745903
2468 4312.19503011966 3001.0573233524706 214.98592180116984 52.98712197807663 4304 4317 2995 3005 102.0 2.6715350265621263 1.8626969272713778 53.07532697955632 0.7168392783804113 -0.0006236333352868411 0.9667654735766209 0.0 31.21898942066533 2.5198002 45.542005981450316 5.254580254883324 2.151354260434331 0.4550281231897815 5.698035485213008 50.81871827958658 8.402436633283754 27.134940731681382
2469 435.3389182991537 3006.621157677552 215.0206853453329 53.01173940181498 424 447 2996 3020 407.0 4.064779852469503 3.281997410642816 30.118497410723 0.5899727398449159 0.07697581555219 7.5745045482490845 0.0 462.367642967621 5.707577 485.3207922706121 7.16387164871538 1.5935548052527242 0.5980227406435573 11.382096629215674 531.149141339773 11.327277770084757 24.586958790674498
2470 9886.908844313595 2999.684978230832 214.93593303186105 52.9517413155749 9882 9891 2996 3003 60.0 2.195461301259276 1.555365158331688 0.551123864655938 0.7057653040327976 0.09107858411842332 0.8770902171522584 0.0 21.616403949699162 2.0823781 38.87832024088943 5.14600586018134 2.4304290027787303 0.3098019749471174 4.370193722368317 49.046202252985424 8.180901881824685 27.17348653821397
2471 2749.409093092051 3011.8104656760484 214.99984077757196 52.99709265427911 2743 2756 2997 3024 271.0 5.715074523011942 2.3116939999043584 -71.45142806010827 0.9145421497151097 0.04272011846750872 1.6347096443081652 0.0 120.58394277970565 4.2778587 168.67273346587825 8.511944744309721 2.0584832505089046 0.406461386767381 9.287732724180174 179.21403735969997 13.588699019719026 25.76656994051988
2472 8346.58301840031 3006.3797445767705 214.94967052226684 52.96155342011528 8339 8354 2997 3014 234.0 3.971059531616279 2.779734046779485 -70.55439791109968 0.714144725052154 0.017235803365735363 1.5901923154989024 0.0 113.99990984635764 3.76347 127.31260268080462 5.679281558717342 1.5931401349742258 0.43024593253093585 8.63044108762739 132.33605253346323 9.038995048026205 26.09580456029164
2473 1825.952638803282 3002.729617632897 215.00823122784684 53.00290015301133 1818 1833 2998 3008 124.0 3.9175667752028795 2.002990233843427 22.000740288180747 0.8594116617688746 0.05736773862475439 0.5836684196722247 0.0 36.28139585861433 2.9136117 59.714099649226924 7.262430457003638 2.255856002356157 0.23349119169529145 6.282549314314218 62.50035362044044 11.611303173334063 26.910293813640948
2474 2049.3720937327607 3001.2531879450294 215.00623976247653 53.00147529330761 2047 2052 2998 3004 28.0 1.8495690602052854 1.0815296675814678 -56.3510177981345 0.811215834666364 0.15204434336742337 0.42560506474584114 0.0 8.72676555116375 1.4016329 24.28312742905961 4.43916868952553 2.707456639090832 0.15255863679434786 2.985410660720923 23.053156711599087 7.052871882812507 27.99317399362929
2475 9215.178744637102 3002.2962630205952 214.94192638117173 52.956018867537274 9212 9218 2999 3005 41.0 1.6497492439460046 1.5567503355857322 -41.85889330635556 0.33100654488351167 0.19761362198389656 0.7887323062282847 0.0 17.769169540395797 1.6316652 32.45525202391013 4.2595938949242145 2.3693546561261773 0.2199361664255975 3.6125759969217834 30.63787529810941 6.772074963620963 27.684353389561846
2476 773.6945496916901 3002.014020700616 215.01769319287098 53.009569020104905 773 776 3000 3004 13.0 1.3790828709305896 0.7535174645824668 64.68113959611075 0.8375306985189136 0.013842457004445044 0.10707179408114202 0.0 0.7336306085978325 0.98320085 16.81422484383024 4.694659451846566 3.8587807520772537 0.3025011756870168 2.0342144725641096 26.7522787765998 7.48646183476491 27.831598046447848
