outputs/dr0.5_c0.1/nircam1_matched_f606w_f277w_dr0.5_c0.1.ecsv
# %ECSV 1.0
# ---
# datatype:
# - {name: label, datatype: int64}
# - {name: xcentroid, datatype: float64}
# - {name: ycentroid, datatype: float64}
# - {name: sky_centroid.ra, unit: deg, datatype: float64}
# - {name: sky_centroid.dec, unit: deg, datatype: float64}
# - {name: bbox_xmin, datatype: int64}
# - {name: bbox_xmax, datatype: int64}
# - {name: bbox_ymin, datatype: int64}
# - {name: bbox_ymax, datatype: int64}
# - {name: area, unit: pix2, datatype: float64}
# - {name: semimajor_sigma, unit: pix, datatype: float64}
# - {name: semiminor_sigma, unit: pix, datatype: float64}
# - {name: orientation, unit: deg, datatype: float64}
# - {name: eccentricity, datatype: float64}
# - {name: min_value, datatype: float64}
# - {name: max_value, datatype: float64}
# - {name: local_background, datatype: float64}
# - {name: segment_flux, datatype: float64}
# - {name: segment_fluxerr, datatype: float32}
# - {name: kron_flux, datatype: float64}
# - {name: kron_fluxerr, datatype: float64}
# - {name: kron_radius, unit: pix, datatype: float64}
# - {name: gini, datatype: float64}
# - {name: equivalent_radius, unit: pix, datatype: float64}
# - {name: kron4_2_flux, datatype: float64}
# - {name: kron4_2_fluxerr, datatype: float64}
# - {name: kron4_2_mag, datatype: float64}
# meta:
#   PHOTMJSR: 0.3925000131130219
#   PIXAR_SR: 2.11539874851881e-14
#   __serialized_columns__:
#     area:
#       __class__: astropy.units.quantity.Quantity
#       unit: !astropy.units.Unit {unit: pix2}
#       value: !astropy.table.SerializedColumn {name: area}
#     eccentricity:
#       __class__: astropy.units.quantity.Quantity
#       unit: !astropy.units.Unit {unit: ''}
#       value: !astropy.table.SerializedColumn {name: eccentricity}
#     equivalent_radius:
#       __class__: astropy.units.quantity.Quantity
#       unit: !astropy.units.Unit {unit: pix}
#       value: !astropy.table.SerializedColumn {name: equivalent_radius}
#     kron_radius:
#       __class__: astropy.units.quantity.Quantity
#       unit: !astropy.units.Unit {unit: pix}
#       value: !astropy.table.SerializedColumn {name: kron_radius}
#     orientation:
#       __class__: astropy.units.quantity.Quantity
#       unit: &id001 !astropy.units.Unit {unit: deg}
#       value: !astropy.table.SerializedColumn {name: orientation}
#     semimajor_sigma:
#       __class__: astropy.units.quantity.Quantity
#       unit: !astropy.units.Unit {unit: pix}
#       value: !astropy.table.SerializedColumn {name: semimajor_sigma}
#     semiminor_sigma:
#       __class__: astropy.units.quantity.Quantity
#       unit: !astropy.units.Unit {unit: pix}
#       value: !astropy.table.SerializedColumn {name: semiminor_sigma}
#     sky_centroid:
#       __class__: astropy.coordinates.sky_coordinate.SkyCoord
#       dec: !astropy.table.SerializedColumn
#         __class__: astropy.coordinates.angles.Latitude
#         unit: *id001
#         value: !astropy.table.SerializedColumn {name: sky_centroid.dec}
#       frame: icrs
#       ra: !astropy.table.SerializedColumn
#         __class__: astropy.coordinates.angles.Longitude
#         unit: *id001
#         value: !astropy.table.SerializedColumn {name: sky_centroid.ra}
#         wrap_angle: !astropy.coordinates.Angle
#           unit: *id001
#           value: 360.0
#       representation_type: spherical
#   astropy version: '5.1'
#   kernelfile: kernel_f606w_f277w.fits
#   make_catalog parameters:
#     ab_zpt: 31.4
#     coadd_bands: !!python/tuple [f277w, f356w]
#     deblend_contrast: 0.001
#     deblend_nlevels: 32
#     deblend_npixels: 1
#     detect_kernel_fwhm: 4.0
#     detect_kernel_npix: 7
#     detect_npixels: 4
#     detect_threshold_nsigma: 3.0
#     flag_isolated_buffer: 4
#     hst_bands: !!python/tuple [f606w, f814w, f125w, f140w, f160w]
#     jwst_bands: !!python/tuple [f115w, f150w, f200w, f277w, f356w, f410m, f444w]
#     near_border_kernelsize: 21
#     reference_band: f200w
#   make_catalog version: 1.4.0
#   photutils version: 1.5.0
# schema: astropy-2.0
label xcentroid ycentroid sky_centroid.ra sky_centroid.dec bbox_xmin bbox_xmax bbox_ymin bbox_ymax area semimajor_sigma semiminor_sigma orientation eccentricity min_value max_value local_background segment_flux segment_fluxerr kron_flux kron_fluxerr kron_radius gini equivalent_radius kron4_2_flux kron4_2_fluxerr kron4_2_mag
[from data line 982]
983 7783.465414360562 1338.568622063735 214.9722883528049 52.95611720832039 7781 7786 1336 1341 29.0 1.5375299489234187 1.2105710584501101 -56.26175842516973 0.6165088810437576 0.09527571041393554 0.5353346031446354 0.0 8.4660490651229 1.413623 11.023905255043891 2.203147969881092 1.4 0.26735367445047986 3.0382538898732494 8.809108540201649 3.492419195900172 29.037670097204902
984 3591.68132566155 1342.8454622902725 215.0098606085472 52.98272893664821 3587 3597 1338 1348 97.0 2.122826699907251 1.881915812774279 -48.2049645689425 0.46270156790083306 -0.10288637898553733 1.9501620688307943 0.0 43.25702608746067 2.4327667 47.70035218743486 3.760398018844985 1.6938001625836425 0.5153203812820418 5.556622981616415 56.64653679252672 5.99125554320211 27.01706659128306
985 10183.831502708039 1339.8057023105937 214.9507550732571 52.940892915049865 10181 10187 1338 1345 44.0 1.7285449972696862 0.6529152743603568 84.92502622728084 0.9259176828834987 -0.14244115414880804 0.31715448329219365 0.0 0.10567886966319884 1.6644417 1.5768539640919523 1.662611616485218 1.4 4.419623016337395 3.742410318509555 -0.40397800914388005 2.6776998356227835 nan
986 6753.708300168981 1344.712497022649 214.9814604688304 52.962683296039984 6748 6757 1339 1353 85.0 3.7423169588863603 1.4998601139683174 -60.46230067668558 0.9161726495199841 -0.02675551667755865 0.7378531983785195 0.0 19.821169639637063 2.4672549 36.31385923141773 6.31520077263108 2.2638332318340812 0.3995673858358571 5.201570947860099 42.73844629076214 10.216991311478576 27.322953175458743
987 2756.521341380754 1374.7162508432718 215.01702517557408 52.98819727260821 2730 2787 1343 1404 2459.0 10.130301938995135 6.618961598123198 77.62606756170483 0.7570279792667121 -0.3478695774866844 15.480285825896967 0.0 1686.72367702889 14.392874 1685.3910450946207 14.761473636885647 1.4 0.6868029577553342 27.977205187901475 1682.5276542596634 23.461906582226657 23.33509447230131
988 3613.4219542398228 1345.3807793372746 215.00963868263048 52.98260477248281 3611 3616 1343 1348 26.0 1.5603101518981 0.785327715848314 77.58504672072158 0.864102930308528 -0.08329322902622514 0.22816656885029313 0.0 2.0713917857150452 1.2746311 2.3640682656804692 1.6971729550388175 1.4 0.4411256967571081 2.876813695875796 -1.8954497263611783 2.7338686965955517 nan
989 2533.292227871603 1350.4855942400031 215.01928546809177 52.98948174824387 2530 2537 1344 1355 75.0 2.4839480976071804 1.9820190460658045 60.878062417638965 0.6027488791968307 -0.07274317399030707 0.45882931345256145 0.0 15.501655813112475 2.4705844 21.181431239028438 3.957428165113421 1.4 0.2802587898531329 4.886025119029199 19.434349700305397 6.307784265878076 28.178574967179678
990 2795.8272244598847 1347.2396104442196 215.01696157298514 52.98779946964804 2791 2799 1344 1351 57.0 2.1668695200714247 1.4357475029202362 15.106082540905163 0.748981721286004 -0.12250367725569412 0.5904226552298031 0.0 12.698336040041928 2.2809184 17.69157013782399 3.3130646218634774 1.4 0.38277980260703565 4.259537945889915 9.492987308517893 5.403033762437603 28.95649274937133
991 9165.262409588931 1346.8466220930181 214.95981096242176 52.947394525368395 9164 9166 1346 1348 6.0 0.7673426700528706 0.5685118908029169 -44.02213855861508 0.6716330317641296 0.25820716413906003 0.43119123947561866 0.0 1.934196060022235 0.6561834 18.88101887236453 2.8314069846925767 3.6598960828365477 0.11004204989447458 1.381976597885342 24.065370118114316 4.502515051745593 27.946518636543676
992 2982.9709569038732 1355.9488512094683 215.01518902021266 52.9866598556741 2973 2994 1347 1363 276.0 6.088005603484117 2.824392298408942 29.107628965556625 0.8858732500427611 -0.2182650699308523 0.31086781250344137 0.0 8.856057357673661 4.960654 9.595659434440027 7.918769605584475 1.4 0.5325909113518938 9.373021315815206 1.2759279024922598 12.856180534247418 31.135434662850617
993 3039.815016025998 1353.4419942128204 215.0147049054504 52.986285841469936 3035 3045 1347 1361 119.0 2.850776304743642 2.145695233131561 82.75547531626864 0.6583973838213447 -0.11973950911549473 0.90136922515084 0.0 31.650942988067243 3.1458688 44.64634729682545 6.229000085365394 2.0121239832286446 0.41506694457916327 6.154581744998688 49.10388552281616 9.961330870116925 27.172210353483138
994 2366.135449767867 1356.9541837377822 215.0207188241054 52.9905766376087 2354 2378 1349 1364 291.0 3.9373763194704057 2.6768248910375094 -11.775653306998501 0.7333512906839292 -0.11065934935451058 3.7014757195216323 0.0 119.94777861932823 4.5568433 138.81170385038803 6.265508391513441 1.6286159515407348 0.6059821717652493 9.624353322664494 149.92238551699927 10.030897778259002 25.960333790116415
995 3533.378076909309 1355.2780338313567 215.01025319374173 52.9831658852488 3526 3542 1349 1361 142.0 3.8938246011064104 2.0839243319592002 -26.757023205106677 0.8447336077799185 -0.11452998121682587 0.29642696712727906 0.0 16.977254269978182 2.9711242 22.213133886998648 5.294463724961728 1.6873067791328424 0.36054151732701845 6.723094811029982 17.82549769041706 8.524448490631809 28.272395839358627
996 7745.003372815605 1350.4205020495024 214.9725084845947 52.95642526347327 7743 7746 1349 1352 13.0 1.2415255961442915 0.6888095188238296 -50.41013252769972 0.8319777781011061 -0.015340506120582253 0.2913337484509966 0.0 2.2196279017238374 0.90883297 8.361476819889905 3.0905130360388657 2.905056043320145 0.29168532918704915 2.0342144725641096 11.687185018329885 4.882091204966478 28.730725201612916
997 10227.554212452109 1350.7829109283991 214.9502476257888 52.940674733849846 10224 10230 1349 1353 27.0 1.5935124602408248 0.9544669835542687 35.61166595495649 0.8007710775957637 -0.17883331994301188 0.3856032958921045 0.0 3.6159823849729302 1.3231347 4.621826678960312 2.1975133097639383 1.5808698210182703 0.3941347307665613 2.9316150714175193 4.633548920820743 3.5927774653759394 29.735215618388036
998 6208.476144725643 1361.799820578133 214.98617230709723 52.96623435914174 6203 6212 1355 1368 97.0 3.3271920617820094 1.6999690898167168 -67.95536316369612 0.8596210975729583 -0.12273402827612365 0.7371606409930815 0.0 31.36940158202584 2.3843627 44.79830216129126 5.617194712533492 2.2053160427351566 0.3699632802220481 5.556622981616415 45.15949493318696 8.946056488802686 27.26312730974613
999 1201.7110350096286 1367.359191594346 215.03107075677008 52.998015800907204 1186 1214 1358 1378 406.0 6.122768861973179 4.307018105984848 11.959084045967193 0.7107518043676248 -0.289360873085726 0.32431617732206675 0.0 9.205243282845032 5.479745 5.757523027049228 8.569847292486013 1.4 0.5040772113861742 11.368105109938904 -0.31388972714482843 13.715306694221017 nan
1000 8289.15892691812 1372.0213537416728 214.9674010456761 52.953089499351016 8277 8302 1359 1384 500.0 7.1559332844691035 4.893750468613113 29.370711886677075 0.7296009503739337 -0.15594480437457228 0.3284535120326178 0.0 51.425092434252946 5.787074 114.94186964963768 16.03136391785534 2.359752016941068 0.39184916722646046 12.6156626101008 134.75324935105854 25.590106424168358 26.076151884310008
1001 9947.241810235502 1366.0577947393062 214.95259907167116 52.94253610741843 9940 9955 1359 1373 190.0 3.15700495148944 2.7667302942427154 82.69248090129754 0.4816235698924289 -0.11754324012450613 0.7158314843098719 0.0 23.445085728384047 3.511178 25.36278756510378 4.671950445703797 1.4 0.5347181783273014 7.776816725043752 22.760704879214906 7.491801000155681 28.007035730866715
1002 1755.3465291584782 1367.947777736691 215.02609008493081 52.99450883599331 1743 1769 1361 1377 346.0 5.529654972469531 3.547604023290379 11.68409823333551 0.7670730708988279 -0.24244891688667675 0.39716057951833333 0.0 30.46590081894776 4.6782784 37.41407627200546 6.889970395058335 1.4 0.40326502325645613 10.49453289192004 37.53550161286526 11.057682409436968 27.463894439953307
1003 843.2868054439518 1365.0032816284436 215.03431648328024 53.000275420993304 842 845 1363 1367 16.0 1.458946177646839 0.7566953067350786 51.88212258404651 0.8549813013973948 0.03219682588640194 0.28023516044013264 0.0 2.5155564338586944 0.95468 15.73877491275221 3.904662933166505 3.368182879265688 0.2868695430454812 2.256758334191025 16.356042266464193 6.280446350354334 28.365804439585574
1004 3480.300607110171 1365.2727835293256 215.01062453877003 52.9835565134601 3479 3481 1363 1366 9.0 0.6985521593269048 0.43844313112378897 -42.910455420620096 0.7784992646834931 -0.09921093497480764 0.18931237695176753 0.0 0.34065247679849875 0.75413626 1.6560279004769443 1.7818813191093714 2.9129077071132783 0.6375152565629255 1.692568750643269 2.318002509609014 2.829118370022626 30.487215245447064
1005 7965.536934230828 1371.4340222308967 214.9703093557021 52.95513961585835 7959 7972 1364 1378 141.0 3.3651933032665746 2.0986311601393997 -39.56182983474675 0.7817206863703924 -0.1786095565550557 0.6435717539356708 0.0 35.431003065106474 3.074823 44.73917706172185 6.073642466067172 2.012152827686855 0.4187001370658066 6.699380116989518 47.24784200676521 9.807806256208872 27.214045056561737
1006 4192.331002012113 1376.7100173778217 215.00411081425426 52.97910279428854 4182 4203 1366 1387 321.0 5.627597526233728 3.0096613076439445 -41.36272760156344 0.8449761830754337 0.008464163756541913 2.427122528002765 0.0 306.81952005188816 4.485634 364.6810956316124 7.075994421869295 1.5507333917954849 0.3553403000285518 10.108287365572707 365.3167150641418 11.359433017395226 24.993326140480026
1007 8495.778737976461 1369.5721722893234 214.96557409113578 52.9517652867933 8492 8499 1366 1374 57.0 2.180868771194367 1.4488811338748704 -78.7238066551988 0.747413074531492 -0.08582016063657594 0.5581357734078818 0.0 16.045999320183057 1.8975506 32.511379645804936 4.573468320697089 2.3076974252163382 0.3363244071990349 4.259537945889915 32.03966355899575 7.355630945480744 27.635780132471275
1008 8025.392046368585 1370.2832555932537 214.96978469539738 52.95475364031967 8024 8028 1367 1375 36.0 1.244972753823375 0.6575011276744435 82.87743652560816 0.8491666950318699 -0.12665424061838695 0.10843043917110853 0.0 -0.43793802577101093 1.6338757 -0.2600707489063583 1.5203841929148116 1.4 -0.49101158278011336 3.385137501286538 -4.329126211940995 2.3931730600081997 nan
1009 806.9615525239724 1371.8584688893989 215.0345707155555 53.00054278884289 804 809 1369 1374 32.0 1.5413708011020888 1.4453301464714783 -63.17175000509348 0.3474691869089968 0.08109426929330986 0.7005637820983094 0.0 11.70739928083931 1.4167439 29.494152343112837 4.558313089485946 2.8022543460272917 0.2478601851189596 3.1915382432114616 42.611450356424086 7.319862365706195 27.326184208909094
1010 2458.725833324787 1373.831307823487 215.0197093358438 52.9900807958907 2456 2463 1369 1377 54.0 2.550476751231459 1.604745807221374 66.72233588351607 0.7772479326316233 -0.16914636449189482 0.2917522174623405 0.0 4.754899462996741 2.1236737 23.418537997119262 8.808306271882365 3.387419156944851 0.35918262482101476 4.145929793656026 39.20664585283503 14.087978962527986 27.41660077552426
1011 6387.978789548558 1373.7911248022401 214.98443543501608 52.96516049149361 6382 6397 1370 1377 107.0 3.495918856223615 1.6172837242118259 -10.080475138541276 0.8865564134936427 -0.2133701426781461 0.3645917484259312 0.0 9.003619652974196 2.5206652 15.53748815020083 4.813438701167199 1.8841518049336359 0.5390484862023464 5.836022431559495 17.29873817053997 7.673920496667312 28.30496393662278
1012 2476.5244593373595 1373.3035506565218 215.01955501901224 52.989965083678655 2476 2477 1372 1374 5.0 0.7013966957112484 0.46073948338050774 68.63435752254867 0.7539876564816744 0.20880778526525012 0.46383574452764414 0.0 1.7155553100794056 0.6168976 7.7451741727923125 2.2882262173008168 3.234296637609233 0.19011240907048765 1.2615662610100802 8.840830328369515 3.7237353878111628 29.033767360630648
1013 1666.3212183168775 1379.3716331380883 215.02676959087904 52.99513506345511 1662 1672 1374 1385 112.0 3.1748004802664624 2.675181991517586 65.43862434282984 0.5384930416567746 -0.05607635456588282 0.40418453962473655 0.0 18.937675102805883 2.7520275 32.72822236954539 7.576400635347604 2.317806068608628 0.31519984243908 5.970821321441846 36.33821940073426 12.092397402657427 27.499090893132806
1014 2166.145449798648 1378.0153441495397 215.02229348376625 52.9919586004351 2163 2171 1375 1381 47.0 1.938025225817724 1.5500953246877058 22.646723549542916 0.6002234311922501 0.020022905837572474 0.5143711371142278 0.0 13.127452398666852 1.7259746 21.919471647833713 3.8491316851700734 1.9511474266620719 0.2795575148606116 3.8678889139475245 16.50145563629564 6.0494473390542955 28.356194359627786
1015 4068.8651273753017 1378.5944482879827 215.00519945767928 52.97989600144645 4065 4072 1375 1382 52.0 2.3125531945291478 1.2982892951718419 -42.736474651654945 0.827538151092386 -0.053031919630517094 0.3711947934458762 0.0 7.578985751676974 1.8375605 8.92701952037778 2.7676415859192005 1.4 0.3936761263581703 4.068428945128219 2.3921059157979907 4.404541403306603 30.453048987264822
1016 6820.255252960197 1376.8344934837633 214.98052515580108 52.96243471264906 6818 6822 1375 1379 19.0 1.3364920229058206 1.0043752042422707 -41.204838644831774 0.6597318549546051 0.022859731591394518 0.15312022696405386 0.0 1.6356382506502474 1.1411104 5.6470132053715245 3.4462546353235672 2.46853646641488 0.24668894166291938 2.4592453796829674 17.10372731337869 5.5250191676793365 28.31727309021297
1017 9249.885815355805 1390.1305977004417 214.95859650545083 52.94709136147393 9233 9267 1375 1405 774.0 6.295864504579859 5.013022379284691 -31.6680590407655 0.6049802032903726 -0.15801127119724415 2.6777722083711453 0.0 314.2997904283777 7.1696525 336.70177453326244 10.470056486056675 1.6327773420448417 0.5477376818392073 15.696236870863475 368.33017972288656 16.905423646307437 24.984406737683965
1018 8584.849690180214 1380.039295130077 214.96466519913483 52.95125667798146 8579 8591 1376 1385 96.0 3.1051694948989375 2.232791296950256 -13.879475816077997 0.6949519540811215 0.02530768298081978 0.5332075533961804 0.0 32.37353154207351 2.4547908 80.96960252575846 7.798921630019123 2.6108369466465335 0.1915490287849041 5.527906391541368 93.20755194444907 12.488487220831301 26.476372246075073
1019 7220.154259100078 1378.2495595871892 214.97692294219902 52.959905412642215 7217 7222 1377 1381 22.0 1.7868391780579658 0.9225762345302564 -12.404789990664293 0.8563972784843261 -0.06534862892876146 0.17313001686889304 0.0 0.9619089513777326 1.2480998 2.255861861827942 2.082798181509818 1.4 0.5485754113319854 2.6462837142006137 2.2554681120001043 3.3061733292223523 30.516908271537922
1020 7405.7110769142855 1378.921945846681 214.97525145846734 52.95873184217883 7404 7408 1378 1380 13.0 1.2065545896706427 0.7755501497046259 0.897383457844959 0.7660501394696062 0.22111811562832617 0.34929472484379687 0.0 3.6589617913923047 0.93412596 32.211825725454624 3.8792008822398367 3.6079277049508174 0.09203906135501372 2.0342144725641096 74.96320392970291 6.2399514414897315 26.71287964990933
1021 7460.924383347738 1385.3735209615145 214.9746882784873 52.95841641383647 7441 7473 1379 1392 322.0 7.349276654756819 2.4257723347066427 10.095535902150074 0.9439566205416641 -0.11717724247931341 0.8305289356286925 0.0 78.38114278955499 4.56203 91.97495987880558 7.486577391083289 1.5559393716025547 0.4303364799037581 10.124020118074668 94.97980762318223 11.914525386965487 26.455921785986785
1022 1360.9317966193366 1383.36299748556 215.02947146996186 52.9970928821791 1358 1364 1380 1387 40.0 1.700915452801704 1.5353680084825343 -80.4536554367275 0.4303301654453831 0.012009631046236716 0.48110594304974363 0.0 9.398308534154035 1.6396828 25.682259102819884 4.928659065504324 2.7259793663500473 0.2617237827851375 3.5682482323055424 45.473115796735016 8.008037740372135 27.255613217798846
