outputs/dr0.5_c0.1/nircam3_matched_f150w_f277w_dr0.5_c0.1.ecsv
# %ECSV 1.0
# ---
# datatype:
# - {name: label, datatype: int64}
# - {name: xcentroid, datatype: float64}
# - {name: ycentroid, datatype: float64}
# - {name: sky_centroid.ra, unit: deg, datatype: float64}
# - {name: sky_centroid.dec, unit: deg, datatype: float64}
# - {name: bbox_xmin, datatype: int64}
# - {name: bbox_xmax, datatype: int64}
# - {name: bbox_ymin, datatype: int64}
# - {name: bbox_ymax, datatype: int64}
# - {name: area, unit: pix2, datatype: float64}
# - {name: semimajor_sigma, unit: pix, datatype: float64}
# - {name: semiminor_sigma, unit: pix, datatype: float64}
# - {name: orientation, unit: deg, datatype: float64}
# - {name: eccentricity, datatype: float64}
# - {name: min_value, datatype: float64}
# - {name: max_value, datatype: float64}
# - {name: local_background, datatype: float64}
# - {name: segment_flux, datatype: float64}
# - {name: segment_fluxerr, datatype: float32}
# - {name: kron_flux, datatype: float64}
# - {name: kron_fluxerr, datatype: float64}
# - {name: kron_radius, unit: pix, datatype: float64}
# - {name: gini, datatype: float64}
# - {name: equivalent_radius, unit: pix, datatype: float64}
# - {name: kron4_2_flux, datatype: float64}
# - {name: kron4_2_fluxerr, datatype: float64}
# - {name: kron4_2_mag, datatype: float64}
# meta:
#   PHOTMJSR: 2.251199960708618
#   PIXAR_SR: 2.11539874851881e-14
#   __serialized_columns__:
#     area:
#       __class__: astropy.units.quantity.Quantity
#       unit: !astropy.units.Unit {unit: pix2}
#       value: !astropy.table.SerializedColumn {name: area}
#     eccentricity:
#       __class__: astropy.units.quantity.Quantity
#       unit: !astropy.units.Unit {unit: ''}
#       value: !astropy.table.SerializedColumn {name: eccentricity}
#     equivalent_radius:
#       __class__: astropy.units.quantity.Quantity
#       unit: !astropy.units.Unit {unit: pix}
#       value: !astropy.table.SerializedColumn {name: equivalent_radius}
#     kron_radius:
#       __class__: astropy.units.quantity.Quantity
#       unit: !astropy.units.Unit {unit: pix}
#       value: !astropy.table.SerializedColumn {name: kron_radius}
#     orientation:
#       __class__: astropy.units.quantity.Quantity
#       unit: &id001 !astropy.units.Unit {unit: deg}
#       value: !astropy.table.SerializedColumn {name: orientation}
#     semimajor_sigma:
#       __class__: astropy.units.quantity.Quantity
#       unit: !astropy.units.Unit {unit: pix}
#       value: !astropy.table.SerializedColumn {name: semimajor_sigma}
#     semiminor_sigma:
#       __class__: astropy.units.quantity.Quantity
#       unit: !astropy.units.Unit {unit: pix}
#       value: !astropy.table.SerializedColumn {name: semiminor_sigma}
#     sky_centroid:
#       __class__: astropy.coordinates.sky_coordinate.SkyCoord
#       dec: !astropy.table.SerializedColumn
#         __class__: astropy.coordinates.angles.Latitude
#         unit: *id001
#         value: !astropy.table.SerializedColumn {name: sky_centroid.dec}
#       frame: icrs
#       ra: !astropy.table.SerializedColumn
#         __class__: astropy.coordinates.angles.Longitude
#         unit: *id001
#         value: !astropy.table.SerializedColumn {name: sky_centroid.ra}
#         wrap_angle: !astropy.coordinates.Angle
#           unit: *id001
#           value: 360.0
#       representation_type: spherical
#   astropy version: '5.1'
#   kernelfile: kernel_f150w_f277w.fits
#   make_catalog parameters:
#     ab_zpt: 31.4
#     coadd_bands: !!python/tuple [f277w, f356w]
#     deblend_contrast: 0.001
#     deblend_nlevels: 32
#     deblend_npixels: 1
#     detect_kernel_fwhm: 4.0
#     detect_kernel_npix: 7
#     detect_npixels: 4
#     detect_threshold_nsigma: 3.0
#     flag_isolated_buffer: 4
#     hst_bands: !!python/tuple [f606w, f814w, f125w, f140w, f160w]
#     jwst_bands: !!python/tuple [f115w, f150w, f200w, f277w, f356w, f410m, f444w]
#     near_border_kernelsize: 21
#     reference_band: f200w
#   make_catalog version: 1.4.0
#   photutils version: 1.5.0
# schema: astropy-2.0
label xcentroid ycentroid sky_centroid.ra sky_centroid.dec bbox_xmin bbox_xmax bbox_ymin bbox_ymax area semimajor_sigma semiminor_sigma orientation eccentricity min_value max_value local_background segment_flux segment_fluxerr kron_flux kron_fluxerr kron_radius gini equivalent_radius kron4_2_flux kron4_2_fluxerr kron4_2_mag
[from data line 4016]
4017 10065.975722792942 1230.4696020043814 214.77248520460805 52.81390928543365 10058 10077 1224 1237 83.0 6.121094774887895 1.1940531180868226 -34.358918817512304 0.9807889598531787 0.6124116011391169 1.277967513108472 0.0 79.12002379724453 2.8053453 984.1082385686083 13.27057037379273 3.6689870014056223 0.1127468222221847 5.140011726956917 2271.290711888011 21.108696089598908 23.00931818769095
4018 10074.67738067684 1232.2029309153525 214.77238943479196 52.813863281629416 10070 10080 1228 1236 64.0 2.5547211728017114 2.0177452866866035 -9.866775614993337 0.6133511001474363 1.166109304423482 1.5199185638723296 0.0 85.30408146328416 2.5378206 711.417015768064 9.819705437405041 3.5391565913828105 0.046843617838362814 4.51351666838205 1297.6674247190626 16.121803201845314 23.61709149325405
4019 10066.823780929324 1237.1444466705561 214.77240741622768 52.81393983803161 10062 10071 1234 1240 45.0 2.431530080281725 1.5140218087971693 1.1711557035125344 0.7824907766891036 1.1554980798098293 1.5070759844594332 0.0 60.805262467083956 2.1759346 538.9557508286503 8.290472881095837 3.5473802868231834 0.043710238389258284 3.7846987830302403 1076.095459247983 13.684678446784872 23.8203730029339
4020 10053.235802646479 1238.1104326039517 214.77251832158512 52.81403145292704 10050 10057 1236 1241 32.0 2.261439457354235 1.129904223318169 -27.159667963754426 0.8662335039424304 0.8096018500270249 1.1917375702844857 0.0 32.941841881899094 1.7468411 426.98527970128487 8.19087268618849 3.8158624657421445 0.070526913937933 3.1915382432114616 957.3139329223869 12.971657325632341 23.94736405059841
4021 10059.043969379585 1241.75173607473 214.77242825698127 52.81401412527668 10054 10064 1237 1248 79.0 2.783661839785494 2.281458131447787 -37.85060732659111 0.5729521453758537 0.9175419949547455 1.4482377947322183 0.0 95.22838701041617 2.7957609 899.5345287349511 11.801140695796295 3.732266875881024 0.06483551474881212 5.014626706796775 1601.0113461048409 19.292666151086674 23.389013975740063
4022 10051.513254349966 1246.988074065334 214.77244025951975 52.81409021598272 10046 10058 1242 1251 83.0 2.881434561394894 2.3591172243385126 8.312866734739034 0.5741785552163337 0.8634089856063755 1.3461692675700918 0.0 94.28270682921715 2.911366 895.4624724021048 12.214031060876248 3.62224250879773 0.06638968631972558 5.140011726956917 1584.09064999958 19.7636663906876 23.400549923551704
4023 10027.755773627452 1251.816429788923 214.7726011368896 52.81426730369325 10021 10033 1248 1255 65.0 3.1842705795408306 1.6352264027548846 -23.387095364835364 0.8580701490432964 0.5787621341419543 1.2074384119202957 0.0 58.03664556339388 2.6030126 727.3292362198629 11.578690302882753 3.6659746575937144 0.11476043919585753 4.54864184146723 1489.4160607313197 18.20764613551988 23.46745991841408
4024 10041.287830467114 1250.6807098386107 214.7724925149568 52.814175130443324 10036 10047 1245 1257 69.0 2.953842497697648 2.2426990408515954 38.978188120654416 0.6508013967129552 0.922741721729885 1.3009421416005618 0.0 77.08352066238675 2.638323 717.9513159600808 11.168417813807215 3.39296329047062 0.04370021942403448 4.686510657907603 1280.1557398192672 18.186344567652903 23.631842980509816
4025 10033.900374059474 1256.7125656242429 214.7724948707736 52.814254594169974 10028 10041 1252 1261 94.0 3.458048899554316 2.1591467472937427 -9.242285135655772 0.7811183912095166 0.8566724417156728 1.3642350601044677 0.0 105.36075771033137 3.1491048 954.8412574317017 12.764388541587216 3.6741655714153505 0.0622265027310063 5.4700209598571305 1795.883668735903 20.955332187158223 23.264304497209586
4026 10015.410243137727 1265.3629152965207 214.77256860101232 52.814418766652246 10005 10030 1259 1275 213.0 6.819031302158485 2.9427388585269028 -19.167206378574285 0.9020900077896847 0.6815444331971264 1.2731356375258513 0.0 224.18602167564387 4.910446 2218.264201009549 21.043610696681917 3.5767974539663436 0.07078687010311979 8.234075889688375 3586.515701173448 33.20352172398133 22.513318158887152
4027 9998.844696398262 1268.0807069080745 214.77268760604576 52.81453875118727 9992 10005 1264 1272 59.0 3.969991288498228 1.3051321587878941 -26.580442981782035 0.944417200068275 0.4610148068177908 1.090780264243423 0.0 45.54383091939106 2.4239688 701.6630577589442 11.528413649175523 3.702265779879136 0.12212597481558586 4.3336224206596095 1649.22994161956 18.403263837735132 23.356796973055737
4028 10001.655747331793 1274.6328730754974 214.7725936168992 52.81455615961907 9995 10007 1271 1278 58.0 3.019927590325501 1.6548843873254366 -20.629557499808843 0.836486126876219 0.841524762536713 1.1662112379203518 0.0 61.32748027130592 2.3533978 716.9829785641523 10.226225932042837 3.603653282906605 0.04241622433485278 4.296739856991561 1414.829851517141 16.57965232900274 23.523239463936395
4029 9987.371130766174 1275.4176787074819 214.77271263780514 52.81465122889424 9985 9991 1274 1278 14.0 2.202395238998932 0.6001992208239056 -31.085468010824496 0.9621498003225586 0.7217700712635977 0.9448940894222538 0.0 11.222244610777597 1.1676309 292.1094376551931 6.26114001593751 3.9870125056101786 0.0430525459285392 2.111004122822376 566.9294809515934 9.943595322039904 24.51617739658724
4030 9985.732928976708 1283.8704242328965 214.77263829413454 52.81470716749091 9976 9997 1277 1292 126.0 6.657536515535553 1.7776531675654508 -32.41352763751092 0.9636927452777952 0.75304769091396 1.1519451925193345 0.0 123.83169730219097 3.4515069 1418.7682714393413 14.547120657372874 3.555915463510894 0.04790482684610822 6.333012368467128 3164.188569511049 24.892680704496158 22.649344106663932
4031 9959.219701095235 1291.7964791972443 214.77279113472295 52.814918462088045 9954 9965 1289 1295 42.0 2.795366094035025 1.3591030267986308 -24.726239537360602 0.8738483508906068 0.6595659903692799 1.0049795215891622 0.0 35.33734014217414 1.9544166 574.5234508109743 9.870516839563743 3.8581508593384926 0.06566492219302013 3.656366395715726 1195.5658126307203 15.892480834770806 23.706066280414504
4032 9970.905227885294 1291.3552870241174 214.772691655897 52.814841772227915 9967 9976 1287 1296 59.0 2.5178945467732166 1.975329386314614 41.32462669863334 0.6201081597087711 0.8078182226469311 1.051682581016282 0.0 57.75177191552333 2.4274325 649.4797810541611 10.399640443250007 3.676164157916548 0.033438621635184594 4.3336224206596095 1166.7691692384105 16.882062200755552 23.732537638039574
4033 9957.21809493884 1299.0924674153453 214.77273220028846 52.81497048232151 9940 9969 1289 1308 265.0 6.120907012547202 4.078667636290624 -13.737353908007604 0.7456389244597478 0.47831515405982455 1.2034153826045682 0.0 249.25456187698964 5.070132 2197.8609007117807 22.85727714475429 3.5177735323337975 0.08317894470081795 9.18434101276213 3841.8093335665403 37.046615021880655 22.438660481712027
4034 9936.085488730201 1311.663448707145 214.77278822439598 52.81517257319796 9918 9953 1301 1325 355.0 9.122250227971303 3.6775007705840252 -30.11160338855245 0.9151404031335533 0.5317049654638614 1.1738539280905957 0.0 322.7779880248872 5.801104 3462.2625687298564 27.536265606773657 3.587385316431356 0.08702380279557652 10.630146264057032 5763.161524892349 44.07396169203023 21.998348020547567
4035 9952.60647628593 1315.1719883272178 214.77260409986278 52.81508640270389 9937 9967 1304 1325 322.0 8.057699444084077 3.050621223781307 -27.146750092499346 0.9255615998901412 0.5102895228924305 1.1834587185987484 0.0 285.03492284462106 5.5140796 2444.416014003903 22.692927475239355 3.661179120775262 0.10440135341892517 10.124020118074668 4551.048481703763 37.45769768537257 22.254721344971507
4036 9961.302390962433 1342.151922422379 214.77224272835187 52.81517639509678 9942 9979 1314 1367 1389.0 11.960492401348665 7.5559943265917076 72.43009415087836 0.7751753839707299 0.36063630202200997 1.8395373076441022 0.0 1406.8306776680793 11.62716 3294.9991079601855 34.404022876575844 2.7424563157490067 0.216140160082492 21.0269453775218 4606.720618925064 54.87696115274683 22.24152031337652
4037 201.57516148512593 1121.2581329739473 214.86165384726854 52.87602046013576 201 202 1120 1123 7.0 1.0368007638613979 0.4740492112877699 81.26067245540703 0.8893520558269108 0.2523976504526191 0.2871233627644119 0.0 1.9271568404510275 0.7791581 17.049960985171364 3.2403137336483856 3.6074067654250856 0.024356785869419532 1.4927053303604616 25.924148945980768 5.189506166209211 27.8657387299829
4038 204.48881848178854 1126.9911434681615 214.8615674662056 52.876032869176925 203 207 1124 1130 23.0 1.809441503185482 0.9419449918289933 60.577827455544735 0.8538176369197568 0.2105520223760416 0.49273912371264694 0.0 8.319920909965719 1.3802704 27.938284473408252 4.876928536202838 2.9551668732047838 0.13636748332003149 2.7057581899030048 38.66797190113038 7.893564356531433 27.43162151416992
4039 9754.027415644105 1147.2329640566275 214.77614060934425 52.81544481338076 9744 9766 1138 1158 361.0 3.7739527033157727 3.1638960541601504 16.449230726124185 0.5451312054348785 0.1864096917681896 16.003180921482745 0.0 725.8992524280852 6.4764576 773.9881403687308 7.912228374527974 1.585175288791816 0.5977885171721361 10.71960208740737 837.6373417116831 12.148746935792463 24.092359925332822
4040 9769.472764442558 1146.1001487019664 214.77601489736173 52.81534049192371 9765 9774 1142 1151 63.0 2.1958770506953473 1.9750014572442713 -0.7039255572461433 0.43709880042768917 0.35522695067745397 1.157028481346427 0.0 42.20551017654755 2.5428126 112.1630425854913 7.780995054245382 2.7890613060373166 0.17560078309660976 4.478115991081385 178.69405960667174 12.498873227298327 25.769724711669916
4041 9774.574084205056 1158.3336850296696 214.77584072116176 52.815373936023015 9762 9784 1148 1167 296.0 4.35888480794646 3.196979940748612 32.419272257092445 0.6797543274584283 0.16178208150033235 4.194343354187707 0.0 280.0413570775017 5.4557414 366.075919423177 10.27711921168472 2.0238209716270474 0.42424284080627883 9.706684619910241 443.8179669232428 16.211300815654155 24.78198780090177
4042 252.6875939340593 1151.3926721019866 214.86087992474583 52.87585826998146 249 257 1147 1159 92.0 2.7843751317022494 1.8609049091173029 81.49732606340714 0.7438573388452331 0.19489716213293673 1.9491342308494095 0.0 58.78319047383678 2.8691158 129.46112214141203 7.884912126495014 2.655794227616482 0.3685000924779275 5.4115163798060095 209.2962934125564 12.577202986453292 25.598096157112284
4043 255.0059019609652 1164.1983322390845 214.86072441708987 52.87591260395255 252 258 1159 1168 49.0 1.875274148262452 1.420581655015694 63.522755158127225 0.6527971155886129 0.15381867283556136 1.5711057588661606 0.0 30.715015348516335 2.2979019 86.75222223604047 6.272901568569552 2.90722900368593 0.35009245351456086 3.949327084834294 147.96917717717758 9.83503762694744 25.974571852998764
4044 7106.90928696312 1197.5371367185867 214.79920853675995 52.832547127876055 7060 7157 1152 1241 5431.0 18.475058277870627 9.62590737083781 -38.60240743129048 0.8535433944009285 0.002761300327924028 27.449675156272523 0.0 10951.778302495266 22.694279 11227.567348765235 25.879271869826155 1.4592626091467233 0.6089314759220872 41.578131173300314 11877.644700139252 39.49359311713512 21.21317417514303
4045 7063.998787439613 1196.1295621937486 214.79960601682805 52.83281234730517 7045 7078 1181 1215 697.0 6.579723060344604 6.030597270128503 -3.1192500703456596 0.39993679818114364 0.08923187405374201 2.435592943267902 0.0 451.38071239621775 7.4606233 654.6645610050755 15.950010106513416 2.0438037152780972 0.36285165050478485 14.895032415879534 780.0922523344447 25.51637265756957 24.16963508843178
4046 7610.2575024399275 1166.526343899263 214.79504645039125 52.82917994297681 7605 7615 1162 1170 73.0 2.339755188847816 1.9064523528507966 34.131454941239525 0.5797302408585439 0.24583807976455252 1.4065620459375199 0.0 47.58466472167 2.4332578 102.34495847399724 6.832496824864757 2.615177565905109 0.26499351860314735 4.820437914901168 133.40258112907003 10.722388748752806 26.087089418566148
4047 7603.269644719013 1184.036099369819 214.7949245050912 52.8293187001314 7587 7619 1166 1207 823.0 9.362973842574624 4.698438497393282 -57.38711170412757 0.8649775901873794 0.08204566586198729 3.194252274433139 0.0 622.8953043279809 8.062225 850.2465189012818 15.561488491437833 1.9295645632837073 0.38950859332318016 16.18545755699417 899.5347369697545 24.67840710894647 24.014955152549845
4048 6592.767968979444 1171.536280784678 214.80406748601897 52.83567560009698 6583 6603 1165 1178 167.0 4.018528134451602 3.1050084054926215 14.247496202825896 0.6348041839075318 0.14922387634369325 0.6307033538060546 0.0 54.42376340561832 3.5815983 194.57482374193313 12.569726312546592 2.9484851943386357 0.20438640788790938 7.2909362219603215 300.59599775937426 20.37788344027613 25.205042015149473
4049 6600.736683389238 1197.4229904862052 214.803723998673 52.83576442063015 6570 6628 1169 1223 2357.0 10.5311826791816 9.214827853796677 -13.070918386267019 0.48411553678464186 0.06878333805118589 10.502314670515085 0.0 2444.0478545605483 14.289218 2650.6963488378738 18.998794338580336 1.5144473394276898 0.49895940096480634 27.39080870903951 2791.254240558369 29.846846637571666 22.785501510316536
4050 6222.570143034223 1202.79323937898 214.80704057010252 52.83819737611694 6210 6235 1188 1220 468.0 7.461243616698156 3.5573653750025227 -54.37472133151209 0.8790231191383111 0.02080653960794877 1.3376269421660343 0.0 199.06809690966517 6.3732677 221.17984092015035 9.198708996685525 1.4 0.3441620291023683 12.205286835384658 214.60244834887496 14.499698731951256 25.57091331894543
4051 6226.910247351789 1215.9402055940645 214.80686350367685 52.83824062645881 6216 6235 1206 1225 247.0 4.206790393016998 3.275917858399173 -53.40733540098221 0.6273698463843109 0.031043050798268332 1.2589983668800078 0.0 119.14938290949539 4.55736 131.1735262905978 6.5245609752040865 1.4 0.3286244851762227 8.866935315394846 117.06024701651116 10.398988709425291 26.22897640946894
4052 8947.649178138454 1210.5859682991334 214.782660376287 52.82091377232943 8942 8953 1206 1215 77.0 2.6711726561241393 2.1169858481509958 -41.87595084849701 0.6098322543445035 0.08072682598047458 0.29502912965263667 0.0 15.535502426245694 2.650463 147.9658118839356 11.67834538383682 3.7075656883527444 0.14587875250224433 4.950743503369154 306.30198865341333 18.571672738902464 25.184625458861788
4053 8978.007189195192 1254.381670977535 214.78192896261308 52.820956622508845 8930 9017 1204 1297 5077.0 15.689243545582777 9.843496672109001 59.97661365233507 0.7786937906945252 -0.05667885433665024 11.323265292341711 0.0 4449.449949618816 22.181967 4668.808669836495 26.67398156186245 1.5694175447072372 0.6433332641129098 40.200239951461796 5081.182337026299 41.831737658295374 22.135088050638288
4054 6027.082202664542 1219.435117448202 214.808609252891 52.83952973790372 6017 6034 1212 1224 149.0 4.169904514838266 2.813519338087514 -9.168084128987662 0.7380734924405236 0.012941046997274254 1.363488779516109 0.0 86.37584274824295 3.4712048 278.6085005259457 11.346520308299509 2.641486174142551 0.24823829878703235 6.886811529393324 598.9387403437491 18.223642687972134 24.456543987813017
4055 6030.95072061386 1246.6949894556665 214.80828786957565 52.83965203495835 6006 6073 1216 1274 2040.0 4.4574646725818035 3.9160568378412846 -6.185097531411503 0.4776705081694238 -0.15535276405793963 1888.544145212372 0.0 42788.9741060946 80.68565 41138.715642200674 79.9220818860846 1.4 0.9021787316908795 25.482389366284572 42728.197497564535 80.51310306890822 19.823213569113854
