outputs/dr0.5_c0.1/nircam2_matched_f200w_f277w_dr0.5_c0.1.ecsv
# %ECSV 1.0
# ---
# datatype:
# - {name: label, datatype: int64}
# - {name: xcentroid, datatype: float64}
# - {name: ycentroid, datatype: float64}
# - {name: sky_centroid.ra, unit: deg, datatype: float64}
# - {name: sky_centroid.dec, unit: deg, datatype: float64}
# - {name: bbox_xmin, datatype: int64}
# - {name: bbox_xmax, datatype: int64}
# - {name: bbox_ymin, datatype: int64}
# - {name: bbox_ymax, datatype: int64}
# - {name: area, unit: pix2, datatype: float64}
# - {name: semimajor_sigma, unit: pix, datatype: float64}
# - {name: semiminor_sigma, unit: pix, datatype: float64}
# - {name: orientation, unit: deg, datatype: float64}
# - {name: eccentricity, datatype: float64}
# - {name: min_value, datatype: float64}
# - {name: max_value, datatype: float64}
# - {name: local_background, datatype: float64}
# - {name: segment_flux, datatype: float64}
# - {name: segment_fluxerr, datatype: float32}
# - {name: kron_flux, datatype: float64}
# - {name: kron_fluxerr, datatype: float64}
# - {name: kron_radius, unit: pix, datatype: float64}
# - {name: gini, datatype: float64}
# - {name: equivalent_radius, unit: pix, datatype: float64}
# - {name: kron4_2_flux, datatype: float64}
# - {name: kron4_2_fluxerr, datatype: float64}
# - {name: kron4_2_mag, datatype: float64}
# meta:
#   PHOTMJSR: 1.891700029373169
#   PIXAR_SR: 2.11539874851881e-14
#   __serialized_columns__:
#     area:
#       __class__: astropy.units.quantity.Quantity
#       unit: !astropy.units.Unit {unit: pix2}
#       value: !astropy.table.SerializedColumn {name: area}
#     eccentricity:
#       __class__: astropy.units.quantity.Quantity
#       unit: !astropy.units.Unit {unit: ''}
#       value: !astropy.table.SerializedColumn {name: eccentricity}
#     equivalent_radius:
#       __class__: astropy.units.quantity.Quantity
#       unit: !astropy.units.Unit {unit: pix}
#       value: !astropy.table.SerializedColumn {name: equivalent_radius}
#     kron_radius:
#       __class__: astropy.units.quantity.Quantity
#       unit: !astropy.units.Unit {unit: pix}
#       value: !astropy.table.SerializedColumn {name: kron_radius}
#     orientation:
#       __class__: astropy.units.quantity.Quantity
#       unit: &id001 !astropy.units.Unit {unit: deg}
#       value: !astropy.table.SerializedColumn {name: orientation}
#     semimajor_sigma:
#       __class__: astropy.units.quantity.Quantity
#       unit: !astropy.units.Unit {unit: pix}
#       value: !astropy.table.SerializedColumn {name: semimajor_sigma}
#     semiminor_sigma:
#       __class__: astropy.units.quantity.Quantity
#       unit: !astropy.units.Unit {unit: pix}
#       value: !astropy.table.SerializedColumn {name: semiminor_sigma}
#     sky_centroid:
#       __class__: astropy.coordinates.sky_coordinate.SkyCoord
#       dec: !astropy.table.SerializedColumn
#         __class__: astropy.coordinates.angles.Latitude
#         unit: *id001
#         value: !astropy.table.SerializedColumn {name: sky_centroid.dec}
#       frame: icrs
#       ra: !astropy.table.SerializedColumn
#         __class__: astropy.coordinates.angles.Longitude
#         unit: *id001
#         value: !astropy.table.SerializedColumn {name: sky_centroid.ra}
#         wrap_angle: !astropy.coordinates.Angle
#           unit: *id001
#           value: 360.0
#       representation_type: spherical
#   astropy version: '5.1'
#   kernelfile: kernel_f200w_f277w.fits
#   make_catalog parameters:
#     ab_zpt: 31.4
#     coadd_bands: !!python/tuple [f277w, f356w]
#     deblend_contrast: 0.001
#     deblend_nlevels: 32
#     deblend_npixels: 1
#     detect_kernel_fwhm: 4.0
#     detect_kernel_npix: 7
#     detect_npixels: 4
#     detect_threshold_nsigma: 3.0
#     flag_isolated_buffer: 4
#     hst_bands: !!python/tuple [f606w, f814w, f125w, f140w, f160w]
#     jwst_bands: !!python/tuple [f115w, f150w, f200w, f277w, f356w, f410m, f444w]
#     near_border_kernelsize: 21
#     reference_band: f200w
#   make_catalog version: 1.4.0
#   photutils version: 1.5.0
# schema: astropy-2.0
label xcentroid ycentroid sky_centroid.ra sky_centroid.dec bbox_xmin bbox_xmax bbox_ymin bbox_ymax area semimajor_sigma semiminor_sigma orientation eccentricity min_value max_value local_background segment_flux segment_fluxerr kron_flux kron_fluxerr kron_radius gini equivalent_radius kron4_2_flux kron4_2_fluxerr kron4_2_mag
[from data line 2987]
2988 1185.274260643545 5233.419906286686 214.91813538140596 52.94667988929059 1182 1189 5231 5236 30.0 2.2438269981017833 0.9880467712696176 -32.97355624769171 0.8978311021353963 0.21850728920174486 0.40138255032044967 0.0 9.028810823807014 1.3053694 114.19096789981391 5.813446799543418 3.727427831094893 0.09089032813725358 3.0901936161855166 236.90437724183417 9.428263772039422 25.463567287044796
2989 3751.074640103042 5231.228214774299 214.89518091785934 52.93037674681715 3750 3752 5231 5232 4.0 0.704189571834323 0.41859926449282725 -3.0494218637274892 0.8041391109397481 0.2208949034357476 0.2983185468378887 0.0 1.0372928257996046 0.50463957 9.72592889243081 2.1586561858580864 3.6442729602302673 0.08898136977395675 1.1283791670955126 18.13527967831581 3.402745301086932 28.253689356093524
2990 6383.84065068357 5233.247014586841 214.87160034004057 52.91366650555809 6382 6385 5231 5235 17.0 1.3236754617124982 0.9702205579005405 -81.4395768736711 0.6802559539305979 0.16378778893151827 0.35170512985970254 0.0 4.633821186823165 0.96599275 31.74671810117819 4.067578665809064 3.3490767361705926 0.10931060915490359 2.326213245840639 59.461057744198 6.507242361601344 26.964418423650834
2991 8297.548146261319 5238.890982559811 214.85442747642438 52.901539730912454 8292 8304 5231 5247 171.0 3.7889750294388502 2.8843652768890635 -86.03581792263026 0.648456018978292 0.27101678861070244 1.119140737636535 0.0 104.81447576878008 3.6550384 193.90740188170466 10.197879083230962 2.3453661195199667 0.21572638938830208 7.377736139048903 192.43786474562899 17.072687934370812 25.68927367648167
2992 398.80522789332184 5238.221691325311 214.92513132463174 52.951698533454085 392 404 5232 5244 130.0 2.6536128602609166 2.4263013173102284 -83.43138907355461 0.4049499682825539 0.07516780371349639 1.6289823927946057 0.0 66.90506931254075 2.7601283 96.00288424936804 5.6926195338750105 2.148959981288003 0.3910425460740628 6.432750982580687 105.90147611364947 9.022560189367171 26.337744966030982
2993 2870.3711622957294 5234.49141977113 214.9030315716096 52.93598680496924 2866 2874 5232 5238 47.0 2.0954239498179663 1.4312335077589284 -0.5742032386834333 0.7303920658627263 0.12854453017135103 0.5661498992213843 0.0 15.850828609751659 1.6173674 31.949279658500014 4.652955068384817 2.5683469600485025 0.20853582248836114 3.8678889139475245 33.39981072411001 7.436508901448267 27.590639985793505
2994 7386.125513400266 5233.262573218873 214.86263600212575 52.90729968214586 7385 7387 5233 5234 4.0 0.6744854850297107 0.4352837294945198 -7.188414138868768 0.7638813550812141 0.12456250761767323 0.21625522894584404 0.0 0.730541289885061 0.44704267 6.091436814537399 1.8680705592052231 3.523725213143358 0.12828869277737937 1.1283791670955126 10.688025661439479 3.016617062162218 28.82775628036739
2995 7208.54840033439 5235.529873091788 214.8642001311558 52.90843999951099 7208 7209 5235 5236 4.0 0.5006909216953287 0.4960580681229145 -54.15156084136709 0.13572113161168184 0.33596942072354813 0.4611257335281531 0.0 1.5989630059104705 0.44974166 17.3861836051873 1.9946692529755488 3.982369361214254 0.08444917371208101 1.1283791670955126 29.349009753608442 3.2654394143638465 27.731016368562095
2996 8938.441437317451 5237.454682323481 214.84871353269094 52.89746002920839 8937 8940 5235 5240 21.0 1.5199333546686322 0.9945002227031609 -83.42652979089031 0.7562306326431558 0.23222556303584732 0.44769712502944 0.0 7.383976679559935 1.115138 42.54583982596568 4.181662094986506 3.331243721780258 0.1034403952180036 2.5854414729132054 77.7721110297532 6.681078211742564 26.67294028121801
2997 10038.22646314542 5237.591458960596 214.83888340148974 52.89047256815053 10036 10041 5235 5240 32.0 1.6068060602621541 1.4356485026603134 -54.64037527776803 0.4491036965449348 0.10571282539740288 0.31267744676004083 0.0 6.413922963548188 1.3002055 44.229048378827 5.403421186107609 3.4538209757061824 0.17179037711059858 3.1915382432114616 78.1103003806366 8.587716270317285 26.668229230175307
2998 3304.25290627875 5244.16394888523 214.89904482694132 52.93328392741179 3302 3306 5242 5247 20.0 1.6403175372846084 0.9099672330112992 -56.64596389168601 0.8320166509956276 0.130500363044537 0.267226823645531 0.0 3.9286661474146114 1.0803467 13.714924039791411 3.792578882209001 2.8757033318854917 0.10340653332421919 2.5231325220201604 19.53289803252831 6.119439049532101 28.173083292681074
2999 3375.823683123401 5249.146810995892 214.89835155695658 52.93285634188282 3373 3379 5246 5252 39.0 1.6962164740982024 1.4873427273163795 -58.088049907301254 0.4807475912603549 0.1721024274292418 0.5705280136631748 0.0 13.468951376625483 1.56593 28.312267470260895 4.384396795377526 2.5333755277335284 0.1924474925028789 3.523362819972964 28.149413584486716 7.111356349796747 27.776326620119885
3000 3826.344068711791 5248.652495781904 214.894323553704 52.9299927853606 3824 3829 5246 5251 30.0 1.511968640329446 1.2813251921496966 -64.63341415925213 0.5308674393289088 0.24286839505373697 0.9201847617161156 0.0 16.372934625569524 1.3262469 24.927827607480168 2.6849554745995117 1.7751506173937832 0.2021164678740335 3.0901936161855166 23.96007412249668 4.204700726386193 27.951279606885706
3001 7530.765620655888 5250.597979248952 214.86115999656445 52.906474307186535 7530 7532 5250 5251 5.0 0.761662712905586 0.45003384649346284 18.462658659091936 0.8067762074778331 0.2451810524885793 0.28171203417016855 0.0 1.351549279751028 0.50551665 12.220037884054449 2.2743109522062777 3.7810276570382935 0.03391196844430837 1.2615662610100802 18.506624778923587 3.5595568316333006 28.23168195062582
3002 6624.1903848061975 5260.101520280074 214.86916759686025 52.912284619746515 6617 6631 5252 5268 211.0 3.375611981180676 2.8402143164076383 -79.90585445667789 0.5404246517786876 0.18776891007946594 3.4640677990546194 0.0 208.62442509316165 3.4985368 245.03382462696283 5.695311068921863 1.795430664424622 0.43337904860484217 8.19532708223289 273.37336616262826 9.077189915595332 25.308109498853987
3003 8939.089759800354 5258.449715744461 214.84848660262008 52.89756911499111 8930 8948 5252 5265 216.0 4.014486674350379 2.86397160607755 -9.281270356187106 0.7007477122671418 0.13646276156109272 2.5792390571835786 0.0 158.33436190563845 3.567816 247.54506096841172 7.941269279723379 2.285389926043376 0.36044965250147243 8.291859587312052 314.2578649892705 12.55319891453291 25.156784610845683
3004 3861.0130555126725 5259.781429418391 214.89389596469042 52.929832676779824 3854 3867 5254 5265 109.0 3.6367761211440603 1.960768521039836 36.22668523030069 0.8422096397375557 0.1868312377822599 0.774825546731148 0.0 51.890894118033664 2.5422955 101.06493251771674 6.952357036752358 2.389473995909365 0.191657479224402 5.890312181373172 124.30148517479248 10.986482623214556 26.16380920576186
3005 2954.7043249804933 5258.144528080795 214.902027247265 52.93557896295819 2951 2958 5255 5261 42.0 1.8696899076685913 1.4942373998966563 17.703736135778996 0.6010785390276675 0.16440787455995964 0.5905045446878548 0.0 15.458263813559183 1.5910724 36.22713252608746 4.715711198532295 2.620517854945556 0.17768661150667575 3.656366395715726 58.23004101408668 7.540893325899194 26.987132259995896
3006 3236.511195890388 5262.572376108128 214.89945739611164 52.93381342548454 3231 3242 5256 5269 138.0 2.805249233745915 2.392540714032986 -86.27361088997573 0.5221071337390861 0.11386161041410497 2.1546372869844945 0.0 92.88797621674337 3.0745797 145.27675156582617 6.89072519202669 2.3938122771496553 0.39865098679158123 6.627726932618989 219.3682226661012 10.696782832204217 25.54706570854284
3007 7281.7351000482895 5263.089727239978 214.86325533712738 52.90812370949315 7278 7285 5259 5267 57.0 2.012366460436198 1.697747518431723 -75.31810543802757 0.536882179205723 0.12572510352797883 0.9558839325724701 0.0 27.003022961966135 1.7609359 43.939984644327666 4.147953861537187 2.1967206990926162 0.264911823724618 4.259537945889915 50.6138046337454 6.595007563907159 27.139327538997495
3008 1032.5758094408345 5262.569994818339 214.9191962597827 52.94780665267042 1030 1035 5260 5265 31.0 1.5052174553347222 1.3658728018856707 -15.38850291410333 0.4202128526544658 0.23599374539357762 0.6149010933409353 0.0 12.264853150605017 1.3656723 22.042663193763218 3.08292177379844 2.027997210359829 0.1702734321301573 3.141274657157109 17.83036466139681 4.826251761958423 28.272099436675617
3009 2936.4156240691204 5267.487632219088 214.9020925723919 52.93574551376651 2930 2943 5261 5274 135.0 3.1564193852244418 2.096583402046561 -36.496346899648934 0.7475296856449936 0.10587236083706396 1.8258642659050555 0.0 74.77876412167296 2.891616 109.452669289136 6.256495013379053 2.2570996148330944 0.3912214033309156 6.555290583552474 136.34973479721222 9.96234547056683 26.063364256081076
3010 4080.3745605572653 5262.827962274979 214.89190028510018 52.92845607183124 4080 4081 5262 5264 5.0 0.7546351803937412 0.44833263481441565 -72.51516517063519 0.8043874004471632 0.3383207600880101 0.45697133494290815 0.0 1.9897464158206504 0.5359005 16.942729713262434 2.207189272618309 3.7210995582076176 0.06345255355030913 1.2615662610100802 22.455653514193866 3.5152164450695085 28.021685753476188
3011 8486.788770276176 5266.105865885952 214.85244905237195 52.900484159148846 8482 8491 5262 5270 60.0 2.6239320944949935 1.5491580030600551 -34.51312690694046 0.8071140053320646 0.1537253066535421 0.6366737820936537 0.0 23.780536243584642 1.7348524 56.73218742101396 5.164267030859746 2.6112578976233256 0.1828690466186577 4.370193722368317 61.65967817203915 8.197786906986122 26.924996865925827
3012 6086.775078944462 5269.995880095342 214.87387061099648 52.915751684892726 6080 6094 5263 5276 171.0 3.355255315954174 2.661386712290653 36.31100314476999 0.6089619143289402 0.07442609754935293 1.474483283326507 0.0 90.74653948338397 3.2357237 130.9866509396465 6.615380103548925 2.0888574409838476 0.3549059972961129 7.377736139048903 152.52608874939216 10.541455991879136 25.9416396656969
3013 6319.906462103064 5276.19813216832 214.87171979808647 52.914304298318584 6308 6334 5263 5287 450.0 5.879443366402769 3.1007858096328493 -42.72221952778494 0.8496205579410993 0.008175453631133107 3.936103252845279 0.0 335.23966130531505 5.304764 386.4506061659427 8.112041973930346 1.7502067775160994 0.51228150724975 11.968268412042981 430.48323573839883 12.772170311585834 24.81510939140891
3014 5950.5734098420835 5265.816331414836 214.8751330977938 52.916594269907705 5949 5953 5264 5268 17.0 1.2001193635364689 1.0517026821812152 35.524021358030595 0.48170809933858616 0.473365431828704 0.849848813545803 0.0 11.740579590659777 1.7246898 51.33122215802936 4003800.0310305273 3.187235458172352 0.0897769015496607 2.326213245840639 66.93244301624503 12728968.783879032 26.8359083076873
3015 3205.353583134108 5268.732399978166 214.8996714631281 52.93404451709147 3201 3210 5265 5273 75.0 2.035676764248599 1.8646152500079296 11.219477485833686 0.40125078811758547 0.08123398787773642 1.4504238045156728 0.0 39.06192266807254 2.140116 54.32903322486922 4.490679325824957 2.0936367908729676 0.3717196907817231 4.886025119029199 66.95526777854911 7.26289038490619 26.835538121792098
3016 713.7256596254713 5272.949168136844 214.92194363550266 52.94988685715874 707 720 5266 5280 168.0 3.1025746286145535 2.821725529122752 70.79634596630548 0.4157505268260457 0.10818316831819723 1.3151519919147614 0.0 76.35933468189737 3.05942 112.76209656305407 6.373183806221155 2.0829517554240895 0.35178313653931503 7.312732791431452 126.13125937608797 10.12269690231635 26.147943169924403
3017 6651.742431796234 5273.715980085018 214.8687777494551 52.91218303573404 6644 6658 5266 5280 174.0 3.0475363291364133 2.5424392382305814 -51.45344772630443 0.5513704627532632 0.05576600712058147 1.7733438889723125 0.0 84.18099226131363 3.0816994 97.93317793093453 5.102140518832545 1.79959212091505 0.45181370434946727 7.442171739215616 108.18987400352366 8.17207323247161 26.314533462449454
3018 9075.06094161764 5275.828138780268 214.84708822681023 52.89679887771215 9067 9085 5267 5284 273.0 3.963842521555191 3.444414392239963 19.225004813805562 0.4948850766242064 0.12708222950711623 2.5436993410654525 0.0 220.57944475545253 3.9298522 278.1428810307182 7.123134059916943 1.88585103135052 0.38906517801766316 9.321941800299703 296.23566394533805 11.242595011002805 25.220906644396216
3019 4364.4457692940005 5270.516281761156 214.8892766534532 52.92669352682375 4362 4367 5268 5273 27.0 1.353739049165196 1.291712965339151 -39.75815051149448 0.299227957777101 0.13763162857409703 0.47285163374148975 0.0 7.672353562124135 1.233067 12.661739548151894 2.727094004943115 1.971580766233323 0.20270762619584876 2.9316150714175193 10.080329196274457 4.326056844448113 28.891313211940776
3020 7880.4622412191575 5271.356578256583 214.85781450058707 52.90436464593679 7876 7885 5268 5275 60.0 2.2846716635656215 1.659642125984566 33.79282558270468 0.6872459743095376 0.1993867152609853 0.8436769968907364 0.0 28.106889538361564 1.8917426 52.050448502418476 4.870843553736057 2.3978099589092685 0.2171872105892071 4.370193722368317 53.556549589928714 7.653947672370564 27.07796852604719
3021 1702.7778302846996 5276.696748397022 214.91304362478084 52.94362800176426 1696 1709 5269 5285 159.0 4.203202081494319 2.296998531974951 -57.32380005379233 0.837467084334962 0.1375380190295147 0.8704176785811479 0.0 70.9127911030898 3.1933484 118.929827405646 7.6669864949437985 2.314899560383259 0.24852272355269023 7.1141599576634995 178.05338830987148 12.260411129148372 25.773624393498906
3022 9689.118366226867 5274.563744172277 214.8416136014369 52.89289027350433 9685 9694 5269 5279 80.0 2.4135012106152143 2.161490134788402 76.11594367770776 0.44489490440451285 0.2973162987295471 1.104777960689787 0.0 49.44665584925588 2.1508975 133.53189536816052 6.553173336027392 2.8008901871532315 0.20211692331493725 5.046265044040321 185.27987382333023 10.481268551510565 25.73042938427405
3023 1785.409471779884 5271.9378586641615 214.91235361598402 52.94307769070005 1784 1787 5270 5274 14.0 1.297794241357726 0.8073431189995824 51.76359831616491 0.7829467812372521 0.1698849578630452 0.3505515271378815 0.0 3.9519509592685536 0.93690586 24.944930519560153 3.5812423739890993 3.358082820302884 0.09658189259857769 2.111004122822376 41.59753339016599 5.675037678114202 27.352331052447553
3024 2973.8811113671836 5274.205032087045 214.9016863353248 52.9355438683669 2971 2977 5270 5278 50.0 2.1307139340689143 1.5372141553805239 -87.86929634393061 0.6924613546024594 0.1587279858063468 0.6407926354734511 0.0 18.802405656225936 1.8418075 53.76185778337333 5.680417830259565 2.937713521986041 0.19604244170060198 3.989422804014327 66.28130485054176 9.15187330889144 26.846522376016033
3025 5967.202270672879 5288.9755529651975 214.87474037214457 52.91661357486212 5947 5989 5270 5308 1082.0 5.074797884730436 4.283930725736047 -86.51586812759768 0.5360946182550425 0.06299356053521535 61.983072254078785 0.0 3062.082595146654 16.013102 3003.02957825567 14.684738753986819 1.4 0.7529617438684502 18.558321498747173 3223.281680287656 20.961996733756838 22.629254350360355
3026 1137.2473157911504 5271.571673813443 214.9181636720489 52.94719073840179 1136 1138 5271 5272 5.0 0.7506706785770406 0.4619406668319078 -17.447058330325806 0.7882379228965568 0.14207468063934298 0.18258303179007135 0.0 0.8215208812993514 0.542224 22.58316416211163 2.713329870772398 4.169614624774375 0.06412325970374727 1.2615662610100802 50.067701506398265 4.4228028695999155 27.15110586402323
3027 7324.486876291843 5275.524482830327 214.86274204244728 52.90791918406806 7324 7325 5275 5276 4.0 0.5022483128216328 0.4969657851112386 42.67899727576439 0.14465441119395125 0.3631969222499526 0.4228706865312496 0.0 1.586792262392776 0.5135581 10.988312925268797 1.9500177687451479 3.7439886346344746 0.041392912540188585 1.1283791670955126 15.213038179167427 3.1167956522200817 28.44446011202656
