outputs/dr0.5_c0.1/nircam2_matched_f277w_f410m_dr0.5_c0.1.ecsv
# %ECSV 1.0
# ---
# datatype:
# - {name: label, datatype: int64}
# - {name: xcentroid, datatype: float64}
# - {name: ycentroid, datatype: float64}
# - {name: sky_centroid.ra, unit: deg, datatype: float64}
# - {name: sky_centroid.dec, unit: deg, datatype: float64}
# - {name: bbox_xmin, datatype: int64}
# - {name: bbox_xmax, datatype: int64}
# - {name: bbox_ymin, datatype: int64}
# - {name: bbox_ymax, datatype: int64}
# - {name: area, unit: pix2, datatype: float64}
# - {name: semimajor_sigma, unit: pix, datatype: float64}
# - {name: semiminor_sigma, unit: pix, datatype: float64}
# - {name: orientation, unit: deg, datatype: float64}
# - {name: eccentricity, datatype: float64}
# - {name: min_value, datatype: float64}
# - {name: max_value, datatype: float64}
# - {name: local_background, datatype: float64}
# - {name: segment_flux, datatype: float64}
# - {name: segment_fluxerr, datatype: float32}
# - {name: kron_flux, datatype: float64}
# - {name: kron_fluxerr, datatype: float64}
# - {name: kron_radius, unit: pix, datatype: float64}
# - {name: gini, datatype: float64}
# - {name: equivalent_radius, unit: pix, datatype: float64}
# - {name: kron4_2_flux, datatype: float64}
# - {name: kron4_2_fluxerr, datatype: float64}
# - {name: kron4_2_mag, datatype: float64}
# meta:
#   PHOTMJSR: 0.8704000115394592
#   PIXAR_SR: 2.11539874851881e-14
#   __serialized_columns__:
#     area:
#       __class__: astropy.units.quantity.Quantity
#       unit: !astropy.units.Unit {unit: pix2}
#       value: !astropy.table.SerializedColumn {name: area}
#     eccentricity:
#       __class__: astropy.units.quantity.Quantity
#       unit: !astropy.units.Unit {unit: ''}
#       value: !astropy.table.SerializedColumn {name: eccentricity}
#     equivalent_radius:
#       __class__: astropy.units.quantity.Quantity
#       unit: !astropy.units.Unit {unit: pix}
#       value: !astropy.table.SerializedColumn {name: equivalent_radius}
#     kron_radius:
#       __class__: astropy.units.quantity.Quantity
#       unit: !astropy.units.Unit {unit: pix}
#       value: !astropy.table.SerializedColumn {name: kron_radius}
#     orientation:
#       __class__: astropy.units.quantity.Quantity
#       unit: &id001 !astropy.units.Unit {unit: deg}
#       value: !astropy.table.SerializedColumn {name: orientation}
#     semimajor_sigma:
#       __class__: astropy.units.quantity.Quantity
#       unit: !astropy.units.Unit {unit: pix}
#       value: !astropy.table.SerializedColumn {name: semimajor_sigma}
#     semiminor_sigma:
#       __class__: astropy.units.quantity.Quantity
#       unit: !astropy.units.Unit {unit: pix}
#       value: !astropy.table.SerializedColumn {name: semiminor_sigma}
#     sky_centroid:
#       __class__: astropy.coordinates.sky_coordinate.SkyCoord
#       dec: !astropy.table.SerializedColumn
#         __class__: astropy.coordinates.angles.Latitude
#         unit: *id001
#         value: !astropy.table.SerializedColumn {name: sky_centroid.dec}
#       frame: icrs
#       ra: !astropy.table.SerializedColumn
#         __class__: astropy.coordinates.angles.Longitude
#         unit: *id001
#         value: !astropy.table.SerializedColumn {name: sky_centroid.ra}
#         wrap_angle: !astropy.coordinates.Angle
#           unit: *id001
#           value: 360.0
#       representation_type: spherical
#   astropy version: '5.1'
#   kernelfile: kernel_f277w_f410m.fits
#   make_catalog parameters:
#     ab_zpt: 31.4
#     coadd_bands: !!python/tuple [f277w, f356w]
#     deblend_contrast: 0.001
#     deblend_nlevels: 32
#     deblend_npixels: 1
#     detect_kernel_fwhm: 4.0
#     detect_kernel_npix: 7
#     detect_npixels: 4
#     detect_threshold_nsigma: 3.0
#     flag_isolated_buffer: 4
#     hst_bands: !!python/tuple [f606w, f814w, f125w, f140w, f160w]
#     jwst_bands: !!python/tuple [f115w, f150w, f200w, f277w, f356w, f410m, f444w]
#     near_border_kernelsize: 21
#     reference_band: f200w
#   make_catalog version: 1.4.0
#   photutils version: 1.5.0
# schema: astropy-2.0
label xcentroid ycentroid sky_centroid.ra sky_centroid.dec bbox_xmin bbox_xmax bbox_ymin bbox_ymax area semimajor_sigma semiminor_sigma orientation eccentricity min_value max_value local_background segment_flux segment_fluxerr kron_flux kron_fluxerr kron_radius gini equivalent_radius kron4_2_flux kron4_2_fluxerr kron4_2_mag
[from data line 3265]
3266 4276.385416181151 5515.84269462354 214.88748028957062 52.928576438991705 4272 4281 5512 5520 62.0 2.54846866516239 1.6569679470072254 45.08415710701396 0.7597786686880152 0.19137509562724755 0.5140752168205109 0.0 21.217883516563422 1.6315316 57.6324709543007 5.261285711469891 2.8267964865049184 0.14951222177144935 4.442433223290478 77.19537842225995 8.325256219205203 26.681021748700516
3267 6966.876517595795 5513.951141938339 214.8634285862762 52.91147687381299 6965 6969 5512 5516 20.0 1.2731932199787792 1.1608549196420017 -28.13028012364066 0.4107089706707405 0.23873058984992543 0.3571532809212634 0.0 5.983659768117755 0.786185 18.998933222210255 2.67467544236844 2.830022414499169 0.07181790556459476 2.5231325220201604 21.818904600764057 4.34098869915168 28.05291764144815
3268 6506.404428363822 5517.165729520621 214.86751318772534 52.9144193678568 6503 6510 5513 5521 56.0 2.1177626820836637 1.8143797300649975 65.12849473677058 0.5157424921397825 0.15689710774441415 0.44327240844994764 0.0 16.23850618460837 1.326645 30.54989351773176 3.38853126182002 2.1626146562844273 0.16003425757509968 4.222008245644752 28.28281126028717 5.382074709184987 27.771193561608854
3269 1542.8225201412067 5519.830193510749 214.91191469982792 52.94595589685927 1534 1553 5514 5525 168.0 4.268899907105665 2.2443175565187463 14.273569730230555 0.8506473248968812 0.14038892023499236 1.0280699860898155 0.0 72.83460562713734 2.707914 110.76328182319443 5.8523778232323895 2.0954191626950807 0.28848956490485905 7.312732791431452 124.83329077634647 9.344697815021396 26.159173951849315
3270 1710.8934463671735 5515.630238884229 214.91045347424907 52.94486613449394 1710 1712 5514 5517 9.0 0.9445118999713215 0.6989304059067699 -70.10980034485975 0.6726166533678403 0.24919298240535573 0.31960809882432506 0.0 2.5859938393737454 0.68758166 14.637903228238468 2.682295313850338 3.3605158329818043 0.046473634007012446 1.692568750643269 21.078070169811852 4.180949417531004 28.090422885091787
3271 6757.995769150527 5517.983675937535 214.865254268026 52.91282555885132 6754 6764 5514 5522 74.0 2.3832792559520937 1.9713304495414725 -4.399465847679022 0.5619805818370598 0.17173773125901456 0.7586573212676848 0.0 29.075440978863274 1.5617527 52.34831977866442 3.8979890888632243 2.2224460253075558 0.22751495795537288 4.853342309955121 49.82718432337996 6.190139614031184 27.156334134037472
3272 1700.4745471317979 5516.997484255112 214.91053239232517 52.94493966493889 1699 1702 5515 5519 16.0 1.2071334925245785 0.9711170165761976 -88.4802807083688 0.5939771976128637 0.21763875192758597 0.28934350391740593 0.0 4.019564857552931 0.8260915 18.057141215360957 3.16202931426628 3.145280705346504 0.0540167965457105 2.256758334191025 28.982725766685302 5.1370065851727205 27.744651931068052
3273 7669.456674684499 5519.331119846136 214.8570891022947 52.90704246058105 7664 7674 5516 5524 73.0 2.804099846091526 1.9081008879281647 25.983236938099044 0.7327775746617252 0.2425862631267331 0.5091398915258759 0.0 26.003264729705858 1.6262184 55.171454345326225 4.755853961855772 2.349045604007976 0.11756050397249201 4.820437914901168 74.45516613714017 7.583450220695707 26.720262907405
3274 9452.506000525575 5519.235791246623 214.84115102513374 52.89571290085109 9450 9455 5517 5522 29.0 1.5408469111388357 1.3212703277627624 7.642783817213443 0.5144903451009971 0.28515983743205114 0.6161641602566243 0.0 13.19026887964873 1.1846126 28.238172270866457 3.281250622042836 2.435676274556031 0.1214821246282876 3.0382538898732494 31.13292147396565 5.264353670000909 27.666950309401155
3275 2169.6880154624605 5526.3974998709355 214.90623079633227 52.94201123361243 2166 2173 5520 5533 80.0 3.2086693061605613 1.6702502336841403 -80.62942371172876 0.8538354770092649 0.16817344423441133 0.5621406016285618 0.0 26.84345314778698 1.8238573 57.321778079198495 5.302268377676983 2.4890209309694535 0.1701961279569596 5.046265044040321 73.68640829428503 8.395729524245741 26.731531529577406
3276 2862.8466513568706 5523.966708483733 214.90004912701949 52.93759678507345 2858 2869 5521 5527 58.0 3.1410398920910496 1.583490722273029 0.17295153109648254 0.8636280997855851 0.2062065831280014 0.3943285123670944 0.0 18.66722944013947 1.5177755 63.71952305282721 5.91659931201286 2.9234489191924418 0.08759216042553859 4.296739856991561 81.31481471579568 9.558562716476473 26.62457580811858
3277 2942.601535613455 5528.266135974368 214.8992896987064 52.93711354864833 2937 2948 5522 5535 116.0 2.940565384820626 2.0980804160471735 58.23072868878966 0.7006597261496851 0.13248795835500426 1.403078875156087 0.0 61.94056538633027 2.189354 98.29941051795801 5.115450614539664 2.2921268318986527 0.34159953089986816 6.076507779746499 132.60708653945198 8.263880323300945 26.093583166397806
3278 8201.071766858191 5526.544815982388 214.85226001622 52.903703834845246 8199 8204 5523 5530 33.0 1.8976520657118074 1.2766485056277794 -79.75171947509045 0.739868403699293 0.2790090117439997 0.6256192186952833 0.0 14.206231198383454 1.1958945 54.543480632504924 4.277661696873322 3.033210356573595 0.14526757015737235 3.2410224072142872 65.77080579122351 6.730547412296138 26.85491709337002
3279 760.9809217222108 5525.006607558197 214.91886439868568 52.9509475520703 760 762 5524 5526 7.0 0.9209291641080167 0.534908649034227 45.49458288604225 0.8140207286215151 0.21867603284640022 0.2475433864427148 0.0 1.6464008265203474 0.5358123 30.529088500473367 2.402286693358304 3.8994062915638725 0.026002187501477054 1.4927053303604616 73.97107762892819 3.873735292911057 26.72734513585683
3280 6808.771906594615 5534.717002262134 214.86462385696078 52.912593250710216 6798 6819 5526 5543 309.0 4.800913999475992 3.624814573772741 4.713001043975749 0.6556949289477324 0.20454945617535117 1.6538486610199845 0.0 205.67254304767326 3.2089982 269.3727199650488 6.330230681465581 1.8980481987797824 0.29841318946876283 9.91754782346883 289.7614713228884 10.101631199027032 25.244898404514323
3281 7499.29873668155 5528.2847956204505 214.85851629905451 52.908171775338424 7498 7501 5527 5530 7.0 1.4117141061863223 0.34856548309176505 -45.15263528441699 0.9690385689615532 0.26491736135519445 0.29609042588277434 0.0 1.964394926573534 0.49252665 18.196220091944255 2.1458030130280714 3.671450890222011 0.02152156637319563 1.4927053303604616 21.779037128479402 3.456688657807063 28.05490331179862
3282 1177.65934270161 5532.5975684868545 214.91505134087006 52.9483431923636 1174 1182 5529 5535 42.0 2.3814724691847022 1.3129993627961865 -27.69107462089506 0.834281113829683 0.19266362723344038 0.3469019468202523 0.0 11.379701246217005 1.3935581 43.29327124228917 4.923029658687143 2.9806420791993027 0.10130906072662085 3.656366395715726 60.564598072238354 7.666232231910521 26.944452901405548
3283 2337.26027458234 5538.639823427765 214.90460107146976 52.941013305448735 2324 2350 5529 5549 399.0 5.502760218478129 3.4272734856273375 26.612423807547714 0.7823587441085754 0.14837252745161028 3.0309856754625732 0.0 321.00812664847183 4.2117867 400.2154998025519 7.494298072295384 1.8624700243834607 0.417276526354956 11.269678104867614 434.99248107445544 11.778001380039926 24.803795624602458
3284 6681.011739406659 5533.997970085452 214.86577411546853 52.913400973728706 6678 6685 5530 5538 52.0 2.425266250782459 1.5339968276665388 54.95032339146229 0.7745549974650642 0.2067520215672493 0.41225484188324446 0.0 15.936314747052739 1.2543727 59.69726182190776 4.660510905409077 3.093141640889785 0.11045673852820138 4.068428945128219 66.77718834452881 7.46646998239795 26.838429677196434
3285 4232.480885307991 5536.4304996759665 214.8876563550062 52.92896635010948 4227 4238 5531 5541 94.0 2.8892990941223347 1.9483009651910552 33.975840933363315 0.7384427976467517 0.16447201667855857 0.9051323080804871 0.0 40.89101305029535 1.9665763 68.84125570102643 4.935970184217077 2.316836852091865 0.2569095252730398 5.4700209598571305 84.53639751935816 7.9588066299864675 26.582390658442783
3286 6753.893277064608 5534.408644040491 214.86511793325468 52.912940207440656 6750 6758 5531 5538 63.0 2.1755530880388756 1.8320698698121118 -18.68381071180114 0.5392951369826335 0.16883882120508034 0.7289304991650813 0.0 26.364237493096073 1.4346516 43.71477518836446 3.558221599038434 2.253218177479432 0.20894708399068296 4.478115991081385 50.932785847995206 5.699756809940653 27.1325064219038
3287 8589.396490439294 5539.3531489384395 214.84865360809533 52.90130562114259 8582 8594 5535 5543 78.0 3.083077709373416 1.9769611466843602 -27.76495305182111 0.7673489483931041 0.21131147546644388 0.6018679409012634 0.0 31.532771849299046 1.7393194 110.78793118275476 6.411376386176543 2.94461542052508 0.13257273056217683 4.982787485166879 133.708112829507 10.369487318974732 26.084605602073268
3288 1092.3342181944097 5557.232156915017 214.91555617017863 52.949017874915896 1068 1122 5536 5581 1530.0 6.702180609049421 6.3179236552250275 -5.176265614209805 0.33373516660006103 0.1420561061342804 27.960136600625216 0.0 2274.653091331141 8.625785 2375.921311885025 10.028752773170483 1.6089678795556746 0.6657863604296944 22.068396540328884 2705.4989778382123 15.501636034963756 22.8193815645293
3289 3200.005775389391 5537.984238621824 214.89688261262285 52.93553146020637 3199 3201 5537 5539 9.0 0.8049309630548068 0.800526829595091 -65.12790491934747 0.10446505762602493 0.3730117031235863 0.4654308250946069 0.0 3.6859264622499275 0.716682 15.8275185334369 2.5045358540862104 3.093925183134848 0.04420599319437785 1.692568750643269 23.985491716851843 3.8588466528544414 27.95012843452883
3290 7683.171818420531 5541.226210756668 214.85673582450406 52.90707340030638 7679 7688 5537 5545 60.0 2.6255648021181384 1.5921133038663595 -34.24439018145155 0.7951682364750677 0.18824892988047914 0.5068810027223948 0.0 21.591706991092288 1.5540856 50.420795367300634 4.638292885471656 2.6397584508433405 0.13495005901792637 4.370193722368317 61.221085191551765 7.468277065170045 26.932747441153893
3291 2598.297693008376 5541.069849589342 214.9022378294214 52.93936892342093 2596 2601 5538 5544 34.0 1.5746846143664754 1.416016734615691 -87.24742760569002 0.43745909313031145 0.11722801896086443 0.3910512618307467 0.0 8.205157642481204 1.168319 12.12511733735181 2.26841169998844 1.7361373656380898 0.18339477611583824 3.2897623212397704 11.41425128811565 3.6159604034834008 28.75638142640109
3292 9777.392615790624 5551.759710663935 214.83790510815535 52.893823761350795 9765 9789 5538 5566 513.0 5.770073531169811 4.763009419130133 -68.60661223293208 0.5644493332297997 0.16197971838625863 2.6692474519175096 0.0 325.9333120158901 4.7132707 403.8774259724492 8.195855651803235 1.6813881348131492 0.36378168682603307 12.778613837669742 411.51053547907617 13.011274372075503 24.86404760379115
3293 321.03633353646575 5543.463326803039 214.92261192927705 52.95384010626212 317 325 5539 5548 70.0 2.360807236022177 1.9022777052374125 80.19868544855171 0.5922227965972402 0.20028626770422506 0.6531644223110122 0.0 26.279625616808293 1.7155832 71.95906925967456 5.528388963439889 2.888821168578509 0.19831657437993927 4.720348719413148 121.09118980406275 8.745904643443202 26.192218633857237
3294 9376.333007338351 5542.999577751603 214.84158147172423 52.896325048291196 9374 9379 5540 5546 30.0 1.6289129520666006 1.2903800570579926 -78.57275171762947 0.610297238255586 0.28285382764488215 0.5789940454275992 0.0 12.42552413025889 1.241839 26.82511864847351 3.396503567875351 2.4764479854775066 0.12715688222696853 3.0901936161855166 37.42766812796158 5.361709651307499 27.46701807519458
3295 2805.9662440576885 5543.273236828462 214.90035503149403 52.938062158200914 2805 2807 5541 5545 13.0 1.227948088551883 0.7754010435949469 -89.86570086663214 0.7754078268419805 0.25099237407888575 0.34308886812939415 0.0 3.8934397773552187 0.7048461 17.229812809978462 2.710122756564113 3.1472830642387115 0.05654564558893616 2.0342144725641096 17.707182329935332 4.404448910563406 28.279626351953773
3296 1514.5362760972523 5544.966419331419 214.91190322634267 52.94627116122217 1513 1516 5542 5548 22.0 1.5443033364635117 1.047484301898771 82.86745186820866 0.7347950307565028 0.24266578947612438 0.4108378997644382 0.0 7.378987374890521 0.9489427 27.410989252786976 3.3284254584541713 2.94615195037141 0.08135161501306122 2.6462837142006137 34.69781478329443 5.350244818344048 27.549244688919106
3297 8463.725714814946 5545.402744906184 214.84971329311804 52.902136720633635 8460 8467 5542 5550 48.0 2.1587927327413623 1.6022250245344927 -55.71071366542891 0.6701943266799949 0.26793093154289904 0.5162528644250851 0.0 18.23755717678781 1.3466715 62.002809920145054 5.013299441459121 3.0181575839765458 0.10505318260413724 3.9088200952233594 64.65064604374416 8.059461131432833 26.87356782731352
3298 4054.2009166119697 5548.562699508857 214.88912428211762 52.930164027430465 4051 4057 5543 5554 62.0 2.624730445637398 1.647492849498875 79.82426311815367 0.7784708345776246 0.1900042676586113 0.49022351428330124 0.0 20.474714427487225 1.6146126 55.878226847366925 5.168000884695348 2.7786288791076017 0.14663738500492907 4.442433223290478 57.52495385633834 8.247923276830555 27.00035930257162
3299 8106.401444850505 5548.094081734702 214.85287939951718 52.904421522628795 8104 8109 5546 5550 26.0 1.613976269686329 1.14438136300249 29.483825011039798 0.7051635098130822 0.29568711189841046 0.5429681669208986 0.0 10.665401667758221 0.9827823 22.102088858213314 2.6888891808946833 2.3237374079838284 0.10269012722277433 2.876813695875796 23.585140984902544 4.373966504270818 27.968403808320744
3300 1038.7749534808067 5553.895521924522 214.91607115786374 52.94933989644152 1035 1043 5548 5559 85.0 2.867166208274511 2.02282607435629 87.65830303845954 0.7086959221892477 0.20137546585392316 0.5892912207273306 0.0 31.65033456849299 1.8718101 113.1842636237756 6.664146962231633 3.0613512241572933 0.15371779270682503 5.201570947860099 215.62740810718375 10.564982001142429 25.565740093486227
3301 2952.5068816786907 5553.2215683218665 214.8989380746488 52.937185320676484 2946 2959 5548 5558 113.0 3.0567852322266744 2.074309145248846 -17.90809894979347 0.7345156764492943 0.12143784049743035 1.1259214431357603 0.0 54.90644665249605 2.3085332 76.69026475540863 4.862357021697125 2.0190133933535317 0.30130685753868974 5.997417539138688 83.53254104693067 7.6743317981104475 26.595360768056196
3302 2884.670525631697 5555.446642820299 214.89952203754444 52.9376280868512 2881 2889 5550 5561 73.0 3.0007896360169855 1.6710789031898257 -61.92556404567201 0.8305931455321433 0.1797203816188793 0.4619241165144925 0.0 23.43283787467116 1.7074665 42.6215229887313 4.5922723817502735 2.2933261130465215 0.14227967222969637 4.820437914901168 50.4240876087279 7.460877832871803 27.14340487830508
3303 6106.784847535435 5552.382067167529 214.87071684389153 52.917147797720446 6105 6108 5550 5555 18.0 1.5412473187473004 0.874711011786298 72.12771986660944 0.8233496232391656 0.2212100038212164 0.297545099141341 0.0 4.61561922884349 0.73626196 26.807914872560062 2.9549606324299855 3.302334149702058 0.05562167910594466 2.393653682408596 38.4149554502355 4.731601278890704 27.438749165315592
3304 6258.511824016545 5556.704296643621 214.8693140457085 52.9162073153275 6251 6265 5551 5563 139.0 3.317661669356973 2.138674791658745 -37.209795055819576 0.7644920296559333 0.10969187770662518 1.5265704029140352 0.0 75.48964251462306 2.1264 103.98671169108826 4.216222713257604 2.011123977948199 0.3682966880742666 6.651697090182843 110.75673482820343 6.694148935905115 26.289074639967744
