outputs/dr0.5_c0.1/nircam6_f277w_dr0.5_c0.1.ecsv
# %ECSV 1.0
# ---
# datatype:
# - {name: label, datatype: int64}
# - {name: xcentroid, datatype: float64}
# - {name: ycentroid, datatype: float64}
# - {name: sky_centroid.ra, unit: deg, datatype: float64}
# - {name: sky_centroid.dec, unit: deg, datatype: float64}
# - {name: bbox_xmin, datatype: int64}
# - {name: bbox_xmax, datatype: int64}
# - {name: bbox_ymin, datatype: int64}
# - {name: bbox_ymax, datatype: int64}
# - {name: area, unit: pix2, datatype: float64}
# - {name: semimajor_sigma, unit: pix, datatype: float64}
# - {name: semiminor_sigma, unit: pix, datatype: float64}
# - {name: orientation, unit: deg, datatype: float64}
# - {name: eccentricity, datatype: float64}
# - {name: min_value, datatype: float64}
# - {name: max_value, datatype: float64}
# - {name: local_background, datatype: float64}
# - {name: segment_flux, datatype: float64}
# - {name: segment_fluxerr, datatype: float32}
# - {name: kron_flux, datatype: float64}
# - {name: kron_fluxerr, datatype: float64}
# - {name: kron_radius, unit: pix, datatype: float64}
# - {name: gini, datatype: float64}
# - {name: equivalent_radius, unit: pix, datatype: float64}
# - {name: kron4_2_flux, datatype: float64}
# - {name: kron4_2_fluxerr, datatype: float64}
# - {name: radius_kron20, unit: pix, datatype: float64}
# - {name: radius_kron50, unit: pix, datatype: float64}
# - {name: radius_kron80, unit: pix, datatype: float64}
# - {name: near_border, datatype: bool}
# meta:
#   PHOTMJSR: 0.4907999932765961
#   PIXAR_SR: 2.11539874851881e-14
#   __serialized_columns__:
#     area:
#       __class__: astropy.units.quantity.Quantity
#       unit: !astropy.units.Unit {unit: pix2}
#       value: !astropy.table.SerializedColumn {name: area}
#     eccentricity:
#       __class__: astropy.units.quantity.Quantity
#       unit: !astropy.units.Unit {unit: ''}
#       value: !astropy.table.SerializedColumn {name: eccentricity}
#     equivalent_radius:
#       __class__: astropy.units.quantity.Quantity
#       unit: !astropy.units.Unit {unit: pix}
#       value: !astropy.table.SerializedColumn {name: equivalent_radius}
#     kron_radius:
#       __class__: astropy.units.quantity.Quantity
#       unit: &id001 !astropy.units.Unit {unit: pix}
#       value: !astropy.table.SerializedColumn {name: kron_radius}
#     orientation:
#       __class__: astropy.units.quantity.Quantity
#       unit: &id002 !astropy.units.Unit {unit: deg}
#       value: !astropy.table.SerializedColumn {name: orientation}
#     radius_kron20:
#       __class__: astropy.units.quantity.Quantity
#       unit: *id001
#       value: !astropy.table.SerializedColumn {name: radius_kron20}
#     radius_kron50:
#       __class__: astropy.units.quantity.Quantity
#       unit: *id001
#       value: !astropy.table.SerializedColumn {name: radius_kron50}
#     radius_kron80:
#       __class__: astropy.units.quantity.Quantity
#       unit: *id001
#       value: !astropy.table.SerializedColumn {name: radius_kron80}
#     semimajor_sigma:
#       __class__: astropy.units.quantity.Quantity
#       unit: !astropy.units.Unit {unit: pix}
#       value: !astropy.table.SerializedColumn {name: semimajor_sigma}
#     semiminor_sigma:
#       __class__: astropy.units.quantity.Quantity
#       unit: !astropy.units.Unit {unit: pix}
#       value: !astropy.table.SerializedColumn {name: semiminor_sigma}
#     sky_centroid:
#       __class__: astropy.coordinates.sky_coordinate.SkyCoord
#       dec: !astropy.table.SerializedColumn
#         __class__: astropy.coordinates.angles.Latitude
#         unit: *id002
#         value: !astropy.table.SerializedColumn {name: sky_centroid.dec}
#       frame: icrs
#       ra: !astropy.table.SerializedColumn
#         __class__: astropy.coordinates.angles.Longitude
#         unit: *id002
#         value: !astropy.table.SerializedColumn {name: sky_centroid.ra}
#         wrap_angle: !astropy.coordinates.Angle
#           unit: *id002
#           value: 360.0
#       representation_type: spherical
#   astropy version: '5.1'
#   make_catalog parameters:
#     ab_zpt: 31.4
#     coadd_bands: !!python/tuple [f277w, f356w]
#     deblend_contrast: 0.001
#     deblend_nlevels: 32
#     deblend_npixels: 1
#     detect_kernel_fwhm: 4.0
#     detect_kernel_npix: 7
#     detect_npixels: 4
#     detect_threshold_nsigma: 3.0
#     flag_isolated_buffer: 4
#     hst_bands: !!python/tuple [f606w, f814w, f125w, f140w, f160w]
#     jwst_bands: !!python/tuple [f115w, f150w, f200w, f277w, f356w, f410m, f444w]
#     near_border_kernelsize: 21
#     reference_band: f200w
#   make_catalog version: 1.4.0
#   photutils version: 1.5.0
# schema: astropy-2.0
label xcentroid ycentroid sky_centroid.ra sky_centroid.dec bbox_xmin bbox_xmax bbox_ymin bbox_ymax area semimajor_sigma semiminor_sigma orientation eccentricity min_value max_value local_background segment_flux segment_fluxerr kron_flux kron_fluxerr kron_radius gini equivalent_radius kron4_2_flux kron4_2_fluxerr radius_kron20 radius_kron50 radius_kron80 near_border
[from data line 3785]
3786 448.50956622380454 4504.90713737098 214.876068048832 52.874275139479884 445 452 4501 4506 41.0 0.9096117018556995 0.5897486810849053 -88.3849636924998 0.761340607224571 -0.10638366116854371 25.55927224006693 0.0 164.18660615313263 1414213.5 162.7020139409484 2228918.157285211 1.4 0.8503659133051059 3.6125759969217834 164.45135876736123 4278415.242080215 0.6365964308180567 1.0071684215738645 1.395056985423134 False
3787 791.6851661746906 4504.194851489451 214.87300853699472 52.87209149829886 789 794 4501 4507 30.0 1.6124420444304155 1.3200591789124907 64.41551406748198 0.5742631464696009 0.27561334019675177 0.9336537050400799 0.0 17.137404750954804 0.93358487 41.497476786063054 4781350.139374483 2.576289925342463 0.1610831217429616 3.0901936161855166 43.520633376497294 12537250.575168125 1.982553711694232 3.6122327762899418 5.762619443312118 False
3788 1263.691927847192 4513.841727329808 214.86868913310315 52.869145287421986 1249 1280 4501 4518 447.0 6.099470103306015 3.783198272122521 -3.8608951555072193 0.7844039411137043 0.0 12.136882494072639 0.0 745.8561593911038 1414213.5 899.0845202627142 24556812.460013088 1.934817332592844 0.5388920594015463 11.92830747106036 1062.9584192884483 42184164.45897899 3.5711503792966193 6.342765945800772 13.451437644929507 False
3789 2378.570117089471 4504.2485747900855 214.85882976576428 52.86201110849217 2375 2382 4501 4507 50.0 0.7069513385105413 0.5829685611501976 10.82558225976183 0.565682222681574 -0.09772420890951648 45.959415322184455 0.0 118.9734623655892 2.784106 115.34911513924166 2.5620761686500475 1.4 0.919929893275931 3.989422804014327 118.53581191290507 2.7533439463134637 0.4416407864771573 0.7391823763513151 1.029564813366012 False
3790 7643.024052530473 4511.861836693647 214.8117609224773 52.82859761640933 7629 7661 4505 4519 327.0 6.492434165360685 2.4229367733814637 -16.408509850199 0.9277533719304487 0.03453945604312608 2.5976759019794327 0.0 216.39182587434613 2.1541064 273.2449412315924 3.9060820282866717 1.9356649998556128 0.42150731389232565 10.202319970580199 313.3929560461592 6.093107520480576 3.1006353736677137 6.378082305809119 12.526785882539574 False
3791 7859.578400541617 4506.526373992837 214.80988571321097 52.8271923091366 7858 7861 4505 4509 16.0 1.2440561968880486 0.9786702655539176 65.51318590635304 0.6173649355580658 0.3189950898897962 0.5038198010917776 0.0 6.141747965744475 0.44017553 23.226203858567445 1.6842508538287984 3.0116155001375526 0.06713755096754144 2.256758334191025 19.252417584181682 2.6486798158744245 1.9468011480354133 3.4493629132100643 5.304784556867382 False
3792 3961.3086466326777 4518.63131738478 214.84454382479203 52.85203263114402 3955 3967 4506 4529 237.0 5.535803517793584 2.314988191180063 76.38181608494415 0.9083620303409197 0.08967569785225023 2.5716126252664258 0.0 188.9378265695534 2.5682695 245.80439533689537 2072435.5001302299 1.987843428665845 0.3794172447384911 8.685588237163813 270.62447290553564 18982216.218861468 3.39078311623903 6.245602570585464 10.279038761558313 False
3793 3444.7314043679767 4524.300491265022 214.8490967273753 52.85534549468415 3438 3452 4508 4539 315.0 7.053865678424559 2.7390556422503165 -78.97762692319333 0.9215306561669084 0.1250769130395876 2.039635701427299 0.0 217.2469116534483 3.0257633 315.2890822704468 15986883.040190503 1.8605215138065367 0.2862145074593571 10.013371767186818 323.3291387041079 31954859.70265857 3.7706184230172055 7.934425898569426 13.508079639271434 False
3794 6564.924085961737 4515.122892197776 214.82134347402362 52.83546781250753 6562 6568 4510 4520 55.0 2.625015200175762 1.478114816381422 83.50883884733345 0.8263968742987162 0.15343568068741323 0.624114195110428 0.0 23.834133413460354 0.88702536 36.35193006504476 1.7350521957185154 1.77855717702071 0.16133524019685364 4.1841419359420025 35.222328227830566 2.6981443093595545 2.1339795932472065 3.5885552989721337 5.285829804820561 False
3795 2007.6859808745844 4512.272659736171 214.86205844557531 52.864410575281106 2005 2010 4511 4513 16.0 1.566806923517237 0.7367864462961663 -0.2090433516633658 0.882534783666495 0.3295225954675237 0.7943320320662992 0.0 9.418573551312166 0.6886747 34.129445491199704 2.400723890207685 2.9603445624809153 0.14517692961312564 2.256758334191025 44.02914031750225 3.7480475516181113 1.9234865767309905 3.4905332799569853 5.187736388160101 False
3796 6450.134162891922 4518.16662809239 214.82233557749365 52.836213799627835 6442 6458 4511 4526 198.0 3.284283711039933 3.197814952035108 31.120202185224095 0.22795376268056278 0.10174923214158939 1.7848309455717333 0.0 129.99900691503194 1.6064004 189.5540804518443 3.396351939128852 2.19870294177812 0.34868062561221363 7.938851142601841 222.67372451360774 5.414204920851536 2.920448998032834 5.499906630632432 10.296836626303845 False
3797 10053.384122171366 4515.49931217187 214.79023274896304 52.813293668648754 10049 10058 4511 4520 81.0 2.5333573977006494 2.024495135938093 58.07564361329616 0.60115130454167 0.16626380764551157 0.8094876038033643 0.0 37.00893801748725 1.0605478 66.71308402238012 2.8708275224286868 2.416068070539507 0.22816553395963948 5.077706251929807 82.87836641616425 4.523827166724916 2.469119931157975 4.707274652843493 9.40661126616208 False
3798 8622.896977168552 4523.205818306356 214.8029035562323 52.82242979403942 8617 8629 4517 4529 132.0 3.1479126482087585 2.121038205624752 36.860128963449405 0.7389211097408215 0.060035661323486075 1.851740449730508 0.0 85.5376504529703 1.3081684 100.28824485907393 2.1321891530139356 1.6855994188285406 0.38019347550291865 6.4820448144285745 106.24530487783912 3.365857171615479 2.0144214990258322 3.7461587289419773 6.102925166764025 False
3799 9311.04121096896 4520.857280276335 214.79679323131958 52.81804229560082 9308 9314 4517 4524 40.0 1.7872175523063873 1.50192435764804 22.885538938676255 0.5420128599318793 0.11639442183575582 0.7978960547741425 0.0 19.613746694359158 0.7920107 42.7377084590033 2.25023863281664 2.564711338539516 0.20275895270675115 3.5682482323055424 48.6051787080681 3.5729012700683733 2.0509553457333953 3.9245199655990213 6.771741078646812 False
3800 6361.835640319714 4519.126776140308 214.82311327625507 52.836780176980156 6360 6363 4518 4520 10.0 0.9562936770151187 0.7578421063225044 -4.709706093184291 0.6098999483765726 0.22985567363332376 0.5319744623344811 0.0 4.202567154602567 0.33862114 12.784786690345067 1.1374072183922914 2.8102636556275056 0.12034489819379461 1.7841241161527712 15.641231614798972 1.7981413530659316 1.3530759896562 2.3519092432187105 3.4937937730934587 False
3801 9007.37722412055 4536.057114835312 214.79934044022704 52.82005475552475 8988 9025 4518 4554 939.0 7.22945638646353 4.696800001127526 -43.36437409327583 0.7602117264149929 0.10782601844009211 10.688734995712101 0.0 1259.3969856614347 3.8545146 1343.6442742284844 4.8154300782557575 1.5294558899818684 0.5614658832910103 17.288521716057144 1425.4911297218373 7.431481082979645 3.3405564086779496 7.12057878272898 12.58061921344111 False
3802 6181.8734529181565 4525.159784810475 214.8246554894942 52.83795647095824 6175 6190 4519 4532 182.0 3.4147578001301495 2.7535687075779496 -10.671165929283159 0.5914072056126496 0.0430278741336373 1.8501607344238586 0.0 108.77494549777734 1.5204766 172.13855402404567 3.418002655550345 2.3523380461566745 0.37177279862305024 7.611333607551958 214.77597047380436 5.392325002755749 2.8197169906182835 5.698235424194942 12.12877065678604 False
3803 6418.666866448557 4524.757720861499 214.82254698091114 52.83644932217912 6415 6422 4522 4528 39.0 1.6934554885273592 1.4917466850285308 2.8901716408077265 0.4733224919938076 0.14376467208614316 0.6913331611324144 0.0 14.728468038421632 0.64861506 27.657577124891006 1.7178005947285169 2.3296422564816908 0.21434695765578685 3.523362819972964 25.319324448675598 2.7491785772022954 1.782679066003183 3.37387016908814 5.567775024040461 False
3804 6600.709778474684 4525.519301516347 214.82091482867654 52.83529639587978 6596 6605 4522 4529 66.0 2.692626483938914 1.7365775320522625 -24.370078295221713 0.7642347728356983 0.1458256359270579 0.46593903595632274 0.0 20.769793534016305 0.91080856 72.49131983104968 3.1776798811216618 2.9475875086713144 0.14755821910254582 4.583497844237541 145.05852005357178 5.07281071583376 3.711852043802757 8.686982126485153 14.164051552100188 False
3805 7366.132663323931 4524.511586804529 214.81409747328868 52.830425836920604 7364 7369 4522 4527 27.0 1.3666567644904024 1.2650395308286264 -69.118256973175 0.3783921457251642 0.16134521810252594 0.8223284647416145 0.0 12.450969718947208 0.61858076 24.105776959166214 1.6550221504219726 2.5157233044463134 0.23211722102251722 2.9316150714175193 29.609755797410088 2.622013542719436 1.5137096547313813 2.8547750321966205 5.776172432567016 False
3806 8791.451019897166 4524.934073044896 214.8013825459972 52.8213675600979 8789 8794 4522 4528 38.0 1.6073283832062615 1.4291758036668523 82.18769426907788 0.45759196069054103 0.19421303591882655 0.9514857900014702 0.0 19.282708817324234 0.7033254 27.662163871789524 1.4043044055885963 1.8123299292558352 0.2601779974108538 3.477898169151024 27.67438631556128 2.206820537421776 1.4812689903031144 2.5751120446314024 4.081684756314966 False
3807 9479.164076557176 4541.142119689271 214.79508115499328 52.817082694447 9456 9502 4523 4561 1056.0 3.6922376248190316 3.442764803909593 -10.576997764283853 0.3613424942181749 -0.02992422903981238 213.01500183631023 0.0 5423.745270562973 5.630521 5186.5087469109 4.7757401659640255 1.4 0.8642280927432213 18.333991376950163 5435.232507153352 5.843374248317324 1.3539753717687444 2.385458443495165 4.609054944119231 False
3808 9595.277896165691 4526.3256771539445 214.79420200204262 52.81626464133432 9592 9598 4523 4529 36.0 1.4977678815862034 1.4583121234634582 3.2881062519146833 0.22801781251259154 0.10757591371587959 0.767808223225324 0.0 12.450804416214117 0.7555794 23.61017408768592 1.9569388117172766 2.510799643454027 0.2713253430988474 3.385137501286538 47.25945598921032 3.1221189405432797 1.6323071171197439 3.246688779792385 6.32307003255706 False
3809 7106.56814107991 4541.632982923368 214.8162326159067 52.83216797655853 7095 7120 4529 4553 506.0 4.614468884831645 3.4074346243603917 -38.97041631494357 0.6743366958770135 0.051795429443973674 19.050992437152964 0.0 925.0738279162773 2.8148355 947.4510179584029 3.103625767612982 1.4496021498719114 0.6288270128668894 12.69113085619237 1003.989764293644 4.672643622156569 2.456898345704791 4.395247913312226 7.624938490186268 False
3810 8121.465640522024 4532.294631996615 214.80727914082317 52.82566639570919 8118 8125 4529 4536 51.0 1.8368352698286814 1.7430928370558165 -62.5317688325584 0.31538065636781076 0.16301362583813592 0.8192821082057675 0.0 24.94655505895817 0.78413296 44.2379569449583 1.923023562851111 2.1441528737221667 0.23200279810376878 4.029119531035698 41.945645821480866 3.1411556479969573 1.9222987109041112 3.628736407964533 6.046492614485122 False
3811 3199.0405094162406 4532.831901922879 214.8512009911933 52.856952538808535 3197 3202 4530 4535 28.0 0.7799767998661056 0.7550943561677015 56.50684422373955 0.2505700073790609 0.00605704255212359 12.46996629632079 0.0 51.33611189144133 2.3318033 50.69332615322461 2.2116357384633916 1.4 0.7739680355281418 2.985410660720923 53.557995130420295 2.835378454241377 0.5241699687618718 0.9785613693688427 1.4062302317056912 False
3812 4004.604994808551 4539.363364977375 214.84393911310954 52.85186929995137 3999 4011 4530 4544 140.0 4.115144969731407 2.3598897537003176 66.6170308297531 0.8192303773431706 0.14639012239470392 2.191502393563956 0.0 104.37591046237223 2.0433304 141.2607494250437 15619312.389379408 1.9625457498318437 0.30332345841395203 6.6755811781245455 152.78471871801042 27216932.743015017 2.976615408616306 5.034356283010461 8.747851301372908 False
3813 9211.067741140047 4535.4074963395715 214.79753138324372 52.81875628104883 9205 9218 4530 4540 123.0 3.0884703736330095 2.2046838181462025 4.182215276219702 0.7003054856562606 -0.0009369236057910383 1.3451513413324343 0.0 43.23287616750041 1.2794201 55.98879620914411 2.0277195227873968 1.5616276091836858 0.3536763137971329 6.257165172872317 54.90252457814029 3.171474575284219 2.1947769544724918 4.106695574368785 6.713901194813726 False
3814 4275.469276558844 4531.892161654907 214.84159947061568 52.8501078836579 4275 4276 4531 4533 6.0 0.7998157592943389 0.4983350128576567 -87.54465997210342 0.7821722462673052 0.5122067307495926 0.8478984588873166 0.0 4.361126451210139 0.4253823 26.95892565718604 1.6293412399964395 3.5157962241146103 0.09856005253723567 1.381976597885342 35.011982412155504 2.5907370023967315 1.5473241408116754 2.7003002116223414 4.009263044259898 False
3815 6767.315017544974 4536.890556958532 214.81930885857847 52.83429874888445 6758 6775 4531 4543 127.0 5.1226050267018834 1.8416209679588682 31.14868526384792 0.9331417413636379 0.17033585171675494 0.6019391215153295 0.0 42.2371580747026 1.2144814 109.46153859561609 4.027523438184432 2.617700996949675 0.14809044717463124 6.358093703724522 147.50225778873087 6.192031224545123 4.5289176808735405 8.691712450762124 13.283067946203165 False
3816 8029.5318159947365 4534.3779337653905 214.8080770571294 52.82626203248087 8027 8031 4533 4536 16.0 1.1867694612062811 1.0004006300521622 34.88247315264512 0.5379743354374259 0.24141368962257814 0.4480762710366851 0.0 5.927694388181292 0.4263912 23.979975809328533 1.672124274799336 3.1222970723426537 0.10276166643784226 2.256758334191025 23.827721240550424 2.7088827995187854 1.9966592252473374 3.854853226650064 6.240121158208496 False
3817 8852.099131308634 4536.073893771172 214.80072463299663 52.82104201710138 8851 8854 4535 4537 10.0 0.949858808613952 0.7591876779510308 -4.662080696049304 0.6009804634911151 0.26254276589962927 0.4113072649618984 0.0 3.3418433626015585 0.3355199 14.328992937019466 1.2784875896979164 3.0862807089329203 0.10368439741811386 1.7841241161527712 16.728416511034247 2.0491562072191813 1.642711339751312 2.92837379152999 4.568079101669312 False
3818 9180.615708043684 4538.976532047219 214.79776530850145 52.81896911163004 9177 9184 4536 4542 48.0 2.110476155044356 1.7001391498519247 21.7517825367421 0.5924987606429445 0.20836276289836414 0.4864797142367958 0.0 17.15944806088363 0.7672649 52.23707047198968 2.555450235878923 2.810480090662003 0.12023940125329793 3.9088200952233594 51.8012590161276 4.123434315793821 2.9375688081324007 5.443339145446733 8.553674988540001 False
3819 4363.491546206967 4542.422162891381 214.84070285803648 52.8496053295711 4358 4369 4537 4546 95.0 2.8007102653185187 2.2954892633736557 42.56941865150719 0.5729222995350614 -0.010106727649928222 1.0343005326619836 0.0 59.504359598593325 1.6450896 113.45175210597557 15825263.935202891 2.4367079567215013 0.2285709440862667 5.499039842323396 119.47696761385225 27550457.771741334 2.8929675444713547 5.5000241940062295 9.903091492220803 False
3820 6057.746078889354 4540.824778122109 214.82559823129378 52.83882980302724 6056 6059 4540 4542 9.0 0.961651660230119 0.6914969697088675 -20.333976808301557 0.6949353775950718 0.4359318763696046 0.6068113928160019 0.0 4.779764873618198 0.42312217 18.853052755373312 1.3902747816926802 3.120039102273727 0.07154346330964458 1.692568750643269 20.1085601049926 2.1678831363511586 1.4972091096822469 2.565144856567198 4.0322727696823355 False
3821 7340.762683762343 4544.579301858327 214.8141126335771 52.83069524224835 7339 7343 4542 4547 25.0 1.5607593475306498 1.1333994108548135 62.11992754735907 0.6874997592234079 0.22073269431897705 0.5839309899571086 0.0 9.989507782817912 0.5217536 22.740044870261805 1.5838053322534715 2.5523578308019044 0.1232418413313136 2.8209479177387813 24.92789091982071 2.567880416222114 1.7550379928092275 3.192362771930739 5.105386323342518 False
