outputs/dr0.5_c0.1/nircam6_f140w_dr0.5_c0.1.ecsv
# %ECSV 1.0
# ---
# datatype:
# - {name: label, datatype: int64}
# - {name: xcentroid, datatype: float64}
# - {name: ycentroid, datatype: float64}
# - {name: sky_centroid.ra, unit: deg, datatype: float64}
# - {name: sky_centroid.dec, unit: deg, datatype: float64}
# - {name: bbox_xmin, datatype: int64}
# - {name: bbox_xmax, datatype: int64}
# - {name: bbox_ymin, datatype: int64}
# - {name: bbox_ymax, datatype: int64}
# - {name: area, unit: pix2, datatype: float64}
# - {name: semimajor_sigma, unit: pix, datatype: float64}
# - {name: semiminor_sigma, unit: pix, datatype: float64}
# - {name: orientation, unit: deg, datatype: float64}
# - {name: eccentricity, datatype: float64}
# - {name: min_value, datatype: float64}
# - {name: max_value, datatype: float64}
# - {name: local_background, datatype: float64}
# - {name: segment_flux, datatype: float64}
# - {name: segment_fluxerr, datatype: float32}
# - {name: kron_flux, datatype: float64}
# - {name: kron_fluxerr, datatype: float64}
# - {name: kron_radius, unit: pix, datatype: float64}
# - {name: gini, datatype: float64}
# - {name: equivalent_radius, unit: pix, datatype: float64}
# - {name: kron4_2_flux, datatype: float64}
# - {name: kron4_2_fluxerr, datatype: float64}
# - {name: radius_kron20, unit: pix, datatype: float64}
# - {name: radius_kron50, unit: pix, datatype: float64}
# - {name: radius_kron80, unit: pix, datatype: float64}
# - {name: near_border, datatype: bool}
# meta:
#   PHOTMJSR: 0.3925000131130219
#   PIXAR_SR: 2.11539874851881e-14
#   __serialized_columns__:
#     area:
#       __class__: astropy.units.quantity.Quantity
#       unit: !astropy.units.Unit {unit: pix2}
#       value: !astropy.table.SerializedColumn {name: area}
#     eccentricity:
#       __class__: astropy.units.quantity.Quantity
#       unit: !astropy.units.Unit {unit: ''}
#       value: !astropy.table.SerializedColumn {name: eccentricity}
#     equivalent_radius:
#       __class__: astropy.units.quantity.Quantity
#       unit: !astropy.units.Unit {unit: pix}
#       value: !astropy.table.SerializedColumn {name: equivalent_radius}
#     kron_radius:
#       __class__: astropy.units.quantity.Quantity
#       unit: &id001 !astropy.units.Unit {unit: pix}
#       value: !astropy.table.SerializedColumn {name: kron_radius}
#     orientation:
#       __class__: astropy.units.quantity.Quantity
#       unit: &id002 !astropy.units.Unit {unit: deg}
#       value: !astropy.table.SerializedColumn {name: orientation}
#     radius_kron20:
#       __class__: astropy.units.quantity.Quantity
#       unit: *id001
#       value: !astropy.table.SerializedColumn {name: radius_kron20}
#     radius_kron50:
#       __class__: astropy.units.quantity.Quantity
#       unit: *id001
#       value: !astropy.table.SerializedColumn {name: radius_kron50}
#     radius_kron80:
#       __class__: astropy.units.quantity.Quantity
#       unit: *id001
#       value: !astropy.table.SerializedColumn {name: radius_kron80}
#     semimajor_sigma:
#       __class__: astropy.units.quantity.Quantity
#       unit: !astropy.units.Unit {unit: pix}
#       value: !astropy.table.SerializedColumn {name: semimajor_sigma}
#     semiminor_sigma:
#       __class__: astropy.units.quantity.Quantity
#       unit: !astropy.units.Unit {unit: pix}
#       value: !astropy.table.SerializedColumn {name: semiminor_sigma}
#     sky_centroid:
#       __class__: astropy.coordinates.sky_coordinate.SkyCoord
#       dec: !astropy.table.SerializedColumn
#         __class__: astropy.coordinates.angles.Latitude
#         unit: *id002
#         value: !astropy.table.SerializedColumn {name: sky_centroid.dec}
#       frame: icrs
#       ra: !astropy.table.SerializedColumn
#         __class__: astropy.coordinates.angles.Longitude
#         unit: *id002
#         value: !astropy.table.SerializedColumn {name: sky_centroid.ra}
#         wrap_angle: !astropy.coordinates.Angle
#           unit: *id002
#           value: 360.0
#       representation_type: spherical
#   astropy version: '5.1'
#   make_catalog parameters:
#     ab_zpt: 31.4
#     coadd_bands: !!python/tuple [f277w, f356w]
#     deblend_contrast: 0.001
#     deblend_nlevels: 32
#     deblend_npixels: 1
#     detect_kernel_fwhm: 4.0
#     detect_kernel_npix: 7
#     detect_npixels: 4
#     detect_threshold_nsigma: 3.0
#     flag_isolated_buffer: 4
#     hst_bands: !!python/tuple [f606w, f814w, f125w, f140w, f160w]
#     jwst_bands: !!python/tuple [f115w, f150w, f200w, f277w, f356w, f410m, f444w]
#     near_border_kernelsize: 21
#     reference_band: f200w
#   make_catalog version: 1.4.0
#   photutils version: 1.5.0
# schema: astropy-2.0
label xcentroid ycentroid sky_centroid.ra sky_centroid.dec bbox_xmin bbox_xmax bbox_ymin bbox_ymax area semimajor_sigma semiminor_sigma orientation eccentricity min_value max_value local_background segment_flux segment_fluxerr kron_flux kron_fluxerr kron_radius gini equivalent_radius kron4_2_flux kron4_2_fluxerr radius_kron20 radius_kron50 radius_kron80 near_border
[from data line 3490]
3491 2256.8250501633656 4186.127626765202 214.86326470139832 52.86106888032949 2248 2265 4180 4193 184.0 4.125363577984088 2.8371509940886943 25.68104234258346 0.7259631847961759 0.1843868137554544 1.4786725418953346 0.0 134.5520588519678 14.365092 351.8682694809472 44.11819011003931 2.7364551724564765 0.22497129574994026 7.653039857325812 397.02067357310534 70.52095535982168 4.636783516367723 9.799126443355542 15.799413591054142 False
3492 6923.998191154068 4182.730992194849 214.82163705078625 52.83139413682174 6919 6925 4180 4184 29.0 0.9585260379335899 0.7637962601036773 -57.74962806269847 0.604184363645037 -0.34737424595476507 0.3478515737010221 0.0 -0.7170601075555079 6.987695 18.36162234813058 16.91814742151878 3.4450618102681725 -0.28529426636703226 3.0382538898732494 31.37723079635063 27.13327075532363 2.3733216380889925 5.09297829831732 7.433053899948365 False
3493 6855.895804691426 4191.598066441535 214.8221513026184 52.83187477245531 6847 6867 4181 4200 298.0 4.831536678143582 3.4727461916413516 31.636452677396385 0.6952516609418414 0.030957618369458144 1.57623139165639 0.0 168.8225498444486 22.34218 308.7645322117145 61.92000376962737 2.635712057541694 0.3502689992604313 9.739422266375435 378.2846229792533 99.51505434266932 4.23919446473236 8.897231456119243 22.187430803857456 False
3494 8850.483370055186 4187.576154688983 214.8044051246544 52.81917460692585 8843 8859 4181 4193 159.0 4.342455402365351 2.926889029618628 -29.146435635736434 0.738715778174795 -0.017414804776985322 0.7021432699845815 0.0 52.34527722907044 17.039932 97.45883317572734 46.90527777793136 2.1965353803282195 0.28980458162003037 7.1141599576634995 154.8421494887795 74.64383387430983 4.10673182006325 6.941173787111725 9.458345135781515 False
3495 nan nan nan nan 3583 3590 4182 4189 48.0 nan nan nan nan -0.5477641079345891 0.0 0.0 -14.360463572512522 954992600000.0 nan nan nan -0.3372375709132498 3.9088200952233594 nan nan nan nan nan True
3496 8750.115337263765 4187.488302436459 214.80530092095535 52.81981218107814 8747 8755 4182 4191 66.0 2.3352165883369023 1.5453407204648335 43.19950707994154 0.7497203625554825 -0.31791417409024497 0.6542022643994928 0.0 20.67045553541767 11.291618 27.692370387693646 16.01715678872189 1.4 0.3168764986281789 4.583497844237541 5.58619849598567 25.73909835233531 1.7363469385874708 2.9817769020527436 4.3510403752440805 False
3497 nan nan nan nan 4335 4340 4185 4189 23.0 nan nan nan nan -0.18867056813470404 -0.02937231554492703 0.0 -2.1550782338705057 6.7407594 nan nan nan -0.25448202761729277 2.7057581899030048 nan nan nan nan nan False
3498 7731.339930650378 4188.300065995377 214.81437717683843 52.82629261061271 7727 7735 4185 4191 43.0 2.0253664486497422 1.653902005806548 11.29537913234001 0.5772125318011291 0.14231586982270145 0.5585935087694899 0.0 14.620108258952982 8.378916 38.92934651188461 24.51967061642835 2.351006335038879 0.13895705829779206 3.6996385101659595 89.63395322959572 39.57859236218076 2.636568736096179 4.179334225099692 5.57193872762737 False
3499 8561.854681192195 4194.840197254047 214.80690216929926 52.821048565142355 8555 8570 4186 4202 208.0 3.566902836852811 3.223486103219009 -46.24286380981368 0.42812123800594765 -0.2149968981738591 1.021446715683492 0.0 95.59923071290231 18.981348 102.70045968258376 27.7534367741321 1.4 0.35028220824485223 8.136857890256438 38.205098394973525 45.003717369815796 2.7167348471478574 4.627971794397157 6.491442638704436 False
3500 139.16104973805304 4192.209529887689 214.8821236460764 52.874553060417554 136 144 4187 4197 66.0 2.543219163090148 1.8974243421378483 64.14749105357585 0.6658653966648092 0.25895179089914516 0.724134789709589 0.0 33.186233985076015 6.6935816 133.05801358018635 24.952739014799576 3.06800633886658 0.14587931163193868 4.583497844237541 152.19385165220697 40.12227980914803 3.912746656218416 7.421790565143975 12.390105665638421 False
3501 1316.0468612044606 4188.024962954208 214.87164986075175 52.86705529509134 1316 1317 4187 4189 4.0 0.800654823563974 0.21133607701375132 -89.88761552803929 0.9645352578596278 0.024166556559382907 0.17189270993395053 0.0 0.515704981071884 1.7269498 11.215912359555464 6.803228194515372 4.2409538105863405 0.2874936968577263 1.1283791670955126 30.16801403798842 10.911131867864986 2.02826220673669 3.0768573665808763 3.804707198516574 False
3502 2110.2405198066767 4189.334008615287 214.86454043043605 52.86201737339477 2110 2113 4187 4190 13.0 0.9050350892113994 0.4213235989756095 -84.85650889674801 0.8850305814107612 -0.08981055679670616 0.1400841386896848 0.0 0.04659051688981807 3.8476183 10.155549472895292 12.668468522341538 4.234732557542753 1.077098201372438 2.0342144725641096 10.505972607997354 20.24693144672857 2.7468591593481926 4.184337180741763 5.452877084814837 False
3503 4117.45005576994 4194.206084286847 214.84656327414027 52.84929129100784 4110 4122 4189 4199 102.0 2.9765124512992633 2.4212937174415594 -18.95120745923565 0.5816115129069017 -0.005937378496963087 0.9900930821356322 0.0 58.171675657064576 13.677803 142.79886194377326 41.449381558160965 2.606873174490335 0.2346447790771619 5.698035485213008 126.86019315459552 66.41214612998527 3.6777038208649633 6.145618854738867 9.751423702152913 False
3504 6741.331781939914 4199.168894150635 214.82309369682284 52.83264371698486 6735 6746 4192 4210 171.0 3.288368437510886 2.733073680154663 -85.54593787170057 0.5560726990845659 -0.17801094697763004 0.7230005389814891 0.0 40.25686224317956 12.539584 109.43677952192228 36.600299742193776 2.891748955898602 0.4112592772043719 7.377736139048903 160.95452398733508 59.34105269133766 3.851724026330182 8.18906613141285 17.09746916057729 False
3505 1259.9146228389695 4194.33935466495 214.87208498863433 52.86744590998827 1258 1261 4193 4196 11.0 1.3027442045837292 0.6747634730784565 39.89204905964697 0.8554075882222436 0.13978575945906574 0.31990086258188555 0.0 2.2350206570310425 2.8043776 74.93401450072886 14.027602949264242 4.081952375554549 0.18070715251465813 1.8712051592547776 196.5075040649902 22.641175231629713 4.732292460296568 6.988349776951275 8.465678870137726 False
3506 4376.059203106067 4194.571003853516 214.84425062593346 52.84765004624045 4375 4377 4194 4195 5.0 0.7880262779133065 0.4345103275492857 -21.129368807707987 0.8342471712634073 0.10047588009016302 0.18141017898835032 0.0 0.7023778869544752 3.207974 14.145402899661685 14.713514206955034 4.044371714996706 0.1571529581484298 1.2615662610100802 2.6650534866415807 24.052687574779537 2.2674043265997086 3.452316515777714 4.420828300917358 False
3507 nan nan nan nan 3369 3371 4196 4199 10.0 nan nan nan nan 0.0 0.0 0.0 0.0 3019951800000.0 nan nan nan nan 1.7841241161527712 nan nan nan nan nan True
3508 8619.469668483303 4209.818034790394 214.80623089064488 52.82076301437302 8606 8632 4196 4222 564.0 5.6728815086578885 5.003934128330749 -77.61217747390612 0.47110003666587036 -0.3344016429045737 3.5231937878237454 0.0 575.7271801969512 37.100113 761.9549042812271 74.59501172533237 2.027969604306271 0.4012462802726636 13.398760233979036 908.4137295949442 117.13981786468901 4.16290180044784 8.290294995230159 15.108237495494796 False
3509 nan nan nan nan 3173 3181 4197 4203 51.0 nan nan nan nan 0.0 0.0 0.0 0.0 6820011700000.0 nan nan nan nan 4.029119531035698 nan nan nan nan nan True
3510 7417.422041835309 4202.535508119463 214.81702728896454 52.82836467241929 7413 7423 4197 4209 113.0 3.0078464595134933 2.389645360750232 -80.78008721978834 0.6073027105949577 0.020605851262736775 0.8119263849063713 0.0 53.94852063663802 13.594534 63.434311191216324 21.416726739700103 1.4 0.24357402910745976 5.997417539138688 37.48754934857008 34.25594416743936 2.459352375267277 3.994621188387936 5.5265218131293015 False
3511 1435.8076352729017 4203.980190908135 214.8704118745639 52.86638062345877 1431 1440 4199 4212 106.0 3.813233654780898 2.019368550961262 -89.72818945569345 0.8482671567950167 -0.0663942569626293 0.4081490219758852 0.0 13.704625423724073 10.862348 35.409320207323425 20.080377599598823 1.5430154516601275 0.43736580064864844 5.808687281605183 29.527820666775273 32.19746814396798 3.8794486039576483 6.871638564945084 9.793607777560194 False
3512 1316.9721760999214 4203.390538973165 214.8714799083868 52.86713229977303 1316 1318 4202 4205 6.0 1.3359130305326443 0.3967622085361756 60.22857400071358 0.9548784013924008 0.1022409147683913 0.21451723569965922 0.0 0.8071044653965362 2.152912 27.84040126699641 10.833981841464636 3.9352306733579354 0.16000818284780235 1.381976597885342 73.18908293437808 17.26979550565244 3.1067916014989465 4.514925247100908 5.5662413492041685 False
3513 10047.335195580625 4207.069219720268 214.79353108640382 52.811670619121585 10045 10051 4204 4210 38.0 1.8081646717139916 1.4102440900781201 20.81925534132226 0.6258652266819649 0.09526028489214448 0.8440086280611898 0.0 14.943783563712817 8.1835375 110.73164319208055 32.539846736879305 3.4722826430098834 0.30430714269719955 3.477898169151024 106.2884269945979 52.030941369209515 4.176405533578123 8.245954223790346 11.139759714612271 False
3514 6448.155608619489 4206.395081429531 214.82563329294143 52.834545980578355 6447 6449 4205 4208 6.0 1.0197765830073606 0.5616861076939954 51.3160813441613 0.8346416851180608 0.10641640884155583 0.24092016246303774 0.0 1.033120875501217 2.3606715 10.07982241499083 10.518584205225777 3.4133694324921398 0.17257767416715306 1.381976597885342 32.323604532678864 16.662918879171922 1.8848763923904066 3.2545068838788804 4.307855483375912 False
3515 8920.065401314176 4207.051133138104 214.80357989140418 52.81883719628308 8918 8922 4205 4209 20.0 1.2661011857367457 1.1686690327864016 85.52079627699791 0.38469073305343104 0.3358274534461706 0.5349068282543069 0.0 8.640756761249481 5.862609 28.04575745403909 21.58727376966858 3.045520810873293 0.09036252990253921 2.5231325220201604 -1.589364945093937 35.119287395610606 1.975390233631763 3.4318632818302817 4.93963064662748 False
3516 4193.000080054033 4211.419866575614 214.8457076500695 52.848904060392506 4185 4198 4208 4216 80.0 3.8212525478698827 1.5110540440862084 -28.84653433138473 0.9184942965586477 -0.18518961858853786 0.7438537493308164 0.0 26.18589329955701 11.81674 96.83103504596917 44.35519107936841 3.095115067664782 0.368428562636275 5.046265044040321 76.70898743533735 71.66681776012507 4.533307994060133 10.410648637716594 18.00967915089212 False
3517 3543.0657043230635 4211.3903908254115 214.85151107768638 52.85303345274241 3540 3545 4209 4215 35.0 1.9033377895184442 1.066285326754454 59.62979785241941 0.8283447738111405 -0.20134102618962102 0.7566943288167962 0.0 13.862486799703834 954992600000.0 25.27319163853177 3662140287261.409 1.4 0.3757507305569008 3.3377905890622728 19.732545123071827 7235814908488.043 1.7055725083174211 2.8147156673227083 3.9195068473548953 True
3518 8394.410117202278 4216.062987289064 214.8081719772762 52.82222734607505 8384 8404 4210 4223 216.0 4.978669154899471 2.6325691184838065 20.00084982968048 0.8487653758196863 -0.27568781045518564 0.7697683393031048 0.0 82.86421551677653 18.939655 163.47348088900688 49.55189591307115 2.2921357585688575 0.3125717162439315 8.291859587312052 167.3000220602449 79.41410805390446 4.133510258172758 8.686558860817996 13.837804119902557 False
3519 10020.437734651383 4213.0594556539045 214.79370780493994 52.81187390126625 10020 10022 4212 4214 7.0 0.7162888643444116 0.44903212958743993 -67.79188279373166 0.7791102442850063 -0.09625627427396125 0.07927589873511323 0.0 0.0075460203290915046 3.4716253 0.6708139086621518 7.667331312898304 2.3362849620696564 -6.0325593149182195 1.4927053303604616 0.16772058403437573 12.27616972169415 0.8976009920276088 1.5799558655645916 2.15853683466982 False
3520 6071.48942363548 4214.010218133589 214.82891399338433 52.83698089084219 6071 6072 4213 4215 4.0 0.704153847049179 0.34100010806143954 53.6079789017774 0.8749189797140011 0.05730997586063568 0.10889357060921924 0.0 0.3255214264100724 2.5131602 0.511541602523567 3.818613139708176 1.4 0.19742302040236775 1.1283791670955126 0.11832918876176529 6.115820540380834 0.5646949686043548 0.9550912035650294 1.243354118115728 False
3521 7699.321548772973 4219.136375361677 214.81433834952023 52.82666230727165 7691 7704 4214 4225 119.0 2.65503394667864 2.349187293422677 -59.296739699694676 0.4659615046522441 -0.256371603200622 0.5730561154555751 0.0 23.901641312318326 14.425232 79.04575369806618 46.212933785458226 3.2320619375481 0.41270558195427376 6.154581744998688 106.61951377994801 74.66458432026663 3.4249441029201684 10.446525397732099 13.498076027550043 False
3522 2839.42853908838 4219.8410966558195 214.85770602201876 52.85754947420056 2836 2845 4216 4223 64.0 2.0458560388382114 1.9288444155491198 62.43913663762555 0.33334322595332844 -0.01729027735503601 0.5518765133208 0.0 19.977434399388148 8.603437 147.36503003362276 34.988132054077624 3.705493610263427 0.3002102358167559 4.51351666838205 224.1481275298296 55.780154666198236 5.49336652920392 10.199384499339745 13.542988176213292 False
3523 2715.815687264561 4224.365773489693 214.8587624765295 52.8583591967099 2702 2730 4217 4232 363.0 5.752228217021251 3.351546956503147 7.4580862485533945 0.8127217921522136 -0.20427591221542837 2.635329948795174 0.0 299.68557259993145 19.95061 405.04875526637755 45.18302963012051 2.185220608201223 0.35603988562556893 10.749255261864239 537.048751405063 72.88114636015978 3.6106831985803187 7.143976661638467 12.753654567177636 False
3524 nan nan nan nan 3518 3520 4218 4219 5.0 nan nan nan nan 0.0 0.0 0.0 0.0 2135428400000.0 nan nan nan nan 1.2615662610100802 nan nan nan nan nan True
3525 1871.55964115167 4225.5614082832435 214.8662915359429 52.86372899376162 1867 1881 4219 4232 148.0 2.775523511188502 2.5248206242479734 -48.68727001595676 0.41532377324508396 -0.0009385479502318513 6.116220837409075 0.0 292.7642150061159 13.050022 410.66868588578564 21.95716181554488 1.7500494427306075 0.4621211312021704 6.863662517577698 406.0830551842323 35.415474169282874 2.2784342322577817 4.212120669815362 7.053299826292561 False
3526 8409.362197859711 4220.026750867679 214.8079969537281 52.822153656556814 8409 8412 4219 4221 10.0 0.7896365389852339 0.315971753586173 -55.97930292049486 0.916450381986227 -0.19477717950610832 0.3020480197864056 0.0 0.2798881846184267 4.517925 5.628809471598633 10.978218779977897 3.50309196443798 0.7592758927740557 1.7841241161527712 4.04885010928955 17.79630859704288 1.3566702968677646 2.451046230473163 3.5689190061871137 False
3527 2327.445111080122 4222.30661367998 214.86225318074932 52.860815372208975 2323 2330 4220 4226 43.0 1.6612055845092646 1.375146554530094 28.438448889181263 0.5610228072508421 -0.10743974538876513 0.4090348333388705 0.0 7.909047776363048 6.8851576 20.031299068277526 13.94262472207846 1.9786645745835028 0.3905590837711553 3.6996385101659595 13.900437868762664 22.490778595901517 1.9876080977118555 3.4452540121812567 4.9031773957649 False
3528 nan nan nan nan 4105 4108 4222 4225 14.0 nan nan nan nan -0.24480005944671218 -0.04879061713662952 0.0 -2.271734812215981 5.2940283 nan nan nan -0.19099080630409082 2.111004122822376 nan nan nan nan nan False
3529 7480.274553365941 4225.80940302713 214.81622184162384 52.8280905965453 7478 7484 4222 4228 36.0 1.9408915699632612 0.9730766946965304 37.11989936289711 0.8652413804859962 -0.16448613004350202 0.17906145035844 0.0 2.531498182473824 7.6109295 3.8258335845870586 10.852998465490252 1.4 0.3037437694885096 3.385137501286538 -7.243430980808406 17.41874437522939 1.3070758187285516 2.1965076262455003 3.092910425120494 False
