outputs/dr0.5_c0.1/nircam3_f200w_dr0.5_c0.1.ecsv
# %ECSV 1.0
# ---
# datatype:
# - {name: label, datatype: int64}
# - {name: xcentroid, datatype: float64}
# - {name: ycentroid, datatype: float64}
# - {name: sky_centroid.ra, unit: deg, datatype: float64}
# - {name: sky_centroid.dec, unit: deg, datatype: float64}
# - {name: bbox_xmin, datatype: int64}
# - {name: bbox_xmax, datatype: int64}
# - {name: bbox_ymin, datatype: int64}
# - {name: bbox_ymax, datatype: int64}
# - {name: area, unit: pix2, datatype: float64}
# - {name: semimajor_sigma, unit: pix, datatype: float64}
# - {name: semiminor_sigma, unit: pix, datatype: float64}
# - {name: orientation, unit: deg, datatype: float64}
# - {name: eccentricity, datatype: float64}
# - {name: min_value, datatype: float64}
# - {name: max_value, datatype: float64}
# - {name: local_background, datatype: float64}
# - {name: segment_flux, datatype: float64}
# - {name: segment_fluxerr, datatype: float32}
# - {name: kron_flux, datatype: float64}
# - {name: kron_fluxerr, datatype: float64}
# - {name: kron_radius, unit: pix, datatype: float64}
# - {name: gini, datatype: float64}
# - {name: equivalent_radius, unit: pix, datatype: float64}
# - {name: kron4_2_flux, datatype: float64}
# - {name: kron4_2_fluxerr, datatype: float64}
# - {name: radius_kron20, unit: pix, datatype: float64}
# - {name: radius_kron50, unit: pix, datatype: float64}
# - {name: radius_kron80, unit: pix, datatype: float64}
# - {name: near_border, datatype: bool}
# meta:
#   PHOTMJSR: 1.891700029373169
#   PIXAR_SR: 2.11539874851881e-14
#   __serialized_columns__:
#     area:
#       __class__: astropy.units.quantity.Quantity
#       unit: !astropy.units.Unit {unit: pix2}
#       value: !astropy.table.SerializedColumn {name: area}
#     eccentricity:
#       __class__: astropy.units.quantity.Quantity
#       unit: !astropy.units.Unit {unit: ''}
#       value: !astropy.table.SerializedColumn {name: eccentricity}
#     equivalent_radius:
#       __class__: astropy.units.quantity.Quantity
#       unit: !astropy.units.Unit {unit: pix}
#       value: !astropy.table.SerializedColumn {name: equivalent_radius}
#     kron_radius:
#       __class__: astropy.units.quantity.Quantity
#       unit: &id001 !astropy.units.Unit {unit: pix}
#       value: !astropy.table.SerializedColumn {name: kron_radius}
#     orientation:
#       __class__: astropy.units.quantity.Quantity
#       unit: &id002 !astropy.units.Unit {unit: deg}
#       value: !astropy.table.SerializedColumn {name: orientation}
#     radius_kron20:
#       __class__: astropy.units.quantity.Quantity
#       unit: *id001
#       value: !astropy.table.SerializedColumn {name: radius_kron20}
#     radius_kron50:
#       __class__: astropy.units.quantity.Quantity
#       unit: *id001
#       value: !astropy.table.SerializedColumn {name: radius_kron50}
#     radius_kron80:
#       __class__: astropy.units.quantity.Quantity
#       unit: *id001
#       value: !astropy.table.SerializedColumn {name: radius_kron80}
#     semimajor_sigma:
#       __class__: astropy.units.quantity.Quantity
#       unit: !astropy.units.Unit {unit: pix}
#       value: !astropy.table.SerializedColumn {name: semimajor_sigma}
#     semiminor_sigma:
#       __class__: astropy.units.quantity.Quantity
#       unit: !astropy.units.Unit {unit: pix}
#       value: !astropy.table.SerializedColumn {name: semiminor_sigma}
#     sky_centroid:
#       __class__: astropy.coordinates.sky_coordinate.SkyCoord
#       dec: !astropy.table.SerializedColumn
#         __class__: astropy.coordinates.angles.Latitude
#         unit: *id002
#         value: !astropy.table.SerializedColumn {name: sky_centroid.dec}
#       frame: icrs
#       ra: !astropy.table.SerializedColumn
#         __class__: astropy.coordinates.angles.Longitude
#         unit: *id002
#         value: !astropy.table.SerializedColumn {name: sky_centroid.ra}
#         wrap_angle: !astropy.coordinates.Angle
#           unit: *id002
#           value: 360.0
#       representation_type: spherical
#   astropy version: '5.1'
#   make_catalog parameters:
#     ab_zpt: 31.4
#     coadd_bands: !!python/tuple [f277w, f356w]
#     deblend_contrast: 0.001
#     deblend_nlevels: 32
#     deblend_npixels: 1
#     detect_kernel_fwhm: 4.0
#     detect_kernel_npix: 7
#     detect_npixels: 4
#     detect_threshold_nsigma: 3.0
#     flag_isolated_buffer: 4
#     hst_bands: !!python/tuple [f606w, f814w, f125w, f140w, f160w]
#     jwst_bands: !!python/tuple [f115w, f150w, f200w, f277w, f356w, f410m, f444w]
#     near_border_kernelsize: 21
#     reference_band: f200w
#   make_catalog version: 1.4.0
#   photutils version: 1.5.0
# schema: astropy-2.0
label xcentroid ycentroid sky_centroid.ra sky_centroid.dec bbox_xmin bbox_xmax bbox_ymin bbox_ymax area semimajor_sigma semiminor_sigma orientation eccentricity min_value max_value local_background segment_flux segment_fluxerr kron_flux kron_fluxerr kron_radius gini equivalent_radius kron4_2_flux kron4_2_fluxerr radius_kron20 radius_kron50 radius_kron80 near_border
[from data line 2307]
2308 nan nan nan nan 8102 8109 3023 3030 48.0 nan nan nan nan 0.0 0.0 0.0 0.0 6928203.5 nan nan nan nan 3.9088200952233594 nan nan nan nan nan True
2309 8794.078250528099 3026.247264107508 214.76491974306506 52.831668429800345 8792 8797 3024 3028 24.0 1.336450796246079 1.1260000956353484 29.75695675083509 0.5386491799119745 0.035429400615966326 0.887386830031491 0.0 11.930742004791032 1.2176224 21.137671768862656 3.0559731395214533 2.358355662131591 0.23996894317330747 2.763953195770684 35.146531298165876 4.833654227706649 1.3616210465297092 2.4882085149120785 4.816756635771508 False
2310 1486.114089692154 3025.6896393187612 214.83012803412635 52.87812673725929 1485 1487 3025 3026 6.0 0.8966822167907592 0.36542954566047614 -20.272916071738713 0.9131895092229826 -0.007493876972331968 0.2566123979693461 0.0 0.8170065566291482 0.5737123 10.105210811440157 2.3877545748448505 3.862229002697082 0.4307396433790376 1.381976597885342 21.356875474891748 3.78494807822779 2.16988162006964 3.3368461014053055 4.31455389419835 False
2311 3297.9306516614593 3027.0187274292866 214.81393580902488 52.866618379211175 3295 3301 3025 3029 29.0 1.5443426657525192 1.0768154366770568 -12.702396163072839 0.7168138591499601 0.04085851064542752 0.8557970451785661 0.0 7.590043208954249 1.4004387 18.895089835968967 3.848801375687314 2.569390562121315 0.38603856897434335 3.0382538898732494 19.48479146990534 6.005951691313985 1.60509129553238 3.4656132536613233 5.17173814843278 False
2312 9050.530022863426 3026.62329899055 214.76263022885942 52.83003938147612 9050 9051 3026 3027 4.0 0.4992959560290496 0.48435476140334677 6.662361161942244 0.24280357080754494 0.7127790205254104 1.3242145655998854 0.0 3.987921677310278 0.47462606 17.689701707867812 1.6628100193888178 3.3349954135808497 0.18441389635045763 1.1283791670955126 18.87959285767395 2.6373609152385646 1.0462193207727029 1.8546556631973565 2.8493267200651387 False
2313 4243.33902735183 3032.2717161920673 214.80544208516497 52.86063699408324 4239 4248 3028 3037 73.0 2.831165435996607 1.528874688289351 -30.367589964987644 0.8416547386346718 -0.09529547735934855 0.7271491005003181 0.0 24.771645512493265 2.0496094 76.29565431976866 6.467821888501989 2.9855971517061333 0.321148559586799 4.820437914901168 86.43663605041114 10.306669940782234 3.3546331607163298 7.9027630823392965 11.437638387601394 False
2314 6614.94871111676 3030.6488742198862 214.78430122238638 52.84554996940579 6612 6618 3028 3033 35.0 1.7381952815510646 1.2878237879854273 -31.13392183800439 0.6716185929502223 0.12673701042223587 0.8202164049211058 0.0 14.32048493156395 1.3750201 25.448169901845567 2.8845049807508154 1.8870317012445434 0.2532554547605674 3.3377905890622728 25.335436522081412 4.512739587110299 1.6478854643422183 3.093513922430198 4.9292336580527225 False
2315 6598.884881807815 3031.6424028858924 214.78443402394157 52.84565746455078 6597 6601 3030 3034 19.0 1.3210130258795452 0.9765475937358425 31.0108021488038 0.6734404713940378 0.11800441834824477 0.614474988963941 0.0 7.877553659696076 1.0893345 15.320174443685726 2.7878938350206637 2.3058197676010392 0.1957471576494525 2.4592453796829674 16.072667417862185 4.312816613458073 1.3417777649826257 2.4828025719566758 3.998251449708399 False
2316 2702.239893283408 3032.994361003174 214.81919103300794 52.87043691154169 2700 2704 3031 3035 21.0 1.2523421436337998 1.1292353093592162 30.218038167497163 0.43236491101041336 0.1846464601710265 0.8270407840972505 0.0 11.104620164205109 1.1188601 18.24948822363924 2.5438595146467082 2.034115210759559 0.20607357201130855 2.5854414729132054 18.247558655629547 4.046703117174643 1.2912770135649327 2.2340431687250986 3.2378449648404746 False
2317 10133.199804528389 3031.8084503755385 214.75292854363423 52.82318086474182 10133 10134 3031 3033 4.0 0.6560161185813788 0.3930229939179671 81.94604381801398 0.8006699469255427 0.33402269005550034 0.83742804822405 0.0 2.4734801615532658 0.46708742 7.038994352698026 1.5034571089693543 2.8593305714273165 0.24578330993006678 1.1283791670955126 10.613974225737639 2.41552566364107 0.7903510299289528 1.4565526819838515 2.2191633257664782 False
2318 8326.6105238113 3033.485812428589 214.769010159146 52.83468046353925 8325 8328 3032 3035 13.0 1.0691451268266587 0.8806998156459411 35.83461150493789 0.5669647331813158 0.5658840287716795 1.2863938175743528 0.0 10.31100933695406 0.80021274 30.804302373440912 2.574653432518319 2.7805706623239748 0.16993442094870184 2.0342144725641096 29.415331787826833 4.075792357885266 1.5212468666178487 2.7159555391616235 4.375704977626404 False
2319 9181.889844478454 3035.4427174112584 214.7613667452776 52.82925138193207 9178 9186 3032 3039 55.0 2.1862014121467666 1.6041864055891875 39.35716479157467 0.6793893655036458 0.24618161658649007 1.1572810505543518 0.0 28.715088653781745 1.67153 50.70109709525019 4.396486723800358 2.29792226382095 0.2395437041089828 4.1841419359420025 56.69422965907151 7.045242171761902 1.938522484599517 3.858432574606328 6.6172848372076025 False
2320 234.95290242521375 3039.017779761989 214.84116466665705 52.886149421817294 232 239 3035 3043 61.0 2.1090920319906137 1.7239111719382159 70.15199181346615 0.5761113209283323 -0.029506825063908934 0.8241009554218056 0.0 19.89622745480967 1.8685635 67.39908913385551 6.141163404383145 3.0563074650068613 0.3090311474244365 4.406461512053774 115.73914335126315 9.809473161478692 3.124256782773266 7.7954113911785035 12.051459395781254 False
2321 7451.689140060607 3038.5418190969567 214.77675678350528 52.840271731086794 7450 7454 3037 3040 16.0 1.1312455541684243 0.9907682452209381 -0.11658682687934747 0.48263665904759384 0.2730100621985983 0.8656937963267965 0.0 8.484805261032545 1.093209 27.930988276605824 3.440481571507877 2.966060234297219 0.16865715890913538 2.256758334191025 38.42766086698533 5.322642878727247 1.7413368158504159 3.185787695978717 4.983264217307027 False
2322 181.09984064519745 3073.153028520657 214.84128636623205 52.88667565759107 158 202 3044 3103 1941.0 12.49842757102463 7.08772482750566 -77.27576473360492 0.8236562996475751 0.03950935221366947 7.36064624619839 0.0 2774.5647465174707 11.331249 3080.9097521518606 16.358063955070747 1.603718115779225 0.4452276271948587 24.85637723166306 3251.440940298994 25.665471062346537 6.4122414925554905 13.130923616444559 21.665001609483863 False
2323 3736.9617806996143 3050.2709780511314 214.80977203437178 52.86395295556164 3731 3744 3044 3056 128.0 3.102096482671536 2.134017455555782 37.788217196144096 0.7257794187872287 -0.08150240815408485 2.6695044588223635 0.0 80.9137902734458 2.9419482 109.43064941561087 5.276034084873511 1.8782804364526546 0.4029436220364485 6.383076486422923 114.28710562069905 8.330098600247439 2.230906983638718 4.12255707453362 7.239768143471783 False
2324 9876.250467024263 3058.46194163441 214.75493723325437 52.82495878408104 9869 9884 3050 3067 209.0 3.240326958440275 2.4969298366422232 67.9023118461609 0.6373437746871258 -0.16593602549221714 4.746784948423526 0.0 176.80285051179465 3.5029838 207.99264656319195 5.659346660536582 1.9193633591978576 0.5328785676762595 8.156394191823509 232.3328396140397 8.93105592569659 1.8899911289035787 3.819172930002054 7.1200304093161 False
2325 468.3593262266971 3056.0893681503712 214.83889949137136 52.884758292991755 464 473 3051 3061 75.0 2.2437262670719105 1.6658120851886629 -60.79334649203729 0.6699224668818464 -0.03539516380607984 1.995847512979238 0.0 36.7520865249322 2.1537502 54.61501990770256 4.731370752864867 2.319040866294436 0.4409791514316985 4.886025119029199 72.72995298782223 7.54397095356448 1.7607593539168716 3.3822918517723837 6.700550742074197 False
2326 2854.4688379806626 3054.143423814494 214.8176091963638 52.869583314399826 2852 2856 3052 3055 15.0 1.2191620954183444 0.7544189377531186 -12.49089820991344 0.7855476466878812 0.01772569624615668 1.0605934658763394 0.0 8.740735670471386 0.9658097 19.86717899599946 2.6766881779463825 2.60811384249 0.2941570327459356 2.1850968611841584 30.02045515898964 4.263196264260662 1.2237294793799134 2.5503430360904598 4.32842649010647 False
2327 3005.5528631151533 3054.2247075191744 214.81625948224772 52.868623436629385 3003 3008 3052 3057 31.0 1.367010895886126 1.2918153846249463 49.22463416306816 0.3270912778553869 -0.07494005083958859 0.8559854439268747 0.0 12.889097090884343 1.3779974 15.6739068023063 2.324180896735117 1.584551018713276 0.3278432399531462 3.141274657157109 15.683060564071177 3.7480429347986486 1.1544403616077188 1.9867445537442923 3.0321885399683923 False
2328 8235.99581417727 3070.0836772542566 214.76943260663685 52.835453829053606 8212 8253 3052 3087 857.0 8.971719823416354 4.331593860512826 40.92707144667734 0.8757277228008101 -0.15535715942344927 3.2574802277973376 0.0 410.3206714832636 11313708.0 482.2542806703019 23107349.204440698 1.7392136045795403 0.4895469990188822 16.516403133234203 520.3697676707909 42406105.53034603 4.988507538165224 9.84522159502857 15.114530332017498 False
2329 4143.565771252379 3063.2872697239955 214.80600594907168 52.86143837212681 4129 4160 3053 3073 486.0 5.94611309889831 3.436429764817941 9.687461867888631 0.81608721922662 -0.09499144276218204 5.9781517909139525 0.0 462.32481435087044 5.432625 503.61979139833943 7.503938423307522 1.5635506423624865 0.5171362660765794 12.437789380968077 539.7336899714101 11.829996883013976 2.8563142626909213 5.842275211184922 10.156604363377628 False
2330 300.21098800478313 3061.912841629749 214.84034049051354 52.88585818131696 293 307 3054 3069 177.0 3.049041531601113 2.0284696566859584 -61.151640164103654 0.7465929805918228 -0.10638965800920913 5.7538151180665125 0.0 132.01821469143925 3.6578915 150.3704844714324 5.099097852639123 1.7851311654236635 0.585007086417225 7.506054213402069 169.59586752073918 7.656911111964977 1.5053583089749842 3.1298178630112004 6.216574409367914 False
2331 504.3660726209507 3056.656570345154 214.83857182466582 52.88453254482811 502 507 3054 3059 24.0 1.3213437536046544 1.1614547245489448 14.71491531559685 0.47683074705509454 0.038040605343647366 0.8024287446616151 0.0 10.299022456856463 1.269822 22.02774965835095 3.3406177010874445 2.514756975500909 0.25029073904950677 2.763953195770684 22.579465055346045 5.258984268557967 1.5343736440498812 2.937878375564884 4.853104324566036 False
2332 764.5883444101935 3054.951805253517 214.83626498481794 52.88286973790107 763 766 3054 3057 9.0 1.2537427536827817 0.487002500692471 -38.21438995557881 0.9214744670091358 -0.06059812963329462 0.28622940643874756 0.0 1.1461365266433043 0.73527104 10.204003018716142 2.628266302843645 3.0612228645841584 0.42210197800723886 1.692568750643269 17.626947722366452 4.102061214998729 2.1248800197015396 2.9926936779141693 3.7905452636196237 False
2333 2618.6058736762034 3054.673463529064 214.81970948780997 52.871085325629444 2618 2619 3054 3055 4.0 0.5147497862600553 0.4401520490887793 37.31507264240068 0.5184967231376462 0.1818102549752285 0.49330749985641725 0.0 1.115129810878311 0.47209552 13.264333654179095 2.0063672919823863 3.8864350220716086 0.30186715622098936 1.1283791670955126 21.159622498685536 3.2303376087270896 1.6492588247555466 2.790916596143967 3.8517444374053293 False
2334 2729.7101988024324 3059.8690271751743 214.81866278015676 52.87040714734218 2726 2733 3056 3065 60.0 2.054113316436768 1.5958089846458428 -85.47320145985549 0.6296430191442473 -0.11045588527000831 1.0090426466737643 0.0 23.781363252199466 1.848664 33.97082879947692 3.8944192691707507 2.051914135011891 0.3697361308837339 4.370193722368317 46.621442119890304 6.3391621534177265 1.710993729600382 3.037185919138832 5.224985563936958 False
2335 3146.287271641685 3063.6355637643615 214.81490398430725 52.86777960628466 3142 3151 3056 3072 121.0 3.715306593959489 1.82901371671951 78.82010976856222 0.8704304199444303 -0.10148362634766928 1.2990166248825503 0.0 57.45786543722201 2.8359241 78.92151448862609 5.740419695151473 1.9198079314268353 0.34262810992497456 6.206085419025319 82.00413242493197 9.229405537682988 2.36021916199094 4.537318501401051 8.287478991282839 False
2336 6877.422509038308 3066.4473090182114 214.78158361861887 52.84407378929089 6873 6881 3060 3072 91.0 3.153398094331395 1.5620599536115365 86.47297221737371 0.8686891113441514 -0.08386852573557743 1.7461789076618965 0.0 44.43978037287655 2.349055 75.38381482852027 5.492184314079605 2.3838023797804726 0.37890742170895275 5.382025607773058 90.6315233795777 8.694899733538966 2.347927131075059 4.822897311808287 8.273360641707782 False
2337 3483.1112332545795 3067.506421412227 214.8118564462026 52.86565946547386 3478 3487 3061 3073 82.0 3.3087038243964493 1.9269539233388548 -61.28911305115457 0.812909974166984 -0.010529241540367938 0.611993177487811 0.0 24.414565648304677 2.2073028 97.71244920528673 8.382378331086882 3.0750843627344775 0.2510439113398459 5.108953969950291 144.55620032900256 13.334283995781528 4.53002451767599 9.266726538364525 16.158440087365676 False
2338 9109.187564878821 3065.051263119312 214.7617029503561 52.82987321324736 9106 9112 3061 3069 50.0 1.7921271047955618 1.475484476557038 86.60716286495301 0.5675852435291745 -0.000734287941593856 1.443594572455638 0.0 24.37232688380705 1.7189838 36.99903252987211 3.7213541487452293 2.2159269989248065 0.3639312763785355 3.989422804014327 40.17568861003666 5.856688245296011 1.4531524719736881 2.963489481603905 5.506658164524319 False
2339 404.9627614581822 3065.100651629585 214.83937100415994 52.88520972784565 404 406 3064 3066 9.0 0.7886859268278719 0.7424538095017711 49.872105335975704 0.33734572747082125 0.3411215592780156 0.8917556513351946 0.0 5.473423926323369 0.7054322 12.643705952634905 2.141913665350129 2.7009944175076868 0.1671773142600635 1.692568750643269 17.29991614956519 3.4396745897661307 1.0572158168959618 1.9705115580250712 3.4891046006348407 False
2340 8972.02010543067 3075.742505721022 214.7628128241293 52.830803200714996 8964 8980 3065 3087 255.0 4.87448677084183 2.630382127760384 -58.86385143364007 0.8419071756993052 -0.029999561663478634 2.3965007530874987 0.0 169.1992491381051 3.800062 207.6589434949111 6.404751102154091 1.7420224974729335 0.40776727787685385 9.009385160867895 215.17031503150145 10.09851578911858 2.6358557807718674 5.373324133060554 9.707810795388818 False
2341 9184.822629280832 3068.2165136112294 214.76099559851298 52.82940919138096 9181 9188 3065 3071 40.0 2.3888970760844654 1.3608373107081635 -35.2363560111941 0.8218867805967546 0.020160930567357745 0.4545842726761702 0.0 9.075818631449227 1.4531504 18.239017031218488 4.4038166993471135 2.435494587121245 0.29413115412774093 3.5682482323055424 20.40823404257172 7.062991581525089 2.433330375192936 3.762994322116602 7.175007828231193 False
2342 10066.19032574426 3070.0210373305795 214.7531232903715 52.82381282864482 10060 10073 3065 3075 129.0 2.5324747321382732 1.867979128928948 -7.550869894109804 0.6752267993552379 -0.18156918214455048 5.0398363176802174 0.0 93.36603432724061 2.7577915 98.63441891330791 3.4288304493095447 1.4612533914961798 0.5617712479250773 6.407961869245868 104.88102634322087 5.373232756378836 1.2853612835882005 2.4895922339458205 4.585470514665786 False
2343 4004.0473051008785 3069.7100927288297 214.80718350565186 52.8623598915799 4001 4006 3067 3072 29.0 1.4999362918934276 1.275801330884238 41.27088249834997 0.5258612805485218 0.0900029742917599 0.6165348144904679 0.0 10.805308922252788 1.3020576 30.928891086162963 4.092822787467841 2.883344224922058 0.22925168384781905 3.0382538898732494 42.026436210850626 6.51641438790354 2.0549481379949395 4.551947652524086 7.701810853152586 False
