outputs/dr0.5_c0.1/nircam3_f814w_dr0.5_c0.1.ecsv
# %ECSV 1.0
# ---
# datatype:
# - {name: label, datatype: int64}
# - {name: xcentroid, datatype: float64}
# - {name: ycentroid, datatype: float64}
# - {name: sky_centroid.ra, unit: deg, datatype: float64}
# - {name: sky_centroid.dec, unit: deg, datatype: float64}
# - {name: bbox_xmin, datatype: int64}
# - {name: bbox_xmax, datatype: int64}
# - {name: bbox_ymin, datatype: int64}
# - {name: bbox_ymax, datatype: int64}
# - {name: area, unit: pix2, datatype: float64}
# - {name: semimajor_sigma, unit: pix, datatype: float64}
# - {name: semiminor_sigma, unit: pix, datatype: float64}
# - {name: orientation, unit: deg, datatype: float64}
# - {name: eccentricity, datatype: float64}
# - {name: min_value, datatype: float64}
# - {name: max_value, datatype: float64}
# - {name: local_background, datatype: float64}
# - {name: segment_flux, datatype: float64}
# - {name: segment_fluxerr, datatype: float32}
# - {name: kron_flux, datatype: float64}
# - {name: kron_fluxerr, datatype: float64}
# - {name: kron_radius, unit: pix, datatype: float64}
# - {name: gini, datatype: float64}
# - {name: equivalent_radius, unit: pix, datatype: float64}
# - {name: kron4_2_flux, datatype: float64}
# - {name: kron4_2_fluxerr, datatype: float64}
# - {name: radius_kron20, unit: pix, datatype: float64}
# - {name: radius_kron50, unit: pix, datatype: float64}
# - {name: radius_kron80, unit: pix, datatype: float64}
# - {name: near_border, datatype: bool}
# meta:
#   PHOTMJSR: 0.3925000131130219
#   PIXAR_SR: 2.11539874851881e-14
#   __serialized_columns__:
#     area:
#       __class__: astropy.units.quantity.Quantity
#       unit: !astropy.units.Unit {unit: pix2}
#       value: !astropy.table.SerializedColumn {name: area}
#     eccentricity:
#       __class__: astropy.units.quantity.Quantity
#       unit: !astropy.units.Unit {unit: ''}
#       value: !astropy.table.SerializedColumn {name: eccentricity}
#     equivalent_radius:
#       __class__: astropy.units.quantity.Quantity
#       unit: !astropy.units.Unit {unit: pix}
#       value: !astropy.table.SerializedColumn {name: equivalent_radius}
#     kron_radius:
#       __class__: astropy.units.quantity.Quantity
#       unit: &id001 !astropy.units.Unit {unit: pix}
#       value: !astropy.table.SerializedColumn {name: kron_radius}
#     orientation:
#       __class__: astropy.units.quantity.Quantity
#       unit: &id002 !astropy.units.Unit {unit: deg}
#       value: !astropy.table.SerializedColumn {name: orientation}
#     radius_kron20:
#       __class__: astropy.units.quantity.Quantity
#       unit: *id001
#       value: !astropy.table.SerializedColumn {name: radius_kron20}
#     radius_kron50:
#       __class__: astropy.units.quantity.Quantity
#       unit: *id001
#       value: !astropy.table.SerializedColumn {name: radius_kron50}
#     radius_kron80:
#       __class__: astropy.units.quantity.Quantity
#       unit: *id001
#       value: !astropy.table.SerializedColumn {name: radius_kron80}
#     semimajor_sigma:
#       __class__: astropy.units.quantity.Quantity
#       unit: !astropy.units.Unit {unit: pix}
#       value: !astropy.table.SerializedColumn {name: semimajor_sigma}
#     semiminor_sigma:
#       __class__: astropy.units.quantity.Quantity
#       unit: !astropy.units.Unit {unit: pix}
#       value: !astropy.table.SerializedColumn {name: semiminor_sigma}
#     sky_centroid:
#       __class__: astropy.coordinates.sky_coordinate.SkyCoord
#       dec: !astropy.table.SerializedColumn
#         __class__: astropy.coordinates.angles.Latitude
#         unit: *id002
#         value: !astropy.table.SerializedColumn {name: sky_centroid.dec}
#       frame: icrs
#       ra: !astropy.table.SerializedColumn
#         __class__: astropy.coordinates.angles.Longitude
#         unit: *id002
#         value: !astropy.table.SerializedColumn {name: sky_centroid.ra}
#         wrap_angle: !astropy.coordinates.Angle
#           unit: *id002
#           value: 360.0
#       representation_type: spherical
#   astropy version: '5.1'
#   make_catalog parameters:
#     ab_zpt: 31.4
#     coadd_bands: !!python/tuple [f277w, f356w]
#     deblend_contrast: 0.001
#     deblend_nlevels: 32
#     deblend_npixels: 1
#     detect_kernel_fwhm: 4.0
#     detect_kernel_npix: 7
#     detect_npixels: 4
#     detect_threshold_nsigma: 3.0
#     flag_isolated_buffer: 4
#     hst_bands: !!python/tuple [f606w, f814w, f125w, f140w, f160w]
#     jwst_bands: !!python/tuple [f115w, f150w, f200w, f277w, f356w, f410m, f444w]
#     near_border_kernelsize: 21
#     reference_band: f200w
#   make_catalog version: 1.4.0
#   photutils version: 1.5.0
# schema: astropy-2.0
label xcentroid ycentroid sky_centroid.ra sky_centroid.dec bbox_xmin bbox_xmax bbox_ymin bbox_ymax area semimajor_sigma semiminor_sigma orientation eccentricity min_value max_value local_background segment_flux segment_fluxerr kron_flux kron_fluxerr kron_radius gini equivalent_radius kron4_2_flux kron4_2_fluxerr radius_kron20 radius_kron50 radius_kron80 near_border
[from data line 4649]
4650 157.40973633025465 3308.9631249386043 214.83901464473232 52.888097505396544 138 178 3298 3319 485.0 9.804644525619583 3.994994897140956 -14.374212685904837 0.9132233081937964 -0.22314897122068014 1.0268935656487308 0.0 182.72904617869057 7.1320357 991.3113490533418 30.972625232054135 3.4537859126688972 0.3064060249112862 12.424986712231869 1368.373260551185 49.596312706544104 14.229568733006348 32.561945004509624 42.98749667909499 False
4651 9002.785694010952 3293.340530769885 214.76024788392715 52.83177913494265 8988 9017 3286 3300 297.0 6.933060861372642 2.3797080780885467 12.449488383607298 0.9392475072092008 -0.43077096959405614 0.9253029309023526 0.0 74.14498098096313 5.6175723 93.36518715187542 8.286859256540504 1.4 0.4525030769954298 9.72306722164286 89.3288420505394 13.234064734891916 3.4380519810013346 6.895071627194326 15.434893556970986 False
4652 9019.983591090097 3291.8325989542723 214.76011049354292 52.831661630039946 9016 9023 3289 3295 42.0 2.066542337867155 1.5661367999085154 -53.57830130415728 0.6524245074299003 -0.1600501118031237 0.5703383183216116 0.0 8.179291228084708 2.1680152 39.74612155300201 7.716515500019554 2.909933358959544 0.40680224648138 3.656366395715726 39.39262774587861 12.316219441105494 3.3032874730736106 6.799386425626234 9.764659137720404 False
4653 8190.5919097740225 3297.433737140689 214.76744383869936 52.83696684917033 8186 8197 3293 3303 92.0 2.8691667732033825 1.9152655673789096 45.166688860883454 0.7445795683546835 0.09224226673500899 1.6302357678206958 0.0 55.85012444178177 3.1349642 89.1036361320521 6.714494486899894 2.003332233552847 0.30983320807267273 5.4115163798060095 104.43573288849106 10.715067997803574 2.38995985481176 4.420948135649456 7.662355466067236 False
4654 8201.594235503468 3304.188386390297 214.76727465017885 52.83693324816744 8194 8210 3298 3311 143.0 2.8240130460074777 2.2748214306465333 -32.75538397514798 0.5925577836356196 -0.1509025890469116 4.850496892616545 0.0 147.07768415544302 3.8674676 189.05710936049755 6.741330273879674 2.013844517946169 0.4909270949526155 6.746726148605861 242.04716268082802 10.7907646537037 1.7871781899326433 3.6424528532008735 7.209923419935665 False
4655 8213.651341727376 3309.5473676357196 214.767110753449 52.83688542323431 8201 8231 3300 3321 452.0 5.755127903584556 3.3659893579331346 18.053454470449015 0.8111285859199432 -0.5006834962136836 4.539590933711626 0.0 245.37317133956432 6.9257326 299.19534459197575 11.22862903797896 1.7796714149862212 0.5842541238587794 11.994835078277376 328.9219466808603 17.961068822017264 2.9110451289693438 6.085832184538545 11.050832604071546 False
4656 9689.050288704606 3302.949112413294 214.75403142524632 52.82746577661444 9687 9691 3300 3305 23.0 1.8138672562069653 1.0049210614781943 -66.53598280975284 0.8325025043890201 0.1796270547464896 0.8228505586398158 0.0 9.933726485802694 1.5802288 90.93237865046166 6.934631830699783 3.527366324766915 0.20093838848091997 2.7057581899030048 114.25839839046029 11.169719809208164 3.82819524700992 6.407508819784713 10.026689852219056 False
4657 9686.082230084497 3311.56573281263 214.75396715958811 52.82753104483873 9681 9691 3306 3316 75.0 2.9082563734653415 1.8822241992300792 -61.11140594506283 0.7623200508144146 0.14150845390674666 1.1502113726241527 0.0 41.96799446151384 2.9123404 173.37540001064764 10.619765802127977 3.110567294892231 0.26874015699736437 4.886025119029199 150.6886333768129 17.049058103305 4.375025494506049 8.825663102974307 15.811863263436207 False
4658 9681.973068264308 3317.9147130631213 214.75393693372243 52.82759136333194 9680 9685 3314 3321 36.0 2.0638689461462394 1.3847961480622335 71.48316065149525 0.7414836194168771 0.13160089869034083 1.0104447784535 0.0 19.218176088409532 1.9948446 97.59212472070351 7.983385711066038 3.181230537199474 0.22578272109380831 3.385137501286538 123.32681155994622 12.655933687732517 3.434741638120239 6.861504917255771 10.736580121422053 False
4659 6601.195774004963 3325.4410224426983 214.78132015524415 52.84722522497942 6594 6609 3316 3337 248.0 4.592137644032856 2.964369945394513 85.72464570638766 0.7637335646185649 -0.30498714963309215 1.6387075031709588 0.0 130.72497574263343 5.3384027 208.4953439240286 12.905749709268585 2.3251764300079114 0.38365970052171416 8.884866446580956 281.1463115147326 20.688211562899337 3.7089983818778807 6.837184910371058 13.737694592274396 False
4660 6606.140500554807 3340.669237467612 214.78111572102972 52.847275802008696 6598 6612 3331 3349 188.0 3.593684757883439 2.9055231254463476 -77.01201066360004 0.5884850905478124 -0.5424178691889381 1.5455899387538354 0.0 87.19527085239598 4.6597247 152.69639866344818 12.238437519983833 2.4962747200198314 0.3782982384998031 7.735777827895049 219.35756664891483 19.47592688822183 3.0647239333029384 6.458545369404881 14.829156894545765 False
4661 1934.409146094672 3321.547846551334 214.82300873923137 52.87687231228076 1930 1939 3318 3324 60.0 2.602869772852203 1.5976971512840963 -23.707851151537117 0.7894449295430875 -0.5191736951689143 0.733012397544045 0.0 14.241225170300265 2.606729 49.68555026536103 9.278426913501095 3.045830264384335 0.36348628353591284 4.370193722368317 73.94900997471846 14.826806575060315 3.2831048152814133 6.888955034926432 11.389732466121256 False
4662 1927.9324554269792 3322.862752466468 214.82305273128267 52.8769205632568 1925 1930 3321 3324 17.0 1.262530503115575 0.7836852273499602 45.824636199738705 0.7840277481998661 -0.22081885494938758 0.6040713341370717 0.0 4.072985152470637 1.399087 14.360510554330418 5.134306004183727 3.4246453248464945 0.4030899066665465 2.326213245840639 30.365096740751877 8.129383867520414 1.5831853249004535 4.669911800040153 6.22728152881079 False
4663 6315.114437547387 3329.3856009994265 214.78383004726555 52.84906559012833 6305 6324 3319 3338 301.0 4.265226125236111 3.8100937013028338 -12.404145825192433 0.4494761924137918 -0.4366295051427903 1.7373631040632063 0.0 141.6366563808748 6.3093433 167.95987405355828 10.028121849175633 1.545250518645194 0.4295735000631717 9.788323438736636 170.71416969847274 16.007527777253117 3.131983262785141 5.624290620184189 9.58482843206995 False
4664 6327.847271010798 3327.2322082940386 214.7837391577022 52.8489730276568 6323 6334 3322 3336 131.0 3.321468893680326 2.1230232388126744 83.62496595535656 0.7690554785906999 -0.3614666079199181 1.168645429315522 0.0 47.63967192560719 4.1261263 83.8365416324128 9.154031623267286 2.1281496807987086 0.4321525375931124 6.457444935117649 104.62971521890819 14.637464835980685 2.5890428042390283 5.411547137373187 10.0357157316177 False
4665 8520.675414231499 3327.4508655056447 214.7641855906491 52.83502914981485 8518 8524 3323 3332 51.0 2.2320367531308785 1.6622191903766774 -78.76460500726773 0.6673886547538631 -0.2041735574944385 0.28501222242941926 0.0 0.09894063996578195 2.3230898 -1.6261869621948426 3.8664056685262964 1.4 2.220250872738827 4.029119531035698 3.775243691533353 6.241944464039039 5.500482172276724 5.967785554556007 6.279582544383443 False
4666 8489.34069505918 3350.895658361374 214.76421805365757 52.835354681857 8457 8530 3323 3381 2737.0 16.643068855741802 9.772076514135343 -30.399489713734685 0.8094738525437429 -0.6671650040813948 1.177554915400309 0.0 154.2565717857484 16.94294 519.8066346912093 55.42247145399406 3.0115246444996746 0.5679557113736232 29.516337145469713 774.4508000090287 88.78190323076839 13.137280760407847 45.06956022280845 64.34547958694988 False
4667 8532.385302423547 3342.886732530233 214.76391870910322 52.83503778814656 8528 8537 3338 3350 73.0 3.5484577005541014 1.0849004256937231 45.21983976936929 0.9521154969171816 -0.45175825695688476 0.342822593122346 0.0 -6.793619523156193 2.7877982 -1.8048565034863044 4.036106472586821 1.4 -0.41840862939451434 4.820437914901168 -10.23030836341205 6.46895866345491 0.6174560597814991 1.1037846427155504 1.7273092392368734 False
4668 8504.77780953942 3373.413632708739 214.7638433870886 52.8353777482365 8489 8516 3365 3380 287.0 5.591733253423593 3.0604118656972568 -11.745565805853255 0.8369299239388197 -0.5891242294738437 1.0416476671173114 0.0 59.74856220472687 5.515934 129.1647800165345 15.26497175007681 2.5575828093286326 0.4513587802092929 9.557977680176279 221.9092327491245 24.408613305224478 4.607008190770639 10.328717019858273 20.024919905037223 False
4669 3631.7594169697554 3411.63611811591 214.80690590946733 52.866568901439145 3554 3716 3340 3476 14614.0 22.516306768940648 16.327800370944406 23.348006738476695 0.6885862350070049 -0.7530449627638256 56.845915617356155 0.0 8135.229305869556 40.48106 8095.182711493743 39.85492450600005 1.4 0.7451122916509664 68.20396379016337 8707.0294383288 64.69520970072088 4.223306405766248 12.157956006447215 32.30853215613723 False
4670 3708.417646523929 3388.1887522689576 214.8064685839001 52.86595524847454 3696 3717 3375 3398 375.0 4.720426261307042 4.072042869739777 77.967291297436 0.5058131888696267 -0.30292741005523943 1.4124540504710335 0.0 123.99177194447235 5.997523 188.6152870158588 13.356448033305004 2.2479414901081967 0.5058248611216153 10.925484305920792 226.13756740990596 21.20845827475509 3.474121977709203 7.2341208745187595 16.04364056431538 False
4671 6403.379813188208 3378.495590078918 214.7825257459721 52.848768853823515 6394 6412 3370 3385 214.0 4.044120361222046 2.9824704119910668 -39.065582381209204 0.6753655901918554 -0.12707793030515496 1.933891154375006 0.0 131.860175185677 4.9120865 187.24120359183067 10.679651511478097 2.0794218382192273 0.39020388263639677 8.253382073025046 243.705228149123 17.208956882592943 2.9151020353652934 5.859455352071088 10.393275636023517 False
4672 6406.426926171422 3400.8255123365916 214.7822634550072 52.848869750171474 6382 6428 3381 3424 1456.0 9.1448286266166 7.467922684110788 -2.957170979280967 0.5771644358260034 -0.3679173318435942 2.9455280883458026 0.0 936.26681321856 13.017335 1019.6647062361965 17.58293096015336 1.408545410761506 0.4731837932444291 21.528102431092233 1042.559108606031 27.96651925514959 5.596612085293112 10.666013134369937 17.052545952752237 False
4673 6607.474638438691 3393.708537891172 214.78054537262815 52.847552988449486 6599 6620 3383 3406 302.0 4.854170457072791 3.567417242831037 -42.92389703590623 0.6781559803033413 -0.2570655885611425 1.7806307741543823 0.0 180.20685327541048 6.1022844 256.7152865506085 13.264408985427176 2.0970295227812037 0.3939677244352773 9.804569629897316 296.3976725823247 21.364760766162338 3.5577116818320946 6.621054454861005 12.182320888914273 False
4674 6620.031484364471 3414.9303733701995 214.78020994303694 52.847587440679455 6598 6644 3392 3443 1435.0 8.624053394312224 8.279907065422412 -30.80777186104475 0.2796754644436021 -0.5930672750023046 5.912238659618853 0.0 1182.630544179893 14.491408 1337.986805037995 21.56553477957336 1.5941296292828542 0.4884629045286101 21.372287820299903 1402.4188862624053 35.11832622823096 5.419737134363951 11.233420644811114 17.475707740547477 False
4675 6633.833480735232 3427.9945906158214 214.77994930142137 52.84757003778991 6624 6645 3418 3440 305.0 4.365295370712432 3.187746486567936 -45.67551176896195 0.6831825791101696 -0.47492306403757784 3.877672691365164 0.0 242.09915758390815 6.887784 309.80675286652877 12.391026426357728 1.9934149369273275 0.5179607751833292 9.853147481188747 367.9508958306853 20.387278881372925 2.791025408163089 5.294950438885722 9.761857397947443 False
4676 1499.2138571894316 3393.8588044044213 214.8261339153981 52.880027984557 1492 1505 3389 3398 94.0 3.1622902944963873 2.376783879222077 17.267611690128174 0.6596168229507893 -0.3511329134703596 0.42026147246881185 0.0 5.090735834521636 3.3266141 4.95466257031629 6.052727275641134 1.4 0.5938481507383331 5.4700209598571305 -5.030333325154177 9.668072852790328 3.4864861967017697 4.36076380911895 4.873155028415471 False
4677 1509.7482549139754 3418.3296917542352 214.82578211745147 52.88009293123024 1483 1538 3394 3441 1775.0 10.688859411906183 7.702606053670767 20.051438005323917 0.6933302176847446 -0.5473309662786935 2.574402168186702 0.0 325.14602250318586 14.683555 366.6332927727889 25.319796333276305 1.803639014189713 0.6029087812432612 23.769729657196955 436.07687988379416 40.38298318676614 4.407512542512655 9.063441005068423 19.260686811573553 False
4678 8267.830619438171 3440.5737744427097 214.7652483222867 52.837246383836124 8225 8312 3399 3485 5354.0 15.10612314953168 12.465270107197801 -42.75587031255793 0.5648699252237029 -0.6349279157100963 10.500757403358355 0.0 2229.474880545056 23.856422 2332.7844605890605 28.017106477022306 1.4144567433064719 0.6341066959392357 41.28233436505275 2521.004355724588 44.67471682647919 5.31322233972681 13.33876208096218 26.310381836757973 False
4679 8309.347730040043 3405.686728757154 214.76524555589816 52.8367944793176 8305 8313 3401 3414 84.0 3.441551918143532 2.276267174626757 88.87664070035699 0.7500270211102521 -0.3903075979938685 0.45654569003211665 0.0 6.737836466170706 2.9757087 78.28296816184482 14.683594006200385 3.646679636483142 0.4008750604682776 5.170882945826411 50.66867312141901 23.458139302517424 9.596079765845298 15.424366656618057 21.303206133755516 False
4680 2978.2510549965464 3442.13236800336 214.81241845591666 52.87088739909549 2946 3022 3413 3477 2530.0 11.447207450693856 7.908868401394909 -42.737579989099736 0.7229509404446435 -0.6297706161836344 4.909267348196501 0.0 721.1072638145071 18.898355 717.3758909387656 22.154004891840017 1.4 0.7145392381654166 28.37823130579125 641.1829942859148 35.53699500446251 4.59262449528671 7.58924411363898 11.716291668584665 False
4681 3009.128934247733 3473.851843629717 214.8118087613019 52.87086205188696 2956 3053 3428 3518 4727.0 23.2955849263494 17.5800506235565 -29.35262211375902 0.6561257124742281 -0.6680106861952824 0.998151906260096 0.0 189.61991919067407 26.09878 1054.1855348581796 116.59771721681298 3.448203379941103 0.5161252241903769 38.78982897604446 2392.788928699091 184.171680271136 44.47495650549819 110.19739566937002 146.82245533864688 False
4682 2986.7904963038327 3502.6540263192755 214.81170487541974 52.871159254946356 2975 3004 3496 3509 196.0 5.040976622775627 2.7458609558827454 10.270638804627454 0.8386256922767991 -0.4360716637135657 0.6300166974470067 0.0 15.066991323656847 5.315698 14.482048642053584 6.271805753113348 1.4747603073903894 0.5531168450646762 7.898654169668588 14.75176066161945 8.93629587876031 2.2578282956445017 3.66645111777632 4.62972441414309 False
4683 2987.588575048754 3513.779049846264 214.81158059363463 52.87121413165208 2968 3012 3498 3527 752.0 11.450942275271274 5.846925807809583 19.521012664230117 0.8598145031222165 -0.6293159673837073 0.6435185827257223 0.0 31.42168641164123 10.398518 233.00379865326033 51.64473200955902 3.782160345145797 0.5668120183310376 15.471555655790098 783.4449269144793 82.54500099363798 42.32244039085931 57.77962887038309 69.22840464413663 False
4684 1500.5029341116986 3451.281294954358 214.8255176652834 52.88032929806704 1492 1507 3441 3464 230.0 6.888558790473822 2.805541774063805 -67.58406731727426 0.9133053171058457 -0.3183800907228135 0.6827891848880979 0.0 29.285491072894114 5.3065324 97.85256182863637 19.567663438459647 2.899273743679271 0.4623760647629342 8.556358677747903 89.98700767810163 31.24510488250994 7.809001055764224 11.421558229162681 23.420547631996598 False
4685 1487.570268434376 3453.200196233328 214.82561296396577 52.88042183469701 1481 1493 3447 3457 124.0 2.9215275877391993 2.499630777060474 61.40855427347266 0.5176535260752273 -0.525600370182716 0.7596883340572104 0.0 21.954754737065045 3.853404 71.35131660433113 12.599500346269183 2.982507572174696 0.44091738948039505 6.282549314314218 104.66841313424092 19.946328445650458 3.586397436486232 10.436001648265924 17.01972585573745 False
