outputs/dr0.5_c0.1/nircam6_matched_f277w_f410m_dr0.5_c0.1.ecsv
# %ECSV 1.0
# ---
# datatype:
# - {name: label, datatype: int64}
# - {name: xcentroid, datatype: float64}
# - {name: ycentroid, datatype: float64}
# - {name: sky_centroid.ra, unit: deg, datatype: float64}
# - {name: sky_centroid.dec, unit: deg, datatype: float64}
# - {name: bbox_xmin, datatype: int64}
# - {name: bbox_xmax, datatype: int64}
# - {name: bbox_ymin, datatype: int64}
# - {name: bbox_ymax, datatype: int64}
# - {name: area, unit: pix2, datatype: float64}
# - {name: semimajor_sigma, unit: pix, datatype: float64}
# - {name: semiminor_sigma, unit: pix, datatype: float64}
# - {name: orientation, unit: deg, datatype: float64}
# - {name: eccentricity, datatype: float64}
# - {name: min_value, datatype: float64}
# - {name: max_value, datatype: float64}
# - {name: local_background, datatype: float64}
# - {name: segment_flux, datatype: float64}
# - {name: segment_fluxerr, datatype: float32}
# - {name: kron_flux, datatype: float64}
# - {name: kron_fluxerr, datatype: float64}
# - {name: kron_radius, unit: pix, datatype: float64}
# - {name: gini, datatype: float64}
# - {name: equivalent_radius, unit: pix, datatype: float64}
# - {name: kron4_2_flux, datatype: float64}
# - {name: kron4_2_fluxerr, datatype: float64}
# - {name: kron4_2_mag, datatype: float64}
# meta:
#   PHOTMJSR: 0.8704000115394592
#   PIXAR_SR: 2.11539874851881e-14
#   __serialized_columns__:
#     area:
#       __class__: astropy.units.quantity.Quantity
#       unit: !astropy.units.Unit {unit: pix2}
#       value: !astropy.table.SerializedColumn {name: area}
#     eccentricity:
#       __class__: astropy.units.quantity.Quantity
#       unit: !astropy.units.Unit {unit: ''}
#       value: !astropy.table.SerializedColumn {name: eccentricity}
#     equivalent_radius:
#       __class__: astropy.units.quantity.Quantity
#       unit: !astropy.units.Unit {unit: pix}
#       value: !astropy.table.SerializedColumn {name: equivalent_radius}
#     kron_radius:
#       __class__: astropy.units.quantity.Quantity
#       unit: !astropy.units.Unit {unit: pix}
#       value: !astropy.table.SerializedColumn {name: kron_radius}
#     orientation:
#       __class__: astropy.units.quantity.Quantity
#       unit: &id001 !astropy.units.Unit {unit: deg}
#       value: !astropy.table.SerializedColumn {name: orientation}
#     semimajor_sigma:
#       __class__: astropy.units.quantity.Quantity
#       unit: !astropy.units.Unit {unit: pix}
#       value: !astropy.table.SerializedColumn {name: semimajor_sigma}
#     semiminor_sigma:
#       __class__: astropy.units.quantity.Quantity
#       unit: !astropy.units.Unit {unit: pix}
#       value: !astropy.table.SerializedColumn {name: semiminor_sigma}
#     sky_centroid:
#       __class__: astropy.coordinates.sky_coordinate.SkyCoord
#       dec: !astropy.table.SerializedColumn
#         __class__: astropy.coordinates.angles.Latitude
#         unit: *id001
#         value: !astropy.table.SerializedColumn {name: sky_centroid.dec}
#       frame: icrs
#       ra: !astropy.table.SerializedColumn
#         __class__: astropy.coordinates.angles.Longitude
#         unit: *id001
#         value: !astropy.table.SerializedColumn {name: sky_centroid.ra}
#         wrap_angle: !astropy.coordinates.Angle
#           unit: *id001
#           value: 360.0
#       representation_type: spherical
#   astropy version: '5.1'
#   kernelfile: kernel_f277w_f410m.fits
#   make_catalog parameters:
#     ab_zpt: 31.4
#     coadd_bands: !!python/tuple [f277w, f356w]
#     deblend_contrast: 0.001
#     deblend_nlevels: 32
#     deblend_npixels: 1
#     detect_kernel_fwhm: 4.0
#     detect_kernel_npix: 7
#     detect_npixels: 4
#     detect_threshold_nsigma: 3.0
#     flag_isolated_buffer: 4
#     hst_bands: !!python/tuple [f606w, f814w, f125w, f140w, f160w]
#     jwst_bands: !!python/tuple [f115w, f150w, f200w, f277w, f356w, f410m, f444w]
#     near_border_kernelsize: 21
#     reference_band: f200w
#   make_catalog version: 1.4.0
#   photutils version: 1.5.0
# schema: astropy-2.0
label xcentroid ycentroid sky_centroid.ra sky_centroid.dec bbox_xmin bbox_xmax bbox_ymin bbox_ymax area semimajor_sigma semiminor_sigma orientation eccentricity min_value max_value local_background segment_flux segment_fluxerr kron_flux kron_fluxerr kron_radius gini equivalent_radius kron4_2_flux kron4_2_fluxerr kron4_2_mag
[from data line 1175]
1176 723.8077945437814 1592.267276303136 214.90424789334853 52.856811164173024 721 726 1590 1594 22.0 1.5199877514402973 1.0936807971401927 -24.1874802500231 0.6944586253096946 0.22912704963725342 0.33631165836254867 0.0 6.233729483333161 0.91078764 19.686320620536723 3.283688129562362 2.8394264199309562 0.06544443981836302 2.6462837142006137 14.168489431735699 5.134968098609176 28.521691123575376
1177 9656.815144508762 1593.9574835542796 214.8244900927655 52.80007230827579 9654 9660 1590 1598 48.0 2.196625907079668 1.4874257123452745 68.03967603341569 0.7358531868544085 0.2074250513528657 0.5702885783260684 0.0 18.001647424511393 1.3812795 97.27756923113273 5.373322594539955 3.2914952895634335 0.1529880277513995 3.9088200952233594 184.53960079848284 7.918147479527283 25.734776058006148
1178 1627.420102691829 1597.473946730374 214.89611762301996 52.85110139207558 1624 1631 1592 1604 85.0 3.0966885046154737 1.8531154859290129 -85.34856252489166 0.8011837352880148 0.1848949431103552 0.5109724716909718 0.0 28.2611693251977 1.8349937 51.04526674162499 4.860394620625774 2.2715219560796465 0.16131389637131197 5.201570947860099 55.754207571070644 7.764177643905975 27.034305880971
1179 2162.665414708854 1596.4301861746892 214.89134615614282 52.84769673268152 2159 2166 1593 1600 55.0 1.998329290043917 1.837907591112148 80.167833007066 0.39257009208355115 0.19968703331174845 0.6099001600601974 0.0 21.59928394964473 1.5675719 47.00464322903649 4.468363797105852 2.5374179622719697 0.1681415524003121 4.1841419359420025 61.40333462707391 6.970441665080851 26.92952010753744
1180 10145.140608480877 1597.3654540503667 214.82010125698986 52.796986991460095 10141 10149 1593 1601 63.0 2.1081191700929995 1.729043779512138 -43.173626287582 0.5721010689811415 0.19697012660722726 1.1685978506961525 0.0 35.928712384234714 1.543541 52.6257354278806 3.423577543592981 2.115171822865676 0.2790246123263462 4.478115991081385 52.440969790995794 5.5208600931665694 27.10082321374666
1181 7625.650440494232 1598.7551853721104 214.84255245269327 52.8130060808372 7622 7629 1595 1603 54.0 2.142315888380326 1.6785314252204728 89.19425948316223 0.6213759363603604 0.21588939852457545 0.6145397310408729 0.0 21.394772368626754 1.430976 39.03015624116294 3.8390232447357833 2.294605118156017 0.17235428122581317 4.145929793656026 41.57267210972682 6.037365855614138 27.352980150112064
1182 9168.912569035654 1595.9876587498068 214.828818613425 52.8031840887276 9167 9171 1595 1597 15.0 1.3744892006507377 0.803478679340531 -0.8088446760118996 0.8113466711217243 0.2837012868547744 0.42166402444772433 0.0 5.524198703774159 0.7519236 24.84460756907774 2.9275224341381896 3.1668430061503283 0.05885419050328729 2.1850968611841584 28.355884836827478 4.673955532512927 27.76839199034578
1183 9393.22619223676 1600.8794117861794 214.82676726026577 52.80178486242731 9390 9397 1597 1605 52.0 1.9754734686705187 1.7110211714031944 -68.33750197310549 0.49981498671298863 0.22854306146968087 0.7589548512937537 0.0 23.37777150330994 1.4386432 42.71893963193121 3.9247991123083557 2.354582495552543 0.19178883301496855 4.068428945128219 50.46342808770831 6.592860167857322 27.142558125677432
1184 3381.164695284162 1599.4582245045135 214.88042975763946 52.83997438078993 3380 3383 1598 1601 7.0 1.191246011728662 0.6258275595217074 -41.602930221176514 0.8508828786813454 0.2081889656158972 0.25822169807396467 0.0 1.6788099404750079 0.5734102 25.28052685565303 2.926333565628607 3.718441205813042 0.03837804855804677 1.4927053303604616 36.09380073888909 4.798176644600367 27.50641845895375
1185 9678.732811755202 1608.985773016621 214.82413672252991 52.800014008192214 9666 9690 1598 1619 395.0 5.070781285411482 4.326275687112847 17.840459501200097 0.5216209611215238 0.23493948445098106 2.0064450134183223 0.0 296.90448737022587 4.0145273 469.75429291775504 9.431058529545112 2.203693800311494 0.306832049393969 11.213046198183495 517.1981877075862 14.987764095765147 24.615857513955007
1186 6085.877893527196 1603.1461071782423 214.85624429022673 52.822813071589174 6084 6088 1601 1605 18.0 1.2793509017247664 1.0289279321066471 51.683976619846185 0.5942805761060097 0.31873496449049293 0.49626982714730294 0.0 7.1869503585796455 0.7845534 24.33568274458285 2.740475600021813 2.9219852548938317 0.09213037945867074 2.393653682408596 21.888756220072118 4.244890716941517 28.049447288874365
1187 7894.647467917102 1608.9520750448098 214.84004587033726 52.81135175534332 7889 7902 1602 1616 150.0 3.5391268822174453 3.0152019463885287 50.439968839070936 0.5236034681778675 0.24497398652373084 0.6515387896459863 0.0 58.937407406702874 2.5749574 296.0340810776291 9.565282081490366 3.259945440473194 0.14180369808963492 6.90988298942671 499.5135229283172 15.311369571344402 24.653631874933083
1188 8318.536150169079 1607.9790988549298 214.8362755071257 52.80865287433561 8311 8326 1602 1613 134.0 3.206463576716514 2.269182119005962 -21.979784633075834 0.7065231089292082 0.22168095851456066 1.6264218567819668 0.0 86.18010734085664 2.7053974 131.0730533458539 5.61712597342464 2.1817138447527045 0.322997797931578 6.530966601401967 153.9627390011571 8.771165157865862 25.9314609284963
1189 9070.98741039828 1604.318613859888 214.82960415503555 52.80385133411068 9070 9072 1603 1605 7.0 0.7513482009554456 0.6852236288643387 -2.618415489658551 0.41020774835168516 0.2724344038392881 0.3393615398033809 0.0 2.1567806669900724 0.5282307 15.042207166148325 2.32368899905445 3.5213652122422916 0.0441630521254081 1.4927053303604616 20.012144939832666 3.632458369348525 28.146765900897016
1190 9792.367074820282 1615.058536719007 214.8230598826872 52.79932451687245 9777 9807 1605 1625 509.0 6.336250699744688 4.246717208992511 2.897578999203625 0.742157457162514 0.2356353366292939 2.73159927588283 0.0 427.3941688841009 4.645926 540.9575063012398 8.724283413441915 1.8435566138166406 0.3457683771947392 12.728697186576065 604.5823400567103 14.141478930939718 24.44636135695412
1191 1956.0086092493625 1623.522655174691 214.89290766610844 52.84915529987188 1943 1969 1607 1640 685.0 6.460778523678192 4.473232852607076 88.59018150007357 0.7215450730899504 0.20136287364186878 5.978905744335906 0.0 866.0991504590506 5.495921 945.2555653199471 7.727916143271243 1.5608098375398645 0.4746868279304622 14.766254502611575 994.0723660668261 12.332385800542601 23.906454997156807
1192 627.8824791349118 1608.8826826948355 214.90493056868488 52.85750992333235 626 629 1608 1610 7.0 0.9879333201846918 0.6110450436400092 -14.884972097406319 0.785778197760571 0.22779543316930173 0.2695379430187232 0.0 1.741267350084486 0.52847356 19.758077368466296 2.481043731671837 3.606199585004353 0.038752265355416156 1.4927053303604616 29.27181377691559 4.007372665198712 27.73387591607979
1193 2932.507560689455 1609.6429749906963 214.88432995872154 52.842878867184886 2931 2934 1608 1611 13.0 1.2007900782522654 0.8104973084249211 -37.86194508136127 0.7378451505246842 0.22272095583394289 0.2873136436953383 0.0 3.36872779892007 0.7340563 26.357629641307224 3.1156115259496766 3.522472193680859 0.04303464078065414 2.0342144725641096 32.984442973954174 4.90054316571978 27.604227114215803
1194 8931.51155325281 1611.5223570229182 214.83077206255714 52.80477655911808 8928 8935 1609 1614 41.0 1.943268507127948 1.4242402873979683 -18.922755157821545 0.6803259588254509 0.29149823219659976 0.8231533550034423 0.0 22.369816855559417 1.552068 45.8386202992178 3.9387290907005315 2.426089383367031 0.15307229114181758 3.6125759969217834 52.846169794723 6.140242121226469 27.0924662104513
1195 1485.7600941856347 1613.6252499114305 214.89721364571088 52.85208811636706 1482 1489 1610 1617 48.0 1.9226382082925533 1.6789347366833436 -64.56771080738164 0.48728090918919525 0.18078002344016125 0.5046491064142699 0.0 15.463787547040457 1.3800045 41.21151316590749 4.655659869913064 2.7827859737401544 0.1648980992923061 3.9088200952233594 63.44078741576498 7.1706960077963515 26.89407858817792
1196 2571.215022617042 1617.0260272927003 214.8874796800659 52.845213269411744 2568 2574 1614 1620 35.0 1.6818992960621872 1.5563716105463874 54.64077159541415 0.3790760624907473 0.16633847724534867 0.285972174221997 0.0 8.0474765517571 1.1856347 37.85576477316827 4.412077574107188 3.164958025465155 0.0816401320766034 3.3377905890622728 59.33140832014471 7.155078506714629 26.96678835726994
1197 8070.3722062912875 1623.5295916109992 214.83832530270138 52.81031370132412 8063 8077 1614 1631 185.0 4.029039503209731 3.0266268879474008 -89.00457459152608 0.6600711561800175 0.2396266974953118 1.1921672321938013 0.0 101.13152422226892 2.8779 160.38609256176767 7.0240550325557525 2.1664786064765256 0.23209280972002344 7.673807981960539 161.34358712266865 10.9902645343795 25.880620729238448
1198 8292.161426987203 1619.257662598494 214.83639215637413 52.80888128008903 8287 8298 1614 1624 103.0 2.6101848456033143 2.1403405818431462 37.37635198016422 0.5723695537517417 0.1836978387264686 1.687313007516943 0.0 70.84477312649221 2.3308208 89.4848184316647 4.385422873885631 1.8807149964420538 0.33203890034522726 5.725898905580716 104.29692987830263 6.837157868359661 26.354321188582187
1199 1576.9590197908647 1615.4971442309893 214.8963790087936 52.851519088035616 1576 1578 1615 1616 6.0 0.8080576216469861 0.49991679735602873 -0.7818242898273288 0.7856550641545237 0.23948096121065102 0.280785439540011 0.0 1.596490883452235 0.4673528 11.412729541960378 1.9373837259886926 3.5900026028571204 0.03643198049231936 1.381976597885342 13.206167013257897 3.1351891566340178 28.598058036687192
1200 6712.906207167334 1619.6945690897212 214.85047515549311 52.81891851920959 6710 6716 1617 1623 34.0 1.5972085208516371 1.4957836932633017 -20.558523276703863 0.3506710663754636 0.19349318149308573 0.47911219543742817 0.0 11.770356392778348 1.3882705 26.555879194847982 3.4682749855101536 2.5509474529151253 0.12355153410974766 3.2897623212397704 24.825299558129895 5.372446821388121 27.912763755806736
1201 320.19116095694534 1623.2123246289477 214.90753025304124 52.859540938333396 313 327 1618 1628 119.0 3.1663005141949228 2.1760901201098193 -16.889778376458892 0.7264060106362447 0.1672133904735686 1.0248284656502378 0.0 56.95281142140749 2.2490945 90.3915951624341 5.207610220715267 2.250986852100547 0.2795797108603821 6.154581744998688 113.7000228720441 8.316327960034881 26.26059861987254
1202 8792.893055519055 1620.7983097434103 214.83191059046132 52.805707494408026 8791 8794 1620 1622 9.0 1.0727592414784224 0.6563652743713398 30.310397375512885 0.7909755952057882 0.27397665457807013 0.3173990293201459 0.0 2.6941295997754438 0.5587721 39.72056744610787 3.1621195951482997 3.7293229896332734 0.024565074793370296 1.692568750643269 101.36044503138517 5.125901231008852 26.385328728286808
1203 2029.7472936586269 1621.5597155220821 214.89226946833278 52.8486764308436 2028 2031 1621 1622 7.0 1.0109830259577544 0.4797509881320815 -8.241638210897005 0.8802344179143288 0.2718096186303249 0.334022343091507 0.0 2.172215303404877 0.5053479 15.010083387315396 2.2422608569336417 3.5585587392877205 0.03726373666284965 1.4927053303604616 21.507760540532995 3.5313728791586585 28.068512018606143
1204 8586.334767558259 1624.7757321852998 214.83371072075423 52.807041609604624 8579 8593 1621 1629 106.0 3.684630207491977 1.8803993523263403 19.848786325002248 0.8599751111662357 0.2122439499874141 0.7746574365231812 0.0 47.91794787218049 2.081698 82.32583047658821 5.01310228209304 2.0896435940425584 0.1885173410432284 5.808687281605183 73.53192049832448 8.162593219718957 26.733810227565794
1205 7488.459039197507 1626.1276416898656 214.84348846753542 52.81402540373703 7485 7492 1623 1629 39.0 1.770768125423957 1.464940113290258 -22.44934542223184 0.561773970315287 0.2201452530789369 0.6799994979622502 0.0 16.767887421041376 1.2829359 26.989322888775256 2.965046818201632 2.112077876727327 0.17501913458273727 3.523362819972964 28.668265206064778 4.7657038283064574 27.756496466467787
1206 518.9987747844469 1626.276292242785 214.90572091234563 52.85829515799666 518 520 1625 1627 7.0 0.7456365356156843 0.6912129512960165 -1.3597472932934926 0.3750351978441119 0.2583379360455257 0.3068103908205794 0.0 1.9450997134114316 0.5689048 11.824095281167589 2.3078869469185292 3.4148090717104993 0.0350509619657823 1.4927053303604616 16.207354580212918 3.565213733858144 28.37571966599002
1207 3842.1362348979887 1627.7158632514324 214.8760159021076 52.837198924053816 3839 3845 1625 1631 41.0 1.7019675235376754 1.6598502377754105 -61.815236329083106 0.2210884233631308 0.21262388677485855 0.5007570311052347 0.0 14.262867543849973 1.3836095 39.22796766694098 4.458577017389587 2.82450696688055 0.13995659641905245 3.6125759969217834 55.91919351039401 7.295302633248625 27.03109775197708
1208 9457.181781310012 1630.4427593427913 214.82588629313491 52.80153774203214 9451 9464 1625 1636 131.0 3.032089551704668 2.3739454769908157 -5.232554352409596 0.6220966915333211 0.18405993578826108 1.6921385731499707 0.0 88.35306272916094 2.506626 133.4846375494467 5.5193545572723774 2.181714953045399 0.32662847245486487 6.457444935117649 148.77629969405433 8.976520802231365 25.96866561773958
1209 2648.1167835739943 1627.944851908488 214.88667788971077 52.844783784627836 2647 2649 1626 1630 11.0 1.2140152139408367 0.6773462417275515 -76.12884762770089 0.829882069587722 0.2344751348220284 0.3498751744578896 0.0 3.2591466913008182 0.6580325 20.70184486111228 2.8801483382530884 3.4252886724639913 0.07381485156653105 1.8712051592547776 28.67836174301462 4.534362490065633 27.756114153630726
1210 9019.422758065979 1628.0649958549486 214.82981429271948 52.80430703943669 9017 9022 1626 1631 27.0 1.471809770219853 1.3285315679948275 -8.353176544720677 0.43037185887095236 0.269015559883605 0.4730235649329803 0.0 9.998331471698675 1.0438123 37.83643415662646 3.9800682361979756 3.088013595139091 0.08968566049646952 2.9316150714175193 44.51336728341721 6.442431525941256 27.27877387897055
1211 9627.811378676539 1627.1896416349418 214.8243993142964 52.80043576173293 9627 9629 1626 1628 6.0 0.7739342263986365 0.5719605971627062 -44.96314342393338 0.6736725363015683 0.3255438254871031 0.36645928168762404 0.0 2.1056895617321114 0.47932774 15.821602356373395 2.126275998629039 3.550801213834266 0.02997575949915635 1.381976597885342 19.334051837802548 3.416565720312949 28.184192803314918
1212 3116.1135023941156 1629.9101416377337 214.8824768642015 52.8418220944197 3114 3118 1628 1632 19.0 1.1850386383159683 1.1734002649205937 -32.885699364249376 0.13980604419349746 0.3076684360680731 0.518942923010115 0.0 7.738497110567223 1.0082799 20.48356648482917 3.082560643448263 2.5962718081927663 0.09106616808995023 2.4592453796829674 22.272423416535133 4.7611902589022685 28.03058131426632
1213 9352.743348136652 1630.9450206523882 214.8268121275104 52.80220420428168 9350 9355 1628 1634 32.0 1.6865417391264728 1.3058181797148611 70.07882129246133 0.6328702732592166 0.2961046188547116 0.6802675667896774 0.0 14.813108461285312 1.387186 31.515581067992798 3.699481765435061 2.514186977566777 0.14377153429384254 3.1915382432114616 32.258992590254735 5.887909997209615 27.628372998080973
1214 6629.225052827679 1637.4366295672862 214.85103527517936 52.819545867569836 6622 6637 1629 1645 189.0 3.4992355003495295 3.235160413328338 -75.90986137693312 0.38110080533845714 0.19011955101492853 1.1511985347700395 0.0 95.78741269389533 2.5875201 139.17474345505596 6.020649205633239 2.1243192362153294 0.2590635238254037 7.756324418739616 167.03052957736253 9.660014867154931 25.84301035483769
1215 6501.881947702769 1634.8863259570458 214.8521983500181 52.82034119946019 6498 6505 1631 1639 55.0 2.1384398256222186 1.7737689900976814 -69.10685740402367 0.5585531375991993 0.232771122678338 0.5629913852706602 0.0 21.309953403673955 1.5429702 49.81149050345773 4.339601115897531 2.633655791459457 0.1376891320969323 4.1841419359420025 62.33103442961553 6.843991232549289 26.91323916402517
