outputs/dr0.5_c0.1/nircam3_matched_f277w_f160w_dr0.5_c0.1.ecsv
# %ECSV 1.0
# ---
# datatype:
# - {name: label, datatype: int64}
# - {name: xcentroid, datatype: float64}
# - {name: ycentroid, datatype: float64}
# - {name: sky_centroid.ra, unit: deg, datatype: float64}
# - {name: sky_centroid.dec, unit: deg, datatype: float64}
# - {name: bbox_xmin, datatype: int64}
# - {name: bbox_xmax, datatype: int64}
# - {name: bbox_ymin, datatype: int64}
# - {name: bbox_ymax, datatype: int64}
# - {name: area, unit: pix2, datatype: float64}
# - {name: semimajor_sigma, unit: pix, datatype: float64}
# - {name: semiminor_sigma, unit: pix, datatype: float64}
# - {name: orientation, unit: deg, datatype: float64}
# - {name: eccentricity, datatype: float64}
# - {name: min_value, datatype: float64}
# - {name: max_value, datatype: float64}
# - {name: local_background, datatype: float64}
# - {name: segment_flux, datatype: float64}
# - {name: segment_fluxerr, datatype: float32}
# - {name: kron_flux, datatype: float64}
# - {name: kron_fluxerr, datatype: float64}
# - {name: kron_radius, unit: pix, datatype: float64}
# - {name: gini, datatype: float64}
# - {name: equivalent_radius, unit: pix, datatype: float64}
# - {name: kron4_2_flux, datatype: float64}
# - {name: kron4_2_fluxerr, datatype: float64}
# - {name: kron4_2_mag, datatype: float64}
# meta:
#   PHOTMJSR: 2.251199960708618
#   PIXAR_SR: 2.11539874851881e-14
#   __serialized_columns__:
#     area:
#       __class__: astropy.units.quantity.Quantity
#       unit: !astropy.units.Unit {unit: pix2}
#       value: !astropy.table.SerializedColumn {name: area}
#     eccentricity:
#       __class__: astropy.units.quantity.Quantity
#       unit: !astropy.units.Unit {unit: ''}
#       value: !astropy.table.SerializedColumn {name: eccentricity}
#     equivalent_radius:
#       __class__: astropy.units.quantity.Quantity
#       unit: !astropy.units.Unit {unit: pix}
#       value: !astropy.table.SerializedColumn {name: equivalent_radius}
#     kron_radius:
#       __class__: astropy.units.quantity.Quantity
#       unit: !astropy.units.Unit {unit: pix}
#       value: !astropy.table.SerializedColumn {name: kron_radius}
#     orientation:
#       __class__: astropy.units.quantity.Quantity
#       unit: &id001 !astropy.units.Unit {unit: deg}
#       value: !astropy.table.SerializedColumn {name: orientation}
#     semimajor_sigma:
#       __class__: astropy.units.quantity.Quantity
#       unit: !astropy.units.Unit {unit: pix}
#       value: !astropy.table.SerializedColumn {name: semimajor_sigma}
#     semiminor_sigma:
#       __class__: astropy.units.quantity.Quantity
#       unit: !astropy.units.Unit {unit: pix}
#       value: !astropy.table.SerializedColumn {name: semiminor_sigma}
#     sky_centroid:
#       __class__: astropy.coordinates.sky_coordinate.SkyCoord
#       dec: !astropy.table.SerializedColumn
#         __class__: astropy.coordinates.angles.Latitude
#         unit: *id001
#         value: !astropy.table.SerializedColumn {name: sky_centroid.dec}
#       frame: icrs
#       ra: !astropy.table.SerializedColumn
#         __class__: astropy.coordinates.angles.Longitude
#         unit: *id001
#         value: !astropy.table.SerializedColumn {name: sky_centroid.ra}
#         wrap_angle: !astropy.coordinates.Angle
#           unit: *id001
#           value: 360.0
#       representation_type: spherical
#   astropy version: '5.1'
#   kernelfile: kernel_f277w_f160w.fits
#   make_catalog parameters:
#     ab_zpt: 31.4
#     coadd_bands: !!python/tuple [f277w, f356w]
#     deblend_contrast: 0.001
#     deblend_nlevels: 32
#     deblend_npixels: 1
#     detect_kernel_fwhm: 4.0
#     detect_kernel_npix: 7
#     detect_npixels: 4
#     detect_threshold_nsigma: 3.0
#     flag_isolated_buffer: 4
#     hst_bands: !!python/tuple [f606w, f814w, f125w, f140w, f160w]
#     jwst_bands: !!python/tuple [f115w, f150w, f200w, f277w, f356w, f410m, f444w]
#     near_border_kernelsize: 21
#     reference_band: f200w
#   make_catalog version: 1.4.0
#   photutils version: 1.5.0
# schema: astropy-2.0
label xcentroid ycentroid sky_centroid.ra sky_centroid.dec bbox_xmin bbox_xmax bbox_ymin bbox_ymax area semimajor_sigma semiminor_sigma orientation eccentricity min_value max_value local_background segment_flux segment_fluxerr kron_flux kron_fluxerr kron_radius gini equivalent_radius kron4_2_flux kron4_2_fluxerr kron4_2_mag
[from data line 3943]
3944 7130.881248200229 922.4689069966068 214.80188923347117 52.83091272881975 7123 7140 914 931 239.0 3.988030714500219 3.291552248230986 45.64413571198796 0.5646100473315052 0.2534125573748962 2.588911759223075 0.0 230.94438657191552 9.236342 384.30184287179225 22.525806668750228 2.3637314557564566 0.3203454346745916 8.722159296752494 490.9200836189665 36.62929669915387 24.672473001200323
3945 2095.6349483430545 925.7341385624558 214.84679138357245 52.86293242951975 2087 2102 913 931 184.0 4.317202757348868 3.141229643616353 -87.27930334104504 0.6859935455094538 0.1566909453986226 1.6069573536843886 0.0 107.3704535252144 8.385461 275.6919430569177 24.50602415437116 2.664194703017866 0.35311487702727695 7.653039857325812 344.40563353120154 41.49789560033996 25.057324383235382
3946 2096.1948423175527 952.5115018700353 214.84650456201214 52.86307325087959 2039 2152 917 984 3350.0 6.366184927054055 5.583076378717688 16.64181236288846 0.48050981328025555 0.09735616683567398 506.1279833768697 0.0 44233.43510472032 36.224834 42742.564702682954 22.720772752707894 1.4 0.876366004611842 32.654833007009834 44272.826266241755 34.80610407515199 19.784656882162984
3947 2122.1530436315898 937.4440733897056 214.8464313101274 52.86282707288596 2114 2143 924 945 307.0 7.057035306019884 2.992364337911878 -36.754073268810515 0.9056501562175417 0.08145316250174718 1.5636674212137665 0.0 158.3047229545383 10.923276 338.3385632439319 31.497203408720193 2.5374743245167544 0.37109573435543 9.885400096021595 509.009264726302 50.75954916061383 24.633185781963157
3948 2125.854896647099 970.2373615077692 214.8460531120468 52.86298036595155 2114 2154 962 986 477.0 10.591700377565315 3.3977566373644157 27.59787427188746 0.9471489036166341 0.16274812657856255 1.894194787472057 0.0 238.70114500958425 13.670176 581.8717692893928 43.671010378482734 2.6416554619568005 0.37426242402437815 12.322086499845234 951.9794992891769 69.2110089338351 23.953431009924977
3949 2069.170215687361 968.302486489807 214.84657972378696 52.86333010612212 2044 2079 960 983 385.0 7.693203259525706 3.5202457189744476 -21.4625280249549 0.8891691404629944 0.1060366306064329 2.1430197371156785 0.0 232.05956808447007 12.29388 544.4653889983604 37.67893184914607 2.645481348955006 0.423861609496029 11.070199012698888 825.0723920710772 59.85828482050945 24.108769861662434
3950 2096.167674494904 981.174996947515 214.84620313061248 52.863227971346426 2090 2103 974 994 171.0 4.959942226582338 2.517405492295888 89.4474448334729 0.8616238714721196 0.13847760539140525 1.5521658632926711 0.0 93.26829932338765 8.111901 274.6175305705901 27.173744570380958 2.8686469657487352 0.3087956751249249 7.377736139048903 368.8033140613873 43.75118987812015 24.983012962591935
3951 4116.023362758432 925.568137514667 214.82875443796854 52.85009275513697 4109 4122 919 931 132.0 3.0863554210467283 2.966113259491241 61.85114628387225 0.2764068014429434 0.20556782370396529 0.6136635266743947 0.0 53.80612878509632 6.5655923 144.64710325334443 21.921756641247274 2.7952780819212606 0.1640314068308062 6.4820448144285745 206.29798694311785 35.15500239432022 25.61376252463524
3952 4111.29038784197 933.0422344254308 214.82871802783623 52.85016312176272 4106 4118 927 939 86.0 2.8458994212739888 2.6265695140579806 29.44459826764777 0.3849648104749388 0.23825973876327708 0.5674701516863573 0.0 36.21328135141233 5.4197774 177.4300208805749 22.659837844102174 3.258418048772872 0.13385554497686447 5.232078956954491 303.86161450368854 36.50401172754799 25.19331039739928
3953 4122.745794235829 946.1488215039064 214.82847785029722 52.85016096678043 4106 4141 931 961 688.0 7.498166631206865 5.539047569378445 25.51788105709145 0.674012154308104 0.16469290069464246 1.237494992105073 0.0 351.2348879072547 15.236735 599.3005803245222 38.49053468240945 2.2931877767373967 0.2806608942715834 14.798554040663838 739.500593676798 62.19615084948143 24.227653682529947
3954 7809.744814666384 939.8779712873913 214.79565267317085 52.8266906230491 7794 7826 920 956 647.0 6.830738782060965 5.732175935347314 -23.029044740889145 0.5438635858680725 0.24335175929058955 3.3232525682842646 0.0 747.7027972186993 15.349911 1107.483104297262 34.63344866261618 2.0800180301773707 0.3978430589367827 14.350836085779552 1293.4382694593717 55.40908239787585 23.620635733899125
3955 7795.541835105108 964.774449751499 214.7955173426964 52.826915047527706 7773 7818 940 996 1521.0 10.891052645087528 5.97449613081651 -54.454709445552936 0.8361051508797354 0.20556292358511155 9.24853560882912 0.0 3476.7179466830103 23.304272 3891.586578167531 34.26700364899426 1.5987865529510978 0.48768520128775805 22.003393758362495 4090.934903020469 54.78869108020827 22.370443577888096
3956 2710.4622887589812 940.1101789424713 214.84114957549778 52.859103237821124 2700 2721 930 954 301.0 5.897940788315293 3.5584487345299407 -51.1868696595278 0.797485977803876 0.20755998548252147 0.7918674523731088 0.0 124.40537182829378 8.785516 760.0541568130897 35.57228250663046 3.465105953360024 0.21583395596794686 9.788323438736636 1262.0143125318582 60.76623908198907 23.647339299301898
3957 2718.897542828228 948.6812601662843 214.84098404914448 52.8590958467192 2702 2733 927 969 554.0 9.809782498319478 3.96581347616154 -49.514961141234416 0.914639120026374 0.20784120709263865 1.1144980365170514 0.0 234.2108411836403 11.754029 788.257116172812 44.1190546649032 3.0103117341972827 0.2605779602210888 13.279445656570912 1261.6971041882234 74.66078323231622 23.647612234299668
3958 2696.1012386181587 974.2951451649521 214.84091803465992 52.85937879561903 2685 2706 965 983 225.0 5.781929833068103 2.8378287543110092 -42.17462605291879 0.8712666540436087 0.17402670312679733 0.407276702261809 0.0 65.35973059792936 7.3958893 311.64977774095985 31.07636362926139 3.245023283675879 0.11882505623775363 8.462843753216344 589.3486275617424 51.44210756502896 24.474069308722967
3959 9095.31736539525 957.8306532362975 214.78400372442337 52.8186133975352 9069 9122 931 986 2163.0 11.389412894061397 9.17276659091947 72.7161278235373 0.5927634756539042 0.21478849494216629 5.662382907153141 0.0 2561.929120483732 27.370077 2926.6670403764533 42.819377746271364 1.5965210471712679 0.4174853409192882 26.239365156488432 3064.3547248923473 68.66580908348286 22.68415240720497
3960 9115.261567222695 974.1874763325135 214.7836538682253 52.818574681610976 9108 9124 963 983 198.0 5.009845244144347 2.7417332666290166 -48.95146159103256 0.8369567388540182 0.26965597751342235 1.2348556655755867 0.0 134.15405285531997 8.520643 321.6140324670117 26.527566443866064 2.6743863965110357 0.24138822876507907 7.938851142601841 431.22857764197107 41.632884517250815 24.813231165118225
3961 1635.7489174566072 955.9786452559861 214.85058057032717 52.86601752713913 1617 1654 936 979 898.0 6.413023967089998 4.918715138174283 64.58442280262284 0.6416609378982273 0.16957973182285885 12.522291592962452 0.0 1631.1635121211139 18.211336 1782.1473166355404 25.3496328941165 1.6780331337777166 0.586568742368465 16.906870727400857 1974.0357273308073 40.42699267147977 23.16161247865657
3962 1598.503631355511 984.7972097775695 214.85060994039839 52.86640956524193 1555 1649 934 1031 5808.0 15.780204790293876 13.614106324460366 -63.087630206610875 0.505659423975126 0.15648915458863236 26.401955262389663 0.0 12907.282519174805 46.1223 13843.753410040297 55.21296392884714 1.4 0.575105722203187 42.997021047456954 14274.310863869847 88.4777502695642 21.013612123684798
3963 1625.257047672784 995.0067761436889 214.8502635182351 52.86629463481454 1617 1641 987 1012 368.0 5.7653414720510385 3.739695507322012 46.607312272532376 0.7610858401332733 0.1693592631749886 3.196351268971647 0.0 498.6476206734127 11.657495 616.5800142704354 18.365397142608046 1.9185837992907715 0.41649954510638826 10.823032759612019 744.3975276587413 32.460978229029465 24.22048769486456
3964 1617.8318246952906 1003.9162927703818 214.850236069271 52.866389853644975 1610 1633 996 1019 237.0 5.760609159991679 2.6299802394684755 44.66235160972144 0.8897000609589132 0.198284269051384 2.5905724707088402 0.0 300.0860563984721 9.197141 367.33080579137544 14.871596372954151 1.9212261023844084 0.3918944904197709 8.685588237163813 440.42617312695006 26.432742349202595 24.790317200483376
3965 1965.0455628565642 962.966975485047 214.84756583212575 52.86396293652126 1944 1987 943 984 1264.0 8.773996266060884 7.033035176288563 -49.72536703349072 0.5978913161799096 0.21879760678955454 5.805993377848503 0.0 1880.8967594233864 21.60612 2177.4990597662163 34.54789022382059 1.638880255006957 0.4314951623123351 20.0585068271871 2296.648911376515 55.754084442561656 22.997263475775746
3966 1937.5019891513525 964.1589786737745 214.84779928736393 52.864144371850486 1923 1947 951 977 407.0 6.307648348898539 4.541086061717071 -44.43652587694388 0.6940432625202739 0.18792941484843914 0.9955195783659296 0.0 218.42292013353557 12.285334 425.5307336824552 34.364227513903266 2.4031199603975053 0.24697027555421142 11.382096629215674 520.3977836676269 55.39403453711324 24.60916140432959
3967 1979.4801147051407 970.0628573000661 214.84736223094902 52.863909481366 1975 1985 966 976 77.0 2.6358942027635557 2.2242457453108653 -29.965403739530945 0.5366111083464139 0.2408165933990564 0.9289727800114944 0.0 38.22069882494743 5.240988 153.93580220834883 19.950495764003826 3.199711290799375 0.21571771169078793 4.950743503369154 217.8492189508887 32.997366570118736 25.554609981975226
3968 1947.0974725611723 976.7069483146159 214.84758152245675 52.864151061079674 1935 1957 968 986 256.0 4.435162568985852 3.707399988149227 40.89984152103998 0.5488654194486443 0.255497893398743 1.9698435581722333 0.0 259.7110462775033 9.617202 393.7392492701716 22.827083048147646 2.19232691493977 0.2692486011084481 9.0270333367641 501.7438346957827 37.5744905107455 24.64879488827733
3969 7149.026011755354 979.9093296708223 214.8011230081833 52.83110685624281 7123 7175 954 1023 2194.0 12.553681177193003 6.834441591632195 -55.3928562284343 0.8388145030305554 0.19431724076157317 9.42260534784612 0.0 3160.398084388661 27.859997 3447.1993317673214 39.8808989055988 1.6188046003080343 0.5541396427936655 26.42672681750876 3744.389411304048 64.0745844920989 22.466547478903905
3970 7090.115661329525 1031.5245203932532 214.80110523325922 52.83175946298562 7082 7098 1018 1050 402.0 7.19505815030631 3.5098830429961905 -80.324526803481 0.872945034892179 0.23398740680303404 1.8572197319382213 0.0 308.0219641908182 11.788373 537.6457198886528 31.301621489161683 2.366242192474405 0.2804539944052773 11.311965976163641 707.2016994457011 50.31837413168336 24.276141760898785
3971 7126.393238230405 1049.6797722192516 214.80059067385332 52.831626649162715 7088 7166 1018 1081 3579.0 14.02725901861496 8.988818728820148 13.916833781444675 0.7676988668077578 0.19005898965419946 19.916818982306204 0.0 7710.077221448473 35.849174 8147.310292466548 44.92243515327629 1.5012822643891826 0.5764375815856373 33.75249742836501 8607.833810446897 71.70362050600218 21.562765316061835
3972 7145.720415442703 1080.5211144040761 214.80009378321932 52.83166994320421 7137 7156 1075 1088 161.0 4.411054187311076 2.7586169267038945 -23.820495966346005 0.780314565976933 0.1942788430944796 0.6137471435400824 0.0 65.44208711476196 7.595829 267.4376337686416 29.303545331301667 3.131912899809055 0.1711970821921707 7.158763278359629 456.63098716663137 46.93022760953037 24.751086551108926
3973 3723.5240822789387 991.4455741179185 214.83156467484096 52.85294226291377 3717 3732 984 1000 187.0 3.9346760044443356 2.9480621794607993 63.00156464681323 0.6622854993774927 0.24679142052934855 1.3710010628711757 0.0 118.889081422821 8.13475 225.6748704642281 22.082621027714517 2.473430724790708 0.2505149715467808 7.715176518808164 284.68980654159014 35.12728175561591 25.26407020675496
3974 3733.8162588684445 996.96359734013 214.83141472803524 52.85290660012954 3732 3736 995 999 18.0 1.3377781299983835 1.0558099235308964 -36.248251765241456 0.6141022426930156 0.21341103833142508 0.26219974304051513 0.0 4.2234965778283895 2.4383745 55.81333068974884 11.6722738857187 3.7763409612227434 0.038299802097259514 2.393653682408596 102.88154921376906 18.812352901515872 26.369156261663804
3975 3726.605048951526 1009.1134146368883 214.8313512345922 52.853017921333496 3721 3733 999 1020 215.0 5.282904094895489 2.915813902686218 81.5452057985729 0.8338878588872521 0.20822009636509312 0.5291118836189728 0.0 79.35619319037198 8.696177 267.6017451513974 31.112641196990925 3.0403081521790654 0.12600188783862176 8.272643200907131 340.92418506722555 49.79448178000494 25.068355472370158
3976 4270.328370649405 987.8295586482822 214.8267219691809 52.84944768958046 4262 4277 985 991 93.0 4.036127226267839 1.731901016675583 -0.7191482546049115 0.9032571284395956 0.17087619215303548 0.3139313300732356 0.0 21.549067293123407 5.5836196 66.57681557715199 19.84291695097954 2.8410503915759753 0.09074952340568528 5.440847306724618 92.92133414207953 33.83104761000261 26.47971140832932
3977 4252.972696347192 991.5951962724126 214.8268372446303 52.849578289491966 4242 4264 987 996 142.0 5.433730330246811 1.9079812860123986 -15.066890732092384 0.9363242642794903 0.14825677307112495 0.3313948228990276 0.0 35.26998488035567 7.9496217 107.77384839416155 29.92199223634592 2.910045145974889 0.10667657107778043 6.723094811029982 111.72705464049864 46.975568632935584 26.279604124991316
3978 594.3503136210463 988.0237174713534 214.8595466400451 52.87280666053671 593 595 986 990 9.0 1.1679305432694191 0.6207968434022796 76.57529470355061 0.8470358557259114 0.16520205551128536 0.18634343118449354 0.0 1.6056273680491415 1.9396156 22.377909026185684 9.038297860259293 3.7965943457380327 0.022474903239907612 1.692568750643269 37.49476614163221 14.23373699007497 27.465073376977116
3979 597.0914498660645 993.0580197671819 214.8594691604003 52.8728163959659 596 598 991 995 11.0 1.3005156727771054 0.6661015533983037 67.29610183133086 0.8588765575526276 0.16318369870108734 0.18455954116499151 0.0 1.9618117256210068 2.212856 24.062135796779543 9.646595556488267 3.720958852735669 0.021524498752233855 1.8712051592547776 39.08501399149009 15.252396788835156 27.419974320599774
3980 8395.371609785008 1046.294681735804 214.78931193112155 52.82354047556205 8391 8400 1042 1051 83.0 2.80324901582712 2.162365670539623 -41.148546713707006 0.6363767772220796 0.233249282951485 0.4133123132498431 0.0 26.648754185945787 5.312664 80.00879987219555 17.912698532301008 2.7821218933474987 0.08892405081096826 5.140011726956917 85.2481933873402 28.680831536603588 26.573287039936105
3981 8390.561079920439 1052.2912503805428 214.78929171755013 52.82360336415235 8389 8392 1051 1053 7.0 0.9925028597643551 0.5509406146001452 -31.16441528357161 0.8317820885375106 0.2674472536201828 0.2906084707800506 0.0 1.9287689641789494 1.5480458 17.02047260341203 6.919830889932023 3.538201846286733 0.018558800514268132 1.4927053303604616 29.003039492850064 11.100309698174504 27.743891215097356
3982 2878.975120998421 1074.1744807651735 214.8382339491505 52.858755197940276 2870 2888 1061 1089 393.0 5.769962546342816 3.8693601314742354 84.80688553760314 0.7418155000552046 0.2469689621042822 1.755384736729224 0.0 289.01947662511145 16.54274 398.2747203441918 33.34152541016124 1.9425803856486183 0.29265644370313454 11.18462271470208 408.519862178965 51.38404988969442 24.8719670582021
3983 2885.776855276422 1087.5941456406617 214.83803198041878 52.858784322168226 2880 2891 1081 1092 85.0 2.786531494262964 2.3025206458581464 -50.01414161075321 0.5632251536955044 0.2191517612783761 0.5769424075049794 0.0 32.485823752578604 7.5562444 97.52257803506646 24.713758262089343 2.8599676001790675 0.15636390044924206 5.201570947860099 119.95280844640234 38.67461233327328 26.20247394867979
