outputs/dr0.5_c0.1/nircam6_matched_f277w_f160w_dr0.5_c0.1.ecsv
# %ECSV 1.0
# ---
# datatype:
# - {name: label, datatype: int64}
# - {name: xcentroid, datatype: float64}
# - {name: ycentroid, datatype: float64}
# - {name: sky_centroid.ra, unit: deg, datatype: float64}
# - {name: sky_centroid.dec, unit: deg, datatype: float64}
# - {name: bbox_xmin, datatype: int64}
# - {name: bbox_xmax, datatype: int64}
# - {name: bbox_ymin, datatype: int64}
# - {name: bbox_ymax, datatype: int64}
# - {name: area, unit: pix2, datatype: float64}
# - {name: semimajor_sigma, unit: pix, datatype: float64}
# - {name: semiminor_sigma, unit: pix, datatype: float64}
# - {name: orientation, unit: deg, datatype: float64}
# - {name: eccentricity, datatype: float64}
# - {name: min_value, datatype: float64}
# - {name: max_value, datatype: float64}
# - {name: local_background, datatype: float64}
# - {name: segment_flux, datatype: float64}
# - {name: segment_fluxerr, datatype: float32}
# - {name: kron_flux, datatype: float64}
# - {name: kron_fluxerr, datatype: float64}
# - {name: kron_radius, unit: pix, datatype: float64}
# - {name: gini, datatype: float64}
# - {name: equivalent_radius, unit: pix, datatype: float64}
# - {name: kron4_2_flux, datatype: float64}
# - {name: kron4_2_fluxerr, datatype: float64}
# - {name: kron4_2_mag, datatype: float64}
# meta:
#   PHOTMJSR: 2.251199960708618
#   PIXAR_SR: 2.11539874851881e-14
#   __serialized_columns__:
#     area:
#       __class__: astropy.units.quantity.Quantity
#       unit: !astropy.units.Unit {unit: pix2}
#       value: !astropy.table.SerializedColumn {name: area}
#     eccentricity:
#       __class__: astropy.units.quantity.Quantity
#       unit: !astropy.units.Unit {unit: ''}
#       value: !astropy.table.SerializedColumn {name: eccentricity}
#     equivalent_radius:
#       __class__: astropy.units.quantity.Quantity
#       unit: !astropy.units.Unit {unit: pix}
#       value: !astropy.table.SerializedColumn {name: equivalent_radius}
#     kron_radius:
#       __class__: astropy.units.quantity.Quantity
#       unit: !astropy.units.Unit {unit: pix}
#       value: !astropy.table.SerializedColumn {name: kron_radius}
#     orientation:
#       __class__: astropy.units.quantity.Quantity
#       unit: &id001 !astropy.units.Unit {unit: deg}
#       value: !astropy.table.SerializedColumn {name: orientation}
#     semimajor_sigma:
#       __class__: astropy.units.quantity.Quantity
#       unit: !astropy.units.Unit {unit: pix}
#       value: !astropy.table.SerializedColumn {name: semimajor_sigma}
#     semiminor_sigma:
#       __class__: astropy.units.quantity.Quantity
#       unit: !astropy.units.Unit {unit: pix}
#       value: !astropy.table.SerializedColumn {name: semiminor_sigma}
#     sky_centroid:
#       __class__: astropy.coordinates.sky_coordinate.SkyCoord
#       dec: !astropy.table.SerializedColumn
#         __class__: astropy.coordinates.angles.Latitude
#         unit: *id001
#         value: !astropy.table.SerializedColumn {name: sky_centroid.dec}
#       frame: icrs
#       ra: !astropy.table.SerializedColumn
#         __class__: astropy.coordinates.angles.Longitude
#         unit: *id001
#         value: !astropy.table.SerializedColumn {name: sky_centroid.ra}
#         wrap_angle: !astropy.coordinates.Angle
#           unit: *id001
#           value: 360.0
#       representation_type: spherical
#   astropy version: '5.1'
#   kernelfile: kernel_f277w_f160w.fits
#   make_catalog parameters:
#     ab_zpt: 31.4
#     coadd_bands: !!python/tuple [f277w, f356w]
#     deblend_contrast: 0.001
#     deblend_nlevels: 32
#     deblend_npixels: 1
#     detect_kernel_fwhm: 4.0
#     detect_kernel_npix: 7
#     detect_npixels: 4
#     detect_threshold_nsigma: 3.0
#     flag_isolated_buffer: 4
#     hst_bands: !!python/tuple [f606w, f814w, f125w, f140w, f160w]
#     jwst_bands: !!python/tuple [f115w, f150w, f200w, f277w, f356w, f410m, f444w]
#     near_border_kernelsize: 21
#     reference_band: f200w
#   make_catalog version: 1.4.0
#   photutils version: 1.5.0
# schema: astropy-2.0
label xcentroid ycentroid sky_centroid.ra sky_centroid.dec bbox_xmin bbox_xmax bbox_ymin bbox_ymax area semimajor_sigma semiminor_sigma orientation eccentricity min_value max_value local_background segment_flux segment_fluxerr kron_flux kron_fluxerr kron_radius gini equivalent_radius kron4_2_flux kron4_2_fluxerr kron4_2_mag
[from data line 1292]
1293 8791.362037600747 1716.1617056624114 214.83092171715845 52.8062312787494 8790 8793 1714 1718 16.0 1.2537517725295515 0.9750099794023414 -86.59522295843195 0.6286679320127903 0.21354722096898898 0.2910330295306603 0.0 4.141789453880831 2.3406632 29.32677423510033 9.991813870054585 3.4592081371147834 0.04797945706487577 2.256758334191025 49.269006747139535 16.015505854542607 27.16856548230666
1294 2900.5041832263264 1717.00639788579 214.88348687707793 52.84366136387268 2899 2902 1716 1718 6.0 1.2019523985700216 0.33737427022201544 39.74211679338075 0.9597989063141646 0.12712068684024114 0.13457909296001952 0.0 0.7847828170846075 1.4627892 8.03779632944376 6.327460306991456 3.7632076488798676 0.014876000185141989 1.381976597885342 10.842086321625231 10.256419282994052 28.812217848279523
1295 9122.873847300141 1722.2698756879543 214.82790155636252 52.80415736717735 9119 9126 1716 1729 80.0 3.2107137673327917 1.776207646688803 78.98616213074685 0.8330400371829259 0.2285128294051587 0.48439091653754174 0.0 28.18080739516489 5.3111405 68.3407539306609 15.893886129315899 2.5538110685865107 0.11283591976212334 5.046265044040321 75.95667828110655 25.494713825453335 26.698585089949752
1296 3535.7535499121163 1721.9106430195018 214.87776155260448 52.83965310140055 3532 3540 1717 1727 73.0 2.4301797600486497 2.0488395150494654 -85.15565698658456 0.5377858695394275 0.19532349032604063 0.47929173430747524 0.0 23.018142950123245 5.258998 50.341368855668705 14.731972800368853 2.478031972727238 0.14772062471387643 4.820437914901168 43.58060497808012 23.86871506039807 27.30176686312607
1297 3205.7213434471873 1727.1400030029336 214.8806541287716 52.841777512488726 3195 3214 1718 1738 252.0 5.291014789285003 3.0797314839455048 41.10108094595567 0.8131399658644698 0.2082271174300881 0.8981487323194133 0.0 121.99230361117776 9.580516 208.08104375055754 24.42334811427326 2.267012899661945 0.20830314719446824 8.95623198216277 257.6116456979543 39.227911325061314 25.372586269933915
1298 4469.66295652808 1720.5151404914898 214.86943689041573 52.83371345265479 4469 4470 1719 1722 6.0 0.9491331632953504 0.4726741093488685 89.6564437914899 0.8671735234854406 0.2727822701872895 0.29234759509820396 0.0 1.7218722789528635 1.566411 27.97318578844622 7.179932958770259 3.9939296375107776 0.012868427551209058 1.381976597885342 59.798092286452196 11.427336307842447 26.958281677264864
1299 6773.309245461376 1733.5066976127969 214.8487396440068 52.81914842007788 6760 6787 1719 1748 613.0 5.424810415093572 4.906795855739439 82.35109462485401 0.4264521826548732 0.23660174260844194 5.497225146986091 0.0 769.8946376959641 14.602989 882.2846815439223 23.035519312401643 1.7038205232705204 0.4610686654368161 13.968677826861914 957.6921891438212 36.841141643598164 23.946935136586184
1300 8889.224772741687 1722.975306515114 214.8299774577544 52.80564607338454 8885 8894 1719 1727 57.0 2.877035248436513 1.6399356371739995 -43.75643045127583 0.8216385322724722 0.2009871312411209 0.24841140054990532 0.0 13.035157993562947 4.4318705 187.8891817829924 19.400102682715794 3.8349782280655127 0.033703220512957995 4.259537945889915 353.3443030328534 29.566709009874454 25.02950476604748
1301 560.0992322001199 1722.5538179325029 214.904341056588 52.85855379649458 557 563 1720 1725 33.0 1.6600877848309619 1.4807074667390319 -16.90463289872693 0.45214335626319907 0.16596248985514853 0.24422372407075035 0.0 6.7078883164537455 3.5770009 23.84765227872211 12.903005456737056 2.9716818831697647 0.06778674737325024 3.2410224072142872 27.865640400839066 20.67433681700767 27.787327429128034
1302 1705.020494312027 1732.175874143579 214.89400772661293 52.851335471188335 1688 1722 1722 1743 625.0 7.034903771243683 4.380441180900266 -10.785488884167874 0.782482553605749 0.24505790099081995 3.5335126238294263 0.0 771.069117273785 16.006147 892.9286201488201 26.317863554806124 1.682019578683762 0.3839180800839825 14.104739588693908 956.4912357212281 42.00453523437612 23.948297512589743
1303 1294.6686248578822 1724.2884423351093 214.89775758485624 52.85389874538006 1293 1297 1723 1726 15.0 1.1697047675219767 0.9926348848048082 -6.844989614034569 0.5290028916169519 0.15737267603340152 0.1856302416406438 0.0 2.588492088101094 2.4643474 23.05784132612578 10.707437884305698 3.612071433626405 0.030033500506852183 2.1850968611841584 28.564951401860817 17.17661083364036 27.760416276192338
1304 3042.790462103649 1733.7406898687752 214.882039983606 52.842847952117395 3031 3054 1723 1744 385.0 4.898177859855784 4.092878304668749 -32.98557748559408 0.5493505124398322 0.2665092661893465 2.78972519583 0.0 361.06636139037136 11.839139 456.1967214211111 22.18341582077172 1.836686214122672 0.3496172120744466 11.070199012698888 487.2590519785739 35.382257382702115 24.680600210244535
1305 4307.2402568185325 1730.0310678389678 214.87078702126263 52.83479651973408 4302 4312 1724 1736 107.0 3.453821596005508 2.1794342023208046 -58.94796706589632 0.7757656914554435 0.19301251344460502 0.430602663001676 0.0 32.19290252557587 6.671459 83.64050632749715 19.89855922383906 2.6715938944670454 0.1227627431278343 5.836022431559495 110.9971222349377 31.65684002743157 26.286720701990294
1306 7361.759427308921 1727.3155231191151 214.8435548834042 52.815376035615095 7359 7364 1724 1730 30.0 1.7708641902173778 1.2687533661167452 70.64589494306358 0.6976281685885374 0.16653857403572522 0.2617220706968007 0.0 6.581251784509604 3.3434641 28.452172344820948 12.826356625865541 3.131461343321839 0.0691271297254865 3.0901936161855166 38.85089298705375 20.705280727390274 27.426497486244358
1307 2774.157798912358 1726.157979695855 214.88451923806957 52.84451318160269 2773 2775 1725 1727 6.0 0.7813812158041901 0.5784935832014009 44.902261438959144 0.6722244173606365 0.2198185914299259 0.22954888796318285 0.0 1.3495812359872112 1.5766889 28.9392619648025 7.2840074006215545 3.904646162001021 0.010709677084593429 1.381976597885342 62.590687451454045 11.397545814006167 26.908725696099445
1308 9664.461730208246 1726.618305482324 214.8230273562933 52.80073872501732 9663 9666 1725 1728 11.0 0.9912789582498184 0.8572302532521422 18.15717753716501 0.50216476120169 0.16812754196967955 0.19208153875720715 0.0 1.9771659787292044 2.0212574 16.49049505430578 8.92010437095428 3.5751260439277432 0.027925981303338194 1.8712051592547776 22.565501522429912 14.225159054161466 28.016387524404188
1309 4469.595263438593 1728.185074895436 214.8693568478291 52.83375525303766 4469 4470 1727 1729 5.0 0.7752351520490305 0.44588021254749394 -71.11908084599298 0.8180445986366932 0.26494497235985587 0.2866284519601366 0.0 1.3867804768856646 1.4146712 23.5710343010467 6.311402142758158 3.9925656160000114 0.01862359640512308 1.2615662610100802 47.35166800809742 10.047700406919494 27.211661794874928
1310 8267.9182032895 1734.7043349710925 214.83539468330952 52.80965769857824 8262 8273 1729 1740 110.0 2.8795876461658123 2.666803432204087 -11.595808430520895 0.3772633746978971 0.22728493718811107 0.5437958231799082 0.0 40.1445697474655 6.2787356 95.16155741806637 18.692583650567734 2.577284789838209 0.13683547211793848 5.917270272703197 94.37432228290794 29.997709619207935 26.46286538522411
1311 9832.499163207223 1730.6679554858622 214.82148681499027 52.79969254339514 9831 9834 1730 1731 6.0 0.9515512202273285 0.4709447654582534 -0.09757223050844299 0.8689367272140424 0.17128203193633984 0.17859863280345648 0.0 1.048475580166616 2.0502298 15.169873522669427 9.72162083226308 3.9298131166092407 0.010650111177429257 1.381976597885342 26.486243362881876 15.69417530248555 27.842449087124532
1312 1673.7112915423388 1745.9111088600305 214.89414305221865 52.85160841221111 1662 1688 1731 1759 550.0 5.337683978825496 4.694900100420687 89.23032974651866 0.4757579283447466 0.22902025919044822 4.807256578398543 0.0 671.5663745186333 14.587168 786.9242190874008 25.701149114905103 1.7685877980904572 0.43488908161292933 13.231418571003069 857.7864639892894 43.48173321130258 24.06655202820209
1313 4431.7615383752445 1746.412014010968 214.86950298788966 52.83409389501551 4424 4440 1731 1758 347.0 5.281922459881806 3.475201807966877 84.58762423006934 0.7530680793839093 0.20570714584282176 2.4336494173150482 0.0 288.42028765316826 11.272331 375.84659293430855 21.824067213193302 1.8954641587078251 0.35513835608650485 10.509687459947386 422.09151907564603 34.79521877601437 24.83648343467943
1314 8994.992395333753 1731.7448086901268 214.82894217812967 52.80502116566637 8994 8996 1731 1732 4.0 0.7002203543007642 0.43595431135991053 -0.3703346131104908 0.7825435218968534 0.22840145738004178 0.2414755787687279 0.0 0.9462531419608206 1.2292205 15.277974536470227 5.859931145734625 3.973514536871404 0.015641930117136344 1.1283791670955126 28.68233884117308 9.35692310137497 27.755963594818738
1315 7085.205619050966 1737.1046053464777 214.84591912478447 52.81718606269773 7082 7088 1734 1740 26.0 1.9583697707892318 1.0181458992600012 -42.00848684359811 0.8542304072271346 0.16328283608397506 0.22951727614371115 0.0 5.213413574549848 2.9686015 27.759877309581384 12.185743790571093 3.305232283881608 0.0504074713907816 2.876813695875796 35.23248248123598 19.732621309122152 27.532641888362612
1316 3839.9414048029516 1761.9430231890944 214.8746241192965 52.83793693488682 3810 3872 1736 1789 2597.0 8.506434953669572 8.173920048759353 -52.961506946026226 0.2768602571030551 0.17331277429711597 27.942220182586404 0.0 9098.77945087367 31.071957 9116.240390348165 31.55558959451047 1.4 0.6658970124919324 28.751535166305544 9438.187557216574 50.4404165350254 21.462778491339726
1317 195.21503582333528 1743.6004989623873 214.90738140322838 52.86098421773573 189 201 1737 1750 136.0 3.2592922670234277 2.6542730332538675 -41.12946331287829 0.5803446468322465 0.28881269735886467 1.097156887318506 0.0 82.23613725792366 7.206066 134.11694547132336 16.00120242704593 2.00999821729859 0.20850013228465508 6.579524642479541 136.55441128033897 25.83648550517126 26.061735664409944
1318 3181.5317530785537 1738.0 214.88075598484343 52.84198973790632 3180 3183 1738 1738 4.0 1.151883709426891 0.28867513459481287 0.0 0.9680877800531295 0.2013624850336396 0.21691763325811717 0.0 0.8411774556780043 1.1958951 16.145644476332528 5.877946732152703 3.8594681606987646 0.0211687190358255 1.1283791670955126 31.94959156618057 9.450987646847102 27.638836723395233
1319 1879.5010374985063 1741.4968313410022 214.89235068024036 52.85027773627546 1879 1880 1741 1742 4.0 0.5002192847576434 0.4997694972220266 44.42902047640895 0.0423975578306116 0.15069157515451548 0.15325070131919502 0.0 0.6084237602285547 1.0965393 7.779251319953062 4.7279482635289485 4.058360252220247 0.004916544334469404 1.1283791670955126 12.475567662567403 7.401575505337082 28.659849210030636
1320 2968.944380706822 1750.6285909002613 214.8825220007001 52.84340807840864 2965 2973 1743 1759 107.0 3.808706883114752 2.069883959619503 88.14915454628209 0.8394343652252526 0.18716913488037007 0.33533568926805396 0.0 27.045526390204103 6.2991266 99.77120391907397 22.819317796479833 3.0251974209842616 0.09255281036994215 5.836022431559495 116.87031219515546 36.52930445528995 26.230739489573573
1321 3163.285720992033 1747.2605705801457 214.88082157442037 52.84215558477969 3158 3168 1743 1752 79.0 2.9358444054310646 1.9500765156059678 -38.344440082449864 0.7475280876679404 0.21605832962815674 0.4131062078704606 0.0 24.035141766549124 5.5349755 146.81939440327955 21.964246853128486 3.434502678263289 0.10277677019941577 5.014626706796775 260.0060665602434 35.23931473095555 25.362541296968136
1322 6709.825832755825 1745.8741748960108 214.84917603571415 52.819618465110196 6706 6714 1743 1749 53.0 2.2018281295983457 1.7194587398341337 -18.249725889631595 0.6246270129650745 0.20162618834291726 0.40400113111761743 0.0 15.815608551237347 4.3181424 52.417118872054814 14.955368478104987 2.931864466060936 0.11024409182043644 4.1073621666150775 87.85974686705937 23.889107294419752 26.540525130789586
1323 9096.463102111287 1747.585008550782 214.8278709078923 52.80446166961558 9092 9101 1743 1752 74.0 2.2212642658993444 2.1458066411593006 -19.05521648337697 0.2584321001395078 0.30796341768672797 1.004649995192411 0.0 43.65369162955913 5.21353 83.01148261160364 13.978770240712521 2.37568139134508 0.1944416007177192 4.853342309955121 91.22513423156931 21.971724419117482 26.49971372232026
1324 2661.1159225800143 1747.429241286163 214.88530534574048 52.84534588171558 2658 2664 1745 1750 33.0 1.8115354652664397 1.3382421298584417 27.27682225670394 0.6739975198411714 0.1505930883657534 0.2306756588880117 0.0 6.242529497660167 3.5756605 22.73012866312183 12.564539846826234 3.027580693947453 0.07297269206427157 3.2410224072142872 24.129413870656386 20.093326404624037 27.94363306860467
1325 10060.514088303065 1746.2639849194525 214.81929034343807 52.798327355125615 10059 10062 1745 1748 14.0 1.0434192810084824 1.011965411900952 -1.3850525635290538 0.2436827229407027 0.1712426516626228 0.20534596662384064 0.0 2.651003642467698 2.2706575 15.312205692402134 9.424413623893344 3.362972465621293 0.03281928188947721 2.111004122822376 14.988460375981003 14.938854824658632 28.460607439653245
1326 3152.8371935192677 1747.6052479542584 214.88091127298895 52.84222380680348 3150 3156 1746 1749 22.0 1.6685247415087514 1.0022140877569534 7.587847357354756 0.7995054674493162 0.17659670518553403 0.21624296840461105 0.0 4.391991802684195 2.978449 39.476702117993554 12.144994418560456 3.5287388426445143 0.0343464660358677 2.6462837142006137 86.02534516129519 19.4395441724866 26.563433940436713
1327 8878.609473739682 1751.718696707843 214.82976993746456 52.80586847255484 8878 8880 1750 1753 8.0 0.9986901240931637 0.6504616736314849 72.48704762843256 0.7588076248170788 0.2524094084398859 0.28008132963038046 0.0 2.1292447958654304 1.6603591 37.98982733620639 8.178173415392507 3.9583764174439833 0.02432460350161624 1.5957691216057308 75.74457437409573 12.610028886700324 26.701621176165837
1328 4396.6033342401215 1757.3964108095947 214.86970139597415 52.8343764760451 4387 4406 1751 1764 195.0 4.141050193762788 2.8986641066492345 -14.662677608294906 0.714159655173655 0.20675950192389295 0.9461770634071527 0.0 90.61315128300474 8.300256 136.60472430212505 17.72201313961929 1.9086360714192931 0.23626899245846053 7.878478774854901 149.01181608439097 28.3168702333708 25.96694823070115
1329 9661.261025044498 1760.5554391818166 214.82269912535057 52.800941979650325 9648 9672 1751 1771 373.0 4.733257781810309 4.468633176960212 -21.67709769956466 0.3296806782541619 0.21841409641642862 1.9583311110350794 0.0 298.14545658089867 11.862692 509.2439487892707 29.670299284222388 2.4197397381070713 0.3050899378135613 10.896310731002211 665.1563987999664 47.7423989280278 24.342690566630345
1330 9562.784299143908 1757.1979002626276 214.8236123261879 52.80154977252003 9560 9566 1752 1762 61.0 2.5614940847396603 1.7184803853976207 81.0995674065579 0.7415570157024249 0.22583125179711025 0.4219658450301542 0.0 19.476956459081844 4.641116 58.56808545503389 15.731430932772428 2.8203438290329603 0.0974157697281909 4.406461512053774 62.89821961701725 25.17365847933017 26.90340411855885
1331 4456.915031550433 1756.5482853515443 214.86917182876024 52.833988787247 4454 4460 1754 1759 34.0 1.6873341464862408 1.4768532443660658 -24.754004618159488 0.4836557447816524 0.21267761603594978 0.3618052607572067 0.0 9.804870174154873 3.4377265 46.757714494340746 13.334157749331233 3.1914905281676176 0.08386071080507282 3.2897623212397704 90.82520497375398 21.432687827085825 26.504484033377683
