outputs/dr0.5_c0.1/nircam3_f444w_dr0.5_c0.1.ecsv
# %ECSV 1.0
# ---
# datatype:
# - {name: label, datatype: int64}
# - {name: xcentroid, datatype: float64}
# - {name: ycentroid, datatype: float64}
# - {name: sky_centroid.ra, unit: deg, datatype: float64}
# - {name: sky_centroid.dec, unit: deg, datatype: float64}
# - {name: bbox_xmin, datatype: int64}
# - {name: bbox_xmax, datatype: int64}
# - {name: bbox_ymin, datatype: int64}
# - {name: bbox_ymax, datatype: int64}
# - {name: area, unit: pix2, datatype: float64}
# - {name: semimajor_sigma, unit: pix, datatype: float64}
# - {name: semiminor_sigma, unit: pix, datatype: float64}
# - {name: orientation, unit: deg, datatype: float64}
# - {name: eccentricity, datatype: float64}
# - {name: min_value, datatype: float64}
# - {name: max_value, datatype: float64}
# - {name: local_background, datatype: float64}
# - {name: segment_flux, datatype: float64}
# - {name: segment_fluxerr, datatype: float32}
# - {name: kron_flux, datatype: float64}
# - {name: kron_fluxerr, datatype: float64}
# - {name: kron_radius, unit: pix, datatype: float64}
# - {name: gini, datatype: float64}
# - {name: equivalent_radius, unit: pix, datatype: float64}
# - {name: kron4_2_flux, datatype: float64}
# - {name: kron4_2_fluxerr, datatype: float64}
# - {name: radius_kron20, unit: pix, datatype: float64}
# - {name: radius_kron50, unit: pix, datatype: float64}
# - {name: radius_kron80, unit: pix, datatype: float64}
# - {name: near_border, datatype: bool}
# meta:
#   PHOTMJSR: 0.3925000131130219
#   PIXAR_SR: 2.11539874851881e-14
#   __serialized_columns__:
#     area:
#       __class__: astropy.units.quantity.Quantity
#       unit: !astropy.units.Unit {unit: pix2}
#       value: !astropy.table.SerializedColumn {name: area}
#     eccentricity:
#       __class__: astropy.units.quantity.Quantity
#       unit: !astropy.units.Unit {unit: ''}
#       value: !astropy.table.SerializedColumn {name: eccentricity}
#     equivalent_radius:
#       __class__: astropy.units.quantity.Quantity
#       unit: !astropy.units.Unit {unit: pix}
#       value: !astropy.table.SerializedColumn {name: equivalent_radius}
#     kron_radius:
#       __class__: astropy.units.quantity.Quantity
#       unit: &id001 !astropy.units.Unit {unit: pix}
#       value: !astropy.table.SerializedColumn {name: kron_radius}
#     orientation:
#       __class__: astropy.units.quantity.Quantity
#       unit: &id002 !astropy.units.Unit {unit: deg}
#       value: !astropy.table.SerializedColumn {name: orientation}
#     radius_kron20:
#       __class__: astropy.units.quantity.Quantity
#       unit: *id001
#       value: !astropy.table.SerializedColumn {name: radius_kron20}
#     radius_kron50:
#       __class__: astropy.units.quantity.Quantity
#       unit: *id001
#       value: !astropy.table.SerializedColumn {name: radius_kron50}
#     radius_kron80:
#       __class__: astropy.units.quantity.Quantity
#       unit: *id001
#       value: !astropy.table.SerializedColumn {name: radius_kron80}
#     semimajor_sigma:
#       __class__: astropy.units.quantity.Quantity
#       unit: !astropy.units.Unit {unit: pix}
#       value: !astropy.table.SerializedColumn {name: semimajor_sigma}
#     semiminor_sigma:
#       __class__: astropy.units.quantity.Quantity
#       unit: !astropy.units.Unit {unit: pix}
#       value: !astropy.table.SerializedColumn {name: semiminor_sigma}
#     sky_centroid:
#       __class__: astropy.coordinates.sky_coordinate.SkyCoord
#       dec: !astropy.table.SerializedColumn
#         __class__: astropy.coordinates.angles.Latitude
#         unit: *id002
#         value: !astropy.table.SerializedColumn {name: sky_centroid.dec}
#       frame: icrs
#       ra: !astropy.table.SerializedColumn
#         __class__: astropy.coordinates.angles.Longitude
#         unit: *id002
#         value: !astropy.table.SerializedColumn {name: sky_centroid.ra}
#         wrap_angle: !astropy.coordinates.Angle
#           unit: *id002
#           value: 360.0
#       representation_type: spherical
#   astropy version: '5.1'
#   make_catalog parameters:
#     ab_zpt: 31.4
#     coadd_bands: !!python/tuple [f277w, f356w]
#     deblend_contrast: 0.001
#     deblend_nlevels: 32
#     deblend_npixels: 1
#     detect_kernel_fwhm: 4.0
#     detect_kernel_npix: 7
#     detect_npixels: 4
#     detect_threshold_nsigma: 3.0
#     flag_isolated_buffer: 4
#     hst_bands: !!python/tuple [f606w, f814w, f125w, f140w, f160w]
#     jwst_bands: !!python/tuple [f115w, f150w, f200w, f277w, f356w, f410m, f444w]
#     near_border_kernelsize: 21
#     reference_band: f200w
#   make_catalog version: 1.4.0
#   photutils version: 1.5.0
# schema: astropy-2.0
label xcentroid ycentroid sky_centroid.ra sky_centroid.dec bbox_xmin bbox_xmax bbox_ymin bbox_ymax area semimajor_sigma semiminor_sigma orientation eccentricity min_value max_value local_background segment_flux segment_fluxerr kron_flux kron_fluxerr kron_radius gini equivalent_radius kron4_2_flux kron4_2_fluxerr radius_kron20 radius_kron50 radius_kron80 near_border
[from data line 988]
989 2459.950441241158 1451.7456636997329 214.83800154237744 52.86345343867096 2456 2464 1448 1455 63.0 2.328678014953416 1.9269796131200465 -11.405005517099768 0.5614666298509279 0.28813353950645904 0.8563664765159954 0.0 35.2417343366386 1.2295486 66.31525340303477 3.6413745258720027 2.3497768714953247 0.1493869273757141 4.478115991081385 70.71914060480809 5.714228136846681 2.516933254574164 4.334831507620148 7.574335104643157 False
990 2313.596267810802 1454.218385779975 214.8392824548986 52.86439678333044 2307 2320 1449 1459 128.0 2.7434365563855305 2.3558080315733525 4.654301953717477 0.5124669530344215 -0.03808609515604963 0.9361486637461117 0.0 43.477283783381225 1.910561 59.68101400109029 3.7791840184540244 2.0877872718253214 0.4215513859879652 6.383076486422923 70.18178498867061 5.992309309816342 2.2155586239695726 4.052978423583948 7.498053518164984 False
991 7616.76208162619 1465.3328551172963 214.79184405220468 52.83074829526844 7594 7637 1449 1481 902.0 9.223793860940662 4.021169530472086 -27.36411992334678 0.8999679147181587 -0.14297272556782237 5.474554088343421 0.0 858.7685075485547 5.885147 951.7243957605799 8.968213069217299 1.7409462695217637 0.503440309774199 16.94448338952177 1095.0574012961554 14.26141554005527 3.87806042765591 8.309980864861966 15.362498609968435 False
992 1886.1725022035857 1457.3062539408143 214.84306715820284 52.86712943252692 1877 1895 1450 1464 213.0 3.488001249118404 2.683991117319626 -22.992495872839566 0.6386557390010587 0.04531063990211187 2.3561178206536457 0.0 120.77477580351655 2.545756 157.21542269626337 4.389689436324774 1.9366479827666525 0.4691107925589118 8.234075889688375 160.3027832705235 6.834195994583651 2.250996152494561 4.532082290611576 9.034370625922108 False
993 3370.2471301821824 1460.0258971204294 214.82978671422 52.857713230576 3368 3373 1456 1463 32.0 2.1623202054107034 1.1050354635016322 71.7347150007335 0.8595560115240714 -0.06174385828736261 0.4253119090955345 0.0 5.334348392497348 0.94867325 36.17142934224943 3.8652492746362537 3.425215067959264 0.41008612596600236 3.1915382432114616 68.50269651080225 6.135743190771194 3.611721383407734 6.135069553102009 10.852346693217305 False
994 506.4079912393699 1460.4013609492736 214.85536013973345 52.875912798314594 500 513 1457 1464 76.0 3.359413517578456 1.68968212324973 17.112936449133386 0.8643042323345548 0.06329683923146147 0.6020165215529584 0.0 24.19241685613831 1.3804775 63.76835631323011 4.5020598794112905 2.7460285889677825 0.1943853984733425 4.918490759365935 61.38040256322513 7.206793533856949 3.4361268394170446 6.677589808165755 11.83879668109142 False
995 6897.595425057745 1463.2264742236882 214.79827921002726 52.83530927454284 6895 6899 1460 1466 26.0 1.7731396674738555 1.0979672843947883 76.92574365932418 0.7852158809909963 0.01478615612486081 0.5543099380419743 0.0 7.854892838872771 0.93270147 21.384853326010848 3.0524231396375976 2.777539666702276 0.25128187420485454 2.876813695875796 31.17314056615399 4.831231209699965 2.0239369338126703 3.646518900701455 10.990560063973016 False
996 407.1651954737878 1481.321261360478 214.8560266585124 52.87665612688415 396 421 1463 1497 569.0 7.593556525722014 3.6119880285126325 -56.850206783289316 0.8796265898682639 -0.037458291111902305 3.6895689727141994 0.0 415.31004884666777 3.7696488 559.0398032253714 7.519265594781028 2.0187430472548953 0.4335959142116212 13.458020851469092 626.4665185674772 11.897240096666422 3.9978431943352235 8.838673237779554 16.615610298209376 False
997 3793.984298794376 1471.971812479071 214.82587834084575 52.85508462084136 3787 3801 1464 1480 192.0 3.367889134586887 2.828805012176432 -74.96838742503877 0.5426883693695328 0.10497514687527579 2.1867772051349244 0.0 139.69217608314426 2.3788278 183.31044949183217 4.6577714140673825 1.9952962916954031 0.3903303463547622 7.817640190446719 213.25368487527754 7.293105548647818 2.531634782661797 4.758414859230375 8.628672743487835 False
998 7590.021923559022 1465.608133298352 214.7920795798537 52.83091979331547 7588 7592 1464 1467 14.0 1.1915813238727444 0.7710803024969957 -43.113571996505755 0.7623994168295073 0.08644308129267077 0.4884128229264088 0.0 3.750296771256527 0.7136439 27.4253681692583 2.7367176633609325 3.5072215942775977 0.26520284608603545 2.111004122822376 46.037662411832066 4.36608372111004 2.7381008172341734 5.289951261076438 7.18573087900969 False
999 1899.330563008211 1474.2382776438317 214.84277141239133 52.867137112234175 1890 1908 1465 1482 260.0 2.9699716042950732 2.638609428584922 11.001488670225571 0.4590137222080634 0.08294775410789212 10.250439615933772 0.0 377.4689458164274 2.6231568 389.49201948980965 2.867070490226069 1.4158927628441875 0.6414837930676086 9.09728368293446 408.69940082606587 4.6345088486770925 1.6486756005668195 2.957603564117125 5.138940337110701 False
1000 6675.088517833978 1467.489313071124 214.80021877185348 52.83674682861568 6673 6677 1466 1469 17.0 1.2703517639683208 0.9983972387780095 18.156537567067986 0.618325810729892 0.19231484708956803 0.33798709644904773 0.0 4.31471190954721 0.737228 15.889427835831807 2.4410041225453845 2.750191113929227 0.09001917640838875 2.326213245840639 25.0862291634769 3.8432715012492444 1.9773528675979015 3.343116608253586 4.691811571700565 False
1001 2100.645368522735 1469.4984648387072 214.84102336458395 52.865832343601085 2099 2103 1467 1472 27.0 1.4761454830163891 1.187470017178501 88.74262435662523 0.5940343277190909 0.10137261948035295 0.5031143027846525 0.0 8.029517715357363 0.7920447 13.298971604770633 1.892218374134599 2.1198792616148014 0.23705529354409596 2.9316150714175193 13.585287583198703 3.0728894817085752 1.422367546979872 2.5089011952587064 3.606135904185907 False
1002 3826.882529108644 1474.735948979539 214.82555558972138 52.85489043431241 3818 3835 1468 1481 206.0 3.8562527190128484 3.013403211230962 0.35348668780187215 0.6239891297012603 -0.08113565305874941 0.9139163211922633 0.0 73.70414961894303 2.4639468 116.61019335120011 5.837708429514412 2.358922884639192 0.3292648108403425 8.097643889049511 146.06953999053093 9.244548150552871 3.1711272294538833 6.3408103321245095 13.931991365945885 False
1003 2843.43594463954 1472.859263435723 214.83435505518992 52.86113031381054 2841 2846 1470 1477 35.0 1.9868989201673255 1.305343681436789 69.52687162047987 0.7539120270692705 -0.02858687018571655 0.4239636479332077 0.0 7.070624142983731 0.893746 19.091733972102702 2.2045811529591552 2.031127570310161 0.3115071557238006 3.3377905890622728 18.343019414150167 3.691761383979566 2.3795044914660677 3.9202110246171955 5.822554853508408 False
1004 2384.518257332214 1473.8717093748398 214.83844224794558 52.86405206143788 2382 2386 1472 1476 20.0 1.4203883697482496 1.083949463177209 -71.94888398617759 0.6462379468343407 0.08167641126178612 0.3388393626683595 0.0 4.7656230907981865 0.6627741 16.59751461336807 2.5429864103410966 3.0228011704107054 0.15553035994938355 2.5231325220201604 23.648633956062852 4.153918668738959 2.10261018356442 3.8776198155857147 6.082935873537755 False
1005 7057.451566558497 1474.7449211717155 214.79673239732264 52.83435502384873 7054 7062 1472 1477 37.0 2.064107377746592 1.1390793759140752 12.643318389239504 0.8339428386058835 -0.02580314319396093 0.4934152925142752 0.0 7.567074672412278 1.1967006 14.058146492249644 2.7556776068252664 2.130391119965102 0.3089875569945859 3.431831258788849 11.259795426802027 4.281712326908051 1.6718734792162573 3.3681521098702603 nan False
1006 8046.252886453553 1474.445863806198 214.7879189183107 52.828066596588066 8045 8048 1473 1476 13.0 0.9975713432927698 0.9203949018371348 58.423422663500524 0.38567269247895675 0.1688480369349135 0.5034335147418835 0.0 4.147414393044343 0.67314595 10.391309822308639 2.103157749989365 2.587518327058093 0.17433238300198303 2.0342144725641096 6.664647684608481 3.4630970351479204 1.3495678672845084 2.4106519320995288 4.196671129823714 False
1007 8550.330124496066 1473.7982758990106 214.78343212099261 52.82485792543132 8549 8551 1473 1475 9.0 0.907423746907134 0.8094921057535539 69.59099197777844 0.45188287290304147 -0.03470149311896437 0.262861592916827 0.0 1.1278934110455223 0.592318 16.828498195626803 2.688840229357857 3.566810058749382 0.4112657020340664 1.692568750643269 21.225247608007066 4.486954206357727 2.427560175413748 3.8144215512753505 6.304546944900583 False
1008 10161.966883358935 1473.6198992448747 214.76907146089994 52.81460821082913 10160 10163 1473 1474 6.0 1.0193099248052844 0.43871780570480073 -13.048467562298327 0.9026350788235052 0.13597790600700363 0.22113474694414242 0.0 1.0708692795762675 0.44165674 27.56549362448227 2.299800754247663 4.058209023835798 0.10864525240343749 1.381976597885342 57.700297968528545 3.721161506151387 2.8433057062678335 4.469561164116111 5.745215418384462 False
1009 3094.8152564630104 1477.5752087091653 214.83206098953448 52.859558232456216 3091 3098 1474 1481 52.0 1.9776422603413792 1.845823562388581 84.8299486792021 0.35897927906717025 0.12644717876610678 0.4805073104461738 0.0 14.687628953444582 1.2954681 46.93896796709589 4.28301063781128 3.046368858706256 0.180486372386688 4.068428945128219 24.5635721642571 6.747288953221989 3.0239714078536464 6.27567316982554 9.235569815081671 False
1010 867.2938930775418 1484.135312718305 214.85188599654342 52.873747923662464 855 877 1475 1494 305.0 4.498743181735424 2.9859757665591187 29.91709419752844 0.7479673279251345 -0.0030910577072512237 3.9927198762860967 0.0 269.2049211530502 2.8924913 317.9918801378075 4.612000559941146 1.7658341826101653 0.48341617826458283 9.853147481188747 346.70057850236867 7.221752446931939 2.462835409610331 4.83898827290718 9.296176638160453 False
1011 1077.673595256844 1483.8819314447155 214.85000920193784 52.87240988508899 1070 1087 1477 1490 145.0 4.984306139466917 1.7656643942788572 -36.29445323152617 0.9351527368190475 -0.18583228308900393 0.4494003762117254 0.0 21.743494891875173 1.9230365 75.19607637556491 6.416491763155688 3.090201952489046 0.36275232845473593 6.793742230659745 99.17258503918114 10.215983789553663 5.640645072875704 10.710004155050111 15.62542217440744 False
1012 6766.642577618529 1483.1194222920976 214.79923774207091 52.836248987088304 6757 6777 1477 1488 211.0 5.053810184890562 2.741012200732726 0.0762936250738067 0.8401426564010926 -0.09225659620964857 0.758618854340152 0.0 53.51425256344679 2.587448 75.9612273495689 4.958627667865994 1.7070212423132176 0.3545604084237077 8.19532708223289 71.52040764453463 7.958163341715559 3.215083760612646 6.635623556235517 10.087388767995394 False
1013 1099.9315096808891 1483.9917419339101 214.8498092080357 52.87226905717294 1098 1103 1481 1486 22.0 1.40597104611159 1.1892436745765325 18.18781328198129 0.5334173688034406 0.06028748456381888 0.5426682790984415 0.0 5.557516289307832 0.8305173 20.29547638425786 2.791386228872963 2.896304665180288 0.28167881987968824 2.6462837142006137 36.74550391462563 4.330743167186641 2.164365756854537 3.8319747251416967 6.213780006527089 False
1014 2734.117744333474 1483.1101133414654 214.83522325104082 52.861880272735426 2732 2736 1481 1485 15.0 1.209071061186729 0.8856419161176352 25.633306339475812 0.6807693766704729 0.20379432553273857 0.44144342188028485 0.0 4.498163402620196 0.7240356 22.14720725245752 2.6063821822253974 3.096483250476577 0.15842352383673616 2.1850968611841584 27.99746853201814 4.047081448615385 2.209322733553243 4.162063477053727 6.9519683919101105 False
1015 8122.764107899876 1488.283421860716 214.78709119568495 52.82765464665852 8115 8130 1481 1497 187.0 4.038191527344396 2.7100592878058047 48.3878074048025 0.7413603485377321 -0.039244219889081396 1.4309888284512022 0.0 100.60168711312484 2.596806 186.87010058114905 6.445996704175596 2.362851689110088 0.3088231250936426 7.715176518808164 226.3633780686842 10.37630237408483 3.4681758040434243 7.216977941234535 12.041283945938986 False
1016 2278.0894308218535 1485.8674825423882 214.8392664030023 52.86479303717234 2276 2280 1484 1488 22.0 1.3962932377223014 1.1141821418621252 27.308160185201967 0.6027142123961972 0.0987655842148682 0.5374310706817945 0.0 7.537960640321589 0.73328215 22.839105674738335 2.633936629099499 2.903624049842351 0.16974733713900034 2.6462837142006137 41.403783038256115 4.352417221646865 1.9326816405494962 3.785602748186959 6.101686287830593 False
1017 7038.264685207195 1487.3135045334743 214.79677123170754 52.834544720217295 7031 7043 1484 1491 88.0 3.1399027023905663 1.8524565128892798 17.63974144883502 0.8074232776911322 -0.06014255674216231 0.8181979627512889 0.0 31.404633326248227 1.7869388 65.25148842226196 4.8204747109629285 2.5165281801867825 0.3212465707632193 5.292567428401227 76.09202975466872 7.644883569775302 2.816970201322177 5.673176391800934 9.68231265493266 False
1018 9740.14451146635 1487.433355034417 214.7726846355253 52.817365229201656 9737 9744 1484 1490 32.0 2.2089014666562927 1.067682164548849 -34.74778638656536 0.8754247873843345 0.05739347089026976 0.32352560117388585 0.0 6.569289104930423 1.1709093 28.31923221309868 4.320381245126424 3.1178172686046186 0.22649128246817693 3.1915382432114616 29.980182093627686 6.679979041562902 3.0028382732393557 6.210679524442971 9.066124923570262 False
1019 3790.2013944439786 1487.54318709963 214.825748215 52.855192592594676 3788 3793 1485 1491 29.0 1.9026188463321494 1.1526931112909673 -67.32780638443849 0.7955823033823102 0.07998989064132346 0.49124209201624475 0.0 9.021054421381425 0.90067697 31.791190847051514 3.1438074525200315 2.919785336523392 0.18359937138539295 3.0382538898732494 42.438446211673764 5.101274610746164 2.5115676703790704 4.716204448676971 7.473019533443756 False
1020 4024.4110875383294 1487.7582709934015 214.8236553973841 52.85370521106696 4022 4027 1485 1491 34.0 1.6896836000164628 1.4240847892704969 87.36992178462341 0.5382088402285374 0.21135315845442273 0.5364079717845452 0.0 12.850274031167777 0.95540094 57.53930757755711 4.186252522767747 3.185440314829562 0.1420785257917835 3.2897623212397704 103.85270305458525 6.497400170497697 3.0763488467219666 6.596014642132319 10.2192467985998 False
1021 7581.56153054134 1491.1323904998328 214.79188640800425 52.8311110839178 7579 7585 1488 1494 40.0 1.629780787790951 1.5046692488221665 60.07390757474342 0.38423786895566236 0.10889306346897924 0.9628514013503203 0.0 15.105227019897468 1.1472118 43.55857800542178 3.6546516749275213 2.8013608421137897 0.2651028725042077 3.5682482323055424 71.83236307184254 5.802164798743005 2.3048627605977274 4.919081549361131 8.849992687226944 False
1022 262.91185730981874 1494.3645485242675 214.85717830574288 52.8776429347432 257 268 1489 1501 125.0 2.7596800640827106 2.668445813714127 63.925724709402445 0.255002931406568 0.05003051578754872 1.1748461894645972 0.0 57.842101619305105 1.7402322 105.58733763412934 4.525112385790986 2.4605271870599608 0.2914578388267945 6.3078313050504 120.19869893915856 7.270455210357326 2.857970305137317 5.7485883371925794 11.028539339238527 False
1023 8565.210568920376 1493.2792975283087 214.78309447574583 52.82486823436325 8560 8570 1489 1498 88.0 2.553418504073446 1.9680845608888817 -40.97089193294655 0.6371200437308298 -0.002492432206685024 1.1587752834663518 0.0 46.631918678644 1.7949656 69.37084438382416 3.896302083258793 2.0371029627866633 0.3095085516003907 5.292567428401227 71.99842399347392 6.279400291618748 2.1445402963954905 3.94784857230874 6.8686075528093715 False
