outputs/dr0.5_c0.1/nircam6_f410m_dr0.5_c0.1.ecsv
# %ECSV 1.0
# ---
# datatype:
# - {name: label, datatype: int64}
# - {name: xcentroid, datatype: float64}
# - {name: ycentroid, datatype: float64}
# - {name: sky_centroid.ra, unit: deg, datatype: float64}
# - {name: sky_centroid.dec, unit: deg, datatype: float64}
# - {name: bbox_xmin, datatype: int64}
# - {name: bbox_xmax, datatype: int64}
# - {name: bbox_ymin, datatype: int64}
# - {name: bbox_ymax, datatype: int64}
# - {name: area, unit: pix2, datatype: float64}
# - {name: semimajor_sigma, unit: pix, datatype: float64}
# - {name: semiminor_sigma, unit: pix, datatype: float64}
# - {name: orientation, unit: deg, datatype: float64}
# - {name: eccentricity, datatype: float64}
# - {name: min_value, datatype: float64}
# - {name: max_value, datatype: float64}
# - {name: local_background, datatype: float64}
# - {name: segment_flux, datatype: float64}
# - {name: segment_fluxerr, datatype: float32}
# - {name: kron_flux, datatype: float64}
# - {name: kron_fluxerr, datatype: float64}
# - {name: kron_radius, unit: pix, datatype: float64}
# - {name: gini, datatype: float64}
# - {name: equivalent_radius, unit: pix, datatype: float64}
# - {name: kron4_2_flux, datatype: float64}
# - {name: kron4_2_fluxerr, datatype: float64}
# - {name: radius_kron20, unit: pix, datatype: float64}
# - {name: radius_kron50, unit: pix, datatype: float64}
# - {name: radius_kron80, unit: pix, datatype: float64}
# - {name: near_border, datatype: bool}
# meta:
#   PHOTMJSR: 0.8704000115394592
#   PIXAR_SR: 2.11539874851881e-14
#   __serialized_columns__:
#     area:
#       __class__: astropy.units.quantity.Quantity
#       unit: !astropy.units.Unit {unit: pix2}
#       value: !astropy.table.SerializedColumn {name: area}
#     eccentricity:
#       __class__: astropy.units.quantity.Quantity
#       unit: !astropy.units.Unit {unit: ''}
#       value: !astropy.table.SerializedColumn {name: eccentricity}
#     equivalent_radius:
#       __class__: astropy.units.quantity.Quantity
#       unit: !astropy.units.Unit {unit: pix}
#       value: !astropy.table.SerializedColumn {name: equivalent_radius}
#     kron_radius:
#       __class__: astropy.units.quantity.Quantity
#       unit: &id001 !astropy.units.Unit {unit: pix}
#       value: !astropy.table.SerializedColumn {name: kron_radius}
#     orientation:
#       __class__: astropy.units.quantity.Quantity
#       unit: &id002 !astropy.units.Unit {unit: deg}
#       value: !astropy.table.SerializedColumn {name: orientation}
#     radius_kron20:
#       __class__: astropy.units.quantity.Quantity
#       unit: *id001
#       value: !astropy.table.SerializedColumn {name: radius_kron20}
#     radius_kron50:
#       __class__: astropy.units.quantity.Quantity
#       unit: *id001
#       value: !astropy.table.SerializedColumn {name: radius_kron50}
#     radius_kron80:
#       __class__: astropy.units.quantity.Quantity
#       unit: *id001
#       value: !astropy.table.SerializedColumn {name: radius_kron80}
#     semimajor_sigma:
#       __class__: astropy.units.quantity.Quantity
#       unit: !astropy.units.Unit {unit: pix}
#       value: !astropy.table.SerializedColumn {name: semimajor_sigma}
#     semiminor_sigma:
#       __class__: astropy.units.quantity.Quantity
#       unit: !astropy.units.Unit {unit: pix}
#       value: !astropy.table.SerializedColumn {name: semiminor_sigma}
#     sky_centroid:
#       __class__: astropy.coordinates.sky_coordinate.SkyCoord
#       dec: !astropy.table.SerializedColumn
#         __class__: astropy.coordinates.angles.Latitude
#         unit: *id002
#         value: !astropy.table.SerializedColumn {name: sky_centroid.dec}
#       frame: icrs
#       ra: !astropy.table.SerializedColumn
#         __class__: astropy.coordinates.angles.Longitude
#         unit: *id002
#         value: !astropy.table.SerializedColumn {name: sky_centroid.ra}
#         wrap_angle: !astropy.coordinates.Angle
#           unit: *id002
#           value: 360.0
#       representation_type: spherical
#   astropy version: '5.1'
#   make_catalog parameters:
#     ab_zpt: 31.4
#     coadd_bands: !!python/tuple [f277w, f356w]
#     deblend_contrast: 0.001
#     deblend_nlevels: 32
#     deblend_npixels: 1
#     detect_kernel_fwhm: 4.0
#     detect_kernel_npix: 7
#     detect_npixels: 4
#     detect_threshold_nsigma: 3.0
#     flag_isolated_buffer: 4
#     hst_bands: !!python/tuple [f606w, f814w, f125w, f140w, f160w]
#     jwst_bands: !!python/tuple [f115w, f150w, f200w, f277w, f356w, f410m, f444w]
#     near_border_kernelsize: 21
#     reference_band: f200w
#   make_catalog version: 1.4.0
#   photutils version: 1.5.0
# schema: astropy-2.0
label xcentroid ycentroid sky_centroid.ra sky_centroid.dec bbox_xmin bbox_xmax bbox_ymin bbox_ymax area semimajor_sigma semiminor_sigma orientation eccentricity min_value max_value local_background segment_flux segment_fluxerr kron_flux kron_fluxerr kron_radius gini equivalent_radius kron4_2_flux kron4_2_fluxerr radius_kron20 radius_kron50 radius_kron80 near_border
[from data line 441]
442 8224.851746982678 741.91515813316 214.84621477729135 52.804578924505144 8221 8229 738 746 65.0 2.1815416181190357 1.9828529400910468 -38.85005367366522 0.4169644150842286 0.12463803352222999 0.7765518989259318 0.0 28.624322830497643 1.518873 45.03834408071204 3.769202789747193 2.1629826900309785 0.1901096335728926 4.54864184146723 44.78476939566536 6.072417326503024 2.1800282470893824 3.783749572069659 6.477481185856439 False
443 1084.3846147519876 745.691253872656 214.90992666433692 52.84995260422002 1078 1090 739 754 153.0 3.527117602471708 2.804849853798721 68.91689376887881 0.6063152729152766 -0.1317241248583011 0.6000957451870346 0.0 39.386475336912866 2.5727725 147.32308301239829 9.01263471298003 3.160554485171055 0.3135862609231537 6.978639737521917 277.62284550787234 14.518413784669477 5.456953610153571 13.166058394923272 19.957147816518148 False
444 10115.791134032579 740.8463827391026 214.82936557738955 52.79255698122897 10114 10118 739 743 21.0 1.2732622792791557 1.1573239111158966 80.3948336972017 0.41691856236437425 0.10754635880655024 0.34233029049488406 0.0 4.54125807455229 0.92120755 18.310330100519668 3.543765616776759 3.2513486520185753 0.1798646027997062 2.5854414729132054 33.20062677503213 5.639447791852317 2.2933842022279634 4.591757443909477 6.965057978319218 False
445 9846.41492866262 761.615653052753 214.83154860122502 52.79438086431164 9829 9860 740 783 983.0 7.549117937197851 4.866713256367235 82.55561555342321 0.7644583672390021 -0.10067495962680931 14.276527655112206 0.0 1499.7747041969703 6.8258214 1581.364324468148 8.535156429696718 1.4894490197197292 0.5553157279305796 17.688940559532284 1667.2280120454484 13.117695229587365 3.2138078671095607 6.96503889964243 13.127471114709412 False
446 2103.317451642993 748.6459265334203 214.90079021712077 52.84349879868411 2096 2110 742 755 164.0 3.056988387904867 2.7170527195018797 20.35715537967806 0.45829436224435105 0.12021184787628257 1.8839670944282336 0.0 111.38655564791624 2.8554893 181.92824098726913 6.40885532785977 2.4087943227519397 0.38175178000013926 7.225151993843567 229.46293785839782 9.990827200238146 2.718322215317329 5.5745117168875336 12.00019044688436 False
447 4298.492762110173 756.2943498027604 214.88110251038722 52.829599340889985 4286 4315 742 771 644.0 6.327547325794999 4.765536573910797 53.094889215684006 0.6578589026089486 -0.16249994350243477 3.6682353609839735 0.0 524.5199700557151 5.572003 611.1873170644035 8.887046478450463 1.7077794016070602 0.462174367808193 14.317526556719258 646.4059080003879 13.723108179283962 3.802258721833083 7.215287028572931 13.105657930918536 False
448 792.8910381582349 743.0 214.91256030214103 52.85178879828387 792 794 743 744 5.0 0.8922733216602496 0.28867513459481287 0.0 0.9462186998836517 -0.028653510709325383 0.09671172005899217 0.0 0.1924655831551237 0.41564256 10.29923096180184 1.8093580968973668 4.214627510402835 0.5108623396934391 1.2615662610100802 23.474466924485803 2.926882621175947 2.5043062185910285 3.8314983943868217 4.763810638956805 False
449 6499.540220506533 747.8875665917999 214.8615437549366 52.81557273154849 6496 6504 744 753 61.0 2.376154500879746 1.6414034878306243 70.45846597666717 0.7230635983345587 -0.09497910864209745 0.5088337385296031 0.0 13.107419725487578 1.5380305 25.295336783828304 3.6464851334100574 2.1672079127104054 0.3875081918504652 4.406461512053774 26.272950523310907 5.690349438726825 2.1126837792528796 4.295219779445197 6.065084514302153 False
450 4157.46609901222 755.864373022192 214.8823663019724 52.83049272573101 4149 4166 745 765 250.0 4.328369508674274 2.944885092636795 57.55514378323051 0.7328704349081457 -0.18408051449157734 2.065782207600745 0.0 169.48591827863947 3.4801033 237.0110017430433 7.190636387522029 2.120505843025761 0.3856301384334148 8.920620580763856 294.48529217948226 11.119853122498197 3.015447857174364 6.026181883086519 10.978516250097158 False
451 776.6066925566456 754.7758181516772 214.9125820491264 52.85195574924675 771 781 746 761 122.0 3.383538049747784 2.24347943674064 77.63705379560653 0.7485686891384254 -0.08920321747117205 0.5588972185733502 0.0 24.737394955788172 2.1273544 147.20016207320458 8.346623240717495 3.2260860861504526 0.36484411168457215 6.231677632421503 270.5699551029368 13.208268282467303 7.108913241972309 15.236282770653643 19.527134566607828 False
452 8202.540360014484 749.5045222448273 214.846334002623 52.804761610762 8198 8205 748 751 26.0 1.8992946287720598 0.9766063613354417 1.2202686064930346 0.8576737618937321 0.09933741316011618 0.6052619530518335 0.0 7.268744915195983 1.0126828 36.22241345914908 4.15774962664219 3.2487234949682016 0.2754861751962 2.876813695875796 45.90165452064978 6.564699299829356 2.891730570497009 5.3337639550686635 8.937664580076168 False
453 3343.938653875095 767.4867283546931 214.8895093767966 52.83572214262288 3312 3376 749 788 1906.0 11.307060843747767 5.654093909088662 -6.491006456290524 0.8659966296301818 -0.13089673160508225 14.134567870223677 0.0 3868.3172958626137 9.927353 3931.6633256055948 11.074806452681111 1.4 0.6008228159340367 24.631253379929838 4107.5307335367515 16.997353182246194 5.008520607464771 9.93482444576993 16.70663056566074 False
454 9108.478881726063 755.3482628762993 214.83819363219357 52.79903653491881 9105 9112 750 761 61.0 2.6342235723515266 1.538052455960506 -75.81210817130363 0.8118448906954586 0.04105621144010334 0.6423825642071845 0.0 21.358892882723296 1.5204186 49.97092136323747 4.272048263431182 2.5357283382586404 0.22439929345111376 4.406461512053774 71.66920831559733 6.935387885612804 2.601363318152826 5.3945642209457745 8.785464700355295 False
455 1287.583791231502 764.535736326279 214.90791249837753 52.848764147800445 1277 1300 752 779 375.0 6.865729792021821 2.866539034808401 50.745690636477875 0.9086704416094001 -0.12350428589268016 1.4661728280363286 0.0 186.83486838044837 4.3749447 249.53645353197038 8.302011155194162 2.004774170041509 0.38175289448007377 10.925484305920792 302.2461238583942 13.30971379989109 3.805843760141076 7.650480365837883 13.922301466782624 False
456 1183.6199021559005 755.4664207634759 214.90893698745612 52.84937529671527 1180 1187 753 758 37.0 1.9785415610588164 1.2507149811793965 -9.908570045891695 0.7748543089534531 0.05382320244751064 0.6060563457946145 0.0 12.51008711977211 1.1802257 79.55478734482648 5.116198856240916 3.6631151644301054 0.22001040551438256 3.431831258788849 175.37307461666123 8.097847695161 4.173781987066446 8.170775743704086 11.139212886337555 False
457 3235.6583761937686 765.0786929544315 214.89050182515555 52.836396804363446 3223 3249 753 775 482.0 4.662184799892014 3.730199998378819 37.920736736933996 0.5998706658978129 -0.08646589889402763 8.924223786414252 0.0 586.4220424374755 5.092389 623.6754995005065 6.292870542743471 1.5538415852453886 0.5681671223663074 12.386499309352384 666.1374688467514 9.623923708264085 2.3987239773503473 4.715674240902723 8.754569655708597 False
458 7526.551124882508 759.2678066285422 214.85226109291648 52.80910931983326 7521 7533 754 765 129.0 2.9191133680741905 2.4353459036538405 58.97761140693517 0.5513472037500495 -0.07064365592211932 0.9678906330824519 0.0 55.47831452335508 2.2055573 71.3884342683925 3.8498664825303113 1.725690044777509 0.36446662658311335 6.407961869245868 72.55346343188627 6.253426343915345 2.3176902141292506 4.0638847698223435 6.6822440592503725 False
459 1078.5822523441316 756.9915033834366 214.90985971695838 52.85005043667635 1077 1081 756 758 12.0 0.8696223628393221 0.7198272036309438 8.159446129005843 0.5611016763514219 -0.0574936437736077 0.3083471790119462 0.0 1.8452829982637857 0.64419067 12.16101880556294 2.2131109152649335 3.2402248266951625 0.3822156449045199 1.9544100476116797 26.35309161098303 3.53543172140087 2.0093222958136505 4.135886253033721 5.815131576950857 False
460 1224.3717060518131 777.8512935610282 214.9083374350989 52.84923736961368 1198 1254 756 805 1903.0 7.039397291806054 5.188113196929993 35.82717791541049 0.6758807545416631 -0.12250698567615936 99.9700015841293 0.0 7548.670364935559 10.772914 7361.933688291792 9.705131554070261 1.4 0.7671717536639272 24.611861234123552 7825.52503449237 13.72723774853657 2.369489847209315 4.859299448418857 9.909769716490384 False
461 7463.803872653534 758.3336504171356 214.85283066686256 52.809502947450255 7462 7466 756 761 22.0 1.3585641434887052 1.0716635773093532 19.331701172372142 0.6146233278573926 0.025383187886035878 0.4389055056840232 0.0 5.54883742379929 0.909472 31.95109117615905 3.5949425718619565 3.599100253430898 0.29448571013166225 2.6462837142006137 38.92740242456094 6.01788795773562 2.86012611548401 5.568135144859213 7.840023275477405 False
462 8394.84208964537 757.1087714811783 214.84453899684402 52.80358071848244 8393 8398 756 758 14.0 1.304482047663646 0.7417906422110195 -12.029904995292979 0.8225812164763252 0.025523069643165173 0.38491520005651214 0.0 3.183098207263654 0.71745604 26.466474832897685 3.253813030201584 3.693486632892086 0.3001539950649183 2.111004122822376 43.19022628236603 5.098571210980568 2.8541867054654273 5.268739014594007 7.24992695730793 False
463 3532.6555657223716 760.8253049950973 214.887893904665 52.83448769918363 3531 3536 758 764 29.0 1.8306660422035839 1.1543529134184995 78.53293411767504 0.7761368971309925 0.04541683851116075 0.46123288358969383 0.0 7.6787381692916785 1.2643746 30.19589513060527 4.494186067395672 3.2398163664703197 0.24217179934912428 3.0382538898732494 53.04549484048215 7.071154627803187 2.6453136840077764 6.0171655697561475 9.006090499942616 False
464 7810.644738366368 761.6161505085956 214.84970219872494 52.80731695939798 7808 7814 758 765 43.0 2.0441437112488328 1.4892535253207118 73.73524836698662 0.6849964634027147 -0.0013657220200593411 0.39047819949761214 0.0 10.46791258661556 1.2521751 19.67738878109096 2.8357663549882632 1.9822227323528108 0.19018838488813034 3.6996385101659595 12.67619285348437 4.619064664905692 2.088506194244458 3.610179416554918 5.346260868403316 False
465 6051.23846498254 761.4770883121458 214.8654015435931 52.81849394367571 6051 6053 760 763 8.0 1.148517573278705 0.4070308153795032 -83.25195218477793 0.9350951785267062 -0.029265528824454972 0.38983342398187587 0.0 1.5410280247410375 0.6313068 24.09676405004017 2.76705518266591 3.829480517187388 0.3732106903632055 1.5957691216057308 58.79540604588432 4.656704917953571 2.93892459303815 5.134895831773911 6.4757452327674985 False
466 9646.771069558807 767.6438589148535 214.8332650543662 52.79568209901516 9634 9660 760 775 352.0 4.732585410304488 2.9662871271529023 -5.871661477300412 0.779196741323331 -0.008807657530355293 6.6225987295356 0.0 432.4194483048831 3.9541483 466.2039641996736 5.124368782766365 1.4928985896857019 0.5136493705556266 10.585134856802455 484.59558047174926 8.155711908398407 2.3302450321417045 4.538194440136214 8.253876960576136 False
467 7633.813101995578 765.2120054065767 214.85124177657755 52.808459876824585 7631 7636 761 770 48.0 2.278035143738213 1.4876419901678954 76.50089276944773 0.7573257187852829 0.14906935772174554 0.5737174298882598 0.0 16.427229775422926 1.5449883 57.928837899554615 4.678796666505052 2.92360004632453 0.19804474532415745 3.9088200952233594 105.34613101627976 7.492968457503749 3.0209035742443504 6.74956261783693 10.256733581901896 False
468 9241.197073282785 762.1823861077868 214.83693843435026 52.79823000332309 9240 9243 761 763 10.0 1.1097060407557395 0.6780403885767202 20.78276585452708 0.7916236419876991 0.22525282850366352 0.3607819741095518 0.0 3.033312787165283 0.6659422 19.21475364274982 2.6652672807831816 3.438407977241937 0.08324683720346758 1.7841241161527712 23.610988816960973 4.231997950349919 2.1150936491240007 3.972065314856864 6.3795536019687455 False
469 726.0 764.0 214.91293741081577 52.852326839188805 724 726 764 765 5.0 0.28867513459481287 0.28867513459481287 0.0 0.0 -0.2163958994705176 0.2029026126468076 0.0 -0.25658833511244883 0.45949078 3.8555545470283894 0.9893055697598733 3.6843190857303534 -0.32560895869612544 1.2615662610100802 8.73855348899592 1.5894242732885435 1.2200819354586656 1.9317348997525758 2.408845443787411 False
470 1801.2100655921095 769.2860421982526 214.9032726292088 52.84552850530084 1796 1807 764 775 115.0 2.481238361155389 2.3593380895673506 50.74646643096742 0.3095867688410721 0.042816512235385455 1.5543079284538817 0.0 59.852713633432266 2.229934 84.70447573204594 4.394417844035933 1.961818476341079 0.3890907183138657 6.050259243299904 86.73310774228096 6.860173405103898 2.089808933847732 3.9990970358481963 7.6336879774571305 False
471 7580.055693372099 765.5461383232573 214.85171780737406 52.80880323075642 7579 7581 765 767 7.0 0.8003140627345259 0.626059776525429 -9.65815501983324 0.6229425108612728 0.188276344280635 0.5359898414631559 0.0 2.492480635664715 0.49004713 14.433488813187576 1.9075436290016077 3.3138757621405457 0.17438468672225352 1.4927053303604616 21.12558913689747 3.065216241749544 1.6400826501701244 3.2192405344957997 4.714244455493117 False
472 7771.400452922226 765.6481228260878 214.85000987937724 52.80758804687127 7771 7772 765 766 4.0 0.5357540574293377 0.42557913206161474 41.73887811615022 0.6074532806717636 0.12227146555101444 0.4652440153377813 0.0 1.384797040085345 0.3846324 11.540538249838301 1.5333659616328714 3.7438425913766324 0.2638618199667564 1.1283791670955126 11.870567192344797 2.4060716194718146 1.383647757542733 2.2766669612918133 3.21257679842763 False
473 9683.943180569508 766.7482678084074 214.83294307275796 52.79544104391965 9683 9685 766 768 7.0 0.7503862904762512 0.6862052558652361 24.49298567728423 0.4046551940026511 0.30173856206457106 0.46267728779113115 0.0 2.735779932525457 0.5066926 14.736342422154339 2.103708091061965 3.4059056196205115 0.08180834112931806 1.4927053303604616 17.897779991644867 3.4014047356400643 1.5840449557815006 2.7483672808025137 3.925312739134792 False
474 9901.48841227213 770.017542264589 214.83096934107823 52.79407615699364 9898 9906 766 775 64.0 2.1746328001416004 1.9065413405345315 -65.37890600678946 0.48100336925168 0.10495150696406297 0.7204277521762776 0.0 24.24860227455428 1.5870492 45.42258483315352 4.135988343461118 2.2669059740629227 0.23036923275211535 4.51351666838205 53.07834878559928 6.837736922135527 2.308526190278587 4.259864243330839 6.696833131044148 False
475 2866.708188445469 770.4504480472793 214.89374095704548 52.838768819777435 2865 2868 768 773 18.0 1.3759103497652416 0.964814195408244 -87.66185550821177 0.7129461435908458 0.1823098723251907 0.49945796414768545 0.0 6.231717446987106 0.89041257 18.83230418630484 2.9697000491152767 2.7738199146652955 0.14141987747019039 2.393653682408596 8.345069304462228 4.617409887622192 1.8008280137241235 3.1212644328267625 4.49416886430619 False
476 9949.025606293439 777.8076215868417 214.8304637004167 52.79381604329407 9941 9956 771 784 131.0 4.166903135466226 2.082543403278629 -36.39297845315773 0.8661511990403826 -0.0211062342846761 0.9022669505731981 0.0 51.93467183789578 2.26817 110.65200563201105 7.17485072757874 2.73000160118424 0.26228766214694343 6.457444935117649 105.15179791967365 11.329592651756048 3.5497286027451795 8.07229332746605 14.239912705875083 False
477 1943.6747422800363 777.3835715558723 214.90191451031285 52.84466759140402 1941 1947 772 782 67.0 2.620710146253249 1.6123191805582684 87.59788019336006 0.78835372063633 0.050319647774931704 0.7485507612436404 0.0 25.15843348272655 1.6539392 61.00518434853231 5.0861605971623645 2.77237403495276 0.2701738354365442 4.61809077155419 56.41933512931839 8.198619586751153 2.689633955443886 5.719864723805233 9.563769764729042 False
