outputs/dr0.5_c0.1/nircam2_f444w_dr0.5_c0.1.ecsv
# %ECSV 1.0
# ---
# datatype:
# - {name: label, datatype: int64}
# - {name: xcentroid, datatype: float64}
# - {name: ycentroid, datatype: float64}
# - {name: sky_centroid.ra, unit: deg, datatype: float64}
# - {name: sky_centroid.dec, unit: deg, datatype: float64}
# - {name: bbox_xmin, datatype: int64}
# - {name: bbox_xmax, datatype: int64}
# - {name: bbox_ymin, datatype: int64}
# - {name: bbox_ymax, datatype: int64}
# - {name: area, unit: pix2, datatype: float64}
# - {name: semimajor_sigma, unit: pix, datatype: float64}
# - {name: semiminor_sigma, unit: pix, datatype: float64}
# - {name: orientation, unit: deg, datatype: float64}
# - {name: eccentricity, datatype: float64}
# - {name: min_value, datatype: float64}
# - {name: max_value, datatype: float64}
# - {name: local_background, datatype: float64}
# - {name: segment_flux, datatype: float64}
# - {name: segment_fluxerr, datatype: float32}
# - {name: kron_flux, datatype: float64}
# - {name: kron_fluxerr, datatype: float64}
# - {name: kron_radius, unit: pix, datatype: float64}
# - {name: gini, datatype: float64}
# - {name: equivalent_radius, unit: pix, datatype: float64}
# - {name: kron4_2_flux, datatype: float64}
# - {name: kron4_2_fluxerr, datatype: float64}
# - {name: radius_kron20, unit: pix, datatype: float64}
# - {name: radius_kron50, unit: pix, datatype: float64}
# - {name: radius_kron80, unit: pix, datatype: float64}
# - {name: near_border, datatype: bool}
# meta:
#   PHOTMJSR: 0.3925000131130219
#   PIXAR_SR: 2.11539874851881e-14
#   __serialized_columns__:
#     area:
#       __class__: astropy.units.quantity.Quantity
#       unit: !astropy.units.Unit {unit: pix2}
#       value: !astropy.table.SerializedColumn {name: area}
#     eccentricity:
#       __class__: astropy.units.quantity.Quantity
#       unit: !astropy.units.Unit {unit: ''}
#       value: !astropy.table.SerializedColumn {name: eccentricity}
#     equivalent_radius:
#       __class__: astropy.units.quantity.Quantity
#       unit: !astropy.units.Unit {unit: pix}
#       value: !astropy.table.SerializedColumn {name: equivalent_radius}
#     kron_radius:
#       __class__: astropy.units.quantity.Quantity
#       unit: &id001 !astropy.units.Unit {unit: pix}
#       value: !astropy.table.SerializedColumn {name: kron_radius}
#     orientation:
#       __class__: astropy.units.quantity.Quantity
#       unit: &id002 !astropy.units.Unit {unit: deg}
#       value: !astropy.table.SerializedColumn {name: orientation}
#     radius_kron20:
#       __class__: astropy.units.quantity.Quantity
#       unit: *id001
#       value: !astropy.table.SerializedColumn {name: radius_kron20}
#     radius_kron50:
#       __class__: astropy.units.quantity.Quantity
#       unit: *id001
#       value: !astropy.table.SerializedColumn {name: radius_kron50}
#     radius_kron80:
#       __class__: astropy.units.quantity.Quantity
#       unit: *id001
#       value: !astropy.table.SerializedColumn {name: radius_kron80}
#     semimajor_sigma:
#       __class__: astropy.units.quantity.Quantity
#       unit: !astropy.units.Unit {unit: pix}
#       value: !astropy.table.SerializedColumn {name: semimajor_sigma}
#     semiminor_sigma:
#       __class__: astropy.units.quantity.Quantity
#       unit: !astropy.units.Unit {unit: pix}
#       value: !astropy.table.SerializedColumn {name: semiminor_sigma}
#     sky_centroid:
#       __class__: astropy.coordinates.sky_coordinate.SkyCoord
#       dec: !astropy.table.SerializedColumn
#         __class__: astropy.coordinates.angles.Latitude
#         unit: *id002
#         value: !astropy.table.SerializedColumn {name: sky_centroid.dec}
#       frame: icrs
#       ra: !astropy.table.SerializedColumn
#         __class__: astropy.coordinates.angles.Longitude
#         unit: *id002
#         value: !astropy.table.SerializedColumn {name: sky_centroid.ra}
#         wrap_angle: !astropy.coordinates.Angle
#           unit: *id002
#           value: 360.0
#       representation_type: spherical
#   astropy version: '5.1'
#   make_catalog parameters:
#     ab_zpt: 31.4
#     coadd_bands: !!python/tuple [f277w, f356w]
#     deblend_contrast: 0.001
#     deblend_nlevels: 32
#     deblend_npixels: 1
#     detect_kernel_fwhm: 4.0
#     detect_kernel_npix: 7
#     detect_npixels: 4
#     detect_threshold_nsigma: 3.0
#     flag_isolated_buffer: 4
#     hst_bands: !!python/tuple [f606w, f814w, f125w, f140w, f160w]
#     jwst_bands: !!python/tuple [f115w, f150w, f200w, f277w, f356w, f410m, f444w]
#     near_border_kernelsize: 21
#     reference_band: f200w
#   make_catalog version: 1.4.0
#   photutils version: 1.5.0
# schema: astropy-2.0
label xcentroid ycentroid sky_centroid.ra sky_centroid.dec bbox_xmin bbox_xmax bbox_ymin bbox_ymax area semimajor_sigma semiminor_sigma orientation eccentricity min_value max_value local_background segment_flux segment_fluxerr kron_flux kron_fluxerr kron_radius gini equivalent_radius kron4_2_flux kron4_2_fluxerr radius_kron20 radius_kron50 radius_kron80 near_border
[from data line 2501]
2502 3162.882639113939 4712.825423236631 214.90590794730423 52.93131408948683 3162 3164 4712 4714 6.0 0.881134943790358 0.4689323945789696 34.319591462798805 0.8466241006594729 0.16463604345036756 0.32367433672877993 0.0 1.35384584567772 0.37799162 7.584598103583701 1.4629773957217571 3.212176912100211 0.1700114513624801 1.381976597885342 15.977240024171259 2.4461139934422325 1.4176381397806956 2.641113692947671 4.198994332370204 False
2503 3192.73445620913 4715.627526435127 214.90561114698332 52.931139669049806 3189 3197 4712 4719 56.0 2.5268411938349224 1.538852646348193 34.713569622150565 0.7931682889856015 0.030909795676833222 0.37497848999941163 0.0 12.995298641984334 1.223605 28.735687584791663 3.7123349278427415 2.564306992049437 0.17794939450290403 4.222008245644752 39.70742496534741 5.813390260917418 2.5453072046416767 4.65300551405278 10.057427585736685 False
2504 7670.679494443249 4720.476481946799 214.8654924613664 52.902726377911534 7667 7676 4713 4729 106.0 4.47620869665221 1.7893712288069863 -64.42806114539431 0.9166235446074006 0.024667286943155373 0.5757684318958183 0.0 27.835990664435457 2.2360055 65.90094273963413 6.4114851661344305 2.462281373715865 0.22056269816053756 5.808687281605183 52.04820007985419 9.79704728255379 3.958721857265125 6.838344677393831 11.26330728909127 False
2505 6777.479871210194 4723.426749136586 214.8734493358792 52.90841608992576 6769 6785 4715 4732 247.0 4.065258859287972 3.192339083828138 47.981452631695284 0.619149339464554 0.0380958437481193 2.5174424251890013 0.0 195.07541438005626 3.243991 301.06060471577496 6.857155457436237 2.334668139397775 0.36735740237677444 8.866935315394846 365.38452891851125 10.778817262235153 3.17158300902251 6.651875215971927 13.835129186655701 False
2506 2789.5354897682796 4716.528420841976 214.90921196711207 52.93370458452306 2789 2790 4716 4717 4.0 0.5163669699887573 0.4809343867862614 45.366270264098226 0.3640459118635982 0.12058938004700621 0.15915065971465797 0.0 0.529388732502847 0.29986167 3.811738676410026 1.190444278355418 3.6159957004047536 0.07346167671931401 1.1283791670955126 5.340379090766596 1.9234350177851474 1.356399134999148 2.2695811626600917 3.363873011358824 False
2507 7820.9561864307325 4724.68169971985 214.86410444289575 52.90179441520913 7807 7834 4717 4734 370.0 6.052253079911347 3.3602456807032866 -20.20323683869918 0.8317130398277105 -0.05676342939606074 1.8635823932657736 0.0 266.84067173503877 3.7511954 365.2094201246914 7.752665562768477 2.0162943519914207 0.33523456037928573 10.852403323135505 395.3571803993219 12.387606326987719 4.115934928818525 7.560525265165644 12.82039331934109 False
2508 1694.8433295922569 4720.105569897064 214.9189784876726 52.940673928690934 1694 1696 4719 4721 7.0 0.834034532790904 0.7096407659578006 -36.98154804071522 0.5254038540720687 0.11676031923102642 0.3502654792539584 0.0 1.4180762957362378 0.3999309 14.447672078847095 1.884944100984195 3.5255143089446186 0.2593558842270489 1.4927053303604616 13.111539175237958 3.070627601257441 2.0856820755617984 3.5849630036611315 5.054812486755484 False
2509 2510.4787004386385 4721.41066941962 214.91165950707185 52.93550270291803 2505 2515 4719 4724 44.0 2.6204625819696563 1.6341194142455782 -8.587676157255737 0.7817439098797118 -0.12029799982934283 0.24149838228086495 0.0 4.549516222348454 1.0057613 116.26850473877633 5.561220793613501 3.8674570018743886 0.34575676588423604 3.742410318509555 239.0884120157494 9.005035214026114 8.47253114086462 13.405619577446972 18.041387140580643 False
2510 607.8639657447416 4722.560476373502 214.9286908608193 52.94758744923485 607 608 4722 4723 4.0 0.5194391569157008 0.3066830728382442 -68.56438897255697 0.8071020741974648 -0.0024069785856109063 0.2240490053203775 0.0 0.5073472002862488 0.40643978 4.364141039192824 1.279780663158934 3.813574478529549 0.5334566368765773 1.1283791670955126 5.401441666674527 1.9598067692435472 1.3339928526858047 2.2532754757758573 3.0251545468734777 False
2511 8047.641558002908 4730.159030553624 214.8620199156429 52.90038389156568 8040 8056 4724 4736 170.0 3.3984241038344005 2.4067902811949176 -22.21205558721153 0.7060040975286083 -0.09367083831602603 2.1869386951491863 0.0 115.99514446863995 2.9399254 146.20609102737154 5.103744891344031 1.800598358236127 0.41737152693758417 7.356132180109627 151.76313995388392 7.815906547768849 2.2962091226447816 4.273255266934219 7.620825231590483 False
2512 2480.926115569581 4727.419381325017 214.91186086755934 52.9357227654723 2479 2483 4725 4730 19.0 1.6652063446816847 0.8197991963709411 -53.82867762796286 0.8704194391960894 -0.10981621914861557 0.3282298904595454 0.0 2.383353699026395 0.70843583 43.065709475278354 3.177344080548073 3.8993023375223053 0.40305998467422505 2.4592453796829674 73.50835772004442 5.093112396875359 4.92139931627893 7.781079269050799 9.731709864208861 False
2513 2095.760914536315 4727.483441704858 214.91530973341483 52.938168481886365 2094 2098 4726 4730 20.0 1.1361568542967708 1.004643177639581 4.054045685906845 0.46701971885051424 -0.042950582779982364 0.4140268862748135 0.0 3.737812731109363 0.67046714 8.052195655920757 1.7349066754317255 2.4295445687035366 0.3200208187658604 2.5231325220201604 12.86653644091945 2.802483952655453 1.2757077443246463 2.600839841136871 4.124573754240322 False
2514 2489.606216794541 4726.555218242277 214.91179223623885 52.935662990945524 2488 2492 4726 4729 14.0 1.0050119740689316 0.49124360810381484 -11.989832022960325 0.8723993549133797 -0.059911363975532296 0.27190786536527467 0.0 1.4636879678488923 0.5655355 10.952576635678064 1.624730217945769 3.43007570940204 0.5540584303459762 2.111004122822376 28.794981635756027 2.6341101934401543 1.9696313805601262 4.335593723783942 5.428241619630903 False
2515 9316.473743029794 4728.245959159591 214.850697655519 52.89231242290233 9315 9318 4726 4729 13.0 1.4528472926817437 0.9098087097307868 -2.642762078813834 0.7796427096154223 -0.13957034606737506 0.18678737462537756 0.0 0.12360376949257791 0.8653924 13.103011847354688 4.169851080485113 3.969491401102164 0.439553487542994 2.0342144725641096 24.837141415268757 6.76383220024597 3.7414449864474038 5.948340247633743 9.057159470068493 False
2516 6835.755173798882 4731.697073553467 214.87284100672878 52.90809054010627 6832 6840 4727 4736 69.0 2.693091371731294 1.7318265354973625 -58.04988250704672 0.7658135536149807 -0.10896146311545435 0.49569758416124887 0.0 16.520006779663465 1.6285496 45.207145356466555 4.57132681827808 2.6932115877042775 0.2744079056482628 4.686510657907603 61.40104223445094 7.235647468048355 3.1526843121089363 5.724908906491316 9.236873494726245 False
2517 921.3124431663593 4734.029649430433 214.92576153638578 52.945659644742626 917 925 4730 4738 66.0 1.8845843528515174 1.81671717903732 -58.181168602067004 0.26594481937388975 0.3353973626865538 3.308523506398471 0.0 89.64928824281847 1.3535235 113.2933023545271 2.5864160427580023 1.983031755391735 0.3548173948027357 4.583497844237541 121.01962080105386 4.048140277779379 1.5701726327180299 2.803623319711821 4.735552166187518 False
2518 6224.682255483028 4738.213438899569 214.87823834875567 52.912007080599636 6211 6237 4730 4747 334.0 5.359061107835657 3.037030758358258 22.42625791793345 0.8239176901032516 0.06534649276613116 2.403634646144393 0.0 251.33159211262128 3.1722841 335.5604466529766 6.535578977262406 2.1122476594411075 0.4087029912985698 10.31094088749354 446.2868739993873 10.128110847277018 3.449803664108346 6.716476165316837 12.191682738883491 False
2519 3525.777813802904 4734.861114189788 214.90242674259807 52.92912877480834 3522 3530 4732 4738 51.0 2.0296189265675393 1.557205181839917 40.29405145528308 0.6413598933357079 -0.10266491237878043 0.5914298599034998 0.0 14.3363723808467 1.1307313 14.853492270167086 2.0950222175068944 1.6490075506649762 0.34370955213929316 4.029119531035698 16.43809402266134 3.4377238430767103 1.4482193566645045 2.4966978554135335 3.3533260909673164 False
2520 7356.967548851729 4743.462441804248 214.86805568188362 52.90484318539386 7341 7375 4732 4754 549.0 6.853637784386868 3.646057880166007 -22.851275335321027 0.8467514506598012 -0.16689562615898484 2.7808502420674617 0.0 395.21210454388546 4.4451976 495.9839348875955 8.279966988727967 1.9567910410221774 0.4540437117870829 13.219384536161321 565.2966454417133 13.20355066862624 4.047331201182469 7.678181199825474 14.045193235105417 False
2521 1528.5042765790413 4743.055111785998 214.92022675323656 52.941853808556644 1507 1547 4735 4752 450.0 7.2329560896890435 3.0887444852688244 8.258390079817152 0.9042338500724284 -0.09514367905081221 1.928677063075005 0.0 202.6173372544095 3.354786 254.83998227265772 5.384840763828466 1.616793817469968 0.4276794660409536 11.968268412042981 253.7615054483735 8.583766579380674 3.4267573813413184 7.060558513171093 13.908669492809075 False
2522 9234.956627599211 4736.510632375106 214.85133919330957 52.892874915534996 9234 9235 4736 4737 4.0 0.4998869489840106 0.2036939529620038 89.9879844635879 0.9132141143460383 0.009276839471343822 0.21308267919125112 0.0 0.4361722615282405 0.46094498 1.149509569525955 1.132128190579106 3.7365199644961433 0.6159250490197428 1.1283791670955126 0.7996016546609317 1.7445392474501635 0.6190594519385578 1.1535202742987571 1.5763172927160507 False
2523 1779.6529600420606 4740.420923588456 214.91800479856028 52.94024517889516 1777 1782 4737 4745 42.0 2.1312409660717053 1.309851599613188 -82.74322072510206 0.7888422449132344 0.14523266999675538 0.6519212027603878 0.0 15.660734157963613 1.027545 37.402714001989295 3.069545164676035 2.613051624467796 0.22511819912746064 3.656366395715726 37.75324142272822 4.89465320247824 2.1870248556669125 4.158854719779504 6.4555586684050095 False
2524 8074.563438895654 4739.397263544479 214.86168191558966 52.90026268576342 8073 8077 4737 4741 20.0 1.2265547818639608 1.0463541472128344 88.01806965455626 0.5217737490351712 0.07788483386190366 0.5097360291218925 0.0 5.155089871502989 1.0566505 15.432192386321095 2.8778240048888875 2.726110685792603 0.3203823751651142 2.5231325220201604 19.867536154124657 4.4192584069087 1.716804638594943 3.2212123657735323 5.905017873317947 False
2525 3268.0960910218873 4739.638561723005 214.90468346621182 52.93079074561715 3267 3269 4738 4741 8.0 0.8265772299847123 0.699277502954805 -63.49977619295322 0.533196013025484 0.04867258377515767 0.19051629992563762 0.0 1.0989265719433798 0.45230952 4.944666169202996 1.8839944558472517 3.5027343734995595 0.18337943354235117 1.5957691216057308 -0.633470081054238 3.033694770065963 1.4577819462327715 2.679359956541127 3.8311872620873286 False
2526 3689.0812356105926 4746.1504722625195 214.90084584375845 52.92815275725015 3684 3694 4739 4754 146.0 3.649135048084538 2.5173384733434823 73.19414557310978 0.7239568587915605 -0.14131316097001778 0.570050890010325 0.0 34.17474285834936 1.9338156 49.9487879246153 4.7043067481716 2.077088652253058 0.3075900522287061 6.817128675830715 62.957111357688355 7.440683782364119 2.9528918260975257 5.23251437714543 8.447350316622863 False
2527 6198.862507485771 4748.998886598649 214.8783557261376 52.91222925943324 6191 6205 4743 4755 148.0 3.246851223062105 2.3595879384457583 36.554068128705985 0.6869219961549554 -0.020220211851347338 1.4753292869051329 0.0 78.89242769684365 2.1953108 126.47255542595076 5.102094880810382 2.415455163862172 0.3796073421922068 6.863662517577698 166.08097843033912 7.974273773124008 2.625320374536415 5.280974316320839 11.701445917112823 False
2528 3618.9923086112594 4747.698920480396 214.9014569979658 52.92860616624024 3613 3624 4744 4751 69.0 2.962889165328689 1.5609812501293803 23.321528892547978 0.8499618167978098 -0.04434442437054613 0.39753627119252993 0.0 12.008651706651785 1.3085473 19.19832901968187 2.0896731875084193 1.4 0.3199799891879251 4.686510657907603 13.838797462077878 3.360004871794607 2.2186659063356493 4.07011182715528 6.4038755543592725 False
2529 6276.490270994819 4762.922758252667 214.87751464148346 52.911811314004844 6257 6294 4744 4781 933.0 8.476064563426311 4.286628540418838 45.559420111518584 0.8626898498499753 -0.01839360013408058 10.00733461954202 0.0 1315.6225522987302 5.357703 1417.2138559037758 7.425454625470569 1.5901952280170535 0.5248516746034483 17.233198304710495 1527.970968596097 11.655004909240123 3.532195888729461 7.586888398756667 13.926837341603367 False
2530 7331.949475224506 4746.649626446436 214.86824584437767 52.9050192989228 7331 7333 4746 4747 5.0 0.7542853748128465 0.43452725947315385 18.631188129023858 0.817394679807769 0.1697769538870355 0.31928017317878526 0.0 1.2786221453019544 0.43520546 15.369216386210844 2.3910623333981817 3.9351823113627633 0.15805345508946372 1.2615662610100802 20.326355848579308 3.4341187458261144 1.7408643726290667 2.890285621334193 4.511788655626777 False
2531 6542.293085273144 4749.13581652506 214.87528219637838 52.91004864249653 6541 6544 4747 4751 17.0 1.3252520748614929 0.9758071611848163 86.29174038305287 0.6766354825679053 0.02521738944812585 0.22911051205441446 0.0 2.298076688615111 0.68969595 19.41283291073171 3.208755188606267 3.7817436209848427 0.25142504664908244 2.326213245840639 15.227408345101278 5.096537194418465 2.9186634811635073 4.7218039876379745 6.153687214456309 False
2532 8476.98042465586 4752.4568587121075 214.85794664476322 52.89777658276403 8470 8482 4748 4758 113.0 3.071370178962832 2.5401975937034864 1.1326864800428027 0.5621183581452666 0.04135708494361451 0.7298963324252602 0.0 43.245283831906306 2.0096304 95.55249619843599 6.12367137469865 2.561076666452916 0.23248407310822572 5.997417539138688 130.95490114936763 10.023777321399935 3.407821746231626 6.561166093373637 12.709340185651653 False
2533 3013.1820817089288 4756.283717537781 214.90679056631566 52.93249915175889 3009 3017 4753 4760 54.0 2.065862162241251 1.7244581731259685 27.85500670600469 0.5506440009317394 0.03624242198880997 0.4961910186751709 0.0 15.096314613322058 1.2008225 30.369928832623305 3.572278635456421 2.5408828576678735 0.2420501442096879 4.145929793656026 38.09868506386981 5.532488515583455 2.245336578540111 4.1860683226202084 7.318412449206259 False
2534 3768.6911018643614 4754.893897833941 214.90004105870045 52.927694428596716 3767 3770 4753 4756 12.0 1.1605361060480521 0.8199523929124423 32.796777516963694 0.7076841091951348 0.14407452735438453 0.40457350285591315 0.0 3.216764676436418 0.6348997 19.403747310714316 2.446877559541062 3.365088100203906 0.15749317330206775 1.9544100476116797 12.327549573239123 3.794980801644577 2.148787399956381 3.512635923948089 5.504910502460621 False
2535 9335.52688196841 4754.407294925997 214.8502518556165 52.89233243206814 9333 9337 4753 4756 13.0 1.2851611942355872 0.7405577556754187 19.687913092215965 0.8172824657063218 -0.034259647967133156 0.2817484055562256 0.0 1.4834528678286518 0.83153176 21.63263751345228 3.309961692371058 3.671603968396164 0.35262811689203377 2.0342144725641096 53.76887381172326 5.225917282798417 3.3107617493776798 5.3892582014560055 7.098849432842777 False
2536 2585.678110971007 4758.361565885819 214.9105968265325 52.93522469925367 2582 2589 4755 4762 54.0 1.9189870612845736 1.7414352298918117 67.20061952711187 0.42010333318620635 0.004725749098301127 0.6994484859885666 0.0 19.424045602463938 1.1712245 35.41078789439226 3.167903362086847 2.425869855326081 0.24962915092554355 4.145929793656026 34.91444420154461 4.995556561055441 2.024265050252161 3.791780644891984 6.788473682508793 False
2537 6592.374771684453 4756.671618843473 214.87475485633223 52.909771184238416 6589 6596 4755 4759 30.0 1.9945726475363883 1.0756920256534335 -21.647785677829003 0.842107616066863 0.1125603280662035 0.40593581046964017 0.0 6.422815419427426 1.0955976 32.00251682056451 4.019876598300368 3.4207318951407655 0.1846665227384442 3.0901936161855166 34.563595218458744 6.329106584178696 3.0149844943377246 6.0711110606962215 8.195408106740805 False
