outputs/dr0.5_c0.1/nircam3_f410m_dr0.5_c0.1.ecsv
# %ECSV 1.0
# ---
# datatype:
# - {name: label, datatype: int64}
# - {name: xcentroid, datatype: float64}
# - {name: ycentroid, datatype: float64}
# - {name: sky_centroid.ra, unit: deg, datatype: float64}
# - {name: sky_centroid.dec, unit: deg, datatype: float64}
# - {name: bbox_xmin, datatype: int64}
# - {name: bbox_xmax, datatype: int64}
# - {name: bbox_ymin, datatype: int64}
# - {name: bbox_ymax, datatype: int64}
# - {name: area, unit: pix2, datatype: float64}
# - {name: semimajor_sigma, unit: pix, datatype: float64}
# - {name: semiminor_sigma, unit: pix, datatype: float64}
# - {name: orientation, unit: deg, datatype: float64}
# - {name: eccentricity, datatype: float64}
# - {name: min_value, datatype: float64}
# - {name: max_value, datatype: float64}
# - {name: local_background, datatype: float64}
# - {name: segment_flux, datatype: float64}
# - {name: segment_fluxerr, datatype: float32}
# - {name: kron_flux, datatype: float64}
# - {name: kron_fluxerr, datatype: float64}
# - {name: kron_radius, unit: pix, datatype: float64}
# - {name: gini, datatype: float64}
# - {name: equivalent_radius, unit: pix, datatype: float64}
# - {name: kron4_2_flux, datatype: float64}
# - {name: kron4_2_fluxerr, datatype: float64}
# - {name: radius_kron20, unit: pix, datatype: float64}
# - {name: radius_kron50, unit: pix, datatype: float64}
# - {name: radius_kron80, unit: pix, datatype: float64}
# - {name: near_border, datatype: bool}
# meta:
#   PHOTMJSR: 0.8704000115394592
#   PIXAR_SR: 2.11539874851881e-14
#   __serialized_columns__:
#     area:
#       __class__: astropy.units.quantity.Quantity
#       unit: !astropy.units.Unit {unit: pix2}
#       value: !astropy.table.SerializedColumn {name: area}
#     eccentricity:
#       __class__: astropy.units.quantity.Quantity
#       unit: !astropy.units.Unit {unit: ''}
#       value: !astropy.table.SerializedColumn {name: eccentricity}
#     equivalent_radius:
#       __class__: astropy.units.quantity.Quantity
#       unit: !astropy.units.Unit {unit: pix}
#       value: !astropy.table.SerializedColumn {name: equivalent_radius}
#     kron_radius:
#       __class__: astropy.units.quantity.Quantity
#       unit: &id001 !astropy.units.Unit {unit: pix}
#       value: !astropy.table.SerializedColumn {name: kron_radius}
#     orientation:
#       __class__: astropy.units.quantity.Quantity
#       unit: &id002 !astropy.units.Unit {unit: deg}
#       value: !astropy.table.SerializedColumn {name: orientation}
#     radius_kron20:
#       __class__: astropy.units.quantity.Quantity
#       unit: *id001
#       value: !astropy.table.SerializedColumn {name: radius_kron20}
#     radius_kron50:
#       __class__: astropy.units.quantity.Quantity
#       unit: *id001
#       value: !astropy.table.SerializedColumn {name: radius_kron50}
#     radius_kron80:
#       __class__: astropy.units.quantity.Quantity
#       unit: *id001
#       value: !astropy.table.SerializedColumn {name: radius_kron80}
#     semimajor_sigma:
#       __class__: astropy.units.quantity.Quantity
#       unit: !astropy.units.Unit {unit: pix}
#       value: !astropy.table.SerializedColumn {name: semimajor_sigma}
#     semiminor_sigma:
#       __class__: astropy.units.quantity.Quantity
#       unit: !astropy.units.Unit {unit: pix}
#       value: !astropy.table.SerializedColumn {name: semiminor_sigma}
#     sky_centroid:
#       __class__: astropy.coordinates.sky_coordinate.SkyCoord
#       dec: !astropy.table.SerializedColumn
#         __class__: astropy.coordinates.angles.Latitude
#         unit: *id002
#         value: !astropy.table.SerializedColumn {name: sky_centroid.dec}
#       frame: icrs
#       ra: !astropy.table.SerializedColumn
#         __class__: astropy.coordinates.angles.Longitude
#         unit: *id002
#         value: !astropy.table.SerializedColumn {name: sky_centroid.ra}
#         wrap_angle: !astropy.coordinates.Angle
#           unit: *id002
#           value: 360.0
#       representation_type: spherical
#   astropy version: '5.1'
#   make_catalog parameters:
#     ab_zpt: 31.4
#     coadd_bands: !!python/tuple [f277w, f356w]
#     deblend_contrast: 0.001
#     deblend_nlevels: 32
#     deblend_npixels: 1
#     detect_kernel_fwhm: 4.0
#     detect_kernel_npix: 7
#     detect_npixels: 4
#     detect_threshold_nsigma: 3.0
#     flag_isolated_buffer: 4
#     hst_bands: !!python/tuple [f606w, f814w, f125w, f140w, f160w]
#     jwst_bands: !!python/tuple [f115w, f150w, f200w, f277w, f356w, f410m, f444w]
#     near_border_kernelsize: 21
#     reference_band: f200w
#   make_catalog version: 1.4.0
#   photutils version: 1.5.0
# schema: astropy-2.0
label xcentroid ycentroid sky_centroid.ra sky_centroid.dec bbox_xmin bbox_xmax bbox_ymin bbox_ymax area semimajor_sigma semiminor_sigma orientation eccentricity min_value max_value local_background segment_flux segment_fluxerr kron_flux kron_fluxerr kron_radius gini equivalent_radius kron4_2_flux kron4_2_fluxerr radius_kron20 radius_kron50 radius_kron80 near_border
[from data line 2079]
2080 9505.062693825861 2752.548857078918 214.76146479254388 52.82567271244162 9502 9508 2747 2758 66.0 2.487009182147698 1.661557965107603 89.51934574525504 0.7440761415240101 -0.007636657186137873 0.8989294628380521 0.0 27.382913588703868 1.7780842 51.8905137423623 4.420188185160859 2.3188537109901377 0.2690941788260303 4.583497844237541 42.85625463369858 7.016793101066147 2.315446373132584 4.480106650317665 8.004903505216394 False
2081 4389.923032130904 2752.3776602114217 214.8070808580591 52.85819702294625 4387 4392 2749 2754 26.0 1.467615984246472 1.0296066115258031 24.950512877808073 0.7126198193142433 -0.11726314941142513 0.36149556675014816 0.0 5.318222934675009 0.9558819 21.015437547501296 3.4204524632306392 3.0074716578433502 0.2913186976333447 2.876813695875796 22.038590982073117 5.371312271699341 2.123365754940869 3.7724497588645374 5.789903722996313 False
2082 278.6112552550876 2754.1385396344376 214.84377450856442 52.88433609236981 277 280 2752 2755 14.0 1.2243237922381782 0.7770518862523622 -5.530987850953729 0.77277636292713 -0.006443787403957987 0.3998950962969979 0.0 2.7497403247889287 0.7231023 9.098570208238463 2.3383512129337567 2.6615632526932016 0.33777319358302615 2.111004122822376 11.624475278238213 3.6066664989178494 1.6386264824696064 2.6156797239449827 3.8812999617461754 False
2083 4257.839195046465 2760.2279065736884 214.80817697041792 52.859078962756016 4251 4264 2755 2765 122.0 2.945895600415178 2.1753436677793268 27.134311323367303 0.6743279153146059 0.0723953079154213 1.8029313795556094 0.0 70.67259368042762 2.1876106 104.60298362933239 4.744863540274268 2.0536283187786744 0.37471250441524645 6.231677632421503 104.20828868672592 7.48485613758504 2.183098361564067 4.454606791511728 8.039459142350516 False
2084 9582.634222703875 2758.5611476219683 214.76071028829952 52.82521170164604 9580 9585 2757 2761 20.0 1.5563490431042533 1.0252414492615316 33.08508114810205 0.7523638653396879 0.06423514807545867 0.4866996256496337 0.0 6.025884762754023 0.89422065 62.89566725495159 4.320113149536323 3.681751374648619 0.218028273915908 2.5231325220201604 112.10124344200312 6.808244506853709 4.36015387799959 7.731991780981973 10.193799703033601 False
2085 10262.177055686348 2759.545367190156 214.75464538470868 52.82089469297859 10260 10264 2757 2762 26.0 1.5512956242484022 1.1724100268292637 77.5303359916649 0.6548465847185964 0.24986087434239235 0.7574752411477794 0.0 12.775512678658584 0.99051607 23.05762459494761 2.8318303950374855 2.281954981718373 0.17800764219222817 2.876813695875796 23.891825537415485 4.546714078117061 1.5856122637708587 2.7323443502523785 4.126184097343342 False
2086 6106.403993553373 2767.6667155856208 214.79160556107922 52.84736688248767 6099 6114 2758 2776 241.0 4.09833212468676 3.284086556899598 87.46014047253954 0.5982323404035662 -0.11939171230577826 1.3749141978291257 0.0 107.6388119131602 2.7143457 159.99998310777323 6.398010405306289 2.231759885147202 0.3469229432397777 8.758577656805558 196.0098866374626 10.282693059240163 3.2405459986381855 6.566900770204062 11.53741174966906 False
2087 3840.2381695966237 2763.0538273356433 214.81187433574055 52.86174875062068 3836 3845 2759 2767 74.0 2.37427186231666 2.1734561926288944 27.766335118819608 0.4024997330661668 0.014811360821917119 0.6455899206089967 0.0 24.529220386940544 1.8298558 60.71266452775399 5.439560792212172 2.602860862865051 0.22474371878651417 4.853342309955121 55.36004627977874 8.574366080727605 3.0702660436795557 5.449512666591148 8.886830632030817 False
2088 6130.874282401636 2762.756346621633 214.79143898899582 52.84718484656747 6126 6135 2759 2766 68.0 2.4227643625418698 2.1265523526483308 -8.204308903024929 0.4791408963698709 0.019984333063882847 0.53137383956069 0.0 18.3187883149279 1.6341258 37.67246575851537 3.724466531340117 2.0906274930792264 0.2811757021834634 4.652426491681278 51.667907627345926 5.917846715668499 2.9110036527156127 4.698441259973854 8.218477937758385 False
2089 8380.64956281937 2764.247835122658 214.77136273799596 52.8328869282473 8375 8385 2759 2769 77.0 3.237361176574675 1.7200731466670203 -48.05713746428202 0.8471715178819604 0.19369937798474884 0.7450584330716208 0.0 31.965512862988348 2.2128713 173.03162132843502 7.775367167652084 3.3108009202409012 0.1715226415647921 4.950743503369154 336.7657374708697 12.465303228150008 5.395874592354205 12.166728384507708 17.196391118375782 False
2090 6687.25962899398 2765.4238032578232 214.7864485612079 52.84366156677666 6684 6691 2760 2771 75.0 2.822673812407352 1.5379705242441328 -68.93405399152343 0.8385250802165547 -0.07967695517783044 0.6244403289184138 0.0 18.473175401721626 1.6300303 27.688499271296436 3.928462500242346 2.3211949540792394 0.34497289320909474 4.886025119029199 48.71882743512212 6.313246723570544 2.025898545008545 3.843630971347164 7.068280050750703 False
2091 237.42859513342592 2764.519299930136 214.8440331639385 52.88465374163708 235 239 2763 2767 18.0 1.0961734107015177 1.058265504960591 -39.84691528056517 0.2607070198295586 -0.08547733645810048 0.6428622965495907 0.0 5.737941319448459 1.0560228 14.879599928010574 2.7835986509291755 2.7348716527788626 0.31020640225384244 2.393653682408596 9.511840469601738 4.277180738095359 1.4815181599934868 2.758554828404974 4.581670180448107 False
2092 8459.566975022992 2765.0 214.77065137807406 52.832389094483084 8458 8461 2765 2765 4.0 1.1380878838023307 0.28867513459481287 0.0 0.9672962625606754 0.328690150467012 0.4062317010113787 0.0 1.5196103134078256 0.4483539 18.772855909034575 1.8350903558712324 3.373629216300367 0.0568351305284866 1.1283791670955126 44.04412441449268 2.9128009320372024 1.7719145641889578 2.8135356603457833 3.63279381176646 False
2093 2973.8852482563725 2769.3990269503392 214.81954124035616 52.8672897126458 2971 2977 2767 2772 33.0 1.721270378841957 1.2507169987307245 -14.369540244469865 0.6870349553692021 0.11561513547632137 0.686374646330198 0.0 12.003237032785584 1.144189 17.215012914176405 2.088127666380835 1.539379118078938 0.230911082018913 3.2410224072142872 15.95751630429329 3.329420675834467 1.4230728464824975 2.5512480294279785 3.6111273334868073 False
2094 885.0424833914843 2769.858750119703 214.83819103518024 52.880567360417714 883 888 2768 2773 26.0 1.7084589915956654 1.0849938682315896 43.403405194978404 0.7724532356321453 0.06068133282959963 0.550669931300881 0.0 8.194511661966402 0.9521982 18.43488010902229 1.9410709495591294 1.7237839108508806 0.24355030323241494 2.876813695875796 16.343501511218562 3.1639178804495534 1.8020078036336737 3.1792175817835435 4.820022015022734 False
2095 1922.8721913386769 2772.828249786055 214.828889891576 52.873988039647706 1918 1928 2768 2777 85.0 2.182318304824378 2.1307786721947144 -7.816572774622877 0.21604647032647714 -0.013975915390517948 1.035989170417872 0.0 40.80551675608699 1.7682886 54.04813377510219 3.8056801412546966 1.999535540830347 0.3352115869327414 5.201570947860099 63.78978663932695 6.082630783396289 1.9234874590127926 3.398587131081095 5.824696556432012 False
2096 3710.852019428171 2770.0301665151137 214.81295575684578 52.86260878911863 3709 3713 2768 2772 17.0 1.07322707607346 1.018286613229321 -76.40610235972115 0.31585291680427474 -0.00030728372967645955 0.4660937457685953 0.0 4.728483115989068 0.9466203 12.061317278183909 2.8552850934609144 2.867753197842056 0.2964234740834834 2.326213245840639 20.697620496728035 4.364537092767939 1.4195583367919082 2.875297145657109 5.24858317969798 False
2097 1544.448950522353 2771.620721374852 214.83228234917536 52.87638646534348 1542 1547 2769 2775 35.0 1.5405526573871076 1.5016646727188872 82.28563503244338 0.22326790072905245 -0.014994964568488598 0.41282544426374457 0.0 6.40533853736455 1.1322877 20.27922309971693 3.788324934147386 2.7484320752640237 0.3470757554471726 3.3377905890622728 32.88805875471318 6.040999968421864 2.313548423912512 4.072770425978475 6.016783746090447 False
2098 6413.803785733868 2770.896687214016 214.78882976988632 52.845429780076806 6411 6415 2769 2773 19.0 1.322575185527318 0.940267887610156 -78.68148314694264 0.7032555084061292 -0.03109567791431531 0.278647145570649 0.0 2.4143523296561167 0.7285673 6.367775613729553 1.6000088590543047 1.8966964353814375 0.369133498317701 2.4592453796829674 0.6703536285574216 2.556700379414647 1.5838594794137675 2.5994767454398873 3.506532173511345 False
2099 8960.343645794093 2771.8397338042823 214.76611601150677 52.82924108119478 8957 8963 2769 2775 40.0 1.7865878120147818 1.5367320183734792 -29.378257119151602 0.5100425574559233 -0.042967840364106634 0.4758823533417693 0.0 7.843755498754014 1.2551831 21.933233459840913 4.641136047150006 3.0494672153457123 0.3211793777439637 3.5682482323055424 26.4066002880009 7.489161571350828 2.34543593904828 5.341350467086498 7.739064459695193 False
2100 9794.378315793127 2769.9424506540204 214.7587037762432 52.8239261904851 9793 9796 2769 2772 11.0 1.1553795762411412 0.5489759783840176 -17.468459389012228 0.8799060395420543 -0.15190630986377626 0.2338386589726389 0.0 0.6060261109022208 0.7524342 13.595651800992126 3.4169447688439862 3.5417380754396808 0.3914341932436545 1.8712051592547776 22.481860870472566 5.348529356562748 2.7967778876745695 4.473925559661314 6.099568005447499 False
2101 8409.859009931924 2773.1696440684123 214.77100845662014 52.83274921315801 8409 8411 2772 2775 10.0 1.0180213950490753 0.7559870541853401 -61.08624062996116 0.6697304458240284 0.2586467097646099 0.4304740494294639 0.0 3.242140411851863 0.6177013 57.50414892048892 3.268111375906256 3.97313667654223 0.07134515050660963 1.7841241161527712 115.38330629806225 5.286204128394186 3.670569630814252 5.802544067063302 7.567998976248633 False
2102 6513.363324316146 2777.3365463128407 214.78787402711745 52.84483143858004 6512 6515 2775 2779 14.0 1.280432103518217 0.8257325948942309 58.69321019195502 0.7642788696931823 0.20103270934764386 0.4931623937259288 0.0 4.904637066234751 0.66410786 22.311039510355826 2.638110010822214 3.320189650138983 0.14033158750151972 2.111004122822376 33.99832307992544 4.276257796630368 2.039080674939734 3.8321324715945457 5.9212441844481445 False
2103 1748.960580930688 2791.867538012544 214.83024259462832 52.87519591431866 1737 1761 2776 2807 585.0 6.193738551748705 3.6444841466251994 57.9338285708946 0.808559612654638 -0.028180615534657564 6.281746225886084 0.0 777.535970928622 5.020523 819.0714956417211 6.071547474733802 1.4 0.523459286522747 13.64592552440169 831.4154487459502 9.741857564627027 3.1673338808080818 6.007112912263921 10.018205066553973 False
2104 9678.10104628956 2780.1867681959043 214.75963199859507 52.82472092837526 9675 9681 2776 2784 48.0 2.1830006384257707 1.7073247828650275 83.76974378180232 0.6231529521597635 0.10062053066010687 0.5968068223706239 0.0 16.84800818032006 1.5562199 51.40167356151113 4.923212286474197 2.7310558489365757 0.17100013051092586 3.9088200952233594 66.72530763780655 7.903591992364956 2.8477064833079404 5.539880129458006 11.023536180970783 False
2105 9763.706110873827 2779.6043084273324 214.75887536730625 52.82417330191731 9762 9765 2776 2781 19.0 1.1201350268335164 0.962393927677568 -72.02725422829346 0.5116789815145685 -0.15507827658785894 0.6219943048103289 0.0 4.014124966362192 0.9286996 15.459006222573677 3.100079655898766 3.0931718234167795 0.4683095347892443 2.4592453796829674 24.936374397984043 4.975860462228627 1.6429521148935604 4.73163505254621 7.274014268318693 False
2106 2332.1265612385646 2782.8041286133175 214.82513017476052 52.871440829469215 2327 2337 2777 2788 101.0 2.7362848560138646 1.9894173349366366 83.90084463596837 0.686583962367453 -0.012927178834811296 0.9727956042999174 0.0 37.669009911295504 2.025168 54.710071588973335 4.408223639373424 2.109561088693248 0.35858363948604266 5.670035141386943 40.58600513579651 7.030268434265026 2.09109190307854 4.067069019393705 7.241114761003146 False
2107 8567.933462857016 2783.552845790575 214.76949016550722 52.83179982598981 8564 8573 2780 2788 66.0 2.228328679964395 2.080984189209271 46.041009160500224 0.3575952277010903 -0.0008592265338932325 0.45364826389969803 0.0 15.63810867914227 1.6274039 30.94166670207455 5.139633277231782 2.546873279834244 0.241709642478273 4.583497844237541 82.18716829176927 8.16769668155144 2.5757236811861404 4.575714128118147 10.483221105430708 False
2108 2141.923629408621 2784.316582773615 214.82681272319925 52.87265781485508 2138 2146 2781 2789 57.0 2.540973784685484 1.754048585559396 18.307103738210994 0.7235178613751226 -0.0012242788859686952 0.5191521208907538 0.0 14.442977372203407 1.562607 61.50935316094616 5.844599384395076 3.092528111896767 0.3284723907255142 4.259537945889915 73.39567527369519 9.31804682745075 4.0139408113460116 6.988279072509205 9.776591002991411 False
2109 153.3578098777168 2788.536819450862 214.84453143822645 52.885317430327056 149 159 2782 2794 110.0 3.0850673998413476 2.1117949060983565 82.54303713425794 0.7289926898088791 -0.052944976951643526 1.117098172982418 0.0 50.85754549951386 2.5421703 89.05318288233087 6.6251211117974025 2.318364861497679 0.3335349127432598 5.917270272703197 102.22551451516156 9496403.378459644 2.622143473646032 5.371748847629132 8.495757331828 False
2110 201.0559206608796 2787.6536028520177 214.84411454736022 52.88500958919765 197 204 2783 2792 58.0 2.437204964302708 1.5674044499310835 -86.00239215897759 0.7657691354740926 0.010727820331137021 0.5993120671041986 0.0 20.344959689176658 1.5070916 73.33307255378487 5.289647822574885 3.160656729144578 0.22755537967859335 4.296739856991561 97.41141049551207 8.465296156661841 3.4948464002622357 8.222859103878184 12.207190501641877 False
2111 1408.1881228548598 2787.701732430229 214.83333007407518 52.87733908630167 1403 1412 2785 2791 56.0 2.4606960435034035 1.6021718330998322 15.92094917083773 0.75898755017728 0.06823451652505536 0.5725753510117739 0.0 17.168454165078934 1.5461099 62.06264190066176 5.830363361414864 3.0197683669391573 0.21685454990954606 4.222008245644752 101.68632810668893 8.960022226846352 3.453890248532925 7.4254486834346825 11.925479297427403 False
2112 10162.041311150657 2785.4452825465573 214.75526487196456 52.82167107578598 10161 10163 2785 2786 6.0 0.8150460829643803 0.49673320022239476 1.435712125293999 0.7928213324523342 0.2679913683068559 0.3741129348316279 0.0 1.9698586589478833 0.4919589 21.956076424956215 2.1323770711179164 3.8263697664246608 0.08270165288835613 1.381976597885342 29.04081832630729 3.413687169994841 2.0551373134109974 3.4679754313642963 5.187930905127431 False
2113 1550.3058480006744 2789.227440432375 214.8320446449784 52.876444154396374 1548 1552 2787 2791 17.0 1.2300345515402413 0.8467813500675762 14.960276608413741 0.7253115361261046 -0.059965713597627736 0.24931231890019176 0.0 2.0318892876404924 1.0220393 19.060471847693744 3.6029407357577283 3.463078412171559 0.3376051334901566 2.326213245840639 34.229319297494015 5.36600716447601 2.9927647938955815 4.938361218342005 6.633961378177536 False
2114 9228.50067863471 2788.7697096734596 214.7635480162833 52.827626743119076 9226 9231 2787 2791 21.0 1.466111500230965 0.9561797664419129 -35.50684475611481 0.7580575911338424 0.11293770320466685 0.6126354726648998 0.0 5.957836212629919 0.9569754 24.428990386038517 3.4013441230023265 3.0838170243930407 0.2941546481374465 2.5854414729132054 42.89475138609966 5.5191183632617 2.1043105812868275 4.131500810613399 6.281704299571995 False
2115 2283.772224326521 2789.7890855629007 214.8254884131492 52.871785795978006 2282 2286 2788 2792 18.0 1.184967140731761 0.8318100862324053 80.96204493437641 0.712207593628879 -0.09299929533072378 0.5046575848036762 0.0 4.448746518398897 0.84133184 9.632439384593177 2.4406389073663646 2.7545652530480513 0.34012668391518674 2.393653682408596 4.981240789722108 3.8625151781117544 1.2337882721557605 2.4302663123099237 4.789080495917753 False
