outputs/dr0.5_c0.1/nircam1_matched_f277w_f410m_dr0.5_c0.1.ecsv
# %ECSV 1.0
# ---
# datatype:
# - {name: label, datatype: int64}
# - {name: xcentroid, datatype: float64}
# - {name: ycentroid, datatype: float64}
# - {name: sky_centroid.ra, unit: deg, datatype: float64}
# - {name: sky_centroid.dec, unit: deg, datatype: float64}
# - {name: bbox_xmin, datatype: int64}
# - {name: bbox_xmax, datatype: int64}
# - {name: bbox_ymin, datatype: int64}
# - {name: bbox_ymax, datatype: int64}
# - {name: area, unit: pix2, datatype: float64}
# - {name: semimajor_sigma, unit: pix, datatype: float64}
# - {name: semiminor_sigma, unit: pix, datatype: float64}
# - {name: orientation, unit: deg, datatype: float64}
# - {name: eccentricity, datatype: float64}
# - {name: min_value, datatype: float64}
# - {name: max_value, datatype: float64}
# - {name: local_background, datatype: float64}
# - {name: segment_flux, datatype: float64}
# - {name: segment_fluxerr, datatype: float32}
# - {name: kron_flux, datatype: float64}
# - {name: kron_fluxerr, datatype: float64}
# - {name: kron_radius, unit: pix, datatype: float64}
# - {name: gini, datatype: float64}
# - {name: equivalent_radius, unit: pix, datatype: float64}
# - {name: kron4_2_flux, datatype: float64}
# - {name: kron4_2_fluxerr, datatype: float64}
# - {name: kron4_2_mag, datatype: float64}
# meta:
#   PHOTMJSR: 0.8704000115394592
#   PIXAR_SR: 2.11539874851881e-14
#   __serialized_columns__:
#     area:
#       __class__: astropy.units.quantity.Quantity
#       unit: !astropy.units.Unit {unit: pix2}
#       value: !astropy.table.SerializedColumn {name: area}
#     eccentricity:
#       __class__: astropy.units.quantity.Quantity
#       unit: !astropy.units.Unit {unit: ''}
#       value: !astropy.table.SerializedColumn {name: eccentricity}
#     equivalent_radius:
#       __class__: astropy.units.quantity.Quantity
#       unit: !astropy.units.Unit {unit: pix}
#       value: !astropy.table.SerializedColumn {name: equivalent_radius}
#     kron_radius:
#       __class__: astropy.units.quantity.Quantity
#       unit: !astropy.units.Unit {unit: pix}
#       value: !astropy.table.SerializedColumn {name: kron_radius}
#     orientation:
#       __class__: astropy.units.quantity.Quantity
#       unit: &id001 !astropy.units.Unit {unit: deg}
#       value: !astropy.table.SerializedColumn {name: orientation}
#     semimajor_sigma:
#       __class__: astropy.units.quantity.Quantity
#       unit: !astropy.units.Unit {unit: pix}
#       value: !astropy.table.SerializedColumn {name: semimajor_sigma}
#     semiminor_sigma:
#       __class__: astropy.units.quantity.Quantity
#       unit: !astropy.units.Unit {unit: pix}
#       value: !astropy.table.SerializedColumn {name: semiminor_sigma}
#     sky_centroid:
#       __class__: astropy.coordinates.sky_coordinate.SkyCoord
#       dec: !astropy.table.SerializedColumn
#         __class__: astropy.coordinates.angles.Latitude
#         unit: *id001
#         value: !astropy.table.SerializedColumn {name: sky_centroid.dec}
#       frame: icrs
#       ra: !astropy.table.SerializedColumn
#         __class__: astropy.coordinates.angles.Longitude
#         unit: *id001
#         value: !astropy.table.SerializedColumn {name: sky_centroid.ra}
#         wrap_angle: !astropy.coordinates.Angle
#           unit: *id001
#           value: 360.0
#       representation_type: spherical
#   astropy version: '5.1'
#   kernelfile: kernel_f277w_f410m.fits
#   make_catalog parameters:
#     ab_zpt: 31.4
#     coadd_bands: !!python/tuple [f277w, f356w]
#     deblend_contrast: 0.001
#     deblend_nlevels: 32
#     deblend_npixels: 1
#     detect_kernel_fwhm: 4.0
#     detect_kernel_npix: 7
#     detect_npixels: 4
#     detect_threshold_nsigma: 3.0
#     flag_isolated_buffer: 4
#     hst_bands: !!python/tuple [f606w, f814w, f125w, f140w, f160w]
#     jwst_bands: !!python/tuple [f115w, f150w, f200w, f277w, f356w, f410m, f444w]
#     near_border_kernelsize: 21
#     reference_band: f200w
#   make_catalog version: 1.4.0
#   photutils version: 1.5.0
# schema: astropy-2.0
label xcentroid ycentroid sky_centroid.ra sky_centroid.dec bbox_xmin bbox_xmax bbox_ymin bbox_ymax area semimajor_sigma semiminor_sigma orientation eccentricity min_value max_value local_background segment_flux segment_fluxerr kron_flux kron_fluxerr kron_radius gini equivalent_radius kron4_2_flux kron4_2_fluxerr kron4_2_mag
[from data line 1697]
1698 10116.059207879383 2138.5738920265003 214.94295015052745 52.945636904315634 10108 10125 2133 2144 142.0 4.359867697600338 2.020655604858935 27.668327674022173 0.8861140836605976 0.17316473777548896 1.049465626278743 0.0 66.57539289409794 2.3774045 128.1693463163866 6.297844053437623 2.427551924579978 0.23928789395450464 6.723094811029982 142.46296990633056 10.027038570705257 26.015745015546383
1699 9262.306927867343 2138.2673448875503 214.9506057448479 52.95105348754188 9259 9266 2134 2142 55.0 1.9073379285020058 1.7242342612616859 81.81345793924207 0.4275315969726553 0.19139642658508899 0.9718799864281057 0.0 27.21015954135402 1.6082888 48.185281686481304 4.173955711250838 2.441624581411301 0.2558487535356971 4.1841419359420025 49.6977093934453 6.589114353465855 27.15915906944997
1700 9779.847745984385 2153.7279143540745 214.94580384323146 52.947852530557526 9763 9795 2135 2169 822.0 6.206969657576739 5.221898100974607 47.47046738933296 0.5405748930334372 0.16784128056465134 7.442787830547949 0.0 1099.7155010751467 6.200278 1228.8643176768614 8.869156950624815 1.692679468964321 0.5122800821161044 16.175621361885174 1331.3743115295924 13.907866159388856 23.58924956721514
1701 1721.374637555021 2140.4366488876626 215.01825699178485 52.9989013201474 1718 1725 2138 2143 35.0 1.9161157632486046 1.3567081596297321 17.78517182942058 0.7061610500568297 0.21949126921574705 0.3832054401476441 0.0 10.650640555109176 1.175035 39.093903491243005 4.250891235318681 2.967026275309327 0.08672863866747227 3.3377905890622728 46.90614595558155 6.944658338981785 27.221925623504283
1702 1953.0955190491734 2146.626725716563 215.01611002979476 52.99746543822787 1948 1958 2140 2154 119.0 3.127916812209075 2.3994515026393692 -86.6073695383108 0.641517407557557 0.16733804792484475 0.7620448546396507 0.0 46.94801082484419 2.2119465 168.99597441553 7.790051125359647 3.0964110613121076 0.22556607341112536 6.154581744998688 296.360553955857 12.329285189996929 25.220449005268783
1703 1621.974425096491 2149.1850680097527 215.01905785480474 52.9995789120833 1614 1630 2141 2157 209.0 3.299837001860045 3.057385818689045 -62.96331208193444 0.37622996545697857 0.17974508281365628 2.245168656425823 0.0 143.199542931375 3.0014174 179.2368468843344 5.464975846117857 1.874519088122792 0.39839634523496487 8.156394191823509 195.05500751265265 8.708610127451074 25.674607239666074
1704 2093.173615540848 2143.738511290803 215.01488209021974 52.99656156403722 2092 2095 2142 2145 11.0 1.0013221419883374 0.8608249208421098 -49.012928959005336 0.5108189919778662 0.24081107138706434 0.29006383862448437 0.0 2.9185973364436695 0.67068666 17.908353192209148 2.7428982409109377 3.34917361135139 0.034837928389089924 1.8712051592547776 25.41646088877828 4.401328652297034 27.887212307102576
1705 2251.498578010593 2142.4937853801102 215.0134729786731 52.9955508535668 2251 2252 2142 2143 4.0 0.5008439069652609 0.49911395222085775 -44.39384579860019 0.08304353451012318 0.2290681782078783 0.23646933757393243 0.0 0.933730541440996 0.42784336 15.927909342308045 1.9129290184045649 4.139470327833175 0.009427373440654307 1.1283791670955126 39.19506101554822 3.089509099472324 27.416921637859087
1706 9925.917559967804 2144.1422096032848 214.94459561579592 52.946873730371884 9925 9927 2142 2146 14.0 1.3384523175821148 0.7758089349992056 82.66987170193669 0.814878818202219 0.28322189529612807 0.34557969856238846 0.0 4.365462576731485 0.7318275 32.68288068155193 3.114689636998583 3.5117656004131415 0.036837738008488344 2.111004122822376 45.25506491870988 4.99272176454873 27.260832019425962
1707 10062.379606382841 2144.1421413118737 214.9433725873263 52.946007660753075 10061 10064 2143 2145 9.0 0.9523594162509611 0.6961385945244356 -21.05910177786965 0.6824181096786655 0.2141177020086104 0.284178447046794 0.0 2.266862484973789 0.5981712 15.993719675630935 2.4878103612347573 3.492037214634202 0.0582022950420841 1.692568750643269 22.219334501645918 3.9766746553549837 28.033172382231257
1708 2256.097722906223 2145.655790108851 215.0133983509045 52.99553878437887 2255 2257 2144 2147 11.0 1.0722913629368171 0.7668579614865282 -75.01282875910034 0.6989626229742453 0.22296809686545915 0.251219190017381 0.0 2.6182566983285773 0.68664813 44.46098597959583 3.29312450236276 3.830369714324626 0.02287393260878387 1.8712051592547776 104.5618849122348 5.171314877185371 26.351566491083986
1709 7072.523744742503 2148.186132133405 214.97013750390465 52.965002014109146 7070 7075 2146 2150 25.0 1.4960827539486465 1.1904545560633883 -11.150316264620702 0.6056720488007906 0.2394590727061425 0.44430745909579783 0.0 8.546882547906288 0.93428946 21.215183851662243 2.8971317574586153 2.610817009412732 0.10670604481046689 2.8209479177387813 30.066377646001335 4.618869307649174 27.70479722980822
1710 7657.365343339225 2147.730869797169 214.9648966732949 52.961288845223805 7656 7659 2146 2149 13.0 1.0567541287554456 0.9104878172671853 -39.34923686862456 0.5076064004086509 0.23183248200600665 0.3598490052172673 0.0 4.0615973318801775 0.7002291 27.745424223278054 3.028924397390154 3.4906396027382804 0.077160316609 2.0342144725641096 38.63420819428427 4.971521355810104 27.432569960415954
1711 6319.698369439577 2150.642865376644 214.97686527091463 52.96979148072738 6317 6322 2148 2153 24.0 1.4469757567777664 1.1809529053120096 -46.38818117414107 0.5778365423665566 0.23054289307044654 0.45173554457123427 0.0 8.032123809560533 0.8649517 20.444265878627867 2.6788391497727693 2.6616374454202454 0.1170323069633504 2.763953195770684 21.345828612911234 4.347252150437977 28.076717454688122
1712 7574.453391181849 2155.0937371948885 214.96556272298625 52.961854696565254 7567 7584 2150 2160 149.0 3.719819000031575 2.176852859503797 12.378613595592277 0.8108861260403221 0.1851150887878363 1.6916402336597671 0.0 90.57725418705414 2.4919877 148.1485257612228 5.905765441547701 2.316896452504322 0.3391820292515905 6.886811529393324 199.8407228845636 9.454097205986967 25.648290019980276
1713 10254.873007534978 2154.1161581447436 214.94154241237104 52.944839823441484 10250 10260 2150 2158 75.0 2.751274500247802 1.7780765485328343 -21.530254227028216 0.7631056361233048 0.20941815206586448 0.6547610810421349 0.0 30.302945964919168 1.8376161 40.95890432726829 2.9635227054020366 1.420476500749482 0.18681575284790347 4.886025119029199 38.870610976286514 4.770202154636384 27.42594658246194
1714 2098.58816071531 2157.9777223553756 215.01468342518223 52.996604215626746 2094 2104 2154 2162 78.0 2.602577513693981 2.0782504068404104 15.415700387677278 0.6019477839587644 0.19791394382818359 0.4991934880880551 0.0 26.04162953889885 1.8393843 58.66877740637052 5.443807076841802 2.561596370596498 0.13514151316538747 4.982787485166879 77.24801347430653 8.632683682099826 26.68028170041283
1715 3733.166616530501 2164.9633032380148 214.99992968950724 52.98627582836907 3724 3743 2158 2171 217.0 3.9133774567205197 2.607345091359132 10.923763261494177 0.7457153652700844 0.20503007487283584 2.786861739247504 0.0 176.90617957817102 3.1621027 235.7295150009157 6.204432744568054 2.1020954911335217 0.4133218546032031 8.311031542587394 277.48205094012985 10.012886472634069 25.29191276045028
1716 537.8042869298737 2161.649147778411 215.02866868714634 53.006520523022566 535 542 2159 2164 30.0 2.0856530918071003 1.1145205080281855 27.395912446982976 0.8452476236812498 0.19762278784486653 0.28660556476291654 0.0 7.365719527172414 1.1727659 43.45310823551853 4.537592070331712 3.331725692880827 0.05712715520574352 3.0901936161855166 48.005579303923334 7.213549887887957 27.196770712806092
1717 2422.5110682450145 2162.177328991199 215.01172947054533 52.994572815566734 2419 2427 2159 2165 25.0 2.5016759955388803 1.0376098182662654 37.66404761849038 0.9099281696408766 0.18465159201605527 0.2513103026704978 0.0 5.525595199575531 1.0575923 137.82176075569873 5.854746555230177 3.9275464490905088 0.055393555020528305 2.8209479177387813 312.73833564943993 9.0704786917302 25.1620471985512
1718 2434.1059894480154 2162.316835648872 215.0116238519489 52.99450004110575 2433 2435 2160 2165 13.0 1.366668277355763 0.7297029883212525 77.4867650617514 0.8455297026137103 0.18105777028595094 0.2467437337623492 0.0 2.926946934418929 0.7717027 56.95508093794335 3.7384365381851805 3.932294455638152 0.04788353642675379 2.0342144725641096 126.36724917028212 6.00135126249957 26.145913670902097
1719 8969.823617415344 2164.6337305522184 214.95295005352477 52.95305199524829 8964 8975 2160 2169 92.0 2.4606551408926998 2.0382233420928118 -20.90634125861721 0.5602471820311548 0.14969872608053486 1.3553600382761808 0.0 51.18447218469742 2.0466058 73.42859755627936 4.662330004293549 2.1811549269746964 0.3219573090165087 5.4115163798060095 98.61254018551068 7.402655088673535 26.41516963488144
1720 10005.958003995458 2163.9545640496244 214.9436695757009 52.94647274218944 10001 10011 2160 2168 84.0 2.6910646070850914 2.2995549194668987 -6.359833958893823 0.5194268111143655 0.25621546076900625 0.45651895403092835 0.0 30.168189450204288 1.8700763 91.54968746379268 6.160474180444543 2.787007855659667 0.0816158076711093 5.170882945826411 106.48886751416313 9.743251038088397 26.33173947891703
1721 3710.504889484596 2161.4895329452393 215.00016976393817 52.98640077980863 3710 3711 2161 2162 4.0 0.501660373962872 0.49820016348898655 -44.29069427467997 0.11724954730804876 0.3054820705999999 0.32470003185437046 0.0 1.2514513073615896 0.4749178 10.056156447095109 1.927535751271975 3.8456250302504214 0.01721572941162 1.1283791670955126 15.613190120323011 3.0488070876313933 28.41627087973921
1722 3749.611364931049 2162.9327326133402 214.99980342794862 52.986160554031194 3748 3751 2161 2164 12.0 1.078651883136238 0.8691293704376669 -33.22444985485276 0.5922487212281011 0.19374987292440712 0.2454500417172886 0.0 2.6827949981755674 0.69032454 32.4344715092444 3.3104074445847167 3.7636738564499272 0.043118902914338494 1.9544100476116797 56.27058399620967 5.531066754865147 27.024296443898596
1723 2820.3213623722772 2164.7266463576966 215.00812957230167 52.9920638482709 2818 2823 2162 2167 27.0 1.4170249961222492 1.3463261866830507 -54.2637463334326 0.31192241133621285 0.20583033587660085 0.40067715393255987 0.0 7.930765940433856 1.2775471 16.00947812955365 2.9214284999667695 2.1920250909759407 0.11754166531186251 2.9316150714175193 15.84724131066941 4.5068580649427545 28.400115822232095
1724 3124.4621267435687 2175.279566372477 215.00528694959212 52.990192086413636 3117 3131 2167 2184 198.0 3.8337802103075345 3.061515577659504 86.56365770206858 0.6019110442984147 0.21667512018374688 1.257270360037993 0.0 115.36693596017861 3.0420868 173.6335926290809 6.437101807801241 2.075004893330406 0.2632785230157119 7.938851142601841 182.51293120304643 10.40668136508456 25.746765899920476
1725 10338.020264806464 2169.907240397114 214.9406309569097 52.94439737762001 10336 10339 2168 2172 13.0 0.9832989282381664 0.5843708378496143 44.7439794866544 0.8042462314974963 -0.41750932810526553 0.47283429553502254 0.0 0.8536409574595039 1.1674294 31.067142712856324 3.614666275684619 3.6797219688978253 0.29326414325385164 2.0342144725641096 58.5647004613289 5.621758484109136 26.980910184105138
1726 8801.231701418164 2174.3322417678296 214.95435937543627 52.95417424043871 8800 8803 2172 2176 15.0 1.1448987477173966 0.9662973924035025 83.97873793539516 0.5363392574089393 0.3076735833745903 0.46731701003189857 0.0 5.736315609544086 0.81023186 16.29846204314864 2.6380601806453723 2.690360307266351 0.0769457083378008 2.1850968611841584 19.306559460301223 4.205881807206171 28.185737782736418
1727 3975.207444485021 2174.0115399214956 214.99766119362613 52.98478960786333 3974 3977 2173 2175 10.0 0.9594959092251103 0.7671338424910182 -0.3367856816736254 0.6006426952783269 0.31612439346659976 0.3846806615646673 0.0 3.4885210431224043 0.7571947 14.721285391501887 2.6758627299030318 3.158723054806582 0.03823105287661306 1.7841241161527712 14.601143049072306 4.174062093498259 28.489032860457904
1728 7584.759158204656 2176.079764809108 214.96524923041028 52.961902679591645 7582 7587 2173 2179 33.0 1.5732670264863335 1.4338828638998495 -89.87901238354608 0.41151134470331885 0.2419825972076135 0.5800594144094573 0.0 12.914547320711756 1.1396512 33.8520060272845 3.7584699287409435 2.7774453555492222 0.14625638090741594 3.2410224072142872 56.204594380359275 6.001925625590091 27.025570455183964
1729 8532.663265197143 2178.7972713024074 214.9567202963638 52.95590261773181 8524 8540 2173 2185 176.0 3.2364221223270637 2.509623724882566 8.412002868386452 0.6314316733990392 0.22967017249210298 3.285320063141573 0.0 159.33359873266366 2.94715 191.84470690752943 4.762231608995807 1.7493114540851276 0.43119662237066503 7.48482063701911 203.90141490027764 7.498823552275673 25.626449401453975
1730 6990.019673355516 2179.452539053023 214.97054821884683 52.96569439325429 6986 6993 2174 2184 59.0 2.5184575467619554 1.613707113520682 72.06095799576914 0.7677477900769308 0.17429988902744548 0.5592807535523258 0.0 20.415748433124012 1.3772274 42.266545525968795 3.955960965713754 2.4253899833027135 0.1586789920052637 4.3336224206596095 50.250095561018284 6.399764547397833 27.147157770013287
1731 9613.123578431314 2180.9245752354395 214.9470117623329 52.949057509571084 9605 9621 2174 2188 181.0 3.5201502426353706 2.5400997800555993 -26.797964592500886 0.6923222512082102 0.2056414528418931 2.266574132079662 0.0 130.81889008400117 2.7869444 170.3346162362189 5.480469893695801 2.0134800784068427 0.38452585591651123 7.590394548326596 195.95087675074421 8.685000065037654 25.66963197250146
1732 9774.989991715755 2177.690822519749 214.94559498465844 52.94801277332493 9771 9779 2174 2181 49.0 2.2753693991909087 1.601979551455191 26.396248631672307 0.7101479099579222 0.22512302748455634 0.41007014035851463 0.0 15.675523886356682 1.3503512 69.25487093244104 5.3306887663599225 3.2195127712879827 0.09606092827493598 3.949327084834294 90.96378121773174 8.694257969338468 26.50282873755915
1733 8402.357006070963 2180.469776545717 214.9578710575928 52.956738521432314 8399 8406 2175 2187 75.0 3.0712880253631507 1.6501968734059103 64.56618148498784 0.8433924787472049 0.1778213340404588 0.7982601961128838 0.0 32.994703035175284 2.0316288 58.13726111742683 4.566634587689646 2.020402353458056 0.19980494486403194 4.886025119029199 51.344973049244786 7.157324788593259 27.12375517441421
1734 210.89350320688632 2178.8759680988123 215.03142533767974 53.008686318789486 209 213 2177 2181 19.0 1.219660181004242 1.184286873121145 8.042657019052015 0.23909001586651088 0.2194792209553501 0.3184361179814335 0.0 5.2808621463966645 1.2447037 30.782551881314667 5.022239438867321 3.386224140629679 0.05862042128971369 2.4592453796829674 39.79241404829811 7.981942639172773 27.400499282816806
1735 3180.4352505021125 2182.324853377147 215.00471006352856 52.98987519219569 3174 3187 2179 2186 82.0 3.031155943567006 1.801330733228262 2.329632480478967 0.8042642201105886 0.1850834814924788 0.5907383998099613 0.0 29.37702019876134 1.9042045 58.54489650404068 5.070042515502263 2.367044738649532 0.17219514251362358 5.108953969950291 57.26951715077025 8.049280174060732 27.005191196208298
1736 1657.27250835247 2194.4242180738656 215.01826407064587 52.999599697226465 1638 1673 2180 2209 704.0 5.597922928674988 4.379846819593124 -34.6881740365289 0.6227690721629665 0.1668003805574394 10.609990136519132 0.0 1023.966749667577 5.705608 1129.8603042949867 7.772087754054506 1.6675128033204634 0.5715127981106517 14.96964127403822 1237.3835820017139 12.1662015000002 23.668739126587205
