outputs/dr0.5_c0.1/nircam6_f125w_dr0.5_c0.1.ecsv
# %ECSV 1.0
# ---
# datatype:
# - {name: label, datatype: int64}
# - {name: xcentroid, datatype: float64}
# - {name: ycentroid, datatype: float64}
# - {name: sky_centroid.ra, unit: deg, datatype: float64}
# - {name: sky_centroid.dec, unit: deg, datatype: float64}
# - {name: bbox_xmin, datatype: int64}
# - {name: bbox_xmax, datatype: int64}
# - {name: bbox_ymin, datatype: int64}
# - {name: bbox_ymax, datatype: int64}
# - {name: area, unit: pix2, datatype: float64}
# - {name: semimajor_sigma, unit: pix, datatype: float64}
# - {name: semiminor_sigma, unit: pix, datatype: float64}
# - {name: orientation, unit: deg, datatype: float64}
# - {name: eccentricity, datatype: float64}
# - {name: min_value, datatype: float64}
# - {name: max_value, datatype: float64}
# - {name: local_background, datatype: float64}
# - {name: segment_flux, datatype: float64}
# - {name: segment_fluxerr, datatype: float32}
# - {name: kron_flux, datatype: float64}
# - {name: kron_fluxerr, datatype: float64}
# - {name: kron_radius, unit: pix, datatype: float64}
# - {name: gini, datatype: float64}
# - {name: equivalent_radius, unit: pix, datatype: float64}
# - {name: kron4_2_flux, datatype: float64}
# - {name: kron4_2_fluxerr, datatype: float64}
# - {name: radius_kron20, unit: pix, datatype: float64}
# - {name: radius_kron50, unit: pix, datatype: float64}
# - {name: radius_kron80, unit: pix, datatype: float64}
# - {name: near_border, datatype: bool}
# meta:
#   PHOTMJSR: 0.3925000131130219
#   PIXAR_SR: 2.11539874851881e-14
#   __serialized_columns__:
#     area:
#       __class__: astropy.units.quantity.Quantity
#       unit: !astropy.units.Unit {unit: pix2}
#       value: !astropy.table.SerializedColumn {name: area}
#     eccentricity:
#       __class__: astropy.units.quantity.Quantity
#       unit: !astropy.units.Unit {unit: ''}
#       value: !astropy.table.SerializedColumn {name: eccentricity}
#     equivalent_radius:
#       __class__: astropy.units.quantity.Quantity
#       unit: !astropy.units.Unit {unit: pix}
#       value: !astropy.table.SerializedColumn {name: equivalent_radius}
#     kron_radius:
#       __class__: astropy.units.quantity.Quantity
#       unit: &id001 !astropy.units.Unit {unit: pix}
#       value: !astropy.table.SerializedColumn {name: kron_radius}
#     orientation:
#       __class__: astropy.units.quantity.Quantity
#       unit: &id002 !astropy.units.Unit {unit: deg}
#       value: !astropy.table.SerializedColumn {name: orientation}
#     radius_kron20:
#       __class__: astropy.units.quantity.Quantity
#       unit: *id001
#       value: !astropy.table.SerializedColumn {name: radius_kron20}
#     radius_kron50:
#       __class__: astropy.units.quantity.Quantity
#       unit: *id001
#       value: !astropy.table.SerializedColumn {name: radius_kron50}
#     radius_kron80:
#       __class__: astropy.units.quantity.Quantity
#       unit: *id001
#       value: !astropy.table.SerializedColumn {name: radius_kron80}
#     semimajor_sigma:
#       __class__: astropy.units.quantity.Quantity
#       unit: !astropy.units.Unit {unit: pix}
#       value: !astropy.table.SerializedColumn {name: semimajor_sigma}
#     semiminor_sigma:
#       __class__: astropy.units.quantity.Quantity
#       unit: !astropy.units.Unit {unit: pix}
#       value: !astropy.table.SerializedColumn {name: semiminor_sigma}
#     sky_centroid:
#       __class__: astropy.coordinates.sky_coordinate.SkyCoord
#       dec: !astropy.table.SerializedColumn
#         __class__: astropy.coordinates.angles.Latitude
#         unit: *id002
#         value: !astropy.table.SerializedColumn {name: sky_centroid.dec}
#       frame: icrs
#       ra: !astropy.table.SerializedColumn
#         __class__: astropy.coordinates.angles.Longitude
#         unit: *id002
#         value: !astropy.table.SerializedColumn {name: sky_centroid.ra}
#         wrap_angle: !astropy.coordinates.Angle
#           unit: *id002
#           value: 360.0
#       representation_type: spherical
#   astropy version: '5.1'
#   make_catalog parameters:
#     ab_zpt: 31.4
#     coadd_bands: !!python/tuple [f277w, f356w]
#     deblend_contrast: 0.001
#     deblend_nlevels: 32
#     deblend_npixels: 1
#     detect_kernel_fwhm: 4.0
#     detect_kernel_npix: 7
#     detect_npixels: 4
#     detect_threshold_nsigma: 3.0
#     flag_isolated_buffer: 4
#     hst_bands: !!python/tuple [f606w, f814w, f125w, f140w, f160w]
#     jwst_bands: !!python/tuple [f115w, f150w, f200w, f277w, f356w, f410m, f444w]
#     near_border_kernelsize: 21
#     reference_band: f200w
#   make_catalog version: 1.4.0
#   photutils version: 1.5.0
# schema: astropy-2.0
label xcentroid ycentroid sky_centroid.ra sky_centroid.dec bbox_xmin bbox_xmax bbox_ymin bbox_ymax area semimajor_sigma semiminor_sigma orientation eccentricity min_value max_value local_background segment_flux segment_fluxerr kron_flux kron_fluxerr kron_radius gini equivalent_radius kron4_2_flux kron4_2_fluxerr radius_kron20 radius_kron50 radius_kron80 near_border
[from data line 1583]
1584 8332.411956766642 2033.9260670288024 214.83167365866728 52.810860850513194 8323 8342 2023 2043 302.0 4.522781382923539 3.36311661004749 -49.926780778739094 0.6686305473654647 0.10684544182301657 3.0975362247659337 0.0 342.0966406262839 13.873178 378.2093097102845 21.159515256595537 1.5271356633277955 0.3742083595934886 9.804569629897316 389.34301918181205 34.04966236443713 2.982112565309574 5.326571230031818 8.256376354952947 False
1585 9360.969518688347 2029.4698549472541 214.8225491499439 52.80429992545345 9358 9364 2026 2034 39.0 1.9749356965399418 1.2753904197494257 -59.85376392903941 0.7635164939166326 -0.031732505577668796 0.1698052505966515 0.0 3.1872717282389975 5.026681 5.957274273806828 7.92227631443556 1.4 0.3084283323773544 3.523362819972964 0.4552731199860627 12.664301219157757 1.792337673532684 2.9220269203840012 3.902975622413228 False
1586 10291.461874490611 2034.659051271159 214.8142000316267 52.79841362207819 10283 10296 2028 2045 142.0 4.33021057040541 1.8150247547356104 -54.73970326092442 0.9079151874101555 -0.06171702103807124 0.3270481483045285 0.0 18.127531488361402 9.145574 34.04604015690647 22.492717329024163 2.3736679054336554 0.4196412184117402 6.723094811029982 22.538623394014692 36.20704754666158 3.09966731200952 6.118771519396546 nan False
1587 3994.4071853770633 2036.776431419517 214.87035481754177 52.8384382490672 3988 4001 2029 2044 193.0 3.84747027638166 3.0733531794324382 -72.3267233236085 0.6015987728673217 0.07963063404764582 0.8559171711363288 0.0 84.49569586660729 10.297143 183.96241401932258 30.27927416363146 2.7108296515630887 0.2545341093573012 7.837972188868215 216.24176278757074 48.74448754750267 4.134748054950969 8.711859012198241 15.941412020754441 False
1588 3023.0195918619515 2038.7542801142868 214.87900913686892 52.84461901843753 3018 3028 2032 2044 97.0 3.12467323315904 2.1037850617585483 -59.234580163119155 0.7393861358298978 0.046667951834945445 0.4839770776960166 0.0 30.28773537050418 7.157564 86.0245914728509 25.63838082938632 3.020845921133907 0.17758412150579295 5.556622981616415 93.24630299937218 42.682082184967044 3.75321711711181 8.54137370828652 14.997935557361261 False
1589 3293.5924672137603 2041.11839007636 214.87656763796625 52.84291319890537 3290 3298 2037 2045 59.0 2.204799258559918 1.836666876209873 -52.21103308465014 0.5532258038433914 0.08983656796221186 0.5745203384613875 0.0 24.622568334256833 5.650292 96.68825570617145 22.234610706927473 3.305227772224506 0.15283685244544246 4.3336224206596095 96.7314321734431 35.1394240017189 3.6448334406637657 8.436481591192823 12.06878380083491 False
1590 3200.943574477548 2057.6098481401364 214.8772216900038 52.84359063776848 3186 3219 2038 2080 867.0 8.651789253502354 4.19507797452469 53.89003271056274 0.8745807937499223 -0.11489349350478992 1.5873944495652474 0.0 334.78389213849124 21.674068 361.8320419043173 32.32625993197605 1.632249758953838 0.5015441265500128 16.612485404699278 420.8836624720327 51.25123673392275 4.317022426653484 8.177695285370095 13.697791919286422 False
1591 4248.720061625929 2042.8290221428927 214.86802039957064 52.83685543552307 4242 4254 2038 2049 108.0 2.672875389469111 2.1990305390073037 -45.205870848388656 0.5684454797555512 -0.07882922752627011 0.37894416373151435 0.0 18.09073859372082 7.5382485 32.14893190634557 19.3850312653077 2.4541682878912146 0.347283659715416 5.863230142835039 45.0199543278887 30.954429849592238 2.5504022936576938 4.873183600691743 13.227262732878751 False
1592 440.7148883061395 2040.811043522446 214.9020611365188 52.86102942873202 439 444 2039 2044 27.0 1.3893269671187753 1.1656420140690844 -39.84318773878648 0.5441350929371285 -0.02960859796162271 0.25631499488508647 0.0 3.9844589815623515 3.8106983 7.428991338517711 5.795197061656704 1.4 0.32574152290448705 2.9316150714175193 3.935009318492287 9.285494991227422 1.482829096400741 2.4952225822877527 3.47646381235073 False
1593 2117.866236158819 2040.546501382218 214.88707611018586 52.85037750953268 2117 2119 2039 2041 7.0 0.93553562227601 0.2210931125912754 29.38520695979042 0.971673377310735 -0.05266689187898853 0.041757011157583644 0.0 0.005320529434674412 1.7353148 2.22963292889071 5.788753025076831 4.277892046551907 -1.9984781712103843 1.4927053303604616 3.142062248741575 9.023121325501497 2.3604929197229834 3.9810074735169843 nan False
1594 2966.1881497974914 2048.1808557209138 214.87941762317752 52.845030836997864 2956 2977 2039 2060 371.0 5.527484647659484 4.097095229266016 -30.05060554352207 0.6712595692559992 -0.145831286088176 0.7829866570059177 0.0 123.78526165249662 20.002754 171.94340801157156 45.51611527188466 2.188347268325155 0.31382214720737445 10.86705883733894 203.23247311413832 69.93864495381926 4.462252074231031 7.874873137105059 14.34266732970228 False
1595 9453.630992985336 2040.911695212785 214.82160275674312 52.80377265637775 9452 9454 2039 2041 6.0 0.5010448864804736 0.2496035081774109 18.093621787955428 0.8670816995593189 -0.08847857045076869 0.1464411635882383 0.0 0.051869760178625796 2.0715067 2.9280936425765107 5.2530544498591905 3.947151994411498 1.239688598150862 1.381976597885342 6.023994525877447 8.326262546660363 1.3170982069965047 2.232016729993093 3.1211934047619554 False
1596 3571.0707850683466 2046.905107593447 214.874028669955 52.841181929029034 3567 3576 2041 2055 108.0 3.540712007985086 2.2066905360020335 -74.72616341350749 0.7820357629302083 0.03676335796918647 0.3312930099927013 0.0 23.451519582151796 7.7423816 84.60570293168425 28.61382074285022 3.1122675365404495 0.17824801571269952 5.863230142835039 143.02613700362397 45.41506794871692 4.648994902421097 8.563519996727306 13.939455563635734 False
1597 6377.940236656698 2042.494763004281 214.84901863887117 52.823326578706215 6377 6379 2041 2043 7.0 0.8684164867147907 0.5755553471760336 42.301821690430344 0.7488281724457981 0.037688956062614444 0.15106625077758495 0.0 0.5966294370960274 2.1593068 12.600307223439989 9.975483540210492 3.8684884988393287 0.3132823575974835 1.4927053303604616 24.803894723402347 15.866267252594167 3.182272400331711 5.077493258923367 6.212777169354791 False
1598 3849.960468819468 2049.633053426351 214.87150946658159 52.839425140722376 3840 3865 2042 2060 284.0 6.933764647099811 2.7475774265916004 27.48820224652058 0.9181381010675703 0.016256907494024878 1.047077089014213 0.0 131.78865176726168 13.019626 177.97555559223326 20.549675460437342 1.4 0.2767349525434673 9.507891862878783 157.6831869134471 32.604299794596 4.549466394545876 7.738659932564829 10.733216864226495 False
1599 9153.598935122714 2043.1710869065591 214.8242539457857 52.80569175479881 9152 9155 2042 2044 9.0 0.9554783672253828 0.6828561875553278 19.323795524033113 0.6994570143432053 0.25597271845374353 0.3862142681648824 0.0 2.9411722087903396 2.4018397 12.111536620369272 8.826070396098023 3.048095375530293 0.08756975139314606 1.692568750643269 16.46185453475433 14.141558194240265 1.5294494484030765 2.7111033516084304 4.178904701581574 False
1600 2707.811336726904 2045.906028052347 214.88174946970008 52.84665961870559 2702 2711 2043 2050 62.0 2.3220507607798915 1.697761239027746 43.94368310365011 0.6822195878088926 -0.11984936927036345 0.24291183441103856 0.0 4.688857750007153 6.243075 20.057176477438162 13.477650204598405 2.051911560115008 0.36820473551353605 4.442433223290478 24.154334735093165 21.369088352303685 3.3146874749226676 5.162663387653747 6.496186205664376 False
1601 7662.405473548431 2047.70886537696 214.83750448761148 52.815192941268286 7656 7669 2043 2054 119.0 3.319622552780835 2.2061476063931424 -16.78394866292055 0.7472190350308925 -0.012622744991103432 0.7101180510938383 0.0 45.58475900350291 9.614206 84.89579382626007 20.311216996440283 2.025969433541116 0.25969923059485567 6.154581744998688 69.26460112000059 31.99668417989814 3.0445101860946875 5.620468197701403 8.27408779049711 False
1602 294.3692124069265 2048.8345803177485 214.9032849125336 52.862001986391306 292 296 2045 2050 22.0 1.0452880143149408 0.865604313667672 14.965544592052398 0.5605785546560785 -0.13563767647095695 0.2630991871585985 0.0 1.5130888608203739 3.5474262 6.685588769631914 9.635877758979952 3.0166411348098117 0.4948096022631003 2.6462837142006137 -5.460802712811381 15.319159728728504 1.496790802351476 2.5644063413944758 3.5912578317889925 False
1603 6569.358575502993 2051.8344142837404 214.84721242831978 52.82216069691883 6563 6574 2045 2057 118.0 3.2235209730671306 2.2191122636302842 27.23269318323451 0.7253193597079735 -0.1142861440350161 0.3640503144974798 0.0 24.18729330640204 9.849427 68.58887555305876 29.980575219207743 2.910284719861397 0.2978423036553149 6.128667601500942 34.282028919098806 47.15124997140689 3.967364166786955 7.536689763324884 10.329819869141172 False
1604 3695.4539451813216 2047.6861797535612 214.87290967534116 52.8403960688051 3695 3696 2047 2049 4.0 0.7668896255429162 0.4895036701918397 81.14122518860623 0.7697898429557775 0.020959643993223625 0.03699096367024273 0.0 0.11499938791134129 1.4870483 0.3328877731402864 2.8298797480185254 1.4 0.1551681499167936 1.1283791670955126 0.07979224341281001 4.5231021382888885 0.8035670068720429 1.2753615796647453 1.6186729955154675 False
1605 484.09174849202583 2053.0883150405916 214.90154428511337 52.8608202510153 478 489 2048 2058 91.0 3.0514625619248945 2.253528161801421 40.90968969456366 0.6742451989402064 0.08412231230748783 0.3875174440545118 0.0 21.292777151104286 7.2494373 85.12295356183576 24.93652924241151 2.86274896509303 0.18259792883943854 5.382025607773058 116.93835832364188 40.10410680157692 4.784720720065431 8.43457768943372 12.539752483374981 False
1606 3600.0601063617555 2054.523632722455 214.87368966678804 52.84103888774666 3595 3602 2048 2058 71.0 3.0362460638682416 1.4616063283750955 86.33152420813072 0.876508713665868 -0.15998080428878605 0.09911750204450741 0.0 -3.0475876719230754 6.2705326 64.06591404538234 25.008749486614697 3.611689561421057 -0.4264991429175764 4.753945931439391 120.59374743104682 39.79695373820696 10.707515357086953 16.074953456487336 19.727483285265333 False
1607 3613.3639315257506 2052.7444425377425 214.87358956835462 52.84094478558331 3611 3618 2050 2056 40.0 1.7466296365737426 1.2360664484166042 62.64968638624009 0.7065264524453457 -0.0644633417828861 0.2556381992727574 0.0 4.803660356793892 4.784253 13.70505416144971 13.340301953958104 2.75316873285183 0.3655120888009779 3.5682482323055424 46.52902127600619 21.26412296714806 2.0910173004396824 7.280358524712414 9.353895564691712 False
1608 7098.675857556381 2057.3344703935386 214.84243205059067 52.818827025288535 7090 7107 2051 2063 171.0 4.011919053050338 2.441577506082065 -21.96272075103098 0.7934917945824291 -0.024953470555843005 0.6538859420018989 0.0 55.14010408480328 10.836131 82.91212451809218 25.259155463999818 2.238171508170437 0.310656593811182 7.377736139048903 90.56025198696207 40.57703594091859 3.0987883787304207 5.667796500341309 11.56304682114138 False
1609 8614.22496959219 2052.028380233537 214.8289702139076 52.80916745930686 8613 8616 2051 2053 8.0 0.9563319434282103 0.6225041497534948 28.400284320936887 0.7591386562250354 0.12758837282219995 0.2065583002678295 0.0 1.3918324087465501 2.2418363 7.841442921259484 8.662378345179814 3.160106408778245 0.09721046889264691 1.5957691216057308 24.38344595835133 13.848180665092217 1.6755409482610235 3.18119520670257 5.36801222643397 False
1610 8972.798472955037 2056.4767582942977 214.82572609935102 52.80691256111516 8970 8975 2054 2059 22.0 1.29617474832129 1.2463790662320473 59.189210485772826 0.27451581110893625 0.2748989139402912 0.6227951086116789 0.0 10.77655516767242 3.7403574 53.585246148487755 15.065382688844137 3.266479572044256 0.11647129228764372 2.6462837142006137 70.74410685638911 24.372307583139186 2.616768417646744 5.10525225614904 7.98774644219723 False
1611 8659.559305401073 2061.3246513213026 214.8284682172178 52.80892945560785 8657 8660 2058 2062 11.0 0.7510460265115193 0.4573453015159259 71.07878432045248 0.7932128779992912 -0.1645222334074449 0.1724284227315946 0.0 0.24222927335395972 2.7790785 7.862203253422956 7.913422776506215 3.692599279023204 0.4943943913125499 1.8712051592547776 23.44669003718541 12.602639162822745 2.0317621788543443 3.5991208269007524 4.714645377511529 False
1612 8443.417242784768 2073.076118432038 214.83027210556858 52.81036643454071 8430 8456 2060 2090 466.0 7.390696084785582 3.452270547156754 -49.413229776343634 0.8841990341631506 -0.06103414344544851 1.8268380622145586 0.0 340.0111362685622 17.57754 565.0115957749775 41.80879790892133 2.284927361360225 0.33762227141262974 12.179179240065665 560.3685859006068 67.89285259729928 5.058090191852573 10.123277028459821 20.017990968169276 False
1613 8668.864834978762 2062.9165182067045 214.82836850159444 52.80887889656433 8668 8670 2061 2064 7.0 1.1791631401894858 0.4510415528193066 -56.80581553944268 0.9239514006088414 0.1192742760962366 0.2221622343623902 0.0 1.1406432410901768 2.300425 22.479358144013524 9.963443155011431 3.913852081301855 0.14485818079246798 1.4927053303604616 52.00070422429855 15.612575827866154 3.375970208945581 5.692826032409567 6.9913778756687535 False
1614 10268.313574777992 2061.9780856691095 214.81411914595097 52.79870798254115 10267 10270 2061 2063 10.0 1.0307182530559411 0.6844030614436235 26.882494701841615 0.7477272813208085 0.12381863564107148 0.25379952502842146 0.0 1.9673637812714841 2.4497592 17.681342146785653 10.619587820394521 3.6430172689660796 0.12760345459692632 1.7841241161527712 22.116941746167747 17.040880240267587 2.3690669716359993 4.066549149479344 5.682739404277744 False
1615 794.5234117495269 2065.428378951512 214.89863982309762 52.858915625301925 791 798 2062 2069 45.0 2.039650143634849 1.4466799454092931 -5.89274641108434 0.7049283960174827 0.007101430468199942 0.2643960181151166 0.0 7.201734490536546 4.919848 22.713602264554293 17.9327012870545 3.1308088243346632 0.22423489899901886 3.7846987830302403 26.525243331105287 28.543865222119898 2.771917193135599 5.6220263646959845 9.072246322900666 False
1616 9923.344708981884 2067.7878884912257 214.81713292898505 52.80093200749015 9917 9931 2062 2074 122.0 3.06356162087193 2.3174274993058677 -39.455283157835815 0.6540529177105736 -0.08017393525927566 0.6081825095897143 0.0 26.730723279689833 9.027159 69.1321031766395 26.173620656362843 2.6967844943505628 0.3913591906950884 6.231677632421503 132.21916415620052 42.16116499579482 3.300319377765455 8.183826197347235 12.059712786889778 False
1617 1189.4255622332794 2063.706853473017 214.89512860584856 52.85639863896065 1187 1190 2063 2064 6.0 0.5932704987213087 0.31575429519397014 40.75463535259567 0.846601988769283 -0.08559845604525376 0.11083124521309302 0.0 0.15732838380571038 1.8194035 1.62382916962345 5.044505806308872 3.544888708494999 0.4926064036294977 1.381976597885342 3.8934543929964294 8.101118898566142 1.0782135876604986 1.9450957195625302 nan False
1618 8618.22179564495 2073.586797300048 214.82870791231414 52.809258263689614 8611 8627 2064 2081 205.0 4.508344208094027 3.2793995725174843 -40.904369962549055 0.6862066457531008 -0.14865262938443619 0.44732802069558314 0.0 37.82262513187443 11.404596 165.43026211849093 44.02947670591896 3.196665163416016 0.3400543912865115 8.07796550300118 263.00470626065913 70.89613257770696 7.101389118132447 14.202515215971149 22.055329018774636 False
