outputs/dr0.5_c0.1/nircam6_matched_f277w_f140w_dr0.5_c0.1.ecsv
# %ECSV 1.0
# ---
# datatype:
# - {name: label, datatype: int64}
# - {name: xcentroid, datatype: float64}
# - {name: ycentroid, datatype: float64}
# - {name: sky_centroid.ra, unit: deg, datatype: float64}
# - {name: sky_centroid.dec, unit: deg, datatype: float64}
# - {name: bbox_xmin, datatype: int64}
# - {name: bbox_xmax, datatype: int64}
# - {name: bbox_ymin, datatype: int64}
# - {name: bbox_ymax, datatype: int64}
# - {name: area, unit: pix2, datatype: float64}
# - {name: semimajor_sigma, unit: pix, datatype: float64}
# - {name: semiminor_sigma, unit: pix, datatype: float64}
# - {name: orientation, unit: deg, datatype: float64}
# - {name: eccentricity, datatype: float64}
# - {name: min_value, datatype: float64}
# - {name: max_value, datatype: float64}
# - {name: local_background, datatype: float64}
# - {name: segment_flux, datatype: float64}
# - {name: segment_fluxerr, datatype: float32}
# - {name: kron_flux, datatype: float64}
# - {name: kron_fluxerr, datatype: float64}
# - {name: kron_radius, unit: pix, datatype: float64}
# - {name: gini, datatype: float64}
# - {name: equivalent_radius, unit: pix, datatype: float64}
# - {name: kron4_2_flux, datatype: float64}
# - {name: kron4_2_fluxerr, datatype: float64}
# - {name: kron4_2_mag, datatype: float64}
# meta:
#   PHOTMJSR: 2.962800025939941
#   PIXAR_SR: 2.11539874851881e-14
#   __serialized_columns__:
#     area:
#       __class__: astropy.units.quantity.Quantity
#       unit: !astropy.units.Unit {unit: pix2}
#       value: !astropy.table.SerializedColumn {name: area}
#     eccentricity:
#       __class__: astropy.units.quantity.Quantity
#       unit: !astropy.units.Unit {unit: ''}
#       value: !astropy.table.SerializedColumn {name: eccentricity}
#     equivalent_radius:
#       __class__: astropy.units.quantity.Quantity
#       unit: !astropy.units.Unit {unit: pix}
#       value: !astropy.table.SerializedColumn {name: equivalent_radius}
#     kron_radius:
#       __class__: astropy.units.quantity.Quantity
#       unit: !astropy.units.Unit {unit: pix}
#       value: !astropy.table.SerializedColumn {name: kron_radius}
#     orientation:
#       __class__: astropy.units.quantity.Quantity
#       unit: &id001 !astropy.units.Unit {unit: deg}
#       value: !astropy.table.SerializedColumn {name: orientation}
#     semimajor_sigma:
#       __class__: astropy.units.quantity.Quantity
#       unit: !astropy.units.Unit {unit: pix}
#       value: !astropy.table.SerializedColumn {name: semimajor_sigma}
#     semiminor_sigma:
#       __class__: astropy.units.quantity.Quantity
#       unit: !astropy.units.Unit {unit: pix}
#       value: !astropy.table.SerializedColumn {name: semiminor_sigma}
#     sky_centroid:
#       __class__: astropy.coordinates.sky_coordinate.SkyCoord
#       dec: !astropy.table.SerializedColumn
#         __class__: astropy.coordinates.angles.Latitude
#         unit: *id001
#         value: !astropy.table.SerializedColumn {name: sky_centroid.dec}
#       frame: icrs
#       ra: !astropy.table.SerializedColumn
#         __class__: astropy.coordinates.angles.Longitude
#         unit: *id001
#         value: !astropy.table.SerializedColumn {name: sky_centroid.ra}
#         wrap_angle: !astropy.coordinates.Angle
#           unit: *id001
#           value: 360.0
#       representation_type: spherical
#   astropy version: '5.1'
#   kernelfile: kernel_f277w_f140w.fits
#   make_catalog parameters:
#     ab_zpt: 31.4
#     coadd_bands: !!python/tuple [f277w, f356w]
#     deblend_contrast: 0.001
#     deblend_nlevels: 32
#     deblend_npixels: 1
#     detect_kernel_fwhm: 4.0
#     detect_kernel_npix: 7
#     detect_npixels: 4
#     detect_threshold_nsigma: 3.0
#     flag_isolated_buffer: 4
#     hst_bands: !!python/tuple [f606w, f814w, f125w, f140w, f160w]
#     jwst_bands: !!python/tuple [f115w, f150w, f200w, f277w, f356w, f410m, f444w]
#     near_border_kernelsize: 21
#     reference_band: f200w
#   make_catalog version: 1.4.0
#   photutils version: 1.5.0
# schema: astropy-2.0
label xcentroid ycentroid sky_centroid.ra sky_centroid.dec bbox_xmin bbox_xmax bbox_ymin bbox_ymax area semimajor_sigma semiminor_sigma orientation eccentricity min_value max_value local_background segment_flux segment_fluxerr kron_flux kron_fluxerr kron_radius gini equivalent_radius kron4_2_flux kron4_2_fluxerr kron4_2_mag
[from data line 2694]
2695 6857.320839968319 3246.417875292758 214.8320808173815 52.82677109828798 6851 6864 3242 3250 89.0 3.0644828858641264 2.0444648818528104 -0.12307485357023545 0.744924828628668 0.18740817944617952 0.448588201508659 0.0 28.30154679486556 12.274063 84.2862466249181 41.011545428372344 2.8779389210708177 0.12182799837434699 5.322553886092406 133.5283001981426 65.90814852881495 26.08606669871946
2696 9325.462357786071 3245.9236469177463 214.81007472100254 52.81108126454303 9322 9329 3242 3251 65.0 2.35595093579126 1.9757693494124424 75.16731159848314 0.5447026648373643 0.2409974474144686 0.5122149742109804 0.0 24.509831525672933 10.711974 62.76070161698216 34.23472280827423 2.6178210985436685 0.11003085254853684 4.54864184146723 79.2249052965044 54.89395973204007 26.65284567820563
2697 268.68047083748644 3260.2058176601495 214.89077223595427 52.86870200937842 255 283 3243 3279 866.0 7.286929407957915 5.252630770844097 -84.60427583799317 0.6931128391634704 0.18902419510942517 5.650685232868298 0.0 1050.5468303615478 30.093096 1178.1033203052132 46.06937459608046 1.6304194041601658 0.46341341959984816 16.602902199168756 1251.3188768606278 73.90625535182168 23.656580009511362
2698 4065.875430669086 3251.178808594122 214.8569444672008 52.84453390761323 4057 4075 3244 3258 199.0 4.210181926017322 2.845995073092475 27.959044723769743 0.7369207755378288 0.23557323533166125 1.2986755355721729 0.0 129.62020750498567 13471829000000.0 202.68691451688574 31298495624768.574 2.1366874370021214 0.24711149731509813 7.958873497585845 232.60279804509187 50077592999629.72 25.48346266331133
2699 902.3325472536895 3246.9251746121463 214.88524852066604 52.86460613311097 901 904 3246 3248 11.0 1.0738736559845363 0.7661473160323183 -15.51801957500409 0.700713579050164 0.1535710377691973 0.17616620803061145 0.0 1.8378764123268791 3.560301 20.96771597953638 15.393678954225466 3.6945748794035564 0.02514527292603921 1.8712051592547776 30.084612895868062 24.68597509668795 27.704138930704204
2700 4472.0 3247.5294330281276 214.8533569166996 52.84193399384491 4472 4472 3246 3249 4.0 1.1474264029452304 0.28867513459481287 90.0 0.9678352379656263 0.1858306091738296 0.20109332696012516 0.0 0.783832112623668 1909985200000.0 14.046342001673754 9334783757019.896 3.8328532368105384 0.02066933604371198 1.1283791670955126 27.269696608049905 14935654011231.832 27.810799234553947
2701 4095.379248588785 3249.6312771032945 214.8566973166987 52.84433811907617 4092 4098 3247 3252 33.0 1.5867180732456083 1.5073929156234858 -3.772322816415668 0.3122292942913982 0.10677426035662901 0.19259362283385437 0.0 4.951183532489159 5486015000000.0 18.517860524805442 19866309375815.098 3.0355620270620354 0.09405495619842173 3.2410224072142872 30.302546054939594 31786095001304.156 27.696302200100927
2702 7368.413302581109 3251.33204053801 214.8274698212038 52.823549486622085 7365 7372 3248 3254 34.0 2.1812768740761346 1.3594138743393906 -32.46770191520728 0.7820471138225396 0.20603041799021365 0.25202393207652274 0.0 8.055422287120015 7.469666 122.73385138754907 37.61853726838578 3.759948182890661 0.028142919343660748 3.2897623212397704 233.16150711619798 60.48717283890511 25.48085786534523
2703 590.6897748637082 3252.325573034543 214.88797696571316 52.86661449531277 587 594 3249 3256 53.0 2.012158222387961 1.8875710618580384 -36.58898087214355 0.3464110573626337 0.20205140666061183 0.3679965481507812 0.0 14.724273897094333 7.5898304 47.648145683376484 26.409366213976018 2.9300012008882184 0.0992363268241039 4.1073621666150775 48.29472010920317 42.196944248675486 27.19025086632918
2704 7453.687220117589 3250.6430893970273 214.8267164291158 52.82300382218388 7453 7455 3250 3252 6.0 0.9092522821485123 0.526020428542536 -44.008652709061344 0.8156683555833015 0.20750160125373726 0.23073983054438724 0.0 1.3272538391808602 3.0444522 24.297507979520645 15.465851336497092 3.930472515359475 0.023565333401137457 1.381976597885342 45.362492433359265 24.715115984234245 27.258257728083485
2705 3509.3877870220463 3253.0469595806626 214.861893915151 52.84807934109268 3507 3512 3251 3255 23.0 1.3631683873669853 1.2878048380651634 -35.176226373272065 0.3278942769225874 0.1719043412583795 0.21811022203063024 0.0 4.455669064008368 4579983400000.0 28.198850411244635 18803137573509.63 3.353633356460346 0.04404913905548048 2.7057581899030048 44.62529278733753 30085020117615.41 27.27604730364151
2706 6836.198788629833 3257.33688701352 214.832154413466 52.826964189093104 6830 6842 3251 3263 117.0 3.5211164508367143 2.3408838454890635 -37.89309487565012 0.7470098593656338 0.18749757893457902 0.47876149700619397 0.0 38.36620108416636 13.748972 137.32604692829085 50.196388676299364 3.0408929431516976 0.12932597206475563 6.102643417692329 173.13660133283213 80.14451378033259 25.80402777981227
2707 9298.442439101438 3257.353032920483 214.8101954048596 52.81131460999437 9293 9304 3252 3263 112.0 2.5938381513742237 2.5448723405509037 -6.128930301838004 0.19338851423522252 0.45889000341519715 2.17405904472622 0.0 116.14509652281134 15.040683 178.6571354353689 35.55132341554131 2.1179477723239852 0.2615614556183435 5.970821321441846 199.8467922159108 56.77856365161974 25.648257045756495
2708 9229.741015387348 3261.959115623938 214.8107594444883 52.81177614187529 9224 9235 3254 3271 162.0 3.9825018079995993 2.6642519107835163 85.43749947817052 0.7432718500051743 0.2637798700314048 0.8630165252827355 0.0 80.33587178112191 17.158367 167.92509333478165 47.73219300995327 2.492908810905508 0.1842722248935587 7.1809610472257885 199.90384869741422 75.94196704281063 25.647947111103413
2709 2711.0915250145667 3263.0512764568416 214.8689183915232 52.85320450565293 2700 2721 3255 3272 325.0 5.1672946591794675 4.1554455709360685 -4.953821925171986 0.5943830778470123 0.1849204288320653 0.6563237860257728 0.0 122.21032975780689 19.479147 294.93264155624604 59.65799193613711 2.711904875518739 0.18083588280137378 10.171072362820547 305.6207331463007 94.71601094015361 25.1870429669817
2710 7307.205503945806 3258.655171811311 214.82793878189486 52.82397795743172 7305 7310 3256 3261 27.0 1.4968882411965314 1.4126811240025468 12.393551283487524 0.3306734912823454 0.19820436293508237 0.25222573995345565 0.0 6.350311776198802 6.859767 97.86001624255317 30.401536797638492 3.8741152606935603 0.032875165533584785 2.9316150714175193 196.8937359350328 48.38984444794162 25.664420251200205
2711 10259.668794147363 3257.1022125898057 214.8016299027902 52.80520274362864 10258 10261 3256 3258 9.0 0.9581107025373597 0.6983622039851702 20.193438163680643 0.6846253877553481 0.20755908774305273 0.23313997958262234 0.0 1.9810710383477859 4.450421 18.408709605668708 19.701043061104283 3.6540750556257056 0.021619423088337565 1.692568750643269 25.69136871924777 31.39293075277351 27.875531894707613
2712 9932.28892882342 3273.930945698757 214.80437084043544 52.807374641135056 9924 9941 3257 3289 407.0 6.4352483057940635 3.507736821349768 74.70483990735544 0.8383828575468525 0.2346954328728842 2.111008044226621 0.0 312.16804528391316 26.33589 426.5675521425529 53.01932289557362 1.902709114188729 0.31996860953358847 11.382096629215674 446.850045556332 84.67569636318431 24.77459548363245
2713 1620.201306308661 3278.0873612780665 214.87850582165305 52.86021485266904 1589 1651 3258 3298 1915.0 8.996596320416097 6.042948492956148 -13.494881277268881 0.7408298415281264 0.2045901687680416 26.382807081156326 0.0 6091.43984900438 44.702053 6136.761393499568 46.74909504542821 1.4 0.6444606264620089 24.68933842860029 6444.137620570532 75.86377596996913 21.877087983474933
2714 7902.963791149594 3264.408634342837 214.8225644479544 52.82022259632975 7897 7909 3259 3270 124.0 3.0817915545795502 2.5326429839457085 -37.46008356716363 0.5697635724061926 0.2614488981479799 0.972617705803584 0.0 65.3883581703663 14.177926 106.68812256825098 34.5381963842353 2.1440574831447914 0.21117887918587827 6.282549314314218 117.30882356463798 55.15231168867602 26.226673301311486
2715 7292.4384467019 3264.6598948949113 214.82800735276328 52.82410417372195 7286 7299 3260 3269 103.0 3.448753182144061 2.2096858596112843 -9.636041427626553 0.7677744550285628 0.20626667545844835 0.3995573358589713 0.0 31.50270202481488 13.526654 202.70087999297732 54.17126793602167 3.386352883069034 0.0939074130213208 5.725898905580716 327.0889672207909 86.69960678383491 25.113335261178975
2716 6059.181832217484 3267.704832651012 214.83897825766257 52.83195785076683 6055 6063 3263 3272 63.0 2.6319424184261164 1.7095192974392663 51.77592889210901 0.7603379969867008 0.1708668542474737 0.31564630267627375 0.0 14.81196281766904 7.3225822 40.933766355871995 24.585864022792915 2.7756052751007285 0.10321796797534033 4.478115991081385 43.19420239478664 39.52792847095757 27.31143635269196
2717 3963.0917787274047 3268.001740338448 214.85768524334293 52.84527762924372 3961 3965 3266 3270 14.0 1.4576429647807874 0.7908708272247179 35.152864950103314 0.8400117072163682 0.173936545263148 0.19084915582187084 0.0 2.5643584410908042 3573255000000.0 31.631460185823983 16961826411360.281 3.7331831080165743 0.016340859156546584 2.111004122822376 46.66417517351677 27138922258176.45 27.22754101567208
2718 9002.518359177 3267.0066441409904 214.81273216113962 52.81324769667032 9001 9004 3266 3268 8.0 0.859755868548542 0.702939944996389 0.24440823613357057 0.5757807690986012 0.15804661559728908 0.17726386951840872 0.0 1.3422554932239548 3.6505933 12.591431141016715 17.376790848530497 3.769401319208045 0.022512703989790744 1.5957691216057308 13.244806036633806 27.389048706335476 28.59488599334825
2719 2475.899332539701 3272.473148747564 214.87092013439096 52.854749313411936 2471 2481 3267 3277 91.0 2.902654813885384 2.2433332207394243 -42.447350206291794 0.6345818456225062 0.1841507777920203 0.40004637844412716 0.0 27.00437614569259 10.52677 59.78701619937911 29.26053343342494 2.3921120414441246 0.11341637101322223 5.382025607773058 58.14686184090398 46.7198123507645 26.98868429743579
2720 733.3795885954454 3275.3677019039897 214.8864592560594 52.86583260886815 722 745 3269 3281 259.0 5.159522906552115 2.986454204079972 -0.010111156227790801 0.8154527023178156 0.22392976464557457 1.3698600243039543 0.0 167.69394985210425 18.263266 241.41604873526347 40.17663802625597 2.035178758822515 0.261065581189232 9.079772052293041 268.64283619683397 64.572942810854 25.327061840294206
2721 6217.021715292777 3269.50419836308 214.83755088678203 52.830964545957286 6216 6218 3269 3270 6.0 0.8120912718245944 0.4999818783813787 -0.06299548190047732 0.7880025106334586 0.17366830776849898 0.18873959960136963 0.0 1.0994632742911938 2.353559 14.570351868216674 10.861514466851135 3.834841496855717 0.0199285485388685 1.381976597885342 28.33251840716459 17.341952838948888 27.769287051015898
2722 8899.836404225916 3275.474454566769 214.813558610137 52.81394602205253 8896 8903 3270 3281 75.0 2.934547515803996 1.816571516040743 -76.2506001466548 0.7853677250369048 0.20579777164855687 0.4190738298758417 0.0 23.11139474592876 11.461929 63.429345883634824 37.400236870764374 2.7603320145809 0.10965321765443001 4.886025119029199 71.9192413904696 59.55871858039388 26.757887255553257
2723 10173.478905568905 3275.071461479782 214.80220911116447 52.80584749446685 10169 10177 3270 3280 79.0 2.8937566212119323 1.9848314257677728 -68.85597943107652 0.727694584213235 0.15116336772903305 0.35503040230150595 0.0 20.123651985684496 12.2760105 86.44406779205588 48.00979357104937 3.14746300711974 0.11535037765501507 5.014626706796775 133.7905997760043 77.21860983781713 26.083935998349208
2724 3559.473631995764 3272.735634542139 214.86123953855835 52.847867338360146 3557 3562 3271 3275 22.0 1.388727252000806 1.1914241984512273 0.5938530326989645 0.5137744994231273 0.18399782837873732 0.2551152335815877 0.0 4.832344266654351 4479312000000.0 30.71425814921522 18396734623808.043 3.379746231907994 0.05654791598580071 2.6462837142006137 45.10726554808153 29434775398092.87 27.264383748780553
2725 3773.896971846434 3279.7001830696613 214.85925154126755 52.84654268305714 3761 3789 3272 3288 360.0 5.923884362476374 3.7543264727966505 -0.8450663110408794 0.7735289790701612 0.2407455443206092 1.2316556420543907 0.0 213.63256391400665 18119712000000.0 361.282658770765 45322467187021.055 2.27106348931996 0.2454780063736064 10.704744696916627 428.59361951003507 72515947499233.67 24.81988574651248
2726 6656.013887431722 3273.9639828398126 214.83358708376915 52.82819889061817 6655 6657 3273 3275 9.0 0.8115041977352858 0.8070549355197522 -45.811718937675025 0.10457250594284548 0.1449322103473354 0.17235576015050166 0.0 1.439937613251494 4.0316877 11.99339114680924 16.32974241180793 3.5070722394181897 0.03709766441387953 1.692568750643269 15.820924207136182 26.04792700578099 28.401920375051677
2727 7493.8971747948735 3280.15733190905 214.82604735195895 52.82290735204893 7488 7500 3274 3286 120.0 3.487834403001157 2.4340881089214 -43.77646016167426 0.7162151992345125 0.26090910819914187 0.5645963799755637 0.0 49.142750490538916 14.101495 122.37748193314967 44.50616370388068 2.64603275297975 0.11735426882787078 6.180387232371033 174.96114282139365 71.1628299420747 25.79264598302784
2728 3843.1792076257 3276.70347375359 214.85866441973266 52.8460863705341 3841 3846 3275 3278 19.0 1.462713972513669 1.015339934685865 2.8652823856884813 0.7198323386516714 0.21311030669003742 0.2382705014731836 0.0 4.3321880502423395 4162716200000.0 66.79123875329368 19592407520500.035 3.7991584141322545 0.018660914812952782 2.4592453796829674 128.87772179685084 31347852032800.05 26.12455537412808
2729 6217.684854896312 3281.472353803404 214.83741908864073 52.83102485249221 6211 6224 3277 3286 93.0 3.257907612044487 2.154093322091349 -8.962035519941178 0.7502191973499706 0.22294472684929437 0.41657901250982105 0.0 30.11657306562203 9.298823 96.92887102398896 32.942513629105655 2.842083217078227 0.09213212538014641 5.440847306724618 126.4365115585785 53.744064951178444 26.14531873762843
2730 4421.127165613071 3283.922772825639 214.85342828105587 52.84245345962371 4416 4426 3279 3288 81.0 2.4832555076896496 2.2590497361906197 -25.576439464994177 0.4152376636660455 0.1935603023161401 0.4389454084532694 0.0 24.233077129174983 8594934000000.0 50.89310549689522 23881090998171.715 2.3826793432655955 0.13376696164122306 5.077706251929807 48.794354947230026 38209745597074.74 27.1790760473025
2731 7087.821289094241 3283.320252558014 214.82963637955217 52.8255051576924 7085 7091 3280 3287 43.0 2.1081564819003242 1.5201812059353281 -54.90847802654486 0.6928361475504499 0.21951681913594137 0.3452155076497563 0.0 12.438401683181933 8.6145735 71.61303472775036 34.3760128456815 3.2936785685383443 0.0658803292539324 3.6996385101659595 126.62909062703844 55.55501542571639 26.143666279882602
2732 7665.3082065305625 3285.353058121247 214.82446380826374 52.82184594526338 7660 7671 3282 3289 77.0 2.924823718937963 1.86178621348107 -11.832961041248552 0.7712383494156615 0.24582369461602124 0.5000637405695257 0.0 27.85966393669826 13.574549 65.45588137999519 43.36199883084773 2.5563161111366783 0.11526938235956768 4.950743503369154 57.08907094665467 69.15269560980124 27.00861756134055
2733 1965.6443927476691 3289.3624522940645 214.87530081480003 52.85808153485336 1961 1970 3283 3296 106.0 3.0375149291813393 2.344149336681663 87.85500319801648 0.6359471458587249 0.20093601751240775 0.5605998741673094 0.0 38.00926287357183 10.497559 77.17916579311185 30.42627293387915 2.4524267620387334 0.1589705537509111 5.808687281605183 100.61292918662917 48.67498541009298 26.39336551754385
