outputs/dr0.5_c0.1/nircam3_matched_f150w_f277w_dr0.5_c0.1.ecsv
# %ECSV 1.0
# ---
# datatype:
# - {name: label, datatype: int64}
# - {name: xcentroid, datatype: float64}
# - {name: ycentroid, datatype: float64}
# - {name: sky_centroid.ra, unit: deg, datatype: float64}
# - {name: sky_centroid.dec, unit: deg, datatype: float64}
# - {name: bbox_xmin, datatype: int64}
# - {name: bbox_xmax, datatype: int64}
# - {name: bbox_ymin, datatype: int64}
# - {name: bbox_ymax, datatype: int64}
# - {name: area, unit: pix2, datatype: float64}
# - {name: semimajor_sigma, unit: pix, datatype: float64}
# - {name: semiminor_sigma, unit: pix, datatype: float64}
# - {name: orientation, unit: deg, datatype: float64}
# - {name: eccentricity, datatype: float64}
# - {name: min_value, datatype: float64}
# - {name: max_value, datatype: float64}
# - {name: local_background, datatype: float64}
# - {name: segment_flux, datatype: float64}
# - {name: segment_fluxerr, datatype: float32}
# - {name: kron_flux, datatype: float64}
# - {name: kron_fluxerr, datatype: float64}
# - {name: kron_radius, unit: pix, datatype: float64}
# - {name: gini, datatype: float64}
# - {name: equivalent_radius, unit: pix, datatype: float64}
# - {name: kron4_2_flux, datatype: float64}
# - {name: kron4_2_fluxerr, datatype: float64}
# - {name: kron4_2_mag, datatype: float64}
# meta:
#   PHOTMJSR: 2.251199960708618
#   PIXAR_SR: 2.11539874851881e-14
#   __serialized_columns__:
#     area:
#       __class__: astropy.units.quantity.Quantity
#       unit: !astropy.units.Unit {unit: pix2}
#       value: !astropy.table.SerializedColumn {name: area}
#     eccentricity:
#       __class__: astropy.units.quantity.Quantity
#       unit: !astropy.units.Unit {unit: ''}
#       value: !astropy.table.SerializedColumn {name: eccentricity}
#     equivalent_radius:
#       __class__: astropy.units.quantity.Quantity
#       unit: !astropy.units.Unit {unit: pix}
#       value: !astropy.table.SerializedColumn {name: equivalent_radius}
#     kron_radius:
#       __class__: astropy.units.quantity.Quantity
#       unit: !astropy.units.Unit {unit: pix}
#       value: !astropy.table.SerializedColumn {name: kron_radius}
#     orientation:
#       __class__: astropy.units.quantity.Quantity
#       unit: &id001 !astropy.units.Unit {unit: deg}
#       value: !astropy.table.SerializedColumn {name: orientation}
#     semimajor_sigma:
#       __class__: astropy.units.quantity.Quantity
#       unit: !astropy.units.Unit {unit: pix}
#       value: !astropy.table.SerializedColumn {name: semimajor_sigma}
#     semiminor_sigma:
#       __class__: astropy.units.quantity.Quantity
#       unit: !astropy.units.Unit {unit: pix}
#       value: !astropy.table.SerializedColumn {name: semiminor_sigma}
#     sky_centroid:
#       __class__: astropy.coordinates.sky_coordinate.SkyCoord
#       dec: !astropy.table.SerializedColumn
#         __class__: astropy.coordinates.angles.Latitude
#         unit: *id001
#         value: !astropy.table.SerializedColumn {name: sky_centroid.dec}
#       frame: icrs
#       ra: !astropy.table.SerializedColumn
#         __class__: astropy.coordinates.angles.Longitude
#         unit: *id001
#         value: !astropy.table.SerializedColumn {name: sky_centroid.ra}
#         wrap_angle: !astropy.coordinates.Angle
#           unit: *id001
#           value: 360.0
#       representation_type: spherical
#   astropy version: '5.1'
#   kernelfile: kernel_f150w_f277w.fits
#   make_catalog parameters:
#     ab_zpt: 31.4
#     coadd_bands: !!python/tuple [f277w, f356w]
#     deblend_contrast: 0.001
#     deblend_nlevels: 32
#     deblend_npixels: 1
#     detect_kernel_fwhm: 4.0
#     detect_kernel_npix: 7
#     detect_npixels: 4
#     detect_threshold_nsigma: 3.0
#     flag_isolated_buffer: 4
#     hst_bands: !!python/tuple [f606w, f814w, f125w, f140w, f160w]
#     jwst_bands: !!python/tuple [f115w, f150w, f200w, f277w, f356w, f410m, f444w]
#     near_border_kernelsize: 21
#     reference_band: f200w
#   make_catalog version: 1.4.0
#   photutils version: 1.5.0
# schema: astropy-2.0
label xcentroid ycentroid sky_centroid.ra sky_centroid.dec bbox_xmin bbox_xmax bbox_ymin bbox_ymax area semimajor_sigma semiminor_sigma orientation eccentricity min_value max_value local_background segment_flux segment_fluxerr kron_flux kron_fluxerr kron_radius gini equivalent_radius kron4_2_flux kron4_2_fluxerr kron4_2_mag
[from data line 3645]
3646 9409.102946243027 4533.390738152107 214.74357031698952 52.83587028090486 9404 9414 4530 4537 61.0 2.4273961754616176 1.546165643025333 15.131762129522157 0.77089298130055 0.19956775839213514 1.0874353725184347 0.0 35.251912794747454 2.1965868 60.56844288276889 5.350558931410773 2.267002852477757 0.2502467069915242 4.406461512053774 75.24118473046077 8.52341569197566 26.708860936915958
3647 6552.5110398798815 4548.745771699566 214.7688723206857 52.854122933259966 6536 6566 4531 4565 781.0 5.706851334580252 4.180391320157306 -69.95808941878862 0.6807438922481696 0.04747851665299973 12.024125520049509 0.0 734.7501349889089 8.21314 765.5993218773544 9.62468559435773 1.525852718665108 0.6281049348790452 15.767054928221077 831.8382898540705 15.00725530193965 24.099902731899313
3648 2793.6884494838787 4536.008570751417 214.80254518819072 52.87795484122642 2791 2796 4533 4538 30.0 1.3326256009629265 1.2701157858458478 11.150645496976207 0.3026784239821182 0.30885085131646567 2.2403076535651176 0.0 31.02651197007613 1.7032142 43.62499797819642 3.497076560941655 1.9727008312650203 0.30624421139646935 3.0901936161855166 44.123483753255805 5.7626490483241675 27.28832551329689
3649 8430.865732192213 4535.671842810428 214.75226392265088 52.8421054619367 8429 8432 4534 4537 11.0 1.0716255080240829 0.7384568097576328 -48.61232473238286 0.7246665520127872 0.25525659271543916 0.4639699709269309 0.0 4.064932707211394 0.8916821 13.104598093833218 3.0370099459023985 2.874449762564403 0.11922759947552293 1.8712051592547776 12.416898618947393 4.943387637511852 28.664967161943135
3650 7139.102483463724 4542.131643839498 214.76371135495847 52.85035661596177 7136 7143 4536 4549 80.0 3.222218575099746 1.5170492505187514 72.62387465811213 0.8822352066889313 0.1304907959589979 0.7900184729123696 0.0 32.27128994750499 2.470342 61.63351161072138 6.784495833064416 2.4910866147627555 0.2514054614782044 5.046265044040321 100.83954285959123 10.890422732444728 26.390922829494308
3651 8264.354070871474 4541.339139548944 214.7536883674397 52.84319514669623 8258 8271 4536 4546 101.0 3.067765901437033 1.8921727223775076 25.16518524557907 0.7871263734029719 0.030275335381172396 1.06796771441784 0.0 38.560435740800216 2.6822755 60.42745783939139 5.754928293125966 2.070363792731484 0.3098380523267298 5.670035141386943 65.64858084059986 9.189364584327448 26.856936644604883
3652 419.7405941947301 4539.888644611023 214.82370529668887 52.89306563830194 415 421 4537 4541 33.0 1.2510884774286795 1.068749686489228 43.26368711181383 0.5198527617329385 -0.13829322333746494 0.07840043064170685 0.0 -0.3650958447505104 1.9559759 0.9205141031781843 2.4460471874041607 1.4 -0.6644216092342099 3.2410224072142872 0.13788517968991254 3.9047358348266727 33.551206026452675
3653 nan nan nan nan 2243 2250 4537 4543 34.0 nan nan nan nan 0.0 0.0 0.0 0.0 5830952.0 nan nan nan nan 3.2897623212397704 nan nan nan
3654 7649.4068203769175 4541.690639546955 214.7591663552765 52.84710853739051 7644 7656 4537 4547 93.0 3.0279625486175368 1.785201314386025 -38.86867342973403 0.8077159765488461 0.1398419001106865 1.2019547687634877 0.0 42.668357999164044 2.7284112 83.98955319142962 7.362147340988097 2.492103910562601 0.30085362433084617 5.440847306724618 104.2215601881222 11.650893745450388 26.355106074420444
3655 9561.705715974571 4542.44978029614 214.7421152136633 52.8349482261801 9556 9568 4537 4548 114.0 2.473229284059648 1.9790544365426157 6.125089321661304 0.5997459919607616 -0.007224801414497833 1.521493318300672 0.0 42.957887361601394 3.0806403 50.01715623511162 4.377219934825007 1.5755638360581732 0.4765095471629012 6.023896332520351 50.64898300166337 6.903719700474928 27.13857317641078
3656 nan nan nan nan 2345 2352 4538 4545 60.0 nan nan nan nan 0.0 0.0 0.0 0.0 7745967.5 nan nan nan nan 4.370193722368317 nan nan nan
3657 9127.436772410942 4541.624633066697 214.74599343769677 52.8377064434217 9125 9130 4539 4544 25.0 1.6591940153799647 1.1037380180443785 38.53836280324809 0.7466425883764197 0.2181721150612423 0.42298311551895235 0.0 8.2127664558622 1.3815957 29.626047925763167 5.066205657565548 3.1100540031979707 0.09521852740392897 2.8209479177387813 29.00373649436456 8.067265552417748 27.743865122980836
3658 9804.486294332788 4540.502081546814 214.7399726530765 52.833393207593076 9804 9805 4540 4541 4.0 0.5022813742050066 0.4975150680892602 46.10349943932895 0.13743574008775455 0.44018074259414064 0.4739816691825398 0.0 1.8359681307803082 0.61414105 13.43223359689066 2.359785734752011 3.777589788484226 0.021410718342506716 1.1283791670955126 19.33642319485711 3.702500637976218 28.18405964393637
3659 3132.8978275222757 4547.624040235025 214.79939466714848 52.87586094468413 3130 3136 4546 4549 16.0 1.63119784430879 0.7694531860330707 0.3857973645281047 0.8817534710883528 0.09360760393683806 0.2553867424107723 0.0 2.530679949030879 1.1190373 8.228274071243904 3.8343570937215308 2.733423117909337 0.18634451875525804 2.256758334191025 7.228770189601997 6.174345593583721 29.252338954308456
3660 7849.945881854738 4550.2547748257975 214.75728843188568 52.84587910389317 7849 7851 4549 4551 7.0 0.7364652848372065 0.6947193317397777 -15.678653785106185 0.3318965515580721 0.30720974606118456 0.44438335055080574 0.0 2.6768092299331387 0.7759481 12.512120697708239 2.9722985701999503 3.2020254879578496 0.06925741310062407 1.4927053303604616 14.916456414457393 4.742943295705556 28.465835841359464
3661 9964.134197119487 4555.156735312053 214.73839601996343 52.83245640448104 9958 9969 4549 4561 119.0 2.942675574513071 2.312635477947323 -79.67476375363951 0.6183593377395024 -0.03632530524422434 0.6982824581191022 0.0 38.89455819087873 3.1300054 49.811247440457706 4.970645636624558 1.5208940312623676 0.29969307804088724 6.154581744998688 48.94469373785297 7.88563993114922 27.17573596165843
3662 2640.3823238933164 4553.401168467977 214.80373066163773 52.87902315032855 2637 2643 4551 4555 24.0 1.7267249554726183 1.0174355213138262 17.395667818583163 0.807966458504593 0.24867115145998592 0.4356872937925923 0.0 8.380749883418614 1.3288184 30.61952993090286 5.083734045030754 3.0483394277431555 0.09228155921198611 2.763953195770684 29.769410309648407 8.327230804422715 27.71557442008475
3663 7154.623045429659 4556.335159742964 214.76342338143425 52.850334381072095 7151 7158 4551 4561 68.0 2.413632117333326 1.8106346993015991 -89.34851471262806 0.6612448778212288 0.2559320128624799 0.9126227046067961 0.0 34.92071223663827 2.5146258 57.66491356962345 5.934778610681145 2.196561554121225 0.20330502452354962 4.652426491681278 67.11358465190727 9.234719919972791 26.832973910373717
3664 3971.1551209513027 4556.610016946098 214.7918180730399 52.870579908947924 3965 3975 4553 4559 57.0 2.505312065891871 1.4376654477890216 21.549190950386652 0.8189626291415336 0.1339851144526022 1.0789568815766184 0.0 29.50510548225728 2.1596596 81.46222599270327 6.6429887381719634 2.799235611417835 0.2975879769736786 4.259537945889915 95.32080942177166 10.574600745788477 26.452030696187524
3665 7398.061135278662 4557.647259270764 214.7612391046268 52.848793115539365 7397 7400 4555 4560 17.0 1.646335893584248 0.7569471534888537 77.46394449979468 0.8880344789204081 0.08265530983797267 0.34559010744454177 0.0 3.794455174507224 1.2630438 21.40525731364373 4.932224499110953 3.2596203771542274 0.21434625629178677 2.326213245840639 27.833923602759903 7.630687904791639 27.788563922817403
3666 9648.29386292297 4593.654139094974 214.74080451016724 52.834672976239716 9595 9699 4557 4628 5356.0 14.280133207857547 8.978518018923067 4.893901974374347 0.7776140617522544 -0.035050980794618644 44.341761546809984 0.0 10098.54174251716 22.58072 10052.279539415827 21.856362504784084 1.4 0.7029235598542931 41.29004420438882 10189.659887391006 32.58514817581744 21.379600779310334
3667 7851.110415190503 4567.862442383951 214.7570926146369 52.8459664948979 7846 7856 4559 4576 137.0 4.078554414379236 2.1713013417312084 -85.58191501768351 0.8465115689557684 0.11598230829371609 1.0391759695879907 0.0 65.33855886029578 3.4848623 109.67343359305207 9.025752774414151 2.3726683415500838 0.2504134595583112 6.6036697681803656 160.86630123937226 14.433786205044232 25.883837309245777
3668 7891.480274642341 4561.933686385574 214.7567951849056 52.845677795886445 7889 7894 4559 4565 32.0 1.4965176848464126 1.3674800723305776 -51.82744223541398 0.4062212543633094 0.10303906263382742 0.46027849996970593 0.0 8.513711630789164 1.5908431 15.151828303446248 3.9868195545377647 2.306154576462369 0.2146474272063067 3.1915382432114616 15.985194286184518 6.336395689311398 28.390705202217816
3669 8888.397945071962 4567.339182936353 214.747852790685 52.83936549058034 8880 8896 4563 4571 128.0 3.964791233038418 1.8225177659915253 -2.01435841586189 0.888086903451265 0.017677230749108062 0.9339606912779987 0.0 53.40219702616764 3.4075727 68.35973661053067 5.7822905297484954 1.6764016769731398 0.3126805815079349 6.383076486422923 69.42969168008894 9.000004503129663 26.796136908331082
3670 7641.586944287736 4577.425722504979 214.75885971918999 52.84735067622448 7632 7652 4568 4587 306.0 3.2448921750395416 2.925758449832525 51.03337887466498 0.43246559197295037 0.09045294035680675 12.082214660223425 0.0 504.11271907017897 5.4756694 523.2993478376673 6.426875116157901 1.552272538820066 0.614124819324749 9.869286963719311 566.2262079835449 9.932582590987387 24.517525082573783
3671 3169.1699663323498 4571.255478555189 214.79882195452433 52.87575766156256 3167 3171 4569 4574 30.0 1.7918208373716797 0.9917750396610645 61.71922230432908 0.8328483577500392 -0.0280973201759545 0.10528695468750542 0.0 1.1118195762210163 1.8873456 1.492034260711569 2.795072876183575 1.4 0.41647761468019134 3.0901936161855166 0.15035417189004985 4.4188666066515845 33.457211292475485
3672 7669.759504599066 4570.495840775769 214.7586815482565 52.847134172946525 7669 7671 4570 4571 5.0 0.7839634859806488 0.43728646413658656 -21.873155270664554 0.82998257105303 0.09522338430582697 0.16202475504864086 0.0 0.6099784549798133 0.6505834 6.867913503823574 2.7482828242457846 3.8016394576469574 0.1438924654834672 1.2615662610100802 5.34322044005381 4.3815327457590065 29.5804922704551
3673 7803.065276700446 4578.144377228298 214.75741262323925 52.846327450022706 7801 7805 4576 4580 18.0 1.3205076276753804 1.0273946138286825 -28.597462646981395 0.6282270635426195 0.15945831336220476 0.28020851732821067 0.0 4.25476967360786 1.1600521 26.404632961674302 4.789231170927928 3.395596368408572 0.07908007118197213 2.393653682408596 30.100389307746752 7.661139703766053 27.703569718398047
3674 10231.366128932874 4584.6113804763145 214.73570521519972 52.8309147624384 10220 10243 4577 4592 264.0 6.097217886452558 2.7056423662168827 25.878357413250853 0.8961504654370701 0.1540164954848104 1.1781947394914924 0.0 154.53001603869922 4.6389756 211.75920320641188 9.051167445371224 1.7931554385755821 0.24539909732842266 9.166995688475081 203.27896311201755 14.516635094126375 25.629768908017464
3675 6867.865570179093 4583.924157308635 214.76568969957466 52.85230674113713 6863 6873 4580 4588 81.0 2.8338864114274314 1.723160604543142 -29.869237895368723 0.7938944157782006 0.04654661230166186 0.733390483193253 0.0 29.581770187312102 2.6404598 45.7826745181684 5.237764051502616 1.9027330832882716 0.2586663967352228 5.077706251929807 47.79998221793361 8.285086926024471 27.20143066237424
3676 9878.119804928408 4583.397781520551 214.73886491964382 52.83315563224588 9877 9880 4582 4585 12.0 1.0458382595468074 0.8108648842047047 62.084637434074644 0.6315620688051199 0.16964254703142428 0.35823393488260685 0.0 3.355612175602973 0.96719635 9.886241743610537 3.173688827755266 2.8492962912183994 0.12109556301890995 1.9544100476116797 10.384523539267878 5.137956626016212 28.859033562221278
3677 7004.118511635565 4588.821448855518 214.76442319064236 52.85146653436517 7000 7008 4585 4593 61.0 1.8346732071678036 1.7021530040870374 -58.82311559412239 0.3731549335238766 0.0631411914093653 0.963683934194848 0.0 21.330096105236283 2.2790048 30.700785034549632 4.515810610341527 2.038467143733554 0.3698159350556429 4.406461512053774 38.139386765700884 7.146601280636487 27.446565735383743
3678 6062.7670538547 4593.3418274934875 214.7727703448473 52.85747767765604 6060 6066 4589 4597 46.0 2.07312585909509 1.4200940472014205 62.51197278326229 0.7285417814840129 0.269954924269711 1.1310091880117414 0.0 29.570654680482175 2.0145786 51.684929142431585 5.016855340833158 2.2426701494894212 0.21088630182754797 3.826519928662906 58.93291626043872 8.00383106064592 26.974105168920048
3679 8666.406900439139 4591.832348661082 214.74957321480545 52.84090948912658 8663 8670 4589 4595 41.0 1.8304552413562196 1.4614431875934848 -27.86322646576774 0.6021218339381371 0.16640915475860912 0.6798023489189742 0.0 16.70295900478877 1.7470511 32.90324309621032 4.751682689980306 2.4566964942555596 0.19111341676966934 3.6125759969217834 33.63321261592329 7.656368918999032 27.58307911815924
3680 9348.646509834041 4595.570800368577 214.7434541932972 52.83658958188392 9342 9354 4591 4600 98.0 2.0675386677695733 1.8758755527100357 -24.245104081713112 0.4204862798678786 0.1068163141347661 5.180710250862246 0.0 113.08816759643348 2.8688052 151.27316460947515 5.2031500664478 2.1463771918999215 0.5182700336379703 5.585191925620057 194.88855119746242 8.34790287340092 25.675534182321506
3681 7616.922564580981 4594.750155364132 214.75889714390743 52.84760083041551 7616 7618 4594 4595 4.0 0.703354561836811 0.43151385727509334 -3.6026128853777424 0.789688276001006 0.20600472297353867 0.2815978881497545 0.0 0.9762091576971929 0.57765996 11.446078258031276 2.5355754860565467 3.7927477089950514 0.07771039544025972 1.1283791670955126 19.234445259045472 4.026042595542817 28.18980083667724
3682 7439.125148782237 4602.394469686462 214.76040173081634 52.848772862505726 7431 7446 4595 4610 114.0 4.706508354905011 1.6720533873925776 -47.78305230391388 0.9347659757579512 0.16721753356027302 0.6278255424413135 0.0 38.4000471484001 2.9818335 130.03570879211793 10.762346565936435 3.0681669088001415 0.16020584072161478 6.023896332520351 154.3827695598563 17.18266762881674 25.928502930704198
3683 8582.487535088534 4597.507477880385 214.75026136398273 52.84147386713224 8582 8583 4597 4598 4.0 0.5028372530925184 0.49693400385714204 -45.48278020884657 0.15278067973469345 0.28308303884515756 0.30630849505794694 0.0 1.164604052823734 0.534299 9.149040616705557 2.2062504580067013 3.816551115988466 0.021605135543288443 1.1283791670955126 13.354441494808512 3.5396590965090713 28.585935675470196
3684 10137.448007977924 4604.628017773993 214.73633107269364 52.83162002170807 10128 10146 4597 4612 237.0 3.5631120106063836 3.041513687344243 18.79922986094688 0.5209100341330375 0.12359306369051405 2.9054687241250603 0.0 172.4789984552869 4.6424074 228.18077523902596 8.542105349388697 2.056943562857833 0.4321182736554307 8.685588237163813 274.46986041120596 13.587737984704187 25.303763346393115
3685 6866.053227252644 4619.783887703789 214.76532818172396 52.85251135980571 6848 6882 4603 4637 833.0 7.11765452074439 4.740093224256209 49.36858103946848 0.7459849409600556 0.12826904078303167 7.840666259661943 0.0 1075.553450234753 8.716335 1199.8731801007552 12.231373191697148 1.6422613449664638 0.502197922633121 16.283492720884475 1271.1861535090884 19.141618479859176 23.63947711590066
3686 6169.6991542103115 4607.218801634448 214.77167047368482 52.85687237144548 6166 6172 4605 4610 33.0 1.6547839919936749 1.307294150113241 -34.30368714977513 0.6130953206242347 0.12319976768756277 0.6433907507329283 0.0 12.79025794963271 1.7328855 29.108754960959995 4.938132124827009 2.575790450531221 0.2161553595449583 3.2410224072142872 33.24942506798793 7.853885459937245 27.5955396497337
