outputs/dr0.5_c0.1/nircam6_f277w_dr0.5_c0.1.ecsv
# %ECSV 1.0
# ---
# datatype:
# - {name: label, datatype: int64}
# - {name: xcentroid, datatype: float64}
# - {name: ycentroid, datatype: float64}
# - {name: sky_centroid.ra, unit: deg, datatype: float64}
# - {name: sky_centroid.dec, unit: deg, datatype: float64}
# - {name: bbox_xmin, datatype: int64}
# - {name: bbox_xmax, datatype: int64}
# - {name: bbox_ymin, datatype: int64}
# - {name: bbox_ymax, datatype: int64}
# - {name: area, unit: pix2, datatype: float64}
# - {name: semimajor_sigma, unit: pix, datatype: float64}
# - {name: semiminor_sigma, unit: pix, datatype: float64}
# - {name: orientation, unit: deg, datatype: float64}
# - {name: eccentricity, datatype: float64}
# - {name: min_value, datatype: float64}
# - {name: max_value, datatype: float64}
# - {name: local_background, datatype: float64}
# - {name: segment_flux, datatype: float64}
# - {name: segment_fluxerr, datatype: float32}
# - {name: kron_flux, datatype: float64}
# - {name: kron_fluxerr, datatype: float64}
# - {name: kron_radius, unit: pix, datatype: float64}
# - {name: gini, datatype: float64}
# - {name: equivalent_radius, unit: pix, datatype: float64}
# - {name: kron4_2_flux, datatype: float64}
# - {name: kron4_2_fluxerr, datatype: float64}
# - {name: radius_kron20, unit: pix, datatype: float64}
# - {name: radius_kron50, unit: pix, datatype: float64}
# - {name: radius_kron80, unit: pix, datatype: float64}
# - {name: near_border, datatype: bool}
# meta:
#   PHOTMJSR: 0.4907999932765961
#   PIXAR_SR: 2.11539874851881e-14
#   __serialized_columns__:
#     area:
#       __class__: astropy.units.quantity.Quantity
#       unit: !astropy.units.Unit {unit: pix2}
#       value: !astropy.table.SerializedColumn {name: area}
#     eccentricity:
#       __class__: astropy.units.quantity.Quantity
#       unit: !astropy.units.Unit {unit: ''}
#       value: !astropy.table.SerializedColumn {name: eccentricity}
#     equivalent_radius:
#       __class__: astropy.units.quantity.Quantity
#       unit: !astropy.units.Unit {unit: pix}
#       value: !astropy.table.SerializedColumn {name: equivalent_radius}
#     kron_radius:
#       __class__: astropy.units.quantity.Quantity
#       unit: &id001 !astropy.units.Unit {unit: pix}
#       value: !astropy.table.SerializedColumn {name: kron_radius}
#     orientation:
#       __class__: astropy.units.quantity.Quantity
#       unit: &id002 !astropy.units.Unit {unit: deg}
#       value: !astropy.table.SerializedColumn {name: orientation}
#     radius_kron20:
#       __class__: astropy.units.quantity.Quantity
#       unit: *id001
#       value: !astropy.table.SerializedColumn {name: radius_kron20}
#     radius_kron50:
#       __class__: astropy.units.quantity.Quantity
#       unit: *id001
#       value: !astropy.table.SerializedColumn {name: radius_kron50}
#     radius_kron80:
#       __class__: astropy.units.quantity.Quantity
#       unit: *id001
#       value: !astropy.table.SerializedColumn {name: radius_kron80}
#     semimajor_sigma:
#       __class__: astropy.units.quantity.Quantity
#       unit: !astropy.units.Unit {unit: pix}
#       value: !astropy.table.SerializedColumn {name: semimajor_sigma}
#     semiminor_sigma:
#       __class__: astropy.units.quantity.Quantity
#       unit: !astropy.units.Unit {unit: pix}
#       value: !astropy.table.SerializedColumn {name: semiminor_sigma}
#     sky_centroid:
#       __class__: astropy.coordinates.sky_coordinate.SkyCoord
#       dec: !astropy.table.SerializedColumn
#         __class__: astropy.coordinates.angles.Latitude
#         unit: *id002
#         value: !astropy.table.SerializedColumn {name: sky_centroid.dec}
#       frame: icrs
#       ra: !astropy.table.SerializedColumn
#         __class__: astropy.coordinates.angles.Longitude
#         unit: *id002
#         value: !astropy.table.SerializedColumn {name: sky_centroid.ra}
#         wrap_angle: !astropy.coordinates.Angle
#           unit: *id002
#           value: 360.0
#       representation_type: spherical
#   astropy version: '5.1'
#   make_catalog parameters:
#     ab_zpt: 31.4
#     coadd_bands: !!python/tuple [f277w, f356w]
#     deblend_contrast: 0.001
#     deblend_nlevels: 32
#     deblend_npixels: 1
#     detect_kernel_fwhm: 4.0
#     detect_kernel_npix: 7
#     detect_npixels: 4
#     detect_threshold_nsigma: 3.0
#     flag_isolated_buffer: 4
#     hst_bands: !!python/tuple [f606w, f814w, f125w, f140w, f160w]
#     jwst_bands: !!python/tuple [f115w, f150w, f200w, f277w, f356w, f410m, f444w]
#     near_border_kernelsize: 21
#     reference_band: f200w
#   make_catalog version: 1.4.0
#   photutils version: 1.5.0
# schema: astropy-2.0
label xcentroid ycentroid sky_centroid.ra sky_centroid.dec bbox_xmin bbox_xmax bbox_ymin bbox_ymax area semimajor_sigma semiminor_sigma orientation eccentricity min_value max_value local_background segment_flux segment_fluxerr kron_flux kron_fluxerr kron_radius gini equivalent_radius kron4_2_flux kron4_2_fluxerr radius_kron20 radius_kron50 radius_kron80 near_border
[from data line 4119]
4120 2019.730969991131 938.0781460029859 214.89954547757594 52.845051848169845 2011 2029 923 948 331.0 4.720184580527918 3.2523638464680884 74.42488845824325 0.7247297847279466 0.0745763458254048 4.395188413449548 0.0 292.2685534729871 2.0357115 328.3951038939134 3.1565806223202153 1.6914897771722197 0.4669419831050684 10.264529815185629 360.42317561759046 5.0324828853835575 2.794707126604528 5.103485719094264 8.85613781665924 False
4121 1418.0 920.4846099880016 214.90510739512422 52.84877775055806 1418 1418 920 921 2.0 0.5771451124838736 0.28867513459481287 90.0 0.8659227646478105 0.2680971077372925 0.28512530693649646 0.0 0.553222414673789 0.17156927 7.615382487975921 0.8312779528853589 3.6978542484483525 0.030780023996758585 0.7978845608028654 16.599188416443205 1.3636206689737398 1.459053113560724 2.5046074789557635 3.2670481411898615 False
4122 1419.751771546037 922.3709827967032 214.9050719071617 52.84877680831907 1419 1420 922 923 3.0 0.5522597786794952 0.3390793221540682 52.1203941593157 0.7893175489650494 0.23155663027288578 0.3552137486008363 0.0 0.9328367742540695 0.19201279 8.253362531746138 0.8083238210818521 3.4527962595189217 0.13256029537089306 0.9772050238058398 20.34592922701814 1.3139402027807716 1.3774860584364166 2.565673727740209 3.398391564431848 False
4123 1340.4307029879437 931.0683757836466 214.90568933031423 52.84932740019347 1337 1345 927 936 54.0 1.52822241332719 1.2316915006225257 -60.31092431731651 0.5919652187539924 0.10652160658503701 8.814632633032184 0.0 47.578986982511275 1.0167325 64.1565674927387 1.753927377843733 2.1431395025013047 0.6385105415826926 4.145929793656026 88.31453104480323 2.6667258807565752 0.7612590384965635 1.6935613460907837 4.95338973115118 False
4124 1349.827467763973 946.1136080524476 214.9054471685664 52.8493489348357 1337 1362 933 962 523.0 6.5142448671370525 3.4275984352569004 52.40163370050913 0.8503795738942516 0.10968294364971552 5.272670571464742 0.0 528.8203491097156 3.0329113 653.6813018003854 5.188013009594976 1.9142759252343529 0.49524038860755615 12.902560616952067 769.0607889607337 7.892380745651908 3.43661779124484 7.121928164491653 13.359614057999623 False
4125 1332.683905803648 955.3234136864653 214.9055035447256 52.84950749390015 1327 1340 950 961 121.0 3.111172246338164 2.2663036993362753 -22.51710794282672 0.6851091273190686 0.07680843632608768 1.3514445637200632 0.0 58.886933778237356 1.3209568 111.13435734947561 3.5784948781006434 2.5135027644692047 0.3178061335169955 6.206085419025319 172.58999140122893 5.613284459876219 2.7711834651830736 5.9514185504412564 11.391161003418532 False
4126 1379.3396769459957 931.9201018607341 214.90533265636572 52.84908494346686 1373 1384 928 935 65.0 2.5572627635423952 1.7290729819387933 -10.492948891314153 0.7367712522843514 0.0963708095653852 0.5385818254462489 0.0 20.575654754477007 0.90997916 173.2160188743629 3.7014487808952112 3.5952936073600377 0.22165968729576777 4.54864184146723 331.9462706957375 5.867719725534614 7.048193584386557 12.748209351437604 16.554313084119812 False
4127 1379.0723084275166 941.8088090385332 214.9052310763987 52.84914001055197 1364 1390 929 953 351.0 6.71549147053506 3.769715381633678 40.343420057312024 0.8275811037480032 0.09557957185690287 1.0215645875530557 0.0 137.4404229561583 2.1670399 459.30065415328085 7.799640467039239 3.0230117338360905 0.24180910242844558 10.57008845991889 697.8859207342222 12.618134449858683 8.004406352123386 17.479677038487964 29.647782223097927 False
4128 9459.895911255462 941.9089812637455 214.83309955070328 52.79780908209371 9453 9466 938 947 97.0 2.951365656199443 1.8574200224265418 -14.85610894233219 0.777128007538571 0.005021336122246282 1.1841265997042747 0.0 37.7375414801861 1.3123138 53.17625233863074 2.8965498592583296 2.2021686791836337 0.33879377070471434 5.556622981616415 70.25028601839236 4.629726618602388 2.0635868171635465 4.0161440300241225 6.724510015636537 False
4129 9445.280210216943 952.4568021869987 214.83311899547073 52.79795882369408 9428 9463 944 960 417.0 6.72922848548445 3.135220384705413 4.47464594098265 0.8848316815151299 0.09547539278694146 3.6701781298395395 0.0 274.4316955586321 2.7095535 374.0852982465186 5.411303242575062 2.060649406383513 0.4084470173474695 11.521077316754745 415.974332325386 8.465641112114712 3.1828374793549616 7.954150652247511 15.715941689182241 False
4130 9425.596055831125 953.3071412438794 214.8332855549784 52.798088499447246 9421 9430 949 957 68.0 2.3583809371728135 1.9614471865939038 13.891261420282754 0.5552368630281868 0.10565761272228387 0.6491940210542664 0.0 25.039688036331732 1.0258256 101.10594562822868 3.7971503439303786 3.1707254549274184 0.20010964397488598 4.652426491681278 133.0381271355168 6.002703227935528 3.9728338379354344 8.595216435386199 13.172926724179867 False
4131 913.3580548579641 943.6789634191039 214.90937363317641 52.852107105760616 908 918 939 949 95.0 2.3573633042059403 2.271825812997757 -51.047959690614654 0.2669341860464568 0.10552770788162633 1.0911663322389469 0.0 41.62515754411454 0.9942224 75.0015265763216 2.608597898891219 2.498369592447783 0.3255847352314614 5.499039842323396 98.54850482664317 4.1346297375201635 2.3288409040030107 4.927337034630131 10.262067812549944 False
4132 899.5637274040295 947.6694466258447 214.90945496896893 52.8522162272586 893 907 943 952 120.0 3.181722768810821 2.200485190518516 7.689836945119475 0.7222789985558664 0.1477676585529265 1.2365845832326825 0.0 62.10747861458985 1.1802069 105.8352508777285 2.9241079492089233 2.3978194851279757 0.28260862922798297 6.180387232371033 147.12439337265675 4.662779610851068 2.6478560865255165 5.34877626780556 10.230798581066837 False
4133 1723.7976628587494 949.66254913705 214.9020679605106 52.84699350546328 1717 1730 941 960 202.0 3.974838325201787 2.791809455071256 86.81558849364475 0.711811480790817 0.12724015027487706 1.8274071639875904 0.0 121.68963461017844 1.6263006 159.06016038695114 3.093960527273084 1.9603618595246235 0.34644826094897346 8.018640596081465 180.9078138572839 4.930569571025208 2.8170060035315405 5.273512000465307 8.765261526001368 False
4134 1721.3154221758089 964.2948360399364 214.90193629950707 52.84708823347956 1717 1726 956 972 126.0 3.6992488918221835 2.0746069650030123 -86.58993565563524 0.8279388176362176 0.02399772441420453 0.9564035890304843 0.0 56.159841450939346 1.1771698 92.39449482849366 2.942236702872746 2.1897191290325297 0.29152858596321285 6.333012368467128 110.56983330483567 4.626255542727947 2.8916764006003053 5.5559326092509345 9.285503027058441 False
4135 348.07617563326755 958.2658195170866 214.9142731054643 52.855774842511835 346 350 952 965 49.0 3.7400971529645433 0.9533601498693932 88.47409021467851 0.9669667577932515 0.1457668331851238 0.5688650867106009 0.0 17.910143347162034 0.7237745 152.47181910486898 2.9260845083502875 3.467724390102174 0.17384431988151705 3.949327084834294 388.9507652874663 4.808184769197454 6.404516424228113 10.53312832445167 14.741374726991381 False
4136 347.638820937173 970.3742248777703 214.91414970181853 52.85584297790849 346 349 965 975 36.0 2.7383155217321162 0.9656513864648362 82.19425163976011 0.9357574423689144 0.1239259674678005 0.5959828738338219 0.0 12.867868889796608 0.63642144 132.85721597210505 2.6691081583929965 3.629823454438091 0.13676149237286436 3.385137501286538 302.6809213808521 4.338652309315858 6.136942532923383 10.39925651951468 13.568082188951989 False
4137 347.25452516616053 977.2848900979124 214.91408047510467 52.85588272004982 346 349 976 979 12.0 1.0089533229466514 0.909225410862534 77.20740532368164 0.43349273580970477 0.33671703105913203 0.4725546998376628 0.0 4.906853610141852 0.3584943 45.990975176496775 1.5849904657039144 3.5944704851406333 0.0566017790562402 1.9544100476116797 103.19579147872997 2.496901129590706 2.900757549029061 5.319167678549686 7.425062644387672 False
4138 7249.684484849342 997.7277627597358 214.85222451825692 52.81215425211078 7218 7281 966 1024 2806.0 6.987457493246157 6.61837707195305 -0.7508390655395213 0.3207036611703884 0.08959965387406604 168.34957957349718 0.0 9603.295950431526 8.02733 9228.742781545454 7.092031893602149 1.4 0.7982723338855302 29.886076032689814 9915.975054480421 9.4206846261299 2.120803114448976 4.398787395877849 9.822442646236635 False
4139 7280.235599195239 987.2753847654867 214.8520618338645 52.81190378207198 7272 7288 977 997 246.0 4.138915436010899 3.414143622039891 65.35224680825283 0.565295508414904 0.11961246341663004 1.8871704747864002 0.0 136.4506215480711 1.8732315 461.7900217220663 6.08479538248016 3.0787906940881915 0.3164263737447974 8.848967849484623 839.1161289681561 9.54346088723871 6.062138106683901 16.34300190416752 24.094554471365214 False
4140 1123.1422874025113 989.957531025565 214.90701208314294 52.851024895455254 1091 1148 970 1009 1526.0 8.745287335108033 6.154134436585054 -17.724369968964833 0.7104886495135843 0.11267479370247124 30.695766192620223 0.0 2394.004581009222 4.6264653 2699.036187393469 6.474691990041456 1.7228939572279034 0.6419014200237512 22.03953008383946 3054.3926633867018 9.909883178898033 3.065788547800308 7.089563912787165 18.29453670051081 False
4141 1288.6915788391047 998.7248522610812 214.90544037073516 52.85002106299509 1274 1307 981 1010 604.0 7.667959789953246 5.8639883874576695 -34.89825724499624 0.6443401004204456 0.16221979969482783 1.4978338957772772 0.0 352.6900919096472 2.8885255 777.3871281357033 7.70359701549955 2.6795268449241836 0.2495692275467343 13.86575534383214 1380.8512034166504 13.124524733777204 8.36730289068643 16.201275700692506 33.626774452154045 False
4142 1253.9216163282765 1004.7064300119441 214.90568821618288 52.85027411837065 1246 1266 987 1013 277.0 5.923791154480897 3.4094615592675774 -49.775695223446995 0.8177637918675763 0.38784402554161157 3.9763115880317716 0.0 447.3548174994472 1.9027895 525.5382139473747 2.1895391438955834 1.4369894409535968 0.33282234361947904 9.389986074159536 525.9046532052406 2.1916079702454474 3.945918998476067 6.352469762437134 9.434129545878296 False
4143 1223.0315690215532 1012.1674453159978 214.90588583437585 52.85051052234208 1158 1263 968 1041 4227.0 19.651702702607277 11.129743127731958 31.986347086967047 0.8241647908324864 0.09303994981279459 18.54627167272391 0.0 12535.184054684212 8.589944 14873.239453552857 11.161948438290723 1.6187900906079062 0.5098764304282547 36.681001743394134 15828.226647707063 16.03966684819246 12.045852164224602 20.474501303824294 32.26194425895308 False
4144 1275.0004585842564 1016.3617197618263 214.9053772898154 52.85020318169981 1256 1317 973 1035 1628.0 12.172845761939644 10.293405798894225 -86.07234847124725 0.5338108761161457 0.0921457503322777 8.332950391995634 0.0 2498.7108377790782 4.978074 3349.722171833475 8.13502105689508 1.9177095037256204 0.4953426638689224 22.764193258431348 4080.1504664932963 14.118677726777157 8.615555613680167 13.838880665956749 30.33959377947863 False
4145 1188.3197954795262 1017.3561063322966 214.90614150208546 52.85075892787977 1145 1207 974 1034 1166.0 14.282783871985345 5.559257547861961 43.718036597239205 0.921141501080952 0.0881408108405098 10.22483920616679 0.0 4236.851563656868 4.6179953 5284.051137582879 5.441122556725123 1.6028960281873048 0.3827193013383523 19.265236237593868 5613.261594496475 7.759402076643888 7.9576005377788395 12.947904189019534 19.317099459881852 False
4146 1178.35393066445 1031.3995351532485 214.9060829122561 52.850897999444555 1164 1191 1014 1045 348.0 7.227357574860236 4.76422148276363 61.033152036781864 0.7519740425786353 3.830694624231149 10.862919726684956 0.0 2062.178264282154 2.8949215 2561.679931337494 3.247556333858455 1.428304606820583 0.11388530041907385 10.524820207108489 2594.5975198161104 3.267858813554901 4.9986647397461565 8.43910559711191 12.273949560760805 False
4147 1149.02606078559 1031.5134259850229 214.9063438237797 52.8510848306186 1097 1175 986 1064 3480.0 16.514811899470594 12.154670209368291 -40.48272891185224 0.6769967654250212 0.14162405230907218 11.416542209860099 0.0 8131.919260569188 7.479732 9796.11050507806 10.034480382010877 1.8259643236481338 0.43337208367632296 33.282403818227905 11327.44038206316 17.57237970194455 11.911008574637833 19.896739697965483 30.010185517370566 False
4148 1209.2203920764418 1032.7987669243555 214.90579234307947 52.850709564808746 1200 1218 1026 1038 149.0 3.911612178038636 2.908404914459185 -3.8503052718739728 0.6687014670218727 4.773154293409222 8.676556118135439 0.0 944.4087979049716 1.923517 1032.0926240211256 2.014362964938894 1.4 0.07988203727908666 6.886811529393324 1032.0926240211256 2.014362964938894 2.919516012272207 4.847521197246268 6.413110705388024 False
4149 1314.5683721726073 1026.2999298303405 214.90491918450755 52.8500055796263 1299 1337 992 1052 1319.0 12.587899671277228 6.861089849824868 -75.86241825173408 0.8384006935409095 0.12155771747625424 5.025026900601848 0.0 1107.7625308078323 4.4142346 1718.2745528097055 9.160022076446737 2.2217998018105383 0.40535886784637293 20.49025963418765 2391.5722698814616 15.220241856693642 8.825874338600695 15.741745805351467 34.311139608257214 False
4150 1285.1908636227263 1046.9841781457362 214.90496424742147 52.85030374651474 1270 1314 1018 1066 1185.0 8.512929781307365 8.293543465829408 -78.66365648218587 0.2255609994726189 0.6735418085166908 23.66581173172026 0.0 3615.889027289031 4.5889096 4217.607035320347 5.3270081000786975 1.4091184463994606 0.4156109362408828 19.42156572287085 4230.597343588034 5.348899462995228 6.0003550633289295 11.335753135585232 17.23854223983663 False
4151 1329.3374663737836 1043.60525092125 214.90460524419728 52.85000519819739 1313 1358 1011 1062 1236.0 11.54573169550398 7.070315562903518 -48.1474559196654 0.7905675551400392 0.12261610599862421 4.703785821489293 0.0 962.7579066798453 4.4411335 1528.8960075351927 8.869329644095753 2.217271616811847 0.4271802804645349 19.83509564693766 2061.106693567199 15.115330856806612 7.665551580058126 15.22923409530273 33.12188985494599 False
4152 1218.7207686514173 1045.7394554806897 214.90557137550348 52.850719083489714 1200 1237 1034 1055 521.0 8.442904872055761 4.699554499069855 10.106076827161925 0.830762079513141 4.374215785731708 14.070609268177014 0.0 4374.194842814335 3.85113 5257.3569068122415 4.27493793248341 1.4400084899356729 0.20696136658150208 12.877866698399815 5257.3569068122415 4.27493793248341 5.649225511830957 9.433924669331551 13.225345348874749 False
4153 1120.0442468699916 1067.0366792388556 214.9062293382268 52.85146057206195 1070 1144 1047 1086 1790.0 16.887517442921155 8.074274280327158 4.1469697175677736 0.8782940554952869 0.034671599855036726 4.151772907209936 0.0 1987.4333080792508 4.76476 2992.38214688466 9.852054120593353 2.043582822195615 0.3965991735487402 23.869953838853256 3432.038431351204 16.092490362067025 11.288330017584158 18.243810471454484 40.99353222763084 False
4154 1208.6562595516382 1072.2496547765754 214.90538258540124 52.85092606454399 1143 1252 1034 1110 4130.0 19.026115493467685 12.462812083993231 13.705873323240557 0.7555966904305856 2.3601724911400117 178.05485177041226 0.0 61366.328910615 13.488864 70359.89850069556 14.640156653428823 1.4 0.3626311352550852 36.257686494577335 70366.50170053342 14.641448426525567 9.64986584408616 21.041113546800858 32.85916032464126 False
4155 1297.5725175707046 1077.090409646197 214.90453704807743 52.85038761030158 1281 1324 1058 1095 928.0 10.914795573797013 6.285661517862241 -28.294572063720725 0.8175310700167663 0.6542786115942751 6.08437905107821 0.0 1789.42622273376 3.7432468 2056.2483847818803 4.147693084006975 1.4049959091172186 0.28634418200252815 17.186959427966244 2056.2483847818803 4.147693084006976 7.55506848785967 11.938702898819196 16.820247914665163 False
