outputs/dr0.5_c0.1/nircam3_matched_f277w_f140w_dr0.5_c0.1.ecsv
# %ECSV 1.0
# ---
# datatype:
# - {name: label, datatype: int64}
# - {name: xcentroid, datatype: float64}
# - {name: ycentroid, datatype: float64}
# - {name: sky_centroid.ra, unit: deg, datatype: float64}
# - {name: sky_centroid.dec, unit: deg, datatype: float64}
# - {name: bbox_xmin, datatype: int64}
# - {name: bbox_xmax, datatype: int64}
# - {name: bbox_ymin, datatype: int64}
# - {name: bbox_ymax, datatype: int64}
# - {name: area, unit: pix2, datatype: float64}
# - {name: semimajor_sigma, unit: pix, datatype: float64}
# - {name: semiminor_sigma, unit: pix, datatype: float64}
# - {name: orientation, unit: deg, datatype: float64}
# - {name: eccentricity, datatype: float64}
# - {name: min_value, datatype: float64}
# - {name: max_value, datatype: float64}
# - {name: local_background, datatype: float64}
# - {name: segment_flux, datatype: float64}
# - {name: segment_fluxerr, datatype: float32}
# - {name: kron_flux, datatype: float64}
# - {name: kron_fluxerr, datatype: float64}
# - {name: kron_radius, unit: pix, datatype: float64}
# - {name: gini, datatype: float64}
# - {name: equivalent_radius, unit: pix, datatype: float64}
# - {name: kron4_2_flux, datatype: float64}
# - {name: kron4_2_fluxerr, datatype: float64}
# - {name: kron4_2_mag, datatype: float64}
# meta:
#   PHOTMJSR: 2.962800025939941
#   PIXAR_SR: 2.11539874851881e-14
#   __serialized_columns__:
#     area:
#       __class__: astropy.units.quantity.Quantity
#       unit: !astropy.units.Unit {unit: pix2}
#       value: !astropy.table.SerializedColumn {name: area}
#     eccentricity:
#       __class__: astropy.units.quantity.Quantity
#       unit: !astropy.units.Unit {unit: ''}
#       value: !astropy.table.SerializedColumn {name: eccentricity}
#     equivalent_radius:
#       __class__: astropy.units.quantity.Quantity
#       unit: !astropy.units.Unit {unit: pix}
#       value: !astropy.table.SerializedColumn {name: equivalent_radius}
#     kron_radius:
#       __class__: astropy.units.quantity.Quantity
#       unit: !astropy.units.Unit {unit: pix}
#       value: !astropy.table.SerializedColumn {name: kron_radius}
#     orientation:
#       __class__: astropy.units.quantity.Quantity
#       unit: &id001 !astropy.units.Unit {unit: deg}
#       value: !astropy.table.SerializedColumn {name: orientation}
#     semimajor_sigma:
#       __class__: astropy.units.quantity.Quantity
#       unit: !astropy.units.Unit {unit: pix}
#       value: !astropy.table.SerializedColumn {name: semimajor_sigma}
#     semiminor_sigma:
#       __class__: astropy.units.quantity.Quantity
#       unit: !astropy.units.Unit {unit: pix}
#       value: !astropy.table.SerializedColumn {name: semiminor_sigma}
#     sky_centroid:
#       __class__: astropy.coordinates.sky_coordinate.SkyCoord
#       dec: !astropy.table.SerializedColumn
#         __class__: astropy.coordinates.angles.Latitude
#         unit: *id001
#         value: !astropy.table.SerializedColumn {name: sky_centroid.dec}
#       frame: icrs
#       ra: !astropy.table.SerializedColumn
#         __class__: astropy.coordinates.angles.Longitude
#         unit: *id001
#         value: !astropy.table.SerializedColumn {name: sky_centroid.ra}
#         wrap_angle: !astropy.coordinates.Angle
#           unit: *id001
#           value: 360.0
#       representation_type: spherical
#   astropy version: '5.1'
#   kernelfile: kernel_f277w_f140w.fits
#   make_catalog parameters:
#     ab_zpt: 31.4
#     coadd_bands: !!python/tuple [f277w, f356w]
#     deblend_contrast: 0.001
#     deblend_nlevels: 32
#     deblend_npixels: 1
#     detect_kernel_fwhm: 4.0
#     detect_kernel_npix: 7
#     detect_npixels: 4
#     detect_threshold_nsigma: 3.0
#     flag_isolated_buffer: 4
#     hst_bands: !!python/tuple [f606w, f814w, f125w, f140w, f160w]
#     jwst_bands: !!python/tuple [f115w, f150w, f200w, f277w, f356w, f410m, f444w]
#     near_border_kernelsize: 21
#     reference_band: f200w
#   make_catalog version: 1.4.0
#   photutils version: 1.5.0
# schema: astropy-2.0
label xcentroid ycentroid sky_centroid.ra sky_centroid.dec bbox_xmin bbox_xmax bbox_ymin bbox_ymax area semimajor_sigma semiminor_sigma orientation eccentricity min_value max_value local_background segment_flux segment_fluxerr kron_flux kron_fluxerr kron_radius gini equivalent_radius kron4_2_flux kron4_2_fluxerr kron4_2_mag
[from data line 2333]
2334 2729.672969141483 3060.2501702472164 214.8186590991681 52.87040943808916 2726 2733 3056 3065 60.0 2.312303426408078 1.8855066812535648 79.75286762985687 0.5788647728168843 0.19507922989093954 0.33216267444010444 0.0 15.545189720543464 7397341400000.0 66.68449713807107 27639561218908.06 3.1280935395970877 0.08877133350182093 4.370193722368317 103.23880965163735 44223297950252.89 26.365392528838093
2335 3146.1451819486583 3063.8641234017905 214.8149028461186 52.86778174116485 3142 3151 3056 3072 121.0 3.909855259679852 2.1045379967504187 76.19736837445095 0.842775686124654 0.1995224431954719 0.5472410395682754 0.0 42.56902500825098 18.77719 86.22799997269966 51.69319874361943 2.345772083445504 0.1540129186737345 6.206085419025319 79.91540955638575 87.63394544381748 26.643423676244087
2336 6877.221263863526 3066.3369226156133 214.78158657539 52.844074474423735 6873 6881 3060 3072 91.0 3.1982757833254687 2.024659621317404 87.18072567846373 0.7741131740317821 0.21985287483855784 0.46647581340830346 0.0 30.45552983648062 9110049000000.0 76.71804775501948 28378637235358.938 2.635376124201538 0.11977771861014447 5.382025607773058 88.95502795094444 45405819576574.305 26.527073748808547
2337 3482.7553351535444 3068.0855003721235 214.8118535256446 52.86566484827006 3478 3487 3061 3073 82.0 3.264383336480111 2.011260045992405 -58.359212207725456 0.7876503386808471 0.18203188250620708 0.28725238991383856 0.0 19.54607654604719 12.071607 138.60844088519903 53.762205438287744 3.49113196777617 0.06473682919577606 5.108953969950291 222.35942040015877 85.20589511986731 25.532361166649135
2338 9109.111678153056 3064.8984229328676 214.76170523560273 52.829872872970505 9106 9112 3061 3069 50.0 2.113221839083424 1.6911657539052765 -84.89283239822436 0.599628644677823 0.212286999608917 0.4026752850610262 0.0 14.977170080344504 10.595725 45.4472860101241 33.155242307312115 2.843511329100718 0.10312677283156123 3.989422804014327 62.39845945319102 53.61125794228801 26.912065331051842
2339 404.98959867270963 3065.0127234080996 214.83937169034664 52.88520908327213 404 406 3064 3066 9.0 0.8128550911861132 0.8084274066727685 41.00398439513822 0.10423283524823033 0.16093990419920948 0.18313257282132464 0.0 1.5587206728631855 4.1669035 13.852235132089092 17.261951606109623 3.5386288782396274 0.02159427066179274 1.692568750643269 19.026925698349416 26.896772517109017 28.20157844442975
2340 8972.00598673778 3075.6785561526704 214.76281362316587 52.8308029461821 8964 8980 3065 3087 255.0 5.082494996759261 3.1026423557759912 -59.306300146049814 0.792049747076767 0.2306971666426878 1.1676416760505868 0.0 148.52479024652484 20.636873 234.5650721476777 46.71396919007782 2.0439101142668257 0.23483426236869412 9.009385160867895 245.95829354989587 75.09154795150982 25.422846321842446
2341 9184.919813354456 3068.2915166175417 214.76099394289213 52.82940897709019 9181 9188 3065 3071 40.0 2.107047107079218 1.4251110542733394 -41.32212525221886 0.7365761483565163 0.22247637546668567 0.3221507954542463 0.0 10.90902894041154 8.099697 42.26150005860647 30.642661382639968 3.0368899273493883 0.06208427875227519 3.5682482323055424 55.3856171429445 48.44722550371529 27.041507501826622
2342 10066.476963092384 3069.96735345735 214.7531213017708 52.82381071634818 10060 10073 3065 3075 129.0 3.167487746776894 2.525383551337583 -6.459394956477166 0.6036059234608202 0.27409498230543494 1.1225817948358165 0.0 75.61610007604531 14.70615 118.704323233656 33.50297900073801 2.0733936406986206 0.22408789399226484 6.407961869245868 124.81594846394881 53.86497870715558 26.159324796903213
2343 4003.7900174780852 3069.7567262041644 214.80718531093748 52.86236177840911 4001 4006 3067 3072 29.0 1.5204981815573244 1.4306092726671553 41.589537076269636 0.33873467878136115 0.16917819100521342 0.24372952582190124 0.0 5.91389366643125 6.86957 24.846083360376888 26.095017238766257 3.108930186601631 0.06392979022116071 3.0382538898732494 28.08493815955262 42.03931787374075 27.778816320158096
2344 8260.778069522119 3071.717059674694 214.76919450306735 52.83530501608058 8258 8264 3069 3074 32.0 1.6105433656609385 1.508749929977754 -16.741685734127998 0.34987714101528433 0.22093022654511987 0.3144949239168912 0.0 8.82105632410379 7.2080994 54.11660840361476 31.39558511359892 3.4764317334694668 0.04862869161499779 3.1915382432114616 75.99687341370279 50.653409613560875 26.698010686637083
2345 7594.055167364058 3081.2370103570192 214.77503798143135 52.83959632824048 7586 7602 3070 3094 326.0 5.457762919614789 3.4263427757343203 -72.72570481789784 0.7783807184730063 0.23657450401294847 1.8004308433698968 0.0 243.009622202988 17242841000000.0 324.0406196002091 33652077419441.094 1.8389680262881585 0.2897049115147239 10.186708148166206 350.44313689918727 53843323871105.74 25.03845610212018
2346 8333.197532025062 3073.3969297974622 214.76853128301784 52.83485349064385 8332 8334 3073 3074 5.0 0.771200438379628 0.4471528371114128 18.422955285860123 0.8147488484858639 0.20177958099862678 0.2107334241896529 0.0 1.0253988345071354 2.8708987 13.898154643722144 13.495246139170046 3.923793877000071 0.009604648820075556 1.2615662610100802 24.129077887150018 21.913091360736164 27.943648186750462
2347 2784.329156510722 3077.911450550075 214.81798514026127 52.870157222047595 2780 2789 3074 3083 53.0 2.869960991243918 1.4942824245795199 -42.13016938138118 0.8537623016070447 0.18658136453742874 0.26504475727625204 0.0 11.89046421819712 6952451600000.0 173.98016915129142 33335960162962.477 3.804027637632277 0.05471369199081905 4.1073621666150775 356.7362342925554 53337536260739.97 25.019131941021218
2348 7275.687612300807 3083.235808129374 214.7778555300011 52.84163165811366 7266 7283 3074 3092 238.0 4.4102904552652 3.4639187637458946 51.96684737163853 0.6189665120129144 0.22128820008415248 0.8983911869140813 0.0 120.65768225253328 14732907000000.0 193.52435142276778 36123494879017.86 2.1840237245051917 0.21162034808122174 8.703892974511014 219.51256755261608 57780511920788.86 25.546351526111508
2349 3091.592981440016 3080.7258103899653 214.81521230441032 52.86821936011745 3086 3098 3076 3086 104.0 3.040525409902685 2.3097174728696173 -23.03516442494009 0.6503389110747042 0.2020855979390652 0.5614260262303218 0.0 36.71923372413629 9739052000000.0 75.67036570354983 27198622457344.566 2.4253710891569646 0.16015249004421983 5.753627391751592 70.46067745613145 42306107835410.67 26.780132963841908
2350 2059.417996194194 3079.5435272544837 214.82444082102393 52.874773444177045 2057 2062 3077 3082 33.0 1.5990683090382445 1.506707752566986 -47.65876410324365 0.334935609596221 0.15306547863157322 0.2566531054529363 0.0 6.896607050594629 5486015000000.0 26.966918271456453 20010123669108.465 3.046399036459962 0.07742349048550286 3.2410224072142872 43.92378290712734 32016197870573.543 27.293250659046194
2351 6738.002407401311 3081.496263820767 214.7826684912641 52.845041386747624 6737 6739 3080 3083 8.0 0.8545393510584348 0.7063036141695794 -89.89723669996683 0.5628906015995382 0.1866714707028223 0.20499140182532555 0.0 1.5645009170836772 2701127000000.0 17.929616040858598 12650078117482.93 3.847835490969505 0.019224558696030566 1.5957691216057308 26.834763846831148 20240124987972.688 27.828255555672136
2352 3038.2473054487104 3086.3427739273243 214.8156294025987 52.86858871056866 3035 3041 3082 3091 49.0 2.300748161500867 1.5888313000758971 74.84510370891172 0.7232640518444841 0.2088065633242415 0.331070349458865 0.0 13.037664922201614 6684949000000.0 47.964417985716366 24320131438800.47 3.0059206970055654 0.07751050510887288 3.949327084834294 68.04205836539151 38912210302080.75 26.818056392145667
2353 3307.328544906799 3084.005637615295 214.8132518647323 52.866865739183105 3305 3309 3082 3086 17.0 1.1491525500000583 1.1208852478288005 89.25012281297704 0.22043524784182775 0.1346873548366726 0.1765905871746088 0.0 2.6118522223160316 12.212314 14.445418442071292 89.44283379157952 3.281827172229731 0.0515336325834627 2.326213245840639 19.44929451072183 7198860170298.087 28.177740368320922
2354 9408.83512530153 3087.047140046886 214.75880114184707 52.8280857592108 9407 9411 3085 3089 21.0 1.220715639816778 1.1999324023250721 -85.19581195915356 0.18374177843192738 0.2345852147590342 0.49569115032130795 0.0 7.702557722889853 5.777448 17.072754612586152 16.43499125782061 2.409474316848624 0.1272797211655829 2.5854414729132054 12.490518756798322 26.552227785693884 28.658548810282344
2355 8930.298019393376 3087.474719635811 214.7630611489328 52.8311317335108 8928 8932 3086 3089 15.0 1.265413087523405 0.8940437176108162 31.623148392607938 0.7076898703333631 0.18702927007682305 0.2306466677355667 0.0 3.1565234391014014 4.899533 20.749170982878923 21.194372722160598 3.452319463497583 0.03726715109346355 2.1850968611841584 23.856748951513307 33.83714572822095 27.955971848920804
2356 2931.3699543907055 3089.68340671543 214.81654839626128 52.86928605109614 2928 2934 3087 3092 33.0 1.6650681199047004 1.4491707012480048 -25.204874627394435 0.4924562756497557 0.17795001030702354 0.29114867887868634 0.0 7.6153180265284615 5486015000000.0 33.61933776744766 20872089197366.32 3.1752299540743243 0.08240050494902615 3.2410224072142872 57.332561359027686 33395342715786.11 27.00399663870637
2357 4085.0219884057383 3095.0763960605395 214.80619372026183 52.86198182148201 4078 4093 3088 3101 143.0 3.9559261672177803 2.352403881876187 42.39280504575667 0.803982371467785 0.19162431895858664 0.7098261332359052 0.0 57.796194932332895 15.857311 112.13610391610833 42.70946503434493 2.3789430724376177 0.190118256748478 6.746726148605861 118.39186939771241 67.4460121578759 26.216695304779243
2358 2082.9367865730824 3093.3868009667785 214.82408502300464 52.87469858079227 2081 2085 3090 3097 37.0 2.111156064938766 1.3199237680150275 86.02480564790997 0.7804535770123293 0.17691800181423248 0.23456973767058292 0.0 7.539342551863859 5808993600000.0 33.88257704283069 22239391193311.03 3.148279896272317 0.04886386770982477 3.431831258788849 51.165167545616725 35583025909297.65 27.127563998481328
2359 6233.911527094132 3093.1438644906143 214.78704162630365 52.84830942558682 6233 6235 3092 3094 8.0 0.8537433185183477 0.6820478440230139 43.9229619323682 0.6014758414162298 0.15607239577164744 0.19070803583267892 0.0 1.4179187495951984 5.0807853 11.432892454340173 20.87969536970835 3.6270398594920388 0.03952029358155648 1.5957691216057308 12.88972655023594 32.64609527182699 28.624390739778494
2360 8147.028477306829 3096.2782291915696 214.76994990632457 52.83616069400452 8143 8151 3093 3099 47.0 2.1521877430047733 1.6057177006883974 17.881570711981187 0.6658493034708797 0.17404807979007253 0.2952634592898234 0.0 11.17225223837397 9.453107 38.27088960688455 32.009734690485836 2.9502470090649493 0.08319912345945442 3.8678889139475245 54.113940095608186 50.98971290237914 27.06672710864094
2361 8481.085451645582 3096.7718546433935 214.76696699883036 52.834038814985334 8475 8488 3093 3100 86.0 3.401836165615214 1.8152797758134949 11.447841864144156 0.8457258525019898 0.21627206313616393 0.42414347878699055 0.0 26.993691675402122 11.964845 87.66354390745184 41.80136578422797 2.961123432596836 0.1060649386260346 5.232078956954491 83.77778748365037 67.38166716417827 26.59217778313853
2362 702.2324575864371 3098.768464365614 214.83636062378656 52.88350220339338 697 708 3094 3104 101.0 2.930698670690065 2.3492383879427234 -42.6318603022552 0.5978651419096648 0.24062824720675893 0.6374545631545252 0.0 40.023350587771745 13.176501 127.08141008939059 45.833669193932174 2.9535074269582897 0.1575994279520131 5.670035141386943 163.15568943652264 73.63739584686063 25.8684944430935
2363 8397.469822221825 3096.168911986679 214.76771865040342 52.83456735431358 8396 8399 3095 3098 11.0 1.128845599249086 0.745963860152568 -40.69855880130386 0.7505443340281566 0.16679594286543417 0.18410709153821586 0.0 1.9406316936897472 4.213442 19.741437746496622 19.354174964158943 3.691810244987174 0.017943757349653987 1.8712051592547776 24.266574942764812 31.069759964415056 27.937478792423814
2364 6698.755586445612 3096.985895875002 214.78285541429406 52.845374376754826 6698 6699 3096 3098 4.0 0.7071211900685883 0.4296951067946722 -89.3736874948777 0.7941909591356141 0.19548522013998668 0.20682969919847793 0.0 0.8043376714318626 1909985200000.0 12.565606917469866 9313913597400.287 3.99291542191253 0.017767882149137913 1.1283791670955126 18.247696637558313 14902261755840.459 28.246979869214748
2365 9568.122387251413 3102.4815849087113 214.7572192995331 52.82715569770043 9562 9574 3097 3108 125.0 2.976437343831172 2.7713164196548825 9.713897590441329 0.36480208744415776 0.24091149570773593 0.7151889433534588 0.0 54.81180978352826 14.490416 100.14005710508461 37.936198220064476 2.298749244713843 0.17329870940707884 6.3078313050504 124.18808819711141 60.315101703697444 26.164800146436388
2366 7340.579650940804 3103.043284419487 214.77706839346456 52.841325678479336 7336 7345 3098 3108 75.0 2.699643334833478 1.993042336061864 -43.551387994384086 0.6745147717899437 0.21269554777185978 0.3899311008482959 0.0 21.982849062350603 8270479000000.0 52.343046776868434 24702710225505.402 2.5166231234344476 0.1014506696831452 4.886025119029199 54.247445670469304 39524336360808.64 27.06405176615651
2367 9622.715165034042 3101.6116590307543 214.75674201190026 52.82680376781825 9619 9626 3099 3104 39.0 1.9452877605559546 1.4870769693515855 5.691624777557679 0.6446819598226119 0.1914924343152909 0.29963251353172743 0.0 9.745113053701765 8.085378 41.38261809710497 31.12583287007419 3.118406077679198 0.06463876903902005 3.523362819972964 54.46702802306391 50.665661174448374 27.059665803069084
2368 8743.934584336352 3105.6441520618087 214.76453082207303 52.83241486694202 8735 8753 3100 3111 177.0 4.2715306851881625 2.6530502669559177 -13.209502774985056 0.7837308504823824 0.26786832596018606 0.9515015208679453 0.0 94.92951988832667 17.160406 207.56208201169778 52.68489040223915 2.613025509071752 0.19918531916725257 7.506054213402069 242.1833553146719 83.08757947456317 25.43963927048232
2369 8636.79978297909 3108.2726043980647 214.7654580217434 52.83311040432382 8631 8643 3101 3115 151.0 3.215760316052568 3.099324851726345 72.96566038093205 0.2666542894360241 0.2641197373130889 0.8381233328145864 0.0 75.53994068499281 15.863759 139.84117149039048 42.870482615909864 2.3064441724181175 0.17655055542712966 6.93287767191607 145.8145249331224 68.28892206866205 25.990498031881316
2370 9281.150085315778 3107.7113993552366 214.75972142014055 52.82900915745792 9275 9288 3101 3114 152.0 3.1994034820149544 3.0250211384513346 -48.70545855867233 0.3256355774155945 0.25519980605356185 0.9814173878599742 0.0 81.95392160958674 15.803021 137.87731745299374 39.39561535953633 2.2081808966061773 0.20397881553271874 6.955796338302048 150.89132711760334 63.662560807391706 25.953339304358444
2371 3847.087022512254 3113.1393416565634 214.80812712957098 52.86359168045972 3839 3855 3104 3123 248.0 4.487705035265909 3.49665209640755 68.89173765474294 0.6268218109276276 0.2418077077034111 0.928660784165123 0.0 120.59702677683059 20.60301 217.79928565427298 53.12407792288664 2.3147683072411107 0.2114853241662396 8.884866446580956 247.10627442391862 85.5583046941561 25.417790567564314
2372 7082.286280086342 3106.7600699664904 214.77933237640283 52.84298820327694 7080 7085 3104 3109 26.0 1.4647290676988527 1.340932818079277 -86.21446765831705 0.40235936118192195 0.22544759047676685 0.31634192817209766 0.0 7.082909773861624 4869526000000.0 32.86200307448821 18865063344858.977 3.1809815046652137 0.05525903038912421 2.876813695875796 37.179271563902475 30184101351774.36 27.474247808524115
