outputs/dr0.5_c0.1/nircam2_f150w_dr0.5_c0.1.ecsv
# %ECSV 1.0
# ---
# datatype:
# - {name: label, datatype: int64}
# - {name: xcentroid, datatype: float64}
# - {name: ycentroid, datatype: float64}
# - {name: sky_centroid.ra, unit: deg, datatype: float64}
# - {name: sky_centroid.dec, unit: deg, datatype: float64}
# - {name: bbox_xmin, datatype: int64}
# - {name: bbox_xmax, datatype: int64}
# - {name: bbox_ymin, datatype: int64}
# - {name: bbox_ymax, datatype: int64}
# - {name: area, unit: pix2, datatype: float64}
# - {name: semimajor_sigma, unit: pix, datatype: float64}
# - {name: semiminor_sigma, unit: pix, datatype: float64}
# - {name: orientation, unit: deg, datatype: float64}
# - {name: eccentricity, datatype: float64}
# - {name: min_value, datatype: float64}
# - {name: max_value, datatype: float64}
# - {name: local_background, datatype: float64}
# - {name: segment_flux, datatype: float64}
# - {name: segment_fluxerr, datatype: float32}
# - {name: kron_flux, datatype: float64}
# - {name: kron_fluxerr, datatype: float64}
# - {name: kron_radius, unit: pix, datatype: float64}
# - {name: gini, datatype: float64}
# - {name: equivalent_radius, unit: pix, datatype: float64}
# - {name: kron4_2_flux, datatype: float64}
# - {name: kron4_2_fluxerr, datatype: float64}
# - {name: radius_kron20, unit: pix, datatype: float64}
# - {name: radius_kron50, unit: pix, datatype: float64}
# - {name: radius_kron80, unit: pix, datatype: float64}
# - {name: near_border, datatype: bool}
# meta:
#   PHOTMJSR: 2.251199960708618
#   PIXAR_SR: 2.11539874851881e-14
#   __serialized_columns__:
#     area:
#       __class__: astropy.units.quantity.Quantity
#       unit: !astropy.units.Unit {unit: pix2}
#       value: !astropy.table.SerializedColumn {name: area}
#     eccentricity:
#       __class__: astropy.units.quantity.Quantity
#       unit: !astropy.units.Unit {unit: ''}
#       value: !astropy.table.SerializedColumn {name: eccentricity}
#     equivalent_radius:
#       __class__: astropy.units.quantity.Quantity
#       unit: !astropy.units.Unit {unit: pix}
#       value: !astropy.table.SerializedColumn {name: equivalent_radius}
#     kron_radius:
#       __class__: astropy.units.quantity.Quantity
#       unit: &id001 !astropy.units.Unit {unit: pix}
#       value: !astropy.table.SerializedColumn {name: kron_radius}
#     orientation:
#       __class__: astropy.units.quantity.Quantity
#       unit: &id002 !astropy.units.Unit {unit: deg}
#       value: !astropy.table.SerializedColumn {name: orientation}
#     radius_kron20:
#       __class__: astropy.units.quantity.Quantity
#       unit: *id001
#       value: !astropy.table.SerializedColumn {name: radius_kron20}
#     radius_kron50:
#       __class__: astropy.units.quantity.Quantity
#       unit: *id001
#       value: !astropy.table.SerializedColumn {name: radius_kron50}
#     radius_kron80:
#       __class__: astropy.units.quantity.Quantity
#       unit: *id001
#       value: !astropy.table.SerializedColumn {name: radius_kron80}
#     semimajor_sigma:
#       __class__: astropy.units.quantity.Quantity
#       unit: !astropy.units.Unit {unit: pix}
#       value: !astropy.table.SerializedColumn {name: semimajor_sigma}
#     semiminor_sigma:
#       __class__: astropy.units.quantity.Quantity
#       unit: !astropy.units.Unit {unit: pix}
#       value: !astropy.table.SerializedColumn {name: semiminor_sigma}
#     sky_centroid:
#       __class__: astropy.coordinates.sky_coordinate.SkyCoord
#       dec: !astropy.table.SerializedColumn
#         __class__: astropy.coordinates.angles.Latitude
#         unit: *id002
#         value: !astropy.table.SerializedColumn {name: sky_centroid.dec}
#       frame: icrs
#       ra: !astropy.table.SerializedColumn
#         __class__: astropy.coordinates.angles.Longitude
#         unit: *id002
#         value: !astropy.table.SerializedColumn {name: sky_centroid.ra}
#         wrap_angle: !astropy.coordinates.Angle
#           unit: *id002
#           value: 360.0
#       representation_type: spherical
#   astropy version: '5.1'
#   make_catalog parameters:
#     ab_zpt: 31.4
#     coadd_bands: !!python/tuple [f277w, f356w]
#     deblend_contrast: 0.001
#     deblend_nlevels: 32
#     deblend_npixels: 1
#     detect_kernel_fwhm: 4.0
#     detect_kernel_npix: 7
#     detect_npixels: 4
#     detect_threshold_nsigma: 3.0
#     flag_isolated_buffer: 4
#     hst_bands: !!python/tuple [f606w, f814w, f125w, f140w, f160w]
#     jwst_bands: !!python/tuple [f115w, f150w, f200w, f277w, f356w, f410m, f444w]
#     near_border_kernelsize: 21
#     reference_band: f200w
#   make_catalog version: 1.4.0
#   photutils version: 1.5.0
# schema: astropy-2.0
label xcentroid ycentroid sky_centroid.ra sky_centroid.dec bbox_xmin bbox_xmax bbox_ymin bbox_ymax area semimajor_sigma semiminor_sigma orientation eccentricity min_value max_value local_background segment_flux segment_fluxerr kron_flux kron_fluxerr kron_radius gini equivalent_radius kron4_2_flux kron4_2_fluxerr radius_kron20 radius_kron50 radius_kron80 near_border
[from data line 4003]
4004 6405.65963539452 2171.574200041553 214.90364389108638 52.89700885904011 6384 6429 2161 2182 717.0 8.120357206933795 3.2856925611562877 8.384530111397167 0.914483080407635 -0.21186848219392426 8.799968255669924 0.0 585.386544289586 8.536378 714.5512812355726 13.922684778998299 1.9457173782607522 0.5741370394994972 15.10722305368455 795.6336517347064 22.098817279504857 2.9176095152649473 7.575996892203962 16.28161900582038 False
4005 1965.4660604716366 2195.4333466447342 214.94314184614547 52.92532473380141 1921 2008 2150 2248 5503.0 18.23111380837046 15.009943620594184 82.32099265476369 0.5675851818474439 -0.2725579299088797 11.425025094514487 0.0 5339.8217836938675 25.43813 6046.8055416377265 34.00220854613138 1.4051524064313925 0.4386484686544048 41.85282909994736 6117.871935433906 54.22118600062517 10.398627395991623 22.034289308908292 35.35996074200301 False
4006 2004.561968575868 2175.381790157318 214.94300272605463 52.92496831964166 1999 2013 2166 2185 162.0 4.446806036053326 2.526839942368348 57.76840135979389 0.8228649071298056 -0.23948813620520018 1.0313370629358902 0.0 51.86147109483575 4.383538 194.42534926324296 15.277168721277897 3.1798622847033338 0.3556146885828268 7.1809610472257885 250.52827482427512 24.698043673959646 6.080188493784217 15.620856585993563 28.189913147190218 False
4007 1924.2646401830004 2198.167453310889 214.94348214362788 52.92560099021313 1917 1931 2189 2209 191.0 4.471734786952101 3.023345991302045 75.96892356377217 0.7368086216056163 -0.06315463816378092 0.8547491630530901 0.0 59.19314184200461 4.622754 181.86643529945752 16.53540368681312 3.169006538292357 0.2956913032727432 7.797255174810172 223.50259329745748 26.723766507253984 5.674282877663374 13.890380761942627 22.94046730129056 False
4008 2004.085932791435 2205.2437072366943 214.94269261363524 52.92513260470298 1994 2016 2183 2223 491.0 8.037355873042461 3.969215191504949 -60.46691367108356 0.8695494428699737 -0.20786780670308794 1.8867023749370466 0.0 213.63652869883367 7.5256596 359.50510076857984 17.948589752819423 2.1979602517709385 0.4080065628885064 12.501606061472312 373.8957433977389 28.800786719747265 5.3945007825683255 10.678276866690569 19.831831185731005 False
4009 1991.083945751097 2220.886396960159 214.94264440106758 52.925299599709106 1982 2006 2213 2236 314.0 5.3181958239336105 4.079896596765346 35.33265000272518 0.6414581568669692 -0.28677348441038614 1.7613614669851565 0.0 172.1711882932159 6.0166774 262.1195262349087 12.648739397012932 2.2137107670733185 0.34237526344923086 9.997464891746821 287.0486716686385 21.654558699730465 4.484933853962271 7.703738713343809 16.69141929804128 False
4010 1942.728076121339 2227.5081366652157 214.9430078562626 52.925642259045645 1923 1959 2208 2246 617.0 7.626675259391156 4.7741984609211965 47.26244521178526 0.7798336086448755 -0.09603516831041388 5.951319145240644 0.0 435.7863396154754 8.37976 674.9839565060857 18.392690190816804 2.175669410348187 0.4349679271686918 14.01417852659937 746.4991184076458 29.95903148228638 4.303756231657746 10.424723464613955 21.84245605202583 False
4011 1929.4732557827726 2224.5893366675377 214.94315732133114 52.925710620559016 1923 1934 2213 2233 137.0 4.3655310674982335 2.26494732708967 60.84174181628365 0.8548803775295905 -0.015139630163536833 1.686287541097716 0.0 66.88159799269413 3.916516 183.090312349927 12.472405371788739 2.7591634324755736 0.381319107060636 6.6036697681803656 222.39186822674552 19.92093364335083 4.086558318911662 9.66049450334552 16.685082621939586 False
4012 10215.480326137262 2198.310476301637 214.86929769075064 52.87295713911134 10174 10260 2158 2238 4849.0 14.028303550202185 12.172306378453545 -22.84931716899574 0.4970947781541304 -0.3022789558455797 58.64079040414072 0.0 12192.065232182938 25.818188 13248.670525141051 34.12863829430598 1.6533839772238854 0.5955037586668251 39.287207054016974 14705.885122932097 53.2910436454928 7.085485948024484 15.451274108410121 27.21254131419307 False
4013 10229.076307885927 2222.497231650425 214.8689216459438 52.873001232748514 10210 10251 2212 2239 667.0 7.0889654562582844 4.3954644393224305 -38.77254579106325 0.7845677139730327 -0.12121942023662695 9.740551995834815 0.0 1192.6897037867013 9.197717 1588.8912055971855 16.540993264231684 2.0935720694889293 0.5194871669893405 14.57095378088162 2239.6831885427337 27.666569546084162 3.968226554424632 8.539942249798589 15.726506090790105 False
4014 3168.1690827788934 2184.918946403923 214.93248070620672 52.917634314158846 3165 3171 2183 2189 27.0 1.937359949935179 1.044328347049692 21.254131295892915 0.8422755944615742 -0.19344515227674952 0.5858776419222542 0.0 7.406567455408549 1.6567965 25.827301358420197 5.9461434818822925 2.920049954546083 0.28941902317259366 2.9316150714175193 35.57827911573541 9.446453727578207 2.4000468465960325 4.733703180315213 7.096313588849901 False
4015 3183.0220222999315 2217.635740849365 214.93200328522494 52.917716685675785 3161 3208 2190 2244 1804.0 8.920501125645565 5.787681683268066 65.42193404169933 0.7609531863128314 -0.30760381782866475 21.187706995190958 0.0 2498.6325405221446 14.436577 2543.5845592982478 15.533981542427858 1.4473430183866582 0.6811676973969343 23.96311821686732 2731.4911304809 24.181579490900933 3.4214784936864686 7.468469185882819 14.565945271567108 False
4016 3184.247309164165 2266.39641039353 214.93147899420566 52.917972183425235 3165 3203 2245 2282 933.0 5.871508341875258 4.400542147699344 5.055479252742092 0.6620339121474841 -0.3260019291168742 19.512601227915237 0.0 1094.9494612019362 10.346779 1119.5854856019307 11.445458227829718 1.5127414855686767 0.6864585091853254 17.233198304710495 1226.4436922954073 17.813646318863793 2.402515117161189 5.067262028690048 9.818291190691289 False
4017 1067.7104822899523 2205.5579461064003 214.95107833586303 52.93107690186041 1053 1081 2197 2213 353.0 5.285846871813983 3.0100824164203734 -0.28845395665816936 0.8220185121381183 -0.08682668608849815 3.2788858601036073 0.0 305.9836909271153 6.4729424 373.36315367697574 10.956010419678819 1.8227996799508124 0.46322069879758604 10.600159896099592 400.1942525782182 17.37324417270025 3.005715604176766 5.8456224155135885 11.042038127979957 False
4018 1051.2592280520284 2207.8763926095735 214.95120133505293 52.931193824613885 1046 1056 2203 2212 69.0 2.3366258216455993 1.8928494919855736 -10.492086830761544 0.5863219357033009 -0.12758399887208838 1.4967579175619246 0.0 37.99121673515519 2.7915974 62.25027941602914 6.844962357341349 2.204853264795096 0.30765512235888554 4.686510657907603 71.39411958528785 10.918083571869156 2.14114808367397 3.976327081796467 8.074595642954419 False
4019 7602.079915947477 2216.4667238151073 214.89246971708405 52.88965375791761 7595 7607 2212 2222 101.0 2.533069864704446 1.8457578341201284 -12.835293544571483 0.6848709306131631 -0.23350166256302185 3.5524183860601166 0.0 71.11102486595662 3.183008 79.6338840182976 4.8367666700536995 1.655704015085501 0.5144001931580165 5.670035141386943 88.69826297553215 7.589197428456241 1.575204179910077 2.8764721071551875 4.728626965256696 False
4020 7593.848784914944 2219.3727724150463 214.89251274218782 52.88972171033714 7588 7601 2215 2223 85.0 2.5710847679959947 1.582929923919767 10.688228931626226 0.7880070820371428 -0.12033482051326061 2.1374428521983555 0.0 39.18377015018953 2.8006926 48.69749172290684 4.500301400051083 1.690754430447379 0.49953262003653376 5.201570947860099 56.155681730045 7.151053134683015 1.4774467679302783 2.9700147950938534 5.217005433329108 False
4021 3708.407075675345 2234.1823432990554 214.92712478169634 52.91447103875928 3681 3731 2214 2253 1359.0 8.88413041810339 5.9799905148937915 26.35406455660191 0.7395430443808292 -0.28223870905650633 18.81056327476354 0.0 1253.1242721279004 13.265627 1400.5381869604253 18.111307243236006 1.5821750374989378 0.5734771665624121 20.798633015748212 1493.994236696392 28.69393964040352 3.290433517144894 8.573575490395548 17.09850404527757 False
4022 3733.315125402434 2240.8619165120012 214.926831455919 52.914348987636714 3727 3741 2233 2248 177.0 2.886069902526557 2.5669062213949463 -69.61915360652593 0.457105750648889 -0.33388077232732677 3.136345206943132 0.0 84.7727085335121 4.741234 98.62264880198886 8.10445535315964 1.9225427351594735 0.5435292212264254 7.506054213402069 125.48049120224513 12.912293139311627 1.6404823304028913 3.3349764440988743 6.579525790972168 False
4023 3709.911697026006 2250.1712782361683 214.9269429933183 52.91454781060636 3700 3720 2246 2258 169.0 3.203508224585475 2.330974847806194 25.404489339220135 0.685967772958547 -0.11101094718387915 5.811998589473903 0.0 144.0206697579893 4.6917443 206.94839406240914 8.820484925697771 2.1833480882093435 0.5658475149715584 7.334464586120832 256.3853140344992 14.505525466948104 2.0002956545903245 4.251041555442995 9.523006940946916 False
4024 6272.769137851122 2230.924041895108 214.90420808276514 52.89817296892508 6257 6290 2215 2250 781.0 5.440526518762069 4.191438057173233 -46.679589320676605 0.63754831917864 -0.2795203572413399 26.19461247730988 0.0 1363.5301120614126 9.420077 1426.5029302852386 11.06868817510585 1.5842747101501706 0.6582504909740282 15.767054928221077 1568.6115223046472 17.13729941803428 2.4582937184693368 5.1315121474227166 9.515692597573313 False
4025 6289.665341231384 2238.578599078944 214.90397634742973 52.898106995339454 6278 6302 2228 2247 323.0 4.567633568754552 3.134299272671076 -6.071413219282717 0.7274151700945185 -0.2544933040953989 5.473175996387141 0.0 206.62455716582025 5.748213 263.8775808906869 10.606159902417453 2.02955396442546 0.5262606609937142 10.139728459745083 322.48577758908357 16.824572381259845 2.306348833288325 5.646172452643318 10.687070755972366 False
4026 6257.426767919863 2251.995045685779 214.90412355198683 52.89838410524014 6251 6265 2245 2258 129.0 3.4834307796899915 2.5598803888366413 -55.88142201598283 0.6782043820385946 -0.10210340888863723 0.9719640419062315 0.0 45.49897842741599 3.6168115 90.57783411755393 10.152416971017498 2.475161653497028 0.2759244626093675 6.407961869245868 130.2183960328758 16.261284585442535 3.57755164778993 6.5671854100999 11.665267746359469 False
4027 3078.007674985787 2223.1049677548167 214.93288609796974 52.91841279247285 3073 3084 2216 2229 119.0 3.4071716693242657 1.8369185724948989 -65.46671973489691 0.8422206619833552 -0.13054356667650313 1.7668779524777332 0.0 63.57239147147377 3.6034644 141.97744294612022 9.879136454802763 2.749162551573758 0.42134730103107804 6.154581744998688 242.57609129805292 15.727498301588787 3.1705302643735775 7.361914809045214 13.942219245192565 False
4028 3100.988832458905 2235.6566876167735 214.93254816653499 52.918334692604724 3080 3125 2216 2251 1160.0 7.289488282901356 4.760079172858715 7.071491633665621 0.7573527830039231 -0.24048808283005396 25.905597021586964 0.0 1750.0568653414516 11.757346 1870.1971632610444 14.237391698874822 1.6107626995293831 0.6661342836437643 19.21560480373171 2084.3058374397133 22.227568108107516 2.8678363387341546 6.207475148578195 13.001623474473542 False
4029 3079.0457769147542 2238.196323998433 214.93271793009185 52.91848768790495 3068 3087 2230 2247 267.0 4.630829668509266 3.4798263927054003 16.523582151515065 0.6597926380398763 -0.15906714969126035 2.599559609759322 0.0 184.69451788846362 5.448281 362.34529754506656 14.558749080935337 2.5207951910421404 0.3860182083090553 9.218933756735217 508.7501560594534 23.234374135284206 4.4810125079107035 8.947629154374916 18.772212826802424 False
4030 9310.499643517756 2257.3915604706776 214.87676415421956 52.87902423240473 9303 9316 2252 2263 131.0 3.246881970945127 2.1008409315705183 -22.787888980332806 0.7624616966538154 -0.3496526305865686 1.1645974890244224 0.0 34.39339385336406 3.9406042 57.987668430875196 9.138079051633303 2.320617166434564 0.4938169721235523 6.457444935117649 43.41960867570698 14.580609152964872 2.129452663080743 5.314000056370185 9.552962045334482 False
4031 9293.418597307164 2262.0709616559984 214.8768675868063 52.87915796863678 9286 9302 2254 2270 226.0 3.3830507507722207 2.891481371890401 -35.18226646442017 0.5191281405791592 -0.36372822968634194 3.841067985871348 0.0 118.9134341735078 5.2304735 143.94414309447762 8.59405213305917 1.8129703715584309 0.5231252611998725 8.481629223064205 165.8678044913246 13.578695625346509 1.856991517032689 4.0667835111622965 8.35430416847451 False
4032 8190.616144439287 2271.970456680684 214.88662261310162 52.88621560846875 8165 8217 2259 2287 895.0 10.984296602915451 3.84252750749656 23.021202658186844 0.936816904306461 -0.8300638032631213 5.483277947571379 0.0 748.4992359705367 4472136.0 816.9050726698767 5043576.807249875 1.4 0.5145538619632859 16.878606226063 762.1836969734868 inf 4.430255509914529 9.027624508768163 17.381038433298542 False
4033 8160.67839588538 2270.031797689203 214.88691071025593 52.88639528108131 8151 8170 2261 2283 293.0 4.933875857821566 3.2921279940426453 -63.14592958544657 0.7448339541700221 -0.6663772586879387 5.696220834896298 0.0 246.87624100976265 13.148613 331.0115726049554 21.966304545809248 1.814781944977287 0.48577862747821215 9.657370069115643 360.2748194642989 inf 2.983051995020636 6.474564778048497 11.732261739408859 False
4034 8141.704349050626 2276.2796919268862 214.8870146094965 52.88654949335206 8127 8158 2265 2288 545.0 5.902594999751374 4.365140561444818 14.456112315276439 0.673124625882054 -0.528644793655072 5.879085509636592 0.0 510.4166992933134 16.163458 560.1608228628548 20.710452097285454 1.404704812660032 0.49742521891281316 13.171138446245484 573.4842129907613 31.399811080678475 3.3949736935666173 6.549684121501152 10.649623594689684 False
4035 3784.5292763225734 2281.257958808243 214.9259476715141 52.91424197630359 3777 3792 2266 2296 345.0 6.481267746555649 2.439398508772293 -84.91829577845414 0.9264666966045321 -0.24660351694255972 2.3749099440892967 0.0 175.96976444387798 6.5611763 212.5326216462929 9.641884522001174 1.543282582827095 0.48785222370346737 10.479356408358663 213.25382282770704 15.256936764359324 3.0327105819629665 6.387004877557152 11.705173538731826 False
4036 3781.8166249058127 2299.6601044221748 214.92577823536587 52.91435854599366 3778 3785 2295 2303 53.0 1.7847192872030737 1.3539701087357867 -87.16290962952614 0.651503093139514 -0.18307273250269016 2.3750655344069322 0.0 33.53539932106536 2.5424495 41.61259926207933 3.880880801627195 1.6231633324756942 0.49227689023600496 4.1073621666150775 43.37073413727899 6.183747613768093 1.1984148849255987 2.2229319773599436 3.8904494131065497 False
4037 1525.9413363944448 2281.667415185642 214.946171455479 52.92857990640085 1524 1531 2274 2285 66.0 2.9642923970196677 1.270452331188914 85.8499705282796 0.9035012933859837 -0.37005768485276863 0.7821073937667494 0.0 7.550308107132077 2.6948423 15.788535562906247 6.6238805817326005 2.3340356398430395 0.6025599416385348 4.583497844237541 13.763156750920107 10.615481008637367 2.1436388028501203 3.9018712821674235 10.105243773857943 False
4038 1535.2417458698553 2279.317592367987 214.94611287205743 52.92850819142449 1532 1537 2278 2281 21.0 1.0320417628312137 0.8951858175683912 -11.444086339014701 0.49762370858258437 -0.14624454353515365 1.5166192303133204 0.0 9.65338102973422 1.5430319 11.142478904937434 2.5638871875677878 1.7955717385032837 0.5271964134435821 2.5854414729132054 15.450488287735654 4.079341969763053 0.7290733704566605 1.2962902166147434 2.124761912278881 False
4039 6116.149947029041 2311.181795197673 214.90476452353553 52.89960058212029 6089 6142 2286 2338 1937.0 9.012424958707578 7.257024442979965 76.82952129567578 0.5929702119378265 -0.2660826884903871 37.10215644297843 0.0 2182.75837869697 14.192725 2304.512877840578 17.467378404246595 1.537821328372272 0.6342912111782195 24.830752093684207 2479.021774832935 27.62055817838236 3.893721750783217 8.845877430981556 17.327258678483076 False
