outputs/dr0.5_c0.1/nircam3_matched_f200w_f277w_dr0.5_c0.1.ecsv
# %ECSV 1.0
# ---
# datatype:
# - {name: label, datatype: int64}
# - {name: xcentroid, datatype: float64}
# - {name: ycentroid, datatype: float64}
# - {name: sky_centroid.ra, unit: deg, datatype: float64}
# - {name: sky_centroid.dec, unit: deg, datatype: float64}
# - {name: bbox_xmin, datatype: int64}
# - {name: bbox_xmax, datatype: int64}
# - {name: bbox_ymin, datatype: int64}
# - {name: bbox_ymax, datatype: int64}
# - {name: area, unit: pix2, datatype: float64}
# - {name: semimajor_sigma, unit: pix, datatype: float64}
# - {name: semiminor_sigma, unit: pix, datatype: float64}
# - {name: orientation, unit: deg, datatype: float64}
# - {name: eccentricity, datatype: float64}
# - {name: min_value, datatype: float64}
# - {name: max_value, datatype: float64}
# - {name: local_background, datatype: float64}
# - {name: segment_flux, datatype: float64}
# - {name: segment_fluxerr, datatype: float32}
# - {name: kron_flux, datatype: float64}
# - {name: kron_fluxerr, datatype: float64}
# - {name: kron_radius, unit: pix, datatype: float64}
# - {name: gini, datatype: float64}
# - {name: equivalent_radius, unit: pix, datatype: float64}
# - {name: kron4_2_flux, datatype: float64}
# - {name: kron4_2_fluxerr, datatype: float64}
# - {name: kron4_2_mag, datatype: float64}
# meta:
#   PHOTMJSR: 1.891700029373169
#   PIXAR_SR: 2.11539874851881e-14
#   __serialized_columns__:
#     area:
#       __class__: astropy.units.quantity.Quantity
#       unit: !astropy.units.Unit {unit: pix2}
#       value: !astropy.table.SerializedColumn {name: area}
#     eccentricity:
#       __class__: astropy.units.quantity.Quantity
#       unit: !astropy.units.Unit {unit: ''}
#       value: !astropy.table.SerializedColumn {name: eccentricity}
#     equivalent_radius:
#       __class__: astropy.units.quantity.Quantity
#       unit: !astropy.units.Unit {unit: pix}
#       value: !astropy.table.SerializedColumn {name: equivalent_radius}
#     kron_radius:
#       __class__: astropy.units.quantity.Quantity
#       unit: !astropy.units.Unit {unit: pix}
#       value: !astropy.table.SerializedColumn {name: kron_radius}
#     orientation:
#       __class__: astropy.units.quantity.Quantity
#       unit: &id001 !astropy.units.Unit {unit: deg}
#       value: !astropy.table.SerializedColumn {name: orientation}
#     semimajor_sigma:
#       __class__: astropy.units.quantity.Quantity
#       unit: !astropy.units.Unit {unit: pix}
#       value: !astropy.table.SerializedColumn {name: semimajor_sigma}
#     semiminor_sigma:
#       __class__: astropy.units.quantity.Quantity
#       unit: !astropy.units.Unit {unit: pix}
#       value: !astropy.table.SerializedColumn {name: semiminor_sigma}
#     sky_centroid:
#       __class__: astropy.coordinates.sky_coordinate.SkyCoord
#       dec: !astropy.table.SerializedColumn
#         __class__: astropy.coordinates.angles.Latitude
#         unit: *id001
#         value: !astropy.table.SerializedColumn {name: sky_centroid.dec}
#       frame: icrs
#       ra: !astropy.table.SerializedColumn
#         __class__: astropy.coordinates.angles.Longitude
#         unit: *id001
#         value: !astropy.table.SerializedColumn {name: sky_centroid.ra}
#         wrap_angle: !astropy.coordinates.Angle
#           unit: *id001
#           value: 360.0
#       representation_type: spherical
#   astropy version: '5.1'
#   kernelfile: kernel_f200w_f277w.fits
#   make_catalog parameters:
#     ab_zpt: 31.4
#     coadd_bands: !!python/tuple [f277w, f356w]
#     deblend_contrast: 0.001
#     deblend_nlevels: 32
#     deblend_npixels: 1
#     detect_kernel_fwhm: 4.0
#     detect_kernel_npix: 7
#     detect_npixels: 4
#     detect_threshold_nsigma: 3.0
#     flag_isolated_buffer: 4
#     hst_bands: !!python/tuple [f606w, f814w, f125w, f140w, f160w]
#     jwst_bands: !!python/tuple [f115w, f150w, f200w, f277w, f356w, f410m, f444w]
#     near_border_kernelsize: 21
#     reference_band: f200w
#   make_catalog version: 1.4.0
#   photutils version: 1.5.0
# schema: astropy-2.0
label xcentroid ycentroid sky_centroid.ra sky_centroid.dec bbox_xmin bbox_xmax bbox_ymin bbox_ymax area semimajor_sigma semiminor_sigma orientation eccentricity min_value max_value local_background segment_flux segment_fluxerr kron_flux kron_fluxerr kron_radius gini equivalent_radius kron4_2_flux kron4_2_fluxerr kron4_2_mag
[from data line 2043]
2044 3003.126532937481 2707.7710535927085 214.81992905475587 52.86677171553222 2995 3010 2696 2719 237.0 5.707412594384134 2.5587965217001356 -60.28608816541816 0.8938687998177887 0.11397394231698853 0.9181305410422078 0.0 90.2022832788349 3.9141526 173.29892708766016 10.561180338229205 2.4551677724931125 0.2548838447576481 8.685588237163813 200.23228851747567 16.870815064307767 25.64616472230798
2045 nan nan nan nan 2316 2322 2697 2705 40.0 nan nan nan nan 0.0 0.0 0.0 0.0 6324555.5 nan nan nan nan 3.5682482323055424 nan nan nan
2046 3831.651157120866 2702.0082983686184 214.81259370065672 52.86147437302449 3828 3836 2697 2706 64.0 2.0123069996520866 1.8142262342613016 79.88479920394572 0.43264297836543625 0.057037966541461066 0.4790126669364487 0.0 13.603062360801285 1.9172444 27.16194611826043 5.285862782041445 2.572401916042836 0.30036137950960395 4.51351666838205 57.22225475678932 8.496576539258607 27.00608758368363
2047 2717.593648701051 2701.502063428191 214.82254435539764 52.8685527319588 2715 2720 2699 2704 28.0 1.486799903480689 1.2256324109624002 43.105098667761766 0.5660913128349363 0.135804016904288 0.5051176811731279 0.0 8.772748677232336 1.3067956 26.601165007082486 4.2243166356089965 2.950136542832255 0.18415586014784585 2.985410660720923 37.089981796554284 6.763828623666973 27.47685844954838
2048 1841.2738530472923 2701.8710225537675 214.83036576259417 52.87412413267343 1839 1844 2700 2704 26.0 1.3511611715550251 1.2097410548665346 -4.335798463212355 0.44539459055355896 0.29372220367696866 1.2803044143777134 0.0 19.184199134405123 1.3105601 37.19905471643084 3.2846027099662862 2.476308427649078 0.22135425071779835 2.876813695875796 45.51764782434788 5.15356314814191 27.254550471722503
2049 2256.3312171550197 2702.7221803800608 214.82665020352707 52.87149090576132 2252 2261 2700 2705 44.0 2.4523202594913505 1.299234646331465 -16.743709236625932 0.8481237877202227 0.06299015387555165 0.7269308197441953 0.0 12.690130564101256 5196152.5 29.665930725438532 10717946.207689516 1.829507081221082 0.25257605573224173 3.742410318509555 20.879233684164262 16861716.280133512 28.100713612455827
2050 6671.487330224241 2703.981739660239 214.78723604149172 52.843430893692016 6669 6674 2701 2707 31.0 1.6709979707023248 1.2705785867123824 -73.43886399007923 0.6494888533286914 0.2758180230160445 0.6859484421082219 0.0 13.716036027918484 1.3548125 44.80097806695146 4.535966166122328 2.9856630915883455 0.1604909073386751 3.141274657157109 56.21136494956792 7.2086739171062995 27.025439672114203
2051 9340.739876069152 2702.014880271087 214.76346100639654 52.826445752823446 9340 9341 2701 2703 4.0 0.6935472141716118 0.438642847842615 89.23145506324627 0.7745906939032827 0.4238906772585662 0.4729351345410604 0.0 1.8181146694140593 0.46159393 13.937939926624189 1.925890330038305 3.521835604668295 0.030532140326581966 1.1283791670955126 20.443453710371116 3.1561046916072173 28.123614331929108
2052 1496.8405256418666 2706.9117671752324 214.8333889297626 52.876340195452826 1492 1501 2703 2710 62.0 2.1604228532252385 1.7275843815994874 4.749875193476383 0.600464998226402 0.10969637278315361 0.6794477552453986 0.0 19.72812809970643 1.9763803 41.189375328760065 5.503172570859464 2.5785047566632313 0.25899984984924707 4.442433223290478 39.70079341636557 8.588318984689812 27.40300203454648
2053 7530.577673561454 2707.709798706821 214.77953618466444 52.83798828720013 7528 7534 2705 2710 33.0 1.6306644715695986 1.3725919409511305 1.1764393580925094 0.5398865245728165 0.24373075803109295 0.6694080021160398 0.0 14.115387230337866 1.3479493 36.87924823859214 4.31874112312941 2.797530647680878 0.16235210468262393 3.2410224072142872 46.170461818050924 6.986191191868071 27.23908945353832
2054 nan nan nan nan 8202 8210 2705 2715 86.0 nan nan nan nan 0.0 0.0 0.0 0.0 9273618.0 nan nan nan nan 5.232078956954491 nan nan nan
2055 7462.478115118102 2722.272156644163 214.77999006945214 52.83849976106904 7442 7481 2706 2739 1013.0 8.645530405384106 5.914611355113819 12.806290086647804 0.7293660978052492 0.16714017781460813 4.654294973903291 0.0 988.3919290824434 7.919186 1242.4500844950646 13.950123899228723 1.8375096735892924 0.4048798976983591 17.956834762958085 1336.0075047497232 21.99472786658455 23.58547775573232
2056 9173.44974266139 2714.5476148100997 214.7648198896482 52.827577222354925 9167 9181 2708 2722 167.0 3.445401557837434 2.7519366262414984 -53.609421220246524 0.6016930624656505 0.1545346038214137 1.341037925227203 0.0 89.901919108405 3.1262012 155.23576758412503 7.34043242909225 2.347075617898361 0.2995595746717651 7.2909362219603215 165.769194631417 11.533784967477306 25.851240431216528
2057 1824.49373246266 2713.1218186376764 214.83039716046514 52.87429141918487 1820 1830 2709 2718 89.0 2.302566614805954 1.9036406722895975 13.319715947088124 0.5625735016168668 0.1582830037224577 2.8299387268813074 0.0 81.85228530608428 2.273765 116.75474157097236 4.907073943753997 2.263941415521597 0.3958194110598861 5.322553886092406 165.03591063305782 7.841083826872285 25.856053865330544
2058 1764.1125337102083 2713.8810069051365 214.83092843029314 52.87467924248785 1762 1766 2712 2716 19.0 1.2579181514639188 1.0822132284631023 42.509789931295366 0.5097528953439407 0.25783008331100454 0.4147535182237495 0.0 6.271663097383048 1.0176259 18.34588039126238 3.292624528140484 2.75715376853571 0.09865812416621687 2.4592453796829674 32.982319951168776 5.308507039729815 27.60429699918818
2059 4439.821890758464 2721.117699596549 214.80696466871902 52.85771138136901 4432 4445 2716 2726 98.0 2.956906426109742 1.951107256236691 -14.06216933850103 0.7513995622029854 0.1310265837397282 1.3793301163935712 0.0 53.7415811408943 2.5029685 97.10596863465965 6.124884308410455 2.4212938150640575 0.2998973713094215 5.585191925620057 105.0756717133604 9.709011324310959 26.346244562538445
2060 9737.682477726908 2719.3311010835932 214.7597416787899 52.824014307662296 9735 9740 2717 2721 25.0 1.4754763663380088 1.144368192054035 22.391277568304268 0.6312341058644062 0.13231760102784026 0.4790162594996955 0.0 8.346896172522312 1.1397551 24.217039306273133 3.696829976744436 2.8713239840639213 0.1716259366001332 2.8209479177387813 27.08610140261525 5.905084622310811 27.818133749984007
2061 4172.415599217045 2719.766947009174 214.80936533464453 52.859403959116975 4170 4175 2718 2722 23.0 1.4583078973342705 1.1292408853231835 -18.965197667696955 0.6327573802404909 0.20073225531306188 0.41043603917680055 0.0 6.8705441198118935 1.11867 43.38036928074825 4.5293975464820235 3.4672587988430195 0.1108098834825251 2.7057581899030048 45.27032006455748 7.300146546689189 27.26046608749835
2062 9844.794947340693 2725.256772343891 214.75872492400043 52.82336492376209 9834 9856 2719 2731 220.0 4.395509050655254 2.2718198554626325 -0.8162905264245872 0.856075838760358 -0.021712224969957512 1.8167205790146057 0.0 109.67895522258785 3.412595 123.83009573317113 5.28079506989572 1.6524378053816131 0.43886685423615196 8.368283871884005 132.1654558406065 8.36923216510232 26.097205104527998
2063 1704.618504838477 2722.510454598665 214.83136891677933 52.8751038498369 1702 1707 2720 2725 27.0 1.437380896352591 1.351913234182981 -4.279886044377669 0.3396848676760402 0.16568152956756682 0.3720248650147867 0.0 7.6185704108596575 1.2457575 27.557334158520852 4.3231425538569965 2.973130654900269 0.11910130250934005 2.9316150714175193 42.80368216120518 7.0078963578116245 27.32129717364065
2064 1811.0781564733502 2732.6781447260855 214.830311057718 52.874482093471855 1805 1818 2721 2743 252.0 4.412377695012587 2.5370472965676716 81.18417841688584 0.8181645385256304 0.11759932945735335 2.875871050288386 0.0 176.61071293924374 3.7459507 230.99825439875212 7.100463316427413 2.056927494427816 0.4513124401686427 8.95623198216277 265.71980270805875 11.2906779134775 25.33894019671457
2065 2686.6685922777237 2726.3389509383337 214.8225589660197 52.86888314711803 2681 2693 2722 2730 89.0 2.342202035087308 1.80965436059077 -6.176786063353326 0.6348572070397209 0.12308314754697214 2.5649978597891447 0.0 71.12457140730787 2.3777761 86.57233431411336 3.9798034252074603 1.8030585321900718 0.4157060638657104 5.322553886092406 96.35523704493326 6.280201748173697 26.440311689602122
2066 2568.87619503671 2728.2335151785956 214.82359076279553 52.86964201264658 2566 2572 2724 2733 49.0 2.3246131643690497 1.4611627585540556 63.82711029999173 0.7777597399101678 0.08359625990400289 0.3218821120719578 0.0 11.149644390472577 1.6700076 36.80909002038117 5.779204602146286 2.9493132514770837 0.14237832146989252 3.949327084834294 64.47109825202804 9.408127563950297 26.876587329019582
2067 4033.8248522327567 2728.5745621435885 214.81050951920892 52.86033239896296 4026 4041 2724 2733 116.0 3.4220799379500653 1.97691128454556 -13.002428970462763 0.8162541962514843 0.15395609703973318 1.0700194110421166 0.0 58.2063065441816 2.581587 95.41669807151209 6.3049616385542455 2.3205620480663014 0.2772010327268373 6.076507779746499 126.0870663487283 9.960860858400562 26.14832364957556
2068 7869.280848822161 2725.9287224489963 214.77632467198555 52.83593256390214 7869 7870 2725 2727 4.0 0.6780427499008826 0.4476808656776715 85.55935385933468 0.7510418245116951 0.2440013871165476 0.3496387602794537 0.0 1.2449358255771148 0.45910487 12.369886333817618 1.9972436140376149 3.599046025049612 0.08865013021725479 1.1283791670955126 20.601957541494766 3.199313761594862 28.11522878049962
2069 8739.339613546093 2739.663503635135 214.76842441735542 52.830473380461925 8733 8746 2729 2751 214.0 5.036931851178976 2.548724316938142 67.80702076933079 0.8625291915006377 0.12832645981477184 1.0147918418672528 0.0 93.06359935350622 3.2734747 183.15913713698234 8.680195581148618 2.497774189084843 0.27674541532326885 8.253382073025046 203.51624745586724 13.93952972246036 25.62850228429395
2070 8313.450299449267 2738.6479426106052 214.7722312223706 52.833176424862344 8303 8322 2731 2748 224.0 4.788859222876063 3.3850418599866168 45.975763097129914 0.7073558071999814 0.38779960603660407 1.1260971698109254 0.0 155.42204757273743 3.4130569 615.9387179316811 12.042500894561027 3.0749934211574814 0.13475052934450127 8.444016491289505 812.6964614491885 19.113986898399922 24.125179077997142
2071 4229.204896110397 2734.8012511613433 214.80870022121687 52.859123975303284 4228 4231 2733 2736 11.0 0.9310695368726515 0.8731872732638266 54.09984521321897 0.34708817074027537 0.5764319807572255 0.90117314416783 0.0 8.226065020797046 0.843856 27.09687419924544 2.783927671827492 2.8728128596930405 0.08182367885752831 1.8712051592547776 28.98433369466442 4.552818350423362 27.74459169735469
2072 267.4884555426151 2735.721296507941 214.84406782592313 52.88430747014439 266 269 2735 2736 6.0 0.9877664471083599 0.44811854809303825 -0.9602398270557514 0.8911705047385421 0.1593431639894386 0.23111846391388802 0.0 1.2296391534365685 0.58682615 28.198840642474266 2.771557239067034 3.9778742475582316 0.07798674579394234 1.381976597885342 62.2454339971861 4.473483802543143 26.914731251647055
2073 582.2215772629247 2742.8862999574235 214.84118037729064 52.88234621008791 576 589 2735 2751 179.0 3.2431559057098345 2.695245197204854 82.94428469310118 0.5561882780728189 0.0878466638879561 1.979632793093915 0.0 117.25232507384189 3.2825766 145.57410217823679 6.194107085176406 1.9699533873033228 0.3922481789569753 7.54834217738561 187.32690512221393 9.854121204897561 25.718499604787315
2074 4012.330627337949 2738.643266329576 214.81059535040234 52.86052328680464 4011 4014 2737 2740 9.0 0.899864234046005 0.7563367548292633 17.719853977314887 0.5418100516299748 0.674876606309526 1.4409070440216862 0.0 9.618288708882476 0.74694186 28.24271289973978 2.3071090282666176 2.682478321490528 0.1426635500389471 1.692568750643269 31.987322714384334 3.6565799346304293 27.63755527029827
2075 3630.3313851115854 2742.778140432592 214.8139614166498 52.862973754839835 3627 3634 2740 2746 36.0 1.9073183364308033 1.4215039194951349 -7.624246491633745 0.6667412402527556 0.22368613947960686 0.4325073647794837 0.0 12.055169354455805 1.483399 76.16588124898556 5.915680054946121 3.3552941907528675 0.09682635487167271 3.385137501286538 104.65829860463352 9.549192022700897 26.350565824302016
2076 503.6834050545249 2750.1070448683577 214.84180602206519 52.88288419689318 496 513 2741 2758 253.0 3.765818503479257 2.866122802899319 -33.9915079433448 0.6486475387379649 0.07977079611274776 3.127234522211711 0.0 190.16406440908375 3.9189706 212.74811268114132 5.52496665198407 1.5746607642572836 0.4740496998359307 8.97398468933946 222.36649844137514 8.713883021460699 25.53232660655141
2077 2084.9740090046816 2741.7220687734343 214.82776978394247 52.872790162807874 2084 2086 2741 2742 4.0 0.668593865125041 0.4477428102877737 -1.679720745810808 0.7426513043714486 0.3214211829356269 0.423890895132121 0.0 1.5251646976484705 0.48879594 11.718739147501543 2.0209995773159535 3.48176799145346 0.07980303019710998 1.1283791670955126 18.69854878266233 3.17486365151942 28.220480245709368
2078 9431.839176454352 2745.9054233566503 214.76218721107972 52.82610266561678 9430 9434 2744 2748 19.0 1.2937459307721069 1.0684887359348774 -66.62074067024261 0.5638347755220143 0.14613547462816384 0.4012895910634579 0.0 5.407804144924391 0.97237957 24.665813729583814 3.7124311143564035 3.1865263894545577 0.1634245047888475 2.4592453796829674 34.82387027396755 5.941136401880036 27.545307409208327
2079 3317.618181285836 2749.266240874004 214.8166845643907 52.86499641604763 3315 3320 2746 2752 38.0 1.680628613918761 1.4597597063205399 -70.73180236765296 0.4955496969425739 0.12406609232015589 0.7876670766893428 0.0 18.60657084157193 1.6633312 35.620999970839605 4.290498114381082 2.4085300503241602 0.200476084251228 3.477898169151024 45.70232161091078 6.776470475262445 27.2501543446176
2080 9505.281280120813 2752.409376971061 214.76146431294478 52.82567057115894 9502 9508 2747 2758 66.0 2.642732649242069 1.5619486797354551 -82.62441193391095 0.8066455833999124 0.14068127861621094 0.7543497176762849 0.0 27.128132526118883 1.8587252 48.81300306845617 4.602228139625851 2.2729160432627538 0.22626787102379375 4.583497844237541 52.846703237332406 7.3577189777506105 27.09245525081064
2081 4389.427382225771 2751.9740382210794 214.80708953080386 52.858197998900344 4387 4392 2749 2754 26.0 1.8438599761278154 1.0625235430108773 40.47359583127176 0.8172737715611422 0.2515077667882689 0.51440837128889 0.0 10.77754261980075 1.2036241 64.46388816086818 5.048062371011743 3.421392412449354 0.0968515191303738 2.876813695875796 85.08559546861312 8.00619491905931 26.575359893501897
2082 278.39009142864245 2753.751677431234 214.84378055836007 52.8843354118842 277 280 2752 2755 14.0 1.024061031126479 0.97390866378285 -33.720605731173826 0.3091109053259089 0.20859673950341157 0.4009515294187093 0.0 4.3944924027234915 0.89895445 14.970529188925115 3.039970540829874 2.9337703601988094 0.10664029076841339 2.111004122822376 23.80955467459505 4.838430647244232 27.95812181852
2083 4257.901066742431 2759.9881571804835 214.8081789424271 52.85907727757657 4251 4264 2755 2765 122.0 2.934268792643908 2.1040864412412588 22.481879424255695 0.6969975409278742 0.13790231358277913 2.173360328024244 0.0 86.6057360457847 2.8042161 110.23277401307224 5.149065122901492 1.9429236955195828 0.3738582969275781 6.231677632421503 120.66117021827478 8.13657056404093 26.196081167612128
