outputs/dr0.5_c0.1/nircam6_detect_f277w_f356w__dr0.5_c0.1.ecsv
# %ECSV 1.0
# ---
# datatype:
# - {name: label, datatype: int64}
# - {name: xcentroid, datatype: float64}
# - {name: ycentroid, datatype: float64}
# - {name: sky_centroid.ra, unit: deg, datatype: float64}
# - {name: sky_centroid.dec, unit: deg, datatype: float64}
# - {name: bbox_xmin, datatype: int64}
# - {name: bbox_xmax, datatype: int64}
# - {name: bbox_ymin, datatype: int64}
# - {name: bbox_ymax, datatype: int64}
# - {name: area, unit: pix2, datatype: float64}
# - {name: semimajor_sigma, unit: pix, datatype: float64}
# - {name: semiminor_sigma, unit: pix, datatype: float64}
# - {name: orientation, unit: deg, datatype: float64}
# - {name: eccentricity, datatype: float64}
# - {name: min_value, datatype: float64}
# - {name: max_value, datatype: float64}
# - {name: local_background, datatype: float64}
# - {name: segment_flux, datatype: float64}
# - {name: segment_fluxerr, datatype: float32}
# - {name: kron_flux, datatype: float64}
# - {name: kron_fluxerr, datatype: float64}
# - {name: near_border, datatype: bool}
# - {name: detmap, datatype: int32}
# meta:
#   __serialized_columns__:
#     area:
#       __class__: astropy.units.quantity.Quantity
#       unit: !astropy.units.Unit {unit: pix2}
#       value: !astropy.table.SerializedColumn {name: area}
#     eccentricity:
#       __class__: astropy.units.quantity.Quantity
#       unit: !astropy.units.Unit {unit: ''}
#       value: !astropy.table.SerializedColumn {name: eccentricity}
#     orientation:
#       __class__: astropy.units.quantity.Quantity
#       unit: &id001 !astropy.units.Unit {unit: deg}
#       value: !astropy.table.SerializedColumn {name: orientation}
#     semimajor_sigma:
#       __class__: astropy.units.quantity.Quantity
#       unit: !astropy.units.Unit {unit: pix}
#       value: !astropy.table.SerializedColumn {name: semimajor_sigma}
#     semiminor_sigma:
#       __class__: astropy.units.quantity.Quantity
#       unit: !astropy.units.Unit {unit: pix}
#       value: !astropy.table.SerializedColumn {name: semiminor_sigma}
#     sky_centroid:
#       __class__: astropy.coordinates.sky_coordinate.SkyCoord
#       dec: !astropy.table.SerializedColumn
#         __class__: astropy.coordinates.angles.Latitude
#         unit: *id001
#         value: !astropy.table.SerializedColumn {name: sky_centroid.dec}
#       frame: icrs
#       ra: !astropy.table.SerializedColumn
#         __class__: astropy.coordinates.angles.Longitude
#         unit: *id001
#         value: !astropy.table.SerializedColumn {name: sky_centroid.ra}
#         wrap_angle: !astropy.coordinates.Angle
#           unit: *id001
#           value: 360.0
#       representation_type: spherical
#   astropy version: '5.1'
#   make_catalog parameters:
#     ab_zpt: 31.4
#     coadd_bands: !!python/tuple [f277w, f356w]
#     deblend_contrast: 0.001
#     deblend_nlevels: 32
#     deblend_npixels: 1
#     detect_kernel_fwhm: 4.0
#     detect_kernel_npix: 7
#     detect_npixels: 4
#     detect_threshold_nsigma: 3.0
#     flag_isolated_buffer: 4
#     hst_bands: !!python/tuple [f606w, f814w, f125w, f140w, f160w]
#     jwst_bands: !!python/tuple [f115w, f150w, f200w, f277w, f356w, f410m, f444w]
#     near_border_kernelsize: 21
#     reference_band: f200w
#   make_catalog version: 1.4.0
#   photutils version: 1.5.0
# schema: astropy-2.0
label xcentroid ycentroid sky_centroid.ra sky_centroid.dec bbox_xmin bbox_xmax bbox_ymin bbox_ymax area semimajor_sigma semiminor_sigma orientation eccentricity min_value max_value local_background segment_flux segment_fluxerr kron_flux kron_fluxerr near_border detmap
[from data line 4593]
4594 9840.223912705938 2301.862773788083 214.8154129033334 52.80272180472249 9837 9844 2299 2305 46.0 2.1149358376414926 1.6225108423794998 -27.681986259695844 0.6414463689767957 0.24379968433523494 0.3629374105819477 0.0 13.527757248324313 0.5414147 40.513450317523464 1.8862330080577157 False 258
4595 9846.450694511725 2300.1859138521795 214.81537502807453 52.80267318879544 9844 9849 2299 2302 17.0 1.420365050500021 1.0487182908391357 -17.47874920463668 0.6744240866455834 0.24593032302425222 0.28883281591605664 0.0 4.609684786140309 0.34599444 36.29667488323464 1.4770592867287677 False 258
4596 1487.450080128758 2323.55588332443 214.889732487113 52.855908144300216 1477 1497 2316 2332 244.0 3.9053179383604597 3.019857691671435 -17.088524450354846 0.6340792389990378 0.21682479085653286 3.2463722150333925 0.0 260.35362938470615 1.1953915 311.029384065886 2.030250680902847 False 512
4597 1478.6208312744786 2331.8455210410666 214.88972419701895 52.85600894414119 1473 1485 2325 2337 104.0 2.628158963973408 2.3874610210406417 58.661410226407064 0.4180679467529031 0.2115755717083134 1.305113526172509 0.0 65.34140144523487 0.75737476 102.5999840098535 1.8018194509218377 False 512
4598 1673.2667419455443 2330.7843438631344 214.88799608611262 52.85476706610279 1668 1679 2324 2337 112.0 3.1661401844611965 2.240836702546407 64.80756972706459 0.7064626644347345 0.21047709664437392 0.8542474399049599 0.0 48.75399610374596 0.84552515 105.90561307745554 2.368275630400344 False 512
4599 1694.7461897794458 2346.147005362153 214.88764258462328 52.85471354197557 1680 1710 2336 2358 415.0 6.828349664294771 3.074076927190148 29.073481462537096 0.8929311494712175 0.21189203566506898 2.811360481581968 0.0 322.6669067625637 1.6160406 441.79291527589714 3.35595888209845 False 512
4600 440.5985794282327 2332.807562659506 214.89899106860415 52.862605951762994 435 447 2329 2337 84.0 2.8185345972874845 1.9564392816860297 8.049049734071472 0.7198462931445969 0.2155764154808777 0.6941375867508494 0.0 34.11637891400305 0.68705934 83.30994937030633 2.0371863976810087 False 512
4601 448.02759153591194 2336.521843304881 214.8988855973878 52.86257882132934 445 451 2334 2339 30.0 1.5326047508170226 1.4246015564026864 28.34457983065641 0.36874738133546975 0.20434360372470328 0.3816869026103541 0.0 8.976840031000833 0.39049295 27.939972826810422 1.3411447334791138 False 512
4602 8711.171822327662 2344.767830127752 214.825027827745 52.81012921372238 8707 8716 2338 2350 100.0 3.065301958811214 2.2291522052189827 82.77567762536975 0.6864033062331962 0.24614273606189394 0.8641899723539336 0.0 52.350603669068356 0.91125387 131.5743647882046 2.889288905257907 False 258
4603 8711.40206666249 2354.071607984112 214.8249279501335 52.810177896936956 8707 8716 2350 2360 81.0 2.682741733131952 2.0606184353884154 61.503984109951716 0.6403278905135975 0.26373040501190054 0.7637534985248158 0.0 39.46976180727799 0.830376 97.66522948509615 2.513266845676172 False 258
4604 8262.18388344283 2349.1029951485616 214.82898610534332 52.81300608698221 8258 8266 2345 2353 52.0 2.088111237578576 1.742687588992544 -34.06617079662419 0.5508927739970305 0.26185150953947656 0.6726511639688166 0.0 23.88575572421833 0.6792439 49.794374345322055 1.803896931508412 False 258
4605 8254.772115810612 2353.914219046646 214.82900161578252 52.8130791245492 8249 8261 2349 2358 90.0 2.948649145078954 2.037241588648614 -25.493242808151685 0.7229438892846489 0.25854811338046324 0.7905699664287098 0.0 43.99233572976371 0.84662443 82.25612005034208 2.1946533245289244 False 258
4606 4215.770304911329 2360.7421012469035 214.86497141187536 52.838779437483254 4210 4221 2356 2368 104.0 3.238541291769332 2.5874755962442135 55.690278561263774 0.6013798015291185 0.20532308515180092 0.33435533835210113 0.0 27.238894015618413 0.7404121 125.97003326686671 2.9069145904149942 False 512
4607 4237.464196619796 2390.942538358263 214.864460112502 52.83880450884898 4211 4261 2363 2417 2192.0 9.213111570576705 8.611379524041459 -46.83324853206684 0.355470700317615 0.20147621782772254 13.27647005701713 0.0 4200.587751710194 3.9023256 4364.8646916438565 4.681424373073895 False 512
4608 8378.768366536866 2441.8411944039394 214.826971290267 52.81276502765094 8326 8437 2389 2488 7621.0 17.029204949565734 10.476310017564908 -41.98406403181913 0.7883736860096583 0.24104905674569313 151.52217668647927 0.0 35065.871563011344 10.237768 34791.938613360995 9.969215541911813 False 256
4609 8331.011135582192 2428.628058558181 214.8275361155017 52.81299732366211 8319 8345 2411 2447 482.0 8.603500851789404 3.7511999548818133 -60.347834173882546 0.8999425214634547 0.237572289624999 1.051058204987722 0.0 225.07254129741943 1.9373109 732.199722481382 6.487023345528252 False 256
4610 3919.063654015852 2420.871541502313 214.8669883587285 52.8409885753105 3894 3944 2396 2445 1835.0 11.241575447678047 8.492827951728714 59.41156192668606 0.6551673472223324 0.20294980002051546 3.418914388059265 0.0 1319.2763131931597 3.2458298 1571.5983215409765 5.533344586735452 False 640
4611 3897.506239403671 2417.360352112085 214.86721778062343 52.84110657878691 3893 3902 2410 2424 103.0 3.246460487103229 2.383235767393169 -78.21605984524615 0.679038337490421 0.2138375397191825 0.5540992425773926 0.0 40.166199300962155 0.7758205 148.28122025304623 2.681975482250457 False 640
4612 7208.6226058665325 2412.312575449219 214.83771866218723 52.82004214997563 7195 7229 2397 2427 654.0 5.49108346868622 4.72650976404473 6.047999136766437 0.5090095587062807 0.22634680794321652 7.155448601194217 0.0 693.8535576557258 2.2951932 897.4741893571509 3.947105673690217 False 256
4613 7290.960973923699 2417.5283262613616 214.83692929953733 52.8195470369662 7282 7304 2410 2426 289.0 4.472688094985349 3.1294365199866707 11.318161502254744 0.7144594055439376 0.23478246996534383 3.920861072572532 0.0 304.9675879639398 1.6404225 412.9652338410923 2.9447543528527977 False 256
4614 7274.375303489558 2417.547304725807 214.83707705464445 52.819652535733915 7264 7283 2409 2426 305.0 4.522378521794876 3.681508000033522 13.48192114215324 0.5807744153117226 0.23528050923295768 2.2716841546363544 0.0 233.83236412237696 1.5293602 394.71410526264845 3.3388399896170715 False 256
4615 7238.365219269252 2437.204164920556 214.8371915913778 52.81998733744585 7208 7267 2405 2461 2064.0 8.48272510231538 7.27510110506715 11.44487829564408 0.5142551235357459 0.22891389912751633 22.403909750844512 0.0 3673.225364148722 4.1857586 3853.704157908496 4.910318047612032 False 256
4616 7266.174182466159 2447.091942514768 214.8368395423121 52.81986392547682 7260 7274 2437 2456 191.0 4.053012315236142 3.3980093098411053 86.15432890596199 0.5450691908235825 0.2564447397194031 0.7289754407971517 0.0 79.03725884872452 1.2359617 385.8140135135214 4.476438898509186 False 256
4617 9253.192264044541 2407.2919778377477 214.81953764845971 52.80702123988625 9249 9259 2403 2412 79.0 2.213050633834821 2.0311135724601965 34.944972844228786 0.3970684005920516 0.29219372100871394 2.051230901667659 0.0 68.04115998979283 0.8709559 100.71833265804099 1.9650056999500165 False 256
4618 9257.884094633808 2426.8826576178863 214.81928983352284 52.80709700108441 9236 9279 2407 2447 1224.0 8.427751733367995 5.435467219451883 -37.770483900130586 0.7642258966008293 0.2404079899294524 13.314871328483516 0.0 2865.41310755732 3.5412717 3016.322811370218 4.54685045705421 False 256
4619 1733.4995360039175 2423.4593486648128 214.886483176626 52.854884553801035 1725 1742 2418 2429 134.0 4.376095378133949 2.217963292144149 13.487338669483266 0.8620424157949483 0.21266428442165658 0.572720621161579 0.0 51.62733861028563 0.8544627 121.83643904319509 2.730639352096663 False 544
4620 1745.695302024698 2426.2335173355427 214.88634502839093 52.85482206657708 1738 1753 2421 2431 124.0 3.3734687303496305 2.557210668558514 -6.713165877458167 0.652212738241731 0.20599126957744113 0.583156921178972 0.0 46.94666031238296 0.81575394 103.88836156174517 2.422686964979325 False 544
4621 3664.6162451697487 2448.3468532153615 214.8689715536984 52.842753106906144 3625 3709 2418 2477 3645.0 12.00318573009995 6.652382020230528 20.54799487359351 0.8323715328209366 0.20790645696779264 78.26917894710321 0.0 16257.459390841348 6.28346 16095.03610295675 6.017950504071789 False 640
4622 3655.4622323583917 2474.7275964110618 214.86877585442002 52.84295354796246 3648 3662 2471 2479 95.0 3.061397127606393 2.1062065599016435 11.576931348065338 0.7257214205060379 0.21341971110157074 0.7204768679513247 0.0 42.34790843509573 0.7812279 139.7496886347915 2.6113757641523 False 640
4623 554.49140954623 2498.5551334313595 214.89622968985555 52.86277714747403 520 582 2464 2532 3304.0 12.15369395222925 10.618299672291657 -86.72583200401033 0.48652167129507595 0.19946196253885645 9.19136781413395 0.0 4194.569094053718 4.4979224 4471.165246813591 5.778420979715615 False 544
4624 580.5876750345492 2476.0243896648008 214.89623342408922 52.86248984988686 576 584 2473 2480 48.0 2.0449108642016807 1.8046903908976244 28.334781293219084 0.47026049919039364 0.21725013502326826 0.3401234823591582 0.0 13.508262285955484 0.50015396 69.12852356211059 1.9285106916673578 False 544
4625 3346.5803026088033 2503.067450552844 214.87123626290438 52.84506848751812 3316 3379 2469 2534 2940.0 9.115771843345348 8.408247730055935 -44.218236893367624 0.38627272278059976 0.20806208388397684 37.278598558906886 0.0 5353.3713371644135 4.6530514 5436.129037186367 4.903773019133409 False 640
4626 3372.929884725336 2483.4638270310593 214.87120711370181 52.844795370387395 3369 3377 2481 2487 39.0 2.2295951106557017 1.4146545189613147 24.71024976021445 0.7729315428988026 0.21623674658254402 0.26879769260975683 0.0 9.479973479793982 0.45566353 122.43129044365733 2.296122249323495 False 640
4627 9457.28005032784 2508.8748071286604 214.81665007024802 52.80627150106194 9446 9469 2490 2528 648.0 7.1797054267731335 4.255007154366106 89.01247894979896 0.8054647419803076 0.23914067831834587 3.806475840435374 0.0 657.8097517953906 2.2988634 856.4234912105555 4.453060761957425 False 257
4628 9452.357081602728 2534.206770980523 214.81642760206344 52.806439310621315 9441 9464 2520 2552 454.0 5.590772477513624 3.973878715791807 58.151302126610936 0.7034018278274473 0.23185271690707673 3.2956998474366266 0.0 370.66020708346616 1.9654022 665.0780881282343 4.303427484428097 False 257
4629 9478.964669609088 2561.0266567036388 214.81590839582174 52.806414722610455 9464 9493 2546 2579 625.0 6.811974034880657 4.422368948380844 51.01994316284476 0.7606133127916742 0.2409629161036828 3.709846650604535 0.0 515.0888376387846 2.3824267 882.6823394321814 5.260476406982049 False 257
4630 9442.849904878765 2614.745573412581 214.8156655111957 52.80693377403196 9391 9497 2552 2675 8851.0 14.099318281041374 11.119231188355673 -73.82716749543158 0.6148602470637512 0.22973228426515696 188.8571446871923 0.0 41901.13546112158 11.098336 40855.81864636106 10.0674806689202 False 257
4631 1636.4414237952071 2529.755344077626 214.8862324075869 52.85607446883731 1614 1656 2505 2558 1213.0 11.833872048855556 5.096006339172884 52.04432161367383 0.9025291245391133 0.20455119855840573 3.229472851063396 0.0 812.8080584760129 2.6449835 1404.332828246043 6.273768316767833 False 544
4632 1541.8572343331207 2612.730741828798 214.8862048118529 52.857122849580186 1445 1642 2492 2726 28840.0 24.86723508465293 19.756580725226787 -64.21738084713412 0.6072871716232568 0.1999316412284534 381.03471444906035 0.0 101788.90758438678 18.105223 98729.80116544572 16.57445077983965 False 544
4633 1455.4694633209735 2610.611461120783 214.88699903398083 52.857660059227214 1438 1468 2588 2632 675.0 8.199927780284387 6.817455163071276 -69.23067573187697 0.5556679770499268 0.20325998296314157 0.6945194350339995 0.0 235.01846224885543 1.9069995 1341.085130355576 7.613426238474824 False 544
4634 1602.6918458605755 2634.745210664125 214.88542967273403 52.85685526315336 1587 1635 2619 2669 1547.0 13.021160227879841 7.646027076563919 40.13142074946115 0.8094417820257453 0.20473992627008375 8.488941952999387 0.0 1200.9959557344978 2.9824142 2349.965798017033 7.341613766793325 False 544
4635 653.2122016388959 2502.5620857709773 214.8953051732131 52.862171867471915 649 659 2499 2506 66.0 2.3346357431096902 1.8461102227097554 5.230479431618302 0.6121408855230743 0.21862952540643474 0.6842598493747969 0.0 25.99346232057265 0.60232157 48.88473157341068 1.5538707114309867 False 544
4636 660.7779111309975 2501.4035899068026 214.8952497371455 52.862117571623706 659 663 2500 2503 16.0 1.3924650977894202 0.8600989509201744 -32.65480166271558 0.7864289118799591 0.2073409782747431 0.2613564273277388 0.0 3.818721071909012 0.27887145 20.484226865435453 1.1078976463105015 False 544
4637 8151.912982423367 2508.807331691227 214.8282902465716 52.81456773533695 8138 8164 2499 2519 340.0 5.462857058007784 3.582269412238472 23.265026457205444 0.7549779614558412 0.2371679362410209 1.7504418336506409 0.0 210.81845573290957 1.6069468 304.3254926487255 3.408570396480482 False 256
4638 8149.25893062705 2520.841291200045 214.82818737714675 52.814649468161505 8146 8154 2517 2525 60.0 2.151157648862586 2.0531290507875672 -67.42136749686728 0.29843538725781543 0.2509519009548849 0.516268121644529 0.0 22.61845529646141 0.65186274 58.87002529915755 2.120252469964661 False 256
4639 7471.384359983725 2551.8245586376183 214.83390767873541 52.81912445341997 7460 7482 2509 2577 781.0 16.847170819955377 4.514545526806649 -88.19168378079497 0.9634271055111162 0.22700291486922514 0.7042735076691599 0.0 296.1847914485637 2.32624 13621.499414617836 inf False 260
4640 7612.152373015072 2594.503444795603 214.83220325017814 52.81845994349091 7594 7640 2579 2610 463.0 12.823500978633492 4.195434272127242 -35.129162503377316 0.9449663219412955 0.23276840440607616 0.5591811973194936 0.0 157.30748691100098 1.7972167 1410.274277057273 9.54406805015223 False 260
4641 7365.025285017756 2612.968321201792 214.8342134566701 52.820129962288554 7308 7392 2581 2641 1572.0 18.52029752995729 6.549612814870192 30.919804255739205 0.9353796716586348 0.23572182076830475 1.7253612000901053 0.0 830.234308949814 3.422639 12260.509262847803 inf False 260
4642 7459.104199690918 2621.9139485137316 214.83328018307316 52.81958032198761 7447 7467 2594 2634 439.0 8.54555991703876 3.3715623525567824 66.91943504837262 0.9188789105316854 0.23695690695449426 2.6419875103358503 0.0 466.4040168005461 1.8424324 12602.544992039173 inf False 260
4643 7405.811933549974 2636.847173708295 214.83359852362167 52.819999490917084 7374 7427 2614 2656 1431.0 11.730370650024303 7.121928007460702 25.196664265705184 0.7945980847992528 0.2379927275358308 4.516460137745583 0.0 1875.2022996920718 3.5076952 24340.182158751883 inf False 260
4644 7472.495421866145 2624.774622140971 214.83313065036313 52.819510642244175 7453 7495 2562 2652 2267.0 21.091252883555992 6.823895699882314 -86.92623068441962 0.9462139792639801 0.2392813725752042 9.428185827721144 0.0 3107.96976499863 4.430107 20983.157725111807 inf False 260
4645 7370.161754022829 2660.2155727103604 214.8336707939121 52.820352016542536 7361 7380 2652 2667 226.0 3.9464438209876618 2.9625703351952426 30.560072448905256 0.6606504648724422 0.23066238371369932 2.4060517481802903 0.0 188.59791057119088 1.3569962 336.9681628114503 3.1344104428027983 False 260
4646 7523.811707085249 2643.9735195083417 214.83247101922976 52.819288021696714 7490 7601 2591 2666 4358.0 28.15430867698163 8.170594417470568 -30.198318226220312 0.9569637127539982 0.23361349407579904 11.640177625886588 0.0 6180.046819574193 6.086093 20521.988937903727 inf False 260
