outputs/dr0.5_c0.1/nircam3_f356w_dr0.5_c0.1.ecsv
# %ECSV 1.0
# ---
# datatype:
# - {name: label, datatype: int64}
# - {name: xcentroid, datatype: float64}
# - {name: ycentroid, datatype: float64}
# - {name: sky_centroid.ra, unit: deg, datatype: float64}
# - {name: sky_centroid.dec, unit: deg, datatype: float64}
# - {name: bbox_xmin, datatype: int64}
# - {name: bbox_xmax, datatype: int64}
# - {name: bbox_ymin, datatype: int64}
# - {name: bbox_ymax, datatype: int64}
# - {name: area, unit: pix2, datatype: float64}
# - {name: semimajor_sigma, unit: pix, datatype: float64}
# - {name: semiminor_sigma, unit: pix, datatype: float64}
# - {name: orientation, unit: deg, datatype: float64}
# - {name: eccentricity, datatype: float64}
# - {name: min_value, datatype: float64}
# - {name: max_value, datatype: float64}
# - {name: local_background, datatype: float64}
# - {name: segment_flux, datatype: float64}
# - {name: segment_fluxerr, datatype: float32}
# - {name: kron_flux, datatype: float64}
# - {name: kron_fluxerr, datatype: float64}
# - {name: kron_radius, unit: pix, datatype: float64}
# - {name: gini, datatype: float64}
# - {name: equivalent_radius, unit: pix, datatype: float64}
# - {name: kron4_2_flux, datatype: float64}
# - {name: kron4_2_fluxerr, datatype: float64}
# - {name: radius_kron20, unit: pix, datatype: float64}
# - {name: radius_kron50, unit: pix, datatype: float64}
# - {name: radius_kron80, unit: pix, datatype: float64}
# - {name: near_border, datatype: bool}
# meta:
#   PHOTMJSR: 0.4047000110149384
#   PIXAR_SR: 2.11539874851881e-14
#   __serialized_columns__:
#     area:
#       __class__: astropy.units.quantity.Quantity
#       unit: !astropy.units.Unit {unit: pix2}
#       value: !astropy.table.SerializedColumn {name: area}
#     eccentricity:
#       __class__: astropy.units.quantity.Quantity
#       unit: !astropy.units.Unit {unit: ''}
#       value: !astropy.table.SerializedColumn {name: eccentricity}
#     equivalent_radius:
#       __class__: astropy.units.quantity.Quantity
#       unit: !astropy.units.Unit {unit: pix}
#       value: !astropy.table.SerializedColumn {name: equivalent_radius}
#     kron_radius:
#       __class__: astropy.units.quantity.Quantity
#       unit: &id001 !astropy.units.Unit {unit: pix}
#       value: !astropy.table.SerializedColumn {name: kron_radius}
#     orientation:
#       __class__: astropy.units.quantity.Quantity
#       unit: &id002 !astropy.units.Unit {unit: deg}
#       value: !astropy.table.SerializedColumn {name: orientation}
#     radius_kron20:
#       __class__: astropy.units.quantity.Quantity
#       unit: *id001
#       value: !astropy.table.SerializedColumn {name: radius_kron20}
#     radius_kron50:
#       __class__: astropy.units.quantity.Quantity
#       unit: *id001
#       value: !astropy.table.SerializedColumn {name: radius_kron50}
#     radius_kron80:
#       __class__: astropy.units.quantity.Quantity
#       unit: *id001
#       value: !astropy.table.SerializedColumn {name: radius_kron80}
#     semimajor_sigma:
#       __class__: astropy.units.quantity.Quantity
#       unit: !astropy.units.Unit {unit: pix}
#       value: !astropy.table.SerializedColumn {name: semimajor_sigma}
#     semiminor_sigma:
#       __class__: astropy.units.quantity.Quantity
#       unit: !astropy.units.Unit {unit: pix}
#       value: !astropy.table.SerializedColumn {name: semiminor_sigma}
#     sky_centroid:
#       __class__: astropy.coordinates.sky_coordinate.SkyCoord
#       dec: !astropy.table.SerializedColumn
#         __class__: astropy.coordinates.angles.Latitude
#         unit: *id002
#         value: !astropy.table.SerializedColumn {name: sky_centroid.dec}
#       frame: icrs
#       ra: !astropy.table.SerializedColumn
#         __class__: astropy.coordinates.angles.Longitude
#         unit: *id002
#         value: !astropy.table.SerializedColumn {name: sky_centroid.ra}
#         wrap_angle: !astropy.coordinates.Angle
#           unit: *id002
#           value: 360.0
#       representation_type: spherical
#   astropy version: '5.1'
#   make_catalog parameters:
#     ab_zpt: 31.4
#     coadd_bands: !!python/tuple [f277w, f356w]
#     deblend_contrast: 0.001
#     deblend_nlevels: 32
#     deblend_npixels: 1
#     detect_kernel_fwhm: 4.0
#     detect_kernel_npix: 7
#     detect_npixels: 4
#     detect_threshold_nsigma: 3.0
#     flag_isolated_buffer: 4
#     hst_bands: !!python/tuple [f606w, f814w, f125w, f140w, f160w]
#     jwst_bands: !!python/tuple [f115w, f150w, f200w, f277w, f356w, f410m, f444w]
#     near_border_kernelsize: 21
#     reference_band: f200w
#   make_catalog version: 1.4.0
#   photutils version: 1.5.0
# schema: astropy-2.0
label xcentroid ycentroid sky_centroid.ra sky_centroid.dec bbox_xmin bbox_xmax bbox_ymin bbox_ymax area semimajor_sigma semiminor_sigma orientation eccentricity min_value max_value local_background segment_flux segment_fluxerr kron_flux kron_fluxerr kron_radius gini equivalent_radius kron4_2_flux kron4_2_fluxerr radius_kron20 radius_kron50 radius_kron80 near_border
[from data line 588]
589 7078.730730956204 942.3829812550882 214.80214476133565 52.83135155956763 7068 7090 930 955 430.0 5.262107423245956 4.144625410917166 -76.13360424562445 0.6161407964590357 0.08612862713650012 2.102344173645712 0.0 243.13478293672176 2.125529 376.254559881344 4.793565022542914 2.2499451433344038 0.37721010313885095 11.699284211396439 488.135951370575 7.760662025609621 4.035424656512204 8.64553618852703 16.505399266950608 False
590 8250.279347013331 933.0283342304947 214.7917971750253 52.82385284292037 8249 8252 931 935 17.0 1.2778913734114599 0.9260466049976906 -79.10072979702018 0.6890984847270423 0.16353204180662578 0.43676222681674076 0.0 5.200119994289225 0.43271917 16.385281621506447 1.418030286703529 2.8474751083439336 0.13904701519813037 2.326213245840639 20.623171913693483 2.2769161760314467 1.7457709282545393 3.3751323686642967 5.508590926049606 False
591 4055.10717063901 945.3529345444713 214.82908995157416 52.850586539443704 4031 4079 933 956 785.0 8.702827813836535 3.621306340738191 -10.731992209674079 0.9093157220677028 0.06919731993936443 5.254426456109035 0.0 793.2596899899247 3.131429 875.6481518427175 4.60561135535252 1.7398161046295548 0.5033813835899401 15.807379942744328 999.1355614817573 7.217534264179871 3.7214554792172576 7.71756735996722 14.137642111774642 False
592 2602.2187287522975 934.816981812764 214.84217184371528 52.85976251409667 2601 2604 934 935 5.0 1.0198364514912 0.38434757579845963 2.5738022889595724 0.9262654390858972 0.18626449826998207 0.32550258934165444 0.0 1.180029129529966 0.22555836 19.758756382695523 1.0785151779539173 3.852037911375042 0.13076441937287417 1.2615662610100802 46.83995313983955 1.6977909005139828 2.3276857611037163 3.984265091508621 5.289930157386996 False
593 875.1363979519991 939.3447508541489 214.85755031228672 52.87076029340396 870 880 935 943 78.0 2.4919602878625455 1.8111269419426355 12.133992555286572 0.6868618055435181 0.09819410165250968 0.974970138425443 0.0 33.75811689882937 0.87052774 51.19749023105257 1.9441703892560764 2.145073777093004 0.28903434291167107 4.982787485166879 55.11506810250761 3.1389434880487035 2.0095941791752043 3.8543281981130937 6.6379928958632 False
594 6348.338650240483 940.7839380242638 214.8086758806889 52.83598607342216 6337 6361 935 947 236.0 4.686591386831893 2.411183052160321 -17.55292445255275 0.8574991122722873 0.09277052972636975 2.640054044551863 0.0 142.8857187939851 1.5297922 179.6529058186092 2.815591522106057 1.898810790902 0.4263288915029728 8.667244841319219 191.70398354759368 4.462755638780869 2.4030626855014057 4.943348396948773 9.88051908344276 False
595 7131.048172439563 939.3095812477967 214.8017105404657 52.831002402887236 7126 7136 935 944 78.0 2.296113277746878 2.2147281739681826 -9.697026189485443 0.2638808851299749 0.15209799648720726 0.7258665446975422 0.0 30.599892442510118 0.9337021 104.61947250399031 3.091213280495936 3.003776052884749 0.21476823775094134 4.982787485166879 213.22912954902134 5.0558865987113135 3.7055889792668135 8.837361065615376 14.380584793192018 False
596 9394.472441962538 938.7404616166434 214.78153842568992 52.81660832717315 9392 9397 935 942 38.0 1.8772276249771283 1.5037235302696401 65.74807565149662 0.5986185840490108 0.16120380358834394 0.3579710960590559 0.0 10.630469073051694 0.67013216 33.86520040978517 2.441997854425471 2.867926979767209 0.10581767705427537 3.477898169151024 39.593324040825884 3.829030993450247 2.687249000292162 4.714904453168232 7.806180873491503 False
597 2643.135091481356 936.4321611186422 214.84178947873937 52.85951122762235 2642 2644 936 937 5.0 0.7913162171535824 0.43981075288644944 20.274957782105503 0.8313184071916867 0.15292583926605893 0.21640744470768844 0.0 0.9283374040207052 0.20541564 20.007132723615 1.0286849130187874 4.040230444954653 0.09551563755761941 1.2615662610100802 49.20842221561187 1.6756035596472272 2.4365876930563264 4.074428321542978 5.301746179974449 False
598 9721.010345090579 942.2932881973048 214.77859110998676 52.81455102918251 9716 9726 938 947 82.0 2.407714381036077 1.908812980190204 -24.228289938394084 0.6094942937437745 0.2551902992728643 1.718347897840586 0.0 59.33813087223328 1.0469296 86.04241297482812 2.2828754909687565 2.1025573501024377 0.3047157149746538 5.108953969950291 97.94215800282888 3.632753079040523 1.9609990478257777 3.68501848840319 6.506753205047563 False
599 9902.80820733717 952.0364653202848 214.7768686328324 52.81344743081319 9892 9913 943 961 296.0 4.570523303432976 3.072084002990428 -37.577497000453015 0.7404136599705765 0.15464097238998814 2.861896498125437 0.0 203.7965454821862 1.9407333 289.93709322721884 3.965339205879522 2.1928227571546643 0.4176487820509247 9.706684619910241 393.42736476124696 6.359884031584771 2.975138172181909 6.224180615998341 13.361283780661152 False
600 187.9972269743773 955.4580542118453 214.86352033713536 52.87521251868432 176 203 944 967 476.0 5.89506430034278 3.552282304689996 32.7518763632461 0.7980540702291493 0.09800424772954273 4.7926625320054015 0.0 506.6187308706146 2.6986654 576.4927327966096 7161907.867781912 1.6957445731683876 0.4606988491499362 12.309163489997376 622.3216572176862 23568861.69971961 3.121828314519515 6.138291341812184 10.884608154347665 False
601 8375.763775485255 949.9873875211181 214.79050007414634 52.82314635676943 8374 8378 946 954 33.0 2.073041035747098 1.128512921689935 -78.3697989185668 0.8388415970942639 0.1728397219375975 0.47931689196855953 0.0 9.809407391335224 0.57251114 24.275660945944423 1.8063972880863637 2.569972616241144 0.14340715110056967 3.2410224072142872 27.61311932332935 2.900267028249127 2.089523555225782 4.1072911855331755 6.873205865513479 False
602 8945.020304627558 947.6874790485415 214.7854500260699 52.81951443962921 8944 8946 946 949 10.0 0.9815674507743238 0.7312769640382109 -86.16778199456577 0.6670539816529745 0.2354774077756296 0.443824648814866 0.0 3.3204645123057364 0.32347167 17.058820615817694 1.2764412612365177 3.3256204421085216 0.11416383717292845 1.7841241161527712 22.187478540559777 2.1245075771516984 1.837760525741957 3.4953694689219708 5.196436335015848 False
603 9827.715107429858 988.4578068814203 214.7771545615481 52.81412111350321 9766 9889 950 1027 6724.0 14.172284925087462 7.9508831332412875 1.8785722589916538 0.8278047407488667 0.05654375411249619 97.40461854151368 0.0 26157.569697066065 11.745732 25486.915792972308 10.388452178877898 1.4 0.7946405356377981 46.26354585091602 26756.83845055806 13.873134350352458 4.736072603780225 9.74630627864269 18.76227537838832 False
604 8177.360226672349 954.3137151281512 214.79222328358452 52.82443112999283 8176 8179 951 958 26.0 2.053483858050024 0.9192233684068427 81.13916929977903 0.8942134096555573 0.1558826895379549 0.4196559902079025 0.0 7.5645089421809555 0.5169761 26.248473654504124 1.8962022586842535 3.027047093230163 0.13995506992103215 2.876813695875796 28.38992622995891 3.0733934764072175 2.4208570250697226 4.870620969938466 8.169927379765227 False
605 3267.1703173572428 955.028737587448 214.83602193159265 52.855646037340875 3264 3270 952 958 41.0 1.9521991712170184 1.392752293342829 -41.734831677596915 0.70072919700716 0.05931730335304553 0.582962335019005 0.0 14.469328144193149 0.65812314 29.098246318855935 1.7626547308115124 2.391381569934145 0.19268547111526146 3.6125759969217834 29.123571158259455 2.819367257179305 1.978117024588328 3.7796290800305665 6.304518024323427 False
606 7951.246098130191 953.205773575859 214.79425083208517 52.8258627835493 7950 7953 952 955 11.0 1.044253889820276 0.7962616260092547 66.81005673360946 0.6469678599797515 0.1580654855709503 0.35596220353540226 0.0 2.8465245280446534 0.3387928 15.559613158715033 1.3965219717807822 3.2419093257874523 0.13079425572706146 1.8712051592547776 25.696654729784445 2.285554455898266 2.000975290171161 4.01897234044043 6.304451994669814 False
607 1060.7246977307423 960.7888161865804 214.8556665823691 52.869696856502486 1053 1069 956 966 150.0 3.7847574482753226 2.061302875848109 12.68803762083436 0.8386746462379608 0.1360911612824898 1.7807718398904626 0.0 101.34446043421909 1.4193562 122.14858132029973 2.3916703547430993 1.768026108837925 0.3613798645488574 6.90988298942671 126.05348533247178 3.7873631919968163 2.297518540061835 4.306515014120142 7.009561252027603 False
608 7959.371206628043 964.6478905504491 214.79405799612545 52.82587276591206 7952 7966 958 971 129.0 4.031148606091443 2.0757621515209923 35.632790199665294 0.8572318121853049 0.1194375798826148 0.7068445456753686 0.0 47.86164555253313 1.2188244 92.34603146914867 3.2589610934419633 2.372608865130872 0.21640474375593452 6.407961869245868 86.57918990870289 5.161796721007201 3.3270154206877907 6.604978804555697 11.841550035114473 False
609 1807.904933952604 961.2137366855359 214.8489877860942 52.864951926417355 1805 1811 959 963 26.0 1.4803529420574764 1.204977101096553 7.981246907095156 0.5808934538944808 0.12362739136995858 0.510252272340022 0.0 8.705160035494373 0.4962044 15.016028830311356 1.1988097908656403 2.1305312089472284 0.16767882305960344 2.876813695875796 13.728562983709194 1.913127550518973 1.4739896128625893 2.598773916560173 4.007437977759666 False
610 2560.869933555264 967.5857381408752 214.8421962031696 52.86020192636567 2554 2569 959 976 203.0 3.709550282102692 2.7105655816675593 -45.01390097642432 0.6826995069613582 0.10753765259180093 2.271025896080125 0.0 135.8839237992761 1.53847 188.9342647840562 3.1437412061518617 2.1428796069621447 0.3912397844352326 8.03846421247924 243.78805212620853 4.9268475637618785 2.626949592147873 5.261482528761075 9.919769581901544 False
611 4078.162612784697 962.3166956448654 214.82870564005103 52.85053145480369 4075 4081 959 966 45.0 1.780350709662292 1.5062663143734938 -79.18331558537558 0.5331030206277723 0.17930169701235957 0.894392475672968 0.0 19.247213324664155 0.6576071 42.31008650188295 1.9324055915363323 2.671416254746324 0.260750356330817 3.7846987830302403 59.95852922208705 3.085311870999164 1.9827331626689664 4.267530652552126 8.538609030969573 False
612 7545.573232063971 962.5144727283033 214.79776994064247 52.82849209604021 7540 7551 959 966 76.0 2.7710695518376904 1.7795092829532888 -1.7416686676310142 0.766558763828488 0.11573345478768554 0.6583242864759477 0.0 26.138948864645783 0.89206177 50.73107503834297 2.46757762307286 2.3658481108991047 0.220212683909605 4.918490759365935 66.93661984780029 3.965819585840277 2.574302253372556 5.0369819819865365 8.317686948876647 False
613 9871.930143227823 959.8137275603133 214.7770619485546 52.813685675326205 9871 9873 959 961 8.0 0.8310622666408968 0.7055783488283138 -41.129489899035725 0.5283803091681747 0.14850860707046218 0.22957413186414796 0.0 1.5183554846672993 0.2979373 25.624775055666156 1.4677540150947581 3.856389928924268 0.08903771711708913 1.5957691216057308 53.70911119955143 2.374913462839079 3.031003378035839 5.135284998869298 6.477410964861192 False
614 10023.77834190575 962.9614224037811 214.77567579498225 52.812736992792274 10020 10027 959 966 35.0 2.6512161472096065 1.0087180102197097 43.25253840388133 0.9247917417249037 0.15751503658445606 0.4472099120507161 0.0 10.187842094334716 0.6587093 49.31772569227779 2.6261837690708 3.3007797610755327 0.14052550301155456 3.3377905890622728 57.0158554932345 4.177255934281347 3.428752231508148 6.9785819635822515 11.659218990175074 False
615 3889.8182353860916 963.3308117983697 214.83037613301292 52.85173389259278 3886 3894 960 967 57.0 1.98117499398287 1.5954795176840066 18.72404390104443 0.592840589566154 0.1215314825010093 1.123861160008036 0.0 26.63986573476527 0.91350514 34.81913624363072 1.662896714957561 1.8508223122946175 0.3171231626363546 4.259537945889915 36.232950669947925 2.5094350237052074 1.5306028417780004 2.8086863709634224 4.775684252308004 False
616 7463.847801665405 962.698475507135 214.79849673583797 52.82901266353668 7461 7467 960 966 36.0 1.8682147027525986 1.3724230174373784 -43.67782559832957 0.6784816015133497 0.16952604665476917 0.4190571584788504 0.0 10.451471700507815 0.6107823 26.372179103288097 2.0023109381932267 2.798405122651156 0.1407632501370241 3.385137501286538 31.306307353551116 3.2055691760650253 2.2094820653921445 4.192207285881781 7.1256978178264 False
617 8998.687634658816 960.561635921585 214.78483623159732 52.81924253819702 8997 9000 960 961 7.0 1.0196840727895018 0.4763421276444002 -8.863794195269515 0.8841797833091577 0.2518636959301947 0.29786628287169625 0.0 1.9695035371157583 0.2949203 16.014598642024552 1.2393417248661422 3.6643187260733194 0.036846364563622266 1.4927053303604616 20.727642468855976 2.0461651483733196 1.96047049359983 3.5826732331864806 5.79909662953132 False
618 2847.2224662430453 965.9127987085668 214.83965686467482 52.85837331633447 2840 2854 961 970 85.0 3.4626979809141765 1.8686662981740383 -25.392174637705907 0.8418855196390639 0.14121546155436182 0.41868607958097415 0.0 23.24806614741189 0.90042603 92.67536981650726 3.4316211634223017 3.0539553532274972 0.14199316841920215 5.201570947860099 118.29616463856004 5.642852371280769 4.536708773585196 9.111886719140585 14.218867227329513 False
619 2956.471202311345 962.5049071196513 214.83871726535418 52.85766072237309 2956 2957 962 963 4.0 0.5115331630280628 0.4873196450250944 45.95396374323564 0.30402262144213665 0.2746858068111502 0.34011211660040447 0.0 1.2417830023703473 0.20730115 10.926709600626156 0.8762386552380209 3.8400058813930404 0.054323388157712996 1.1283791670955126 13.75591440697464 1.3582110825538958 1.5243006236882621 2.570506398134093 3.708272539721558 False
620 6833.73488603568 964.3752259935261 214.80409828378382 52.83302754312403 6831 6836 962 967 30.0 1.5386475394895613 1.4640246444002896 85.06279997551209 0.30764570810912356 0.20187958361985842 0.3892953398800798 0.0 9.336922862709411 0.53816396 20.213703603108712 1.5951865886211438 2.4137260047489337 0.07167293125465227 3.0901936161855166 21.369035446248745 2.539754972034151 1.9452969349995655 3.2781302146314575 5.326166093737359 False
621 6611.710430955922 968.2148271327395 214.80603808689997 52.8344596549421 6607 6616 964 973 75.0 2.0448484400989466 2.0121507101130067 -31.88003531850624 0.178114852431862 0.12976201915370128 1.0778322876254611 0.0 32.49411509143499 0.8769512 42.70095840373227 1.7301595434612271 1.9244719906194092 0.32489163720113357 4.886025119029199 44.202737262576065 2.776362154257091 1.712340910849949 3.202578917493659 5.276737034672573 False
622 2649.929667359127 967.0204629861603 214.8414068829109 52.85963296586773 2647 2653 965 969 28.0 1.82319801023249 1.1625021328973633 14.652516980305386 0.7703534904926325 0.1467947340960011 0.3676332901211147 0.0 7.049015577398077 0.50722003 66.35499423467348 2.3332234602434347 3.630925563996054 0.13094085821635262 2.985410660720923 139.91582563931453 3.758598865040671 4.489870937818891 8.278389322156903 11.45873153261961 False
623 3501.019726375107 967.4313672309812 214.83380369417097 52.85422682541056 3498 3504 965 970 37.0 1.7586721834574637 1.411216751496907 -1.695717099123741 0.5967421040827047 0.19106841503906824 0.5642753469950458 0.0 13.310547590758373 0.604158 22.691450070140036 1.3755265142736353 1.9994416229040166 0.16468629674920576 3.431831258788849 21.490144931120113 2.241094345536455 1.733168383582604 3.0779760253580837 4.661724741472117 False
