outputs/dr0.5_c0.1/nircam3_matched_f606w_f277w_dr0.5_c0.1.ecsv
# %ECSV 1.0
# ---
# datatype:
# - {name: label, datatype: int64}
# - {name: xcentroid, datatype: float64}
# - {name: ycentroid, datatype: float64}
# - {name: sky_centroid.ra, unit: deg, datatype: float64}
# - {name: sky_centroid.dec, unit: deg, datatype: float64}
# - {name: bbox_xmin, datatype: int64}
# - {name: bbox_xmax, datatype: int64}
# - {name: bbox_ymin, datatype: int64}
# - {name: bbox_ymax, datatype: int64}
# - {name: area, unit: pix2, datatype: float64}
# - {name: semimajor_sigma, unit: pix, datatype: float64}
# - {name: semiminor_sigma, unit: pix, datatype: float64}
# - {name: orientation, unit: deg, datatype: float64}
# - {name: eccentricity, datatype: float64}
# - {name: min_value, datatype: float64}
# - {name: max_value, datatype: float64}
# - {name: local_background, datatype: float64}
# - {name: segment_flux, datatype: float64}
# - {name: segment_fluxerr, datatype: float32}
# - {name: kron_flux, datatype: float64}
# - {name: kron_fluxerr, datatype: float64}
# - {name: kron_radius, unit: pix, datatype: float64}
# - {name: gini, datatype: float64}
# - {name: equivalent_radius, unit: pix, datatype: float64}
# - {name: kron4_2_flux, datatype: float64}
# - {name: kron4_2_fluxerr, datatype: float64}
# - {name: kron4_2_mag, datatype: float64}
# meta:
#   PHOTMJSR: 0.3925000131130219
#   PIXAR_SR: 2.11539874851881e-14
#   __serialized_columns__:
#     area:
#       __class__: astropy.units.quantity.Quantity
#       unit: !astropy.units.Unit {unit: pix2}
#       value: !astropy.table.SerializedColumn {name: area}
#     eccentricity:
#       __class__: astropy.units.quantity.Quantity
#       unit: !astropy.units.Unit {unit: ''}
#       value: !astropy.table.SerializedColumn {name: eccentricity}
#     equivalent_radius:
#       __class__: astropy.units.quantity.Quantity
#       unit: !astropy.units.Unit {unit: pix}
#       value: !astropy.table.SerializedColumn {name: equivalent_radius}
#     kron_radius:
#       __class__: astropy.units.quantity.Quantity
#       unit: !astropy.units.Unit {unit: pix}
#       value: !astropy.table.SerializedColumn {name: kron_radius}
#     orientation:
#       __class__: astropy.units.quantity.Quantity
#       unit: &id001 !astropy.units.Unit {unit: deg}
#       value: !astropy.table.SerializedColumn {name: orientation}
#     semimajor_sigma:
#       __class__: astropy.units.quantity.Quantity
#       unit: !astropy.units.Unit {unit: pix}
#       value: !astropy.table.SerializedColumn {name: semimajor_sigma}
#     semiminor_sigma:
#       __class__: astropy.units.quantity.Quantity
#       unit: !astropy.units.Unit {unit: pix}
#       value: !astropy.table.SerializedColumn {name: semiminor_sigma}
#     sky_centroid:
#       __class__: astropy.coordinates.sky_coordinate.SkyCoord
#       dec: !astropy.table.SerializedColumn
#         __class__: astropy.coordinates.angles.Latitude
#         unit: *id001
#         value: !astropy.table.SerializedColumn {name: sky_centroid.dec}
#       frame: icrs
#       ra: !astropy.table.SerializedColumn
#         __class__: astropy.coordinates.angles.Longitude
#         unit: *id001
#         value: !astropy.table.SerializedColumn {name: sky_centroid.ra}
#         wrap_angle: !astropy.coordinates.Angle
#           unit: *id001
#           value: 360.0
#       representation_type: spherical
#   astropy version: '5.1'
#   kernelfile: kernel_f606w_f277w.fits
#   make_catalog parameters:
#     ab_zpt: 31.4
#     coadd_bands: !!python/tuple [f277w, f356w]
#     deblend_contrast: 0.001
#     deblend_nlevels: 32
#     deblend_npixels: 1
#     detect_kernel_fwhm: 4.0
#     detect_kernel_npix: 7
#     detect_npixels: 4
#     detect_threshold_nsigma: 3.0
#     flag_isolated_buffer: 4
#     hst_bands: !!python/tuple [f606w, f814w, f125w, f140w, f160w]
#     jwst_bands: !!python/tuple [f115w, f150w, f200w, f277w, f356w, f410m, f444w]
#     near_border_kernelsize: 21
#     reference_band: f200w
#   make_catalog version: 1.4.0
#   photutils version: 1.5.0
# schema: astropy-2.0
label xcentroid ycentroid sky_centroid.ra sky_centroid.dec bbox_xmin bbox_xmax bbox_ymin bbox_ymax area semimajor_sigma semiminor_sigma orientation eccentricity min_value max_value local_background segment_flux segment_fluxerr kron_flux kron_fluxerr kron_radius gini equivalent_radius kron4_2_flux kron4_2_fluxerr kron4_2_mag
[from data line 2645]
2646 nan nan nan nan 3947 3949 3419 3421 7.0 nan nan nan nan -0.10057207587298664 -0.011449540516525252 0.0 -0.4204582733729332 0.6800379 nan nan nan -0.2702136998890366 1.4927053303604616 nan nan nan
2647 2372.365120041726 3431.2809502486202 214.81794230357247 52.87468011396149 2357 2386 3423 3442 307.0 7.912354249605015 2.53503774887057 31.75505043645106 0.9472857877325923 -0.15009070043725187 0.6061530342039716 0.0 67.28892388065418 4.9418707 129.36753712922376 14.054159381211704 2.4994034113449315 0.31370073467869414 9.885400096021595 149.15683552344777 22.393800942634027 25.965892097757973
2648 2681.06111598346 3429.3501191936853 214.8152063647381 52.87270757591805 2678 2684 3425 3434 56.0 2.7771091749089636 1.354135264326984 -62.309347303682195 0.8730637604286282 -0.10863653743416318 0.5844276009633328 0.0 17.0256180678546 2.1353192 28.84367395157153 5.5968076348067495 2.3098592554080333 0.2399769694157491 4.222008245644752 38.27487963962882 8.981014142872343 27.442715415808557
2649 10038.3817609654 3428.485240224208 214.74959742579162 52.8259194780806 10036 10041 3426 3431 27.0 1.4541685213571278 1.1663683649349381 -11.446929103268571 0.5972084063193682 0.03061756676087007 0.5786683557806779 0.0 8.644510486664556 1.6405234 15.431755315790138 4.302274686641809 2.3589372055681057 0.25204723219245323 2.9316150714175193 23.538873291722133 6.960273557288081 27.97053582217863
2650 3431.922175670776 3446.175681591694 214.8083259643543 52.868025352783896 3412 3452 3432 3459 804.0 5.779797939525752 4.579112482691996 -2.597911163662696 0.6101814605180136 -0.2688468786423931 2.9015415524529535 0.0 151.7881705731082 7.9980683 152.6565809916928 9.00417722121416 1.4 0.6897934613117338 15.99753570059363 161.0646654461142 14.4491207335835 25.882499312901643
2651 3351.3688361545924 3435.385172462577 214.80915865354987 52.86847926865588 3349 3355 3433 3440 44.0 1.6233463815530416 0.7453978883170784 73.5992350260589 0.8883465293842188 -0.2031877129592609 0.20831663541056414 0.0 0.6330088032721701 1.8522176 1.5236015623298456 1.8935744825188758 1.4 0.6133019514151407 3.742410318509555 -2.334479356556149 3.021359532547704 nan
2652 10025.30324497111 3449.803890927734 214.74948950826476 52.82611743682794 10009 10044 3435 3464 781.0 6.334499925152054 4.954076003106606 0.19071077867156877 0.623179964685258 -0.2118281247694291 2.857314318289738 0.0 287.4036163994667 8.949194 325.7823703994306 13.50248310748612 1.6978854846001417 0.5488456514451898 15.767054928221077 360.4790098845248 21.656839279055838 25.00780004620134
2653 1156.2843287997648 3442.3102861250222 214.8286866650678 52.88246859231202 1151 1160 3436 3446 84.0 2.9104443339376695 1.889783915411557 58.761418349532676 0.760522878851373 -0.07008547538309157 0.9768631130676281 0.0 27.563695685441036 2.438845 42.98721792835204 3.8964680916258625 1.4441580053777494 0.35829672850577643 5.170882945826411 40.14277729394759 6.103036446438796 27.390981459933325
2654 694.9720412098677 3439.298836880849 214.83283925710694 52.8853840590615 693 700 3437 3444 51.0 2.0524272960506917 1.7212603556308659 -28.64232917594711 0.5446765542559847 -0.1631234300933769 0.21090533413627569 0.0 0.3331586363435625 1.7851067 11.275016441426445 8.11913204111695 3.8590993735701686 0.888947258411342 4.029119531035698 8.27918978987876 12.974346150411026 29.105030404113116
2655 2817.4332501947356 3438.660617452444 214.81389076292038 52.87189092120952 2816 2818 3438 3440 7.0 0.7166193067783815 0.5120316923323686 -34.614291171210446 0.6996251833609348 -0.0001819843287406128 0.17106639662703263 0.0 0.6464450872266602 0.7214112 1.0711334446434995 1.4652039473375025 1.9247091865673949 0.4302919005025983 1.4927053303604616 1.365655879878029 2.3860513707990694 31.061646802693605
2656 142.98122093929445 3442.535281255657 214.83773680575652 52.88890929191961 139 145 3439 3444 37.0 2.1234439671949077 0.9696417201475408 -3.8142454001636223 0.8896534360725494 -0.15020927923685812 0.290482413044537 0.0 1.7810097581868527 1.5336069 3.547855473750418 2.240161751297024 1.4 0.5493551177571873 3.431831258788849 0.8873879270958469 3.5520061194379005 31.529716210378727
2657 6065.486505208166 3440.7826813604324 214.78488360480767 52.851252898014806 6064 6066 3439 3442 7.0 0.9092749762464751 0.5282982480559912 54.497091293900546 0.8138961090001088 0.04388853694800132 0.3443176898881339 0.0 1.5294585683540631 0.86332524 15.914899536253118 3.612412927265188 3.678310765370691 0.2900887850352049 1.4927053303604616 18.45005623324852 5.7177715587087725 28.23500576458177
2658 6350.1389266821425 3459.331595404488 214.78214944475667 52.84954279420637 6332 6367 3439 3481 1202.0 8.600313573824605 7.345752123500523 88.3457479101282 0.5200659945482218 -0.28927775893785174 0.9732901738518115 0.0 235.75412631907625 10.261208 253.92586828583865 19.114889288094435 1.8451353391677419 0.4435516170062683 19.5603804460168 270.11894216792393 30.626018650732615 25.321112399300382
2659 8872.48878096148 3443.2808888925315 214.75983052599702 52.83341518422473 8868 8878 3439 3449 96.0 1.7755590758976822 1.647576070825593 67.07097488018005 0.3727803809785025 -0.18912378253971246 0.39923865657690966 0.0 1.7085055265271856 2.7846494 1.4065428120669905 3.0425253791413187 1.4 0.8986332943186426 5.527906391541368 3.6308186459550766 4.839234441714885 29.9999886072881
2660 9206.985948860063 3443.1163459747413 214.75685130824473 52.83128670835554 9200 9211 3440 3447 63.0 2.6214025958312233 1.2157909775263656 -38.86856711223549 0.8859430349433255 -0.27059493343748053 0.24965214871960675 0.0 3.037071669122161 2.2074122 5.593976918233616 6.634940698421933 2.9809726449007092 0.4281448826281633 4.478115991081385 -18.728276509489064 10.780472284790461 nan
2661 9400.288258018885 3444.7158747897747 214.7551119426891 52.830065774484275 9398 9403 3440 3447 27.0 1.7222466912071361 1.0561703215522662 -65.22023051865264 0.7898877324895295 -0.021936147755495836 0.35662941483333443 0.0 3.1881349777262944 1.702251 17.6464650663328 6.088442250260044 3.2024242070462456 0.4994802121333208 2.9316150714175193 9.260659243345819 9.698715142091817 28.98339523967843
2662 8322.516263822763 3444.329834286096 214.76472132650096 52.83691880449536 8320 8326 3441 3446 34.0 1.756013354466452 1.2108092456558206 -7.549442306209613 0.7242650608900045 -0.04660354769906508 0.21490355024260704 0.0 2.473160503454499 1.6325718 7.367639152349621 5.6606382140183085 3.0980563043936593 0.42725600450385376 3.2897623212397704 22.506043852962268 9.062447672849327 28.019252098108122
2663 8537.220875107627 3447.7021922679105 214.76277208877158 52.83557140780111 8528 8546 3442 3454 128.0 5.2130657664750775 1.6588097488565083 -26.698461320730672 0.9480228203809611 -0.2443507954411555 0.39185441318904546 0.0 18.066260879335683 3.2592528 35.522979161922265 5.219249996147483 1.4 0.34078181525210294 6.383076486422923 29.13167155403899 8.29595386532964 27.739086487892916
2664 1512.7063920015473 3443.1137283726653 214.82549468713762 52.88020771586593 1511 1513 3443 3444 6.0 0.4658299685585607 0.3019917416190669 16.03224756124755 0.7613956453901761 -0.06310741714036812 0.08046749474738892 0.0 0.030242919228699358 0.70243996 2.372763416678216 1.7497702469860763 3.6801842436388728 0.6699526978032015 1.381976597885342 5.055558988655565 2.7831357470030182 29.640577044659764
2665 7674.818663280279 3455.950803749629 214.7703728419625 52.84110065599669 7662 7691 3443 3471 612.0 4.886150017832019 3.795993239002024 32.38830216895172 0.629638327651651 -0.20462387931194023 2.501327094871293 0.0 175.78866497223657 7.204884 193.12762422859566 9.338343371306697 1.6721891699456561 0.650949798942364 13.957279475043833 220.6509927152149 14.981522723018383 25.54073528577231
2666 6064.151128155303 3445.413277897324 214.7848467581804 52.85128633118887 6063 6065 3444 3447 11.0 1.1123605622825323 0.7231961914903077 63.657987696895766 0.7598097492653272 0.14402733670629972 0.3181584107302237 0.0 2.4689796424360257 1.0610058 17.20619792440879 4.138126096959848 3.279695318006445 0.14935449273007337 1.8712051592547776 18.506477268838694 6.587467297969596 28.231690604698613
2667 8754.528474754205 3447.405441189834 214.76083840229384 52.834187667864775 8752 8757 3445 3450 31.0 1.5692341897735294 1.3133750870138854 -59.32350828963798 0.547274943093718 0.12230977106191342 0.41609682796591296 0.0 7.5337089394477275 1.5507561 12.037587947465166 2.6277893446136256 1.4749710417203208 0.19347882817579604 3.141274657157109 11.722652975344005 4.201413297790348 28.727435228011643
2668 3564.7146293603387 3448.6437053152144 214.80711464120236 52.86719450819878 3561 3567 3446 3451 34.0 1.6669907222543732 1.4752122148791138 13.526154095596574 0.4656760467605934 -0.047699831909614986 0.2796928137846126 0.0 3.48708849880779 1.8204076 24.353394687521256 7.137182481441865 3.5680204722375226 0.4135922603298697 3.2897623212397704 56.03566485138418 11.308061209508882 27.028838677217802
2669 9711.915742367917 3454.0128901378384 214.75223734388288 52.82813359126322 9705 9719 3446 3462 200.0 4.046830313652284 3.1092266017913097 78.82872256948171 0.6400760208163668 -0.19547190417630714 0.2665544787738605 0.0 12.780484809734794 4.640983 32.643117225053196 13.779110158813255 2.710235571216992 0.4251854320078453 7.978845608028654 14.03246964872016 21.896432413873452 28.532164721141935
2670 2288.941682863523 3458.185629684886 214.8184038789531 52.875355357291006 2280 2299 3447 3468 334.0 3.5622079859211357 2.963049457948242 57.487732297560534 0.5550734118344708 -0.10989682274686065 4.4086716164186335 0.0 206.60697395173366 5.0778956 209.00791196375647 5.80202380941879 1.4503895464643057 0.6273608795362264 10.31094088749354 220.51440759898972 9.288789878730125 25.54140757516921
2671 6489.9599618763195 3456.1297223402007 214.78093615453918 52.84863645121776 6474 6504 3448 3466 290.0 7.048705981801198 2.2506574819647374 -28.003892244938847 0.9476534160939933 -0.2584388774202572 0.3917638773791136 0.0 36.13224581296613 4.9969454 49.931542108508324 10.86393403467758 2.0877989189443693 0.3788085156739954 9.607802401865856 98.4639607865051 17.325219180185286 26.4168067459784
2672 7271.040883331263 3462.207135988914 214.77390697969494 52.8437021844238 7254 7287 3448 3476 617.0 7.07146639179949 5.047491101202639 27.38715839179208 0.7003671254385663 -0.18164882576488225 0.7760619489328707 0.0 165.16740863190523 7.2400217 206.96354848775292 14.63944962792435 1.9081894888820925 0.38863708666107644 14.01417852659937 214.88600576595866 23.38781256868181 25.569479666442604
2673 754.0496864172144 3453.4239704259294 214.8321627264531 52.88508476320118 751 755 3449 3455 31.0 1.1721298939127034 0.8256048021299026 -51.77299067860001 0.7098400637243921 -0.13198131553182058 0.1549228165276355 0.0 -0.22027048035016894 1.3641069 0.6443691680065349 1.5208606717205002 1.4 -0.1745872675123475 3.141274657157109 -2.1563524319596836 2.4386974951653615 nan
2674 3220.3017236242126 3453.396363309556 214.8101389899008 52.86940947944087 3217 3222 3449 3456 37.0 1.6043735383312032 1.0559382525313463 -76.64646849824284 0.7528760361091553 -0.08232706632724048 0.48007437112395884 0.0 6.463510649401792 1.7844425 8.892556044071396 2.6665750615391497 1.6057184834995826 0.4366724556785882 3.431831258788849 9.427909388804075 4.187013902303106 28.96396150027899
2675 2190.6173567711644 3450.878652855683 214.81935881661977 52.87594092900569 2189 2191 3450 3452 8.0 0.7942867937286487 0.516595257792049 79.59111105416527 0.7596014553048375 -0.02010660832243864 0.38776593550149374 0.0 1.5700818407751798 0.83897537 4.181021249829501 2.2253174404508225 2.686729829049418 0.4224503686746058 1.5957691216057308 6.1651074476974985 3.4999337730797127 29.425148374906843
2676 2841.517143979514 3454.475871243039 214.813509194894 52.87182306105143 2839 2842 3452 3455 15.0 0.8538971131966994 0.5771237178999777 -62.41290285072241 0.7370205602147432 -0.2290284047526199 0.26231673839777586 0.0 0.030943145674029893 1.0801678 1.9836649086802984 1.4089442895046131 1.6191109891162394 1.142927009923373 2.1850968611841584 1.712126522343187 2.257565265409975 30.81616036269102
2677 6163.0 3452.29170410845 214.78389266218716 52.850694838869224 6161 6163 3452 3454 7.0 0.538466484469358 0.28867513459481287 90.0 0.8441506465131002 -0.059341126638002895 0.01699455452077435 0.0 -0.1669325635382278 0.8621371 1.2002119914589433 2.3109000890767164 4.0388272144551 -0.4884862490525639 1.4927053303604616 3.5818510132185075 3.606720421448333 30.0147312063813
2678 344.66969629460846 3473.133883409087 214.83561251141865 52.88779258030458 319 364 3455 3489 1242.0 9.88633641335245 7.8548595542680015 1.938530065437991 0.6072422792995024 -0.3282670694674092 0.6336394182168802 0.0 46.809943884723 8.826207 32.72553857321975 13.75950564749875 1.4 0.5587538921733209 19.88318079785697 -15.467378253321598 22.0206913458776 nan
2679 9086.852683435041 3456.141633151655 214.75778473862522 52.83212095984188 9084 9088 3455 3458 16.0 1.1335153305628278 0.9658669977628137 -26.237424153363786 0.523381044762524 0.041383347278286735 0.5551181214588343 0.0 4.141575159557723 1.1898605 22.09660091641576 4.42864595012331 3.258238982774388 0.34966044835810284 2.256758334191025 20.83848042679784 7.083053586950125 28.102834884054836
2680 1067.435442752616 3460.57616554505 214.82928793446558 52.883131708300006 1064 1070 3456 3464 54.0 2.170489410223473 1.509272655473593 83.58346500821087 0.7186610748334883 -0.0706238042974989 0.3295985874300749 0.0 7.829274049360776 1.8704278 19.17520104092612 4.730382440256344 2.3008922313752045 0.389919984102915 4.145929793656026 24.46944873700806 7.559049895774982 27.92843953648692
2681 1579.6521215191428 3461.869066765238 214.82469925349284 52.87988332825872 1576 1584 3456 3467 76.0 3.3322105162816884 1.5881603913672715 61.44714792153069 0.8791155694996281 -0.16049229790066177 0.28226668181602477 0.0 6.705426147068565 2.5506134 29.484059275643652 8.698743305469325 2.9427831817909222 0.39792268681535553 4.918490759365935 22.580475532900763 13.965882635183357 28.015667290755246
2682 2790.1891606435497 3465.5758871931084 214.81385055764048 52.87220913995205 2776 2806 3456 3473 421.0 5.156463473570827 2.792542484414862 -5.933272752346527 0.8406610848572373 -0.3869638492578646 3.4101887050061026 0.0 196.34641653436702 5.7260966 207.25713202330328 6.981062082122603 1.4787859070502587 0.5915216087015027 11.576202403352141 219.47611879990257 11.202433547383198 25.546531821102064
2683 10109.146730796068 3459.8944214890666 214.74863631251458 52.825638406293315 10107 10112 3457 3463 33.0 1.2778802156705893 1.0825195238681389 4.657007979686908 0.5313996021139104 -0.18092384560956554 0.32486148761799316 0.0 2.4422992572570004 1.8335465 1.6584479453923842 2.3058973681571127 1.4 0.5197335428117617 3.2410224072142872 0.39164552425156574 3.691635233599603 32.41776708059071
2684 10065.470775081094 3464.666666306792 214.74897518041206 52.82594193089242 10059 10070 3459 3471 108.0 2.719048108785356 1.7739335678316104 -53.97726932597335 0.7578664025154482 -0.20139368763228477 0.7952193557777459 0.0 22.837684063684073 3.292977 23.86248494329719 4.383503509930937 1.4 0.5008269404179646 5.863230142835039 27.467241664494114 7.023540524592013 27.802962378572467
2685 2763.674340892561 3460.191727748515 214.81414398445776 52.87234866359124 2762 2767 3460 3464 20.0 0.9157836155480438 0.3829218235196139 -6.3022496244722195 0.9083845749653283 -0.30320379365870753 0.2903382167739289 0.0 -1.6487415932926983 1.3689893 1.9782021070787676 2.0814326494310773 2.6424339667022707 -0.3486054436421573 2.5231325220201604 0.6891709337783052 3.3399846825422186 31.804182618708186
