outputs/dr0.5_c0.1/nircam2_f200w_dr0.5_c0.1.ecsv
# %ECSV 1.0
# ---
# datatype:
# - {name: label, datatype: int64}
# - {name: xcentroid, datatype: float64}
# - {name: ycentroid, datatype: float64}
# - {name: sky_centroid.ra, unit: deg, datatype: float64}
# - {name: sky_centroid.dec, unit: deg, datatype: float64}
# - {name: bbox_xmin, datatype: int64}
# - {name: bbox_xmax, datatype: int64}
# - {name: bbox_ymin, datatype: int64}
# - {name: bbox_ymax, datatype: int64}
# - {name: area, unit: pix2, datatype: float64}
# - {name: semimajor_sigma, unit: pix, datatype: float64}
# - {name: semiminor_sigma, unit: pix, datatype: float64}
# - {name: orientation, unit: deg, datatype: float64}
# - {name: eccentricity, datatype: float64}
# - {name: min_value, datatype: float64}
# - {name: max_value, datatype: float64}
# - {name: local_background, datatype: float64}
# - {name: segment_flux, datatype: float64}
# - {name: segment_fluxerr, datatype: float32}
# - {name: kron_flux, datatype: float64}
# - {name: kron_fluxerr, datatype: float64}
# - {name: kron_radius, unit: pix, datatype: float64}
# - {name: gini, datatype: float64}
# - {name: equivalent_radius, unit: pix, datatype: float64}
# - {name: kron4_2_flux, datatype: float64}
# - {name: kron4_2_fluxerr, datatype: float64}
# - {name: radius_kron20, unit: pix, datatype: float64}
# - {name: radius_kron50, unit: pix, datatype: float64}
# - {name: radius_kron80, unit: pix, datatype: float64}
# - {name: near_border, datatype: bool}
# meta:
#   PHOTMJSR: 1.891700029373169
#   PIXAR_SR: 2.11539874851881e-14
#   __serialized_columns__:
#     area:
#       __class__: astropy.units.quantity.Quantity
#       unit: !astropy.units.Unit {unit: pix2}
#       value: !astropy.table.SerializedColumn {name: area}
#     eccentricity:
#       __class__: astropy.units.quantity.Quantity
#       unit: !astropy.units.Unit {unit: ''}
#       value: !astropy.table.SerializedColumn {name: eccentricity}
#     equivalent_radius:
#       __class__: astropy.units.quantity.Quantity
#       unit: !astropy.units.Unit {unit: pix}
#       value: !astropy.table.SerializedColumn {name: equivalent_radius}
#     kron_radius:
#       __class__: astropy.units.quantity.Quantity
#       unit: &id001 !astropy.units.Unit {unit: pix}
#       value: !astropy.table.SerializedColumn {name: kron_radius}
#     orientation:
#       __class__: astropy.units.quantity.Quantity
#       unit: &id002 !astropy.units.Unit {unit: deg}
#       value: !astropy.table.SerializedColumn {name: orientation}
#     radius_kron20:
#       __class__: astropy.units.quantity.Quantity
#       unit: *id001
#       value: !astropy.table.SerializedColumn {name: radius_kron20}
#     radius_kron50:
#       __class__: astropy.units.quantity.Quantity
#       unit: *id001
#       value: !astropy.table.SerializedColumn {name: radius_kron50}
#     radius_kron80:
#       __class__: astropy.units.quantity.Quantity
#       unit: *id001
#       value: !astropy.table.SerializedColumn {name: radius_kron80}
#     semimajor_sigma:
#       __class__: astropy.units.quantity.Quantity
#       unit: !astropy.units.Unit {unit: pix}
#       value: !astropy.table.SerializedColumn {name: semimajor_sigma}
#     semiminor_sigma:
#       __class__: astropy.units.quantity.Quantity
#       unit: !astropy.units.Unit {unit: pix}
#       value: !astropy.table.SerializedColumn {name: semiminor_sigma}
#     sky_centroid:
#       __class__: astropy.coordinates.sky_coordinate.SkyCoord
#       dec: !astropy.table.SerializedColumn
#         __class__: astropy.coordinates.angles.Latitude
#         unit: *id002
#         value: !astropy.table.SerializedColumn {name: sky_centroid.dec}
#       frame: icrs
#       ra: !astropy.table.SerializedColumn
#         __class__: astropy.coordinates.angles.Longitude
#         unit: *id002
#         value: !astropy.table.SerializedColumn {name: sky_centroid.ra}
#         wrap_angle: !astropy.coordinates.Angle
#           unit: *id002
#           value: 360.0
#       representation_type: spherical
#   astropy version: '5.1'
#   make_catalog parameters:
#     ab_zpt: 31.4
#     coadd_bands: !!python/tuple [f277w, f356w]
#     deblend_contrast: 0.001
#     deblend_nlevels: 32
#     deblend_npixels: 1
#     detect_kernel_fwhm: 4.0
#     detect_kernel_npix: 7
#     detect_npixels: 4
#     detect_threshold_nsigma: 3.0
#     flag_isolated_buffer: 4
#     hst_bands: !!python/tuple [f606w, f814w, f125w, f140w, f160w]
#     jwst_bands: !!python/tuple [f115w, f150w, f200w, f277w, f356w, f410m, f444w]
#     near_border_kernelsize: 21
#     reference_band: f200w
#   make_catalog version: 1.4.0
#   photutils version: 1.5.0
# schema: astropy-2.0
label xcentroid ycentroid sky_centroid.ra sky_centroid.dec bbox_xmin bbox_xmax bbox_ymin bbox_ymax area semimajor_sigma semiminor_sigma orientation eccentricity min_value max_value local_background segment_flux segment_fluxerr kron_flux kron_fluxerr kron_radius gini equivalent_radius kron4_2_flux kron4_2_fluxerr radius_kron20 radius_kron50 radius_kron80 near_border
[from data line 3373]
3374 8858.588514269326 5639.62162197033 214.8451911624782 52.900135830465494 8855 8862 5637 5642 44.0 2.0308148850370036 1.3755896649368597 11.39402592602428 0.7356531126026515 -0.19816029623252462 1.0795796354771576 0.0 23.179121375345943 1.5402684 32.406456034350875 3.005286634440138 1.806502436623819 0.2625039775088119 3.742410318509555 30.933369167658693 4.765490212208019 1.6153207184013891 2.8732897113254463 4.831757205388548 False
3375 7759.5425370519815 5642.635753564626 214.85498469935163 52.90713506331837 7756 7763 5639 5645 38.0 2.35150393330466 1.095224648313756 -37.06285297635905 0.8849137280979971 -0.038645573255355364 0.6571243458154603 0.0 11.789040077709725 1.412777 19.824933767561923 3.713394107357617 2.2893151559748364 0.30734613659893284 3.477898169151024 21.427863651951057 5.920564545613826 1.894673302380261 3.3424008887162233 7.844415049577678 False
3376 9212.104320905153 5656.483381081004 214.84185384605976 52.89798044229958 9201 9224 5641 5669 498.0 5.880853968295906 3.6074327035833456 69.34982645078259 0.7897569610236319 -0.03799708687276608 4.142064593859586 0.0 477.9569449521804 5.244856 519.5241381372066 7.326696581950303 1.5584817041010883 0.4941038839372996 12.590406002966217 548.1473788253718 11.453545638723828 3.2981846817817875 6.38974278181333 9.989951396744665 False
3377 123.39349856936504 5643.550123250121 214.9233283653905 52.95563510077821 121 125 5642 5645 14.0 1.1039106651821156 0.8158793407837888 -24.909588237794555 0.6736166213057297 0.30456560417089895 1.1293003431987423 0.0 9.482116318780044 2.3689868 16.836225251446926 6.327691885979816 2.320370191034258 0.2354534762420828 2.111004122822376 20.92276762559628 10.26495750624528 1.0485605007855228 1.9644013557672981 3.3064966233522024 False
3378 2516.394537439861 5644.702621265676 214.90187935218194 52.940448264212336 2514 2518 5643 5647 23.0 1.301940524939366 1.184073947820744 -76.05378584683697 0.4157727450620199 0.19364695774235555 1.0380191758601085 0.0 14.69665280912079 1.1744332 37.39053963456533 3.5329493311505393 2.7307317634622743 0.23090117653019007 2.7057581899030048 49.45449049706434 5.735161425102534 1.724932037024179 3.2674700560548606 5.641455686379309 False
3379 6331.750927384885 5644.919712229471 214.86772958108 52.91621789162401 6330 6333 5644 5646 9.0 0.8890598034224936 0.6764510487284406 -5.9342252428554705 0.6489147381060336 0.2558611187266657 0.7987630419211026 0.0 4.840342014008305 0.7526399 17.262558813195582 2.679429991023076 3.095391326629473 0.22071970237879807 1.692568750643269 19.18551488024723 4.19540549681588 1.3516175444070087 2.5368220993838007 4.081680871852292 False
3380 7881.4122488607245 5646.761190198394 214.85385159027862 52.90638302904709 7880 7883 5644 5649 20.0 1.3939042561838955 1.0239100080272696 -78.06646769175899 0.6785408677917651 0.21623457192949772 0.6406160990106278 0.0 9.251108716490624 1.0301309 27.367277562474307 3.3049890781419426 2.7430788611451744 0.1591949890660948 2.5231325220201604 45.96248274525554 5.215986544952313 1.8348406829327406 3.501097074186456 5.623712448062156 False
3381 2191.083368087633 5646.846031615325 214.90477007252113 52.94252544625263 2190 2192 5645 5648 10.0 1.0596259652562117 0.6068669444853194 46.76069779161331 0.8197524046976691 0.058448602024790484 0.5477725635479057 0.0 2.7129864836771693 0.7937174 12.326724092951126 2.524860966062079 3.0399564348266566 0.3468874309308009 1.7841241161527712 16.21473048492863 3.938391349374523 1.5801460132402827 2.603547552750558 3.7827242403142844 False
3382 3542.807112789306 5653.103391508059 214.89260068370965 52.933975757049836 3534 3552 5645 5661 238.0 3.206560413376394 2.4670636935450174 5.025929330352808 0.638791279787634 -0.11975702223908066 6.612410478010333 0.0 197.64560784992995 3.7761414 209.53524159072222 4.707452423631163 1.5645565957755434 0.6011027355711693 8.703892974511014 225.3943424270624 7.383372864429508 1.6049254925219951 3.235279986648795 5.891798383055119 False
3383 7122.261841608112 5652.342647151152 214.86058107327997 52.91123611526226 7114 7130 5645 5659 197.0 2.9348814835068904 2.6053009631162056 11.610549352670347 0.4604179351215121 -0.08733056676533416 3.5119878540808234 0.0 114.86675434490715 3.2901137 143.79229942944033 5.7300626711279135 2.0367763461647543 0.5396114673612555 7.918778161951929 182.50317096205436 9.109329240636912 1.8283899714186542 3.894206057692302 7.894009596902995 False
3384 1100.0615612234817 5648.687632061106 214.91452327384835 52.949462479083714 1097 1103 5646 5651 34.0 1.5973851839137494 1.3046408709772574 -4.176417965915099 0.5770125181269276 0.009137301749961888 0.7839208100762107 0.0 13.705897806551013 1.4031022 25.901211909761745 3.682619856853233 2.496163974911285 0.29171568388002783 3.2897623212397704 27.239392874776 5.879043030991936 1.6462123589906061 3.152121025431501 5.916256873208556 False
3385 4331.516225539407 5653.556451349201 214.88553595096323 52.92896931942734 4323 4340 5646 5661 202.0 3.8135632970611386 2.0688565485378954 -40.72497141973707 0.8400560625220194 -0.045468772584787875 4.209054371255512 0.0 152.96037983802603 3.7800558 171.56765414766608 5.2605557178884865 1.642707864659373 0.5284936956085484 8.018640596081465 183.68472665222464 8.362533506608454 1.859119570290357 3.693376564838021 6.903478457540533 False
3386 1000.1594452577154 5649.87343074893 214.915405787803 52.95010313609726 997 1003 5647 5653 38.0 1.7202887177350161 1.2734591118874456 -82.79406597395561 0.6723218677313761 -0.0916956955455526 0.600257488091242 0.0 7.011699081861926 1.4239564 10.94791098922773 3.4666004850222554 2.267490340968974 0.41228966809068784 3.477898169151024 2.331581722021982 5.596760776232912 1.3209310235504654 2.858595145128752 4.695840663778271 False
3387 3068.4858010038856 5647.481190550149 214.8969064912668 52.93695750429664 3068 3069 5647 5648 4.0 0.5120109964214266 0.4871235291475833 -44.82466871077689 0.30798037669250256 0.49657431061145385 0.5933645427857425 0.0 2.243591192031135 0.4864756 15.028557949523996 1.974945259421921 3.6772209792099817 0.04498138189484296 1.1283791670955126 19.238647000976947 3.159098260035712 1.3471421811327486 2.3168072764282552 3.396463695257709 False
3388 6249.773476039468 5653.501994645607 214.86837246523916 52.91678492901172 6243 6257 5647 5659 151.0 3.2308564008235865 2.451319852063264 34.36042585230283 0.6514152713640422 0.009980037300141732 1.5585726215032996 0.0 80.88615781428342 3.1008947 105.54116890264305 5.536982073395289 1.8277601081328996 0.37512891445569485 6.93287767191607 113.6361296603917 8.796437906768482 2.2943030901218857 4.360268110407717 7.508255394642706 False
3389 nan nan nan nan 8183 8190 5647 5653 43.0 nan nan nan nan 0.0 0.0 0.0 0.0 6557439.0 nan nan nan nan 3.6996385101659595 nan nan nan nan nan False
3390 2878.6002242309623 5651.493190466693 214.89856441930303 52.93818494291354 2875 2882 5649 5654 32.0 1.7009294764248686 1.168226065276269 7.975126349559675 0.7268310599200842 0.044204821270086965 1.0108369816438385 0.0 17.867788410158745 1.3205172 34.78206508897984 3.4898147644593536 2.432589379999151 0.2555178991663426 3.1915382432114616 33.759687632675615 5.638674394896793 1.6639547877258622 3.1276754787881242 5.723073657170255 False
3391 6070.090650322138 5669.375108655093 214.86981258625906 52.918011934220054 6048 6084 5651 5683 837.0 6.988094045194758 4.943738146090789 31.559872273982577 0.7067618180811478 -0.20089911411019418 12.990250922520632 0.0 837.5774611257841 7.3758774 906.7709892329925 10.167009136126625 1.5866357025209528 0.5712063911683308 16.322541920173855 972.008626073086 16.01558180954763 3.7957753557379643 6.829113039657499 12.479537500504515 False
3392 1204.385348517689 5658.069428925676 214.91348982265973 52.948850783780664 1199 1209 5652 5666 109.0 3.632706959220263 1.8197758638006272 -65.65327167810932 0.8654807966810755 -0.13011749465543196 1.1873036551412808 0.0 42.73842555167579 2.4845557 83.53655077074816 6.378807799697109 2.3888314681016602 0.3253389619731746 5.890312181373172 74.84854778764756 10.175538649884418 2.7894889365731865 5.975337073651964 9.608889973173557 False
3393 1778.240260224488 5659.3077624456555 214.9083363560192 52.94521401498626 1768 1788 5655 5664 146.0 4.335046129094726 1.6502946221193158 0.4260506452516618 0.9247040598758469 -0.06863512746734639 1.7031788360052809 0.0 68.18288073459088 2.803723 99.25586307146692 5.75302077413339 2.117451314557912 0.4255303524944391 6.817128675830715 97.70547923185049 9.285917749073738 2.304806770587221 5.2398329153646275 11.332938684019215 False
3394 10217.950131254087 5662.841438623464 214.83279849052673 52.89162293551494 10214 10223 5657 5667 81.0 2.343369430356365 1.6705753960796437 45.745115198468305 0.7012712024651974 -0.11196233618687364 1.7390815626837808 0.0 39.509383288281526 2.176691 55.08010183494003 4.295076352823428 2.1210499299675027 0.4327836740806105 5.077706251929807 65.3885913614861 6.9141501344378025 1.6326184317258023 3.3298028138860305 5.747560241081346 False
3395 9667.714669765233 5661.816860730118 214.83772593738726 52.89511404320889 9662 9674 5658 5665 78.0 3.3502378459272166 1.5243773383821722 -17.99872574938083 0.8904885215186922 0.09414849801872924 1.048646811783589 0.0 32.91322755732389 2.0365877 81.39166240391484 6.2124717465205315 2.706578412721293 0.27101626781622085 4.982787485166879 91.71826521183736 9.926792909881383 3.235567458867001 6.6991124564702345 10.666457801730747 False
3396 nan nan nan nan 86 89 5661 5666 18.0 nan nan nan nan 0.0 0.0 0.0 0.0 4242640.5 nan nan nan nan 2.393653682408596 nan nan nan nan nan True
3397 3082.3225408214903 5664.032386813527 214.896608214684 52.936958953128354 3079 3086 5661 5667 49.0 1.7866581415891996 1.373470025607163 15.690601137022508 0.6395651584725345 -0.09268723616296404 1.727037650764579 0.0 26.80348305551583 1.7178386 30.035667086692545 2.374698043927603 1.4 0.40140324845725106 3.949327084834294 27.92080685677406 3.8112046251550393 1.1652746809692802 2.14777621070871 3.468293373222067 False
3398 4463.39528199081 5665.945318244435 214.88422509736205 52.92819858920202 4457 4469 5661 5671 88.0 3.1409955521974435 1.6692624801344693 33.529046481765825 0.8470935792923421 0.09192850041573168 1.6746519606280876 0.0 56.28334555878568 2.3400564 126.39866171108878 6.553903733585885 2.7517718623615166 0.30700493833149695 5.292567428401227 133.8037513011447 10.456192320020696 2.8935976287025396 6.357220379899895 11.578483178249279 False
3399 512.7583063808963 5663.351173996796 214.91963070046546 52.95327019685115 511 514 5662 5664 8.0 1.0566635675542884 0.6586884131383423 -13.245222567977402 0.7819299901447635 -0.08406155012909729 0.33445393711339605 0.0 1.3381327129660772 0.775194 36.990364982068265 3.90174936370043 3.9989912896410575 0.3759036143986265 1.5957691216057308 100.94044383363561 6.067340412444886 4.028563944783231 6.0070576949557 7.504603198264151 False
3400 2489.2082896944985 5673.51140999431 214.90181926021387 52.940776362720726 2483 2496 5663 5685 210.0 5.600027413339378 2.0222588868550293 -66.8743586759779 0.9325209453641998 -0.29753828085615286 2.192975881402904 0.0 108.18581064473071 4.2713885 150.9742534060827 8.048904947546417 1.9201308776387833 0.39397280491664105 8.175883811466258 148.5754993928657 12.60618047201771 2.8840421842499744 6.53045984488578 11.650979490181564 False
3401 3020.03811824507 5670.85884261156 214.89709395855178 52.93739130559317 3013 3027 5664 5678 153.0 3.222834514647858 2.709454554985924 -28.12910008490243 0.5414926952397133 -0.1174741630207439 1.6737147670225403 0.0 53.310028727013005 2.9911852 79.45366131330346 7.060270660124754 2.216960200441327 0.40320767870379765 6.978639737521917 107.53168755827926 11.280043803290154 2.4665531934538314 5.332895398351684 9.326089171265954 False
3402 6035.961442527465 5667.10671757666 214.87014179467084 52.918216493500935 6032 6039 5664 5670 43.0 2.086361650430944 1.4435967970142263 38.28371612901847 0.721973514697971 -0.0718289838232692 0.44610207925823825 0.0 10.63845741203801 1.7004243 36.12889385394469 5.989760285430349 2.940001428347153 0.260496940331765 3.6996385101659595 56.67985586453211 9.690819425649861 2.844882851351629 5.378154969162798 8.224713029255199 False
3403 7161.1697421658455 5669.441735313818 214.86005299259133 52.911081152958765 7156 7166 5664 5674 91.0 2.5374907972940455 1.901704699837592 45.78631598725379 0.6620688778818193 -0.0954537602328614 1.314441130029324 0.0 33.22749677245443 2.2379894 53.332357918787075 4.998858693723835 2.252987705131668 0.39801854160580613 5.382025607773058 62.65876258800388 7.976577280760928 1.9527776189587909 4.199512194515068 7.632193071635748 False
3404 6346.743248054755 5697.731360687049 214.8670391062409 52.91640750240903 6333 6360 5666 5732 1271.0 11.950085215815855 3.7481378578892754 78.86848744546046 0.9495388416937186 -0.09074316710289969 12.883013621004086 0.0 1674.0174177831295 9.146281 1744.129082204396 11.219629195405322 1.507162824665568 0.5776946686840613 20.113971893676243 1855.7322921461032 17.465298056268175 3.904572740722261 9.30223856100962 16.993313250032216 False
3405 2537.1762488888526 5675.727168255296 214.90136636010908 52.940483734060024 2531 2543 5668 5684 155.0 3.2053554270007703 2.0558567996447734 -70.42677479358541 0.7672218193602347 -0.23262995539154618 2.5300467784195018 0.0 97.86104488582146 3.0204916 119.88316601774262 5.249196125322112 1.9280294450973494 0.49896419945562687 7.024103669400641 138.7191448559122 8.293207254721905 1.8644960266166113 3.6711557895401317 7.079607882208662 False
3406 6662.652226988131 5677.662617492887 214.8644248687559 52.91429245126108 6653 6670 5668 5686 235.0 4.466029889555912 2.2625091660688614 -52.23754452721087 0.8621787866558962 -0.11650722732564397 3.8579783993830197 0.0 190.06219275081475 3.6673625 213.74464213856848 5.516267689041121 1.6849466030673033 0.5038110055284759 8.6488625410045 233.82860454923502 8.738439088370608 2.638725569821558 4.578601253892071 7.470109205398019 False
3407 329.173665372345 5676.62727223513 214.9211358139833 52.95450732817579 315 340 5670 5687 305.0 5.723115416768568 2.6407249380986575 18.55120082422016 0.8871849996534305 -0.1989907095141687 1.3851734733332706 0.0 82.61259976331009 4.0748377 130.40906173380856 9.333052648281424 2.3422443040622816 0.4932284499757429 9.853147481188747 150.61322861973997 15.010972676373477 3.2837561292312842 7.91784102296387 15.78508315583837 False
3408 8567.359164459314 5676.934999308217 214.84740133845236 52.90218747592559 8559 8576 5670 5684 205.0 3.6785877485969416 2.933456438198846 -14.554913365733018 0.6033970184844706 -0.05303771977553457 1.55245604466717 0.0 108.79773016250846 3.2273746 141.96239564127126 6.315840791537183 1.9360150308422763 0.37157813537867634 8.07796550300118 151.7726503215989 9.99534134836569 2.7451980319833216 5.153116582496746 8.576155436698228 False
3409 7087.55505211766 5680.644018057048 214.86059331102632 52.91160923416482 7071 7103 5671 5691 545.0 6.731311586647498 4.142730886306185 10.527115189870413 0.7881822909026628 -0.12605605795980265 3.661958635193763 0.0 332.78027204860234 5.5964026 487.8059392801782 12.34510877154859 2.2161834375239557 0.4261072752441684 13.171138446245484 610.794236005791 19.85081145006293 4.015061066706882 9.660733524285193 17.972493497872424 False
3410 7508.306417678306 5696.425586405127 214.8566645057987 52.909021295886006 7495 7521 5671 5719 942.0 7.475785715173344 4.320148259894079 -78.48113359772253 0.8161178434264136 -0.15403571932584548 19.604420752278187 0.0 862.8727680646554 7.8192687 951.4381770860589 10.278362875459612 1.6508559960518943 0.5958470280943436 17.31611713939158 1034.4342444822882 15.70959184633247 2.3785055915754145 6.223476482073782 13.736394976726373 False
3411 nan nan nan nan 2353 2357 5672 5676 23.0 nan nan nan nan 0.0 0.0 0.0 0.0 4795831.5 nan nan nan nan 2.7057581899030048 nan nan nan nan nan True
