outputs/dr0.5_c0.1/nircam2_f410m_dr0.5_c0.1.ecsv
# %ECSV 1.0
# ---
# datatype:
# - {name: label, datatype: int64}
# - {name: xcentroid, datatype: float64}
# - {name: ycentroid, datatype: float64}
# - {name: sky_centroid.ra, unit: deg, datatype: float64}
# - {name: sky_centroid.dec, unit: deg, datatype: float64}
# - {name: bbox_xmin, datatype: int64}
# - {name: bbox_xmax, datatype: int64}
# - {name: bbox_ymin, datatype: int64}
# - {name: bbox_ymax, datatype: int64}
# - {name: area, unit: pix2, datatype: float64}
# - {name: semimajor_sigma, unit: pix, datatype: float64}
# - {name: semiminor_sigma, unit: pix, datatype: float64}
# - {name: orientation, unit: deg, datatype: float64}
# - {name: eccentricity, datatype: float64}
# - {name: min_value, datatype: float64}
# - {name: max_value, datatype: float64}
# - {name: local_background, datatype: float64}
# - {name: segment_flux, datatype: float64}
# - {name: segment_fluxerr, datatype: float32}
# - {name: kron_flux, datatype: float64}
# - {name: kron_fluxerr, datatype: float64}
# - {name: kron_radius, unit: pix, datatype: float64}
# - {name: gini, datatype: float64}
# - {name: equivalent_radius, unit: pix, datatype: float64}
# - {name: kron4_2_flux, datatype: float64}
# - {name: kron4_2_fluxerr, datatype: float64}
# - {name: radius_kron20, unit: pix, datatype: float64}
# - {name: radius_kron50, unit: pix, datatype: float64}
# - {name: radius_kron80, unit: pix, datatype: float64}
# - {name: near_border, datatype: bool}
# meta:
#   PHOTMJSR: 0.8704000115394592
#   PIXAR_SR: 2.11539874851881e-14
#   __serialized_columns__:
#     area:
#       __class__: astropy.units.quantity.Quantity
#       unit: !astropy.units.Unit {unit: pix2}
#       value: !astropy.table.SerializedColumn {name: area}
#     eccentricity:
#       __class__: astropy.units.quantity.Quantity
#       unit: !astropy.units.Unit {unit: ''}
#       value: !astropy.table.SerializedColumn {name: eccentricity}
#     equivalent_radius:
#       __class__: astropy.units.quantity.Quantity
#       unit: !astropy.units.Unit {unit: pix}
#       value: !astropy.table.SerializedColumn {name: equivalent_radius}
#     kron_radius:
#       __class__: astropy.units.quantity.Quantity
#       unit: &id001 !astropy.units.Unit {unit: pix}
#       value: !astropy.table.SerializedColumn {name: kron_radius}
#     orientation:
#       __class__: astropy.units.quantity.Quantity
#       unit: &id002 !astropy.units.Unit {unit: deg}
#       value: !astropy.table.SerializedColumn {name: orientation}
#     radius_kron20:
#       __class__: astropy.units.quantity.Quantity
#       unit: *id001
#       value: !astropy.table.SerializedColumn {name: radius_kron20}
#     radius_kron50:
#       __class__: astropy.units.quantity.Quantity
#       unit: *id001
#       value: !astropy.table.SerializedColumn {name: radius_kron50}
#     radius_kron80:
#       __class__: astropy.units.quantity.Quantity
#       unit: *id001
#       value: !astropy.table.SerializedColumn {name: radius_kron80}
#     semimajor_sigma:
#       __class__: astropy.units.quantity.Quantity
#       unit: !astropy.units.Unit {unit: pix}
#       value: !astropy.table.SerializedColumn {name: semimajor_sigma}
#     semiminor_sigma:
#       __class__: astropy.units.quantity.Quantity
#       unit: !astropy.units.Unit {unit: pix}
#       value: !astropy.table.SerializedColumn {name: semiminor_sigma}
#     sky_centroid:
#       __class__: astropy.coordinates.sky_coordinate.SkyCoord
#       dec: !astropy.table.SerializedColumn
#         __class__: astropy.coordinates.angles.Latitude
#         unit: *id002
#         value: !astropy.table.SerializedColumn {name: sky_centroid.dec}
#       frame: icrs
#       ra: !astropy.table.SerializedColumn
#         __class__: astropy.coordinates.angles.Longitude
#         unit: *id002
#         value: !astropy.table.SerializedColumn {name: sky_centroid.ra}
#         wrap_angle: !astropy.coordinates.Angle
#           unit: *id002
#           value: 360.0
#       representation_type: spherical
#   astropy version: '5.1'
#   make_catalog parameters:
#     ab_zpt: 31.4
#     coadd_bands: !!python/tuple [f277w, f356w]
#     deblend_contrast: 0.001
#     deblend_nlevels: 32
#     deblend_npixels: 1
#     detect_kernel_fwhm: 4.0
#     detect_kernel_npix: 7
#     detect_npixels: 4
#     detect_threshold_nsigma: 3.0
#     flag_isolated_buffer: 4
#     hst_bands: !!python/tuple [f606w, f814w, f125w, f140w, f160w]
#     jwst_bands: !!python/tuple [f115w, f150w, f200w, f277w, f356w, f410m, f444w]
#     near_border_kernelsize: 21
#     reference_band: f200w
#   make_catalog version: 1.4.0
#   photutils version: 1.5.0
# schema: astropy-2.0
label xcentroid ycentroid sky_centroid.ra sky_centroid.dec bbox_xmin bbox_xmax bbox_ymin bbox_ymax area semimajor_sigma semiminor_sigma orientation eccentricity min_value max_value local_background segment_flux segment_fluxerr kron_flux kron_fluxerr kron_radius gini equivalent_radius kron4_2_flux kron4_2_fluxerr radius_kron20 radius_kron50 radius_kron80 near_border
[from data line 2996]
2997 10038.147240121425 5237.563218331255 214.83888440682244 52.89047291932572 10036 10041 5235 5240 32.0 1.5555808516246126 1.4916058101797034 -48.655149914547906 0.2838325694186062 0.014382811690126819 0.3664045451784145 0.0 6.903573384178314 1.0985391 41.40301753154838 4.4292457850804325 3.3383696482079626 0.25033418732538787 3.1915382432114616 92.59768488646961 7.204753675524699 3.4823839195653474 7.136784341612413 10.841932569411531 False
2998 3303.9672138971882 5243.773510210116 214.89905149810673 52.9332836345727 3302 3306 5242 5247 20.0 1.4839887674394951 0.7769255278640073 -54.67387491570211 0.8520019045199808 0.0018695163297788708 0.7021886095992935 0.0 6.775864584341984 1.0706272 18.22201639341791 3.045647791231034 2.914633945416328 0.40917619670412425 2.5231325220201604 9.180531201602971 4.765389179134418 1.5651650159750705 3.5043457652287224 6.161110305631566 False
2999 3375.170053727644 5249.024100277337 214.89835870162753 52.932859830258494 3373 3379 5246 5252 39.0 1.6672528859557945 1.3581832499116093 -33.54373605733025 0.5799902427476793 -0.0925950481565569 0.4275213291032015 0.0 7.105025097037752 1.2471391 15.9295779748557 3.8758811195104306 2.823001941368069 0.39006731401272704 3.523362819972964 17.52547984895582 6.154691943005175 1.8160215277328464 5.994352890147194 8.978054213320766 False
3000 3826.523712000659 5248.487171122762 214.89432368726673 52.92999075246807 3824 3829 5246 5251 30.0 1.6280608542723507 1.2658287978073433 -69.03857194346227 0.6288742176923244 0.19574521497322256 0.6535106268440262 0.0 10.274053074100228 1.1251694 22.179687028079904 3.2144158996982513 2.449444253188815 0.19470049228387143 3.0901936161855166 25.49218286665051 5.173343040020491 1.8391633957881404 3.347835748736329 5.739510056718482 False
3001 7530.503980715086 5250.455686644823 214.86116383497694 52.906475201945085 7530 7532 5250 5251 5.0 0.5890838967926251 0.49746406841103497 4.32372063260111 0.5356018117008432 0.03899021678536698 0.22429309487636231 0.0 0.8083398951034136 0.4463032 10.151419474578573 1.8720589630973703 3.9281877153583045 0.2923229976335519 1.2615662610100802 19.421317966063647 3.007756036534353 1.7398890267056462 2.787293868994176 3.951086672029919 False
3002 6623.731551438334 5259.82776155945 214.8691745845641 52.91228605776298 6617 6631 5252 5268 211.0 3.4334514656553656 2.859857899448983 -74.2633910905542 0.5533638236585853 -0.07991342942711128 1.6076543679638633 0.0 96.35428395992712 2.592047 124.51669708275182 5.062340588531031 2.0592627416590776 0.4490906736741999 8.19532708223289 163.11950555177856 8.17272069855185 2.5072043453911466 4.7506398658140325 8.90939514895954 False
3003 8939.517833123951 5258.316492538205 214.84848417956013 52.89756567676295 8930 8948 5252 5265 216.0 4.1196384118377125 2.9308391778105634 -12.326858591264086 0.7027557822522675 -0.041387254869775264 1.4690639971853607 0.0 112.68338835526227 3.1704829 212.48681007055393 8.284801176282294 2.6161086098038675 0.3348503248624833 8.291859587312052 272.5825176182242 13.146181885089637 3.716411833513385 7.807708755955205 15.530636277885883 False
3004 3860.3231320558043 5259.465885386711 214.89390546488542 52.929835355377556 3854 3867 5254 5265 109.0 3.6790237968243225 1.779293682820737 39.977765863179684 0.8752714301885673 -0.1640603217849386 0.5792557762174952 0.0 24.718038744899374 2.2299438 39.649172429118714 4.650436482293607 1.9425850176457866 0.3620891983658931 5.890312181373172 48.835497812617085 7.440146258562382 2.862026818268063 4.987292815462409 8.551950263837691 False
3005 2954.6156955053343 5258.038543201078 214.9020291574416 52.93557895376446 2951 2958 5255 5261 42.0 1.6974223561392179 1.6559656592732743 -65.10393762263965 0.21965916790816556 -0.021651252866778603 0.4596360222285381 0.0 9.46798185978934 1.3808882 48.92533120412499 5.436129575044009 3.4560213145084284 0.25959812243897656 3.656366395715726 74.11273371442059 8.71086813100812 3.665230236156449 7.836254715281478 10.92197820272997 False
3006 3236.37935832345 5262.861339029311 214.89945553220295 52.93381582202975 3231 3242 5256 5269 138.0 2.73008039910033 2.4202173306074193 -70.90474106660541 0.46272785055309773 0.009229194632512126 2.2215680411357694 0.0 92.68783750249455 2.5827231 153.5652506334128 6.006733457738596 2.4369745466700143 0.44359516595455944 6.627726932618989 225.30693256246371 9.24480864080456 2.3113862170737387 5.081135041303609 11.087319636798398 False
3007 7281.71657454234 5262.622508214237 214.86326042424128 52.90812130733333 7278 7285 5259 5267 57.0 2.1417425412833975 1.7754734015927618 -48.547299098897646 0.5592701724910687 0.12359618684421995 0.8439307237944589 0.0 20.59439673367691 1.476722 37.35966514026808 3.944191283709291 2.346153115918639 0.240839864007617 4.259537945889915 35.735337190736146 6.286447219179661 2.150442858995726 3.9963238025010472 6.575283329520797 False
3008 1032.1224357678045 5262.241402107379 214.91920378369468 52.947807757078316 1030 1035 5260 5265 31.0 1.3426702923223004 1.3227134209117324 -45.60644115136843 0.1717737193745243 -0.08974877138749042 0.6123046468562033 0.0 6.154117356253461 1.2104645 24.399640172041696 4.0248768997333775 3.3262982526467217 0.37582161602195413 3.141274657157109 32.148498904004065 6.333665444505273 2.4216889047844923 5.220321088621824 7.042057253957266 False
3009 2936.4643547630058 5267.30235839203 214.90209408798054 52.93574420446884 2930 2943 5261 5274 135.0 3.3092669062809157 2.185317117846152 -46.077830703902826 0.7509466223584033 -0.10709536943391672 1.6729032081502644 0.0 80.90630598960944 2.5043619 133.5517121132616 5.929325764729605 2.375027086391236 0.35846999538200175 6.555290583552474 166.9118210622604 9.396378748539975 2.576297557533236 5.354845535704416 11.038415509644881 False
3010 4080.3285465987433 5262.540791525036 214.8919037222785 52.92845481452375 4080 4081 5262 5264 5.0 0.6483863348814005 0.45291637559226483 -74.45016443928027 0.715582172017357 0.07423364017156034 0.3138508129309651 0.0 0.9480772171718553 0.45040777 7.133124225045034 1.7848733102161305 3.690185703708517 0.32275848880993274 1.2615662610100802 13.316390025016469 2.8780746935530517 1.5273145307569587 3.18397130524702 4.5713980346182135 False
3011 8486.996834240053 5266.182685538093 214.85244638323834 52.900483251451995 8482 8491 5262 5270 60.0 2.255447100149345 1.907562700493939 -39.560249491787715 0.533566492079453 0.001266268072418127 0.5810648856290523 0.0 15.399501078550035 1.8957433 51.058302727242406 5.924656188827185 3.0658067550574164 0.29508567946140324 4.370193722368317 61.954766341947504 9.234733852117678 3.2010825665913436 7.466601844770644 10.461820107227597 False
3012 6086.658020703864 5269.657370826324 214.87387522404114 52.91575060243815 6080 6094 5263 5276 171.0 3.341748033319339 2.7621237745830682 31.224988778169543 0.562862451211726 -0.06495050194215629 1.347211933822996 0.0 84.65786623283304 2.4868753 143.18720666581115 5.853881590068678 2.386056233245491 0.35902150686024387 7.377736139048903 229.6569258687863 9.430430329051998 2.9588808802541036 6.088555648300496 12.201524471014732 False
3013 6319.8908609322425 5275.623408706437 214.87172599174212 52.9143012973398 6308 6334 5263 5287 450.0 5.6092460084216516 3.0950800767059836 -44.52892739898127 0.8339884905624608 -0.10333969115110325 3.8227675024122547 0.0 333.1265637207224 3.7887688 384.65058644669466 5.8966339270955945 1.8040631476731643 0.5409345686126837 11.968268412042981 439.4821028220427 9.494263545583877 2.846110657481091 5.652831676703529 10.391383425274062 False
3014 5950.598026518077 5265.8116162982715 214.8751329272381 52.916594088112866 5949 5953 5264 5268 17.0 1.288500922441273 0.8689462401875138 29.91026875750964 0.7383795099048548 -0.42290982316106196 0.8008042261774833 0.0 7.901402756460818 2.3896472 86.14765063728105 8.065537575113309 3.77215139173048 0.21310916595739213 2.326213245840639 140.12717196847387 12.334244041472248 3.726826702636955 5.8793615365972745 8.060676737400431 False
3015 3205.3284379216534 5268.997253674372 214.89966889796221 52.93404610604494 3201 3210 5265 5273 75.0 2.227453806083917 1.9672358933551035 75.46836744290239 0.469039921036334 -0.05963040678284864 1.2672372348385421 0.0 38.86035395020774 1.857895 61.31059222242459 3.886060502091608 1.9907987133734373 0.3028979060347875 4.886025119029199 62.38995507057412 6.328005357642484 2.0687639284548114 3.8753674437737544 6.947015594314858 False
3016 713.780817108308 5273.119270425719 214.9219413490442 52.94988742529622 707 720 5266 5280 168.0 3.165533407283257 2.9492353130491917 83.72881418762233 0.3633034005797317 -0.046015928291733815 1.132652703256263 0.0 79.99350950190993 2.6742148 118.90752825906232 5.528199623475368 2.0488650818030556 0.34137837249613356 7.312732791431452 120.16197678107201 9.097505682383478 2.792132234514816 5.339544106886008 9.261268607285764 False
3017 6651.234060994454 5273.332307660817 214.86878633801652 52.91218419559859 6644 6658 5266 5280 174.0 3.1450609484035583 2.610203589294262 -61.8544335335339 0.5578565889769752 -0.05549081253054714 1.9986909991584867 0.0 106.2145653634559 2.402808 128.14196877644596 4.0145294843330985 1.7569885408614803 0.4357757677500506 7.442171739215616 135.95313462489713 6.369805653645697 2.201045635496566 4.074243419961294 7.040986967813954 False
3018 9075.303303619035 5275.467663646699 214.84708985737652 52.896795394136305 9067 9085 5267 5284 273.0 3.895961118739155 3.3707542262291907 19.489893909904463 0.5014408009638288 -0.24604700358693307 1.6489969151702184 0.0 144.93327318469642 3.4970558 183.15325040203436 6.3090846689897395 1.9181659880406499 0.4312374215957396 9.321941800299703 186.54421345837517 10.020503543512563 2.862067858782155 5.305907017304569 9.559573977034209 False
3019 4364.779605097158 5270.430758461417 214.88927456648088 52.92669094527758 4362 4367 5268 5273 27.0 1.5351758459893687 1.0247832371202326 -19.014799538603427 0.7445786369606238 -0.1542835192760228 0.44649540398072524 0.0 4.397130957522145 1.0257037 5.709373444361242 1.5488340167325452 1.4 0.3772649261287304 2.9316150714175193 3.9154927712612326 2.507694120556222 1.1861413603117632 1.998172645812171 2.851450577662263 False
3020 7880.2025223832015 5271.445187182179 214.8578158894229 52.90436677380577 7876 7885 5268 5275 60.0 2.254756046882454 1.7651255745090864 38.26276765738213 0.6222161667143863 0.15576730723571083 0.958588746365784 0.0 29.622897443163577 1.7271981 57.832121720028795 4.419635915142864 2.3770446450635863 0.19791268826916378 4.370193722368317 56.93853827282415 7.063921842127339 2.306602185663071 4.322426222519406 6.7524967740371835 False
3021 1702.604833493504 5276.716824729231 214.91304496284337 52.94362920847351 1696 1709 5269 5285 159.0 4.459797635270249 2.2955352605723487 -59.38435533418124 0.8573599246101592 -0.02896743700124137 0.9665375751157931 0.0 61.2789407285418 2.656186 95.56159947229848 5.968073221637281 2.0442328706802315 0.2667087990497291 7.1141599576634995 99.9464056804065 9.527178958145823 3.2351907753701483 6.173666189200863 10.363820632550688 False
3022 9689.14442102987 5274.802542273127 214.8416108534647 52.89289139539443 9685 9694 5269 5279 80.0 2.360155932435783 1.996754204930304 -55.61327920942846 0.5331410191447638 -0.12396838256870901 0.6512562742977505 0.0 16.092233822124623 1.881113 78.54511869830802 7.087363188506713 3.405792429920983 0.43681671794768867 5.046265044040321 141.97985713781063 11.181811841259474 4.855948656268746 10.188794284265327 14.632036850238967 False
3023 1785.37969642444 5271.634467814611 214.91235707916948 52.943076242155 1784 1787 5270 5274 14.0 1.028978070083725 0.7875721616029656 61.64029152972463 0.6435636919444097 0.027308633791719626 0.36921302529970496 0.0 2.2080490266058077 0.805162 40.937530478975575 3.6014373397986352 4.281613220253995 0.4473292459540996 2.111004122822376 50.374259235545686 5.770905379092983 3.9228964900554804 5.703084877482106 7.548454261767703 False
3024 2973.64632132959 5274.223871264446 214.9016882391507 52.93554546090178 2971 2977 5270 5278 50.0 1.9957728882499293 1.7188768008021411 85.8526066685509 0.5081667238671796 -0.10148544182830296 0.5679276464766826 0.0 16.861478783576977 1.4375955 54.012490444837994 4.9425282330410525 2.914914508449981 0.24900393167734455 3.989422804014327 82.33220516502067 7.952731947479993 2.90108667260523 5.591644638874712 9.145488775859706 False
3025 5966.740018478049 5288.439942250226 214.87475014969618 52.91661362175827 5947 5989 5270 5308 1082.0 5.068483928271626 4.361243698867873 -84.52584199697458 0.5095126590778594 -0.44954217015896464 93.81104629716874 0.0 5676.057780456931 inf 5547.0216667279055 inf 1.4 0.7611558666160824 18.558321498747173 5945.537938457272 inf 2.095579728219428 4.027339705942717 7.85353252240974 False
3026 1137.2590572600075 5271.543336947619 214.91816386542072 52.947190510894536 1136 1138 5271 5272 5.0 0.9006844724262638 0.40909379059989354 -20.742429826011474 0.8908981041038629 0.06867882494353265 0.29451218824709646 0.0 0.8882612384369178 0.48934963 18.92355331313655 2.1678338717824563 3.973740135189662 0.3263211297832359 1.2615662610100802 45.53895522657268 3.4490305543629085 2.6462335996871182 4.085093697686434 5.13107519653678 False
3027 7324.350420640623 5275.45408705161 214.8627440042256 52.90791967127149 7324 7325 5275 5276 4.0 0.499042331890741 0.47589365135448497 -76.94673152921499 0.3010327762490253 0.12675255959852819 0.28749336797633496 0.0 0.8222359754905141 0.4246465 6.667495462951766 1.656697540319772 3.704379478123308 0.23004777809621604 1.1283791670955126 8.421376913946258 2.6061078933095425 1.4191652332592712 2.3712850628602857 3.3848786052835047 False
3028 6079.388496961095 5277.281503260159 214.8738599430626 52.915837903884174 6079 6080 5276 5278 5.0 0.7212570194843383 0.46780131837941097 75.56450441343239 0.7611365206970625 0.11315837730649315 0.18832610658364696 0.0 0.756346822829512 0.4458004 11.409694702079362 2.0466795186286335 3.9438919673958885 0.11477075257640446 1.2615662610100802 17.987028335326443 3.234810828872455 2.123412020024763 3.404303697125232 4.654010770794518 False
3029 9656.101522582088 5282.9454358444855 214.8418203736427 52.89314526156682 9651 9662 5276 5291 155.0 3.523512453854814 2.5290994428343847 82.06989972437128 0.6962721138291644 -0.007052728242446503 0.9106412061313708 0.0 65.7846195439271 2.806049 102.64905523971504 6.548614514993664 2.3150553510860137 0.31908335487501394 7.024103669400641 128.57632449798768 10.430171058652236 3.0476302746769175 5.450061321034713 10.470047199194351 False
3030 1566.8963569479613 5285.011147415296 214.91417318042284 52.944535576106624 1557 1577 5278 5292 228.0 4.54506544876909 2.459134516724852 25.856948111155123 0.8409866251039005 -0.0973570068972016 1.8674490197012632 0.0 130.5868291131992 3.1072135 161.61273229358926 5.387903772091458 1.7674997958021303 0.41112203711884227 8.51907589177983 173.53862332224205 8.579741204359 2.6382834261370727 5.108046173116274 8.922633789919143 False
3031 10202.000136244162 5281.690773943732 214.8369555764139 52.88966959494407 10199 10205 5278 5285 43.0 1.7704676451011925 1.6013928209462398 46.84152587683263 0.4264678285532744 -0.020351742713088327 0.5546354543837992 0.0 13.742263486890328 1.2652572 91.35368564489126 5.405451223812384 3.6426187892895676 0.24375005820091952 3.6996385101659595 188.3549125018486 8.625792502825973 5.189072634254612 9.616773542889872 13.149837613965417 False
