outputs/dr0.5_c0.1/nircam1_f160w_dr0.5_c0.1.ecsv
# %ECSV 1.0
# ---
# datatype:
# - {name: label, datatype: int64}
# - {name: xcentroid, datatype: float64}
# - {name: ycentroid, datatype: float64}
# - {name: sky_centroid.ra, unit: deg, datatype: float64}
# - {name: sky_centroid.dec, unit: deg, datatype: float64}
# - {name: bbox_xmin, datatype: int64}
# - {name: bbox_xmax, datatype: int64}
# - {name: bbox_ymin, datatype: int64}
# - {name: bbox_ymax, datatype: int64}
# - {name: area, unit: pix2, datatype: float64}
# - {name: semimajor_sigma, unit: pix, datatype: float64}
# - {name: semiminor_sigma, unit: pix, datatype: float64}
# - {name: orientation, unit: deg, datatype: float64}
# - {name: eccentricity, datatype: float64}
# - {name: min_value, datatype: float64}
# - {name: max_value, datatype: float64}
# - {name: local_background, datatype: float64}
# - {name: segment_flux, datatype: float64}
# - {name: segment_fluxerr, datatype: float32}
# - {name: kron_flux, datatype: float64}
# - {name: kron_fluxerr, datatype: float64}
# - {name: kron_radius, unit: pix, datatype: float64}
# - {name: gini, datatype: float64}
# - {name: equivalent_radius, unit: pix, datatype: float64}
# - {name: kron4_2_flux, datatype: float64}
# - {name: kron4_2_fluxerr, datatype: float64}
# - {name: radius_kron20, unit: pix, datatype: float64}
# - {name: radius_kron50, unit: pix, datatype: float64}
# - {name: radius_kron80, unit: pix, datatype: float64}
# - {name: near_border, datatype: bool}
# meta:
#   PHOTMJSR: 0.3925000131130219
#   PIXAR_SR: 2.11539874851881e-14
#   __serialized_columns__:
#     area:
#       __class__: astropy.units.quantity.Quantity
#       unit: !astropy.units.Unit {unit: pix2}
#       value: !astropy.table.SerializedColumn {name: area}
#     eccentricity:
#       __class__: astropy.units.quantity.Quantity
#       unit: !astropy.units.Unit {unit: ''}
#       value: !astropy.table.SerializedColumn {name: eccentricity}
#     equivalent_radius:
#       __class__: astropy.units.quantity.Quantity
#       unit: !astropy.units.Unit {unit: pix}
#       value: !astropy.table.SerializedColumn {name: equivalent_radius}
#     kron_radius:
#       __class__: astropy.units.quantity.Quantity
#       unit: &id001 !astropy.units.Unit {unit: pix}
#       value: !astropy.table.SerializedColumn {name: kron_radius}
#     orientation:
#       __class__: astropy.units.quantity.Quantity
#       unit: &id002 !astropy.units.Unit {unit: deg}
#       value: !astropy.table.SerializedColumn {name: orientation}
#     radius_kron20:
#       __class__: astropy.units.quantity.Quantity
#       unit: *id001
#       value: !astropy.table.SerializedColumn {name: radius_kron20}
#     radius_kron50:
#       __class__: astropy.units.quantity.Quantity
#       unit: *id001
#       value: !astropy.table.SerializedColumn {name: radius_kron50}
#     radius_kron80:
#       __class__: astropy.units.quantity.Quantity
#       unit: *id001
#       value: !astropy.table.SerializedColumn {name: radius_kron80}
#     semimajor_sigma:
#       __class__: astropy.units.quantity.Quantity
#       unit: !astropy.units.Unit {unit: pix}
#       value: !astropy.table.SerializedColumn {name: semimajor_sigma}
#     semiminor_sigma:
#       __class__: astropy.units.quantity.Quantity
#       unit: !astropy.units.Unit {unit: pix}
#       value: !astropy.table.SerializedColumn {name: semiminor_sigma}
#     sky_centroid:
#       __class__: astropy.coordinates.sky_coordinate.SkyCoord
#       dec: !astropy.table.SerializedColumn
#         __class__: astropy.coordinates.angles.Latitude
#         unit: *id002
#         value: !astropy.table.SerializedColumn {name: sky_centroid.dec}
#       frame: icrs
#       ra: !astropy.table.SerializedColumn
#         __class__: astropy.coordinates.angles.Longitude
#         unit: *id002
#         value: !astropy.table.SerializedColumn {name: sky_centroid.ra}
#         wrap_angle: !astropy.coordinates.Angle
#           unit: *id002
#           value: 360.0
#       representation_type: spherical
#   astropy version: '5.1'
#   make_catalog parameters:
#     ab_zpt: 31.4
#     coadd_bands: !!python/tuple [f277w, f356w]
#     deblend_contrast: 0.001
#     deblend_nlevels: 32
#     deblend_npixels: 1
#     detect_kernel_fwhm: 4.0
#     detect_kernel_npix: 7
#     detect_npixels: 4
#     detect_threshold_nsigma: 3.0
#     flag_isolated_buffer: 4
#     hst_bands: !!python/tuple [f606w, f814w, f125w, f140w, f160w]
#     jwst_bands: !!python/tuple [f115w, f150w, f200w, f277w, f356w, f410m, f444w]
#     near_border_kernelsize: 21
#     reference_band: f200w
#   make_catalog version: 1.4.0
#   photutils version: 1.5.0
# schema: astropy-2.0
label xcentroid ycentroid sky_centroid.ra sky_centroid.dec bbox_xmin bbox_xmax bbox_ymin bbox_ymax area semimajor_sigma semiminor_sigma orientation eccentricity min_value max_value local_background segment_flux segment_fluxerr kron_flux kron_fluxerr kron_radius gini equivalent_radius kron4_2_flux kron4_2_fluxerr radius_kron20 radius_kron50 radius_kron80 near_border
[from data line 2669]
2670 3918.033772109323 3237.137125457395 214.9869726032234 52.99089809719411 3917 3921 3236 3238 12.0 0.8688922478941237 0.7684528486603702 -35.499220260415534 0.4667198179900329 -0.0567238815621353 0.16723965053136639 0.0 0.9266720565179403 2.363295 11.479752496400176 9.21007896044228 3.6436838198938997 0.4002545351365804 1.9544100476116797 19.248456508102933 14.586351472293162 2.4037516132552006 3.974800870788169 5.736740425906171 False
2671 9153.182697616612 3241.1389343025894 214.93996575937757 52.9577021291763 9150 9157 3238 3245 47.0 2.434882555270284 1.418602784286738 42.93760790487496 0.8127471923066547 0.11558204513784331 0.41740684284094137 0.0 12.123772336138606 4.2237706 44.565732050558395 15.27078754040883 2.9240904807971773 0.18843510997365817 3.8678889139475245 22.24835284785125 24.32798675738542 3.2761575318676854 6.308053284597035 11.002503824819613 False
2672 7370.198878645516 3241.43311442738 214.95594977577156 52.969019040560795 7368 7372 3239 3244 23.0 1.5043120357816666 1.082715461253428 -80.01606866459291 0.6942423916615194 0.08877716965341007 0.4424825886467659 0.0 7.213193912081445 3.4167335 22.63529471048377 10.844116408291786 2.66466621633349 0.21273999960373458 2.7057581899030048 19.444149640030112 16.975046423093175 1.9957203938140666 3.4304048827727174 4.875829616227316 False
2673 820.8718338527744 3243.578207697542 215.01472336215085 53.010575946111445 819 823 3242 3245 15.0 1.2312998418952363 0.9379440390829591 17.012208971390475 0.6478697588395101 0.18721306482157213 0.29485816740708437 0.0 3.7599023779496568 2.261032 40.85341736363513 10.589154700175648 3.6804510954886305 0.059907433355505434 2.1850968611841584 59.16884105858456 16.82498025084628 3.314807357297027 5.8352159950833755 8.627614879878307 False
2674 3698.7288519638246 3243.521138694776 214.98887428928978 52.992323704365546 3697 3701 3242 3246 19.0 1.336759560150369 1.0090097625594607 -88.77014022891846 0.6559346428377304 0.030010236225760736 0.2502313341074875 0.0 2.136945416791906 2.6744552 16.900855907612247 11.460300514873989 3.649096135513353 0.29039954127039275 2.4592453796829674 18.32742318596438 18.36580624146263 2.940553732281558 4.877874942800409 6.765635628963391 False
2675 7417.121375359634 3242.5015969450333 214.95551768019502 52.96872705605767 7415 7418 3242 3243 7.0 0.9296239683710711 0.4998900941493146 0.7574068409915807 0.8431147706217285 0.018175856352458768 0.08252431273374594 0.0 0.3358138718990076 1.683934 19.662006898353624 8.407873165832836 4.363930821225828 0.28513802746235445 1.4927053303604616 28.6777640763279 13.444814079747458 3.909823752295409 5.698734173959203 7.146764949079732 False
2676 4496.223613530303 3250.9500482834956 214.9816365476805 52.98730497932614 4485 4507 3244 3258 194.0 6.083633907650444 2.317579731243465 27.417313966694493 0.9245943265104782 0.18460776160555015 0.878713927859727 0.0 109.70669969575297 8.216481 408.5870621395941 30.25341048047301 3.0121492765103057 0.15568902340387852 7.858251581595959 549.8476386352573 49.17959336497943 6.909618517273253 14.151282342539321 25.42327766780562 False
2677 6437.551120578233 3249.745257641833 214.96422809657838 52.97498193139204 6431 6444 3244 3255 139.0 3.181944289719843 2.8835532073732093 5.322020644032122 0.42279862102373106 0.05585195209831408 0.45921487615630957 0.0 39.84933839593205 7.1098714 81.14043966468961 20.417094759594118 2.5281266084889875 0.20369595250976077 6.651697090182843 137.22803940499455 32.117512796052885 3.606136112764762 6.679329893660737 14.699543151049983 False
2678 6265.387594639196 3249.787638728819 214.96577221646658 52.97607453653005 6258 6273 3245 3255 137.0 3.783828093546519 2.5332300742946408 -13.023487128617099 0.7428222585837971 0.041922018489243526 0.47570480107972235 0.0 40.143590554078486 7.551113 64.94453485710595 16.875819792465585 1.985470777103327 0.1771899794487536 6.6036697681803656 65.72297739833338 26.83234080900252 3.4155928491613783 5.680690982423286 8.07655598171238 False
2679 8476.054924091914 3248.11074833656 214.94596278252627 52.962037280911154 8472 8480 3245 3250 43.0 2.092828700386284 1.2881193760488985 -8.297713549863996 0.7881431129016994 -0.04077528570030632 0.23438200705075427 0.0 5.487807836249025 5.759973 6.906109965023194 8.872383743391104 1.4 0.2948385559920844 3.6996385101659595 2.6535450948337878 13.848615740323698 1.4982119562268428 2.565500107821589 3.7408823700314864 False
2680 9190.991150931934 3251.801234883385 214.93951450271788 52.95751973922104 9188 9194 3247 3257 58.0 2.466970311693717 1.7264170241356058 88.58383862878016 0.7143264372563606 0.2176501790785416 0.5974523215075874 0.0 21.806339914660402 4.6746016 103.8218526678655 19.372867077897464 3.3589612770060175 0.1627435646055674 4.296739856991561 144.59602413439268 30.687200543319314 4.1204856302415696 7.85287368957272 11.399840749210197 False
2681 9690.753670440385 3250.5731419578547 214.93504787258684 52.95434106837038 9685 9696 3247 3255 70.0 3.2266888207368223 1.612670711639718 26.336982104443898 0.8661459149021755 0.17645982968737253 0.37690245853906007 0.0 20.476997322522458 5.164899 57.465017765121864 16.109570703463607 2.527222398926152 0.09486657368224091 4.720348719413148 99.15327643841832 25.727432399212773 3.4069488111903845 5.829148503033744 8.039983174142959 False
2682 2690.985182597934 3255.23418917686 214.99780019152047 52.998778966878746 2686 2696 3250 3260 101.0 2.638479063169178 2.417392250195974 -5.5004602395581195 0.4007059331714182 0.05558949741872753 0.6027091597536951 0.0 33.104560667657644 6.0978107 50.90363181406653 13.952431470489644 2.0238541596237285 0.23303190117999673 5.670035141386943 48.87008952333415 22.2978630998426 2.5530983120801234 4.515478511432598 7.139573844807041 False
2683 691.139246194534 3255.776746492685 215.01576060053935 53.01146455650487 687 695 3251 3259 55.0 2.488494922433868 1.3673136269868562 34.91503381329486 0.8355239320322541 -0.07979987532561245 0.4137007969294019 0.0 13.056729304724952 4.866803 64.99569505476539 17.591811214303732 3.4462956876568476 0.23759468532077052 4.1841419359420025 100.60054367767117 28.64973060133585 3.8734533956394066 7.137964042495329 9.865921673439056 False
2684 7045.472788190074 3256.8358905525997 214.9587000319603 52.971162813456644 7040 7051 3253 3261 86.0 3.151813816591846 2.104023794782606 -11.07659751524956 0.7445563011059498 0.1241700886964243 0.343775010926676 0.0 22.499044484679164 5.945506 50.58689885573551 10.796258980095384 1.5039429188034987 0.10299892818483217 5.232078956954491 41.66385909692271 17.08897315651487 3.4631176462267867 5.491549919417532 7.379416135144466 False
2685 6698.64735954934 3256.286761768096 214.9618168900141 52.97336057645286 6696 6703 3254 3259 36.0 2.0769417051152206 1.291611841429648 -26.43200554881366 0.7831112750729279 0.07585314382622904 0.3195516237884825 0.0 6.97832375368786 3.599864 45.096063837582044 14.724417235489842 3.290873520847965 0.21406087384673278 3.385137501286538 73.2469914123956 23.459940111866388 3.8026518803603984 6.560483472953139 9.584429657881934 False
2686 1216.191597018062 3259.381109113969 215.01100465257272 53.00815452161975 1210 1222 3255 3263 94.0 3.1289467549129926 2.0809844782847216 5.009282377589 0.7467765079762285 0.13857243151169324 0.5245151024556706 0.0 29.128529016321323 5.67451 93.09535492860577 20.452273893869133 3.042899628137839 0.16149509254821012 5.4700209598571305 86.87667950190544 32.96724685571216 4.098148472965614 7.892006805207153 12.031171753346825 False
2687 1410.0106755694799 3255.735000699127 215.0093016643437 53.00690569456385 1409 1411 3255 3256 4.0 0.6868745257027 0.4413001028267423 0.5850987154567324 0.7663061667447318 0.29086729377184156 0.33425241282990054 0.0 1.2613331874026328 1.3652902 10.591639500047297 5.995188689235582 3.605220743650411 0.041676365887458426 1.1283791670955126 16.34570781881321 9.796707300296072 1.4938372449029829 2.5846465949689565 3.7024272579730053 False
2688 7234.958971422865 3258.1041651180635 214.95698708466176 52.96996727303328 7233 7237 3256 3260 20.0 1.2976822457949386 1.173478301937347 44.3625827645063 0.4269232541851511 0.1838684898049472 0.40797813088666013 0.0 6.121536108588126 2.7383099 53.25828742755574 12.23555265098626 3.5911523915983254 0.12725500772589926 2.5231325220201604 110.19093138232351 19.77437395397319 3.354558946083777 5.8958343924999745 8.972721665369765 False
2689 9761.529083483469 3263.9113267875746 214.934273009638 52.95396385685308 9758 9764 3256 3268 58.0 2.409648808827605 1.242552978849063 71.84227605301658 0.8567949331411346 -0.02335827985020948 0.17283354411322174 0.0 3.883920881727325 4.729177 25.017150096482965 14.746873176035486 3.06351744894145 0.430163886203255 4.296739856991561 35.36507566767277 23.576325659845473 4.4543112970424446 9.170208059382954 14.905734596695115 False
2690 2783.3208704512344 3272.593764599783 214.99678797658996 52.998287154539696 2767 2800 3257 3287 770.0 8.176077954153238 5.428429878023648 35.84870228407692 0.7477853409457779 0.06337695561172713 1.4442021121823694 0.0 452.2523738890894 17.18782 644.4539313808859 38.436121711471195 2.0864432664535353 0.290035555019743 15.655625581928012 672.9419819382291 60.791005937677554 6.181936859625084 11.363497248101233 19.623811725439737 False
2691 3966.236413004125 3260.0620999347025 214.9862982598518 52.9907162213807 3965 3967 3259 3261 7.0 0.7503962706104312 0.6966524714887538 69.94610787107679 0.37163370465176576 0.3447632633264453 0.49514250290066186 0.0 3.1082150700266005 1.7506739 36.02957505946581 7.709132392243892 3.7151857704701876 0.07064455987196357 1.4927053303604616 52.36708722460858 12.241766706854676 2.346961117986439 4.037269209807058 5.5885935356214995 False
2692 2084.5750786500116 3267.295923451792 215.00311980188363 53.00269019855126 2082 2087 3262 3272 52.0 2.790875814102144 1.2441849163935939 -76.77636215955003 0.895130366756208 -0.05751323788611108 0.34512578280481615 0.0 11.110590947485772 4.2813606 38.97237042785959 14.964584216110799 3.002697702306269 0.23470742259432406 4.068428945128219 27.140778645793283 23.809496484887664 3.158059098975421 5.633599067548496 9.298071069443322 False
2693 9312.528873743518 3266.2981058983014 214.93827231337258 52.95682662531214 9309 9317 3263 3269 47.0 2.49508347802198 1.491525435388586 29.40604097051629 0.8016558833622007 0.0988239063663616 0.25561520584876213 0.0 9.211714951196496 4.2074623 41.68371438665815 16.161077712790483 3.071551731759478 0.07334977196919318 3.8678889139475245 55.10272452115181 26.099101086197084 3.8033916722205148 6.507393825680643 10.022149314490562 False
2694 2812.550638926564 3265.401604767874 214.9966012649509 52.99806288828659 2811 2815 3264 3267 15.0 1.0918063060409704 0.983434694652731 -12.14124555872055 0.43435661177531215 0.08111766833661202 0.2914484151086252 0.0 2.992065442778528 2.817421 16.751965158103744 10.50628251245897 3.2119784155426285 0.18052665250318237 2.1850968611841584 31.6281887795147 16.29997153289222 2.2589399989185925 4.1566122838626605 6.7854926256418775 False
2695 2962.42053866533 3276.655420598451 214.99513674239807 52.99717314308812 2949 2976 3264 3290 520.0 6.026952163151346 3.855022701211609 42.33297119523114 0.7686824864453208 0.15616784227835384 5.024980135334219 0.0 675.4873065164579 13.59629 761.0336727082029 20.55124015011826 1.6131517177946813 0.4463748691194509 12.865501965161373 799.1028363247951 33.374743036797184 3.400749874990425 6.3880311621714565 10.907145178886559 False
2696 7927.6465075228625 3276.439876743811 214.95058167728965 52.96567062314301 7913 7950 3264 3288 548.0 7.445844698547996 4.308013391039431 32.38686411848644 0.8156259665917848 -0.007639356146512128 1.9342121672749015 0.0 345.57153193868976 14.6782255 500.0660081905962 31.125161641662483 1.9771774681664644 0.34918292021956604 13.207339536360731 495.11688126463366 49.74993169001898 4.751474867184144 9.276679889398768 17.814620384722694 False
2697 1447.267236533999 3270.7494275315617 215.0088086935939 53.00675059681609 1444 1452 3266 3276 70.0 3.0674705420494472 1.5521203412238094 60.71168189089477 0.8625372552868786 0.11433417134247416 0.5368903174254086 0.0 22.997581731734474 5.802712 45.608685914679455 12.145338655817481 1.8845332004431925 0.20115744242259673 4.720348719413148 44.891276252340134 19.205831422935127 2.6304379639648947 4.803417029461398 6.6549141877647005 False
2698 3461.9097415963856 3269.5294103699007 214.9907265530379 52.99396643388221 3458 3469 3266 3273 50.0 2.5655286066197025 1.3785313099150978 -40.593780718759895 0.8433731205557723 0.041791950796010315 0.33683982592025136 0.0 10.649669776859861 4.171307 98.69465518874041 18.599650416320447 3.6562088054345017 0.2588790169549643 3.989422804014327 113.18229781950726 29.754500172712834 5.401176683208683 10.905189740173645 14.668784930760932 False
2699 3521.195328509487 3269.0846290378995 214.99019891414676 52.99358797815511 3519 3523 3268 3271 16.0 1.4135684396111918 0.8999207739473065 -19.243460323738148 0.7711689919648108 0.0558934758931542 0.1415854455073138 0.0 1.327277254972913 2.3660111 7.626641145295656 10.8790887554286 3.6311960161319496 0.1705245213697183 2.256758334191025 8.233600845843544 17.505312541177574 2.3537738490955427 3.5264411734764876 4.398925778077905 False
2700 9560.378062234553 3293.424943721649 214.93576493602203 52.955399977839846 9535 9591 3268 3315 1476.0 5.115462602754867 4.916296164034371 -26.006400698984777 0.27631960853506576 0.11896315629539671 201.94315614679354 0.0 16271.896350570452 23.956577 15918.75706927196 19.336570516006347 1.4 0.7968758126288533 21.675455981530703 16913.054737308034 31.189922306174854 2.4439848514154554 4.673338490797264 8.221434823298198 False
2701 4423.539743007433 3274.388790825488 214.98204199471445 52.98789272190125 4415 4431 3269 3280 169.0 4.029436719611606 2.5052575135476056 -21.684494937726214 0.7832245863153071 -0.0017579654809574497 0.9586737604626194 0.0 81.29401699952456 7.848341 105.32559312253427 15.588096029864442 1.8468712353087908 0.2682576096346171 7.334464586120832 119.41308949269566 25.41232415481263 2.8372067503744995 5.10049935362483 8.160408415437724 False
2702 8172.4887387544795 3283.4997175321846 214.94831178225286 52.964154941817156 8163 8182 3270 3298 425.0 7.073645140557139 3.5022326802152315 -71.31328087237092 0.8688302797719686 -0.03761282094018179 1.2793238614452613 0.0 233.17496711999127 12.7860365 356.40149273902585 30.046564885704708 2.1569913767445312 0.2954382604511976 11.631066229203196 420.436752042069 48.0631254317005 4.859609601722946 9.773088329965809 18.231554764090124 False
2703 9394.727143623584 3276.116443276314 214.93743207394755 52.956357926509206 9389 9401 3270 3282 132.0 3.066972124982635 2.758424233633556 72.33608610871038 0.4371336131148668 0.060395736772224054 0.5865339267536063 0.0 40.990709320445426 7.1660748 98.73365303143316 23.651762497935533 2.955792960266634 0.2237926169447536 6.4820448144285745 109.13252629586069 38.20427164289858 3.809593324743013 7.585242084065193 13.491923683627084 False
2704 6389.080055757981 3274.5339188866114 214.9644017442183 52.975423395717044 6387 6392 3271 3278 36.0 1.7602084755735636 1.4448823666045358 -75.92433019844913 0.5711313894462595 0.057878597003242216 0.3300567568465912 0.0 7.447633528954291 4.0557957 43.988013366170875 14.773676771052088 3.344005207196395 0.216767351074783 3.385137501286538 33.35616213088474 23.3762443632023 3.5875476516961307 7.057445991495932 10.61559235877641 False
