outputs/dr0.5_c0.1/nircam6_f200w_dr0.5_c0.1.ecsv
# %ECSV 1.0
# ---
# datatype:
# - {name: label, datatype: int64}
# - {name: xcentroid, datatype: float64}
# - {name: ycentroid, datatype: float64}
# - {name: sky_centroid.ra, unit: deg, datatype: float64}
# - {name: sky_centroid.dec, unit: deg, datatype: float64}
# - {name: bbox_xmin, datatype: int64}
# - {name: bbox_xmax, datatype: int64}
# - {name: bbox_ymin, datatype: int64}
# - {name: bbox_ymax, datatype: int64}
# - {name: area, unit: pix2, datatype: float64}
# - {name: semimajor_sigma, unit: pix, datatype: float64}
# - {name: semiminor_sigma, unit: pix, datatype: float64}
# - {name: orientation, unit: deg, datatype: float64}
# - {name: eccentricity, datatype: float64}
# - {name: min_value, datatype: float64}
# - {name: max_value, datatype: float64}
# - {name: local_background, datatype: float64}
# - {name: segment_flux, datatype: float64}
# - {name: segment_fluxerr, datatype: float32}
# - {name: kron_flux, datatype: float64}
# - {name: kron_fluxerr, datatype: float64}
# - {name: kron_radius, unit: pix, datatype: float64}
# - {name: gini, datatype: float64}
# - {name: equivalent_radius, unit: pix, datatype: float64}
# - {name: kron4_2_flux, datatype: float64}
# - {name: kron4_2_fluxerr, datatype: float64}
# - {name: radius_kron20, unit: pix, datatype: float64}
# - {name: radius_kron50, unit: pix, datatype: float64}
# - {name: radius_kron80, unit: pix, datatype: float64}
# - {name: near_border, datatype: bool}
# meta:
#   PHOTMJSR: 1.891700029373169
#   PIXAR_SR: 2.11539874851881e-14
#   __serialized_columns__:
#     area:
#       __class__: astropy.units.quantity.Quantity
#       unit: !astropy.units.Unit {unit: pix2}
#       value: !astropy.table.SerializedColumn {name: area}
#     eccentricity:
#       __class__: astropy.units.quantity.Quantity
#       unit: !astropy.units.Unit {unit: ''}
#       value: !astropy.table.SerializedColumn {name: eccentricity}
#     equivalent_radius:
#       __class__: astropy.units.quantity.Quantity
#       unit: !astropy.units.Unit {unit: pix}
#       value: !astropy.table.SerializedColumn {name: equivalent_radius}
#     kron_radius:
#       __class__: astropy.units.quantity.Quantity
#       unit: &id001 !astropy.units.Unit {unit: pix}
#       value: !astropy.table.SerializedColumn {name: kron_radius}
#     orientation:
#       __class__: astropy.units.quantity.Quantity
#       unit: &id002 !astropy.units.Unit {unit: deg}
#       value: !astropy.table.SerializedColumn {name: orientation}
#     radius_kron20:
#       __class__: astropy.units.quantity.Quantity
#       unit: *id001
#       value: !astropy.table.SerializedColumn {name: radius_kron20}
#     radius_kron50:
#       __class__: astropy.units.quantity.Quantity
#       unit: *id001
#       value: !astropy.table.SerializedColumn {name: radius_kron50}
#     radius_kron80:
#       __class__: astropy.units.quantity.Quantity
#       unit: *id001
#       value: !astropy.table.SerializedColumn {name: radius_kron80}
#     semimajor_sigma:
#       __class__: astropy.units.quantity.Quantity
#       unit: !astropy.units.Unit {unit: pix}
#       value: !astropy.table.SerializedColumn {name: semimajor_sigma}
#     semiminor_sigma:
#       __class__: astropy.units.quantity.Quantity
#       unit: !astropy.units.Unit {unit: pix}
#       value: !astropy.table.SerializedColumn {name: semiminor_sigma}
#     sky_centroid:
#       __class__: astropy.coordinates.sky_coordinate.SkyCoord
#       dec: !astropy.table.SerializedColumn
#         __class__: astropy.coordinates.angles.Latitude
#         unit: *id002
#         value: !astropy.table.SerializedColumn {name: sky_centroid.dec}
#       frame: icrs
#       ra: !astropy.table.SerializedColumn
#         __class__: astropy.coordinates.angles.Longitude
#         unit: *id002
#         value: !astropy.table.SerializedColumn {name: sky_centroid.ra}
#         wrap_angle: !astropy.coordinates.Angle
#           unit: *id002
#           value: 360.0
#       representation_type: spherical
#   astropy version: '5.1'
#   make_catalog parameters:
#     ab_zpt: 31.4
#     coadd_bands: !!python/tuple [f277w, f356w]
#     deblend_contrast: 0.001
#     deblend_nlevels: 32
#     deblend_npixels: 1
#     detect_kernel_fwhm: 4.0
#     detect_kernel_npix: 7
#     detect_npixels: 4
#     detect_threshold_nsigma: 3.0
#     flag_isolated_buffer: 4
#     hst_bands: !!python/tuple [f606w, f814w, f125w, f140w, f160w]
#     jwst_bands: !!python/tuple [f115w, f150w, f200w, f277w, f356w, f410m, f444w]
#     near_border_kernelsize: 21
#     reference_band: f200w
#   make_catalog version: 1.4.0
#   photutils version: 1.5.0
# schema: astropy-2.0
label xcentroid ycentroid sky_centroid.ra sky_centroid.dec bbox_xmin bbox_xmax bbox_ymin bbox_ymax area semimajor_sigma semiminor_sigma orientation eccentricity min_value max_value local_background segment_flux segment_fluxerr kron_flux kron_fluxerr kron_radius gini equivalent_radius kron4_2_flux kron4_2_fluxerr radius_kron20 radius_kron50 radius_kron80 near_border
[from data line 4953]
4954 6479.117487747746 3516.8001292451654 214.83261117999592 52.83063210051907 6460 6500 3505 3530 696.0 8.828890264043805 3.573723767560877 -17.496342925852726 0.9144158293393827 -0.11752974152094374 5.453378717843689 0.0 583.622128178912 6.9603243 732.9299354595532 11.878465382341343 1.9241235963349965 0.4725210652269797 14.884343478431232 838.373503319413 18.598083864101163 3.9555863297519127 9.318947914134139 17.162131995883463 False
4955 6459.798773699878 3527.2926283710262 214.83267318134594 52.830811431641045 6452 6469 3520 3534 167.0 3.439416191056092 2.75031984672682 2.326207347849393 0.6004699882385842 -0.19040074665155543 1.655539470858996 0.0 88.77285709494315 3.2592025 153.21384498364273 7.826729511289975 2.362416772316956 0.3841931717894615 7.2909362219603215 184.68452482871714 12.43469087136668 2.9535958648052563 6.014290302720027 11.457314727836797 False
4956 8260.27123613876 3531.284847051943 214.81657106414306 52.81938987052402 8189 8291 3506 3571 4373.0 11.309662454375374 6.567348685025571 -41.22510804362278 0.8141284933276094 -0.36766270634838477 12.847718464947457 0.0 2565.442037480798 49477264.0 2628.0372188836072 30600023.708367154 1.5147742744745218 0.8361271469706565 37.30910253921577 2815.8737513182114 53728132.006234966 6.267505908286656 10.790560614594158 16.39619053080394 False
4957 nan nan nan nan 8209 8229 3565 3578 202.0 nan nan nan nan 0.0 0.0 0.0 0.0 14212670.0 nan nan nan nan 8.018640596081465 nan nan nan nan nan True
4958 nan nan nan nan 2294 2343 3507 3547 1454.0 nan nan nan nan 0.0 0.0 0.0 0.0 38131350.0 nan nan nan nan 21.513311565429245 nan nan nan nan nan True
4959 2272.5629905781834 3525.254449863679 214.87007729363143 52.85740442292242 2271 2296 3508 3543 602.0 5.045962020007801 0.5846389346510926 -89.15403995088437 0.9932652353818815 -0.3801826438971652 0.7715132440835047 0.0 5.662944791613723 23811762.0 26.19148476416379 16135408.362022003 3.27503582638414 0.9706888681156263 13.842779759955802 31.864629825954324 26873890.862472575 4.033803185541528 7.596719550610481 13.046262045275446 True
4960 2881.6207343439764 3547.3080867914805 214.8644049141055 52.85365439502038 2871 2894 3535 3560 409.0 5.662256548812438 3.421319989387264 52.8251349193039 0.7968079860195509 -0.20047117047091717 3.614139506859287 0.0 210.70348504211495 4.9868937 269.28289692341275 9.421573249629475 2.0195303067177663 0.5015478304048706 11.410028196686037 311.40445010394933 15.068566919779965 3.742659095238183 6.721359832916379 12.523184121926299 False
4961 2894.2409527714117 3558.853155976377 214.8641707393365 52.85363649057803 2891 2897 3555 3562 37.0 1.9336721978184899 1.27266285904679 -25.38175439565884 0.7528793688626165 -0.08948380425249601 0.7994230267618276 0.0 9.920545046804763 1.4072933 17.85250591391138 3.3255973434729365 2.04546981937681 0.3683090648506021 3.431831258788849 29.627026545949583 5.3768786920675975 1.7748379541905588 3.138062449612607 5.641189134191198 False
4962 2883.7740865917185 3562.241469032487 214.86422857971428 52.85372125712822 2878 2891 3558 3570 101.0 2.398837272139137 1.830689048597997 -55.84015596589717 0.6462133182079799 -0.028443299029254132 4.649244544642462 0.0 85.75453795460872 2.4386706 104.59417499992387 3.5123072369204915 1.939775425646521 0.5215144329820534 5.670035141386943 124.314247936656 5.4661468653531236 1.4343974672815383 2.9115320852830866 5.448844454912407 False
4963 2886.9885009092714 3574.953899521178 214.8640661326541 52.85376940002703 2879 2896 3563 3587 284.0 5.096062910763747 2.9851759896841856 77.70196643210038 0.8104695014298487 -0.14410522227064537 2.1620130414968406 0.0 185.17923856716652 4.328895 255.98633662606835 8.374495378722015 2.020257874086402 0.45290113789287256 9.507891862878783 306.54530801855765 13.359509818237372 3.381325091294935 6.837899217537824 12.127356828386736 False
4964 3233.396927701792 3539.8656734299325 214.8613414325148 52.85137951812169 3229 3237 3536 3544 54.0 2.4136224401086293 1.610416550242307 -45.73280629374645 0.7448609341373005 0.08432146394233875 1.0455514294203994 0.0 23.860919472149327 1.8039532 82.16368005766142 6.403055143838106 2.9528678906567403 0.24174634208535603 4.145929793656026 116.49648635222465 10.269871946850758 3.361674175166132 6.965958989851765 12.966431816293557 False
4965 3219.899001709312 3556.852551808404 214.86128327717216 52.851556880667495 3206 3232 3541 3572 448.0 8.004168079690766 2.749948098496395 -50.40350483688473 0.9391290785861253 -0.0658319186103555 2.781738845425992 0.0 325.6048673450281 5.4220204 437.0323989759322 10.13033784928975 1.9498268024876806 0.42165349139266906 11.941642642883693 472.15868603132503 16.244258764428764 4.0049907415441774 8.611575937509972 15.36024847577943 False
4966 3609.279832285919 3575.8636110351204 214.8576060188777 52.84918567620114 3587 3630 3558 3597 993.0 7.873882337122919 6.639629769968196 29.20601666122688 0.5375258550752202 -0.033430884322773614 7.223331568127292 0.0 1167.2274963906207 8.056199 1591.8408612048033 15.863952181504047 2.021293933716563 0.456600632541726 17.778687155707086 1990.4084656298562 25.116104212269075 5.790441687987797 10.874458671529673 18.5746898744602 False
4967 3592.9297313781185 3591.291617446108 214.85758971968542 52.84937275048119 3574 3616 3566 3617 1158.0 7.206922739333703 4.711246504111895 -89.82476766901615 0.7567440755656852 -0.275010523175463 38.88554853129373 0.0 3395.9831057829383 9.538446 3435.136448412075 9.703609841889548 1.4189167305673736 0.6731412194046539 19.19903248085251 3632.957333088071 13.43967814134965 3.3297628869407436 6.444472605960605 11.153145112733336 False
4968 3575.118820132339 3601.0360068746195 214.85764625664595 52.849538454877404 3563 3584 3585 3619 444.0 5.884748879491068 3.8107954372225343 62.67064188900388 0.762004725182821 0.04414747633924995 6.222124497073633 0.0 388.3702935654351 5.3069186 670.3161459202017 12.26129106515922 2.417402390602794 0.47672215226799713 11.888212206450685 878.7698118816934 19.543005146591195 4.06790622901588 9.749170982329497 19.92532769191534 False
4969 3659.2022672644566 3563.397733739186 214.85729136783235 52.84880128651009 3656 3662 3560 3568 34.0 2.2082061774759336 1.0084824352071216 -49.411055122607785 0.8896220057159728 0.1704970060896946 1.1167534652881161 0.0 18.38088389861859 1.5004382 72.30933748051847 5.268200367427073 3.1345755536404845 0.2619595190867599 3.2897623212397704 127.49438279345699 8.206327533838904 2.8080426261013716 6.199606829294266 9.247086201143873 False
4970 3652.3941585233365 3576.6470660165264 214.85721278043667 52.84891598996897 3646 3658 3569 3584 155.0 3.2298985599485466 2.5777874290697644 -58.261567271958164 0.6025228021318769 -0.15362130791917789 2.1073120936243357 0.0 99.19687531690349 3.0561888 201.73333215306997 8.210479758170909 2.626524850161809 0.38398239748331847 7.024103669400641 311.4641626750948 13.098988283753231 2.9719166617121737 7.179194712094971 14.170374257381473 False
4971 2015.8065538510718 3564.789173619079 214.87195512109346 52.859248618727484 2011 2021 3561 3569 70.0 1.9961537165313037 1.4908393657024943 16.673688784290825 0.664985808907105 -0.11684981954404038 1.325148917591329 0.0 20.317803705822058 1.8770741 29.05237657586421 3.8980274836613025 2.232160262870995 0.5115486539111195 4.720348719413148 29.660005197594188 6.17184582466836 1.3604743692745653 2.88528447359135 6.332529905138429 False
4972 2008.0191574917535 3567.0705130410356 214.87200069197078 52.8593103902907 2006 2010 3565 3569 22.0 1.219758208605713 0.9929357875435848 -74.61985020730685 0.5808044298619643 0.03795128792124054 0.7522996337777929 0.0 6.430048922948208 1.1384108 10.877157441494429 2.4214040488064117 2.131925307064647 0.35877454410281806 2.6462837142006137 12.48572975723361 3.8430162277113165 1.1495942198253697 2.2606271690767272 3.776619598832837 False
4973 967.6082147108714 3571.724660149766 214.88124807909918 52.86594386748116 961 974 3566 3579 114.0 2.7228538362028623 2.306369535996906 -9.957438814632315 0.5315271479139134 0.030942491385249852 1.7272735994879467 0.0 57.275961715841326 2.569347 118.90852161686257 6.872620065541416 2.661698575795198 0.40509620840942684 6.023896332520351 213.08618171478778 11.133937597891665 2.7004370808771294 6.10460499133802 12.22761786131141 False
4974 961.5070910165596 3583.9957076891146 214.88117349850808 52.866048818671075 952 970 3572 3595 334.0 4.3480034102565535 2.4763379538098205 -73.69274527557383 0.8219674274905973 -0.12385839922907145 12.843924034214453 0.0 347.65459017106105 4.54851 388.5989888875777 6.388189406416925 1.8100689031720205 0.6408035602828639 10.31094088749354 444.6322630075531 10.020756441175534 2.1863731804889954 4.006374242469693 8.210036341773337 False
4975 4026.8918632454643 3584.8842721904903 214.85378219172952 52.84658112090559 4023 4031 3581 3590 64.0 2.3771651086620413 1.6839703359125548 -71.04239288376647 0.7058168619069822 -0.04242773401867881 0.7397771796969876 0.0 17.609909607607875 1.8340025 45.41527915579469 6.0188501949468485 2.8884808627768384 0.3808700140873956 4.51351666838205 62.24489109426732 9.609673698278602 2.621389105059671 5.992937028673903 10.196839640668463 False
4976 4011.1054350227478 3630.921242128581 214.85343884322543 52.84692967048395 3973 4044 3581 3673 3777.0 16.22028917104122 7.452926756158867 -52.058254679836125 0.8881872139080389 -0.1755073249822086 22.32663413176341 0.0 7709.9531361976515 16.237932 7799.321959016954 17.6840332641287 1.4 0.6178443489081791 34.67356976309445 7940.0390483649635 26.790914907299527 6.586401406176385 13.389264371824233 23.366400441518778 False
4977 4000.1649780745424 3605.392464079635 214.85380508549193 52.84686151731825 3997 4005 3603 3609 41.0 1.7069718988492075 1.2770492453994304 -51.41516661036656 0.6635440225920125 -0.05356958026764761 1.0681897223355499 0.0 14.387237969177836 1.5001158 48.90568271516858 5.00630644949051 3.0746188176071363 0.41794612227514305 3.6125759969217834 74.4537551307375 7.919911841114592 2.3721885558407956 6.641869084042676 10.057451037762556 False
4978 3987.4635868309883 3679.4438073785304 214.85313947929475 52.8473415314859 3984 3991 3674 3683 54.0 2.235811772619798 1.4860888760597215 -66.54624123898408 0.7471323419871198 -0.011932784238204605 0.8473586269408985 0.0 17.201000419383774 1.8137057 28.95689506983919 3.6004307246544776 1.8536551245717796 0.34940658413595954 4.145929793656026 24.685558414302783 5.680524635762329 1.8938228898547191 3.4531898031802006 5.916343673317203 False
4979 6323.043519672276 3590.334578203162 214.83323025909974 52.83202034265775 6316 6331 3582 3603 222.0 4.2492763381232255 2.609435434689959 75.22215364520846 0.7892364944260117 -0.062178329323328514 2.7448930298888254 0.0 109.18142344852052 3.6951597 157.91185883722994 7.878204763954507 2.199770719141044 0.46671532787683323 8.406235467365967 210.9296042061207 12.575036101533636 2.5947480534369434 5.568673774109995 11.050088913453024 False
4980 6333.516581542409 3589.4514065110084 214.83314610184516 52.83194902595689 6332 6335 3588 3591 14.0 1.0466952785978592 0.8915823892725446 -23.03417009431613 0.5238557010591339 0.006664507914194489 0.48609545226480794 0.0 2.9548239412036743 0.8722338 26.177159246949294 3.71786433164998 3.504572753934203 0.3038391674249679 2.111004122822376 50.38684802165281 5.837302919488613 2.600857214554343 4.592343449990755 6.91239941780787 False
4981 1776.8210959931955 3593.8303414037928 214.87378473282794 52.860923300623085 1773 1781 3590 3598 51.0 1.9207738522429563 1.4803380966120474 -76.6314519299015 0.637199627119179 0.01852771691484346 1.0582109613165598 0.0 18.313529024502625 1.6949588 31.552435118100142 3.9423037805408416 2.3010112158650737 0.41083330869046253 4.029119531035698 56.42155349069008 6.345571253852889 1.6578633314423108 3.3019124465999714 6.209317488961059 False
4982 1781.501777514677 3599.1873210537087 214.87368655393917 52.860922466084325 1776 1786 3593 3605 93.0 2.9571853328473146 2.071937943777144 56.71204689230243 0.71350977039652 -0.03167918465629645 0.817787973258789 0.0 29.92311555750495 2.2330232 89.02006189934936 7.036272715106161 2.795024436135576 0.32289466214754947 5.440847306724618 112.27650249746632 11.183003962136043 3.727366368744347 7.951293220835767 14.041667035764164 False
4983 8671.210728686896 3598.3242067974647 214.812201591108 52.81713906278346 8662 8681 3590 3605 212.0 3.8186742128236 2.9067189375192712 -3.5187170966003123 0.6485343745100753 -0.11520495983930316 1.6476609682201284 0.0 93.31910381342746 3.422058 155.48188602840762 8.105822053479946 2.3768646645061353 0.4377676015844258 8.214724333230155 165.97527273313943 12.915235376574065 3.214521002607728 6.348997496886245 13.370072585580848 False
4984 8682.649359486055 3600.9935377280362 214.8120715233176 52.81708073717798 8677 8689 3594 3607 124.0 2.9290508809431093 2.0896613375842183 34.795111973178734 0.7007304790544865 -0.1307227503677636 2.113222809674695 0.0 70.16355912866838 2.650886 95.94667126081609 5.40365863439075 2.091207757799534 0.4504017890100076 6.282549314314218 112.37596965928182 8.490942005562642 2.2168137038236697 4.08406573636049 7.460653061737048 False
4985 9225.499556147211 3624.6155929255215 214.80698315398132 52.81375727435213 9216 9236 3611 3639 351.0 5.105478090109772 3.4269790321743425 81.53579893418267 0.7412440006939346 -0.09169343265947956 3.120453072571136 0.0 244.8536056360349 4.613565 397.53442245882434 10.138667162533169 2.3129093703094648 0.48504929636790645 10.57008845991889 540.2142043993747 16.1242190342734 3.6694129299124945 7.669447063656656 15.632616694143307 False
4986 9218.569468205433 3645.0119479501145 214.80683041478932 52.813911230394794 9204 9233 3625 3666 861.0 8.115083578809434 4.11940375568095 -78.60831497007116 0.8615792501442172 -0.08573055066146665 7.5580677498135325 0.0 1057.8352652852573 7.438517 1231.7852192512873 11.562067699747082 1.8618665796328 0.5527212581869158 16.554902959674628 1501.5896414753527 18.122472741917523 4.095052856621598 8.338239135025468 14.955688827329677 False
4987 4304.898789499416 3637.7909741029976 214.85074350994205 52.845100087355455 4292 4316 3618 3659 584.0 9.28319090134655 3.249201943618988 -66.48206068220553 0.9367462734480733 -0.16795021303786137 2.365371358252386 0.0 356.93378220190255 5.824768 540.5237482518951 13.018480454012257 2.288723813525035 0.4093151936001975 13.63425735166143 703.4570455088634 20.81034586390486 5.137636849808423 11.606868072354116 20.453127032371494 False
4988 4271.58769630092 3660.7729790217622 214.85079914269377 52.845435657291404 4248 4298 3642 3683 1440.0 6.455194722745177 5.4261555739583445 -31.5984401118887 0.5416758848608709 -0.2073880277239642 24.382583196350513 0.0 1830.2856773262124 9.454101 1829.3394059808893 9.370128623320213 1.4326846278534688 0.7118394914037572 21.409489393833255 1975.0009414120948 14.405912055075703 2.585258188567463 5.373302766710639 10.711779997432066 False
4989 2755.1215064004477 3627.8659858067476 214.8646872875573 52.85489247580647 2753 2758 3625 3632 38.0 1.5371801993811474 1.1783871568427762 62.216730131506836 0.6421367335618731 -0.20390554866441346 0.7721401266898561 0.0 8.752016647677042 1.5057454 15.34165155985634 3.548219964990082 2.4158887626748866 0.44940138827325393 3.477898169151024 14.350932416216159 5.564316059688118 1.306626142447853 2.5918625639429194 5.954349835496752 False
4990 2764.26863841677 3637.065430232987 214.8645088042127 52.854883984170215 2755 2771 3632 3642 157.0 3.495145772435951 2.008638354017492 -7.733223648718553 0.8183685715783577 -0.20499790804691229 1.4161892596005583 0.0 40.80552176048139 3.0551305 43.7665509958745 4.246232103313487 1.5213884863957683 0.5272014081936014 7.069275219628611 47.06418363928454 6.75101692567219 1.9676415777864347 3.5518610103754242 5.546707712002602 False
