outputs/dr0.5_c0.1/nircam2_detect_f277w_f356w__dr0.5_c0.1.ecsv
# %ECSV 1.0
# ---
# datatype:
# - {name: label, datatype: int64}
# - {name: xcentroid, datatype: float64}
# - {name: ycentroid, datatype: float64}
# - {name: sky_centroid.ra, unit: deg, datatype: float64}
# - {name: sky_centroid.dec, unit: deg, datatype: float64}
# - {name: bbox_xmin, datatype: int64}
# - {name: bbox_xmax, datatype: int64}
# - {name: bbox_ymin, datatype: int64}
# - {name: bbox_ymax, datatype: int64}
# - {name: area, unit: pix2, datatype: float64}
# - {name: semimajor_sigma, unit: pix, datatype: float64}
# - {name: semiminor_sigma, unit: pix, datatype: float64}
# - {name: orientation, unit: deg, datatype: float64}
# - {name: eccentricity, datatype: float64}
# - {name: min_value, datatype: float64}
# - {name: max_value, datatype: float64}
# - {name: local_background, datatype: float64}
# - {name: segment_flux, datatype: float64}
# - {name: segment_fluxerr, datatype: float32}
# - {name: kron_flux, datatype: float64}
# - {name: kron_fluxerr, datatype: float64}
# - {name: near_border, datatype: bool}
# - {name: detmap, datatype: int32}
# meta:
#   __serialized_columns__:
#     area:
#       __class__: astropy.units.quantity.Quantity
#       unit: !astropy.units.Unit {unit: pix2}
#       value: !astropy.table.SerializedColumn {name: area}
#     eccentricity:
#       __class__: astropy.units.quantity.Quantity
#       unit: !astropy.units.Unit {unit: ''}
#       value: !astropy.table.SerializedColumn {name: eccentricity}
#     orientation:
#       __class__: astropy.units.quantity.Quantity
#       unit: &id001 !astropy.units.Unit {unit: deg}
#       value: !astropy.table.SerializedColumn {name: orientation}
#     semimajor_sigma:
#       __class__: astropy.units.quantity.Quantity
#       unit: !astropy.units.Unit {unit: pix}
#       value: !astropy.table.SerializedColumn {name: semimajor_sigma}
#     semiminor_sigma:
#       __class__: astropy.units.quantity.Quantity
#       unit: !astropy.units.Unit {unit: pix}
#       value: !astropy.table.SerializedColumn {name: semiminor_sigma}
#     sky_centroid:
#       __class__: astropy.coordinates.sky_coordinate.SkyCoord
#       dec: !astropy.table.SerializedColumn
#         __class__: astropy.coordinates.angles.Latitude
#         unit: *id001
#         value: !astropy.table.SerializedColumn {name: sky_centroid.dec}
#       frame: icrs
#       ra: !astropy.table.SerializedColumn
#         __class__: astropy.coordinates.angles.Longitude
#         unit: *id001
#         value: !astropy.table.SerializedColumn {name: sky_centroid.ra}
#         wrap_angle: !astropy.coordinates.Angle
#           unit: *id001
#           value: 360.0
#       representation_type: spherical
#   astropy version: '5.1'
#   make_catalog parameters:
#     ab_zpt: 31.4
#     coadd_bands: !!python/tuple [f277w, f356w]
#     deblend_contrast: 0.001
#     deblend_nlevels: 32
#     deblend_npixels: 1
#     detect_kernel_fwhm: 4.0
#     detect_kernel_npix: 7
#     detect_npixels: 4
#     detect_threshold_nsigma: 3.0
#     flag_isolated_buffer: 4
#     hst_bands: !!python/tuple [f606w, f814w, f125w, f140w, f160w]
#     jwst_bands: !!python/tuple [f115w, f150w, f200w, f277w, f356w, f410m, f444w]
#     near_border_kernelsize: 21
#     reference_band: f200w
#   make_catalog version: 1.4.0
#   photutils version: 1.5.0
# schema: astropy-2.0
label xcentroid ycentroid sky_centroid.ra sky_centroid.dec bbox_xmin bbox_xmax bbox_ymin bbox_ymax area semimajor_sigma semiminor_sigma orientation eccentricity min_value max_value local_background segment_flux segment_fluxerr kron_flux kron_fluxerr near_border detmap
[from data line 3505]
3506 2045.8239066654255 5779.71618124765 214.90467098322566 52.94416487137244 2036 2055 5771 5791 302.0 5.077193673018445 3.7815858849377175 -45.7325447355229 0.6672675301681867 0.20711879241556944 0.9982952750074504 0.0 134.00182767165333 1.2608404 196.5723734637018 2.6919696171979193 False 544
3507 2776.594256654217 5783.563220678954 214.8980862298631 52.939545384378114 2766 2787 5772 5793 360.0 4.072563764955938 3.348413406566516 -39.65894004511803 0.5692159093205301 0.21684909286653695 6.751779740585584 0.0 469.32393920462266 1.5049099 509.8116852107474 2.022411493842346 False 640
3508 7256.12841765337 5773.88382343455 214.85810353908272 52.9110411283355 7255 7257 5773 5775 8.0 0.8523596116485794 0.6807408029155393 44.96678860290369 0.6017898787086067 0.24250847739765918 0.2843812646716377 0.0 2.0844396577754045 0.2265078 11.47223430972793 0.8727395908578749 False 260
3509 1711.7427048189552 5775.739905485151 214.90770512338938 52.94626463963164 1711 1713 5774 5777 8.0 0.9543196433150919 0.653111500572102 -83.37736167104804 0.7291311962016505 0.21721930336886597 0.2420645503813323 0.0 1.8374985118916565 0.20489599 16.298121515669756 0.8978140109457574 False 544
3510 662.17202513843 5777.090435238388 214.91709341370168 52.95293562215614 660 665 5775 5779 21.0 1.385225667766514 1.1459140026062782 -10.773901069734066 0.5618488021817774 0.21777315131926822 0.28604661095991396 0.0 5.197060411380969 0.33500695 50.023469545330585 1.4370595347219102 False 544
3511 7650.047206034548 5779.201746559232 214.85452508758326 52.908567159449106 7646 7654 5775 5784 71.0 2.525640440979683 1.8854110555987182 -49.379229973456596 0.6653763232034399 0.2280214504831763 0.6256855330041983 0.0 28.580678237306476 0.6772092 55.09043507480723 1.728135169821616 False 260
3512 7673.528198161037 5778.076510087165 214.85432698701538 52.90841190871346 7671 7676 5775 5782 40.0 1.9465002591848757 1.4896450691557581 79.13346109434931 0.6436808332442298 0.23153405760789203 0.4118143310549775 0.0 12.518077573504515 0.506351 39.55629304354427 1.6343897623789314 False 260
3513 1967.7064355839416 5780.065742053865 214.90536694280877 52.94466276703296 1964 1971 5776 5784 56.0 2.3022713376226998 1.6631779000553328 57.16038428509865 0.6914676548522738 0.2318290241202406 0.5196421976895707 0.0 19.555264362780463 0.5627136 39.930602695927945 1.5074373650250787 False 544
3514 7996.548019630638 5778.250024325731 214.85143703381746 52.90636054977636 7993 8001 5776 5780 34.0 2.1364749312723057 1.1978916648975368 -4.020886844154095 0.8280284817468163 0.22253574663879977 0.33220721302893613 0.0 9.289211427342531 0.4404978 41.60639480673993 1.669065574115229 False 260
3515 1571.3595061886506 5781.254175232501 214.90890446573147 52.947185733784806 1568 1575 5777 5785 55.0 2.155537087907778 1.8235537554895664 76.57453285031437 0.5332054349093371 0.2246636863455654 0.39851265626084015 0.0 16.288999003477386 0.54174805 38.86121289302487 1.611128835117169 False 544
3516 6527.601633155307 5782.543357746336 214.86452788022595 52.91571603537918 6518 6541 5777 5788 184.0 4.43855014065735 2.4262655326287175 -12.159565758125256 0.8373711857782868 0.20532766869136101 1.210979741788512 0.0 88.86371113685735 0.98731273 131.79418719888798 2.0034489705111924 False 260
3517 5969.732640782502 5779.512147363744 214.86955004814354 52.91924349106983 5968 5971 5778 5781 14.0 1.034687493281079 1.0004701660932698 89.37389746434653 0.25504268452963297 0.36052926508969607 0.4730661923705042 0.0 5.756484571895474 0.45842192 22.25071586386635 1.6585555918745167 False 260
3518 8974.347630726155 5782.464017945678 214.8426517870781 52.900170427117025 8970 8979 5778 5787 87.0 2.3175165248076763 2.116568417513362 42.80390718545419 0.40730629732027035 0.2213201001423847 1.3570163816680785 0.0 53.31230407273372 0.75148994 80.08856183921407 1.6801130840453256 False 257
3519 1787.0440519439812 5824.766851190948 214.90651404220714 52.94605112949182 1742 1835 5780 5867 5652.0 9.311719454821374 8.09847722812916 34.7339381582747 0.49356654477080064 0.20470438624909087 259.12474262841243 0.0 28643.446147560087 7.970333 27624.132095500972 6.963177801658965 False 544
3520 6382.106905957432 5790.938219467009 214.8657408347061 52.916685573706864 6374 6391 5780 5800 266.0 4.44168757603962 3.1380429547046673 48.627217245771256 0.7077151363263677 0.2058890066124501 2.115751484162056 0.0 197.26822514749682 1.2145844 230.05989421684654 1.9389826452411896 False 260
3521 1281.887228680251 5788.043005096522 214.9114259678329 52.949060275716 1275 1291 5781 5796 199.0 3.580620406439552 3.1048089506350953 -48.05603247287499 0.49810834379051916 0.2162667450418428 1.4142655749310244 0.0 112.14594967014719 1.0633125 163.0268609955807 2.2175681292288956 False 544
3522 1421.7205585003612 5794.470914883117 214.91010560643258 52.9482071553118 1409 1437 5781 5808 468.0 7.750596409996253 3.8079212227392367 -38.2324108152302 0.8709865467234749 0.21029533390648858 0.8993045805822358 0.0 180.5151588489088 1.5918654 471.6188052638779 4.96002416197871 False 544
3523 1495.9790093729591 5785.366457989354 214.90953635656138 52.94768653581753 1493 1499 5783 5788 36.0 1.8073847926573883 1.4309385770870164 28.35257502497378 0.6108870952809353 0.2124729044865551 0.3747979858587078 0.0 10.33832328011158 0.42368647 33.61368186706328 1.45145374758671 False 544
3524 9668.294325606701 5791.714333300878 214.83635245973792 52.89581063328486 9660 9677 5783 5800 273.0 3.759136793440755 3.549985108362716 -32.871339639776174 0.32890854513835466 0.22875901678596108 2.5813900852061273 0.0 220.2507019175271 1.3413084 313.1365790060936 2.8017733353488894 False 257
3525 2913.258545379978 5789.561461730611 214.89679932328679 52.93870992066845 2911 2916 5786 5793 36.0 1.9555487812542425 1.3547570812442846 67.67979918561205 0.7211529256927972 0.22220645543532735 0.35184911838308575 0.0 9.992168931974254 0.43881583 42.67663199911763 1.6508623407990117 False 640
3526 8934.083824554904 5790.436134193094 214.84292768886272 52.90046925383316 8932 8936 5786 5795 39.0 2.3743570000838763 1.2278651017870617 87.75188810817725 0.8559033373861855 0.2282669908246044 0.33558027511362004 0.0 10.862739725462456 0.49084318 92.75084596912333 2.1890951951115154 False 257
3527 1327.572201812099 5795.293920626707 214.910940309866 52.948809355901666 1320 1336 5789 5801 170.0 3.483193409725419 2.5140190925122483 -24.976094338019955 0.6921465799944854 0.21344653457777818 1.951813001185549 0.0 124.26362674746045 0.9881109 156.57340837223103 1.8378350437550857 False 544
3528 4110.319849598551 5793.641861728111 214.88603983000772 52.93112993272596 4108 4113 5790 5797 32.0 1.8676562440295537 1.276880657919072 -89.59755010639373 0.7297812038778599 0.2147547156458555 0.3424444674620851 0.0 8.841652860885365 0.41222525 29.567628566962306 1.3973279051242653 False 640
3529 4316.057902578052 5794.234453925551 214.88419212786732 52.92982648091695 4312 4320 5791 5798 57.0 2.2674046721454477 1.664812937078693 25.318289384739717 0.6788929832858415 0.21452290938021507 0.5782343789420145 0.0 20.44668019933124 0.5381624 36.25990717568236 1.311713480597539 False 640
3530 8653.357499702264 5820.665368972531 214.8451185166258 52.90241600909245 8612 8690 5791 5851 1782.0 17.76948662512215 4.105566194117122 -37.25738321950074 0.9729428625700325 0.2220164435967324 7.671788141280568 0.0 2509.2904111664893 3.638849 2670.4672780566634 4.732538454867145 False 257
3531 9789.891733921058 5806.589729492803 214.8351091645834 52.895118102711905 9777 9806 5791 5819 509.0 6.714344383645112 4.333161749863376 -48.452306320064196 0.763879519386517 0.22975283992903098 1.758268422113307 0.0 310.964008633381 1.8174975 625.5297887819588 4.3096724410934755 False 257
3532 10242.923528377663 5826.17674004096 214.8308548704901 52.89234468915768 10204 10276 5794 5870 3800.0 11.735807619478944 7.287655322683835 -40.02860946229506 0.7838295476461538 0.22077434311059627 67.17132400642033 0.0 19589.005980891103 6.5935564 19403.645645683657 6.34517760617245 False 257
3533 2625.6907045338876 5800.864904597384 214.89925518550854 52.94059699013383 2620 2631 5795 5809 121.0 3.5899271098269745 2.677057074874348 81.79960088542143 0.6662667562120526 0.21923281091554644 0.5804717832366884 0.0 41.079689224967375 0.8003673 84.1694524636871 2.2820745405865686 False 640
3534 2171.257075622971 5798.258781624413 214.9033522160538 52.94346849257933 2169 2174 5796 5800 21.0 1.5417724227151623 1.0346151726895618 -32.75959541213067 0.7414069376635832 0.2082434293710936 0.27964535964282666 0.0 5.198312482296663 0.32615867 25.935487195761333 1.2653363248719887 False 544
3535 8934.855040601007 5798.572392359116 214.84283508691607 52.90050821989148 8934 8936 5797 5800 7.0 0.9119188109486038 0.6203128375164734 79.65983515135852 0.7330004612472893 0.23156890534410643 0.24793145092188787 0.0 1.6826885143916177 0.20416315 28.144270546528716 1.0015773692386027 False 257
3536 1620.7832697189406 5801.442214107974 214.9082490313934 52.946980890069966 1617 1624 5798 5805 44.0 2.1515007353889417 1.479081678395551 -41.007259752152656 0.7262174121908418 0.2194722429368911 0.3857147537454632 0.0 13.101821475772265 0.4973832 34.87868154452949 1.531972774590114 False 544
3537 378.62191187061137 5803.670020298881 214.91935398670185 52.95487922851802 373 385 5799 5809 110.0 3.044812110177913 2.2010164727069825 -30.92863829714479 0.690979538547476 0.21459248126591163 0.8949195953639528 0.0 51.52385578163844 0.75199777 80.2320028199351 1.7671712386527185 False 544
3538 6854.895975902016 5815.801784837197 214.86125017619278 52.913816200762646 6844 6867 5801 5831 613.0 5.891039241684457 4.291529114092686 73.25298404775246 0.6850625842908663 0.20106058545013092 4.746136867497742 0.0 542.9535435399546 1.8866452 647.7482563944493 2.9447541673521545 False 260
3539 6286.486739430758 5811.650646415516 214.86637793932712 52.91740471110385 6281 6292 5803 5821 183.0 3.901482260159607 2.5729332654974564 88.93742540827348 0.751725764489924 0.2116406765733091 1.4384854672913128 0.0 102.56477097185936 1.0015899 148.7296708882272 2.1202447765607983 False 260
3540 2917.698571141098 5809.112695888116 214.89655356092132 52.93878722883422 2912 2923 5804 5814 105.0 2.812213628558602 2.3335195859108593 41.135962533661555 0.5580901220839287 0.21565915729030483 0.8278876230509964 0.0 47.32609499518288 0.76784724 82.81789888731487 1.9993804480383341 False 640
3541 6203.123093167391 5808.236537695838 214.86715961005302 52.91791585738102 6201 6205 5806 5811 23.0 1.3886384983340387 1.232300098276863 69.25109108704567 0.46096935363495595 0.20875311215459408 0.28678594625795 0.0 5.654143352639095 0.34079158 35.73590973802398 1.3425944890294887 False 260
3542 6436.637909476945 5814.141920379905 214.86500861160954 52.91646431285191 6427 6446 5806 5822 267.0 3.6905087121571856 2.993875845331638 3.9460494260465255 0.5847179939750756 0.20758731873402025 4.513574711395069 0.0 300.2731270457907 1.2246087 330.50369894121707 1.733351276614741 False 260
3543 7624.774732330574 5828.662646114426 214.85423000360288 52.90899444233315 7595 7653 5806 5853 2026.0 9.88778215046007 6.016560885982107 -23.761187625969296 0.793565858810954 0.20767940151065598 22.362338465223363 0.0 4257.973243282795 3.9062302 4300.516368804021 4.1017835452089075 False 260
3544 6666.062665202197 5815.378082723501 214.8629435300723 52.91501353000454 6656 6676 5808 5822 208.0 4.649563501699356 2.7999211038926703 -22.78450106065504 0.7983527322277738 0.20677766845665693 0.7982848922044229 0.0 86.07434236235744 1.077654 150.6027175815868 2.630599539554862 False 260
3545 8952.600451169073 5810.206486020922 214.84255392088377 52.90045818633842 8952 8953 5809 5811 5.0 0.7713749531842261 0.44800239130608116 -71.6203134712566 0.814057555497525 0.23135396945788272 0.2390345687947809 0.0 1.1804787167095159 0.16955534 17.972450278469054 0.7737965968540879 False 257
3546 1317.5050878558684 5810.503121270326 214.91087022555695 52.9489553643318 1317 1318 5810 5811 4.0 0.5017601345138328 0.4981978912107852 -45.1298370227572 0.1189478294436365 0.21853944014882162 0.22625419813298578 0.0 0.8951754456745674 0.1415383 9.690005224859213 0.6166806760116916 False 544
3547 3805.4272174362864 5822.949533604807 214.8884601780304 52.933224393135326 3792 3821 5810 5836 614.0 5.362747006652646 4.54273143012145 22.909647645814786 0.5314488484357998 0.20862327384359797 5.823193621269938 0.0 760.1662606239244 1.9562725 825.5182784863682 2.595153371673917 False 640
3548 2383.4114375975246 5813.452013352465 214.90129216045264 52.94220336303825 2380 2386 5811 5816 35.0 1.7072259242075363 1.4580418436217952 33.92018714621467 0.5202048267535563 0.2097438441968979 0.3908152076311458 0.0 10.165748105241772 0.42182237 21.318683578756783 1.1401657897782747 False 640
3549 152.5538128659361 5813.863396759437 214.92127233187497 52.956369419771924 150 155 5812 5816 17.0 1.8617670495161698 0.6940540436764336 -37.946980914429794 0.9279144631944276 0.2353866535691614 0.26082820069727003 0.0 4.210489493720476 0.32786193 63.162222301176215 1.5193714991151623 False 544
3550 4256.860459583776 5818.72105043705 214.88446396722662 52.93033455802627 4252 4261 5812 5825 104.0 3.202856695604417 2.246834914998022 -80.12987780789555 0.7126599437470893 0.21480341996478122 0.4851100604450028 0.0 34.24397490173244 0.7339998 68.91609459806756 1.972028632082317 False 640
3551 6585.881060627275 5814.441826325727 214.86367055141872 52.91551784837449 6583 6589 5812 5817 30.0 1.4825489439086674 1.3951782441240292 41.06587723329051 0.33821952653472714 0.21130031876213726 0.47481212512658394 0.0 9.998280205606271 0.4037669 19.881114686496225 1.0630824728168484 False 260
3552 9658.092802860388 5823.416994380192 214.8361096704578 52.89604636695142 9640 9674 5812 5840 685.0 6.432987899379101 4.522837930212637 5.863731010815311 0.7111210887844129 0.2252392303654896 4.788927339531565 0.0 733.5065329014462 2.2017949 926.2729555444788 3.9214393369196654 False 257
3553 8502.877672434952 5814.6407542285815 214.8465271293101 52.90333967394335 8502 8504 5813 5816 9.0 0.9463652559544699 0.6968472383778846 -70.1998424877471 0.6766109660869629 0.23960276115131474 0.2952970839127912 0.0 2.4137949961303273 0.24080516 11.471316021632319 0.9213514194200854 False 257
3554 8760.618003291867 5835.222646221239 214.8440063944999 52.901812953762786 8731 8791 5813 5857 2059.0 9.269230309226467 6.610671699152753 16.99072126306238 0.7009763336817382 0.21692419603929824 24.822130155836426 0.0 4421.2806798725005 4.2447333 4478.752893600551 4.469334014979117 False 257
3555 1041.7863429969104 5815.493471273143 214.91328765177596 52.950732836884676 1039 1044 5814 5817 14.0 1.678799896909327 0.638157305656509 32.11376207360639 0.9249342688641438 0.21568374133163465 0.23658618614670943 0.0 3.182367396058652 0.2668526 52.40216937550795 1.2812193728748393 False 544
3556 10205.599066784573 5816.037818935269 214.83129515505527 52.8925272367291 10204 10207 5814 5818 15.0 1.2308698808281475 0.9318591692888638 -79.58231954713779 0.6533295254869815 0.23335372407229416 0.27350866025672305 0.0 3.8285403963602076 0.31501362 49.836304696622435 1.416393774073124 False 257
3557 7304.1055079994985 5824.708731210174 214.85713907080168 52.91101041275754 7296 7313 5816 5833 251.0 3.6598346933057457 3.54270243436744 65.52965757940827 0.25096868931224087 0.21381322349557336 1.915900193789414 0.0 162.7928454194904 1.1947405 206.2782106415974 2.2194383643748696 False 260
3558 8952.0 5819.018247444933 214.84246646278126 52.90050950996176 8952 8952 5817 5821 5.0 1.4375838171388602 0.28867513459481287 90.0 0.979631073491067 0.22360587028213033 0.23390433980069839 0.0 1.151314217211223 0.16771537 24.985910975564245 0.8552339219052845 False 257
