outputs/dr0.5_c0.1/nircam1_matched_f277w_f160w_dr0.5_c0.1.ecsv
# %ECSV 1.0
# ---
# datatype:
# - {name: label, datatype: int64}
# - {name: xcentroid, datatype: float64}
# - {name: ycentroid, datatype: float64}
# - {name: sky_centroid.ra, unit: deg, datatype: float64}
# - {name: sky_centroid.dec, unit: deg, datatype: float64}
# - {name: bbox_xmin, datatype: int64}
# - {name: bbox_xmax, datatype: int64}
# - {name: bbox_ymin, datatype: int64}
# - {name: bbox_ymax, datatype: int64}
# - {name: area, unit: pix2, datatype: float64}
# - {name: semimajor_sigma, unit: pix, datatype: float64}
# - {name: semiminor_sigma, unit: pix, datatype: float64}
# - {name: orientation, unit: deg, datatype: float64}
# - {name: eccentricity, datatype: float64}
# - {name: min_value, datatype: float64}
# - {name: max_value, datatype: float64}
# - {name: local_background, datatype: float64}
# - {name: segment_flux, datatype: float64}
# - {name: segment_fluxerr, datatype: float32}
# - {name: kron_flux, datatype: float64}
# - {name: kron_fluxerr, datatype: float64}
# - {name: kron_radius, unit: pix, datatype: float64}
# - {name: gini, datatype: float64}
# - {name: equivalent_radius, unit: pix, datatype: float64}
# - {name: kron4_2_flux, datatype: float64}
# - {name: kron4_2_fluxerr, datatype: float64}
# - {name: kron4_2_mag, datatype: float64}
# meta:
#   PHOTMJSR: 2.251199960708618
#   PIXAR_SR: 2.11539874851881e-14
#   __serialized_columns__:
#     area:
#       __class__: astropy.units.quantity.Quantity
#       unit: !astropy.units.Unit {unit: pix2}
#       value: !astropy.table.SerializedColumn {name: area}
#     eccentricity:
#       __class__: astropy.units.quantity.Quantity
#       unit: !astropy.units.Unit {unit: ''}
#       value: !astropy.table.SerializedColumn {name: eccentricity}
#     equivalent_radius:
#       __class__: astropy.units.quantity.Quantity
#       unit: !astropy.units.Unit {unit: pix}
#       value: !astropy.table.SerializedColumn {name: equivalent_radius}
#     kron_radius:
#       __class__: astropy.units.quantity.Quantity
#       unit: !astropy.units.Unit {unit: pix}
#       value: !astropy.table.SerializedColumn {name: kron_radius}
#     orientation:
#       __class__: astropy.units.quantity.Quantity
#       unit: &id001 !astropy.units.Unit {unit: deg}
#       value: !astropy.table.SerializedColumn {name: orientation}
#     semimajor_sigma:
#       __class__: astropy.units.quantity.Quantity
#       unit: !astropy.units.Unit {unit: pix}
#       value: !astropy.table.SerializedColumn {name: semimajor_sigma}
#     semiminor_sigma:
#       __class__: astropy.units.quantity.Quantity
#       unit: !astropy.units.Unit {unit: pix}
#       value: !astropy.table.SerializedColumn {name: semiminor_sigma}
#     sky_centroid:
#       __class__: astropy.coordinates.sky_coordinate.SkyCoord
#       dec: !astropy.table.SerializedColumn
#         __class__: astropy.coordinates.angles.Latitude
#         unit: *id001
#         value: !astropy.table.SerializedColumn {name: sky_centroid.dec}
#       frame: icrs
#       ra: !astropy.table.SerializedColumn
#         __class__: astropy.coordinates.angles.Longitude
#         unit: *id001
#         value: !astropy.table.SerializedColumn {name: sky_centroid.ra}
#         wrap_angle: !astropy.coordinates.Angle
#           unit: *id001
#           value: 360.0
#       representation_type: spherical
#   astropy version: '5.1'
#   kernelfile: kernel_f277w_f160w.fits
#   make_catalog parameters:
#     ab_zpt: 31.4
#     coadd_bands: !!python/tuple [f277w, f356w]
#     deblend_contrast: 0.001
#     deblend_nlevels: 32
#     deblend_npixels: 1
#     detect_kernel_fwhm: 4.0
#     detect_kernel_npix: 7
#     detect_npixels: 4
#     detect_threshold_nsigma: 3.0
#     flag_isolated_buffer: 4
#     hst_bands: !!python/tuple [f606w, f814w, f125w, f140w, f160w]
#     jwst_bands: !!python/tuple [f115w, f150w, f200w, f277w, f356w, f410m, f444w]
#     near_border_kernelsize: 21
#     reference_band: f200w
#   make_catalog version: 1.4.0
#   photutils version: 1.5.0
# schema: astropy-2.0
label xcentroid ycentroid sky_centroid.ra sky_centroid.dec bbox_xmin bbox_xmax bbox_ymin bbox_ymax area semimajor_sigma semiminor_sigma orientation eccentricity min_value max_value local_background segment_flux segment_fluxerr kron_flux kron_fluxerr kron_radius gini equivalent_radius kron4_2_flux kron4_2_fluxerr kron4_2_mag
[from data line 4476]
4477 2449.5992796006376 1991.2143511473257 215.01328737689494 52.9934767359556 2445 2454 1986 1996 80.0 2.627547116390416 2.20080891407423 -63.37596122329946 0.546298354587895 0.1814046679648109 0.39182311370566314 0.0 23.756420569751867 5.54138 88.5324680740228 18.998009163496363 2.9865977901056313 0.10447217502858928 5.046265044040321 127.3671303933992 30.63595158331176 26.137356589550237
4478 2575.8354450490247 2013.6046760901313 215.01191761523674 52.99279727583961 2566 2586 1998 2030 377.0 6.694997538777372 4.096748886068537 -68.21844283139968 0.790925904321626 0.16281993328233038 0.7361450023654145 0.0 168.69340175209726 11.795982 495.5213834888385 39.60870183906492 2.8818501302221997 0.23335184391416164 10.954580187815921 699.6410487773708 62.68358142922167 24.287811794672518
4479 2634.335176859766 2044.982028341811 215.0110616012431 52.992595938671194 2562 2699 1979 2117 11457.0 18.375225901738474 15.148038002461098 55.450426823495405 0.5660471228455971 0.13771465355765763 93.650115923205 0.0 57319.33307294151 53.865826 59265.04236102889 51.58639445162142 1.4 0.7265601188967374 60.38937295590748 61180.89871540863 86.93620374902758 19.433460369364127
4480 2667.824584192459 2021.0463240408062 215.01101298332597 52.99225416131721 2649 2694 1987 2039 1270.0 11.17322681082916 7.145905841849037 -87.02112180028843 0.7687443919775853 0.15749428714837763 8.022607947062621 0.0 2594.1852065586863 18.231997 3393.6779864354407 30.94212786325838 1.72175318799379 0.47768481443674304 20.106057680545288 3713.1640735880364 55.25364527001187 22.475639650446865
4481 2675.746964629836 2046.8342391390588 215.01067013780596 52.99234333863742 2663 2709 2012 2087 1791.0 10.382344258597152 8.378124403379752 85.25165045118236 0.5906076890481491 0.1607167093140847 11.578302883024334 0.0 3909.5838973752484 22.251162 4807.5086499439585 34.409670930934105 1.7202258028220205 0.6072367827261773 23.876620492757535 5341.344817423375 60.56408363112848 22.08087346170962
4482 3900.0 1980.0 215.00038036418985 52.98421792196461 3900 3900 1980 1980 1.0 0.28867513459481287 0.28867513459481287 0.0 0.0 0.24826479899135742 0.24826479899135742 0.0 0.24826479899135742 0.5853762 5.27911827156116 2.7769450341229325 3.709291366038594 nan 0.5641895835477563 12.906864276637258 4.458567347574618 28.62294814196521
4483 3901.7002266583813 1982.2784978725842 215.00034109506106 52.98421945473136 3900 3904 1981 1984 11.0 1.4189805740289314 0.845009681034789 -7.808392069297078 0.8033517816855891 0.23349492145877446 0.25553349566109995 0.0 2.7516205926757227 1.9460804 65.4132663929414 11.055254843580851 3.8643108041599104 0.012529449745334145 1.8712051592547776 131.55937895841151 17.755509839607022 26.102195463307364
4484 1556.2733615427808 1999.1298269472754 215.02122914131795 52.99918414340329 1539 1572 1988 2011 556.0 6.8726116746114085 4.0811662316461055 -24.506666094644398 0.8045901882548449 0.23548602539451424 3.0947464169133547 0.0 570.0212488926729 13.686533 690.9848840161364 24.622922104786227 1.7936723629302258 0.3708388365550981 13.303394180365686 745.2039665415946 39.379172636677474 24.21931210531126
4485 1531.9873153134881 2005.8186283157254 215.02137687070004 52.999374302399154 1525 1539 2000 2012 138.0 4.00670873563635 2.3649679058193107 -35.3760690513619 0.8072190275673296 0.188298753487146 0.5560811249095702 0.0 47.861869424242656 6.748055 119.46134255293083 21.626238119477602 2.7012220771981905 0.14682465201437384 6.627726932618989 156.74047528140272 34.65612754655885 25.912047101656338
4486 6898.1775427669945 2013.9816014017235 214.97311513669172 52.965383066812635 6887 6910 2004 2024 360.0 4.637386607302242 4.191388534924983 5.993892580324435 0.42790111229959527 0.2765178451809306 2.6824096953385905 0.0 364.6379150662299 11.845633 453.131029506406 21.703341717687955 1.7367152679186455 0.328000136061236 10.704744696916627 471.5578212341715 34.59896638500492 24.716162618910886
4487 6888.145864015601 2022.4635719657438 214.9731157802832 52.96549253958411 6884 6893 2018 2026 59.0 2.4957453730749255 1.8008192478703944 35.46479344406531 0.6923564123784612 0.20864904051555083 0.5565731024214431 0.0 21.101646479274827 4.737448 68.31856642752285 17.039869016957393 2.8909177021122026 0.15098428010717005 4.3336224206596095 86.27138535198301 27.503006508016952 26.560333069936856
4488 4460.171797832739 2037.9238682598468 214.99474107278928 52.980978101048905 4444 4475 2019 2055 828.0 8.10565933968625 5.164919507746186 -50.906452418006005 0.7706991639864254 0.23673263529959607 4.259612664610553 0.0 942.318672703796 17.220045 1096.317234114945 28.762816506569845 1.6825276908230453 0.37937436279238135 16.23454913941803 1153.6932408461532 46.015321901058456 23.74477412941924
4489 4440.414489065237 2037.3278623079811 214.99492471318896 52.98110019513856 4436 4444 2034 2041 61.0 2.4707937960701916 1.8928476663466667 27.207900958567418 0.6427346412074046 0.21090133418082319 0.32541315939739934 0.0 16.4837601269919 4.5803823 91.18908637176457 18.736372987070258 3.323911012883944 0.06487423260647418 4.406461512053774 154.7997802898459 30.04902115055973 25.92557415013694
4490 7849.319196607867 2035.3419109947215 214.96435902442894 52.95946374097539 7840 7861 2026 2044 242.0 5.33268217394397 3.1320082746226214 -37.37532761273843 0.8093524505522925 0.27320291072481445 0.8150123325970631 0.0 130.90692252487827 9.467401 348.02635456581606 31.26533534074979 2.7811433052758936 0.15246154718781946 8.77673016883152 455.551451370598 50.095034182140274 24.753656413442982
4491 7858.5546590763415 2039.7862057177374 214.9642293867722 52.9594291504269 7853 7863 2032 2047 91.0 3.2878987565403506 2.2910944441039107 -72.34400942182263 0.7172398882300232 0.3121659149043821 0.5718133641260835 0.0 40.9126866614356 5.80575 263.6931326747184 22.83010393675114 3.4057573996199735 0.07532675832607247 5.382025607773058 415.12939288247645 39.39541056602955 24.854541289206416
4492 7869.027731660699 2045.1593220939903 214.9640788667712 52.95939172467814 7859 7878 2038 2054 226.0 4.402356708901583 3.9051452138736407 -4.148173951785182 0.46165822384885175 0.2534477698609652 0.5264949987409755 0.0 90.54921066738743 9.275891 436.6311394013761 36.522391740697756 3.19316190000047 0.09768113487381146 8.481629223064205 548.2147635265736 58.61558355743388 24.552623182517614
4493 7231.552536029155 2033.4310053916436 214.96991983927848 52.96337304832569 7227 7237 2027 2040 100.0 2.9516276812705304 2.4338267381527534 -76.69896410098674 0.5657584135450964 0.20167460446458968 0.6449801203330026 0.0 38.8724366030161 6.08536 102.61788645968797 19.93357393881633 2.7340009538859698 0.18865112199179448 5.641895835477563 109.87836099903578 32.24764024844773 26.297719568395877
4494 7236.611926730399 2041.4957290061777 214.96978950733333 52.96338451956222 7231 7243 2033 2052 128.0 3.8900309167218388 2.4898416476852887 69.18399156023277 0.7683274004143741 0.203573659526756 0.6733374370657469 0.0 54.43373256373131 7.1195526 134.7282318992895 22.242096552511818 2.6012318012458175 0.186841972568164 6.383076486422923 112.48184881908051 35.91949360408676 26.272293884852992
4495 7677.640194286008 2050.085158346062 214.96574339816374 52.960632691028074 7660 7691 2031 2068 797.0 6.936272395983925 5.1095420130641065 68.04178885834574 0.6762840889877443 0.20881563806756778 5.080222222830234 0.0 886.3988188325766 17.54917 1122.566841912388 32.135091873023626 1.9702974776663684 0.4527137530145028 15.927742441679586 1280.1578069999287 52.20579601911722 23.631841227276983
4496 7691.697429266005 2034.8872359973402 214.96577741205525 52.96046139442736 7687 7696 2031 2039 71.0 2.5127313622777083 1.9916693770040184 -36.726052101217206 0.6097013337755421 0.3355385957614818 0.7135537165040793 0.0 34.17486333472996 5.1049848 128.87370018393875 18.584184430739782 3.081981450638729 0.1322184437304286 4.753945931439391 177.08020222867242 29.95506066045607 25.779574976802625
4497 7572.959707221138 2058.9530915279342 214.96658883223677 52.96134478756403 7544 7604 2037 2088 1658.0 10.69975607378111 6.57740283853477 -31.014173400951627 0.7887418563924511 0.181910954148767 8.960676994370516 0.0 3335.2541747675978 25.447208 3958.8760200623865 39.13971633665874 1.6853104196628461 0.5660885035709249 22.9729795910919 4308.034764379126 62.34141521479235 22.314302001876932
4498 7590.409323919138 2079.075669931813 214.96622036825474 52.96134278154559 7551 7635 2043 2115 3647.0 10.43010707554406 9.833066766080156 24.40205893514616 0.33347769816519107 0.14269746256201932 69.17788509987525 0.0 18611.915102263585 37.606598 19755.83004621617 39.1281358735563 1.4057028089088242 0.6792238016686649 34.071632701006344 20589.546190013378 64.04319010267545 20.615883063681363
4499 3278.0960602753707 2071.363121659113 215.00500209273417 52.98865599559353 3264 3294 2061 2085 480.0 6.071479371654478 4.651827017814601 -20.98539667191295 0.6426297649797311 0.2084540532923492 1.4103002182542956 0.0 275.1772305876611 12.982629 474.0065652739329 33.280205104534836 2.351789087880694 0.2890935532039893 12.360774464742066 521.7397851140386 53.12768253533411 24.606365112541912
4500 3275.9827543147226 2084.2670085822188 215.00488512296207 52.98873915372519 3270 3282 2081 2088 62.0 2.7664746369896003 1.6875240015103932 5.78023785054624 0.7924085166150292 0.20662423759779025 0.42364488628431024 0.0 19.06143021843562 4.696893 106.51002081677566 19.21407265233476 3.3646039848091007 0.11956660124588822 4.442433223290478 159.80308607025427 30.826704626795724 25.891037094933967
4501 6592.985583100627 2070.2605987972784 214.97526017446845 52.96762337752396 6591 6596 2069 2072 17.0 1.5534390480378533 0.8513201173188787 19.486721377412216 0.8364633522827809 0.2489946621674374 0.44067207827319904 0.0 5.835831589412713 2.4804394 87.57796922954897 11.764262910995596 3.9220715724526083 0.10387281213214347 2.326213245840639 142.3801197661898 19.519770165647387 26.016376615206113
4502 6598.776176670173 2074.612504431582 214.97516238207297 52.96761015474002 6596 6602 2072 2078 29.0 2.166605168445724 1.0482636462793078 40.557105548364234 0.8751632613486455 0.1397814345070559 0.25077566422253367 0.0 6.050501438844506 3.250576 105.70018604139595 16.546702801355423 4.003756016650824 0.07574174064217226 3.0382538898732494 173.04514813880323 25.852458380850795 25.804601432503432
4503 8447.541725590449 2079.4364290041726 214.9585301277622 52.955906052686316 8441 8455 2073 2087 167.0 3.6745326127711646 2.902038131554645 -48.38817299715743 0.6134022074965958 0.3780954320227334 1.481351950193008 0.0 124.56875817908451 8.088481 276.8096647630937 23.659909497103378 2.637366851375546 0.21473228081172366 7.2909362219603215 371.0658577168306 37.84670689682545 24.976372509623342
4504 8457.10964480387 2080.347100041914 214.95843474485713 52.95585025865166 8455 8460 2077 2083 26.0 1.8134463916054375 1.207936799301726 74.38780283772476 0.7458623693666583 0.24580832453044982 0.41367837802603036 0.0 8.771979425315442 3.175729 78.42325525770482 14.426269202319029 3.533071831823004 0.07929130442279606 2.876813695875796 134.67603014884463 22.968391752391447 26.076774234531168
4505 3011.108487043063 2092.1367053398544 215.00718089549125 52.99046149885472 2989 3033 2075 2109 1195.0 7.917095216218684 6.420899130237618 2.1338484489059955 0.5850225297376929 0.243855749262218 6.022715041365401 0.0 1362.1760680754205 21.020748 1621.6583760849505 34.889313648682865 1.7726429136118553 0.4683724507909633 19.50334109812034 1719.4737856901002 57.3477130499838 23.311511102115706
4506 2982.3390882371004 2103.4619600886613 215.0073199500532 52.990705172612934 2972 2992 2097 2110 225.0 4.491943037187902 3.0327368113249835 -7.9992277853437965 0.7376801716737326 0.231914609429218 1.2133075602159444 0.0 127.7208683499239 9.148484 231.4874933905856 23.68767879744039 2.3902368206088043 0.24321318185776325 8.462843753216344 295.64446936375805 38.213510044367624 25.223075602395042
4507 7291.453558172995 2090.5823917255743 214.96878053600392 52.963301764771344 7284 7300 2080 2102 237.0 4.902762711903351 3.1459416313963913 -68.98295450383762 0.7669832505249551 0.22291406232748331 1.0984481959075094 0.0 145.96383050848144 11.614566 317.7973471279568 35.7868277267327 2.5795230639099773 0.2306336760959048 8.685588237163813 418.797366188703 53.4839508075822 24.84499014564267
4508 7301.782450037804 2095.5666975946897 214.96863538749258 52.963263159001066 7290 7311 2084 2106 306.0 5.50567027527178 3.5149561422440425 -61.814012618648036 0.7696842500723543 0.2811200940496493 1.4190759759874476 0.0 215.03698754996554 12.959912 418.0595593397888 34.29801034704656 2.5120112926961298 0.24332081050272056 9.869286963719311 487.07145204749395 55.296969611246304 24.68101831075326
4509 6592.947225286583 2096.2747043216 214.97498648577036 52.96776417915742 6583 6604 2083 2108 367.0 5.216200299793716 4.387845463457908 -74.90731684909811 0.5407307365910317 0.21012116748297552 1.369949329372966 0.0 242.80513562414183 11.60014 652.4191498507864 35.555146752349984 2.9647818100519556 0.2674220237929146 10.808317548511017 957.0234863305392 55.238569497254254 23.947693510159265
4510 6601.444083051481 2126.80996086832 214.9745885966677 52.96787525874799 6587 6617 2097 2162 1269.0 12.507277828404876 5.2358222823085665 76.86268194283127 0.9081605471484131 0.2093330376399457 4.131668283949342 0.0 1352.9862939018367 21.809162 1808.6267587277966 44.408868104438625 2.009853104372251 0.3893236496549547 20.098140350968553 2101.616634577741 71.0931576979168 23.093616256773167
4511 6620.287906124466 2127.3503757558183 214.97441385028768 52.967758628151564 6611 6633 2118 2137 338.0 5.783680063676086 3.890736669611191 28.24235386838551 0.739906679716853 0.22099146007542197 1.1134189932136036 0.0 208.3736479841589 11.402509 373.1459640995754 30.715468548215895 2.3429442747340534 0.22965979265672903 10.37249929043725 578.5046506372498 48.66176005258695 24.494232863440143
4512 3477.4342288291496 2096.683431576849 215.00294531505585 52.987528658291396 3466 3489 2088 2109 299.0 4.8313493484891215 3.914173922194039 34.931233293422736 0.5862065450968987 0.2128156776185399 1.46895604087472 0.0 194.19478126684282 13.6089 414.7990282602651 35.15214190431025 2.583625449824853 0.30580424969953807 9.755749892701914 560.910699605919 52.860488677257514 24.527765688906992
4513 3466.7463745877108 2110.494009675629 215.0028957876535 52.987671096500286 3448 3481 2094 2126 682.0 5.813112290067444 5.2748239380352135 78.30656708608254 0.42026588598529296 0.159118309986719 5.16876678196298 0.0 929.7835189052406 19.704584 1087.3543833868107 31.663899795182896 1.7681708448924773 0.4527658083464207 14.733884157863644 1187.714536886696 47.03430054948268 23.713219820003626
4514 6159.4581198525575 2103.518932654731 214.9787994068365 52.97055342020576 6146 6173 2091 2116 516.0 5.543621105153084 4.457704434261297 40.63145833087879 0.5944748589683898 0.2611068815316196 4.798523728107536 0.0 737.3534448734856 13.655526 860.8622928849763 23.464853669313424 1.768973440573808 0.40463856830408673 12.815923738491737 946.2741378815666 37.81743216219486 23.95995757304918
4515 6180.451404834251 2100.6551114948375 214.97864121342462 52.97040476503808 6171 6190 2091 2112 335.0 4.529933718151634 3.994523396264354 -70.76682368640823 0.47161204379703153 0.24795326628486974 2.56295152538583 0.0 299.91244888595304 10.93761 427.9457146187974 24.889340171820436 2.113181025775813 0.3294968342048047 10.32636489145962 507.7224317743786 39.445937115233185 24.635934121325878
