outputs/dr0.5_c0.1/nircam1_f150w_dr0.5_c0.1.ecsv
# %ECSV 1.0
# ---
# datatype:
# - {name: label, datatype: int64}
# - {name: xcentroid, datatype: float64}
# - {name: ycentroid, datatype: float64}
# - {name: sky_centroid.ra, unit: deg, datatype: float64}
# - {name: sky_centroid.dec, unit: deg, datatype: float64}
# - {name: bbox_xmin, datatype: int64}
# - {name: bbox_xmax, datatype: int64}
# - {name: bbox_ymin, datatype: int64}
# - {name: bbox_ymax, datatype: int64}
# - {name: area, unit: pix2, datatype: float64}
# - {name: semimajor_sigma, unit: pix, datatype: float64}
# - {name: semiminor_sigma, unit: pix, datatype: float64}
# - {name: orientation, unit: deg, datatype: float64}
# - {name: eccentricity, datatype: float64}
# - {name: min_value, datatype: float64}
# - {name: max_value, datatype: float64}
# - {name: local_background, datatype: float64}
# - {name: segment_flux, datatype: float64}
# - {name: segment_fluxerr, datatype: float32}
# - {name: kron_flux, datatype: float64}
# - {name: kron_fluxerr, datatype: float64}
# - {name: kron_radius, unit: pix, datatype: float64}
# - {name: gini, datatype: float64}
# - {name: equivalent_radius, unit: pix, datatype: float64}
# - {name: kron4_2_flux, datatype: float64}
# - {name: kron4_2_fluxerr, datatype: float64}
# - {name: radius_kron20, unit: pix, datatype: float64}
# - {name: radius_kron50, unit: pix, datatype: float64}
# - {name: radius_kron80, unit: pix, datatype: float64}
# - {name: near_border, datatype: bool}
# meta:
#   PHOTMJSR: 2.251199960708618
#   PIXAR_SR: 2.11539874851881e-14
#   __serialized_columns__:
#     area:
#       __class__: astropy.units.quantity.Quantity
#       unit: !astropy.units.Unit {unit: pix2}
#       value: !astropy.table.SerializedColumn {name: area}
#     eccentricity:
#       __class__: astropy.units.quantity.Quantity
#       unit: !astropy.units.Unit {unit: ''}
#       value: !astropy.table.SerializedColumn {name: eccentricity}
#     equivalent_radius:
#       __class__: astropy.units.quantity.Quantity
#       unit: !astropy.units.Unit {unit: pix}
#       value: !astropy.table.SerializedColumn {name: equivalent_radius}
#     kron_radius:
#       __class__: astropy.units.quantity.Quantity
#       unit: &id001 !astropy.units.Unit {unit: pix}
#       value: !astropy.table.SerializedColumn {name: kron_radius}
#     orientation:
#       __class__: astropy.units.quantity.Quantity
#       unit: &id002 !astropy.units.Unit {unit: deg}
#       value: !astropy.table.SerializedColumn {name: orientation}
#     radius_kron20:
#       __class__: astropy.units.quantity.Quantity
#       unit: *id001
#       value: !astropy.table.SerializedColumn {name: radius_kron20}
#     radius_kron50:
#       __class__: astropy.units.quantity.Quantity
#       unit: *id001
#       value: !astropy.table.SerializedColumn {name: radius_kron50}
#     radius_kron80:
#       __class__: astropy.units.quantity.Quantity
#       unit: *id001
#       value: !astropy.table.SerializedColumn {name: radius_kron80}
#     semimajor_sigma:
#       __class__: astropy.units.quantity.Quantity
#       unit: !astropy.units.Unit {unit: pix}
#       value: !astropy.table.SerializedColumn {name: semimajor_sigma}
#     semiminor_sigma:
#       __class__: astropy.units.quantity.Quantity
#       unit: !astropy.units.Unit {unit: pix}
#       value: !astropy.table.SerializedColumn {name: semiminor_sigma}
#     sky_centroid:
#       __class__: astropy.coordinates.sky_coordinate.SkyCoord
#       dec: !astropy.table.SerializedColumn
#         __class__: astropy.coordinates.angles.Latitude
#         unit: *id002
#         value: !astropy.table.SerializedColumn {name: sky_centroid.dec}
#       frame: icrs
#       ra: !astropy.table.SerializedColumn
#         __class__: astropy.coordinates.angles.Longitude
#         unit: *id002
#         value: !astropy.table.SerializedColumn {name: sky_centroid.ra}
#         wrap_angle: !astropy.coordinates.Angle
#           unit: *id002
#           value: 360.0
#       representation_type: spherical
#   astropy version: '5.1'
#   make_catalog parameters:
#     ab_zpt: 31.4
#     coadd_bands: !!python/tuple [f277w, f356w]
#     deblend_contrast: 0.001
#     deblend_nlevels: 32
#     deblend_npixels: 1
#     detect_kernel_fwhm: 4.0
#     detect_kernel_npix: 7
#     detect_npixels: 4
#     detect_threshold_nsigma: 3.0
#     flag_isolated_buffer: 4
#     hst_bands: !!python/tuple [f606w, f814w, f125w, f140w, f160w]
#     jwst_bands: !!python/tuple [f115w, f150w, f200w, f277w, f356w, f410m, f444w]
#     near_border_kernelsize: 21
#     reference_band: f200w
#   make_catalog version: 1.4.0
#   photutils version: 1.5.0
# schema: astropy-2.0
label xcentroid ycentroid sky_centroid.ra sky_centroid.dec bbox_xmin bbox_xmax bbox_ymin bbox_ymax area semimajor_sigma semiminor_sigma orientation eccentricity min_value max_value local_background segment_flux segment_fluxerr kron_flux kron_fluxerr kron_radius gini equivalent_radius kron4_2_flux kron4_2_fluxerr radius_kron20 radius_kron50 radius_kron80 near_border
[from data line 1319]
1320 2801.2936592223764 1717.0123821690856 215.01301723506134 52.989764045011476 2797 2807 1710 1724 119.0 3.237949887072675 2.2681410191049354 81.87839966202881 0.71366539905253 -0.1770525721694451 1.1399308102614103 0.0 51.339897716274166 3.5425222 62.85208533253655 6.578320138823094 1.7182204993743508 0.34960474205002745 6.154581744998688 67.58455608920542 10.480171730103814 2.2905250779912416 4.221381040570136 6.262451275916049 False
1321 7385.212571504145 1714.4265227540852 214.97190169833024 52.96067463066143 7381 7389 1711 1717 48.0 2.037089200304105 1.1952007966815092 -8.46113032682015 0.8097899386045551 -0.07728114558411893 0.9563035469331199 0.0 15.450853815892193 2.0786932 24.109202383278177 4.243872318647276 2.1257325337986357 0.4236959658754689 3.9088200952233594 23.57556276077849 6.735381214349013 1.4962308932837656 3.037648587589584 5.992530145063378 False
1322 6955.059729076073 1719.9379709878829 214.97570212002654 52.96343344422916 6946 6965 1712 1728 240.0 3.2331299102915425 2.118099256160168 -30.116298915881444 0.7555218402291493 -0.22192443757292657 9.644019898196923 0.0 243.3438413774697 4.7742057 244.90109806287603 5.003687879920623 1.4092179059273444 0.6585840052559817 8.740387444736633 261.60683985593346 7.76291827156476 1.4604854600326371 2.8668034790803847 5.033155134974399 False
1323 2770.8769429217637 1719.416445400339 215.01326509743046 52.989969925627335 2766 2776 1714 1724 92.0 1.9491632079596317 1.9007444264996753 -33.86459237080291 0.22150517534315087 -0.13892511277649924 2.6157344352230196 0.0 53.276772014531396 3.1670485 56.76872963454933 3.9029711486731467 1.4 0.5273553865384129 5.4115163798060095 57.48132783127302 6.133292516882611 1.2992142493241796 2.4157886702848934 3.8811787101037765 False
1324 8565.402438175568 1714.4395323788608 214.96131774640875 52.95318653387463 8565 8566 1714 1715 4.0 0.5180695501049606 0.4673642032305725 -48.36865708030737 0.4314719116081926 0.29493186231440727 0.6014141971652865 0.0 1.9394001778810723 0.6279049 14.41286886634171 2.5812745611236627 3.8473523751882857 0.17039418000186535 1.1283791670955126 22.89894193799598 4.136250162611678 1.4442293920622882 2.507716549194076 3.7299741274686307 False
1325 4168.701980063829 1718.0025318900034 215.00072791169708 52.981097531566945 4166 4171 1716 1721 28.0 1.3339260156613921 1.2074406213806723 -9.252144041031153 0.42503246995572086 -0.0625079874560046 0.8170797952400337 0.0 9.395159227429707 1.8405194 17.87393148661675 4.691387984616252 2.417070304417224 0.3735073952487874 2.985410660720923 30.103672733086615 7.413907028346622 1.384652825264202 2.7765872535776 4.378177502445799 False
1326 6279.964861885093 1722.025847621741 214.9817367103151 52.967727504077665 6276 6284 1718 1727 76.0 1.843961490118099 1.6877176749176803 38.81211651307819 0.40284705428618767 -0.14883593709178725 3.257554792452349 0.0 49.947493692987386 2.6841457 57.23778581006677 3.956815726999564 1.6707378706986327 0.5059774135033541 4.918490759365935 63.26031077293078 6.307640866685932 1.2161804888223728 2.34416856906125 4.045331643184032 False
1327 265.780454725263 1727.600200197898 215.03568679520353 53.005897711259315 258 274 1719 1737 237.0 2.8403195304146363 2.473169489588428 -79.18682139752079 0.49175013076279983 -0.19627273504226656 6.327411451421854 0.0 161.2880254166226 5.2905145 165.59432714767422 6.417538392118037 1.59949831191277 0.666313472005488 8.685588237163813 183.57904372638154 10.06441163038846 1.5483990034827004 2.7856838662449865 4.979775296714631 False
1328 6043.412151740181 1724.450974750756 214.98383367031576 52.96924121812283 6040 6047 1721 1728 48.0 1.345220317238352 1.2800371956450458 -46.00394971261215 0.307510616845796 0.012128982144020663 8.26985501395259 0.0 73.5991868830975 2.8833776 82.4039517357438 4.064409726520472 1.7394431938198465 0.5701667131611321 3.9088200952233594 93.65952833565191 6.471620252919009 0.8559737953827357 1.6415339932101551 3.0664354666229396 False
1329 7016.703824716127 1723.2554656966843 214.97511419973029 52.96306028580096 7014 7020 1721 1726 33.0 1.4989520548785331 1.4660337798235863 -13.965582408815816 0.20842130194061004 0.030508518988464177 0.8138282938593878 0.0 13.930404577209565 1.7318383 20.46208381550817 2.7573938050150026 1.4 0.2511928245231567 3.2410224072142872 15.3015658422347 4.3027691083519475 1.460070219890139 2.578941207927308 3.6676326741014393 False
1330 6124.265991393434 1740.5972948589072 214.98293810694653 52.96881556572358 6108 6142 1722 1763 1030.0 6.795635207583826 3.783814562450769 -48.95413981519088 0.8306461102659196 -0.16837228454912317 28.935991515055687 0.0 2168.4372481066152 10.4754505 2153.035020381092 10.312538157509819 1.4 0.7126512455736098 18.10688219350047 2270.6561318297854 15.633753807991583 2.758338748262067 5.66307521337217 9.629595028710067 False
1331 6777.23988439695 1727.2393762928318 214.97722040084355 52.96460100903082 6771 6784 1722 1733 126.0 2.5841519468220624 1.7625747445677136 -11.761925442527236 0.731286086233046 -0.3533525148614841 3.7705817716060035 0.0 64.91884852443597 3.303709 79.94039431644052 5.53255770633469 1.9862158292245202 0.5775586485635298 6.333012368467128 87.92432393540541 8.851581850746696 1.3915485087899724 2.891270108147457 6.270027933548794 False
1332 7331.2805043375365 1725.8950802098773 214.9722646472516 52.96107876430339 7327 7335 1722 1730 63.0 1.9096690608273832 1.5134189936284381 -75.63471269999707 0.6098676510903112 -0.1327245229960028 1.9214452891839873 0.0 31.720349713763202 2.3391707 56.72197154663509 5.4871115313382 2.5205988306329163 0.5017644811881271 4.478115991081385 88.63259098001056 8.75876355502651 1.5514678081645283 3.8582964361377816 7.8050280080353245 False
1333 2844.7270161785896 1740.3061350557775 215.0123817502916 52.98961455436315 2829 2861 1724 1755 747.0 5.951757558309548 4.5968763408194455 -36.936283050574666 0.6351897612116326 -0.23036741728229257 8.501916914869359 0.0 558.1515351339185 9.014228 654.6042840942941 13.33812175654588 1.7740708547799402 0.572406895032715 15.42003518087075 695.6999542553051 21.06067001552745 2.806180725681993 6.433191103675956 13.743457291891472 False
1334 7836.5557798645705 1734.515957331411 214.967642076831 52.95791955581495 7820 7855 1724 1744 504.0 7.0816629167174865 3.718282473620933 -16.585270202668948 0.8510665594032212 -0.031203713473346682 2.9909139846438926 0.0 358.24307311806854 6.6937814 460.46255214942653 11.402394282329924 1.7180476891264767 0.3762100143194324 12.666024736934256 459.98822821774206 18.036619521906033 4.017913658803476 8.312909895286328 14.078004866949023 False
1335 8467.36325529539 1734.5047873052436 214.9619854791736 52.95391700981824 8459 8476 1724 1745 316.0 3.277869257392619 2.6131633786895865 -88.66965051641535 0.6036967628891953 -0.4025567888498884 13.693158090624006 0.0 395.027789696209 5.8878756 400.0841864788229 6.207991840571336 1.455374222172418 0.6740724728808916 10.02925341359355 426.52171803845806 9.658187773962398 1.594996710689463 3.024519872258015 5.500529239686579 False
1336 4239.307742370498 1733.6361436842415 214.99992934243159 52.98073423254539 4228 4249 1725 1741 272.0 3.4873033423118835 2.2366081368059962 -21.981819519099208 0.7672421803350062 -0.20849360528975783 11.265310128304682 0.0 264.4840777532954 5.452821 275.5992045997856 6.216965351790719 1.528894309659628 0.6626293815773548 9.304852983362556 297.1391147878539 9.80722931730793 1.4307661061705854 2.9372684668992144 5.765225009897223 False
1337 10151.47639500588 1741.2558175607915 214.9468173457636 52.943266414993786 10143 10160 1725 1757 433.0 6.107327241958499 2.8494592355528954 -82.44898491798034 0.8844874233633933 -0.20419832632318174 5.751006741008994 0.0 300.62198535361864 6.928622 352.01140475858034 11.122234285308812 1.8380785189247761 0.5427665881136222 11.740024732409271 391.88493026049116 17.673365600254865 2.80483483300937 6.098460494431565 11.24929578066815 False
1338 4179.150080625655 1738.3727432762425 215.00041952841016 52.98114137565537 4173 4188 1726 1744 183.0 4.290553143315808 2.635756392910555 -67.82206531768098 0.7890599347592706 -0.16443597145980943 4.413587954096922 0.0 108.43969115453375 4.5967293 194.56960083974053 11.788044805222997 2.335004606757826 0.5273152343256204 7.632215220473915 214.53067253284695 18.62633857189371 2.9838794095294685 6.980070729277018 12.879405392445122 False
1339 1857.856483072261 1728.76666224189 215.02136803471646 52.99580997297487 1857 1859 1728 1730 7.0 0.7044903337793084 0.653924584903383 4.161640608923122 0.3720226692060608 0.3886928910502889 1.0543462793405902 0.0 4.949205377955522 0.8465845 15.378871813548571 2.7341893758737337 2.8933076041860963 0.20867391563870002 1.4927053303604616 21.415300434652792 4.454865208943618 1.103396403914237 2.1896709323975343 3.425648046309246 False
1340 8568.822241687396 1732.8780220429983 214.96109288486983 52.9532644376763 8566 8572 1730 1736 34.0 1.5691623238952936 1.3475152273601883 59.701187391111986 0.5123979231571525 0.08667348056861265 1.037016169836504 0.0 14.500001483896451 1.7873254 32.082430430196546 5.09311203237765 2.5693512941560757 0.31862626630502405 3.2897623212397704 47.942792040998654 8.16814792072339 1.7909978117305676 3.6727082092188055 6.267061761013851 False
1341 588.7089916128608 1741.636117534628 215.03263652814175 53.003926336496356 581 597 1733 1748 168.0 4.944235291489336 2.0714226848534487 -43.55494278996057 0.9080060096428697 -0.09273832799303439 1.2566827948629946 0.0 84.34745679637679 4.149929 128.2164142046179 9.428755912149843 2.1091934804334143 0.3344565634267199 7.312732791431452 141.2059266942496 15.089423546419045 3.3149349767111573 6.49138288039966 10.20279073352767 False
1342 9731.313468638233 1749.494036473487 214.950496385849 52.94597736441298 9712 9753 1733 1765 1022.0 7.168232297101256 4.317728979899135 19.36368193582093 0.7982379631872516 -0.28143325777494616 17.291188306815492 0.0 1773.9675496300028 11.281381 1814.6241620251046 12.936631929578606 1.5110675567386853 0.6480047466399944 18.03642713177513 1966.9977105404068 20.145192434293072 3.004896254274825 6.32034674813821 11.474398658065912 False
1343 2685.0282568769558 1744.3963337546145 215.0137730059531 52.99064937443015 2677 2693 1734 1754 278.0 4.210528910659646 3.160591430712914 -84.80768469781778 0.6607114249914479 -0.29567465737146154 3.6760185135294168 0.0 163.83308378536248 5.5335383 219.1316130239993 10.227390778378512 1.918730584072176 0.47011385305613435 9.40692023773423 255.82423957628907 16.275411634348206 2.562781112486226 5.653886358514343 10.331936690291228 False
1344 6280.056170937055 1738.9777089699628 214.98155733351172 52.96781852816029 6275 6285 1735 1743 80.0 2.23565970906512 1.7257165702509678 -23.63840003068978 0.6357380781536953 -0.004476049683137354 2.260731040252956 0.0 55.967294307196845 2.7514546 68.96645588414226 5.283425283147387 2.022671502052157 0.4286051175785418 5.046265044040321 83.8652031133128 8.411864965824929 1.5760297393658482 2.921485823226154 4.899057760707411 False
1345 8435.452977854859 1742.5552041018066 214.96218681733035 52.954162976167865 8426 8445 1735 1751 262.0 1.9249289726007706 1.8500723029236164 -10.430663269349413 0.27615893105598033 -0.20197957419668097 204.19163798018303 0.0 1953.3822186168827 7.266512 1874.0637466406483 6.32576694432616 1.4 0.8423850495616473 9.13220620552083 1979.0804058671076 7.8515209957162115 0.8046481560318499 1.4886734053169914 2.7434154559260655 False
1346 2167.9795871717133 1746.9061782567767 215.01839093031057 52.993941615151165 2161 2176 1738 1755 218.0 2.740168029219237 2.2557244738200395 -71.41157135031571 0.5677418897925253 -0.25896191330975504 10.549007196654568 0.0 201.96727527236814 4.884916 205.85854968687462 5.313653042961078 1.4604327697513644 0.6652028513005513 8.33015937350939 220.32953918827954 8.398756953886222 1.2844509086518738 2.5279207997431072 4.693904438837835 False
1347 1903.301130465158 1745.4810331724775 215.0207836778635 52.995612198041805 1899 1908 1739 1751 95.0 2.7943121292945112 1.8360741635406979 76.70210134751602 0.7538247335885131 -0.2670301458700664 1.2609309031107152 0.0 26.109134274985657 3.1167352 46.89140452740064 8.085238081431557 2.5493327198075826 0.4450383506890738 5.499039842323396 34.93978524650164 12.927524487955406 2.385882906804627 4.874392398656066 11.871061012971852 False
1348 4452.16510747517 1749.3187964414938 214.9978532324957 52.97946896769122 4442 4460 1739 1757 248.0 4.692589597710779 2.3754865035655635 40.12342490894292 0.862403903224269 -0.14775729056379466 3.7949842974155246 0.0 185.83565270693396 5.2458625 235.58284636604847 9.277019711623115 1.9538394057917574 0.4838855868015111 8.884866446580956 263.95667239297063 14.693729044692466 2.5659860837430957 5.133403657645636 10.486503532556787 False
1349 2187.0743748315545 1742.7424796128576 215.01826326420803 52.99379802300266 2185 2189 1740 1744 18.0 1.143021940496132 0.9800292406116657 -22.55309826880491 0.5146473513290096 -0.029861712089326184 0.908823152908538 0.0 9.530371500618788 1.3364962 27.172664533216956 4.110054160266731 2.7848756339037877 0.30711477115567776 2.393653682408596 34.40045806873101 6.652814911907469 1.5440967843966298 3.0328927881263903 5.582911092624001 False
1350 262.7013979431018 1749.6161123483923 215.03548251610854 53.00603630402634 257 269 1741 1758 160.0 3.8563024597951054 2.1077706222410546 -58.44446504508807 0.8374081071194998 -0.3973213444491446 1.2101718380641122 0.0 53.294818373249406 4.3564816 78.76233113600755 9.09941390232127 2.1001148439835657 0.46324517321240993 7.136496464611085 89.3795517532329 14.286648378351869 2.359225590641295 5.1102299357791345 8.877477780254425 False
1351 9144.706985403662 1748.976860397011 214.9557601959771 52.94969711992911 9141 9150 1744 1754 87.0 2.5831188778764105 2.090425209716504 78.66321119642056 0.587445077708259 -0.1867910275245661 1.214686242456356 0.0 34.66791340529646 3.098493 143.93268324510098 10.698426348389868 3.183750759108186 0.34662041815987327 5.262410103554244 227.22691002924256 17.125001021708254 4.445772921912023 9.74539972841389 15.056973677207456 False
1352 3890.5073344361085 1750.5100462334956 215.0028831717414 52.9830376204422 3886 3895 1747 1753 61.0 2.3078545235054806 1.4575786553055112 4.16905801973793 0.775316398719436 -0.06730705483882309 1.6384803615845116 0.0 40.39919100624005 2.7712 48.947394852556926 4.996973397431871 1.7514751664686976 0.37251619308230927 4.406461512053774 56.82762459980065 7.8832281190882645 1.567683141601783 2.836430832317431 4.361697976043885 False
1353 9234.605425787076 1748.431454344073 214.95496002851038 52.94912370221897 9233 9237 1747 1750 18.0 1.342645603642797 0.8325508643507626 31.837406805236 0.7845367153706396 0.050356960132816334 0.8135835245376146 0.0 7.231035649892042 1.4388672 19.303087308898327 4.3499356718078355 2.7450924143416677 0.2759182020880285 2.393653682408596 24.80557423702762 6.808611126260048 1.5735703517390556 2.9860844697995708 4.781497857064551 False
1354 2882.137844400188 1755.1148182603606 215.01188974742817 52.98945737829394 2876 2888 1749 1762 122.0 3.5611388162681403 1.724943956654706 -54.056634232531856 0.8748577836419815 -0.06030984574986429 2.3006964960388006 0.0 68.44249629879162 3.5993197 86.93624587817527 6.448231124037488 1.828843603890201 0.4298602778195953 6.231677632421503 91.7412288022526 10.24196272455671 1.8264953037687512 4.139185049433426 7.160114189142627 False
1355 4425.446132398286 1751.7878138974381 214.9980670843612 52.97965177834016 4423 4427 1749 1754 27.0 1.3477076461814348 1.0000862816545015 -51.22105820829677 0.6703282541757674 -0.10420763375372823 1.102790426472395 0.0 10.151983164876523 1.7337642 11.625911134778901 2.855949457935263 1.6945379012119104 0.4632576284035794 2.9316150714175193 11.559294794412793 4.5702927172167245 0.9009022984856487 1.5956787676150852 2.343340678428099 False
