outputs/dr0.5_c0.1/nircam1_f606w_dr0.5_c0.1.ecsv
# %ECSV 1.0
# ---
# datatype:
# - {name: label, datatype: int64}
# - {name: xcentroid, datatype: float64}
# - {name: ycentroid, datatype: float64}
# - {name: sky_centroid.ra, unit: deg, datatype: float64}
# - {name: sky_centroid.dec, unit: deg, datatype: float64}
# - {name: bbox_xmin, datatype: int64}
# - {name: bbox_xmax, datatype: int64}
# - {name: bbox_ymin, datatype: int64}
# - {name: bbox_ymax, datatype: int64}
# - {name: area, unit: pix2, datatype: float64}
# - {name: semimajor_sigma, unit: pix, datatype: float64}
# - {name: semiminor_sigma, unit: pix, datatype: float64}
# - {name: orientation, unit: deg, datatype: float64}
# - {name: eccentricity, datatype: float64}
# - {name: min_value, datatype: float64}
# - {name: max_value, datatype: float64}
# - {name: local_background, datatype: float64}
# - {name: segment_flux, datatype: float64}
# - {name: segment_fluxerr, datatype: float32}
# - {name: kron_flux, datatype: float64}
# - {name: kron_fluxerr, datatype: float64}
# - {name: kron_radius, unit: pix, datatype: float64}
# - {name: gini, datatype: float64}
# - {name: equivalent_radius, unit: pix, datatype: float64}
# - {name: kron4_2_flux, datatype: float64}
# - {name: kron4_2_fluxerr, datatype: float64}
# - {name: radius_kron20, unit: pix, datatype: float64}
# - {name: radius_kron50, unit: pix, datatype: float64}
# - {name: radius_kron80, unit: pix, datatype: float64}
# - {name: near_border, datatype: bool}
# meta:
#   PHOTMJSR: 0.3925000131130219
#   PIXAR_SR: 2.11539874851881e-14
#   __serialized_columns__:
#     area:
#       __class__: astropy.units.quantity.Quantity
#       unit: !astropy.units.Unit {unit: pix2}
#       value: !astropy.table.SerializedColumn {name: area}
#     eccentricity:
#       __class__: astropy.units.quantity.Quantity
#       unit: !astropy.units.Unit {unit: ''}
#       value: !astropy.table.SerializedColumn {name: eccentricity}
#     equivalent_radius:
#       __class__: astropy.units.quantity.Quantity
#       unit: !astropy.units.Unit {unit: pix}
#       value: !astropy.table.SerializedColumn {name: equivalent_radius}
#     kron_radius:
#       __class__: astropy.units.quantity.Quantity
#       unit: &id001 !astropy.units.Unit {unit: pix}
#       value: !astropy.table.SerializedColumn {name: kron_radius}
#     orientation:
#       __class__: astropy.units.quantity.Quantity
#       unit: &id002 !astropy.units.Unit {unit: deg}
#       value: !astropy.table.SerializedColumn {name: orientation}
#     radius_kron20:
#       __class__: astropy.units.quantity.Quantity
#       unit: *id001
#       value: !astropy.table.SerializedColumn {name: radius_kron20}
#     radius_kron50:
#       __class__: astropy.units.quantity.Quantity
#       unit: *id001
#       value: !astropy.table.SerializedColumn {name: radius_kron50}
#     radius_kron80:
#       __class__: astropy.units.quantity.Quantity
#       unit: *id001
#       value: !astropy.table.SerializedColumn {name: radius_kron80}
#     semimajor_sigma:
#       __class__: astropy.units.quantity.Quantity
#       unit: !astropy.units.Unit {unit: pix}
#       value: !astropy.table.SerializedColumn {name: semimajor_sigma}
#     semiminor_sigma:
#       __class__: astropy.units.quantity.Quantity
#       unit: !astropy.units.Unit {unit: pix}
#       value: !astropy.table.SerializedColumn {name: semiminor_sigma}
#     sky_centroid:
#       __class__: astropy.coordinates.sky_coordinate.SkyCoord
#       dec: !astropy.table.SerializedColumn
#         __class__: astropy.coordinates.angles.Latitude
#         unit: *id002
#         value: !astropy.table.SerializedColumn {name: sky_centroid.dec}
#       frame: icrs
#       ra: !astropy.table.SerializedColumn
#         __class__: astropy.coordinates.angles.Longitude
#         unit: *id002
#         value: !astropy.table.SerializedColumn {name: sky_centroid.ra}
#         wrap_angle: !astropy.coordinates.Angle
#           unit: *id002
#           value: 360.0
#       representation_type: spherical
#   astropy version: '5.1'
#   make_catalog parameters:
#     ab_zpt: 31.4
#     coadd_bands: !!python/tuple [f277w, f356w]
#     deblend_contrast: 0.001
#     deblend_nlevels: 32
#     deblend_npixels: 1
#     detect_kernel_fwhm: 4.0
#     detect_kernel_npix: 7
#     detect_npixels: 4
#     detect_threshold_nsigma: 3.0
#     flag_isolated_buffer: 4
#     hst_bands: !!python/tuple [f606w, f814w, f125w, f140w, f160w]
#     jwst_bands: !!python/tuple [f115w, f150w, f200w, f277w, f356w, f410m, f444w]
#     near_border_kernelsize: 21
#     reference_band: f200w
#   make_catalog version: 1.4.0
#   photutils version: 1.5.0
# schema: astropy-2.0
label xcentroid ycentroid sky_centroid.ra sky_centroid.dec bbox_xmin bbox_xmax bbox_ymin bbox_ymax area semimajor_sigma semiminor_sigma orientation eccentricity min_value max_value local_background segment_flux segment_fluxerr kron_flux kron_fluxerr kron_radius gini equivalent_radius kron4_2_flux kron4_2_fluxerr radius_kron20 radius_kron50 radius_kron80 near_border
[from data line 112]
113 6856.649383291516 313.62702514305374 214.99139491829243 52.95645815331561 6856 6858 311 314 10.0 0.5725857927849718 0.3656429339516704 45.91199813820438 0.7695538536138987 -0.20406741290330216 0.25760580764846625 0.0 -0.10301033083167668 0.8162683 2.4940565745168217 1.6805009193166847 3.2566743481394576 -0.041074095012817356 1.7841241161527712 5.4113018331737 2.6867260986779495 1.0895860347610618 3.12220788832978 3.6177733986387555 False
114 6997.316895818108 317.88196685963237 214.99008815639863 52.95558888615628 6990 7002 312 324 122.0 2.712022986839732 2.282818053712937 -59.286671920660936 0.5398832106791228 -0.25960456656744324 0.9234111380633444 0.0 20.667419892294248 3.1413062 31.431518491664335 6.63846027681306 2.12343953824091 0.46295696491268196 6.231677632421503 47.16482137174545 10.5976672852198 1.9434371183018766 3.9313396621438814 8.639309662942551 False
115 7027.119228072472 318.646300086075 214.9898127516937 52.95540397705663 7020 7034 312 325 150.0 3.599736461692748 1.966460123613647 -34.346343471844264 0.837603336032992 -0.16685515717124202 1.3447294936588134 0.0 50.27117310097471 3.4859288 64.01400334494978 6.334200698427552 1.9117339311263462 0.4782828998763221 6.90988298942671 68.05805410845316 10.154947220481855 2.1356339175346335 3.8553934365646927 8.099015504451506 False
116 6965.089313979456 316.8254239524537 214.9903883974089 52.955787598948405 6958 6971 313 321 102.0 2.9707589408425727 1.7607285359685614 -16.56748654441294 0.8054332906867276 -0.257100871698981 0.649246615405186 0.0 21.222894917275585 2.749371 24.171526095822692 5.0746170248884725 1.827775209622791 0.437550470853551 5.698035485213008 21.413740211996917 8.14921244103229 1.7891802585310879 3.0314743979363263 5.438529395981403 False
117 2305.418014553399 320.0857136278835 215.03218508207067 52.98535455284438 2303 2308 314 324 49.0 2.3839545119888177 1.3033459913491905 -78.25266943499626 0.8373181317162259 -0.19571037899022917 0.5535581336263641 0.0 6.814322613861778 1.7967743 36.31830107575078 6.631029649395498 3.3263497846049632 0.49066844025801004 3.949327084834294 27.09105652772519 10.588818335937553 3.777398153715413 7.1393365053861055 10.315687191754872 False
118 6231.246584462182 315.28449525130173 214.9969887279114 52.96043391844781 6230 6233 314 318 14.0 1.1523100522941025 0.6772738000634494 -5.424339146979573 0.8090403567692571 -0.21811068536442535 0.35855513256323646 0.0 0.7113409234766084 0.9321486 0.0491767335046016 1.3786528776813467 1.4 0.504670961523113 2.111004122822376 -2.743137445236252 2.237889669709425 0.14074724385644294 0.22315176181080076 0.29821220790450126 False
119 7393.003385334795 321.81306210248067 214.98649724985202 52.953100192491775 7388 7397 315 327 108.0 3.0560050730668853 2.237063956934579 -80.24968674629636 0.6812806374857439 -0.4248414574770419 0.6115741973774083 0.0 15.04635572521671 3.5293672 40.3488386106013 11.968132532625122 3.0809676201422724 0.5001714495914324 5.863230142835039 65.3307920273422 19.11447356439643 3.2428539539373777 8.71077799392884 12.71546189772242 False
120 2540.1005961544 318.2502169358765 215.03009624492898 52.983856739890044 2538 2543 316 320 24.0 1.4190531346399355 1.138181902826708 56.41536408125346 0.5972281850057642 -0.25817093948834563 0.4489969628927183 0.0 3.443112579880171 1.2590332 5.497978668599455 2.395931302916276 1.6654953652922888 0.4037672574066005 2.763953195770684 6.195544602467644 3.824227761657456 1.4405664485040177 2.101710560807663 2.7317619354150833 False
121 6599.072339157653 318.27191807282185 214.99365692845151 52.95811705056653 6596 6602 316 321 36.0 1.8009903553396953 1.339381783430705 14.59287092829451 0.6685226148426907 -0.2014273129127941 0.40842725522798395 0.0 5.480479669278881 1.4932625 4.83070989739458 3.392635970144395 1.9733384046591604 0.36966713400081047 3.385137501286538 8.162342016158707 5.397859982327576 1.2837042781639443 1.976382600935513 2.5218157444977973 False
122 666.6064332767413 318.30555318945727 215.04692940150878 52.99573393175853 666 668 317 319 6.0 0.8144954085607582 0.4990859505987032 -60.18272841211567 0.7902731085102148 0.055989493737230306 0.29668332437601624 0.0 0.9922674003049887 0.591145 6.301702286752754 2.315501061803195 3.2911108466231025 0.2728660539248269 1.381976597885342 10.43933169285537 3.7637865716855767 1.7725806280503853 3.4923402202460516 4.544364760983844 False
123 1209.9034862823335 322.04565665408444 215.0420074241511 52.99231021357134 1208 1212 320 324 21.0 1.279965103243315 0.9723783575667209 -39.7707698096916 0.6502838792138134 -0.041582448036916686 0.8917842228316394 0.0 9.44928459598458 1.1529343 20.025929859122265 3.239835010768854 2.5945355614879237 0.3171044553580253 2.5854414729132054 21.615926435061578 5.176064256296506 1.400021075624792 2.6533816796883243 5.321812470021805 False
124 8007.258897800325 321.6589538641557 214.9809894923172 52.9492027710758 8006 8009 320 325 19.0 1.1620491577249146 0.9242895537874128 -75.45535592460296 0.6060897539606606 -0.20352434168717187 0.38763532044071664 0.0 3.4152425076565054 1.1121649 7.753012642732118 3.4685432818365856 2.911653705835031 0.35317149276591414 2.4592453796829674 8.83664231504441 5.580732112621689 1.2546234820798103 2.295027501530868 3.877107296047927 False
125 389.1353154907119 332.24055746013823 215.0492765592472 52.99756812157148 383 396 322 345 259.0 6.371540573766984 3.1192233210501734 88.6308447606665 0.8719720877427841 -0.32699264587548094 0.4395918420336209 0.0 13.90400817614994 4.0791183 -11.43845217394514 18.206350366919505 3.6311732206271294 0.4670996958870087 9.079772052293041 18.435396729646385 29.291607127545962 nan nan nan False
126 1283.7639135518666 327.6994264838928 215.04128416037332 52.991872579250376 1279 1289 323 333 91.0 2.159715931534353 1.8931975411335902 49.35362166424258 0.4812277077786959 -0.2943248911818694 0.9550037689755108 0.0 20.29655341107752 2.4852417 20.30477518977538 3.2794992896398236 1.4 0.49498752733056656 5.382025607773058 18.838965736042475 5.189283365044213 1.3263248305267763 2.278217177509491 3.351378669861475 False
127 6670.741282383221 325.3092827720603 214.99293981616924 52.957700499013875 6668 6672 323 328 20.0 1.2890206146221592 1.163253914529277 82.68595640953305 0.4308315642602885 0.16675667843222403 1.0751851599270388 0.0 11.10706376161959 1.1755124 28.485173808179884 3.561029130307347 2.57912785395252 0.24350919544017247 2.5231325220201604 35.548253597622654 5.7142121816976 1.6864495501455723 3.005955541529876 5.012969801586465 False
128 3777.5344411991496 329.82640811753527 215.01886079516055 52.97607338668405 3771 3782 324 336 108.0 3.5922679303779512 1.7518129811846879 -39.2866514028155 0.8730324509101067 -0.1852660917235256 0.8216571336964185 0.0 21.31375106741945 2.860693 26.423190602742658 5.2740816794754375 1.749740569294168 0.47386765147738796 5.863230142835039 27.494457117715967 8.43111918169279 2.0735083818329816 4.022891926355162 15.055336758618022 False
129 1049.6617800788072 330.0708229052185 215.04336291018691 52.99336941339496 1045 1054 325 336 96.0 2.4967478038972484 2.2301664512727135 -22.582217500654185 0.4496028642163957 -0.19377404369968837 0.5743176766246734 0.0 16.070793523623678 2.5419276 21.751590325230918 3.7602328323197014 1.4117292600214948 0.3972275655167758 5.527906391541368 23.219165164092054 5.941648010083238 2.1469741163332774 3.668647694831218 5.831606619783253 False
130 3554.776211448587 328.32175462722955 215.02087696135658 52.97747772790627 3552 3559 325 332 42.0 2.033907049858836 1.4460203800416822 55.62456913479732 0.7032355197000142 -0.14205771296078096 0.6211229054590978 0.0 10.515273240207094 1.9819075 23.854151194899472 5.583303298355026 2.542017498553155 0.3322855028734282 3.656366395715726 20.365329841144604 8.923693160244847 2.167658238239681 4.1313428916669706 6.853853967854456 False
131 8579.485533855664 333.52930422642305 214.97573299051618 52.94563670395188 8570 8586 325 341 228.0 3.51013213343515 2.5292845108942785 -56.138444371336526 0.6933855750894761 -0.282971602242962 1.4916882667839444 0.0 67.76447567078999 3.9314911 79.16730545701787 5.796905797927965 1.676958863783298 0.5522004126367295 8.51907589177983 79.11126036957657 9.262027014423934 1.9829658518076525 3.9136475612036987 6.878821022983994 False
132 2298.6564604402065 335.4036213623563 215.0320845079899 52.98548026260905 2290 2304 328 346 219.0 5.09145550891327 2.8060379772716 -73.31138767728223 0.8344214551067783 -0.27710240873454234 0.6958076283766244 0.0 23.57255360098128 3.8731387 35.86528602709538 6.7059590028000455 1.5437574246454455 0.49897413526368406 8.349243383340204 35.295460853543624 10.639253806002483 4.188268672172814 6.2190765622981585 11.11365263486568 False
133 571.9061995889272 354.21407039721834 215.04740236237285 52.996528462574865 559 588 329 377 1148.0 11.162114749235922 5.921311108229645 -84.95233002022358 0.8476956309546607 -0.4253168729100771 1.5568141846638186 0.0 248.57746850887332 8.647609 266.95563987109 12.92990195949123 1.4 0.470728176322826 19.115955360352558 261.4214605493525 20.616846207128795 6.822490176465809 10.990741010583546 16.901610169053672 False
134 411.3549613579128 333.8853074043904 215.04905951844717 52.99743617720294 408 414 330 338 45.0 2.1586944704040807 1.511097439262473 48.21038016662234 0.7141377073064129 -0.1584366845158203 0.5243902248010037 0.0 7.979394317206731 1.6927524 14.944472868160425 5.100124088693604 2.511449973515837 0.3797529669530065 3.7846987830302403 3.110188955226918 8.190519420091332 2.1052690373646024 3.8380782818841963 6.628077058450398 False
135 8219.736139479972 335.6859205632442 214.97893628616723 52.94793063641552 8213 8227 330 342 147.0 2.7570842594346012 2.328227822095053 41.44499152912753 0.5356298023648086 -0.07303976340946158 3.2215046358989077 0.0 101.57904022478112 3.2107606 113.08907740138912 4.821746498368541 1.6262467775472769 0.5006673846206197 6.840435166640879 121.38994586335738 7.750088636315832 1.633915799845417 3.17566725456819 5.600433980925645 False
136 1571.1217680296643 335.52307626655085 215.03861966316498 52.990093241743736 1568 1574 332 338 40.0 1.8480189569237533 1.426211130297476 31.089097103463303 0.6359244052620427 -0.39493875738601836 0.2785498312524629 0.0 0.1334624150795417 1.9240872 5.023190144025307 4.257461592594451 2.0176101099030657 -1.2380931577210048 3.5682482323055424 5.736065004099746 6.702577975080364 2.26341607231133 5.27604523502919 6.0394339767034415 False
137 1907.178212090972 337.40166929774944 215.0355804635092 52.987972958621185 1904 1911 333 342 66.0 3.1429052715031385 1.7211734637886398 -56.50301011082085 0.8367155623381457 -0.34132889993432836 0.35176509611281775 0.0 -0.6892933659430279 2.0403447 28.58715103918154 11.055060370981622 4.247880698975286 -0.1066631229582302 4.583497844237541 44.47170877067323 17.759968143062892 6.928182162880642 15.530094337394445 19.434512269734427 False
138 2938.1481338732324 335.8315607779647 215.02633574441975 52.98142810899007 2935 2941 333 339 37.0 2.239704028022211 0.9321744823550218 75.44287524365222 0.9092711188595708 -0.3660131405198557 0.3230061881937126 0.0 -1.204461988902389 1.6707066 -2.037694553898249 2.47298212083234 1.4 -0.47814727906895693 3.431831258788849 -2.492538070731089 4.0250129120099905 3.160569039614257 5.523307241888146 5.8010787313498815 False
139 7111.325954880762 345.11660930700566 214.98877863455746 52.95501289553076 7092 7130 334 356 631.0 7.474022252693506 3.635788001667363 -8.703149955601344 0.8737047012252315 -0.2221156137931829 2.4371502662787616 0.0 373.1928547086933 7.1532006 398.9213594235621 10.470617186282643 1.571478158131373 0.5081852895532297 14.172280627406865 424.20436363776093 16.991299202264184 3.7459140918033675 7.207362577490208 11.504011852964748 False
140 2806.535636280757 336.80073436874585 215.02750766422344 52.98226781482213 2805 2809 335 339 18.0 1.2239716125182842 1.0448988187314132 -9.539250285643963 0.5207728167632364 0.062253423336808715 0.35987233931094154 0.0 3.9639124372073162 1.1989875 19.748516870290185 4.878438714631781 3.4334503971145334 0.23992579064067798 2.393653682408596 38.334324590270995 7.813786847439722 2.4522244563761975 6.095935313647214 7.833025628133079 False
141 2006.3594355512782 341.03759758516543 215.03465110108854 52.987363844899235 1996 2019 336 347 184.0 6.048477765507931 2.1358218006835057 23.001676510804618 0.9355790783186658 -0.28303781623163043 0.5710012420903011 0.0 36.235190031040574 3.4962568 54.18007766444862 7.864414771192277 1.9264990608117805 0.3903177945621149 7.653039857325812 47.899549482199404 12.540568294643156 3.764788914969312 7.7260987443058005 12.598593863286622 False
142 2893.911384004493 343.7962262368382 215.02664919240897 52.98175165581686 2887 2903 336 351 212.0 3.510506617057792 2.7623354660224604 -29.109667278951804 0.6171103925426716 -0.36291774519819714 1.3920768411933988 0.0 42.591638260957126 4.1032624 54.508605252365186 8.193356147617648 2.096082574842644 0.5582354148739089 8.214724333230155 67.61422074606385 13.136976315156211 2.04955882541215 4.054264810089387 8.029014973223724 False
143 4244.118628684206 345.8770371923034 215.0145023719677 52.97320151514481 4234 4253 337 353 276.0 3.533491541624871 2.7526820421807567 28.971746329015087 0.6269915282287447 -0.23619859927683667 1.7704056975184235 0.0 56.36809680129657 3.475623 58.086168864116786 4.234370387865115 1.4648284964877054 0.6387655992779476 9.373021315815206 63.752534034671996 6.7752820207714 1.5989064969472395 3.1197522883026774 5.8454052205243805 False
144 660.9008942066732 338.524247409589 215.04676774057407 52.99587947061862 660 662 338 339 6.0 0.7293839669885487 0.4991819970247049 1.6320048511798535 0.7291175384984541 0.27290253974438533 0.6441304822450906 0.0 2.5974139360993265 0.5993211 4.6597712975561345 1.6927464551937328 2.552790401373026 0.19950378243260497 1.381976597885342 7.217410550266666 2.7278010199458103 0.7328880768134101 1.3092595767392519 2.7982541857084153 False
145 3972.7108706376434 344.29722880976334 215.01695587465414 52.97491401542005 3970 3975 341 346 31.0 1.866826469280428 0.9611555667806239 25.417001405125454 0.8572738584637274 -0.32299434411233213 0.2159923773985184 0.0 0.7416143613467584 1.388757 1.2558577298416393 5.922224144447137 3.945982916019419 0.3572429942812634 3.141274657157109 0.5021767562418709 9.516486580272415 1.062064442287251 1.685353926911095 5.738363303072814 False
146 8525.986254487516 373.5952007414606 214.97579087666557 52.94619259890519 8495 8557 341 408 2796.0 17.534766498139774 9.38913899413416 -47.38938752483715 0.8445615679015286 -0.4520827263757656 0.9194650211237836 0.0 271.4443125525046 13.766888 313.98191610644926 28.182253003315044 1.9036826894591803 0.5178430141083076 29.83277462405867 420.24131583616025 44.957802523878186 8.75418152576937 17.61330619493598 29.26878143736158 False
147 774.1031417164908 380.4733079277152 215.04530852876 52.99538881691486 740 807 344 419 3520.0 17.016766763331294 13.753501891008797 -54.73250872870099 0.5888636691728217 -0.5655735884427014 0.5900196088860421 0.0 101.11730390132674 15.023507 439.44831816463267 55.48053515715662 3.221400569442682 0.5115316872926023 33.47313548753602 816.7260520142099 88.71989409442098 23.575292942367188 61.616500449273325 86.91959920489535 False
