outputs/dr0.5_c0.1/nircam6_f115w_dr0.5_c0.1.ecsv
# %ECSV 1.0
# ---
# datatype:
# - {name: label, datatype: int64}
# - {name: xcentroid, datatype: float64}
# - {name: ycentroid, datatype: float64}
# - {name: sky_centroid.ra, unit: deg, datatype: float64}
# - {name: sky_centroid.dec, unit: deg, datatype: float64}
# - {name: bbox_xmin, datatype: int64}
# - {name: bbox_xmax, datatype: int64}
# - {name: bbox_ymin, datatype: int64}
# - {name: bbox_ymax, datatype: int64}
# - {name: area, unit: pix2, datatype: float64}
# - {name: semimajor_sigma, unit: pix, datatype: float64}
# - {name: semiminor_sigma, unit: pix, datatype: float64}
# - {name: orientation, unit: deg, datatype: float64}
# - {name: eccentricity, datatype: float64}
# - {name: min_value, datatype: float64}
# - {name: max_value, datatype: float64}
# - {name: local_background, datatype: float64}
# - {name: segment_flux, datatype: float64}
# - {name: segment_fluxerr, datatype: float32}
# - {name: kron_flux, datatype: float64}
# - {name: kron_fluxerr, datatype: float64}
# - {name: kron_radius, unit: pix, datatype: float64}
# - {name: gini, datatype: float64}
# - {name: equivalent_radius, unit: pix, datatype: float64}
# - {name: kron4_2_flux, datatype: float64}
# - {name: kron4_2_fluxerr, datatype: float64}
# - {name: radius_kron20, unit: pix, datatype: float64}
# - {name: radius_kron50, unit: pix, datatype: float64}
# - {name: radius_kron80, unit: pix, datatype: float64}
# - {name: near_border, datatype: bool}
# meta:
#   PHOTMJSR: 2.962800025939941
#   PIXAR_SR: 2.11539874851881e-14
#   __serialized_columns__:
#     area:
#       __class__: astropy.units.quantity.Quantity
#       unit: !astropy.units.Unit {unit: pix2}
#       value: !astropy.table.SerializedColumn {name: area}
#     eccentricity:
#       __class__: astropy.units.quantity.Quantity
#       unit: !astropy.units.Unit {unit: ''}
#       value: !astropy.table.SerializedColumn {name: eccentricity}
#     equivalent_radius:
#       __class__: astropy.units.quantity.Quantity
#       unit: !astropy.units.Unit {unit: pix}
#       value: !astropy.table.SerializedColumn {name: equivalent_radius}
#     kron_radius:
#       __class__: astropy.units.quantity.Quantity
#       unit: &id001 !astropy.units.Unit {unit: pix}
#       value: !astropy.table.SerializedColumn {name: kron_radius}
#     orientation:
#       __class__: astropy.units.quantity.Quantity
#       unit: &id002 !astropy.units.Unit {unit: deg}
#       value: !astropy.table.SerializedColumn {name: orientation}
#     radius_kron20:
#       __class__: astropy.units.quantity.Quantity
#       unit: *id001
#       value: !astropy.table.SerializedColumn {name: radius_kron20}
#     radius_kron50:
#       __class__: astropy.units.quantity.Quantity
#       unit: *id001
#       value: !astropy.table.SerializedColumn {name: radius_kron50}
#     radius_kron80:
#       __class__: astropy.units.quantity.Quantity
#       unit: *id001
#       value: !astropy.table.SerializedColumn {name: radius_kron80}
#     semimajor_sigma:
#       __class__: astropy.units.quantity.Quantity
#       unit: !astropy.units.Unit {unit: pix}
#       value: !astropy.table.SerializedColumn {name: semimajor_sigma}
#     semiminor_sigma:
#       __class__: astropy.units.quantity.Quantity
#       unit: !astropy.units.Unit {unit: pix}
#       value: !astropy.table.SerializedColumn {name: semiminor_sigma}
#     sky_centroid:
#       __class__: astropy.coordinates.sky_coordinate.SkyCoord
#       dec: !astropy.table.SerializedColumn
#         __class__: astropy.coordinates.angles.Latitude
#         unit: *id002
#         value: !astropy.table.SerializedColumn {name: sky_centroid.dec}
#       frame: icrs
#       ra: !astropy.table.SerializedColumn
#         __class__: astropy.coordinates.angles.Longitude
#         unit: *id002
#         value: !astropy.table.SerializedColumn {name: sky_centroid.ra}
#         wrap_angle: !astropy.coordinates.Angle
#           unit: *id002
#           value: 360.0
#       representation_type: spherical
#   astropy version: '5.1'
#   make_catalog parameters:
#     ab_zpt: 31.4
#     coadd_bands: !!python/tuple [f277w, f356w]
#     deblend_contrast: 0.001
#     deblend_nlevels: 32
#     deblend_npixels: 1
#     detect_kernel_fwhm: 4.0
#     detect_kernel_npix: 7
#     detect_npixels: 4
#     detect_threshold_nsigma: 3.0
#     flag_isolated_buffer: 4
#     hst_bands: !!python/tuple [f606w, f814w, f125w, f140w, f160w]
#     jwst_bands: !!python/tuple [f115w, f150w, f200w, f277w, f356w, f410m, f444w]
#     near_border_kernelsize: 21
#     reference_band: f200w
#   make_catalog version: 1.4.0
#   photutils version: 1.5.0
# schema: astropy-2.0
label xcentroid ycentroid sky_centroid.ra sky_centroid.dec bbox_xmin bbox_xmax bbox_ymin bbox_ymax area semimajor_sigma semiminor_sigma orientation eccentricity min_value max_value local_background segment_flux segment_fluxerr kron_flux kron_fluxerr kron_radius gini equivalent_radius kron4_2_flux kron4_2_fluxerr radius_kron20 radius_kron50 radius_kron80 near_border
[from data line 4624]
4625 3346.8117164448195 2502.773769063865 214.8712372848855 52.84506543343631 3316 3379 2469 2534 2940.0 10.600764775371035 9.446836792079976 -49.75153134904967 0.4537152387590828 -0.3295321915937685 22.331970468250194 0.0 775.2533790332992 13.19862 852.5653641212206 17.470367013751037 1.6207184385793036 0.675682587335104 30.591356056578213 986.2745111350387 28.264525188369074 2.4242480746177124 9.115473724755855 22.896923217898536 False
4626 3373.2979070078545 2483.490964303877 214.87120354155863 52.844793179050576 3369 3377 2481 2487 39.0 1.9600222603938942 1.5815504041565516 -2.647796264610403 0.59068218103457 -0.2614691650699281 0.39465783685384404 0.0 1.914831718290921 1.5183929 84.14597538203448 8.477978003209614 4.3747951409106784 0.4667386185122488 3.523362819972964 182.10784434777742 13.43267053895756 8.855409626421283 13.109799785867763 16.476007767998674 False
4627 9457.24380520715 2508.4591186601765 214.8166547641639 52.80626949122442 9446 9469 2490 2528 648.0 6.730285253505909 3.689584205010384 88.93451569743212 0.8363431985638199 -0.20986903504849796 9.634736413973819 0.0 924.1319702744454 inf 952.8323982438194 inf 1.4 0.5435568231739373 14.361922094451577 980.2596244689237 inf 2.929070278469122 5.956021796742276 10.605017030854762 False
4628 9452.514923735287 2534.216824984185 214.81642608919853 52.80643836152599 9441 9464 2520 2552 454.0 5.2577067385940826 3.7483184826973437 60.172614368250485 0.701246495864946 -0.2462880101056039 5.1672130365884446 0.0 263.7050196598316 5.981404 390.1428870427453 12.161626668790118 2.2018470241831674 0.5273428920314261 12.02134303343187 398.15016229163047 inf 2.928390312062435 7.68854881938385 16.74335874252578 False
4629 9479.340032293765 2562.5835276026587 214.81588867946397 52.80642072685959 9464 9493 2546 2579 625.0 6.8738835085232655 4.3367193679965705 50.332887840562826 0.7758657820248251 -0.19336296480171863 7.737627328753819 0.0 228.24806670699087 5.844578 543.8122522489443 16.831772886562856 2.82782076973438 0.5162182439285153 14.104739588693908 805.1368395362978 29.157366305016822 5.988854999868954 18.542103866206645 33.6137077186695 False
4630 9442.896744007086 2614.856056150358 214.81566393191707 52.806934071711225 9391 9497 2552 2675 8851.0 13.966901872373235 10.69409814741249 -74.10038025789827 0.6432284429317684 -0.1575597243817072 505.7776195491127 0.0 41424.10920138191 29.146967 40367.23593277027 26.012414617648975 1.4 0.7911375610327211 53.07881689160688 42225.36501435849 34.355685582817806 3.603638510882755 9.86070338025338 20.470451059119895 False
4631 1635.9013808396217 2529.5843363561894 214.8862390317069 52.85607697599284 1614 1656 2505 2558 1213.0 11.467210038101165 4.9001200034954 51.618894439439444 0.9041024328775359 -0.28724000539206346 2.8118458772128836 0.0 315.39692120155337 8.523964 527.9202757928647 19.644378164977407 2.4390925773234646 0.595712278218559 19.649679181628848 777.3956305960417 31.39398720196409 6.386793737272962 16.094145779514488 37.04197560695123 False
4632 1541.291955672917 2612.3526780523707 214.88621383949567 52.857124399874266 1445 1642 2492 2726 28840.0 27.164779198427652 21.15768678330753 -64.09764939794093 0.627192016834194 -0.35465495265451946 291.31400971419816 0.0 31999.771954752374 43.72249 31287.93251937976 38.86971805437304 1.4 0.7701878267821775 95.81261460549192 33690.01108767738 59.374281841896504 5.392168873409956 16.43483803518891 39.50844398845288 False
4633 1455.4643186180872 2610.1383892452773 214.88700405586104 52.857657539492436 1438 1468 2588 2632 675.0 7.945606025915338 6.2033312728879855 -70.62357125533016 0.6248750801381466 -0.22076379163062146 0.675393557582236 0.0 110.66189073125446 6.4092007 421.0512102036046 22.26444517557321 3.0206033358762308 0.43555725917699367 14.658075357087599 783.2437568010309 36.2536725507158 11.507586412013081 28.1970284197466 48.30917330375073 False
4634 1603.0191244038272 2634.2756151756557 214.88543168772242 52.85685065100999 1587 1635 2619 2669 1547.0 13.026755874499667 7.760319197617688 36.253881247214835 0.8031910328044997 -0.255343733839085 12.569800076293884 0.0 399.940663359138 9.700953 822.9357765148468 25.278630001996543 2.557718129253914 0.6025336649998171 22.190660060627405 1158.4207107827722 42.61565019900063 9.681864288174873 25.015419924555843 50.454439395547844 False
4635 652.6040302242558 2502.650127986576 214.8953096829338 52.86217620462327 649 659 2499 2506 66.0 1.844161231771366 1.3071603099014586 6.9291165209913785 0.7053992389059932 -0.08454336656649028 5.135893213388735 0.0 40.48001384771685 1.975167 55.74483894522659 3.642234396096371 2.206844453508175 0.6230958813510834 4.583497844237541 67.79454570178956 5.775418304491759 0.9860481696822391 2.1833398808070683 6.061305879908148 False
4636 660.742390438987 2500.8678823042096 214.8952556893832 52.862114906447566 659 663 2500 2503 16.0 1.161646061442318 0.7929479204379877 -46.478140736059075 0.7307855111728527 -0.04200593632048 1.4658306896738356 0.0 7.207452242962392 0.95633477 24.274144967749198 2.9515378180419303 2.902005757977878 0.47569847111225905 2.256758334191025 35.80182024796537 4.716039076564295 1.4546651435345135 3.370717237032633 5.406402791011993 False
4637 nan nan nan nan 8138 8164 2499 2519 340.0 nan nan nan nan 0.0 0.0 0.0 0.0 18439088.0 nan nan nan nan 10.403141895720198 nan nan nan nan nan True
4638 nan nan nan nan 8146 8154 2517 2525 60.0 nan nan nan nan 0.0 0.0 0.0 0.0 7745967.5 nan nan nan nan 4.370193722368317 nan nan nan nan nan True
4639 7471.506359875511 2550.9174617071567 214.8339161291166 52.81911878823317 7460 7482 2509 2577 781.0 17.68352838143223 3.392085826990358 -89.0846416979343 0.9814297764497102 0.17821038997544775 6.886845911040206 0.0 1753.2088736753421 8.276449 4430.993902631362 inf 2.474549689853404 0.3308566429598263 15.767054928221077 115804.54465040643 inf 12.44019485282093 24.77471672932955 37.52954896094524 False
4640 7612.357685045408 2594.2862382414837 214.83220370291642 52.81845746786386 7594 7640 2579 2610 463.0 13.159993841666651 2.910742251242413 -31.001139510046123 0.9752327464062477 -0.06581539644213552 4.216311877357271 0.0 754.5174847146999 5.4008007 3108.5141096296265 18.873258604345573 2.9569905769942504 0.31164614376118854 12.139912573947766 4510.687346612424 33.21139664658704 12.964266406093422 28.703655391353745 48.02554502239926 False
4641 7360.429904535127 2610.646798043164 214.83427886161226 52.820146650654046 7308 7392 2581 2641 1572.0 21.544782730528876 4.933540681680546 30.632554081743827 0.9734287652951799 -0.06538493602380956 7.995486379658064 0.0 2871.68165114774 10.2683325 130329.79213904092 inf 5.467396120774848 0.4179048160477256 22.36924542940416 137397.38171917025 inf 122.79361785839026 127.28426929389734 132.56151870930728 False
4642 7458.955538054933 2622.0370885096995 214.83328021423839 52.81958193052887 7447 7467 2594 2634 439.0 8.914252324843028 3.780485820637072 66.03050604007218 0.9056179179922093 0.35834267559659744 11.598500204528293 0.0 1074.6884306571033 5.5350842 115825.59972783767 inf 5.559667188216398 0.35170424071238193 11.821084554078958 122646.06370019839 inf 49.733687377417674 54.298705772366 58.56377715105735 False
4643 7405.6396544261015 2636.7543019810028 214.8336010370102 52.820000085096666 7374 7427 2614 2656 1431.0 12.172864189172921 6.571834220641871 28.05714686967251 0.8417447186006248 0.21688416537616328 14.860762989950869 0.0 4299.232419273347 10.3063135 201463.80022121684 inf 5.498201451812265 0.4771957861975574 21.3424798729905 211377.63573956204 inf 70.27287396856512 74.92378178188802 80.00178060685677 False
4644 7472.019779546886 2626.7242123381675 214.83311439170933 52.81952417445678 7453 7495 2562 2652 2267.0 21.297996759179643 5.757177582491317 -87.98630848623696 0.9627718096094815 0.2638923800749313 117.51507853488397 0.0 12395.248840520864 14.586595 154919.1398914824 inf 2.37008687419095 0.6041698536865174 26.862771859557856 160422.10338616138 inf 43.22679315339237 49.26426731738847 52.87425315702731 False
4645 7370.759444420213 2660.429020713084 214.8336632177403 52.82034936889809 7361 7380 2652 2667 226.0 3.911612137051205 2.649633570210919 29.85081472389133 0.7356366454693842 -0.026323983653559774 4.125281179485231 0.0 206.57601982320392 3.7304363 592.3740579940934 10.217883255503171 3.0161335962450893 0.47502772077262884 8.481629223064205 924.1023525850969 15.693519465684265 4.28053058704725 12.99833654481622 19.220316392947037 False
4646 7517.909067150958 2647.5537623475793 214.8324860212069 52.81934483259526 7490 7601 2591 2666 4358.0 29.300032552246403 6.67246868072281 -30.24915596515882 0.9737245391745769 -0.019015167701222965 162.0312184021342 0.0 18001.93929210244 19.218506 133356.14888449947 inf 1.9478918103078737 0.6689949985087258 37.24505986018763 138074.04512058376 inf 48.56901563072441 53.860224518347074 58.9728174205743 False
4647 7436.593475094299 2653.7120676887307 214.83314659868043 52.81989478883286 7393 7451 2610 2667 1516.0 10.185193320745688 8.370587498993983 46.039483660896735 0.5697200324752463 0.39588412590905003 102.78929514389921 0.0 12626.426621026 13.340362 238702.3495082538 inf 3.811805383493459 0.6208631342160497 21.967197988242077 247151.91845836554 inf 35.02145293732097 39.567207181769476 44.32257007148778 False
4648 7470.949225231552 2661.9814872044785 214.83275318263182 52.819721036229026 7437 7509 2613 2669 1773.0 9.050471517315795 6.804713107223989 2.155738048757487 0.6593195646196849 0.6537311598336427 1685.4257796598604 0.0 102690.89915524168 52.52571 268200.4766143501 inf 1.7614229592724127 0.7844997836297039 23.756334485855785 270783.9831010382 inf 7.231851021506756 13.28351552572567 17.864754385465073 False
4649 7456.1357596160415 2674.669491847153 214.832751894162 52.819883571585386 7324 7465 2661 2695 2349.0 11.632453060439213 4.954320666295293 0.6294651863516613 0.9047678577280098 -0.15253039732729712 1736.2751478328157 0.0 106794.65162959171 58.352505 224946.8702529535 inf 1.4 0.8810859686408902 27.34428500885924 226896.91200243327 inf 6.942739560209356 10.34000564847722 18.125136087882638 False
4650 7484.900760444702 2675.7593604165154 214.83248384852234 52.81970664508525 7477 7611 2664 2690 2118.0 10.68172083955664 4.662734834929054 -0.2795285939242194 0.8996968221397204 -0.11337024040862752 1425.6099150964262 0.0 97816.68811849454 56.59991 214712.88006977225 inf 1.4088590299440855 0.884055657130616 25.964982937357547 216348.53272880928 inf 6.51423626581724 10.248197743857437 17.97340511131258 False
4651 7470.296544562912 2687.2285488122916 214.83249350949973 52.81986128053274 7436 7510 2681 2741 1714.0 8.431453474705277 6.939815125230153 9.09756760233392 0.5679160964662311 0.575817284915483 2078.472837402485 0.0 104260.2326627535 63.768787 257058.4308898411 inf 1.670581544272802 0.7944495753174531 23.357721312641292 259702.25223117947 inf 6.940345590847856 12.19554239167088 17.28193964623149 False
4652 7435.635002656868 2695.270771513866 214.83271812143252 52.820124906906095 7386 7453 2683 2734 1829.0 13.647883847123886 6.505493599098054 -24.258015232686528 0.8790840280225403 0.34925817553849264 197.43099402403192 0.0 16509.019011429347 15.3740635 241830.96459700237 inf 2.919153021755273 0.6352385247263739 24.128588475709748 246193.7640306532 inf 35.117275248924386 39.592874317820296 44.83916244513087 False
4653 7515.343579360188 2701.5508631157486 214.8319410791902 52.81965221053717 7488 7615 2684 2763 4343.0 31.371912312544005 6.1119405343544235 29.941383191571067 0.9808386032064181 0.013870766428725678 266.33922803839437 0.0 21931.808502946344 20.506523 137367.51942285438 inf 1.7892478303902557 0.6962455495577388 37.180906870276885 141400.56017985995 inf 45.9307645519663 51.716153670920676 56.2260154667086 False
4654 7469.888663480522 2716.854924643481 214.83218559827392 52.82002357548222 7447 7492 2700 2751 1077.0 11.763623078864143 5.890052260892278 -87.7466150105034 0.8656205770799846 0.5237693092713412 81.21534064142224 0.0 10740.209459364702 11.644383 237294.4656601009 inf 3.542428211756068 0.4993976245586686 18.515392175699183 244069.07369169858 inf 37.449141698595305 42.14894076275966 46.867911667069265 False
4655 7379.6128456372635 2726.5278093004126 214.83288915010323 52.820649421167445 7319 7417 2695 2762 2762.0 25.618988001643938 6.402601617847403 -29.6422133000776 0.968267454753087 -0.0900708907245821 14.13294889161186 0.0 5736.3043254858 13.811195 170677.6275958037 inf 3.99640846877674 0.4871916066342533 29.650833135674784 179149.94469731144 inf 99.42131840270264 102.56221571850796 109.59193459631095 False
4656 7484.145274869872 2728.7067832036114 214.83193379520995 52.81999686204588 7475 7499 2716 2749 460.0 6.612148977546749 5.188951227965499 68.49169965873706 0.6197995308358888 0.5588324984631158 12.196486061628137 0.0 1373.8099312659497 5.9874344 2717.4972639042808 11.845521885360304 2.522793969258522 0.337891698922819 12.100518486599809 114600.74438288194 inf 6.720105229261131 12.054648280786182 28.633985305006405 False
4657 7460.607336701387 2752.555724323875 214.8318929568921 52.82027500517828 7446 7466 2734 2784 614.0 12.960530548486469 4.223034985599749 -89.40988235360852 0.9454255738338846 0.37361645289540507 7.161316130094879 0.0 922.5145475301291 6.4284773 119933.07915126986 inf 5.590792243197715 0.3224551279028341 13.980066885278035 127575.96645223988 inf 73.65682710462009 78.3418298994476 83.11388346713383 False
4658 7472.830646488299 2758.7725275857742 214.8317185484068 52.82023083709958 7465 7488 2745 2788 670.0 8.972670117343775 4.80668943222832 80.07533307065421 0.8444062539816423 0.32713229622801826 12.093513730466906 0.0 1947.1430534987103 7.230338 3888.2393824881947 15.890941314823252 2.6012071496216675 0.4383597697756731 14.60368527951557 136130.8663009674 inf 7.396001330986891 14.844665598520598 32.53259793629876 False
4659 7637.660322224372 2772.6000480868383 214.8301028940614 52.81925786006986 7610 7681 2749 2798 601.0 21.45199513439626 2.9221595198259 29.374244859238544 0.9906788120102952 0.17672717839554222 3.059554887642022 0.0 719.0110034822209 6.1491404 3643.9525570681562 24.984007635198452 3.0366926963901255 0.23602704025009505 13.831277655967225 114811.01561559945 inf 19.820460126791527 46.68254620474005 82.66329672298609 False
4660 7287.286555525839 2780.237908017151 214.83314791025845 52.821525682732656 7233 7321 2760 2811 698.0 28.48576691353158 2.6075735180159048 -28.3055094933737 0.9958014439199758 0.09230209088405489 3.138656452465708 0.0 843.798031914562 6.7539763 43663.21154396188 inf 3.0317959029705817 0.2496922988605389 14.905713688256792 149944.52435309984 inf 166.6314930116496 205.91561783920864 206.9623337225911 False
4661 7470.260777810891 2797.7706065133057 214.8313313619534 52.82045738763158 7457 7482 2772 2842 907.0 17.59500605810948 3.8991153264594636 89.66525055515972 0.9751368512548367 0.08105775912659578 7.051086436046243 0.0 1879.4786339977259 8.018288 107551.84293723707 inf 2.9485121962780063 0.35506552616474274 16.991382132383997 119735.86219748568 inf 117.85755186491036 121.543803567161 126.21018886919751 False
4662 6012.632114059093 2531.8144648880316 214.84713307426225 52.82828607708476 6011 6016 2526 2534 29.0 2.187030560126484 1.1597857046147977 -64.43024653079473 0.8478090951724208 -0.06323151865190212 1.11191386266939 0.0 10.80222634854699 1.5470225 207.47324139399848 7.597320557032733 3.8261447230833547 0.48150257285356823 3.0382538898732494 311.94663683398096 12.062212632089368 4.62004785213836 7.521391999260199 11.586618389301506 False
