outputs/dr0.5_c0.1/nircam2_matched_f277w_f410m_dr0.5_c0.1.ecsv
# %ECSV 1.0
# ---
# datatype:
# - {name: label, datatype: int64}
# - {name: xcentroid, datatype: float64}
# - {name: ycentroid, datatype: float64}
# - {name: sky_centroid.ra, unit: deg, datatype: float64}
# - {name: sky_centroid.dec, unit: deg, datatype: float64}
# - {name: bbox_xmin, datatype: int64}
# - {name: bbox_xmax, datatype: int64}
# - {name: bbox_ymin, datatype: int64}
# - {name: bbox_ymax, datatype: int64}
# - {name: area, unit: pix2, datatype: float64}
# - {name: semimajor_sigma, unit: pix, datatype: float64}
# - {name: semiminor_sigma, unit: pix, datatype: float64}
# - {name: orientation, unit: deg, datatype: float64}
# - {name: eccentricity, datatype: float64}
# - {name: min_value, datatype: float64}
# - {name: max_value, datatype: float64}
# - {name: local_background, datatype: float64}
# - {name: segment_flux, datatype: float64}
# - {name: segment_fluxerr, datatype: float32}
# - {name: kron_flux, datatype: float64}
# - {name: kron_fluxerr, datatype: float64}
# - {name: kron_radius, unit: pix, datatype: float64}
# - {name: gini, datatype: float64}
# - {name: equivalent_radius, unit: pix, datatype: float64}
# - {name: kron4_2_flux, datatype: float64}
# - {name: kron4_2_fluxerr, datatype: float64}
# - {name: kron4_2_mag, datatype: float64}
# meta:
#   PHOTMJSR: 0.8704000115394592
#   PIXAR_SR: 2.11539874851881e-14
#   __serialized_columns__:
#     area:
#       __class__: astropy.units.quantity.Quantity
#       unit: !astropy.units.Unit {unit: pix2}
#       value: !astropy.table.SerializedColumn {name: area}
#     eccentricity:
#       __class__: astropy.units.quantity.Quantity
#       unit: !astropy.units.Unit {unit: ''}
#       value: !astropy.table.SerializedColumn {name: eccentricity}
#     equivalent_radius:
#       __class__: astropy.units.quantity.Quantity
#       unit: !astropy.units.Unit {unit: pix}
#       value: !astropy.table.SerializedColumn {name: equivalent_radius}
#     kron_radius:
#       __class__: astropy.units.quantity.Quantity
#       unit: !astropy.units.Unit {unit: pix}
#       value: !astropy.table.SerializedColumn {name: kron_radius}
#     orientation:
#       __class__: astropy.units.quantity.Quantity
#       unit: &id001 !astropy.units.Unit {unit: deg}
#       value: !astropy.table.SerializedColumn {name: orientation}
#     semimajor_sigma:
#       __class__: astropy.units.quantity.Quantity
#       unit: !astropy.units.Unit {unit: pix}
#       value: !astropy.table.SerializedColumn {name: semimajor_sigma}
#     semiminor_sigma:
#       __class__: astropy.units.quantity.Quantity
#       unit: !astropy.units.Unit {unit: pix}
#       value: !astropy.table.SerializedColumn {name: semiminor_sigma}
#     sky_centroid:
#       __class__: astropy.coordinates.sky_coordinate.SkyCoord
#       dec: !astropy.table.SerializedColumn
#         __class__: astropy.coordinates.angles.Latitude
#         unit: *id001
#         value: !astropy.table.SerializedColumn {name: sky_centroid.dec}
#       frame: icrs
#       ra: !astropy.table.SerializedColumn
#         __class__: astropy.coordinates.angles.Longitude
#         unit: *id001
#         value: !astropy.table.SerializedColumn {name: sky_centroid.ra}
#         wrap_angle: !astropy.coordinates.Angle
#           unit: *id001
#           value: 360.0
#       representation_type: spherical
#   astropy version: '5.1'
#   kernelfile: kernel_f277w_f410m.fits
#   make_catalog parameters:
#     ab_zpt: 31.4
#     coadd_bands: !!python/tuple [f277w, f356w]
#     deblend_contrast: 0.001
#     deblend_nlevels: 32
#     deblend_npixels: 1
#     detect_kernel_fwhm: 4.0
#     detect_kernel_npix: 7
#     detect_npixels: 4
#     detect_threshold_nsigma: 3.0
#     flag_isolated_buffer: 4
#     hst_bands: !!python/tuple [f606w, f814w, f125w, f140w, f160w]
#     jwst_bands: !!python/tuple [f115w, f150w, f200w, f277w, f356w, f410m, f444w]
#     near_border_kernelsize: 21
#     reference_band: f200w
#   make_catalog version: 1.4.0
#   photutils version: 1.5.0
# schema: astropy-2.0
label xcentroid ycentroid sky_centroid.ra sky_centroid.dec bbox_xmin bbox_xmax bbox_ymin bbox_ymax area semimajor_sigma semiminor_sigma orientation eccentricity min_value max_value local_background segment_flux segment_fluxerr kron_flux kron_fluxerr kron_radius gini equivalent_radius kron4_2_flux kron4_2_fluxerr kron4_2_mag
[from data line 2540]
2541 566.0166503879115 4760.201732372493 214.92866928210063 52.94805631274794 562 570 4758 4763 38.0 2.000338516612836 1.3312859211230508 0.01046940075203542 0.7463708201090037 0.14500174139744357 0.36737562297685145 0.0 9.82598412515601 1.2151082 29.989553150733066 4.2060032157409495 2.9093407420603388 0.13007922104413247 3.477898169151024 24.628804774445136 6.89278457666742 27.921391659445913
2542 2932.2298069489616 4764.630186319874 214.9074275068833 52.933058195486865 2928 2937 4758 4771 108.0 3.1172442458906113 2.0737988309375757 -87.00206594487975 0.7466057872059388 0.20050730169541656 0.9675292973819162 0.0 50.40880094452826 2.2003841 83.78714036625823 5.271509803507908 2.2767910387096846 0.2526688770194564 5.863230142835039 98.35698336300216 8.352132423907218 26.417986999164647
2543 9447.240151827085 4761.656072048024 214.84917709289283 52.891661724877515 9446 9448 4760 4763 9.0 0.9549504348959512 0.7767895808861238 -81.34933124507717 0.5816565972183992 0.28917555429964487 0.3184705963202399 0.0 2.7257171465493593 0.6260673 63.200195668688075 3.214349479211482 4.027018121674342 0.0165685430505253 1.692568750643269 155.33349487584067 5.18303015163647 25.92183721593816
2544 1381.6022563116617 4764.590700255962 214.92131585780356 52.942902650048694 1377 1386 4761 4769 67.0 2.199723236206055 1.9128169294848598 -19.748409133490348 0.4938068173334186 0.160206502532744 0.7393753760411368 0.0 27.458704208973014 1.6445583 47.964601560798364 4.233931119658019 2.2791083427729952 0.21994754244952872 4.61809077155419 51.92404186796493 6.830969916406301 27.111578771421005
2545 2871.8405956511647 4771.991172333187 214.90789071348968 52.933481355608 2863 2881 4762 4783 339.0 4.301437119284239 3.3833020758197536 74.4267240940198 0.6175246097761851 0.22345337651303457 4.72391443996275 0.0 361.3239371627773 3.814553 420.2346000639167 6.02908358487121 1.7561741472408054 0.4684034971473619 10.387831891992912 448.98375630654385 9.532954058264224 24.76942342741399
2546 1479.5774927259922 4769.643909254097 214.92038493854588 52.94230794921585 1476 1484 4766 4774 62.0 2.43251265183276 1.7998353436308936 -53.3495779291497 0.6727081759371366 0.2183844744965083 0.5413745638522084 0.0 21.3721172505252 1.571928 84.46282127543918 5.881732821312801 3.1151412611609692 0.14645050190191708 4.442433223290478 140.5592317470581 9.428852925439783 26.030351563061306
2547 769.7127315919338 4768.035198219896 214.92676159112986 52.94680557965203 769 771 4767 4769 7.0 0.7563764730496358 0.6965337232332302 -80.84572639188077 0.3898406700085943 0.19880166858125942 0.23489948592285304 0.0 1.5187755793624298 0.5308406 21.24171713392196 2.5463964426619117 3.829787205214098 0.032463308208077614 1.4927053303604616 32.48902758088012 4.038198490130166 27.620658217988566
2548 4185.0923451343615 4774.390813477541 214.8961082453359 52.9251554682655 4178 4193 4767 4782 205.0 3.016349926117587 2.8511272650455513 10.854042852496699 0.32642152452623846 0.10042713302413238 2.5244846735566484 0.0 125.41583964610116 2.9669414 145.00369840584625 4.571332360235971 1.7235073051907173 0.47843871589566983 8.07796550300118 157.69392940334228 7.305141492928351 25.90546256245098
2549 9434.493502380974 4772.486474274197 214.84917695506755 52.89180111188071 9434 9435 4772 4773 4.0 0.5013288675502668 0.4984417741815511 -43.602735554957825 0.1071662148323969 0.30913825154439817 0.3350774023311323 0.0 1.2954454416806698 0.41381076 27.37718037775629 2.0154917924376003 4.226484280032394 0.022366047088489143 1.1283791670955126 64.10361150975565 3.3232758530890396 26.882793755587706
2550 3201.8070991551303 4785.99868629384 214.90478863170185 52.931461854512335 3185 3216 4773 4798 610.0 6.511491882208103 4.993095319249784 8.422977273166493 0.6418708051405838 0.1767027510076175 2.1255722014819565 0.0 403.82213065714865 5.3042436 517.9439255135197 10.0511783846967 1.878818998060409 0.3523178493881648 13.934454799959427 574.9767561170022 15.961563966861581 24.50087427912011
2551 9876.831113758744 4776.479452086981 214.8451818738862 52.889012073987374 9874 9880 4773 4780 45.0 1.4713352439150438 1.4321379829246466 12.58161988233933 0.22928473145590486 -0.04864435054735971 7.507234424044788 0.0 129.63244539489187 1.3235445 114.00760539800876 2.1335292869571543 1.6679616700911166 0.42680114599468727 3.7846987830302403 140.04608526998993 3.4742933839750676 26.034322566429903
2552 513.2998195560485 4775.537867919323 214.92898008782794 52.94847374610904 512 515 4774 4777 14.0 1.0304850219671728 1.0178360808212485 -85.12106964206629 0.15620122010497187 0.2692212601380724 0.3480250830068556 0.0 4.369081396700192 0.72883904 29.565947101921914 3.1487226269130564 3.455084404603773 0.04302606912404485 2.111004122822376 37.55622039489566 5.008195132057594 27.463295302478805
2553 3870.377090506447 4785.371798242168 214.89880972433178 52.92721320026361 3859 3880 4774 4797 392.0 4.450314294949878 3.798032323448288 -81.50383597381392 0.5212072591656995 0.17544903837417744 4.217932661829449 0.0 379.5894189527444 4.244055 428.1691936918181 6.4293290067886435 1.6787969121955346 0.4681277399566129 11.170383851240114 456.64149768730977 10.144931416697414 24.75106156042319
2554 10104.312407495217 4778.42372580087 214.84312867043184 52.8875771123211 10100 10109 4774 4783 79.0 2.4417375852423837 1.966351779307921 45.650173379616014 0.5928561264060901 0.19328295096933915 0.8841207943151534 0.0 35.772851695157826 1.7655175 59.434690431307686 4.187292525073849 2.2241257356380344 0.24288681036028548 5.014626706796775 71.44137047561559 6.773219331370057 26.76512555718117
2555 3432.6456663517606 4779.6790026425715 214.90278844011698 52.92996200903319 3426 3439 4775 4785 100.0 3.5590699254378646 1.927363636820367 -36.13591859660494 0.8406777151116104 0.22086194663199626 0.6344863346645623 0.0 37.85094888754486 2.0614731 71.83514001930185 5.317923011077905 2.199939531652574 0.1660137630940499 5.641895835477563 59.96532261517264 8.496883723826073 26.95524956365021
2556 6350.92261028289 4779.402941478872 214.87667523250525 52.911427448872104 6348 6354 4777 4782 36.0 1.6166854519755665 1.3999269557846283 -20.179786725146105 0.5001753571584732 0.1702466081995338 0.6196779202123991 0.0 13.013253650201317 1.0609361 22.645923199062818 2.8523954866148022 2.456140088296732 0.21122874504953965 3.385137501286538 20.731781689677387 4.701989175597735 28.108408432567426
2557 1475.7912013614507 4781.8048590163335 214.92029074468886 52.94239763476963 1474 1477 4778 4785 19.0 2.018399237384348 0.7494608244070601 79.72872121762992 0.9285071734984756 0.23605951985168136 0.3213100761269993 0.0 5.3004303484673825 0.88189656 59.0964634895576 4.120348926851977 3.664473412622463 0.0524701481955786 2.4592453796829674 111.23332244305013 6.594451724299821 26.28441272646102
2558 9298.791870670044 4784.267897890613 214.85026570580715 52.8927268466138 9294 9304 4779 4789 96.0 2.287945308253599 2.12896112431797 -48.33880294923086 0.36626078501389897 0.18428914165645527 2.2143755253506763 0.0 79.82823738236844 2.3030066 104.20969196491652 4.310322629852277 1.9534453242216259 0.36619678578415166 5.527906391541368 123.0814254895952 6.684138926704891 26.174518706340123
2559 1496.9953494634367 4782.849804228353 214.92008978798103 52.94226866355213 1494 1500 4781 4785 22.0 1.5978802490594575 1.0478114129400677 -5.4263957137153565 0.7549773214446771 0.2343105941886524 0.3665233952179688 0.0 6.684106213308738 0.9920799 30.11801926625748 3.6410295168135187 3.094617541770778 0.07937483512353975 2.6462837142006137 53.47433397678003 5.894644016172388 27.079636539659226
2560 2016.8409497875325 4786.356233379334 214.91539639853724 52.938987313865255 2012 2021 4782 4790 72.0 2.331978163216957 1.9576727011680635 31.766663579534562 0.5433749035405986 0.16747744717886678 0.6483638657777879 0.0 26.406933584417416 1.7231393 48.48867550913532 4.494017421125546 2.3555813608483 0.20956384158954383 4.787307364817192 50.88291771017545 7.245555887916603 27.133569983714644
2561 1102.2010204320165 4788.196535107885 214.9235702545216 52.94480378619614 1097 1108 4783 4794 88.0 3.4745634293880956 1.7239174627628697 49.25740195722435 0.8682347130838488 0.17461476629407383 0.5442835429521006 0.0 30.389448826321868 2.1278627 54.61687114400574 5.296377720016432 2.23911077663782 0.1566242903674057 5.292567428401227 67.01252463219778 8.291300856297253 26.834610050325914
2562 10273.291590255212 4811.548859639767 214.8412699534208 52.88668196456041 10251 10289 4783 4842 1599.0 12.032658637162779 6.771550449769645 -79.30618321418473 0.8266174250901538 0.24748937019231856 4.239036977975151 0.0 1882.5149857569409 8.9981165 2165.4598822930293 14.453666618033282 1.5514143426938154 0.37562610308198613 22.560529869838636 2203.9233589556975 23.775426258925503 23.042008780178303
2563 2146.5286666055354 4791.0342465350695 214.91418556766993 52.93818920412623 2139 2156 4784 4798 217.0 3.8041699557145114 3.233026575276668 14.357141233406004 0.5270022901548881 0.1883876031353764 1.2392167580585731 0.0 104.70685297781503 3.0786183 163.81081596237024 6.887210419859777 2.1694291382605955 0.29920343880414185 8.311031542587394 179.32151086764563 11.029698038111828 25.765919026641463
2564 1421.2085787346339 4793.867234633951 214.92065263169476 52.94280926202202 1414 1431 4785 4802 233.0 3.9306931973221433 2.9092736051596315 -52.92146116741016 0.6724499130870372 0.1885552204755439 2.448135642038558 0.0 155.96887922926027 3.2457507 247.3025501543174 7.219167811802249 2.3009430564300812 0.39766798148671867 8.611980229936854 290.6522472048349 11.317533394848073 25.241565787266257
2565 8164.516650221486 4791.676602895644 214.8603270734769 52.89997317315959 8161 8168 4788 4795 43.0 2.3336886347926784 1.3307569228210396 -43.93089266008608 0.8214798356129857 0.24455920768944214 0.5030739324214113 0.0 16.386537747285683 1.3148503 46.733681074095614 4.544348032114889 2.8194160133440405 0.10063415166240151 3.6996385101659595 47.86326568807374 7.318882525649093 27.199994182509286
2566 7656.371202322421 4799.639667880563 214.8647866575457 52.90324423504429 7647 7665 4792 4807 231.0 3.702606431822316 2.720682037748866 28.916720609582043 0.6782818355601545 0.23578113863322975 4.860838111761231 0.0 273.2347505532057 3.2273965 324.16263853377654 5.30599599456641 1.8261735194250828 0.4567261585347507 8.574939283076915 365.22982785106615 8.401431823298426 24.99358440354164
2567 1156.163303683877 4800.205993839186 214.9229602873035 52.944526059299704 1147 1167 4793 4808 213.0 5.1197539347457015 2.2782792370383964 33.51325216520925 0.8955316622409037 0.1775150154013629 1.6307122720644942 0.0 133.16501695824604 2.968111 178.57859228166836 5.596263560132501 1.859920997414961 0.32106857625942264 8.234075889688375 182.0895726563122 9.05788221076024 25.749287308322764
2568 6501.577802770532 4799.3609258191955 214.8751173923134 52.91057818870514 6497 6506 4795 4804 70.0 2.0791940082126708 2.0019971410545687 -0.4136326727204585 0.2699592985923817 0.20287060571117646 1.1295859533816315 0.0 39.42304377913341 1.4944319 56.13180556757435 3.003725830569875 1.883683509451333 0.2603698978592038 4.720348719413148 52.38335292273757 4.905718836213414 27.102016767390566
2569 9202.115392005528 4798.423902640957 214.85098069191926 52.89341742554395 9196 9209 4795 4802 92.0 3.4111677023985885 1.9526752774269729 -8.938666850871456 0.8199493875859875 0.21484317843441167 0.5386025489651813 0.0 33.624905000825045 2.079721 90.66475252330258 6.664906784861829 2.712348358612406 0.12445985446414894 5.4115163798060095 106.00843362314703 10.558086153615495 26.33664895640654
2570 10200.339488418924 4799.549723785803 214.84204815430093 52.88708083305369 10195 10206 4795 4804 93.0 2.471870826517488 2.1316529580232935 -19.72133034283191 0.5062884074562513 0.19309824591970043 1.2515849666090713 0.0 52.338188234295295 1.9599512 78.1242020362983 4.263685234938466 2.096072697547719 0.2944617900044027 5.440847306724618 78.42922352616866 6.691000791392552 26.66380521154941
2571 8110.229528825289 4797.46022203129 214.8607515230333 52.900349244650144 8108 8112 4796 4799 14.0 1.3081701090718363 0.8055965473160243 -29.880153505229387 0.7878873344899654 0.3040065199255498 0.39661382911656884 0.0 4.963778526993889 0.75951546 28.571509738899497 3.0804303114159723 3.3303515467216775 0.05239901204960467 2.111004122822376 38.05586683853481 4.901869780779918 27.44894595306847
2572 1468.6255719918643 4803.052130594925 214.92013110077247 52.94255782437433 1466 1471 4801 4805 24.0 1.473428807555172 1.1869857555505494 -20.452792026153407 0.5924676580200274 0.23756600445016932 0.41876694686604 0.0 8.073483509179757 1.1052407 51.70909164795622 4.15795797372799 3.4063520322862115 0.084151787472876 2.763953195770684 73.52334896174442 6.64589752022223 26.733936798040148
2573 10038.01427249953 4807.564996837382 214.8434141947804 52.88815549918904 10029 10047 4801 4815 163.0 4.708325844097602 2.146820642297692 35.045957297337104 0.8899989205531795 0.19015953750469458 0.9610847357885404 0.0 80.19200992679121 2.491723 155.11489628078058 7.079639768287961 2.4860635842152012 0.22940484389417556 7.203090409536582 170.15959379414534 11.230940260192678 25.822858899635257
2574 1609.0022255635436 4806.140375098273 214.91884108184058 52.941683322585014 1606 1612 4803 4809 43.0 1.7407431319412165 1.5716224645373909 29.711839654089694 0.4299646827874493 0.15095976947335368 0.49431949231507205 0.0 12.225521259039475 1.3276478 18.31799569967124 3.07901088329444 2.0641183601132584 0.20573968045871455 3.6996385101659595 17.419648659446338 4.887454480626942 28.29740152154168
2575 2910.4172549335767 4816.9864947577025 214.90707129587736 52.933479267267415 2901 2920 4806 4827 355.0 4.764191521797289 3.9396858822588205 57.24137480594697 0.562294694771483 0.18312725590951198 1.926329155031732 0.0 223.2790444550464 3.8430543 291.3946045509399 7.651451248435988 1.9520005529561488 0.34261669239015713 10.630146264057032 314.8273189592928 12.11796893734985 25.15481897256062
2576 3137.156844263772 4810.078825123132 214.9051138273424 52.932002313608855 3131 3143 4806 4814 92.0 3.051956866376145 1.8935810742627937 -20.349202378481476 0.7842474479148666 0.17574546822034415 0.7160171437869839 0.0 36.783625161434685 2.1332197 72.65532004046753 5.550357944307273 2.5263445805807563 0.2145762670093263 5.4115163798060095 92.79170928293343 8.856161097936589 26.48122706304986
2577 7400.828383524925 4813.0883440600455 214.86693013791367 52.904940103903435 7394 7408 4807 4819 153.0 2.3123421225029857 2.2200394106400534 5.774447802850788 0.2797166836606924 0.11596235108804778 7.657549229517961 0.0 236.7835123515166 2.4701838 265.812126218787 3.354546008224979 1.6848757008188173 0.5877245547234795 6.978639737521917 283.30543548249875 5.3572272784176205 25.269362732623982
2578 9753.073053111897 4810.291944774729 214.84593172264564 52.88998074272948 9750 9756 4807 4813 38.0 1.7195282137577372 1.5376543816186943 12.204688238506455 0.44760698534550336 0.24930842600811196 0.5194003314973467 0.0 13.781139115035758 1.2977304 38.06281581401431 4.188350428664814 2.811765049682505 0.12710981814278735 3.477898169151024 42.5830725246941 6.719492620751432 27.326907514572866
2579 6179.676543500024 4820.946076982673 214.87776956054466 52.912739246400314 6164 6197 4810 4834 616.0 7.429358835140048 4.488088927472473 9.650262101943735 0.7969071679780427 0.15242725198529172 2.6779653673801533 0.0 426.4619114654133 4.542113 636.7048897348934 10.36604338945478 2.2232391379871057 0.38122102492533066 14.002817212590296 784.8943298351172 16.393976619822272 24.162972020743826
