outputs/dr0.5_c0.1/nircam3_matched_f277w_f125w_dr0.5_c0.1.ecsv
# %ECSV 1.0
# ---
# datatype:
# - {name: label, datatype: int64}
# - {name: xcentroid, datatype: float64}
# - {name: ycentroid, datatype: float64}
# - {name: sky_centroid.ra, unit: deg, datatype: float64}
# - {name: sky_centroid.dec, unit: deg, datatype: float64}
# - {name: bbox_xmin, datatype: int64}
# - {name: bbox_xmax, datatype: int64}
# - {name: bbox_ymin, datatype: int64}
# - {name: bbox_ymax, datatype: int64}
# - {name: area, unit: pix2, datatype: float64}
# - {name: semimajor_sigma, unit: pix, datatype: float64}
# - {name: semiminor_sigma, unit: pix, datatype: float64}
# - {name: orientation, unit: deg, datatype: float64}
# - {name: eccentricity, datatype: float64}
# - {name: min_value, datatype: float64}
# - {name: max_value, datatype: float64}
# - {name: local_background, datatype: float64}
# - {name: segment_flux, datatype: float64}
# - {name: segment_fluxerr, datatype: float32}
# - {name: kron_flux, datatype: float64}
# - {name: kron_fluxerr, datatype: float64}
# - {name: kron_radius, unit: pix, datatype: float64}
# - {name: gini, datatype: float64}
# - {name: equivalent_radius, unit: pix, datatype: float64}
# - {name: kron4_2_flux, datatype: float64}
# - {name: kron4_2_fluxerr, datatype: float64}
# - {name: kron4_2_mag, datatype: float64}
# meta:
#   PHOTMJSR: 2.962800025939941
#   PIXAR_SR: 2.11539874851881e-14
#   __serialized_columns__:
#     area:
#       __class__: astropy.units.quantity.Quantity
#       unit: !astropy.units.Unit {unit: pix2}
#       value: !astropy.table.SerializedColumn {name: area}
#     eccentricity:
#       __class__: astropy.units.quantity.Quantity
#       unit: !astropy.units.Unit {unit: ''}
#       value: !astropy.table.SerializedColumn {name: eccentricity}
#     equivalent_radius:
#       __class__: astropy.units.quantity.Quantity
#       unit: !astropy.units.Unit {unit: pix}
#       value: !astropy.table.SerializedColumn {name: equivalent_radius}
#     kron_radius:
#       __class__: astropy.units.quantity.Quantity
#       unit: !astropy.units.Unit {unit: pix}
#       value: !astropy.table.SerializedColumn {name: kron_radius}
#     orientation:
#       __class__: astropy.units.quantity.Quantity
#       unit: &id001 !astropy.units.Unit {unit: deg}
#       value: !astropy.table.SerializedColumn {name: orientation}
#     semimajor_sigma:
#       __class__: astropy.units.quantity.Quantity
#       unit: !astropy.units.Unit {unit: pix}
#       value: !astropy.table.SerializedColumn {name: semimajor_sigma}
#     semiminor_sigma:
#       __class__: astropy.units.quantity.Quantity
#       unit: !astropy.units.Unit {unit: pix}
#       value: !astropy.table.SerializedColumn {name: semiminor_sigma}
#     sky_centroid:
#       __class__: astropy.coordinates.sky_coordinate.SkyCoord
#       dec: !astropy.table.SerializedColumn
#         __class__: astropy.coordinates.angles.Latitude
#         unit: *id001
#         value: !astropy.table.SerializedColumn {name: sky_centroid.dec}
#       frame: icrs
#       ra: !astropy.table.SerializedColumn
#         __class__: astropy.coordinates.angles.Longitude
#         unit: *id001
#         value: !astropy.table.SerializedColumn {name: sky_centroid.ra}
#         wrap_angle: !astropy.coordinates.Angle
#           unit: *id001
#           value: 360.0
#       representation_type: spherical
#   astropy version: '5.1'
#   kernelfile: kernel_f277w_f125w.fits
#   make_catalog parameters:
#     ab_zpt: 31.4
#     coadd_bands: !!python/tuple [f277w, f356w]
#     deblend_contrast: 0.001
#     deblend_nlevels: 32
#     deblend_npixels: 1
#     detect_kernel_fwhm: 4.0
#     detect_kernel_npix: 7
#     detect_npixels: 4
#     detect_threshold_nsigma: 3.0
#     flag_isolated_buffer: 4
#     hst_bands: !!python/tuple [f606w, f814w, f125w, f140w, f160w]
#     jwst_bands: !!python/tuple [f115w, f150w, f200w, f277w, f356w, f410m, f444w]
#     near_border_kernelsize: 21
#     reference_band: f200w
#   make_catalog version: 1.4.0
#   photutils version: 1.5.0
# schema: astropy-2.0
label xcentroid ycentroid sky_centroid.ra sky_centroid.dec bbox_xmin bbox_xmax bbox_ymin bbox_ymax area semimajor_sigma semiminor_sigma orientation eccentricity min_value max_value local_background segment_flux segment_fluxerr kron_flux kron_fluxerr kron_radius gini equivalent_radius kron4_2_flux kron4_2_fluxerr kron4_2_mag
[from data line 2255]
2256 3076.3347544574813 2959.5564327372867 214.81662438928552 52.867663350240086 3075 3078 2958 2961 9.0 1.0177899672751884 0.7096322227946393 34.95410862512745 0.7168489028146651 0.13703410064459287 0.15325321605298578 0.0 1.3139785968462618 1.8800362 12.326142984029755 9.020878335589613 3.6548039728388426 0.026390763176959174 1.692568750643269 16.190518132633102 14.690815430613075 28.37684813158432
2257 1083.0869833708766 2966.1531906592472 214.83435489017612 52.88036704854707 1079 1087 2962 2970 60.0 2.5823783993057563 1.67895724271723 50.08539332726073 0.7597979532717367 0.1903499537469217 0.34959881484536504 0.0 15.940153159285739 5.897598 44.90157626391099 19.8985280973033 2.7565654176652905 0.0969155215566139 4.370193722368317 41.078759897242186 31.923214247656514 27.365956688850112
2258 2514.656716186618 2965.810981842422 214.82157333859718 52.87126708862379 2511 2518 2962 2970 53.0 2.20957142326335 1.7316211883912773 -53.15396888058693 0.6211509091195486 0.1759739402516516 0.3350870407982337 0.0 13.633439012363176 5.723015 50.05005497103969 20.348035940815127 3.017243758813173 0.09568508808323485 4.1073621666150775 74.87679076895 32.82497815930512 26.714131944502466
2259 6958.532376725378 2968.2004335778233 214.78189466201852 52.84302886068692 6956 6962 2965 2971 38.0 1.7926065724656617 1.647967626121892 -28.164285707311123 0.39352570388546376 0.21011338440763963 0.28490912477173336 0.0 9.47589452313651 3.9258547 82.91441807647189 17.70927573825478 3.58039060595457 0.04658432539828679 3.477898169151024 135.394908113837 28.482212809829356 26.0709941703614
2260 1556.4998843199746 2967.011503914489 214.83011727243482 52.87736312641294 1556 1557 2966 2968 6.0 0.8125328545254392 0.49999928398503857 -89.9250134128053 0.7882470958753323 0.19449957569943416 0.2039383156124441 0.0 1.2003935594857418 1.9133664 16.7612809962768 8.603728058432713 3.8626059929266137 0.012432718874946956 1.381976597885342 34.9213825401269 13.832338882267335 27.542271427188332
2261 1957.731148280214 2974.8563309673555 214.8264512809779 52.87485545933178 1954 1961 2971 2979 50.0 2.355606255870044 1.559244495023125 56.836605036642524 0.7495663901302043 0.18393020424714873 0.3137082490608209 0.0 12.596814522224127 5.404571 45.60752526740738 19.96640245854766 3.0323287814900812 0.08214065928174634 3.989422804014327 48.62372811337323 32.327064865252034 27.18287936419479
2262 6597.792499908409 2973.5750686983392 214.78505510161122 52.84535163934371 6595 6601 2971 2976 35.0 1.684808044348425 1.494422554022027 25.504361071505794 0.46177190991858696 0.18557613770972267 0.34297626012951726 0.0 9.265181540669758 4.4106755 23.156688705434274 13.712064475311385 2.5740923421320963 0.09920230039526357 3.3377905890622728 19.339468429828266 22.036646628308926 28.183888668078897
2263 6505.8060142502345 2978.7361848015225 214.78582114101093 52.84596433838789 6498 6512 2972 2986 146.0 3.7091799855977268 2.9360072460051034 59.16174379140313 0.6111023726836939 0.2368333598929049 0.47468238952443037 0.0 53.05194882141452 8.948834 161.58411540457746 30.942843770963464 2.8142674841857094 0.09341485537442559 6.817128675830715 181.51526763413915 49.498524373217954 25.75271709915381
2264 8245.243169348174 2972.997463512076 214.77037223879248 52.83487220536744 8245 8246 2972 2974 4.0 0.7076112820878359 0.4289951222744177 89.88840391485408 0.7952678976537954 0.19010125619629323 0.20021912673552913 0.0 0.7817648795961725 1.4913901 11.924934111252655 7.354737813009401 3.9781812034923827 0.013787840665827708 1.1283791670955126 18.1628398852794 11.695265415059554 28.252040613920602
2265 7678.51751378101 2974.2247922261736 214.77541153843822 52.83848289137236 7676 7681 2973 2976 17.0 1.5662322772367112 0.8571121468961956 3.992947770418713 0.8369727320390928 0.24433969628815014 0.29643384634134323 0.0 4.738426503914318 3.2243974 43.11836917979224 13.846817285345242 3.5801818743464056 0.0333378077614509 2.326213245840639 53.16669111664964 22.101390456340532 27.085900919014104
2266 2081.305294886247 2978.7545568981745 214.82530668075293 52.874091095391016 2078 2085 2975 2983 44.0 2.283792299188514 1.4309965458220768 58.152463712091986 0.779350784119396 0.16136199261176823 0.28965294628458954 0.0 10.32500982565315 5.018144 32.67810273234899 17.662910844877104 2.8635589530547443 0.08004406586237826 3.742410318509555 30.357810640556377 28.595591523725613 27.694323880772956
2267 2150.824744486901 2990.9224602067907 214.82455774286274 52.87371484351362 2139 2163 2975 3004 559.0 4.790805546799908 4.323981833217063 78.66062101375968 0.4305674371577773 0.19992163212105843 8.694411628626769 0.0 911.4135969234243 18.177109 982.0214417690847 24.928076800691457 1.5980590669739454 0.5398037802757619 13.339236349084569 1051.322288604314 40.42309176647658 23.8456603205235
2268 2834.0073425199503 2978.5081238811244 214.81858829680132 52.86930574795167 2833 2835 2976 2981 14.0 1.3786339646279275 0.7544828653109543 89.94724836868411 0.8369571373080845 0.1716581119740016 0.19738572364564355 0.0 2.6011623449583974 2.5016575 21.09349984067947 11.262492989603702 3.548400849876093 0.02395027576533572 2.111004122822376 32.36851022440965 18.33223004959419 27.62469322185248
2269 8686.221308342583 2979.3545342289112 214.76637468558985 52.832101899922044 8684 8689 2977 2982 30.0 1.5389159901395966 1.45996230055364 82.88930479101006 0.3161918873226092 0.16051276622604477 0.23733904673693776 0.0 6.038681144663371 4.0756416 21.72199016281924 15.366204689446693 3.016415332326537 0.062309161695009434 3.0901936161855166 10.525981959966208 24.649294296229293 28.844343446592465
2270 8641.674919423998 2980.8984547825767 214.7667554709558 52.83239352619168 8639 8645 2978 2984 37.0 1.6188303959381398 1.4769597173711122 -19.593630950735175 0.4093838699735411 0.1121735983991215 0.6320422273126537 0.0 13.496162528627297 4.509756 24.769045765206208 11.552295255986008 2.2174135910037176 0.2277555472765805 3.431831258788849 24.838933699180032 18.404139940221636 27.912167629380942
2271 2460.350849910091 2979.9030826296603 214.82190985260004 52.871688197482406 2459 2462 2979 2981 9.0 0.9659291241608609 0.6982494028471767 20.467152993501486 0.6909751548048323 0.16518532368324643 0.18041502371645993 0.0 1.5657080961592997 2.299693 20.890725027432953 10.9219387337951 3.791429629496625 0.01845387611004364 1.692568750643269 35.299813754668435 17.582416176329076 27.530568964967635
2272 6688.501171278387 2981.504619700562 214.78416266181597 52.844817570875655 6688 6689 2981 2982 4.0 0.500355299825458 0.4996217173124384 -44.22002673011491 0.0541303693094292 0.18208291478531408 0.1863563375495764 0.0 0.737944793387497 1.4984891 9.95227415977828 6.775140961882355 4.078085337047659 0.006940453007814137 1.1283791670955126 15.66259920962367 10.875211874261646 28.41284041273101
2273 1592.9004935008275 2987.1179526643186 214.82958043824604 52.87724017382558 1588 1598 2983 2992 85.0 2.664388236107296 2.3089450483731997 -7.984460484179542 0.4990124397507744 0.21380851803001064 0.3863247842038866 0.0 24.866529832985858 6.9869523 155.7300387464391 28.6101928983576 3.358025647700026 0.0945512003586697 5.201570947860099 337.24754611774927 45.792548888801974 25.080128004150506
2274 9738.02527095337 2984.493501255607 214.75694745110067 52.82543976693817 9736 9740 2983 2986 16.0 1.2040973962861072 0.9863436713544427 -0.14804723839609182 0.5735707103445842 0.24319798229067938 0.29341823003131734 0.0 4.2672660524255885 3.5475516 27.8091108580412 12.900193559087166 3.4550755329148815 0.037060419442515376 2.256758334191025 33.89829874802245 20.40343316486426 27.574555242905717
2275 7041.295021469032 2990.247952338097 214.78092453358178 52.842621335917286 7034 7049 2985 2996 144.0 3.880517268414623 2.470582680282402 21.739164713906696 0.7711419611934722 0.23230499440515953 0.6989882198644083 0.0 61.146034770967304 10.278283 125.12518024085188 29.244493185133525 2.4880232560181015 0.17287756140773244 6.770275002573076 117.635601190955 45.7954194440863 26.22365305915036
2276 634.5747426500128 2991.3267907470013 214.83809650263404 52.88335292710781 632 637 2988 2995 38.0 1.9298239389482255 1.471500966353622 -79.4779878159605 0.6469819776878264 0.18854960986586106 0.2627559896578441 0.0 8.54083154366954 4.763879 54.58927600725474 19.650731820528197 3.429719694911332 0.05528182246035217 3.477898169151024 64.48053371908819 31.61753506156926 26.876428441100792
2277 9286.882469431204 2990.4838952745276 214.7609043902855 52.82834152152684 9286 9288 2989 2992 8.0 0.9280485913554475 0.6916665280113078 54.186580672802435 0.6667390038012752 0.1907899475970465 0.2150983727831232 0.0 1.6269377737785846 2.0761151 15.939349318554667 9.684264706282432 3.675726448701562 0.02267199631362467 1.5957691216057308 20.328544349267407 15.464383713913108 28.129734296114478
2278 8523.29393955148 2994.1523628586697 214.7676710900847 52.83321778684098 8519 8528 2990 2999 72.0 2.723012947260631 1.936466849524016 -48.83035659404332 0.7030417245606561 0.2324989605941519 0.4549115721427583 0.0 25.238133169320342 6.3292565 66.56685514380833 20.41772411580863 2.6626811474585086 0.09632229210252609 4.787307364817192 49.73731321820072 32.73402442628736 27.158294196942716
2279 8618.90781462094 2994.7868214214186 214.7668121897578 52.83261310899143 8616 8622 2990 2999 49.0 2.4970806754094483 1.4692918255461613 -63.95079884550476 0.8085672120872053 0.27068145465407073 0.40075107733571985 0.0 16.1023102648891 5.202902 67.3409384913979 19.96012120243117 3.111395843320632 0.06668119158774323 3.949327084834294 72.4402842597635 31.909924207647535 26.750049635396447
2280 6224.796662664234 2996.884828927013 214.78813636959697 52.847848871861515 6221 6228 2992 3001 63.0 2.3517618804454234 1.937790077064212 87.61144342527646 0.566627959393826 0.18721760763144063 0.35620928518879047 0.0 16.80991059874761 5.8792963 44.0030564948351 18.791244717237426 2.650015447820127 0.1015804364501793 4.478115991081385 52.02542564527136 30.24334305577274 27.109460894819364
2281 8774.854130921349 2996.6074029407396 214.7654031019158 52.83163109672689 8770 8779 2992 3001 81.0 2.475809427635335 2.2811355799942357 -77.19533702049307 0.3886875762475206 0.27266417935152204 0.5824135642213732 0.0 32.94428843284366 6.671484 77.70164793222818 20.51726310322634 2.577230551362695 0.12524040490821972 5.077706251929807 100.92615854760055 32.95276259558887 26.389990641382127
2282 8471.57103441724 2999.122604870754 214.76807979152076 52.833573500746894 8468 8475 2995 3003 58.0 2.1439076920222266 1.9423263613103072 -75.14422462236786 0.4233316027250532 0.22077340219878128 0.38931691739270635 0.0 17.208414307313145 5.691743 48.97682250626467 18.929589184389393 2.7724022612803827 0.09543337100158543 4.296739856991561 45.64548683816303 30.51914391462421 27.251505391336103
2283 3430.336566554487 2997.7858216924024 214.8130616616105 52.86561921741591 3428 3433 2996 3000 22.0 1.6420055735727166 1.01765729212602 30.792632825640023 0.7847875924971945 0.20539881474049324 0.2610690418691293 0.0 5.238056524891639 3.4723709 43.048293053527274 15.36233639699993 3.5799753487438633 0.040388446328979685 2.6462837142006137 60.24624196790804 24.717502667850432 26.95017509567952
2284 8846.430780334314 3005.411194245077 214.7646724949593 52.83122326988537 8839 8853 2998 3012 173.0 3.2206214653372967 3.1711256291567453 -52.96158295045949 0.1746443101270239 0.2760686091171584 1.480382609777886 0.0 120.23340303499668 9.962 174.3950644051127 21.78417311559577 2.0340182789313928 0.26161458803630216 7.420755373261929 188.34304772970478 35.47847878735306 25.712626015481504
2285 2327.573658511311 3002.866223897702 214.8228536612954 52.87265586161448 2324 2331 2999 3006 49.0 2.037098096742925 1.735716792291705 -46.21711765471451 0.5234545266512572 0.1766512439520346 0.3181724231072167 0.0 11.78930943287121 5.99707 36.42061244910686 19.266971933318334 2.865217375082192 0.09700730724405461 3.949327084834294 42.830661734000046 30.513836954409506 27.320613039247625
2286 4036.8676471358053 3016.3531790736592 214.807452392848 52.86186375053748 4025 4049 2999 3037 654.0 7.894784719321416 3.96857768033396 -67.03140578578775 0.864470555529008 0.21038861815770005 3.4300168107613196 0.0 622.0174436817483 18.961714 721.621208005981 29.839615897956385 1.6186203911745363 0.4068728872802997 14.428259270064393 747.5502578391768 48.012554445903085 24.215899010958644
2287 753.9274473225272 3002.4563228936277 214.83691303596837 52.8826544849372 751 757 3000 3005 37.0 1.7530204345424831 1.5535248585504169 -8.789302725862035 0.4633049006838475 0.16125077447080552 0.24194556066833484 0.0 7.3448939256569465 4.9164424 31.167176406482767 17.646722261508625 3.1260333191838976 0.07071612461702766 3.431831258788849 38.73503511008798 28.204822475390706 27.42974011511312
2288 2953.8458612753543 3008.311571435766 214.81720456055763 52.86870466176181 2946 2962 3002 3015 165.0 4.390449413141632 2.5452941272291527 -33.6261167883501 0.8148055834113902 0.1806622262498924 0.5287002674267243 0.0 57.10144105519208 9.853415 103.4894936737237 25.546775507510723 2.2236401809693453 0.15533407526765247 7.247146419131151 109.52100028239835 41.297061713511354 26.301256495842438
2289 1752.482277836015 3013.845801773432 214.8278737356768 52.876370055684525 1745 1761 3003 3024 206.0 5.672423864593498 2.712794282519484 -59.74711755870158 0.8782278134011102 0.181692257518651 0.3548049100710955 0.0 54.36139264625764 11.190252 116.55991201483347 31.997213682864576 2.3673677084893576 0.09744319893714339 8.097643889049511 126.72145222933369 51.34770593513756 26.142874646765474
2290 2746.2972091547767 3008.0661405205697 214.81906015933896 52.870022535027346 2743 2750 3003 3013 74.0 2.659086166093439 1.943410122045254 -77.111751541971 0.6825312695404823 0.19935672367579346 0.4572867868521012 0.0 23.584411009061743 6.876534 57.71155652716738 20.866301912670806 2.621729676505851 0.12582391601775023 4.853342309955121 60.89871020313585 33.326737542746784 26.938479763392877
2291 1322.075568221888 3009.9277975325053 214.83175918316593 52.879084258222775 1320 1325 3007 3013 35.0 1.880047850595258 1.4598208962166028 -79.70029799328866 0.6301410173529834 0.1879562472157519 0.24924401473488986 0.0 7.814453692682092 4.542148 43.99393727260714 19.089580319927737 3.319601436977 0.04124098068933645 3.3377905890622728 50.71065728230449 30.366539140194455 27.137251900852366
2292 2604.6615712812427 3012.801794945159 214.820274895204 52.87094828875441 2597 2613 3007 3018 149.0 3.603702954545137 2.6687254892024748 -15.387075462743573 0.6720002642150198 0.20134864914867373 0.7491253606485113 0.0 62.44349759798355 9.532822 110.30080557075655 24.530968315061607 2.2806607627065247 0.1986224016724175 6.886811529393324 119.52600528433476 39.35716304592189 26.206343987358963
2293 7138.147131065335 3008.1496835757084 214.77987243504813 52.84210188017228 7137 7140 3007 3010 11.0 0.9367866988152237 0.9124452693968814 -50.4141215949523 0.22647904217003553 0.171079679679362 0.20726100527820598 0.0 2.123439807541524 2.398483 22.67506280254971 10.670912609776632 3.66585976053997 0.03709519148795332 1.8712051592547776 46.549538332678196 17.051724879892728 27.230211554728324
2294 10070.832662825089 3013.2627721983827 214.75367940390794 52.82347773625567 10065 10077 3007 3020 139.0 3.191153095092676 2.694166668213164 -57.18007828166419 0.5359319592301918 0.23795785812979672 1.1122871644985497 0.0 81.42084361648094 9.3682165 123.85174568454272 19.977130641928596 1.9802170789049542 0.2266641564079761 6.651697090182843 128.04251030134535 31.50795106822591 26.131614550015964
