outputs/dr0.5_c0.1/nircam2_f160w_dr0.5_c0.1.ecsv
# %ECSV 1.0
# ---
# datatype:
# - {name: label, datatype: int64}
# - {name: xcentroid, datatype: float64}
# - {name: ycentroid, datatype: float64}
# - {name: sky_centroid.ra, unit: deg, datatype: float64}
# - {name: sky_centroid.dec, unit: deg, datatype: float64}
# - {name: bbox_xmin, datatype: int64}
# - {name: bbox_xmax, datatype: int64}
# - {name: bbox_ymin, datatype: int64}
# - {name: bbox_ymax, datatype: int64}
# - {name: area, unit: pix2, datatype: float64}
# - {name: semimajor_sigma, unit: pix, datatype: float64}
# - {name: semiminor_sigma, unit: pix, datatype: float64}
# - {name: orientation, unit: deg, datatype: float64}
# - {name: eccentricity, datatype: float64}
# - {name: min_value, datatype: float64}
# - {name: max_value, datatype: float64}
# - {name: local_background, datatype: float64}
# - {name: segment_flux, datatype: float64}
# - {name: segment_fluxerr, datatype: float32}
# - {name: kron_flux, datatype: float64}
# - {name: kron_fluxerr, datatype: float64}
# - {name: kron_radius, unit: pix, datatype: float64}
# - {name: gini, datatype: float64}
# - {name: equivalent_radius, unit: pix, datatype: float64}
# - {name: kron4_2_flux, datatype: float64}
# - {name: kron4_2_fluxerr, datatype: float64}
# - {name: radius_kron20, unit: pix, datatype: float64}
# - {name: radius_kron50, unit: pix, datatype: float64}
# - {name: radius_kron80, unit: pix, datatype: float64}
# - {name: near_border, datatype: bool}
# meta:
#   PHOTMJSR: 0.3925000131130219
#   PIXAR_SR: 2.11539874851881e-14
#   __serialized_columns__:
#     area:
#       __class__: astropy.units.quantity.Quantity
#       unit: !astropy.units.Unit {unit: pix2}
#       value: !astropy.table.SerializedColumn {name: area}
#     eccentricity:
#       __class__: astropy.units.quantity.Quantity
#       unit: !astropy.units.Unit {unit: ''}
#       value: !astropy.table.SerializedColumn {name: eccentricity}
#     equivalent_radius:
#       __class__: astropy.units.quantity.Quantity
#       unit: !astropy.units.Unit {unit: pix}
#       value: !astropy.table.SerializedColumn {name: equivalent_radius}
#     kron_radius:
#       __class__: astropy.units.quantity.Quantity
#       unit: &id001 !astropy.units.Unit {unit: pix}
#       value: !astropy.table.SerializedColumn {name: kron_radius}
#     orientation:
#       __class__: astropy.units.quantity.Quantity
#       unit: &id002 !astropy.units.Unit {unit: deg}
#       value: !astropy.table.SerializedColumn {name: orientation}
#     radius_kron20:
#       __class__: astropy.units.quantity.Quantity
#       unit: *id001
#       value: !astropy.table.SerializedColumn {name: radius_kron20}
#     radius_kron50:
#       __class__: astropy.units.quantity.Quantity
#       unit: *id001
#       value: !astropy.table.SerializedColumn {name: radius_kron50}
#     radius_kron80:
#       __class__: astropy.units.quantity.Quantity
#       unit: *id001
#       value: !astropy.table.SerializedColumn {name: radius_kron80}
#     semimajor_sigma:
#       __class__: astropy.units.quantity.Quantity
#       unit: !astropy.units.Unit {unit: pix}
#       value: !astropy.table.SerializedColumn {name: semimajor_sigma}
#     semiminor_sigma:
#       __class__: astropy.units.quantity.Quantity
#       unit: !astropy.units.Unit {unit: pix}
#       value: !astropy.table.SerializedColumn {name: semiminor_sigma}
#     sky_centroid:
#       __class__: astropy.coordinates.sky_coordinate.SkyCoord
#       dec: !astropy.table.SerializedColumn
#         __class__: astropy.coordinates.angles.Latitude
#         unit: *id002
#         value: !astropy.table.SerializedColumn {name: sky_centroid.dec}
#       frame: icrs
#       ra: !astropy.table.SerializedColumn
#         __class__: astropy.coordinates.angles.Longitude
#         unit: *id002
#         value: !astropy.table.SerializedColumn {name: sky_centroid.ra}
#         wrap_angle: !astropy.coordinates.Angle
#           unit: *id002
#           value: 360.0
#       representation_type: spherical
#   astropy version: '5.1'
#   make_catalog parameters:
#     ab_zpt: 31.4
#     coadd_bands: !!python/tuple [f277w, f356w]
#     deblend_contrast: 0.001
#     deblend_nlevels: 32
#     deblend_npixels: 1
#     detect_kernel_fwhm: 4.0
#     detect_kernel_npix: 7
#     detect_npixels: 4
#     detect_threshold_nsigma: 3.0
#     flag_isolated_buffer: 4
#     hst_bands: !!python/tuple [f606w, f814w, f125w, f140w, f160w]
#     jwst_bands: !!python/tuple [f115w, f150w, f200w, f277w, f356w, f410m, f444w]
#     near_border_kernelsize: 21
#     reference_band: f200w
#   make_catalog version: 1.4.0
#   photutils version: 1.5.0
# schema: astropy-2.0
label xcentroid ycentroid sky_centroid.ra sky_centroid.dec bbox_xmin bbox_xmax bbox_ymin bbox_ymax area semimajor_sigma semiminor_sigma orientation eccentricity min_value max_value local_background segment_flux segment_fluxerr kron_flux kron_fluxerr kron_radius gini equivalent_radius kron4_2_flux kron4_2_fluxerr radius_kron20 radius_kron50 radius_kron80 near_border
[from data line 1826]
1827 4177.158171033253 3967.5573127793796 214.90467722157808 52.92085171866119 4141 4210 3943 3992 2691.0 11.542675101141507 6.327773025358896 -23.694909461944352 0.836342812598801 -0.08857731107615863 16.116534060742886 0.0 5170.1986489766605 31.902514 5181.488770745496 32.57080948938618 1.4012816477009675 0.6679100029334402 29.267249678105742 5424.206687305775 52.0548267370987 5.101831662655324 9.876029940575929 17.00119624244763 False
1828 3250.5616186668262 3947.9381581326106 214.91317928492023 52.92662901596088 3249 3252 3947 3949 10.0 0.9514438778060903 0.7615472990271053 1.5460472781273786 0.5994499900303019 0.10228207928941474 0.23125602358690533 0.0 1.5833899534199511 1.9565923 26.037155289686016 8.987472039030303 3.8412617768929556 0.1696209889191962 1.7841241161527712 34.32285008864008 14.099366221947177 3.21207320324568 5.335067232151411 6.866108199407691 False
1829 6600.405667513042 3951.1108077881986 214.8831667040462 52.90537443658778 6596 6604 3948 3955 50.0 1.8907360443426593 1.6499861674800667 -19.19834886542654 0.488312746653725 0.02360718022621619 0.36589459348775283 0.0 9.337521367215944 4.084568 27.642178732538287 13.265725972942525 2.8984343610547025 0.2814182974697279 3.989422804014327 27.112884374364082 21.312790843674502 2.592261857582976 5.453148577826307 9.968283631995847 False
1830 1027.3664456976735 3955.109647279499 214.93301630063033 52.94078096081611 1020 1034 3950 3960 114.0 3.6329536680025 2.0502566003994 27.126458876176876 0.8255357816056232 -0.012499114891055934 0.4349440097124123 0.0 27.60921475447642 6.542827 75.75113826398878 22.174454267348803 3.0331287398137805 0.26021638059212837 6.023896332520351 89.73988925227636 35.627019377732914 3.9877867757218963 7.750772168716248 13.310768952629422 False
1831 2497.925820610758 3954.5295460500606 214.91984956579566 52.93144283357117 2493 2503 3950 3960 104.0 2.6950613748347565 2.4935070130729953 -77.55773151364737 0.37944707842796127 0.1147137765950549 0.5275823733978444 0.0 31.851915250340365 6.1252007 97.09023564193163 20.337453239682347 2.9414158544789304 0.21543663351041334 5.753627391751592 117.95560809641012 32.573426264797554 3.9563366903785737 8.640981378830483 14.132758355709353 False
1832 3149.755383124378 3957.60463898731 214.91398009269727 52.92732120104628 3144 3156 3952 3964 127.0 2.83060564459552 2.6570491595825 42.8128032472062 0.3447739519083451 0.113092720499616 0.993724347962005 0.0 60.18281990696528 6.6697383 88.0006830853889 11.582701562084326 1.5875035511412172 0.26683835365917563 6.358093703724522 81.5632410915359 18.565739416880312 2.5658917920137587 4.718727664990824 7.833889105655011 False
1833 7952.562187064652 3956.8272150338016 214.87101381913888 52.89681685266373 7948 7957 3952 3961 79.0 2.5624282940640484 2.107897926118706 49.190277229243314 0.56859539698205 0.16203830987905657 0.7132601419237592 0.0 35.80194187664271 5.142744 134.07595634780472 18.732120832049596 3.106672114053316 0.16599238704044178 5.014626706796775 200.27821842884603 30.279722220099597 4.094180219486666 8.588533058535363 14.002990836364681 False
1834 185.16989111724905 3962.5608296529044 214.94048452337614 52.946166735565555 178 193 3954 3973 234.0 4.222491509531606 3.269210954556885 65.53326004984226 0.6328952593549416 0.12461092069937842 1.1527722295822325 0.0 123.16789210595684 9.581711 187.73626570012743 23.51912159837597 2.2512370158829036 0.2683395196382399 8.63044108762739 276.70721475531764 37.929302435828205 3.5502914303580453 6.7022714152575045 11.296221430970066 False
1835 2550.444305827912 3957.3550103667194 214.919349467264 52.93112467581179 2549 2552 3955 3959 14.0 1.1435310447296458 0.9004839196708918 65.38652217613647 0.6163669169747964 0.18306689473555943 0.3266171759069974 0.0 3.657333227803303 2.2405534 16.1384650125619 8.152981088149634 3.0338647458291477 0.10145015065356747 2.111004122822376 36.303202291312836 13.124085373216202 1.9652135353511666 3.599665891409148 5.577110388955197 False
1836 6830.941194779599 3960.1950344107386 214.88100896625267 52.9039592520892 6828 6833 3957 3964 38.0 1.9085979347922122 1.4430396324656116 -76.84745771296986 0.6544871334368049 0.06741192977433251 0.3280892538654579 0.0 9.291586180963185 3.8020792 62.31564768109227 15.040546607523124 3.475942308658139 0.14025870877785226 3.477898169151024 99.21997769419225 24.004051198726494 4.141131838263301 8.076221015750074 11.552823666567132 False
1837 7940.217335920327 3985.498933164875 214.8708222926683 52.89704992284313 7925 7953 3961 4009 1018.0 7.835649326092542 4.832835223040474 88.93474597130975 0.7871392433982028 -0.03708372272311106 6.310009864517295 0.0 1028.50874145135 18.933815 1266.613914481173 31.093364472759994 1.9322855254051914 0.5472449075501195 18.00109619259613 1434.5546956176709 49.54446088611551 4.01982621746726 8.297773783817846 18.467984108572047 False
1838 8158.532077066015 3965.253059172142 214.86908347508347 52.8955539433777 8156 8161 3961 3969 47.0 2.2277204152343715 1.438668186857159 -86.12530816492037 0.7635042125535934 0.11187011992244505 0.45378864431202315 0.0 14.188574819664032 3.9663806 87.17641110440323 15.791091812997259 3.3960653695723444 0.19644716837897805 3.8678889139475245 144.4982053594876 25.385480248933767 4.350439012906927 8.802756342479347 12.678654243588781 False
1839 1231.4267210402923 3965.507868336378 214.93107852810311 52.93954183263745 1227 1235 3962 3968 54.0 2.0273179354870905 1.5974298675804617 -3.0553671889688263 0.6157362615507779 -0.007609967194243737 0.456539183487195 0.0 13.239770041940726 5.0382056 34.55938332127153 15.291501638310065 2.6936497235230785 0.30857456869746863 4.145929793656026 98.70017532960813 24.111441799999756 2.463236604220447 4.781288792332804 8.08278083765566 False
1840 6625.2518110174715 3966.763251987705 214.88277962950275 52.90530107909042 6621 6631 3962 3971 83.0 2.2209736481770914 2.0157693046247926 -67.40962979397705 0.41982270911559155 -0.05089406538910677 0.26740193097775633 0.0 9.672078693375104 5.2790923 10.163718889330259 7.641697927535649 1.4 0.3685745024720983 5.140011726956917 -9.035771522652924 12.368216088797084 1.7352669343231475 2.8835858481535404 3.93649881770996 False
1841 864.1438737566441 3979.2976399223107 214.9342239827912 52.94194759912732 849 878 3966 3994 553.0 6.988105738171181 4.018398411356959 42.29266224773683 0.8181295106272697 0.1161664309057836 2.426507071798637 0.0 449.38463791342 11.890593 520.9056829026937 18.42660425969901 1.5295007023467797 0.36975588731826664 13.267455184007076 526.6932828169364 29.831054751885556 4.047345702361054 7.612680424493267 12.443330500098671 False
1842 9887.689937277904 3967.0385594328172 214.8536082771753 52.884578521233166 9886 9889 3966 3968 8.0 1.0136336817233196 0.6274766235898201 -25.258572003670828 0.7853619237168225 0.19682614676102206 0.26252087150296877 0.0 1.8398029453449465 1.6922711 20.850623265655393 8.15144358797462 3.7698967271236445 0.053488170358895096 1.5957691216057308 38.111534998664624 13.081210589299705 2.411509519196549 4.000546455449826 5.519578537105444 False
1843 2553.414762029502 3977.839397942597 214.91910712105505 52.93121639738725 2542 2566 3967 3990 427.0 5.4983911213186545 3.9647861725874955 39.71854243863495 0.6928506191417396 0.03153621282408114 2.7801939586521334 0.0 395.63557041830865 12.631117 448.97813219069695 20.897707468866315 1.6680022315688432 0.37316197460317363 11.65840132267193 474.6917823821557 33.40202640241804 3.564823891909697 6.4957396761968615 10.20849354088304 False
1844 3092.844967145552 3976.2478150152715 214.91429332920293 52.92778314856148 3085 3099 3967 3984 190.0 4.067884049670366 2.7603293357482444 55.38594732004711 0.734539089477893 -0.02251514673481171 0.34159260679459047 0.0 32.9646984988417 8.157551 91.5254422954355 27.499804832816086 3.083771182695485 0.30377253016656786 7.776816725043752 101.40573189497869 43.95739160573002 4.7559066314568845 11.510150041977795 22.023175584488893 False
1845 6146.869426167315 3974.3628182557154 214.8869790136939 52.908380315407655 6141 6153 3968 3980 124.0 3.1065109221599028 2.466905140056095 15.205041569247562 0.6077766879312688 0.019426526431735487 0.654221510740799 0.0 41.68496686472594 6.4408793 80.51829308304733 17.991140999455688 2.4933263099659224 0.26161218591773455 6.282549314314218 87.6133271508846 28.671950245199906 3.1425089674509588 6.1235140479251635 11.143707433794916 False
1846 1803.448912455356 3971.479519620583 214.92589125786975 52.93594301077112 1801 1806 3969 3974 29.0 1.6288660710461287 1.2667417568679424 -44.369105491321044 0.6286563935061615 0.1815581448212547 0.4093908859284351 0.0 8.965873326899494 3.2617095 60.00466094518408 13.424003901171039 3.524591633469598 0.11296363927117506 3.0382538898732494 141.97867157423173 21.564249866913563 3.704733749734583 7.440964443495923 10.323186682231407 False
1847 9941.7169940334 3970.253846095966 214.85309161879496 52.88425260199564 9940 9944 3969 3972 14.0 1.1434406667760866 0.9036303412696914 -20.961871309865444 0.6127548524079329 0.13455425939021798 0.22094919190446854 0.0 2.521393897784276 2.3171268 15.23245642377658 8.923355954046102 3.303294606953025 0.09807713362803769 2.111004122822376 7.535949238063279 14.207133760247586 2.368864756913737 4.545896748713387 6.583094230679696 False
1848 1210.3678064057726 3974.35116274664 214.93117405390868 52.93972325289976 1206 1215 3970 3978 58.0 2.6584227124096906 1.681554645953192 42.05327757029946 0.7745289399468754 0.12081598025449496 0.28503802746004525 0.0 12.775692330405558 4.9282327 23.82594749560267 8.504904413187385 1.4160432542850687 0.1010506510404821 4.296739856991561 21.77515641644507 13.516150230790904 2.6093582287914727 4.1826949579792245 5.607568759362826 False
1849 6308.012722457133 3971.556474669003 214.88556697788434 52.90734176050597 6306 6310 3970 3973 17.0 1.1840289867496616 1.0201203124586466 21.7695083917497 0.5076438607228488 0.10560611784234239 0.19866029172752003 0.0 2.712717563275607 2.3980286 6.132653980572993 7.325188871330538 2.5654085167958036 0.11884941101210587 2.326213245840639 -8.996679263795581 11.700505998667618 1.4608550540636935 2.481746438696585 3.484790312684409 False
1850 6185.228535321007 3971.999760372739 214.88666073126456 52.908123950453366 6184 6186 3971 3973 6.0 0.9516584465516744 0.45680345563338715 -39.00123722990948 0.8772642325870573 0.08481284652105013 0.20888263853079225 0.0 0.8614420387098032 1.4194124 11.534523191476671 6.52792469956188 3.8751582987362974 0.20085086911167266 1.381976597885342 20.697479907450678 10.44060901694333 2.1697318437203235 3.5423360223469427 4.730077650858324 False
1851 6606.551386641194 3972.862150558051 214.88288268077966 52.9054527531623 6605 6608 3971 3974 16.0 1.097216374005656 1.0249187011553 -0.6328855791578586 0.35699027949369505 0.0650497290135527 0.21416422226126455 0.0 2.4259601844496883 2.3053713 15.580365010893006 9.342853596178973 3.3995124498846785 0.2030603785701601 2.256758334191025 11.34669921326752 15.068854645664688 2.508900325855884 4.8349917090969425 7.066089688123945 False
1852 4426.762507899937 3978.2513758310206 214.9023303784354 52.91932453159478 4424 4429 3975 3980 33.0 1.5265074088897503 1.4920749616155384 -26.153897932230716 0.21119641637752937 0.03772417421334557 0.38892646961064414 0.0 7.124630180234735 3.459358 40.030970948656375 14.156246290063896 3.425013938535764 0.2711905349017297 3.2410224072142872 57.84466092567159 22.70801125779427 3.189909469093314 5.581575030168428 7.7979333898201135 False
1853 9627.907700623535 3985.0006256535958 214.8557407647015 52.88632586595648 9617 9639 3976 3995 330.0 4.253501616229474 4.084063808443339 -26.843724786520117 0.2794333177176431 0.056203094876095774 2.3620702276866594 0.0 278.6536858291092 11.068389 338.60610528120105 17.44299031007191 1.5608347112041066 0.34579016351741454 10.249012754438885 337.0803969502333 28.031180381040063 3.288428729087483 6.09583710753628 9.791872121139374 False
1854 1460.324560630183 3996.9291721167747 214.92869693004835 52.93825851592755 1452 1468 3981 4015 459.0 6.8495601675765485 3.601358546881351 84.9668179265749 0.8506208806325776 0.015007496269006486 2.065846105358517 0.0 341.2002391548302 12.924798 576.7241307565157 31.209003154682176 2.3491336487243775 0.347434745426129 12.087358593107094 660.8063309167318 50.11918954921822 4.857986134975776 10.158665914885251 20.382882164686286 False
1855 3515.1170926061245 3987.3828704684474 214.91039517663017 52.92516225141143 3509 3521 3981 3993 130.0 2.9100417242016268 2.660482636902834 -55.10656525611633 0.40516835418009783 0.16881770782322283 1.0945841821321736 0.0 67.37923313557803 6.753879 100.60609005755066 13.34404009338736 1.7782566532816482 0.26256688090040625 6.432750982580687 113.91522328464734 21.40165679818664 2.622959378595352 4.90090367011807 7.8591297545948375 False
1856 722.1298190089939 3985.0515833674963 214.93543585727323 52.9428800719559 718 725 3982 3987 36.0 1.9184208763778627 1.365992314334369 9.650157051409519 0.7021389482125409 0.14468148634868816 0.39550183287774465 0.0 9.29913240995461 3.7557487 45.64395901452724 14.741029698522638 3.225177763014233 0.1855121967305425 3.385137501286538 43.642605157280784 23.495288520764955 3.2497408551302933 5.660745135084942 8.403941389614314 False
1857 2659.5016157842097 3985.57837128679 214.91807555384662 52.93058467980456 2656 2664 3982 3989 61.0 2.020035367887057 1.965080225702804 28.09974568577784 0.2316677902246477 0.03211258647687558 0.3720294979796391 0.0 14.023670755537248 4.646912 24.684080679270004 10.151163008627453 1.9329148889270102 0.21739639704205443 4.406461512053774 16.008913882805288 16.468573246790065 2.19216822996873 3.9031386056767743 6.067020032097707 False
1858 9498.692199107087 3985.881642518203 214.8568863212772 52.88715155047639 9494 9503 3983 3990 58.0 2.323179208656854 1.810301644873969 34.076313165445335 0.6267323371315081 0.09464338842078938 0.3767558914286469 0.0 13.861017284397441 4.8871813 64.69770175866451 18.277384697871177 3.1468676313614967 0.17995527613507234 4.296739856991561 52.946384452105136 29.53632094080839 3.9764186788220863 7.676343486338092 12.48468532124767 False
1859 2032.346258450264 3984.538267993401 214.92370341714366 52.93456046065188 2032 2033 3984 3985 4.0 0.4990580299665638 0.47522645053882706 -81.36529807410442 0.30532914209006545 0.02160750058429093 0.04700989275098994 0.0 0.13229755017221845 1.3792938 3.91026965691483 6.200263051983139 4.2782812877447745 0.23050072858193948 1.1283791670955126 2.177680460015784 9.907197867112572 2.300751488662527 3.461455559377334 4.509324523086271 False
1860 6510.713090226567 3988.0532044429847 214.8835799984523 52.90614339637253 6510 6512 3987 3989 8.0 0.8462504127095082 0.6790089054311704 53.96872547419203 0.5968222236732791 0.1810829153146585 0.3379922612372538 0.0 2.104623572979688 1.6466944 24.79680277410214 7.263247046174678 3.7261308491040666 0.13711043072481863 1.5957691216057308 51.296191117731865 11.239813126299515 2.4911984012853505 4.342952062307032 6.051532428225699 False
1861 3828.804533624569 3992.085229327022 214.90753730647012 52.9231959542306 3826 3833 3989 3995 44.0 1.8061447153868297 1.3765660723938882 41.05639996875586 0.6473920832085894 -0.07556633943563802 0.2388220572694985 0.0 5.471524084475688 3.9348452 14.974068486245745 11.787641502278804 2.837427030827706 0.31950309319662795 3.742410318509555 23.866442758823666 19.005305327604496 2.2274754313023895 4.433989735555434 11.78046445504879 False
