outputs/dr0.5_c0.1/nircam2_f410m_dr0.5_c0.1.ecsv
# %ECSV 1.0
# ---
# datatype:
# - {name: label, datatype: int64}
# - {name: xcentroid, datatype: float64}
# - {name: ycentroid, datatype: float64}
# - {name: sky_centroid.ra, unit: deg, datatype: float64}
# - {name: sky_centroid.dec, unit: deg, datatype: float64}
# - {name: bbox_xmin, datatype: int64}
# - {name: bbox_xmax, datatype: int64}
# - {name: bbox_ymin, datatype: int64}
# - {name: bbox_ymax, datatype: int64}
# - {name: area, unit: pix2, datatype: float64}
# - {name: semimajor_sigma, unit: pix, datatype: float64}
# - {name: semiminor_sigma, unit: pix, datatype: float64}
# - {name: orientation, unit: deg, datatype: float64}
# - {name: eccentricity, datatype: float64}
# - {name: min_value, datatype: float64}
# - {name: max_value, datatype: float64}
# - {name: local_background, datatype: float64}
# - {name: segment_flux, datatype: float64}
# - {name: segment_fluxerr, datatype: float32}
# - {name: kron_flux, datatype: float64}
# - {name: kron_fluxerr, datatype: float64}
# - {name: kron_radius, unit: pix, datatype: float64}
# - {name: gini, datatype: float64}
# - {name: equivalent_radius, unit: pix, datatype: float64}
# - {name: kron4_2_flux, datatype: float64}
# - {name: kron4_2_fluxerr, datatype: float64}
# - {name: radius_kron20, unit: pix, datatype: float64}
# - {name: radius_kron50, unit: pix, datatype: float64}
# - {name: radius_kron80, unit: pix, datatype: float64}
# - {name: near_border, datatype: bool}
# meta:
#   PHOTMJSR: 0.8704000115394592
#   PIXAR_SR: 2.11539874851881e-14
#   __serialized_columns__:
#     area:
#       __class__: astropy.units.quantity.Quantity
#       unit: !astropy.units.Unit {unit: pix2}
#       value: !astropy.table.SerializedColumn {name: area}
#     eccentricity:
#       __class__: astropy.units.quantity.Quantity
#       unit: !astropy.units.Unit {unit: ''}
#       value: !astropy.table.SerializedColumn {name: eccentricity}
#     equivalent_radius:
#       __class__: astropy.units.quantity.Quantity
#       unit: !astropy.units.Unit {unit: pix}
#       value: !astropy.table.SerializedColumn {name: equivalent_radius}
#     kron_radius:
#       __class__: astropy.units.quantity.Quantity
#       unit: &id001 !astropy.units.Unit {unit: pix}
#       value: !astropy.table.SerializedColumn {name: kron_radius}
#     orientation:
#       __class__: astropy.units.quantity.Quantity
#       unit: &id002 !astropy.units.Unit {unit: deg}
#       value: !astropy.table.SerializedColumn {name: orientation}
#     radius_kron20:
#       __class__: astropy.units.quantity.Quantity
#       unit: *id001
#       value: !astropy.table.SerializedColumn {name: radius_kron20}
#     radius_kron50:
#       __class__: astropy.units.quantity.Quantity
#       unit: *id001
#       value: !astropy.table.SerializedColumn {name: radius_kron50}
#     radius_kron80:
#       __class__: astropy.units.quantity.Quantity
#       unit: *id001
#       value: !astropy.table.SerializedColumn {name: radius_kron80}
#     semimajor_sigma:
#       __class__: astropy.units.quantity.Quantity
#       unit: !astropy.units.Unit {unit: pix}
#       value: !astropy.table.SerializedColumn {name: semimajor_sigma}
#     semiminor_sigma:
#       __class__: astropy.units.quantity.Quantity
#       unit: !astropy.units.Unit {unit: pix}
#       value: !astropy.table.SerializedColumn {name: semiminor_sigma}
#     sky_centroid:
#       __class__: astropy.coordinates.sky_coordinate.SkyCoord
#       dec: !astropy.table.SerializedColumn
#         __class__: astropy.coordinates.angles.Latitude
#         unit: *id002
#         value: !astropy.table.SerializedColumn {name: sky_centroid.dec}
#       frame: icrs
#       ra: !astropy.table.SerializedColumn
#         __class__: astropy.coordinates.angles.Longitude
#         unit: *id002
#         value: !astropy.table.SerializedColumn {name: sky_centroid.ra}
#         wrap_angle: !astropy.coordinates.Angle
#           unit: *id002
#           value: 360.0
#       representation_type: spherical
#   astropy version: '5.1'
#   make_catalog parameters:
#     ab_zpt: 31.4
#     coadd_bands: !!python/tuple [f277w, f356w]
#     deblend_contrast: 0.001
#     deblend_nlevels: 32
#     deblend_npixels: 1
#     detect_kernel_fwhm: 4.0
#     detect_kernel_npix: 7
#     detect_npixels: 4
#     detect_threshold_nsigma: 3.0
#     flag_isolated_buffer: 4
#     hst_bands: !!python/tuple [f606w, f814w, f125w, f140w, f160w]
#     jwst_bands: !!python/tuple [f115w, f150w, f200w, f277w, f356w, f410m, f444w]
#     near_border_kernelsize: 21
#     reference_band: f200w
#   make_catalog version: 1.4.0
#   photutils version: 1.5.0
# schema: astropy-2.0
label xcentroid ycentroid sky_centroid.ra sky_centroid.dec bbox_xmin bbox_xmax bbox_ymin bbox_ymax area semimajor_sigma semiminor_sigma orientation eccentricity min_value max_value local_background segment_flux segment_fluxerr kron_flux kron_fluxerr kron_radius gini equivalent_radius kron4_2_flux kron4_2_fluxerr radius_kron20 radius_kron50 radius_kron80 near_border
[from data line 3287]
3288 1092.3431648851517 5557.2177198581685 214.91555624214908 52.949017740185965 1068 1122 5536 5581 1530.0 6.283373234893791 6.02254251111915 -13.477192067274204 0.28513037427410226 -0.22803523151506958 42.8105207375184 0.0 2952.07767502389 8.625785 2944.0866928943933 8.58067405127007 1.4277265673088948 0.706087478127573 22.068396540328884 3215.551493917781 13.160956979929695 2.3912970102401507 5.041576678004367 10.790257524147176 False
3289 3199.9424522990657 5537.856448472501 214.89688452596323 52.935531172729135 3199 3201 5537 5539 9.0 0.8294462968080764 0.8074398285785821 -40.96189097561049 0.22882113519858793 0.2525476533836524 0.4743566409572894 0.0 3.204272579729495 0.716682 6.310034898284924 1.5522938618246374 1.8255955385011728 0.12642829597281485 1.692568750643269 5.731517752054933 2.410800972232679 1.0596767930397795 1.6927064311758446 2.3201793245098115 False
3290 7683.581785149999 5540.9675907517 214.85673488309502 52.90706940105347 7679 7688 5537 5545 60.0 2.569197080446205 1.6136166216641994 -32.48519903739576 0.7781628101093458 0.07716670352502396 0.5177630294208151 0.0 19.14030421572068 1.5540856 33.543434925618115 3.6772871075595246 2.0877230399469506 0.2112266490841271 4.370193722368317 23.31568026159508 5.852432119527886 2.278211580688606 4.0504528400835405 7.003187877378874 False
3291 2598.3412591356005 5541.263119219646 214.9022354029612 52.93936968981044 2596 2601 5538 5544 34.0 1.5798832547538686 1.367638830783853 -70.5285367801629 0.5006355466988737 0.1841818211508199 1.1209830918794899 0.0 23.947617051591063 1.168319 30.249769229688738 2.166822130740767 1.680896338797336 0.22361736155195264 3.2897623212397704 30.038457672885947 3.4469169967051942 1.396531856251145 2.296525736659697 3.315875365161349 False
3292 9777.389172886773 5551.959650067921 214.83790303292565 52.89382486111206 9765 9789 5538 5566 513.0 5.71603548536953 4.720604110615344 -65.06887742565651 0.5638857108532328 0.04423805776875033 2.634984371446677 0.0 342.62058184598845 4.7132707 407.8640906051016 6.7418968866145255 1.4 0.39069880502129994 12.778613837669742 401.3079151249904 10.773334496496338 3.597136029613414 7.219310264841144 12.185334597846763 False
3293 321.1222585456564 5543.7155531879325 214.92260850155836 52.95384092244266 317 325 5539 5548 70.0 2.293175943538349 1.7529820660693496 59.57407881860803 0.6447017825305139 -0.010354640169247033 0.8460047102761262 0.0 23.624923749473215 1.7155832 66.20924092858047 5.589174628119238 3.0809240879182296 0.31579440245025736 4.720348719413148 120.71350193690894 8.822155682855037 2.864739673362633 6.794958200956209 11.476890553259913 False
3294 9376.49711392846 5542.8822959738645 214.84158124045675 52.89632337319636 9374 9379 5540 5546 30.0 1.8024164968639307 1.2094961485043838 -83.04353668779342 0.7414198510328629 0.043734275929589554 0.566697437266289 0.0 10.622246492753707 1.241839 33.5388756529217 3.8639743014214067 2.7774498647164902 0.17480490353033978 3.0901936161855166 35.61240627759327 6.091212701619719 2.4068686585237615 4.131916910859556 6.47019459100708 False
3295 2805.9463237342634 5542.924888168126 214.9003588801174 52.93806040480835 2805 2807 5541 5545 13.0 1.25456561921119 0.7024262584765035 80.52567154850243 0.8285629011702654 0.025218880240575038 0.2964833780785581 0.0 2.0586741882390207 0.7048461 25.95523890615211 3.1744543662317497 3.8055758780852713 0.28027325784239643 2.0342144725641096 20.940235476295015 5.141893827452244 2.9797046882821143 4.35865318813845 6.249045155965899 False
3296 1514.1973922202394 5544.855860937582 214.911907426878 52.94627271605145 1513 1516 5542 5548 22.0 1.4781075986329135 0.99628787573618 76.91830427591148 0.7387045830762337 0.0809257540059195 0.4187981879768104 0.0 5.077274924484646 0.9489427 15.390826155493833 2.9028667238677937 2.6878829728567113 0.24172999990663877 2.6462837142006137 33.05632420378072 4.656262879714928 1.836753545922976 3.250076799539443 5.263273905369174 False
3297 8464.065379643815 5545.609011816796 214.84970808393697 52.902135674714046 8460 8467 5542 5550 48.0 2.1897621509176437 1.678592653218793 -53.518464599168894 0.6421680154712633 0.02041807112616337 0.5705420317168854 0.0 12.585267921327397 1.3466715 55.29589209491244 5.32220668379967 3.107325966746237 0.27441369073795135 3.9088200952233594 90.14254658063541 8.566784093579516 3.606622241659174 7.533749039677876 12.010776267209032 False
3298 4054.4485799440663 5548.710609941163 214.8891205069493 52.93016325264814 4051 4057 5543 5554 62.0 2.7646021311229587 1.4846318014492803 77.47568731676868 0.8435729268585135 -0.006430457820610817 0.608290135852705 0.0 21.751913301393834 1.6146126 50.98389686647208 4.977886642394279 2.747759630397329 0.23497868205159492 4.442433223290478 44.26290065271382 7.955389188354926 2.742768165386299 5.336806508875837 14.490571011916755 False
3299 8106.3788986094 5547.82226086206 214.8528824644182 52.9044202001166 8104 8109 5546 5550 26.0 1.4206044205489348 1.1272823233408762 3.364976370877122 0.6085402220459706 -0.011422465064255392 0.3592141938435555 0.0 5.071056684250995 0.9827823 9.085703327276056 1.7398738804704474 1.6140335724703194 0.3140035244496231 2.876813695875796 9.090946659996844 2.776023820035961 1.420266339237847 2.5428407635341 3.8356270921092115 False
3300 1039.0104561582693 5552.879304447571 214.9160797558169 52.949332915820584 1035 1043 5548 5559 85.0 2.7383541142420516 1.8319274866153579 82.81723179645239 0.7432727292827099 -0.16850091889125635 0.7812338083926317 0.0 26.919295739951448 1.8718101 78.52404920326049 6.2227351327681895 3.067861001591795 0.349539537184854 5.201570947860099 143.53472716479325 9.862587693813195 3.3076565550119574 7.110885416532715 11.563283502028186 False
3301 2952.386107399801 5553.1146426657015 214.89894028263075 52.937185510574615 2946 2959 5548 5558 113.0 3.017197134301446 2.159729856776546 -26.09599780532495 0.698298503585441 -0.09162531971424405 1.1994134760408817 0.0 51.3774458045199 2.3085332 64.06119910045736 4.365019700860179 1.7867240497381236 0.3116552004106676 5.997417539138688 71.4532411557466 6.920826267666928 2.068453707156996 3.924937073405763 6.344438226055938 False
3302 2884.359335714193 5555.46687727054 214.8995246107728 52.937630172085086 2881 2889 5550 5561 73.0 3.165976163644977 1.5019669934745608 -59.44219372605172 0.8803046508111839 -0.01895410651503184 0.6075469931975869 0.0 23.732911670146684 1.7074665 41.59643686254143 3.8407263368472297 1.9765891344689526 0.2682319226991882 4.820437914901168 37.161209842885846 6.2246924259494465 2.4299650220793185 4.706549020082358 8.196789959566292 False
3303 6106.531846835469 5552.433796685688 214.87071856218725 52.91714968383743 6105 6108 5550 5555 18.0 1.5940398340090596 0.9441214923783741 72.10332550507145 0.8057305639044067 0.04636131259132864 0.39844092562894945 0.0 4.023107889734971 0.73626196 30.234551512581806 3.059496200666803 3.23497936310971 0.2686932501591844 2.393653682408596 50.57432248890841 4.904142894356467 2.9863696584696555 6.504806517097848 8.771399119629544 False
3304 6258.485506324779 5556.897591821101 214.86931224482018 52.916208525102995 6251 6265 5551 5563 139.0 3.353447092957392 2.1151432241055463 -36.926711547648765 0.7759966574455572 -0.05061720970347276 1.7323673019414607 0.0 76.25870696731812 2.1264 97.33075174573825 4.055677594563209 1.9328961359599741 0.387724484904099 6.651697090182843 95.02543398277572 6.431855324211711 2.216447009974401 4.09331291775147 7.740847952096136 False
3305 2748.388475494983 5569.6500028381615 214.90059269338832 52.938570113799315 2732 2759 5552 5585 610.0 6.2001985959529256 4.014840867029631 -82.55118700177397 0.7620363586621758 -0.024180062791628595 5.894978766735134 0.0 661.4105152463842 5.3149095 754.5197027410916 7.683805013560137 1.669946780083997 0.5345222506698526 13.934454799959427 822.3239898988705 12.10231295420363 3.2123338318930164 6.47671855760948 11.639215329558938 False
3306 3509.24936977052 5553.446410474759 214.89395109064785 52.93365112014002 3508 3510 5552 5554 9.0 0.8648039438861426 0.5935873092138331 -24.749906498277568 0.7272396101743606 -0.020935260325864454 0.264158766084933 0.0 1.2710597592043777 0.59696394 11.297734003690804 2.2650677295215815 3.484223247895205 0.40857140989999147 1.692568750643269 18.668025405984775 3.5983694670447894 1.9880686124727873 3.574727813377257 5.083511050994321 False
3307 3158.6539004803612 5555.870737445812 214.89706439704344 52.935890570534895 3156 3161 5554 5558 22.0 1.3765087788847945 1.0323088136391336 -2.1342110055007386 0.6614977673564454 -0.11888640191292923 0.36049651478037603 0.0 4.13009710968025 0.945327 19.462318586755963 3.2895895449364017 3.0422451208516574 0.34916259125840066 2.6462837142006137 37.97972569599992 5.302854161016263 2.27161989257035 5.073485953875601 7.900434328255119 False
3308 954.3470444562219 5560.397175978168 214.9167590431207 52.94991099696654 945 964 5555 5566 161.0 4.905078335859546 2.4066660684880765 -4.010698534542325 0.8713579640486641 0.027953006757409773 0.8092979026991634 0.0 62.35264084049352 2.5856538 218.3419229297196 8.911055810076489 2.9143404092884753 0.2258404976288439 7.158763278359629 337.34397714736974 14.174128378439136 5.980082094188652 12.142084031137053 24.401710249702496 False
3309 8725.762059337665 5569.676575572736 214.84711522534175 52.90060267782259 8709 8741 5557 5585 671.0 5.616976015643816 4.699378573832059 19.20320871983988 0.5477553879586721 -0.12292101944268066 5.349290448058988 0.0 556.0925320726933 5.4707346 631.4083547160999 7.794275183070363 1.6465215967469595 0.5341433571209795 14.614579488624488 673.6930502873756 12.305772486620361 3.0893035984895034 6.357230538619597 11.883498188659969 False
3310 10301.832928255031 5558.5506009562605 214.83314752699422 52.89052767192757 10301 10303 5558 5559 6.0 0.8410207857443167 0.49740887746667434 -0.4134890276106094 0.8063528965213859 0.30046542706562535 0.6482050425684177 0.0 2.613241495085295 0.76166624 22.33415588744591 2.8427709967442665 3.577535031576081 0.17671024587487166 1.381976597885342 43.907988820794216 4.45804670172765 1.8967008954214588 3.159512667748366 4.391151211930913 False
3311 925.7147068185707 5559.445529435661 214.9170255930235 52.9500876361303 924 927 5559 5560 6.0 1.0138847140245726 0.4644341101938028 -11.326980848322378 0.8889141216176759 0.0375142187772697 0.1686915814487501 0.0 0.5727565460861859 0.4855905 21.984187480858246 2.455762222753001 4.0131408646483235 0.3556145216817712 1.381976597885342 46.5191949454419 3.87058236826137 3.0676940260611976 5.163054434533729 6.80389186154425 False
3312 6226.2611818449295 5565.799634589923 214.8695067199638 52.91646123715585 6221 6233 5561 5571 115.0 2.708759932669732 2.1838615838534996 27.237673686848957 0.5916132566171182 -0.01546864661542222 1.4376483466108736 0.0 60.1839498985235 1.9722089 79.55350575283052 3.607142139139282 1.8555419516014946 0.37584370444784965 6.050259243299904 86.36192725299885 5.692251835914015 2.027073334652182 3.852961596919916 6.622972447352376 False
3313 3071.7475942461624 5563.513290503735 214.89776198852667 52.936483676182306 3070 3073 5562 5565 13.0 0.9672280426592055 0.794005545659343 41.334031882893186 0.5710600085583691 0.09162158141546191 0.40998562071635025 0.0 2.780821918773004 0.7402357 11.86516621196316 2.7328832101582523 3.3549868592880396 0.2906270482113378 2.0342144725641096 17.8680636312722 4.405752466016725 1.799164550613297 3.274624869817683 4.786996250725738 False
3314 6562.2338120573595 5568.879019772494 214.86646904451635 52.91434363885223 6555 6570 5562 5575 166.0 2.7676715110432695 2.634834761458036 -41.095654876936216 0.30608511948846395 0.04448613969260019 2.860449578946876 0.0 129.27888959115785 2.316204 150.53144610093182 3.63919917758573 1.6437757802045074 0.4664226267873757 7.269074295019226 157.7046527421618 5.786518809515365 1.9925285998683568 3.6390178698652424 6.341741384773963 False
3315 7880.274328970496 5568.738869125571 214.85468366198108 52.90596952384946 7871 7889 5562 5576 224.0 3.8360591607152297 2.5712221678950304 24.56539897950141 0.7421110183791583 -0.10539499390183654 2.868935407661725 0.0 175.17852330953428 3.0495741 194.44793677980016 3.9400709448437077 1.4 0.4650542051195064 8.444016491289505 188.4692184252924 6.202606994942386 2.203769952788842 4.119029251582379 7.064689930873154 False
3316 3230.1205091881675 5569.89269929665 214.89627680138844 52.935512411873944 3225 3235 5565 5575 95.0 2.485718414498366 2.189395490114066 74.8042618951127 0.4735074256925098 -0.09072486847189283 0.7702972691240725 0.0 26.91423666700524 2.031118 34.35042526041518 3.0138419630518745 1.4 0.34097941003493293 5.499039842323396 32.18756517690654 4.821449127402047 2.030640289924361 3.613724758405957 5.674616029111708 False
3317 1003.6469651077317 5570.939611292862 214.91620627572064 52.94965491626742 1000 1008 5567 5576 68.0 2.1041558142325623 1.6920182844139422 59.87516818335967 0.5944512522136003 0.08534508623126626 1.9329542164030042 0.0 48.290306606843046 1.6775297 89.37065853974345 4.298490662604356 2.5592486180604976 0.367969354534117 4.652426491681278 155.10887646210477 6.851811156146099 1.9963883223442076 4.2139641080174295 9.000633265205606 False
3318 3813.9016535270057 5569.995919934612 214.89104946669622 52.93180573212695 3813 3815 5569 5571 8.0 0.8446394301248172 0.6616045943334804 -25.52919069358287 0.6216460720284374 0.11503791347584418 0.3518100517041984 0.0 1.7076858368285037 0.5507539 13.183154273634873 2.418754137088593 3.6154858814890574 0.21681973439661217 1.5957691216057308 5.081773466867262 3.8537575527083265 2.0329084344299 3.5152223941568463 4.8399369420229155 False
3319 7807.934870667056 5577.547608219952 214.85523766310646 52.9064766202852 7804 7812 5574 5581 64.0 2.194603316242043 1.8767144608243058 -9.717152643418158 0.5183810546914326 0.017890127513686977 0.7602132606166874 0.0 26.973728206730797 1.5096534 58.91161943436478 4.420324411076976 2.563644459421018 0.24367355815052222 4.51351666838205 60.141077125465 7.049604703282554 2.5237132559100104 4.839841098361596 8.384325799258887 False
3320 6736.573976438395 5582.216667572771 214.8647692031688 52.91330807873742 6730 6745 5575 5589 187.0 3.2124269744500973 2.954527310274861 40.40526220097344 0.39257938365857326 -0.2400685259841543 1.5981196163409548 0.0 93.83992783049916 2.5382392 124.38359472744168 4.656438831051656 1.8837883645792617 0.39383803215496455 7.715176518808164 108.78491688904103 7.426482592743721 2.4833270018734357 4.773528858488389 8.586315342597517 False
3321 8797.923273325829 5582.278398158451 214.84633745619576 52.900212117529136 8793 8803 5575 5589 124.0 3.0072365395632015 2.217910462476555 63.707115826953746 0.6753204363314421 0.08162118945466583 1.5918853164295117 0.0 87.95143281577602 2.29347 136.0142426204582 4.9304926317380655 2.140856193897122 0.34390988286251023 6.282549314314218 166.75892125976338 7.87415195628229 2.5027474936701117 4.671792915360847 9.27301563250713 False
3322 3953.562876436821 5582.161497743068 214.88967112153338 52.930984435885144 3949 3959 5577 5587 105.0 2.4504191191646605 2.1787525595484643 59.45311997552043 0.4576456754348345 0.00016557195272074126 1.5240300372793583 0.0 61.245062624821706 2.212182 72.34887170503569 3.7329618947619605 1.7222571482752826 0.3861958693917778 5.781222885281108 74.42449217216281 5.9277968688540525 1.891765481874234 3.3000423585185534 5.277180081153972 False
