outputs/dr0.5_c0.1/nircam6_f140w_dr0.5_c0.1.ecsv
# %ECSV 1.0
# ---
# datatype:
# - {name: label, datatype: int64}
# - {name: xcentroid, datatype: float64}
# - {name: ycentroid, datatype: float64}
# - {name: sky_centroid.ra, unit: deg, datatype: float64}
# - {name: sky_centroid.dec, unit: deg, datatype: float64}
# - {name: bbox_xmin, datatype: int64}
# - {name: bbox_xmax, datatype: int64}
# - {name: bbox_ymin, datatype: int64}
# - {name: bbox_ymax, datatype: int64}
# - {name: area, unit: pix2, datatype: float64}
# - {name: semimajor_sigma, unit: pix, datatype: float64}
# - {name: semiminor_sigma, unit: pix, datatype: float64}
# - {name: orientation, unit: deg, datatype: float64}
# - {name: eccentricity, datatype: float64}
# - {name: min_value, datatype: float64}
# - {name: max_value, datatype: float64}
# - {name: local_background, datatype: float64}
# - {name: segment_flux, datatype: float64}
# - {name: segment_fluxerr, datatype: float32}
# - {name: kron_flux, datatype: float64}
# - {name: kron_fluxerr, datatype: float64}
# - {name: kron_radius, unit: pix, datatype: float64}
# - {name: gini, datatype: float64}
# - {name: equivalent_radius, unit: pix, datatype: float64}
# - {name: kron4_2_flux, datatype: float64}
# - {name: kron4_2_fluxerr, datatype: float64}
# - {name: radius_kron20, unit: pix, datatype: float64}
# - {name: radius_kron50, unit: pix, datatype: float64}
# - {name: radius_kron80, unit: pix, datatype: float64}
# - {name: near_border, datatype: bool}
# meta:
#   PHOTMJSR: 0.3925000131130219
#   PIXAR_SR: 2.11539874851881e-14
#   __serialized_columns__:
#     area:
#       __class__: astropy.units.quantity.Quantity
#       unit: !astropy.units.Unit {unit: pix2}
#       value: !astropy.table.SerializedColumn {name: area}
#     eccentricity:
#       __class__: astropy.units.quantity.Quantity
#       unit: !astropy.units.Unit {unit: ''}
#       value: !astropy.table.SerializedColumn {name: eccentricity}
#     equivalent_radius:
#       __class__: astropy.units.quantity.Quantity
#       unit: !astropy.units.Unit {unit: pix}
#       value: !astropy.table.SerializedColumn {name: equivalent_radius}
#     kron_radius:
#       __class__: astropy.units.quantity.Quantity
#       unit: &id001 !astropy.units.Unit {unit: pix}
#       value: !astropy.table.SerializedColumn {name: kron_radius}
#     orientation:
#       __class__: astropy.units.quantity.Quantity
#       unit: &id002 !astropy.units.Unit {unit: deg}
#       value: !astropy.table.SerializedColumn {name: orientation}
#     radius_kron20:
#       __class__: astropy.units.quantity.Quantity
#       unit: *id001
#       value: !astropy.table.SerializedColumn {name: radius_kron20}
#     radius_kron50:
#       __class__: astropy.units.quantity.Quantity
#       unit: *id001
#       value: !astropy.table.SerializedColumn {name: radius_kron50}
#     radius_kron80:
#       __class__: astropy.units.quantity.Quantity
#       unit: *id001
#       value: !astropy.table.SerializedColumn {name: radius_kron80}
#     semimajor_sigma:
#       __class__: astropy.units.quantity.Quantity
#       unit: !astropy.units.Unit {unit: pix}
#       value: !astropy.table.SerializedColumn {name: semimajor_sigma}
#     semiminor_sigma:
#       __class__: astropy.units.quantity.Quantity
#       unit: !astropy.units.Unit {unit: pix}
#       value: !astropy.table.SerializedColumn {name: semiminor_sigma}
#     sky_centroid:
#       __class__: astropy.coordinates.sky_coordinate.SkyCoord
#       dec: !astropy.table.SerializedColumn
#         __class__: astropy.coordinates.angles.Latitude
#         unit: *id002
#         value: !astropy.table.SerializedColumn {name: sky_centroid.dec}
#       frame: icrs
#       ra: !astropy.table.SerializedColumn
#         __class__: astropy.coordinates.angles.Longitude
#         unit: *id002
#         value: !astropy.table.SerializedColumn {name: sky_centroid.ra}
#         wrap_angle: !astropy.coordinates.Angle
#           unit: *id002
#           value: 360.0
#       representation_type: spherical
#   astropy version: '5.1'
#   make_catalog parameters:
#     ab_zpt: 31.4
#     coadd_bands: !!python/tuple [f277w, f356w]
#     deblend_contrast: 0.001
#     deblend_nlevels: 32
#     deblend_npixels: 1
#     detect_kernel_fwhm: 4.0
#     detect_kernel_npix: 7
#     detect_npixels: 4
#     detect_threshold_nsigma: 3.0
#     flag_isolated_buffer: 4
#     hst_bands: !!python/tuple [f606w, f814w, f125w, f140w, f160w]
#     jwst_bands: !!python/tuple [f115w, f150w, f200w, f277w, f356w, f410m, f444w]
#     near_border_kernelsize: 21
#     reference_band: f200w
#   make_catalog version: 1.4.0
#   photutils version: 1.5.0
# schema: astropy-2.0
label xcentroid ycentroid sky_centroid.ra sky_centroid.dec bbox_xmin bbox_xmax bbox_ymin bbox_ymax area semimajor_sigma semiminor_sigma orientation eccentricity min_value max_value local_background segment_flux segment_fluxerr kron_flux kron_fluxerr kron_radius gini equivalent_radius kron4_2_flux kron4_2_fluxerr radius_kron20 radius_kron50 radius_kron80 near_border
[from data line 1140]
1141 7190.469151102528 1554.5233694129709 214.8468995711517 52.81553277930588 7183 7199 1546 1566 266.0 4.065844990806979 3.522574344222407 49.69506515954221 0.4993820914420483 -0.11116319013261307 1.709081133302179 0.0 177.746800957664 20.807291 237.17189614741602 37.31177641606539 1.7289706361562651 0.36033910564485055 9.201653640780462 268.79480153597154 60.60069625390561 3.253483081479108 6.023362700873572 9.438262073233954 False
1142 8176.897739468103 1555.5796871288285 214.83808956481235 52.809270452938854 8172 8184 1549 1563 136.0 3.6119107811116926 2.452488831639876 58.82322654084576 0.7341379089754508 0.09043978985007058 0.9923767448885688 0.0 68.6648045455751 15.1120405 127.75387241367069 40.54441324986952 2.3584164371704226 0.2910763797662413 6.579524642479541 212.01545398829717 65.38357144978498 3.21030548148955 6.116865082313316 12.269265147892312 False
1143 9641.318493301978 1565.4091291172927 214.8249283453904 52.800016926200904 9625 9659 1549 1585 968.0 5.820699601666546 5.47365697544659 85.82775937560793 0.34013159174437807 -0.18427380213814226 11.063800381608312 0.0 1666.208390708732 41.251865 1753.245169296207 52.140130718473216 1.5644299098654282 0.6025469521919405 17.55346033766304 1890.7314765529422 84.18699469618817 3.502106332594358 6.6293055125337395 11.055333123942273 False
1144 859.7272245216853 1551.6857142569015 214.90345980352635 52.855729109726965 859 861 1551 1553 7.0 0.7716070318572901 0.5416176804523009 45.78691339848688 0.7122413946438784 0.017357969011637196 0.1515205750690325 0.0 0.6912039317718539 2.902577 1.5051980874225004 5.3194830469014605 1.6786238119776427 0.3029952819506386 1.4927053303604616 1.0075297150289284 8.424953210845889 0.8548032576532191 1.4546778678885657 1.9841440700653865 False
1145 982.0284486637769 1555.4306165302464 214.90232734225697 52.854972741567316 979 985 1552 1557 29.0 1.6081966031336083 1.2560642853203041 -26.10248623345989 0.6244822354616006 0.03845753431274847 0.3253933904382669 0.0 4.711542901537971 5.5721946 15.971613205906147 11.573131329669605 1.7755293836489552 0.3058146159786159 3.0382538898732494 2.836757159837841 18.50855044188696 2.2298134519314647 3.80257140294036 5.390296976368617 False
1146 6389.746568513094 1552.5866193091827 214.85406421103556 52.82060985415235 6388 6394 1552 1555 17.0 1.0421114437962742 0.6346966010052578 -35.25934254094238 0.7931328409205997 -0.24019478909744663 0.09092801985491668 0.0 -0.19281598441658887 5.3672705 24.067353726483063 20.328848604108735 4.299223596810877 -1.199760759135905 2.326213245840639 25.048063696147185 32.44695074728621 4.80124092090155 6.731594392992679 8.089809456298527 False
1147 7391.829793458631 1559.5609371689777 214.84505027659424 52.81428049582303 7385 7396 1553 1561 77.0 3.202041729893339 1.147453793435288 13.792939136566574 0.9335870600097699 -0.27774484346923295 0.22473624728865801 0.0 -3.4315358472129254 11.561927 3.059108739611024 15.47916780115713 1.4 -0.32334841035442186 4.950743503369154 -6.030458603222447 24.933048931691157 1.4341570195745756 2.283023223187278 3.0408085509264486 False
1148 2230.3435484599595 1555.0403610249195 214.89117672667217 52.84704360627216 2228 2232 1554 1558 20.0 1.2004425249767283 0.9455639200882776 0.2884816725686482 0.6160852765334863 -0.027483909130908812 0.19522581499651576 0.0 1.7714398744987374 4.6211796 2.477239313136726 6.864963678892808 1.4 0.3827403194501814 2.5231325220201604 1.7179950281677896 11.02615742059612 1.004400935645414 1.710807554135233 2.432369811958679 False
1149 8670.728236863619 1557.5023874363533 214.83366535851516 52.80614264685626 8668 8674 1554 1560 45.0 1.6690673434959513 1.579425338698533 -12.51982348549522 0.3233127762448298 0.05570409265943073 0.5646669660683925 0.0 12.571947202615931 9.094009 66.27886942410639 32.448399119036296 3.3681985515983692 0.29970869022486746 3.7846987830302403 138.87390799361737 51.46295854044275 3.9006641874279544 9.12922479745225 11.858869431636228 False
1150 6746.541464213444 1559.8811423441748 214.85080388779178 52.81838228788447 6740 6749 1556 1563 62.0 1.937675030506697 1.432611816121072 -37.78996232329799 0.6733259601797315 -0.13188889281147087 0.42673288729753484 0.0 7.228689839050153 10.1994505 10.830448495675181 13.389477338468568 1.4 0.4972999329152851 4.442433223290478 6.157159203414439 21.782119446364796 1.4873274595195367 2.5998850192817033 4.053465102221492 False
1151 7004.343479409638 1560.8359376670642 214.84849372384937 52.8167494340663 6999 7010 1557 1565 80.0 3.0201355734939965 1.813924215238723 -45.26527970118233 0.7995419900508942 0.03633775444885721 0.813179279367729 0.0 33.70724334657304 12.053758 137.28066460756463 36.923696085552706 2.727923359333421 0.26287114186632593 5.046265044040321 226.6165976530649 59.1685770826716 4.198872276531334 7.494470835218831 10.770452743653076 False
1152 nan nan nan nan 3525 3536 1559 1573 116.0 nan nan nan nan 0.0 0.0 0.0 0.0 10285585000000.0 nan nan nan nan 6.076507779746499 nan nan nan nan nan True
1153 6587.48650522883 1560.8384794626238 214.85221300792944 52.819398018794516 6585 6595 1559 1565 46.0 1.8433985426490032 1.0760927695015914 33.681784988892716 0.8119299967335627 -0.32285086672967234 0.737395709449622 0.0 8.426174517648182 9.277069 55.545441495580775 25.591917336212788 3.023611746819452 0.5504523722212457 3.826519928662906 83.70164743088249 40.31651864274249 2.5679413711625974 4.660920513876972 6.593909645941414 False
1154 9322.461739427523 1560.1789563884963 214.82782601837405 52.80201521835615 9321 9324 1559 1561 10.0 0.9993906061063851 0.686054678095833 -19.22481635858781 0.7271552831255244 0.021041444557390404 0.1065669554175063 0.0 0.8173454342418157 3.2260532 12.203286878348191 13.252001161378965 3.763375303301044 0.18323668598382134 1.7841241161527712 18.85678284704626 21.22330409691498 3.4526006080381526 6.073182827948524 7.6999364925154525 False
1155 nan nan nan nan 4400 4403 1560 1563 11.0 nan nan nan nan 0.0 0.0 0.0 0.0 3167352300000.0 nan nan nan nan 1.8712051592547776 nan nan nan nan nan True
1156 8838.852993722476 1562.3659977416887 214.8321150343787 52.80510043566523 8838 8840 1561 1564 8.0 0.9938622376611144 0.626321884734301 -72.32395990426103 0.7764410893985321 0.16577130408992763 0.3407975486251023 0.0 2.0871110903634866 3.7994807 15.272318436662879 16.3179360519351 3.512775792522681 0.13972960091859593 1.5957691216057308 28.96006885789514 26.099427402131575 1.9168625644239197 3.2422064775803214 nan False
1157 3023.117766017147 1565.63953888234 214.88398330281555 52.84206598521455 3021 3025 1563 1567 22.0 1.403975160018491 0.9164646234888721 -7.864854446558874 0.757561212669149 -0.05194253214110843 0.18389067759208044 0.0 1.9334809425499069 4.9708867 2.7405629406038425 10.412686329099248 1.9260393508505314 0.3177734502060431 2.6462837142006137 6.6265473996711854 16.719107782328823 1.1217288423965228 1.9187201095112825 2.8138582448275407 False
1158 8029.186952637443 1564.038356379559 214.8393180535178 52.81025468905506 8028 8031 1563 1565 9.0 0.9540261638902395 0.6852898685426297 33.67041113462984 0.6957195715534679 0.09181543973637833 0.2576817459370361 0.0 1.4705208774110923 3.9130788 16.118103795070766 18.57503541187277 3.907152454109197 0.19737242670948313 1.692568750643269 21.775156701843624 30.820563034909075 2.4056285276234615 3.8430067678725672 5.106437429019742 False
1159 7601.104226426796 1568.8819754434262 214.84308546431882 52.81300099212768 7598 7605 1564 1573 59.0 2.7914760170696953 1.591791755648015 -86.65243104942226 0.8214830009231993 0.06531642058061544 0.6265791655188215 0.0 16.443329546578497 10.520975 53.92073930166592 29.408230798591436 2.3736112176285338 0.2709194436502179 4.3336224206596095 88.48497487553213 46.78674360995944 3.600301971333301 5.8175826976405265 8.523792298751328 False
1160 8735.938947682456 1568.2972944606286 214.8329703744184 52.805786427910576 8734 8737 1567 1569 10.0 0.943830738178212 0.5648960540310733 -29.13431404387346 0.8011122328860526 -0.038790610790351183 0.39807991509374907 0.0 1.5041894602500832 4.4069967 5.208177509946902 16.079015425321682 3.750562916795546 0.49801588583263057 1.7841241161527712 -11.327129066341218 26.251663834929186 1.1426877900169083 1.8449761250172014 2.3822202422724676 False
1161 2968.7391472431555 1587.1778243657075 214.8842425489136 52.842527553094975 2960 2980 1574 1598 317.0 5.071818497256471 3.113687875140889 -62.00941017026608 0.7893687000040686 -0.15942725254665954 1.2557574022766098 0.0 142.88281975857757 18.74744 177.55113271705457 26.01931054005215 1.4 0.41681648036403546 10.045109950630787 182.99634509653563 42.24325936648797 3.2822534912163333 5.908792500263043 9.837465701200408 False
1162 3227.990219026274 1577.5639742900132 214.88202802998222 52.840829128643996 3226 3231 1574 1580 32.0 1.2873922058102487 0.9237833613764908 27.97816285160398 0.6964949264746599 -0.2809480295578308 0.2840066635571414 0.0 1.6333025139316748 6.17177 3.5782677298817482 7.336760690527182 1.4 0.3339914968727377 3.1915382432114616 -1.8096329648243525 11.729680409472223 0.91116790095377 1.5461014221239147 2.1513446654996167 False
1163 nan nan nan nan 3969 3973 1576 1580 18.0 nan nan nan nan 0.0 0.0 0.0 0.0 4051690600000.0 nan nan nan nan 2.393653682408596 nan nan nan nan nan True
1164 nan nan nan nan 4249 4259 1577 1589 109.0 nan nan nan nan 0.0 0.0 0.0 0.0 9970415000000.0 nan nan nan nan 5.890312181373172 nan nan nan nan nan True
1165 nan nan nan nan 4428 4471 1578 1627 1568.0 nan nan nan nan 0.0 0.0 0.0 0.0 37815780000000.0 nan nan nan nan 22.34076770248023 nan nan nan nan nan True
1166 6143.349258289575 1586.4598732334352 214.8559068469795 52.8223579590634 6139 6147 1579 1589 79.0 2.8210597824501775 1.7298115633358917 -65.40562240720821 0.7899448342428097 -0.24426588599770538 0.486039472988683 0.0 3.4185433351302974 12.216012 147.46181905559627 45.94826793169209 3.5076932297120154 0.6540620727054527 5.014626706796775 434.12599221698406 74.36354662271425 9.78788089283659 16.086755417091236 18.406139582703663 False
1167 1520.8638636977244 1584.5315565596238 214.8972058943912 52.85170820409838 1517 1524 1580 1588 48.0 2.1949078675569007 1.5352421684806927 60.832943886617606 0.7146753553984235 0.009110169629808857 0.4645390836926807 0.0 13.41885910370595 7.3981304 19.922145112815286 12.03497269359124 1.4 0.2332834204674421 3.9088200952233594 4.428889762202067 19.08019869054081 1.8493762249284385 3.191700228840923 4.677596535751942 False
1168 1888.838184508793 1582.1747846327028 214.89394262391133 52.84935874972667 1888 1890 1581 1583 8.0 0.8234605766758336 0.7000548760032445 40.06536235263031 0.5265604435656009 0.13794111152890828 0.19753677025531152 0.0 1.346673911178585 2.9383817 20.961911642749737 13.129310982273667 3.7875045686183504 0.08136338337963712 1.5957691216057308 49.043747112596144 21.262774487014127 2.9198634868590827 4.8674239230179985 6.233277818538209 False
1169 9043.472131600529 1581.394909345857 214.83009047373426 52.80390263274007 9043 9044 1581 1582 4.0 0.5042668571386731 0.48362614023044886 29.883076735033637 0.2831763091999901 0.09314911814344384 0.15657818200769003 0.0 0.4770571250317843 2.5825431 6.884237740614278 11.62951285752137 4.0532612454451975 0.1586998051715343 1.1283791670955126 6.863202834401883 18.82308385252275 1.8374456102319618 2.9429590896626876 3.9745946987351273 False
1170 6041.5378345665185 1583.7295314332366 214.856844127655 52.822990065226996 6040 6043 1583 1585 10.0 1.046870104761197 0.7154025321962322 2.225947683781823 0.7300696169785692 0.4668684603813937 0.7791745079219661 0.0 6.978419720838262 11.513131 57.67609291361721 39.55983778391569 3.612585372173445 0.0673614737678908 1.7841241161527712 77.52212255457056 975431785775.1456 2.37822662058186 4.175625172615567 6.005042422011694 True
1171 9401.560357509854 1585.5485824628358 214.82685411842047 52.801649260897584 9396 9402 1583 1589 38.0 0.9783237024886999 0.6832592753293889 67.69338196012326 0.715709643175703 -0.27859366276643266 0.2162727615610608 0.0 -2.4865074978778035 6.1574383 1.9866855519172786 5.127992889207819 1.4 -0.42732947829780654 3.477898169151024 0.3080204210109712 8.045363672286603 0.895260108504376 1.5256626811972267 2.0950587733734203 False
1172 3108.023453698377 1587.8646645150736 214.88299123021753 52.841646640233904 3105 3111 1585 1591 39.0 1.7405957671263896 1.504436490427874 73.0431208334041 0.5029375838829471 0.009421994008149744 0.36552684007535136 0.0 9.340969901455585 6.5935073 26.267987474039124 21.2844540230464 2.804697077302492 0.20439536971276998 3.523362819972964 5.731230266776036 33.95574813737225 2.3850383361991883 4.495270678760383 7.918240208421829 False
1173 6618.486667439704 1603.367445183499 214.85148927664605 52.8194303859224 6611 6625 1585 1614 318.0 7.22804197158462 3.0420930173037357 -88.41338134618609 0.9071192312229884 -0.2592649684433658 0.6689383533658937 0.0 66.75320696494106 24.223488 296.6126453579332 81.43901587888391 2.972728135072305 0.4510379919575557 10.060941497019325 410.4187597217976 130.7507383620979 10.166011376030728 25.99678120139598 32.84170705938257 False
1174 nan nan nan nan 3609 3617 1588 1596 66.0 nan nan nan nan 0.0 0.0 0.0 0.0 7758397000000.0 nan nan nan nan 4.583497844237541 nan nan nan nan nan True
1175 7499.496015546192 1590.4157506969887 214.8437654552048 52.813762730062855 7496 7500 1588 1593 24.0 1.1845046788372615 0.5300661507142299 -89.4121390445681 0.8942838017560331 -0.2976136070983772 0.08104703343216463 0.0 -1.2560189594792392 6.688143 0.47342188614941333 9.493637552302541 1.9965034585514219 -0.6851375102303509 2.763953195770684 0.9436221294394749 14.887321084418414 0.6719424379591864 1.0758868542314544 1.6597034849485959 False
1176 723.4564771177289 1592.532544916522 214.90424824391314 52.85681482653697 721 726 1590 1594 22.0 1.4407882065996604 1.0981504691121826 -27.76923135759327 0.6473565662720948 0.13330542168889611 0.5946042780846266 0.0 7.87544385668331 6.912977 29.989908132549196 26.39728574507267 3.189803491328517 0.19738718886822051 2.6462837142006137 2.7529393890725267 42.79761716550475 2.148309340212766 3.7429576975052696 5.5980540090843105 False
1177 9657.024203354085 1594.4759210744396 214.82448277917146 52.80007377389 9654 9660 1590 1598 48.0 2.3523440029727145 1.5007954062142395 62.14626955683405 0.7700363866165395 0.20189162460015084 0.6994278870927462 0.0 20.9465026964296 9.256267 152.42805368594458 36.85025771265756 3.369794414084571 0.18249664580351074 3.9088200952233594 216.5761510682927 55.44070669733249 4.921090871799847 10.548672017743321 15.221649290891659 False
1178 1628.4308920670683 1598.778319783962 214.89609487463557 52.85110201198222 1624 1631 1592 1604 85.0 2.4469622364069332 1.4773455951297052 -82.84931580626136 0.7971761497551816 -0.14129576094823176 0.9926042310832127 0.0 30.38673056085913 15.203762 50.965184781862234 32.66345847307709 2.2506439788362567 0.5056898238304616 5.201570947860099 -43.832554545137796 1575102997425.1494 1.9654881252904186 3.4613879835942476 5.396865444977901 False
1179 2163.5103628447687 1596.4663639939386 214.8913382266601 52.84769156196979 2159 2166 1593 1600 55.0 2.159046284765418 1.6514822029286926 71.16591101082544 0.6441338083855225 0.0048485967441569714 0.5154739411024049 0.0 17.20486480263181 7.7179313 66.37957278810748 27.836690351630942 3.1694623713120134 0.2593722403943468 4.1841419359420025 106.17269940299877 44.385860277360216 3.3375111478885997 6.285390000273308 8.863705069489114 False
