outputs/dr0.5_c0.1/nircam2_matched_f606w_f277w_dr0.5_c0.1.ecsv
# %ECSV 1.0
# ---
# datatype:
# - {name: label, datatype: int64}
# - {name: xcentroid, datatype: float64}
# - {name: ycentroid, datatype: float64}
# - {name: sky_centroid.ra, unit: deg, datatype: float64}
# - {name: sky_centroid.dec, unit: deg, datatype: float64}
# - {name: bbox_xmin, datatype: int64}
# - {name: bbox_xmax, datatype: int64}
# - {name: bbox_ymin, datatype: int64}
# - {name: bbox_ymax, datatype: int64}
# - {name: area, unit: pix2, datatype: float64}
# - {name: semimajor_sigma, unit: pix, datatype: float64}
# - {name: semiminor_sigma, unit: pix, datatype: float64}
# - {name: orientation, unit: deg, datatype: float64}
# - {name: eccentricity, datatype: float64}
# - {name: min_value, datatype: float64}
# - {name: max_value, datatype: float64}
# - {name: local_background, datatype: float64}
# - {name: segment_flux, datatype: float64}
# - {name: segment_fluxerr, datatype: float32}
# - {name: kron_flux, datatype: float64}
# - {name: kron_fluxerr, datatype: float64}
# - {name: kron_radius, unit: pix, datatype: float64}
# - {name: gini, datatype: float64}
# - {name: equivalent_radius, unit: pix, datatype: float64}
# - {name: kron4_2_flux, datatype: float64}
# - {name: kron4_2_fluxerr, datatype: float64}
# - {name: kron4_2_mag, datatype: float64}
# meta:
#   PHOTMJSR: 0.3925000131130219
#   PIXAR_SR: 2.11539874851881e-14
#   __serialized_columns__:
#     area:
#       __class__: astropy.units.quantity.Quantity
#       unit: !astropy.units.Unit {unit: pix2}
#       value: !astropy.table.SerializedColumn {name: area}
#     eccentricity:
#       __class__: astropy.units.quantity.Quantity
#       unit: !astropy.units.Unit {unit: ''}
#       value: !astropy.table.SerializedColumn {name: eccentricity}
#     equivalent_radius:
#       __class__: astropy.units.quantity.Quantity
#       unit: !astropy.units.Unit {unit: pix}
#       value: !astropy.table.SerializedColumn {name: equivalent_radius}
#     kron_radius:
#       __class__: astropy.units.quantity.Quantity
#       unit: !astropy.units.Unit {unit: pix}
#       value: !astropy.table.SerializedColumn {name: kron_radius}
#     orientation:
#       __class__: astropy.units.quantity.Quantity
#       unit: &id001 !astropy.units.Unit {unit: deg}
#       value: !astropy.table.SerializedColumn {name: orientation}
#     semimajor_sigma:
#       __class__: astropy.units.quantity.Quantity
#       unit: !astropy.units.Unit {unit: pix}
#       value: !astropy.table.SerializedColumn {name: semimajor_sigma}
#     semiminor_sigma:
#       __class__: astropy.units.quantity.Quantity
#       unit: !astropy.units.Unit {unit: pix}
#       value: !astropy.table.SerializedColumn {name: semiminor_sigma}
#     sky_centroid:
#       __class__: astropy.coordinates.sky_coordinate.SkyCoord
#       dec: !astropy.table.SerializedColumn
#         __class__: astropy.coordinates.angles.Latitude
#         unit: *id001
#         value: !astropy.table.SerializedColumn {name: sky_centroid.dec}
#       frame: icrs
#       ra: !astropy.table.SerializedColumn
#         __class__: astropy.coordinates.angles.Longitude
#         unit: *id001
#         value: !astropy.table.SerializedColumn {name: sky_centroid.ra}
#         wrap_angle: !astropy.coordinates.Angle
#           unit: *id001
#           value: 360.0
#       representation_type: spherical
#   astropy version: '5.1'
#   kernelfile: kernel_f606w_f277w.fits
#   make_catalog parameters:
#     ab_zpt: 31.4
#     coadd_bands: !!python/tuple [f277w, f356w]
#     deblend_contrast: 0.001
#     deblend_nlevels: 32
#     deblend_npixels: 1
#     detect_kernel_fwhm: 4.0
#     detect_kernel_npix: 7
#     detect_npixels: 4
#     detect_threshold_nsigma: 3.0
#     flag_isolated_buffer: 4
#     hst_bands: !!python/tuple [f606w, f814w, f125w, f140w, f160w]
#     jwst_bands: !!python/tuple [f115w, f150w, f200w, f277w, f356w, f410m, f444w]
#     near_border_kernelsize: 21
#     reference_band: f200w
#   make_catalog version: 1.4.0
#   photutils version: 1.5.0
# schema: astropy-2.0
label xcentroid ycentroid sky_centroid.ra sky_centroid.dec bbox_xmin bbox_xmax bbox_ymin bbox_ymax area semimajor_sigma semiminor_sigma orientation eccentricity min_value max_value local_background segment_flux segment_fluxerr kron_flux kron_fluxerr kron_radius gini equivalent_radius kron4_2_flux kron4_2_fluxerr kron4_2_mag
[from data line 3499]
3500 6290.947764140342 5765.824299896227 214.86682082920797 52.91712920466304 6289 6293 5764 5769 22.0 1.6825546509520668 0.7902738219328819 48.1588462000329 0.8828330801000476 -0.08285315467429742 0.12806416184045447 0.0 1.0454276137211094 1.1574265 4.316425783499399 4.309654145985508 3.3546393395237346 0.4124670272478505 2.6462837142006137 1.8237018821251807 6.865777503177341 30.747615384220797
3501 6208.273387232686 5770.182432618778 214.86751445181542 52.91767789042606 6205 6211 5766 5775 51.0 3.074769375880374 1.0929878220139693 -61.44476196713371 0.9346877460908197 -0.07289402076572882 0.3466368599811678 0.0 7.917779836803459 1.7619193 22.31574418961988 5.8174749501469005 2.8136191604545964 0.32732579021388164 4.029119531035698 40.650540688212224 9.289935278027595 27.377334183825127
3502 2804.8768153581013 5772.584316304552 214.8979486632657 52.939306542466156 2794 2815 5768 5778 188.0 4.774269737987697 2.186935910382535 0.6685534943739428 0.8889176163501186 0.026380467261602498 1.2179796428625467 0.0 79.40987019405813 4.0685844 115.45352947966168 9.099169373142177 2.183687629945747 0.34702776542218555 7.735777827895049 131.2288855154057 14.34380382161269 26.10492639869679
3503 7225.2274904499245 5771.353378219259 214.8584065307817 52.91122379743621 7222 7228 5768 5774 40.0 1.787960788231886 1.1950555201871482 69.2059152853745 0.743810797281666 -0.05604178250549696 0.5622599564298667 0.0 9.700204948006336 1.616701 26.93105812619489 4.648832041417048 2.862395340431816 0.3757332660906759 3.5682482323055424 35.9208152396095 7.431125180163641 27.511634538444035
3504 1830.7921204022925 5776.717451198627 214.90662850763968 52.94551402730355 1828 1835 5770 5780 67.0 2.9485552082028295 1.6981986519282777 -46.20096915515791 0.8174901117454128 -0.15932128245571994 0.18658214123626193 0.0 1.632079892926049 2.184436 0.8612336975038188 3.6314339383612473 1.4 0.5670226156383615 4.61809077155419 -3.989472394070362 5.699392378319757 nan
3505 6024.816711476806 5779.033247978352 214.86906232080642 52.91889100154806 6017 6032 5770 5786 210.0 4.596613871777275 4.481818720556099 62.721713581748666 0.22209009277874894 -0.264014252668676 0.22960338335600913 0.0 0.9988978829227932 3.687411 35.65947347919633 30.592828675967123 6.035202424558226 0.39806672868902654 8.175883811466258 73.3562286691438 49.11895971820596 26.736407510898317
3506 2046.4026944052307 5779.180690391921 214.90467144200656 52.94415830631654 2036 2055 5771 5791 302.0 4.79010122620984 4.205881394473894 -44.71630342750693 0.4785945627517476 -0.1665695927610851 0.5881452670036346 0.0 45.357754649181956 4.3616996 51.423866944203674 7.094330510695033 1.4 0.4097453305276622 9.804569629897316 35.29065141344502 11.341288428536199 27.530850812823964
3507 2776.371374966015 5783.551447110206 214.89808834966198 52.939546736154085 2766 2787 5772 5793 360.0 3.431107736285257 2.774522564050701 -43.44762911025873 0.588307154325249 -0.12279466112047809 6.451561126741434 0.0 217.8249847777355 4.9218373 219.08430602043921 4.944869032059415 1.4 0.7022224665956359 10.704744696916627 238.79479667141453 8.079662691882419 25.4549378517452
3508 7256.380271709037 5774.105215372455 214.858098954541 52.91104072221828 7255 7257 5773 5775 8.0 0.7907104620682242 0.6544404946754357 -83.30165082598968 0.5612278296526657 0.020048321096945845 0.25154629272902707 0.0 1.2110724137356725 0.7461492 5.8078267802023955 2.7806473365519357 3.305618827475559 0.2842264590186427 1.5957691216057308 5.432119167449125 4.4919465824534415 29.562576778152696
3509 1711.579680830486 5775.319262930841 214.90771101600936 52.94626340442903 1711 1713 5774 5777 8.0 0.8893874951401014 0.5025648678250908 -72.39389307039605 0.8250439852310126 0.01066639753795462 0.22934442176528186 0.0 1.1330229336790887 0.7156611 1.9276417479892272 1.0537053524394473 1.4 0.36568316577418614 1.5957691216057308 1.4019411117432938 1.6861862933058338 31.03317557109826
3510 662.6019168102861 5777.373499794518 214.91708657910786 52.95293442093145 660 665 5775 5779 21.0 1.2518137629920711 1.062464478096517 -25.965437417017956 0.5288102915052043 0.05632557068455442 0.5297962933191819 0.0 6.431462607989886 1.3269378 23.743126384846512 4.558368261001958 2.9972453377140296 0.27869542972215033 2.5854414729132054 42.72066987780359 7.216123269338232 27.32340486502174
3511 7650.520842478454 5778.787377633571 214.85452521780832 52.908561915785285 7646 7654 5775 5784 71.0 3.1008066487531325 1.4924574719212127 -57.60437093489907 0.876548989434492 -0.12483048291427855 0.23470815613703008 0.0 5.89123498730291 2.1423273 21.694172586006104 7.377048808150732 2.967312814252917 0.34458266351482436 4.753945931439391 22.662695794027798 11.837609350353235 28.011721076998555
3512 7672.9084479087705 5777.472505699653 214.85433889146128 52.908412589113674 7671 7676 5775 5782 40.0 1.768334142127924 1.0844718586203215 63.754211530709725 0.7898708990899704 -0.11317856510595205 0.25841633735058916 0.0 3.7770486003592727 1.806232 3.218482143971967 2.4105363018172468 1.4 0.4085042007805114 3.5682482323055424 2.305908761624729 3.820505434140996 30.4928947013054
3513 1967.9206610435115 5780.137599780052 214.90536426694732 52.944661794624146 1964 1971 5776 5784 56.0 2.186851971681459 1.4765470712736086 57.02656209910784 0.7376411439426631 0.10051014643365314 1.1128736269650508 0.0 28.180580760492607 1.9634395 47.36100912261668 4.645918812763166 2.2925641990502728 0.29557392848174036 4.222008245644752 48.51087253631428 7.403091880579255 27.185402284765562
3514 7996.424604384881 5778.693075541244 214.85143346988588 52.90636372294359 7993 8001 5776 5780 34.0 1.6412971308109157 1.176950060268304 2.028058828696322 0.6969854084297564 -0.0656150924490013 0.35765115515653195 0.0 4.377420443066653 1.7291366 27.30921825094974 5.825221641001564 3.3184682110597783 0.42593561517791273 3.2897623212397704 26.17704441207885 9.2994937649228 27.85519847543967
3515 1571.100220596271 5782.573519680073 214.9088928859421 52.94719450096336 1568 1575 5777 5785 55.0 2.159049910796289 1.373671119160487 24.302004245733773 0.7714922620011474 -0.0783565305171545 0.4185721099260161 0.0 8.440777648438347 1.865463 26.235642843905215 5.539977722933439 2.8413371878597355 0.4141874388905008 4.1841419359420025 45.3620259352223 8.870013277744723 27.258268893619018
3516 6529.621330204016 5782.336850640093 214.86451199076265 52.91570209130479 6518 6541 5777 5788 184.0 5.3618161998766505 1.927587909364852 -12.61353429445212 0.9331440084413829 -0.27096750932797226 0.8089390553521886 0.0 31.237349548195297 3.6211698 46.333775115393934 6.446851728334406 1.749453140926153 0.4664675282782073 7.653039857325812 51.29461599493968 10.216778088473031 27.124820542697933
3517 5969.105010952528 5780.644401371908 214.86954373410057 52.91925358510233 5968 5971 5778 5781 14.0 0.7832733908561594 0.3100976249237673 30.464421528515796 0.9182938004235174 -0.11967553563811122 0.14969958451308843 0.0 -0.13167954954516792 0.938723 0.9606917263009199 1.0050662002235862 1.8312571488812388 -0.1690439263765412 2.111004122822376 0.170882567783365 1.6493114447765032 33.318255596586596
3518 8973.99950954383 5783.301269844942 214.84264607888275 52.90017715317623 8970 8979 5778 5787 87.0 2.9218654690202177 1.8175507253689724 20.93804598911444 0.7829763484225774 -0.1651088990618199 0.3399830496964402 0.0 8.027385382446004 2.3410559 21.08116027006404 8.489154756718946 3.2579426610237383 0.45439823009744174 5.262410103554244 25.48099179689596 13.580550409959029 27.884459179898204
3519 1787.021892886363 5824.374804830053 214.9065183717989 52.94604915427482 1742 1835 5780 5867 5652.0 14.090587920612608 13.368644398615542 11.9154407553224 0.3159851648783133 -0.3014086778652877 6.914522663741042 0.0 525.5070224796395 19.385675 510.39251586568 21.93333859069608 1.4 0.769067247906927 42.41565131777166 415.60864845339967 35.17718280101547 24.853288559328842
3520 6382.90369119667 5790.411960080841 214.86573925188776 52.9166776737508 6374 6391 5780 5800 266.0 4.872531648640075 3.7215999562938555 66.20876285825052 0.6454626338474917 -0.23836199176190875 0.26880165077815577 0.0 1.3328901492932197 4.1379266 9.080716760026577 23.311645181387412 4.886454504794209 0.9986086187664409 9.201653640780462 31.722832753485157 37.225968766533086 27.646570096081795
3521 1281.864918374483 5788.29356233213 214.91142352746206 52.94906176975644 1275 1291 5781 5796 199.0 3.6438962145211793 2.673638123566747 -36.84136834726568 0.6794405195540887 -0.19595897525862488 0.457030900560643 0.0 14.205242163874782 3.6254344 48.25454422448995 10.490593034355266 3.028939304445928 0.5487385656600392 7.958873497585845 63.26634700143017 16.567737310512303 26.897068102445534
3522 1421.043447801473 5795.2615353230185 214.91010334079073 52.94821572169392 1409 1437 5781 5808 468.0 8.913583379578135 3.9199591498518713 -37.44179309061712 0.8981086413077272 -0.16776451051137928 0.35123352523095336 0.0 31.810098236358563 5.5777926 136.08812025865137 22.415218585026896 3.3129698600406337 0.46207623587064073 12.205286835384658 152.14388574692452 35.639074374513996 25.944363740202217
3523 1495.814623114313 5785.581200983359 214.90953556625337 52.947688738583544 1493 1499 5783 5788 36.0 1.866405239443137 1.3400217170677404 21.803269384921073 0.6960747394316364 0.02567752339033612 0.49120742374175586 0.0 11.51315023770974 1.5687398 22.068021406257753 4.163670006580574 2.326113506166938 0.19252371705932464 3.385137501286538 14.495385066247557 6.629854771318848 28.496925608080975
3524 9668.822265598963 5792.136482547407 214.83634329510136 52.89580955414903 9660 9677 5783 5800 273.0 4.186779466712524 3.667063055916608 -71.6668002318039 0.4825521157939067 -0.1525644610324642 0.5208283940210845 0.0 33.134564746946374 4.2146063 72.96060316073965 13.469859562193621 3.02594397376757 0.4788726849613603 9.321941800299703 93.70407085545011 21.620435794474627 26.470603853312706
3525 2913.4976597499867 5789.321831532655 214.89679970719988 52.93870710915326 2911 2916 5786 5793 36.0 1.7725136008324516 1.3090809362120404 59.173739967421746 0.6742042597786262 -0.011013768950532393 0.3614168936254892 0.0 6.163449556967034 1.6895243 23.307824177655156 5.786023736513005 2.9767482637851943 0.32557818346027423 3.385137501286538 29.308233258978813 9.240838243430312 27.732525901618217
3526 8933.026468845046 5790.173241204089 214.84293990900568 52.900474555110605 8932 8936 5786 5795 39.0 1.4405012394418293 0.7367884478446669 41.51170197076698 0.8592948207747902 -0.12057575420262111 0.21458998546009633 0.0 -0.015949665362727898 1.591207 2.3472586976453798 3.727214226796211 3.169316656417163 11.358205900467016 3.523362819972964 3.401139283939067 5.939528990726919 30.070938956034457
3527 1327.6993043195214 5795.669995725766 214.91093520840596 52.9488105787798 1320 1336 5789 5801 170.0 3.2628043665398705 2.1721342855231485 -16.64681286845199 0.7461961229295034 -0.11782505228841865 1.0601069391868054 0.0 40.942570034808114 3.3335452 42.836504116684026 4.215800790305447 1.4 0.5150437059679513 7.356132180109627 41.17702349830962 6.786557580350867 27.36336262444184
3528 4110.752822755379 5793.028855957349 214.8860424133411 52.93112387558226 4108 4113 5790 5797 32.0 1.4432783627086143 1.1011931822868843 32.64277252484002 0.6464215535147025 -0.13945457587910734 0.29121081627547324 0.0 2.2372625976939955 1.5644404 6.963258363158248 3.9722296282267444 2.5604035956488733 0.4705815368469241 3.1915382432114616 13.9986194027558 6.351920227179202 28.534786984970587
3529 4316.011345610031 5794.34941575319 214.88419133330726 52.92982739683932 4312 4320 5791 5798 57.0 2.1131418751934183 1.5625766965508037 27.44083379149079 0.6732042361521914 0.14742587849590608 1.121743702945713 0.0 27.681269229870534 2.071756 41.50619163539126 4.287268697192432 1.9018324620993599 0.291430937078933 4.259537945889915 40.526226799733635 6.9145392260039555 27.38065957356812
3530 8655.25027725414 5819.621061553591 214.84511259847469 52.902398351716826 8612 8690 5791 5851 1782.0 20.06115511047438 3.8200926921310114 -36.98600344564421 0.9817022568851317 -0.2813507323428062 2.36926143457005 0.0 573.5550578018965 12.2471075 619.0615715372796 17.237853084668316 1.5296678856593124 0.5556196016666834 23.816553427805523 647.505508325442 27.41255158238488 24.37189133172616
3531 9791.44561816247 5804.383084178853 214.83511852367712 52.89509633250008 9777 9806 5791 5819 509.0 7.085531336006883 5.011127325654549 -45.946317517122516 0.7069797291229819 -0.2821666977381685 0.24651291245831322 0.0 -5.745993957813925 5.7805343 -16.673840206228796 9.472196247333141 1.4 -0.5427108378458035 12.728697186576065 -20.189784891400365 13.628351174292483 nan
3532 10239.161423449561 5829.002446887301 214.83085871862622 52.89238382955263 10204 10276 5794 5870 3800.0 15.192124587253774 8.633206488529673 -50.66107638539649 0.8228431589400519 -0.1985341967791761 5.667377681982593 0.0 2112.1429455460375 15.701891 2149.1914285648922 18.591642825404517 1.4341333062188533 0.6257174442195681 34.77898169151024 2243.2285018146613 29.78145870163722 23.02281621414473
3533 2626.2542922644516 5803.37989876993 214.8992236385333 52.94060698343693 2620 2631 5795 5809 121.0 3.972495187076341 2.5030610814809413 66.9411435813665 0.7765156604711912 -0.17985277681011289 0.35200594927057555 0.0 11.919612675651237 2.8286953 11.079724361458577 4.99414466646629 1.4 0.43108762696439806 6.206085419025319 8.099450732051729 7.969815113037379 29.128861080003166
3534 2171.2986523694362 5798.252322164522 214.90335191176243 52.94346819372081 2169 2174 5796 5800 21.0 1.4957325472423004 1.0207180071433308 -33.10976343342201 0.7309601624200488 0.2118076603371973 0.3746589498882794 0.0 6.020866032934934 1.1623676 22.93029311593003 4.067398410378315 2.944988941614902 0.09898221974313277 2.5854414729132054 34.00713035639045 6.577237765342133 27.571075034617294
3535 8935.0 5800.0 214.84281875257307 52.900514995709 8934 8936 5797 5800 7.0 0.28867513459481287 0.28867513459481287 0.0 0.0 -0.13343683180806057 0.03015695653393661 0.0 -0.521370804218473 0.6522265 0.2250404061858744 1.1301484415652572 3.474874172584819 -0.3813590870732287 1.4927053303604616 -0.4269376669002625 1.7878421555459403 nan
3536 1621.2810323674094 5802.024566162551 214.90823843635232 52.94698087273539 1617 1624 5798 5805 44.0 1.8867951280179456 1.4501916179469052 -23.637751325658755 0.6397290996752539 -0.07786456312390731 0.2743134664017312 0.0 3.5760057200804627 1.680257 3.8930877353265494 2.601751975400415 1.4 0.4455194175618859 3.742410318509555 3.760029456595708 4.140875750277146 29.962021881838517
3537 379.1603566104028 5803.835706187328 214.9193474159636 52.95487670464287 373 385 5799 5809 110.0 2.735573714319522 1.9032306501487881 -34.06086199193623 0.7182998719474286 -0.05943563049780647 0.7756887827088393 0.0 30.27218423907488 3.095152 36.962269231266944 5.919397772894956 1.9256386954842455 0.4514676995604694 5.917270272703197 37.12870841870068 9.435282433954079 27.475725395342053
3538 6855.116201483891 5815.343279368925 214.86125303700095 52.91381232893663 6844 6867 5801 5831 613.0 5.823077160414107 4.523648169524162 75.67973557620478 0.629687672514695 -0.28889628033502407 1.0756556960786183 0.0 63.71796256907915 7.0164275 70.15639769703986 8.973741037793783 1.4 0.6099230108202635 13.968677826861914 52.14198663568853 14.166127526176744 27.107031065040406
3539 6286.5867828471555 5810.447235204759 214.86638972279513 52.91739758491103 6281 6292 5803 5821 183.0 3.361142035853654 2.0364394060265947 -87.14933173129737 0.7955581622254431 -0.18782340786606097 0.8028697899277661 0.0 29.43340804149771 3.3458416 32.53421428157572 4.022660986258113 1.4 0.5675613726157434 7.632215220473915 27.20236472678531 6.464434764536634 27.81348335175694
