outputs/dr0.5_c0.1/nircam1_f150w_dr0.5_c0.1.ecsv
# %ECSV 1.0
# ---
# datatype:
# - {name: label, datatype: int64}
# - {name: xcentroid, datatype: float64}
# - {name: ycentroid, datatype: float64}
# - {name: sky_centroid.ra, unit: deg, datatype: float64}
# - {name: sky_centroid.dec, unit: deg, datatype: float64}
# - {name: bbox_xmin, datatype: int64}
# - {name: bbox_xmax, datatype: int64}
# - {name: bbox_ymin, datatype: int64}
# - {name: bbox_ymax, datatype: int64}
# - {name: area, unit: pix2, datatype: float64}
# - {name: semimajor_sigma, unit: pix, datatype: float64}
# - {name: semiminor_sigma, unit: pix, datatype: float64}
# - {name: orientation, unit: deg, datatype: float64}
# - {name: eccentricity, datatype: float64}
# - {name: min_value, datatype: float64}
# - {name: max_value, datatype: float64}
# - {name: local_background, datatype: float64}
# - {name: segment_flux, datatype: float64}
# - {name: segment_fluxerr, datatype: float32}
# - {name: kron_flux, datatype: float64}
# - {name: kron_fluxerr, datatype: float64}
# - {name: kron_radius, unit: pix, datatype: float64}
# - {name: gini, datatype: float64}
# - {name: equivalent_radius, unit: pix, datatype: float64}
# - {name: kron4_2_flux, datatype: float64}
# - {name: kron4_2_fluxerr, datatype: float64}
# - {name: radius_kron20, unit: pix, datatype: float64}
# - {name: radius_kron50, unit: pix, datatype: float64}
# - {name: radius_kron80, unit: pix, datatype: float64}
# - {name: near_border, datatype: bool}
# meta:
#   PHOTMJSR: 2.251199960708618
#   PIXAR_SR: 2.11539874851881e-14
#   __serialized_columns__:
#     area:
#       __class__: astropy.units.quantity.Quantity
#       unit: !astropy.units.Unit {unit: pix2}
#       value: !astropy.table.SerializedColumn {name: area}
#     eccentricity:
#       __class__: astropy.units.quantity.Quantity
#       unit: !astropy.units.Unit {unit: ''}
#       value: !astropy.table.SerializedColumn {name: eccentricity}
#     equivalent_radius:
#       __class__: astropy.units.quantity.Quantity
#       unit: !astropy.units.Unit {unit: pix}
#       value: !astropy.table.SerializedColumn {name: equivalent_radius}
#     kron_radius:
#       __class__: astropy.units.quantity.Quantity
#       unit: &id001 !astropy.units.Unit {unit: pix}
#       value: !astropy.table.SerializedColumn {name: kron_radius}
#     orientation:
#       __class__: astropy.units.quantity.Quantity
#       unit: &id002 !astropy.units.Unit {unit: deg}
#       value: !astropy.table.SerializedColumn {name: orientation}
#     radius_kron20:
#       __class__: astropy.units.quantity.Quantity
#       unit: *id001
#       value: !astropy.table.SerializedColumn {name: radius_kron20}
#     radius_kron50:
#       __class__: astropy.units.quantity.Quantity
#       unit: *id001
#       value: !astropy.table.SerializedColumn {name: radius_kron50}
#     radius_kron80:
#       __class__: astropy.units.quantity.Quantity
#       unit: *id001
#       value: !astropy.table.SerializedColumn {name: radius_kron80}
#     semimajor_sigma:
#       __class__: astropy.units.quantity.Quantity
#       unit: !astropy.units.Unit {unit: pix}
#       value: !astropy.table.SerializedColumn {name: semimajor_sigma}
#     semiminor_sigma:
#       __class__: astropy.units.quantity.Quantity
#       unit: !astropy.units.Unit {unit: pix}
#       value: !astropy.table.SerializedColumn {name: semiminor_sigma}
#     sky_centroid:
#       __class__: astropy.coordinates.sky_coordinate.SkyCoord
#       dec: !astropy.table.SerializedColumn
#         __class__: astropy.coordinates.angles.Latitude
#         unit: *id002
#         value: !astropy.table.SerializedColumn {name: sky_centroid.dec}
#       frame: icrs
#       ra: !astropy.table.SerializedColumn
#         __class__: astropy.coordinates.angles.Longitude
#         unit: *id002
#         value: !astropy.table.SerializedColumn {name: sky_centroid.ra}
#         wrap_angle: !astropy.coordinates.Angle
#           unit: *id002
#           value: 360.0
#       representation_type: spherical
#   astropy version: '5.1'
#   make_catalog parameters:
#     ab_zpt: 31.4
#     coadd_bands: !!python/tuple [f277w, f356w]
#     deblend_contrast: 0.001
#     deblend_nlevels: 32
#     deblend_npixels: 1
#     detect_kernel_fwhm: 4.0
#     detect_kernel_npix: 7
#     detect_npixels: 4
#     detect_threshold_nsigma: 3.0
#     flag_isolated_buffer: 4
#     hst_bands: !!python/tuple [f606w, f814w, f125w, f140w, f160w]
#     jwst_bands: !!python/tuple [f115w, f150w, f200w, f277w, f356w, f410m, f444w]
#     near_border_kernelsize: 21
#     reference_band: f200w
#   make_catalog version: 1.4.0
#   photutils version: 1.5.0
# schema: astropy-2.0
label xcentroid ycentroid sky_centroid.ra sky_centroid.dec bbox_xmin bbox_xmax bbox_ymin bbox_ymax area semimajor_sigma semiminor_sigma orientation eccentricity min_value max_value local_background segment_flux segment_fluxerr kron_flux kron_fluxerr kron_radius gini equivalent_radius kron4_2_flux kron4_2_fluxerr radius_kron20 radius_kron50 radius_kron80 near_border
[from data line 5186]
5187 147.15192117274373 4230.6679936839955 215.01037305601173 53.02018490081807 134 172 4223 4244 399.0 7.73367047421585 3.458973028424584 5.6014932600393665 0.8944032389812918 -0.004639777482081305 13.301028970849737 0.0 1292.7256027815085 9.864763 2150.803675105899 20.92484934571397 2.195766159115841 0.4986182099044892 11.269678104867614 3921.6116120756606 inf 4.616843340286414 8.042936488812485 19.14982828427301 False
5188 119.21181948457556 4233.490416199172 215.01059441109808 53.02037734237908 109 128 4226 4239 131.0 4.766815906282142 2.031555320257591 -29.67150725662512 0.9046350526683894 -0.3018456704547814 3.7812862755168966 0.0 206.58569026817628 10.289971 7452.423329302132 inf 4.286773322428005 0.34980255871000027 6.457444935117649 13801.293993097792 inf 23.409367205147685 33.29195179217114 40.06272516641512 False
5189 120.31414447225697 4244.842429876001 215.01046482641772 53.02043172394658 106 140 4230 4265 647.0 10.402481169908993 4.290525073059254 -34.73861867392135 0.9109792948077191 0.01008955482268861 16.429484262559694 0.0 3536.0702291126836 23.557596 20582.024582798724 inf 3.424083871263405 0.3570785584204282 14.350836085779552 23647.116259524795 inf 17.75139555788036 34.12826469655982 46.734052385797156 False
5190 110.00575433721691 4239.476370292352 215.01061404420165 53.020468084460155 107 114 4234 4242 42.0 2.1644501986180664 1.4649232460860266 -34.03903702986584 0.7361570187557462 0.4972352113308387 4.438501911906271 0.0 97.18694116409365 5.1839733 2241.915677335368 26.01398801949209 4.006007636306469 0.29910193343562086 3.656366395715726 6079.922720868975 inf 9.493717902819645 14.373868710546521 17.82169976534593 False
5191 141.21804230042252 4242.626968236636 215.01030031005664 53.02028718388766 129 158 4234 4255 310.0 6.716791654619047 3.700785416528104 -22.802603023782215 0.8345216373645753 -0.4402523058707628 7.460453649171075 0.0 439.5823792486659 8.111529 8761.89943465139 inf 3.7857860603506226 0.39254469377650186 9.933582672781009 15744.432422751162 inf 35.35132684259518 46.47635997080421 54.40058605635025 False
5192 110.84438345127766 4264.029686403059 215.010347655039 53.02059550787692 106 122 4258 4274 184.0 4.278272202131087 3.568191002086047 68.63393595813781 0.5517248759471226 -0.6079127205372346 5.829893112412099 0.0 250.70414894176048 11.919159 9674.409700198543 inf 4.085815842505639 0.34987773112099535 7.653039857325812 13703.393257510887 inf 16.073978198636752 24.883064305980138 33.10043617065697 False
5193 6934.941240385103 3982.685935873064 214.95204253905146 52.975784829353316 6929 6941 3975 3990 142.0 3.7444778320397694 2.8830628897538904 73.42743838233127 0.638103518060251 -0.07900616802632279 0.6276073629069835 0.0 36.2586112350275 3.4913428 218.68031565221105 13.983396398871806 3.2632466418623083 0.3231435169841834 6.723094811029982 386.53527014007756 22.33953887423511 7.611763743405706 14.381612777961056 22.90178892561625 False
5194 6865.23381647096 4016.403190525699 214.95231245366102 52.97640930090475 6807 6917 3968 4057 6174.0 14.785947738419326 10.257127543885638 -14.3942497784219 0.7202565259215877 -0.41748052047138495 117.48171304217527 0.0 11569.911306941245 25.337383 11492.802266715606 24.75027784137761 1.4 0.7159885890113347 44.3310865792699 12267.660713245456 37.51662095151512 4.792663112492589 11.937384317876662 22.551451249139422 False
5195 6907.961590290986 3987.9743207890383 214.95222880478246 52.9759846043852 6897 6921 3978 3999 318.0 4.979320043854972 4.247935483819965 22.85459037381752 0.5217219711486614 -0.10325002436201841 1.1301316669397241 0.0 103.39636442374231 5.2832866 608.2281014526869 19.872550849109487 3.552744903407809 0.3661814511481943 10.060941497019325 901.6227475277667 33.18621969362034 13.552438008424366 26.261047342287412 34.691304439306016 False
5196 6924.096200932484 3993.172194472607 214.95202930213435 52.97591028911891 6915 6933 3984 4000 199.0 4.2281487821852055 3.3971315752901536 4.217831713963236 0.5953641158713547 -0.15941440032958673 0.7328090251999242 0.0 55.75072871450199 4.1803846 380.54509509227705 17.025830514875935 3.489084649751318 0.3607501367428968 7.958873497585845 663.8596509315231 27.345191344890313 9.98828810319221 20.078560350491728 28.13985065744179 False
5197 6838.50916843712 4059.7982066104214 214.95209482797983 52.97681327641923 6833 6845 4055 4065 119.0 2.91385232539215 2.0931227486851354 21.889384592520006 0.6956971416870177 -0.20290731052604963 1.0237370809329456 0.0 24.10200792947885 3.2297952 40.30100278335364 7.762534398701773 2.4018942910755836 0.5183206924746291 6.154581744998688 61.56067199677802 12.416700925256913 2.2305348915981233 4.854340738921453 9.358546716761293 False
5198 7968.0138880102495 3976.418623854125 214.94284367189738 52.96919477478276 7964 7971 3972 3981 64.0 2.632124017224624 1.8252165485794454 -79.01100339035715 0.7205156669595455 -0.11544420049753336 0.6520620905415205 0.0 19.59812313874643 2.3769634 89.50560945135685 8.950883297445829 3.2047549247485585 0.31055351595205044 4.51351666838205 178.47552817359048 14.338795910475445 4.399300058712482 8.467214299969793 13.259491715864415 False
5199 7987.652924538107 4016.7704554968414 214.94224232407356 52.96928804304846 7955 8023 3982 4057 3371.0 12.474574258754295 6.819039947368842 43.63277766884384 0.8373709363107599 -0.2093225779422734 31.64489572415884 0.0 6528.287998067257 18.471075 6582.4623448154325 19.16548806747303 1.4848101679395855 0.7027645210141162 32.75702407615134 7182.643361689336 29.367800415206617 4.651566500777882 9.068767273159326 18.15010169890236 False
5200 6176.690517671977 3985.531183777843 214.9588145632177 52.980611837967984 6171 6182 3981 3992 115.0 2.3324723723714156 1.6594232537003457 -33.02269063911439 0.7027428900763626 -0.3576920204328472 1.6763447420543327 0.0 22.143553183508086 3.3441427 23.44532730259733 4.049147005416455 1.4844232467220477 0.6683915182118891 6.050259243299904 24.93785197443808 6.440620034842149 1.0053683464715455 1.8982935768894398 3.206086545013993 False
5201 6178.253360821675 4001.879102767349 214.9586282477224 52.98069022761911 6173 6184 3993 4010 158.0 3.490412539439698 2.150673921561095 -81.71591521455122 0.7876162283618143 -0.20382592341861547 1.8487339795045892 0.0 53.1233242222008 3.9753506 63.43878611879297 7.671911306348529 2.020763288552088 0.4776137416019703 7.091753098990329 77.7187548002515 12.232915907326293 1.7558221391878432 3.7747628717785937 7.411409560473266 False
5202 6249.247381466019 4012.529847174206 214.957879070622 52.98029726701124 6230 6266 3998 4028 773.0 5.022331021587101 4.462912275488426 14.78337145227255 0.4586563510669312 -0.314787488302936 11.754062811252227 0.0 323.0595557077638 8.700238 340.3770252150581 9.94696657817754 1.5225345828137116 0.7196200453135326 15.686093905752006 382.1418442217095 15.914027649132105 1.57349024614592 3.6636543309122267 9.170825311781728 False
5203 6237.061818746868 4023.9056110374854 214.95786850098557 52.98043603846411 6231 6247 4016 4032 167.0 3.2071849704236453 2.105419318282913 45.45438743220296 0.7543525117063241 -0.09625438975433162 3.2941038212520524 0.0 69.50811207465006 4.164392 87.39807840801987 7.529741521852662 2.063102451141368 0.6215551593645994 7.2909362219603215 113.94183217386556 11.886236823665323 1.4755966879192364 3.085276759382538 7.987244073333391 False
5204 9345.433036859164 4008.606949435565 214.93015571103876 52.96062590239437 9337 9351 4001 4017 141.0 3.542887782995932 2.124241162976131 61.0103073583184 0.8003155666335268 -0.23951577524399856 4.618697312812396 0.0 91.55166598053636 3.632214 147.8877730424279 8.329929359814953 2.2943281442513705 0.42861334202995205 6.699380116989518 207.0041838848959 13.237729671029491 2.1165705140306947 5.274222328642111 11.121161532227974 False
5205 9337.183903667912 4014.9900453827777 214.9301623862155 52.96071272833867 9324 9348 4005 4024 294.0 5.9911522416025615 3.0407649982035476 27.6270631664493 0.8616266633911409 -0.06055228429102343 2.5729974611936526 0.0 158.13676361443606 5.2165413 334.47813009476954 14.655489432727158 2.5912179879194865 0.40834412964915434 9.673836185197393 458.96807780454094 23.29213748266065 4.593068559644015 11.010906768471768 19.609857136601562 False
5206 137.6725613406777 4031.9288692697633 215.01255338185396 53.01917056107713 119 167 4002 4051 1341.0 8.438577689602491 6.000840430594219 64.39566833479552 0.7030707669642607 -0.35843591731543595 46.03975647481168 0.0 3548.9657431996784 25.394753 4235.403689703442 inf 1.8133733984719551 0.6107481555047528 20.66043458817997 5093.032555544214 inf 3.7962572098926834 8.891030204192575 18.06023974324124 False
5207 158.06059290348696 4050.4489575898237 215.01217490825846 53.01914140026713 140 181 4023 4077 1394.0 10.088978775717933 6.6983295550058095 -66.30201359417211 0.7477987868582677 -0.1691952385415447 12.132091181697891 0.0 2093.403301958296 17.025429 2787.0428462117643 35.817969102263135 2.038424340355737 0.49030687125871686 21.064756854523722 3485.3190453746665 inf 5.856499249844052 12.588616837221615 24.091683190440612 False
5208 173.85622476815854 4066.795913405559 215.01186061792177 53.019129611825804 169 177 4062 4070 54.0 2.0560162759731937 1.4737109616910322 -66.01040111747048 0.6972995767699359 -0.4056847229657275 1.5421085924224123 0.0 17.385099577137307 3.193662 47.63555414433246 9.507940364405021 2.853206524449533 0.4916986130561249 4.145929793656026 74.91252323205654 14.867277546546738 2.3126858340449483 5.7062405615056 12.295486198479677 False
5209 140.5046744206505 4075.8549380268305 215.0120648635291 53.019390084402716 134 151 4068 4083 182.0 3.662177027114032 3.331581361321899 23.833551872692965 0.4152068943465583 -0.1893671623804277 3.253608127196242 0.0 146.88057484189034 7.2234187 588.9470520328177 32.74818127466634 3.1365051671233606 0.27131872576511223 7.611333607551958 1083.342960156308 inf 6.36506949526122 14.66380777077956 22.195240972901285 False
5210 8492.791902753139 4008.3217014207216 214.93780217068579 52.96603636312531 8489 8496 4003 4013 54.0 2.3758690773395026 1.5964787074673332 82.28747786821009 0.7405913664279801 -0.054646519800905326 0.7803360308543354 0.0 20.154934238368845 2.1443048 95.77297742915559 7.8510082196643145 3.1544137146797158 0.27121607592808183 4.145929793656026 150.00698604995668 12.477970172232878 3.8883231951777044 7.628857558427398 12.248648856615112 False
5211 8485.670230340009 4022.392458181013 214.93771773879357 52.966157544809604 8479 8493 4011 4034 214.0 5.711921284627068 2.4350690376717115 -65.13978864288542 0.9045754900327047 -0.07278601894232682 1.178805406773529 0.0 101.49051897930778 4.2518578 280.55192473787895 13.444142191873151 2.826868473822628 0.2689562441854072 8.253382073025046 345.3554141521296 21.400696332846504 5.5314406872595 12.255376013732498 20.12771657890825 False
5212 519.4683931288012 4023.783944442016 215.0092080381154 53.016705370578 518 521 4023 4025 8.0 0.938758613635524 0.7192289261716668 1.4357708439495998 0.64266304263021 0.05422757379650237 0.39432068444080687 0.0 1.9980401351896473 0.8554054 57.31100339203999 4.5795987535784235 4.104777988226464 0.2989091264398829 1.5957691216057308 108.83758072531722 7.329708891015142 3.6151343164997987 5.741970174818842 7.560421054467927 False
5213 516.0125887966892 4026.074484686978 215.0092149476384 53.01673966898802 514 518 4025 4027 11.0 1.3222350188007839 0.635142534666705 -26.36911623993758 0.8770740177414896 0.11201898963731904 0.438223477325423 0.0 2.931122828782049 1.0153311 70.74173597638699 4.914044660133143 3.9247668805124896 0.24681971002536912 1.8712051592547776 139.77694277053467 7.8578191194341835 3.82396628593575 6.466243729417892 8.94334393772062 False
5214 9003.642999439991 4050.8152840051252 214.93277464331533 52.96302331962847 8995 9010 4044 4056 142.0 3.6840256446004336 2.0165562405254107 23.48036331458824 0.8368851978795 -0.23441616606867346 1.208616466414335 0.0 54.50647108316527 3.835039 62.14055349668247 7.215144151767497 1.8409166899534637 0.4406203041957942 6.723094811029982 64.36753327513074 11.637684067468212 2.147414689335244 4.008443266289314 6.208402180220991 False
5215 8982.837558130896 4059.211339910216 214.93287266889905 52.963200714439566 8970 8997 4049 4074 479.0 6.692181531752645 3.6806580132238578 -46.19077610447389 0.8351687706514112 -0.4526308385756098 2.2181236791836545 0.0 134.4649106314084 7.696693 135.98433756757402 10.690236400948692 1.4 0.5429423399054215 12.347891944863939 127.50553447178362 16.80411328923057 3.34704517233381 6.398416066419401 10.033982577683469 False
5216 3459.235112563878 4066.1514206653305 214.98235457069683 52.998288469000805 3429 3483 4048 4084 895.0 10.201780959797903 3.476910767863532 32.89374271671874 0.9401307096011664 -0.2895942017238808 5.4994876680915485 0.0 564.5958848828498 9.098755 643.4759414210373 13.684670961075291 1.727986550291197 0.5596837279021409 16.878606226063 725.6460002622505 21.7634766350669 3.7966216114332947 8.49255332090699 16.417109556102123 False
5217 3445.099465731817 4134.820667386135 214.9817576733288 52.998749213142965 3360 3531 4063 4203 14828.0 26.262595530786616 15.859553805689437 25.255403437035866 0.7970724285858132 -0.3058169121162244 110.1973436796465 0.0 41589.69536412205 40.571453 44175.350229558186 42.12577455808054 1.4 0.6878846026487699 68.70152103362231 45329.77772108383 62.67957366192754 11.47707051502868 23.737536948254164 38.60677028267115 False
5218 3452.6357079071086 4171.683359758663 214.9813014455529 52.998900600634634 3402 3498 4158 4207 3086.0 14.905430532362015 9.277141098374901 1.6337956343298377 0.7826992686912322 -0.2653310540559292 15.084621086695819 0.0 5927.500504560446 17.83819 7270.147954662043 24.265448869525162 1.6429522984299176 0.6306917237174374 31.34173429731 7803.701308450228 39.01439471269758 9.04717096255672 14.943359577396201 26.790610374958522 False
5219 10351.365299123494 4061.934922904047 214.92057859536288 52.95452816022443 10338 10362 4053 4070 261.0 6.452548151513188 3.03334255388995 -27.495983849334692 0.8826131872998224 0.123327421528282 4.977004941400089 0.0 519.5882252812683 5.811631 3823.5700996309824 24.31536584652066 3.4478455470562004 0.2279661820662611 9.114761669619748 7359.6472665012425 40.1095980177063 13.245899909039894 28.63237380569338 43.07951385991119 False
5220 10335.389119148509 4061.315245573273 214.92072828276872 52.954626237308794 10326 10342 4054 4068 96.0 5.403448664842425 1.621050794886175 -38.89714199844301 0.9539382588233416 0.021842115282125377 1.0763756407644944 0.0 54.70710355227763 3.3015287 768.4592087209546 15.190798141072237 3.5380371345987895 0.2160402467528566 5.527906391541368 1956.6110020993772 24.902679341796585 10.00919668320086 17.10857947314198 22.524112652040625 False
5221 10317.18710290966 4073.3640572791587 214.92076441989317 52.95480683366047 10309 10323 4065 4078 111.0 4.373432921865655 1.8596481187442546 -33.22420780995343 0.9050924977925102 -0.2301315664996593 1.2881377335821387 0.0 52.04442430843071 3.227745 566.5476916775866 13.436259162473627 3.603231137430453 0.35387861282331645 5.944106103225343 1499.278341645224 22.757444790471265 10.7957414314318 17.25998950523036 23.562308516554015 False
5222 10334.918534584565 4071.9426401080113 214.92062051185277 52.95468659514056 10329 10340 4067 4076 59.0 3.172537573367391 1.416724152400822 -33.36250330258835 0.8947543552208435 0.685034923080314 3.092259480834103 0.0 98.61277225857268 2.741768 595.5619739819125 8.64117909803044 3.510508715281787 0.23018835219399944 4.3336224206596095 1653.9242821863954 16.059676949311207 4.903261706774527 9.574593577896902 14.321353067705997 False
