outputs/dr0.5_c0.1/nircam3_matched_f115w_f277w_dr0.5_c0.1.ecsv
# %ECSV 1.0
# ---
# datatype:
# - {name: label, datatype: int64}
# - {name: xcentroid, datatype: float64}
# - {name: ycentroid, datatype: float64}
# - {name: sky_centroid.ra, unit: deg, datatype: float64}
# - {name: sky_centroid.dec, unit: deg, datatype: float64}
# - {name: bbox_xmin, datatype: int64}
# - {name: bbox_xmax, datatype: int64}
# - {name: bbox_ymin, datatype: int64}
# - {name: bbox_ymax, datatype: int64}
# - {name: area, unit: pix2, datatype: float64}
# - {name: semimajor_sigma, unit: pix, datatype: float64}
# - {name: semiminor_sigma, unit: pix, datatype: float64}
# - {name: orientation, unit: deg, datatype: float64}
# - {name: eccentricity, datatype: float64}
# - {name: min_value, datatype: float64}
# - {name: max_value, datatype: float64}
# - {name: local_background, datatype: float64}
# - {name: segment_flux, datatype: float64}
# - {name: segment_fluxerr, datatype: float32}
# - {name: kron_flux, datatype: float64}
# - {name: kron_fluxerr, datatype: float64}
# - {name: kron_radius, unit: pix, datatype: float64}
# - {name: gini, datatype: float64}
# - {name: equivalent_radius, unit: pix, datatype: float64}
# - {name: kron4_2_flux, datatype: float64}
# - {name: kron4_2_fluxerr, datatype: float64}
# - {name: kron4_2_mag, datatype: float64}
# meta:
#   PHOTMJSR: 2.962800025939941
#   PIXAR_SR: 2.11539874851881e-14
#   __serialized_columns__:
#     area:
#       __class__: astropy.units.quantity.Quantity
#       unit: !astropy.units.Unit {unit: pix2}
#       value: !astropy.table.SerializedColumn {name: area}
#     eccentricity:
#       __class__: astropy.units.quantity.Quantity
#       unit: !astropy.units.Unit {unit: ''}
#       value: !astropy.table.SerializedColumn {name: eccentricity}
#     equivalent_radius:
#       __class__: astropy.units.quantity.Quantity
#       unit: !astropy.units.Unit {unit: pix}
#       value: !astropy.table.SerializedColumn {name: equivalent_radius}
#     kron_radius:
#       __class__: astropy.units.quantity.Quantity
#       unit: !astropy.units.Unit {unit: pix}
#       value: !astropy.table.SerializedColumn {name: kron_radius}
#     orientation:
#       __class__: astropy.units.quantity.Quantity
#       unit: &id001 !astropy.units.Unit {unit: deg}
#       value: !astropy.table.SerializedColumn {name: orientation}
#     semimajor_sigma:
#       __class__: astropy.units.quantity.Quantity
#       unit: !astropy.units.Unit {unit: pix}
#       value: !astropy.table.SerializedColumn {name: semimajor_sigma}
#     semiminor_sigma:
#       __class__: astropy.units.quantity.Quantity
#       unit: !astropy.units.Unit {unit: pix}
#       value: !astropy.table.SerializedColumn {name: semiminor_sigma}
#     sky_centroid:
#       __class__: astropy.coordinates.sky_coordinate.SkyCoord
#       dec: !astropy.table.SerializedColumn
#         __class__: astropy.coordinates.angles.Latitude
#         unit: *id001
#         value: !astropy.table.SerializedColumn {name: sky_centroid.dec}
#       frame: icrs
#       ra: !astropy.table.SerializedColumn
#         __class__: astropy.coordinates.angles.Longitude
#         unit: *id001
#         value: !astropy.table.SerializedColumn {name: sky_centroid.ra}
#         wrap_angle: !astropy.coordinates.Angle
#           unit: *id001
#           value: 360.0
#       representation_type: spherical
#   astropy version: '5.1'
#   kernelfile: kernel_f115w_f277w.fits
#   make_catalog parameters:
#     ab_zpt: 31.4
#     coadd_bands: !!python/tuple [f277w, f356w]
#     deblend_contrast: 0.001
#     deblend_nlevels: 32
#     deblend_npixels: 1
#     detect_kernel_fwhm: 4.0
#     detect_kernel_npix: 7
#     detect_npixels: 4
#     detect_threshold_nsigma: 3.0
#     flag_isolated_buffer: 4
#     hst_bands: !!python/tuple [f606w, f814w, f125w, f140w, f160w]
#     jwst_bands: !!python/tuple [f115w, f150w, f200w, f277w, f356w, f410m, f444w]
#     near_border_kernelsize: 21
#     reference_band: f200w
#   make_catalog version: 1.4.0
#   photutils version: 1.5.0
# schema: astropy-2.0
label xcentroid ycentroid sky_centroid.ra sky_centroid.dec bbox_xmin bbox_xmax bbox_ymin bbox_ymax area semimajor_sigma semiminor_sigma orientation eccentricity min_value max_value local_background segment_flux segment_fluxerr kron_flux kron_fluxerr kron_radius gini equivalent_radius kron4_2_flux kron4_2_fluxerr kron4_2_mag
[from data line 1113]
1114 3959.144106078113 1593.8021960300914 214.82312180363522 52.85469158014291 3957 3961 1591 1597 27.0 1.4160508275800192 1.2382620615454762 -80.72625365483418 0.48512021676018646 0.16234210790101314 0.6469933809093606 0.0 10.787916016277286 1.3224763 27.88643574531801 4.205267811705704 2.8012519755574226 0.209191525669291 2.9316150714175193 33.15130214630138 6.760530821172311 27.59874852079909
1115 1210.1955991567072 1594.9958979351738 214.84765570669018 52.872166998379356 1208 1213 1593 1597 22.0 1.500129577579518 1.129427273227076 -4.627088111531687 0.6581504024376484 0.28103582143813877 0.4622976740416153 0.0 7.825429141688109 1.1518121 26.83496441632194 4.088363145170696 2.9098881041895406 0.10217348671512365 2.6462837142006137 32.76164161824507 6.593983032281474 27.611585861915586
1116 1991.9503883559785 1594.5355488044918 214.84067793927676 52.867197146613364 1990 1993 1593 1596 13.0 1.0308249894306116 0.8838301406818093 81.20198873310167 0.5146493154812406 0.3576795551196562 0.786865079697 0.0 7.592520777422486 0.97820854 25.42063682694571 3.1471064874816226 3.0017373243310708 0.13483958693808354 2.0342144725641096 31.45219546579308 5.035723746048632 27.65587258497441
1117 nan nan nan nan 2352 2370 1593 1616 349.0 nan nan nan nan 0.0 0.0 0.0 0.0 18681542.0 nan nan nan nan 10.539931227391522 nan nan nan
1118 9006.673489063185 1596.673489063185 214.77807156960415 52.82261789705464 9006 9008 1594 1597 9.0 0.7232817039327413 0.2886751345948129 45.0 0.9168993371334565 -0.050441329300878676 0.015072955082960788 0.0 -0.18134341192369188 0.7390871 0.020377371419720607 0.6933681803402035 1.4 -0.4023636888218082 1.692568750643269 -0.004346427574117385 1.1175684380112199 nan
1119 2928.9749902834346 1603.2037317670447 214.83221932427423 52.86128935866402 2921 2938 1596 1611 220.0 3.6801935469244085 3.2192632198095077 14.538365739016873 0.48456766576931265 0.05310321977554956 1.2549416548398888 0.0 73.2046765610257 3.6875265 117.67040527998685 7.994483168483243 2.146075125483926 0.34783644689060256 8.368283871884005 135.2789869217196 12.72153231233346 26.07192414436468
1120 nan nan nan nan 8123 8128 1600 1608 39.0 nan nan nan nan 0.0 0.0 0.0 0.0 6244998.5 nan nan nan nan 3.523362819972964 nan nan nan
1121 8278.159290244146 1605.4346168288137 214.78447303963338 52.82729759393156 8274 8283 1601 1608 61.0 2.2669303138289982 1.6032116159876706 -29.710265855559005 0.7069965627382145 0.0562271100577725 0.5901176114350559 0.0 16.963309354580122 1.82635 37.361667219162605 5.375817770375173 2.674135840185044 0.2916740957420615 4.406461512053774 82.49765973316316 8.65002160015741 26.608895928000617
1122 2781.959832556964 1604.528805519135 214.83351802936815 52.862230779512 2781 2783 1603 1606 12.0 1.1039408513037705 0.8049973241316145 -83.33328104859038 0.6842971072170188 0.12519348813480394 0.1887563569013022 0.0 1.8644615936727038 0.8411949 5.964462459291893 2.8619713327613825 2.7875304120567432 0.06512124832494119 1.9544100476116797 5.016175794398134 4.562940218853758 29.649068129606405
1123 6999.233735838181 1607.5605744466945 214.79585381565366 52.83544068445879 6995 7004 1604 1611 57.0 2.5182446482849414 1.4505831871495682 -32.258096011960035 0.8174289104160228 0.061585538301372575 0.3378258940339921 0.0 10.849629120864947 1.7321248 14.23195852563662 2.7005208536421907 1.4 0.2261648160900437 4.259537945889915 11.106424898893904 4.277096331018721 28.786064289315316
1124 8841.187334044482 1609.747366529168 214.7794089401627 52.823740642864294 8836 8847 1605 1614 86.0 2.4514451314276946 2.0375382707330196 31.685260901339003 0.5560362876128869 0.09305338778535721 0.7287215539007923 0.0 28.68193414473197 2.3117054 51.30963342031722 5.738231293085588 2.367034991568915 0.279831186507822 5.232078956954491 61.16600018906436 9.17912766187556 26.933724795674465
1125 9251.785025596057 1608.4994516353195 214.77576261248416 52.821122881508025 9251 9253 1607 1610 10.0 1.0063324562480351 0.7316451949055331 86.84452729506344 0.6865937941304939 0.26473846608412427 0.35709785870205313 0.0 3.1325419172100863 0.7965437 18.3177439378332 3.142945710576275 3.347101675712126 0.05572876114085087 1.7841241161527712 24.35473432241853 5.041312454136135 27.933541509095946
1126 4416.787595711764 1614.3849721846893 214.8188205975032 52.851893789693456 4413 4420 1612 1617 31.0 1.7912797499900732 1.2378702477842043 17.821817507328657 0.7228035538939792 0.15311182716003363 0.3384469982573145 0.0 7.622722947625273 1.3636764 18.760846682197865 3.9944660092943662 2.5062995867460853 0.12830734033828214 3.141274657157109 23.53711803732771 6.37535634930411 27.97061678672942
1127 10087.560992981244 1615.394372810594 214.7682425471512 52.81584486259998 10087 10088 1615 1616 4.0 0.5015794905277967 0.48326055889043534 32.82780074637566 0.267789257834306 0.05979311160579926 0.1202048692140737 0.0 0.36257169448817156 0.46808583 2.6099351948536054 1.9160505738560425 3.6901343796441455 0.1814982400370088 1.1283791670955126 5.205930609570624 3.1058651438482494 29.608754062369403
1128 9440.123654371364 1618.3193733744026 214.77398085110502 52.81997806013836 9437 9443 1616 1622 36.0 1.9099308150295877 1.2986436011901121 -41.28554188834173 0.733265206784008 0.17910910063728316 0.8220719402331035 0.0 17.210817082508086 1.5418677 79.72328687362725 5.592170513979946 3.1711718059543577 0.20855923835105977 3.385137501286538 197.38918644511622 8.893617184972731 25.661691607330226
1129 1383.7056734100609 1621.1025627822949 214.8458309652769 52.87120528962792 1380 1387 1617 1624 54.0 1.9424678156207713 1.6873390526989394 18.092550338883914 0.4954132740705612 0.017768375368733044 0.5220871133602002 0.0 13.15259258911055 1.8238491 24.311605986945665 4.619193580751502 2.2957350404716403 0.2968842120324639 4.145929793656026 32.50424491321804 7.330990332192117 27.620149795860335
1130 8859.830550513672 1621.2253296037848 214.77912198496105 52.8236839095644 8858 8862 1619 1623 19.0 1.257440010237239 1.0826095070210895 -24.889287418961683 0.5086673386068753 0.16831656184801028 0.4201308929703624 0.0 5.851379556694545 1.1017839 20.505133275795778 3.923602118113059 3.07244721931019 0.15445233055639898 2.4592453796829674 19.752069544928826 6.2746570100815315 28.16096848492228
1131 9342.935971652689 1621.516794357019 214.774813303099 52.8206133310853 9342 9344 1621 1622 6.0 0.8111593994045007 0.49937699896163895 1.6543638762113262 0.7880325143259219 0.20667264843246105 0.27016637531698556 0.0 1.4859173741068012 0.5966458 17.43230103795235 2.6843507245573783 3.7654700927127926 0.05824134293479078 1.381976597885342 35.30524735429039 4.276307860398663 27.53040185355237
1132 1223.2891019563467 1630.0140319415539 214.8471701158488 52.872272617816826 1210 1235 1622 1637 258.0 5.807416639014561 2.396122297068419 -21.049044664102126 0.910913700868686 0.05201464135675243 1.50330376637772 0.0 110.80550716536823 3.995672 140.3565985174761 7.409732894375411 1.8083704243930163 0.37531119762332715 9.062226582657155 148.0053509996841 11.859449954591998 25.974306456991904
1133 9018.622000353964 1622.529204284561 214.7776929882934 52.82268116767276 9018 9019 1622 1623 4.0 0.5089779828793446 0.4745570949212158 57.242661844432874 0.36149888775514794 0.03215839693507557 0.06001497440271625 0.0 0.17417351678138845 0.48896196 1.4972877986374744 2.07272846716315 3.7720089892151996 0.18795742343047822 1.1283791670955126 4.287558173198791 3.3108482656988376 29.819474936103056
1134 2584.755135263488 1626.058629627089 214.83505227131892 52.86360005131416 2581 2588 1623 1629 43.0 2.169284036227625 1.3878299426957572 -26.666004321268723 0.7685713754113287 0.09138985972879629 0.31309308396384905 0.0 9.506185233428395 1.672733 15.61334174709344 3.9264269689426694 2.0539431189108583 0.15722380096670813 3.6996385101659595 12.463315917863566 6.206099919415995 28.66091599105342
1135 7781.224299032505 1630.2221334715696 214.7886424401681 52.83059084836154 7777 7785 1627 1633 53.0 2.0725369941779515 1.700359948527274 -21.907853070595614 0.5717550010633183 0.11826714604696925 0.6138625181363738 0.0 18.055173576557063 1.5993143 54.153697067494704 5.326699000479713 2.9166923603793706 0.19047685502459855 4.1073621666150775 77.26786942077717 8.577704899423308 26.68000265699441
1136 1975.852308525739 1642.5167043825693 214.8403166403601 52.867558120256106 1966 1986 1628 1657 466.0 5.850101055532624 3.6708123454588257 76.90209007774804 0.7786339282275863 0.0693317479368156 2.2279098289348016 0.0 299.3911467162145 5.473358 370.86789697735543 9.764413527032804 1.9179641617603385 0.42633973665744546 12.179179240065665 424.8021573206281 15.525986073906584 24.829533215986046
1137 7137.20294743679 1631.5481868544782 214.7943709994355 52.834692730369376 7136 7139 1630 1633 13.0 1.0275001506702541 0.8993629514392921 -75.92807970598837 0.4835942735450203 0.4296925233794034 0.8492374123812839 0.0 8.378741478324029 0.8401605 21.248088235797816 2.4667166909971603 2.6289474280566787 0.12371653090452213 2.0342144725641096 18.74987225269782 3.947853017895512 28.21750421719231
1138 9005.351005484306 1638.6139286958355 214.77764200118412 52.822852187431856 8998 9014 1630 1647 226.0 3.4917552671665346 3.093906875239082 53.20407726605014 0.4635693672305679 0.09869277301897757 2.0288176402413627 0.0 131.4917522121567 4.0500684 177.36727148250156 7.848068523229037 2.0900695255635746 0.4046669321469559 8.481629223064205 222.31661460666487 12.488163501771098 25.532570198826516
1139 1544.8346700441812 1634.2328371512529 214.84425349178375 52.87025226031206 1543 1547 1632 1636 17.0 1.174195542054749 1.015657072248998 -47.85045756616766 0.5018042634947172 0.1793498025616243 0.47547747780447985 0.0 5.88840609978864 1.0478911 19.199442598904696 3.5549543825720256 2.925597385300353 0.1466455688091277 2.326213245840639 28.17329952539557 5.663869643568907 27.775405718730294
1140 6531.505204016991 1635.1054250364016 214.79973534570306 52.83856271722098 6530 6534 1633 1637 17.0 1.1004308017378326 1.0696017701891078 -26.944600900572823 0.2350446277831503 0.18033134008593749 0.4600541961559775 0.0 5.227274883151001 0.92781556 12.475914940839873 2.7972266747162675 2.599442974127905 0.1635195354739835 2.326213245840639 13.738684023417688 4.513938806664087 28.555137161775427
1141 3794.8825422772366 1638.4907870139405 214.824117630394 52.85597643479974 3792 3798 1636 1641 33.0 1.68182274894031 1.4220996009595448 -32.93803177698961 0.5338638701644038 0.14569871477671253 0.33315071657104617 0.0 8.113795446866254 1.4649259 30.429234646925423 5.320991506071272 2.9760119932222793 0.109218596719274 3.2410224072142872 55.80142995962939 8.511800270995675 27.033386679375624
1142 4014.9888753529162 1647.1825201565912 214.82206149022727 52.8546243488019 4007 4023 1636 1658 310.0 4.708634462786472 3.2805004441253627 86.56021467612129 0.717363676730225 0.04994755814930249 1.4377118824669863 0.0 117.46301522626757 4.3009796 140.96891810260576 7.491169351108286 1.7819737974128351 0.4024340286632722 9.933582672781009 153.62968184362174 12.056184365374587 25.933812172096637
1143 289.2285959085889 1641.739058490572 214.85539173744067 52.8782704818612 285 294 1637 1646 75.0 2.147766006083739 1.8229219506042251 39.75833733360048 0.5287901745425174 0.15765526350443693 1.4349113840626504 0.0 40.730951435156 2.1784496 47.53536764309273 3.043190059958624 1.4 0.35094541560005543 4.886025119029199 46.90373210995917 4.773493490610063 27.2219814982083
1144 9986.176415426153 1640.2151556543943 214.76888468833383 52.816623305865825 9984 9989 1638 1642 23.0 1.3135566444170614 1.1769815062258648 27.847739151408316 0.44400066247036285 0.1877298529330815 0.487871787798063 0.0 7.477840615030042 1.227734 16.547400740227793 3.4593838732493043 2.5539935495301695 0.16322835434372698 2.7057581899030048 14.794764180879946 5.475093088907752 28.474729882064178
1145 7458.022102932255 1641.566047477394 214.79140480215537 52.83270693699762 7455 7459 1639 1644 26.0 0.8663894301539612 0.595719324724826 -52.00714106676035 0.7261006734262802 -0.05850538903557442 0.022350100648288265 0.0 -0.3853838223360804 1.1220882 -0.028573427793265233 0.9626235304047779 1.4 -0.49912291992342006 2.876813695875796 -0.3841750204870952 1.5431605964298702 nan
1146 nan nan nan nan 2333 2343 1642 1654 111.0 nan nan nan nan 0.0 0.0 0.0 0.0 10535653.0 nan nan nan nan 5.944106103225343 nan nan nan
1147 2047.7664662679779 1650.688268499789 214.83958836592885 52.867145200559285 2043 2053 1643 1656 115.0 3.3588006170426934 2.0604196270571595 -69.24741492369114 0.7897420279995145 0.09140805606168764 1.0323507938371763 0.0 38.90101977965579 2.6567523 80.69753949692875 7.44912898745375 2.629858730600244 0.3164203167935566 6.050259243299904 89.37760091930998 11.915523864087975 26.521928267215795
1148 722.7034697328671 1661.0707852415394 214.85131521235016 52.87562067143236 710 736 1644 1678 619.0 7.330284524629301 4.074045266607284 64.58541370195628 0.8313276124460047 0.1029745983706092 2.7843946040501377 0.0 507.40172604439135 6.4914875 579.7398572542702 10.289668915702283 1.6641378459087595 0.4228933727987684 14.036873567421145 617.7004717644359 16.365515282686392 24.42305516743198
1149 3945.031006080374 1645.2428252433106 214.8227063320345 52.85505853015971 3944 3946 1644 1647 9.0 0.9677697346738179 0.6403223503735497 52.427354901347805 0.749815102875342 0.11616049273745689 0.26986219381576065 0.0 1.7994576821672146 0.7779557 5.159700268198435 2.430245865387137 2.763738651333041 0.1420521681137781 1.692568750643269 3.9363786346398584 3.897369945604068 29.912257835163526
1150 3986.9683389024444 1645.1305254675299 214.82233319106328 52.854791381541865 3986 3988 1644 1646 6.0 0.7384241934806935 0.5765528081964653 44.62400581713657 0.6247959460897511 0.0730413237021581 0.16884574163586627 0.0 0.7140833750702921 0.6466579 5.949379238318311 2.442617340566208 3.42067649230394 0.2022485078534387 1.381976597885342 12.110111055117729 3.9236319267692714 28.692129685411636
1151 3776.279098958943 1660.5282873033132 214.8240517283611 52.856213449948164 3768 3783 1645 1675 329.0 7.213931127119404 2.753623103942749 -89.13702203808016 0.9242825156288907 0.004618287619277098 1.349835036236327 0.0 159.05984342334125 4.811081 238.17489393583458 10.698946259714152 2.0745536377239024 0.2854657020854595 10.233472165128859 279.1354752715978 17.053723459604413 25.285462414012752
1152 9572.98920007524 1647.3779817189838 214.77249105561785 52.81928959922897 9571 9575 1645 1649 20.0 1.1944654732433142 1.111208988293689 -0.5017146730507223 0.36680430953088206 0.18170389625560063 0.7507590935949323 0.0 10.004970476560334 1.1546474 22.90075427452915 3.307062304977561 2.594809113198646 0.20061524868966585 2.5231325220201604 31.891640285018816 5.29521412649616 27.64080785770849
1153 9406.397379675976 1649.4185693963818 214.7739541393303 52.820360020418796 9404 9409 1646 1654 41.0 2.220133162813351 1.3184357409747909 76.31427077849028 0.8045725626031115 0.189088343990819 0.5540578118444426 0.0 14.077788025297421 1.6285748 53.906746181773876 5.6793931053303695 3.0120903800373067 0.15158994685036986 3.6125759969217834 123.85365178689827 9.075351542088907 26.16772795962475
1154 2061.0714895123724 1648.5888698691326 214.8394916411749 52.867049335844705 2059 2063 1647 1650 18.0 1.3586354142468136 0.9640042589767288 -23.46810828786246 0.7046665781396366 0.16952551539471278 0.29913051788954853 0.0 4.42000961397431 1.0373415 21.965891647091503 4.043867926458725 3.243565952330292 0.08478050476819035 2.393653682408596 31.006672149841386 6.391853967171406 27.671362106860386
