outputs/dr0.5_c0.1/nircam6_f814w_dr0.5_c0.1.ecsv
# %ECSV 1.0
# ---
# datatype:
# - {name: label, datatype: int64}
# - {name: xcentroid, datatype: float64}
# - {name: ycentroid, datatype: float64}
# - {name: sky_centroid.ra, unit: deg, datatype: float64}
# - {name: sky_centroid.dec, unit: deg, datatype: float64}
# - {name: bbox_xmin, datatype: int64}
# - {name: bbox_xmax, datatype: int64}
# - {name: bbox_ymin, datatype: int64}
# - {name: bbox_ymax, datatype: int64}
# - {name: area, unit: pix2, datatype: float64}
# - {name: semimajor_sigma, unit: pix, datatype: float64}
# - {name: semiminor_sigma, unit: pix, datatype: float64}
# - {name: orientation, unit: deg, datatype: float64}
# - {name: eccentricity, datatype: float64}
# - {name: min_value, datatype: float64}
# - {name: max_value, datatype: float64}
# - {name: local_background, datatype: float64}
# - {name: segment_flux, datatype: float64}
# - {name: segment_fluxerr, datatype: float32}
# - {name: kron_flux, datatype: float64}
# - {name: kron_fluxerr, datatype: float64}
# - {name: kron_radius, unit: pix, datatype: float64}
# - {name: gini, datatype: float64}
# - {name: equivalent_radius, unit: pix, datatype: float64}
# - {name: kron4_2_flux, datatype: float64}
# - {name: kron4_2_fluxerr, datatype: float64}
# - {name: radius_kron20, unit: pix, datatype: float64}
# - {name: radius_kron50, unit: pix, datatype: float64}
# - {name: radius_kron80, unit: pix, datatype: float64}
# - {name: near_border, datatype: bool}
# meta:
#   PHOTMJSR: 0.3925000131130219
#   PIXAR_SR: 2.11539874851881e-14
#   __serialized_columns__:
#     area:
#       __class__: astropy.units.quantity.Quantity
#       unit: !astropy.units.Unit {unit: pix2}
#       value: !astropy.table.SerializedColumn {name: area}
#     eccentricity:
#       __class__: astropy.units.quantity.Quantity
#       unit: !astropy.units.Unit {unit: ''}
#       value: !astropy.table.SerializedColumn {name: eccentricity}
#     equivalent_radius:
#       __class__: astropy.units.quantity.Quantity
#       unit: !astropy.units.Unit {unit: pix}
#       value: !astropy.table.SerializedColumn {name: equivalent_radius}
#     kron_radius:
#       __class__: astropy.units.quantity.Quantity
#       unit: &id001 !astropy.units.Unit {unit: pix}
#       value: !astropy.table.SerializedColumn {name: kron_radius}
#     orientation:
#       __class__: astropy.units.quantity.Quantity
#       unit: &id002 !astropy.units.Unit {unit: deg}
#       value: !astropy.table.SerializedColumn {name: orientation}
#     radius_kron20:
#       __class__: astropy.units.quantity.Quantity
#       unit: *id001
#       value: !astropy.table.SerializedColumn {name: radius_kron20}
#     radius_kron50:
#       __class__: astropy.units.quantity.Quantity
#       unit: *id001
#       value: !astropy.table.SerializedColumn {name: radius_kron50}
#     radius_kron80:
#       __class__: astropy.units.quantity.Quantity
#       unit: *id001
#       value: !astropy.table.SerializedColumn {name: radius_kron80}
#     semimajor_sigma:
#       __class__: astropy.units.quantity.Quantity
#       unit: !astropy.units.Unit {unit: pix}
#       value: !astropy.table.SerializedColumn {name: semimajor_sigma}
#     semiminor_sigma:
#       __class__: astropy.units.quantity.Quantity
#       unit: !astropy.units.Unit {unit: pix}
#       value: !astropy.table.SerializedColumn {name: semiminor_sigma}
#     sky_centroid:
#       __class__: astropy.coordinates.sky_coordinate.SkyCoord
#       dec: !astropy.table.SerializedColumn
#         __class__: astropy.coordinates.angles.Latitude
#         unit: *id002
#         value: !astropy.table.SerializedColumn {name: sky_centroid.dec}
#       frame: icrs
#       ra: !astropy.table.SerializedColumn
#         __class__: astropy.coordinates.angles.Longitude
#         unit: *id002
#         value: !astropy.table.SerializedColumn {name: sky_centroid.ra}
#         wrap_angle: !astropy.coordinates.Angle
#           unit: *id002
#           value: 360.0
#       representation_type: spherical
#   astropy version: '5.1'
#   make_catalog parameters:
#     ab_zpt: 31.4
#     coadd_bands: !!python/tuple [f277w, f356w]
#     deblend_contrast: 0.001
#     deblend_nlevels: 32
#     deblend_npixels: 1
#     detect_kernel_fwhm: 4.0
#     detect_kernel_npix: 7
#     detect_npixels: 4
#     detect_threshold_nsigma: 3.0
#     flag_isolated_buffer: 4
#     hst_bands: !!python/tuple [f606w, f814w, f125w, f140w, f160w]
#     jwst_bands: !!python/tuple [f115w, f150w, f200w, f277w, f356w, f410m, f444w]
#     near_border_kernelsize: 21
#     reference_band: f200w
#   make_catalog version: 1.4.0
#   photutils version: 1.5.0
# schema: astropy-2.0
label xcentroid ycentroid sky_centroid.ra sky_centroid.dec bbox_xmin bbox_xmax bbox_ymin bbox_ymax area semimajor_sigma semiminor_sigma orientation eccentricity min_value max_value local_background segment_flux segment_fluxerr kron_flux kron_fluxerr kron_radius gini equivalent_radius kron4_2_flux kron4_2_fluxerr radius_kron20 radius_kron50 radius_kron80 near_border
[from data line 1872]
1873 2360.3173305238915 2341.137409165646 214.88174880459715 52.850459413158895 2352 2370 2334 2349 207.0 4.626340714296389 2.4723116189822227 -33.68235863177265 0.8452323718885878 -0.21633584744808668 1.3267345796129062 0.0 77.71160765478123 3.7946775 119.95676449910235 8.612676575337987 2.1943980010647737 0.4253277091837969 8.117274569709014 142.29772637971192 13.825434401510128 3.490474740626443 6.5028450049014905 13.338897579495855 False
1874 3558.1441067818932 2337.434494464667 214.87108881724396 52.842831188782846 3556 3561 2334 2341 37.0 1.8338320781044168 1.2200831713188278 55.71592500918854 0.7465592671016942 -0.003322339804231 0.7380553706430596 0.0 13.028917389708951 1.6464264 31.251857293789808 5.1974383436619025 2.900809101628837 0.33464532141126574 3.431831258788849 31.02307070527238 8.32767154459552 1.880531646069645 4.593982420866575 7.765810947465864 False
1875 6345.334711416444 2336.0827429771794 214.84622247809816 52.82511675113736 6344 6346 2335 2337 7.0 0.7351696224424688 0.6614734998853896 57.64685564526127 0.43639271227565657 0.24941208810396026 0.4443220581853503 0.0 2.4036289724035984 0.73507965 4.955767168899892 2.0547880930329803 2.335501384368346 0.14154431453800367 1.4927053303604616 6.344249882148327 3.2505977391573504 0.8954363150298091 1.522030782734093 2.2467663052673426 False
1876 8941.229921482274 2336.180764304178 214.8230667705541 52.808620764360704 8940 8943 2335 2337 9.0 0.8154592858536411 0.7227975427190109 19.442258872232 0.46298015524601277 0.10054216375603463 0.7160056468164063 0.0 3.050720675830331 0.88269234 23.525647317392405 3.50885876395104 3.509055639262235 0.3567590976770308 1.692568750643269 41.98163626999941 5.64459089363496 2.1047768432883074 4.055390093789903 5.528890352321384 False
1877 1738.6416539871311 2339.344130156989 214.88732191916776 52.85439806273668 1735 1742 2336 2342 40.0 1.8524690436292017 0.9837628220538039 18.103712070276302 0.847337393938025 -0.2876773037879148 0.64125574435951 0.0 4.610707186519837 1.9118646 6.072838873677107 3.0147107583088584 1.6361201218626127 0.4680044424490365 3.5682482323055424 8.305116103594298 4.799954595633219 1.2236638937933944 1.8825698319544864 2.6200242516862637 False
1878 8828.033736469983 2339.0718175957695 214.82404568540704 52.80935578492386 8826 8829 2338 2341 15.0 0.966479721445202 0.8232438261255842 -83.1103718946496 0.5238731780830614 -0.0034997983540626257 1.0230351926890917 0.0 7.435481055955759 1.1116155 23.25493641431138 3.391816820520283 2.9742961304167865 0.41160670435368446 2.1850968611841584 17.37804674728679 5.415076138869436 1.3844883448669985 2.944269076998064 4.932907727986014 False
1879 nan nan nan nan 8949 8950 2340 2341 4.0 nan nan nan nan -0.13539164286950114 -0.10672174964655394 0.0 -0.4737024376042208 0.57036173 nan nan nan -0.06254054759241212 1.1283791670955126 nan nan nan nan nan False
1880 9784.310991539916 2360.0589386124875 214.81529944232884 52.80339082625363 9773 9796 2340 2382 750.0 8.302621673026838 4.32015801929787 89.83452195215995 0.8539612472542717 -0.40462177715601844 2.474437193338259 0.0 374.30538267102884 8.943901 448.13203442484075 15.105121151045264 1.7452220357382342 0.480639225724048 15.450968080927584 468.4374673287654 24.189793288322228 4.482903617758393 8.576720434703994 15.152516767525075 False
1881 8056.88579654141 2343.9008819218116 214.83087172965418 52.81428275611993 8054 8059 2342 2346 24.0 1.2998652698838007 1.110013199610546 55.564526493630225 0.5203635874943412 -0.00952791916185303 0.8751036279634015 0.0 10.735306120015313 1.3782381 26.998929813119986 4.491175497938467 2.9557839796621193 0.31427509847606466 2.763953195770684 43.33485733294326 7.16998439834271 1.5902392242594647 3.7419789163882218 6.401505642927645 False
1882 9354.10118666658 2344.4348856751603 214.8192989060081 52.80604110075148 9353 9357 2342 2347 22.0 1.6548691564926552 1.078141068059346 -71.1253028095429 0.7586518449044444 -0.06383950506855972 0.42630305109255934 0.0 2.530765813587893 1.4613585 47.43737151601633 7.095992167378505 3.8473518912815488 0.534738726578963 2.6462837142006137 63.65133184126552 11.327137476150034 4.553757000494751 7.4882738560299655 11.238442858255045 False
1883 2589.1011813953887 2343.710667455647 214.8796779657523 52.84902020050463 2588 2590 2343 2345 7.0 0.7517131487147974 0.6227334946900585 -32.49083208144184 0.5601088044638822 0.11591866112206588 0.3528095267624091 0.0 1.927058599231351 0.6850622 5.226424457634894 2.2352634432430496 2.816736270006115 0.1714917249628713 1.4927053303604616 6.637126003356111 3.5794471295162027 1.0402564446052247 1.8498520327778922 2.9135236177867183 False
1884 7526.371314049853 2347.273838073832 214.83556810027787 52.81767233318912 7523 7529 2343 2352 51.0 2.0079580790555567 1.5601481842324827 -87.7127376368891 0.6295222594344135 0.16897042746001367 1.272623677847612 0.0 28.411092116558127 1.9821397 45.557409668230164 4.34773282786747 1.9860207165768886 0.2866277443582926 4.029119531035698 52.276220268526 6.923589340151193 1.7445578567488074 3.266466327100323 5.42960392333823 False
1885 6907.888374935269 2346.5636377388064 214.84109295171754 52.82159869759883 6905 6910 2344 2349 29.0 1.9723382276646504 1.102152615819891 28.846739803510182 0.8292990326513963 -0.18065633117419838 0.4939617908625566 0.0 5.316491953521651 1.5397444 27.400534889748577 6.2753983705763945 3.2843301836709897 0.3723208279620661 3.0382538898732494 29.256298990714413 9.9758320842587 3.1086459094630534 7.335553861512792 12.04709809503474 False
1886 9993.129028718973 2350.3994872639573 214.81353962638207 52.8020114488084 9989 9997 2344 2359 117.0 3.155845396302766 1.8570046435821024 -87.73429953174335 0.8085457350559467 -0.35890141750761306 1.1662994183701232 0.0 39.641475527001056 3.4960885 51.51885579977392 5.298052038363889 1.536745879537799 0.4349964551183063 6.102643417692329 51.95827049968625 8.471076741153182 2.1150400061403682 3.7135661880705095 5.666153314125736 False
1887 3690.6334895955015 2355.0226908278437 214.86972068970456 52.84208446410908 3680 3701 2345 2364 320.0 3.733057515471434 3.551927090619741 52.70940245614625 0.307712643298938 -0.3265145668197569 1.8642185860642142 0.0 100.19473055030045 4.875123 112.49461915505952 6.3335608109491535 1.438415449990318 0.5489920786031263 10.092530088080641 117.22384143323937 10.177727118166695 2.343865682213878 4.369880028883639 7.6970833370649 False
1888 7150.654958479391 2358.366682195958 214.8388030412274 52.82011968277131 7127 7172 2345 2371 925.0 9.30496484521844 4.834276275208818 -6.291415896556506 0.8544477737394913 -0.4129089145777244 2.0890180236646376 0.0 383.49860977278996 8.397407 457.7727494877046 16.14996214451575 1.959456173160323 0.4780157958086279 17.159156293944243 583.5846659258821 26.29027752269527 4.624788908730969 9.93085915150946 16.88703439897784 False
1889 679.4946415993342 2353.0624768414746 214.89664272281775 52.861198240205866 675 685 2346 2361 140.0 3.6401854113340693 2.5705899458204193 -84.59575862356105 0.7080422643531785 -0.3026060173772742 0.6181273350704599 0.0 18.20956177540284 3.0754733 46.431406924024614 11.28704400627917 3.212080144880824 0.47201264498909806 6.6755811781245455 60.20025791949025 18.091126099201368 3.702496451293907 7.652170118862114 13.533696544320062 False
1890 2087.313784518319 2350.542851491106 214.88408886307997 52.85224406193626 2085 2091 2347 2354 47.0 1.9075086473457556 1.351876504597459 -80.8656517778452 0.7054967324145317 -0.17736147214151426 0.6626749949188145 0.0 12.282647291605157 1.773061 17.416137898654185 2.5652557448448037 1.4 0.35877512471603423 3.8678889139475245 13.801472721339081 4.130898230595078 1.4722501353025297 2.637528686727822 4.337227953898248 False
1891 1328.9713761305397 2352.377008608533 214.8908455243451 52.85707009950797 1326 1332 2349 2355 39.0 1.8871022504665425 1.6693677270045926 -40.98849690647764 0.46631328505534225 -0.05567898751575489 0.5711922981251544 0.0 9.654571132410855 1.7833426 28.06142097560182 6.023714169019526 2.654008822850324 0.3616224057372209 3.523362819972964 23.350264342504445 9.612195411526912 2.703054782577085 4.418503243496934 7.317267743252364 False
1892 8395.589743092307 2350.2833044399804 214.8277839902914 52.81216461278493 8395 8396 2350 2351 4.0 0.5239576853842852 0.4128650573463943 34.02484502440937 0.6157084558830427 0.13722162672378052 0.7559425812338616 0.0 2.019069558658325 0.5849013 12.94881310235567 2.195209630059004 3.7013627349708496 0.34875614156442997 1.1283791670955126 16.42525314894438 3.4786156965750346 1.2488650484179216 2.2883735282064452 3.217542268386992 False
1893 391.0 2352.0 214.89923254351282 52.86302447416444 389 391 2352 2354 7.0 0.28867513459481287 0.28867513459481287 0.0 0.0 -0.19888550875785196 0.13043715999090283 0.0 -0.5688476395900393 0.66457903 0.19127209295323216 0.4554468515003076 1.4 -0.37936603429339455 1.4927053303604616 0.11636037225907588 0.7241174868640096 0.30553797739247684 0.4830979601210626 0.6961834632721929 False
1894 2649.6487677627233 2352.678205172177 214.87904279155416 52.84868401047664 2648 2651 2352 2354 10.0 1.0263390379303268 0.7165402797558522 -1.4503957874871363 0.715949922365721 0.12366678261097061 0.38782732708069456 0.0 2.6087419147978244 0.8316829 11.216188934788917 3.1004796562119097 3.126620432684443 0.19899030978005963 1.7841241161527712 12.787503458266164 4.988967667997405 1.6376862115747473 3.1917750715688213 5.2732463105999745 False
1895 7974.342684605611 2355.0240585124848 214.8314909530946 52.81486728538617 7973 7975 2353 2357 11.0 1.3577712055784859 0.6646088629653842 -69.84505214486262 0.8720116243363683 -0.13793624072063018 0.24414054971065638 0.0 1.1178432512643859 0.9282426 20.504400770471122 4.211414285077407 3.5758125769423885 0.34379427700847187 1.8712051592547776 30.845692554395523 6.761363991362481 2.883099581578602 5.969017268119483 9.24869344428447 False
1896 7545.386360088788 2357.4971097666917 214.83529098825235 52.81760660859666 7542 7548 2355 2360 20.0 2.1915447034891256 0.680478935840583 43.31868453617714 0.9505727378840116 0.032435530749934376 0.49365059121716826 0.0 5.82042967264601 1.2374419 19.736626243892836 4.23962312008687 2.8232380905788093 0.2568083535075257 2.5231325220201604 28.941228894876026 6.796739813399073 2.1737352028065358 3.9190529800934186 5.5201191687641415 False
1897 10228.134470399818 2357.513355220076 214.81137016128983 52.80055597003951 10224 10231 2355 2361 48.0 1.618235553176036 1.3624086499134513 -5.739196253457579 0.5396180115331781 -0.2708966291534275 0.9411211724980508 0.0 12.784016139104036 2.0463843 35.219452084397915 5.506839103846569 2.7859012521238284 0.48363491828295674 3.9088200952233594 51.217526536284396 8.878991952376664 1.9386096524832996 5.3821278970085755 9.075661099524254 False
1898 3460.590830062251 2360.1865913644965 214.87172074014418 52.8435735808884 3457 3464 2356 2365 65.0 2.5558337924013523 1.6668087253572517 75.87130177952615 0.7580826435302059 -0.17619898040916818 0.6366064249031987 0.0 16.82753677292994 2.1444502 37.59887764132536 6.289845479709123 2.581929377885721 0.36436281643373347 4.54864184146723 31.28377113998983 10.073760928985472 2.8251332358656644 4.965555448147792 9.02253789602522 False
1899 7744.1949025463355 2359.393437468338 214.83349773319412 52.81635342974405 7740 7747 2356 2363 48.0 1.9312594197202713 1.4765552638099444 -34.988176164353284 0.6445577456439409 0.01791589046219484 1.0381415083478558 0.0 17.61444765933108 1.9518901 32.21432870491645 4.85348989629695 2.3333949346266523 0.3390137278434053 3.9088200952233594 48.06873990346301 7.761823266227151 1.7901732528338803 3.5054746999047848 5.423742487974226 False
1900 8942.722524402905 2357.3856445968713 214.82283050562924 52.80872556643613 8941 8944 2356 2359 12.0 1.2610178340864704 0.7117700383506006 87.07153229408749 0.8254734840969206 -0.19439579939831472 0.3722109493504744 0.0 1.0648557416033768 1.0280391 24.3331884258529 4.604266179772096 3.7265693269584594 0.4461473480838836 1.9544100476116797 69.85405461656745 7.426236523748883 3.4325328101263626 6.110368289928637 7.781541075058866 False
1901 2664.4364781191093 2360.873988844121 214.8788245008728 52.848634299644395 2661 2669 2357 2366 67.0 2.1422865014531833 1.691627886833661 45.971113975819776 0.6135747692645664 -0.16606283384887746 1.3664445071806204 0.0 28.839020772701943 2.1308455 50.108082911310206 5.099673859197882 2.318291462254591 0.3818343802847528 4.61809077155419 60.20545061240551 8.184544792919198 1.8385880134093178 3.763195794564809 7.011599352922846 False
1902 7345.840621152615 2359.0295726375803 214.83705486878912 52.81888292960757 7344 7348 2357 2361 20.0 1.4581845334684354 1.0429417667741656 48.42527126287391 0.6988860341016145 -0.06868338816784897 0.2884338479478485 0.0 2.551821314031111 1.3228155 1.9704049490992313 2.290841126927669 1.4 0.3910141495502713 2.5231325220201604 2.3020958169975394 3.6760578191444044 1.1274952909612612 1.6092745978093652 1.9606572129221687 False
1903 4115.251127422643 2371.839136034532 214.8657522245736 52.83947784138176 4108 4123 2360 2383 262.0 5.726678679929297 2.843267898745824 73.47621125569043 0.868039524769848 -0.18715602865081035 0.8886945584808745 0.0 89.93234016868958 4.094728 188.8563448480962 11.442854117108826 2.5446253981366245 0.3272848944988108 9.13220620552083 237.7922204108758 18.32895271259988 4.898031608603672 9.767345269667853 15.459299053281958 False
1904 1735.795240767978 2363.690745463794 214.88709128685275 52.85454750000432 1732 1740 2361 2366 38.0 1.769524258021197 1.3815843842208835 -24.539823313881385 0.6248235324706227 -0.2588526548158021 0.4794315942219125 0.0 5.435091773092625 1.8655978 20.241183206535204 7.120499157327839 3.407455538879814 0.3884985620774104 3.477898169151024 28.63258420948719 11.374562222070905 2.5317334922933576 5.6959494200902645 9.391155998316517 False
1905 3289.1722100148168 2363.2469885276805 214.87321946956237 52.844678941358914 3287 3290 2362 2364 11.0 1.0687852163502112 0.5482608603893289 39.844676075367175 0.8584031197308195 -0.2304879826796398 0.28338674509664014 0.0 0.6187143794393173 0.9184864 4.312275530936045 3.2309908158821345 3.490293081039913 0.33819619754333896 1.8712051592547776 9.306956039050949 5.130447399461957 1.9740431637512643 4.27552886093864 4.952073466402502 False
1906 6496.619726636014 2364.0931978341373 214.84457803204558 52.8243065045755 6494 6499 2362 2367 29.0 1.7341217815293481 1.149229001047401 -41.12786079870995 0.7488714565149754 -0.09718690120798396 0.40356263672695675 0.0 5.499553032057879 1.5217377 7.7057819696504914 2.453692374193609 1.4 0.3478948288328384 3.0382538898732494 8.144460571156905 3.873132219979905 1.5121262408937415 2.4230308275246335 3.574888578123564 False
1907 8411.202446478404 2364.1983248803854 214.8274984487722 52.8121403922793 8407 8413 2362 2367 35.0 1.3956888947337367 1.023319190217709 -52.33863034098042 0.680012987162477 -0.23863816135297838 0.2523503692957023 0.0 0.8215773269383184 1.6911281 2.733106378276361 3.3025140470170293 2.1954557694551013 0.5143491663069981 3.3377905890622728 3.1721553476656683 5.287513701980919 1.1994965518691243 2.1353150518914994 4.863436556199892 False
1908 7758.391530855209 2371.2061766338534 214.83324689694192 52.816326889394645 7751 7768 2364 2376 135.0 4.78237854988955 1.7627117475029355 -32.3674026771804 0.9295941536504667 -0.06278531106123145 1.7567482088031314 0.0 65.27659431465155 3.2118213 99.45472189554133 7.0828575300514585 1.986834406308484 0.3712602336108091 6.555290583552474 113.12514705126748 11.342763866320572 3.0978534314461657 5.472805324802898 10.110372188395763 False
