outputs/dr0.5_c0.1/nircam3_f356w_dr0.5_c0.1.ecsv
# %ECSV 1.0
# ---
# datatype:
# - {name: label, datatype: int64}
# - {name: xcentroid, datatype: float64}
# - {name: ycentroid, datatype: float64}
# - {name: sky_centroid.ra, unit: deg, datatype: float64}
# - {name: sky_centroid.dec, unit: deg, datatype: float64}
# - {name: bbox_xmin, datatype: int64}
# - {name: bbox_xmax, datatype: int64}
# - {name: bbox_ymin, datatype: int64}
# - {name: bbox_ymax, datatype: int64}
# - {name: area, unit: pix2, datatype: float64}
# - {name: semimajor_sigma, unit: pix, datatype: float64}
# - {name: semiminor_sigma, unit: pix, datatype: float64}
# - {name: orientation, unit: deg, datatype: float64}
# - {name: eccentricity, datatype: float64}
# - {name: min_value, datatype: float64}
# - {name: max_value, datatype: float64}
# - {name: local_background, datatype: float64}
# - {name: segment_flux, datatype: float64}
# - {name: segment_fluxerr, datatype: float32}
# - {name: kron_flux, datatype: float64}
# - {name: kron_fluxerr, datatype: float64}
# - {name: kron_radius, unit: pix, datatype: float64}
# - {name: gini, datatype: float64}
# - {name: equivalent_radius, unit: pix, datatype: float64}
# - {name: kron4_2_flux, datatype: float64}
# - {name: kron4_2_fluxerr, datatype: float64}
# - {name: radius_kron20, unit: pix, datatype: float64}
# - {name: radius_kron50, unit: pix, datatype: float64}
# - {name: radius_kron80, unit: pix, datatype: float64}
# - {name: near_border, datatype: bool}
# meta:
#   PHOTMJSR: 0.4047000110149384
#   PIXAR_SR: 2.11539874851881e-14
#   __serialized_columns__:
#     area:
#       __class__: astropy.units.quantity.Quantity
#       unit: !astropy.units.Unit {unit: pix2}
#       value: !astropy.table.SerializedColumn {name: area}
#     eccentricity:
#       __class__: astropy.units.quantity.Quantity
#       unit: !astropy.units.Unit {unit: ''}
#       value: !astropy.table.SerializedColumn {name: eccentricity}
#     equivalent_radius:
#       __class__: astropy.units.quantity.Quantity
#       unit: !astropy.units.Unit {unit: pix}
#       value: !astropy.table.SerializedColumn {name: equivalent_radius}
#     kron_radius:
#       __class__: astropy.units.quantity.Quantity
#       unit: &id001 !astropy.units.Unit {unit: pix}
#       value: !astropy.table.SerializedColumn {name: kron_radius}
#     orientation:
#       __class__: astropy.units.quantity.Quantity
#       unit: &id002 !astropy.units.Unit {unit: deg}
#       value: !astropy.table.SerializedColumn {name: orientation}
#     radius_kron20:
#       __class__: astropy.units.quantity.Quantity
#       unit: *id001
#       value: !astropy.table.SerializedColumn {name: radius_kron20}
#     radius_kron50:
#       __class__: astropy.units.quantity.Quantity
#       unit: *id001
#       value: !astropy.table.SerializedColumn {name: radius_kron50}
#     radius_kron80:
#       __class__: astropy.units.quantity.Quantity
#       unit: *id001
#       value: !astropy.table.SerializedColumn {name: radius_kron80}
#     semimajor_sigma:
#       __class__: astropy.units.quantity.Quantity
#       unit: !astropy.units.Unit {unit: pix}
#       value: !astropy.table.SerializedColumn {name: semimajor_sigma}
#     semiminor_sigma:
#       __class__: astropy.units.quantity.Quantity
#       unit: !astropy.units.Unit {unit: pix}
#       value: !astropy.table.SerializedColumn {name: semiminor_sigma}
#     sky_centroid:
#       __class__: astropy.coordinates.sky_coordinate.SkyCoord
#       dec: !astropy.table.SerializedColumn
#         __class__: astropy.coordinates.angles.Latitude
#         unit: *id002
#         value: !astropy.table.SerializedColumn {name: sky_centroid.dec}
#       frame: icrs
#       ra: !astropy.table.SerializedColumn
#         __class__: astropy.coordinates.angles.Longitude
#         unit: *id002
#         value: !astropy.table.SerializedColumn {name: sky_centroid.ra}
#         wrap_angle: !astropy.coordinates.Angle
#           unit: *id002
#           value: 360.0
#       representation_type: spherical
#   astropy version: '5.1'
#   make_catalog parameters:
#     ab_zpt: 31.4
#     coadd_bands: !!python/tuple [f277w, f356w]
#     deblend_contrast: 0.001
#     deblend_nlevels: 32
#     deblend_npixels: 1
#     detect_kernel_fwhm: 4.0
#     detect_kernel_npix: 7
#     detect_npixels: 4
#     detect_threshold_nsigma: 3.0
#     flag_isolated_buffer: 4
#     hst_bands: !!python/tuple [f606w, f814w, f125w, f140w, f160w]
#     jwst_bands: !!python/tuple [f115w, f150w, f200w, f277w, f356w, f410m, f444w]
#     near_border_kernelsize: 21
#     reference_band: f200w
#   make_catalog version: 1.4.0
#   photutils version: 1.5.0
# schema: astropy-2.0
label xcentroid ycentroid sky_centroid.ra sky_centroid.dec bbox_xmin bbox_xmax bbox_ymin bbox_ymax area semimajor_sigma semiminor_sigma orientation eccentricity min_value max_value local_background segment_flux segment_fluxerr kron_flux kron_fluxerr kron_radius gini equivalent_radius kron4_2_flux kron4_2_fluxerr radius_kron20 radius_kron50 radius_kron80 near_border
[from data line 3348]
3349 1005.5892111406812 4208.647686821179 214.82196120944195 52.887556851626194 996 1016 4201 4217 243.0 5.180033033516689 2.9305930063835772 33.14178584905521 0.8245782381855026 0.07413561686564837 0.6972709683142472 0.0 86.90800375352737 1.5380641 137.11571890638777 3.65440015036227 2.1108007879887687 0.24151796245064402 8.79484521425256 125.83693211328435 5.7488615822709725 3.997689171124804 7.370307184320364 12.102635051228502 False
3350 208.8951427064647 4203.857038823401 214.82912889586066 52.892594435588094 207 211 4202 4205 13.0 1.1540305937729887 0.8712222379454798 -24.097528289062677 0.6557954818318865 0.12830083110743903 0.3388315669074134 0.0 3.1951423803539623 0.33601773 15.817629474503406 1.3733072075100061 3.1634945320573027 0.18174092858349988 2.0342144725641096 17.387054246080965 2.1818223987324337 2.007199310654007 3.668760739094485 5.866363934104581 False
3351 3975.839688129602 4213.148794741289 214.79539387352557 52.868699853098576 3967 3986 4204 4222 287.0 2.816750416247461 2.5754094107106336 11.216221804712463 0.40499398212395843 0.06288218039812633 25.90973605449276 0.0 772.639523059875 2.0261056 770.8442308236931 2.00768650456515 1.4 0.6956967831401754 9.557977680176279 797.3974693015003 2.845602190991604 1.4648999898270272 2.6039455230327753 4.672761911342935 False
3352 451.83280810364573 4218.570317339601 214.8268034614185 52.89112979162834 445 459 4205 4229 275.0 5.562050124306202 2.860913349300253 82.26429227729692 0.8575725044754949 0.0964076971925413 1.2606477220945445 0.0 127.98140437348025 1.7421554 202.82664469081368 4.032858640154586 2.258196817039315 0.306945521730182 9.356025796273888 229.98613780474977 6.2922166162037065 3.9817441048638713 7.718790929376069 13.952411565427987 False
3353 1685.1303963150838 4211.440269774622 214.81586246372981 52.88325272519118 1681 1689 4207 4216 65.0 2.299521825395671 1.8380322976626977 -76.95235718799232 0.6009180276511124 0.1584034770759429 0.5896543695802773 0.0 22.167889758480094 0.8005479 43.5021335113384 2.175719134571154 2.3546719513549674 0.20180326602837712 4.54864184146723 46.436666858071085 3.437577902117483 2.3907970904401843 4.53124800196082 7.409667682879274 False
3354 3305.859892825848 4209.663314627227 214.80141049315642 52.87294051130425 3302 3309 4207 4213 43.0 2.1859848107577196 1.4316615018086964 -33.60014250670042 0.755691741978938 0.16952734905800987 0.4780232896341254 0.0 14.994093698315227 0.6807608 37.768744357597186 2.1683710157322027 2.7265979707558743 0.12922089945414267 3.6996385101659595 46.68395146846143 3.5310137693358703 2.477035519363894 4.695742553401238 8.262141510087117 False
3355 9439.120713683142 4216.214132811188 214.74664284147588 52.833972008124526 9429 9448 4207 4226 290.0 4.269526945702589 3.1760899526164064 46.77808793176382 0.6682938520907049 0.07887830533155607 3.221102992728605 0.0 232.17654379320987 1.9270394 291.47243375381254 3.4470417278528602 1.8993251053045486 0.4259117627810736 9.607802401865856 322.1189345053035 5.574757025422606 2.7169717426029494 5.423010412024048 9.942106832903214 False
3356 1274.8478739133427 4224.08027095849 214.8193936182054 52.88592864850135 1264 1287 4211 4239 293.0 7.795254995381296 2.3825072370392326 53.74290044339507 0.9521485681053021 0.05820137201767033 0.8979439337016444 0.0 130.14977240351038 1.8124174 208.0075972432012 4.232087019836469 2.1850726900163258 0.23920281706041735 9.657370069115643 241.94829374155995 6.623779272381624 4.675472294437449 9.27851417177989 17.14971173637719 False
3357 10027.95982730205 4214.070639216892 214.74141910019318 52.83021449210919 10021 10035 4211 4218 92.0 3.3752322323547803 1.8819530860540044 2.157782584807312 0.8301249814276935 0.17318514796959494 0.6338413037050405 0.0 31.28857230748574 1.0401189 150.93625920461727 4.090036473277657 3.360892074230323 0.1884278897808735 5.4115163798060095 279.0717430518295 6.510260513131519 5.619340891734075 11.763826906556936 17.042757684470665 False
3358 6912.806070694509 4214.83507963633 214.7691760532018 52.85003344620846 6909 6916 4212 4218 41.0 1.934964668145307 1.4757888352248123 28.056393050584287 0.6467577460130934 0.14947437163395966 0.4292603614678482 0.0 11.809366721081059 0.61001253 30.959495980190887 1.9576395678531249 2.7711015993522534 0.15464769550250634 3.6125759969217834 52.0997845760078 3.131910957709779 2.401023747172521 4.669629025236137 8.441739484810757 False
3359 9385.219057461742 4215.012435915776 214.74713578189997 52.83430843039859 9381 9389 4212 4219 57.0 2.0460431894838575 1.9214234892559237 -1.5254840102544658 0.34366491597568033 0.21663125252325083 0.6709452878617335 0.0 24.253478315893535 0.8504859 49.344812339660784 2.4004349680180446 2.4756393095893854 0.16009758918101494 4.259537945889915 52.42128767341287 3.7827934710115354 2.3975496939483394 4.36579113877698 7.6251426881674265 False
3360 10064.030588280997 4215.006050374907 214.74108790451493 52.82999005054588 10062 10066 4213 4217 21.0 1.2274782419080792 1.1927614331696363 -33.20707187801855 0.23614855030445822 0.18829987110105015 0.40658611156742375 0.0 6.189419830959222 0.5681791 18.742650572347678 1.943915903403089 2.986575659899496 0.11619597817030496 2.5854414729132054 25.364178672495285 2.88408343125465 1.899046022371009 3.7084713878416293 6.666991087147555 False
3361 1589.7137284696182 4226.234545909754 214.81655877178264 52.88393894301835 1571 1610 4215 4236 519.0 7.631370111922631 3.0286863755857416 25.12611893098643 0.9178734405335395 0.030763040354266292 3.421253644589042 0.0 371.2888440526666 2.3328998 428.82576386829 3.616505155036007 1.7265364199087088 0.45707050718588854 12.85312533702941 462.0378785237116 5.864649128162553 3.307466095411445 6.869134213644243 12.905812964334004 False
3362 9722.53845129725 4221.514825471564 214.74406177879806 52.832197569531736 9716 9728 4216 4228 112.0 3.475870792991497 2.110252512160429 46.4286135302778 0.7946141521296212 0.1615334324470814 0.7296127420627545 0.0 43.55362305977779 1.1597044 88.65382559317945 3.18983906459567 2.4489397524278083 0.22852381858065945 5.970821321441846 98.19990136519786 5.093428231956762 3.1410838621954076 6.222745969949139 10.217397439878711 False
3363 8303.1745550717 4219.151869609001 214.75673527156636 52.841213644775046 8301 8305 4218 4220 11.0 1.2957961883695295 0.6225165402484029 -25.280328217878616 0.8770427231175988 0.2895631744595647 0.44891601279122095 0.0 3.779672406959114 0.33570662 22.72614954538767 1.3502519573363738 3.3889555167124534 0.08758841712674381 1.8712051592547776 30.137067144463703 2.1866295077300735 2.152754980857528 4.166600998367957 6.268956934774136 False
3364 9566.826127472163 4218.386531355184 214.74548208730016 52.833171306468834 9566 9568 4218 4219 5.0 0.7689240403521999 0.4450561967946647 -18.369985098924417 0.8154667990745943 0.4033081097749848 0.4710553379333281 0.0 2.1823913885527677 0.23973384 14.606466846267566 1.0559484727126274 3.5609298796115993 0.03650689318861449 1.2615662610100802 21.77813257489469 1.658467072080388 1.512258893648298 2.7305044475096643 4.164865292260254 False
3365 507.42809246671965 4227.558646627772 214.82621210372412 52.89082490616075 501 513 4222 4233 130.0 2.8675037212074184 2.724796909057691 -14.260262843841694 0.31153985776234233 0.1093559422157801 0.9794420215246799 0.0 58.44236333928225 1.1514813 102.45085761171833 2.869329146380799 2.270411328374287 0.26885230727630255 6.432750982580687 127.59159795120125 4.570876498760448 2.914397281569296 5.662054592312645 9.544739085052713 False
3366 1489.937426860175 4226.509720997724 214.81744697497126 52.884574620374515 1487 1492 4224 4229 24.0 1.3982098772812988 1.2374389881348966 -48.20141814112548 0.4655594178754391 0.16723317421507405 0.4112841155130935 0.0 7.453756654544536 0.4789884 22.64192414856995 1.6298112641769358 2.792443369622228 0.1393021809547611 2.763953195770684 27.71946192866642 2.6798134510384934 2.033532385379954 3.7910308206514847 6.44809926447773 False
3367 1544.1101769183272 4229.635770348215 214.81693022706767 52.884247137292526 1536 1551 4225 4235 118.0 4.020650397926949 2.0076769284841878 20.023080463802614 0.8664053516354187 0.10472198695844837 0.5928101864096653 0.0 41.80770465930221 1.1691165 90.37756356007583 3.2645033844355598 2.580916039803608 0.1893610279751827 6.128667601500942 100.84214077733884 5.151447653351537 3.53537031235586 7.11679304691854 12.547494000161272 False
3368 6913.968369249748 4238.873843461498 214.76891253435994 52.85015550214431 6900 6929 4225 4249 516.0 5.778615503808678 4.499415754104574 23.59068382119945 0.6274806698704886 0.07064705077236368 2.6347050791574333 0.0 324.0281456389117 2.3806634 398.7538496388788 4.032316847967669 1.8051106521636773 0.4107617919336277 12.815923738491737 432.2459852414383 6.3485132107747155 3.6667560443098464 7.2846390965659715 12.91987942505768 False
3369 4455.581326965223 4227.906518340014 214.79095722735818 52.86572918019475 4453 4457 4226 4231 19.0 1.490828012823647 1.1638573764754647 -88.46374554540928 0.624932860383591 0.33695621274514914 0.583476402044967 0.0 8.354709828650797 0.7804817 59.41448367682855 13321683.514873015 3.2362808849783176 0.11081073844088551 2.4592453796829674 86.10209696637328 25159306.413421832 2.935083772068402 5.2470548177232175 9.355120813723913 False
3370 9587.519672332002 4233.653354453569 214.74513694945364 52.83312184296935 9580 9595 4226 4240 156.0 4.170419056964552 2.040240156964406 -43.61551271088649 0.8721620643979023 0.055449434815289154 1.3865695343230673 0.0 81.83617752093883 1.4155596 119.35622249592242 3.0492830322183084 2.0976798788746343 0.3388366835760338 7.046725639945928 132.15141135959286 4.779657503213459 2.685098457002581 5.331607129812941 10.756484445708237 False
3371 261.9674775271752 4228.922230405334 214.82839068936335 52.892392253515915 260 264 4227 4231 17.0 1.391852506895442 0.9377921578280085 -81.52209010226338 0.7389387054757739 0.14255649485932106 0.37597047795086547 0.0 5.131764106808654 0.42010432 23.817670667457676 1.56246922117924 3.169230888522815 0.08629052181500993 2.326213245840639 24.925885217048656 2.5521048727195113 2.261373431576466 4.084024036338892 6.526085107210661 False
3372 3641.6558163798036 4234.458257544366 214.7981520443641 52.87093929072362 3639 3645 4231 4238 37.0 1.5959391002969083 1.547127148278388 -64.7313588482756 0.24542767903150145 0.10626761052285258 0.41688353189613536 0.0 8.79470575454256 0.59837323 29.3732177625093 2.0398430038433752 2.929293848785075 0.22450135280693115 3.431831258788849 38.06594530680121 3.350883051413545 2.5462303517737124 5.07272202843778 8.164106580160635 False
3373 6552.016907586728 4235.751714072299 214.77217308443554 52.85244057324837 6548 6556 4232 4240 73.0 2.315909180809823 2.0792537837466214 27.265386554148304 0.44037653857966064 0.12584718675004491 0.807649543703381 0.0 26.801708394465 0.84561384 76.6719959252736 2.7489368113203594 2.9306727131883714 0.23636127697258483 4.820437914901168 116.9729389029786 4.323167451119281 3.1610927781958447 7.2114561709255405 12.313899445372607 False
3374 9887.562539744118 4244.690849230431 214.74234747477146 52.83127248580771 9879 9897 4232 4254 325.0 3.8702770173006273 3.40813900593428 -61.83743072954469 0.4738732923081955 0.1137171310626875 6.145713166242703 0.0 323.3939243732725 2.1248493 368.25317799409663 3.0755358609976042 1.71640649333444 0.5125427752722744 10.171072362820547 410.6025176266752 4.8626826377665635 2.302453006451136 4.562684825643233 8.486013098077585 False
3375 8326.709163716 4237.779919854692 214.7563293383895 52.84116423902107 8320 8333 4233 4243 119.0 2.995083568511878 2.2224937347910467 7.882721812494654 0.6703475032239917 0.08726573422548224 1.090370634441812 0.0 62.405697033050416 1.2860962 88.97409788276835 2.5433791247110906 2.0083254337128755 0.3112034186470111 6.154581744998688 99.731000785758 3.8880507210154995 2.388184550630774 4.371448182571809 7.636243971462584 False
3376 8693.667860528136 4236.069438936966 214.75307673220522 52.83882086680917 8691 8697 4233 4239 36.0 1.8366711443638746 1.3659450999213407 -48.343266731948354 0.6685057729576996 0.15169526025388158 0.46896117793014686 0.0 11.588136287188666 0.6894508 28.40427547090036 2.0303128562127335 2.6695778529678234 0.1754291777250005 3.385137501286538 34.1488917264316 3.2468722236883334 2.1771326562205324 4.0423598063841375 6.643748509194471 False
3377 436.61015138771165 4238.417860116953 214.82673038602977 52.891333517656996 434 439 4236 4241 28.0 1.5420646302324401 1.3478234936710647 -6.865417900520824 0.48585708969309294 0.12977941984548652 0.3353060558460094 0.0 6.963589911354917 0.4992057 27.78029253065192 1.8528760388026237 3.0703227621079923 0.10360751485113656 2.985410660720923 44.236998954738766 3.0462107144566994 2.616418777619925 4.89272208280619 7.870716646491155 False
3378 8050.694976019787 4247.55846242558 214.7586866465103 52.84297250875031 8039 8063 4240 4256 295.0 4.108073848198529 2.8371910788298393 -12.153904461709551 0.7232008235643805 -0.020360973774348323 6.019844260076522 0.0 333.49091632643524 1.9346079 380.1759627726131 2.9713775480203712 1.7559413242346997 0.5135297935360852 9.690274321412074 414.4031951760099 4.579704480358476 2.245171763110809 4.331842493800576 8.184765483675411 False
3379 8803.138359181821 4245.4886509122125 214.7520019277193 52.83817523374468 8798 8809 4240 4250 105.0 2.73486320863986 2.3203107909307734 5.569045496423938 0.5293247141463802 0.10625017718463996 1.063060567620642 0.0 46.69782525420959 1.0795475 80.71149099712574 2.6580841833410793 2.1404173624438245 0.2769552974526891 5.781222885281108 84.48380073908838 4.177843150160263 2.5167125306459885 5.106228172101517 8.299697117219791 False
3380 7582.03343071644 4242.671172188658 214.76291603332766 52.845927059007195 7580 7584 4241 4244 16.0 1.2139293141911 0.9552609315231553 -26.327159067142176 0.617059575813466 0.2566294122367721 0.487117840361321 0.0 6.089195528362556 0.49877045 20.335158450075333 1.7162356300793258 2.8730162074052985 0.09852976901463674 2.256758334191025 33.69267563698221 2.4614173283462315 1.7760039585052225 3.31657384622964 6.247175691943312 False
3381 203.89382419726888 4245.348068296771 214.82873651287528 52.89284986753187 201 207 4243 4248 32.0 1.5807827802344832 1.4148678898123357 9.039555698250258 0.44598070508119064 0.09739566477833378 0.4667174152657889 0.0 9.439301079558682 0.57328075 24.399743442977105 1.768045690256245 2.679782594132122 0.18703938174310028 3.1915382432114616 27.90763431089964 2.7638588357657636 2.0856207429236027 3.8304054748218994 6.256723175717098 False
3382 2229.554739937331 4253.490472908397 214.8105578819123 52.88001872339838 2220 2238 4244 4263 305.0 3.8813757085606975 3.3820651816609595 -64.65163037072548 0.49064895809289666 0.11060476480286476 4.021615404854474 0.0 265.37680051073966 1.8089125 303.8433979135557 2.795901370417681 1.739722783506637 0.46830510553875215 9.853147481188747 326.26493253260566 4.422541871947806 2.4591532637533606 4.776382917191446 8.347461522959325 False
3383 7568.459816942463 4244.931586943663 214.76301324082084 52.84602556116014 7568 7569 4244 4246 5.0 0.9082586401840534 0.4966275695603955 86.8498149447154 0.8372691916713846 0.17359405061255576 0.26679567443153057 0.0 1.1597524997493869 0.2125935 15.921819522334332 1.0937658407322808 3.701814706305328 0.10918303049588327 1.2615662610100802 29.03119348485822 1.8197674271476396 2.1180215249720784 3.845080378847897 5.166727431753999 False
