outputs/dr0.5_c0.1/nircam2_f200w_dr0.5_c0.1.ecsv
# %ECSV 1.0
# ---
# datatype:
# - {name: label, datatype: int64}
# - {name: xcentroid, datatype: float64}
# - {name: ycentroid, datatype: float64}
# - {name: sky_centroid.ra, unit: deg, datatype: float64}
# - {name: sky_centroid.dec, unit: deg, datatype: float64}
# - {name: bbox_xmin, datatype: int64}
# - {name: bbox_xmax, datatype: int64}
# - {name: bbox_ymin, datatype: int64}
# - {name: bbox_ymax, datatype: int64}
# - {name: area, unit: pix2, datatype: float64}
# - {name: semimajor_sigma, unit: pix, datatype: float64}
# - {name: semiminor_sigma, unit: pix, datatype: float64}
# - {name: orientation, unit: deg, datatype: float64}
# - {name: eccentricity, datatype: float64}
# - {name: min_value, datatype: float64}
# - {name: max_value, datatype: float64}
# - {name: local_background, datatype: float64}
# - {name: segment_flux, datatype: float64}
# - {name: segment_fluxerr, datatype: float32}
# - {name: kron_flux, datatype: float64}
# - {name: kron_fluxerr, datatype: float64}
# - {name: kron_radius, unit: pix, datatype: float64}
# - {name: gini, datatype: float64}
# - {name: equivalent_radius, unit: pix, datatype: float64}
# - {name: kron4_2_flux, datatype: float64}
# - {name: kron4_2_fluxerr, datatype: float64}
# - {name: radius_kron20, unit: pix, datatype: float64}
# - {name: radius_kron50, unit: pix, datatype: float64}
# - {name: radius_kron80, unit: pix, datatype: float64}
# - {name: near_border, datatype: bool}
# meta:
#   PHOTMJSR: 1.891700029373169
#   PIXAR_SR: 2.11539874851881e-14
#   __serialized_columns__:
#     area:
#       __class__: astropy.units.quantity.Quantity
#       unit: !astropy.units.Unit {unit: pix2}
#       value: !astropy.table.SerializedColumn {name: area}
#     eccentricity:
#       __class__: astropy.units.quantity.Quantity
#       unit: !astropy.units.Unit {unit: ''}
#       value: !astropy.table.SerializedColumn {name: eccentricity}
#     equivalent_radius:
#       __class__: astropy.units.quantity.Quantity
#       unit: !astropy.units.Unit {unit: pix}
#       value: !astropy.table.SerializedColumn {name: equivalent_radius}
#     kron_radius:
#       __class__: astropy.units.quantity.Quantity
#       unit: &id001 !astropy.units.Unit {unit: pix}
#       value: !astropy.table.SerializedColumn {name: kron_radius}
#     orientation:
#       __class__: astropy.units.quantity.Quantity
#       unit: &id002 !astropy.units.Unit {unit: deg}
#       value: !astropy.table.SerializedColumn {name: orientation}
#     radius_kron20:
#       __class__: astropy.units.quantity.Quantity
#       unit: *id001
#       value: !astropy.table.SerializedColumn {name: radius_kron20}
#     radius_kron50:
#       __class__: astropy.units.quantity.Quantity
#       unit: *id001
#       value: !astropy.table.SerializedColumn {name: radius_kron50}
#     radius_kron80:
#       __class__: astropy.units.quantity.Quantity
#       unit: *id001
#       value: !astropy.table.SerializedColumn {name: radius_kron80}
#     semimajor_sigma:
#       __class__: astropy.units.quantity.Quantity
#       unit: !astropy.units.Unit {unit: pix}
#       value: !astropy.table.SerializedColumn {name: semimajor_sigma}
#     semiminor_sigma:
#       __class__: astropy.units.quantity.Quantity
#       unit: !astropy.units.Unit {unit: pix}
#       value: !astropy.table.SerializedColumn {name: semiminor_sigma}
#     sky_centroid:
#       __class__: astropy.coordinates.sky_coordinate.SkyCoord
#       dec: !astropy.table.SerializedColumn
#         __class__: astropy.coordinates.angles.Latitude
#         unit: *id002
#         value: !astropy.table.SerializedColumn {name: sky_centroid.dec}
#       frame: icrs
#       ra: !astropy.table.SerializedColumn
#         __class__: astropy.coordinates.angles.Longitude
#         unit: *id002
#         value: !astropy.table.SerializedColumn {name: sky_centroid.ra}
#         wrap_angle: !astropy.coordinates.Angle
#           unit: *id002
#           value: 360.0
#       representation_type: spherical
#   astropy version: '5.1'
#   make_catalog parameters:
#     ab_zpt: 31.4
#     coadd_bands: !!python/tuple [f277w, f356w]
#     deblend_contrast: 0.001
#     deblend_nlevels: 32
#     deblend_npixels: 1
#     detect_kernel_fwhm: 4.0
#     detect_kernel_npix: 7
#     detect_npixels: 4
#     detect_threshold_nsigma: 3.0
#     flag_isolated_buffer: 4
#     hst_bands: !!python/tuple [f606w, f814w, f125w, f140w, f160w]
#     jwst_bands: !!python/tuple [f115w, f150w, f200w, f277w, f356w, f410m, f444w]
#     near_border_kernelsize: 21
#     reference_band: f200w
#   make_catalog version: 1.4.0
#   photutils version: 1.5.0
# schema: astropy-2.0
label xcentroid ycentroid sky_centroid.ra sky_centroid.dec bbox_xmin bbox_xmax bbox_ymin bbox_ymax area semimajor_sigma semiminor_sigma orientation eccentricity min_value max_value local_background segment_flux segment_fluxerr kron_flux kron_fluxerr kron_radius gini equivalent_radius kron4_2_flux kron4_2_fluxerr radius_kron20 radius_kron50 radius_kron80 near_border
[from data line 112]
113 1288.4851455711453 1943.1846228792465 214.9518623800001 52.92825875845317 1283 1294 1936 1950 142.0 2.7911460952012477 2.1058036124279274 -83.26903270150069 0.6563478690627361 -0.20829072924652373 2.695712803665956 0.0 62.66857787195171 2.9478278 65.43303884849122 3.9885921637484536 1.5124584898661413 0.5350160794330283 6.723094811029982 69.83381711992655 6.374297692328671 1.564277437228455 3.033899164278392 4.834579706147227 False
114 2005.354617759329 1940.7590526295178 214.9454655768294 52.92369622318225 2002 2008 1938 1944 31.0 1.9844015730599152 1.0883987196106344 42.686729985657685 0.8361656093650224 0.14584103969071438 0.6440600449350301 0.0 11.553028889773174 1.5243546 28.50106754779655 4.510846332290474 2.722770470056578 0.19871505779463156 3.141274657157109 38.30333146572228 7.154302365483954 2.111547577433872 3.8827604695201385 6.698356337210224 False
115 2639.97280148537 1943.4487528515378 214.9397529272287 52.91968301003368 2633 2649 1939 1948 141.0 3.7374530472201983 1.913454881360779 -8.509875576421907 0.8590047569909841 -0.06709705665874265 2.929032486941566 0.0 94.98723750893856 3.0413907 119.6002710820753 5.609191754451248 1.9112535870581646 0.42220654163211074 6.699380116989518 132.03113569577647 8.863136324741179 2.2903976317239736 4.203917380679239 7.207499823263948 False
116 8476.39951515259 1941.388506736512 214.88754664054844 52.88261700537425 8472 8479 1939 1944 38.0 1.9515541499679647 1.1963132176567892 -11.585570752800763 0.7900787231563351 0.048907622747415086 1.295045168666505 0.0 13.60133542657245 1.5321788 35.47208288682229 4.920293202845026 2.8142421804442113 0.4121272474783316 3.477898169151024 71.55010946980698 8.119311501501745 2.0590519990664364 4.709741909959413 8.098103624847985 False
117 7901.7087825914505 1945.7961738186082 214.8926389842659 52.886290462048215 7898 7906 1941 1951 80.0 2.3076507035823783 1.6147230368977072 -70.46915749479491 0.714411381166569 -0.10661412875291647 1.9917179144647574 0.0 34.60752175272344 2.1708272 60.98087993502014 4.972274877752836 2.4909752130651195 0.46428691120632287 5.046265044040321 82.78846447139512 8.269718903978957 1.7015012055781713 4.284583722741718 8.80356474050441 False
118 1269.6572420672194 1946.0759749011752 214.952000636552 52.92839385697448 1265 1274 1942 1950 67.0 2.05133358764267 1.86612464795859 45.494576159207554 0.41523778835697656 0.0012175758491802522 1.0525720013322277 0.0 31.107476556951422 2.0310934 52.3027739892705 5.341568216405068 2.459779835624933 0.30601302321144863 4.61809077155419 74.79268537539203 8.371006399421864 2.000012321229097 3.833842872422906 8.358007987560864 False
119 6802.087344468655 1946.2575370719935 214.90246905872402 52.89327567231684 6797 6807 1942 1950 74.0 2.061291812124593 1.7598644106626802 6.838967784591149 0.5206540889213525 -0.07565282389818091 1.3738751360988828 0.0 32.29069958311009 2.0507562 38.18015310181728 3.5882987572910037 1.7653428353746299 0.41947188331505686 4.853342309955121 40.915190941889016 5.688108560465326 1.4445522167220668 2.6926184530061166 4.451461077495302 False
120 888.4800380834262 1946.7079848946703 214.95540946525603 52.93081617226521 884 892 1943 1951 65.0 1.9014236247775615 1.5083872804177383 50.47693551060834 0.6088392158656868 -0.04778600812323673 2.0316297294648717 0.0 40.75218110090135 2.0668998 46.87732651880966 3.2136403882233804 1.7138772333261258 0.4729141409596013 4.54864184146723 49.5155009833811 5.128481581172404 1.2914490335391677 2.3469084892795546 3.9105339817616764 False
121 1675.3028327123704 1947.7694393120032 214.94834849988288 52.92582872006434 1673 1679 1944 1950 35.0 1.9454860124694506 1.33392147820525 -55.43227583008248 0.7279318558516494 0.04311444832741333 0.922231976031917 0.0 13.933736011776913 1.5684472 150.04335568898844 6.606945806476966 3.774195357558527 0.3019340653318332 3.3377905890622728 271.43421429541047 10.64733523302459 4.814352532160567 8.029220884716386 11.96187017153886 False
122 9914.256267291572 1958.9454337446268 214.87450872757515 52.87357937907461 9904 9923 1945 1972 381.0 5.538249619980329 2.8617229022006505 69.61169289184511 0.8561546066993359 -0.07649282906232728 5.6509214123995815 0.0 296.17665786049804 5.1122713 386.25551341181716 9.31923301813382 2.046418627685492 0.5198222557637816 11.012541334134653 470.7738438300547 15.1571922806242 2.8913360413488696 6.15477929522226 12.558425348410406 False
123 2873.73906999251 1958.2726479200246 214.93750328019556 52.91827934090256 2860 2885 1947 1970 464.0 4.39385797431741 4.156873028510816 -87.41135152479525 0.32397834809729503 -0.2407242175429643 5.880333707019268 0.0 223.16980434414808 6.168302 266.7379854250936 10.263993724094876 1.9449060074024205 0.5649546014783448 12.153015559492998 332.6298458586582 16.172948091634918 2.398701951602936 5.5215220040832635 11.064839787254295 False
124 7610.37301000177 1954.8686266190662 214.89514887654875 52.888189512499906 7604 7616 1949 1961 132.0 2.145065799080462 1.7840923093112295 -65.41008941549784 0.5551965874451429 -0.2477272773064424 8.26144120868 0.0 131.19984238673533 2.778124 132.62815879558724 2.9168072641694973 1.4 0.6512056679847164 6.4820448144285745 136.8095520440806 4.613709458616577 1.1151743349648227 2.106556792123071 3.717770808631117 False
125 959.8964013795301 1960.0243206128691 214.9546293327853 52.93043490702213 953 967 1953 1967 152.0 4.07282604075393 2.1295890335843057 46.62661658591388 0.8524078463771309 -0.07160842120132714 0.9667433003012417 0.0 52.44733856085776 3.0152123 73.9197180084377 6.069505426510825 1.9087016083334472 0.35598881303879487 6.955796338302048 75.58469354271682 9.755565142836035 2.7389445326977135 5.17942334888265 9.083380251353114 False
126 6114.061052500937 1955.3954217923058 214.90852814373008 52.8976936223114 6111 6117 1953 1958 34.0 1.749838314349552 1.1201624710475706 3.4888233838904297 0.7682482903315999 -0.07836430986831129 0.7568734278545973 0.0 11.769928453421251 1.3689904 15.178822850760493 2.674076149199676 1.8424581101933704 0.35761453704829943 3.2897623212397704 16.299483844772922 4.2656738494067135 1.232655201901371 2.31120006463902 3.4892283654155443 False
127 7406.996973706308 1959.6580238232498 214.89691736476004 52.889506841145874 7401 7413 1955 1965 117.0 2.9424635901647735 2.2327972038116366 -3.775363438037148 0.6513015922228442 -0.01882885882245526 1.354062112903662 0.0 57.89120750702943 2.5687482 71.71912917207688 4.7345726330529425 1.786013207753401 0.33659999727538314 6.102643417692329 78.6142170203643 7.497817633314436 2.0852018317908736 3.938869443351549 6.123055745876274 False
128 8972.847052626354 1970.2903700931927 214.88280406761544 52.87961997641619 8958 8987 1955 1990 785.0 6.813965384401271 3.723091481439126 -61.81915841686071 0.8375300203284498 -0.14670185378626785 29.51887159265266 0.0 1162.909288239967 7.8519297 1195.2452529313637 8.839208409148164 1.4444783816129838 0.6217968133902817 15.807379942744328 1275.0838796605012 13.495904498819778 2.2424513637428984 5.448130203473726 10.853741885896433 False
129 3397.929701432146 1965.160952908985 214.93273666564698 52.91498935193901 3395 3400 1959 1972 69.0 3.312934636463096 1.2798700695527645 -88.70468390459433 0.9223626484990934 -0.04654909897429261 0.9356756485751246 0.0 31.689483000490238 2.0685136 52.05276247968991 4.939802610623572 2.19939430228336 0.2940744851114786 4.686510657907603 64.57878852996902 7.876001969050326 2.315583829109267 4.3292762014655635 7.91686955990995 False
130 6729.951331892584 1960.3927309089315 214.90296557467414 52.89381000057012 6729 6731 1959 1962 8.0 0.7328488433273174 0.7115274868182586 -59.03698000317491 0.2394601171474145 0.1132355725762557 0.6498876568794123 0.0 3.6968365336640154 0.68088406 8.984049801698065 1.9725244705731924 2.6601880955440547 0.19647367399641757 1.5957691216057308 10.51671797006273 3.1684206654851326 1.009356816580119 1.8872056303180287 3.6954521279298325 False
131 8424.318390054355 1960.8818171435441 214.88780714669048 52.883052940363065 8422 8425 1960 1962 9.0 0.7262304029549052 0.5665490937308215 -23.612424741015456 0.6256260790753394 -0.09101596100162931 0.3420258006752861 0.0 1.1053441129416584 0.70285964 15.812583028955533 2.684415138567558 3.95930676049933 0.466627137217556 1.692568750643269 41.31848236652324 4.425380995227752 3.097430551444311 4.909859236006342 5.910943267360938 False
132 9036.867708899661 1967.3339939515977 214.88226286250023 52.879197415911285 9033 9041 1964 1971 58.0 2.0353069528078125 1.8201929272958999 22.942376081458765 0.44745029064488934 0.07830701245778271 0.7752805919587561 0.0 22.018694116028634 1.9778686 53.66188192847341 5.98397642422926 2.7301437184244484 0.2693011508318809 4.296739856991561 70.28369691307591 9.449875985521295 2.505846440117975 5.216563965710618 9.626330222708487 False
133 6750.380332548685 1969.474374575189 214.90268724171256 52.89372929392338 6744 6757 1965 1974 106.0 2.8584748056570497 1.9434401965683483 -4.63275055293587 0.7333167850376002 -0.1257509226565415 1.266185892895715 0.0 34.312863416631245 2.5584671 84.18809972742524 7.012739690507645 2.8205196376938444 0.43088562817748444 5.808687281605183 113.9627074391545 11.165600184311293 2.8594469908691993 7.137176587179314 13.615437584368369 False
134 7314.573941714062 1972.1955563068457 214.8976120311553 52.89016139610832 7306 7323 1966 1978 166.0 4.073985547192008 2.7592482680756896 -12.768674811430115 0.7357209880955657 -0.06950951861706968 0.7477854722471016 0.0 56.76527337810617 3.0440185 131.5785865546574 9.042145720842612 2.6105677547395625 0.2542153322440569 7.269074295019226 185.97856474948685 14.489521467419458 4.349850496386041 8.31495359214343 14.944692436384878 False
135 1996.7226370012577 1974.0033439275007 214.9451929365957 52.92393054308816 1991 2001 1968 1979 87.0 2.855403558985846 2.0111479488310327 55.02089044450844 0.7098721585176099 -0.049961132018410875 0.8903643633227536 0.0 26.83637850217162 2.2852454 100.1182019192399 7.957258433458907 3.1021353076466887 0.3380873796301409 5.262410103554244 174.35936278494012 12.745918257001975 4.259208636680313 9.114507427068851 14.93390159926469 False
136 2015.686382583915 1969.6553221456893 214.945068833113 52.92378670772007 2014 2018 1968 1972 19.0 1.190182831860546 1.1073285193617088 21.782075336332717 0.3665833287700253 0.23880532234190774 0.6417989486791376 0.0 8.191726884090146 1.0503197 14.006957159076073 2.6540118637678023 2.145039271730391 0.162705253401499 2.4592453796829674 16.310118912602046 4.253431764193544 1.295032124173977 2.201168485422103 3.8739236551289595 False
137 8169.074692565056 1974.035050161431 214.8899509633641 52.88474490259989 8166 8173 1970 1978 54.0 1.643221592166024 1.3059698544825753 88.07594871353078 0.6069213957083279 -0.24173041506430246 2.3070829401579305 0.0 24.44943016069123 3.069083 33.87586119717437 5.695998438331789 2.1157230269187255 0.5684249704628018 4.145929793656026 40.91451310773957 9.527423580443092 1.1453720904784006 2.290850538185251 4.988563836055785 False
138 8795.119689665575 1971.7567149163156 214.8843775011985 52.880756663333386 8793 8797 1970 1974 19.0 1.231672567083745 0.971913765234392 -26.17924749940613 0.6142637725501503 0.11094589347220811 0.7613773172686688 0.0 8.056291752038218 1.1035997 23.907551457635687 3.5578395899277826 2.897214633548114 0.25173870706254925 2.4592453796829674 21.681810598387194 5.593338393508974 1.6715232098041537 3.3765621516040705 5.3376562283254065 False
139 6809.450818122734 1983.2017918013448 214.90201434983982 52.893428294396855 6799 6819 1971 1996 413.0 5.029855347305403 3.0792459622224806 68.88613520643425 0.7907077989793772 -0.14906929332693677 6.669297234335559 0.0 252.53288034537013 5.072487 288.83104695351904 7.414218152946884 1.7298290309520625 0.5728494582399735 11.465687201119065 331.2696829632797 11.6060761065826 2.1968367575541548 4.94283231371122 10.04847291608702 False
140 7341.603273273774 1972.3459884525869 214.8973686982215 52.88999056844593 7340 7343 1971 1974 10.0 1.1494194376709013 0.6984521875292329 52.349637138328525 0.7941999642987271 0.1829555807909548 0.5426818589015168 0.0 3.9800468974450083 0.7642994 35.45792134106554 3.264257823001807 3.4497850109857997 0.16229267649756346 1.7841241161527712 52.72116200061094 5.17797997731788 2.5005374161120693 4.382370588950348 6.333287219225001 False
141 8872.769841150464 1978.68602945498 214.88361038067023 52.88030088126415 8866 8881 1972 1987 139.0 4.625178704546983 1.5408043860546237 42.221425149203455 0.9428794849478022 -0.1488956652411652 3.326045327870765 0.0 82.35881943070805 3.2122998 106.08197490362977 5.934021730238034 1.8849575354660517 0.4741072211528854 6.651697090182843 109.83717990987924 9.228087710238508 2.8121619566852276 4.855481131958157 7.962674729898397 False
142 9011.328735496225 1976.1341007463936 214.88239855573804 52.879407096959255 9008 9015 1973 1980 50.0 1.6738226466659574 1.5749104894228412 -61.34651198938709 0.33866663797370944 0.05116919513718494 1.828531856898351 0.0 32.337988964902785 1.9545352 54.63860624478963 4.499381599568302 2.3765334911847873 0.3691555283181534 3.989422804014327 65.09517707889195 7.0535616407253725 1.5559175822588374 3.276117252556014 6.618785083545847 False
143 nan nan nan nan 2381 2385 1977 1982 28.0 nan nan nan nan 0.0 0.0 0.0 0.0 5291502.5 nan nan nan nan 2.985410660720923 nan nan nan nan nan True
144 4285.655072437526 1980.910905191508 214.9246229806316 52.909439315904045 4284 4287 1980 1982 9.0 0.9537893446114604 0.6499696768500572 -25.875849790890847 0.7318549794915512 0.20693328855810247 0.4835428429960877 0.0 3.217523062006826 0.75646806 16.437427674876794 3.040503898379542 3.5333653444569806 0.14936055079860242 1.692568750643269 14.765536054815804 4.837264953449581 1.7865282103097215 3.5750512323906474 5.032234396095377 False
145 3416.3988056733015 1985.2173532933948 214.93236016476206 52.91498041253268 3415 3418 1984 1986 8.0 0.7444062276545795 0.7101893706076445 25.521104421928012 0.2996961710903172 0.1717997183069442 0.7259389014693204 0.0 3.1714523242850268 0.6838305 18.932395474327283 2.7388424476910167 3.446620552043009 0.2845852575989732 1.5957691216057308 24.517630516535036 4.331997362255671 1.7346527263372775 3.4757827863250754 4.889453189081485 False
146 1118.9214034859267 1993.128224425106 214.95285589602037 52.92960455862636 1110 1129 1985 2001 265.0 3.475507609528862 2.535879373325396 -5.893959287379761 0.6838283930728563 -0.14581670273733294 7.084159404180606 0.0 304.1302358819521 4.436863 323.66917238741155 5.53561852462048 1.5907426669121165 0.5986349280385619 9.18434101276213 350.16213627680753 8.524192936572444 1.9083601872401903 3.636600267157534 6.1515126275820124 False
147 3391.1200266492133 1988.7398997657049 214.93254943683579 52.91515988868145 3388 3395 1985 1992 47.0 1.7374466989392734 1.4612123837258373 51.375496237599464 0.5410174848847746 0.06068388637210952 1.4496763554629317 0.0 25.42377756511386 1.6816466 37.406273948442234 3.517412400706875 2.0450555112521775 0.34895413493178523 3.8678889139475245 41.83145701001786 5.6644688355220385 1.488442679407053 2.7800431663804472 4.901315063677312 False
148 7063.776176970514 1987.0454782354227 214.89969895611344 52.89183410584125 7062 7065 1986 1989 11.0 0.981962010673561 0.7629631346794211 4.902194351488074 0.6295274283995044 0.08450317843496259 0.6800294273959654 0.0 5.684992836349131 0.8022963 19.816708830915942 2.7139243548600462 2.9717229789390744 0.16990189804069403 1.8712051592547776 23.07186848397277 4.302200825058435 1.4913997743425504 2.6928762433011664 4.117270860826364 False
