outputs/dr0.5_c0.1/nircam1_matched_f277w_f160w_dr0.5_c0.1.ecsv
# %ECSV 1.0
# ---
# datatype:
# - {name: label, datatype: int64}
# - {name: xcentroid, datatype: float64}
# - {name: ycentroid, datatype: float64}
# - {name: sky_centroid.ra, unit: deg, datatype: float64}
# - {name: sky_centroid.dec, unit: deg, datatype: float64}
# - {name: bbox_xmin, datatype: int64}
# - {name: bbox_xmax, datatype: int64}
# - {name: bbox_ymin, datatype: int64}
# - {name: bbox_ymax, datatype: int64}
# - {name: area, unit: pix2, datatype: float64}
# - {name: semimajor_sigma, unit: pix, datatype: float64}
# - {name: semiminor_sigma, unit: pix, datatype: float64}
# - {name: orientation, unit: deg, datatype: float64}
# - {name: eccentricity, datatype: float64}
# - {name: min_value, datatype: float64}
# - {name: max_value, datatype: float64}
# - {name: local_background, datatype: float64}
# - {name: segment_flux, datatype: float64}
# - {name: segment_fluxerr, datatype: float32}
# - {name: kron_flux, datatype: float64}
# - {name: kron_fluxerr, datatype: float64}
# - {name: kron_radius, unit: pix, datatype: float64}
# - {name: gini, datatype: float64}
# - {name: equivalent_radius, unit: pix, datatype: float64}
# - {name: kron4_2_flux, datatype: float64}
# - {name: kron4_2_fluxerr, datatype: float64}
# - {name: kron4_2_mag, datatype: float64}
# meta:
#   PHOTMJSR: 2.251199960708618
#   PIXAR_SR: 2.11539874851881e-14
#   __serialized_columns__:
#     area:
#       __class__: astropy.units.quantity.Quantity
#       unit: !astropy.units.Unit {unit: pix2}
#       value: !astropy.table.SerializedColumn {name: area}
#     eccentricity:
#       __class__: astropy.units.quantity.Quantity
#       unit: !astropy.units.Unit {unit: ''}
#       value: !astropy.table.SerializedColumn {name: eccentricity}
#     equivalent_radius:
#       __class__: astropy.units.quantity.Quantity
#       unit: !astropy.units.Unit {unit: pix}
#       value: !astropy.table.SerializedColumn {name: equivalent_radius}
#     kron_radius:
#       __class__: astropy.units.quantity.Quantity
#       unit: !astropy.units.Unit {unit: pix}
#       value: !astropy.table.SerializedColumn {name: kron_radius}
#     orientation:
#       __class__: astropy.units.quantity.Quantity
#       unit: &id001 !astropy.units.Unit {unit: deg}
#       value: !astropy.table.SerializedColumn {name: orientation}
#     semimajor_sigma:
#       __class__: astropy.units.quantity.Quantity
#       unit: !astropy.units.Unit {unit: pix}
#       value: !astropy.table.SerializedColumn {name: semimajor_sigma}
#     semiminor_sigma:
#       __class__: astropy.units.quantity.Quantity
#       unit: !astropy.units.Unit {unit: pix}
#       value: !astropy.table.SerializedColumn {name: semiminor_sigma}
#     sky_centroid:
#       __class__: astropy.coordinates.sky_coordinate.SkyCoord
#       dec: !astropy.table.SerializedColumn
#         __class__: astropy.coordinates.angles.Latitude
#         unit: *id001
#         value: !astropy.table.SerializedColumn {name: sky_centroid.dec}
#       frame: icrs
#       ra: !astropy.table.SerializedColumn
#         __class__: astropy.coordinates.angles.Longitude
#         unit: *id001
#         value: !astropy.table.SerializedColumn {name: sky_centroid.ra}
#         wrap_angle: !astropy.coordinates.Angle
#           unit: *id001
#           value: 360.0
#       representation_type: spherical
#   astropy version: '5.1'
#   kernelfile: kernel_f277w_f160w.fits
#   make_catalog parameters:
#     ab_zpt: 31.4
#     coadd_bands: !!python/tuple [f277w, f356w]
#     deblend_contrast: 0.001
#     deblend_nlevels: 32
#     deblend_npixels: 1
#     detect_kernel_fwhm: 4.0
#     detect_kernel_npix: 7
#     detect_npixels: 4
#     detect_threshold_nsigma: 3.0
#     flag_isolated_buffer: 4
#     hst_bands: !!python/tuple [f606w, f814w, f125w, f140w, f160w]
#     jwst_bands: !!python/tuple [f115w, f150w, f200w, f277w, f356w, f410m, f444w]
#     near_border_kernelsize: 21
#     reference_band: f200w
#   make_catalog version: 1.4.0
#   photutils version: 1.5.0
# schema: astropy-2.0
label xcentroid ycentroid sky_centroid.ra sky_centroid.dec bbox_xmin bbox_xmax bbox_ymin bbox_ymax area semimajor_sigma semiminor_sigma orientation eccentricity min_value max_value local_background segment_flux segment_fluxerr kron_flux kron_fluxerr kron_radius gini equivalent_radius kron4_2_flux kron4_2_fluxerr kron4_2_mag
[from data line 4879]
4880 2720.154332565476 3368.4739406537674 214.99634480155933 52.99920603034474 2711 2726 3356 3379 272.0 4.066146676324454 3.57625295324681 49.66826655028386 0.4758639098972037 0.23610421124427458 4.605413296602083 0.0 455.88321012653284 10.019873 617.6910855722085 20.799571162671707 2.0283290734767823 0.4201281493023828 9.304852983362556 736.0868531587769 33.63690968687326 24.23267734723314
4881 7847.404756480677 3359.566477575516 214.95042535971936 52.9666288098981 7841 7852 3355 3365 86.0 2.815158511417265 2.22887403801712 44.34091474022127 0.6108580243613942 0.2368232826155967 0.6342960999295082 0.0 36.624658786819715 5.705772 87.5748165338589 17.86095393595425 2.5595577230766016 0.1602112136398308 5.232078956954491 110.9815686172339 29.161001684825525 26.286872852864043
4882 7839.150242200355 3363.601009978962 214.95045687118514 52.96670298424755 7832 7847 3357 3371 153.0 3.5178517835714582 3.1309541213500753 11.245693859185348 0.45592388298659153 0.21116106842269214 0.6299704337894985 0.0 65.77705642775807 7.6255474 157.09249068537798 23.403693222531253 2.582502727259499 0.15819596335236347 6.978639737521917 179.52920665241217 38.752206383356366 25.764662220692543
4883 8368.879349435896 3424.6770164173076 214.9450633257231 52.96367102102313 8358 8380 3416 3433 223.0 4.5045251957815475 3.649287664343299 -3.637306536941101 0.586239024531499 0.2421420229693045 0.670897452116756 0.0 100.19262388648842 10.1351595 365.2726729768009 32.07527111801662 3.025964763514812 0.14023830626059516 8.42514715711158 688.4971935693279 50.69201315598985 24.305244564152495
4884 8400.597175867637 3430.0403508616105 214.94472242840473 52.963498687975424 8382 8418 3377 3452 1578.0 16.191831262407877 6.37794200605642 -88.68423569871636 0.9191538386202156 0.20955203635628175 7.5133454550492615 0.0 1633.0309420446983 25.603468 20329.52218753739 76.46081439484323 2.7044299159449086 0.46543700669467436 22.411894172470603 21646.62970868281 124.27801173296048 20.561524279784795
4885 8446.865202492037 3447.3380293759055 214.94412532769118 52.96329846078141 8420 8519 3405 3465 2626.0 23.491945021809475 6.565566467095437 -30.1138137091199 0.9601510470921282 0.06616115751326368 8.03317205553798 0.0 2957.665253279408 34.095993 21713.76822299963 80.99756839804267 2.277063826871025 0.4774698089931379 28.911619828688853 23101.866268756017 129.68410296512712 20.490882336256288
4886 8352.705417137617 3446.8259599546664 214.94497496420075 52.96389328431482 8280 8378 3403 3466 2401.0 22.138709344820516 6.644021386160896 31.447859047186952 0.9539049801285194 0.17270874762152683 9.589470720145343 0.0 2790.7745210350113 33.229065 21565.058999174627 86.67110173591277 2.4442597746778385 0.4756338298590019 27.645289593840058 23001.030435106513 140.06747484510348 20.495631768406408
4887 8399.625934110434 3461.1247641554414 214.94440360539605 52.963672722081746 8369 8431 3423 3469 1597.0 9.176196439562741 6.7918313064574285 10.33982627658294 0.6724334642498955 -0.011971150409044833 218.65277361198528 0.0 19576.156830960957 26.946331 52420.99072696848 31.600663430937743 1.7101442227970025 0.7300233784467205 22.54641630582372 52747.04649875639 39.503695717083865 19.59450463273932
4888 8393.37930450889 3479.4036271606637 214.94426701045063 52.96381108054443 8272 8433 3462 3524 3059.0 12.791965855153798 7.121225814152682 17.87254501907877 0.8307168408149349 0.0026839554112990907 329.919540609069 0.0 45733.3420583649 36.371994 67207.48836771793 33.87187951157391 1.4 0.8023957976504716 31.204325691099555 68997.29106658895 46.88481494581284 19.302919899893347
4889 8415.146917468071 3474.26154941751 214.94412602319017 52.9636451615071 8405 8526 3463 3484 1654.0 13.964152909992537 4.344219944013276 0.8785221426015 0.9503778399992514 0.13592663285192338 204.9657456795477 0.0 18537.01900317921 25.818834 36801.66533078259 25.93979633169647 1.4 0.8060820171842842 22.945251180756113 37685.21625475431 36.17732033511985 19.959572470518953
4890 8366.805528272516 3493.3185925177713 214.94435865182152 52.964054879457905 8327 8383 3482 3521 1261.0 11.522935497810508 6.2203973047630585 -20.883927091626212 0.8417756738097624 0.09557423789442646 14.217179301091086 0.0 2786.306501142035 25.851639 38604.8104873704 68.04962955965826 3.2891096924050904 0.5335843224067772 20.03468907863958 40326.62906974657 118.73609885044195 19.88602019861309
4891 8443.72615722788 3498.74144308249 214.94361184029776 52.96359598186946 8418 8515 3482 3540 2540.0 22.473791891342497 6.1603523229753145 28.433745326324928 0.9616975690522539 0.13969388864533708 12.157698174907724 0.0 3636.9282441530568 34.05506 22420.17476647276 75.8416686913295 2.210993623187071 0.5386010811600113 28.43425945768288 23652.61516234921 122.87455382829076 20.465302085752228
4892 8401.884342927404 3511.704636266052 214.94385039946522 52.96393154147027 8385 8419 3497 3543 804.0 10.508281135839955 5.001925183789288 74.6241279920018 0.8794461366214384 0.21094235440526396 6.6809998379048485 0.0 1190.1764470819637 18.495 35329.49652888879 71.08637576988197 3.843974291593934 0.4575807230264194 15.99753570059363 36673.65329213116 123.32560612196485 19.989114562732464
4893 8327.87574136518 3515.0133858328604 214.94447910428434 52.96441911086542 8284 8351 3497 3540 1197.0 14.569134649661708 5.984739995886468 -29.456272906484 0.9117335417394061 0.19689432523639105 1.9252013833200277 0.0 705.3160125526881 22.980291 20537.274184857073 146.52384093063503 5.419813966767889 0.2654102111150475 19.519655062577243 23140.531754163698 234.83872053202737 20.48906666367182
4894 8389.555767475264 3524.058440702155 214.94383076547464 52.96407650135307 8380 8396 3514 3541 306.0 6.304732141615247 3.5428305209849977 -73.10567730506135 0.8271834541008709 0.1747935263416554 1.6075685341358081 0.0 186.24508652127983 11.007328 358.8137279754393 25.688391961062493 2.4661506908960336 0.2951266588865542 9.869286963719311 17773.6032358313 45.700820477028 20.775561297283943
4895 8391.543979426608 3548.2051693390904 214.9435585032569 52.96419428450413 8384 8396 3534 3572 279.0 9.788006333275712 2.3676878182107033 -88.53123132639217 0.9703019725800727 0.17389151022402816 0.6789006131878972 0.0 113.26838401001899 10.797956 9033.259264247166 43.00688720379558 3.2661466629567304 0.21376885943922888 9.423823971471327 18136.587570097552 70.23719562579444 20.753611057093906
4896 8401.480771729151 3546.1468035972757 214.943491099066 52.96412010355075 8396 8410 3533 3570 320.0 8.526443782596411 3.4346134413171345 88.16293363081837 0.9152796645123514 0.3134011885979441 1.0260057299187335 0.0 168.27068779559892 11.344639 7964.717288563158 48.78906960773194 3.3550947180229755 0.12602043082208622 10.092530088080641 18337.831986495814 82.00080032341178 20.74163002662106
4897 7884.078542521843 3386.023413495678 214.94981771513008 52.96653896622392 7880 7888 3381 3390 63.0 2.521031497150536 1.8244032747786092 -42.663238989090644 0.6901426679648853 0.2712496621202347 0.6903276099433162 0.0 29.732301735948177 6.324645 92.45313564324104 21.27183866340017 2.9101899436507797 0.14293303165193544 4.478115991081385 125.43129690903724 34.206105102417595 26.153985218192172
4898 7886.808181975244 3396.534660376001 214.94968248128865 52.966578413888435 7880 7894 3388 3404 198.0 3.639575363871791 3.151736668190221 61.931995821377804 0.5001085146582573 0.3540923658697748 2.1928342766947613 0.0 190.4265608570119 12.594324 259.55070356377615 24.155130372640915 1.8817911663863127 0.2768664000299534 7.938851142601841 269.2111389290762 37.16123081286268 25.324767436571946
4899 4423.361632071099 3386.0267893638993 214.98086712937882 52.988497111041475 4422 4425 3384 3388 17.0 1.4196411528189286 0.9153817738676283 -65.28010614070087 0.7643530213084184 0.15286128301931282 0.20158605956780903 0.0 3.0150083801975573 2.434526 28.265021242104556 10.941548419429694 3.593216109758383 0.04542266324848327 2.326213245840639 44.24663497197279 17.669770116861265 27.28529938126701
4900 4403.49395117832 3404.085592422166 214.98085516185824 52.98872073092791 4388 4424 3386 3425 860.0 9.704230177896942 4.8215136158148395 -51.735138176817834 0.8678383903734878 0.18064555926586162 1.9174372529800137 0.0 579.0695179131021 17.731773 743.0902967883983 32.79975704951046 1.7801249835836008 0.3325173088968644 16.545286401814263 781.2711924978958 52.57357894219805 24.16799547240747
4901 4422.042670582156 3406.3733495993224 214.98066454928087 52.988615423909884 4415 4429 3399 3413 152.0 3.265947336401133 3.021212040052638 -11.831852981174139 0.379809970949903 0.1782283208543034 0.7289122276155778 0.0 58.487057559939885 7.304005 133.6333072246433 22.08682895868206 2.6450902158834966 0.19714298491274856 6.955796338302048 208.69766080928554 35.60997164611712 25.601206046757934
4902 9714.517795957781 3386.6619958627243 214.93340105767794 52.95492504802071 9713 9716 3386 3388 9.0 1.0667600864966484 0.6546116529685168 6.590230753501214 0.7895822981144232 0.29667051041131687 0.33406755826401446 0.0 2.8686988511383644 1.8516371 34.067397505301805 8.683131694559352 3.7149799638762953 0.025750341365003707 1.692568750643269 62.19154434678577 13.839687555668002 26.915671646519026
4903 9723.60412408614 3391.7324949443014 214.93326619708643 52.95489475154345 9715 9732 3387 3396 130.0 4.297463006196047 2.107536596879886 17.0536354818703 0.8714895166100436 0.27500916210017196 0.6239915761763204 0.0 53.877361826390626 7.0872283 182.73338299670803 24.849944559056258 2.9768508696357228 0.13151216145591257 6.432750982580687 238.56174645377297 39.88747506227751 25.455997986282235
4904 6945.552728883278 3426.5812911683306 214.9578076596447 52.972713764314456 6943 6948 3423 3431 42.0 2.1504898532279366 1.4589837922893325 -84.86461747916896 0.7346534718428824 0.1964368029443758 0.3195634099988542 0.0 10.847344740367516 3.3425188 62.59198347149424 14.600116524092263 3.3828458624253517 0.07350208930406124 3.656366395715726 106.08595188088617 23.612926443431814 26.335855306140832
4905 6946.72773495751 3432.985992145564 214.95772963106904 52.97274090404202 6946 6948 3432 3434 7.0 0.7514103642422311 0.6987342615563902 86.83873000375648 0.36781996227108305 0.220385270417642 0.2446968187320527 0.0 1.645581904218507 1.3464996 22.43688875403931 6.566682251963505 3.8225838458495214 0.019967683991284856 1.4927053303604616 39.44702362828633 10.785117922686432 27.409964399423842
4906 7980.597704008698 3469.7756846758784 214.9480697044837 52.96637876852736 7950 8015 3434 3505 3110.0 9.335940375439868 7.191359040561008 -85.90678833959332 0.6376966551652082 0.1688971042474758 76.88560835156858 0.0 13915.276833029682 34.74003 13747.757136625423 31.652366008792598 1.4 0.7315825514477305 31.463371498165753 14314.655454467735 50.97227299371748 21.010547751838093
4907 7954.990034025757 3484.6429297784384 214.9481426751311 52.96662157632631 7950 7959 3479 3489 88.0 2.8593104150848925 2.3623995880534556 37.197394506059744 0.563357782182227 0.21254852352785925 0.5689734990291548 0.0 30.8322135959053 6.2128854 140.03491799817664 22.95544748577607 3.167027890529091 0.14741714999117256 5.292567428401227 153.44224392458193 36.34112275168599 25.935137647615846
4908 8879.006360417592 3465.9386271730837 214.9400550408926 52.960656226361955 8865 8894 3452 3483 674.0 6.5912906056125555 5.398719302081781 -44.36759042204587 0.573695559772684 0.27054494746021196 3.7979653964921534 0.0 751.6260178740997 17.049704 947.7673425490924 34.21426583717758 1.906771049587323 0.36626594847327343 14.647213499088313 1048.667723394419 53.99277654087825 23.84840524699929
4909 8877.63222668075 3483.2156825063034 214.93988531646852 52.96075824485852 8868 8888 3478 3490 191.0 4.182450887230776 3.115270897787545 1.7009991493759362 0.6672393305394282 0.29191101665381153 1.0133414703878099 0.0 116.7878100831366 9.275047 312.3034256316532 30.289904114734828 2.8058801592555644 0.2120795818435491 7.797255174810172 411.48205864680403 48.03697226878445 24.86412274013631
4910 1071.2775596842275 3463.8988110805562 215.0101511792644 53.01017917634497 1065 1076 3459 3468 75.0 3.2669624757361837 1.7236137392672823 -33.39335992267001 0.849499710825338 0.22096152118211557 0.39063045474411906 0.0 21.83134394022891 5.0750613 62.049708745277016 17.107645456007077 2.72820480472071 0.09309117724610967 4.886025119029199 62.08872344989862 27.42465996354564 26.91746817299593
4911 1063.4289767650669 3468.6424894613056 215.0101717029632 53.010254594024865 1061 1066 3467 3470 15.0 1.2978769810670496 0.92137471698052 -8.893639755286515 0.7042932832130357 0.2044330905158011 0.24411475221337464 0.0 3.4156144238603137 2.293942 23.45742753573795 9.89883023320393 3.4236451004630815 0.032729610918611186 2.1850968611841584 36.84153105678728 15.837960577543837 27.484155824330106
4912 8777.777298398954 3478.038016849012 214.940835062424 52.961364050086 8758 8796 3461 3495 757.0 4.46721646661859 4.421982282395121 22.28876135341388 0.1419474816699212 0.21170811309736012 50.03552399679671 0.0 4090.7486181445856 17.535852 4097.279750559059 17.644641616106984 1.4116687100584924 0.6800706067613894 15.522905135351744 4330.230075765556 28.62596115013698 22.308722569751204
4913 8796.575014288137 3488.9044216606485 214.94055204388533 52.961303423982876 8788 8807 3478 3499 300.0 4.508345424314109 4.30460086096891 42.62861192651208 0.2972257230734218 0.24419762324002264 1.321181145417149 0.0 196.43315684626492 10.961847 463.5161841982031 34.119767675548864 2.7236627023422466 0.21881375749009557 9.772050238058398 680.518487812011 55.646458048418125 24.317900179290216
4914 8794.467265346093 3506.5115103285675 214.94038541744303 52.961411881542546 8792 8797 3500 3514 71.0 3.645117468359126 1.4560721517143336 -81.44471534498817 0.9167513986588416 0.2093024076177049 0.35245638600685864 0.0 19.88455134871644 5.4167504 91.7263243737139 21.431180858150558 3.129093358362102 0.07033083664178032 4.753945931439391 189.7131986594175 35.61492340949379 25.7047561336962
4915 4430.636830158591 3469.4574410228247 214.97992259297934 52.988901785619525 4422 4439 3463 3478 174.0 4.368089121081447 3.1890028066243277 26.09642718424725 0.6833743302973089 0.18381210951856453 0.3364270245378568 0.0 46.12918746642707 12.369325 259.26760138522957 41.113778438751595 3.2811899210847684 0.08009730788215964 7.442171739215616 429.32651484068026 61.136027670543655 24.818030722585455
4916 4453.841683754082 3485.801199948889 214.9795420561567 52.988842891444854 4431 4472 3470 3499 894.0 6.6003145810273 4.893629393626463 12.130432564458786 0.6710372243288203 0.21381847376590055 10.671169304153146 0.0 1737.5310871118888 22.957127 1863.8651199768838 30.068870021120294 1.5935248913183844 0.5547581049270374 16.869174201729876 2001.7670652105921 47.328143370297006 23.146466151031994
4917 3136.732227801862 3487.4116414597443 214.9913502580233 52.99720659503649 3114 3160 3469 3509 1343.0 9.713738887865725 7.36911016619876 -0.6364617956654955 0.6515245230131411 0.19992791079295807 2.5549766333520885 0.0 1017.9291521704652 22.568796 1242.433499015861 44.059216408582216 1.8282663182021122 0.3423958817059626 20.675835585166343 1421.816318898871 70.48115197860118 23.517891263659067
4918 3153.737794655275 3505.9713772286545 214.99100194649995 52.99719903598981 3150 3158 3501 3511 80.0 2.7936014274035164 2.1906429872980806 -68.29583682637913 0.620553044803181 0.20103862417247548 0.3213019559897163 0.0 21.20378458222875 5.299255 126.99272715388604 22.11432358806955 3.3547360229981718 0.06754819278489435 5.046265044040321 190.79798107527768 35.581415118663244 25.698565562713263
