outputs/dr0.5_c0.1/nircam1_f814w_dr0.5_c0.1.ecsv
# %ECSV 1.0
# ---
# datatype:
# - {name: label, datatype: int64}
# - {name: xcentroid, datatype: float64}
# - {name: ycentroid, datatype: float64}
# - {name: sky_centroid.ra, unit: deg, datatype: float64}
# - {name: sky_centroid.dec, unit: deg, datatype: float64}
# - {name: bbox_xmin, datatype: int64}
# - {name: bbox_xmax, datatype: int64}
# - {name: bbox_ymin, datatype: int64}
# - {name: bbox_ymax, datatype: int64}
# - {name: area, unit: pix2, datatype: float64}
# - {name: semimajor_sigma, unit: pix, datatype: float64}
# - {name: semiminor_sigma, unit: pix, datatype: float64}
# - {name: orientation, unit: deg, datatype: float64}
# - {name: eccentricity, datatype: float64}
# - {name: min_value, datatype: float64}
# - {name: max_value, datatype: float64}
# - {name: local_background, datatype: float64}
# - {name: segment_flux, datatype: float64}
# - {name: segment_fluxerr, datatype: float32}
# - {name: kron_flux, datatype: float64}
# - {name: kron_fluxerr, datatype: float64}
# - {name: kron_radius, unit: pix, datatype: float64}
# - {name: gini, datatype: float64}
# - {name: equivalent_radius, unit: pix, datatype: float64}
# - {name: kron4_2_flux, datatype: float64}
# - {name: kron4_2_fluxerr, datatype: float64}
# - {name: radius_kron20, unit: pix, datatype: float64}
# - {name: radius_kron50, unit: pix, datatype: float64}
# - {name: radius_kron80, unit: pix, datatype: float64}
# - {name: near_border, datatype: bool}
# meta:
#   PHOTMJSR: 0.3925000131130219
#   PIXAR_SR: 2.11539874851881e-14
#   __serialized_columns__:
#     area:
#       __class__: astropy.units.quantity.Quantity
#       unit: !astropy.units.Unit {unit: pix2}
#       value: !astropy.table.SerializedColumn {name: area}
#     eccentricity:
#       __class__: astropy.units.quantity.Quantity
#       unit: !astropy.units.Unit {unit: ''}
#       value: !astropy.table.SerializedColumn {name: eccentricity}
#     equivalent_radius:
#       __class__: astropy.units.quantity.Quantity
#       unit: !astropy.units.Unit {unit: pix}
#       value: !astropy.table.SerializedColumn {name: equivalent_radius}
#     kron_radius:
#       __class__: astropy.units.quantity.Quantity
#       unit: &id001 !astropy.units.Unit {unit: pix}
#       value: !astropy.table.SerializedColumn {name: kron_radius}
#     orientation:
#       __class__: astropy.units.quantity.Quantity
#       unit: &id002 !astropy.units.Unit {unit: deg}
#       value: !astropy.table.SerializedColumn {name: orientation}
#     radius_kron20:
#       __class__: astropy.units.quantity.Quantity
#       unit: *id001
#       value: !astropy.table.SerializedColumn {name: radius_kron20}
#     radius_kron50:
#       __class__: astropy.units.quantity.Quantity
#       unit: *id001
#       value: !astropy.table.SerializedColumn {name: radius_kron50}
#     radius_kron80:
#       __class__: astropy.units.quantity.Quantity
#       unit: *id001
#       value: !astropy.table.SerializedColumn {name: radius_kron80}
#     semimajor_sigma:
#       __class__: astropy.units.quantity.Quantity
#       unit: !astropy.units.Unit {unit: pix}
#       value: !astropy.table.SerializedColumn {name: semimajor_sigma}
#     semiminor_sigma:
#       __class__: astropy.units.quantity.Quantity
#       unit: !astropy.units.Unit {unit: pix}
#       value: !astropy.table.SerializedColumn {name: semiminor_sigma}
#     sky_centroid:
#       __class__: astropy.coordinates.sky_coordinate.SkyCoord
#       dec: !astropy.table.SerializedColumn
#         __class__: astropy.coordinates.angles.Latitude
#         unit: *id002
#         value: !astropy.table.SerializedColumn {name: sky_centroid.dec}
#       frame: icrs
#       ra: !astropy.table.SerializedColumn
#         __class__: astropy.coordinates.angles.Longitude
#         unit: *id002
#         value: !astropy.table.SerializedColumn {name: sky_centroid.ra}
#         wrap_angle: !astropy.coordinates.Angle
#           unit: *id002
#           value: 360.0
#       representation_type: spherical
#   astropy version: '5.1'
#   make_catalog parameters:
#     ab_zpt: 31.4
#     coadd_bands: !!python/tuple [f277w, f356w]
#     deblend_contrast: 0.001
#     deblend_nlevels: 32
#     deblend_npixels: 1
#     detect_kernel_fwhm: 4.0
#     detect_kernel_npix: 7
#     detect_npixels: 4
#     detect_threshold_nsigma: 3.0
#     flag_isolated_buffer: 4
#     hst_bands: !!python/tuple [f606w, f814w, f125w, f140w, f160w]
#     jwst_bands: !!python/tuple [f115w, f150w, f200w, f277w, f356w, f410m, f444w]
#     near_border_kernelsize: 21
#     reference_band: f200w
#   make_catalog version: 1.4.0
#   photutils version: 1.5.0
# schema: astropy-2.0
label xcentroid ycentroid sky_centroid.ra sky_centroid.dec bbox_xmin bbox_xmax bbox_ymin bbox_ymax area semimajor_sigma semiminor_sigma orientation eccentricity min_value max_value local_background segment_flux segment_fluxerr kron_flux kron_fluxerr kron_radius gini equivalent_radius kron4_2_flux kron4_2_fluxerr radius_kron20 radius_kron50 radius_kron80 near_border
[from data line 3151]
3152 1654.4074065823568 3785.5108645347564 215.00152219339193 53.00821962211454 1654 1656 3784 3787 9.0 0.6854840445097069 0.6063480388279181 -81.66699194912363 0.46643673380429396 -0.026441537387371268 0.7300546138608215 0.0 2.0543501308585577 1.324996 13.331775451965846 5.07328040864604 3.867799842533315 0.5825155004940916 1.692568750643269 5.220745839151517 8.245157947804882 2.6416122934318373 4.008912371891264 4.93453870532206 False
3153 2614.1386800392684 3791.0144456494327 214.9928435254566 53.00216223438719 2609 2618 3785 3794 69.0 2.3278774356234093 1.766138807485939 35.1694560762452 0.6514510894109236 -0.11846301906388984 0.9862162242326395 0.0 26.444985365331956 3.3437963 59.16980643583721 9.3010427182273 2.526988819344812 0.43971320917691176 4.686510657907603 85.27080594679404 15.059806000050752 2.5223632176647643 4.67574982218114 9.504318601963275 False
3154 7783.127194603232 3791.4554290128594 214.94645077500033 52.96936927664269 7778 7788 3786 3796 102.0 2.4822640156843594 2.3060578500194064 -10.078777768976224 0.37004474963849376 -0.5112111476221997 1.052755179656583 0.0 33.780859895854256 3.5462055 64.21785519298021 8.934735572744144 2.384021856973647 0.40824457565343886 5.698035485213008 54.74273442371819 14.424711091567145 2.3649672578434204 5.270215984226685 9.095032930540112 False
3155 6838.974816435754 3790.2477979427 214.95493137641427 52.975354413682 6836 6841 3788 3794 27.0 1.772027426105296 0.7759571974570045 26.82485457065453 0.89902742877963 -0.09019699855328707 0.5674367290937193 0.0 3.6692771722986106 2.099415 7.6296257379563475 2.9657759675213806 1.4 0.5328770559720651 2.9316150714175193 4.84641956379579 4.782162130256446 1.509587827240382 2.38696030438695 3.836458663736118 False
3156 229.6036145605581 3792.245086311131 215.01425378726333 53.01729174337253 226 232 3790 3795 28.0 1.8900202746673396 1.3179013780180333 16.35767281464917 0.7167844245493863 -0.1811872959024606 0.5550915304525154 0.0 2.348368688245423 1.8969039 8.895979479978863 10.805884747128184 4.461874443662163 0.5919064837430814 2.985410660720923 9.2422474346073 17.263415770011 9.120882499652355 9.702652093325566 11.987215075106109 False
3157 2790.4994361411746 3792.0242343248597 214.991249008897 53.00104904767846 2787 2794 3790 3795 39.0 1.9510588054204092 1.3054936985856977 -12.506882125320441 0.7431538074012856 -0.30994244249163977 0.4535526356008616 0.0 2.885988015442563 2.6914642 7.297192760102634 6.027503838037973 2.043450449252637 0.43387723403679446 3.523362819972964 0.6729779176509068 9.584933149570004 2.036490767560348 3.179294061498893 7.1837753393593955 False
3158 2017.4400912647454 3797.180695378362 214.99813801037905 53.005980224733676 2009 2023 3792 3803 128.0 4.12226116911361 2.2297556067749484 16.734152720523316 0.8410830814234579 -0.5919306514651546 0.6946588291124114 0.0 8.229089072248337 5.218074 14.872950393000623 8.813145480599044 1.4 0.5416519488643637 6.383076486422923 17.742309772095254 14.12116973873347 2.310251618596268 5.316896520623388 7.668843057197955 False
3159 4117.863458008003 3793.9448023588125 214.97931050609463 52.99263936412575 4116 4120 3792 3796 11.0 0.878820071169898 0.5011936266682985 44.79036942551441 0.8214344850815141 -0.27460335987628637 0.49800720577211427 0.0 1.2676780346679066 1.0896714 2.0308643414619776 1.3605469841813793 1.4 0.5231509428128653 1.8712051592547776 1.0536032090523635 2.18442362604924 0.5185214626267663 0.9378248734584004 1.2701397053515175 False
3160 4422.093644419449 3793.8411571343413 214.97658060060508 52.990708766670544 4419 4426 3792 3796 31.0 2.1820602448049855 1.1075429654616744 -1.362818768678788 0.861611969170919 -0.2773595192710089 0.34282266327210725 0.0 1.725018321073469 2.0657146 12.188168143776732 8.506386172136702 3.350112022313747 0.41941517075583923 3.141274657157109 32.86638767346089 13.579269329838588 3.6556388711775423 5.852942731875728 8.12195679365604 False
3161 6272.984188165125 3792.7608922906807 214.95998224809608 52.978959515488874 6272 6275 3792 3795 12.0 0.8187173095026119 0.6063616140675927 -23.90786891200097 0.6719198058772222 -0.21553032380515952 0.5290544767401223 0.0 1.1798889645231292 1.6281234 2.859848766201987 2.1054808487498438 1.4 0.6044412668753674 1.9544100476116797 1.6819257020275706 3.3151333369738576 0.7525939099099762 1.282071866170607 2.0263672537999344 False
3162 663.4645979819346 3801.8036525892985 215.0102540062141 53.01459213760176 655 671 3793 3812 181.0 5.279399963243681 2.0106403563100588 -51.44777962654272 0.9246383271491148 -0.3111051567450439 0.9244391389592054 0.0 56.939997410847226 4.5111957 108.72800036976872 12.52452851561927 2.551313658466855 0.39585475737381215 7.590394548326596 167.554957652551 20.1135356364978 4.042628885942377 7.532052927126105 24.29928403293034 False
3163 9425.167250913006 3802.5388130239535 214.9316125005567 52.95900717009387 9416 9434 3793 3811 250.0 5.083595506877421 2.7337998753028816 -40.71189671604497 0.843092251348251 -0.6851304500149515 1.774994403610866 0.0 73.54597963565814 8.378179 116.8704611812373 20.78222556610643 2.4613493447174477 0.5042162739905818 8.920620580763856 184.55350580079187 32.74957630073881 3.10981490958968 7.349582908035883 16.41753738689075 False
3164 9960.319916327326 3798.7280302105682 214.92685634913923 52.955589607551445 9953 9968 3793 3805 163.0 3.6563889626701473 3.004808828511724 10.021482470298437 0.5697806453391743 -0.5184240298394458 1.1946428644486842 0.0 42.60686226843606 6.0269704 61.02035888571804 9.652336222274918 1.4 0.4034255552068625 7.203090409536582 48.12654066306898 15.494237136752258 2.9485895437880925 5.25816412742637 7.896754811868436 False
3165 9527.20018690225 3797.9422309164624 214.93074640781654 52.95833469259511 9523 9530 3795 3802 51.0 2.2308705294731195 1.6488079563397726 -31.5484288445838 0.6736097107744745 -0.6335581385365983 1.2015353557652337 0.0 9.564147383630058 4.042205 77.58845037923547 15.591585029816263 3.4558267263757743 0.5193491053585301 4.029119531035698 104.58153704296997 25.120327003310052 5.872707044078776 9.053088279901798 13.137336113388315 False
3166 517.6796360549353 3801.1798373517863 215.01157066709678 53.01551325981861 514 522 3797 3804 55.0 2.0296093859814968 1.561867178380701 -13.85943964117963 0.6385976798545193 -0.1730977383391554 1.1409898811100845 0.0 22.45268501457861 2.7541862 26.016292536770855 4.068052503015917 1.4 0.3529548835871387 4.1841419359420025 16.675652830647174 6.482210631557867 1.4188374117137739 2.613391176651714 3.804996948053103 False
3167 3735.481401641349 3809.676340465336 214.98257759243603 52.995150118050155 3721 3748 3798 3821 380.0 6.796884207499985 2.7427682341169226 -35.25776400364675 0.9149650158697222 -0.5329166363950192 2.2850778667558953 0.0 191.66976163001567 8.47655 217.36637130875363 12.208227552032538 1.476938044885507 0.4718434359838395 10.998079684646791 222.89354497137396 19.126377058729464 2.9778218789884447 5.5704385410776895 11.26604512754077 False
3168 6375.513207928697 3805.059680434894 214.95893281211517 52.97837536230198 6371 6380 3798 3814 130.0 4.2635608582451265 1.8826606988125787 -81.49480277844451 0.8972267874067416 -0.6583873122011168 0.8387639791268718 0.0 23.22427267433275 5.603617 48.92870504533664 14.625988563470623 2.404680397456198 0.45078734367736656 6.432750982580687 43.61554510801584 23.111410884532965 3.5513187379724087 6.903324042755567 11.046827368144093 False
3169 7448.597273194527 3801.4059075325517 214.94934596564147 52.97154603866181 7445 7452 3798 3803 35.0 2.0125845682829686 1.0574754050156174 18.026240303085892 0.8508358824722302 -0.5028123821741346 0.507406887999408 0.0 4.225373373279143 2.4167926 24.93123596820676 10.461922934114122 3.916671627006532 0.41366251775704455 3.3377905890622728 25.262765312567566 16.858318294221693 3.0616078432175873 6.15649241466772 7.953152016213308 False
3170 7769.58190710545 3799.9330818061894 214.94648290519623 52.96950102497861 7768 7771 3798 3802 17.0 1.5287463852252632 0.7652743753709873 -65.57058225629095 0.8656847931885245 -0.04403307806446539 0.5261576979115109 0.0 4.019484635326746 1.5982839 9.697358023846107 4.114327242275442 2.238390944938653 0.40264217037571265 2.326213245840639 8.437192013416347 6.589127029963459 1.6203754156794765 2.7478617997167847 5.631862088497352 False
3171 2338.6656323584593 3807.7490369188818 214.99514128924272 53.00399994764711 2334 2344 3800 3814 119.0 3.9958424212366173 1.952826654537188 57.70868667133173 0.872443699856914 -0.5546026738505202 0.8638951421503599 0.0 18.83433035775058 5.103264 24.248597852380996 8.117176168547747 1.4 0.4713435925689048 6.154581744998688 3.43909533015697 12.865340009005298 2.4361450081829883 4.603797991702573 6.11482209334701 False
3172 3046.900251839694 3810.5951612666363 214.988750714094 52.99952304072669 3041 3054 3800 3823 256.0 5.563577712375548 2.640850554210692 -80.55306930550873 0.8801650916838502 -0.5178704754402988 1.0289210918810718 0.0 63.242246726234924 6.537847 109.41029087411808 16.067906462339895 2.3304193138198595 0.436061453613802 9.0270333367641 108.21997564795615 25.767330578299443 4.138186688619025 9.094795464095704 15.062845061185056 False
3173 8251.268170992045 3804.575053819093 214.9421147474491 52.96646904427917 8247 8255 3800 3810 80.0 2.8930829058907457 1.7801488038514663 39.553233297970905 0.7882836217221201 -0.19703130152349557 0.6312283974458973 0.0 10.193612371635979 2.9784505 42.43360794564387 11.543865157847016 3.361821230665949 0.5666546662994312 5.046265044040321 64.91154442996347 18.396974886096178 4.2039847476877386 13.662828736655987 17.414614715906012 False
3174 2983.820428174526 3810.137790258147 214.9893219941598 52.99992069436887 2978 2989 3803 3817 151.0 3.4970820903663267 2.5743248514733676 -71.59961806592837 0.6768346357552957 -0.5769618528547173 0.734666840426523 0.0 20.714919474581716 5.035783 22.54000547776719 7.55862680857088 1.4 0.5030027133172179 6.93287767191607 16.527999947942757 12.126463646339761 2.3189673120989602 4.000408465539612 5.152294763189634 False
3175 7620.426218937487 3807.8142357029474 214.9477374432151 52.970490181874844 7614 7627 3803 3814 110.0 2.9629102958669544 2.040739802822293 22.56325846264774 0.7249875922287355 -0.2391244962541395 1.4958051305807012 0.0 39.44431404799974 4.329833 56.104665388818475 8.873282991861903 1.9841946815913856 0.4467290523690168 5.917270272703197 84.8894448049755 14.185819175895109 2.096856863181459 3.9290149619104597 11.604714522161865 False
3176 9611.20138030097 3807.132322707769 214.92989668132603 52.95785110443024 9608 9615 3803 3810 56.0 2.4814505310403145 1.6309338415820438 86.91601495795064 0.753672464137951 -0.5896418293351025 0.5258081489971993 0.0 -2.3157631401678676 3.9784431 -6.130158478902069 6.7857786339974275 1.4 -0.5130756555512203 4.222008245644752 -2.7246378029489198 11.029106997560286 3.7609354394478367 4.303988778827753 7.168714605303177 False
3177 826.6659647282606 3807.747450388362 215.0087248228334 53.01358931232465 824 830 3804 3810 41.0 1.5573526023240987 1.3488618108346735 -64.78556883249671 0.49982769032968116 -0.39033576831074546 0.6355272800637214 0.0 4.792733501560426 2.209268 9.47208653970463 5.90306606023559 2.68790988746889 0.4131849976709443 3.6125759969217834 10.931904153183826 9.427355432720027 1.5587056317120092 2.601788051929559 7.140190430420071 False
3178 6771.732729970014 3807.628589571075 214.9553513772184 52.97587499455354 6767 6776 3804 3813 82.0 2.094568293016932 1.7147373194198887 -36.64524795389857 0.5742798412032988 -0.19877081981871084 2.2570802343697802 0.0 47.90069108316817 3.727008 74.37929300199097 7.9815964042262575 2.23893058714018 0.4959636820512966 5.108953969950291 78.98022530960151 12.725545348439429 1.6713171176551098 3.4039318902443028 7.025913060107121 False
3179 4273.883311974837 3812.38308669956 214.97771559415506 52.99174921064677 4268 4280 3806 3820 142.0 3.2686832469728984 3.0201106200217414 77.64243729545227 0.3825053322470412 -0.4843912129775144 0.6867119220682898 0.0 29.23810802989968 4.2004733 61.93054035663224 11.795368118129794 2.3971985655790764 0.4038642993008986 6.723094811029982 91.177321536122 18.91078865668107 3.494517950898675 6.914979306143479 10.414989850288343 False
3180 6464.29215993591 3809.2851041379995 214.9580918377449 52.97783484173239 6461 6469 3806 3813 53.0 2.283603633740085 1.5004814462900662 -35.28698678873849 0.7538318539710831 -0.5518648754900847 0.5807901966536604 0.0 2.8498732098303705 3.5032794 6.3284920967156255 12.927144130906068 3.3695115449576094 0.33358116311581787 4.1073621666150775 3.032516230024439 20.611867560296186 1.2877427672367818 4.3836633566904215 5.329211643601986 False
3181 9228.659741566986 3808.82713615059 214.93330762516447 52.9602884455971 9228 9229 3808 3810 4.0 0.7421195319334213 0.3175173144173745 -58.380934236630544 0.903848814473205 0.24283619504575368 0.5895045206538798 0.0 1.7095477686734937 0.77378815 16.56200761520967 3.093542982788563 3.9186535003007874 0.24168347378994687 1.1283791670955126 24.468738463170165 4.917853156815162 1.4555782662990797 2.4382958529023817 3.3141594593076347 False
3182 7007.101990471527 3815.705724734329 214.9531550280963 52.97442501491101 7001 7013 3809 3822 136.0 3.5440817870663275 2.25112193015809 35.62977794827506 0.7723659841157793 -0.467199017848263 0.8796884849773482 0.0 22.00579372984803 4.715802 48.634432907534055 15.42852077301219 2.992847449014265 0.4623910817294136 6.579524642479541 70.31291128042122 24.718351792137632 2.903840130287268 6.927139921664358 16.130954914537238 False
3183 564.3502330278493 3818.2451706109105 215.01097137213281 53.015309560545525 548 574 3810 3825 321.0 4.876585766065182 2.7456285556297395 17.366219531900512 0.8264414213527622 -0.5447097826444083 3.441254775829337 0.0 143.73983113198628 6.1957655 146.98615818030038 7.877077899648203 1.4 0.5688591309013994 10.108287365572707 128.65186189494554 12.777877128661778 2.4344912885330903 4.3443654356079 6.768320774301342 False
3184 2256.4379110884374 3817.699517968997 214.99577497086617 53.00457527286877 2247 2268 3811 3824 224.0 5.723186054797255 2.4405430917516595 10.360420954406804 0.9045201658954701 -0.5981765616817796 0.715400980364453 0.0 16.398363705895477 6.8745923 -14.293047329112184 26.087872072300392 3.393053935454743 0.46997829637465466 8.444016491289505 32.76520230530252 41.71509086873701 40.97551698204216 41.35333681484062 41.66755648534371 False
3185 774.5885736820625 3813.4641164754853 215.0091325239411 53.01395047376488 772 776 3812 3816 20.0 1.1996923054352233 0.83727276931848 -20.422369508704453 0.7161891182424368 -0.384966206064202 0.5872671472727844 0.0 3.7194832300178433 1.4818536 12.042106691551531 3.987997650823864 2.680669625617553 0.364241660325137 2.5231325220201604 15.751699380430844 6.439075333893577 1.3365532365425103 4.227300460600318 5.366584845784835 False
3186 9836.107395812427 3813.397381265071 214.9278149636852 52.95645728794878 9834 9837 3812 3815 11.0 0.7901019240967304 0.7306078860188674 -66.48869208160566 0.3806946537834511 -0.17497860616956415 0.3754382523240401 0.0 1.755495242989576 1.5500914 3.5441846258810035 2.168225903638963 1.4 0.4959465851206946 1.8712051592547776 0.629919316466705 3.451134797436855 0.9465436325052131 1.4938235086681364 2.0326572865659087 False
3187 3974.598307561066 3817.7942915088847 214.98034528036385 52.99367709048559 3969 3977 3814 3820 46.0 2.174694486539713 1.5550390721295617 13.812681503755426 0.6990621286647871 -0.2828025953757295 0.5981225232304732 0.0 5.20075833781221 2.3250117 11.552113937250304 10.41059914124252 3.7691109076373763 0.5664246553932637 3.826519928662906 -16.187976811603452 16.6280533531341 1.9279767910610148 7.37924351811435 8.717963460961315 False
