outputs/dr0.5_c0.1/nircam1_matched_f277w_f356w_dr0.5_c0.1.ecsv
# %ECSV 1.0
# ---
# datatype:
# - {name: label, datatype: int64}
# - {name: xcentroid, datatype: float64}
# - {name: ycentroid, datatype: float64}
# - {name: sky_centroid.ra, unit: deg, datatype: float64}
# - {name: sky_centroid.dec, unit: deg, datatype: float64}
# - {name: bbox_xmin, datatype: int64}
# - {name: bbox_xmax, datatype: int64}
# - {name: bbox_ymin, datatype: int64}
# - {name: bbox_ymax, datatype: int64}
# - {name: area, unit: pix2, datatype: float64}
# - {name: semimajor_sigma, unit: pix, datatype: float64}
# - {name: semiminor_sigma, unit: pix, datatype: float64}
# - {name: orientation, unit: deg, datatype: float64}
# - {name: eccentricity, datatype: float64}
# - {name: min_value, datatype: float64}
# - {name: max_value, datatype: float64}
# - {name: local_background, datatype: float64}
# - {name: segment_flux, datatype: float64}
# - {name: segment_fluxerr, datatype: float32}
# - {name: kron_flux, datatype: float64}
# - {name: kron_fluxerr, datatype: float64}
# - {name: kron_radius, unit: pix, datatype: float64}
# - {name: gini, datatype: float64}
# - {name: equivalent_radius, unit: pix, datatype: float64}
# - {name: kron4_2_flux, datatype: float64}
# - {name: kron4_2_fluxerr, datatype: float64}
# - {name: kron4_2_mag, datatype: float64}
# meta:
#   PHOTMJSR: 0.4047000110149384
#   PIXAR_SR: 2.11539874851881e-14
#   __serialized_columns__:
#     area:
#       __class__: astropy.units.quantity.Quantity
#       unit: !astropy.units.Unit {unit: pix2}
#       value: !astropy.table.SerializedColumn {name: area}
#     eccentricity:
#       __class__: astropy.units.quantity.Quantity
#       unit: !astropy.units.Unit {unit: ''}
#       value: !astropy.table.SerializedColumn {name: eccentricity}
#     equivalent_radius:
#       __class__: astropy.units.quantity.Quantity
#       unit: !astropy.units.Unit {unit: pix}
#       value: !astropy.table.SerializedColumn {name: equivalent_radius}
#     kron_radius:
#       __class__: astropy.units.quantity.Quantity
#       unit: !astropy.units.Unit {unit: pix}
#       value: !astropy.table.SerializedColumn {name: kron_radius}
#     orientation:
#       __class__: astropy.units.quantity.Quantity
#       unit: &id001 !astropy.units.Unit {unit: deg}
#       value: !astropy.table.SerializedColumn {name: orientation}
#     semimajor_sigma:
#       __class__: astropy.units.quantity.Quantity
#       unit: !astropy.units.Unit {unit: pix}
#       value: !astropy.table.SerializedColumn {name: semimajor_sigma}
#     semiminor_sigma:
#       __class__: astropy.units.quantity.Quantity
#       unit: !astropy.units.Unit {unit: pix}
#       value: !astropy.table.SerializedColumn {name: semiminor_sigma}
#     sky_centroid:
#       __class__: astropy.coordinates.sky_coordinate.SkyCoord
#       dec: !astropy.table.SerializedColumn
#         __class__: astropy.coordinates.angles.Latitude
#         unit: *id001
#         value: !astropy.table.SerializedColumn {name: sky_centroid.dec}
#       frame: icrs
#       ra: !astropy.table.SerializedColumn
#         __class__: astropy.coordinates.angles.Longitude
#         unit: *id001
#         value: !astropy.table.SerializedColumn {name: sky_centroid.ra}
#         wrap_angle: !astropy.coordinates.Angle
#           unit: *id001
#           value: 360.0
#       representation_type: spherical
#   astropy version: '5.1'
#   kernelfile: kernel_f277w_f356w.fits
#   make_catalog parameters:
#     ab_zpt: 31.4
#     coadd_bands: !!python/tuple [f277w, f356w]
#     deblend_contrast: 0.001
#     deblend_nlevels: 32
#     deblend_npixels: 1
#     detect_kernel_fwhm: 4.0
#     detect_kernel_npix: 7
#     detect_npixels: 4
#     detect_threshold_nsigma: 3.0
#     flag_isolated_buffer: 4
#     hst_bands: !!python/tuple [f606w, f814w, f125w, f140w, f160w]
#     jwst_bands: !!python/tuple [f115w, f150w, f200w, f277w, f356w, f410m, f444w]
#     near_border_kernelsize: 21
#     reference_band: f200w
#   make_catalog version: 1.4.0
#   photutils version: 1.5.0
# schema: astropy-2.0
label xcentroid ycentroid sky_centroid.ra sky_centroid.dec bbox_xmin bbox_xmax bbox_ymin bbox_ymax area semimajor_sigma semiminor_sigma orientation eccentricity min_value max_value local_background segment_flux segment_fluxerr kron_flux kron_fluxerr kron_radius gini equivalent_radius kron4_2_flux kron4_2_fluxerr kron4_2_mag
[from data line 3785]
3786 2203.3784668896064 4452.633694531315 214.98955854985496 53.00834344644647 2202 2205 4451 4454 11.0 0.9908412940794614 0.8437226891446963 19.486060095316343 0.5243196482415744 0.25891842840033025 0.35536112834325173 0.0 3.4635023326226473 0.3879607 28.806218381471748 1.7238625579498361 3.5937736782550416 0.06151698076891568 1.8712051592547776 48.56614566634384 2.7256803544368475 27.184165904703224
3787 10373.417427571647 4455.378958846607 214.91623482956777 52.9565120317487 10372 10375 4451 4460 23.0 2.9167401021534305 0.8586443839175126 -81.8078881250656 0.955686926910053 -0.05710484296204176 0.13234042571018312 0.0 0.6742048989377948 1.4362992 13.102764548496594 17990336.296738856 4.002697145107773 0.4837431094051581 2.7057581899030048 27.162033847518178 29793948.81326213 27.815094284829744
3788 2810.370834212335 4461.175594569103 214.98401703865105 53.00453925883197 2803 2818 4453 4467 155.0 3.840014089168829 2.3148770037618385 35.949749672073786 0.7978694001361533 0.2183580245656339 2.2494968712687196 0.0 118.55233700166157 1.6050999 167.07784887239416 3.254103137576294 1.8979142491309835 0.3367444133058024 7.024103669400641 167.7799761688349 5.268530207121381 25.83814967906464
3789 9962.026923126721 4454.4390350321155 214.9199311957042 52.95911868598978 9960 9964 4453 4456 16.0 1.2311509937380207 0.9686536734906107 -27.461427053817786 0.6172245286368927 0.2911223620008665 0.45555295552846925 0.0 6.016940722006844 0.4194303 32.335982302692585 1.6863976045921643 3.2890155299253903 0.0764205312406015 2.256758334191025 45.65251526612212 2.688007968583067 27.25133822406986
3790 10368.152797716488 4455.6504345715 214.91627914199566 52.956546920591514 10366 10369 4453 4459 17.0 1.1218814697465662 0.8224932843430477 -88.81059028742021 0.6800805289977183 -0.0706743848497912 0.06247279610380598 0.0 0.1315119965851672 0.7760271 -0.04575100068528182 1.3939790069408913 1.4 0.2506864899656012 2.326213245840639 -0.7774297791839003 2.260568664364415 nan
3791 8737.99310497505 4459.395727109827 214.93085012126917 52.96691559336902 8731 8745 4454 4465 143.0 3.623664745428922 2.264003623037238 20.509780173554613 0.780798551453102 0.15934617878833823 1.218667048806102 0.0 80.86246672740481 1.2073141 109.12670754389313 2.309425955273638 1.8438437290039529 0.3024435338077015 6.746726148605861 109.91981507576469 3.6717235280675684 26.297310027304345
3792 6639.061788368673 4459.787733188285 214.94966812332464 52.98023932831459 6634 6645 4456 4463 71.0 2.9326351812115505 1.7276461776115017 2.029508088141998 0.808052485247181 0.16298899667734248 0.4630333070900276 0.0 24.085586394250896 0.83259165 57.050199656443915 2.467312583525545 2.556957732910418 0.12004833029606586 4.753945931439391 87.71971301937597 3.9303799530723027 26.54225699453557
3793 3433.8629884953157 4464.672645248295 214.9783815351983 53.00060287783764 3428 3439 4457 4472 132.0 3.159669454813893 2.2956579652398252 73.1460618938272 0.6871135575761276 0.1988834693297772 1.7679158359667526 0.0 86.3113756578175 1.3928705 125.7227664557797 3.383809416454689 2.156177131456421 0.319510062758882 6.4820448144285745 155.39509625349427 5.822390923247563 25.921406725479496
3794 1760.5027469693998 4458.655387907591 214.99347319345287 53.01118513632778 1759 1762 4458 4459 6.0 0.9494426732178898 0.47522454261575575 -0.28084597858239757 0.8657191909819406 0.26856468348686374 0.2925526698008144 0.0 1.6569192719713783 0.27104837 35.62541402584141 1.7146513267182972 4.03738091769468 0.017449638819890527 1.381976597885342 88.07195425882625 2.8654110475042924 26.537905917101305
3795 8291.933516217516 4463.448917258149 214.93480646662263 52.96976880613514 8287 8297 4459 4468 72.0 2.974094225992826 1.6666688966407035 -42.31013981415221 0.8282251688869136 0.20778470142880084 0.6461532436696603 0.0 30.003572862177936 0.81555426 66.47687215036896 2.2961164052736285 2.4619148532041324 0.1509046877821544 4.787307364817192 82.32238238854143 3.704606008843431 26.611205174233294
3796 7507.062826095894 4463.120339951721 214.9418478091086 52.97474860924759 7505 7509 4460 4467 34.0 2.002329258480026 1.227391852105811 85.13650955870486 0.790096849637251 0.2626762891856872 0.5210804377364637 0.0 12.70445235037872 0.55321217 42.70136311248049 1.9201071130271739 2.891075501437124 0.1128976503246907 3.2897623212397704 62.59140521861473 3.052583222240119 26.908713245344288
3797 1435.847655953182 4461.87400923627 214.99635579891194 53.01326172445808 1435 1437 4461 4463 8.0 0.8299486679711241 0.6874452084092643 -46.08302028740812 0.5602871152199134 0.5536020131348379 0.7637501917646836 0.0 5.310114302581955 0.47721362 21.084132334182314 1.7843408824337197 3.088132324886251 0.061977791184427186 1.5957691216057308 25.455961858609108 2.748021833318944 27.885526221031917
3798 1134.0639204320528 4463.24983333678 214.9990526153513 53.015183222444755 1133 1135 4462 4465 11.0 1.054682384986208 0.7739916615194377 75.84323806490139 0.6792982377619557 0.3311089936053389 0.4737638820127554 0.0 4.573541014462659 0.5558555 42.88177844477714 2.4881341145520954 3.626102056456726 0.06967604236942976 1.8712051592547776 54.309251338143206 4.114192980175202 27.06281545996532
3799 6720.385388738216 4478.9350258829745 214.94873682271108 52.97982664607029 6700 6743 4462 4496 1054.0 6.162484847652043 4.494634552616112 1.974658959249918 0.6841362210207157 0.14335383397711027 22.396638139039645 0.0 1947.8057561684768 3.7139518 1971.863279367693 3.870804548052726 1.4776841445238917 0.676620085936639 18.316621414379764 2135.5523813707673 5.5806169982043405 23.076224429053113
3800 2384.8477730690965 4465.117333403243 214.98779704994192 53.007259819673834 2383 2387 4463 4466 13.0 1.0142315271152218 0.7934545629613671 7.759584602470504 0.6228755452303313 0.6306546113768228 4.1446123882719625 0.0 30.05642215098023 0.45499393 47.457708017097126 0.7755437220090494 1.4294674854342253 0.30142982413576297 2.0342144725641096 43.72432632545107 1.256923076108512 27.29819218277605
3801 285.23736060835995 4465.874127773855 215.00665236024685 53.0205807527996 282 289 4464 4468 23.0 1.9512244571361579 0.9603977326041334 -18.282364066308748 0.8704806774575825 0.4036785201751319 0.7050925939180399 0.0 13.159396561585108 1.142745 63.017624768723074 inf 3.113401324272783 0.08771155769639616 2.7057581899030048 109.26722229820888 inf 26.303775242653636
3802 9173.451939530914 4465.760480684673 214.92687952094875 52.964185785921075 9171 9175 4464 4468 17.0 1.2262490467569687 1.0396435352779818 -46.90751975767136 0.5302775113016779 0.24515568554319947 0.3953234341050562 0.0 5.6841650829019175 0.3978056 21.321251633226453 1.4219959478686806 3.059802722487744 0.07206974923829852 2.326213245840639 30.181634175648647 2.2723455000562565 27.700643122944086
3803 8273.285017406177 4475.201128280998 214.93484980426837 52.969950630369496 8265 8284 4466 4483 243.0 3.54651641192382 2.6870500192253983 -26.63824473171313 0.6526506453625645 0.2624539000190767 8.712228406659762 0.0 344.7843383735052 1.5998299 387.0437154923359 2.3013689317668566 1.678517567881628 0.532141622260659 8.79484521425256 419.56759641793724 3.598562284076098 24.842995150339988
3804 454.50940261314764 4469.148859635168 215.00509663390167 53.01952495394566 453 456 4467 4470 12.0 0.8449959716829611 0.7468708782595324 76.20252695869858 0.4677230493877479 0.9356798385495259 19.299923473015756 0.0 95.84637317592842 0.9536403 235.00615706681867 inf 2.1797298929420235 0.4696491931165769 1.9544100476116797 226.06026256289533 inf 25.51443943078383
3805 399.57939551834653 4473.326223528017 215.00554622487832 53.019895897326556 396 403 4469 4474 43.0 2.037341360536602 1.069399831541249 8.676979780172958 0.8511640994616613 -1.0237923677678842 0.7202466083148714 0.0 0.3293246590704353 4.4910035 -146.36275130172749 5091034.001007754 1.4 0.9227651905381864 3.6996385101659595 -118.1919947510741 9227205.092832075 nan
3806 3868.7980891830007 4476.565926894291 214.97435127524724 52.997907861271784 3862 3881 4472 4481 91.0 4.778740163156131 1.5981787194545578 -22.923968240446783 0.9424187632791807 0.22233232142975604 0.7231845930036981 0.0 44.02951766113421 1.4773066 104.75823040000911 4.2405062681851415 2.2826302027243495 0.151609359549787 5.382025607773058 92.83550766652294 8.274382152231563 26.480714708316142
3807 9284.595011102161 4477.564708292356 214.92575889056698 52.96354398849528 9282 9287 4475 4480 30.0 1.8277967721102513 1.2145763851201161 44.0444528679423 0.7472856226190255 0.23419344249541046 0.36947933994834414 0.0 9.17711926182911 0.5517566 39.78687882192259 2.1293723789522896 3.14302401310029 0.07102880123023705 3.0901936161855166 47.468816018985756 3.399465997671805 27.208979001114553
3808 4430.411897351774 4476.0 214.96931575869561 52.99434166673347 4429 4432 4476 4476 4.0 1.1263305206807577 0.28867513459481287 0.0 0.9665980794901531 0.2812580939464865 0.36894280222325465 0.0 1.337754930042252 0.24862753 20.25407866630765 1.3072528739924705 3.6795344583288645 0.06841128459571635 1.1283791670955126 51.33841649265996 2.1986798515050747 27.123893827625878
3809 8233.145245385236 4483.300501173771 214.93512433291886 52.97024914127452 8224 8242 4476 4490 197.0 4.251492576834482 2.450681791709834 -31.428269767905206 0.8171475400783711 0.1716468123634721 1.7712224407200179 0.0 118.41001329094405 1.3825406 162.68894215205432 2.6645334623093775 1.9158283470787703 0.3428705601802232 7.918778161951929 170.0440565890502 4.319152841662074 25.823596357515264
3810 8795.717084221915 4484.820335120207 214.93006468668793 52.96668645744288 8791 8801 4477 4492 131.0 3.465448203770241 2.085104165261164 89.34793725794036 0.7987343505144668 0.1480704000223626 1.3681733097471875 0.0 72.52649444563393 1.1241835 114.60980243730522 2.660871343064341 2.3166348732307935 0.3198565451421581 6.457444935117649 143.5912454320082 4.276826094206694 26.007180094114364
3811 9942.409076590902 4479.103952021686 214.91984706171615 52.959376376055594 9941 9944 4477 4481 15.0 1.235320077710801 0.9123200626397733 80.17944919773267 0.674221391349696 0.3010486085245758 0.3865647806026677 0.0 5.147586759547676 0.40942734 18.44533033357431 1.453701479204651 2.987114847219027 0.051062310538443484 2.1850968611841584 19.6069794773216 2.3174808808167686 28.168973264347862
3812 7941.422648642272 4479.860787641195 214.9377762959476 52.9720821736575 7940 7943 4478 4482 17.0 1.3053512569808658 0.9807514546543777 75.31849277219368 0.6599250335855092 0.24141962975624753 0.30676621678158805 0.0 4.761488643582941 0.40158647 24.984478798439362 1.6012592326370465 3.3197964853918602 0.04168701611793041 2.326213245840639 28.202998624791476 2.5999684017188787 27.774261784435076
3813 3758.3057475349538 4484.301584252791 214.9752616924678 52.998650647330194 3755 3761 4481 4488 39.0 1.8945249578281653 1.4169243119495236 -64.3310330849693 0.6638060020402529 0.32321294410154405 0.8157445466260148 0.0 22.007582966368943 1.0763576 57.263237875232505 3.655867221028859 2.7010709857780366 0.14777874558327522 3.523362819972964 65.53650455071582 5.921594888118543 26.858791814571266
3814 4000.7242544618225 4482.825615165266 214.97310094295412 52.9971047010731 3999 4002 4482 4484 9.0 0.9608665658761347 0.6820095151737531 -20.45926916590883 0.7044174992106477 0.4387126656236933 0.5968893420235962 0.0 4.68439340011243 0.5087599 29.533453414461384 2.0234068368317866 3.3808110368719 0.06851601242002196 1.692568750643269 38.99579407802232 3.2891488653713457 27.42245557904964
3815 7790.795099698607 4488.735046621747 214.9390334414489 52.97308612660693 7789 7793 4486 4491 20.0 1.7755980930875925 0.8536860571062908 54.33911664986146 0.876836932819218 0.2243629966296198 0.30114573461275684 0.0 5.326479835513595 0.45109582 32.92445340175272 1.856253679921693 3.451183276696407 0.04618598487585483 2.5231325220201604 44.6576187299455 2.906814031432612 27.27526109613148
3816 4304.948425342753 4491.915018940636 214.97027417952356 52.99522366796321 4300 4310 4489 4494 46.0 2.579682912998969 1.2797416926963867 -6.927315244018459 0.8682740294153928 0.28231626082449063 0.7952777095884922 0.0 23.689625907798337 1.1893233 63.614069870693996 4.315808444730104 2.6562710113575965 0.14585792228292963 3.826519928662906 44.902923789667156 7.583424174802882 27.26931344902968
3817 2406.2450419481484 4492.119806097102 214.9873202103639 53.00727001897897 2405 2408 4491 4494 11.0 0.9979069576128685 0.8396815179622321 25.381262468084863 0.540346364922428 0.11907267833258046 0.47694264566670924 0.0 4.002048583076794 0.8046106 18.9196818203143 4254844.878215648 3.079934246774442 0.13744891284125438 1.8712051592547776 25.76141489200799 9944441.012920069 27.87257571984532
3818 9389.962415605421 4497.570413145261 214.92460362391037 52.96298312194498 9386 9394 4494 4501 58.0 2.0799889987932847 1.692068483245417 -28.261559395957494 0.5815666412025352 0.23757036576522292 1.0710360160443846 0.0 32.2691067451275 0.8074842 54.18188949431384 2.00684744597494 2.2943765920286783 0.24410356633951852 4.296739856991561 59.63359703250978 3.174730065532864 26.961272484255346
3819 9226.240410565433 4501.327346840892 214.92603150413854 52.96404271027491 9216 9236 4495 4508 205.0 4.961174557696634 2.8688450696751064 -8.385631449959847 0.815853076190113 0.18652648003954286 0.5901677400108236 0.0 82.22669489667194 1.3854449 171.2888375670721 4.064686776139121 2.4977630319550674 0.15178430998895512 8.07796550300118 209.10629826751597 6.738489345633818 25.599082215162493
3820 10093.417211988348 4501.258301232651 214.9182603420188 52.958537300110834 10088 10099 4496 4506 102.0 2.433809312818545 2.1929519003544113 -21.99174900745737 0.43374252436711686 0.15084313280866377 1.527754094226594 0.0 60.30843929223097 1.0714135 80.5976889260883 2.0276393981459564 1.8906050548774356 0.3485534998394969 5.698035485213008 82.05337352205278 3.2300485065866975 26.614758896920463
3821 6205.064877162735 4501.645439416912 214.9531202272503 52.98321955409731 6203 6208 4499 4504 28.0 1.4332558369403945 1.3859398019698324 -75.8478791638598 0.25482560289602596 0.1726089894386734 0.3757790753102638 0.0 7.92995911504076 0.52828693 19.339928097419843 1.4604971842317407 2.5262030418656813 0.12546456110182486 2.985410660720923 18.374700718624887 2.314224208799572 28.239449314596932
3822 6390.0697702590505 4508.455865949069 214.9513887409088 52.98208230679566 6386 6395 4503 4514 86.0 2.620649149689052 2.0391086001045817 -70.52660867032536 0.6281491682747463 0.19899705033980628 0.8595697942373558 0.0 38.30990774145561 0.8605963 55.24899362851758 1.7903937067648545 1.914065472195685 0.2334326670115973 5.232078956954491 55.45905743578864 2.8899005927287287 27.040068789560124
3823 7577.69056720442 4512.400954868443 214.9406950151295 52.974566473868826 7570 7585 4506 4518 157.0 3.611367124326885 2.2870570738685814 -25.905965760039134 0.7739113190950566 0.17588172886377335 1.6606096121818905 0.0 102.03511064836744 1.2841763 136.0534949638561 2.5383984017326795 2.0184256879762357 0.3437724517067157 7.069275219628611 160.96943307368184 4.031460965266012 25.88314146376768
3824 8366.64074858707 4515.666838458141 214.9335863009878 52.969576568435436 8353 8378 4507 4525 363.0 5.478660260691562 3.416326280422442 -17.02282275422565 0.7817677962346709 0.1681179484322588 2.461625280457789 0.0 243.75645957879044 2.0454328 326.7126933591318 3.987021521545338 2.0181100680645168 0.36991482325934355 10.749255261864239 371.3645282401029 6.499874344963424 24.975498953195594
