outputs/dr0.5_c0.1/nircam2_matched_f814w_f277w_dr0.5_c0.1.ecsv
# %ECSV 1.0
# ---
# datatype:
# - {name: label, datatype: int64}
# - {name: xcentroid, datatype: float64}
# - {name: ycentroid, datatype: float64}
# - {name: sky_centroid.ra, unit: deg, datatype: float64}
# - {name: sky_centroid.dec, unit: deg, datatype: float64}
# - {name: bbox_xmin, datatype: int64}
# - {name: bbox_xmax, datatype: int64}
# - {name: bbox_ymin, datatype: int64}
# - {name: bbox_ymax, datatype: int64}
# - {name: area, unit: pix2, datatype: float64}
# - {name: semimajor_sigma, unit: pix, datatype: float64}
# - {name: semiminor_sigma, unit: pix, datatype: float64}
# - {name: orientation, unit: deg, datatype: float64}
# - {name: eccentricity, datatype: float64}
# - {name: min_value, datatype: float64}
# - {name: max_value, datatype: float64}
# - {name: local_background, datatype: float64}
# - {name: segment_flux, datatype: float64}
# - {name: segment_fluxerr, datatype: float32}
# - {name: kron_flux, datatype: float64}
# - {name: kron_fluxerr, datatype: float64}
# - {name: kron_radius, unit: pix, datatype: float64}
# - {name: gini, datatype: float64}
# - {name: equivalent_radius, unit: pix, datatype: float64}
# - {name: kron4_2_flux, datatype: float64}
# - {name: kron4_2_fluxerr, datatype: float64}
# - {name: kron4_2_mag, datatype: float64}
# meta:
#   PHOTMJSR: 0.3925000131130219
#   PIXAR_SR: 2.11539874851881e-14
#   __serialized_columns__:
#     area:
#       __class__: astropy.units.quantity.Quantity
#       unit: !astropy.units.Unit {unit: pix2}
#       value: !astropy.table.SerializedColumn {name: area}
#     eccentricity:
#       __class__: astropy.units.quantity.Quantity
#       unit: !astropy.units.Unit {unit: ''}
#       value: !astropy.table.SerializedColumn {name: eccentricity}
#     equivalent_radius:
#       __class__: astropy.units.quantity.Quantity
#       unit: !astropy.units.Unit {unit: pix}
#       value: !astropy.table.SerializedColumn {name: equivalent_radius}
#     kron_radius:
#       __class__: astropy.units.quantity.Quantity
#       unit: !astropy.units.Unit {unit: pix}
#       value: !astropy.table.SerializedColumn {name: kron_radius}
#     orientation:
#       __class__: astropy.units.quantity.Quantity
#       unit: &id001 !astropy.units.Unit {unit: deg}
#       value: !astropy.table.SerializedColumn {name: orientation}
#     semimajor_sigma:
#       __class__: astropy.units.quantity.Quantity
#       unit: !astropy.units.Unit {unit: pix}
#       value: !astropy.table.SerializedColumn {name: semimajor_sigma}
#     semiminor_sigma:
#       __class__: astropy.units.quantity.Quantity
#       unit: !astropy.units.Unit {unit: pix}
#       value: !astropy.table.SerializedColumn {name: semiminor_sigma}
#     sky_centroid:
#       __class__: astropy.coordinates.sky_coordinate.SkyCoord
#       dec: !astropy.table.SerializedColumn
#         __class__: astropy.coordinates.angles.Latitude
#         unit: *id001
#         value: !astropy.table.SerializedColumn {name: sky_centroid.dec}
#       frame: icrs
#       ra: !astropy.table.SerializedColumn
#         __class__: astropy.coordinates.angles.Longitude
#         unit: *id001
#         value: !astropy.table.SerializedColumn {name: sky_centroid.ra}
#         wrap_angle: !astropy.coordinates.Angle
#           unit: *id001
#           value: 360.0
#       representation_type: spherical
#   astropy version: '5.1'
#   kernelfile: kernel_f814w_f277w.fits
#   make_catalog parameters:
#     ab_zpt: 31.4
#     coadd_bands: !!python/tuple [f277w, f356w]
#     deblend_contrast: 0.001
#     deblend_nlevels: 32
#     deblend_npixels: 1
#     detect_kernel_fwhm: 4.0
#     detect_kernel_npix: 7
#     detect_npixels: 4
#     detect_threshold_nsigma: 3.0
#     flag_isolated_buffer: 4
#     hst_bands: !!python/tuple [f606w, f814w, f125w, f140w, f160w]
#     jwst_bands: !!python/tuple [f115w, f150w, f200w, f277w, f356w, f410m, f444w]
#     near_border_kernelsize: 21
#     reference_band: f200w
#   make_catalog version: 1.4.0
#   photutils version: 1.5.0
# schema: astropy-2.0
label xcentroid ycentroid sky_centroid.ra sky_centroid.dec bbox_xmin bbox_xmax bbox_ymin bbox_ymax area semimajor_sigma semiminor_sigma orientation eccentricity min_value max_value local_background segment_flux segment_fluxerr kron_flux kron_fluxerr kron_radius gini equivalent_radius kron4_2_flux kron4_2_fluxerr kron4_2_mag
[from data line 4502]
4503 9299.964442655302 3902.4639709333696 214.8595408072636 52.88796422304295 9287 9311 3892 3912 310.0 6.468244316068519 2.7427993368086483 -38.36245965915854 0.9056430978014589 -0.04944781737378645 1.6376568834718235 0.0 130.0303884078287 4.7068095 209.19020895540524 11.506139735792537 2.3166061172581807 0.3833233327362937 9.933582672781009 260.72703409972644 18.456056868710103 25.359534839113802
4504 9280.530773238517 3911.0961478161685 214.85962361681263 52.88813423752909 9270 9291 3903 3918 223.0 3.938568470606009 3.189149664586476 20.897320918645413 0.5868122241720823 -0.15319394328510078 1.1510005045020302 0.0 97.48429951149322 3.9650607 154.56352330041778 9.727005810428846 2.339216902535112 0.3551737228918815 8.42514715711158 203.2587274310986 15.608856890692172 25.629876994484874
4505 7149.94130740846 3902.746610669578 214.8787607615145 52.90162322272681 7144 7156 3897 3909 128.0 2.9125874996752006 2.3830415497381914 73.04546919968223 0.5749520437433445 -0.003531621407380059 1.4308643819076075 0.0 59.51384881663816 3.082375 79.30262940376885 6.341015585939079 1.9872462215651536 0.3605730951068306 6.383076486422923 86.25822822586187 10.184709893801404 26.560498666647028
4506 7158.725414061567 3904.8776405058925 214.87865976024045 52.90157892642156 7155 7163 3900 3909 71.0 2.132728882291491 2.0638712749643857 35.8403474340143 0.2520513975170085 0.15550213761927922 0.9408950442001193 0.0 35.245992242942684 2.306733 49.02046851595235 5.479882450176765 2.155463285101462 0.24797307123643403 4.753945931439391 59.83146458063325 8.758971919770111 26.957675915446178
4507 3136.471682588869 3913.9968367315055 214.9145583039629 52.927170151313476 3126 3147 3903 3926 349.0 4.639564011716815 4.160717298871072 69.41166410413085 0.4424552592657662 -0.04417318634204638 2.7086433246513986 0.0 281.29476955414424 5.4996586 325.6770142941138 9.875438689746641 1.7441819031414598 0.39011387816578086 10.539931227391522 374.18244284454505 15.878003635593641 24.96729148513262
4508 3130.0559651786148 3924.6926131841365 214.91450310601488 52.92726861738005 3122 3139 3914 3934 242.0 3.7415104230320497 3.2125710909189578 78.15112947806982 0.5125967642370689 0.0032780791804865855 2.920903465276831 0.0 193.15295531013396 4.552766 215.50581570202982 7.839106035989871 1.7238772839929721 0.46252677391291813 8.77673016883152 239.48708399312872 12.404858336257947 25.451794759921782
4509 3148.2678325253755 3927.5808468579557 214.91430961672162 52.92716858343327 3139 3156 3919 3935 210.0 3.2596163133927285 2.7010420744074413 -17.561506449833004 0.5597847782772901 -0.10558304036307224 2.3943699109871877 0.0 110.7490245904118 4.199221 129.58532250512462 6.369667976594086 1.6721802237758938 0.5091647855766983 8.175883811466258 142.14115989064106 10.212822866296387 26.018200362446976
4510 2394.9042084805214 3935.111090112657 214.9209767363522 52.93199202627157 2361 2430 3909 3962 2738.0 12.242268756333033 9.645255492914012 18.524812577799906 0.6158479421237762 -0.24819400636621625 2.5454324175920218 0.0 499.0088602427549 15.167076 649.1637301723545 29.634039659201136 2.1116171252398415 0.6032817357041546 29.521728749706018 969.9082437797707 47.839503524456816 23.933173373367875
4511 2366.9619789218277 3959.4513577330185 214.92097063461213 52.932300810974034 2354 2384 3944 3973 598.0 6.866961635104103 5.225472721873757 -36.491491388006814 0.6488005735382527 -0.07491481578682477 1.4363985525301646 0.0 225.3064925623286 7.1176558 404.2793355270393 20.058400398345828 2.511600545707933 0.32224711898023406 13.796713809378915 520.710438879625 32.16349152192431 24.60850928942717
4512 8973.684872885236 3922.8155451637977 214.86224294315556 52.89014679167311 8971 8977 3920 3926 34.0 1.7950305292431386 1.355853958837513 -12.294203050769543 0.6553359354819788 -0.09027613869653861 0.29976402372824285 0.0 4.269486859014563 1.7167705 24.107872754289588 5.988856396975822 2.988928543475646 0.34236271214666636 3.2897623212397704 29.996733912720142 9.472671468548777 27.707315073275954
4513 8975.9053144208 3928.8392217817877 214.8621596701661 52.89016517259914 8972 8980 3923 3933 71.0 2.3109001123277655 1.862444362269691 -74.86285574485159 0.5919986843094506 -0.016536295817701763 0.5136271960964245 0.0 12.334369024753617 2.4827144 41.788592118953375 7.657691683240056 2.915733119752337 0.4190134237424243 4.753945931439391 45.610471017393365 12.21502328952961 27.25233860698817
4514 7117.711300282411 3928.0803328112906 214.8787822508919 52.901964599103835 7108 7126 3922 3935 142.0 5.050693123521343 2.433341940267742 8.570559428716171 0.8762901377004854 -0.25875461061492194 0.39528014137766004 0.0 14.304269103147185 3.3124099 143.5170288399598 15.912968764802502 3.5762363817737333 0.4282559576637611 6.723094811029982 201.4845754739751 25.53294289797348 25.639395488483885
4515 7137.939171121535 3934.0380967084666 214.87853860402606 52.90186826125008 7126 7149 3926 3942 284.0 4.403605286538896 3.1645889277863994 -7.490547238949884 0.6953865236686425 -0.18961412283634965 1.1756587275716741 0.0 87.57760429998713 4.657758 129.26586077698792 9.938346410388938 2.1808595273387454 0.4600431741708531 9.507891862878783 175.81514860024285 15.957386763409893 25.78735926982715
4516 3386.3021332434932 3928.5361894779617 214.91216824934807 52.92566247956995 3382 3390 3925 3932 46.0 1.646360002997879 1.485194140624075 59.39701209900159 0.43151081399022395 0.09390463544176575 1.6301828111980465 0.0 27.27913670396588 1.9820985 56.64099486110534 5.381554179069638 2.6496892296490517 0.37714533160146196 3.826519928662906 62.68933591903473 8.598764202014317 26.907015826767505
4517 3380.991162855274 3938.835680145453 214.91210733012028 52.925751791503366 3371 3389 3929 3945 185.0 5.056347655615141 2.3236346778412686 -31.670337545823962 0.8881529117922896 -0.0983005042206695 0.9114771338470549 0.0 70.92327903019041 4.0077057 125.69156020862559 10.738098648691755 2.413105834260348 0.33592325299164866 7.673807981960539 116.57501914863983 17.138939364762138 26.233486261340378
4518 2003.2608516117602 3946.990401964438 214.9243594029077 52.93454238992524 1981 2020 3930 3966 1001.0 9.363686251721614 7.376359808719302 35.97070775485253 0.6159792412701107 -0.4748729578609611 0.6771824841432834 0.0 69.65342513892529 9.888579 88.26319662216962 16.134110203302875 1.4 0.4844185536533279 17.850159553067712 58.05930190324328 25.638667848125074 26.99032047591949
4519 1992.6131611002324 3964.5417451005983 214.92426991894044 52.93470473637689 1982 2003 3955 3972 270.0 4.474286208832512 3.5817116469340284 28.71933948849623 0.5993191602315452 -0.327789338620072 0.3539878180115867 0.0 3.6825214399706017 5.0001383 22.09825292922858 22.124690054983116 4.163436895542186 0.4834172497839598 9.27058084855655 52.03867234064948 35.66400945932169 27.10918448024178
4520 3734.8194629246423 3946.1315986429654 214.9088626643789 52.92354467007054 3717 3750 3938 3957 461.0 6.8353893936711945 3.401012512330243 -0.17175580833816878 0.8674298845571864 -0.22641072593209555 2.048161340154305 0.0 209.44640776719362 6.3476086 282.321215190246 12.881213395206586 2.049668665224782 0.45770880177267403 12.11366408361762 330.4390086436711 20.63361679051153 25.102271723606975
4521 3742.3730019034174 3958.9763331447307 214.90865976588614 52.92356603767056 3738 3746 3954 3963 61.0 2.1160964935650175 1.8100664522328633 -89.24173663585145 0.5180011487947849 0.038293008779828684 0.5181958866317019 0.0 16.22035742459167 2.265739 36.037154540218 6.347980598614515 2.498122770567575 0.2750956351448905 4.406461512053774 53.69396900125363 10.111804388767915 27.075186230656538
4522 2157.9477005946737 3964.850488223063 214.92278578451536 52.933656836179765 2132 2183 3947 3983 1100.0 12.829121472363296 4.6152108162649625 -27.46191399546319 0.9330507051683761 -0.2614321685597037 1.1434243996004352 0.0 143.82346837046236 10.074042 211.2039530841855 19.070452986664925 1.828045209761075 0.5180248980408411 18.712051592547777 174.7325799875272 30.66820288075145 25.79406527632905
4523 2172.368698689484 3972.962901055877 214.92257117849022 52.9336090838544 2167 2177 3966 3978 85.0 3.4729693408781213 1.3517241832959632 -47.37535915203103 0.9211478613448728 -0.11985733677409069 0.42533183448750617 0.0 13.15134008267887 2.7624466 28.000512179024188 8.47277153941439 2.909178287855447 0.4012682202094547 5.201570947860099 22.250015065804803 13.579522415554946 28.031674226539792
4524 6855.5757073018885 3962.666193786757 214.8807626035094 52.90381612093262 6843 6868 3952 3981 505.0 5.688159959984417 5.060175032839264 80.49964856630356 0.45674458355785313 -0.18565555290770835 2.7225697670043845 0.0 207.63868432140276 6.6955233 477.8229126500131 19.85056892228963 2.762771943353658 0.43345749961208413 12.678584010953838 729.2457876152896 31.680921051985113 24.24281517709843
4525 6845.589942864809 3978.8819718612554 214.88068116309358 52.90396702565162 6836 6858 3966 3990 315.0 5.461821379477215 4.666339571907899 72.61802870992223 0.5196882887090242 -0.2047666096759116 0.49876277027286775 0.0 54.87131399157943 5.291785 448.5295367084567 23.43009358736103 3.5105794744958385 0.3328742174579483 10.013371767186818 688.8749435230118 37.766233560575 24.30464902892959
4526 2959.685993856944 3974.49533369914 214.91550414338073 52.928619087741154 2946 2977 3965 3987 470.0 5.2865002487529615 3.40740901716892 -8.865262757777723 0.7645629130503332 -0.2205706936145135 3.25567898672806 0.0 170.68180991681135 6.1312885 191.04215700397182 8.380809060433036 1.5729382362999988 0.6062305146950572 12.231338704589191 202.28466797681074 13.407716062933261 25.635092582561413
4527 2979.463406359108 4007.7222983884926 214.91497709964358 52.928672880627886 2941 3015 3984 4038 2727.0 16.89215405631282 7.735873811051182 -26.791443147964845 0.8889745397398618 -0.37780231985193913 1.05136880024154 0.0 278.98500888348576 14.881105 283.7675059873339 20.170998990109936 1.4 0.584124584298056 29.462366836749506 251.18481680442568 32.331139875964034 25.400016539102054
4528 1770.8466334349373 3981.497610593895 214.92607778208267 52.93620405449526 1766 1775 3977 3988 89.0 2.4020193420889444 1.8409513802614101 -73.85035725180703 0.6423419006679544 0.045384571009492135 2.250723096672445 0.0 59.65041703433602 2.7368462 66.1021075705131 3.8450684082445967 1.4231945068327565 0.4213718780985823 5.322553886092406 67.2897541063597 6.139756073186418 26.83012764678861
4529 1783.2904790032874 3983.295519673264 214.9259473778938 52.93613476814857 1773 1794 3974 3993 305.0 3.507450129690102 3.0582226490307765 -40.79712939212704 0.489644939311455 -0.05148726553716757 7.248360163705794 0.0 256.37915502555563 5.076724 267.93908063033115 5.857440277780478 1.5000673435841951 0.6187994105002206 9.853147481188747 289.05218622139574 9.393417688665329 25.24755935381853
4530 1793.8901572502389 3982.391838523039 214.92586194789737 52.93606260299268 1790 1800 3975 3990 122.0 2.462593475480815 2.1729312301480226 76.38564013841734 0.47054663491585597 -0.12637940940219303 2.919388990328899 0.0 76.25067861433219 3.2083707 96.90966838626287 5.976981571650879 2.0258398386220597 0.5319574580986206 6.231677632421503 120.53192898639134 9.490698071029106 26.197244732394836
4531 1802.5844881711698 3995.5824101374074 214.92564513798047 52.936078624934105 1797 1808 3989 4000 111.0 2.3627327724401543 1.888296058102097 31.277680694863548 0.601065172973757 -0.19713045645456845 2.681831131814332 0.0 65.9965279718241 3.001085 69.53754212805954 3.856979396679781 1.4450498726464291 0.5181960345182107 5.944106103225343 69.35922192678225 6.215295384396623 26.797239468572993
4532 6472.7919592737135 4055.7504266059327 214.8832063232661 52.90674947108536 6409 6545 3975 4113 11610.0 22.336800778945747 20.46957425232602 -53.05232096990202 0.40025038609218233 -0.4090398994681799 9.724311522122443 0.0 3115.03303976344 32.42841 3308.4030824943784 39.809950633446356 1.4007642470845458 0.681794342079088 60.79126399898105 3548.166781511356 64.46567530862623 22.524989935891856
4533 6436.664527985675 4083.32887855195 214.8832390755004 52.90712771025791 6381 6492 4030 4139 4214.0 17.42447541615518 8.541727884353579 40.760600257890545 0.871601911071935 -0.356163943771512 18.07755138325251 0.0 1815.6766510833086 20.66226 1921.5602256947666 21.47455904845683 1.4 0.7165954581341164 36.62455269868144 1973.2530412252831 32.042359644281625 23.16204304794232
4534 6423.1235318001045 4113.74773883052 214.883039870376 52.90737782282854 6380 6477 4088 4161 3189.0 12.119892629468124 7.0449804701168315 39.81781512299275 0.8137077761140894 -0.38825461737536543 13.648187671056839 0.0 2790.2531099879257 18.134422 2816.4908621963923 16.462455259209232 1.4 0.734464315495436 31.860480646721395 2872.9647491170235 24.99173417369867 22.75417425677255
4535 6490.560457429995 4105.838548493671 214.88251991426077 52.906906846059414 6478 6514 4095 4125 661.0 7.809634036930012 4.5725244063539385 38.84725226926689 0.8106739155823636 -0.326130699549 1.1494631606325978 0.0 114.262411259434 8.145225 123.8792590583249 12.789626448005947 1.784697912902111 0.5951752302860573 14.505269206998044 180.79610131660712 20.38408447324678 25.757027347192288
4536 6403.624310432326 4127.7764415930815 214.88306656530594 52.90757735159883 6371 6425 4097 4168 1840.0 11.622051438083833 7.895388194298745 69.81831266186406 0.7338185806278383 -0.37715248162662995 4.594446318831313 0.0 430.63728014570864 13.853873 511.36124811271867 22.09309417480755 1.6184092198382003 0.6848431479669166 24.201036973199617 575.015059327256 33.23583963310443 24.500801953071203
4537 6159.1402042436175 4015.2425548581496 214.88643874688464 52.9085229455691 6135 6183 3992 4038 1538.0 7.663005016007205 5.836046082572632 61.98184306175254 0.6480625174101815 -0.48767544655593903 6.548381302693516 0.0 852.6938540105523 12.5118685 919.2154329689989 15.916212479004452 1.6786494123537814 0.6737756505738901 22.12601647271081 1068.3871516656602 25.456721457047795 23.82817835852075
4538 6137.345578138271 4002.0632560164795 214.88677251289883 52.90859025475484 6136 6140 3999 4005 29.0 2.235558125901165 0.7479048687036949 -70.72703998513875 0.9423781764354697 -0.09785827186275535 0.30631056578862953 0.0 3.144110927250611 1.6876044 12.454598893573465 5.564358248252031 2.9229830569206476 0.4129391011737854 3.0382538898732494 42.860120880841464 8.737783719783824 27.31986652106746
4539 6186.1248527788985 4020.66157125187 214.88614027278354 52.90838080467402 6181 6191 4014 4025 94.0 2.9323259769264527 2.1742461774578397 48.0952465875654 0.6709805800559927 -0.3121822112179971 0.46986742538786874 0.0 15.28586533022792 3.0568452 77.20248414505059 11.474038701325346 3.2485140600607414 0.35383560199359215 5.4700209598571305 132.58771537760754 18.410067932630472 26.09374178166197
4540 6860.83101776457 4001.6218251829 214.88030538319273 52.903992900865845 6859 6863 3998 4005 30.0 2.2780968041749343 0.8663007841866321 80.39370990930571 0.9248739112274463 -0.13059823658866576 0.32992564013939973 0.0 4.9920138222642665 1.624622 46.32277674517127 6.880323706833936 3.6902228442726788 0.2712519693210205 3.0901936161855166 107.90504729342472 10.927629776643661 26.317395601443415
4541 6859.920308715714 4010.0402486136704 214.88022487972393 52.90404410079164 6857 6862 4006 4014 36.0 2.4233205147812815 1.2387794736610727 -67.88472030149728 0.859467178282636 -0.011521550472090088 0.4514085837229655 0.0 7.749115321016968 1.7771616 42.468690225267046 6.817434388338648 3.149700504244434 0.3309572001397776 3.385137501286538 94.77624468684812 11.271096733050223 26.45825125829628
