outputs/dr0.5_c0.1/nircam6_matched_f115w_f277w_dr0.5_c0.1.ecsv
# %ECSV 1.0
# ---
# datatype:
# - {name: label, datatype: int64}
# - {name: xcentroid, datatype: float64}
# - {name: ycentroid, datatype: float64}
# - {name: sky_centroid.ra, unit: deg, datatype: float64}
# - {name: sky_centroid.dec, unit: deg, datatype: float64}
# - {name: bbox_xmin, datatype: int64}
# - {name: bbox_xmax, datatype: int64}
# - {name: bbox_ymin, datatype: int64}
# - {name: bbox_ymax, datatype: int64}
# - {name: area, unit: pix2, datatype: float64}
# - {name: semimajor_sigma, unit: pix, datatype: float64}
# - {name: semiminor_sigma, unit: pix, datatype: float64}
# - {name: orientation, unit: deg, datatype: float64}
# - {name: eccentricity, datatype: float64}
# - {name: min_value, datatype: float64}
# - {name: max_value, datatype: float64}
# - {name: local_background, datatype: float64}
# - {name: segment_flux, datatype: float64}
# - {name: segment_fluxerr, datatype: float32}
# - {name: kron_flux, datatype: float64}
# - {name: kron_fluxerr, datatype: float64}
# - {name: kron_radius, unit: pix, datatype: float64}
# - {name: gini, datatype: float64}
# - {name: equivalent_radius, unit: pix, datatype: float64}
# - {name: kron4_2_flux, datatype: float64}
# - {name: kron4_2_fluxerr, datatype: float64}
# - {name: kron4_2_mag, datatype: float64}
# meta:
#   PHOTMJSR: 2.962800025939941
#   PIXAR_SR: 2.11539874851881e-14
#   __serialized_columns__:
#     area:
#       __class__: astropy.units.quantity.Quantity
#       unit: !astropy.units.Unit {unit: pix2}
#       value: !astropy.table.SerializedColumn {name: area}
#     eccentricity:
#       __class__: astropy.units.quantity.Quantity
#       unit: !astropy.units.Unit {unit: ''}
#       value: !astropy.table.SerializedColumn {name: eccentricity}
#     equivalent_radius:
#       __class__: astropy.units.quantity.Quantity
#       unit: !astropy.units.Unit {unit: pix}
#       value: !astropy.table.SerializedColumn {name: equivalent_radius}
#     kron_radius:
#       __class__: astropy.units.quantity.Quantity
#       unit: !astropy.units.Unit {unit: pix}
#       value: !astropy.table.SerializedColumn {name: kron_radius}
#     orientation:
#       __class__: astropy.units.quantity.Quantity
#       unit: &id001 !astropy.units.Unit {unit: deg}
#       value: !astropy.table.SerializedColumn {name: orientation}
#     semimajor_sigma:
#       __class__: astropy.units.quantity.Quantity
#       unit: !astropy.units.Unit {unit: pix}
#       value: !astropy.table.SerializedColumn {name: semimajor_sigma}
#     semiminor_sigma:
#       __class__: astropy.units.quantity.Quantity
#       unit: !astropy.units.Unit {unit: pix}
#       value: !astropy.table.SerializedColumn {name: semiminor_sigma}
#     sky_centroid:
#       __class__: astropy.coordinates.sky_coordinate.SkyCoord
#       dec: !astropy.table.SerializedColumn
#         __class__: astropy.coordinates.angles.Latitude
#         unit: *id001
#         value: !astropy.table.SerializedColumn {name: sky_centroid.dec}
#       frame: icrs
#       ra: !astropy.table.SerializedColumn
#         __class__: astropy.coordinates.angles.Longitude
#         unit: *id001
#         value: !astropy.table.SerializedColumn {name: sky_centroid.ra}
#         wrap_angle: !astropy.coordinates.Angle
#           unit: *id001
#           value: 360.0
#       representation_type: spherical
#   astropy version: '5.1'
#   kernelfile: kernel_f115w_f277w.fits
#   make_catalog parameters:
#     ab_zpt: 31.4
#     coadd_bands: !!python/tuple [f277w, f356w]
#     deblend_contrast: 0.001
#     deblend_nlevels: 32
#     deblend_npixels: 1
#     detect_kernel_fwhm: 4.0
#     detect_kernel_npix: 7
#     detect_npixels: 4
#     detect_threshold_nsigma: 3.0
#     flag_isolated_buffer: 4
#     hst_bands: !!python/tuple [f606w, f814w, f125w, f140w, f160w]
#     jwst_bands: !!python/tuple [f115w, f150w, f200w, f277w, f356w, f410m, f444w]
#     near_border_kernelsize: 21
#     reference_band: f200w
#   make_catalog version: 1.4.0
#   photutils version: 1.5.0
# schema: astropy-2.0
label xcentroid ycentroid sky_centroid.ra sky_centroid.dec bbox_xmin bbox_xmax bbox_ymin bbox_ymax area semimajor_sigma semiminor_sigma orientation eccentricity min_value max_value local_background segment_flux segment_fluxerr kron_flux kron_fluxerr kron_radius gini equivalent_radius kron4_2_flux kron4_2_fluxerr kron4_2_mag
[from data line 4650]
4651 7470.275121479736 2687.1489083698366 214.83249453808614 52.81986098736865 7436 7510 2681 2741 1714.0 8.29961954649869 6.5352283714118276 6.8157768902003095 0.6164257934317995 0.4770242152267679 1481.8720200238604 0.0 108271.3607840351 63.768787 251873.31326947288 inf 1.7056087793764507 0.7942245343540075 23.357721312641292 254108.95742758672 inf 17.88745006412725
4652 7435.803457084794 2694.9854738448716 214.83271961897543 52.82012229845502 7386 7453 2683 2734 1829.0 13.5214300037986 6.209762764973272 -22.47421604767746 0.8883053024258719 0.3165256718376004 127.85154412352493 0.0 16009.741610564253 15.3740635 226766.38145760377 inf 2.9758463004619173 0.6443564269224945 24.128588475709748 230892.89482590943 inf 17.991473578116086
4653 7515.645331622029 2701.4972864228243 214.83193895099814 52.819650004080046 7488 7615 2684 2763 4343.0 31.804962736626727 5.898710375046823 29.777757362723726 0.9826508531725556 0.1712985110844224 157.91591849188077 0.0 20965.10015419083 20.506523 129119.8299851594 inf 1.7737410366894004 0.6951181917204057 37.180906870276885 132964.70150453338 inf 18.59065909262854
4654 7470.019815354894 2716.825008873516 214.83218474299122 52.820022580745565 7447 7492 2700 2751 1077.0 11.795297129199115 5.851161402688524 -88.22928100379927 0.8682889081335284 0.747569998670185 57.11429953256507 0.0 10128.38364868688 11.644383 222231.4272615914 inf 3.5278651359593685 0.4889020820259948 18.515392175699183 228798.50121916324 inf 18.00136706196129
4655 7379.507288534976 2726.5620160862227 214.83288973197816 52.82065027637604 7319 7417 2695 2762 2762.0 25.532263404755128 6.467074443920068 -29.728214415558636 0.9673903184149101 0.15514090279797554 9.721279952730715 0.0 5716.886732871259 13.811195 165019.86317185964 inf 4.004252545496875 0.4584112699689529 29.650833135674784 173434.2006052293 inf 18.30216314273285
4656 7483.841102325085 2728.86400338095 214.8319348550911 52.81999964257718 7475 7499 2716 2749 460.0 6.63545286901629 5.16398080815252 68.02182987017737 0.6279658451155934 0.9031356306979003 9.447284795418094 0.0 1286.3156559894562 5.9874344 2522.2884272474666 11.840525272488847 2.515335813142824 0.3345811732124351 12.100518486599809 107248.795404932 inf 18.824018942541752
4657 7460.779521248881 2752.7070956715615 214.8318898291675 52.82027472690725 7446 7466 2734 2784 614.0 13.015107241644301 4.174436818414514 -89.39752820095468 0.9471680240964524 0.5526350358621999 6.183074767342967 0.0 968.575257727847 6.4284773 112658.83351002766 inf 5.526279817615437 0.327826485499294 13.980066885278035 120053.63244744306 inf 18.701561737538537
4658 7473.026037834624 2758.9174550421617 214.83171528144672 52.82023037660737 7465 7488 2745 2788 670.0 9.106917508363487 4.842292727445149 79.9116610476482 0.8469227914841414 0.637316833264209 8.035845016610018 0.0 1930.1168380600307 7.230338 3944.847478604294 16.252268130358214 2.62576845689581 0.39423012145981773 14.60368527951557 129537.95712808063 inf 18.619007390619192
4659 7637.548283196742 2772.5965598091007 214.83010393008246 52.819258553295725 7610 7681 2749 2798 601.0 21.514122845654374 3.0133417677450267 29.360168935104646 0.9901425334299453 0.2932447765483708 2.0406659952097197 0.0 699.9539318807934 6.1491404 3716.756467649832 25.532882332732616 3.0547021984887244 0.182455688671257 13.831277655967225 107895.17090774908 inf 18.81749498178322
4660 7287.474753114814 2780.168836099154 214.8331469578251 52.821524114403275 7233 7321 2760 2811 698.0 28.34267667972792 2.663033896699074 -28.25926636837888 0.9955761197203673 0.2772306270578673 2.1887902001784285 0.0 827.7271930927672 6.7539763 47648.730719252584 inf 3.064734391086342 0.18593166174932002 14.905713688256792 141243.11640122038 inf 18.52508177172374
4661 7470.268797257305 2798.0141144206395 214.83132872964185 52.820458649290345 7457 7482 2772 2842 907.0 17.537542907109398 4.048903303697241 89.60774143401066 0.9729844600341795 0.4173145643708464 4.549405602664534 0.0 1864.7707971335744 8.018288 105662.58242907171 inf 2.9754979302923097 0.28793053054950074 16.991382132383997 112845.21893407927 inf 18.768792091344434
4662 6012.747070649148 2531.639929812795 214.84713388383585 52.82828440559039 6011 6016 2526 2534 29.0 2.2169886925349243 1.0881514143774544 -66.57178803836248 0.8712587054333876 0.12139744203934859 0.9368810887636854 0.0 11.485639092820813 1.5470225 202.817472512165 7.461537010488588 3.841452899016444 0.34624702932478324 3.0382538898732494 311.5309035886744 11.890736796355197 25.166247163103346
4663 6014.215718041635 2541.6994758291567 214.84701499011723 52.828329313650336 6011 6021 2532 2553 164.0 4.855583519861954 2.4520643856734523 85.93134614363183 0.8631199805051049 0.05001208312738012 0.6483555963129478 0.0 32.718182273258144 3.0931942 357.93693209610603 14.897877607346462 3.6392626406737416 0.2935034911821039 7.225151993843567 400.24383636733836 9911217.305261139 24.894188368398385
4664 1501.9829442462415 2530.9206458552762 214.8874216047892 52.85693469214459 1501 1503 2530 2532 6.0 0.7589400308831159 0.6001081971841002 48.20076680698652 0.6121794524743772 0.03807537740259749 0.07699546842768772 0.0 0.3505679299629054 0.5854117 13.340507991474936 3.0245237519455 4.142131036351255 0.15795738511290763 1.381976597885342 29.88285799865107 4.807931977329445 27.71144467228829
4665 1504.0 2532.569913717577 214.88738623392837 52.85693078056291 1504 1504 2532 2533 2.0 0.5731015664154763 0.28867513459481287 90.0 0.863874700072783 0.06514273904830498 0.0863216105732013 0.0 0.1514643496215063 0.34015906 4.073695979661123 1.6463570937954968 4.013008893624396 0.13982743515434573 0.7978845608028654 11.07545244840868 2.7008794652075734 28.78909630794652
4666 7702.115953739159 2542.9573830939544 214.8319428456809 52.81761036031574 7695 7708 2539 2547 57.0 4.019199009676374 1.1492378896765494 -25.301625971214868 0.9582484052016282 0.5625869404686417 0.8592355618791118 0.0 42.98976631337671 2.3464003 571.638007377903 9.904693453030342 3.780050849408336 0.04602074168613085 4.259537945889915 1067.8214942429972 16.243505942870144 23.82875335362603
4667 7687.640807287596 2551.1925768501924 214.83198535999873 52.81774674261666 7681 7695 2545 2556 76.0 4.798140405582141 1.313885493875418 -31.69716105157822 0.9617774737648171 0.7507259012411646 1.121744656708903 0.0 67.80393226883638 2.2075233 833.2884103086352 10.849174572664998 3.803990547357196 0.05039099964864846 4.918490759365935 1520.774558630099 18.402860701406013 23.44483790372282
4668 7675.926439190194 2557.169500461642 214.83202699649746 52.8178534067525 7670 7681 2552 2562 52.0 3.8090944117766794 1.1745342378042323 -42.6709191788948 0.9512729794315156 0.9222825034540162 1.1838059674769148 0.0 54.79599591903378 1.7549303 617.3432420290344 8.513752194497133 3.6576359845935613 0.036374269599496516 4.068428945128219 1109.874165343254 13.896554806297774 23.786815644012947
4669 1286.025678686285 2581.888152723242 214.8888153023415 52.858581194819436 1254 1317 2540 2624 3736.0 12.805097106121444 7.083398318278174 83.43290917998598 0.8330682525004744 -0.003859209430303137 28.016934662255323 0.0 7932.497399719026 16.353983 7889.996530626345 15.89524190046968 1.4 0.7072310371017031 34.484862400517734 8249.213898883932 24.0197347395292 21.608968587910965
4670 1295.0084409607346 2622.5934716058964 214.88830687814175 52.85874377388908 1291 1299 2619 2627 61.0 2.572716890929857 1.726730122390271 -48.18759678077406 0.7413035637944619 0.09446349365868029 0.32444119677953803 0.0 11.328371818294501 1.9025223 98.58207501459098 8.264459237314101 3.6135856064644263 0.15454463540748695 4.406461512053774 160.5894163269029 13.153149719191779 25.885707700916775
4671 7257.914110333485 2551.6366849190395 214.8358138859965 52.82048000782131 7255 7261 2550 2554 27.0 1.6934158917791071 1.267485202500718 7.140716837335929 0.6631591797896276 0.7732260030946968 1.1455290180798525 0.0 25.987432263762628 1.3205173 244.75706193803293 5.409469368147157 3.5688950267807145 0.0647369919372127 2.9316150714175193 473.36089657719333 9.219194585051284 24.712019052868683
4672 7265.10677020981 2555.6077491446104 214.83570796460722 52.82045570764861 7260 7271 2551 2560 63.0 3.141381350373409 1.643516885255109 36.363562712481055 0.8522204485919804 0.7840331864514112 1.266998927176509 0.0 67.13148993894634 1.975611 550.2165643939134 8.590263680110551 3.5710733049448153 0.06713043824810117 4.478115991081385 1045.7865954633132 14.5558233661181 23.8513923227739
4673 7273.140514309497 2559.760504121422 214.83559262976368 52.82042704194844 7269 7277 2556 2563 42.0 2.0992280747270313 1.5913183629173864 32.80340970261728 0.652197259847967 0.9270261744484634 1.4158388444257117 0.0 49.00858922207496 1.5984269 343.2356738171477 6.1662271743838275 3.48830703677286 0.05678285232550401 3.656366395715726 651.0244714252153 10.633508471485877 24.36600671596359
4674 7281.782349004031 2564.3362339778864 214.83546742269053 52.820396792041905 7276 7288 2560 2568 59.0 3.475336836090874 1.35464779873639 32.770275719324545 0.9209042275550587 1.150569730940678 1.5331391078377161 0.0 80.5479897107075 1.9205029 730.2267186773304 7.9851691020387765 3.624116189298405 0.046882010025893844 4.3336224206596095 1418.6955881295837 13.606044987536059 23.5202769545878
4675 7291.47319374244 2570.677035340743 214.83531429711627 52.820369390955705 7286 7297 2567 2575 60.0 3.0364796743824676 1.6309445210544409 29.459015166823253 0.8435078220379777 1.0739545874480312 1.540116134077254 0.0 81.19239234768638 1.9445097 745.0832262233616 8.351495647325102 3.6945162817429433 0.054486694037283186 4.370193722368317 1340.3896128630154 13.571559096234452 23.58192236580005
4676 7300.704180428687 2576.5209610076918 214.8351704989009 52.82034223341775 7294 7307 2572 2580 68.0 3.63536714947228 1.5113239794229059 26.79227827528057 0.9094889857085439 1.0863136502606374 1.8158755050681683 0.0 103.34079238741953 2.0921488 1011.5305562702581 8.790987745082559 3.6374973412399068 0.07781778634297906 4.652426491681278 1574.5675873130958 13.850740981895322 23.40709673203169
4677 9342.342505264249 2569.9632435804156 214.81703241893618 52.80733128219148 9327 9359 2558 2584 552.0 6.485640260232283 4.433108503683149 -33.24041511771099 0.729925478511124 0.025311374075528983 1.774364149340298 0.0 308.3461994576319 5.6477046 367.6568888564152 8.51436693937044 1.5069618314344724 0.39299901939184195 13.255453865237978 369.8276477946106 13.866165256306795 24.98000156179689
4678 9312.617332908902 2594.97339386716 214.81703444796267 52.80765500527412 9284 9341 2569 2623 1648.0 14.675098218742882 5.139597422485406 -38.63202426390171 0.9366653176216169 0.048783711998863735 4.610787807748406 0.0 1784.225421883329 9.995528 1911.5848633311934 12.07970764833521 1.4374404450714062 0.45682919327089727 22.903595622322865 1983.619663079167 20.12722194924405 23.156353988292942
4679 9272.573801077426 2613.3902816901323 214.81719779655006 52.80800878096973 9256 9289 2595 2630 891.0 5.597305223675633 4.282914088824525 70.25231024602543 0.6438231864636148 0.06557418449040962 23.764507566589405 0.0 2319.8144030546227 7.9032474 2331.0177555389328 8.015667629155475 1.4 0.6657195711611629 16.840846433293 2462.8602733091016 11.861813340779555 22.9214005662733
4680 7665.189633953552 2563.0315290671283 214.83206112193608 52.81795323907695 7663 7667 2562 2564 12.0 1.2549272271741616 0.7331926052078598 -20.186460625623877 0.8115729537804236 0.9999185129563342 1.239876633120432 0.0 13.711010734541183 0.86862475 221.4647448457678 3.8683421659718893 3.859698818026283 0.03394370434959839 1.9544100476116797 424.9121346796992 6.138300604141544 24.82925216527938
4681 7663.269675345419 2566.200839980701 214.8320449202301 52.817982524782956 7660 7668 2565 2567 15.0 2.1438703679226054 0.6390904415160764 -4.718183119244364 0.9545342546801806 0.8790384941360503 1.1875505259693586 0.0 16.631484762999172 0.94181794 278.0122507908096 4.715714795751694 3.8272984579757763 0.03926543875631618 2.1850968611841584 494.5127096117262 7.381350566650597 24.664556354993557
4682 4111.984885675103 2577.3182251010944 214.8636204058384 52.84060682582641 4104 4123 2570 2591 249.0 4.100845631821788 3.7853010808393717 9.604751851382433 0.3846709120649852 0.01554810780047484 1.4668361794436966 0.0 93.29147033420064 3.5935032 138.25568641558513 8.605209251450882 2.187012560695676 0.40892412235409437 8.902761462589227 151.2406149528756 13.727039632991191 25.9508289136001
4683 4116.862756652074 2590.8099947515675 214.86343495805178 52.8406486036977 4110 4122 2584 2597 101.0 2.903397352059162 2.216085884738629 70.32751935770285 0.6460756618771083 0.025920086697193603 0.5731435159897414 0.0 23.946508448935408 2.2641344 71.19618618479652 7.538564753221899 2.9896088589423133 0.2688532742660708 5.670035141386943 88.35211704158887 12.052359169300676 26.534457599307455
4684 7648.086526582422 2574.9084890396975 214.8320887822135 52.818125953218974 7643 7651 2572 2578 27.0 2.5126774646239656 0.9757774838161102 -33.72625252624223 0.9215154420462522 1.0445008917520466 1.4427371602313301 0.0 34.35403208671804 1.2817506 581.5255257750323 6.225975379324272 3.8448324759221815 0.04946312624913304 2.9316150714175193 1048.994987693088 9.852170900400901 23.848066467367474
4685 7642.0 2578.0 214.83211056277656 52.818181298241726 7642 7642 2578 2578 1.0 0.28867513459481287 0.28867513459481287 0.0 0.0 1.548592913771434 1.548592913771434 0.0 1.548592913771434 0.24516667 31.860318241901783 1.1888233562573112 3.685243178974088 nan 0.5641895835477563 74.669245118182 1.87396946525953 26.717145598064292
4686 6188.565204072272 2582.153343978978 214.84503373590104 52.8274396162986 6184 6195 2579 2586 61.0 2.648068596849458 1.4616082862106232 19.618848245529833 0.833875501917727 0.11500246697693622 0.6859211876159523 0.0 23.17384580102475 1.953721 58.18866500326705 6.065515802040591 2.845913424933305 0.23206136135454328 4.406461512053774 63.47139971073332 9.676492606231776 26.893554810621875
4687 6204.892188269526 2585.3181460949445 214.8448547621169 52.827352937024045 6196 6213 2581 2590 137.0 3.4306694796160637 1.9911875512960506 -0.8804142250497419 0.8143259231986572 0.06632807965528813 0.9967972689020863 0.0 45.13518773617612 2.9104319 60.52825238436792 5.468190635121654 1.9184720417433312 0.3820793707452722 6.6036697681803656 66.62329121642637 8.691150741167077 26.84093479199762
4688 9635.107865432608 2601.0249048438463 214.81409586597923 52.80563777861866 9632 9639 2598 2604 38.0 1.74103596577301 1.5285818215553566 -26.107121862110453 0.47871094211694054 0.2105900170566791 0.6038573112072304 0.0 14.715592615444484 1.4452518 52.75099642124294 5.221027004021707 3.0950148103521964 0.17028092469187658 3.477898169151024 84.25879796471403 8.32015212233035 26.58596185201579
4689 9623.734946549483 2619.654129371112 214.8140013668639 52.80581046121089 9612 9636 2604 2629 365.0 7.5085979898441435 3.1932591714054746 -53.22081089260621 0.9050616691725922 0.18131348132292036 2.5135247669279828 0.0 257.392878871802 4.682202 429.5838666711129 11.413524629586133 2.2704357300846802 0.33424114612599964 10.778826859036359 628.8602179183183 18.40145260225996 24.40361469534202
4690 9611.019765600753 2652.3280959256285 214.8137711537823 52.806067361792124 9585 9634 2625 2681 1721.0 12.670203175829759 6.100305957094791 -62.955639534471416 0.8764632983292286 0.14235096696401794 8.538495371856053 0.0 2074.4118034726725 10.415143 2408.0802004604047 16.35769949232177 1.8625821994716314 0.4827649520557612 23.405369343855778 2903.6377848814477 26.860246788158165 22.74264390195341
