outputs/dr0.5_c0.1/nircam6_matched_f814w_f277w_dr0.5_c0.1.ecsv
# %ECSV 1.0
# ---
# datatype:
# - {name: label, datatype: int64}
# - {name: xcentroid, datatype: float64}
# - {name: ycentroid, datatype: float64}
# - {name: sky_centroid.ra, unit: deg, datatype: float64}
# - {name: sky_centroid.dec, unit: deg, datatype: float64}
# - {name: bbox_xmin, datatype: int64}
# - {name: bbox_xmax, datatype: int64}
# - {name: bbox_ymin, datatype: int64}
# - {name: bbox_ymax, datatype: int64}
# - {name: area, unit: pix2, datatype: float64}
# - {name: semimajor_sigma, unit: pix, datatype: float64}
# - {name: semiminor_sigma, unit: pix, datatype: float64}
# - {name: orientation, unit: deg, datatype: float64}
# - {name: eccentricity, datatype: float64}
# - {name: min_value, datatype: float64}
# - {name: max_value, datatype: float64}
# - {name: local_background, datatype: float64}
# - {name: segment_flux, datatype: float64}
# - {name: segment_fluxerr, datatype: float32}
# - {name: kron_flux, datatype: float64}
# - {name: kron_fluxerr, datatype: float64}
# - {name: kron_radius, unit: pix, datatype: float64}
# - {name: gini, datatype: float64}
# - {name: equivalent_radius, unit: pix, datatype: float64}
# - {name: kron4_2_flux, datatype: float64}
# - {name: kron4_2_fluxerr, datatype: float64}
# - {name: kron4_2_mag, datatype: float64}
# meta:
#   PHOTMJSR: 0.3925000131130219
#   PIXAR_SR: 2.11539874851881e-14
#   __serialized_columns__:
#     area:
#       __class__: astropy.units.quantity.Quantity
#       unit: !astropy.units.Unit {unit: pix2}
#       value: !astropy.table.SerializedColumn {name: area}
#     eccentricity:
#       __class__: astropy.units.quantity.Quantity
#       unit: !astropy.units.Unit {unit: ''}
#       value: !astropy.table.SerializedColumn {name: eccentricity}
#     equivalent_radius:
#       __class__: astropy.units.quantity.Quantity
#       unit: !astropy.units.Unit {unit: pix}
#       value: !astropy.table.SerializedColumn {name: equivalent_radius}
#     kron_radius:
#       __class__: astropy.units.quantity.Quantity
#       unit: !astropy.units.Unit {unit: pix}
#       value: !astropy.table.SerializedColumn {name: kron_radius}
#     orientation:
#       __class__: astropy.units.quantity.Quantity
#       unit: &id001 !astropy.units.Unit {unit: deg}
#       value: !astropy.table.SerializedColumn {name: orientation}
#     semimajor_sigma:
#       __class__: astropy.units.quantity.Quantity
#       unit: !astropy.units.Unit {unit: pix}
#       value: !astropy.table.SerializedColumn {name: semimajor_sigma}
#     semiminor_sigma:
#       __class__: astropy.units.quantity.Quantity
#       unit: !astropy.units.Unit {unit: pix}
#       value: !astropy.table.SerializedColumn {name: semiminor_sigma}
#     sky_centroid:
#       __class__: astropy.coordinates.sky_coordinate.SkyCoord
#       dec: !astropy.table.SerializedColumn
#         __class__: astropy.coordinates.angles.Latitude
#         unit: *id001
#         value: !astropy.table.SerializedColumn {name: sky_centroid.dec}
#       frame: icrs
#       ra: !astropy.table.SerializedColumn
#         __class__: astropy.coordinates.angles.Longitude
#         unit: *id001
#         value: !astropy.table.SerializedColumn {name: sky_centroid.ra}
#         wrap_angle: !astropy.coordinates.Angle
#           unit: *id001
#           value: 360.0
#       representation_type: spherical
#   astropy version: '5.1'
#   kernelfile: kernel_f814w_f277w.fits
#   make_catalog parameters:
#     ab_zpt: 31.4
#     coadd_bands: !!python/tuple [f277w, f356w]
#     deblend_contrast: 0.001
#     deblend_nlevels: 32
#     deblend_npixels: 1
#     detect_kernel_fwhm: 4.0
#     detect_kernel_npix: 7
#     detect_npixels: 4
#     detect_threshold_nsigma: 3.0
#     flag_isolated_buffer: 4
#     hst_bands: !!python/tuple [f606w, f814w, f125w, f140w, f160w]
#     jwst_bands: !!python/tuple [f115w, f150w, f200w, f277w, f356w, f410m, f444w]
#     near_border_kernelsize: 21
#     reference_band: f200w
#   make_catalog version: 1.4.0
#   photutils version: 1.5.0
# schema: astropy-2.0
label xcentroid ycentroid sky_centroid.ra sky_centroid.dec bbox_xmin bbox_xmax bbox_ymin bbox_ymax area semimajor_sigma semiminor_sigma orientation eccentricity min_value max_value local_background segment_flux segment_fluxerr kron_flux kron_fluxerr kron_radius gini equivalent_radius kron4_2_flux kron4_2_fluxerr kron4_2_mag
[from data line 5033]
5034 3478.629864729927 3718.7138845847307 214.85726990474203 52.850786073307205 3476 3481 3716 3722 20.0 1.6333071559397196 0.8731499555043487 53.6494924869264 0.8451114403664792 0.14650204532503347 0.6906724740660315 0.0 7.242465836094577 1.2014719 29.216726064409656 4.479003686081384 3.112475941740366 0.25603503133145783 2.5231325220201604 38.674887262943656 7.148934789736076 27.43142735898117
5035 157.92918445548284 3716.884212610837 214.88695743295784 52.87186939943457 152 164 3708 3728 179.0 4.352249702221584 2.462876693728618 -76.26827211488579 0.8244835717908442 -0.10632462126452522 0.5736277293104677 0.0 42.312095571956704 3.579365 106.90149122722727 10.832636272577982 2.823940709774392 0.3580803715687724 7.54834217738561 169.20327390570358 17.345795246340604 25.828978095183597
5036 157.42356366188642 3731.955073638181 214.88680338053342 52.871953923625426 157 158 3729 3736 14.0 2.07305748452991 0.47467218491825325 -86.09945753950682 0.9734330015519312 0.19858548259807332 0.31664398064555715 0.0 3.635282054271573 0.9931025 31.43772085618169 4.317258017380191 3.693864862148832 0.09023729103035191 2.111004122822376 38.044206510443885 6.919070580248425 27.449278673916417
5037 7834.779319722822 3728.0977114465654 214.81829554768433 52.823155028155405 7823 7857 3711 3747 667.0 7.571967558862289 4.303001109120115 -62.902334497932955 0.8228349369967325 -0.20718850350425555 4.001305480410564 0.0 467.502209299071 7.2788634 607.5131809478262 14.793796055309349 2.072013460592692 0.4895243084656206 14.57095378088162 775.3731790607529 23.543955860777338 24.17622306438139
5038 7846.27722524925 3748.522112694747 214.8179781684166 52.82319201989774 7835 7855 3734 3763 345.0 5.6218566055305095 3.7770086082183094 75.3630265630761 0.7406930016694933 -0.18176939439545114 1.1016990783919411 0.0 107.81622179544543 5.201539 242.61100153057401 11.754205019032305 2.6430368068973973 0.38889663563562904 10.479356408358663 461.17566737270425 22.253207224827666 24.740334037726427
5039 7874.243417792339 3758.395725273191 214.81762489470879 52.823067475380704 7843 7908 3727 3790 1989.0 9.4548056321606 5.679578825643002 -39.77642261564343 0.7994683954059953 -0.21356175354375428 19.905394106988542 0.0 2490.8013910443774 12.459421 2627.400506793295 13.159714047851972 1.4678820740968035 0.7429792867235072 25.161843406625827 2838.2202496013656 20.276861451061997 22.767384764378342
5040 7898.85551446406 3765.7899688024736 214.81732761567517 52.82295088703936 7854 7945 3732 3805 3599.0 11.995758315881291 7.968541614759981 -22.58691833626867 0.747483886960627 -0.30578298322032293 18.588893147794323 0.0 4922.021706157094 16.637789 5103.21620295294 16.92907803992699 1.4081236274757958 0.7188674603754596 33.846673106458525 5381.077704760001 27.059726046511273 22.072826841336642
5041 7869.8191851532065 3811.161352733289 214.81710933156631 52.82337996306786 7863 7876 3803 3818 160.0 3.33255548236119 2.525415900156535 -63.67128285803811 0.652485037632492 -0.12156893020689312 0.8534541422986202 0.0 44.92339534776102 3.5281293 85.81082176400551 9.268385640696597 2.589454839473845 0.4229351825340692 7.136496464611085 132.78484158632844 14.803728492206949 26.0921287505066
5042 1134.8994051445538 3718.3156436640857 214.8782107927653 52.865672146013544 1127 1141 3712 3727 156.0 4.269334010353782 3.065798644602125 50.721331627985435 0.6959423757715663 0.02766440412671937 0.5780487629827062 0.0 47.23103676371893 3.3456814 154.08680437580534 12.455892052217129 2.909414144253458 0.21457790395439127 7.046725639945928 233.60535888632307 20.117166599968577 25.47879299692066
5043 1143.8509688866702 3745.74379206957 214.87784221912386 52.865763253243905 1129 1163 3727 3768 992.0 8.10158204463746 4.897718931130166 -54.08461864311637 0.7965758604142527 -0.16306838245467106 6.751645125938914 0.0 1309.5775730042913 8.987342 1424.3240846084932 12.855944641704891 1.6208536487197447 0.5208972660603305 17.769732893161912 1535.6821794842376 20.498981680843052 23.434246638460095
5044 1399.5073990536482 3812.1933237590083 214.8748585944956 52.864497855795754 1379 1422 3779 3835 1685.0 9.571627215438323 8.612505625284381 74.79667764202914 0.43631219868085686 -0.19814574960282666 5.877462857152355 0.0 737.8262150362209 11.791905 899.7344822856033 22.137224240873486 1.9104818755808874 0.5357165724720284 23.159278015941847 1103.124091948324 35.13970237590626 23.793439076068438
5045 1295.8675955800652 3801.8205776894592 214.87589380803797 52.86510019926179 1256 1357 3745 3834 3507.0 21.153670172092447 13.09165257944535 -54.520817687743715 0.7854829708401484 -0.1578602426745166 1.9822875366252435 0.0 1766.6762420725172 16.98507 2839.958070104439 39.926499285863386 2.141482795431791 0.45279237053161264 33.41126712422853 2961.2166650866475 68.68550805972386 22.721324537918964
5046 1342.0772231892597 3805.102768757232 214.8754463633064 52.864824392042955 1293 1401 3746 3859 4844.0 25.560020342004368 19.645872720365936 -18.86771143174217 0.6397089279262183 -0.20123898973671445 1.7761366356360484 0.0 2276.3059706412114 20.137003 3755.913302065961 48.90778382088293 1.8572849030038039 0.39208256022456617 39.26694651579471 3969.030858596343 82.20024120719965 22.403288811269498
5047 1307.3616783011046 3840.365796086886 214.87538554645607 52.86523511940976 1293 1320 3822 3852 429.0 8.19200457649804 4.305139923965972 -46.70248141577234 0.8507753894236277 0.7326976608967657 3.8065835870494094 0.0 689.729338403303 5.934461 861.2951007595677 6.753285762862761 1.4439082430383476 0.17016148076438534 11.685672474138842 861.2951007595677 6.7532857628627605 24.06212005785397
5048 1301.4957301671993 3845.9217681497703 214.87537950479395 52.86530234959719 1225 1390 3786 3885 6773.0 34.43816886324701 16.003306481891165 9.034052794553473 0.8854698721618233 -0.19032492919938715 3.1751046228462596 0.0 6236.559706089491 23.662916 9532.489674433773 41.59585814100319 1.7594066336891472 0.385470030675987 46.43180869967068 10615.121616556546 74.41814462057945 21.335187564485217
5049 1000.1286589468945 3868.3584935046792 214.87783645708137 52.867337575069094 964 1027 3836 3903 2183.0 16.36214859943264 11.473564569999567 -55.0773153194477 0.7129390221113842 -0.19131746375685843 0.9576019571365173 0.0 484.0409270610902 14.61767 2418.666382127982 60.373346516792814 3.33190486298731 0.3441711159300466 26.36039608084854 3064.8579494738306 95.78687519958397 22.683974123572966
5050 1067.6288755565092 3910.0768197520533 214.87679430093607 52.867133889025745 946 1117 3826 3976 13604.0 17.89968817195937 16.004944663159392 7.443871788053911 0.44777441120811984 -0.3006021004743905 201.51931967000448 0.0 21921.584981205146 35.67276 21568.061034200095 31.925087972291102 1.4 0.7897071523752699 65.80492148497929 23365.132472281006 47.56679836977179 20.47857938083012
5051 1192.5542159152633 3922.869927628923 214.87554335392636 52.86640940908234 1102 1309 3804 4032 24579.0 28.978387662564238 24.05689419838952 -41.252239855544616 0.5575151571445223 -0.28594202949588254 312.02272958624303 0.0 92769.33181972349 47.41204 95038.51558461973 48.642107522021824 1.4 0.6958520941069487 88.45190044601298 98623.11751125168 69.95699596685128 18.91505318346843
5052 1301.792026672852 3895.3505759517047 214.87485678433308 52.86556710348006 1252 1391 3860 3945 7488.0 28.606862752985954 16.785117805233554 17.009739474938172 0.8097670974593805 -0.18084193595868872 4.085237526484232 0.0 8165.924260700911 25.086178 10149.808942697811 34.89988038890056 1.674799973993285 0.40663603412480587 48.821147341538634 10986.10101848487 56.840249534752886 21.297891029769254
5053 1096.7253590413898 3965.65686445838 214.87594948068852 52.86724890050784 1064 1114 3948 3996 1413.0 11.89586012813319 8.506310214521346 -41.74201186663485 0.6990582289047271 -0.2010267709923693 1.377563743434262 0.0 500.1506904600391 11.593709 1045.551510004427 30.75763394034485 2.5714553666987325 0.40074642596321536 21.20782565888583 1629.8513019224845 50.13456766337273 23.36963004067774
5054 1280.3068586162747 4041.4142554144332 214.87351189781876 52.866491479988525 1147 1421 3924 4227 45813.0 39.06151381028693 28.700587353512375 -78.59473006293271 0.6783341120743804 -0.3781803029616311 332.3518596558488 0.0 115994.25401335859 64.128716 116111.18085902248 61.36814541339265 1.4 0.7198032211480047 120.75897819929583 121355.67081429731 96.56642657544921 18.68984981191037
5055 1193.9110916833881 3986.4488818359787 214.8748622563019 52.86674375758228 1157 1215 3963 4033 1788.0 17.31289630676486 7.643775298842457 -56.18215322897262 0.8972575098995547 -0.07108373457666668 4.796342931895684 0.0 2079.5505941265105 12.864742 2692.352141221639 16.95414734734109 1.801002914052346 0.4002836987077 23.85661494212072 3131.3981180757787 29.25291599751945 22.660654284413535
5056 1378.4961318610535 4038.6250315214847 214.87266387775892 52.86585274037367 1354 1416 4000 4084 3257.0 12.537134301661792 10.974512219588267 -67.80723741428707 0.48347076999929467 -0.1810211189427712 6.622515438758398 0.0 3602.575729516374 17.665432 4036.163604407928 23.13931491214196 1.5202570299041045 0.528401740399165 32.198374171697026 4202.714642869281 34.28003033454182 22.341175242113714
5057 1072.9395370038842 4157.622962427739 214.874142118652 52.86843551307956 988 1157 4083 4233 16511.0 16.303775697260612 11.636663558475671 30.306615425292126 0.7004103272034036 -0.3571965105759595 375.8749771098698 0.0 47203.30033888216 39.244896 45528.64313451221 26.0455313014828 1.4 0.8659885269571992 72.49561732119099 47288.837688548905 41.71443240957958 19.71310340092321
5058 979.6100954957599 4136.563897186988 214.87519772584196 52.86891472762185 962 997 4118 4164 1241.0 9.652210897875776 5.929750851433546 -88.8850272526742 0.7890404848301206 -0.3525825712505878 1.7868466771606664 0.0 333.7910239458578 10.820584 454.86676127044103 20.43465734027307 1.9886688117545963 0.5691610983589539 19.875174684869673 512.3607164679747 32.56737535891509 24.62606043929342
5059 1325.974185512658 4153.110708026188 214.8719285385125 52.866803907019836 1302 1360 4139 4183 1377.0 12.88385256588231 7.866224122419088 10.584823122710244 0.7919784344763781 -0.16428904918912973 0.8962336939406185 0.0 381.9066333654553 10.676579 889.6255070750725 31.101518198355336 2.6295807005279923 0.37026858250547895 20.935919212565754 1411.57626012549 51.55870990492388 23.525739135526553
5060 8092.34743437706 3753.849109617637 214.81572761713602 52.82165666158222 8089 8095 3750 3758 40.0 2.039275257014687 1.5910520829158754 -82.9387126625891 0.6255243159675274 0.03250563677507831 0.3094999418557087 0.0 7.4182694105686755 1.780532 30.865376741017226 6.9208254991102915 3.0910083175072827 0.19138178271333905 3.5682482323055424 55.37211885604231 11.056728518598302 27.041772143907508
5061 8081.819779264842 3763.529162834777 214.81571968321202 52.821775744868994 8068 8094 3755 3771 272.0 6.5347567284277535 2.533891513456582 -21.68053454651812 0.9217620294609151 -0.09626611269465388 0.9380306036136081 0.0 78.48658367563922 4.647128 109.68138529117171 9.881130325663293 1.9592370260799872 0.35344950367260064 9.304852983362556 99.8463090884276 15.80138560685617 26.40166996148885
5062 2943.4540719053457 3805.6545742361563 214.861134726522 52.854654911926126 2888 2991 3775 3840 4934.0 19.89074984992808 11.233294221566164 -17.70244810997438 0.8252622741594864 -0.2847761287501868 3.1018017085045324 0.0 1332.2116661244359 18.86314 1421.7576992456575 25.062450638212596 1.4 0.5536272577425408 39.63005145632319 1441.0671115351365 40.44667313650094 23.503289483269167
5063 2885.3898850483956 3830.9371304726906 214.86138732963093 52.855160136663464 2878 2896 3821 3839 224.0 3.8739372294218675 3.2838874000472407 -42.35629592976078 0.5304962178820383 -0.18028529914693378 0.4880014781089616 0.0 32.70250193433671 3.9948103 51.7686921133667 7.967270093705561 1.8818531096773699 0.44462200103276933 8.444016491289505 40.470189127378276 12.761848345718645 27.382161915090713
5064 1090.9221942012039 3802.0145196776893 214.87772314724032 52.866402992710995 1080 1101 3788 3816 441.0 6.381281942161121 4.1328811286087985 -67.6494552548876 0.7619321300168486 -0.23084230197804784 0.8416662645984926 0.0 95.18796118884676 6.544061 274.90758606659114 20.534299238123133 2.9986641251142703 0.3828250564881061 11.847981254502882 624.2248132751658 31.12987222664897 24.41164742971541
5065 1075.5023289530839 3818.6348775543847 214.87768607000987 52.866590593385595 1067 1084 3814 3824 103.0 4.59236210980806 1.73858312066825 -28.47982918082342 0.9255679787960976 -0.19835892667919755 0.3592332990556658 0.0 8.531315952733223 3.1937776 113.58082236104491 12.63169448683286 3.562197595557562 0.5080568025256523 5.725898905580716 194.13803702542634 20.474542241148797 25.67972341485401
5066 2278.8501289252117 3800.5050012844013 214.8671253026127 52.858849122458665 2266 2295 3788 3812 544.0 5.089603942154561 4.642832335752554 -23.53422660107729 0.4097034100023175 -0.2444908950863195 1.5021091363119836 0.0 170.68907904003234 6.9401155 184.87720250798628 10.144213921713026 1.5843444424436064 0.5174252318583776 13.159049284959082 207.62998746366048 16.280642323376654 25.606774805653824
5067 2296.7314317931186 3796.6115799932445 214.86700653034598 52.85871453339526 2293 2299 3794 3800 32.0 1.726998621225578 0.9905970529804605 -75.5701050015639 0.8191393379757295 -0.07912383046450575 0.33762791927467806 0.0 3.9244198065807323 1.6675359 11.16709806391748 4.597986225271522 2.6622569442802715 0.4294416443259144 3.1915382432114616 16.925545164023234 7.353482708226963 28.328643334980164
5068 10304.779095275277 3805.2448861919565 214.79546310493947 52.80786911302583 10290 10320 3792 3818 299.0 9.403164487886112 3.323219723140562 37.808160448367815 0.9354666278346767 -0.28989328040550877 0.5848303207427115 0.0 35.81052981944497 5.3500853 1404.9672477086392 30.707380181643522 4.0598820704447 0.4627082269258613 9.755749892701914 5745.792854821422 48.56638537847049 22.00162508771087
5069 10263.052069959986 3815.6924887068803 214.79572510066674 52.808190688452875 10251 10279 3798 3831 594.0 8.768192019654354 5.840916421628543 80.66108728598779 0.7458192877244924 -0.2875492206024107 0.6118651078734746 0.0 82.2573017629951 7.4557805 804.8208073968672 34.359443759830526 3.6941023756407145 0.4005731253942584 13.750493532712623 3092.223047978497 54.469948275090836 22.674322967825
5070 10317.444918291203 3832.1789753918897 214.79506694261815 52.80793368794748 10311 10321 3817 3848 206.0 8.329883716128613 2.1436443624840047 82.12347205685585 0.9663198962152894 -0.03448500497293217 0.6035101418310387 0.0 54.062194498555684 4.304177 2032.2672632181975 22.967802031366755 4.085339878918956 0.24142232890447857 8.097643889049511 32046.25661554823 37.08966623738174 20.135556734876147
5071 10275.54224159397 3841.465196615654 214.79534271631692 52.808250124300926 10263 10284 3829 3851 233.0 6.598673095231118 3.0819679352891183 55.14629218838443 0.8842262913265799 0.003781486106215644 0.7530377524249584 0.0 74.07440137331142 4.6760387 91.08560555693009 5.22638149974441 1.8398802096061095 0.26543555991523876 8.611980229936854 134.2260717064077 7.7792780629312785 26.080407799491695
5072 10316.716285293061 3854.840438888982 214.79483508988656 52.80806040362295 10308 10323 3844 3864 202.0 5.613569642888097 3.288043734948798 59.443588651199775 0.8105052643892862 0.11822477049393117 0.7777076740341237 0.0 82.25066327393573 4.287907 4700.726398275254 22.975187711469406 4.23521670517061 0.21071186017972532 8.018640596081465 15330.96188016094 38.236314558104546 20.93607649053184
5073 10293.952486786835 3970.0459038523704 214.7938262458427 52.80882576809446 10163 10326 3798 4162 38729.0 52.76689200471 29.658877322580523 85.64778726106805 0.8270872144117657 -0.38660155313633 37.51976625523526 0.0 44165.79204650633 62.191822 173799.67153173272 99.57530684487921 1.83021629479472 0.6588320736660476 111.03073260143802 178331.85283791475 160.4464919598299 18.27192769539552
