outputs/dr0.5_c0.1/nircam3_f125w_dr0.5_c0.1.ecsv
# %ECSV 1.0
# ---
# datatype:
# - {name: label, datatype: int64}
# - {name: xcentroid, datatype: float64}
# - {name: ycentroid, datatype: float64}
# - {name: sky_centroid.ra, unit: deg, datatype: float64}
# - {name: sky_centroid.dec, unit: deg, datatype: float64}
# - {name: bbox_xmin, datatype: int64}
# - {name: bbox_xmax, datatype: int64}
# - {name: bbox_ymin, datatype: int64}
# - {name: bbox_ymax, datatype: int64}
# - {name: area, unit: pix2, datatype: float64}
# - {name: semimajor_sigma, unit: pix, datatype: float64}
# - {name: semiminor_sigma, unit: pix, datatype: float64}
# - {name: orientation, unit: deg, datatype: float64}
# - {name: eccentricity, datatype: float64}
# - {name: min_value, datatype: float64}
# - {name: max_value, datatype: float64}
# - {name: local_background, datatype: float64}
# - {name: segment_flux, datatype: float64}
# - {name: segment_fluxerr, datatype: float32}
# - {name: kron_flux, datatype: float64}
# - {name: kron_fluxerr, datatype: float64}
# - {name: kron_radius, unit: pix, datatype: float64}
# - {name: gini, datatype: float64}
# - {name: equivalent_radius, unit: pix, datatype: float64}
# - {name: kron4_2_flux, datatype: float64}
# - {name: kron4_2_fluxerr, datatype: float64}
# - {name: radius_kron20, unit: pix, datatype: float64}
# - {name: radius_kron50, unit: pix, datatype: float64}
# - {name: radius_kron80, unit: pix, datatype: float64}
# - {name: near_border, datatype: bool}
# meta:
#   PHOTMJSR: 0.3925000131130219
#   PIXAR_SR: 2.11539874851881e-14
#   __serialized_columns__:
#     area:
#       __class__: astropy.units.quantity.Quantity
#       unit: !astropy.units.Unit {unit: pix2}
#       value: !astropy.table.SerializedColumn {name: area}
#     eccentricity:
#       __class__: astropy.units.quantity.Quantity
#       unit: !astropy.units.Unit {unit: ''}
#       value: !astropy.table.SerializedColumn {name: eccentricity}
#     equivalent_radius:
#       __class__: astropy.units.quantity.Quantity
#       unit: !astropy.units.Unit {unit: pix}
#       value: !astropy.table.SerializedColumn {name: equivalent_radius}
#     kron_radius:
#       __class__: astropy.units.quantity.Quantity
#       unit: &id001 !astropy.units.Unit {unit: pix}
#       value: !astropy.table.SerializedColumn {name: kron_radius}
#     orientation:
#       __class__: astropy.units.quantity.Quantity
#       unit: &id002 !astropy.units.Unit {unit: deg}
#       value: !astropy.table.SerializedColumn {name: orientation}
#     radius_kron20:
#       __class__: astropy.units.quantity.Quantity
#       unit: *id001
#       value: !astropy.table.SerializedColumn {name: radius_kron20}
#     radius_kron50:
#       __class__: astropy.units.quantity.Quantity
#       unit: *id001
#       value: !astropy.table.SerializedColumn {name: radius_kron50}
#     radius_kron80:
#       __class__: astropy.units.quantity.Quantity
#       unit: *id001
#       value: !astropy.table.SerializedColumn {name: radius_kron80}
#     semimajor_sigma:
#       __class__: astropy.units.quantity.Quantity
#       unit: !astropy.units.Unit {unit: pix}
#       value: !astropy.table.SerializedColumn {name: semimajor_sigma}
#     semiminor_sigma:
#       __class__: astropy.units.quantity.Quantity
#       unit: !astropy.units.Unit {unit: pix}
#       value: !astropy.table.SerializedColumn {name: semiminor_sigma}
#     sky_centroid:
#       __class__: astropy.coordinates.sky_coordinate.SkyCoord
#       dec: !astropy.table.SerializedColumn
#         __class__: astropy.coordinates.angles.Latitude
#         unit: *id002
#         value: !astropy.table.SerializedColumn {name: sky_centroid.dec}
#       frame: icrs
#       ra: !astropy.table.SerializedColumn
#         __class__: astropy.coordinates.angles.Longitude
#         unit: *id002
#         value: !astropy.table.SerializedColumn {name: sky_centroid.ra}
#         wrap_angle: !astropy.coordinates.Angle
#           unit: *id002
#           value: 360.0
#       representation_type: spherical
#   astropy version: '5.1'
#   make_catalog parameters:
#     ab_zpt: 31.4
#     coadd_bands: !!python/tuple [f277w, f356w]
#     deblend_contrast: 0.001
#     deblend_nlevels: 32
#     deblend_npixels: 1
#     detect_kernel_fwhm: 4.0
#     detect_kernel_npix: 7
#     detect_npixels: 4
#     detect_threshold_nsigma: 3.0
#     flag_isolated_buffer: 4
#     hst_bands: !!python/tuple [f606w, f814w, f125w, f140w, f160w]
#     jwst_bands: !!python/tuple [f115w, f150w, f200w, f277w, f356w, f410m, f444w]
#     near_border_kernelsize: 21
#     reference_band: f200w
#   make_catalog version: 1.4.0
#   photutils version: 1.5.0
# schema: astropy-2.0
label xcentroid ycentroid sky_centroid.ra sky_centroid.dec bbox_xmin bbox_xmax bbox_ymin bbox_ymax area semimajor_sigma semiminor_sigma orientation eccentricity min_value max_value local_background segment_flux segment_fluxerr kron_flux kron_fluxerr kron_radius gini equivalent_radius kron4_2_flux kron4_2_fluxerr radius_kron20 radius_kron50 radius_kron80 near_border
[from data line 3696]
3697 9541.364997004242 4617.899146019175 214.7415019002063 52.83548374011661 9538 9543 4616 4620 18.0 1.1643929272467002 0.8028849886621384 11.01201689191057 0.7242561954051296 -0.015211371865483745 0.12536599824960154 0.0 0.86276546137363 3.326908 3.779237684169625 10.466862417806945 3.0883955329566346 0.49212263477641427 2.393653682408596 -2.1108290945823285 16.984346364467346 1.698495106660669 3.472230839043865 nan False
3698 7816.624415928012 4631.6570554739565 214.75672817185722 52.84652931214276 7797 7834 4619 4644 709.0 8.778431762220492 4.652366301849533 -8.478838794492736 0.8480120608356809 -0.11430414663716097 1.6819340421006201 0.0 461.5938132435575 27.91029 591.2471646662984 45.98208068903671 1.597108028097798 0.33193813504586483 15.022706457370044 569.365799147407 72.42377418501722 5.5333102006963415 10.475458143319404 16.59276247931055 False
3699 10006.615655994266 4625.106415939101 214.73728094352865 52.83256261681746 9998 10014 4620 4631 150.0 3.7768216171625903 2.5514995321437652 14.609708923724748 0.7372977570802371 0.13546367747439805 0.7120186277683386 0.0 58.97522426374732 10.342285 113.11124428545615 27.092014822608817 2.353491336267253 0.2213975959142856 6.90988298942671 142.4698291039546 43.43358311350767 3.5686484342526907 6.604049987452037 11.453904223505052 False
3700 8028.737491996924 4629.166438475526 214.7548635984918 52.84516670437625 8027 8031 4627 4630 16.0 1.2199715653763576 0.6983248758751905 -9.946404374314676 0.8199670105644596 -0.03902193885178848 0.11829372448209052 0.0 0.5744230442662736 3.1684074 3.0078384380515737 12.648083389511012 3.846966491936801 0.42513774039627056 2.256758334191025 12.162805892423446 20.698137564090565 1.7637401906907695 3.244942371470583 4.371167401291545 False
3701 10101.28803541561 4631.102268565827 214.73637440740552 52.83199256527423 10097 10105 4627 4635 73.0 2.2155223738231564 2.050465840765789 -51.65186232460768 0.37874773542264567 0.5759568570757273 2.653775863606952 0.0 103.13097229687759 7.2278934 195.5955315737197 18.958186822400712 2.403319249216984 0.2304520352639766 4.820437914901168 215.15073675858144 30.26721286297267 2.3804479562510688 4.576738915394024 8.00540223275122 False
3702 9244.264972280096 4646.75260264466 214.7438452899757 52.83752911908144 9226 9262 4630 4661 708.0 7.07009135954468 4.024264568572124 41.13853117751824 0.8222021778437503 -0.13022612913100148 4.078412030029792 0.0 586.6948776253678 30.049162 661.251595025516 50.20110725888142 1.9849241281595134 0.5385884788576457 15.012108426804138 867.3677612495268 74.55056648668504 3.677018378906089 6.772862588638536 12.760483246951454 False
3703 9369.651642474768 4636.488839034273 214.74283611975963 52.83667620198359 9366 9373 4632 4640 48.0 1.9804138212301152 1.6802443784357948 74.64552546503853 0.5293060779917914 0.08713602837720741 0.5380035218401089 0.0 15.988567786952293 5.379845 71.04278642299366 19.922695792417613 3.110335192284117 0.2052898596260642 3.9088200952233594 138.19527547789988 31.875925500513027 3.4405605876600056 6.830466670035597 10.902465191232881 False
3704 9300.905757306216 4636.73637356255 214.74344606897304 52.837114875038324 9299 9302 4636 4638 10.0 1.077847560412445 0.5561194713761417 -38.82841304255935 0.8566164523188537 -0.02598331506883769 0.18413874633361632 0.0 0.6565372221149414 2.9001062 14.410509846365132 13.416223279393213 4.157172057464917 0.4564935715927936 1.7841241161527712 39.914440107889504 21.74573874662044 3.545195690325992 5.702149756708368 7.314825663754674 False
3705 6509.7884657482155 4641.706797822019 214.76827422425163 52.85489522794286 6508 6513 4638 4645 41.0 1.8136966996530484 1.255506047280169 88.85297266646138 0.7216712531556596 -0.11794903410240437 0.36747714778670043 0.0 7.573356616764767 7.421577 18.313250030854427 14.981434619729121 1.9285918997002127 0.33392470345942793 3.6125759969217834 12.091352091347556 23.964224100632677 1.9352893702984324 3.5193054664434467 5.232906771891749 False
3706 nan nan nan nan 7363 7374 4639 4651 106.0 nan nan nan nan 0.0 0.0 0.0 0.0 12018574000000.0 nan nan nan nan 5.808687281605183 nan nan nan nan nan True
3707 nan nan nan nan 6474 6479 4640 4645 28.0 nan nan nan nan -0.29667339996864506 -0.10838524368455485 0.0 -5.715023237979182 6.2461348 nan nan nan -0.16084397207340412 2.985410660720923 nan nan nan nan nan False
3708 9572.469269091132 4649.739969794714 214.74088944959627 52.835457242822734 9560 9581 4642 4657 272.0 4.4571997919077475 3.371104618529381 2.8049432203200624 0.6541926989100202 -0.0031289863584717326 2.5768156993792326 0.0 253.4223393506477 13.741277 342.13346787583305 27.26933427813155 1.945167620868533 0.3371022748772664 9.304852983362556 335.0834396336621 43.353764187371624 3.3970092285433187 6.187441703430242 10.196813329580399 False
3709 9999.514221437114 4654.605250081807 214.73703356101822 52.83276656414963 9988 10011 4642 4664 442.0 4.832355733842233 4.342126644414435 -40.0089795498765 0.438865485388061 -0.03063734590762154 2.7046962217405115 0.0 362.49366738156755 17.703856 454.87544276216545 30.828420462707125 1.8138013155818753 0.42198598509859603 11.861406733319429 485.14995239758537 49.99893436449843 3.6033109802914325 6.7308989917402835 11.483698149679583 False
3710 9841.542565609323 4647.818510684735 214.7385123858236 52.83373506817104 9835 9848 4643 4653 113.0 3.459052606978109 2.315331987804749 -35.53350766369463 0.7429432843606325 0.18197897892704967 0.7380283163449165 0.0 54.5430553836734 9.643498 159.0087989445564 32.18454573058268 2.6522280077343052 0.16323802722242267 5.997417539138688 188.52306786748142 52.44087583677699 4.315206192411895 8.021540285512154 11.400045327143227 False
3711 7531.306877726607 4645.98212963627 214.75912084476187 52.84842122686989 7530 7532 4645 4647 5.0 0.823751223047176 0.49447068843707126 -39.21922984509371 0.7997996684907228 0.18225716206482956 0.29294145821434836 0.0 1.2469378050258535 2.293981 12.554011029333545 10.678730533598241 3.656407078214012 0.09770007110296512 1.2615662610100802 21.51120212977136 17.242936906772144 1.8127116531739909 3.133520598347811 4.495198772730363 False
3712 10168.543959505781 4646.767100737443 214.73561030544312 52.83164897611779 10168 10169 4645 4648 7.0 1.0254557391639465 0.47769184336733583 -81.06128014890633 0.8848722856659849 0.2081377193114199 0.2629682023522969 0.0 1.6363229957746512 2.2243927 15.398239878494145 10.085987908661773 3.7360342139913523 0.045943326802646706 1.4927053303604616 17.535482034544103 16.286495127501592 2.048975996237926 3.322526942945981 4.42185376258228 False
3713 9736.364672406493 4655.2058730681865 214.7393716458225 52.834443972348446 9724 9751 4646 4664 393.0 5.732509566234389 3.709181761998506 -11.885079522606295 0.762453277691516 0.08482431537686491 2.213500591352733 0.0 308.93229288345924 18.43196 440.53375921602697 37.90655695243552 2.1009301290360316 0.3501435497430217 11.18462271470208 526.0619998883141 60.14109509352925 3.99679931240644 7.7213116395448855 14.323270772958194 False
3714 9494.5870135928 4654.90326899313 214.74152899880968 52.83598050904185 9490 9499 4648 4663 118.0 3.2477901014413844 2.2329385333172764 79.0830346502751 0.726160229159041 0.05416480459650642 0.6728287875493616 0.0 39.23682290315916 8.499528 55.49085819948556 14.810448882842682 1.57087557252727 0.27626031800156464 6.128667601500942 53.47717391663229 23.736402949943425 2.549081203520347 4.424927019907548 6.5796519064632975 False
3715 10223.176358604976 4655.874587910612 214.7350277210502 52.831350405589994 10216 10229 4649 4662 165.0 3.2738752919796816 3.026917900087384 -74.55463053146114 0.3810188792797021 0.060108577405076975 1.1966806204109843 0.0 100.49505374350105 12.146626 244.36813490591135 39.654176480571685 2.8073118778079342 0.26832618925480234 7.247146419131151 446.6445508930632 64.64901581476529 4.073162975601374 9.164783799575044 18.21302020224846 False
3716 10122.321064849419 4657.326572613163 214.73591087403153 52.83199988907574 10118 10123 4652 4658 38.0 0.7990317160894478 0.3376068294996041 -44.121754577522964 0.9063536306153336 -0.2657884793410456 0.11677588393305634 0.0 -4.113325158706722 5.554674 0.5937217953809305 2.962697138774257 1.4 -0.33195649925731835 3.477898169151024 0.5247362211711986 4.840074487842631 0.6252980122657114 1.0048411793446337 1.4270868518260709 False
3717 8037.623385224571 4655.941739102393 214.75450240173888 52.84525433267906 8037 8042 4654 4658 26.0 1.3624245250574274 0.7220176156797031 -88.52486485514042 0.8480285507487264 -0.14120304232058045 0.26230997018598745 0.0 1.5761351182992878 4.604728 6.261208898502174 11.889932655546227 2.9973586328099633 0.5499135788157186 2.876813695875796 0.27708593122313907 19.040782096104145 1.4049825357689647 2.443908982025828 3.5584951620245806 False
3718 8472.6750103095 4657.647608893754 214.75060671166682 52.8424961549385 8469 8476 4654 4661 48.0 1.632294587803942 1.3556544829465826 29.201499093845282 0.5569877259889503 -0.025968727560902183 0.2340434074630913 0.0 4.253643936086006 5.5903387 3.3130390364436897 7.515852397771817 1.4 0.43795234861038224 3.9088200952233594 0.7335677046637519 11.901803100701885 0.9725112023678046 1.642449636578679 2.219640373658198 False
3719 9021.218893579937 4657.187616703671 214.74572295133478 52.83900421356607 9015 9026 4654 4660 66.0 2.9603682029805194 1.6685629805528701 9.03808164033425 0.8260249194931195 0.16333107087432042 0.45122098542502104 0.0 19.02615420393101 7.3846564 58.05453136385226 26.557804354461208 2.989047727786502 0.16087132402061022 4.583497844237541 41.84410743892661 42.09448254975122 3.4718745698809417 6.5339332167035025 13.377173481718755 False
3720 nan nan nan nan 7085 7106 4657 4670 252.0 nan nan nan nan 0.0 0.0 0.0 0.0 18531060000000.0 nan nan nan nan 8.95623198216277 nan nan nan nan nan True
3721 10167.965012928003 4661.056412122288 214.73546498514645 52.831729564610285 10165 10171 4657 4662 23.0 1.4761120584594394 0.7694160732314786 -1.4450640449151733 0.8534070654622059 -0.107224852936358 0.42452428621689403 0.0 3.420170067423783 4.794262 16.613172766164464 13.477349564324452 2.870839309847384 0.46742559143505125 2.7057581899030048 62.023299522953565 21.386406125632327 1.9541498834062252 3.430333784572783 5.039862038522364 False
3722 10181.930117969685 4659.425581959833 214.73535775463856 52.83163193762872 10180 10191 4657 4662 38.0 1.6041192706247094 0.9716804876835626 -61.968214399862944 0.7956620420624648 -0.17526326410793444 0.18050624103100962 0.0 0.5718629341096473 6.254027 28.76854557503581 19.209400885048332 3.4391472109574712 0.2957424009834592 3.477898169151024 180.53421875113565 30.56346237223462 4.24694643787567 9.098767879167776 10.519494524754881 False
3723 9289.59463110628 4662.246638977135 214.74327820450054 52.83732414674817 9286 9293 4658 4666 50.0 2.2019127511926135 1.7858740574952254 79.08605680449378 0.5849688251989105 0.2854771157425987 0.6196952364430063 0.0 25.823769186869605 6.9502077 109.75007325964877 25.964624457039847 2.9167023502261777 0.09822375158999488 3.989422804014327 258.1475658895585 41.067789888890246 3.620715685236816 7.1552306064222675 12.207361522475365 False
3724 9420.020210481925 4664.4078945225365 214.74209330294624 52.836506047218016 9417 9424 4661 4666 34.0 1.773248324216587 1.2904976563334865 -15.180204677899985 0.6858328147792896 0.07647624997690404 0.5431823184630542 0.0 9.761316233823862 5.165177 79.65395732581058 19.17994277591016 3.5578768361539663 0.26966807643095564 3.2897623212397704 96.03320005104777 30.618334698496415 4.13606864275129 7.969726674096137 11.037409261715194 False
3725 8575.450099887905 4665.847832672715 214.74960436296638 52.84188652842463 8572 8582 4665 4669 42.0 0.8944459993101354 0.49862790663557216 -26.465146919762887 0.8301962621369814 -0.24286273042900597 0.11303400826190639 0.0 -4.207338720686866 5.254355 0.41450283275429334 3.2560010191711504 1.4 -0.33368322710756954 3.656366395715726 -1.3806003479682172 5.238912271799023 0.5052756301132358 0.812887330591161 1.0690717104110758 False
3726 988.0581717116718 216.5299595945151 214.86414847014373 52.86614471665117 970 1005 199 232 704.0 7.334199664507788 4.152873987207459 -45.62911897805538 0.8242444647514612 -0.29211258509483223 3.7576520282106234 0.0 483.1263841307669 21.52443 600.9472432936133 38.6137510385388 1.9677372002884388 0.5070304864768732 14.96964127403822 702.2860116313461 61.484975046302786 3.7007646855519587 7.5718112441941186 15.857057957222564 False
3727 968.1441230127372 229.7927442059783 214.86418681898104 52.86634275434269 964 975 224 232 70.0 3.055512671929566 1.5321349589152498 5.544460359176757 0.8651964646573505 -0.04075032893786534 0.37651134412961695 0.0 12.611318988364289 6.540104 23.784602445783413 17.26596844116079 2.2761243963509843 0.330982149598801 4.720348719413148 73.81090572501773 27.846364186758404 2.619508605075164 4.349532440683474 5.679883688569312 False
3728 525.0905898257731 221.42256584038327 214.86823349424074 52.86911209517804 522 528 220 224 17.0 1.3339538832622286 0.8436247022772566 70.86412407355286 0.774622259975545 -0.1026442814783026 0.17497744546749788 0.0 1.016905380911993 2.5700529 4.415057568245102 6.998211100598585 2.4110019464220427 0.4232093574659949 2.326213245840639 9.71432778346012 11.38315205719849 1.46579241763652 2.5809889497136824 4.030399677303988 False
3729 nan nan nan nan 529 531 222 224 7.0 nan nan nan nan -0.14367289368151187 -0.05629977591528137 0.0 -0.8021075037618245 1.6803459 nan nan nan -0.15966024544595767 1.4927053303604616 nan nan nan nan nan False
3730 1680.9842280154742 239.98616815476484 214.85771155109427 52.86186914844365 1676 1686 232 248 141.0 4.082729293532954 2.335361670471602 81.88521356914266 0.8202466991873582 0.06067507995602622 0.40078316313145124 0.0 36.29693360099305 7.0659494 96.15949364904401 23.031463032283554 2.7889822767684778 0.20474048008759915 6.699380116989518 147.83296668095636 36.81185269702468 4.442448293533898 8.835254013770266 18.914797011161493 False
3731 1683.0354607090567 251.10181157185843 214.85757625920684 52.86191606114443 1680 1686 249 253 34.0 1.7820953605368866 1.4062268045239952 2.965024718425097 0.6142825202049418 0.14146026698879455 0.37633566240627536 0.0 9.52131898742836 3.6043706 43.55748285882945 13.69684673590803 3.124140002962659 0.13010681061061252 3.2897623212397704 65.45424727210295 21.757657185795054 3.0531463771093827 5.705088642748283 8.48692623696941 False
3732 1882.8510134642822 237.47668672231487 214.8559348669171 52.86057311959173 1879 1887 235 241 39.0 2.8978879866209013 1.104245335909126 30.212557194725555 0.924553703892776 0.0011216863195242185 0.22454776984332375 0.0 4.258292280215212 3.396447 46.584611331646805 16.09100599543545 3.6597851214727077 0.33312912997767663 3.523362819972964 88.78091874181014 25.83426160524139 5.347587462908519 8.175192035745145 10.991903443887027 False
3733 1880.792484541407 247.70953969682915 214.85584557429144 52.86064138006749 1875 1887 236 259 236.0 5.153606386801658 2.997230448958259 -84.19186884733315 0.8134897638523103 -0.017335643475358625 0.37814200496025646 0.0 49.76520380999733 8.634601 131.87067293439276 27.628848375886513 2.7864382508406007 0.24658348939371988 8.667244841319219 179.43864663546407 44.98141084423818 5.653986534762599 11.568778836204999 18.979887155748248 False
3734 1820.0347648286822 264.26353778330986 214.85621405959427 52.86111665839694 1807 1832 250 278 567.0 4.895781857006116 4.724851883010887 -58.184842699279 0.26193220283341695 -0.15565018324227647 0.6681782171416404 0.0 83.21735092420357 14.137195 106.67678872720889 21.352322788099745 1.6793540829342608 0.5232673305173917 13.434347973244154 108.68115030042748 34.24295996847172 3.545932782374724 6.651681128432406 15.982480920900718 False
