outputs/dr0.5_c0.1/nircam2_f444w_dr0.5_c0.1.ecsv
# %ECSV 1.0
# ---
# datatype:
# - {name: label, datatype: int64}
# - {name: xcentroid, datatype: float64}
# - {name: ycentroid, datatype: float64}
# - {name: sky_centroid.ra, unit: deg, datatype: float64}
# - {name: sky_centroid.dec, unit: deg, datatype: float64}
# - {name: bbox_xmin, datatype: int64}
# - {name: bbox_xmax, datatype: int64}
# - {name: bbox_ymin, datatype: int64}
# - {name: bbox_ymax, datatype: int64}
# - {name: area, unit: pix2, datatype: float64}
# - {name: semimajor_sigma, unit: pix, datatype: float64}
# - {name: semiminor_sigma, unit: pix, datatype: float64}
# - {name: orientation, unit: deg, datatype: float64}
# - {name: eccentricity, datatype: float64}
# - {name: min_value, datatype: float64}
# - {name: max_value, datatype: float64}
# - {name: local_background, datatype: float64}
# - {name: segment_flux, datatype: float64}
# - {name: segment_fluxerr, datatype: float32}
# - {name: kron_flux, datatype: float64}
# - {name: kron_fluxerr, datatype: float64}
# - {name: kron_radius, unit: pix, datatype: float64}
# - {name: gini, datatype: float64}
# - {name: equivalent_radius, unit: pix, datatype: float64}
# - {name: kron4_2_flux, datatype: float64}
# - {name: kron4_2_fluxerr, datatype: float64}
# - {name: radius_kron20, unit: pix, datatype: float64}
# - {name: radius_kron50, unit: pix, datatype: float64}
# - {name: radius_kron80, unit: pix, datatype: float64}
# - {name: near_border, datatype: bool}
# meta:
#   PHOTMJSR: 0.3925000131130219
#   PIXAR_SR: 2.11539874851881e-14
#   __serialized_columns__:
#     area:
#       __class__: astropy.units.quantity.Quantity
#       unit: !astropy.units.Unit {unit: pix2}
#       value: !astropy.table.SerializedColumn {name: area}
#     eccentricity:
#       __class__: astropy.units.quantity.Quantity
#       unit: !astropy.units.Unit {unit: ''}
#       value: !astropy.table.SerializedColumn {name: eccentricity}
#     equivalent_radius:
#       __class__: astropy.units.quantity.Quantity
#       unit: !astropy.units.Unit {unit: pix}
#       value: !astropy.table.SerializedColumn {name: equivalent_radius}
#     kron_radius:
#       __class__: astropy.units.quantity.Quantity
#       unit: &id001 !astropy.units.Unit {unit: pix}
#       value: !astropy.table.SerializedColumn {name: kron_radius}
#     orientation:
#       __class__: astropy.units.quantity.Quantity
#       unit: &id002 !astropy.units.Unit {unit: deg}
#       value: !astropy.table.SerializedColumn {name: orientation}
#     radius_kron20:
#       __class__: astropy.units.quantity.Quantity
#       unit: *id001
#       value: !astropy.table.SerializedColumn {name: radius_kron20}
#     radius_kron50:
#       __class__: astropy.units.quantity.Quantity
#       unit: *id001
#       value: !astropy.table.SerializedColumn {name: radius_kron50}
#     radius_kron80:
#       __class__: astropy.units.quantity.Quantity
#       unit: *id001
#       value: !astropy.table.SerializedColumn {name: radius_kron80}
#     semimajor_sigma:
#       __class__: astropy.units.quantity.Quantity
#       unit: !astropy.units.Unit {unit: pix}
#       value: !astropy.table.SerializedColumn {name: semimajor_sigma}
#     semiminor_sigma:
#       __class__: astropy.units.quantity.Quantity
#       unit: !astropy.units.Unit {unit: pix}
#       value: !astropy.table.SerializedColumn {name: semiminor_sigma}
#     sky_centroid:
#       __class__: astropy.coordinates.sky_coordinate.SkyCoord
#       dec: !astropy.table.SerializedColumn
#         __class__: astropy.coordinates.angles.Latitude
#         unit: *id002
#         value: !astropy.table.SerializedColumn {name: sky_centroid.dec}
#       frame: icrs
#       ra: !astropy.table.SerializedColumn
#         __class__: astropy.coordinates.angles.Longitude
#         unit: *id002
#         value: !astropy.table.SerializedColumn {name: sky_centroid.ra}
#         wrap_angle: !astropy.coordinates.Angle
#           unit: *id002
#           value: 360.0
#       representation_type: spherical
#   astropy version: '5.1'
#   make_catalog parameters:
#     ab_zpt: 31.4
#     coadd_bands: !!python/tuple [f277w, f356w]
#     deblend_contrast: 0.001
#     deblend_nlevels: 32
#     deblend_npixels: 1
#     detect_kernel_fwhm: 4.0
#     detect_kernel_npix: 7
#     detect_npixels: 4
#     detect_threshold_nsigma: 3.0
#     flag_isolated_buffer: 4
#     hst_bands: !!python/tuple [f606w, f814w, f125w, f140w, f160w]
#     jwst_bands: !!python/tuple [f115w, f150w, f200w, f277w, f356w, f410m, f444w]
#     near_border_kernelsize: 21
#     reference_band: f200w
#   make_catalog version: 1.4.0
#   photutils version: 1.5.0
# schema: astropy-2.0
label xcentroid ycentroid sky_centroid.ra sky_centroid.dec bbox_xmin bbox_xmax bbox_ymin bbox_ymax area semimajor_sigma semiminor_sigma orientation eccentricity min_value max_value local_background segment_flux segment_fluxerr kron_flux kron_fluxerr kron_radius gini equivalent_radius kron4_2_flux kron4_2_fluxerr radius_kron20 radius_kron50 radius_kron80 near_border
[from data line 1002]
1003 4304.114936054053 2958.5913175110913 214.91416526050494 52.914599885161515 4288 4321 2945 2972 670.0 6.3069056721944134 3.955627801656211 24.862594551705733 0.7788663408250512 -0.16333085377991577 8.612903375902597 0.0 988.4772988442404 4.5653257 1076.604653184618 6.039992617424725 1.599634559739735 0.5404765746319139 14.60368527951557 1143.967964559426 9.277194335959408 3.1414612818078655 6.261702808032844 11.168168941734608 False
1004 10237.769370902142 2953.5122955484285 214.8611498732274 52.876888702964784 10232 10244 2948 2959 118.0 3.2066605852921226 2.410988925154661 -26.364932293395036 0.659312441442623 -0.10181790141803135 0.6496738317626599 0.0 39.631651066555044 2.1801727 102.84865909330054 6.55285808479719 2.761367202147497 0.22908606884306593 6.128667601500942 140.60265460052102 10.73715448246128 3.8904790509481066 8.652168108388452 15.30162810403626 False
1005 1110.1027945825908 2952.2581020628613 214.9428364278929 52.93484055133627 1108 1112 2950 2954 18.0 1.2997349790830837 0.9975481472299288 -36.925588472790324 0.6410475165754663 0.21795520639268628 0.42822197335071027 0.0 6.026613717386007 0.63452893 20.10176635491004 2.281587089306028 2.9122031312678103 0.12091301575128689 2.393653682408596 25.97891479869081 3.6817290754921546 1.8895390813165656 3.4786579259177177 5.173078576459027 False
1006 779.1905459631828 2952.1254882155945 214.9458028907546 52.93693999458268 778 780 2951 2953 8.0 0.8673395404830863 0.7401678278074066 -69.97883355429445 0.5212938491716032 0.07089267952321243 0.24210561752389706 0.0 1.182325518686076 0.42653918 10.712692390397558 1.949912626087064 3.492629036564048 0.21648698374903086 1.5957691216057308 9.575930330604638 3.1145633935785124 2.0559052113732132 3.720855616402797 5.675154379748437 False
1007 6663.8757543123875 2955.898758694343 214.8930775657238 52.89960169651097 6662 6667 2953 2958 26.0 1.4484612822369776 1.3739028646647597 54.25841442070718 0.31669993437440686 0.05281017005291661 0.4195146584939293 0.0 6.252323767614282 0.87534684 24.229524440492753 2.99829118481748 2.789890556529527 0.21114631483057011 2.876813695875796 45.2529285165367 4.8789143829185635 2.4486678505587176 4.1339927334978235 5.814078688587723 False
1008 1724.4805120463886 2967.942986440514 214.93716703388694 52.93102585570637 1713 1733 2954 2982 393.0 5.368667840663548 3.5358094891015845 77.44180280529955 0.7524924253707858 0.00560955445217643 2.9233868651784256 0.0 305.7003970628747 3.2065284 352.2435019477968 5.075678224906967 1.6287567454503307 0.43855520646365365 11.18462271470208 375.1459053818639 8.075552657276875 3.0499080758432 5.942736638095779 10.06558187378212 False
1009 3702.29050408598 2969.931409300426 214.91943355000106 52.918481875361564 3693 3709 2954 2983 300.0 7.39817740668417 2.6675059568554182 69.24309857063261 0.9327350232426788 -0.025232163614641562 0.8192279987983152 0.0 123.62113621122421 2.8731349 184.89151747351391 6.128731524371466 1.904795757148023 0.2361646117155319 9.772050238058398 189.79662331339617 9.829500567036852 4.32991867706313 8.561206173191959 14.47906695543633 False
1010 7122.168852158929 2958.2692211888507 214.8889533193097 52.896704049937966 7117 7126 2954 2962 71.0 2.379448328096258 1.9945198057703444 3.278747264595639 0.5453201876397776 -0.036345119933216465 0.6810116852843248 0.0 25.311904825494498 1.4893413 45.960482171924994 4.035879911236426 2.35996477925303 0.24568904374633402 4.753945931439391 49.75952165671028 6.525997620177529 2.3919321059527583 4.481511373295311 8.004949960553635 False
1011 684.1566815534337 2959.336007915055 214.94657854531368 52.93758206187453 680 689 2956 2963 61.0 2.697614112781513 1.5186719689927308 -33.654733794425 0.8264783029357484 0.08510459773499902 0.5366037929807377 0.0 19.642474377330668 1.236685 79.9537781815515 4.587264255423561 3.2242263985195447 0.19968132895952376 4.406461512053774 105.02095795258782 7.3682728733969425 3.9493173128286188 8.189693821846049 12.71217033814493 False
1012 1807.695256143657 2956.5298316477524 214.9365417643607 52.930436051493395 1806 1809 2956 2957 7.0 1.0077671643698978 0.48123562996302455 -8.597850707915653 0.8786172910013631 0.17462672288509343 0.24677766682095975 0.0 1.4450170618517015 0.43366215 11.410524744056236 1.8240574805316792 3.5575501009804 0.07873709243127036 1.4927053303604616 8.575349241163567 2.863158968881595 1.908522563584543 3.526692863221666 5.3123645996895625 False
1013 1990.826271536407 2957.294243037535 214.9348932688347 52.92927780515738 1989 1994 2956 2959 18.0 1.065448348668115 0.9856895061309439 -48.749818868868125 0.3796246860106749 -0.05907436694934962 0.23130681803689784 0.0 2.1764437559852117 0.6534508 6.50169422305728 2.0203811838566064 2.8720821089206927 0.2981482927712212 2.393653682408596 11.088523902477139 3.385278898018695 1.5267925546621919 3.2042113218229322 5.142998127567989 False
1014 4177.363168273804 2966.226590724289 214.91521950635513 52.91544582260477 4170 4191 2956 2975 289.0 4.344958471991098 3.6344057461507533 18.685021361782354 0.5480203294503327 -0.05676915300998516 2.77270591143809 0.0 187.50559514492 2.9314628 239.20572597489274 5.4953235716333735 1.8912480685532527 0.435760937764228 9.591222920311857 267.78655892706865 8.831914031434147 2.876990377558999 5.687600021255994 10.257599951811011 False
1015 1534.280185974874 2959.418679770087 214.93896069950796 52.93218703602553 1532 1536 2957 2961 21.0 1.2928712459874834 1.043481525433102 26.444272042634278 0.5904093232688099 0.07066833022287436 0.41120917174478655 0.0 5.176455860471611 0.6909836 16.60532089750555 2.2749371961626443 2.7804647798754845 0.2349099664000604 2.5854414729132054 17.26111517296028 3.6414510343479876 1.8708935165034857 3.61513642930717 5.140267916963951 False
1016 8911.292073645809 2988.5416900331675 214.87263675236457 52.88550397773141 8878 8941 2957 3018 2881.0 10.84711072627123 9.179055935583115 46.20924926520519 0.5328316275573601 -0.09271734976563024 22.27658080787722 0.0 4631.0215451224685 11.045891 4868.852798266418 13.435019318344123 1.487313066712809 0.5956382123240845 30.282846334112996 5168.784022744033 21.227693761988057 4.670528948943037 10.9873560092372 20.54909309434509 False
1017 1323.3587573168475 2966.8406651216615 214.94077219269172 52.93356581486827 1314 1331 2960 2974 206.0 3.636804461879378 2.897846463257923 8.754647721410064 0.6042283837066166 -0.08364532182927865 1.3991330229260703 0.0 97.1468170298647 2.2654588 133.80832486270432 4.655093875400885 2.0325187751045215 0.39286883707850795 8.097643889049511 142.94441355874585 7.427907646907085 2.8368668703399513 5.170216625790887 9.717123615688811 False
1018 3245.2218631724145 2978.813166049144 214.9234324615992 52.92143143432292 3225 3265 2962 2997 834.0 9.719627021010496 3.8214029864909542 -35.854534089919305 0.919468558050082 0.07066107122215856 5.46416160839647 0.0 1045.5061804743075 4.718791 1172.934013347481 7.4816976733042155 1.700395998826409 0.46308037646587114 16.293263794503588 1261.780618675797 12.019200085034074 4.379128366348561 9.380599241888925 15.683424533488468 False
1019 7998.381985259537 2972.2244011105204 214.88097048419868 52.89121446049241 7993 8004 2964 2981 183.0 4.287732023660512 2.5099410354503835 86.40851918216866 0.8107610040180776 -0.0733969908250575 1.0503438756619095 0.0 83.75388341276388 2.4599812 119.54935499064702 5.695277600953147 2.0831658493644305 0.3127513144997424 7.632215220473915 143.28705519129508 9.19757689583238 3.252097929641524 5.768942699709657 9.628888650445784 False
1020 8407.144880420461 2971.318507033998 214.87732516586223 52.888613317476214 8402 8412 2964 2978 122.0 2.642990893874003 2.2469330707078914 -77.12894472832133 0.5265440194101244 -0.17122441214506298 1.6616993559231976 0.0 63.87679198605295 2.1800654 76.15695214111096 3.984079183793115 1.8127865823994993 0.4076120657811506 6.231677632421503 82.56127905739339 6.433094489560463 1.9478884849078517 3.479975957781728 5.565040284813751 False
1021 3135.478293620966 2973.1798627393728 214.9244744619678 52.9220976869204 3128 3143 2965 2980 194.0 3.6432388113728633 2.5335938930331574 -41.45248397699329 0.7186001341409856 0.05232745165937881 2.455485966103607 0.0 151.68230747339703 2.3916407 212.3748025878183 4.90681488474449 2.1394022572037135 0.4210083014868996 7.858251581595959 258.6297757870608 7.658358007960304 2.5321855308199264 4.964950057884258 9.637375365231465 False
1022 7093.320680659962 2969.7387195268066 214.8890905954665 52.89694914196937 7090 7097 2965 2975 65.0 2.4600530298875873 1.64656444409245 -81.73208544489917 0.7429736100735803 -0.14005720088546247 0.7788719333449464 0.0 22.446659813199144 1.453538 48.195073798669206 4.318076328391783 2.6694592797875702 0.30242080278618916 4.54864184146723 74.63855220598712 6.9171033140919995 2.4950543528273537 5.16061554439183 9.889791477690478 False
1023 6289.652948169119 2971.6581893320454 214.89625936837686 52.902063172353564 6284 6294 2966 2977 92.0 2.7389995203057307 1.95932671875976 -49.66030424170131 0.6987725253280264 0.04455162992519926 0.8288583497718363 0.0 34.633675454622384 1.7654626 72.27173875467837 4.650854558831423 2.598557867441215 0.30068491138616 5.4115163798060095 94.10455642749619 7.3727351902056855 2.6931615173293912 5.6642156562135995 10.373936993510531 False
1024 4078.280931456213 2968.9987683565228 214.91607729588503 52.916089834219434 4076 4081 2967 2971 22.0 1.4339712549185393 1.0724569835574038 7.203339372690265 0.6638193611258137 0.06370341547681573 0.46731730607968236 0.0 5.561205189894022 0.7995159 23.39809853357879 2.9241122357028346 3.220004576490078 0.22961744954342211 2.6462837142006137 32.36832870770542 4.6348772207920135 2.29916195633652 4.533170892167792 7.20124414373591 False
1025 1339.3233713478462 2970.7872673570523 214.94058760382546 52.933485801991246 1337 1342 2968 2974 30.0 1.517875852232765 1.3733628761929109 -28.700028728504936 0.42585244678009393 -0.01371318980894827 0.39995160427835735 0.0 7.5851210742595185 0.85223264 24.255270234429076 2.756186179131505 2.792435415596202 0.2171165464108592 3.0901936161855166 26.31674740134026 4.545628478879326 2.298456277382626 4.358632843368691 8.266108818173795 False
1026 7169.864457388393 2969.6588569378578 214.88840682385003 52.896462598942364 7168 7172 2968 2972 19.0 1.2612524253733635 1.001365670726429 -51.19050136718543 0.6079889506675438 -0.02968947199155806 0.245440451024515 0.0 2.180826056297534 0.7976886 2.4939430049268867 1.321819236344099 1.4 0.33221937551284014 2.4592453796829674 1.6670184119574691 2.1415630774765084 0.9738946104453741 1.6828069214729342 2.3435054572674003 False
1027 720.9159244536417 2976.7475257236056 214.9460658010951 52.937442805163606 718 723 2974 2979 28.0 1.5291123596664018 1.3246809295023725 -37.407281493336306 0.49951172971487023 0.1326408921352149 0.5314090373508354 0.0 8.910158536503552 0.8275684 17.194240363045928 2.5332080833566177 2.3062891916270223 0.2097820413118964 2.985410660720923 22.002763505763014 3.9421650287334016 1.7034893617347193 2.8280727559056116 4.308733231245034 False
1028 247.4147277175712 2978.787226930832 214.95028759222174 52.94045879370216 245 250 2976 2982 31.0 1.5776895780517834 1.264683520508066 73.64160369653128 0.5978542992059682 -0.029413038916060615 0.30302416685081457 0.0 5.694283193059496 1.009586 17.08451091077813 3.323837260941513 2.8530245286196068 0.2659074147196148 3.141274657157109 36.00377404019176 5.434845845680333 2.120255606088649 4.803578114881355 7.445075927961919 False
1029 3655.0989257649935 2986.11343581584 214.9196856798997 52.9188688234091 3647 3665 2977 2995 278.0 2.8778867559473214 2.7388101757346073 -5.540367770575167 0.3071098856787292 -0.010659942553140796 11.379345148794872 0.0 402.3021769103742 3.1060636 417.52041238962533 3.4453168535553065 1.5009490835445563 0.672070174975408 9.40692023773423 446.61513834166584 5.408795146406479 1.6334309469039276 2.9766172505983626 5.1793800210299885 False
1030 2730.4017013818966 2979.6944638979753 214.92803335166815 52.92470426072348 2730 2731 2978 2981 6.0 0.9824391067812075 0.40182331244108493 -71.7436644148433 0.9125317743670445 0.20767644341993668 0.44006694826320647 0.0 1.9217239730911262 0.40843242 14.506377039244173 1.554946966845504 3.512581948949377 0.15642445367272434 1.381976597885342 19.63337876623234 2.493865545246968 1.6483421425955025 2.7215259945554653 3.9319233985763757 False
1031 2485.526636175324 2983.024102546362 214.9301913706003 52.92627663740967 2482 2490 2980 2986 51.0 2.150245029335049 1.7497525211676395 23.088590539928497 0.5812211546779509 0.1319056173856341 0.5356682925302846 0.0 17.54887913923396 1.1067758 40.916964413818185 3.4998014395148567 2.5735286972418154 0.14247804450845 4.029119531035698 43.040683314261784 5.528141929448434 2.605180339952747 4.542544140941817 7.5121091485738125 False
1032 3308.7986321334274 2981.2702891053905 214.92283731382483 52.92104110270417 3307 3310 2980 2983 13.0 1.0074827153089816 0.9368023446666249 11.479125435717487 0.3679525140933969 0.11695631123695956 0.3791077004769538 0.0 3.574503111822585 0.56708544 13.658062306231624 2.0655507028918683 3.035043200327237 0.1736331108486827 2.0342144725641096 24.47979745484814 3.324453712642511 1.7086098988856775 3.207109362511845 4.797282306137174 False
1033 4478.915971151984 3050.2304957548486 214.91163572648867 52.91398472049027 4424 4486 2980 3119 5767.0 20.368275507514227 7.674882650402481 84.48147078700282 0.9262923144816272 -0.31214251812531885 160.12393807839086 0.0 30508.576355112345 17.817854 62054.69488480771 inf 1.7019874018076353 0.7838599700612896 42.84498936424096 64142.64288246937 inf 10.577055268318214 18.717912598797668 33.369535117258934 False
1034 4222.3581674471525 2985.1401748582184 214.91461758539214 52.91526225117393 4220 4225 2982 2988 35.0 1.7576300657241182 1.3995331741653638 48.2825395462241 0.6049525634781419 0.058598425346795865 0.3399812719515659 0.0 7.404234244191 0.93204886 21.98092553985213 3.1832507432511212 2.818137259007386 0.18514770351268225 3.3377905890622728 25.787039260182045 5.206304781668918 2.4362877899538886 4.442681201405709 7.945067752679366 False
1035 9682.977485364838 2987.0204932485344 214.86575514166955 52.88059383732379 9671 9694 2982 2992 197.0 5.446981285587231 2.203296469026947 -7.747197435851929 0.9145386039552725 0.11321413228905457 1.1774818866446637 0.0 102.12220492344287 2.7712731 153.0409664567654 6.020887549166388 1.9257732517661088 0.26974671247185344 7.918778161951929 136.8838133316439 9.723167544684497 3.417111081801203 6.685187457123204 10.896789300599785 False
1036 6201.849283630802 2988.8954644972755 214.8968634199797 52.902713758069346 6198 6206 2983 2995 83.0 3.1636651901529413 1.8268350072360968 71.24154642215447 0.81643129557003 -0.06580798285178502 0.6225046594174016 0.0 25.950938011719366 1.602465 66.73880201061178 5.24028253249616 2.7353583469436704 0.23243454320290605 5.140011726956917 103.32244435521048 8.303100577750628 3.3848266290810445 6.44671790376194 12.28974233775877 False
1037 186.5707507941604 2988.795061159942 214.950727498901 52.9408989682638 184 189 2986 2992 33.0 1.629244104218602 1.4013543979154452 35.60130297306322 0.5100824699993008 -0.08212722029642744 0.7570427678962193 0.0 14.436936391423664 1.4740099 34.78615798513103 3597879.2527751597 2.533905469775967 0.2326680635292567 3.2410224072142872 28.457109195778624 11801364.57842737 2.037895186981222 3.6659943159187045 5.927165747535747 False
