outputs/dr0.5_c0.1/nircam1_matched_f277w_f125w_dr0.5_c0.1.ecsv
# %ECSV 1.0
# ---
# datatype:
# - {name: label, datatype: int64}
# - {name: xcentroid, datatype: float64}
# - {name: ycentroid, datatype: float64}
# - {name: sky_centroid.ra, unit: deg, datatype: float64}
# - {name: sky_centroid.dec, unit: deg, datatype: float64}
# - {name: bbox_xmin, datatype: int64}
# - {name: bbox_xmax, datatype: int64}
# - {name: bbox_ymin, datatype: int64}
# - {name: bbox_ymax, datatype: int64}
# - {name: area, unit: pix2, datatype: float64}
# - {name: semimajor_sigma, unit: pix, datatype: float64}
# - {name: semiminor_sigma, unit: pix, datatype: float64}
# - {name: orientation, unit: deg, datatype: float64}
# - {name: eccentricity, datatype: float64}
# - {name: min_value, datatype: float64}
# - {name: max_value, datatype: float64}
# - {name: local_background, datatype: float64}
# - {name: segment_flux, datatype: float64}
# - {name: segment_fluxerr, datatype: float32}
# - {name: kron_flux, datatype: float64}
# - {name: kron_fluxerr, datatype: float64}
# - {name: kron_radius, unit: pix, datatype: float64}
# - {name: gini, datatype: float64}
# - {name: equivalent_radius, unit: pix, datatype: float64}
# - {name: kron4_2_flux, datatype: float64}
# - {name: kron4_2_fluxerr, datatype: float64}
# - {name: kron4_2_mag, datatype: float64}
# meta:
#   PHOTMJSR: 2.962800025939941
#   PIXAR_SR: 2.11539874851881e-14
#   __serialized_columns__:
#     area:
#       __class__: astropy.units.quantity.Quantity
#       unit: !astropy.units.Unit {unit: pix2}
#       value: !astropy.table.SerializedColumn {name: area}
#     eccentricity:
#       __class__: astropy.units.quantity.Quantity
#       unit: !astropy.units.Unit {unit: ''}
#       value: !astropy.table.SerializedColumn {name: eccentricity}
#     equivalent_radius:
#       __class__: astropy.units.quantity.Quantity
#       unit: !astropy.units.Unit {unit: pix}
#       value: !astropy.table.SerializedColumn {name: equivalent_radius}
#     kron_radius:
#       __class__: astropy.units.quantity.Quantity
#       unit: !astropy.units.Unit {unit: pix}
#       value: !astropy.table.SerializedColumn {name: kron_radius}
#     orientation:
#       __class__: astropy.units.quantity.Quantity
#       unit: &id001 !astropy.units.Unit {unit: deg}
#       value: !astropy.table.SerializedColumn {name: orientation}
#     semimajor_sigma:
#       __class__: astropy.units.quantity.Quantity
#       unit: !astropy.units.Unit {unit: pix}
#       value: !astropy.table.SerializedColumn {name: semimajor_sigma}
#     semiminor_sigma:
#       __class__: astropy.units.quantity.Quantity
#       unit: !astropy.units.Unit {unit: pix}
#       value: !astropy.table.SerializedColumn {name: semiminor_sigma}
#     sky_centroid:
#       __class__: astropy.coordinates.sky_coordinate.SkyCoord
#       dec: !astropy.table.SerializedColumn
#         __class__: astropy.coordinates.angles.Latitude
#         unit: *id001
#         value: !astropy.table.SerializedColumn {name: sky_centroid.dec}
#       frame: icrs
#       ra: !astropy.table.SerializedColumn
#         __class__: astropy.coordinates.angles.Longitude
#         unit: *id001
#         value: !astropy.table.SerializedColumn {name: sky_centroid.ra}
#         wrap_angle: !astropy.coordinates.Angle
#           unit: *id001
#           value: 360.0
#       representation_type: spherical
#   astropy version: '5.1'
#   kernelfile: kernel_f277w_f125w.fits
#   make_catalog parameters:
#     ab_zpt: 31.4
#     coadd_bands: !!python/tuple [f277w, f356w]
#     deblend_contrast: 0.001
#     deblend_nlevels: 32
#     deblend_npixels: 1
#     detect_kernel_fwhm: 4.0
#     detect_kernel_npix: 7
#     detect_npixels: 4
#     detect_threshold_nsigma: 3.0
#     flag_isolated_buffer: 4
#     hst_bands: !!python/tuple [f606w, f814w, f125w, f140w, f160w]
#     jwst_bands: !!python/tuple [f115w, f150w, f200w, f277w, f356w, f410m, f444w]
#     near_border_kernelsize: 21
#     reference_band: f200w
#   make_catalog version: 1.4.0
#   photutils version: 1.5.0
# schema: astropy-2.0
label xcentroid ycentroid sky_centroid.ra sky_centroid.dec bbox_xmin bbox_xmax bbox_ymin bbox_ymax area semimajor_sigma semiminor_sigma orientation eccentricity min_value max_value local_background segment_flux segment_fluxerr kron_flux kron_fluxerr kron_radius gini equivalent_radius kron4_2_flux kron4_2_fluxerr kron4_2_mag
[from data line 203]
204 4229.17974220355 397.00676477919785 215.01409807632294 52.973572685396334 4226 4232 394 400 36.0 1.7399859454173139 1.5275041743136535 77.31448118506097 0.4788750827495626 0.15645931775451008 0.25582669461249163 0.0 7.474919413014904 3.9772189 28.31900067543251 14.881376363646725 3.0321175977173023 0.07586734715450573 3.385137501286538 33.041329206005535 23.88860492858583 27.602356224866572
205 7767.496381566712 394.5101807844037 214.98237280351924 52.951117434059945 7767 7768 394 395 4.0 0.5003913487656175 0.49949149807578835 42.11182880978869 0.0599445898991972 0.14830708958969466 0.15673976023606223 0.0 0.6110977328599492 1.4370931 6.6266770477787915 6.350423039088329 3.988450825296543 0.01598666806329081 1.1283791670955126 9.954020923429045 10.017448601542633 28.905003626751682
206 9831.760514925925 395.7597909906893 214.9638508679201 52.93802766592381 9830 9834 394 398 18.0 1.2918563876616003 1.057933287643794 -33.11845084152474 0.5739007787067237 0.16287864387904274 0.22263605494536254 0.0 3.53771482202218 2.658611 22.721966573142517 11.256111962277243 3.4005464790710835 0.052074192772344284 2.393653682408596 28.699050657810986 17.890806634556316 27.75533117287697
207 3449.7961191179775 400.08073170366333 215.02106402611332 52.97853139752 3445 3455 395 405 94.0 2.5807441174759873 2.389885312981643 -37.10914548791973 0.37741299267255785 0.20712537431175151 0.6584218265025747 0.0 36.98160934533169 7.2906475 72.4531870940049 20.41815916302139 2.4168493561536515 0.17836515218897256 5.4700209598571305 91.0274084439186 32.9916617753583 26.5020695537105
208 7029.226953648565 399.33788752775894 214.98894421840657 52.95582669848312 7027 7032 396 403 35.0 2.0042316376465075 1.3044768520218588 -69.22450549831689 0.7591966414157155 0.20648933349908297 0.283910728770757 0.0 8.418204241305432 4.681036 41.72438247852092 18.75704577903402 3.2362472664506448 0.05851932256007868 3.3377905890622728 65.86274247513799 31.310407814078584 26.853400473878764
209 1429.4599448162128 401.5923015600005 215.03919674391685 52.99134864705897 1426 1433 397 406 63.0 2.331506297485099 1.9204512508919154 -65.31545265053953 0.5670323795355741 0.17961995762289504 0.3624191357741868 0.0 16.722015837591776 5.0914955 41.788405005638765 15.948546728383898 2.6157707782400452 0.11180440647194166 4.478115991081385 53.372361449451724 25.411067975278936 27.08170895374717
210 1251.9291137756966 403.00780299659766 215.04077710439745 52.99248172822505 1248 1256 398 408 73.0 2.7095672654555027 1.953936374002462 -65.91193457875154 0.6928050987572135 0.21963640213486843 0.39906377097041085 0.0 22.095715820331396 6.2473154 95.88257209897523 23.55716238803324 3.1294611897790743 0.09325755760876857 4.820437914901168 141.15670734432223 37.92991221844736 26.025746201631502
211 2773.695202680981 400.54849193506953 215.02713130635513 52.982820765082906 2772 2776 399 402 17.0 1.3124417136635649 1.0098588122927816 10.893204146541256 0.6387065596574157 0.16469047131364847 0.1982617585953694 0.0 3.140274449769889 3.2214062 27.351347073297063 14.97321306580442 3.629353630070959 0.0329380826616444 2.326213245840639 38.368246603795555 23.726071013720578 27.44007011809071
212 3500.4652638137113 410.60813950786746 215.0204981411867 52.97826703913759 3490 3509 399 421 254.0 5.7239204761850555 3.0862175174705837 50.15871959378553 0.8421912157096845 0.22964851194866243 0.6727854953901735 0.0 105.53937272491893 12.231956 248.13605870516793 37.47409284616232 2.633127107971142 0.1659678282399212 8.991702346646203 273.48403500772645 60.22795795364734 25.30767005276349
213 6859.966696263881 401.141823520684 214.99044368296472 52.95691008987914 6857 6863 399 403 27.0 1.5880074190035944 1.2586638861391204 -14.519504600703492 0.6097344097264064 0.16442691469829854 0.2514675486975407 0.0 5.552268181589572 3.9979296 20.23982233015827 14.670745799761306 2.974207501820131 0.07383744031729846 2.9316150714175193 22.195012461167394 23.443326693914578 28.03436151702065
214 10115.275624348295 407.6253182909092 214.9611847423258 52.93629280297132 10109 10121 400 416 174.0 3.718633909333446 2.968911824961168 -89.77031091497162 0.602143647921917 0.25611595190266606 0.9328025656988524 0.0 90.80880290046555 8.19581 161.57982168923496 21.61559533009757 2.3457491932631425 0.20500938813048647 7.442171739215616 226.275971937971 34.61306283562614 25.51340390243958
215 3661.5603162103394 404.34688970926186 215.0191174476235 52.97721170338666 3659 3664 402 407 28.0 1.5353614657073904 1.3746529978531854 44.37314673441396 0.4454062610286911 0.1941609308932009 0.2740915663163109 0.0 6.591988072093657 4.3748217 27.44681194632124 16.122967717580917 3.1116758362404076 0.056971441791637704 2.985410660720923 32.612286662782935 26.043713783067446 27.61654687218076
216 6970.665766621634 409.2678260738692 214.9893650144439 52.95625182824077 6965 6976 402 416 134.0 3.518060496895869 2.478438401280969 -63.4334912792393 0.7097139248950483 0.2547977227251382 0.8353376190450814 0.0 66.00870554961827 8.92808 116.98740097278595 22.439349116598475 2.235223318735431 0.18748448179312038 6.530966601401967 125.4870222786564 35.981566608725515 26.153502965222284
217 1901.5346212081079 404.90207570838953 215.03492029003957 52.98837381028168 1898 1905 403 407 30.0 1.8951145924829556 1.2008421197983912 -14.504652959200168 0.7736186612201256 0.18777839663399673 0.24216365733737272 0.0 6.393722233754345 3.7259798 47.02159953915708 16.284964925027616 3.519174223198247 0.04422525781464064 3.0901936161855166 61.202128530472706 26.55314641775747 26.933083683485613
218 8675.87240238796 405.24653542112185 214.97411362873257 52.945412698770305 8673 8679 403 408 33.0 1.6591406285213401 1.4923895159642335 -8.773349955604258 0.4369300400008582 0.19795753154633802 0.28213734282411207 0.0 7.882995043602814 4.321515 32.98927929287835 16.561339072783287 3.1067349776839106 0.06266535870514012 3.2410224072142872 43.36350089902814 26.463636374990394 27.307189157055554
219 1323.6272221897796 415.3029243482718 215.04000333510814 52.992093716323325 1315 1333 404 425 322.0 4.251137989638663 3.89508479803207 -77.48390079763062 0.40061792851222944 0.2397901561533635 2.480413945490355 0.0 279.60304389122854 11.911288 420.40237372006766 27.90420722317609 2.299710631113096 0.3574428917770115 10.124020118074668 534.1022950664633 45.635408942684194 24.580938889599906
220 1872.029745116743 405.7966904799403 215.03517595282844 52.988565700719924 1871 1873 404 407 10.0 0.9652477590927457 0.7690911219887295 88.86755942355319 0.6042681193233245 0.1462592357347351 0.17467745857398384 0.0 1.6280423397206263 2.1494207 12.792855273673386 9.372747944745699 3.5752152593862174 0.03528617116433078 1.7841241161527712 15.552828142270245 15.29799151800491 28.420476567251633
221 7032.698556393817 411.42285957000826 214.98878582731913 52.95586998908458 7030 7035 408 415 34.0 1.857807540400063 1.3823630002109029 73.08154434856917 0.6680871914781885 0.17038196133313546 0.2503701171235073 0.0 7.243293368839874 5.656949 44.98365848545924 23.97100930955661 3.426470053708413 0.06128206446041913 3.2897623212397704 60.021336739252334 36.54277868283716 26.954235841504158
222 1762.863720027824 413.27846320850927 215.03607797196173 52.98929824050165 1760 1765 410 416 32.0 1.7494382776580126 1.3381163708957922 65.86231651617318 0.6441687050602893 0.17385464729070335 0.3012322893847579 0.0 7.687393754376112 4.4855695 24.3236378689002 14.945775086469748 2.881341791417965 0.08624508639132071 3.1915382432114616 24.995760635314255 23.524113745932453 27.905334107201114
223 8757.139422979695 414.2195682217993 214.97329047383107 52.94494559346134 8754 8759 411 417 25.0 1.9159344989376204 1.0765574535622235 -53.92413184384968 0.827207345379708 0.21976268629437729 0.2695776082065083 0.0 6.36250261892339 4.0066566 68.15011266510066 17.646395794654378 3.618538184869662 0.030159743896555482 2.8209479177387813 121.51672732780237 28.549248117884503 26.18840983837123
224 3766.3425242265766 414.79723206863446 215.01806649193492 52.97660378969755 3764 3769 412 418 32.0 1.740683535781688 1.361108976055943 -69.18075043270304 0.6233544992863793 0.18016873644049572 0.2909626217354529 0.0 7.659123679299055 4.434297 29.428179308961703 15.537352503137287 3.0067311090783777 0.07733444516095131 3.1915382432114616 40.41069755709802 24.98619546548866 27.383759132085423
225 4449.947387499058 428.7684535008473 215.01178156005258 52.97234443361434 4436 4463 413 448 722.0 7.277531241810337 5.188173892111609 -61.47277630536515 0.7012626507213152 0.22558167306847995 3.523540752780222 0.0 830.0859404583791 20.68826 982.1725501074764 35.35778376273031 1.6457926570330654 0.35735940813999756 15.159806655254442 1007.6629356923834 57.64635856870368 23.891711788895655
226 4023.069625663921 418.1169944924024 215.015726341339 52.97499381269514 4020 4026 415 422 43.0 1.945380976202276 1.6795837716662534 -59.25168436018458 0.5045711715287837 0.20317310263278587 0.26774720214914594 0.0 10.182491641726436 4.9756813 71.1488047652516 21.456869731802076 3.4611604732779133 0.04388790833949749 3.6996385101659595 107.26527493278931 33.858281510634534 26.323852124392815
227 7728.858030482313 419.80556844975666 214.9824530143379 52.95149923533536 7724 7734 416 423 68.0 2.7058389216757943 1.845378402692248 -13.761896442848117 0.7313534619229131 0.19489726600930576 0.3231444698907545 0.0 17.19110458842986 6.66102 102.58564095779994 25.50111712527073 3.346607136927995 0.082472877857729 4.652426491681278 196.4212386656472 40.5848568134237 25.66702888637525
228 6126.219341095523 420.92461254431055 214.996818800106 52.96167105729542 6119 6134 417 425 112.0 3.541789662214231 2.1220979867677436 -6.010543611090393 0.8006294609163819 0.19813319985537847 0.5558594736748385 0.0 39.85866145549106 6.8383512 67.1195559260036 15.579642728702535 2.0012286143611218 0.1587405518716934 5.970821321441846 67.53789025882917 25.012342691942173 26.82613127482967
229 696.1656069994161 430.4509083593863 215.04548262313827 52.996153202203196 679 712 418 444 582.0 5.942921401652538 4.8738174901679745 28.218401488150825 0.5722135607971198 0.18194975054914533 2.3679340543898295 0.0 398.26009340380153 18.548569 535.4406126778625 36.71103479698526 1.9900348818608646 0.39259777921132044 13.610890997982688 579.4708021405879 58.627616186150846 24.492421104983002
230 1602.0787291122213 421.2727539512234 215.03743842563514 52.99036078548422 1595 1610 418 425 96.0 3.67500498284406 1.8569532575587304 -10.05053683108995 0.8629480105022893 0.182318979398922 0.3984168490444074 0.0 27.439513168034637 6.270033 59.69234723552283 18.198416624079794 2.4293998929598204 0.11898499367203921 5.527906391541368 66.08317765138206 29.099801453934017 26.849772704651986
231 2760.162864473877 419.70870220633765 215.02705107531085 52.983010177618404 2758 2762 418 421 16.0 1.271891088956573 0.9669624244662031 3.8999426916598328 0.649623969179006 0.1771266533788418 0.21084335337918603 0.0 3.1148157007246886 3.1271236 24.0936225272678 13.891412958811909 3.5235219665961433 0.032291559843501697 2.256758334191025 34.73627512356998 21.96019868988153 27.54804188527579
232 6187.916886408017 427.857783410614 214.99619217025636 52.96131720691991 6181 6195 419 436 225.0 4.011985597103648 3.2873657991014955 75.87103743289592 0.5732418227478486 0.2819542861268804 1.5072546249470036 0.0 155.41729772173687 9.504894 247.2682879843344 23.751346410975085 2.259040741592096 0.26552570188024327 8.462843753216344 283.72891121119113 38.39138266266108 25.26774102128096
233 8079.769475269215 430.16788419011345 214.97919671704258 52.949329112109965 8072 8087 422 438 217.0 3.230584093960584 3.1510534758720645 -21.868083463286652 0.22052213896550452 0.4514474269732152 7.1070720037731565 0.0 459.2278020762238 9.684455 529.1453422853826 16.502111095444896 1.7479855058777034 0.4138481395825378 8.311031542587394 585.2678135481985 26.53224260321989 24.48161339748308
234 3120.203867038134 426.58458757437273 215.02374490049777 52.98076454449583 3117 3124 423 430 57.0 2.0958000507226204 2.0073449797268226 -44.12563277693186 0.2874550582036396 0.20815555569394983 0.3349002105262184 0.0 15.261216053456241 6.0620456 92.62022700548667 22.894259245955336 3.2646262294706543 0.07876860903355294 4.259537945889915 227.33345446301522 35.558545149101995 25.508341621646906
235 3178.2620669554776 431.4362775477271 215.0231723802589 52.9804226570538 3170 3188 424 438 198.0 4.337669875275517 2.7960912486023677 -29.988113061585683 0.7645143212825214 0.28506864417600697 1.4118774775078529 0.0 138.48299402733826 10.736912 228.10841131847712 27.2357195036414 2.2917855144094568 0.23780285347510863 7.938851142601841 307.0974467047064 43.38540837541419 25.181809485973623
236 4325.167539042631 426.8521417364254 215.01292199471555 52.973125354959194 4324 4326 426 428 8.0 0.8468740412455779 0.6880492408862141 46.28169976871955 0.5830202978532221 0.13382006479977585 0.16523706432056956 0.0 1.2030405576933734 2.0539887 9.563516862541537 8.860230151316848 3.560194217592862 0.04993807258256268 1.5957691216057308 14.93398562691064 14.425656576780979 28.46456067747662
237 2784.0146713901813 428.52403069905705 215.02674399979153 52.98290662045355 2783 2785 427 430 10.0 1.0702254370256625 0.6735451215758858 63.23895065104206 0.7771229350108307 0.16522693419161472 0.20095162474410352 0.0 1.865073560824218 2.6810334 15.688210098774116 11.37927842797144 3.6288463566215827 0.034617858139722936 1.7841241161527712 28.298563671536208 17.808013605873874 27.77058901766952
238 9953.786860514198 427.62070483728183 214.96242165691638 52.937425505643056 9952 9955 427 429 8.0 0.9847810256413131 0.6613621271465931 16.294796840207095 0.7409293943412092 0.267818994843072 0.3037722235025433 0.0 2.292858031129338 1.7432998 46.1954586770818 8.791871995661154 3.935490673891392 0.0270165905579395 1.5957691216057308 98.06528124703735 14.045741364890802 26.421211804476485
239 2390.489908998779 432.19231088373255 215.03024023491955 52.98542148190721 2389 2392 431 433 10.0 1.0090650209567862 0.7439861155972858 -0.3035044207553171 0.6755627966384581 0.14045577311997767 0.162713586720199 0.0 1.5166684515942155 1.9694049 11.817026496597315 8.765185044649767 3.5931515355392865 0.026807560558863696 1.7841241161527712 12.571758737245725 14.061538995488904 28.651509905138422
240 2420.6006162882227 434.6074335970782 215.02994431413714 52.985243638797336 2419 2422 433 436 13.0 1.0666457078221319 0.9133315633774443 45.82097680306795 0.5165365104320576 0.1493413284894454 0.17094707947035778 0.0 2.1022172021140997 2.8150811 17.678742664361558 12.16605615961313 3.573876803451924 0.023994521233160673 2.0342144725641096 29.25793044983622 19.596019487128885 27.73439099200689
241 6593.6251752700655 437.7574006207426 214.9924476760979 52.95879738950266 6588 6600 433 443 106.0 3.1422844103866057 2.2319894673567586 -29.863328037242113 0.7038910960981516 0.20373440868794282 0.6296352849498525 0.0 41.01284291978603 7.904924 83.15640984873727 22.00290115293327 2.4538812518955067 0.17153625337757178 5.808687281605183 80.95171672809393 35.321915876621524 26.629434842025358
242 6208.859841535653 435.69764411122105 214.99592169476543 52.96122674736378 6208 6210 434 437 9.0 0.9619216206472977 0.6953530895424643 -69.51875839093624 0.6909744752259144 0.13662814961404526 0.15974946842973678 0.0 1.3522303018279018 2.0591254 14.562704561239585 9.162865173408104 3.702889443628468 0.032787786625693566 1.692568750643269 22.933879259915066 14.448434274880682 27.998806195634792
243 9056.359650367478 436.9652129457586 214.9703681866781 52.94317008308996 9054 9059 434 440 32.0 1.5790282270981641 1.488402042264818 88.14839667398718 0.33390606269502937 0.20087339395986628 0.3235763064630165 0.0 8.287883244806775 4.4777083 27.754243072663307 15.401946760906789 2.934534035201119 0.07979373591369665 3.1915382432114616 34.67606904958372 24.628337637019996 27.549925352300125
