outputs/dr0.5_c0.1/nircam6_f140w_dr0.5_c0.1.ecsv
# %ECSV 1.0
# ---
# datatype:
# - {name: label, datatype: int64}
# - {name: xcentroid, datatype: float64}
# - {name: ycentroid, datatype: float64}
# - {name: sky_centroid.ra, unit: deg, datatype: float64}
# - {name: sky_centroid.dec, unit: deg, datatype: float64}
# - {name: bbox_xmin, datatype: int64}
# - {name: bbox_xmax, datatype: int64}
# - {name: bbox_ymin, datatype: int64}
# - {name: bbox_ymax, datatype: int64}
# - {name: area, unit: pix2, datatype: float64}
# - {name: semimajor_sigma, unit: pix, datatype: float64}
# - {name: semiminor_sigma, unit: pix, datatype: float64}
# - {name: orientation, unit: deg, datatype: float64}
# - {name: eccentricity, datatype: float64}
# - {name: min_value, datatype: float64}
# - {name: max_value, datatype: float64}
# - {name: local_background, datatype: float64}
# - {name: segment_flux, datatype: float64}
# - {name: segment_fluxerr, datatype: float32}
# - {name: kron_flux, datatype: float64}
# - {name: kron_fluxerr, datatype: float64}
# - {name: kron_radius, unit: pix, datatype: float64}
# - {name: gini, datatype: float64}
# - {name: equivalent_radius, unit: pix, datatype: float64}
# - {name: kron4_2_flux, datatype: float64}
# - {name: kron4_2_fluxerr, datatype: float64}
# - {name: radius_kron20, unit: pix, datatype: float64}
# - {name: radius_kron50, unit: pix, datatype: float64}
# - {name: radius_kron80, unit: pix, datatype: float64}
# - {name: near_border, datatype: bool}
# meta:
#   PHOTMJSR: 0.3925000131130219
#   PIXAR_SR: 2.11539874851881e-14
#   __serialized_columns__:
#     area:
#       __class__: astropy.units.quantity.Quantity
#       unit: !astropy.units.Unit {unit: pix2}
#       value: !astropy.table.SerializedColumn {name: area}
#     eccentricity:
#       __class__: astropy.units.quantity.Quantity
#       unit: !astropy.units.Unit {unit: ''}
#       value: !astropy.table.SerializedColumn {name: eccentricity}
#     equivalent_radius:
#       __class__: astropy.units.quantity.Quantity
#       unit: !astropy.units.Unit {unit: pix}
#       value: !astropy.table.SerializedColumn {name: equivalent_radius}
#     kron_radius:
#       __class__: astropy.units.quantity.Quantity
#       unit: &id001 !astropy.units.Unit {unit: pix}
#       value: !astropy.table.SerializedColumn {name: kron_radius}
#     orientation:
#       __class__: astropy.units.quantity.Quantity
#       unit: &id002 !astropy.units.Unit {unit: deg}
#       value: !astropy.table.SerializedColumn {name: orientation}
#     radius_kron20:
#       __class__: astropy.units.quantity.Quantity
#       unit: *id001
#       value: !astropy.table.SerializedColumn {name: radius_kron20}
#     radius_kron50:
#       __class__: astropy.units.quantity.Quantity
#       unit: *id001
#       value: !astropy.table.SerializedColumn {name: radius_kron50}
#     radius_kron80:
#       __class__: astropy.units.quantity.Quantity
#       unit: *id001
#       value: !astropy.table.SerializedColumn {name: radius_kron80}
#     semimajor_sigma:
#       __class__: astropy.units.quantity.Quantity
#       unit: !astropy.units.Unit {unit: pix}
#       value: !astropy.table.SerializedColumn {name: semimajor_sigma}
#     semiminor_sigma:
#       __class__: astropy.units.quantity.Quantity
#       unit: !astropy.units.Unit {unit: pix}
#       value: !astropy.table.SerializedColumn {name: semiminor_sigma}
#     sky_centroid:
#       __class__: astropy.coordinates.sky_coordinate.SkyCoord
#       dec: !astropy.table.SerializedColumn
#         __class__: astropy.coordinates.angles.Latitude
#         unit: *id002
#         value: !astropy.table.SerializedColumn {name: sky_centroid.dec}
#       frame: icrs
#       ra: !astropy.table.SerializedColumn
#         __class__: astropy.coordinates.angles.Longitude
#         unit: *id002
#         value: !astropy.table.SerializedColumn {name: sky_centroid.ra}
#         wrap_angle: !astropy.coordinates.Angle
#           unit: *id002
#           value: 360.0
#       representation_type: spherical
#   astropy version: '5.1'
#   make_catalog parameters:
#     ab_zpt: 31.4
#     coadd_bands: !!python/tuple [f277w, f356w]
#     deblend_contrast: 0.001
#     deblend_nlevels: 32
#     deblend_npixels: 1
#     detect_kernel_fwhm: 4.0
#     detect_kernel_npix: 7
#     detect_npixels: 4
#     detect_threshold_nsigma: 3.0
#     flag_isolated_buffer: 4
#     hst_bands: !!python/tuple [f606w, f814w, f125w, f140w, f160w]
#     jwst_bands: !!python/tuple [f115w, f150w, f200w, f277w, f356w, f410m, f444w]
#     near_border_kernelsize: 21
#     reference_band: f200w
#   make_catalog version: 1.4.0
#   photutils version: 1.5.0
# schema: astropy-2.0
label xcentroid ycentroid sky_centroid.ra sky_centroid.dec bbox_xmin bbox_xmax bbox_ymin bbox_ymax area semimajor_sigma semiminor_sigma orientation eccentricity min_value max_value local_background segment_flux segment_fluxerr kron_flux kron_fluxerr kron_radius gini equivalent_radius kron4_2_flux kron4_2_fluxerr radius_kron20 radius_kron50 radius_kron80 near_border
[from data line 5096]
5097 630.4063636753383 3880.5774597582135 214.88101206083854 52.8697517771755 622 632 3872 3882 81.0 1.0397449948863882 0.8652062868444954 -76.12892663022507 0.5545758795516482 -0.163584656589072 0.16061456648574476 0.0 -5.857753703521411 7.3978643 1.921258733663555 4.918433972107346 1.4 -0.2634149532835419 5.077706251929807 -0.14320547891585508 7.780203827434282 0.9638906536547649 1.661648496069509 2.274311740093483 False
5098 625.5122169807254 3886.1032774814566 214.8809976591784 52.869812672696796 621 631 3880 3890 79.0 2.8750655820888507 2.000851184746612 -12.387462548306795 0.718107335935367 -0.1657976305186337 0.2534339865018564 0.0 6.844602405283319 7.4223394 50.28517972797151 27.21697572345959 3.0694630603075352 0.3089605370862574 5.014626706796775 98.35061607023101 43.706392330344606 5.452385690769741 9.599750635306568 15.829552501377915 False
5099 9018.073194913462 3882.554181010814 214.80611942046065 52.81646572005206 9013 9022 3872 3889 119.0 4.233806312001215 2.078252351387743 69.0607006052816 0.8712323174955322 -0.08876835881293718 0.9272957192405039 0.0 50.211760924371546 14.076797 169.60150845522406 49.00194998502565 2.8411448314586494 0.33300989834014894 6.154581744998688 237.3500151041435 78.60197462967987 4.812620007241024 8.367973303154912 12.746530148317522 False
5100 8970.741836664298 3906.533085227867 214.80628918476984 52.81689580884868 8930 9025 3883 3934 3339.0 17.643492223011254 8.787248863192916 -2.56208616034786 0.8671513225953223 -0.19742692828203065 9.480022090416968 0.0 7364.152230626588 76.34682 8596.033041966499 120.5678457020338 1.6604642145946034 0.4693773404962794 32.60117651201682 9065.996547674158 197.15176097670064 8.860411960909111 17.667840654076777 31.244495164308617 False
5101 8933.721211178847 3904.406503953256 214.8066416154596 52.81711968880544 8920 8941 3892 3913 231.0 5.403313956914194 2.824195326105593 45.43122176628368 0.8525299540759653 0.28108204157211386 3.36835492652524 0.0 423.6972853939445 20.732683 536.0715361473877 33.06319537537163 1.8693189624708695 0.325571259514688 8.574939283076915 646.9778927626023 55.937152641974826 3.4624854488947046 5.885946657480957 10.411121818329136 False
5102 8916.6436899557 3910.631303854633 214.8067283982283 52.81726179067477 8897 8934 3896 3926 705.0 8.616937555416694 5.717366744717993 -14.693405653208913 0.7481733313913135 0.23215985456670016 3.337433388825541 0.0 895.4435297781092 35.68911 1917.5171410240823 99.0268610916078 2.5916175760651985 0.32536709242194006 14.980269348699055 2181.253111949835 166.61272115183323 8.586803005948791 15.288841673157851 35.42759733719189 False
5103 8885.764758934685 3913.7791717372784 214.80697059668375 52.8174750475463 8868 8900 3901 3924 521.0 7.718524089049581 4.850995023709142 -6.117137941951481 0.7778197775962427 0.11725611793547916 1.5276374283915495 0.0 418.370053742316 30.57874 1034.326338912918 101.11497680597185 2.7942334364190065 0.2005683922443164 12.877866698399815 1164.4141063770776 161.59579697746693 8.001926347073931 16.18365846924005 27.13779103139823 False
5104 8931.33621697883 3921.6245382635575 214.80648177179378 52.8172276257716 8909 8946 3913 3935 565.0 7.873980626045963 4.862016734529995 -11.002682093277963 0.7865874606906954 0.05831324027435209 2.5259502854540643 0.0 719.2082152780154 31.758532 1427.5331559804222 87.07273238521341 2.6108973893790877 0.30442014593099503 13.410633306963609 2049.114513811571 148.0679444966913 7.083225437799798 13.744926999063718 34.761914751191945 False
5105 8650.539511795636 3953.8291054751744 214.80864661961368 52.81918614579824 8560 8739 3873 4032 20256.0 17.76320712163211 17.523111448253132 23.717696585186804 0.16386038184015916 -0.5065302019724961 171.60881915338388 0.0 62339.231227996155 188.98497 60487.3401101133 144.2053082039179 1.4 0.816626377539371 80.29747850673061 63387.43488555486 233.68431667131196 5.655451100189187 12.450530513281166 27.194199134911166 False
5106 8730.000118732283 4011.2355577635944 214.80733428132203 52.81899035669555 8719 8739 3998 4023 349.0 5.718059637281468 3.5087786869702136 -53.12831402214096 0.7895929258859281 -0.451030037419423 1.0942381486437984 0.0 132.74778849367613 25.192593 179.932189395538 38.56042491403973 1.4 0.37626229928071825 10.539931227391522 86.31889498788591 64.44037330574463 3.6367914951338465 7.373705420533573 11.832667028669146 False
5107 7433.702661053272 3897.2107846720687 214.82009393277912 52.826615691494524 7428 7439 3890 3904 117.0 3.8267892299616495 2.492839421685698 84.74630851739421 0.758719037148863 -0.14645569548795995 0.5761333920083759 0.0 29.467442410082036 14.037877 133.94439515282244 62.3963439345784 3.5190753823115988 0.2877938168138281 6.102643417692329 163.07652374202263 100.06258430047585 5.851745335907471 11.235180087163922 15.158080225296587 False
5108 7429.911954630429 3905.1459726648877 214.82004427336298 52.826682551522175 7425 7435 3899 3911 66.0 2.6159880182633297 2.0684961990778903 -55.80942832849829 0.6121867937247644 0.27685597317609867 0.9460173857815851 0.0 40.18741378051293 10.296766 151.3218780311841 39.27938888836448 2.9595336701004347 0.1621467007183178 4.583497844237541 203.1276517582602 62.9441419420509 3.800523969828804 7.6310212266759425 13.485900625526524 False
5109 8085.033863703712 3951.441286541264 214.81371442879953 52.82276797460005 8035 8125 3904 3987 5006.0 14.600025064170852 12.519055701733276 3.930390932751967 0.514537135058984 -0.27053638732555574 16.117353876784847 0.0 7093.154827985963 94.74195 7710.372024267551 126.43685611442088 1.5725650095739527 0.5968374964472893 39.91815740031166 8206.559517298088 203.80291487256426 7.189557075761137 15.250000875660602 28.927417602627653 False
5110 8069.189190738521 3917.748946201728 214.81421013660866 52.82268712365241 8053 8080 3908 3928 390.0 5.928853369987512 4.594913760037694 3.782588545658964 0.6319503946192769 -0.2286973487720416 0.6957144229869665 0.0 111.96215184793266 25.41812 387.62279156532026 100.01826166707083 3.3203423420894858 0.2938071387305905 11.141851534268367 454.30129510908114 168.20288644339806 8.422861646910766 27.028209070805968 34.19979248876482 False
5111 8038.687274842224 3926.9087828862234 214.8143858005415 52.8229303672344 8033 8044 3918 3936 133.0 4.463095895522932 2.1708458028302484 -68.52042844480115 0.8737367571201826 -0.25453377025105534 0.6830794662501585 0.0 27.890628479305267 14.728479 227.98462802881102 67.09550768891083 3.763193675549384 0.3386488608904002 6.506551687525748 301.90514329451594 109.15940367276121 9.55931458853676 16.503260058361622 20.6714650574171 False
5112 8119.491897592194 3931.0126864111444 214.81362202433448 52.82243885695867 8113 8125 3921 3938 140.0 3.123710049782118 2.4111836603089483 47.885655525258954 0.6357471247103472 -0.2851736859739486 0.7962579019883274 0.0 36.835248971441786 16.647882 154.35591120474297 57.561240028847934 3.127921451430971 0.39472772847645804 6.6755811781245455 249.21664360173742 93.85010251681985 4.703268191146109 11.937030966031749 17.40805229378008 False
5113 6847.175566223789 3923.76095303553 214.82504667748165 52.83048660940762 6842 6852 3916 3933 147.0 2.9392064462610215 2.210951588156893 -64.32175205626794 0.6589036018968325 -0.2549532840601328 0.5781449035914416 0.0 23.489507417348754 15.316919 108.23347313256977 48.14764649281228 3.305648927857463 0.466037155285914 6.840435166640879 196.42773225880282 76.7801804423193 4.757211138473004 14.194832626333849 20.045833942224125 False
5114 6857.267584988771 3939.3990904583675 214.82479214130333 52.83050675693806 6849 6867 3931 3944 184.0 4.206775746420574 2.5001409296177184 32.59927849750816 0.8042339356182105 -0.11892848776557187 0.6264328631567582 0.0 36.20348090194768 17.491257 243.4030552119545 63.39587935291985 3.4770491201697915 0.46937779582367195 7.653039857325812 386.2997870014764 102.23037175738972 7.135616216661676 16.988692617530262 24.897623496612677 False
5115 769.042703616562 3938.9058736724637 214.87915930988032 52.86918590699732 758 779 3921 3961 620.0 7.527872535171457 4.567139459545575 -85.33502835231103 0.7949329933466589 -0.16440663848610082 0.7824465382102299 0.0 123.97425786315601 20.824205 148.22126271398992 45.796283704481205 2.091201684344106 0.42190878595401377 14.048207338801282 217.6018605558493 73.69003041311315 4.4648032731982745 8.32068825297828 12.163028916184047 False
5116 814.6437050362409 3951.019869126838 214.87862431271756 52.86896162235123 807 821 3944 3958 176.0 3.7424120996231833 3.164051099034778 53.76367706700074 0.534042404481564 0.07668572817465819 0.6095646063678157 0.0 46.64355585843718 11.266408 128.222775338284 33.54139983061982 2.615653801698072 0.2488219962902505 7.48482063701911 93.17288776815332 53.68904810312925 4.780638841547031 8.985288906199585 12.372572048305004 False
5117 789.7704837997974 3958.858572352285 214.87876412259743 52.86916189262853 775 807 3948 3969 474.0 5.020954932818214 4.333016657339394 -3.7947672485116004 0.5052268661461767 -0.16468765215112946 2.5008319159818457 0.0 281.0178329149547 18.11575 427.49570493181244 39.407356038976445 2.2792390012794264 0.45390176867040505 12.283276682185287 432.5790667289707 63.24885165517886 3.8382577890770886 8.191187061818585 18.458817205320923 False
5118 6641.742808004291 3931.861228226794 214.82679421175078 52.831835897824526 6638 6645 3929 3935 39.0 2.0808822565023624 1.4500627869912215 -49.6693385720715 0.7172169033911333 0.1992184082796504 0.4535168001434015 0.0 12.802317537821024 7.702605 89.58525035409355 33.670662523548934 3.5016038902235387 0.1343889099133363 3.523362819972964 182.1565572141695 53.02757189600649 4.215203153252084 6.88699897040696 8.938719250100126 False
5119 6631.7624854073 3943.234247400387 214.82676361393928 52.83196062851782 6622 6642 3934 3953 317.0 4.449955942881868 4.198344235549998 59.096012778069486 0.33149355473508046 -0.22390276180929436 1.0329361811110276 0.0 118.23461938676618 19.864882 337.05290968822237 71.39716574708085 3.296069825895908 0.3435644730916808 10.045109950630787 514.4054920563296 114.50742423185703 6.019547514238903 14.260157666783112 22.081320354440304 False
5120 6989.067114087637 3953.176013349689 214.8234714439933 52.82974334269433 6974 7006 3941 3969 685.0 6.407141733943654 5.315721085190493 -38.05456678168498 0.5582755308911338 -0.4509758678765697 1.2029821615629503 0.0 175.48868897292465 33.953526 373.6394176617239 88.79520132831901 2.64822462318481 0.4462104448862618 14.766254502611575 767.7377918468376 142.94723132981193 5.934574312807781 17.306823400985266 34.594412015202785 False
5121 6982.111396413607 3970.3171470260477 214.8233531788869 52.829879937912715 6976 6988 3966 3976 108.0 2.884659721514259 2.614555596205529 70.82551551773905 0.4224948119104525 0.045683592969458856 0.5931223830383533 0.0 30.15771311310919 13.767306 201.33654929803996 52.147438250851096 3.320049870262733 0.30520811993840696 5.863230142835039 403.1216979700828 83.82013386334849 7.311563657163196 13.968330031872341 20.38978175606767 False
5122 9423.64662425478 3971.346442174522 214.80156981255936 52.81436584384854 9388 9455 3945 3995 2121.0 11.144091284063064 9.214523940325723 20.818556317613343 0.5624182782552232 -0.1987892224135806 6.990506704846116 0.0 3230.3849892080525 72.42911 3692.4071438772608 109.88808367976091 1.579593360067595 0.4492502401042124 25.98336522846531 3853.9686266468016 166.8969295928453 7.276143403240754 13.65802270516241 21.291141219004487 False
5123 9399.880557125221 3978.394161094631 214.80170754196607 52.81455490438064 9378 9412 3955 3995 760.0 9.299760165240295 5.082608904733822 44.79669975726755 0.8374387549894753 -0.19501674485830822 2.745868891717425 0.0 534.9418907728007 41.612175 803.5593381084431 84.29537522895751 1.825405481171228 0.49956026179942487 15.553633450087505 916.5426981403793 131.43084023583242 6.263233294599335 10.874132916906241 18.751547653291258 False
5124 9413.412674211355 3999.304793848334 214.80136696322447 52.814581539444944 9408 9420 3995 4002 73.0 3.336783620617443 1.7553354285912193 21.957662123591035 0.8504498596054133 -0.22033320372751922 0.401496697748029 0.0 13.951302157384717 13.374075 123.09596972806422 57.406465191916375 3.498472726309963 0.2571988968448069 4.820437914901168 273.02048631696226 87.42586741514455 6.856836654312531 10.045898105246843 12.292902909132943 False
5125 1533.6122382158699 3992.3360030926715 214.87176494192948 52.86461775227856 1527 1539 3985 3998 108.0 3.309544818686677 2.584143010446787 45.78280605933369 0.6247620115720539 0.040378299703893165 0.5343335080431789 0.0 36.5646856331794 10.894724 52.56307900545773 16.22263931622467 1.4 0.15692562666707907 5.863230142835039 35.713016101366414 26.501504927915246 3.1112231519896545 4.8326612150024575 6.755312959574343 False
5126 1560.8638167965848 4058.2088837446904 214.87082833982967 52.864799966354965 1516 1615 3971 4125 8938.0 27.510838300361346 11.528794193953782 67.75888150874938 0.9079568271321605 -0.2760445417518174 10.526394573932578 0.0 9132.807935657274 99.366325 9528.465238388628 115.2287922623853 1.4 0.6333938937017526 53.33904538619642 9985.877843185675 186.03658906474936 10.111328396122332 21.97591674598384 40.25340508013969 False
5127 1647.98021816651 4087.2739648961833 214.8697441522614 52.86440336291027 1616 1672 4057 4121 2262.0 14.080203916773394 6.6741758364663895 -52.97852068814097 0.8805187576173672 -0.17332416473696075 3.8376642619842714 0.0 1431.6938438673656 49.6268 1813.0518679258723 85.83760191880815 1.8958485435862178 0.5291587155030286 26.83313180655092 1972.676166974804 137.4746905052053 7.036086368623722 15.211253913796703 29.546099938800886 False
5128 1612.7947753453718 4091.014708714058 214.87001916231137 52.86464704495041 1608 1622 4083 4104 200.0 3.614175961017514 3.1455331983638724 -76.71040541044165 0.4924653395211145 -0.18455109533412337 0.6140136889523197 0.0 39.520897061683335 14.776465 36.76348149766092 22.485275071422457 1.9380110783485787 0.4780894662335523 7.978845608028654 67.42973939248337 33.441297086785845 2.2417774061035964 3.824417261753198 5.339428624510851 False
5129 1561.9640159975913 4118.770338206888 214.87018127519872 52.86511964224538 1521 1605 4084 4224 6548.0 20.31905787828239 9.606414002074748 77.85919248505863 0.881181295828639 -0.32760542065071346 35.8720331016085 0.0 6453.753012769784 85.49421 6798.452068459748 89.89987587709197 1.4376267161946257 0.7753975887897161 45.654059345598846 7446.665541625934 140.6960541194836 6.629859497435203 11.588325021546515 23.508625679784746 False
5130 1548.4251660958619 4173.35941916667 214.8697278418613 52.865500090906956 1524 1564 4153 4204 1084.0 12.36076645207231 7.731628847132707 54.598329123071906 0.7802261491155958 -0.4110408656905613 0.7522868526186646 0.0 241.66536953566222 34.888405 1085.0454475445085 141.6483022347492 3.202087195897316 0.40135967722225036 18.575465448360347 1465.0499029440725 237.61683617209133 15.492069393641183 35.62704117789998 64.17452054907284 False
5131 1610.1385433800986 4170.242351247387 214.86920924566544 52.865091260402075 1600 1621 4157 4182 248.0 5.499663355691575 3.7905630302366964 -41.4110355075633 0.7245374205677638 -0.16274010813975398 0.6252074725762238 0.0 49.43419817786523 16.65081 248.96558187263372 82.45359350329875 3.878792576909584 0.4069731358237668 8.884866446580956 618.8467586152794 133.39556228093406 8.823298090905865 24.209924568255314 30.408999189560447 False
5132 1541.6937882381528 4180.273097362557 214.86971523762557 52.86558014148411 1531 1547 4174 4191 180.0 3.2554323296067746 2.6877778081793062 29.98929573650721 0.5642140823914169 -0.3086388306182008 0.5534876640084478 0.0 17.054755395501424 14.249862 116.67534464479752 34.53372413190442 3.2407606937867968 0.485032246044022 7.569397566060481 396.7469158677487 63.03872053395945 5.771751229727031 19.806916267703293 22.772268394684307 False
